execute if entity @s[tag=aj.alumopper.bone.leftarm] run data modify entity @s {} merge value {transformation:[-0.9238795325112867f,-0.3760544164230436f,0.07092027422007255f,0.270104375f,2.7755575615628914e-17f,-0.18532360750964738f,-0.982677546553095f,0.7302f,0.38268343236508967f,-0.9078756723188117f,0.1712166878693182f,0.006765000000000033f,0f,0f,0f,1f],start_interpolation:0}
execute if entity @s[tag=aj.alumopper.bone.rightarm] run data modify entity @s {} merge value {transformation:[-0.9238795325112867f,0.3623100148406478f,0.1231992798391932f,-0.25f,0f,0.3219352326746615f,-0.9467616943892013f,0.6875f,-0.3826834323650898f,-0.874693751611889f,-0.29742937226237864f,-3.061616997868383e-17f,0f,0f,0f,1f],start_interpolation:0}
execute if entity @s[tag=aj.alumopper.bone.head] run data modify entity @s {} merge value {transformation:[-0.954864544746643f,0f,-0.2970415815770348f,0f,0f,1f,0f,0.8125f,0.2970415815770348f,0f,-0.954864544746643f,0f,0f,0f,0f,1f],start_interpolation:0}