execute if entity @s[tag=aj.alumopper.bone.leftarm] run data modify entity @s {} merge value {transformation:[-0.9238795325112867f,-0.3572657620008134f,-0.13714147698163479f,0.2701044953521819f,0f,0.3583679495453004f,-0.9335804264972016f,0.7301997904143127f,0.3826834323650896f,-0.8625158479939223f,-0.3310888136929405f,0.006764799191975512f,0f,0f,0f,1f],start_interpolation:0}
execute if entity @s[tag=aj.alumopper.bone.rightarm] run data modify entity @s {} merge value {transformation:[-0.9238795325112867f,0.2634218917107008f,0.2775887540486503f,-0.25f,2.7755575615628914e-17f,0.7253743710122875f,-0.6883545756937539f,0.6875f,-0.38268343236508984f,-0.6359567035939506f,-0.6701585347865009f,-3.061616997868383e-17f,0f,0f,0f,1f],start_interpolation:0}
execute if entity @s[tag=aj.alumopper.bone.head] run data modify entity @s {} merge value {transformation:[-0.9930684569549263f,0f,-0.11753739745783752f,0f,0f,1f,0f,0.8125f,0.11753739745783752f,0f,-0.9930684569549263f,0f,0f,0f,0f,1f],start_interpolation:0}