execute if entity @s[tag=aj.alumopper.bone.leftarm] run data modify entity @s {} merge value {transformation:[-0.9238795325112867f,-0.30562457819354205f,-0.23030463870870177f,0.2701044953521819f,-2.7755575615628914e-17f,0.6018150231520483f,-0.7986355100472928f,0.7301997904143127f,0.38268343236508967f,-0.737843001669406f,-0.5560045822479837f,0.006764799191975512f,0f,0f,0f,1f],start_interpolation:0}
execute if entity @s[tag=aj.alumopper.bone.rightarm] run data modify entity @s {} merge value {transformation:[-0.9238795325112867f,0.18844233815783196f,0.3330707051007873f,-0.25f,-1.3877787807814457e-17f,0.8703556959398996f,-0.49242356010346716f,0.6875f,-0.38268343236508984f,-0.4549400485059348f,-0.8041038134834901f,-3.061616997868383e-17f,0f,0f,0f,1f],start_interpolation:0}
execute if entity @s[tag=aj.alumopper.bone.head] run data modify entity @s {} merge value {transformation:[-0.9510565162951536f,0f,0.30901699437494745f,0f,0f,1f,0f,0.8125f,-0.30901699437494745f,0f,-0.9510565162951536f,0f,0f,0f,0f,1f],start_interpolation:0}