execute if entity @s[tag=aj.alumopper.bone.leftarm] run data modify entity @s {} merge value {transformation:[-0.9238795325112867f,-0.3380147587175465f,0.17942305396978658f,0.270104375f,0f,-0.46885503472387713f,-0.8832751306439415f,0.7302f,0.3826834323650896f,-0.8160398147781704f,0.4331655702962587f,0.006765000000000033f,0f,0f,0f,1f],start_interpolation:0}
execute if entity @s[tag=aj.alumopper.bone.rightarm] run data modify entity @s {} merge value {transformation:[-0.9238795325112867f,0.38190292161965816f,0.024428832659289836f,-0.25f,0f,0.06383561605558097f,-0.9979604271326618f,0.6875f,-0.38268343236508995f,-0.9219952128840877f,-0.0589764191190002f,-3.061616997868383e-17f,0f,0f,0f,1f],start_interpolation:0}
execute if entity @s[tag=aj.alumopper.bone.head] run data modify entity @s {} merge value {transformation:[-0.9274451533346613f,0f,-0.37395920573780034f,0f,0f,1f,0f,0.8125f,0.37395920573780034f,0f,-0.9274451533346613f,0f,0f,0f,0f,1f],start_interpolation:0}