execute if entity @s[tag=aj.alumopper.bone.leftarm] run data modify entity @s {} merge value {transformation:[-0.9238795325112867f,-0.3134759159373912f,0.21949819938655474f,0.2701044953521819f,-2.7755575615628914e-17f,-0.5735764363510463f,-0.8191520442889917f,0.7301997904143127f,0.3826834323650896f,-0.7567978077333786f,0.5299155298754945f,0.006764799191975512f,0f,0f,0f,1f],start_interpolation:0}
execute if entity @s[tag=aj.alumopper.bone.rightarm] run data modify entity @s {} merge value {transformation:[-0.9238795325112867f,0.3823192025331841f,-0.016692416874629166f,-0.25f,2.7755575615628914e-17f,-0.04361938736533566f,-0.9990482215818577f,0.6875f,-0.38268343236508984f,-0.923000203911279f,0.040299059207514976f,-3.061616997868383e-17f,0f,0f,0f,1f],start_interpolation:0}
execute if entity @s[tag=aj.alumopper.bone.head] run data modify entity @s {} merge value {transformation:[-0.9238795325112867f,0f,-0.3826834323650896f,0f,0f,1f,0f,0.8125f,0.3826834323650896f,0f,-0.9238795325112867f,0f,0f,0f,0f,1f],start_interpolation:0}