execute if entity @s[tag=aj.alumopper.bone.leftarm] run data modify entity @s {} merge value {transformation:[-0.9238795325112867f,-0.29520295765856097f,-0.2435196566940007f,0.270104375f,0f,0.6363475293115821f,-0.7714025031972901f,0.7302f,0.3826834323650896f,-0.7126829840319487f,-0.5879084578950968f,0.006765000000000033f,0f,0f,0f,1f],start_interpolation:0}
execute if entity @s[tag=aj.alumopper.bone.rightarm] run data modify entity @s {} merge value {transformation:[-0.9238795325112867f,0.17548790934040262f,0.34007440815512846f,-0.25f,0f,0.8886572539954872f,-0.4585720062555063f,0.6875f,-0.38268343236508984f,-0.4236652907621f,-0.8210122483841146f,-3.061616997868383e-17f,0f,0f,0f,1f],start_interpolation:0}
execute if entity @s[tag=aj.alumopper.bone.head] run data modify entity @s {} merge value {transformation:[-0.9370993491224588f,0.003700999529126701f,0.3490431384180894f,0f,2.168404344971009e-19f,0.9999437900452854f,-0.010602676542742702f,0.8125f,-0.34906275921997776f,-0.009935761287160146f,-0.9370466748104817f,0f,0f,0f,0f,1f],start_interpolation:0}