execute if entity @s[tag=aj.alumopper.bone.leftarm] run data modify entity @s {} merge value {transformation:[-0.9238795325112867f,-0.3205081050653331f,0.2090960640331508f,0.270104375f,-2.7755575615628914e-17f,-0.5463943467342685f,-0.8375280400421419f,0.7302f,0.3826834323650896f,-0.7737750140992283f,0.5048025536276657f,0.006765000000000033f,0f,0f,0f,1f],start_interpolation:0}
execute if entity @s[tag=aj.alumopper.bone.rightarm] run data modify entity @s {} merge value {transformation:[-0.9238795325112867f,0.38264082461808324f,-0.005710406493368571f,-0.25f,-2.7755575615628914e-17f,-0.01492201127724968f,-0.9998886605914887f,0.6875f,-0.3826834323650898f,-0.9237766683106012f,0.013786140802953595f,-3.061616997868383e-17f,0f,0f,0f,1f],start_interpolation:0}
execute if entity @s[tag=aj.alumopper.bone.head] run data modify entity @s {} merge value {transformation:[-0.9370993491224588f,-0.0004112297798775082f,-0.349062516985614f,0f,2.710505431213761e-20f,0.9999993060435208f,-0.0011780969725800898f,0.8125f,0.3490627592199775f,-0.0011039939062079413f,-0.9370986988162939f,0f,0f,0f,0f,1f],start_interpolation:0}