execute if entity @s[tag=aj.dimension_slash.bone.small_group1] run data modify entity @s {} merge value {transformation:[0.6765318611487352f,-4.5449048757314285f,0.7212665606860527f,0.05898167659270224f,-4.093808140869762f,-0.2614606334062164f,2.192362739851198f,1.1869387053990823f,-2.1016947177836416f,-0.953708104134634f,-4.03824235348856f,0.51178331073745f,0f,0f,0f,1f],start_interpolation:0}
execute if entity @s[tag=aj.dimension_slash.bone.small_group2] run data modify entity @s {} merge value {transformation:[0.6368486679705756f,-4.278315305428309f,0.6789593732432444f,0.05898167659270224f,-3.8536784609273984f,-0.24612418967047664f,2.0637657599921995f,1.1869387053990823f,-1.9784160338415258f,-0.8977666398735287f,-3.8013719847499594f,0.51178331073745f,0f,0f,0f,1f],start_interpolation:0}
execute if entity @s[tag=aj.dimension_slash.bone.small_group3] run data modify entity @s {} merge value {transformation:[1.4129214809717592f,2.7000833730589058f,-3.2199054995581573f,0.015783281972759793f,-3.7405281705848035f,2.356106979786204f,0.3343615764553413f,1.1216843766950972f,1.9148604786290644f,2.6101529528514296f,3.029026191542569f,0.4716956118993862f,0f,0f,0f,1f],start_interpolation:0}
execute if entity @s[tag=aj.dimension_slash.bone.small_group4] run data modify entity @s {} merge value {transformation:[1.3494889845449318f,2.578864302346003f,-3.0753492401721294f,0.015783281972759793f,-3.572598782426673f,2.250330579901816f,0.3193505586532872f,1.1216843766950972f,1.828893648833985f,2.492971269307806f,2.8930393758140376f,0.4716956118993862f,0f,0f,0f,1f],start_interpolation:0}
execute if entity @s[tag=aj.dimension_slash.bone.small_group5] run data modify entity @s {} merge value {transformation:[0.36777826163248695f,-3.8388108996210826f,0.15737569188672218f,0.0011184316853538288f,3.8005494627540184f,0.34033159848412964f,-0.5800821195393335f,1.072744923426849f,0.563080822446115f,0.21024357588158768f,3.8125102894772347f,0.4607668375175945f,0f,0f,0f,1f],start_interpolation:0}
execute if entity @s[tag=aj.dimension_slash.bone.small_group6] run data modify entity @s {} merge value {transformation:[0.3963435635068548f,-4.136970969494564f,0.1695990465963705f,0.039284008758855335f,4.095737770540738f,0.3667651206964892f,-0.6251370414453011f,1.1483832111351222f,0.6068152552574637f,0.22657317400831292f,4.108627593514301f,0.5051768213004975f,0f,0f,0f,1f],start_interpolation:0}
execute if entity @s[tag=aj.dimension_slash.bone.small_group7] run data modify entity @s {} merge value {transformation:[-1.1958995832114505f,1.4879276186712724f,2.421330219716914f,0.0030003555954143946f,2.6937361151377983f,1.4307815988239705f,0.4512141430778624f,1.0906173114071507f,-0.9058445635546125f,2.290388583299001f,-1.8548612370246442f,0.4839713798393436f,0f,0f,0f,1f],start_interpolation:0}
execute if entity @s[tag=aj.dimension_slash.bone.small_group8] run data modify entity @s {} merge value {transformation:[-0.5979497916057253f,0.7439638093356362f,1.210665109858457f,-0.012748260403996861f,1.3468680575688992f,0.7153907994119852f,0.2256070715389312f,1.1607173895559968f,-0.45292228177730626f,1.1451942916495006f,-0.9274306185123221f,0.5085793779701087f,0f,0f,0f,1f],start_interpolation:0}
execute if entity @s[tag=aj.dimension_slash.bone.small_group9] run data modify entity @s {} merge value {transformation:[4.40204390669389f,1.295902056686926f,-1.9825341767243074f,0.024152287071226963f,-1.9688637905208926f,-0.32372059219024996f,-4.583293009554792f,1.1823426520793618f,-1.3165786253699525f,4.817015393013885f,0.22533948955382127f,0.4692845041432291f,0f,0f,0f,1f],start_interpolation:0}
execute if entity @s[tag=aj.dimension_slash.bone.small_group10] run data modify entity @s {} merge value {transformation:[4.474605069991041f,1.3172630795993476f,-2.015213311505477f,0.08371921201506208f,-2.001317589265742f,-0.3290566459076716f,-4.658841795426574f,1.1206465081055963f,-1.3382804708430835f,4.896416745645982f,0.22905387674426889f,0.4939517842334779f,0f,0f,0f,1f],start_interpolation:0}
execute if entity @s[tag=aj.dimension_slash.locator_origin.dimension_slash_locator] at @s on origin run tp @s ^0 ^1.125 ^0.5 ~0 ~0
execute if entity @s[tag=aj.dimension_slash.bone.right_arm2] run data modify entity @s {} merge value {transformation:[-0.17147438509750956f,-0.13024424160533482f,-0.9765413318360276f,0.4652422786381628f,-0.03722962975701674f,0.991371405340432f,-0.125684889073795f,1.2421019127896604f,0.9844848855739669f,0.014804533156701577f,-0.1748437470269545f,-0.1296164924339104f,0f,0f,0f,1f],start_interpolation:0}
execute if entity @s[tag=aj.dimension_slash.bone.right_arm] run data modify entity @s {} merge value {transformation:[-0.17147438509750956f,-0.4352580810656975f,-0.8838251739583106f,0.38363138843834454f,-0.03722962975701674f,0.8993347387299041f,-0.4356730223249661f,1.4107271763015174f,0.9844848855739669f,-0.04180227961034834f,-0.17041736852736517f,-0.13745441986085072f,0f,0f,0f,1f],start_interpolation:0}
execute if entity @s[tag=aj.dimension_slash.bone.left_arm2] run data modify entity @s {} merge value {transformation:[-0.4178872932476495f,0.85210361262716f,0.3151025920075822f,-0.5168369696287611f,0.028102479625206123f,0.3587967917237933f,-0.9329925577879108f,1.3343715285064774f,-0.9080641281215049f,-0.38103057042244826f,-0.17388284453181613f,-0.02897914315955627f,0f,0f,0f,1f],start_interpolation:0}
execute if entity @s[tag=aj.dimension_slash.bone.moonveil_slash] run data modify entity @s {} merge value {transformation:[0.000008092471509025635f,-0.000015931167207097164f,0.05680872846237662f,-2.9142418507056718f,0.000001756545631801787f,-0.000005471965822328366f,-0.17847538695368284f,0.5893394932342559f,0.000016822275479821584f,0.000008235168575006959f,-0.008692216185826171f,1.1292256656091402f,0f,0f,0f,1f],start_interpolation:0}
execute if entity @s[tag=aj.dimension_slash.bone.moonveil] run data modify entity @s {} merge value {transformation:[0.8631969609627343f,-1.6993245020903642f,0.6059597702653508f,-2.0456433568396974f,0.1873648673921906f,-0.5836763543816923f,-1.903737460839284f,0.8216858747738746f,1.7943760511809688f,0.8784179813340756f,-0.09271697264881251f,0.6871192695468271f,0f,0f,0f,1f],start_interpolation:0}
execute if entity @s[tag=aj.dimension_slash.bone.left_arm] run data modify entity @s {} merge value {transformation:[-0.1715749045091089f,0.9352166032506167f,0.3097288445512778f,-0.3044796818797456f,0.32042595949150177f,0.3502719090653155f,-0.8801345318777636f,1.461992750709244f,-0.9316057409798639f,-0.05176383606455889f,-0.3597655467790669f,-0.158370819798179f,0f,0f,0f,1f],start_interpolation:0}
execute if entity @s[tag=aj.dimension_slash.bone.head] run data modify entity @s {} merge value {transformation:[0.9997103121549608f,0.01198091932213318f,0.020874610013785495f,0.020483678228942842f,-0.013243689171157189f,0.9980226524148308f,0.06144420203732352f,1.57895372462939f,-0.02009717562666137f,-0.061702859245436836f,0.9978922089548394f,-0.10409828838014142f,0f,0f,0f,1f],start_interpolation:0}
execute if entity @s[tag=aj.dimension_slash.bone.body_top] run data modify entity @s {} merge value {transformation:[0.9959197195165198f,0.07180650162986575f,0.054660210407724764f,-0.007790131787816802f,-0.06735318355302843f,0.9945676834468653f,-0.07936417144031611f,1.1873426992721867f,-0.060062142347811064f,0.07535880417586198f,0.9953459648231741f,-0.13377081752438708f,0f,0f,0f,1f],start_interpolation:0}
execute if entity @s[tag=aj.dimension_slash.bone.body] run data modify entity @s {} merge value {transformation:[0.9997462815281861f,-0.01780601551500987f,0.013795592848588391f,1.5308084989341915e-17f,0.017524085162105955f,0.9996404554792839f,0.020294487143089332f,0.75f,-0.01415199667170867f,-0.02004758291288474f,0.9996988623628392f,-0.125f,0f,0f,0f,1f],start_interpolation:0}
execute if entity @s[tag=aj.dimension_slash.locator_origin.player_camera] at @s on origin run tp @s ^0 ^0.625 ^0.375 ~-180 ~0
execute if entity @s[tag=aj.dimension_slash.bone.right_leg2] run data modify entity @s {} merge value {transformation:[0.9744071639342311f,-0.19443807734969965f,0.11280298289584653f,0.20288788663487403f,0.18490254086694113f,0.9786554094522338f,0.08969191675301472f,0.4961791325875011f,-0.12783477326063353f,-0.06653888807631808f,0.9895609365364872f,-0.0114402850993508f,0f,0f,0f,1f],start_interpolation:0}
execute if entity @s[tag=aj.dimension_slash.bone.right_leg] run data modify entity @s {} merge value {transformation:[0.9744071639342311f,-0.21673151063617113f,0.05965007268236698f,0.12500000000000003f,0.18490254086694113f,0.923675457147823f,0.33561093582258217f,0.828125f,-0.12783477326063353f,-0.3159922501583282f,0.9401101895976232f,-0.125f,0f,0f,0f,1f],start_interpolation:0}
execute if entity @s[tag=aj.dimension_slash.bone.left_leg2] run data modify entity @s {} merge value {transformation:[0.971212589121867f,0.07800377176024705f,-0.22508113719806663f,-0.17223692185424677f,-0.17623194379512688f,0.8710048811639677f,-0.45857692808811656f,0.4839929902401755f,0.1602760391243521f,0.48504217196004484f,0.8596776620937009f,-0.2171532620008638f,0f,0f,0f,1f],start_interpolation:0}
execute if entity @s[tag=aj.dimension_slash.bone.left_leg] run data modify entity @s {} merge value {transformation:[0.971212589121867f,0.13144186950746936f,-0.19866842142520033f,-0.12499999999999999f,-0.17623194379512688f,0.9575847228099464f,-0.22797763185713937f,0.828125f,0.1602760391243521f,0.25642646817631665f,0.9531825941031601f,-0.125f,0f,0f,0f,1f],start_interpolation:0}