execute if entity @s[tag=aj.dimension_slash.bone.small_group1] run data modify entity @s {} merge value {transformation:[-1.6230787521558918f,-2.7875913961790357f,2.571103765360061f,0.03770554597996583f,-3.5203220962146773f,0.06756498101695002f,-2.1490445114615184f,1.188421532105808f,1.4101676152864846f,-3.039801668084415f,-2.405547362973433f,0.542688700129643f,0f,0f,0f,1f],start_interpolation:0}
execute if entity @s[tag=aj.dimension_slash.bone.small_group2] run data modify entity @s {} merge value {transformation:[-1.475526138323538f,-2.534173996526396f,2.3373670594182374f,0.03770554597996583f,-3.2002928147406156f,0.06142271001540911f,-1.9536768286013801f,1.188421532105808f,1.2819705593513495f,-2.7634560618949227f,-2.186861239066757f,0.542688700129643f,0f,0f,0f,1f],start_interpolation:0}
execute if entity @s[tag=aj.dimension_slash.bone.small_group3] run data modify entity @s {} merge value {transformation:[2.8957425412685605f,0.1934296070450652f,2.3748179134000735f,0.027559478336174458f,1.5503249569605966f,2.685265060876925f,-2.1091097839275137f,1.1485875905766276f,-1.8093279588047633f,2.610447574641565f,1.9935886731057004f,0.45132496653130555f,0f,0f,0f,1f],start_interpolation:0}
execute if entity @s[tag=aj.dimension_slash.bone.small_group4] run data modify entity @s {} merge value {transformation:[2.634668833565911f,0.1759904238404012f,2.1607096116660327f,0.027559478336174458f,1.4105511065960052f,2.4431675347272406f,-1.9189571362405857f,1.1485875905766276f,-1.6462029737885562f,2.3750954266648656f,1.8138511518640146f,0.45132496653130555f,0f,0f,0f,1f],start_interpolation:0}
execute if entity @s[tag=aj.dimension_slash.bone.small_group5] run data modify entity @s {} merge value {transformation:[-0.7614444386736114f,-2.5441047168597994f,0.8173576024043461f,0.013566256432972663f,-1.2999351169322735f,1.095216069625052f,2.1979559473166796f,1.1225737650912921f,-2.334675770277907f,0.21993827368197194f,-1.490387901584849f,0.5287897751234172f,0f,0f,0f,1f],start_interpolation:0}
execute if entity @s[tag=aj.dimension_slash.bone.small_group6] run data modify entity @s {} merge value {transformation:[-0.8717903127631507f,-2.9127875051223686f,0.9358062173001965f,0.026836414844413122f,-1.4883171832422553f,1.2539309651336508f,2.516476062375162f,1.0985552773128249f,-2.673008845552243f,0.2518109617240004f,-1.7063697216363949f,0.4371545000326449f,0f,0f,0f,1f],start_interpolation:0}
execute if entity @s[tag=aj.dimension_slash.bone.small_group7] run data modify entity @s {} merge value {transformation:[0.25061585408536735f,0.8464158487691369f,2.0851690999953276f,-0.0029877859362383574f,1.3342917147688673f,1.6336132214282413f,-0.8234875430848007f,1.0981156240437937f,-1.8121853063420585f,1.3198660252726813f,-0.3179565406634605f,0.48440447270939063f,0f,0f,0f,1f],start_interpolation:0}
execute if entity @s[tag=aj.dimension_slash.bone.small_group8] run data modify entity @s {} merge value {transformation:[0.10664504429164567f,0.5222565875384036f,1.2865936999971173f,0.00424372980682864f,0.5677837084122839f,1.0079741153493402f,-0.508109335094877f,1.1708671308619387f,-0.7711426835498121f,0.8143854198491013f,-0.19618595062213526f,0.4638492575530811f,0f,0f,0f,1f],start_interpolation:0}
execute if entity @s[tag=aj.dimension_slash.bone.small_group9] run data modify entity @s {} merge value {transformation:[2.922882468457284f,-1.8583692375719023f,-2.872842121041718f,0.05679278363160257f,-2.8306643367921085f,0.8090770132786309f,-3.403341563669068f,1.172294103141598f,1.9220035088413183f,4.017693139530513f,-0.643462779476097f,0.46863394608950837f,0f,0f,0f,1f],start_interpolation:0}
execute if entity @s[tag=aj.dimension_slash.bone.small_group10] run data modify entity @s {} merge value {transformation:[3.004073648136653f,-1.9099906052822329f,-2.9526432910706544f,0.06284318611175879f,-2.909293901703f,0.8315513747585929f,-3.4978788293265417f,1.110110785263229f,1.9753924951980215f,4.129295726739694f,-0.6613367455726551f,0.5323499962104371f,0f,0f,0f,1f],start_interpolation:0}
execute if entity @s[tag=aj.dimension_slash.locator_origin.dimension_slash_locator] at @s on origin run tp @s ^0 ^1.125 ^0.5 ~0 ~0
execute if entity @s[tag=aj.dimension_slash.bone.right_arm2] run data modify entity @s {} merge value {transformation:[-0.08473959229019856f,-0.1413751707566236f,-0.9863225956004593f,0.47071239231232326f,-0.07312125538704528f,0.9880963570498863f,-0.13534722455730547f,1.2445055145103316f,0.9937165005720263f,0.060651877780318594f,-0.09406841240611999f,-0.15909261849881934f,0f,0f,0f,1f],start_interpolation:0}
execute if entity @s[tag=aj.dimension_slash.bone.right_arm] run data modify entity @s {} merge value {transformation:[-0.08473959229019856f,-0.4626452952592919f,-0.8824842957656154f,0.38396639945120603f,-0.07312125538704528f,0.8861692822734679f,-0.4575557727376508f,1.4106622549366068f,0.9937165005720263f,0.025755269933919148f,-0.10892282846822117f,-0.1542635053862095f,0f,0f,0f,1f],start_interpolation:0}
execute if entity @s[tag=aj.dimension_slash.bone.left_arm2] run data modify entity @s {} merge value {transformation:[-0.4841366257810216f,0.8221437152873701f,0.29948529010762415f,-0.5061029610528999f,0.045970671430464294f,0.365698612585435f,-0.9295973440803929f,1.3326763105070092f,-0.8737839692656305f,-0.43628458162828554f,-0.21484259095401065f,0.01933102347034052f,0f,0f,0f,1f],start_interpolation:0}
execute if entity @s[tag=aj.dimension_slash.bone.moonveil_slash] run data modify entity @s {} merge value {transformation:[0.00001750967415965843f,0.0000035847674397224443f,0.0566773792845929f,-1.562582859928255f,0.000005992203281575936f,-0.000015478330241104736f,-0.08722229805478254f,-0.3122804096324877f,0.000003011197544974547f,0.000009956567448192604f,-0.15600062627910533f,1.2764452847341763f,0f,0f,0f,1f],start_interpolation:0}
execute if entity @s[tag=aj.dimension_slash.bone.moonveil] run data modify entity @s {} merge value {transformation:[1.8676985770302323f,0.382375193570394f,0.6045587123689911f,-1.734877996951921f,0.6391683500347665f,-1.651021892384505f,-0.9303711792510139f,0.4841564372081706f,0.321194404797285f,1.0620338611405442f,-1.6640066803104574f,0.6934281454042027f,0f,0f,0f,1f],start_interpolation:0}
execute if entity @s[tag=aj.dimension_slash.bone.left_arm] run data modify entity @s {} merge value {transformation:[-0.23968143194977126f,0.929471353729851f,0.2804207798543223f,-0.30369530161415853f,0.3385695272315833f,0.3507296563006245f,-0.8731319392975084f,1.4626799154861132f,-0.9099030093414847f,-0.11433158263071751f,-0.3987540630570004f,-0.12298974835502444f,0f,0f,0f,1f],start_interpolation:0}
execute if entity @s[tag=aj.dimension_slash.bone.head] run data modify entity @s {} merge value {transformation:[0.9999508249017655f,0.009912476653486123f,-0.0003009732095906048f,0.024630547070694966f,-0.009885063958597f,0.9987023783649592f,0.04995843230835002f,1.5783957187136821f,0.0007957944541436279f,-0.04995300045810701f,0.998751252543104f,-0.09076316819563905f,0f,0f,0f,1f],start_interpolation:0}
execute if entity @s[tag=aj.dimension_slash.bone.body_top] run data modify entity @s {} merge value {transformation:[0.9885717781707505f,0.07915523084188068f,0.12829765716757713f,-0.0065368250732955584f,-0.06668637029112982f,0.9928770429071412f,-0.09873249558967409f,1.1874503830689953f,-0.1351989919404538f,0.08904845365495842f,0.9868087988460307f,-0.12582599682227893f,0f,0f,0f,1f],start_interpolation:0}
execute if entity @s[tag=aj.dimension_slash.bone.body] run data modify entity @s {} merge value {transformation:[0.9979546659719681f,-0.014941314453247027f,0.06215498199812083f,1.5308084989341915e-17f,0.014795018171670962f,0.9998865898719892f,0.002813331026440169f,0.75f,-0.06218996785718304f,-0.0018879927366375943f,0.9980625448243957f,-0.125f,0f,0f,0f,1f],start_interpolation:0}
execute if entity @s[tag=aj.dimension_slash.locator_origin.player_camera] at @s on origin run tp @s ^0 ^0.625 ^0.375 ~-180 ~0
execute if entity @s[tag=aj.dimension_slash.bone.right_leg2] run data modify entity @s {} merge value {transformation:[0.9744071639342311f,-0.19497682390439935f,0.1118691960005132f,0.2052011489888958f,0.1849025408669411f,0.9782140087906122f,0.09438433867305124f,0.517656777551339f,-0.1278347732606335f,-0.07128387718097906f,0.989230448176485f,0.037257971069003915f,0f,0f,0f,1f],start_interpolation:0}
execute if entity @s[tag=aj.dimension_slash.bone.right_leg] run data modify entity @s {} merge value {transformation:[0.9744071639342311f,-0.22316841457779688f,0.026954361585483227f,0.12500000000000003f,0.1849025408669411f,0.8639115755093174f,0.46847394813581467f,0.828125f,-0.1278347732606335f,-0.45150044123548916f,0.8830660350786689f,-0.125f,0f,0f,0f,1f],start_interpolation:0}
execute if entity @s[tag=aj.dimension_slash.bone.left_leg2] run data modify entity @s {} merge value {transformation:[0.9772779220308447f,0.0004203850275179555f,-0.21196152100676866f,-0.149313529518453f,-0.13083228770934607f,0.787966409235549f,-0.6016575856823997f,0.49097520946340767f,0.16676563076309542f,0.6157180858094586f,0.7701171749826925f,-0.2470215622276949f,0f,0f,0f,1f],start_interpolation:0}
execute if entity @s[tag=aj.dimension_slash.bone.left_leg] run data modify entity @s {} merge value {transformation:[0.9772779220308447f,0.06765503866004322f,-0.20087473423749003f,-0.12499999999999999f,-0.13083228770934607f,0.9381559388844308f,-0.3205407100956303f,0.828125f,0.16676563076309542f,0.3395382601118467f,0.9256905499768304f,-0.125f,0f,0f,0f,1f],start_interpolation:0}