execute if entity @s[tag=aj.dimension_slash.bone.small_group1] run data modify entity @s {} merge value {transformation:[-0.11385226540789344f,-4.024219572400395f,1.9776433283057568f,0.05237099985847815f,-4.392153116575714f,0.49824436109649195f,0.761000786077774f,1.1784856013050362f,-0.9024451791864878f,-1.9172344741753236f,-3.9532497149583063f,0.5254974901755186f,0f,0f,0f,1f],start_interpolation:0}
execute if entity @s[tag=aj.dimension_slash.bone.small_group2] run data modify entity @s {} merge value {transformation:[-0.10559779025421862f,-3.7324570821741085f,1.8342609576709175f,0.05237099985847815f,-4.0737148435908f,0.4621208313239834f,0.7058269864339902f,1.1784856013050362f,-0.8370164300749919f,-1.778231844107746f,-3.6666326552846478f,0.5254974901755186f,0f,0f,0f,1f],start_interpolation:0}
execute if entity @s[tag=aj.dimension_slash.bone.small_group3] run data modify entity @s {} merge value {transformation:[3.363819953257454f,1.5991406234342715f,-1.9687336048237134f,0.029935652811029657f,-2.489626182752775f,2.7066462524186092f,-2.055304102227463f,1.1295752241802848f,0.48468980846699355f,2.8045075769131804f,3.1061649117227637f,0.4622084189060537f,0f,0f,0f,1f],start_interpolation:0}
execute if entity @s[tag=aj.dimension_slash.bone.small_group4] run data modify entity @s {} merge value {transformation:[3.166765326297723f,1.5054619892071819f,-1.8534039880569355f,0.029935652811029657f,-2.3437823606907626f,2.548089262153476f,-1.9349031328589814f,1.1295752241802848f,0.4562963835138665f,2.6402178105006824f,2.9242038744317504f,0.4622084189060537f,0f,0f,0f,1f],start_interpolation:0}
execute if entity @s[tag=aj.dimension_slash.bone.small_group5] run data modify entity @s {} merge value {transformation:[-2.5834448193294985f,-1.6811929359372826f,1.6535681519054002f,0.03645420927702618f,2.145335539362273f,-0.657458986828624f,2.6833127956966085f,1.068845019630591f,-0.9788936328276154f,2.996034453766269f,1.5167166059672113f,0.4997904737531373f,0f,0f,0f,1f],start_interpolation:0}
execute if entity @s[tag=aj.dimension_slash.bone.small_group6] run data modify entity @s {} merge value {transformation:[-2.8329338901038748f,-1.8435495151222403f,1.813256943628094f,0.003948752337291667f,2.352515412611376f,-0.7209512783878871f,2.9424463413355237f,1.1522833470372031f,-1.073427590361301f,3.2853682325586337f,1.6631893364159442f,0.4661534511572433f,0f,0f,0f,1f],start_interpolation:0}
execute if entity @s[tag=aj.dimension_slash.bone.small_group7] run data modify entity @s {} merge value {transformation:[-0.5513484837051544f,1.1756672694362365f,2.460106491815389f,0.0002257702410101113f,2.3339981327120816f,1.5010089283433523f,-0.1942357935858133f,1.0934103192194398f,-1.4095283594140258f,2.025606402682845f,-1.2839202215861079f,0.48418583665275755f,0f,0f,0f,1f],start_interpolation:0}
execute if entity @s[tag=aj.dimension_slash.bone.small_group8] run data modify entity @s {} merge value {transformation:[-0.24472941034250598f,0.5648330883949589f,1.1819241580306132f,-0.008385692139498843f,1.0360017369061962f,0.7211389912310269f,-0.09331790211403089f,1.168349596149072f,-0.6256533833960908f,0.9731745962857286f,-0.616841722878765f,0.49299156906454356f,0f,0f,0f,1f],start_interpolation:0}
execute if entity @s[tag=aj.dimension_slash.bone.small_group9] run data modify entity @s {} merge value {transformation:[4.158986180287354f,0.05437365872175966f,-2.46318541631769f,0.036431593303805763f,-2.4634837394737445f,0.016140194029891634f,-4.1591335993484595f,1.1798090408704995f,-0.03855846562561768f,4.83365161519922f,0.04159621803374597f,0.46574317568420387f,0f,0f,0f,1f],start_interpolation:0}
execute if entity @s[tag=aj.dimension_slash.bone.small_group10] run data modify entity @s {} merge value {transformation:[4.227882517011305f,0.05527439407836254f,-2.5039896999819424f,0.08001299910009563f,-2.5042929650569454f,0.01640756694109388f,-4.228032378165948f,1.1148466185372186f,-0.039197211924870336f,4.91372422781464f,0.04228528669612317f,0.50868094680659f,0f,0f,0f,1f],start_interpolation:0}
execute if entity @s[tag=aj.dimension_slash.locator_origin.dimension_slash_locator] at @s on origin run tp @s ^0 ^1.125 ^0.5 ~0 ~0
execute if entity @s[tag=aj.dimension_slash.bone.right_arm2] run data modify entity @s {} merge value {transformation:[-0.14363574470894547f,-0.1347648087675909f,-0.9804117600068565f,0.46725873638165505f,-0.04894718808006744f,0.9904394757660901f,-0.12897215832592274f,1.2428174338983144f,0.9884194178692371f,0.02946338680510168f,-0.14885887013212146f,-0.1390986598549265f,0f,0f,0f,1f],start_interpolation:0}
execute if entity @s[tag=aj.dimension_slash.bone.right_arm] run data modify entity @s {} merge value {transformation:[-0.14363574470894547f,-0.4448808482749241f,-0.8839964952872218f,0.38384357733010677f,-0.04894718808006744f,0.895359429122589f,-0.44264620800400606f,1.4106973268588f,0.9884194178692371f,-0.020310675012302007f,-0.15038128493793199f,-0.14290691141973313f,0f,0f,0f,1f],start_interpolation:0}
execute if entity @s[tag=aj.dimension_slash.bone.left_arm2] run data modify entity @s {} merge value {transformation:[-0.43954547013484424f,0.8428583371376888f,0.3104667505570114f,-0.5137929663387074f,0.03386665997907737f,0.3609520025844651f,-0.9319692597785221f,1.333891998025551f,-0.8975816559098126f,-0.3991283945646496f,-0.1871996143864752f,-0.013331020842769048f,0f,0f,0f,1f],start_interpolation:0}
execute if entity @s[tag=aj.dimension_slash.bone.moonveil_slash] run data modify entity @s {} merge value {transformation:[0.00000849450685754011f,-0.000015731154311840984f,0.05651250946848043f,-2.8830127992726484f,0.0000016496297324726797f,-0.0000055192115485390615f,-0.1784319269716648f,0.5822539706297357f,0.00001663383825197739f,0.000008580885030084007f,-0.011163946916453938f,1.197412112713308f,0f,0f,0f,1f],start_interpolation:0}
execute if entity @s[tag=aj.dimension_slash.bone.moonveil] run data modify entity @s {} merge value {transformation:[0.9060807314709449f,-1.677989793263038f,0.6028001009971248f,-2.0251803994849693f,0.1759605047970858f,-0.5887158985108332f,-1.9032738876977582f,0.8171346108945975f,1.7742760802109214f,0.9152944032089606f,-0.11908210044217538f,0.7360435954700096f,0f,0f,0f,1f],start_interpolation:0}
execute if entity @s[tag=aj.dimension_slash.bone.left_arm] run data modify entity @s {} merge value {transformation:[-0.19375217668244538f,0.9338450164370421f,0.3006552499234225f,-0.30455073431475255f,0.3262696490770891f,0.3503540734183364f,-0.8779522420555075f,1.4622642225147713f,-0.9252071174185422f,-0.07201047503578785f,-0.37256715013966646f,-0.1469845292790338f,0f,0f,0f,1f],start_interpolation:0}
execute if entity @s[tag=aj.dimension_slash.bone.head] run data modify entity @s {} merge value {transformation:[0.9998357506721698f,0.011034183929679081f,0.014377707147690516f,0.02166805644223712f,-0.011851757265500577f,0.9982416964328912f,0.058077976484231825f,1.5788034202651635f,-0.013711583699135263f,-0.058238838310781374f,0.9982085103747975f,-0.0997989547382655f,0f,0f,0f,1f],start_interpolation:0}
execute if entity @s[tag=aj.dimension_slash.bone.body_top] run data modify entity @s {} merge value {transformation:[0.9941647321737666f,0.0739913299289936f,0.07849693240631692f,-0.007466029717304113f,-0.06722633410663409f,0.9940606477660923f,-0.08558065532256862f,1.1873920402072646f,-0.0843629379789862f,0.07980420827372395f,0.9932342035176587f,-0.1312218617460443f,0f,0f,0f,1f],start_interpolation:0}
execute if entity @s[tag=aj.dimension_slash.bone.body] run data modify entity @s {} merge value {transformation:[0.9994299009911162f,-0.017065210782409437f,0.029131625183634397f,1.5308084989341915e-17f,0.016641827234916546f,0.9997532347594621f,0.01471459052352467f,0.75f,-0.029375544099999488f,-0.01422139827667269f,0.9994672727207656f,-0.125f,0f,0f,0f,1f],start_interpolation:0}
execute if entity @s[tag=aj.dimension_slash.locator_origin.player_camera] at @s on origin run tp @s ^0 ^0.625 ^0.375 ~-180 ~0
execute if entity @s[tag=aj.dimension_slash.bone.right_leg2] run data modify entity @s {} merge value {transformation:[0.9744071639342311f,-0.1946820655490341f,0.11238136957347525f,0.20383322529008757f,0.18490254086694116f,0.9784587486934477f,0.09181245822981621f,0.5023985931200935f,-0.12783477326063353f,-0.068683116257303f,0.9894144229222598f,0.004761400564528062f,0f,0f,0f,1f],start_interpolation:0}
execute if entity @s[tag=aj.dimension_slash.bone.right_leg] run data modify entity @s {} merge value {transformation:[0.9744071639342311f,-0.21936201819850445f,0.04910177028913955f,0.12500000000000003f,0.18490254086694116f,0.9063691321875659f,0.379876356988044f,0.828125f,-0.12783477326063353f,-0.3610752015708607f,0.9237331701070199f,-0.125f,0f,0f,0f,1f],start_interpolation:0}
execute if entity @s[tag=aj.dimension_slash.bone.left_leg2] run data modify entity @s {} merge value {transformation:[0.9733936206333221f,0.05219341067821424f,-0.22311590528720157f,-0.16481749330833106f,-0.1616923816711254f,0.8463903337371362f,-0.5074238629251271f,0.48587487625756676f,0.16235896347252077f,0.5299992932430329f,0.8323102283055366f,-0.22712644442028795f,0f,0f,0f,1f],start_interpolation:0}
execute if entity @s[tag=aj.dimension_slash.bone.left_leg] run data modify entity @s {} merge value {transformation:[0.9733936206333221f,0.11079650311883428f,-0.20057166850527613f,-0.12499999999999999f,-0.1616923816711254f,0.9523481704137272f,-0.25862818102276774f,0.828125f,0.16235896347252077f,0.2841779322999317f,0.9449245841726546f,-0.125f,0f,0f,0f,1f],start_interpolation:0}