execute if entity @s[tag=aj.dimension_slash.bone.small_group1] run data modify entity @s {} merge value {transformation:[-1.8997217159494957f,-2.598795251997278f,2.25276893589202f,0.03712414019382194f,-2.678137328775768f,-0.4969088597741308f,-2.8316619275029162f,1.1983738549921625f,2.157842693187215f,-2.9046500755939846f,-1.5311335957989303f,0.5416758698352423f,0f,0f,0f,1f],start_interpolation:0}
execute if entity @s[tag=aj.dimension_slash.bone.small_group2] run data modify entity @s {} merge value {transformation:[-1.724959358447198f,-2.3597225598804625f,2.045528471755062f,0.03712414019382194f,-2.4317656684624414f,-0.4511963940646455f,-2.571166977139846f,1.1983738549921625f,1.9593348417401297f,-2.637440678202684f,-1.3902790092527895f,0.5416758698352423f,0f,0f,0f,1f],start_interpolation:0}
execute if entity @s[tag=aj.dimension_slash.bone.small_group3] run data modify entity @s {} merge value {transformation:[1.627712044643903f,0.05736537713265248f,3.097393256093932f,0.019615599267425943f,2.12149566070599f,2.529085479221223f,-1.1617078247419146f,1.1497688845765215f,-2.2575189768848887f,2.418060818500512f,1.141565686548881f,0.45043690979981915f,0f,0f,0f,1f],start_interpolation:0}
execute if entity @s[tag=aj.dimension_slash.bone.small_group4] run data modify entity @s {} merge value {transformation:[1.4594578502795283f,0.051435602670625594f,2.7772202816119838f,0.019615599267425943f,1.9021997819206895f,2.267657641794303f,-1.041623799571785f,1.1497688845765215f,-2.024162568441556f,2.1681094365717315f,1.023563724508773f,0.45043690979981915f,0f,0f,0f,1f],start_interpolation:0}
execute if entity @s[tag=aj.dimension_slash.bone.small_group5] run data modify entity @s {} merge value {transformation:[-0.0715088775632602f,-2.1962802595332835f,1.0674545117508505f,0.0010212228913181846f,-1.0408768241865678f,0.9934538421085284f,1.9742959588456537f,1.1206955326773804f,-2.2090001244780675f,-0.3970165208494557f,-0.9648398648851868f,0.5255983311738955f,0f,0f,0f,1f],start_interpolation:0}
execute if entity @s[tag=aj.dimension_slash.bone.small_group6] run data modify entity @s {} merge value {transformation:[-0.08394612041832153f,-2.5782701871674822f,1.2531124531390572f,0.03938129540305682f,-1.2219122184725566f,1.166241153567402f,2.317677076612566f,1.1004334836139071f,-2.593202365531141f,-0.4660679597132246f,-1.1326504658166008f,0.44034598396260655f,0f,0f,0f,1f],start_interpolation:0}
execute if entity @s[tag=aj.dimension_slash.bone.small_group7] run data modify entity @s {} merge value {transformation:[0.4136026381689113f,0.6808366926080482f,1.8639067252488013f,-0.0033588520645726795f,0.9912589310577588f,1.5785030700996439f,-0.7965474336244447f,1.0987587842098532f,-1.7190382817224885f,1.0740314150033015f,-0.010859571265034602f,0.4835239085327421f,0f,0f,0f,1f],start_interpolation:0}
execute if entity @s[tag=aj.dimension_slash.bone.small_group8] run data modify entity @s {} merge value {transformation:[0.18641245663950928f,0.5082302071581204f,1.3913669920871332f,0.007870066656027831f,0.4467645886457504f,1.1783191931729735f,-0.5946058307337403f,1.1684539242164067f,-0.7747778171143609f,0.801741760495422f,-0.008106440521786393f,0.4555222607560836f,0f,0f,0f,1f],start_interpolation:0}
execute if entity @s[tag=aj.dimension_slash.bone.small_group9] run data modify entity @s {} merge value {transformation:[2.3958343451222666f,-2.4207495114644857f,-2.6910241216322586f,0.06003843139111354f,-2.8248060219364532f,0.767330657684802f,-3.2052044911266133f,1.1715888870348758f,2.263207891222935f,3.520346104327118f,-1.1518309670193676f,0.47633231288285327f,0f,0f,0f,1f],start_interpolation:0}
execute if entity @s[tag=aj.dimension_slash.bone.small_group10] run data modify entity @s {} merge value {transformation:[2.5010256151614167f,-2.527034704376939f,-2.8091759653257915f,0.05360842161199128f,-2.9488316807499255f,0.8010210030069539f,-3.345931888178595f,1.1083572561985156f,2.362576077059764f,3.6749100784372084f,-1.2024031455749786f,0.5389703466288251f,0f,0f,0f,1f],start_interpolation:0}
execute if entity @s[tag=aj.dimension_slash.locator_origin.dimension_slash_locator] at @s on origin run tp @s ^0 ^1.125 ^0.5 ~0 ~0
execute if entity @s[tag=aj.dimension_slash.bone.right_arm2] run data modify entity @s {} merge value {transformation:[-0.24007101747773266f,-0.13155737277246154f,-0.9617996486984252f,0.46685337274797556f,0.046345817788700616f,0.9880914781352159f,-0.1467218320839142f,1.2436645343910437f,0.9696483753096804f,-0.0797990507823958f,-0.23111499248972545f,-0.11646684396047177f,0f,0f,0f,1f],start_interpolation:0}
execute if entity @s[tag=aj.dimension_slash.bone.right_arm] run data modify entity @s {} merge value {transformation:[-0.24007101747773266f,-0.4344376061970421f,-0.8681185822737526f,0.38539632158603015f,0.046345817788700616f,0.8881222137606406f,-0.4572646920530769f,1.410187449471164f,0.9696483753096804f,-0.15000966551086872f,-0.19307803736472598f,-0.14459365624375967f,0f,0f,0f,1f],start_interpolation:0}
execute if entity @s[tag=aj.dimension_slash.bone.left_arm2] run data modify entity @s {} merge value {transformation:[-0.10979681395592344f,0.9451276950881049f,-0.3076983906727077f,-0.33744215327965366f,-0.9427091264941164f,-0.19713773486621197f,-0.26913977096765007f,1.5017160538505638f,-0.3150304151503919f,0.2605193917336386f,0.9126255990607027f,-0.47741806905728074f,0f,0f,0f,1f],start_interpolation:0}
execute if entity @s[tag=aj.dimension_slash.locator_origin.moonveil] at @s on origin run tp @s ^-0.77484 ^1.54204 ^-0.58198 ~15.19732 ~8.07419
execute if entity @s[tag=aj.dimension_slash.locator_origin.moonveil2] at @s on origin run tp @s ^-1.36971 ^1.66992 ^-0.72478 ~15.19732 ~8.07419
execute if entity @s[tag=aj.dimension_slash.locator_origin.moonveil3] at @s on origin run tp @s ^-2.08357 ^1.82338 ^-0.89613 ~15.19732 ~8.07419
execute if entity @s[tag=aj.dimension_slash.locator_origin.moonveil4] at @s on origin run tp @s ^-2.77578 ^1.89859 ^-0.68063 ~15.19732 ~8.07419
execute if entity @s[tag=aj.dimension_slash.locator_origin.moonveil5] at @s on origin run tp @s ^-3.33818 ^1.90911 ^-0.24314 ~15.19732 ~8.07419
execute if entity @s[tag=aj.dimension_slash.locator_origin.moonveil6] at @s on origin run tp @s ^-3.47336 ^1.79098 ^0.48774 ~15.19732 ~8.07419
execute if entity @s[tag=aj.dimension_slash.locator_origin.moonveil7] at @s on origin run tp @s ^-3.05691 ^1.56653 ^1.28741 ~15.19732 ~8.07419
execute if entity @s[tag=aj.dimension_slash.locator_origin.moonveil8] at @s on origin run tp @s ^-2.1646 ^1.3747 ^1.50161 ~15.19732 ~8.07419
execute if entity @s[tag=aj.dimension_slash.locator_origin.moonveil9] at @s on origin run tp @s ^-1.43995 ^1.31705 ^1.16667 ~15.19732 ~8.07419
execute if entity @s[tag=aj.dimension_slash.bone.spinning_slash] run data modify entity @s {} merge value {transformation:[-0.0000032682180679754727f,-0.000019036103566532224f,0.000005190906632219241f,-3.031890449081742f,-0.000019374264953529705f,0.000004092283282147298f,0.0000028091057383246484f,1.965254839241019f,-0.0000037358544097153153f,-0.000004569461515640194f,-0.000019109249417140742f,-1.1015769061778986f,0f,0f,0f,1f],start_interpolation:0}
execute if entity @s[tag=aj.dimension_slash.bone.moonveil_slash] run data modify entity @s {} merge value {transformation:[-0.0000030639544387270057f,-0.00001784634709362396f,0.04866474967705538f,-3.0216772676193187f,-0.000018163373393934098f,0.000003836515577013092f,0.02633536629679357f,2.0257994172207994f,-0.000003502363509108108f,-0.000004283870170912682f,-0.1791492132856944f,-1.0899023611475385f,0f,0f,0f,1f],start_interpolation:0}
execute if entity @s[tag=aj.dimension_slash.bone.moonveil] run data modify entity @s {} merge value {transformation:[-0.32682180679754724f,-1.903610356653222f,0.5190906632219241f,-0.6854304000066863f,-1.9374264953529703f,0.40922832821472976f,0.2809105738324648f,1.5358309354259165f,-0.3735854409715315f,-0.4569461515640193f,-1.910924941714074f,-0.5927162405215007f,0f,0f,0f,1f],start_interpolation:0}
execute if entity @s[tag=aj.dimension_slash.bone.left_arm] run data modify entity @s {} merge value {transformation:[0.29333456259818724f,0.49221698329667146f,-0.819559195994807f,-0.17772108713071236f,-0.9427852296015968f,0.006841364113692832f,-0.33333047652761716f,1.3855782411787874f,-0.1584640187247398f,0.870445654300938f,0.4660617101610228f,-0.2796146578226387f,0f,0f,0f,1f],start_interpolation:0}
execute if entity @s[tag=aj.dimension_slash.bone.head] run data modify entity @s {} merge value {transformation:[0.9965109224642925f,0.04905803643160329f,0.06752251825013927f,0.021343041088775952f,-0.04347357093518246f,0.9956980190064031f,-0.08182605683318753f,1.5795565814258263f,-0.07124626333716433f,0.07860511438958573f,0.9943566794426895f,-0.1528621869543392f,0f,0f,0f,1f],start_interpolation:0}
execute if entity @s[tag=aj.dimension_slash.bone.body_top] run data modify entity @s {} merge value {transformation:[0.9974216713310949f,0.06942501740456632f,-0.01817075995827038f,-0.005993059514272037f,-0.06925638029434335f,0.9975512302211025f,0.009751762553007512f,1.1867707845262672f,0.018803280235392725f,-0.008468178242137546f,0.9997873406928338f,-0.14952784177149755f,0f,0f,0f,1f],start_interpolation:0}
execute if entity @s[tag=aj.dimension_slash.bone.body] run data modify entity @s {} merge value {transformation:[0.9979349478551268f,-0.01369842174690459f,-0.06275502442856108f,-1.2782250966100499e-15f,0.01716884538178693f,0.9983332217743247f,0.05509999137888677f,0.75f,0.06189564280013303f,-0.056063638334851534f,0.9965067976983485f,-0.125f,0f,0f,0f,1f],start_interpolation:0}
execute if entity @s[tag=aj.dimension_slash.locator_origin.player_camera] at @s on origin run tp @s ^0 ^0.25 ^0.375 ~-180 ~0
execute if entity @s[tag=aj.dimension_slash.bone.right_leg2] run data modify entity @s {} merge value {transformation:[0.9744071639342311f,-0.19460405764804006f,0.11251639711867215f,0.20353406711076116f,0.1849025408669412f,0.9785222052718192f,0.0911336610200908f,0.5002093056137775f,-0.12783477326063353f,-0.06799672445709398f,0.9894618316077222f,-0.0006855265737579636f,0f,0f,0f,1f],start_interpolation:0}
execute if entity @s[tag=aj.dimension_slash.bone.right_leg] run data modify entity @s {} merge value {transformation:[0.9744071639342311f,-0.2185295780473389f,0.05268303704324996f,0.12499999999999872f,0.1849025408669412f,0.9124610626399233f,0.3650011774597052f,0.828125f,-0.12783477326063353f,-0.3459185347512822f,0.9295152704829159f,-0.125f,0f,0f,0f,1f],start_interpolation:0}
execute if entity @s[tag=aj.dimension_slash.bone.left_leg2] run data modify entity @s {} merge value {transformation:[0.9726786458648478f,0.06551816416672987f,-0.22271870609077163f,-0.16767960942274826f,-0.16662749760659654f,0.8650303087135193f,-0.47324184308697514f,0.4847644605765966f,0.1616524943200375f,0.497423295766508f,0.8523136370543974f,-0.22212044857490731f,0f,0f,0f,1f],start_interpolation:0}
execute if entity @s[tag=aj.dimension_slash.bone.left_leg] run data modify entity @s {} merge value {transformation:[0.9726786458648478f,0.11876065230677423f,-0.19947972163153718f,-0.12500000000000128f,-0.16662749760659654f,0.9554380227433833f,-0.24366670215188985f,0.828125f,0.1616524943200375f,0.2702482047301769f,0.9491229524778265f,-0.125f,0f,0f,0f,1f],start_interpolation:0}