execute if entity @s[tag=aj.dimension_slash.locator_origin.dimension_slash_locator] at @s on origin run tp @s ^0 ^1.125 ^0.5 ~0 ~0
execute if entity @s[tag=aj.dimension_slash.bone.right_arm2] run data modify entity @s {} merge value {transformation:[0.30346975336946347f,0.4440197358253807f,-0.8430614348832689f,0.43246850536472264f,-0.4475676832676657f,0.8475296781018615f,0.2852658648190655f,1.280637694638779f,0.8411832604636706f,0.2907574916216502f,0.45592850687535913f,-0.21876932168268276f,0f,0f,0f,1f],start_interpolation:0}
execute if entity @s[tag=aj.dimension_slash.bone.right_arm] run data modify entity @s {} merge value {transformation:[0.30346975336946347f,-0.36041214275539524f,-0.88204829581171f,0.36489122859808604f,-0.4475676832676657f,0.7633079064816725f,-0.4658800369161367f,1.4237579271040925f,0.8411832604636706f,0.5361568121893362f,0.07033203437038701f,-0.11823991939718223f,0f,0f,0f,1f],start_interpolation:0}
execute if entity @s[tag=aj.dimension_slash.bone.left_arm2] run data modify entity @s {} merge value {transformation:[-0.22905422262153377f,-0.927836697775628f,0.2943691990682162f,0.048591445175865916f,-0.5842146322517799f,0.3729235587332721f,0.7208476141353521f,1.2367168878664456f,-0.7786060791967674f,-0.0068616034955285565f,-0.6274754910236f,0.3442957976956603f,0f,0f,0f,1f],start_interpolation:0}
execute if entity @s[tag=aj.dimension_slash.locator_origin.moonveil] at @s on origin run tp @s ^0.31495 ^1.08272 ^0.2203 ~-124.67186 ~-79.09557
execute if entity @s[tag=aj.dimension_slash.locator_origin.moonveil2] at @s on origin run tp @s ^0.3288 ^1.01248 ^-0.40058 ~-124.67186 ~-79.09557
execute if entity @s[tag=aj.dimension_slash.locator_origin.moonveil3] at @s on origin run tp @s ^0.34542 ^0.92819 ^-1.14565 ~-124.67186 ~-79.09557
execute if entity @s[tag=aj.dimension_slash.locator_origin.moonveil4] at @s on origin run tp @s ^0.41762 ^1.22618 ^-1.80689 ~-124.67186 ~-79.09557
execute if entity @s[tag=aj.dimension_slash.locator_origin.moonveil5] at @s on origin run tp @s ^0.51483 ^1.72935 ^-2.30204 ~-124.67186 ~-79.09557
execute if entity @s[tag=aj.dimension_slash.locator_origin.moonveil6] at @s on origin run tp @s ^0.63013 ^2.47284 ^-2.32066 ~-124.67186 ~-79.09557
execute if entity @s[tag=aj.dimension_slash.locator_origin.moonveil7] at @s on origin run tp @s ^0.72324 ^3.21816 ^-1.77376 ~-124.67186 ~-79.09557
execute if entity @s[tag=aj.dimension_slash.locator_origin.moonveil8] at @s on origin run tp @s ^0.70246 ^3.32352 ^-0.84243 ~-124.67186 ~-79.09557
execute if entity @s[tag=aj.dimension_slash.locator_origin.moonveil9] at @s on origin run tp @s ^0.61082 ^2.90279 ^-0.16774 ~-124.67186 ~-79.09557
execute if entity @s[tag=aj.dimension_slash.bone.spinning_slash] run data modify entity @s {} merge value {transformation:[-0.000019751496031568872f,4.432627702726966e-7f,-0.000003111578800449958f,0.31655520118010494f,0.0000030433956371367722f,-0.000002247678125857626f,-0.000019638881995633f,0.8560898121884832f,-7.849506422548337e-7f,-0.00001986835325735456f,0.000002152299080098404f,-2.1232047734511865f,0f,0f,0f,1f],start_interpolation:0}
execute if entity @s[tag=aj.dimension_slash.bone.moonveil_slash] run data modify entity @s {} merge value {transformation:[-0.000018517027529595817f,4.155588471306531e-7f,-0.000002917105125421836f,0.11235784240057645f,0.000002853183409815724f,-0.0000021071982429915246f,-0.000018411451870905938f,-0.43271181877493237f,-7.358912271139065e-7f,-0.000018626581178769902f,0.0000020177803875922536f,-1.9819601463197292f,0f,0f,0f,1f],start_interpolation:0}
execute if entity @s[tag=aj.dimension_slash.bone.moonveil] run data modify entity @s {} merge value {transformation:[-1.975149603156887f,0.044326277027269656f,-0.3111578800449958f,0.3145321951635288f,0.3043395637136772f,-0.22476781258576262f,-1.9638881995633f,1.0591428524599116f,-0.07849506422548336f,-1.9868353257354558f,0.21522990800984038f,0.30742975243060044f,0f,0f,0f,1f],start_interpolation:0}
execute if entity @s[tag=aj.dimension_slash.bone.left_arm] run data modify entity @s {} merge value {transformation:[-0.22905422262153377f,-0.5911960915761941f,0.7733183978183098f,-0.12783935554587433f,-0.5842146322517799f,0.718942301167795f,0.37658363089023583f,1.343425634126922f,-0.7786060791967674f,-0.365525852569402f,-0.5100621771326017f,0.1555885746537139f,0f,0f,0f,1f],start_interpolation:0}
execute if entity @s[tag=aj.dimension_slash.bone.head] run data modify entity @s {} merge value {transformation:[0.9971471127772383f,0.07510404443334354f,0.007551025743050055f,0.09657420196519109f,-0.06729591544449248f,0.9298487491370159f,-0.3617354882960957f,1.5199403766517015f,-0.03418911002798353f,0.36019534455359276f,0.9322501909452274f,0.16468051485581414f,0f,0f,0f,1f],start_interpolation:0}
execute if entity @s[tag=aj.dimension_slash.bone.body_top] run data modify entity @s {} merge value {transformation:[0.7897733633491928f,0.1937251104212338f,0.5820039657393967f,0.020294939736830272f,0.08940655865691619f,0.9023298020448862f,-0.421672142322402f,1.1646480170965274f,-0.6068480055279339f,0.3850603977740601f,0.6953157471630075f,0.013062983232277975f,0f,0f,0f,1f],start_interpolation:0}
execute if entity @s[tag=aj.dimension_slash.bone.body] run data modify entity @s {} merge value {transformation:[0.8897100572400418f,0.046388433684186395f,0.4541631064565345f,-1.2782250966100499e-15f,0.10442964475990439f,0.9477668962206341f,-0.30138407344056173f,0.75f,-0.4444214928884986f,0.3155725331023497f,0.8383934118360692f,-0.125f,0f,0f,0f,1f],start_interpolation:0}
execute if entity @s[tag=aj.dimension_slash.locator_origin.player_camera] at @s on origin run tp @s ^0 ^0.25 ^0.375 ~-180 ~0
execute if entity @s[tag=aj.dimension_slash.bone.left_leg2] run data modify entity @s {} merge value {transformation:[0.9829629051740923f,0.012342655510512529f,-0.18338916518338028f,-0.16643529613230373f,-0.015232776640884182f,0.9997808653549094f,-0.014359101155625442f,0.53084691592765f,0.18317174882474987f,0.016907989979218774f,0.9829355168612768f,0.0726341255697032f,0f,0f,0f,1f],start_interpolation:0}
execute if entity @s[tag=aj.dimension_slash.bone.left_leg] run data modify entity @s {} merge value {transformation:[0.9829629051740923f,0.11529821532466772f,-0.1431441531975892f,-0.12500000000000128f,-0.015232776640884182f,0.8272085817665391f,0.5616884588164509f,0.828125f,0.18317174882474987f,-0.5499384363678698f,0.8148716626793111f,-0.125f,0f,0f,0f,1f],start_interpolation:0}