execute if entity @s[tag=aj.dimension_slash.bone.small_group1] run data modify entity @s {} merge value {transformation:[-1.0452155167562065f,-0.5463715255381226f,-0.46836276497304996f,0.028604331222030262f,-0.07520543633352464f,0.9043066332430029f,-0.8870933746898284f,1.1467997180429563f,0.7157022187180504f,-0.702900184346148f,-0.7772146839633243f,0.5316427744608359f,0f,0f,0f,1f],start_interpolation:0}
execute if entity @s[tag=aj.dimension_slash.bone.small_group2] run data modify entity @s {} merge value {transformation:[-1.067454144772296f,-0.557996451613402f,-0.47832793018524256f,0.028604331222030262f,-0.07680555200019538f,0.9235471999077478f,-0.9059677018108887f,1.1467997180429563f,0.7309299254992856f,-0.7178555074173428f,-0.7937511666008419f,0.5316427744608359f,0f,0f,0f,1f],start_interpolation:0}
execute if entity @s[tag=aj.dimension_slash.bone.small_group3] run data modify entity @s {} merge value {transformation:[-0.5879014425861843f,0.5033313462727448f,-0.010268868698640403f,-0.015405725366475349f,0.37087124069193056f,0.4223287544484446f,-0.5321362100004599f,1.1566739954537353f,-0.34044443986164863f,-0.40911120618395647f,-0.5619622801772345f,0.5046243510554304f,0f,0f,0f,1f],start_interpolation:0}
execute if entity @s[tag=aj.dimension_slash.bone.small_group4] run data modify entity @s {} merge value {transformation:[-0.4516074308238349f,0.3866433379435257f,-0.007888222539580601f,-0.015405725366475349f,0.2848916434675658f,0.3244196900087253f,-0.4087703299204114f,1.1566739954537353f,-0.26151873032976936f,-0.314266384401484f,-0.431681780630332f,0.5046243510554304f,0f,0f,0f,1f],start_interpolation:0}
execute if entity @s[tag=aj.dimension_slash.bone.small_group5] run data modify entity @s {} merge value {transformation:[-0.33371017278078596f,0.13519620619858494f,-0.11321913627288305f,0.06787821508657294f,0.052025226797438325f,0.3070251300333623f,0.2132791872427361f,1.106854496994958f,0.16849321281743984f,0.1729642210509349f,-0.29009047188239434f,0.4837918549022861f,0f,0f,0f,1f],start_interpolation:0}
execute if entity @s[tag=aj.dimension_slash.bone.small_group6] run data modify entity @s {} merge value {transformation:[-0.4416313463924558f,0.17891837720468462f,-0.14983396871880794f,-0.027475162494798297f,0.06885007659631182f,0.4063164164972067f,0.2822532314032036f,1.1142741668562974f,0.22298356629193225f,0.2289004892596575f,-0.38390512523333253f,0.48215161608924756f,0f,0f,0f,1f],start_interpolation:0}
execute if entity @s[tag=aj.dimension_slash.bone.small_group7] run data modify entity @s {} merge value {transformation:[0.3458733886411384f,-0.016872951711341712f,-0.04493119947978898f,0.012260913120313226f,0.04621366340709546f,0.20531259143619698f,0.2786448407354761f,1.0856276138133942f,0.01295401484643062f,-0.2819467209501644f,0.2055970578609004f,0.4861125940224572f,0f,0f,0f,1f],start_interpolation:0}
execute if entity @s[tag=aj.dimension_slash.bone.small_group8] run data modify entity @s {} merge value {transformation:[0.1729366943205692f,-0.019219521154640897f,-0.051179909341216606f,0.0718998756426989f,0.02310683170354773f,0.2338659981922245f,0.3173967722284894f,1.1054941404714043f,0.00647700742321531f,-0.3211578543273397f,0.2341900261726814f,0.44349676712475344f,0f,0f,0f,1f],start_interpolation:0}
execute if entity @s[tag=aj.dimension_slash.bone.small_group9] run data modify entity @s {} merge value {transformation:[1.067621836729402f,-0.3589561670337906f,1.3575824409172885f,-0.04153043151746835f,-1.3603424004627431f,0.15868021889621978f,1.1117486863650015f,1.0825364006519793f,-0.3483506383542246f,-1.7197869223480722f,-0.18077824669673906f,0.510516530132406f,0f,0f,0f,1f],start_interpolation:0}
execute if entity @s[tag=aj.dimension_slash.bone.small_group10] run data modify entity @s {} merge value {transformation:[1.421982712809371f,-0.478099497985199f,1.8081859098271935f,0.01840944295232009f,-1.8118619443805075f,0.21134873826341746f,1.4807559742712992f,1.0537046343524739f,-0.4639738235902782f,-2.290611890054873f,-0.24078145726416583f,0.4510266306859994f,0f,0f,0f,1f],start_interpolation:0}
execute if entity @s[tag=aj.dimension_slash.locator_origin.dimension_slash_locator] at @s on origin run tp @s ^0 ^1.125 ^0.5 ~0 ~0
execute if entity @s[tag=aj.dimension_slash.bone.right_arm2] run data modify entity @s {} merge value {transformation:[-0.014664457024783889f,-0.04098590709827077f,-0.9990521053075762f,0.4675197391514434f,-0.17395369111146536f,0.9840274644642564f,-0.03781616755758793f,1.267581060158645f,0.9846446399838193f,0.17323424776694304f,-0.021559878287138984f,-0.1734700132715191f,0f,0f,0f,1f],start_interpolation:0}
execute if entity @s[tag=aj.dimension_slash.bone.right_arm] run data modify entity @s {} merge value {transformation:[-0.014664457024783889f,-0.5439172749619502f,-0.8390106982024332f,0.36553525009607774f,-0.17395369111146536f,0.827692877555128f,-0.5335397021714585f,1.4227734747002314f,0.9846446399838193f,0.13812493780081164f,-0.106754084271548f,-0.14757158743386692f,0f,0f,0f,1f],start_interpolation:0}
execute if entity @s[tag=aj.dimension_slash.bone.left_arm2] run data modify entity @s {} merge value {transformation:[-0.21579514437073286f,0.8845186009519108f,0.4135931578690456f,-0.4635012782978366f,-0.9719914182893441f,-0.1542098264548485f,-0.17734715164511328f,1.511366002043401f,-0.09308672535804371f,-0.44027965430489774f,0.8930222212057637f,-0.1779609653033945f,0f,0f,0f,1f],start_interpolation:0}
execute if entity @s[tag=aj.dimension_slash.locator_origin.moonveil] at @s on origin run tp @s ^-0.71803 ^1.41196 ^0.06599 ~-72.41742 ~24.5668
execute if entity @s[tag=aj.dimension_slash.locator_origin.moonveil2] at @s on origin run tp @s ^-0.95158 ^1.30091 ^0.63497 ~-72.41742 ~24.5668
execute if entity @s[tag=aj.dimension_slash.locator_origin.moonveil3] at @s on origin run tp @s ^-1.23185 ^1.16765 ^1.31776 ~-72.41742 ~24.5668
execute if entity @s[tag=aj.dimension_slash.locator_origin.moonveil4] at @s on origin run tp @s ^-1.14029 ^0.90069 ^1.98977 ~-72.41742 ~24.5668
execute if entity @s[tag=aj.dimension_slash.locator_origin.moonveil5] at @s on origin run tp @s ^-0.81609 ^0.58909 ^2.54259 ~-72.41742 ~24.5668
execute if entity @s[tag=aj.dimension_slash.locator_origin.moonveil6] at @s on origin run tp @s ^-0.1425 ^0.28838 ^2.69175 ~-72.41742 ~24.5668
execute if entity @s[tag=aj.dimension_slash.locator_origin.moonveil7] at @s on origin run tp @s ^0.68711 ^0.1136 ^2.31164 ~-72.41742 ~24.5668
execute if entity @s[tag=aj.dimension_slash.locator_origin.moonveil8] at @s on origin run tp @s ^1.03745 ^0.28018 ^1.45817 ~-72.41742 ~24.5668
execute if entity @s[tag=aj.dimension_slash.locator_origin.moonveil9] at @s on origin run tp @s ^0.83751 ^0.59911 ^0.75181 ~-72.41742 ~24.5668
execute if entity @s[tag=aj.dimension_slash.bone.spinning_slash] run data modify entity @s {} merge value {transformation:[-0.000006593530569908784f,-0.0000074737926300612965f,-0.000017339774460658938f,-1.590037211926603f,-0.000017839027704690457f,-0.000003553670525854579f,0.000008315077651168314f,0.9314668280365827f,-0.000006188250574674938f,0.00001820752178404612f,-0.0000054946979269584385f,2.1995582755759084f,0f,0f,0f,1f],start_interpolation:0}
execute if entity @s[tag=aj.dimension_slash.bone.moonveil_slash] run data modify entity @s {} merge value {transformation:[-0.0000061814349092894855f,-0.980935282695545f,-1.6256038556867753f,-1.5694324288956383f,-0.000016724088473147304f,-0.4664192565184134f,0.7795385297970294f,0.9872137896137403f,-0.000005801484913757754f,2.3897372341560525f,-0.5151279306523536f,2.2188965586217675f,0f,0f,0f,1f],start_interpolation:0}
execute if entity @s[tag=aj.dimension_slash.bone.moonveil] run data modify entity @s {} merge value {transformation:[-0.6593530569908783f,-0.7473792630061296f,-1.7339774460658937f,-0.7127512891644306f,-1.7839027704690456f,-0.35536705258545787f,0.8315077651168314f,1.4463022624583455f,-0.6188250574674937f,1.8207521784046117f,-0.5494697926958438f,-0.017316261539908978f,0f,0f,0f,1f],start_interpolation:0}
execute if entity @s[tag=aj.dimension_slash.bone.left_arm] run data modify entity @s {} merge value {transformation:[0.07150437431228303f,0.975120869690516f,-0.20982472196626573f,-0.21078301408617225f,-0.9714324266348122f,0.02035683080930896f,-0.23644162053623585f,1.3950261564163766f,-0.22628779228365173f,0.22073714896549002f,0.948719635155707f,-0.15106265209747846f,0f,0f,0f,1f],start_interpolation:0}
execute if entity @s[tag=aj.dimension_slash.bone.head] run data modify entity @s {} merge value {transformation:[0.9997102587214887f,0.01622033604401405f,0.01778480547078401f,0.007168091285823887f,-0.012410315650708697f,0.9804120043207749f,-0.19656623781608715f,1.575578077099583f,-0.02062480721035098f,0.19628856941335127f,0.9803292379834418f,-0.050038026687617f,0f,0f,0f,1f],start_interpolation:0}
execute if entity @s[tag=aj.dimension_slash.bone.body_top] run data modify entity @s {} merge value {transformation:[0.9786543393232169f,0.06002238911966976f,0.19655278407645344f,-0.016465724430046087f,-0.02905199672129731f,0.9872007208964528f,-0.15681427915859442f,1.1868677932466047f,-0.20344941781765738f,0.14775672392784972f,0.9678720395402305f,-0.10821723673420783f,0f,0f,0f,1f],start_interpolation:0}
execute if entity @s[tag=aj.dimension_slash.bone.body] run data modify entity @s {} merge value {transformation:[0.9975910042204397f,-0.03763594155438814f,0.05827284274659502f,-1.2782250966100499e-15f,0.03978275430947681f,0.9985549559922394f,-0.03612938309587561f,0.75f,-0.05682887257377641f,0.03836060175038209f,0.9976467027336592f,-0.125f,0f,0f,0f,1f],start_interpolation:0}
execute if entity @s[tag=aj.dimension_slash.locator_origin.player_camera] at @s on origin run tp @s ^0 ^0.25 ^0.375 ~-180 ~0
execute if entity @s[tag=aj.dimension_slash.bone.right_leg2] run data modify entity @s {} merge value {transformation:[0.9744071639342311f,-0.15807874003531247f,0.159817992799611f,0.2057240355992671f,0.18490254086694113f,0.9679545482956218f,-0.16992658065990668f,0.5324244274483603f,-0.1278347732606335f,0.19512843048276368f,0.9724110069115505f,0.06260381684336933f,0f,0f,0f,1f],start_interpolation:0}
execute if entity @s[tag=aj.dimension_slash.bone.right_leg] run data modify entity @s {} merge value {transformation:[0.9744071639342311f,-0.22462340340665982f,0.008660572478617408f,0.12499999999999872f,0.18490254086694113f,0.8228189844915194f,0.5373825165943659f,0.828125f,-0.1278347732606335f,-0.5220280120858972f,0.8432941511376968f,-0.125f,0f,0f,0f,1f],start_interpolation:0}
execute if entity @s[tag=aj.dimension_slash.bone.left_leg2] run data modify entity @s {} merge value {transformation:[0.982678737653423f,-0.12828276728611826f,-0.13373866374871124f,-0.10892968082182883f,-0.00009010159891670658f,0.7213431398115875f,-0.6925778414939813f,0.4794109670066149f,0.18531726969059603f,0.6805935690734788f,0.7088370075625615f,-0.21038535389632096f,0f,0f,0f,1f],start_interpolation:0}
execute if entity @s[tag=aj.dimension_slash.bone.left_leg] run data modify entity @s {} merge value {transformation:[0.982678737653423f,-0.044717409887088555f,-0.17984118498515667f,-0.12500000000000128f,-0.00009010159891670658f,0.9703347005033325f,-0.24176550804614338f,0.828125f,0.18531726969059603f,0.23759402823324088f,0.9535232494817968f,-0.125f,0f,0f,0f,1f],start_interpolation:0}