execute if entity @s[tag=aj.dimension_slash.bone.small_group1] run data modify entity @s {} merge value {transformation:[-1.4730680961111737f,-2.526910379073309f,0.725449340535267f,0.04997054330251029f,-0.6760074771870025f,-0.43953333664491645f,-2.9036712558581965f,1.2010142820706775f,2.5405839290089856f,-1.5820925407325062f,-0.3519927805394541f,0.5269066848746808f,0f,0f,0f,1f],start_interpolation:0}
execute if entity @s[tag=aj.dimension_slash.bone.small_group2] run data modify entity @s {} merge value {transformation:[-1.4016433579475622f,-2.4043879290489745f,0.6902744363095321f,0.04997054330251029f,-0.6432298634553687f,-0.41822165827314317f,-2.7628807793619736f,1.2010142820706775f,2.417398488776323f,-1.5053815280028586f,-0.3349256861859188f,0.5269066848746808f,0f,0f,0f,1f],start_interpolation:0}
execute if entity @s[tag=aj.dimension_slash.bone.small_group3] run data modify entity @s {} merge value {transformation:[-0.19326800379000814f,2.092878208042669f,0.9864878706613351f,-0.01434062421774317f,1.5153580770583595f,0.8625602668518562f,-1.5330785101531008f,1.1653945184011378f,-1.748424265147284f,0.516236986566601f,-1.4377628443855472f,0.4734237702745179f,0f,0f,0f,1f],start_interpolation:0}
execute if entity @s[tag=aj.dimension_slash.bone.small_group4] run data modify entity @s {} merge value {transformation:[-0.17131080758907793f,1.8551061167627578f,0.8744128903170272f,-0.01434062421774317f,1.3431981025144775f,0.7645647133045075f,-1.3589053155283126f,1.1653945184011378f,-1.5497856189178822f,0.45758725366753417f,-1.2744184715690208f,0.4734237702745179f,0f,0f,0f,1f],start_interpolation:0}
execute if entity @s[tag=aj.dimension_slash.bone.small_group5] run data modify entity @s {} merge value {transformation:[-0.9238088321892495f,-1.008685730754681f,0.1304083515003167f,0.036427116214081595f,-0.978619716726414f,0.9295268386042976f,0.2572145142650652f,1.1472694774102539f,-0.2770499803346835f,0.08005593598350531f,-1.3433950854124623f,0.5089908158772581f,0f,0f,0f,1f],start_interpolation:0}
execute if entity @s[tag=aj.dimension_slash.bone.small_group6] run data modify entity @s {} merge value {transformation:[-1.1858011962914405f,-1.2947491997629832f,0.16739218529553024f,0.003975804004637446f,-1.2561564583210714f,1.1931408304355504f,0.3301606004309703f,1.0738597177406364f,-0.35562140852761037f,0.10275981496572698f,-1.7243821923622846f,0.4569530601462045f,0f,0f,0f,1f],start_interpolation:0}
execute if entity @s[tag=aj.dimension_slash.bone.small_group7] run data modify entity @s {} merge value {transformation:[0.9092876817816498f,-0.04752942047799029f,0.7948660120173024f,0.0013520559138023198f,0.21628044808438512f,1.1758967486186254f,-0.17710086243627984f,1.0947238604907719f,-0.7663509578826675f,0.2754685134244619f,0.8931396411396966f,0.4735622466012516f,0f,0f,0f,1f],start_interpolation:0}
execute if entity @s[tag=aj.dimension_slash.bone.small_group8] run data modify entity @s {} merge value {transformation:[0.4546438408908249f,-0.05140937317007114f,0.8597530334064701f,0.033760208503152034f,0.10814022404219256f,1.2718883199344315f,-0.19155807569638436f,1.1499974108456161f,-0.38317547894133375f,0.2979557390101323f,0.9660489996000801f,0.43279289890851924f,0f,0f,0f,1f],start_interpolation:0}
execute if entity @s[tag=aj.dimension_slash.bone.small_group9] run data modify entity @s {} merge value {transformation:[1.2170588867705328f,-3.4205085305471705f,-0.6530314431395932f,0.04083904747340092f,-3.353600395711699f,-0.964968279144966f,-1.1957263956559678f,1.1562648748781488f,0.9379195376775558f,0.9881895667533189f,-3.428024114288678f,0.5362693561949388f,0f,0f,0f,1f],start_interpolation:0}
execute if entity @s[tag=aj.dimension_slash.bone.small_group10] run data modify entity @s {} merge value {transformation:[1.4358944168291576f,-4.035539409898095f,-0.7704509727595642f,0.017925802707817767f,-3.9566007338036f,-1.13847619002082f,-1.4107261975906116f,1.0700487992427319f,1.106563899434479f,1.1658728243093175f,-4.044406347111197f,0.5340605212333738f,0f,0f,0f,1f],start_interpolation:0}
execute if entity @s[tag=aj.dimension_slash.locator_origin.dimension_slash_locator] at @s on origin run tp @s ^0 ^1.125 ^0.5 ~0 ~0
execute if entity @s[tag=aj.dimension_slash.bone.right_arm2] run data modify entity @s {} merge value {transformation:[-0.19348310763663917f,-0.15412903274654915f,-0.9689213220503932f,0.4804053120532575f,-0.003372588872639779f,0.9876817320851696f,-0.15643983427994057f,1.2462458581206142f,0.9810978099575826f,-0.027000692025433155f,-0.19161954474056894f,-0.13741928322572605f,0f,0f,0f,1f],start_interpolation:0}
execute if entity @s[tag=aj.dimension_slash.bone.right_arm] run data modify entity @s {} merge value {transformation:[-0.19348310763663917f,-0.4900237392490283f,-0.849965306369424f,0.38852586094406466f,-0.003372588872639779f,0.8666630077836639f,-0.4988826080188295f,1.4087451720800512f,0.9810978099575826f,-0.0936587738109631f,-0.1693373006300208f,-0.15498030331528165f,0f,0f,0f,1f],start_interpolation:0}
execute if entity @s[tag=aj.dimension_slash.bone.left_arm2] run data modify entity @s {} merge value {transformation:[-0.11953861139499564f,0.9502161073440025f,-0.28774966503849664f,-0.3413897251660538f,-0.9354424217491775f,-0.20490332061914668f,-0.2880314302142761f,1.5091059059641136f,-0.3326529662843704f,0.2347423663151968f,0.9133663150559865f,-0.4692986072338223f,0f,0f,0f,1f],start_interpolation:0}
execute if entity @s[tag=aj.dimension_slash.locator_origin.moonveil] at @s on origin run tp @s ^-0.78092 ^1.55269 ^-0.56304 ~13.9695 ~9.23083
execute if entity @s[tag=aj.dimension_slash.locator_origin.moonveil2] at @s on origin run tp @s ^-1.37851 ^1.685 ^-0.68954 ~13.9695 ~9.23083
execute if entity @s[tag=aj.dimension_slash.locator_origin.moonveil3] at @s on origin run tp @s ^-2.09562 ^1.84378 ^-0.84134 ~13.9695 ~9.23083
execute if entity @s[tag=aj.dimension_slash.locator_origin.moonveil4] at @s on origin run tp @s ^-2.78257 ^1.91594 ^-0.60864 ~13.9695 ~9.23083
execute if entity @s[tag=aj.dimension_slash.locator_origin.moonveil5] at @s on origin run tp @s ^-3.33491 ^1.91833 ^-0.15839 ~13.9695 ~9.23083
execute if entity @s[tag=aj.dimension_slash.locator_origin.moonveil6] at @s on origin run tp @s ^-3.45386 ^1.78478 ^0.57265 ~13.9695 ~9.23083
execute if entity @s[tag=aj.dimension_slash.locator_origin.moonveil7] at @s on origin run tp @s ^-3.02009 ^1.54219 ^1.35768 ~13.9695 ~9.23083
execute if entity @s[tag=aj.dimension_slash.locator_origin.moonveil8] at @s on origin run tp @s ^-2.1237 ^1.34372 ^1.54743 ~13.9695 ~9.23083
execute if entity @s[tag=aj.dimension_slash.locator_origin.moonveil9] at @s on origin run tp @s ^-1.40697 ^1.29161 ^1.195 ~13.9695 ~9.23083
execute if entity @s[tag=aj.dimension_slash.bone.spinning_slash] run data modify entity @s {} merge value {transformation:[-0.0000034062739090386666f,-0.000019122931629047698f,0.00000476558327672168f,-3.047942066162285f,-0.000019281595216880294f,0.000004234056183463796f,0.000003208247828278094f,1.9922514308571542f,-0.000004076442560490896f,-0.00000404799384214439f,-0.00001915714910692558f,-1.022144793339368f,0f,0f,0f,1f],start_interpolation:0}
execute if entity @s[tag=aj.dimension_slash.bone.moonveil_slash] run data modify entity @s {} merge value {transformation:[-0.00000319338178972375f,-0.7436695633518551f,0.238279163836084f,-3.0372974601965392f,-0.000018076495515825276f,0.16465774046803658f,0.16041239141390468f,2.052506415909905f,-0.000003821664900460215f,-0.15742198275005964f,-0.957857455346279f,-1.009405910337834f,0f,0f,0f,1f],start_interpolation:0}
execute if entity @s[tag=aj.dimension_slash.bone.moonveil] run data modify entity @s {} merge value {transformation:[-0.3406273909038666f,-1.9122931629047697f,0.476558327672168f,-0.6917975712421177f,-1.9281595216880292f,0.4234056183463796f,0.32082478282780935f,1.546506693271369f,-0.40764425604908955f,-0.40479938421443895f,-1.915714910692558f,-0.5759233504465404f,0f,0f,0f,1f],start_interpolation:0}
execute if entity @s[tag=aj.dimension_slash.bone.left_arm] run data modify entity @s {} merge value {transformation:[0.287026438885333f,0.5117808922424919f,-0.8097506663882921f,-0.17756619724476422f,-0.9398300720474548f,-0.013065354707350884f,-0.34139234347250247f,1.3883608082813441f,-0.18529775782798938f,0.8590166557418141f,0.4772369705943472f,-0.2777066630268674f,0f,0f,0f,1f],start_interpolation:0}
execute if entity @s[tag=aj.dimension_slash.bone.head] run data modify entity @s {} merge value {transformation:[0.9974636089546409f,0.05976388029288047f,0.038660411579826526f,0.02485632752192191f,-0.05526017034267789f,0.9925483775442132f,-0.10860033060745283f,1.5790989210496835f,-0.044862705946939405f,0.10618849677195784f,0.9933334489326484f,-0.15135633139037108f,0f,0f,0f,1f],start_interpolation:0}
execute if entity @s[tag=aj.dimension_slash.bone.body_top] run data modify entity @s {} merge value {transformation:[0.9973932079299885f,0.07202030992419445f,0.004456874863585439f,-0.0035016695107296576f,-0.07196378319977417f,0.9973379497023782f,-0.011757040062548088f,1.186397103354372f,-0.005291756107624265f,0.011405658327314674f,0.9999209510133379f,-0.15584730935675123f,0f,0f,0f,1f],start_interpolation:0}
execute if entity @s[tag=aj.dimension_slash.bone.body] run data modify entity @s {} merge value {transformation:[0.9966876019250718f,-0.00800381602452201f,-0.08093060668186829f,-1.2782250966100499e-15f,0.013664335708743088f,0.9974790933814219f,0.06963292465935424f,0.75f,0.08016925906161555f,-0.07050813567257426f,0.9942844123818343f,-0.125f,0f,0f,0f,1f],start_interpolation:0}
execute if entity @s[tag=aj.dimension_slash.locator_origin.player_camera] at @s on origin run tp @s ^0 ^0.25 ^0.375 ~-180 ~0
execute if entity @s[tag=aj.dimension_slash.bone.right_leg2] run data modify entity @s {} merge value {transformation:[0.9744071639342311f,-0.19405627787394095f,0.11345853820387539f,0.20574343303300724f,0.18490254086694116f,0.9789525322166439f,0.08638859906011875f,0.5467061996239482f,-0.12783477326063353f,-0.0631988978094763f,0.9897798593935268f,0.08340908675474781f,0f,0f,0f,1f],start_interpolation:0}
execute if entity @s[tag=aj.dimension_slash.bone.right_leg] run data modify entity @s {} merge value {transformation:[0.9744071639342311f,-0.22467737887445852f,-0.0071242049206527505f,0.12499999999999872f,0.18490254086694116f,0.7830784010464049f,0.5938006973687004f,0.828125f,-0.12783477326063353f,-0.5799209370566896f,0.8045806221309916f,-0.125f,0f,0f,0f,1f],start_interpolation:0}
execute if entity @s[tag=aj.dimension_slash.bone.left_leg2] run data modify entity @s {} merge value {transformation:[0.9815426788574656f,-0.06762032917560355f,-0.17888952083197374f,-0.12565179415543898f,-0.07909375073976826f,0.708121276935885f,-0.7016469452257361f,0.4995562916743357f,0.17412107332320675f,0.7028454653996672f,0.6897029096588616f,-0.2705766797896678f,0f,0f,0f,1f],start_interpolation:0}
execute if entity @s[tag=aj.dimension_slash.bone.left_leg] run data modify entity @s {} merge value {transformation:[0.9815426788574656f,0.001813688084696223f,-0.19123462060213253f,-0.12500000000000128f,-0.07909375073976826f,0.9142781449061963f,-0.39729038792903076f,0.828125f,0.17412107332320675f,0.4050829350669018f,0.8975464709653527f,-0.125f,0f,0f,0f,1f],start_interpolation:0}