execute if entity @s[tag=aj.dimension_slash.bone.small_group1] run data modify entity @s {} merge value {transformation:[-1.3831796125329525f,-2.3652524065822087f,0.35338449646204584f,0.051725604434266145f,-0.4856942961433942f,-0.1218980711636351f,-2.716933436919247f,1.194896157646831f,2.3416662016343053f,-1.422394918126864f,-0.3547921739834579f,0.5263547577139179f,0f,0f,0f,1f],start_interpolation:0}
execute if entity @s[tag=aj.dimension_slash.bone.small_group2] run data modify entity @s {} merge value {transformation:[-1.3406428057848554f,-2.2925139974720454f,0.34251689264720026f,0.051725604434266145f,-0.4707577801432261f,-0.11814934999317336f,-2.633379810545272f,1.194896157646831f,2.269653137108966f,-1.3786521263711067f,-0.34388127997972484f,0.5263547577139179f,0f,0f,0f,1f],start_interpolation:0}
execute if entity @s[tag=aj.dimension_slash.bone.small_group3] run data modify entity @s {} merge value {transformation:[-0.3490392631098064f,1.9899951529582853f,0.16796893961192885f,-0.014899284206521552f,1.3365623784293041f,0.35946805762079154f,-1.4813866493194132f,1.1724172253784777f,-1.4838784593217955f,-0.14430761385639945f,-1.3738277589304664f,0.48373563690523147f,0f,0f,0f,1f],start_interpolation:0}
execute if entity @s[tag=aj.dimension_slash.bone.small_group4] run data modify entity @s {} merge value {transformation:[-0.3021187018214732f,1.7224845906623445f,0.1453892537182005f,-0.014899284206521552f,1.1568913109567505f,0.3111455769963458f,-1.2822471815935623f,1.1724172253784777f,-1.2844040231946996f,-0.12490866664342594f,-1.1891471903658026f,0.48373563690523147f,0f,0f,0f,1f],start_interpolation:0}
execute if entity @s[tag=aj.dimension_slash.bone.small_group5] run data modify entity @s {} merge value {transformation:[-1.025193281923459f,-0.4090235179052797f,-0.29758386491146904f,0.05740177875210239f,-0.48479435333788523f,0.9864430862024536f,0.31429625007519746f,1.1362769040437486f,0.1443288946363818f,0.4080532558870455f,-1.0580828751516926f,0.4985447704423103f,0f,0f,0f,1f],start_interpolation:0}
execute if entity @s[tag=aj.dimension_slash.bone.small_group6] run data modify entity @s {} merge value {transformation:[-1.3355369045799672f,-0.5328419651548305f,-0.3876676142972218f,-0.016998718261543255f,-0.631549934466958f,1.2850563587574253f,0.409439125624176f,1.0848521110015488f,0.188019731091559f,0.5315779881513597f,-1.3783827428306015f,0.46739890065063444f,0f,0f,0f,1f],start_interpolation:0}
execute if entity @s[tag=aj.dimension_slash.bone.small_group7] run data modify entity @s {} merge value {transformation:[0.8833278833217543f,-0.04903096275855358f,0.5286518358882091f,0.0027967080045828985f,0.02123697811189882f,1.0286416775146408f,0.05991859804130294f,1.0925643407040528f,-0.5304957960791766f,-0.04046248041741672f,0.8826561880888197f,0.4747356253988018f,0f,0f,0f,1f],start_interpolation:0}
execute if entity @s[tag=aj.dimension_slash.bone.small_group8] run data modify entity @s {} merge value {transformation:[0.44166394166087725f,-0.05442180159588146f,0.5867758597293211f,0.043595481266485124f,0.010618489055949412f,1.1417384064560412f,0.06650650672647236f,1.1359464100865724f,-0.26524789803958837f,-0.044911234808860445f,0.9797021564127214f,0.42760761259548974f,0f,0f,0f,1f],start_interpolation:0}
execute if entity @s[tag=aj.dimension_slash.bone.small_group9] run data modify entity @s {} merge value {transformation:[0.9848371848143636f,-3.3426266187395495f,0.17850235066522468f,0.02684993483959238f,-3.3193780588347837f,-0.9992273109073452f,-0.39773630178220964f,1.143285540747652f,0.43214014396423817f,-0.05755128949873551f,-3.4619160629836023f,0.5480886637522803f,0f,0f,0f,1f],start_interpolation:0}
execute if entity @s[tag=aj.dimension_slash.bone.small_group10] run data modify entity @s {} merge value {transformation:[1.2008646529359022f,-4.075843414831663f,0.21765746326916252f,0.007030369106905248f,-4.04749520230295f,-1.2184113033292963f,-0.48498114547708976f,1.060191272488297f,0.5269315903207933f,-0.07017536538584268f,-4.221299414330761f,0.5222887639044723f,0f,0f,0f,1f],start_interpolation:0}
execute if entity @s[tag=aj.dimension_slash.locator_origin.dimension_slash_locator] at @s on origin run tp @s ^0 ^1.125 ^0.5 ~0 ~0
execute if entity @s[tag=aj.dimension_slash.bone.right_arm2] run data modify entity @s {} merge value {transformation:[-0.17686608007491303f,-0.15465579472979063f,-0.9720082174937777f,0.48247427799443143f,-0.019367100540155224f,0.9879330991720117f,-0.1536655686126589f,1.2476571883647318f,0.9840443613656864f,-0.008353245888944594f,-0.17772708895246336f,-0.14301163642979225f,0f,0f,0f,1f],start_interpolation:0}
execute if entity @s[tag=aj.dimension_slash.bone.right_arm] run data modify entity @s {} merge value {transformation:[-0.17686608007491303f,-0.5033694293283729f,-0.8457763341076424f,0.38809250999536155f,-0.019367100540155224f,0.8609371666425025f,-0.508342512987304f,1.4090829071102011f,0.9840443613656864f,-0.07352831231034844f,-0.16201938820150463f,-0.1567981949879826f,0f,0f,0f,1f],start_interpolation:0}
execute if entity @s[tag=aj.dimension_slash.bone.left_arm2] run data modify entity @s {} merge value {transformation:[-0.1229429873303188f,0.9531424415076308f,-0.2764136539014837f,-0.34566338590371853f,-0.9320334055582136f,-0.20656362555395844f,-0.2977334370230572f,1.512113726252722f,-0.3408793815851228f,0.22102252101285108f,0.9137561449398126f,-0.4611532039341356f,0f,0f,0f,1f],start_interpolation:0}
execute if entity @s[tag=aj.dimension_slash.locator_origin.moonveil] at @s on origin run tp @s ^-0.78633 ^1.55631 ^-0.54908 ~13.2888 ~9.81942
execute if entity @s[tag=aj.dimension_slash.locator_origin.moonveil2] at @s on origin run tp @s ^-1.38551 ^1.68945 ^-0.66692 ~13.2888 ~9.81942
execute if entity @s[tag=aj.dimension_slash.locator_origin.moonveil3] at @s on origin run tp @s ^-2.10452 ^1.84922 ^-0.80832 ~13.2888 ~9.81942
execute if entity @s[tag=aj.dimension_slash.locator_origin.moonveil4] at @s on origin run tp @s ^-2.78863 ^1.9184 ^-0.56655 ~13.2888 ~9.81942
execute if entity @s[tag=aj.dimension_slash.locator_origin.moonveil5] at @s on origin run tp @s ^-3.33546 ^1.91567 ^-0.10962 ~13.2888 ~9.81942
execute if entity @s[tag=aj.dimension_slash.locator_origin.moonveil6] at @s on origin run tp @s ^-3.44541 ^1.77445 ^0.62139 ~13.2888 ~9.81942
execute if entity @s[tag=aj.dimension_slash.locator_origin.moonveil7] at @s on origin run tp @s ^-3.00195 ^1.52406 ^1.39852 ~13.2888 ~9.81942
execute if entity @s[tag=aj.dimension_slash.locator_origin.moonveil8] at @s on origin run tp @s ^-2.10318 ^1.32435 ^1.57528 ~13.2888 ~9.81942
execute if entity @s[tag=aj.dimension_slash.locator_origin.moonveil9] at @s on origin run tp @s ^-1.39076 ^1.27648 ^1.21363 ~13.2888 ~9.81942
execute if entity @s[tag=aj.dimension_slash.bone.spinning_slash] run data modify entity @s {} merge value {transformation:[-0.000003442530360527557f,-0.000019173667620903887f,0.000004529840469591353f,-3.0590731454927163f,-0.00001924096172262471f,0.000004260441500024291f,0.0000034108694219159964f,1.9987914018492796f,-0.000004234899845962925f,-0.0000037708232772131304f,-0.000019179325199461286f,-0.9759797717323689f,0f,0f,0f,1f],start_interpolation:0}
execute if entity @s[tag=aj.dimension_slash.bone.moonveil_slash] run data modify entity @s {} merge value {transformation:[-0.000003227372212994585f,-1.2582719376218165f,0.3530090522201072f,-3.0483152381160674f,-0.000018038401614960664f,0.27959147343909385f,0.2658079881532191f,2.058919407232482f,-0.000003970218605590242f,-0.24746027756711148f,-1.494638819254892f,-0.9627457097137349f,0f,0f,0f,1f],start_interpolation:0}
execute if entity @s[tag=aj.dimension_slash.bone.moonveil] run data modify entity @s {} merge value {transformation:[-0.3442530360527557f,-1.9173667620903885f,0.4529840469591353f,-0.6973686037934179f,-1.9240961722624708f,0.42604415000242907f,0.34108694219159963f,1.5503371729501787f,-0.42348998459629245f,-0.377082327721313f,-1.9179325199461283f,-0.5631126134056155f,0f,0f,0f,1f],start_interpolation:0}
execute if entity @s[tag=aj.dimension_slash.bone.left_arm] run data modify entity @s {} merge value {transformation:[0.2853886327566582f,0.5222088410736475f,-0.8036487134300676f,-0.1794375965407244f,-0.9376232064339926f,-0.021572949933671506f,-0.3469831848773049f,1.389517587965055f,-0.19853476030590697f,0.8525447402545376f,0.4834784533095543f,-0.2728338639087396f,0f,0f,0f,1f],start_interpolation:0}
execute if entity @s[tag=aj.dimension_slash.bone.head] run data modify entity @s {} merge value {transformation:[0.9976985584864534f,0.05945299723702209f,0.032602569125570226f,0.024378258355036313f,-0.05526095936980541f,0.9915786401965061f,-0.1171239799339858f,1.5790964451342864f,-0.03929138281584982f,0.1150527766965345f,0.9925820096147399f,-0.1469797153576552f,0f,0f,0f,1f],start_interpolation:0}
execute if entity @s[tag=aj.dimension_slash.bone.body_top] run data modify entity @s {} merge value {transformation:[0.9973035999983207f,0.07147546684553098f,0.016636918873478207f,-0.003765206715391513f,-0.07110043366869237f,0.9972234810318291f,-0.022137235845629086f,1.1864396994780035f,-0.018172995419390048f,0.02089465285604261f,0.9996165043252898f,-0.15520698491972199f,0f,0f,0f,1f],start_interpolation:0}
execute if entity @s[tag=aj.dimension_slash.bone.body] run data modify entity @s {} merge value {transformation:[0.9968301166380712f,-0.008606186778034822f,-0.07909268052399629f,-1.2782250966100499e-15f,0.014020070733286146f,0.9975764559497224f,0.06815168487590846f,0.75f,0.078314469799412f,-0.06904453695936454f,0.9945349142871275f,-0.125f,0f,0f,0f,1f],start_interpolation:0}
execute if entity @s[tag=aj.dimension_slash.locator_origin.player_camera] at @s on origin run tp @s ^0 ^0.25 ^0.375 ~-180 ~0
execute if entity @s[tag=aj.dimension_slash.bone.right_leg2] run data modify entity @s {} merge value {transformation:[0.9744071639342311f,-0.1927677096300723f,0.11563428988680018f,0.2055206302709585f,0.18490254086694113f,0.9798623739033222f,0.07537093995363803f,0.5575132162699264f,-0.12783477326063353f,-0.05206090983186795f,0.9904281561087005f,0.09734226146235733f,0f,0f,0f,1f],start_interpolation:0}
execute if entity @s[tag=aj.dimension_slash.bone.right_leg] run data modify entity @s {} merge value {transformation:[0.9744071639342311f,-0.2240574059713663f,-0.01813719115604063f,0.12499999999999872f,0.18490254086694113f,0.7530067025532482f,0.6314997674511313f,0.828125f,-0.12783477326063353f,-0.6186915101561248f,0.7751639091225391f,-0.125f,0f,0f,0f,1f],start_interpolation:0}
execute if entity @s[tag=aj.dimension_slash.bone.left_leg2] run data modify entity @s {} merge value {transformation:[0.9824456783583405f,-0.09250650414277861f,-0.16199702394273272f,-0.11710940122607422f,-0.05901325688523214f,0.6696780986383513f,-0.7403030998961981f,0.5027208879203462f,0.1769687107565002f,0.7368675531568782f,0.6524632438059461f,-0.2773164236635072f,0f,0f,0f,1f],start_interpolation:0}
execute if entity @s[tag=aj.dimension_slash.bone.left_leg] run data modify entity @s {} merge value {transformation:[0.9824456783583405f,-0.021956448762231826f,-0.1852522697101758f,-0.12500000000000128f,-0.05901325688523214f,0.9054723118738193f,-0.4202824382979601f,0.828125f,0.1769687107565002f,0.4238370049767157f,0.8882816381224762f,-0.125f,0f,0f,0f,1f],start_interpolation:0}