execute if entity @s[tag=aj.dimension_slash.bone.small_group1] run data modify entity @s {} merge value {transformation:[1.4450881038294332f,-4.529640230716714f,-2.0262689902606996f,0.056078194990181546f,-3.086887645579002f,-2.472976600673986f,3.326739795135693f,1.211798120920981f,-3.885168117879997f,0.2800578176741232f,-3.3968695269346503f,0.4946282939908095f,0f,0f,0f,1f],start_interpolation:0}
execute if entity @s[tag=aj.dimension_slash.bone.small_group2] run data modify entity @s {} merge value {transformation:[1.4355654514057008f,-4.499791400456907f,-2.0129165481084823f,0.056078194990181546f,-3.0665460774475743f,-2.4566805031849563f,3.3048176807059044f,1.211798120920981f,-3.859566145587584f,0.2782123293269473f,-3.374485280778276f,0.4946282939908095f,0f,0f,0f,1f],start_interpolation:0}
execute if entity @s[tag=aj.dimension_slash.bone.small_group3] run data modify entity @s {} merge value {transformation:[-1.39844684761849f,4.739071238510951f,-1.4138694202228894f,-0.011113314559076156f,-2.742563730651006f,0.47952448658333363f,4.319939464485797f,1.1333468669097837f,4.115357472254477f,1.929957665292814f,2.398452170145147f,0.4883269400751856f,0f,0f,0f,1f],start_interpolation:0}
execute if entity @s[tag=aj.dimension_slash.bone.small_group4] run data modify entity @s {} merge value {transformation:[-1.3904386977479244f,4.71193313684487f,-1.4057729536079187f,-0.011113314559076156f,-2.726858549276375f,0.4767785088139928f,4.295201504139085f,1.1333468669097837f,4.091791042493568f,1.9189058400097643f,2.3847175298414314f,0.4883269400751856f,0f,0f,0f,1f],start_interpolation:0}
execute if entity @s[tag=aj.dimension_slash.bone.small_group5] run data modify entity @s {} merge value {transformation:[3.6229032893298587f,3.478380914285806f,-0.6502997690023342f,0.0020432176200669075f,0.20758080230844492f,0.7201693023713438f,5.008564485429362f,1.0940427907758874f,3.5325534369553746f,-3.6096640022754958f,0.37261753045255563f,0.4419249302107272f,0f,0f,0f,1f],start_interpolation:0}
execute if entity @s[tag=aj.dimension_slash.bone.small_group6] run data modify entity @s {} merge value {transformation:[3.7403187240135636f,3.591112492920332f,-0.6713754709889157f,0.03835883526966148f,0.21430833218947212f,0.74350942076005f,5.170888105253847f,1.1270859336061203f,3.647040704270825f,-3.7266503621205294f,0.3846937703670216f,0.5240183838292706f,0f,0f,0f,1f],start_interpolation:0}
execute if entity @s[tag=aj.dimension_slash.bone.small_group7] run data modify entity @s {} merge value {transformation:[-3.2166067440027555f,3.0264425826411365f,2.487739405245744f,0.008816402042287088f,3.9121744911506577f,2.310809668018269f,2.247178326030979f,1.0868230667234697f,0.20758806619382517f,3.345977431509327f,-3.802118254684376f,0.4841927937185349f,0f,0f,0f,1f],start_interpolation:0}
execute if entity @s[tag=aj.dimension_slash.bone.small_group8] run data modify entity @s {} merge value {transformation:[-3.060080868382184f,2.871806830243415f,2.36062863271494f,-0.011836884593419951f,3.721801036593449f,2.192739101039234f,2.1323589955038496f,1.145423700858423f,0.19748645713329843f,3.175015080994253f,-3.607849438751599f,0.5278620147386047f,0f,0f,0f,1f],start_interpolation:0}
execute if entity @s[tag=aj.dimension_slash.bone.small_group9] run data modify entity @s {} merge value {transformation:[4.292772502691416f,3.3390617813999803f,-1.059678867484679f,0.006658299264100113f,-1.1166642887963927f,-0.2843547168132548f,-5.419626546471265f,1.1822067407794625f,-3.3204387885227566f,4.412477473832948f,0.45263388809664673f,0.4767240124633135f,0f,0f,0f,1f],start_interpolation:0}
execute if entity @s[tag=aj.dimension_slash.bone.small_group10] run data modify entity @s {} merge value {transformation:[4.407933683218196f,3.4286379926613018f,-1.0881066188463704f,0.08061805142386272f,-1.1466207744171109f,-0.2919830327456835f,-5.565017570736957f,1.132518472774346f,-3.40951540521126f,4.530849950971169f,0.46477658908230457f,0.4718109158160752f,0f,0f,0f,1f],start_interpolation:0}
execute if entity @s[tag=aj.dimension_slash.locator_origin.dimension_slash_locator] at @s on origin run tp @s ^0 ^1.125 ^0.5 ~0 ~0
execute if entity @s[tag=aj.dimension_slash.bone.right_arm2] run data modify entity @s {} merge value {transformation:[-0.265618475379682f,-0.11244406773541304f,-0.9574983849428085f,0.45693380208813705f,0.001568726786689234f,0.9931232678107945f,-0.11706286357798329f,1.2400603644154968f,0.9640769495394245f,-0.032596112711835115f,-0.2636154942389301f,-0.09628058591570374f,0f,0f,0f,1f],start_interpolation:0}
execute if entity @s[tag=aj.dimension_slash.bone.right_arm] run data modify entity @s {} merge value {transformation:[-0.265618475379682f,-0.3984970833681175f,-0.8778649668850423f,0.382215598956615f,0.001568726786689234f,0.910394558619092f,-0.4137381862156516f,1.4107593441565767f,0.9640769495394245f,-0.11127363651760502f,-0.24119248160526474f,-0.11714439276275468f,0f,0f,0f,1f],start_interpolation:0}
execute if entity @s[tag=aj.dimension_slash.bone.left_arm2] run data modify entity @s {} merge value {transformation:[-0.3399607587661029f,0.8813943084151086f,0.32797980973320345f,-0.5242395631081317f,0.00929560437589047f,0.3518838549193196f,-0.9359975130236222f,1.335694250590353f,-0.9403936804543424f,-0.31515365417613606f,-0.12781979510610186f,-0.08331237568189617f,0f,0f,0f,1f],start_interpolation:0}
execute if entity @s[tag=aj.dimension_slash.bone.moonveil_slash] run data modify entity @s {} merge value {transformation:[0.000006649163870284328f,-0.000016571477990343972f,0.0572164635761865f,-3.011125327688017f,0.0000021048421784011743f,-0.0000053204865821036116f,-0.1785565910107153f,0.6118011776808454f,0.00001740461890505302f,0.000006974312851113044f,-0.0002647687048177617f,0.8838687290610276f,0f,0f,0f,1f],start_interpolation:0}
execute if entity @s[tag=aj.dimension_slash.bone.moonveil] run data modify entity @s {} merge value {transformation:[0.7092441461636616f,-1.7676243189700236f,0.6103089448126562f,-2.1082410136776097f,0.22451649902945858f,-0.5675185687577186f,-1.9046036374476305f,0.8360415983894665f,1.8564926832056554f,0.7439267041187246f,-0.0028241995180561252f,0.5118171207667261f,0f,0f,0f,1f],start_interpolation:0}
execute if entity @s[tag=aj.dimension_slash.bone.left_arm] run data modify entity @s {} merge value {transformation:[-0.09234077588232245f,0.9364947923156881f,0.33830560899140794f,-0.3016584620145f,0.301334400811536f,0.35010815702402265f,-0.8869170520814191f,1.4608880899478007f,-0.9490367537651027f,0.020044509244147513f,-0.31452735596790027f,-0.19693084259149712f,0f,0f,0f,1f],start_interpolation:0}
execute if entity @s[tag=aj.dimension_slash.bone.head] run data modify entity @s {} merge value {transformation:[0.9992497119261359f,0.01758391586102111f,0.03450824710887145f,0.017664305727671414f,-0.020026945412570874f,0.9972196375128529f,0.07177684874787943f,1.5792552589024462f,-0.033150183603960805f,-0.07241409021541727f,0.996823587634892f,-0.11788183364678181f,0f,0f,0f,1f],start_interpolation:0}
execute if entity @s[tag=aj.dimension_slash.bone.body_top] run data modify entity @s {} merge value {transformation:[0.9973948587957384f,0.06589063526579703f,-0.029358471215282584f,-0.008280131908236166f,-0.06753710253290261f,0.9959617481463029f,-0.059151804797658414f,1.1870953205698394f,0.025342364319239623f,0.060980492074349406f,0.9978171897482431f,-0.1418929024010569f,0f,0f,0f,1f],start_interpolation:0}
execute if entity @s[tag=aj.dimension_slash.bone.body] run data modify entity @s {} merge value {transformation:[0.9991802179691727f,-0.01892601579025413f,-0.03578684039397307f,1.5308084989341915e-17f,0.020282087589411392f,0.999075018445347f,0.037917600681544865f,0.75f,0.03503610911748186f,-0.03861234834527289f,0.9986398538077534f,-0.125f,0f,0f,0f,1f],start_interpolation:0}
execute if entity @s[tag=aj.dimension_slash.locator_origin.player_camera] at @s on origin run tp @s ^0 ^0.625 ^0.375 ~-180 ~0
execute if entity @s[tag=aj.dimension_slash.bone.right_leg2] run data modify entity @s {} merge value {transformation:[0.9744071639342311f,-0.1938685911173391f,0.11377894467706419f,0.19874132208729411f,0.1849025408669412f,0.9790939017454496f,0.08477135097319671f,0.4817385529064164f,-0.12783477326063356f,-0.061563795716717606f,0.9898829071169745f,-0.06393415593228938f,0f,0f,0f,1f],start_interpolation:0}
execute if entity @s[tag=aj.dimension_slash.bone.right_leg] run data modify entity @s {} merge value {transformation:[0.9744071639342311f,-0.2051932440689922f,0.09179548715536857f,0.12500000000000003f,0.1849025408669412f,0.9638579397386675f,0.19180438572587544f,0.828125f,-0.12783477326063356f,-0.16992234871015127f,0.9771308336933331f,-0.125f,0f,0f,0f,1f],start_interpolation:0}
execute if entity @s[tag=aj.dimension_slash.bone.left_leg2] run data modify entity @s {} merge value {transformation:[0.9627717478728024f,0.16516080628823024f,-0.21399175115917596f,-0.19550861230171557f,-0.22241944294611773f,0.9339128825457712f,-0.27988626121084836f,0.48100035465809393f,0.15362341259550147f,0.3170625109994404f,0.9358799128206792f,-0.1856910768774315f,0f,0f,0f,1f],start_interpolation:0}
execute if entity @s[tag=aj.dimension_slash.bone.left_leg] run data modify entity @s {} merge value {transformation:[0.9627717478728024f,0.1961978777091216f,-0.18594879478067497f,-0.12499999999999999f,-0.22241944294611773f,0.9659120566035647f,-0.13245184146477817f,0.828125f,0.15362341259550147f,0.16887951826763548f,0.9735910616949006f,-0.125f,0f,0f,0f,1f],start_interpolation:0}