execute if entity @s[tag=aj.dimension_slash.bone.small_group1] run data modify entity @s {} merge value {transformation:[-1.766363641466446f,-2.6197783893572444f,1.489888815469889f,0.043429493236169556f,-1.3711641639094516f,-0.8392836944909161f,-3.1013802929457523f,1.2063494426030459f,2.6838249435117785f,-2.153000714472373f,-0.6039201948648174f,0.5328416318082037f,0f,0f,0f,1f],start_interpolation:0}
execute if entity @s[tag=aj.dimension_slash.bone.small_group2] run data modify entity @s {} merge value {transformation:[-1.6284098818593067f,-2.4151725711298466f,1.373527858605955f,0.043429493236169556f,-1.264075653361958f,-0.7737352772149193f,-2.8591611590486368f,1.2063494426030459f,2.474217061876777f,-1.9848504332812715f,-0.5567537680722513f,0.5328416318082037f,0f,0f,0f,1f],start_interpolation:0}
execute if entity @s[tag=aj.dimension_slash.bone.small_group3] run data modify entity @s {} merge value {transformation:[0.35082059649895725f,1.1441101570287895f,2.672531530633732f,0.0004834124548365702f,1.9063872007671976f,1.941773659596398f,-1.0815224547943627f,1.1529711484267466f,-2.194789437371824f,1.869495902123611f,-0.512222922290581f,0.4554945882148638f,0f,0f,0f,1f],start_interpolation:0}
execute if entity @s[tag=aj.dimension_slash.bone.small_group4] run data modify entity @s {} merge value {transformation:[0.31449250071342244f,1.025635518457024f,2.395786144520084f,0.0004834124548365702f,1.7089774205977077f,1.7406995487727592f,-0.9695288839377179f,1.1529711484267466f,-1.9675150934318701f,1.6759062814434773f,-0.45918132903687897f,0.4554945882148638f,0f,0f,0f,1f],start_interpolation:0}
execute if entity @s[tag=aj.dimension_slash.bone.small_group5] run data modify entity @s {} merge value {transformation:[-0.14373568870854164f,-1.5949569831778105f,0.9752319076013766f,0.0023075263924530742f,-1.2344460488839983f,0.815523803376583f,1.151819811654965f,1.1342309290714736f,-1.4039615394255527f,-0.5537672326334688f,-1.112591051498843f,0.5204850384970644f,0f,0f,0f,1f],start_interpolation:0}
execute if entity @s[tag=aj.dimension_slash.bone.small_group6] run data modify entity @s {} merge value {transformation:[-0.17727401607386803f,-1.967113612585966f,1.202786019375031f,0.038095021519443044f,-1.5224834602902642f,1.005812690831119f,1.42057776770779f,1.0868982324105427f,-1.731552565291515f,-0.6829795869146116f,-1.3721956301819065f,0.4454591794901154f,0f,0f,0f,1f],start_interpolation:0}
execute if entity @s[tag=aj.dimension_slash.bone.small_group7] run data modify entity @s {} merge value {transformation:[0.6826532219090026f,0.23352418847344156f,1.3624195914351014f,-0.0022864121627261605f,0.6138645492832332f,1.3102328904185103f,-0.5321618166591432f,1.0977526138142109f,-1.238503534456669f,0.7781338813947681f,0.48718863787547617f,0.4779799865805584f,0f,0f,0f,1f],start_interpolation:0}
execute if entity @s[tag=aj.dimension_slash.bone.small_group8] run data modify entity @s {} merge value {transformation:[0.3413266109545013f,0.23352418847344156f,1.3624195914351014f,0.015934343700788847f,0.3069322746416166f,1.3102328904185103f,-0.5321618166591432f,1.1642520837569437f,-0.6192517672283345f,0.7781338813947681f,0.48718863787547617f,0.4461457599137655f,0f,0f,0f,1f],start_interpolation:0}
execute if entity @s[tag=aj.dimension_slash.bone.small_group9] run data modify entity @s {} merge value {transformation:[1.7842833744999704f,-3.0482764073204867f,-1.9422584547333441f,0.056301486992935475f,-3.0767078016054823f,-0.14415730363394832f,-2.6002138174149834f,1.1711998212298613f,1.896899065303636f,2.633486992052391f,-2.390511309253294f,0.5023417336714026f,0f,0f,0f,1f],start_interpolation:0}
execute if entity @s[tag=aj.dimension_slash.bone.small_group10] run data modify entity @s {} merge value {transformation:[1.9667994451282755f,-3.360087546741666f,-2.1409339489786894f,0.038317217857968836f,-3.391427215822887f,-0.15890329352975913f,-2.8661922015273196f,1.0940583661665968f,2.0909347037709556f,2.9028689213520775f,-2.6350390211587573f,0.5434375900312629f,0f,0f,0f,1f],start_interpolation:0}
execute if entity @s[tag=aj.dimension_slash.locator_origin.dimension_slash_locator] at @s on origin run tp @s ^0 ^1.125 ^0.5 ~0 ~0
execute if entity @s[tag=aj.dimension_slash.bone.right_arm2] run data modify entity @s {} merge value {transformation:[0.006801369499265603f,-0.14081394016929544f,-0.9900127148814468f,0.4735759590653795f,-0.10811220850539671f,0.9841288999446194f,-0.14071978775523686f,1.2475898733009132f,0.9941154318010661f,0.10798954832663837f,-0.00853028177662015f,-0.19079576872449913f,0f,0f,0f,1f],start_interpolation:0}
execute if entity @s[tag=aj.dimension_slash.bone.right_arm] run data modify entity @s {} merge value {transformation:[0.006801369499265603f,-0.48255016567367737f,-0.8758419257955407f,0.383097803001565f,-0.10811220850539671f,0.8703734120485528f,-0.4803768041559104f,1.410784888060017f,0.9941154318010661f,0.09795642504331632f,-0.04624983294794752f,-0.17242893902887732f,0f,0f,0f,1f],start_interpolation:0}
execute if entity @s[tag=aj.dimension_slash.bone.left_arm2] run data modify entity @s {} merge value {transformation:[-0.22023829794816524f,0.45942568958623786f,0.8604784296338318f,-0.5211329959108522f,-0.9040802202718734f,0.23506864847996553f,-0.3569057099780879f,1.4852497809098841f,-0.3662431534241368f,-0.8565458342961059f,0.3635865595974802f,0.05442720472488888f,0f,0f,0f,1f],start_interpolation:0}
execute if entity @s[tag=aj.dimension_slash.bone.moonveil_slash] run data modify entity @s {} merge value {transformation:[-0.000001925450395565673f,-0.06574794038245417f,-0.41726192216597696f,-1.4153360273441384f,-0.00001777593796723149f,-0.03522338203421098f,0.10198655739155427f,0.6903546671040168f,-0.000005645455708740787f,0.1333325582003635f,-0.17881454335596167f,2.5781462666581847f,0f,0f,0f,1f],start_interpolation:0}
execute if entity @s[tag=aj.dimension_slash.bone.moonveil] run data modify entity @s {} merge value {transformation:[-0.2053813755270051f,-0.8607003104612181f,-1.7936034863253913f,-1.3026031561503175f,-1.8961000498380256f,-0.4611060920842164f,0.43838997804130736f,0.9985392717576065f,-0.6021819422656839f,1.7454443982593038f,-0.768635649052491f,1.5693115046754875f,0f,0f,0f,1f],start_interpolation:0}
execute if entity @s[tag=aj.dimension_slash.bone.left_arm] run data modify entity @s {} merge value {transformation:[0.010381504681286041f,0.9426565621791005f,0.3336028029576975f,-0.28417116728091624f,-0.7271134962432548f,0.23613902186984026f,-0.6446272767508874f,1.4533953493469374f,-0.6864387721723347f,-0.2358748993238471f,0.687869787043669f,-0.09034636662761475f,0f,0f,0f,1f],start_interpolation:0}
execute if entity @s[tag=aj.dimension_slash.bone.head] run data modify entity @s {} merge value {transformation:[0.9997031406726049f,0.010092020963688546f,-0.02217615030158729f,0.030326179955115152f,-0.009339549441914546f,0.9993857530174776f,0.033777055554201255f,1.5775455134214165f,0.022503407420925242f,-0.033559913268035035f,0.9991833309637876f,-0.0773913764430842f,0f,0f,0f,1f],start_interpolation:0}
execute if entity @s[tag=aj.dimension_slash.bone.body_top] run data modify entity @s {} merge value {transformation:[0.97463406034632f,0.08846017101509732f,0.20558026791700063f,-0.004505012382079424f,-0.06488625855021025f,0.9908054149917959f,-0.11871985122249126f,1.1874158812683968f,-0.21419202100965687f,0.10236907622380366f,0.9714125541544559f,-0.1176992002062069f,0f,0f,0f,1f],start_interpolation:0}
execute if entity @s[tag=aj.dimension_slash.bone.body] run data modify entity @s {} merge value {transformation:[0.9933091824600574f,-0.010297171159038719f,0.1150253724473601f,1.5308084989341915e-17f,0.012147086815920237f,0.9998077286134786f,-0.015393313049611331f,0.75f,-0.11484474878033797f,0.01668754238581281f,0.9932432781583285f,-0.125f,0f,0f,0f,1f],start_interpolation:0}
execute if entity @s[tag=aj.dimension_slash.locator_origin.player_camera] at @s on origin run tp @s ^0 ^0.625 ^0.375 ~-180 ~0
execute if entity @s[tag=aj.dimension_slash.bone.right_leg2] run data modify entity @s {} merge value {transformation:[0.9744071639342311f,-0.19426654137907656f,0.11309814222284977f,0.20577029733049085f,0.1849025408669412f,0.97879049427868f,0.08820554795842739f,0.5438993230352596f,-0.12783477326063353f,-0.06503598396510046f,0.9896608467222967f,0.07955393970314811f,0f,0f,0f,1f],start_interpolation:0}
execute if entity @s[tag=aj.dimension_slash.bone.right_leg] run data modify entity @s {} merge value {transformation:[0.9744071639342311f,-0.22475213170223535f,-0.0041422420196660925f,0.12500000000000003f,0.1849025408669412f,0.7908888402497124f,0.5833574313826937f,0.828125f,-0.12783477326063353f,-0.5691935713478904f,0.8122049920319601f,-0.125f,0f,0f,0f,1f],start_interpolation:0}
execute if entity @s[tag=aj.dimension_slash.bone.left_leg2] run data modify entity @s {} merge value {transformation:[0.9812545219247746f,-0.0684813181696359f,-0.18013848079722222f,-0.12718779232064173f,-0.08406212484178299f,0.6890261002437286f,-0.7198448390799255f,0.5000431927528026f,0.17341603838534256f,0.7214938268929738f,0.6703532914710458f,-0.27165582819368145f,0f,0f,0f,1f],start_interpolation:0}
execute if entity @s[tag=aj.dimension_slash.bone.left_leg] run data modify entity @s {} merge value {transformation:[0.9812545219247746f,0.006087769935698782f,-0.19262009827479612f,-0.12499999999999999f,-0.08406212484178299f,0.9129232897313316f,-0.399380302760674f,0.828125f,0.17341603838534256f,0.4080857827998093f,0.896321857095653f,-0.125f,0f,0f,0f,1f],start_interpolation:0}