execute if entity @s[tag=aj.dimension_slash.bone.small_group1] run data modify entity @s {} merge value {transformation:[-1.6074076800366455f,-2.6089579231142714f,1.1058577624336348f,0.04706977538043886f,-0.9569000686779542f,-0.6969387453040187f,-3.035121237943294f,1.2049973597686314f,2.6671942362489434f,-1.8223493698710946f,-0.42244522178276245f,0.5290918076519022f,0f,0f,0f,1f],start_interpolation:0}
execute if entity @s[tag=aj.dimension_slash.bone.small_group2] run data modify entity @s {} merge value {transformation:[-1.5033309237752799f,-2.4400325899629878f,1.034255461268867f,0.04706977538043886f,-0.8949425102743457f,-0.6518132150325354f,-2.8386025966376134f,1.2049973597686314f,2.49449820656376f,-1.7043555257787217f,-0.39509265346589295f,0.5290918076519022f,0f,0f,0f,1f],start_interpolation:0}
execute if entity @s[tag=aj.dimension_slash.bone.small_group3] run data modify entity @s {} merge value {transformation:[0.02424044640405639f,1.7912345852639784f,1.9187277194308505f,-0.008942573850979917f,1.704692015379142f,1.448354157329666f,-1.3736522003944347f,1.1581429020477683f,-1.9960116566445023f,1.2587191487778582f,-1.149864588131669f,0.4631805695353764f,0f,0f,0f,1f],start_interpolation:0}
execute if entity @s[tag=aj.dimension_slash.bone.small_group4] run data modify entity @s {} merge value {transformation:[0.021414056905641042f,1.5823800725788784f,1.695007752144675f,-0.008942573850979917f,1.505928200142891f,1.2794788440607754f,-1.2134869918436435f,1.1581429020477683f,-1.7632805306982988f,1.11195491332365f,-1.0157925854002676f,0.4631805695353764f,0f,0f,0f,1f],start_interpolation:0}
execute if entity @s[tag=aj.dimension_slash.bone.small_group5] run data modify entity @s {} merge value {transformation:[-0.5250830925613783f,-1.3495126157823727f,0.6579551402043182f,0.01487320498738157f,-1.2553608444919706f,0.7769673509973742f,0.5917705690311201f,1.1446657693849636f,-0.8235037442498191f,-0.32394282844234734f,-1.3216293534414962f,0.5160813207679895f,0f,0f,0f,1f],start_interpolation:0}
execute if entity @s[tag=aj.dimension_slash.bone.small_group6] run data modify entity @s {} merge value {transformation:[-0.663241005589063f,-1.7045913628270226f,0.8310738528885215f,0.025529501343781784f,-1.5856667271774028f,0.9814001145449799f,0.7474750431739208f,1.076463473908512f,-1.0401809907424584f,-0.40917746225918167f,-1.6693715600642727f,0.4498627528274339f,0f,0f,0f,1f],start_interpolation:0}
execute if entity @s[tag=aj.dimension_slash.bone.small_group7] run data modify entity @s {} merge value {transformation:[0.8226337139400561f,0.04909233711411478f,1.0842813693308664f,-0.0006355034873280624f,0.4259233197133222f,1.2367876501352455f,-0.37914114383626973f,1.096579860063304f,-0.9983313433753982f,0.5681096933355089f,0.7317023151013402f,0.47490849045550465f,0f,0f,0f,1f],start_interpolation:0}
execute if entity @s[tag=aj.dimension_slash.bone.small_group8] run data modify entity @s {} merge value {transformation:[0.41131685697002807f,0.051531707902393774f,1.138158704452897f,0.023772163284282038f,0.2129616598566611f,1.2982429370984876f,-0.39798045533123966f,1.1593294060389436f,-0.4991656716876991f,0.596338746420503f,0.7680601941125869f,0.4397751200365973f,0f,0f,0f,1f],start_interpolation:0}
execute if entity @s[tag=aj.dimension_slash.bone.small_group9] run data modify entity @s {} merge value {transformation:[1.497072674725742f,-3.2887260253534487f,-1.3777495044124235f,0.05052285331581023f,-3.255612509411325f,-0.6512954506793989f,-1.9829121474853775f,1.1660976441465432f,1.4542694919822345f,1.927494364776064f,-3.020762300910567f,0.5197377867341985f,0f,0f,0f,1f],start_interpolation:0}
execute if entity @s[tag=aj.dimension_slash.bone.small_group10] run data modify entity @s {} merge value {transformation:[1.706511629725252f,-3.748815474354915f,-1.5704952684135551f,0.02884394190936264f,-3.711069410980484f,-0.7424110263552541f,-2.2603195539770184f,1.0822103570933514f,1.6577203249514663f,2.1971488794442307f,-3.4433638955329036f,0.5410932381842074f,0f,0f,0f,1f],start_interpolation:0}
execute if entity @s[tag=aj.dimension_slash.locator_origin.dimension_slash_locator] at @s on origin run tp @s ^0 ^1.125 ^0.5 ~0 ~0
execute if entity @s[tag=aj.dimension_slash.bone.right_arm2] run data modify entity @s {} merge value {transformation:[0.036804910261477725f,-0.13688120180768593f,-0.9899034979089266f,0.4737265498801332f,-0.1187189289679985f,0.9829607581493849f,-0.1403351839100872f,1.248720143837379f,0.9922455414288017f,0.12268530690376178f,0.01992739281978117f,-0.20157671219793327f,0f,0f,0f,1f],start_interpolation:0}
execute if entity @s[tag=aj.dimension_slash.bone.right_arm] run data modify entity @s {} merge value {transformation:[0.036804910261477725f,-0.4868530376385161f,-0.8727081518599413f,0.3824416053229114f,-0.1187189289679985f,0.8649852079354866f,-0.48755143929383954f,1.4109048703252827f,0.9922455414288017f,0.12155126406151759f,-0.02596296823769015f,-0.17878585018639873f,0f,0f,0f,1f],start_interpolation:0}
execute if entity @s[tag=aj.dimension_slash.bone.left_arm2] run data modify entity @s {} merge value {transformation:[-0.23050148431206727f,0.43658749918514106f,0.8696323483433663f,-0.504629982606942f,-0.9016160031543438f,0.24032268174821647f,-0.3596297978384601f,1.4778354792439552f,-0.3660022521596281f,-0.8669696443316857f,0.3382395411856369f,0.06914049608997788f,0f,0f,0f,1f],start_interpolation:0}
execute if entity @s[tag=aj.dimension_slash.bone.moonveil_slash] run data modify entity @s {} merge value {transformation:[-0.000002086644020450996f,-0.15831212002611053f,-0.7869650919991164f,-1.0673515520476113f,-0.000017738569260116556f,-0.09174835506136383f,0.19277050720786432f,0.6024738703145565f,-0.000005705398963785449f,0.34315314350535486f,-0.3115219463480998f,2.715345712047006f,0f,0f,0f,1f],start_interpolation:0}
execute if entity @s[tag=aj.dimension_slash.bone.moonveil] run data modify entity @s {} merge value {transformation:[-0.22257536218143953f,-0.8141766172771401f,-1.8131675719659648f,-1.2457652718563836f,-1.8921140544124326f,-0.4718486831727283f,0.44414324860691956f,0.9818194692635716f,-0.6085758894704478f,1.7647875951703969f,-0.7177465643860222f,1.6011795863788214f,0f,0f,0f,1f],start_interpolation:0}
execute if entity @s[tag=aj.dimension_slash.bone.left_arm] run data modify entity @s {} merge value {transformation:[-0.008382723155022448f,0.9361876140129319f,0.35140074177679204f,-0.2716309194980869f,-0.7227148794369826f,0.2371964016377105f,-0.6491695233839226f,1.44679521972376f,-0.6910954586689841f,-0.25940435312248583f,0.6746083668234564f,-0.08209752452426658f,0f,0f,0f,1f],start_interpolation:0}
execute if entity @s[tag=aj.dimension_slash.bone.head] run data modify entity @s {} merge value {transformation:[0.9995451137170466f,0.010504833256549835f,-0.028270375353511845f,0.032435245732500846f,-0.009734868215390408f,0.9995816035803563f,0.027236925754430666f,1.5772212929180474f,0.02854466649315332f,-0.02694932767204912f,0.9992291707875722f,-0.07331804314456633f,0f,0f,0f,1f],start_interpolation:0}
execute if entity @s[tag=aj.dimension_slash.bone.body_top] run data modify entity @s {} merge value {transformation:[0.968537982292248f,0.09179397404648693f,0.23131805633372865f,-0.003708631548303385f,-0.06397643944131517f,0.990088749928845f,-0.12502512731746726f,1.1873738476335647f,-0.24050195852356981f,0.10629267892517362f,0.9648112117680002f,-0.11517078547135345f,0f,0f,0f,1f],start_interpolation:0}
execute if entity @s[tag=aj.dimension_slash.bone.body] run data modify entity @s {} merge value {transformation:[0.9910977436911598f,-0.008476872110407771f,0.13286611716128355f,1.5308084989341915e-17f,0.011384877678731522f,0.9997116517338624f,-0.02114232597877671f,0.75f,-0.132648584653333f,0.02246677606547781f,0.9909084705272688f,-0.125f,0f,0f,0f,1f],start_interpolation:0}
execute if entity @s[tag=aj.dimension_slash.locator_origin.player_camera] at @s on origin run tp @s ^0 ^0.625 ^0.375 ~-180 ~0
execute if entity @s[tag=aj.dimension_slash.bone.right_leg2] run data modify entity @s {} merge value {transformation:[0.9744071639342311f,-0.19353429689700272f,0.11434664314369372f,0.20565566530781912f,0.18490254086694116f,0.9793381433599029f,0.08190147337702514f,0.5520578936018279f,-0.12783477326063353f,-0.05866239753846764f,0.9900590860450912f,0.09048087396261736f,0f,0f,0f,1f],start_interpolation:0}
execute if entity @s[tag=aj.dimension_slash.bone.right_leg] run data modify entity @s {} merge value {transformation:[0.9744071639342311f,-0.22443315563914876f,-0.012666393468626198f,0.12500000000000003f,0.18490254086694116f,0.7681867308470876f,0.6129438774728184f,0.828125f,-0.12783477326063353f,-0.5995989536351092f,0.7900249145090834f,-0.125f,0f,0f,0f,1f],start_interpolation:0}
execute if entity @s[tag=aj.dimension_slash.bone.left_leg2] run data modify entity @s {} merge value {transformation:[0.9820303449386726f,-0.08728139037279548f,-0.16732710633433984f,-0.1208034156207349f,-0.06941306204927977f,0.6574314752550744f,-0.7503103905457256f,0.5026130913865907f,0.17549424046553383f,0.7484422584532011f,0.6395591898525869f,-0.27723263991471486f,0f,0f,0f,1f],start_interpolation:0}
execute if entity @s[tag=aj.dimension_slash.bone.left_leg] run data modify entity @s {} merge value {transformation:[0.9820303449386726f,-0.011677452185781104f,-0.1883614576554359f,-0.12499999999999999f,-0.06941306204927977f,0.9057722674460083f,-0.4180411778074735f,0.828125f,0.17549424046553383f,0.4236038675887718f,0.888685284522738f,-0.125f,0f,0f,0f,1f],start_interpolation:0}