execute if entity @s[tag=aj.ringed_nightstar.bone.right_arm2] run data modify entity @s {} merge value {transformation:[0.13339929870418812f,0.6922065282288745f,0.7092635260483647f,-0.22361086313782697f,0.20062963658700006f,0.6819802402013762f,-0.703314084103142f,1.3797832706496644f,-0.9705423102720455f,0.23612088906363515f,-0.04790145842873075f,12.813348127565252f,0f,0f,0f,1f],start_interpolation:0}
execute if entity @s[tag=aj.ringed_nightstar.bone.right_arm] run data modify entity @s {} merge value {transformation:[0.04190696685156069f,0.703696707926606f,0.7092635260483647f,-0.04768668615617548f,0.10989693831067447f,0.7023332272163252f,-0.703314084103142f,1.5553665774537457f,-0.9930591468181754f,0.10741964997689468f,-0.04790145842873075f,12.840203040059476f,0f,0f,0f,1f],start_interpolation:0}
execute if entity @s[tag=aj.ringed_nightstar.bone.darksword22] run data modify entity @s {} merge value {transformation:[-0.15592819372084227f,0.9710323269998912f,-0.5288922978911466f,0.8588505330454442f,-0.6367801079283418f,-0.5155200112485783f,-0.758745449141858f,1.2359455178858147f,-0.9039590350199334f,0.19565219745223347f,0.6257177679132881f,13.636727992514343f,0f,0f,0f,1f],start_interpolation:0}
execute if entity @s[tag=aj.ringed_nightstar.bone.left_arm2] run data modify entity @s {} merge value {transformation:[-0.13963718840672446f,-0.8695811883581115f,0.4736348936338628f,0.35716929622951676f,-0.5702508429209032f,0.4616597115658911f,0.6794735365449475f,1.5253359300619787f,-0.8095155537491941f,-0.17521092309155245f,-0.5603442697730939f,13.5966153980856f,0f,0f,0f,1f],start_interpolation:0}
execute if entity @s[tag=aj.ringed_nightstar.bone.left_arm] run data modify entity @s {} merge value {transformation:[-0.08231184281953946f,-0.8768664368443417f,0.4736348936338628f,0.12766370666598886f,-0.5992977656317432f,0.42327048236783843f,0.6794735365449475f,1.5562413299499704f,-0.796283208814836f,-0.22791961453987802f,-0.5603442697730939f,13.440100093348775f,0f,0f,0f,1f],start_interpolation:0}
execute if entity @s[tag=aj.ringed_nightstar.bone.head] run data modify entity @s {} merge value {transformation:[-0.19437435879985906f,0.26413119760457915f,0.9446974749056517f,0.13993035426377282f,-0.04465851207443776f,0.9596842228128306f,-0.2775100174469928f,1.6548687075448858f,-0.979910315253616f,-0.09612961529156196f,-0.17474229918212533f,13.110794031689622f,0f,0f,0f,1f],start_interpolation:0}
execute if entity @s[tag=aj.ringed_nightstar.bone.left] run data modify entity @s {} merge value {transformation:[0.8483836677865f,1.0428714157446897f,-0.665330265699519f,-0.27369120596019697f,-0.5237894138992815f,1.0337191705359405f,0.952401872296319f,1.5339317308587301f,1.1206648928739464f,-0.3063394958035178f,0.9488236459904833f,13.299126021099726f,0f,0f,0f,1f],start_interpolation:0}
execute if entity @s[tag=aj.ringed_nightstar.bone.right] run data modify entity @s {} merge value {transformation:[0.9943829898763887f,1.0428714157446897f,0.4166793487409238f,-0.20850717116617146f,-1.0869132547430709f,1.0337191705359405f,0.0066523026322867825f,1.443266623583645f,-0.28252795633055244f,-0.3063394958035178f,1.4409490161704293f,13.215089541337846f,0f,0f,0f,1f],start_interpolation:0}
execute if entity @s[tag=aj.ringed_nightstar.bone.body_top] run data modify entity @s {} merge value {transformation:[-0.28056062851546293f,0.6952476104964598f,0.6617525926099357f,-0.13382339236920826f,-0.0013996039939594418f,0.689146113690627f,-0.7246210562036998f,1.3835174252792013f,-0.9598352852628772f,-0.20422633053567854f,-0.19237419546358936f,13.191208149338046f,0f,0f,0f,1f],start_interpolation:0}
execute if entity @s[tag=aj.ringed_nightstar.bone.body] run data modify entity @s {} merge value {transformation:[-0.28056062851546293f,0.6952476104964598f,0.6617525926099357f,-0.4379942219614094f,-0.0013996039939594418f,0.689146113690627f,-0.7246210562036998f,1.082016000539552f,-0.9598352852628772f,-0.20422633053567854f,-0.19237419546358936f,13.280557168947405f,0f,0f,0f,1f],start_interpolation:0}
execute if entity @s[tag=aj.ringed_nightstar.locator_origin.player_camera] at @s on origin run tp @s ^-0.75581 ^0.11203 ^13.37487 ~73.82718 ~-56.43731
execute if entity @s[tag=aj.ringed_nightstar.bone.right_leg2] run data modify entity @s {} merge value {transformation:[-0.11467085028357889f,0.9524245997561909f,0.28237913852567226f,-0.6940755074917941f,0.09940584445034678f,0.29382878707780985f,-0.9506750874896724f,0.9044078065815745f,-0.9884174594696084f,-0.08094458390555062f,-0.12837016846605281f,13.152954604202284f,0f,0f,0f,1f],start_interpolation:0}
execute if entity @s[tag=aj.ringed_nightstar.bone.right_leg] run data modify entity @s {} merge value {transformation:[-0.11467085028357889f,0.7888132213081283f,0.6038412854258436f,-0.41059575608418547f,0.09940584445034678f,0.6139114839312348f,-0.7830907788925001f,1.125032246119362f,-0.9884174594696084f,-0.029772332573094237f,-0.14881039623898115f,13.142255172183829f,0f,0f,0f,1f],start_interpolation:0}
execute if entity @s[tag=aj.ringed_nightstar.bone.left_leg2] run data modify entity @s {} merge value {transformation:[-0.34918251320186644f,0.44055437494127236f,0.8270328984956603f,-0.35845499787247226f,-0.04957809599091156f,0.8726655888953001f,-0.4857950003406116f,0.7673783614788263f,-0.935742264126156f,-0.21063383554909607f,-0.28287771642519327f,13.407898652962889f,0f,0f,0f,1f],start_interpolation:0}
execute if entity @s[tag=aj.ringed_nightstar.bone.left_leg] run data modify entity @s {} merge value {transformation:[-0.34918251320186644f,0.050085283943380965f,0.9357152541272048f,-0.34045559895531974f,-0.04957809599091156f,0.9961844469955496f,-0.07182311579211026f,1.125382147117852f,-0.935742264126156f,-0.07147035676755653f,-0.3453670557994406f,13.382213993499548f,0f,0f,0f,1f],start_interpolation:0}