execute if entity @s[tag=aj.ringed_nightstar.bone.right_arm2] run data modify entity @s {} merge value {transformation:[0.7994433742453462f,-0.6003145672278409f,-0.022643139121267832f,0.5602014548550657f,0.21051506460435598f,0.31524815854321697f,-0.9253658768885604f,4.070810618875992f,0.5626488238233853f,0.7350108971363353f,0.37839831149332603f,-1.7917624326613337f,0f,0f,0f,1f],start_interpolation:0}
execute if entity @s[tag=aj.ringed_nightstar.bone.right_arm] run data modify entity @s {} merge value {transformation:[0.8709607999493667f,-0.49083049335009105f,-0.022643139121267832f,0.43749383151754295f,0.16756593730473524f,0.3400288966329935f,-0.9253658768885604f,4.1558178430342405f,0.4618971114942639f,0.8021631855503311f,0.37839831149332603f,-1.591221636273751f,0f,0f,0f,1f],start_interpolation:0}
execute if entity @s[tag=aj.ringed_nightstar.locator_origin.locator] at @s on origin run tp @s ^-0.75471 ^3.58548 ^-0.54049 ~10.5338 ~-64.59228
execute if entity @s[tag=aj.ringed_nightstar.bone.darksword22] run data modify entity @s {} merge value {transformation:[1.0384986144697792f,-0.40099023856984345f,0.08758938725948316f,-0.5734481058045167f,-0.09616055738171267f,-0.469364307855134f,-1.0086598723852123f,3.841427008662756f,0.399021577603054f,0.9305097632630268f,-0.47103907006085916f,-0.9505579980074608f,0f,0f,0f,1f],start_interpolation:0}
execute if entity @s[tag=aj.ringed_nightstar.bone.left_arm2] run data modify entity @s {} merge value {transformation:[0.9299987592266682f,0.3590957360326957f,-0.07843825724729842f,-0.42296625371626717f,-0.0861139319836233f,0.42032624584041867f,0.9032774976583993f,4.072573175818761f,0.3573327560624365f,-0.8332923253101734f,0.42182603289032183f,-1.4614068561500935f,0f,0f,0f,1f],start_interpolation:0}
execute if entity @s[tag=aj.ringed_nightstar.bone.left_arm] run data modify entity @s {} merge value {transformation:[0.853513668208114f,0.5151328546908412f,-0.07843825724729842f,-0.18749383151754262f,-0.15779455447560903f,0.3989870183374695f,0.9032774976583993f,4.152595611093677f,0.496603762329458f,-0.758582560580086f,0.42182603289032183f,-1.5889770260039326f,0f,0f,0f,1f],start_interpolation:0}
execute if entity @s[tag=aj.ringed_nightstar.bone.head] run data modify entity @s {} merge value {transformation:[0.9881207729774523f,0.010583590853391094f,-0.15331446642469776f,0.12500000000000017f,-0.09103328801831174f,0.8440714829196315f,-0.5284470382114268f,4.236372656237014f,0.1238155017880106f,0.5361262158545339f,0.8350080252251955f,-1.4721467025834407f,0f,0f,0f,1f],start_interpolation:0}
execute if entity @s[tag=aj.ringed_nightstar.bone.left] run data modify entity @s {} merge value {transformation:[-1.3950498880598456f,-1.9682738430638983e-33f,-0.55121303488235f,0.05905195669520605f,-0.4522923572756402f,0.857383608762316f,1.1446942696527103f,4.184457765354656f,0.31506734736283837f,1.2308100370998392f,-0.7973952716188102f,-1.9348919730467997f,0f,0f,0f,1f],start_interpolation:0}
execute if entity @s[tag=aj.ringed_nightstar.bone.right] run data modify entity @s {} merge value {transformation:[0.2014981434625526f,-1.9682738430638983e-33f,-1.4864045540098243f,0.1223361159944095f,-1.2196544295108012f,0.857383608762316f,-0.16533729162046207f,4.082214510051759f,0.8496126003984559f,1.2308100370998392f,0.11517413693388678f,-1.8636692103451218f,0f,0f,0f,1f],start_interpolation:0}
execute if entity @s[tag=aj.ringed_nightstar.bone.body_top] run data modify entity @s {} merge value {transformation:[0.9999802608561369f,-1.312182562042599e-33f,0.006283143965558951f,0.12500000000000017f,0.005155571104902164f,0.5715890725082107f,-0.8205238279756326f,4.011309458936906f,-0.003591376431709401f,0.8205400247332261f,0.5715777898292778f,-1.7952343373221484f,0f,0f,0f,1f],start_interpolation:0}
execute if entity @s[tag=aj.ringed_nightstar.bone.body] run data modify entity @s {} merge value {transformation:[0.9999999999999998f,-1.312182562042599e-33f,1.2255907182090932e-32f,0.12500000000000017f,6.162975822039155e-33f,0.5715890725082107f,-0.8205400247332261f,3.761239239714564f,0f,0.8205400247332261f,0.5715890725082104f,-2.1542205981429348f,0f,0f,0f,1f],start_interpolation:0}
execute if entity @s[tag=aj.ringed_nightstar.locator_origin.player_camera] at @s on origin run tp @s ^0.125 ^2.47345 ^-2.0002 ~-180 ~-61.25
execute if entity @s[tag=aj.ringed_nightstar.bone.right_leg2] run data modify entity @s {} merge value {transformation:[0.9307198638189568f,-0.1708998364286355f,0.3233477709858037f,0.3662842805540325f,0.30591753955602224f,-0.12075052512032292f,-0.9443695090774349f,3.6430946284256382f,0.20043700777254625f,0.9778612154042267f,-0.06010365482527985f,-2.388016014841839f,0f,0f,0f,1f],start_interpolation:0}
execute if entity @s[tag=aj.ringed_nightstar.bone.right_leg] run data modify entity @s {} merge value {transformation:[0.9307198638189568f,-0.3235736502373076f,0.17047178055304832f,0.2500000000000001f,0.30591753955602224f,0.4333129985690517f,-0.847734807745374f,3.798816487286391f,0.20043700777254625f,0.8411539324898869f,0.5022798699649296f,-2.085726320353286f,0f,0f,0f,1f],start_interpolation:0}
execute if entity @s[tag=aj.ringed_nightstar.bone.left_leg2] run data modify entity @s {} merge value {transformation:[0.9961946980917453f,0.083270979330942f,-0.02573067226408585f,-0.031052999829959925f,-0.04192093340845098f,0.19896824897344945f,-0.979108916945711f,3.586921748932255f,-0.07641177158043248f,0.9764617657142058f,0.2017019118953376f,-2.374320709911352f,0f,0f,0f,1f],start_interpolation:0}
execute if entity @s[tag=aj.ringed_nightstar.bone.left_leg] run data modify entity @s {} merge value {transformation:[0.9961946980917453f,0.08640834735293254f,0.011389512791639697f,2.0816681711721685e-16f,-0.04192093340845098f,0.5896201415071614f,-0.8065920431489756f,3.798816487286391f,-0.07641177158043248f,0.8030452579007049f,0.5909987774328553f,-2.085726320353286f,0f,0f,0f,1f],start_interpolation:0}