execute if entity @s[tag=aj.ringed_nightstar.bone.right_arm2] run data modify entity @s {} merge value {transformation:[0.8327193319424331f,-0.553129864148246f,-0.02501734591619482f,0.547423777921156f,-0.15349160412813245f,-0.18719323059131265f,-0.9702571936775117f,3.548199873180499f,0.5319951519248276f,0.8117918746871826f,-0.24078021206143416f,-0.8455062772012856f,0f,0f,0f,1f],start_interpolation:0}
execute if entity @s[tag=aj.ringed_nightstar.bone.right_arm] run data modify entity @s {} merge value {transformation:[0.8977932375914226f,-0.4397060778957015f,-0.02501734591619482f,0.43749725844723064f,-0.12774484257840596f,-0.20562644117831239f,-0.9702571936775117f,3.496793262885921f,0.4214837573735547f,0.874286184123895f,-0.24078021206143416f,-0.6269347311703118f,0f,0f,0f,1f],start_interpolation:0}
execute if entity @s[tag=aj.ringed_nightstar.locator_origin.locator] at @s on origin run tp @s ^-0.75967 ^2.7159 ^0.27296 ~-7.19806 ~-47.82062
execute if entity @s[tag=aj.ringed_nightstar.bone.darksword22] run data modify entity @s {} merge value {transformation:[1.037648858692908f,-0.4017499099406027f,-0.09394839200575279f,-0.5709093842027619f,-0.3346933075014781f,-0.6709439613794751f,-0.8275016828058915f,3.0575623703565924f,0.2412668241003517f,0.7971045445834436f,-0.7438811121660469f,-0.06491379331461111f,0f,0f,0f,1f],start_interpolation:0}
execute if entity @s[tag=aj.ringed_nightstar.bone.left_arm2] run data modify entity @s {} merge value {transformation:[0.929237783904097f,0.35977603875277864f,0.08413288836336068f,-0.42299569353409433f,-0.2997253500013237f,0.6008453385487839f,0.7410462831097536f,3.409199104000942f,0.21605984247792692f,-0.7138249652986062f,0.6661621899994452f,-0.5025358242147471f,0f,0f,0f,1f],start_interpolation:0}
execute if entity @s[tag=aj.ringed_nightstar.bone.left_arm] run data modify entity @s {} merge value {transformation:[0.8526461204829906f,0.5156706801059603f,0.08413288836336068f,-0.18749725844723042f,-0.39950754655426735f,0.5396703869357745f,0.7410462831097536f,3.4941782574156024f,0.3367318123841216f,-0.6654619622064417f,0.6661621899994452f,-0.6268098382183424f,0f,0f,0f,1f],start_interpolation:0}
execute if entity @s[tag=aj.ringed_nightstar.bone.head] run data modify entity @s {} merge value {transformation:[0.991911329218481f,0.012360296503362794f,-0.12632948206327396f,0.1250000000000001f,-0.11913416318925384f,0.43412671663683144f,-0.8929395528608421f,3.50234345928373f,0.04380600562962038f,0.900767015921694f,0.4320877421291934f,-0.48328595365058985f,0f,0f,0f,1f],start_interpolation:0}
execute if entity @s[tag=aj.ringed_nightstar.bone.left] run data modify entity @s {} merge value {transformation:[-1.2281271192091416f,-1.208562154437784e-33f,-0.8612222588060847f,0.059516851235848114f,-0.8602416998620215f,0.07155859964836385f,1.2267288146264703f,3.70460064656952f,0.04108523921744271f,1.4982921500216055f,-0.05858870456052347f,-0.9027874114149681f,0f,0f,0f,1f],start_interpolation:0}
execute if entity @s[tag=aj.ringed_nightstar.bone.right] run data modify entity @s {} merge value {transformation:[0.5686997659509407f,-1.208562154437784e-33f,-1.3880131758046623f,0.12253990016971972f,-1.3864328302897895f,0.07155859964836385f,-0.5680522633622792f,3.5800055633206163f,0.06621618610270646f,1.4982921500216055f,0.027130239247867675f,-0.8968367363879153f,0f,0f,0f,1f],start_interpolation:0}
execute if entity @s[tag=aj.ringed_nightstar.bone.body_top] run data modify entity @s {} merge value {transformation:[0.9999912270311376f,-8.057081029585226e-34f,0.0041887779554038804f,0.1250000000000001f,0.004184008752510123f,0.047705733098909235f,-0.9988526703674845f,3.4835593268760343f,-0.0001998287231510918f,0.998861433347737f,0.0477053145779981f,-0.8765876430312614f,0f,0f,0f,1f],start_interpolation:0}
execute if entity @s[tag=aj.ringed_nightstar.bone.body] run data modify entity @s {} merge value {transformation:[1f,-8.057081029585226e-34f,9.209285757574535e-33f,0.1250000000000001f,0f,0.047705733098909235f,-0.998861433347737f,3.4626880686452615f,2.465190328815662e-32f,0.998861433347737f,0.04770573309890913f,-1.3135895201208962f,0f,0f,0f,1f],start_interpolation:0}
execute if entity @s[tag=aj.ringed_nightstar.locator_origin.player_camera] at @s on origin run tp @s ^0.125 ^2.27965 ^-1.84515 ~0 ~-87.73437
execute if entity @s[tag=aj.ringed_nightstar.bone.right_leg2] run data modify entity @s {} merge value {transformation:[0.9537169463549757f,-0.26083774004814597f,0.14962506341491139f,0.3576549285020126f,-0.024982674002921583f,-0.5645891727947926f,-0.8249938981365593f,3.519179567925632f,0.29966623472624365f,0.7830726271103261f,-0.5449746860502129f,-1.5731807926946986f,0f,0f,0f,1f],start_interpolation:0}
execute if entity @s[tag=aj.ringed_nightstar.bone.right_leg] run data modify entity @s {} merge value {transformation:[0.9537169463549757f,-0.2995615401795129f,0.02620820254459425f,0.2500000000000001f,-0.024982674002921583f,-0.1657877179418356f,-0.9858449668073079f,3.459599606790285f,0.29966623472624365f,0.939562300342514f,-0.1655984044007654f,-1.2355255910091076f,0f,0f,0f,1f],start_interpolation:0}
execute if entity @s[tag=aj.ringed_nightstar.bone.left_leg2] run data modify entity @s {} merge value {transformation:[0.9961946980917455f,0.0766084701722988f,-0.0415603872907361f,-0.03097268925217646f,0.003445467992554072f,-0.5110952342998318f,-0.8595171843694065f,3.5270441807394093f,-0.08708761246129243f,0.8561032670033796f,-0.5094143146613883f,-1.5871536794638117f,0f,0f,0f,1f],start_interpolation:0}
execute if entity @s[tag=aj.ringed_nightstar.bone.left_leg] run data modify entity @s {} merge value {transformation:[0.9961946980917455f,0.08618487444083912f,-0.012972698698141674f,9.71445146547012e-17f,0.003445467992554072f,-0.18767185794538946f,-0.982225739066961f,3.459599606790285f,-0.08708761246129243f,0.9784433765696113f,-0.18725465709255257f,-1.2355255910091076f,0f,0f,0f,1f],start_interpolation:0}