execute if entity @s[tag=aj.ringed_nightstar.bone.right_arm2] run data modify entity @s {} merge value {transformation:[0.6298554111859991f,-0.7767094641285893f,-0.0021375997744243966f,0.6071759292744197f,0.7656675056487873f,0.6213589445320377f,-0.16633199585045633f,5.228425200414748f,0.13051985210411496f,0.10312841695241814f,0.9860674915154686f,-3.4889530906225925f,0f,0f,0f,1f],start_interpolation:0}
execute if entity @s[tag=aj.ringed_nightstar.bone.right_arm] run data modify entity @s {} merge value {transformation:[0.7333078076418619f,-0.6798934401203549f,-0.0021375997744243966f,0.43720256924433093f,0.6701631526978034f,0.7233360325067073f,-0.16633199585045633f,5.409259208541425f,0.11463423580077073f,0.12054001061375905f,0.9860674915154686f,-3.458818087969153f,0f,0f,0f,1f],start_interpolation:0}
execute if entity @s[tag=aj.ringed_nightstar.locator_origin.locator] at @s on origin run tp @s ^-0.65222 ^6.65427 ^-3.34473 ~-154.09943 ~-16.44124
execute if entity @s[tag=aj.ringed_nightstar.bone.darksword22] run data modify entity @s {} merge value {transformation:[0.9595981513247384f,-0.32749581787019405f,-0.4678272348806998f,-0.48292964616195105f,0.20469661170492762f,1.0512633782858494f,-0.31605229167969756f,6.182472024509724f,0.5331183072968991f,0.18583929400694352f,0.9634277719021467f,-3.4682934524144047f,0f,0f,0f,1f],start_interpolation:0}
execute if entity @s[tag=aj.ringed_nightstar.bone.left_arm2] run data modify entity @s {} merge value {transformation:[0.8593416280520046f,0.25080335665266706f,0.4456788558914203f,-0.38659846269326203f,0.18331039854172626f,-0.964638626511888f,0.18939276128651575f,5.595887793727708f,0.477419379668865f,-0.0810555151301423f,-0.874928991052179f,-3.547373624939874f,0f,0f,0f,1f],start_interpolation:0}
execute if entity @s[tag=aj.ringed_nightstar.bone.left_arm] run data modify entity @s {} merge value {transformation:[0.8027347519562625f,0.39621619781759615f,0.4456788558914203f,-0.18720256924433015f,0.3480332412925698f,-0.9181520815897857f,0.18939276128651575f,5.409853928491833f,0.48424144902838073f,0.0030789055378122763f,-0.874928991052179f,-3.486073717426873f,0f,0f,0f,1f],start_interpolation:0}
execute if entity @s[tag=aj.ringed_nightstar.bone.head] run data modify entity @s {} merge value {transformation:[0.9442591470392289f,0.09184052175657083f,-0.3161328546611835f,0.1250000000000004f,0.08947687587894569f,0.8525469708100675f,0.514934511608536f,5.553272359909365f,0.3168099618315243f,-0.5145182029103136f,0.7968076725021226f,-3.469310012974295f,0f,0f,0f,1f],start_interpolation:0}
execute if entity @s[tag=aj.ringed_nightstar.bone.left] run data modify entity @s {} merge value {transformation:[-1.4825422657016412f,6.421137123014707e-33f,0.22818507928487486f,0.07020604746787668f,0.004977831271201764f,1.4996430406198635f,0.032341489085159096f,5.148901297276424f,-0.22813077741523632f,0.032722327551841665f,-1.4821894607895143f,-3.7031029814705247f,0f,0f,0f,1f],start_interpolation:0}
execute if entity @s[tag=aj.ringed_nightstar.bone.right] run data modify entity @s {} merge value {transformation:[0.913142143513081f,6.421137123014707e-33f,-1.1900300104368526f,0.1271941378960758f,-0.025960367865357534f,1.4996430406198635f,-0.019920090880950588f,5.14611756001916f,1.1897468155202733f,0.032722327551841665f,0.9129248404107313f,-3.5755261091298456f,0f,0f,0f,1f],start_interpolation:0}
execute if entity @s[tag=aj.ringed_nightstar.bone.body_top] run data modify entity @s {} merge value {transformation:[0.9990482215818578f,4.2807580820098046e-33f,-0.043619387365336f,0.1250000000000004f,-0.0009515519206527935f,0.999762027079909f,-0.02179412209779099f,5.159616061746651f,0.0436090071323521f,0.02181488503456111f,0.9988104751592565f,-3.4778996239566533f,0f,0f,0f,1f],start_interpolation:0}
execute if entity @s[tag=aj.ringed_nightstar.bone.body] run data modify entity @s {} merge value {transformation:[1f,4.2807580820098046e-33f,-2.4277385484683782e-32f,0.1250000000000004f,0f,0.999762027079909f,-0.021814885034561138f,4.722220174899191f,0f,0.02181488503456111f,0.9997620270799092f,-3.487443636159274f,0f,0f,0f,1f],start_interpolation:0}
execute if entity @s[tag=aj.ringed_nightstar.locator_origin.player_camera] at @s on origin run tp @s ^0.125 ^4.01243 ^-2.40193 ~-180 ~-11.25
execute if entity @s[tag=aj.ringed_nightstar.bone.right_leg2] run data modify entity @s {} merge value {transformation:[0.8925697854601201f,-0.2540387219607395f,0.372536583207917f,0.39342073895432256f,0.39173500779359327f,0.8460207617787285f,-0.3616525325617022f,4.46936187128823f,-0.22329993675016713f,0.46873574472605967f,0.854648430562812f,-3.4769342966697803f,0f,0f,0f,1f],start_interpolation:0}
execute if entity @s[tag=aj.ringed_nightstar.bone.right_leg] run data modify entity @s {} merge value {transformation:[0.8925697854601201f,-0.39908379535115734f,0.20988402123980462f,0.2500000000000004f,0.39173500779359327f,0.9168199057877232f,0.07736241994885942f,4.798844024930693f,-0.22329993675016713f,0.013167560119696359f,0.9746608402966982f,-3.472202204751764f,0f,0f,0f,1f],start_interpolation:0}
execute if entity @s[tag=aj.ringed_nightstar.bone.left_leg2] run data modify entity @s {} merge value {transformation:[0.9961946980917455f,0.08589590413722556f,0.014765403697309675f,-0.026934386428996954f,-0.08548106958951375f,0.9959808008343449f,-0.026743805099677942f,4.461112795163905f,-0.01700324191819547f,0.025379874346131204f,0.9995332669513537f,-3.3523583651399314f,0f,0f,0f,1f],start_interpolation:0}
execute if entity @s[tag=aj.ringed_nightstar.bone.left_leg] run data modify entity @s {} merge value {transformation:[0.9961946980917455f,0.07494785788938395f,0.044485301973670795f,4.0245584642661925e-16f,-0.08548106958951375f,0.9397738567423659f,0.33093516725396815f,4.798844024930693f,-0.01700324191819547f,-0.33347851022423003f,0.9426043565478041f,-3.472202204751764f,0f,0f,0f,1f],start_interpolation:0}