execute if entity @s[tag=aj.ringed_nightstar.bone.right_arm2] run data modify entity @s {} merge value {transformation:[-0.9354716246162932f,0.33876073822237424f,0.10066777923836988f,-0.36556147484848495f,0.2741629304424671f,0.875399306178746f,-0.3981340757998103f,1.2686430626505372f,-0.2229966975292506f,-0.34484375734642814f,-0.9117868478489068f,15.520747252705009f,0f,0f,0f,1f],start_interpolation:0}
execute if entity @s[tag=aj.ringed_nightstar.bone.right_arm] run data modify entity @s {} merge value {transformation:[-0.9716856844206542f,0.21375904405470128f,0.10066777923836988f,-0.31212171383480963f,0.15755489045878265f,0.9036955871196627f,-0.3981340757998103f,1.494566959430453f,-0.1760777873114207f,-0.37100048100409305f,-0.9117868478489068f,15.427997132453985f,0f,0f,0f,1f],start_interpolation:0}
execute if entity @s[tag=aj.ringed_nightstar.locator_origin.locator] at @s on origin run tp @s ^1.39297 ^0.75041 ^15.69699 ~-158.14319 ~-12.67892
execute if entity @s[tag=aj.ringed_nightstar.bone.darksword22] run data modify entity @s {} merge value {transformation:[-0.5525899071539919f,0.8815270666135799f,-0.4055846024982256f,1.0028854527206306f,-0.8687664231376226f,-0.6573569821856458f,-0.24509415424462078f,1.0628735961886846f,-0.43224268760113005f,0.19425826428721493f,1.0111253286392912f,15.567667763525128f,0f,0f,0f,1f],start_interpolation:0}
execute if entity @s[tag=aj.ringed_nightstar.bone.left_arm2] run data modify entity @s {} merge value {transformation:[-0.4948566332722316f,-0.7894272238330567f,0.3632100917894559f,0.5716879732873672f,-0.7779997819142891f,0.5886778944946083f,0.21948730230861557f,1.4470341160879683f,-0.3870830038219076f,-0.1739626247348195f,-0.9054853689307086f,15.508259658475685f,0f,0f,0f,1f],start_interpolation:0}
execute if entity @s[tag=aj.ringed_nightstar.bone.left_arm] run data modify entity @s {} merge value {transformation:[-0.5034383361624786f,-0.7839823154282566f,0.3632100917894559f,0.31276260240999315f,-0.7715321424836308f,0.5971293639069385f,0.21948730230861557f,1.499874939254249f,-0.3889575745458287f,-0.16972993800695463f,-0.9054853689307086f,15.417207477155719f,0f,0f,0f,1f],start_interpolation:0}
execute if entity @s[tag=aj.ringed_nightstar.bone.head] run data modify entity @s {} merge value {transformation:[-0.9993908556907362f,-0.012188953487328309f,-0.03270087115998596f,-0.0015837581903321157f,-0.009372121705607377f,0.9963411265741107f,-0.08495011966894131f,1.6344464004635308f,0.03361667586888296f,-0.08459189624258298f,-0.9958484474023197f,15.379828339855226f,0f,0f,0f,1f],start_interpolation:0}
execute if entity @s[tag=aj.ringed_nightstar.bone.left] run data modify entity @s {} merge value {transformation:[1.3467845684229358f,-0.01986993890007519f,0.6601337075062546f,0.0714815043916993f,-0.17942895138317544f,1.4319177508297025f,0.40916598864561093f,1.3103896857723463f,-0.6355915179290705f,-0.4463370255613055f,1.2832796585116224f,15.712734030276163f,0f,0f,0f,1f],start_interpolation:0}
execute if entity @s[tag=aj.ringed_nightstar.bone.right] run data modify entity @s {} merge value {transformation:[-0.4004952751865508f,-0.01986993890007519f,1.4454095336897972f,0.007248972631135193f,-0.43523398380834655f,1.4319177508297025f,-0.10091052570035558f,1.2726424348800807f,-1.3784683216859084f,-0.4463370255613055f,-0.3880829108857044f,15.594494540621882f,0f,0f,0f,1f],start_interpolation:0}
execute if entity @s[tag=aj.ringed_nightstar.bone.body_top] run data modify entity @s {} merge value {transformation:[-0.9998149059916845f,-0.01324662593338346f,-0.013952801088670374f,0.003632100770937623f,-0.008492767718073809f,0.9546118338864683f,-0.29773162327908786f,1.258567990870734f,0.01726344847722586f,-0.2975580170408703f,-0.9545476414728493f,15.496991809065069f,0f,0f,0f,1f],start_interpolation:0}
execute if entity @s[tag=aj.ringed_nightstar.bone.body] run data modify entity @s {} merge value {transformation:[-0.9998149059916845f,-0.01324662593338346f,-0.013952801088670374f,0.009427499616792887f,-0.008492767718073809f,0.9546118338864683f,-0.29773162327908786f,0.840925313545404f,0.01726344847722586f,-0.2975580170408703f,-0.9545476414728493f,15.62717344152045f,0f,0f,0f,1f],start_interpolation:0}
execute if entity @s[tag=aj.ringed_nightstar.locator_origin.player_camera] at @s on origin run tp @s ^0.00316 ^-0.1416 ^14.78057 ~-0.73782 ~-27.32099
execute if entity @s[tag=aj.ringed_nightstar.bone.right_leg2] run data modify entity @s {} merge value {transformation:[-0.9945356125293332f,0.09301516934530156f,-0.04740351972764016f,-0.1542613807042435f,0.09541198851334526f,0.6255337673649001f,-0.7743410478169193f,0.5787041261810377f,-0.04237296141212187f,-0.7746326123769512f,-0.630990370753173f,15.729391285814327f,0f,0f,0f,1f],start_interpolation:0}
execute if entity @s[tag=aj.ringed_nightstar.bone.right_leg] run data modify entity @s {} merge value {transformation:[-0.9945356125293332f,0.10435773046080969f,0.0028947372890972684f,-0.11675782131989f,0.09541198851334526f,0.9198372502668122f,-0.38052067679630663f,0.9092706379956734f,-0.04237296141212187f,-0.3781651717367148f,-0.9247678817014071f,15.593488177221445f,0f,0f,0f,1f],start_interpolation:0}
execute if entity @s[tag=aj.ringed_nightstar.bone.left_leg2] run data modify entity @s {} merge value {transformation:[-0.9946621608719004f,-0.07650420126122601f,-0.06924083274357323f,0.14223158921785134f,-0.08589035994054234f,0.9857421402482904f,0.1446902865019078f,0.6457334012238676f,0.05718419186213736f,0.14986507307609037f,-0.9870513806651469f,15.347318467373473f,0f,0f,0f,1f],start_interpolation:0}
execute if entity @s[tag=aj.ringed_nightstar.bone.left_leg] run data modify entity @s {} merge value {transformation:[-0.9946621608719004f,-0.025142772980369217f,-0.10007510527848208f,0.13319590517803115f,-0.08589035994054234f,0.7392290189949893f,0.6679545669766694f,0.9113938299251918f,0.05718419186213736f,0.6729846197667251f,-0.7374426552339584f,15.58917231510214f,0f,0f,0f,1f],start_interpolation:0}