execute if entity @s[tag=aj.ringed_nightstar.bone.right_arm2] run data modify entity @s {} merge value {transformation:[0.6902907908057597f,-0.7226071827575314f,0.03657162227714462f,0.5935092980422524f,0.7214922589099012f,0.6836720391725013f,-0.10973360099259259f,5.032159950975025f,0.05429129268903445f,0.10213423657587718f,0.993288001164424f,-3.3946377352246917f,0f,0f,0f,1f],start_interpolation:0}
execute if entity @s[tag=aj.ringed_nightstar.bone.right_arm] run data modify entity @s {} merge value {transformation:[0.7804504098897613f,-0.6241471574451983f,0.03657162227714462f,0.43747250868095283f,0.6239244245944822f,0.77374210768682f,-0.10973360099259259f,5.22559547789673f,0.040192911033508125f,0.10845956225910261f,0.993288001164424f,-3.367522844659916f,0f,0f,0f,1f],start_interpolation:0}
execute if entity @s[tag=aj.ringed_nightstar.locator_origin.locator] at @s on origin run tp @s ^-0.60287 ^6.48175 ^-3.33828 ~-157.28075 ~-8.35892
execute if entity @s[tag=aj.ringed_nightstar.bone.darksword22] run data modify entity @s {} merge value {transformation:[0.9960948879725721f,-0.2695784325967506f,-0.42669296605174084f,-0.4618799510777272f,0.22329026343118027f,1.0820044276271295f,-0.1623339807205049f,5.989732937132775f,0.45263768828521894f,0.05948387780239532f,1.0190805835996712f,-3.40583078376009f,0f,0f,0f,1f],start_interpolation:0}
execute if entity @s[tag=aj.ringed_nightstar.bone.left_arm2] run data modify entity @s {} merge value {transformation:[0.8920252728112588f,0.2317347419792815f,0.3880591733560683f,-0.38802982819351983f,0.19996142993837043f,-0.972306436533646f,0.1209777666029778f,5.409835417264141f,0.4053471835390021f,-0.030318358053136638f,-0.9136599246776451f,-3.436468812656345f,0f,0f,0f,1f],start_interpolation:0}
execute if entity @s[tag=aj.ringed_nightstar.bone.left_arm] run data modify entity @s {} merge value {transformation:[0.8382330889005392f,0.38311273360000153f,0.3880591733560683f,-0.18747250868095205f,0.36576280734460914f,-0.9228119790895355f,0.1209777666029778f,5.224852773409833f,0.40445377663665244f,0.040530045674641385f,-0.9136599246776451f,-3.375779579158103f,0f,0f,0f,1f],start_interpolation:0}
execute if entity @s[tag=aj.ringed_nightstar.bone.head] run data modify entity @s {} merge value {transformation:[0.9585825783718244f,0.05982221015300552f,-0.278461386217972f,0.1250000000000004f,0.11661228113051675f,0.8095541026761807f,0.5753466179006365f,5.368396072800031f,0.25984806393652865f,-0.5839892618983447f,0.7690484546866112f,-3.384529723088824f,0f,0f,0f,1f],start_interpolation:0}
execute if entity @s[tag=aj.ringed_nightstar.bone.left] run data modify entity @s {} merge value {transformation:[-1.4948265518408799f,-2.2698768301237135e-33f,0.12447320961357587f,0.06340194873442895f,-0.011151510411101576f,1.493968144139986f,-0.1339209771114197f,4.940675467920026f,-0.1239726733076943f,-0.13438446448502267f,-1.4888154996432625f,-3.5701051791400835f,0f,0f,0f,1f],start_interpolation:0}
execute if entity @s[tag=aj.ringed_nightstar.bone.right] run data modify entity @s {} merge value {transformation:[0.11612262526201761f,-2.2698768301237135e-33f,-1.4954984239049725f,0.12423843630266536f,0.13398116988977674f,1.493968144139986f,0.010403384540287466f,4.951947458567484f,1.4894846699503905f,-0.13438446448502267f,0.11565566863690634f,-3.4447931126532385f,0f,0f,0f,1f],start_interpolation:0}
execute if entity @s[tag=aj.ringed_nightstar.bone.body_top] run data modify entity @s {} merge value {transformation:[0.9999120277790478f,-1.5132512200824755e-33f,-0.01326411334363282f,0.1250000000000004f,0.0011883271790351596f,0.9959787627599905f,0.08958176159014694f,4.976229434963284f,0.013210775197099699f,-0.08958964299001512f,0.9958911442962095f,-3.3492538011615056f,0f,0f,0f,1f],start_interpolation:0}
execute if entity @s[tag=aj.ringed_nightstar.bone.body] run data modify entity @s {} merge value {transformation:[1f,-1.5132512200824755e-33f,-2.8976314699914597e-34f,0.1250000000000004f,-7.703719777548943e-34f,0.9959787627599905f,0.0895896429900151f,4.540488726255788f,0f,-0.08958964299001512f,0.9959787627599908f,-3.310058332353374f,0f,0f,0f,1f],start_interpolation:0}
execute if entity @s[tag=aj.ringed_nightstar.locator_origin.player_camera] at @s on origin run tp @s ^0.125 ^3.93901 ^-2.16099 ~-180 ~-5.7
execute if entity @s[tag=aj.ringed_nightstar.bone.right_leg2] run data modify entity @s {} merge value {transformation:[0.8150001336665029f,-0.13416497216719292f,0.5637149477945026f,0.42030640295856625f,0.3773407287899799f,0.8611705170968686f,-0.3405867215253096f,4.3052950963650645f,-0.4397598850734675f,0.4902908327987465f,0.7524799949192554f,-3.2551877640219313f,0f,0f,0f,1f],start_interpolation:0}
execute if entity @s[tag=aj.ringed_nightstar.bone.right_leg] run data modify entity @s {} merge value {transformation:[0.8150001336665029f,-0.47389607779774856f,0.33346257596841755f,0.2500000000000004f,0.3773407287899799f,0.8707682679483688f,0.3152405397953197f,4.618227442659009f,-0.4397598850734675f,-0.1310920706301794f,0.8884965461373855f,-3.3022989769046522f,0f,0f,0f,1f],start_interpolation:0}
execute if entity @s[tag=aj.ringed_nightstar.bone.left_leg2] run data modify entity @s {} merge value {transformation:[0.9961946980917455f,0.08258994238581231f,0.027839269218213565f,-0.02146984610825017f,-0.08672480727516502f,0.9710644766010761f,0.22251424692941263f,4.348051039280578f,-0.008656286558418406f,-0.22408186829858945f,0.9745318799315047f,-3.0663029019572425f,0f,0f,0f,1f],start_interpolation:0}
execute if entity @s[tag=aj.ringed_nightstar.bone.left_leg] run data modify entity @s {} merge value {transformation:[0.9961946980917455f,0.05974218047513199f,0.06345861144062899f,3.885780586188048e-16f,-0.08672480727516502f,0.7517952094008513f,0.6536687011973387f,4.618227442659009f,-0.008656286558418406f,-0.6566847302884445f,0.7541155307438058f,-3.3022989769046522f,0f,0f,0f,1f],start_interpolation:0}