execute if entity @s[tag=aj.ringed_nightstar.bone.right_arm2] run data modify entity @s {} merge value {transformation:[0.8127743733423858f,0.4361377373256345f,0.3862404589350627f,0.14327074167361253f,0.10756484599347743f,0.5392402994548106f,-0.8352542746674726f,1.4370340651588873f,-0.572562330182742f,0.7204191651562044f,0.39136760792296843f,11.276698181152385f,0f,0f,0f,1f],start_interpolation:0}
execute if entity @s[tag=aj.ringed_nightstar.bone.right_arm] run data modify entity @s {} merge value {transformation:[0.7488935777700433f,0.5384948626091213f,0.3862404589350627f,0.27789445732589285f,0.03625963084526174f,0.5486670537044115f,-0.8352542746674726f,1.5742008285849902f,-0.6616975505060824f,0.6395214985619361f,0.39136760792296843f,11.436578555792869f,0f,0f,0f,1f],start_interpolation:0}
execute if entity @s[tag=aj.ringed_nightstar.locator_origin.locator] at @s on origin run tp @s ^0.99022 ^1.27101 ^12.83765 ~-118.48715 ~-59.66566
execute if entity @s[tag=aj.ringed_nightstar.bone.darksword22] run data modify entity @s {} merge value {transformation:[0.4899591936576707f,0.8724573080659036f,-0.4956840511829751f,0.6078591990655737f,-0.49551729704781194f,-0.2692976515038885f,-0.9637872315326472f,1.4330343335548572f,-0.8725520278591989f,0.6428385994488286f,0.26899059125165103f,12.530933610397613f,0f,0f,0f,1f],start_interpolation:0}
execute if entity @s[tag=aj.ringed_nightstar.bone.left_arm2] run data modify entity @s {} merge value {transformation:[0.4387694271561231f,-0.7813050519993168f,0.44389616523848535f,0.12150261948776103f,-0.4437468331771451f,0.24116207597363165f,0.8630930431635648f,1.583919781844957f,-0.7813898756948051f,-0.575676357715369f,-0.24088709664326954f,12.252131255206486f,0f,0f,0f,1f],start_interpolation:0}
execute if entity @s[tag=aj.ringed_nightstar.bone.left_arm] run data modify entity @s {} merge value {transformation:[0.5210925454978965f,-0.7289847416188421f,0.44389616523848535f,0.004393002270287577f,-0.4673304975309926f,0.19150092668207008f,0.8630930431635648f,1.5733787013241005f,-0.714188186057399f,-0.657197566616629f,-0.24088709664326954f,11.998558340295153f,0f,0f,0f,1f],start_interpolation:0}
execute if entity @s[tag=aj.ringed_nightstar.bone.head] run data modify entity @s {} merge value {transformation:[0.5389062813315479f,0.37957772188598426f,0.7519978543780885f,0.2565011474507729f,-0.10965133308840805f,0.9167358456730523f,-0.3841509786660038f,1.6385524629675263f,-0.8351985423199311f,0.12456380817059096f,0.5356559087704557f,11.77380474983017f,0f,0f,0f,1f],start_interpolation:0}
execute if entity @s[tag=aj.ringed_nightstar.bone.left] run data modify entity @s {} merge value {transformation:[-0.4702042490288476f,1.2037295755062538f,-0.7615399354247627f,-0.19043705140111952f,-0.3593221771649351f,0.6757846749180629f,1.290039784713378f,1.6525066423933663f,1.3783307067582398f,0.5868135838555734f,0.07651327080911918f,11.628102955294745f,0f,0f,0f,1f],start_interpolation:0}
execute if entity @s[tag=aj.ringed_nightstar.bone.right] run data modify entity @s {} merge value {transformation:[0.6620235361739177f,1.2037295755062538f,-0.602295564157097f,-0.11238560437225936f,-1.3341285612053286f,0.6757846749180629f,-0.11582769669680745f,1.5409933809230654f,0.17839792523451986f,0.5868135838555734f,1.3688769112212378f,11.59641677324393f,0f,0f,0f,1f],start_interpolation:0}
execute if entity @s[tag=aj.ringed_nightstar.bone.body_top] run data modify entity @s {} merge value {transformation:[0.4376023280889684f,0.8024863836708358f,0.40561041218639715f,-0.05947786611961875f,0.0013154036174236605f,0.450523116612042f,-0.892763793571119f,1.4611589858015348f,-0.8991676552036546f,0.3912090559037156f,0.19609437119531342f,11.619766184068082f,0f,0f,0f,1f],start_interpolation:0}
execute if entity @s[tag=aj.ringed_nightstar.bone.body] run data modify entity @s {} merge value {transformation:[0.4376023280889684f,0.8024863836708358f,0.40561041218639715f,-0.4105656589756094f,0.0013154036174236605f,0.450523116612042f,-0.892763793571119f,1.2640551222837664f,-0.8991676552036546f,0.3912090559037156f,0.19609437119531342f,11.448612222110206f,0f,0f,0f,1f],start_interpolation:0}
execute if entity @s[tag=aj.ringed_nightstar.locator_origin.player_camera] at @s on origin run tp @s ^-0.51455 ^-0.02767 ^11.39612 ~115.70104 ~-73.22256
execute if entity @s[tag=aj.ringed_nightstar.bone.right_leg2] run data modify entity @s {} merge value {transformation:[0.6320102156305709f,0.7681515105957607f,0.10250045906263244f,-0.5426863683822555f,0.05988684866112742f,0.08345897898084059f,-0.9947100905213111f,1.1560178894258517f,-0.7726426422972258f,0.6348053682798585f,0.0067447540381235516f,11.151019172216333f,0f,0f,0f,1f],start_interpolation:0}
execute if entity @s[tag=aj.ringed_nightstar.bone.right_leg] run data modify entity @s {} merge value {transformation:[0.6320102156305709f,0.7069645927374103f,0.3174336969419394f,-0.28862096786724867f,0.05988684866112742f,0.3638332779737626f,-0.9295369337451342f,1.2867704736976726f,-0.7726426422972258f,0.606486941701546f,0.18760846689173416f,11.368975416890326f,0f,0f,0f,1f],start_interpolation:0}
execute if entity @s[tag=aj.ringed_nightstar.bone.left_leg2] run data modify entity @s {} merge value {transformation:[0.3609197029728108f,0.707518000725081f,0.6075814732659337f,-0.5621698723691785f,-0.023847268474047837f,0.6582827999279387f,-0.7523928914505774f,0.9715985163445668f,-0.9322919477247161f,0.25706426038836644f,0.2544596043356143f,11.538273752920423f,0f,0f,0f,1f],start_interpolation:0}
execute if entity @s[tag=aj.ringed_nightstar.bone.left_leg] run data modify entity @s {} merge value {transformation:[0.3609197029728108f,0.45676054950869643f,0.8130847240100701f,-0.39802154988949073f,-0.023847268474047837f,0.8760851657704342f,-0.48156628837919896f,1.2864416227933166f,-0.9322919477247161f,0.15441691205792424f,0.3270888892612382f,11.59376733069124f,0f,0f,0f,1f],start_interpolation:0}