execute if entity @s[tag=aj.ringed_nightstar.bone.right_arm2] run data modify entity @s {} merge value {transformation:[0.8368982356214997f,-0.5307592319876839f,-0.1337758605783f,0.541745038685016f,-0.2848512747271517f,-0.2136235618699435f,-0.934464940541011f,2.965109486762267f,0.46739821833201034f,0.8201582844023723f,-0.3299686258210316f,0.2059069803264076f,0f,0f,0f,1f],start_interpolation:0}
execute if entity @s[tag=aj.ringed_nightstar.bone.right_arm] run data modify entity @s {} merge value {transformation:[0.8990164367367357f,-0.4169813732095455f,-0.1337758605783f,0.43749969538262967f,-0.2545308624846458f,-0.24897653492348867f,-0.934464940541011f,2.9028653530313946f,0.3563474238997742f,0.8741494262732058f,-0.3299686258210316f,0.42444433689470906f,0f,0f,0f,1f],start_interpolation:0}
execute if entity @s[tag=aj.ringed_nightstar.locator_origin.locator] at @s on origin run tp @s ^-0.61013 ^2.35595 ^1.54932 ~-34.76936 ~-53.03559
execute if entity @s[tag=aj.ringed_nightstar.bone.darksword22] run data modify entity @s {} merge value {transformation:[1.013304301456046f,-0.27116097516715887f,-0.3829237034208172f,-0.4701385197701332f,-0.4664287308434016f,-0.48303195996843085f,-0.8922268820974371f,2.6136061040425185f,0.051020350243134956f,0.9695856308959491f,-0.551584148308865f,1.124425320007485f,0f,0f,0f,1f],start_interpolation:0}
execute if entity @s[tag=aj.ringed_nightstar.bone.left_arm2] run data modify entity @s {} merge value {transformation:[0.9074366878710862f,0.24283072403029163f,0.3429167493320751f,-0.3931142187147323f,-0.4176973709045388f,0.4325659343000875f,0.7990091481469587f,2.8744664307317715f,0.0456898658893746f,-0.8682856396083126f,0.49395595370943157f,0.6115325034551798f,0f,0f,0f,1f],start_interpolation:0}
execute if entity @s[tag=aj.ringed_nightstar.bone.left_arm] run data modify entity @s {} merge value {transformation:[0.8514835728737634f,0.3967163068915283f,0.3429167493320751f,-0.18749969538262976f,-0.48646589549160907f,0.35346189851385457f,0.7990091481469587f,2.902023668423784f,0.19577195317429263f,-0.8471604677658939f,0.49395595370943157f,0.4242138806604929f,0f,0f,0f,1f],start_interpolation:0}
execute if entity @s[tag=aj.ringed_nightstar.bone.head] run data modify entity @s {} merge value {transformation:[0.9825604582162109f,0.06244932992759489f,-0.1751428763653957f,0.12499999999999997f,-0.18555679111901116f,0.39001572944922086f,-0.9019181825707961f,2.864482510841464f,0.011984290532424134f,0.9186880928660099f,0.3948019311080532f,0.5629759589569174f,0f,0f,0f,1f],start_interpolation:0}
execute if entity @s[tag=aj.ringed_nightstar.bone.left] run data modify entity @s {} merge value {transformation:[-1.0479976001531326f,3.469912736558975e-33f,-1.0731733457709778f,0.060137157090257076f,-1.0350755066959618f,-0.39612521620304764f,1.010793504394536f,3.1869243079179292f,-0.2834073490779175f,1.4467497410015628f,0.27675885062728955f,0.2268188755048038f,0f,0f,0f,1f],start_interpolation:0}
execute if entity @s[tag=aj.ringed_nightstar.bone.right] run data modify entity @s {} merge value {transformation:[0.8509034236901346f,3.469912736558975e-33f,-1.2352988964426412f,0.12281162903527232f,-1.1914455723252717f,-0.39612521620304764f,-0.8206962052273634f,3.0664461154832536f,-0.326222028285818f,1.4467497410015628f,-0.22470953511811181f,0.19383151862240394f,0f,0f,0f,1f],start_interpolation:0}
execute if entity @s[tag=aj.ringed_nightstar.bone.body_top] run data modify entity @s {} merge value {transformation:[0.9999990252244151f,2.3132751577059835e-33f,0.001396262947914281f,0.12499999999999997f,0.0013466953721767098f,-0.2640834774686984f,-0.9644988871634919f,2.968465380094764f,0.00036872997474589916f,0.9644998273343752f,-0.264083220046572f,0.1832041519440072f,0f,0f,0f,1f],start_interpolation:0}
execute if entity @s[tag=aj.ringed_nightstar.bone.body] run data modify entity @s {} merge value {transformation:[1f,2.3132751577059835e-33f,-1.8343641865564566e-32f,0.12499999999999997f,0f,-0.2640834774686984f,-0.9644998273343752f,3.0840019014873192f,-2.465190328815662e-32f,0.9644998273343752f,-0.2640834774686982f,-0.23876452251478197f,0f,0f,0f,1f],start_interpolation:0}
execute if entity @s[tag=aj.ringed_nightstar.locator_origin.player_camera] at @s on origin run tp @s ^0.125 ^2.15782 ^-1.14668 ~0 ~-67.5
execute if entity @s[tag=aj.ringed_nightstar.bone.right_leg2] run data modify entity @s {} merge value {transformation:[0.9543069260467212f,-0.29466491581335097f,0.04970792982984419f,0.3567418646569162f,-0.15715831920120837f,-0.6363730713743739f,-0.755202341584954f,3.1998119105896077f,0.25416442238265574f,0.7128828104381935f,-0.653604272458981f,-0.4772727561309673f,0f,0f,0f,1f],start_interpolation:0}
execute if entity @s[tag=aj.ringed_nightstar.bone.right_leg] run data modify entity @s {} merge value {transformation:[0.9543069260467212f,-0.29702084078446256f,-0.03281632275177803f,0.24999999999999997f,-0.15715831920120837f,-0.4054459888857346f,-0.9005080859172339f,3.054104758333797f,0.25416442238265574f,0.8645184614779259f,-0.43359921143693403f,-0.1665864340373377f,0f,0f,0f,1f],start_interpolation:0}
execute if entity @s[tag=aj.ringed_nightstar.bone.left_leg2] run data modify entity @s {} merge value {transformation:[0.9961946980917455f,0.08648177473446328f,-0.010817861742207656f,-0.030992736439866594f,0.033353058785002616f,-0.49295210021288094f,-0.8694169312622075f,3.1416834559514997f,-0.08052140686538042f,0.8657477285759908f,-0.49396070036181255f,-0.5137460697044987f,0f,0f,0f,1f],start_interpolation:0}
execute if entity @s[tag=aj.ringed_nightstar.bone.left_leg] run data modify entity @s {} merge value {transformation:[0.9961946980917455f,0.08624065791962869f,0.012596523944547465f,-3.469446951953614e-17f,0.033353058785002616f,-0.243697245544912f,-0.9692776825984942f,3.054104758333797f,-0.08052140686538042f,0.9660094209868828f,-0.24564629368465407f,-0.1665864340373377f,0f,0f,0f,1f],start_interpolation:0}