execute if entity @s[tag=aj.shadow_golem.bone.black_hole] run data modify entity @s {} merge value {transformation:[-0.996917333733128f,0f,-0.07845909572784482f,0.23019033347076273f,0f,1f,0f,1.5375f,0.07845909572784482f,0f,-0.996917333733128f,-0.02697031415644667f,0f,0f,0f,1f],start_interpolation:0}
execute if entity @s[tag=aj.shadow_golem.bone.body] run data modify entity @s {} merge value {transformation:[-1.0799937782108886f,0f,-0.08499735370516522f,-0.11249999999999999f,0f,1.0833333333333333f,0f,1.5375f,0.08499735370516522f,0f,-1.0799937782108886f,-1.3777276490407722e-17f,0f,0f,0f,1f],start_interpolation:0}
execute if entity @s[tag=aj.shadow_golem.bone.left_leg] run data modify entity @s {} merge value {transformation:[-0.9802238608286709f,0.18223552549214747f,-0.07714529091743352f,-0.18749999999999994f,0.1816737541850871f,0.9832549075639546f,0.014298034539602525f,0.56875f,0.07845909572784482f,2.058269182251262e-17f,-0.996917333733128f,-0.375f,0f,0f,0f,1f],start_interpolation:0}
execute if entity @s[tag=aj.shadow_golem.bone.right_leg] run data modify entity @s {} merge value {transformation:[-0.9876883405951378f,-0.15643446504023087f,1.2246467991473532e-16f,-4.592425496802574e-17f,-0.15643446504023087f,0.9876883405951378f,0f,0.60625f,-1.2095693648649962e-16f,-1.9157696688784726e-17f,-1f,0.375f,0f,0f,0f,1f],start_interpolation:0}
execute if entity @s[tag=aj.shadow_golem.bone.left_shoulder] run data modify entity @s {} merge value {transformation:[-0.9955510931746838f,0.07845909572784493f,-0.05217462195608909f,-0.13750000000000015f,0.07835157026396236f,0.996917333733128f,0.004106231800873434f,1.6875f,0.052335956242943696f,9.608468044710107e-18f,-0.9986295347545738f,1.125f,0f,0f,0f,1f],start_interpolation:0}
execute if entity @s[tag=aj.shadow_golem.bone.left_hand] run data modify entity @s {} merge value {transformation:[-0.9574833499439257f,0.2837312873193526f,-0.05217462195608909f,-0.18688027796157852f,0.283910168929408f,0.9588420906691949f,0.004106231800873434f,0.976683120740037f,0.05119229003114482f,-0.01088125715303468f,-0.9986295347545738f,1.2498286918443218f,0f,0f,0f,1f],start_interpolation:0}
execute if entity @s[tag=aj.shadow_golem.bone.right_hand] run data modify entity @s {} merge value {transformation:[-0.9996573249755574f,0.02617694830787312f,1.2246467991473532e-16f,-0.10104044365883534f,0.02617694830787312f,0.9996573249755574f,0f,0.9837720573259643f,-1.2242271432755217e-16f,3.205751595668256e-18f,-1f,-1.25f,0f,0f,0f,1f],start_interpolation:0}
execute if entity @s[tag=aj.shadow_golem.bone.right_shoulder] run data modify entity @s {} merge value {transformation:[-0.9846436270654023f,-0.15643446504023087f,-0.0774931340640301f,-0.21249999999999986f,-0.15595222979187517f,0.9876883405951378f,-0.012273706667725688f,1.6875f,0.07845909572784482f,-1.9157696688784726e-17f,-0.996917333733128f,-1.125f,0f,0f,0f,1f],start_interpolation:0}
execute if entity @s[tag=aj.shadow_golem.bone.head] run data modify entity @s {} merge value {transformation:[-0.9986295347545738f,0f,-0.0523359562429437f,-0.825f,0f,1f,0f,1.9375f,0.0523359562429437f,0f,-0.9986295347545738f,-1.0103336092965664e-16f,0f,0f,0f,1f],start_interpolation:0}