execute if entity @s[tag=aj.shadow_golem.bone.black_hole] run data modify entity @s {} merge value {transformation:[-0.9986295347545738f,0f,-0.0523359562429437f,0.26827890257188475f,0f,1f,0f,1.525f,0.0523359562429437f,0f,-0.9986295347545738f,-0.01799048495851191f,0f,0f,0f,1f],start_interpolation:0}
execute if entity @s[tag=aj.shadow_golem.bone.body] run data modify entity @s {} merge value {transformation:[-1.0818486626507882f,0f,-0.05669728592985567f,-0.07500000000000001f,0f,1.0833333333333333f,0f,1.525f,0.05669728592985567f,0f,-1.0818486626507882f,-9.18485099360515e-18f,0f,0f,0f,1f],start_interpolation:0}
execute if entity @s[tag=aj.shadow_golem.bone.left_leg] run data modify entity @s {} merge value {transformation:[-0.9911859016360162f,0.12186934340514746f,-0.05194585196140239f,-0.12499999999999996f,0.1217023257055278f,0.992546151641322f,0.006378148623808092f,0.55625f,0.0523359562429437f,1.4924690131530345e-17f,-0.9986295347545738f,-0.375f,0f,0f,0f,1f],start_interpolation:0}
execute if entity @s[tag=aj.shadow_golem.bone.right_leg] run data modify entity @s {} merge value {transformation:[-0.9945218953682733f,-0.10452846326765346f,1.2246467991473532e-16f,-4.592425496802574e-17f,-0.10452846326765346f,0.9945218953682733f,0f,0.58125f,-1.217938055844715e-16f,-1.2801044796052349e-17f,-1f,0.375f,0f,0f,0f,1f],start_interpolation:0}
execute if entity @s[tag=aj.shadow_golem.bone.left_shoulder] run data modify entity @s {} merge value {transformation:[-0.9980211966240684f,0.05233595624294383f,-0.034851668155187206f,-0.11250000000000014f,0.052304074592470835f,0.9986295347545738f,0.001826498532322853f,1.6875f,0.034899496702500844f,6.62614656382081e-18f,-0.9993908270190958f,1.125f,0f,0f,0f,1f],start_interpolation:0}
execute if entity @s[tag=aj.shadow_golem.bone.left_hand] run data modify entity @s {} merge value {transformation:[-0.9810247656220265f,0.19072433107249012f,-0.034851668155187206f,-0.146087109756736f,0.19077742399610262f,0.981631620515824f,0.001826498532322853f,0.9632652749863937f,0.03455985719963831f,-0.004857071178032614f,-0.9993908270190958f,1.2499238533773869f,0f,0f,0f,1f],start_interpolation:0}
execute if entity @s[tag=aj.shadow_golem.bone.right_hand] run data modify entity @s {} merge value {transformation:[-0.999847695156391f,0.017452406437283505f,1.2246467991473532e-16f,-0.0867168641309511f,0.017452406437283505f,0.999847695156391f,0f,0.9664716258580018f,-1.2244602795081332e-16f,2.137303368083793e-18f,-1f,-1.25f,0f,0f,0f,1f],start_interpolation:0}
execute if entity @s[tag=aj.shadow_golem.bone.right_shoulder] run data modify entity @s {} merge value {transformation:[-0.9931589376748557f,-0.10452846326765346f,-0.052049254398643385f,-0.16249999999999987f,-0.10438521064158733f,0.9945218953682733f,-0.005470597079718072f,1.6875f,0.0523359562429437f,-1.2801044796052349e-17f,-0.9986295347545738f,-1.125f,0f,0f,0f,1f],start_interpolation:0}
execute if entity @s[tag=aj.shadow_golem.bone.head] run data modify entity @s {} merge value {transformation:[-0.9993908270190958f,0f,-0.034899496702500844f,-0.8f,0f,1f,0f,1.9375f,0.034899496702500844f,0f,-0.9993908270190958f,-9.797174393178826e-17f,0f,0f,0f,1f],start_interpolation:0}