execute if entity @s[tag=aj.shadow_golem.bone.black_hole] run data modify entity @s {} merge value {transformation:[-0.9940563382223196f,0f,0.10886687485196468f,-0.272876467069411f,0f,1f,0f,1.5625f,-0.10886687485196468f,0f,-0.9940563382223196f,0.03742298823036278f,0f,0f,0f,1f],start_interpolation:0}
execute if entity @s[tag=aj.shadow_golem.bone.body] run data modify entity @s {} merge value {transformation:[-1.0768943664075128f,0f,0.11793911442296173f,-0.6145833333333334f,0f,1.0833333333333333f,0f,1.5625f,-0.11793911442296173f,0f,-1.0768943664075128f,-7.526475119759775e-17f,0f,0f,0f,1f],start_interpolation:0}
execute if entity @s[tag=aj.shadow_golem.bone.left_leg] run data modify entity @s {} merge value {transformation:[-0.8732057547721958f,-0.48735173112724234f,1.2246467991473532e-16f,-0.5625f,-0.48735173112724234f,0.8732057547721958f,0f,0.65625f,-1.0693686325788181e-16f,-5.968337375838988e-17f,-1f,-0.37500000000000006f,0f,0f,0f,1f],start_interpolation:0}
execute if entity @s[tag=aj.shadow_golem.bone.right_leg] run data modify entity @s {} merge value {transformation:[-0.9068104302385136f,0.41526967970190204f,0.07242883908307222f,-0.8333333333333334f,0.4159731256040459f,0.9093584003531489f,-0.00580159308835579f,0.59375f,-0.06827299895158045f,0.02486750545273733f,-0.9973567088994366f,0.3749999999999999f,0f,0f,0f,1f],start_interpolation:0}
execute if entity @s[tag=aj.shadow_golem.bone.left_shoulder] run data modify entity @s {} merge value {transformation:[-0.930294604866724f,-0.34208588452983407f,0.13239786917207935f,-0.8020833333333335f,-0.3480924102282719f,0.9371395216665142f,-0.02451919395350327f,1.6875f,-0.11568760563404543f,-0.06889676723982142f,-0.9908933410648008f,1.125f,0f,0f,0f,1f],start_interpolation:0}
execute if entity @s[tag=aj.shadow_golem.bone.left_hand] run data modify entity @s {} merge value {transformation:[-0.9904169761777091f,-0.03930671110251144f,0.13239786917207935f,-0.5834490213655825f,-0.04291622496754993f,0.9987777564415445f,-0.02451919395350327f,1.0462814780984595f,-0.13127227785613374f,-0.02996624267235668f,-0.9908933410648008f,1.2962281951104773f,0f,0f,0f,1f],start_interpolation:0}
execute if entity @s[tag=aj.shadow_golem.bone.right_hand] run data modify entity @s {} merge value {transformation:[-0.9127765759041694f,0.34292731791273473f,0.2219003765428042f,-0.7130747679556964f,0.3462986285456893f,0.9377965135953428f,-0.024798365990418552f,1.0616815524962355f,-0.21660143662504816f,0.05420842847379251f,-0.9747539504584565f,-1.2399068381769842f,0f,0f,0f,1f],start_interpolation:0}
execute if entity @s[tag=aj.shadow_golem.bone.right_shoulder] run data modify entity @s {} merge value {transformation:[-0.9888405873963041f,0.09630748423758609f,0.11366248808450066f,-0.6770833333333333f,0.0946191380748494f,0.9953092092018027f,-0.02016920395193604f,1.75f,-0.1150717664229794f,-0.009189480829149997f,-0.9933146742167791f,-1.125f,0f,0f,0f,1f],start_interpolation:0}
execute if entity @s[tag=aj.shadow_golem.bone.head] run data modify entity @s {} merge value {transformation:[-0.9973569167005722f,0f,0.07265797072261072f,-1.3125f,0f,1f,0f,1.9375f,-0.07265797072261072f,0f,-0.9973569167005722f,-1.607348923880901e-16f,0f,0f,0f,1f],start_interpolation:0}