execute if entity @s[tag=aj.shadow_golem.bone.black_hole] run data modify entity @s {} merge value {transformation:[-0.996917333733128f,0f,-0.07845909572784478f,-0.21980966652923728f,0f,1f,0f,1.5625f,0.07845909572784478f,0f,-0.996917333733128f,-0.026970314156446712f,0f,0f,0f,1f],start_interpolation:0}
execute if entity @s[tag=aj.shadow_golem.bone.body] run data modify entity @s {} merge value {transformation:[-1.0799937782108886f,0f,-0.08499735370516517f,-0.5625f,0f,1.0833333333333333f,0f,1.5625f,0.08499735370516517f,0f,-1.0799937782108886f,-6.888638245203862e-17f,0f,0f,0f,1f],start_interpolation:0}
execute if entity @s[tag=aj.shadow_golem.bone.left_leg] run data modify entity @s {} merge value {transformation:[-0.9762960071199334f,-0.21643961393810296f,1.2246467991473532e-16f,-0.6f,-0.21643961393810296f,0.9762960071199334f,0f,0.60625f,-1.195617780139768e-16f,-2.6506208041798665e-17f,-1f,-0.37500000000000006f,0f,0f,0f,1f],start_interpolation:0}
execute if entity @s[tag=aj.shadow_golem.bone.right_leg] run data modify entity @s {} merge value {transformation:[-0.979744001562226f,0.19950872917285983f,0.017261471161736316f,-0.5625f,0.19958159246961932f,0.9798777900266733f,0.002589316460657758f,0.59375f,-0.016397540978079144f,0.005981939173303516f,-0.9998476569225929f,0.37499999999999994f,0f,0f,0f,1f],start_interpolation:0}
execute if entity @s[tag=aj.shadow_golem.bone.left_shoulder] run data modify entity @s {} merge value {transformation:[-0.9871077767285761f,0.15376499386355463f,-0.04443606400333649f,-0.6000000000000002f,0.1548530223637951f,0.9876889937026507f,-0.022158365992176483f,1.6875f,0.04048183032874858f,-0.028753754203343113f,-0.9987664607066299f,1.125f,0f,0f,0f,1f],start_interpolation:0}
execute if entity @s[tag=aj.shadow_golem.bone.left_hand] run data modify entity @s {} merge value {transformation:[-0.8749871684725434f,0.4821025733433625f,-0.04443606400333649f,-0.700158925280777f,0.48332377360901957f,0.8751612061105623f,-0.022158365992176483f,1.0112336125784496f,0.028206114102053766f,-0.04086529205589731f,-0.9987664607066299f,1.269614013603127f,0f,0f,0f,1f],start_interpolation:0}
execute if entity @s[tag=aj.shadow_golem.bone.right_hand] run data modify entity @s {} merge value {transformation:[-0.9986082020610506f,-0.017843217109068166f,0.04963142532302037f,-0.45064912055612166f,-0.017037677849027377f,0.9997169317348006f,0.016606442613299237f,1.1001032923724003f,-0.04991368860251319f,0.015737725564855087f,-0.9986295347545738f,-1.2498286918443218f,0f,0f,0f,1f],start_interpolation:0}
execute if entity @s[tag=aj.shadow_golem.bone.right_shoulder] run data modify entity @s {} merge value {transformation:[-0.9454002898642184f,-0.317304656405092f,-0.07440461644480284f,-0.6749999999999999f,-0.3163265120444706f,0.9483236552061993f,-0.024895436411778046f,1.75f,0.07845909572784476f,-3.885861318210466e-17f,-0.9969173337331279f,-1.125f,0f,0f,0f,1f],start_interpolation:0}
execute if entity @s[tag=aj.shadow_golem.bone.head] run data modify entity @s {} merge value {transformation:[-0.9986295347545738f,0f,-0.052335956242943675f,-1.25f,0f,1f,0f,1.9375f,0.052335956242943675f,0f,-0.9986295347545738f,-1.5308084989341916e-16f,0f,0f,0f,1f],start_interpolation:0}