execute if entity @s[tag=aj.shadow_golem.bone.black_hole] run data modify entity @s {} merge value {transformation:[-0.9914448613738104f,0f,-0.13052619222005146f,0.07830917109724739f,0f,1f,0f,1.5625f,0.13052619222005146f,0f,-0.9914448613738104f,-0.04486837857564272f,0f,0f,0f,1f],start_interpolation:0}
execute if entity @s[tag=aj.shadow_golem.bone.body] run data modify entity @s {} merge value {transformation:[-1.0740652664882946f,0f,-0.14140337490505575f,-0.26249999999999996f,0f,1.0833333333333333f,0f,1.5625f,0.14140337490505575f,0f,-1.0740652664882946f,-3.214697847761802e-17f,0f,0f,0f,1f],start_interpolation:0}
execute if entity @s[tag=aj.shadow_golem.bone.left_leg] run data modify entity @s {} merge value {transformation:[-0.9709477554413934f,0.21643961393810288f,-0.10205072131859258f,-0.37499999999999994f,0.2152539350864994f,0.9762960071199334f,0.02262410023519408f,0.59375f,0.10452846326765333f,2.6506208041798655e-17f,-0.9945218953682733f,-0.37500000000000006f,0f,0f,0f,1f],start_interpolation:0}
execute if entity @s[tag=aj.shadow_golem.bone.right_leg] run data modify entity @s {} merge value {transformation:[-0.9832549075639546f,-0.18223552549214744f,1.2246467991473532e-16f,-0.10000000000000002f,-0.18223552549214744f,0.9832549075639546f,0f,0.64375f,-1.2041399752941237e-16f,-2.2317415298489425e-17f,-1f,0.375f,0f,0f,0f,1f],start_interpolation:0}
execute if entity @s[tag=aj.shadow_golem.bone.left_shoulder] run data modify entity @s {} merge value {transformation:[-0.9825338163708403f,0.16491530576559144f,-0.08619884924982107f,-0.26250000000000007f,0.16455170817494824f,0.9863030877924478f,0.011355806787267851f,1.6875f,0.0868909375277915f,-0.0030267037061087443f,-0.9962132322149796f,1.125f,0f,0f,0f,1f],start_interpolation:0}
execute if entity @s[tag=aj.shadow_golem.bone.left_hand] run data modify entity @s {} merge value {transformation:[-0.8668754204017514f,0.4910160525800491f,-0.08619884924982107f,-0.36510441655761655f,0.49196354935903763f,0.8705417346424398f,0.011355806787267851f,1.0079971512942836f,0.08061557917266739f,-0.03256262204489272f,-0.9962132322149796f,1.2516075128248223f,0f,0f,0f,1f],start_interpolation:0}
execute if entity @s[tag=aj.shadow_golem.bone.right_hand] run data modify entity @s {} merge value {transformation:[-0.9999619230641712f,0.008726535498373822f,1.2246467991473532e-16f,-0.1864944530031183f,0.008726535498373822f,0.9999619230641712f,0f,1.042540480275413f,-1.2246001683497691e-16f,1.068692376572924e-18f,-1f,-1.25f,0f,0f,0f,1f],start_interpolation:0}
execute if entity @s[tag=aj.shadow_golem.bone.right_shoulder] run data modify entity @s {} merge value {transformation:[-0.9481234362068872f,-0.29237170472273677f,-0.12482281839778055f,-0.38749999999999984f,-0.2898704242584584f,0.9563047559630354f,-0.0381621653303441f,1.7f,0.13052619222005146f,-3.580520723499547e-17f,-0.9914448613738104f,-1.125f,0f,0f,0f,1f],start_interpolation:0}
execute if entity @s[tag=aj.shadow_golem.bone.head] run data modify entity @s {} merge value {transformation:[-0.9961946980917455f,0f,-0.08715574274765805f,-0.95f,0f,1f,0f,1.9375f,0.08715574274765805f,0f,-0.9961946980917455f,-1.1634144591899854e-16f,0f,0f,0f,1f],start_interpolation:0}