execute if entity @s[tag=aj.shadow_golem.bone.black_hole] run data modify entity @s {} merge value {transformation:[-0.9961946980917455f,0f,0.08715574274765828f,-0.9908914058642957f,0f,1f,0f,1.5625f,-0.08715574274765828f,0f,-0.9961946980917455f,0.02995978656950737f,0f,0f,0f,1f],start_interpolation:0}
execute if entity @s[tag=aj.shadow_golem.bone.body] run data modify entity @s {} merge value {transformation:[-1.0792109229327242f,0f,0.09441872130996312f,-1.3333333333333333f,0f,1.0833333333333333f,0f,1.5625f,-0.09441872130996312f,0f,-1.0792109229327242f,-1.6328623988631375e-16f,0f,0f,0f,1f],start_interpolation:0}
execute if entity @s[tag=aj.shadow_golem.bone.left_leg] run data modify entity @s {} merge value {transformation:[-0.912141328749604f,-0.4093923145260924f,-0.019902994595686816f,-1.3333333333333333f,-0.4092948902415419f,0.9123584453530142f,-0.008930846275419601f,0.65625f,0.021814885034561027f,-5.0136098757990557e-17f,-0.9997620270799091f,-0.37500000000000017f,0f,0f,0f,1f],start_interpolation:0}
execute if entity @s[tag=aj.shadow_golem.bone.right_leg] run data modify entity @s {} merge value {transformation:[-0.9346374179161349f,0.3480999513175042f,0.07265893560885309f,-1.3958333333333333f,0.3489866682915233f,0.9371275425817498f,-0.0005237265249833575f,0.59375f,-0.06827299895158047f,0.024867505452737325f,-0.9973567088994366f,0.37499999999999983f,0f,0f,0f,1f],start_interpolation:0}
execute if entity @s[tag=aj.shadow_golem.bone.left_shoulder] run data modify entity @s {} merge value {transformation:[-0.9343395557176803f,-0.3354751659497761f,0.1202747174274702f,-1.5208333333333335f,-0.3411722571890614f,0.9395288532823377f,-0.029782961143857103f,1.6875f,-0.10301012351127707f,-0.06886179551061493f,-0.9922937909577212f,1.1249999999999998f,0f,0f,0f,1f],start_interpolation:0}
execute if entity @s[tag=aj.shadow_golem.bone.left_hand] run data modify entity @s {} merge value {transformation:[-0.9927312501566332f,0.0043194108614699744f,0.1202747174274702f,-1.3052284964212961f,0.0007407405607931516f,0.9995561147474038f,-0.029782961143857103f,1.045296783511375f,-0.12034997409999548f,-0.02947738388807123f,-0.9922937909577212f,1.2963792082832626f,0f,0f,0f,1f],start_interpolation:0}
execute if entity @s[tag=aj.shadow_golem.bone.right_hand] run data modify entity @s {} merge value {transformation:[-0.9094493725804944f,0.3553253715945346f,0.21597620011045446f,-1.4138009596652497f,0.3609594762939264f,0.9324740580874571f,-0.014155828040916012f,1.0622025117683456f,-0.20642212862617096f,0.06508464715365345f,-0.9762960071199334f,-1.2470370008899918f,0f,0f,0f,1f],start_interpolation:0}
execute if entity @s[tag=aj.shadow_golem.bone.right_shoulder] run data modify entity @s {} merge value {transformation:[-0.9940617687738349f,0.06540312923014306f,0.08696913561223898f,-1.395833333333333f,0.06515425057767778f,0.9978589232386035f,-0.005700258306074188f,1.75f,-0.08715574274765825f,7.142211548603136e-18f,-0.9961946980917454f,-1.1250000000000002f,0f,0f,0f,1f],start_interpolation:0}
execute if entity @s[tag=aj.shadow_golem.bone.head] run data modify entity @s {} merge value {transformation:[-0.9983081582712682f,0f,0.058144828910475926f,-2.083333333333333f,0f,1f,0f,1.9375f,-0.058144828910475926f,0f,-0.9983081582712682f,-2.5513474982236524e-16f,0f,0f,0f,1f],start_interpolation:0}