execute if entity @s[tag=aj.shadow_golem.bone.black_hole] run data modify entity @s {} merge value {transformation:[-0.9990482215818578f,0f,-0.04361938736533581f,-1.2815771738312365f,0f,1f,0f,1.5625f,0.04361938736533581f,0f,-0.9990482215818578f,-0.014994164406834385f,0f,0f,0f,1f],start_interpolation:0}
execute if entity @s[tag=aj.shadow_golem.bone.body] run data modify entity @s {} merge value {transformation:[-1.0823022400470126f,0f,-0.047254336312447125f,-1.625f,0f,1.0833333333333333f,0f,1.5625f,0.047254336312447125f,0f,-1.0823022400470126f,-1.9900510486144489e-16f,0f,0f,0f,1f],start_interpolation:0}
execute if entity @s[tag=aj.shadow_golem.bone.left_leg] run data modify entity @s {} merge value {transformation:[-0.9960893324983027f,0.014543897651582453f,-0.0871465244527061f,-1.625f,0.014488553730095428f,0.9998942319271076f,0.0012675842022695895f,0.65625f,0.08715574274765803f,1.7811137706137158e-18f,-0.9961946980917455f,-0.3750000000000002f,0f,0f,0f,1f],start_interpolation:0}
execute if entity @s[tag=aj.shadow_golem.bone.right_leg] run data modify entity @s {} merge value {transformation:[-0.9995266809526249f,-0.014406644540419745f,0.027182028197242677f,-1.6875f,-0.014129613982363405f,0.999846537892822f,0.010356383174021858f,0.59375f,-0.02732705751703067f,0.00996740973491892f,-0.9995768518081224f,0.3749999999999998f,0f,0f,0f,1f],start_interpolation:0}
execute if entity @s[tag=aj.shadow_golem.bone.left_shoulder] run data modify entity @s {} merge value {transformation:[-0.9980480294878114f,-0.061746528878535836f,-0.009353983480265038f,-1.7291666666666667f,-0.06145983780526941f,0.9977071615722278f,-0.028339161674940383f,1.6875f,0.011082381172243944f,-0.027708950159480494f,-0.9995545982629526f,1.1249999999999998f,0f,0f,0f,1f],start_interpolation:0}
execute if entity @s[tag=aj.shadow_golem.bone.left_hand] run data modify entity @s {} merge value {transformation:[-0.9589769251565123f,0.28332977254501834f,-0.009353983480265038f,-1.6855466801276402f,0.283482590337669f,0.9585585599696071f,-0.028339161674940383f,1.005118721628461f,0.0009370127033449908f,-0.029828293591508907f,-0.9995545982629526f,1.2689942280175117f,0f,0f,0f,1f],start_interpolation:0}
execute if entity @s[tag=aj.shadow_golem.bone.right_hand] run data modify entity @s {} merge value {transformation:[-0.9812096202255692f,0.17251369075707734f,0.08641011328638362f,-1.6286286453545828f,0.17412188083494246f,0.9846583949770457f,0.011376107230962199f,1.0698036712093755f,-0.08312190921349362f,0.026208237304323343f,-0.9961946980917455f,-1.2495243372614684f,0f,0f,0f,1f],start_interpolation:0}
execute if entity @s[tag=aj.shadow_golem.bone.right_shoulder] run data modify entity @s {} merge value {transformation:[-0.9905012255519767f,-0.13052619222005152f,-0.043246217459635874f,-1.7291666666666663f,-0.13040196020729417f,0.9914448613738104f,-0.005693472539768724f,1.75f,0.0436193873653358f,-1.5984848350717824e-17f,-0.9990482215818578f,-1.1250000000000002f,0f,0f,0f,1f],start_interpolation:0}
execute if entity @s[tag=aj.shadow_golem.bone.head] run data modify entity @s {} merge value {transformation:[-0.9995769500822006f,0f,-0.02908471874311124f,-2.375f,0f,1f,0f,1.9375f,0.02908471874311124f,0f,-0.9995769500822006f,-2.9085361479749637e-16f,0f,0f,0f,1f],start_interpolation:0}