execute if entity @s[tag=aj.shadow_golem.bone.black_hole] run data modify entity @s {} merge value {transformation:[-0.9945218953682733f,0f,-0.10452846326765333f,0.19186690153284391f,0f,1f,0f,1.55f,0.10452846326765333f,0f,-0.9945218953682733f,-0.03593165924825585f,0f,0f,0f,1f],start_interpolation:0}
execute if entity @s[tag=aj.shadow_golem.bone.body] run data modify entity @s {} merge value {transformation:[-1.077398719982296f,0f,-0.11323916853995777f,-0.15000000000000002f,0f,1.0833333333333333f,0f,1.55f,0.11323916853995777f,0f,-1.077398719982296f,-1.83697019872103e-17f,0f,0f,0f,1f],start_interpolation:0}
execute if entity @s[tag=aj.shadow_golem.bone.left_leg] run data modify entity @s {} merge value {transformation:[-0.9649803447637394f,0.24192189559966765f,-0.1014235211828015f,-0.24999999999999994f,0.24059662214286703f,0.9702957262759965f,0.025287723977830957f,0.58125f,0.10452846326765332f,2.9626887508979314e-17f,-0.9945218953682733f,-0.37500000000000006f,0f,0f,0f,1f],start_interpolation:0}
execute if entity @s[tag=aj.shadow_golem.bone.right_leg] run data modify entity @s {} merge value {transformation:[-0.9781476007338057f,-0.2079116908177593f,1.2246467991473532e-16f,-4.592425496802574e-17f,-0.2079116908177593f,0.9781476007338057f,0f,0.63125f,-1.1978853283323184e-16f,-2.5461838666528304e-17f,-1f,0.375f,0f,0f,0f,1f],start_interpolation:0}
execute if entity @s[tag=aj.shadow_golem.bone.left_shoulder] run data modify entity @s {} merge value {transformation:[-0.9920992900156519f,0.10452846326765347f,-0.06937434048221455f,-0.16250000000000014f,0.10427383718471567f,0.9945218953682733f,0.0072915370034438345f,1.6875f,0.06975647374412516f,1.3234725665046553e-17f,-0.9975640502598242f,1.125f,0f,0f,0f,1f],start_interpolation:0}
execute if entity @s[tag=aj.shadow_golem.bone.left_hand] run data modify entity @s {} merge value {transformation:[-0.9248550968369372f,0.3739388328823273f,-0.06937434048221455f,-0.22699813172708075f,0.37436183111559707f,0.9272540390270103f,0.0072915370034438345f,0.9904232311167782f,0.06705422625395457f,-0.019227489973948575f,-0.9975640502598242f,1.249695506282478f,0f,0f,0f,1f],start_interpolation:0}
execute if entity @s[tag=aj.shadow_golem.bone.right_hand] run data modify entity @s {} merge value {transformation:[-0.9993908270190958f,0.034899496702500976f,1.2246467991473532e-16f,-0.1169618164275684f,0.034899496702500976f,0.9993908270190958f,0f,1.002796679486336f,-1.223900777406162e-16f,4.273955692857149e-18f,-1f,-1.25f,0f,0f,0f,1f],start_interpolation:0}
execute if entity @s[tag=aj.shadow_golem.bone.right_shoulder] run data modify entity @s {} merge value {transformation:[-0.9727892058317135f,-0.2079116908177593f,-0.10224426555364684f,-0.2624999999999999f,-0.20677272882130038f,0.9781476007338057f,-0.021732689536559876f,1.6875f,0.10452846326765333f,-2.5461838666528304e-17f,-0.9945218953682733f,-1.125f,0f,0f,0f,1f],start_interpolation:0}
execute if entity @s[tag=aj.shadow_golem.bone.head] run data modify entity @s {} merge value {transformation:[-0.9975640502598242f,0f,-0.06975647374412518f,-0.85f,0f,1f,0f,1.9375f,0.06975647374412518f,0f,-0.9975640502598242f,-1.0409497792752501e-16f,0f,0f,0f,1f],start_interpolation:0}