execute if entity @s[tag=aj.shadow_golem.bone.black_hole] run data modify entity @s {} merge value {transformation:[-0.9951847266721969f,0f,0.09801714032956085f,-1.7360302502064324f,0f,1f,0f,1.5625f,-0.09801714032956085f,0f,-0.9951847266721969f,0.03369339198828629f,0f,0f,0f,1f],start_interpolation:0}
execute if entity @s[tag=aj.shadow_golem.bone.body] run data modify entity @s {} merge value {transformation:[-1.0781167872282134f,0f,0.10618523535702425f,-2.078125f,0f,1.0833333333333333f,0f,1.5625f,-0.10618523535702425f,0f,-1.0781167872282134f,-2.5449691294780932e-16f,0f,0f,0f,1f],start_interpolation:0}
execute if entity @s[tag=aj.shadow_golem.bone.left_leg] run data modify entity @s {} merge value {transformation:[-0.8967526842726495f,-0.44228869021900163f,-0.01467439110006911f,-2.078125f,-0.4422294845303517f,0.8968727415326881f,-0.007236608850793625f,0.65625f,0.016361731626486607f,-5.373106200858336e-17f,-0.9998661379095618f,-0.3750000000000003f,0f,0f,0f,1f],start_interpolation:0}
execute if entity @s[tag=aj.shadow_golem.bone.right_leg] run data modify entity @s {} merge value {transformation:[-0.923166107622146f,0.3767667760712585f,0.07623079552678474f,-2.140625f,0.37765881693236647f,0.9259402569953743f,-0.0029083446469414173f,0.59375f,-0.0716809300373651f,0.026104346845118052f,-0.9970859578515626f,0.3749999999999997f,0f,0f,0f,1f],start_interpolation:0}
execute if entity @s[tag=aj.shadow_golem.bone.left_shoulder] run data modify entity @s {} merge value {transformation:[-0.9249097956348368f,-0.35691016709840356f,0.13098474170877378f,-2.25f,-0.3631675264048016f,0.9313424570509222f,-0.026656621304448923f,1.6875f,-0.11247763201518007f,-0.07222437480616033f,-0.9910259441508669f,1.1249999999999998f,0f,0f,0f,1f],start_interpolation:0}
execute if entity @s[tag=aj.shadow_golem.bone.left_hand] run data modify entity @s {} merge value {transformation:[-0.9912013763560431f,-0.019048069439493553f,0.13098474170877378f,-2.020997352833444f,-0.022727964025826775f,0.9993862437475673f,-0.026656621304448923f,1.050534138440547f,-0.13039659183094732f,-0.029399096223460833f,-0.9910259441508669f,1.2985325006980935f,0f,0f,0f,1f],start_interpolation:0}
execute if entity @s[tag=aj.shadow_golem.bone.right_hand] run data modify entity @s {} merge value {transformation:[-0.9011223584392372f,0.3698097146146073f,0.22631674727595782f,-2.0669561450574023f,0.375602788002465f,0.9265949419831133f,-0.018556916125428407f,1.06247990845926f,-0.21656648116844493f,0.06828314922419389f,-0.9738769792773336f,-1.246734622409667f,0f,0f,0f,1f],start_interpolation:0}
execute if entity @s[tag=aj.shadow_golem.bone.right_shoulder] run data modify entity @s {} merge value {transformation:[-0.9918560719183196f,0.08172107413366839f,0.09768929645155996f,-2.0390625f,0.08132756482507311f,0.9966552393091803f,-0.00801006599124221f,1.75f,-0.09801714032956083f,1.0007945186068055e-17f,-0.9951847266721968f,-1.1250000000000002f,0f,0f,0f,1f],start_interpolation:0}
execute if entity @s[tag=aj.shadow_golem.bone.head] run data modify entity @s {} merge value {transformation:[-0.9978589232386035f,0f,0.06540312923014326f,-2.828125f,0f,1f,0f,1.9375f,-0.06540312923014326f,0f,-0.9978589232386035f,-3.4634542288386083e-16f,0f,0f,0f,1f],start_interpolation:0}