execute if entity @s[tag=aj.shadow_golem.bone.black_hole] run data modify entity @s {} merge value {transformation:[-0.9984268150178166f,0f,-0.05607044723719165f,-0.6389336394804827f,0f,1f,0f,1.5625f,0.05607044723719165f,0f,-0.9984268150178166f,-0.01927421623778475f,0f,0f,0f,1f],start_interpolation:0}
execute if entity @s[tag=aj.shadow_golem.bone.body] run data modify entity @s {} merge value {transformation:[-1.0816290496026346f,0f,-0.060742984506957615f,-0.9821428571428571f,0f,1.0833333333333333f,0f,1.5625f,0.060742984506957615f,0f,-1.0816290496026346f,-1.202778106305436e-16f,0f,0f,0f,1f],start_interpolation:0}
execute if entity @s[tag=aj.shadow_golem.bone.left_leg] run data modify entity @s {} merge value {transformation:[-0.9984074185117271f,0.006233278392033527f,-0.056069357952774485f,-0.9821428571428571f,0.006223472292077412f,0.9999805729315382f,0.00034950270719524346f,0.65625f,0.05607044723719165f,7.63356443099822e-19f,-0.9984268150178166f,-0.3750000000000001f,0f,0f,0f,1f],start_interpolation:0}
execute if entity @s[tag=aj.shadow_golem.bone.right_leg] run data modify entity @s {} merge value {transformation:[-0.9999222924809749f,-0.012466314595414989f,1.2246467991473532e-16f,-1.0446428571428572f,-0.012466314595414989f,0.9999222924809749f,0f,0.59375f,-1.2245516348829094e-16f,-1.5266832266438897e-18f,-1f,0.3749999999999999f,0f,0f,0f,1f],start_interpolation:0}
execute if entity @s[tag=aj.shadow_golem.bone.left_shoulder] run data modify entity @s {} merge value {transformation:[-0.9936882276838203f,0.1034675312404292f,-0.04333792959520625f,-1.1696428571428574f,0.10338917404356196f,0.9946327278305301f,0.004051594622946865f,1.6875f,0.04352453162503076f,-0.0004546508654370481f,-0.9990522551095175f,1.1249999999999998f,0f,0f,0f,1f],start_interpolation:0}
execute if entity @s[tag=aj.shadow_golem.bone.left_hand] run data modify entity @s {} merge value {transformation:[-0.945750697489669f,0.3219898166964377f,-0.04333792959520625f,-1.2353595436712517f,0.32212359513285926f,0.9466889531623854f,0.004051594622946865f,1.0031835502886421f,0.0423321114106819f,-0.010128371246225187f,-0.9990522551095175f,1.2501941043586775f,0f,0f,0f,1f],start_interpolation:0}
execute if entity @s[tag=aj.shadow_golem.bone.right_hand] run data modify entity @s {} merge value {transformation:[-0.9996651309329719f,-0.005143204019988912f,0.025360864519430926f,-0.9224845073050957f,-0.005572803207964414f,0.9998416886202989f,-0.016897975065506277f,1.0696116621419445f,-0.025269939872691896f,-0.017033647563512073f,-0.9995355346307166f,-1.22712882683977f,0f,0f,0f,1f],start_interpolation:0}
execute if entity @s[tag=aj.shadow_golem.bone.right_shoulder] run data modify entity @s {} merge value {transformation:[-0.986769689599076f,-0.1595039599116019f,-0.029052821912190357f,-1.044642857142857f,-0.15838551025765213f,0.9866677152854032f,-0.03742792745939319f,1.75f,0.034635384059751945f,-0.032331198338455186f,-0.9988769112283219f,-1.1250000000000002f,0f,0f,0f,1f],start_interpolation:0}
execute if entity @s[tag=aj.shadow_golem.bone.head] run data modify entity @s {} merge value {transformation:[-0.9993007047883986f,0f,-0.03739119427632549f,-1.7321428571428572f,0f,1f,0f,1.9375f,0.03739119427632549f,0f,-0.9993007047883986f,-2.121263205665951e-16f,0f,0f,0f,1f],start_interpolation:0}