execute if entity @s[tag=aj.shadow_golem.bone.black_hole] run data modify entity @s {} merge value {transformation:[-0.9972037971811801f,0f,-0.07473009358642414f,-0.6750683375761122f,0f,1f,0f,1.5625f,0.07473009358642414f,0f,-0.9972037971811801f,-0.025688469670333423f,0f,0f,0f,1f],start_interpolation:0}
execute if entity @s[tag=aj.shadow_golem.bone.body] run data modify entity @s {} merge value {transformation:[-1.080304113612945f,0f,-0.08095760138529282f,-1.0178571428571428f,0f,1.0833333333333333f,0f,1.5625f,0.08095760138529282f,0f,-1.080304113612945f,-1.2465154919892702e-16f,0f,0f,0f,1f],start_interpolation:0}
execute if entity @s[tag=aj.shadow_golem.bone.left_leg] run data modify entity @s {} merge value {transformation:[-0.9939315835676265f,0.08094449068120334f,-0.07448487507615888f,-1.0178571428571428f,0.08071815346819262f,0.9967186109571551f,0.0060489893639117725f,0.65625f,0.07473009358642414f,9.912841142134843e-18f,-0.9972037971811801f,-0.3750000000000001f,0f,0f,0f,1f],start_interpolation:0}
execute if entity @s[tag=aj.shadow_golem.bone.right_leg] run data modify entity @s {} merge value {transformation:[-0.9972037971811801f,-0.07473009358642428f,1.2246467991473532e-16f,-1.0803571428571428f,-0.07473009358642428f,0.9972037971811801f,0f,0.59375f,-1.2212224383155186e-16f,-9.151796991059665e-18f,-1f,0.3749999999999999f,0f,0f,0f,1f],start_interpolation:0}
execute if entity @s[tag=aj.shadow_golem.bone.left_shoulder] run data modify entity @s {} merge value {transformation:[-0.9924292382843771f,0.1102364804999492f,-0.054149103088374055f,-1.205357142857143f,0.11009143207926476f,0.9939053285995986f,0.00566342335169988f,1.6875f,0.05444339795629658f,-0.00034080538179737406f,-0.9985168001945005f,1.1249999999999998f,0f,0f,0f,1f],start_interpolation:0}
execute if entity @s[tag=aj.shadow_golem.bone.left_hand] run data modify entity @s {} merge value {transformation:[-0.9323284610874019f,0.3575353343113399f,-0.054149103088374055f,-1.2743760853148114f,0.3577681425067808f,0.9337932757538936f,0.00566342335169988f,1.0034821586688136f,0.05258894231342475f,-0.014092653252358972f,-0.9985168001945005f,1.250048903724298f,0f,0f,0f,1f],start_interpolation:0}
execute if entity @s[tag=aj.shadow_golem.bone.right_hand] run data modify entity @s {} merge value {transformation:[-0.9997923979017382f,0.006494389659718769f,0.019312793708835138f,-0.9436768935846729f,0.00629960631978545f,0.9999288514897634f,-0.010129507321610687f,1.0732796330358485f,-0.019377204599941737f,-0.010005741417335477f,-0.9997621762602252f,-1.232931943347276f,0f,0f,0f,1f],start_interpolation:0}
execute if entity @s[tag=aj.shadow_golem.bone.right_shoulder] run data modify entity @s {} merge value {transformation:[-0.9812770921967489f,-0.18510923203150076f,-0.053196245606257214f,-1.0803571428571426f,-0.18344280260666088f,0.9824174804066598f,-0.03470781415249262f,1.75f,0.05868565839885305f,-0.02429951456589903f,-0.9979807248089289f,-1.1250000000000002f,0f,0f,0f,1f],start_interpolation:0}
execute if entity @s[tag=aj.shadow_golem.bone.head] run data modify entity @s {} merge value {transformation:[-0.9987569212189223f,0f,-0.049845885660697045f,-1.7678571428571428f,0f,1f,0f,1.9375f,0.049845885660697045f,0f,-0.9987569212189223f,-2.165000591349785e-16f,0f,0f,0f,1f],start_interpolation:0}