execute if entity @s[tag=aj.steel_anchor.bone.right_arm2] run data modify entity @s {} merge value {transformation:[0.9537169507482269f,-0.2904594978560799f,0.07782838788448601f,0.38511487446402f,0.293577871373829f,0.8433645511166151f,-0.4500536272040053f,1.1515862559436707f,0.06508464715365342f,0.45207246545776736f,0.8896035491609845f,0.017062864849365894f,0f,0f,0f,1f],start_interpolation:0}
execute if entity @s[tag=aj.steel_anchor.bone.right_arm] run data modify entity @s {} merge value {transformation:[0.9537169507482269f,-0.2904594978560799f,0.07782838788448601f,0.3125f,0.293577871373829f,0.8433645511166151f,-0.4500536272040053f,1.3624273937228244f,0.06508464715365342f,0.45207246545776736f,0.8896035491609845f,0.13008098121380773f,0f,0f,0f,1f],start_interpolation:0}
execute if entity @s[tag=aj.steel_anchor.locator_origin.anchor] at @s on origin run tp @s ^-0.80541 ^1.27235 ^-1.24472 ~-97.08492 ~20.10238
execute if entity @s[tag=aj.steel_anchor.bone.anchor] run data modify entity @s {} merge value {transformation:[-0.6051037486585072f,0.2916336926273059f,-1.7259259940739329f,-0.7224749170940159f,-1.7301455304764897f,0.17729449863372826f,0.6365409636956223f,1.3607133193776444f,0.26545657096361125f,1.8203125403113851f,0.2145142392790375f,-0.7145106124835843f,0f,0f,0f,1f],start_interpolation:0}
execute if entity @s[tag=aj.steel_anchor.bone.left_arm2] run data modify entity @s {} merge value {transformation:[0.931909548382776f,0.15746690398236843f,-0.3267242993461277f,-0.46835541954343907f,-0.3436987472472786f,0.09572973390505093f,-0.9341878768144659f,1.3814573036524715f,-0.1158264424631171f,0.9828733347673422f,0.14333263072190688f,-0.10115904717013818f,0f,0f,0f,1f],start_interpolation:0}
execute if entity @s[tag=aj.steel_anchor.bone.left_arm] run data modify entity @s {} merge value {transformation:[0.931909548382776f,0.15746690398236843f,-0.3267242993461277f,-0.3125f,-0.3436987472472786f,0.09572973390505093f,-0.9341878768144659f,1.3624273937228244f,-0.1158264424631171f,0.9828733347673422f,0.14333263072190688f,0.13008098121380773f,0f,0f,0f,1f],start_interpolation:0}
execute if entity @s[tag=aj.steel_anchor.bone.head] run data modify entity @s {} merge value {transformation:[1f,0f,0f,-2.296212748401287e-17f,0f,0.9996281756082517f,-0.027267389499518374f,1.5027699447463148f,0f,0.027267389499518374f,0.9996281756082517f,0.16119417571741002f,0f,0f,0f,1f],start_interpolation:0}
execute if entity @s[tag=aj.steel_anchor.bone.body_top] run data modify entity @s {} merge value {transformation:[1f,0f,0f,-2.296212748401287e-17f,0f,0.9762960071199334f,-0.21643961393810285f,1.118353391942841f,0f,0.21643961393810285f,0.9762960071199334f,0.07597107772928202f,0f,0f,0f,1f],start_interpolation:0}
execute if entity @s[tag=aj.steel_anchor.bone.body] run data modify entity @s {} merge value {transformation:[1f,0f,0f,-2.296212748401287e-17f,0f,0.984807753012208f,-0.17364817766693033f,0.6875f,0f,0.17364817766693033f,0.984807753012208f,0f,0f,0f,0f,1f],start_interpolation:0}
execute if entity @s[tag=aj.steel_anchor.locator_origin.player_camera] at @s on origin run tp @s ^0 ^-0.0625 ^0.1875 ~-180 ~0
execute if entity @s[tag=aj.steel_anchor.bone.right_leg2] run data modify entity @s {} merge value {transformation:[0.9961946980917419f,-0.08312190921369027f,0.026208237303838356f,0.1552543375793676f,0.0868240888334613f,0.9202641617077825f,-0.38154351032944045f,0.429238870762347f,0.007596123494421007f,0.38236712840533715f,0.9239792627667106f,-0.12279836211913703f,0f,0f,0f,1f],start_interpolation:0}
execute if entity @s[tag=aj.steel_anchor.bone.right_leg] run data modify entity @s {} merge value {transformation:[0.9961946980917419f,-0.08418598282954468f,0.022557566112656767f,0.12499999999999997f,0.0868240888334613f,0.9360309683134691f,-0.34103900650275865f,0.765625f,0.007596123494421007f,0.3416997902445552f,0.9397784591352818f,0f,0f,0f,0f,1f],start_interpolation:0}
execute if entity @s[tag=aj.steel_anchor.bone.left_leg2] run data modify entity @s {} merge value {transformation:[0.9961946980917455f,0.0858316511774313f,-0.015134435901338623f,-0.15525433757930457f,-0.08715574274765818f,0.981060262190407f,-0.17298739392508955f,0.4198163390831509f,1.734723475976807e-18f,0.17364817766693036f,0.984807753012208f,0.09301309433371839f,0f,0f,0f,1f],start_interpolation:0}
execute if entity @s[tag=aj.steel_anchor.bone.left_leg] run data modify entity @s {} merge value {transformation:[0.9961946980917455f,0.08418598282936919f,0.022557566113149838f,-0.12500000000000003f,-0.08715574274765818f,0.9622501868990583f,0.2578341604962995f,0.765625f,1.734723475976807e-18f,-0.25881904510252074f,0.9659258262890683f,0f,0f,0f,0f,1f],start_interpolation:0}