execute if entity @s[tag=aj.steel_anchor.bone.right_arm2] run data modify entity @s {} merge value {transformation:[0.3384302114119938f,0.9409092757631052f,0.012438922243575679f,-0.04772731894077631f,0.11027906462358272f,-0.052786568050335755f,0.9924979124105073f,1.2667816451750153f,0.9345070999780476f,-0.33451952561310344f,-0.12162716421179653f,-0.27704918886934016f,0f,0f,0f,1f],start_interpolation:0}
execute if entity @s[tag=aj.steel_anchor.bone.right_arm] run data modify entity @s {} merge value {transformation:[0.3384302114119938f,0.9409092757631052f,0.012438922243575679f,0.1875f,0.11027906462358272f,-0.052786568050335755f,0.9924979124105073f,1.2535850031624314f,0.9345070999780476f,-0.33451952561310344f,-0.12162716421179653f,-0.36067907027261603f,0f,0f,0f,1f],start_interpolation:0}
execute if entity @s[tag=aj.steel_anchor.locator_origin.anchor] at @s on origin run tp @s ^-0.64191 ^1.25319 ^1.27908 ~-90 ~0
execute if entity @s[tag=aj.steel_anchor.bone.anchor] run data modify entity @s {} merge value {transformation:[-2.1556867394837784e-12f,4.416649290739375e-13f,-1.852031666666666f,-0.6564007259464314f,1.8520316666666665f,3.1778357374310383e-12f,-2.1557954664589195e-12f,1.2195489322030422f,3.1779283985861842e-12f,-1.852031666666667f,-4.414593122540695e-13f,0.7364313745615845f,0f,0f,0f,1f],start_interpolation:0}
execute if entity @s[tag=aj.steel_anchor.bone.left_arm2] run data modify entity @s {} merge value {transformation:[1f,2.384759056894836e-13f,-1.1641798636219391e-12f,-0.4977563509461266f,1.1642385704880786e-12f,1.7160216969974486e-12f,1.0000000000000002f,1.2050564322052988f,2.383648833870211e-13f,-1.0000000000000002f,1.7160717291631045e-12f,-0.47091675043840286f,0f,0f,0f,1f],start_interpolation:0}
execute if entity @s[tag=aj.steel_anchor.bone.left_arm] run data modify entity @s {} merge value {transformation:[0.4999999999997936f,0.8660254037845578f,-1.1641798636219391e-12f,-0.25f,-9.039990978010337e-13f,1.8662710266070803e-12f,1.0000000000000002f,1.205056432205709f,0.866025403784558f,-0.4999999999997938f,1.7160717291631045e-12f,-0.5417901627018165f,0f,0f,0f,1f],start_interpolation:0}
execute if entity @s[tag=aj.steel_anchor.bone.head] run data modify entity @s {} merge value {transformation:[1f,0f,0f,1.1959441397923371e-17f,0f,1.0000000000000002f,-2.7755575615628914e-17f,1.36008446005367f,0f,2.7755575615628914e-17f,1.0000000000000002f,-0.518625036292237f,0f,0f,0f,1f],start_interpolation:0}
execute if entity @s[tag=aj.steel_anchor.bone.body_top] run data modify entity @s {} merge value {transformation:[1f,0f,0f,1.1959441397923371e-17f,0f,0.9659258262890684f,0.25881904510252074f,0.9797511659523492f,0f,-0.25881904510252074f,0.9659258262890684f,-0.4167150372831194f,0f,0f,0f,1f],start_interpolation:0}
execute if entity @s[tag=aj.steel_anchor.bone.body] run data modify entity @s {} merge value {transformation:[1f,0f,0f,1.1959441397923371e-17f,0f,0.9537169507482269f,0.30070579950427306f,0.5625f,0f,-0.30070579950427306f,0.9537169507482269f,-0.28515625f,0f,0f,0f,1f],start_interpolation:0}
execute if entity @s[tag=aj.steel_anchor.locator_origin.player_camera] at @s on origin run tp @s ^0 ^-0.1875 ^-0.09766 ~-180 ~0
execute if entity @s[tag=aj.steel_anchor.bone.right_leg2] run data modify entity @s {} merge value {transformation:[0.9961946980917419f,-0.0870727897927129f,-0.0038016801045466855f,0.14406737896129418f,0.08682408883346132f,0.9952610080183868f,-0.0437847406805551f,0.39866410096949556f,0.007596123494421f,0.04328804911217715f,0.9990337550412995f,-0.020124649950314488f,0f,0f,0f,1f],start_interpolation:0}
execute if entity @s[tag=aj.steel_anchor.bone.right_leg] run data modify entity @s {} merge value {transformation:[0.9961946980917419f,-0.05305705450099247f,-0.06914529963476904f,0.125f,0.08682408883346132f,0.6732825016500993f,0.734269875842679f,0.640625f,0.007596123494421f,-0.737479234920864f,0.6753270888750094f,-0.28515625f,0f,0f,0f,1f],start_interpolation:0}
execute if entity @s[tag=aj.steel_anchor.bone.left_leg2] run data modify entity @s {} merge value {transformation:[0.9961946980917455f,0.0642579539007017f,-0.05888156633778746f,-0.15065714861555002f,-0.08715574274765818f,0.7344717739534478f,-0.6730193829094224f,0.3473624493845423f,0f,0.6755902076156602f,0.7372773368101241f,-0.4912852818136572f,0f,0f,0f,1f],start_interpolation:0}
execute if entity @s[tag=aj.steel_anchor.bone.left_leg] run data modify entity @s {} merge value {transformation:[0.9961946980917455f,0.07139380484326967f,-0.049990480332730305f,-0.12499999999999999f,-0.08715574274765818f,0.8160349234517084f,-0.5713938048432697f,0.640625f,0f,0.5735764363510462f,0.8191520442889918f,-0.28515625f,0f,0f,0f,1f],start_interpolation:0}