execute if entity @s[tag=aj.steel_anchor.bone.right_arm2] run data modify entity @s {} merge value {transformation:[0.8951746786999502f,-0.27249531776537705f,0.35271602800324675f,0.38062382944134415f,0.43129255248398335f,0.3298882303197129f,-0.8397383459556784f,1.1993318931985277f,0.11246790113757525f,0.9038363000524345f,0.41283279172230786f,0.9124010443977242f,0f,0f,0f,1f],start_interpolation:0}
execute if entity @s[tag=aj.steel_anchor.bone.right_arm] run data modify entity @s {} merge value {transformation:[0.8951746786999502f,-0.27249531776537705f,0.35271602800324675f,0.3124999999999999f,0.43129255248398335f,0.3298882303197129f,-0.8397383459556784f,1.281803950778456f,0.11246790113757525f,0.9038363000524345f,0.41283279172230786f,1.1383601194108328f,0f,0f,0f,1f],start_interpolation:0}
execute if entity @s[tag=aj.steel_anchor.locator_origin.anchor] at @s on origin run tp @s ^-0.58165 ^1.32994 ^28.38836 ~-90 ~0
execute if entity @s[tag=aj.steel_anchor.bone.anchor] run data modify entity @s {} merge value {transformation:[4.1123363973364724e-16f,0f,-1.852031666666666f,-0.5961443750000002f,1.8520316666666656f,1.7639134492547887e-17f,4.1123363973364714e-16f,1.2962964507784516f,1.7639134492547794e-17f,-1.852031666666666f,6.848415829990526e-32f,27.845708244410826f,0f,0f,0f,1f],start_interpolation:0}
execute if entity @s[tag=aj.steel_anchor.bone.left_arm2] run data modify entity @s {} merge value {transformation:[1f,0f,0f,-0.4375000000000001f,0f,1.6653345369377348e-16f,0.9999999999999998f,1.281803950778456f,0f,-0.9999999999999998f,1.6653345369377348e-16f,1.3883601194108328f,0f,0f,0f,1f],start_interpolation:0}
execute if entity @s[tag=aj.steel_anchor.bone.left_arm] run data modify entity @s {} merge value {transformation:[1f,0f,0f,-0.3125000000000001f,0f,1.6653345369377348e-16f,0.9999999999999998f,1.281803950778456f,0f,-0.9999999999999998f,1.6653345369377348e-16f,1.1383601194108328f,0f,0f,0f,1f],start_interpolation:0}
execute if entity @s[tag=aj.steel_anchor.bone.head] run data modify entity @s {} merge value {transformation:[1f,0f,0f,-1.3578838351656995e-16f,0f,0.9990482215818578f,-0.04361938736533599f,1.4168847650164305f,0f,0.04361938736533599f,0.9990482215818578f,1.1875255150138977f,0f,0f,0f,1f],start_interpolation:0}
execute if entity @s[tag=aj.steel_anchor.bone.body_top] run data modify entity @s {} merge value {transformation:[1f,0f,0f,-1.3578838351656995e-16f,0f,0.9396926207859084f,-0.34202014332566866f,1.046880795581979f,0f,0.34202014332566866f,0.9396926207859084f,1.0528550835794157f,0f,0f,0f,1f],start_interpolation:0}
execute if entity @s[tag=aj.steel_anchor.bone.body] run data modify entity @s {} merge value {transformation:[1f,0f,0f,-1.3578838351656995e-16f,0f,0.9537169507482269f,-0.30070579950427306f,0.6296296296296297f,0f,0.30070579950427306f,0.9537169507482269f,0.9212962962962963f,0f,0f,0f,1f],start_interpolation:0}
execute if entity @s[tag=aj.steel_anchor.locator_origin.player_camera] at @s on origin run tp @s ^0 ^0.31713 ^1.7963 ~-180 ~0
execute if entity @s[tag=aj.steel_anchor.bone.right_leg2] run data modify entity @s {} merge value {transformation:[0.9961946980917419f,-0.07652580891546311f,0.04171239700301695f,0.1527430499576141f,0.0868240888334613f,0.8296531266668172f,-0.5514864159797713f,0.4063952104597279f,0.007596123494421007f,0.5530094845315117f,0.8331403296720483f,0.7274839791396492f,0f,0f,0f,1f],start_interpolation:0}
execute if entity @s[tag=aj.steel_anchor.bone.right_leg] run data modify entity @s {} merge value {transformation:[0.9961946980917419f,-0.07719805205597005f,0.04045471854638232f,0.12499999999999986f,0.0868240888334613f,0.8385653402988571f,-0.5378380310536819f,0.7077546296296297f,0.007596123494421007f,0.5393038390445832f,0.8420769965386964f,0.9212962962962963f,0f,0f,0f,1f],start_interpolation:0}
execute if entity @s[tag=aj.steel_anchor.bone.left_leg2] run data modify entity @s {} merge value {transformation:[0.9961946980917455f,0.08712333611662365f,-0.0023765095846202122f,-0.14979700151013436f,-0.08715574274765818f,0.9958242886040645f,-0.02716362885022261f,0.42432360541714337f,3.469446951953614e-18f,0.02726738949951818f,0.9996281756082516f,1.1408466409896432f,0f,0f,0f,1f],start_interpolation:0}
execute if entity @s[tag=aj.steel_anchor.bone.left_leg] run data modify entity @s {} merge value {transformation:[0.9961946980917455f,0.06900035202819961f,0.053245421529747525f,-0.12500000000000014f,-0.08715574274765818f,0.7886776325912661f,0.608597952967589f,0.7077546296296297f,3.469446951953614e-18f,-0.6109226982771391f,0.7916902530218366f,0.9212962962962963f,0f,0f,0f,1f],start_interpolation:0}
execute if entity @s[tag=aj.steel_anchor.bone.chains] run data modify entity @s {} merge value {transformation:[-17.333333333333332f,0f,2.186402752077741e-15f,-0.3413556250000001f,0f,17.333333333333332f,0f,1.323901875f,-2.1227211185220787e-15f,0f,-17.85333333333333f,1.065625f,0f,0f,0f,1f],start_interpolation:0}