execute if entity @s[tag=aj.steel_anchor.bone.right_arm2] run data modify entity @s {} merge value {transformation:[0.9543234268294908f,-0.29342368670015384f,0.05629686570056633f,0.38585592167503846f,0.29718406494376476f,0.9128148512580312f,-0.28009048335543085f,1.144592248648867f,0.030796567145022786f,0.2840274412905707f,0.9583214408777536f,-0.017926791812701542f,0f,0f,0f,1f],start_interpolation:0}
execute if entity @s[tag=aj.steel_anchor.bone.right_arm] run data modify entity @s {} merge value {transformation:[0.9543234268294908f,-0.29342368670015384f,0.05629686570056633f,0.3125f,0.29718406494376476f,0.9128148512580312f,-0.28009048335543085f,1.372795961463375f,0.030796567145022786f,0.2840274412905707f,0.9583214408777536f,0.05308006850994114f,0f,0f,0f,1f],start_interpolation:0}
execute if entity @s[tag=aj.steel_anchor.locator_origin.anchor] at @s on origin run tp @s ^-0.88284 ^0.76015 ^-1.14835 ~-92.642 ~20.35373
execute if entity @s[tag=aj.steel_anchor.bone.anchor] run data modify entity @s {} merge value {transformation:[-0.5170469793273905f,0.3924493907639421f,-1.734551005647727f,-0.7720299343101997f,-1.5091591164154476f,0.8587853734522818f,0.6441643718963977f,1.0442383210259019f,0.9408094795678222f,1.5932647150958772f,0.0800397721254105f,-0.6979792789949215f,0f,0f,0f,1f],start_interpolation:0}
execute if entity @s[tag=aj.steel_anchor.bone.left_arm2] run data modify entity @s {} merge value {transformation:[0.9365666024326765f,0.2119020953190732f,-0.27917826062768425f,-0.48254634913385286f,-0.34781498798872135f,0.4636990764839055f,-0.8148667992981301f,1.3003480658409887f,-0.04321728054978018f,0.8602794130207696f,0.5079877933518896f,-0.15658762467652876f,0f,0f,0f,1f],start_interpolation:0}
execute if entity @s[tag=aj.steel_anchor.bone.left_arm] run data modify entity @s {} merge value {transformation:[0.9365666024326765f,0.2119020953190732f,-0.27917826062768425f,-0.3125f,-0.34781498798872135f,0.4636990764839055f,-0.8148667992981301f,1.372795961463375f,-0.04321728054978018f,0.8602794130207696f,0.5079877933518896f,0.05308006850994114f,0f,0f,0f,1f],start_interpolation:0}
execute if entity @s[tag=aj.steel_anchor.bone.head] run data modify entity @s {} merge value {transformation:[1f,0f,0f,-2.296212748401287e-17f,0f,0.9977637150941578f,-0.06683987463710954f,1.5157532301610885f,0f,0.06683987463710954f,0.9977637150941578f,0.06815593752269605f,0f,0f,0f,1f],start_interpolation:0}
execute if entity @s[tag=aj.steel_anchor.bone.body_top] run data modify entity @s {} merge value {transformation:[1f,0f,0f,-2.296212748401287e-17f,0f,0.994485347462355f,-0.10487561052351246f,1.1241746245977862f,0f,0.10487561052351246f,0.994485347462355f,0.02686116587906302f,0f,0f,0f,1f],start_interpolation:0}
execute if entity @s[tag=aj.steel_anchor.bone.body] run data modify entity @s {} merge value {transformation:[1f,0f,0f,-2.296212748401287e-17f,0f,0.9981134276520827f,-0.061396950580715474f,0.6875f,0f,0.061396950580715474f,0.9981134276520827f,0f,0f,0f,0f,1f],start_interpolation:0}
execute if entity @s[tag=aj.steel_anchor.locator_origin.player_camera] at @s on origin run tp @s ^0 ^0.375 ^0.875 ~-180 ~0
execute if entity @s[tag=aj.steel_anchor.bone.right_leg2] run data modify entity @s {} merge value {transformation:[0.9961946980917419f,-0.086901201914949f,0.006656170042940375f,0.15630251478053797f,0.0868240888334613f,0.9828493626332261f,-0.1626920648639641f,0.4102902233687421f,0.0075961234944210065f,0.1626508883381777f,0.9866544417528658f,-0.04367767976699597f,0f,0f,0f,1f],start_interpolation:0}
execute if entity @s[tag=aj.steel_anchor.bone.right_leg] run data modify entity @s {} merge value {transformation:[0.9961946980917419f,-0.08710264982410573f,0.0030416915561060033f,0.12499999999999997f,0.0868240888334613f,0.9887576393217611f,-0.12173704563976134f,0.765625f,0.0075961234944210065f,0.121537891525554f,0.9925577261960032f,0f,0f,0f,0f,1f],start_interpolation:0}
execute if entity @s[tag=aj.steel_anchor.bone.left_leg2] run data modify entity @s {} merge value {transformation:[0.9961946980917455f,0.08712176203441413f,-0.0024335311616844185f,-0.15599194587895013f,-0.08715574274765818f,0.9958062967620809f,-0.027815388458452467f,0.41138543763925145f,0f,0.02792163872356887f,0.9996101150403544f,0.05200213816855576f,0f,0f,0f,1f],start_interpolation:0}
execute if entity @s[tag=aj.steel_anchor.bone.left_leg] run data modify entity @s {} merge value {transformation:[0.9961946980917455f,0.08623845809794813f,0.012611575586912897f,-0.12500000000000003f,-0.08715574274765818f,0.9857100865690395f,0.14415096857864249f,0.765625f,0f,-0.14470160186032907f,0.9894753389645721f,0f,0f,0f,0f,1f],start_interpolation:0}