execute if entity @s[tag=aj.rakshasa_great_katana.bone.right_arm2] run data modify entity @s {} merge value {transformation:[0.6871590942607182f,0.7150572087713387f,0.1284739948741824f,0.09198305593732548f,0.12087740134387874f,-0.28690185689780023f,0.950303098149714f,3.5720811858542345f,0.7163805085421715f,-0.6374798135570541f,-0.28358147733609745f,0.17828441492068944f,0f,0f,0f,1f],start_interpolation:0}
execute if entity @s[tag=aj.rakshasa_great_katana.bone.right_arm] run data modify entity @s {} merge value {transformation:[0.9312238521259748f,0.3410521512506981f,0.1284739948741824f,0.17724609375f,-0.017261241743588847f,-0.31084734385309515f,0.950303098149714f,3.494369349890961f,0.364038716024999f,-0.887162532429513f,-0.28358147733609745f,-0.043506218186688816f,0f,0f,0f,1f],start_interpolation:0}
execute if entity @s[tag=aj.rakshasa_great_katana.bone.slash] run data modify entity @s {} merge value {transformation:[0.000008776919169170688f,-0.00002469494922925805f,0.000032391916948111037f,0.12409851501114899f,-0.00003135636315467487f,-0.00002524526899742266f,-0.00001075016251370323f,3.003098739768432f,0.000025997216980305876f,-0.000022112145687907557f,-0.00002390206755631736f,-0.8369781530478062f,0f,0f,0f,1f],start_interpolation:0}
execute if entity @s[tag=aj.rakshasa_great_katana.bone.bone0] run data modify entity @s {} merge value {transformation:[-0.06200138924560646f,0.02012600284885003f,-0.9978731240698604f,-0.026863801308085643f,0.8101322310642722f,0.584979137179395f,-0.038537997556636144f,5.078536263043432f,0.5829593432842803f,-0.8107985897090467f,-0.05257424277516315f,-1.4117278991658644f,0f,0f,0f,1f],start_interpolation:0}
execute if entity @s[tag=aj.rakshasa_great_katana.bone.bone1] run data modify entity @s {} merge value {transformation:[-0.06106449374704781f,0.022811309968388108f,-0.9978731240698604f,-0.009254891620026233f,0.834877596276172f,0.5490848950576278f,-0.038537997556636144f,5.540435091226549f,0.547037957402901f,-0.8354552185228604f,-0.05257424277516315f,-2.0845310013444864f,0f,0f,0f,1f],start_interpolation:0}
execute if entity @s[tag=aj.rakshasa_great_katana.bone.bone2] run data modify entity @s {} merge value {transformation:[-0.06001135851396272f,0.02545319446289126f,-0.9978731240698604f,0.005714369472904643f,0.8580337245322193f,0.512145438630173f,-0.038537997556636144f,5.8808121777526265f,0.5100752536780001f,-0.8585215108440454f,-0.05257424277516315f,-2.6181549430277817f,0f,0f,0f,1f],start_interpolation:0}
execute if entity @s[tag=aj.rakshasa_great_katana.bone.bone3] run data modify entity @s {} merge value {transformation:[-0.05137874957363467f,0.04011798039915344f,-0.9978731240698604f,0.014228163009723571f,0.9613499277325438f,0.2726190367398389f,-0.038537997556636144f,6.006306081301646f,0.2704931432418992f,-0.9612852898363399f,-0.05257424277516315f,-2.871738614401443f,0f,0f,0f,1f],start_interpolation:0}
execute if entity @s[tag=aj.rakshasa_great_katana.bone.bone7] run data modify entity @s {} merge value {transformation:[-0.03211528869840064f,-0.030460255551642758f,-0.9990199102438085f,0.03862951290772401f,0.9924983105209679f,-0.11894283741705867f,-0.028279056564948682f,6.066303711326325f,-0.11796487547080628f,-0.9924337631594906f,0.034051635735298444f,-3.084302584582177f,0f,0f,0f,1f],start_interpolation:0}
execute if entity @s[tag=aj.rakshasa_great_katana.bone.bone10] run data modify entity @s {} merge value {transformation:[-0.17752733819655114f,0.04444327245232128f,-0.9831118144578348f,0.04133419713600454f,0.968025339526543f,0.18779447200716892f,-0.1663134940949466f,6.065233718782922f,0.17723144818955958f,-0.9812023398959451f,-0.07636086664878808f,-3.0117303806258895f,0f,0f,0f,1f],start_interpolation:0}
execute if entity @s[tag=aj.rakshasa_great_katana.bone.bone4] run data modify entity @s {} merge value {transformation:[0.0829698202105808f,0.04444327245232128f,-0.995560547866353f,0.047087971836529866f,0.9780857756802497f,0.18779447200716892f,0.08989689480461988f,6.067376425830426f,0.19095607962614877f,-0.9812023398959451f,-0.027888059031321293f,-3.0110596676765433f,0f,0f,0f,1f],start_interpolation:0}
execute if entity @s[tag=aj.rakshasa_great_katana.bone.bone11] run data modify entity @s {} merge value {transformation:[0.1846252456091368f,0.09947004570086562f,-0.9777623579848191f,0.03862951290772401f,0.9773132869480067f,-0.12364409407055636f,0.17196184796737563f,6.066303711326325f,-0.10378948809320404f,-0.9873286423525549f,-0.1200412185526768f,-3.084302584582177f,0f,0f,0f,1f],start_interpolation:0}
execute if entity @s[tag=aj.rakshasa_great_katana.bone.bone5] run data modify entity @s {} merge value {transformation:[-0.04768672554061418f,0.04444327245232128f,-0.9978731240698604f,0.023998441833891368f,0.9814520156522546f,0.18779447200716892f,-0.038537997556636144f,6.0732808918462275f,0.185682301739667f,-0.9812023398959451f,-0.05257424277516315f,-2.977136209229891f,0f,0f,0f,1f],start_interpolation:0}
execute if entity @s[tag=aj.rakshasa_great_katana.bone.bone8] run data modify entity @s {} merge value {transformation:[-0.05137874957363467f,0.4189336931603961f,-0.9065620689325364f,-0.006093968422450677f,0.9613499277325438f,0.2666150013983306f,0.06872232154111994f,6.061626926306101f,0.2704931432418992f,-0.8679925125047795f,-0.4164402210338933f,-2.992887212525231f,0f,0f,0f,1f],start_interpolation:0}
execute if entity @s[tag=aj.rakshasa_great_katana.bone.bone9] run data modify entity @s {} merge value {transformation:[0.9978731240698603f,0.02281130996838812f,-0.06106449374704803f,0.0308861875728631f,0.03853799755663631f,0.5490848950576278f,0.8348775962761719f,6.079964942984612f,0.05257424277516328f,-0.8354552185228604f,0.547037957402901f,-2.999748257298185f,0f,0f,0f,1f],start_interpolation:0}
execute if entity @s[tag=aj.rakshasa_great_katana.bone.bone6] run data modify entity @s {} merge value {transformation:[-0.05137874957363467f,0.33832743351371186f,-0.9396248037510901f,0.03678339237742617f,0.9613499277325437f,0.2715899958020001f,0.04522378388528043f,6.0632828558886125f,0.2704931432418992f,-0.9009846957148023f,-0.33920500813935905f,-2.990628163030985f,0f,0f,0f,1f],start_interpolation:0}
execute if entity @s[tag=aj.rakshasa_great_katana.locator_origin.rakshasa0] at @s on origin run tp @s ^-0.06654 ^3.69994 ^0.35177 ~-86.98409 ~-2.20861
execute if entity @s[tag=aj.rakshasa_great_katana.locator_origin.rakshasa1] at @s on origin run tp @s ^-0.05349 ^4.16476 ^-0.23667 ~-86.98409 ~-2.20861
execute if entity @s[tag=aj.rakshasa_great_katana.locator_origin.rakshasa2] at @s on origin run tp @s ^-0.04043 ^4.62958 ^-0.82512 ~-86.98409 ~-2.20861
execute if entity @s[tag=aj.rakshasa_great_katana.locator_origin.rakshasa3] at @s on origin run tp @s ^-0.02738 ^5.0944 ^-1.41357 ~-86.98409 ~-2.20861
execute if entity @s[tag=aj.rakshasa_great_katana.locator_origin.rakshasa4] at @s on origin run tp @s ^-0.0104 ^5.51023 ^-2.04063 ~-86.98409 ~-2.20861
execute if entity @s[tag=aj.rakshasa_great_katana.locator_origin.rakshasa5] at @s on origin run tp @s ^0.00657 ^5.92606 ^-2.66769 ~-86.98409 ~-2.20861
execute if entity @s[tag=aj.rakshasa_great_katana.bone.rakshasa_great_katana] run data modify entity @s {} merge value {transformation:[-0.09553914781320726f,0.026466126790565446f,-1.5175987095229129f,-0.05678110237019898f,1.1920971982648214f,0.9425514206954488f,-0.05860987128405081f,4.056816698945908f,0.9395267792362643f,-1.1932436428724336f,-0.07995666088722729f,-0.09498384190193732f,0f,0f,0f,1f],start_interpolation:0}
execute if entity @s[tag=aj.rakshasa_great_katana.bone.left_arm2] run data modify entity @s {} merge value {transformation:[0.2106460600600965f,-0.5926787815021931f,0.7774060067546648f,-0.24256287512391883f,-0.7525527157121968f,-0.6058864559381437f,-0.25800390032887743f,3.6787267993852777f,0.6239332075273409f,-0.5306914965097813f,-0.5736496213516166f,-0.0034740583625740146f,0f,0f,0f,1f],start_interpolation:0}
execute if entity @s[tag=aj.rakshasa_great_katana.bone.left_arm] run data modify entity @s {} merge value {transformation:[0.11445387154951636f,0.1630245647209172f,0.9799608678844693f,-0.1875f,-0.7559565192989368f,-0.6257140638576618f,0.19238412413753422f,3.4278037185084953f,0.644538635162209f,-0.7628269145673122f,0.05162408541515798f,-0.11361345760912595f,0f,0f,0f,1f],start_interpolation:0}
execute if entity @s[tag=aj.rakshasa_great_katana.bone.head] run data modify entity @s {} merge value {transformation:[1f,0f,0f,6.938893903907228e-18f,0f,0.9988776374630894f,-0.04736523383407551f,3.571505479811936f,0f,0.04736523383407551f,0.9988776374630894f,-0.10988970972709902f,0f,0f,0f,1f],start_interpolation:0}
execute if entity @s[tag=aj.rakshasa_great_katana.bone.body_top] run data modify entity @s {} merge value {transformation:[1f,0f,0f,6.938893903907228e-18f,0f,0.9996644264587191f,-0.02590433309236123f,3.1778876118938153f,0f,0.02590433309236123f,0.9996644264587191f,-0.12008954088221625f,0f,0f,0f,1f],start_interpolation:0}
execute if entity @s[tag=aj.rakshasa_great_katana.locator_origin.player_camera] at @s on origin run tp @s ^0 ^2.1836 ^0.00361 ~-180 ~3.51563
execute if entity @s[tag=aj.rakshasa_great_katana.bone.body] run data modify entity @s {} merge value {transformation:[1f,0f,0f,6.938893903907228e-18f,0f,0.9981181129001492f,0.06132073630220858f,2.7412109375f,0f,-0.06132073630220858f,0.9981181129001492f,-0.09326171875f,0f,0f,0f,1f],start_interpolation:0}
execute if entity @s[tag=aj.rakshasa_great_katana.bone.right_leg2] run data modify entity @s {} merge value {transformation:[0.9010521054992795f,-0.27578124027001966f,0.33473842129406783f,0.2806654096678831f,0.14251364115837215f,0.9172098632333526f,0.37204291267438133f,2.7584045425049286f,-0.4096278375050919f,-0.2875252585471132f,0.865756467165171f,0.20621008557805492f,0f,0f,0f,1f],start_interpolation:0}
execute if entity @s[tag=aj.rakshasa_great_katana.bone.right_leg] run data modify entity @s {} merge value {transformation:[0.9010521054992795f,-0.4331559225541096f,0.021932850512721286f,0.125f,0.14251364115837215f,0.3434612730297635f,0.9282910190304315f,2.8818359375f,-0.4096278375050919f,-0.833312846825892f,0.3712071309334313f,-0.09326171875f,0f,0f,0f,1f],start_interpolation:0}
execute if entity @s[tag=aj.rakshasa_great_katana.bone.left_leg2] run data modify entity @s {} merge value {transformation:[0.7459948077134415f,0.2483986098009373f,-0.6178914771329567f,-0.34040866869142294f,-0.10286080028402983f,0.9596760792718599f,0.26161322336288734f,2.689843154727826f,0.6579600311793372f,-0.13160529443131347f,0.7414638520171655f,0.12095375090843888f,0f,0f,0f,1f],start_interpolation:0}
execute if entity @s[tag=aj.rakshasa_great_katana.bone.left_leg] run data modify entity @s {} merge value {transformation:[0.7459948077134415f,0.5993980346196117f,-0.2901960422864726f,-0.125f,-0.10286080028402983f,0.5342407868443106f,0.8390509146868864f,2.8818359375f,0.6579600311793372f,-0.5960778286147864f,0.4601954145842472f,-0.09326171875f,0f,0f,0f,1f],start_interpolation:0}