execute if entity @s[tag=aj.rakshasa_great_katana.bone.right_arm2] run data modify entity @s {} merge value {transformation:[0.6998730058463042f,0.7007548664793666f,0.138276508464541f,0.1007332579579319f,-0.10766173864260879f,-0.08788390322891942f,0.9902955970747829f,2.70556866892613f,0.7061067381919746f,-0.7079682455158106f,0.013936915769108042f,0.2232632714212474f,0f,0f,0f,1f],start_interpolation:0}
execute if entity @s[tag=aj.rakshasa_great_katana.bone.right_arm] run data modify entity @s {} merge value {transformation:[0.8963926760889369f,0.4211410422423466f,0.138276508464541f,0.20601851851851855f,-0.1311237327474578f,-0.04605645584142071f,0.9902955970747829f,2.694054554965775f,0.4234226457860839f,-0.9058250523221123f,0.013936915769108042f,-0.00319299165928065f,0f,0f,0f,1f],start_interpolation:0}
execute if entity @s[tag=aj.rakshasa_great_katana.bone.slash] run data modify entity @s {} merge value {transformation:[0.000023290808709860857f,-0.00002058328008423343f,0.00002774847602528437f,-0.015390755223092856f,-0.00003221354072073678f,-0.000025033370451913356f,0.000008469313381958231f,2.5338708753168864f,0.000012487479128519687f,-0.000026187211686286547f,-0.000029906586569241138f,-0.9035453276535292f,0f,0f,0f,1f],start_interpolation:0}
execute if entity @s[tag=aj.rakshasa_great_katana.bone.bone0] run data modify entity @s {} merge value {transformation:[-0.053753068640375115f,0.039886815993551344f,-0.9977573099314477f,-0.12697513564018098f,0.572365382018111f,0.8199963941364785f,0.001945011679680364f,4.535920160362402f,0.8182349766900732f,-0.5709771935139524f,-0.06690715513251344f,-0.7639833450294958f,0f,0f,0f,1f],start_interpolation:0}
execute if entity @s[tag=aj.rakshasa_great_katana.bone.bone1] run data modify entity @s {} merge value {transformation:[-0.051962069152141695f,0.04219352850602029f,-0.9977573099314477f,-0.09339777126879387f,0.6075883573542323f,0.7942497119528285f,0.001945011679680364f,5.1941515723098135f,0.792550522917633f,-0.6061246581480252f,-0.06690715513251344f,-1.245572988196895f,0f,0f,0f,1f],start_interpolation:0}
execute if entity @s[tag=aj.rakshasa_great_katana.bone.bone2] run data modify entity @s {} merge value {transformation:[-0.05007215691194622f,0.04441992323885463f,-0.9977573099314477f,-0.0662372420390707f,0.6416547537190649f,0.7669911303002735f,0.001945011679680364f,5.691698622019472f,0.765357404179192f,-0.6401183300454399f,-0.06690715513251344f,-1.6361423033311517f,0f,0f,0f,1f],start_interpolation:0}
execute if entity @s[tag=aj.rakshasa_great_katana.bone.bone3] run data modify entity @s {} merge value {transformation:[-0.03686926742303991f,0.05586597889636115f,-0.9977573099314477f,-0.05259158323192509f,0.8183028101248163f,0.5747840706486167f,0.001945011679680364f,5.893907888423754f,0.5736036681032615f,-0.8163958993837226f,-0.06690715513251344f,-1.8337557934366209f,0f,0f,0f,1f],start_interpolation:0}
execute if entity @s[tag=aj.rakshasa_great_katana.bone.bone7] run data modify entity @s {} merge value {transformation:[-0.012683776994336577f,-0.021487681843009226f,-0.999688652196358f,-0.02471672276946652f,0.9759735586953786f,0.2172207289699004f,-0.01705190995938689f,6.020412884996796f,0.2175195037890531f,-0.9758859740947191f,0.01821623003163428f,-2.014305124370501f,0f,0f,0f,1f],start_interpolation:0}
execute if entity @s[tag=aj.rakshasa_great_katana.bone.bone10] run data modify entity @s {} merge value {transformation:[-0.16182082417006688f,0.0588667603670774f,-0.9850628027637652f,-0.022846410383490744f,0.8581358982835846f,0.501277054518819f,-0.11101393916964512f,5.995304636493053f,0.48725434933096795f,-0.8632821202462275f,-0.13163274638642547f,-1.9461783104383659f,0f,0f,0f,1f],start_interpolation:0}
execute if entity @s[tag=aj.rakshasa_great_katana.bone.bone4] run data modify entity @s {} merge value {transformation:[0.09864610068008056f,0.0588667603670774f,-0.993379912895615f,-0.017062402567182104f,0.8576281483468401f,0.501277054518819f,0.11487068283990741f,5.996983249029064f,0.5047206217144145f,-0.8632821202462275f,-0.0010367639041161808f,-1.9448091916739498f,0f,0f,0f,1f],start_interpolation:0}
execute if entity @s[tag=aj.rakshasa_great_katana.bone.bone11] run data modify entity @s {} merge value {transformation:[0.20357108613071215f,0.10826981369462504f,-0.973055219570859f,-0.02471672276946652f,0.9524181108318748f,0.20837597684057546f,0.22243919266886827f,6.020412884996796f,0.22684478184653967f,-0.9720376020084136f,-0.060698807490169884f,-2.014305124370501f,0f,0f,0f,1f],start_interpolation:0}
execute if entity @s[tag=aj.rakshasa_great_katana.bone.bone5] run data modify entity @s {} merge value {transformation:[-0.03185992784432172f,0.0588667603670774f,-0.9977573099314477f,-0.04041956734744068f,0.865284653476821f,0.501277054518819f,0.001945011679680364f,5.991797617710862f,0.5002673419835156f,-0.8632821202462275f,-0.06690715513251344f,-1.9109515156031416f,0f,0f,0f,1f],start_interpolation:0}
execute if entity @s[tag=aj.rakshasa_great_katana.bone.bone8] run data modify entity @s {} merge value {transformation:[-0.03686926742303991f,0.4334386264979806f,-0.9004285725026898f,-0.0705408953182585f,0.8183028101248163f,0.5302869147402081f,0.22175729750594292f,5.986652272565546f,0.5736036681032615f,-0.7286472020908713f,-0.3742353361504341f,-1.9298113458586414f,0f,0f,0f,1f],start_interpolation:0}
execute if entity @s[tag=aj.rakshasa_great_katana.bone.bone9] run data modify entity @s {} merge value {transformation:[0.9977573099314476f,0.0421935285060203f,-0.05196206915214191f,-0.03315780060560489f,-0.0019450116796802448f,0.7942497119528285f,0.6075883573542322f,6.005449649560164f,0.06690715513251361f,-0.6061246581480252f,0.7925505229176328f,-1.9300384501134527f,0f,0f,0f,1f],start_interpolation:0}
execute if entity @s[tag=aj.rakshasa_great_katana.bone.bone6] run data modify entity @s {} merge value {transformation:[-0.03686926742303991f,0.35331174063777115f,-0.9347788353654548f,-0.02766851090714159f,0.8183028101248162f,0.5475964349054688f,0.1746958941150273f,5.986568697844935f,0.5736036681032615f,-0.7584912381869212f,-0.3093054696124117f,-1.9269364290365412f,0f,0f,0f,1f],start_interpolation:0}
execute if entity @s[tag=aj.rakshasa_great_katana.locator_origin.rakshasa0] at @s on origin run tp @s ^-0.21157 ^2.65209 ^0.4427 ~-86.16363 ~0.11144
execute if entity @s[tag=aj.rakshasa_great_katana.locator_origin.rakshasa1] at @s on origin run tp @s ^-0.18344 ^3.28523 ^0.04165 ~-86.16363 ~0.11144
execute if entity @s[tag=aj.rakshasa_great_katana.locator_origin.rakshasa2] at @s on origin run tp @s ^-0.15531 ^3.91837 ^-0.35941 ~-86.16363 ~0.11144
execute if entity @s[tag=aj.rakshasa_great_katana.locator_origin.rakshasa3] at @s on origin run tp @s ^-0.12718 ^4.5515 ^-0.76047 ~-86.16363 ~0.11144
execute if entity @s[tag=aj.rakshasa_great_katana.locator_origin.rakshasa4] at @s on origin run tp @s ^-0.09559 ^5.15114 ^-1.21417 ~-86.16363 ~0.11144
execute if entity @s[tag=aj.rakshasa_great_katana.locator_origin.rakshasa5] at @s on origin run tp @s ^-0.064 ^5.75077 ^-1.66788 ~-86.16363 ~0.11144
execute if entity @s[tag=aj.rakshasa_great_katana.bone.rakshasa_great_katana] run data modify entity @s {} merge value {transformation:[-0.08431765553822632f,0.05703760200347664f,-1.5174225755207436f,-0.19029258088393705f,0.8152470832327576f,1.2838603783378943f,0.0029580385961805538f,3.136538630293812f,1.2810920162200667f,-0.8132547378709509f,-0.10175463176403086f,0.1395337048002451f,0f,0f,0f,1f],start_interpolation:0}
execute if entity @s[tag=aj.rakshasa_great_katana.bone.left_arm2] run data modify entity @s {} merge value {transformation:[0.5589794090366604f,-0.4939987220216022f,0.6659634246068247f,-0.36303636203246314f,-0.7731249772976826f,-0.6008008908459205f,0.20326352116699753f,2.7751853188957663f,0.2996994990844724f,-0.628493080470877f,-0.7177580776617872f,0.14838280544341115f,0f,0f,0f,1f],start_interpolation:0}
execute if entity @s[tag=aj.rakshasa_great_katana.bone.left_arm] run data modify entity @s {} merge value {transformation:[0.5168683628280537f,0.3603779333824923f,0.7765145463147561f,-0.20833333333333334f,-0.8105803148221391f,-0.08571047230631029f,0.5793213858989424f,2.652435161466421f,0.2753300723319f,-0.9288603016966509f,0.24781422719795052f,-0.04941601093926406f,0f,0f,0f,1f],start_interpolation:0}
execute if entity @s[tag=aj.rakshasa_great_katana.bone.head] run data modify entity @s {} merge value {transformation:[1f,0f,0f,0f,0f,0.9986295347545738f,-0.05233595624294383f,2.795988157087391f,0f,0.05233595624294383f,0.9986295347545738f,-0.041892717229340876f,0f,0f,0f,1f],start_interpolation:0}
execute if entity @s[tag=aj.rakshasa_great_katana.bone.body_top] run data modify entity @s {} merge value {transformation:[1f,0f,0f,0f,0f,0.9986295347545738f,-0.05233595624294383f,2.4027777777777777f,0f,0.05233595624294383f,0.9986295347545738f,-0.06250000000000001f,0f,0f,0f,1f],start_interpolation:0}
execute if entity @s[tag=aj.rakshasa_great_katana.locator_origin.player_camera] at @s on origin run tp @s ^0 ^1.40278 ^0 ~-180 ~0
execute if entity @s[tag=aj.rakshasa_great_katana.bone.body] run data modify entity @s {} merge value {transformation:[1f,0f,0f,0f,0f,1f,0f,1.9652777777777777f,0f,0f,1f,-0.06250000000000001f,0f,0f,0f,1f],start_interpolation:0}
execute if entity @s[tag=aj.rakshasa_great_katana.bone.right_leg2] run data modify entity @s {} merge value {transformation:[0.9195066096796914f,-0.09305498854681091f,0.38190098698735053f,0.24856032026284966f,0.1343510508150425f,0.9874625353037194f,-0.08287060103827248f,1.8225866358537428f,-0.3694013940150382f,0.12750886431187258f,0.9204803635176815f,0.1495990642975099f,0f,0f,0f,1f],start_interpolation:0}
execute if entity @s[tag=aj.rakshasa_great_katana.bone.right_leg] run data modify entity @s {} merge value {transformation:[0.9195066096796914f,-0.34382002160097297f,0.19051348377914384f,0.125f,0.1343510508150425f,0.7303869456436909f,0.669690006479247f,2.085069444444444f,-0.3694013940150382f,-0.5901887006539406f,0.7177882053364766f,-0.06250000000000001f,0f,0f,0f,1f],start_interpolation:0}
execute if entity @s[tag=aj.rakshasa_great_katana.bone.left_leg2] run data modify entity @s {} merge value {transformation:[0.7746995417531658f,0.035598646444549964f,-0.6313266637634997f,-0.299515677097557f,-0.1313208739385176f,0.9857034830627818f,-0.10556264275739041f,1.8155092175034517f,0.6185430042248146f,0.1646857001965149f,0.7682988819953629f,0.09884420697286232f,0f,0f,0f,1f],start_interpolation:0}
execute if entity @s[tag=aj.rakshasa_great_katana.bone.left_leg] run data modify entity @s {} merge value {transformation:[0.7746995417531658f,0.48560884061928894f,-0.4049995974316827f,-0.125f,-0.1313208739385176f,0.7500806314879792f,0.6481773479030398f,2.085069444444444f,0.6185430042248146f,-0.44895779331579083f,0.644857698834058f,-0.06250000000000001f,0f,0f,0f,1f],start_interpolation:0}