execute if entity @s[tag=aj.rakshasa_great_katana.bone.right_arm2] run data modify entity @s {} merge value {transformation:[0.647850690989437f,0.7447537411136177f,0.16009793028574545f,0.11810637580977415f,-0.2737807461264395f,0.03151484678589468f,0.9612756719497858f,2.668159310572096f,0.7108681911824154f,-0.6665948391109344f,0.22431615018921147f,0.5501141398928159f,0f,0f,0f,1f],start_interpolation:0}
execute if entity @s[tag=aj.rakshasa_great_katana.bone.right_arm] run data modify entity @s {} merge value {transformation:[0.8860922050014497f,0.4349819041683106f,0.16009793028574545f,0.2268518518518518f,-0.24009547228866746f,0.135289492215656f,0.9612756719497858f,2.7019816836260104f,0.39647795452225393f,-0.8902176679566303f,0.22431615018921147f,0.3275597229036583f,0f,0f,0f,1f],start_interpolation:0}
execute if entity @s[tag=aj.rakshasa_great_katana.bone.slash] run data modify entity @s {} merge value {transformation:[0.0000030380287935928165f,-0.000026138273944722276f,0.000032305914742521445f,0.13793782019395034f,-0.00003979047814410384f,-0.000011170532236092679f,-0.0000052960522785486375f,2.4654450412314413f,0.000011983294255921745f,-0.00003046507764415147f,-0.000025775779600681838f,-0.5038707458572075f,0f,0f,0f,1f],start_interpolation:0}
execute if entity @s[tag=aj.rakshasa_great_katana.bone.bone0] run data modify entity @s {} merge value {transformation:[0.17053338139459284f,0.015601555387045864f,-0.9852283782451814f,0.018728193832585206f,0.1676125748491421f,0.9848432317498177f,0.04460755125553617f,4.779741188658614f,0.9709914472242104f,-0.17274374184345895f,0.1653336295838006f,0.5111856566431627f,0f,0f,0f,1f],start_interpolation:0}
execute if entity @s[tag=aj.rakshasa_great_katana.bone.bone1] run data modify entity @s {} merge value {transformation:[0.17105160169053796f,0.008148144541567693f,-0.9852283782451814f,0.02820124366692113f,0.21041130323761612f,0.9765947213869386f,0.04460755125553617f,5.580232693403019f,0.9625323023301342f,-0.21493338014300423f,0.1653336295838006f,0.3516606503357177f,0f,0f,0f,1f],start_interpolation:0}
execute if entity @s[tag=aj.rakshasa_great_katana.bone.bone2] run data modify entity @s {} merge value {transformation:[0.1712442155407276f,0.0006792232398443905f,-0.9852283782451814f,0.031879293475635145f,0.2528095017513806f,0.9664872074658841f,0.04460755125553617f,6.196651345523051f,0.9522409224918129f,-0.2567138805374326f,0.1653336295838006f,0.20726650843448924f,0f,0f,0f,1f],start_interpolation:0}
execute if entity @s[tag=aj.rakshasa_great_katana.bone.bone3] run data modify entity @s {} merge value {transformation:[0.16558500630374862f,-0.04366518507639992f,-0.9852283782451814f,0.028272825169213173f,0.4943405230130519f,0.8681230406331619f,0.04460755125553617f,6.463781844144867f,0.8533516584589081f,-0.4944246534448672f,0.1653336295838006f,0.11370277086422309f,0f,0f,0f,1f],start_interpolation:0}
execute if entity @s[tag=aj.rakshasa_great_katana.bone.bone7] run data modify entity @s {} merge value {transformation:[0.1362706553148921f,-0.189181680132119f,-0.9724405382348257f,0.03367353250029892f,0.7889273962074002f,0.6144208480583363f,-0.008976913984549806f,6.654997937855134f,0.5991860078585455f,-0.7659616918447445f,0.232978141920815f,0.0006283671694451015f,0f,0f,0f,1f],start_interpolation:0}
execute if entity @s[tag=aj.rakshasa_great_katana.bone.bone10] run data modify entity @s {} merge value {transformation:[0.03117247101222692f,-0.057930710076583306f,-0.9978338087482371f,0.046162378119399335f,0.5690834136709058f,0.8217349549165724f,-0.02992878468843857f,6.603114491570374f,0.8216887155946953f,-0.5669177159855575f,0.0585829153086318f,0.04989622408051191f,0f,0f,0f,1f],start_interpolation:0}
execute if entity @s[tag=aj.rakshasa_great_katana.bone.bone4] run data modify entity @s {} merge value {transformation:[0.28836868837118734f,-0.057930710076583306f,-0.9557654170334385f,0.05224994524530027f,0.5574385060516138f,0.8217349549165724f,0.11838063962997897f,6.603962731145987f,0.7785279773637073f,-0.5669177159855575f,0.2692554396176484f,0.05050366853580374f,0f,0f,0f,1f],start_interpolation:0}
execute if entity @s[tag=aj.rakshasa_great_katana.bone.bone11] run data modify entity @s {} merge value {transformation:[0.3462829464997962f,-0.06293945075627631f,-0.9360164242693162f,0.03367353250029892f,0.760571825652338f,0.6029340024264623f,0.24083414779029094f,6.654997937855134f,0.5491981600363278f,-0.7953044789616772f,0.256655735872407f,0.0006283671694451015f,0f,0f,0f,1f],start_interpolation:0}
execute if entity @s[tag=aj.rakshasa_great_katana.bone.bone5] run data modify entity @s {} merge value {transformation:[0.16114923372573503f,-0.057930710076583306f,-0.9852283782451814f,0.03558105296556315f,0.5681213164802416f,0.8217349549165724f,0.04460755125553617f,6.585112992415164f,0.8070124498608214f,-0.5669177159855575f,0.1653336295838006f,0.0834525004969291f,0f,0f,0f,1f],start_interpolation:0}
execute if entity @s[tag=aj.rakshasa_great_katana.bone.bone8] run data modify entity @s {} merge value {transformation:[0.16558500630374862f,0.3366892066749537f,-0.9269422764099049f,0.001963555538306086f,0.4943405230130519f,0.7849705381185722f,0.3734283085051547f,6.588967529760559f,0.8533516584589081f,-0.520059258541206f,-0.03645976701792583f,0.0714329921360366f,0f,0f,0f,1f],start_interpolation:0}
execute if entity @s[tag=aj.rakshasa_great_katana.bone.bone9] run data modify entity @s {} merge value {transformation:[0.9852283782451813f,0.008148144541567709f,0.1710516016905377f,0.040387009488612076f,-0.044607551255536136f,0.9765947213869386f,0.2104113032376161f,6.60551774832008f,-0.16533362958380035f,-0.21493338014300423f,0.9625323023301341f,0.07064738366078116f,0f,0f,0f,1f],start_interpolation:0}
execute if entity @s[tag=aj.rakshasa_great_katana.bone.bone6] run data modify entity @s {} merge value {transformation:[0.16558500630374862f,0.2546196600095946f,-0.952759379079516f,0.04429758741602875f,0.49434052301305187f,0.8145299098227146f,0.3035926107654507f,6.587050799042548f,0.8533516584589081f,-0.5212579541271276f,0.00900512435403722f,0.06432881273985769f,0f,0f,0f,1f],start_interpolation:0}
execute if entity @s[tag=aj.rakshasa_great_katana.locator_origin.rakshasa0] at @s on origin run tp @s ^-0.0309 ^2.56208 ^0.8138 ~-99.52619 ~2.55667
execute if entity @s[tag=aj.rakshasa_great_katana.locator_origin.rakshasa1] at @s on origin run tp @s ^-0.01363 ^3.30549 ^0.71613 ~-99.52619 ~2.55667
execute if entity @s[tag=aj.rakshasa_great_katana.locator_origin.rakshasa2] at @s on origin run tp @s ^0.00364 ^4.04891 ^0.61846 ~-99.52619 ~2.55667
execute if entity @s[tag=aj.rakshasa_great_katana.locator_origin.rakshasa3] at @s on origin run tp @s ^0.02091 ^4.79232 ^0.52079 ~-99.52619 ~2.55667
execute if entity @s[tag=aj.rakshasa_great_katana.locator_origin.rakshasa4] at @s on origin run tp @s ^0.02757 ^5.52795 ^0.36202 ~-99.52619 ~2.55667
execute if entity @s[tag=aj.rakshasa_great_katana.locator_origin.rakshasa5] at @s on origin run tp @s ^0.03423 ^6.26358 ^0.20325 ~-99.52619 ~2.55667
execute if entity @s[tag=aj.rakshasa_great_katana.bone.rakshasa_great_katana] run data modify entity @s {} merge value {transformation:[0.2580710312785749f,0.035017594756522f,-1.4983681585812134f,-0.01720039049196212f,0.18933582098024115f,1.5074759105078095f,0.0678406508677946f,3.1293240672359985f,1.4867700957062353f,-0.19805094060341163f,0.2514448949920301f,0.742385325859762f,0f,0f,0f,1f],start_interpolation:0}
execute if entity @s[tag=aj.rakshasa_great_katana.bone.left_arm2] run data modify entity @s {} merge value {transformation:[0.07291269104622758f,-0.6273185746733345f,0.7753419538205145f,-0.19577437701073908f,-0.954971475458492f,-0.26809277366622425f,-0.12710525468516728f,2.8173527867032413f,0.28759906214212183f,-0.7311618634596352f,-0.6186187104163641f,0.5210390228191505f,0f,0f,0f,1f],start_interpolation:0}
execute if entity @s[tag=aj.rakshasa_great_katana.bone.left_arm] run data modify entity @s {} merge value {transformation:[-0.012326001987209567f,-0.12740615763010543f,0.9917740371036861f,-0.22916666666666663f,-0.9945517808122616f,-0.10111445891473025f,-0.025349979912026477f,2.667755199373026f,0.10351243866400861f,-0.9866830986676085f,-0.12546568393595034f,0.2873073029852494f,0f,0f,0f,1f],start_interpolation:0}
execute if entity @s[tag=aj.rakshasa_great_katana.bone.head] run data modify entity @s {} merge value {transformation:[1f,0f,0f,-1.3877787807814457e-17f,0f,0.9423934854151216f,-0.3345063805776191f,2.8095262840807793f,0f,0.3345063805776191f,0.9423934854151216f,0.3189150523288018f,0f,0f,0f,1f],start_interpolation:0}
execute if entity @s[tag=aj.rakshasa_great_katana.bone.body_top] run data modify entity @s {} merge value {transformation:[1f,0f,0f,-1.3877787807814457e-17f,0f,0.9347338260999251f,-0.35534866588267217f,2.441474840053934f,0f,0.35534866588267217f,0.9347338260999251f,0.17899651513749965f,0f,0f,0f,1f],start_interpolation:0}
execute if entity @s[tag=aj.rakshasa_great_katana.locator_origin.player_camera] at @s on origin run tp @s ^0 ^1.45874 ^-0.01628 ~-180 ~-14.81481
execute if entity @s[tag=aj.rakshasa_great_katana.bone.body] run data modify entity @s {} merge value {transformation:[1f,0f,0f,-1.3877787807814457e-17f,0f,0.9667573063666621f,-0.25569573830370323f,2.018518518518519f,0f,0.25569573830370323f,0.9667573063666621f,0.06712962962962948f,0f,0f,0f,1f],start_interpolation:0}
execute if entity @s[tag=aj.rakshasa_great_katana.bone.right_leg2] run data modify entity @s {} merge value {transformation:[0.9027518809704229f,-0.29276447472719197f,0.31516345559419623f,0.27958576196355245f,0.14191202710639028f,0.8943391549189272f,0.4242858146832793f,2.0544250720083115f,-0.40607883220739127f,-0.3382993324211714f,0.8489131544018335f,0.41585928622448126f,0f,0f,0f,1f],start_interpolation:0}
execute if entity @s[tag=aj.rakshasa_great_katana.bone.right_leg] run data modify entity @s {} merge value {transformation:[0.9027518809704229f,-0.4301516854637981f,-0.002927267841727005f,0.12499999999999999f,0.14191202710639028f,0.2913904598544903f,0.9460193319738999f,2.159143518518519f,-0.40607883220739127f,-0.8544361458871239f,0.3240969833778756f,0.10879629629629611f,0f,0f,0f,1f],start_interpolation:0}
execute if entity @s[tag=aj.rakshasa_great_katana.bone.left_leg2] run data modify entity @s {} merge value {transformation:[0.7490761851967375f,0.2831681287926018f,-0.598916254251961f,-0.3454389720260063f,-0.10473389734285521f,0.9432957437798526f,0.3149983341451047f,1.9856872993279393f,0.6541526423691028f,-0.17323091699494997f,0.7362576789946639f,0.33345156612370785f,0f,0f,0f,1f],start_interpolation:0}
execute if entity @s[tag=aj.rakshasa_great_katana.bone.left_leg] run data modify entity @s {} merge value {transformation:[0.7490761851967375f,0.6133954004201915f,-0.2502617659860492f,-0.125f,-0.10473389734285521f,0.4826607838346566f,0.8695225002813275f,2.159143518518519f,0.6541526423691028f,-0.6251277073458413f,0.42579298959711964f,0.10879629629629611f,0f,0f,0f,1f],start_interpolation:0}