# This file was generated by Animated Java via MC-Build. It is not recommended to edit this file directly.
$data merge entity $(bone_small_group1) { transformation: [-0.000015000000000000002f,0f,1.8369701987210297e-21f,-6.123233995736766e-17f,0f,0.000015000000000000002f,0f,1.125f,-1.8369701987210297e-21f,0f,-0.000015000000000000002f,0.5f,0f,0f,0f,1f], start_interpolation: 0, interpolation_duration: 1 }
$data merge entity $(bone_small_group2) { transformation: [-0.000015000000000000002f,0f,1.8369701987210297e-21f,-6.123233995736766e-17f,0f,0.000015000000000000002f,0f,1.125f,-1.8369701987210297e-21f,0f,-0.000015000000000000002f,0.5f,0f,0f,0f,1f], start_interpolation: 0, interpolation_duration: 1 }
$data merge entity $(bone_small_group3) { transformation: [-0.000015000000000000002f,0f,1.8369701987210297e-21f,-6.245004513516506e-17f,0f,0.000015000000000000002f,0f,1.125f,-1.8369701987210297e-21f,0f,-0.000015000000000000002f,0.5f,0f,0f,0f,1f], start_interpolation: 0, interpolation_duration: 1 }
$data merge entity $(bone_small_group4) { transformation: [-0.000015000000000000002f,0f,1.8369701987210297e-21f,-6.245004513516506e-17f,0f,0.000015000000000000002f,0f,1.125f,-1.8369701987210297e-21f,0f,-0.000015000000000000002f,0.5f,0f,0f,0f,1f], start_interpolation: 0, interpolation_duration: 1 }
$data merge entity $(bone_small_group5) { transformation: [-0.000015000000000000002f,0f,1.8369701987210297e-21f,0.06249999999999994f,0f,0.000015000000000000002f,0f,1.125f,-1.8369701987210297e-21f,0f,-0.000015000000000000002f,0.5f,0f,0f,0f,1f], start_interpolation: 0, interpolation_duration: 1 }
$data merge entity $(bone_small_group6) { transformation: [-0.000015416666666666668f,0f,1.8879971486855026e-21f,-0.022096875000000057f,0f,0.000015416666666666668f,0f,1.09612875f,-1.8879971486855026e-21f,0f,-0.000015416666666666668f,0.46594375f,0f,0f,0f,1f], start_interpolation: 0, interpolation_duration: 1 }
$data merge entity $(bone_small_group7) { transformation: [0.000008323350994592528f,-0.0000020350691478232637f,-0.00001281615905392503f,0.030611473776716303f,0.000011304642649100558f,0.000008613361784239626f,0.00000597399903423562f,1.0864699014113535f,0.0000063718516859750695f,-0.000012623078208126941f,0.000006142557590658666f,0.48538821678531396f,0f,0f,0f,1f], start_interpolation: 0, interpolation_duration: 1 }
$data merge entity $(bone_small_group8) { transformation: [0.000008323350994592528f,-0.0000020350691478232637f,-0.00001281615905392503f,0.07142644211890947f,0.000011304642649100558f,0.000008613361784239626f,0.00000597399903423562f,1.1481425447105205f,0.0000063718516859750695f,-0.000012623078208126941f,0.000006142557590658666f,0.4681192601841037f,0f,0f,0f,1f], start_interpolation: 0, interpolation_duration: 1 }
$data merge entity $(bone_small_group9) { transformation: [0.000014141394419208986f,1.4703973912144494e-7f,0.000004999934319117015f,-0.022602818616359523f,-0.0000027667426473136965f,0.000012721084669756855f,0.000007451116691370012f,1.0664364749956075f,-0.000004167265170816544f,-0.000007946847434045547f,0.000012020046458150783f,0.44327784488867283f,0f,0f,0f,1f], start_interpolation: 0, interpolation_duration: 1 }
$data merge entity $(bone_small_group10) { transformation: [0.000014534210930853679f,1.5112417631926284e-7f,0.000005138821383536932f,0.055410163593408314f,-0.000002843596609739077f,0.000013074448132805655f,0.000007658092155019178f,1.1070376112111322f,-0.0000042830225366725585f,-0.000008167593196102366f,0.000012353936637543858f,0.4281573362896297f,0f,0f,0f,1f], start_interpolation: 0, interpolation_duration: 1 }
$data merge entity $(bone_right_arm2) { transformation: [0.29551900575752205f,0.43975975329886063f,-0.8481036944941406f,0.4326134239759627f,-0.44234386398133774f,0.8498431510334078f,0.2865284011047911f,1.2807690263729958f,0.8467587751149352f,0.29047887706360587f,0.44566983154093043f,-0.21734675322740238f,0f,0f,0f,1f], start_interpolation: 0, interpolation_duration: 1 }
$data merge entity $(bone_right_arm) { transformation: [0.29551900575752205f,-0.367013001696595f,-0.8820260618721765f,0.3637984861578511f,-0.44234386398133774f,0.7657621371233317f,-0.46684071731840976f,1.4243494270836206f,0.8467587751149352f,0.5281191209698461f,0.06395131610758126f,-0.11832441804555621f,0f,0f,0f,1f], start_interpolation: 0, interpolation_duration: 1 }
$data merge entity $(bone_left_arm2) { transformation: [-0.22020962027441088f,-0.9282727799570933f,0.2996954606418485f,0.04306465708361862f,-0.5889524971811442f,0.37144207198739454f,0.7177504742052112f,1.2394317710988703f,-0.7775877308720185f,-0.018450830562361853f,-0.6285036894472976f,0.3420064024858514f,0f,0f,0f,1f], start_interpolation: 0, interpolation_duration: 1 }
$data merge entity $(bone_moonveil_slash) { transformation: [-0.00001851276618002014f,6.091444825212265e-7f,-0.0000029101428424248574f,0.3442708289521779f,0.000002820316054817587f,-0.0000022116188681961487f,-0.00001840426742179044f,0.8822736661384094f,-9.411725212950184e-7f,-0.000018609142510638504f,0.0000020920108278654924f,-2.196090355830947f,0f,0f,0f,1f], start_interpolation: 0, interpolation_duration: 1 }
$data merge entity $(bone_moonveil) { transformation: [-1.9746950592021482f,0.06497541146893082f,-0.3104152365253181f,0.3637918676763635f,0.3008337125138759f,-0.2359060126075892f,-1.9631218583243133f,0.9294780608535108f,-0.10039173560480197f,-1.9849752011347734f,0.22314782163898583f,-1.193492144099692f,0f,0f,0f,1f], start_interpolation: 0, interpolation_duration: 1 }
$data merge entity $(bone_left_arm) { transformation: [-0.22020962027441088f,-0.5884982910541419f,0.7779315423383697f,-0.1315861182142182f,-0.5889524971811442f,0.7159522917873116f,0.37489634827321355f,1.3448007818980552f,-0.7775877308720185f,-0.3756089420006541f,-0.504257120412251f,0.15090570062668557f,0f,0f,0f,1f], start_interpolation: 0, interpolation_duration: 1 }
$data merge entity $(bone_head) { transformation: [0.9974555905394534f,0.07068361136528153f,0.009282886725155426f,0.09245941843245381f,-0.06263496782245062f,0.9310773874718741f,-0.3594047291625836f,1.5217112193606352f,-0.03404711011922745f,0.3579088230582076f,0.9331356110821287f,0.16129112914472374f,0f,0f,0f,1f], start_interpolation: 0, interpolation_duration: 1 }
$data merge entity $(bone_body_top) { transformation: [0.7958033132243629f,0.18843251988687837f,0.5754913310469651f,0.018264113726995455f,0.08720355405984204f,0.9047869568657781f,-0.4168406204353129f,1.1654513550947352f,-0.5992433786204557f,0.3819080362268456f,0.7036004726013874f,0.01091483988040326f,0f,0f,0f,1f], start_interpolation: 0, interpolation_duration: 1 }
$data merge entity $(bone_body) { transformation: [0.8940513782773072f,0.04174654566170387f,0.44601497612273366f,1.5308084989341915e-17f,0.10329758288965767f,0.9496030973593946f,-0.2959452092104185f,0.75f,-0.4358918929844896f,0.31066249115520744f,0.84468164074972f,-0.125f,0f,0f,0f,1f], start_interpolation: 0, interpolation_duration: 1 }
$data merge entity $(bone_right_leg2) { transformation: [0.9744071639342311f,-0.028121266758048394f,0.2230243781060069f,0.17658761526965894f,0.18490254086694116f,0.6644852260713352f,-0.7240652144067382f,0.4869124129986591f,-0.12783477326063353f,0.7467721062605708f,0.6526788582883264f,-0.22531489942995525f,0f,0f,0f,1f], start_interpolation: 0, interpolation_duration: 1 }
$data merge entity $(bone_right_leg) { transformation: [0.9744071639342311f,-0.14354814683731174f,0.17298730708702886f,0.12500000000000003f,0.18490254086694116f,0.9494611116559051f,-0.25364275632093686f,0.828125f,-0.12783477326063353f,0.2791371114572668f,0.9517041261614325f,-0.125f,0f,0f,0f,1f], start_interpolation: 0, interpolation_duration: 1 }
$data merge entity $(bone_left_leg2) { transformation: [0.9829629051740923f,0.00880615202285008f,-0.18359297028551716f,-0.1654362206023137f,-0.01523277664088419f,0.999318467086715f,-0.03362385842325155f,0.5270120122450951f,0.18317174882474987f,0.035847636268077465f,0.9824271257485078f,0.06695382594185381f,0f,0f,0f,1f], start_interpolation: 0, interpolation_duration: 1 }
$data merge entity $(bone_left_leg) { transformation: [0.9829629051740923f,0.11251817906730771f,-0.1453395556312376f,-0.12499999999999999f,-0.01523277664088419f,0.837879618100605f,0.545642472767098f,0.828125f,0.18317174882474987f,-0.5341323852295062f,0.825318547884101f,-0.125f,0f,0f,0f,1f], start_interpolation: 0, interpolation_duration: 1 }
execute on vehicle unless entity @s[tag=aj.transforms_only] positioned ^0 ^0 ^0 rotated ~0 ~0 run function animated_java:dimension_slash/animations/dimension_slash/zzz/frames/zzz/0
data modify entity @s data merge value {"locators":{"dimension_slash_locator":{"posx":-6.123233995736766e-17,"posy":1.125,"posz":0.5,"roty":0,"rotx":0},"player_camera":{"posx":1.5308084989341915e-17,"posy":0.625,"posz":0.375,"roty":180,"rotx":0}},"cameras":{}}