# This file was generated by Animated Java via MC-Build. It is not recommended to edit this file directly.
$data merge entity $(bone_right_arm2) { transformation: [0.2966715967299288f,0.440314928741802f,-0.8474129614425403f,0.4325643811070767f,-0.44354349123814063f,0.8493772434152385f,0.28605501175230647f,1.2808259965641138f,0.8457275773403606f,0.29100010634952084f,0.44728492376847623f,-0.2172489802759568f,0f,0f,0f,1f], start_interpolation: 0, interpolation_duration: 1 }
$data merge entity $(bone_right_arm) { transformation: [0.2966715967299288f,-0.366127009584813f,-0.8820073562880282f,0.36391556680992426f,-0.44354349123814063f,0.7651000201962114f,-0.4667881001868391f,1.4242822503509034f,0.8457275773403606f,0.5296913931226742f,0.06459019258188267f,-0.11793184406545537f,0f,0f,0f,1f], start_interpolation: 0, interpolation_duration: 1 }
$data merge entity $(bone_left_arm2) { transformation: [-0.2214272226556026f,-0.9282390735800123f,0.2989016683565796f,0.04381772237840345f,-0.5878580113178862f,0.3716134446594411f,0.7185585614810561f,1.2387883978384147f,-0.7780700120146044f,-0.01660331375554186f,-0.6279581087747245f,0.3426097866358323f,0f,0f,0f,1f], start_interpolation: 0, interpolation_duration: 1 }
$data merge entity $(bone_moonveil_slash) { transformation: [-0.000018513655749460358f,5.818986802955083e-7f,-0.0000029100592290096063f,0.34129873870962635f,0.000002824518857686674f,-0.0000021863653476431976f,-0.000018406640100496275f,0.8850402214345288f,-9.105734528559506e-7f,-0.00001861299815968657f,0.0000020711483516297462f,-2.1964037023205307f,0f,0f,0f,1f], start_interpolation: 0, interpolation_duration: 1 }
$data merge entity $(bone_moonveil) { transformation: [-1.9747899466091046f,0.062069192564854214f,-0.3104063177610247f,0.3622761308287018f,0.3012820114865785f,-0.23321230374860769f,-1.9633749440529358f,0.9308758434482229f,-0.0971278349713014f,-1.9853864703665671f,0.22092249084050625f,-1.1937713944556285f,0f,0f,0f,1f], start_interpolation: 0, interpolation_duration: 1 }
$data merge entity $(bone_left_arm) { transformation: [-0.2214272226556026f,-0.5889259809566378f,0.7772619725815024f,-0.13109217569270634f,-0.5878580113178862f,0.7165561718818936f,0.3754599992906655f,1.3444451893941523f,-0.7780700120146044f,-0.3737826126135727f,-0.5048698989951427f,0.1519053819806136f,0f,0f,0f,1f], start_interpolation: 0, interpolation_duration: 1 }
$data merge entity $(bone_head) { transformation: [0.997409314037714f,0.07132310433398527f,0.009363496087481937f,0.09299641720403307f,-0.06315006241362822f,0.9304866811021999f,-0.3608415246456088f,1.521305933918758f,-0.03444894610828769f,0.35931539221076536f,0.9325801408095993f,0.16220790981418515f,0f,0f,0f,1f], start_interpolation: 0, interpolation_duration: 1 }
$data merge entity $(bone_body_top) { transformation: [0.7949504647804522f,0.18912886738628412f,0.5764408296317363f,0.018526925670683685f,0.0878940347020884f,0.9042361501296535f,-0.41788948714042906f,1.165262949805207f,-0.6002736019592492f,0.38286715231250135f,0.7021996485836379f,0.011453968591137731f,0f,0f,0f,1f], start_interpolation: 0, interpolation_duration: 1 }
$data merge entity $(bone_body) { transformation: [0.8934370538724243f,0.04234725867584839f,0.4471878133965677f,1.5308084989341915e-17f,0.10375003124619407f,0.9491724566976157f,-0.29716591066780623f,0.75f,-0.4370425171355488f,0.31189478535117193f,0.8436323139179591f,-0.125f,0f,0f,0f,1f], start_interpolation: 0, interpolation_duration: 1 }
$data merge entity $(bone_left_leg2) { transformation: [0.9829629051740923f,0.009816972825237996f,-0.18354169579759494f,-0.16572321966541428f,-0.015232776640884169f,0.9994884662515826f,-0.028120603582919568f,0.5280963480127994f,0.1831717488247499f,0.030437359849489365f,0.9826096262289901f,0.06858413672567712f,0f,0f,0f,1f], start_interpolation: 0, interpolation_duration: 1 }
$data merge entity $(bone_left_leg) { transformation: [0.9829629051740923f,0.11331678515593545f,-0.14471777103601308f,-0.12499999999999999f,-0.015232776640884169f,0.8348623359643844f,0.5502479827349667f,0.828125f,0.1831717488247499f,-0.5386689021931885f,0.8223648364579238f,-0.125f,0f,0f,0f,1f], start_interpolation: 0, interpolation_duration: 1 }
data modify entity @s data merge value {"locators":{"dimension_slash_locator":{"posx":-6.123233995736766e-17,"posy":1.125,"posz":0.5,"roty":0,"rotx":0},"player_camera":{"posx":1.5308084989341915e-17,"posy":0.625,"posz":0.375,"roty":180,"rotx":0}},"cameras":{}}