# This file was generated by Animated Java via MC-Build. It is not recommended to edit this file directly.
$data merge entity $(bone_small_group1) { transformation: [-0.7064441624163209f,-0.14223681152274162f,-0.22856363410601405f,0.013342983455223648f,-0.028583678378937667f,0.6778648966085283f,-0.33349386092736355f,1.1339743344947795f,0.2676856714847346f,-0.3029915368351966f,-0.6388086645373663f,0.5236453300947017f,0f,0f,0f,1f], start_interpolation: 0, interpolation_duration: 1 }
$data merge entity $(bone_small_group2) { transformation: [-0.7232642615214714f,-0.14562340227328308f,-0.23400562539425246f,0.013342983455223648f,-0.029264242149864755f,0.6940045370039696f,-0.3414341909494436f,1.1339743344947795f,0.27405913985341873f,-0.3102056210455584f,-0.6540183946453988f,0.5236453300947017f,0f,0f,0f,1f], start_interpolation: 0, interpolation_duration: 1 }
$data merge entity $(bone_small_group3) { transformation: [-0.4147184603272323f,0.1826142752447272f,0.05095709117142819f,-0.011986796998666772f,0.14373994324703654f,0.38277132429022726f,-0.2018933927013085f,1.141379757257369f,-0.12362615976867085f,-0.16755339381208928f,-0.4056826750588474f,0.5048072072345047f,0f,0f,0f,1f], start_interpolation: 0, interpolation_duration: 1 }
$data merge entity $(bone_small_group4) { transformation: [-0.3246808998614515f,0.1429677549613324f,0.03989403848289442f,-0.011986796998666772f,0.11253324504208778f,0.2996696552009014f,-0.15806127454905067f,1.141379757257369f,-0.09678626981889357f,-0.13117667015551718f,-0.3176068311315975f,0.5048072072345047f,0f,0f,0f,1f], start_interpolation: 0, interpolation_duration: 1 }
$data merge entity $(bone_small_group5) { transformation: [-0.22046234874749898f,0.04291767448683097f,-0.053994684936377296f,0.06723265031722708f,0.022215960021648325f,0.21538157743042863f,0.0804874351926864f,1.114022860875922f,0.06529780934344395f,0.07162296642992937f,-0.2096839211163425f,0.49094776500460285f,0f,0f,0f,1f], start_interpolation: 0, interpolation_duration: 1 }
$data merge entity $(bone_small_group6) { transformation: [-0.28838256730102135f,0.056139786323682925f,-0.07062941110364504f,-0.026829553828188378f,0.029060270937408664f,0.2817365078509142f,0.10528406926720088f,1.1071058290159612f,0.08541481121187869f,0.09368862780480658f,-0.2742835129754177f,0.47499580832383503f,0f,0f,0f,1f], start_interpolation: 0, interpolation_duration: 1 }
$data merge entity $(bone_small_group7) { transformation: [0.1855894554118144f,-0.015954790625509953f,-0.09623985560646622f,0.019516938211723553f,0.08868450534991767f,0.11376595069995936f,0.15215938381606975f,1.0844097869555078f,0.04064140329636455f,-0.17539345548948437f,0.10745009642002037f,0.486169431225945f,0f,0f,0f,1f], start_interpolation: 0, interpolation_duration: 1 }
$data merge entity $(bone_small_group8) { transformation: [0.0927947277059072f,-0.017831824816746417f,-0.10756219156016814f,0.07720918007825087f,0.04434225267495884f,0.1271501801940722f,0.1700604877944309f,1.1210112762756332f,0.020320701648182275f,-0.19602797966471783f,0.12009128423414042f,0.45301027498912483f,0f,0f,0f,1f], start_interpolation: 0, interpolation_duration: 1 }
$data merge entity $(bone_small_group9) { transformation: [0.8333659399150486f,0.016520276741150197f,0.6483550652581547f,-0.03852971676832765f,-0.6003372035175616f,0.41911922980185784f,0.7609666965662909f,1.066936933330776f,-0.2454230067907737f,-0.9691244252760816f,0.34014907918599885f,0.4814240535481866f,0f,0f,0f,1f], start_interpolation: 0, interpolation_duration: 1 }
$data merge entity $(bone_small_group10) { transformation: [1.1144428044350072f,0.022092219827614525f,0.8670316395095241f,0.038502212432872426f,-0.80281835943881f,0.560479361444309f,1.017624813763602f,1.0686843157346977f,-0.32819904301424013f,-1.2959897814653156f,0.4548742342081705f,0.43641143338647365f,0f,0f,0f,1f], start_interpolation: 0, interpolation_duration: 1 }
$data merge entity $(bone_right_arm2) { transformation: [0.2416412100482364f,0.1873308303640297f,-0.9521116980698994f,0.44770077091940064f,-0.3329345816297445f,0.9376340073884321f,0.09998516161779586f,1.272059104806649f,0.911462610292628f,0.29283037442149473f,0.28893992776131844f,-0.23457619760054865f,0f,0f,0f,1f], start_interpolation: 0, interpolation_duration: 1 }
$data merge entity $(bone_right_arm) { transformation: [0.2416412100482364f,-0.43808760351215714f,-0.8658457006045586f,0.3655593452608712f,-0.3329345816297445f,0.8006944501624669f,-0.49803911677101415f,1.4221893142121116f,0.911462610292628f,0.40861675091459426f,0.04762626282366833f,-0.15796055680406224f,0f,0f,0f,1f], start_interpolation: 0, interpolation_duration: 1 }
$data merge entity $(bone_left_arm2) { transformation: [-0.18375776391483536f,0.10719740997494093f,0.9771088984835234f,-0.32903748086089646f,-0.7073622130970558f,0.6758098747798704f,-0.2071707330499446f,1.345143824268863f,-0.682548008336011f,-0.7292391435219867f,-0.04835791426296726f,0.2570863426421645f,0f,0f,0f,1f], start_interpolation: 0, interpolation_duration: 1 }
$data merge entity $(bone_moonveil_slash) { transformation: [-0.0000032614701120023963f,0.000007789536720980747f,-0.000016740622162303517f,1.9533901167291776f,-0.000006567860905568254f,-0.00001637736905592972f,-0.000006340937306974737f,-0.11583198984638132f,-0.000017256549940055326f,0.00000476102935071486f,0.000005577327647539489f,-0.01375255709377303f,0f,0f,0f,1f], start_interpolation: 0, interpolation_duration: 1 }
$data merge entity $(bone_moonveil) { transformation: [-0.3478901452802556f,0.8308839169046129f,-1.7856663639790418f,0.9241253456590758f,-0.7005718299272804f,-1.7469193659658364f,-0.6763666460773052f,0.5251266585474632f,-1.840698660272568f,0.5078431307429183f,0.5949149490708787f,-0.06317210872211763f,0f,0f,0f,1f], start_interpolation: 0, interpolation_duration: 1 }
$data merge entity $(bone_left_arm) { transformation: [-0.16624613372250063f,0.6935852390049162f,0.7009291970354881f,-0.17642193782497997f,-0.6305555698957299f,0.4717265395499224f,-0.616338985589689f,1.3842560129193773f,-0.7581305272153287f,-0.5444387827100022f,0.358921322277542f,0.026210331062747852f,0f,0f,0f,1f], start_interpolation: 0, interpolation_duration: 1 }
$data merge entity $(bone_head) { transformation: [0.9987182212881864f,0.03436694350896126f,-0.03715948951227355f,0.06049939338201974f,-0.04154972122117083f,0.9759205114821025f,-0.21413261296438418f,1.5534181575701744f,0.028905624598058677f,0.21540210876953744f,0.9760975342680837f,0.0678855831465197f,0f,0f,0f,1f], start_interpolation: 0, interpolation_duration: 1 }
$data merge entity $(bone_body_top) { transformation: [0.8685009961877578f,0.14349858568040152f,0.4744619853355976f,0.0039968252703616305f,0.01408791055685461f,0.9496473726391886f,-0.3130038313114205f,1.179494504593494f,-0.4954871848968593f,0.27852831731658917f,0.8227480939241216f,-0.0417849417968873f,0f,0f,0f,1f], start_interpolation: 0, interpolation_duration: 1 }
$data merge entity $(bone_body) { transformation: [0.9372996499221018f,0.009135600617969405f,0.3484048034359664f,1.5308084989341915e-17f,0.05786734953424859f,0.981701724785129f,-0.18141966103976725f,0.75f,-0.34368697402401877f,0.19020584732140045f,0.9196200299748596f,-0.125f,0f,0f,0f,1f], start_interpolation: 0, interpolation_duration: 1 }
$data merge entity $(bone_right_leg2) { transformation: [0.9744071639342311f,-0.11450871365764079f,0.19343844853110476f,0.20113518737039204f,0.18490254086694116f,0.8976573723794705f,-0.40002786427164533f,0.4883313622292354f,-0.1278347732606335f,0.4255572773543619f,0.8958567265116366f,-0.036151209352148606f,0f,0f,0f,1f], start_interpolation: 0, interpolation_duration: 1 }
$data merge entity $(bone_right_leg) { transformation: [0.9744071639342311f,-0.21185443442196042f,0.07515568833694296f,0.12500000000000003f,0.18490254086694116f,0.9455127311882146f,0.2679864279062512f,0.828125f,-0.1278347732606335f,-0.24723141745489083f,0.9604868020793664f,-0.125f,0f,0f,0f,1f], start_interpolation: 0, interpolation_duration: 1 }
$data merge entity $(bone_left_leg2) { transformation: [0.9827220626466564f,-0.08633806732876098f,-0.16371647967579617f,-0.12935842598922923f,-0.0017720763661727215f,0.8801065323095462f,-0.4747729473458005f,0.46931719283952794f,0.18507892190320727f,0.466859968208884f,0.864747109131419f,-0.10529334456103932f,0f,0f,0f,1f], start_interpolation: 0, interpolation_duration: 1 }
$data merge entity $(bone_left_leg) { transformation: [0.9827220626466564f,0.012127794056985705f,-0.18468964291159476f,-0.12499999999999999f,-0.0017720763661727215f,0.9984217242726179f,0.05613305840451856f,0.828125f,0.18507892190320727f,-0.0548359107866732f,0.9811925476456405f,-0.125f,0f,0f,0f,1f], start_interpolation: 0, interpolation_duration: 1 }
data modify entity @s data merge value {"locators":{"dimension_slash_locator":{"posx":-6.123233995736766e-17,"posy":1.125,"posz":0.5,"roty":0,"rotx":0},"player_camera":{"posx":1.5308084989341915e-17,"posy":0.625,"posz":0.375,"roty":180,"rotx":0}},"cameras":{}}