# This file was generated by Animated Java via MC-Build. It is not recommended to edit this file directly.
$data merge entity $(bone_small_group1) { transformation: [-1.0452155167562065f,-0.5463715255381226f,-0.46836276497304996f,0.028604331222030262f,-0.07520543633352464f,0.9043066332430029f,-0.8870933746898284f,1.1467997180429563f,0.7157022187180504f,-0.702900184346148f,-0.7772146839633243f,0.5316427744608359f,0f,0f,0f,1f], start_interpolation: 0, interpolation_duration: 1 }
$data merge entity $(bone_small_group2) { transformation: [-1.067454144772296f,-0.557996451613402f,-0.47832793018524256f,0.028604331222030262f,-0.07680555200019538f,0.9235471999077478f,-0.9059677018108887f,1.1467997180429563f,0.7309299254992856f,-0.7178555074173428f,-0.7937511666008419f,0.5316427744608359f,0f,0f,0f,1f], start_interpolation: 0, interpolation_duration: 1 }
$data merge entity $(bone_small_group3) { transformation: [-0.5879014425861843f,0.5033313462727448f,-0.010268868698640403f,-0.015405725366475349f,0.37087124069193056f,0.4223287544484446f,-0.5321362100004599f,1.1566739954537353f,-0.34044443986164863f,-0.40911120618395647f,-0.5619622801772345f,0.5046243510554304f,0f,0f,0f,1f], start_interpolation: 0, interpolation_duration: 1 }
$data merge entity $(bone_small_group4) { transformation: [-0.4516074308238349f,0.3866433379435257f,-0.007888222539580601f,-0.015405725366475349f,0.2848916434675658f,0.3244196900087253f,-0.4087703299204114f,1.1566739954537353f,-0.26151873032976936f,-0.314266384401484f,-0.431681780630332f,0.5046243510554304f,0f,0f,0f,1f], start_interpolation: 0, interpolation_duration: 1 }
$data merge entity $(bone_small_group5) { transformation: [-0.33371017278078596f,0.13519620619858494f,-0.11321913627288305f,0.06787821508657294f,0.052025226797438325f,0.3070251300333623f,0.2132791872427361f,1.106854496994958f,0.16849321281743984f,0.1729642210509349f,-0.29009047188239434f,0.4837918549022861f,0f,0f,0f,1f], start_interpolation: 0, interpolation_duration: 1 }
$data merge entity $(bone_small_group6) { transformation: [-0.4416313463924558f,0.17891837720468462f,-0.14983396871880794f,-0.027475162494798297f,0.06885007659631182f,0.4063164164972067f,0.2822532314032036f,1.1142741668562974f,0.22298356629193225f,0.2289004892596575f,-0.38390512523333253f,0.48215161608924756f,0f,0f,0f,1f], start_interpolation: 0, interpolation_duration: 1 }
$data merge entity $(bone_small_group7) { transformation: [0.3458733886411384f,-0.016872951711341712f,-0.04493119947978898f,0.012260913120313226f,0.04621366340709546f,0.20531259143619698f,0.2786448407354761f,1.0856276138133942f,0.01295401484643062f,-0.2819467209501644f,0.2055970578609004f,0.4861125940224572f,0f,0f,0f,1f], start_interpolation: 0, interpolation_duration: 1 }
$data merge entity $(bone_small_group8) { transformation: [0.1729366943205692f,-0.019219521154640897f,-0.051179909341216606f,0.0718998756426989f,0.02310683170354773f,0.2338659981922245f,0.3173967722284894f,1.1054941404714043f,0.00647700742321531f,-0.3211578543273397f,0.2341900261726814f,0.44349676712475344f,0f,0f,0f,1f], start_interpolation: 0, interpolation_duration: 1 }
$data merge entity $(bone_small_group9) { transformation: [1.067621836729402f,-0.3589561670337906f,1.3575824409172885f,-0.04153043151746835f,-1.3603424004627431f,0.15868021889621978f,1.1117486863650015f,1.0825364006519793f,-0.3483506383542246f,-1.7197869223480722f,-0.18077824669673906f,0.510516530132406f,0f,0f,0f,1f], start_interpolation: 0, interpolation_duration: 1 }
$data merge entity $(bone_small_group10) { transformation: [1.421982712809371f,-0.478099497985199f,1.8081859098271935f,0.01840944295232009f,-1.8118619443805075f,0.21134873826341746f,1.4807559742712992f,1.0537046343524739f,-0.4639738235902782f,-2.290611890054873f,-0.24078145726416583f,0.4510266306859994f,0f,0f,0f,1f], start_interpolation: 0, interpolation_duration: 1 }
$data merge entity $(bone_right_arm2) { transformation: [0.20120929302669463f,0.034927203636943016f,-0.9789253857397925f,0.4601198784796991f,-0.255546520748974f,0.9666284957153088f,-0.018036823563288007f,1.2621601459384693f,0.9456271972256254f,0.25379015291626766f,0.20342016161124638f,-0.24471296484523808f,0f,0f,0f,1f], start_interpolation: 0, interpolation_duration: 1 }
$data merge entity $(bone_right_arm) { transformation: [0.20120929302669463f,-0.468332371522413f,-0.8603369166692142f,0.37230755881924665f,-0.255546520748974f,0.8227878295675662f,-0.5076575255510231f,1.416432863982388f,0.9456271972256254f,0.3220015175425202f,0.04587184940159003f,-0.18433768030601555f,0f,0f,0f,1f], start_interpolation: 0, interpolation_duration: 1 }
$data merge entity $(bone_left_arm2) { transformation: [-0.2693892100727065f,0.7789185131551185f,0.5663174051365744f,-0.42125247317529024f,-0.7003465503519956f,0.24518354339414694f,-0.6703728361581711f,1.5155224664130427f,-0.6610175208770664f,-0.5772096498785431f,0.4794630926157163f,0.0481569624239442f,0f,0f,0f,1f], start_interpolation: 0, interpolation_duration: 1 }
$data merge entity $(bone_moonveil_slash) { transformation: [-0.000006997862014574785f,-0.5748028521664362f,-1.6903708768798205f,0.04297293030006444f,-0.0000115792611748579f,-1.7496513711216306f,0.7829141689875905f,-0.8613912854953467f,-0.000012981261027704507f,1.870547182156475f,0.21287720074027985f,1.784428380880977f,0f,0f,0f,1f], start_interpolation: 0, interpolation_duration: 1 }
$data merge entity $(bone_moonveil) { transformation: [-0.7464386148879769f,-0.4379450302220467f,-1.8030622686718085f,-0.9776598643007804f,-1.2351211919848426f,-1.3330677113307663f,0.8351084469200966f,0.3792796274276027f,-1.3846678429551473f,1.4251788054525525f,0.22706901412296518f,1.2279489253642395f,0f,0f,0f,1f], start_interpolation: 0, interpolation_duration: 1 }
$data merge entity $(bone_left_arm) { transformation: [-0.13303539011467702f,0.9891242357723131f,-0.0627282327574537f,-0.19060083799654662f,-0.6582477323024388f,-0.1354945686484645f,-0.7405073563344684f,1.3993678577131217f,-0.7409531077576587f,-0.057222968068810776f,0.6691143579610763f,-0.05876791806296583f,0f,0f,0f,1f], start_interpolation: 0, interpolation_duration: 1 }
$data merge entity $(bone_head) { transformation: [0.9980327114418557f,0.02647226830777378f,-0.05683243706422658f,0.050927916775674716f,-0.033061709621632934f,0.9924238182920637f,-0.11832957467808226f,1.5669015995950915f,0.05326941194450008f,0.11997576379103513f,0.9913466527173251f,0.0037137695237050017f,0f,0f,0f,1f], start_interpolation: 0, interpolation_duration: 1 }
$data merge entity $(bone_body_top) { transformation: [0.9059435089580745f,0.12764642654404162f,0.40369883374524124f,0.0006671363239583183f,-0.029370048854091457f,0.9701215115994383f,-0.2408353233276406f,1.1849162544028127f,-0.422378691232216f,0.20632654342705764f,0.8826242681177551f,-0.07752730695069895f,0f,0f,0f,1f], start_interpolation: 0, interpolation_duration: 1 }
$data merge entity $(bone_body) { transformation: [0.9595886302495173f,0.001524883026190407f,0.2814024438906166f,1.5308084989341915e-17f,0.029080150141432566f,0.9940942957778576f,-0.10455082959822505f,0.75f,-0.2798999920750391f,0.10850901268411665f,0.9538772397969831f,-0.125f,0f,0f,0f,1f], start_interpolation: 0, interpolation_duration: 1 }
$data merge entity $(bone_right_leg2) { transformation: [0.9744071639342311f,-0.15807874003531247f,0.159817992799611f,0.20572403559926838f,0.18490254086694113f,0.9679545482956218f,-0.16992658065990668f,0.5324244274483603f,-0.1278347732606335f,0.19512843048276368f,0.9724110069115505f,0.06260381684336933f,0f,0f,0f,1f], start_interpolation: 0, interpolation_duration: 1 }
$data merge entity $(bone_right_leg) { transformation: [0.9744071639342311f,-0.22462340340665982f,0.008660572478617408f,0.12500000000000003f,0.18490254086694113f,0.8228189844915194f,0.5373825165943659f,0.828125f,-0.1278347732606335f,-0.5220280120858972f,0.8432941511376968f,-0.125f,0f,0f,0f,1f], start_interpolation: 0, interpolation_duration: 1 }
$data merge entity $(bone_left_leg2) { transformation: [0.982678737653423f,-0.12828276728611826f,-0.13373866374871124f,-0.10892968082182754f,-0.00009010159891670658f,0.7213431398115875f,-0.6925778414939813f,0.4794109670066149f,0.18531726969059603f,0.6805935690734788f,0.7088370075625615f,-0.21038535389632096f,0f,0f,0f,1f], start_interpolation: 0, interpolation_duration: 1 }
$data merge entity $(bone_left_leg) { transformation: [0.982678737653423f,-0.044717409887088555f,-0.17984118498515667f,-0.12499999999999999f,-0.00009010159891670658f,0.9703347005033325f,-0.24176550804614338f,0.828125f,0.18531726969059603f,0.23759402823324088f,0.9535232494817968f,-0.125f,0f,0f,0f,1f], start_interpolation: 0, interpolation_duration: 1 }
data modify entity @s data merge value {"locators":{"dimension_slash_locator":{"posx":-6.123233995736766e-17,"posy":1.125,"posz":0.5,"roty":0,"rotx":0},"player_camera":{"posx":1.5308084989341915e-17,"posy":0.625,"posz":0.375,"roty":180,"rotx":0}},"cameras":{}}