# This file was generated by Animated Java via MC-Build. It is not recommended to edit this file directly.
execute on vehicle unless entity @s[tag=aj.transforms_only] run function animated_java:dimension_slash/variants/slash2/apply
$data merge entity $(bone_small_group1) { transformation: [-1.4730680961111737f,-2.526910379073309f,0.725449340535267f,0.04997054330251029f,-0.6760074771870025f,-0.43953333664491645f,-2.9036712558581965f,1.2010142820706775f,2.5405839290089856f,-1.5820925407325062f,-0.3519927805394541f,0.5269066848746808f,0f,0f,0f,1f], start_interpolation: 0, interpolation_duration: 1 }
$data merge entity $(bone_small_group2) { transformation: [-1.4016433579475622f,-2.4043879290489745f,0.6902744363095321f,0.04997054330251029f,-0.6432298634553687f,-0.41822165827314317f,-2.7628807793619736f,1.2010142820706775f,2.417398488776323f,-1.5053815280028586f,-0.3349256861859188f,0.5269066848746808f,0f,0f,0f,1f], start_interpolation: 0, interpolation_duration: 1 }
$data merge entity $(bone_small_group3) { transformation: [-0.19326800379000814f,2.092878208042669f,0.9864878706613351f,-0.01434062421774317f,1.5153580770583595f,0.8625602668518562f,-1.5330785101531008f,1.1653945184011378f,-1.748424265147284f,0.516236986566601f,-1.4377628443855472f,0.4734237702745179f,0f,0f,0f,1f], start_interpolation: 0, interpolation_duration: 1 }
$data merge entity $(bone_small_group4) { transformation: [-0.17131080758907793f,1.8551061167627578f,0.8744128903170272f,-0.01434062421774317f,1.3431981025144775f,0.7645647133045075f,-1.3589053155283126f,1.1653945184011378f,-1.5497856189178822f,0.45758725366753417f,-1.2744184715690208f,0.4734237702745179f,0f,0f,0f,1f], start_interpolation: 0, interpolation_duration: 1 }
$data merge entity $(bone_small_group5) { transformation: [-0.9238088321892495f,-1.008685730754681f,0.1304083515003167f,0.036427116214081595f,-0.978619716726414f,0.9295268386042976f,0.2572145142650652f,1.1472694774102539f,-0.2770499803346835f,0.08005593598350531f,-1.3433950854124623f,0.5089908158772581f,0f,0f,0f,1f], start_interpolation: 0, interpolation_duration: 1 }
$data merge entity $(bone_small_group6) { transformation: [-1.1858011962914405f,-1.2947491997629832f,0.16739218529553024f,0.003975804004637446f,-1.2561564583210714f,1.1931408304355504f,0.3301606004309703f,1.0738597177406364f,-0.35562140852761037f,0.10275981496572698f,-1.7243821923622846f,0.4569530601462045f,0f,0f,0f,1f], start_interpolation: 0, interpolation_duration: 1 }
$data merge entity $(bone_small_group7) { transformation: [0.9092876817816498f,-0.04752942047799029f,0.7948660120173024f,0.0013520559138023198f,0.21628044808438512f,1.1758967486186254f,-0.17710086243627984f,1.0947238604907719f,-0.7663509578826675f,0.2754685134244619f,0.8931396411396966f,0.4735622466012516f,0f,0f,0f,1f], start_interpolation: 0, interpolation_duration: 1 }
$data merge entity $(bone_small_group8) { transformation: [0.4546438408908249f,-0.05140937317007114f,0.8597530334064701f,0.033760208503152034f,0.10814022404219256f,1.2718883199344315f,-0.19155807569638436f,1.1499974108456161f,-0.38317547894133375f,0.2979557390101323f,0.9660489996000801f,0.43279289890851924f,0f,0f,0f,1f], start_interpolation: 0, interpolation_duration: 1 }
$data merge entity $(bone_small_group9) { transformation: [1.2170588867705328f,-3.4205085305471705f,-0.6530314431395932f,0.04083904747340092f,-3.353600395711699f,-0.964968279144966f,-1.1957263956559678f,1.1562648748781488f,0.9379195376775558f,0.9881895667533189f,-3.428024114288678f,0.5362693561949388f,0f,0f,0f,1f], start_interpolation: 0, interpolation_duration: 1 }
$data merge entity $(bone_small_group10) { transformation: [1.4358944168291576f,-4.035539409898095f,-0.7704509727595642f,0.017925802707817767f,-3.9566007338036f,-1.13847619002082f,-1.4107261975906116f,1.0700487992427319f,1.106563899434479f,1.1658728243093175f,-4.044406347111197f,0.5340605212333738f,0f,0f,0f,1f], start_interpolation: 0, interpolation_duration: 1 }
$data merge entity $(bone_right_arm2) { transformation: [0.004702156810553498f,-0.13120424697099847f,-0.9913442062664723f,0.4768878195389023f,-0.10971362899747503f,0.9853027699882683f,-0.1309250589675236f,1.2431403076807095f,0.9939521162176441f,0.10937960061281235f,-0.00976184594471173f,-0.19893103140276922f,0f,0f,0f,1f], start_interpolation: 0, interpolation_duration: 1 }
$data merge entity $(bone_right_arm) { transformation: [0.004702156810553498f,-0.47661957720111015f,-0.8790970756122238f,0.38752164881369416f,-0.10971362899747503f,0.8735538295826165f,-0.47420104010192643f,1.40693165072745f,0.9939521162176441f,0.09867869805677155f,-0.04818407637681908f,-0.18042877551712455f,0f,0f,0f,1f], start_interpolation: 0, interpolation_duration: 1 }
$data merge entity $(bone_left_arm2) { transformation: [-0.4158076765627685f,0.9072634208751469f,-0.06306394574872598f,-0.3738999622918552f,-0.6305315156863681f,-0.33756041634363876f,-0.6989155693244786f,1.6106365183011015f,-0.6553884221114401f,-0.25085065369624904f,0.7124183923106149f,-0.22898627247768338f,0f,0f,0f,1f], start_interpolation: 0, interpolation_duration: 1 }
$data merge entity $(bone_moonveil_slash) { transformation: [-0.00000809108616273287f,-0.6763315693723535f,-0.03181574128200744f,-2.8868355204776277f,-0.000013469028839880763f,0.24543533018974373f,0.8057565538632775f,1.8876354894583476f,-0.000010231426431231032f,0.2117477437069419f,-1.0355676629332582f,1.2368176859180884f,0f,0f,0f,1f], start_interpolation: 0, interpolation_duration: 1 }
$data merge entity $(bone_moonveil) { transformation: [-0.8630491906915061f,-1.8035508516596093f,-0.04848112957258277f,-2.0077856241349714f,-1.4366964095872812f,0.6544942138393166f,1.227819510648804f,2.135928778155316f,-1.0913521526646432f,0.5646606498851784f,-1.5780078673268698f,0.21479617316602928f,0f,0f,0f,1f], start_interpolation: 0, interpolation_duration: 1 }
$data merge entity $(bone_left_arm) { transformation: [0.0045831135057843725f,0.7253258216168008f,-0.6883904760864332f,-0.19199561769943194f,-0.7271402079745479f,-0.47015462255230495f,-0.5002216996886786f,1.4022053366662068f,-0.6864736797702619f,0.5028489667769167f,0.525258796779324f,-0.18908324075473693f,0f,0f,0f,1f], start_interpolation: 0, interpolation_duration: 1 }
$data merge entity $(bone_head) { transformation: [0.9991731187673343f,0.020039624425598524f,-0.035376435456952154f,0.03623999301395794f,-0.01929855990843863f,0.9995896856987044f,0.021166620661441926f,1.5772453256618417f,0.03578609112796963f,-0.020466404121045f,0.9991498796397538f,-0.08617638600397717f,0f,0f,0f,1f], start_interpolation: 0, interpolation_duration: 1 }
$data merge entity $(bone_body_top) { transformation: [0.974410722472375f,0.09824254001672657f,0.20216861097095762f,-0.0024430071176281534f,-0.07472572506094509f,0.9898541080802598f,-0.12085077877593166f,1.1874902706052395f,-0.21199011756442931f,0.10265109861903576f,0.971865701631313f,-0.1265952560852225f,0f,0f,0f,1f], start_interpolation: 0, interpolation_duration: 1 }
$data merge entity $(bone_body) { transformation: [0.9924088615311709f,-0.005584016268864385f,0.1228554854970439f,1.5308084989341915e-17f,0.005093694907247343f,0.9999777613834048f,0.004304766059402266f,0.75f,-0.12287679124471469f,-0.003646299623365735f,0.9924152350062243f,-0.125f,0f,0f,0f,1f], start_interpolation: 0, interpolation_duration: 1 }
$data merge entity $(bone_right_leg2) { transformation: [0.9744071639342311f,-0.19405627787394095f,0.11345853820387539f,0.20574343303300857f,0.18490254086694116f,0.9789525322166439f,0.08638859906011875f,0.5467061996239482f,-0.12783477326063353f,-0.0631988978094763f,0.9897798593935268f,0.08340908675474781f,0f,0f,0f,1f], start_interpolation: 0, interpolation_duration: 1 }
$data merge entity $(bone_right_leg) { transformation: [0.9744071639342311f,-0.22467737887445852f,-0.0071242049206527505f,0.12500000000000003f,0.18490254086694116f,0.7830784010464049f,0.5938006973687004f,0.828125f,-0.12783477326063353f,-0.5799209370566896f,0.8045806221309916f,-0.125f,0f,0f,0f,1f], start_interpolation: 0, interpolation_duration: 1 }
$data merge entity $(bone_left_leg2) { transformation: [0.9815426788574656f,-0.06762032917560355f,-0.17888952083197374f,-0.1256517941554377f,-0.07909375073976826f,0.708121276935885f,-0.7016469452257361f,0.4995562916743357f,0.17412107332320675f,0.7028454653996672f,0.6897029096588616f,-0.2705766797896678f,0f,0f,0f,1f], start_interpolation: 0, interpolation_duration: 1 }
$data merge entity $(bone_left_leg) { transformation: [0.9815426788574656f,0.001813688084696223f,-0.19123462060213253f,-0.12499999999999999f,-0.07909375073976826f,0.9142781449061963f,-0.39729038792903076f,0.828125f,0.17412107332320675f,0.4050829350669018f,0.8975464709653527f,-0.125f,0f,0f,0f,1f], start_interpolation: 0, interpolation_duration: 1 }
execute on vehicle unless entity @s[tag=aj.transforms_only] positioned ^0 ^0 ^0 rotated ~0 ~0 run function animated_java:dimension_slash/animations/dimension_slash/zzz/frames/zzz/4
data modify entity @s data merge value {"locators":{"dimension_slash_locator":{"posx":-6.123233995736766e-17,"posy":1.125,"posz":0.5,"roty":0,"rotx":0},"player_camera":{"posx":1.5308084989341915e-17,"posy":0.625,"posz":0.375,"roty":180,"rotx":0}},"cameras":{}}