# This file was generated by Animated Java via MC-Build. It is not recommended to edit this file directly.
$data merge entity $(bone_small_group1) { transformation: [-1.766363641466446f,-2.6197783893572444f,1.489888815469889f,0.043429493236169556f,-1.3711641639094516f,-0.8392836944909161f,-3.1013802929457523f,1.2063494426030459f,2.6838249435117785f,-2.153000714472373f,-0.6039201948648174f,0.5328416318082037f,0f,0f,0f,1f], start_interpolation: 0, interpolation_duration: 1 }
$data merge entity $(bone_small_group2) { transformation: [-1.6284098818593067f,-2.4151725711298466f,1.373527858605955f,0.043429493236169556f,-1.264075653361958f,-0.7737352772149193f,-2.8591611590486368f,1.2063494426030459f,2.474217061876777f,-1.9848504332812715f,-0.5567537680722513f,0.5328416318082037f,0f,0f,0f,1f], start_interpolation: 0, interpolation_duration: 1 }
$data merge entity $(bone_small_group3) { transformation: [0.3508205964989579f,1.1441101570287922f,2.672531530633732f,0.0004834124548365494f,1.9063872007671983f,1.941773659596397f,-1.0815224547943645f,1.1529711484267466f,-2.194789437371825f,1.8694959021236106f,-0.5122229222905819f,0.4554945882148638f,0f,0f,0f,1f], start_interpolation: 0, interpolation_duration: 1 }
$data merge entity $(bone_small_group4) { transformation: [0.31449250071342305f,1.0256355184570265f,2.3957861445200836f,0.0004834124548365494f,1.7089774205977084f,1.7406995487727581f,-0.9695288839377194f,1.1529711484267466f,-1.9675150934318713f,1.6759062814434769f,-0.4591813290368798f,0.4554945882148638f,0f,0f,0f,1f], start_interpolation: 0, interpolation_duration: 1 }
$data merge entity $(bone_small_group5) { transformation: [-0.14373568870854248f,-1.59495698317781f,0.9752319076013773f,0.002307526392453088f,-1.234446048884f,0.8155238033765835f,1.151819811654963f,1.1342309290714736f,-1.4039615394255516f,-0.5537672326334697f,-1.1125910514988449f,0.5204850384970644f,0f,0f,0f,1f], start_interpolation: 0, interpolation_duration: 1 }
$data merge entity $(bone_small_group6) { transformation: [-0.17727401607386906f,-1.9671136125859656f,1.202786019375032f,0.03809502151944303f,-1.5224834602902662f,1.0058126908311196f,1.4205777677077873f,1.0868982324105427f,-1.7315525652915131f,-0.6829795869146126f,-1.3721956301819085f,0.4454591794901154f,0f,0f,0f,1f], start_interpolation: 0, interpolation_duration: 1 }
$data merge entity $(bone_small_group7) { transformation: [0.6826532219090036f,0.2335241884734409f,1.3624195914351016f,-0.0022864121627261605f,0.6138645492832332f,1.3102328904185105f,-0.532161816659143f,1.0977526138142109f,-1.2385035344566688f,0.7781338813947682f,0.4871886378754775f,0.4779799865805584f,0f,0f,0f,1f], start_interpolation: 0, interpolation_duration: 1 }
$data merge entity $(bone_small_group8) { transformation: [0.3413266109545018f,0.2335241884734409f,1.3624195914351016f,0.01593434370078886f,0.3069322746416166f,1.3102328904185105f,-0.532161816659143f,1.1642520837569437f,-0.6192517672283344f,0.7781338813947682f,0.4871886378754775f,0.4461457599137654f,0f,0f,0f,1f], start_interpolation: 0, interpolation_duration: 1 }
$data merge entity $(bone_small_group9) { transformation: [1.7842833744999704f,-3.048276407320489f,-1.9422584547333437f,0.056301486992935475f,-3.076707801605485f,-0.14415730363395102f,-2.6002138174149816f,1.1711998212298613f,1.8968990653036353f,2.6334869920523896f,-2.390511309253297f,0.5023417336714027f,0f,0f,0f,1f], start_interpolation: 0, interpolation_duration: 1 }
$data merge entity $(bone_small_group10) { transformation: [1.9667994451282755f,-3.360087546741668f,-2.140933948978689f,0.03831721785796882f,-3.3914272158228895f,-0.1589032935297621f,-2.8661922015273174f,1.0940583661665966f,2.0909347037709543f,2.902868921352076f,-2.6350390211587604f,0.5434375900312629f,0f,0f,0f,1f], start_interpolation: 0, interpolation_duration: 1 }
$data merge entity $(bone_right_arm2) { transformation: [-0.07836320380957346f,-0.13544717355393532f,-0.9876807538192435f,0.47406437381658767f,-0.07511584516493422f,0.988713266876217f,-0.12962903111616625f,1.2412232217584478f,0.9940909506146088f,0.06403232839127809f,-0.08765296815815558f,-0.16878214624556007f,0f,0f,0f,1f], start_interpolation: 0, interpolation_duration: 1 }
$data merge entity $(bone_right_arm) { transformation: [-0.07836320380957346f,-0.4602691067580047f,-0.884314173613025f,0.3877639162994618f,-0.07511584516493422f,0.8872464033069175f,-0.4551389124477231f,1.4075819223784949f,0.9940909506146088f,0.030759863184464165f,-0.10410097368908786f,-0.16301467189847305f,0f,0f,0f,1f], start_interpolation: 0, interpolation_duration: 1 }
$data merge entity $(bone_left_arm2) { transformation: [-0.3654805639260751f,0.9240827924501794f,-0.11178081270842555f,-0.368875147909164f,-0.6460203572106472f,-0.3382772684236064f,-0.6842705515637006f,1.6065267828373835f,-0.6701355500655862f,-0.17787490650831433f,0.7206100624977092f,-0.2704141246593328f,0f,0f,0f,1f], start_interpolation: 0, interpolation_duration: 1 }
$data merge entity $(bone_moonveil_slash) { transformation: [-0.000007289079457525938f,-0.14068359313462317f,0.014189018931077773f,-2.963838325175028f,-0.00001371778960919762f,0.050209907687745595f,0.277895972939107f,2.2500771651205023f,-0.000010500193755339145f,0.03206464057861729f,-0.37290201187420297f,0.5374374836450002f,0f,0f,0f,1f], start_interpolation: 0, interpolation_duration: 1 }
$data merge entity $(bone_moonveil) { transformation: [-0.7775018088027666f,-1.841676128307794f,0.060991603763438706f,-2.0321996645213556f,-1.463230891647746f,0.657293337003215f,1.1945379135292944f,2.1329632521397075f,-1.1200206672361754f,0.41975529484735363f,-1.6029220808920943f,0.04370905106334838f,0f,0f,0f,1f], start_interpolation: 0, interpolation_duration: 1 }
$data merge entity $(bone_left_arm) { transformation: [0.05637958757749595f,0.6888645866019113f,-0.7226942115655618f,-0.18961155281149913f,-0.7412067395683859f,-0.4560765754518309f,-0.49255124255505983f,1.3998567965283775f,-0.6689050091926315f,0.5634356561754927f,0.4848776650115957f,-0.21316833676453856f,0f,0f,0f,1f], start_interpolation: 0, interpolation_duration: 1 }
$data merge entity $(bone_head) { transformation: [0.9997718551710553f,0.017546144250692692f,-0.012180740115446037f,0.03004350881515419f,-0.017042600731127785f,0.9990430740932906f,0.04028009268295277f,1.5781044665875017f,0.012875844366313033f,-0.04006331149770051f,0.9991141795128786f,-0.09784386182411367f,0f,0f,0f,1f], start_interpolation: 0, interpolation_duration: 1 }
$data merge entity $(bone_body_top) { transformation: [0.9873779329279738f,0.08727872948648775f,0.13216368996856126f,-0.004322490920150363f,-0.07436867423259294f,0.9922385486732838f,-0.09965923348903474f,1.1874105380473963f,-0.13983603920223125f,0.08857248955494008f,0.9862052505610949f,-0.13271927958637134f,0f,0f,0f,1f], start_interpolation: 0, interpolation_duration: 1 }
$data merge entity $(bone_body) { transformation: [0.9973286988525849f,-0.009879979246058008f,0.07237300916161614f,1.5308084989341915e-17f,0.008575454757155796f,0.9997955155369056f,0.018313620286581136f,0.75f,-0.07253914819404682f,-0.017644067625991605f,0.9972094859440976f,-0.125f,0f,0f,0f,1f], start_interpolation: 0, interpolation_duration: 1 }
$data merge entity $(bone_right_leg2) { transformation: [0.9744071639342311f,-0.19497800371082127f,0.11186713969075716f,0.2054161812401633f,0.18490254086694113f,0.9782130133212409f,0.09439465530381902f,0.5219153951737979f,-0.1278347732606335f,-0.07129430999680558f,0.9892296963332033f,0.04505677384900125f,0f,0f,0f,1f], start_interpolation: 0, interpolation_duration: 1 }
$data merge entity $(bone_right_leg) { transformation: [0.9744071639342311f,-0.2237667651900196f,0.02142693795303125f,0.12500000000000003f,0.18490254086694113f,0.8520615090816058f,0.4896960640259687f,0.828125f,-0.1278347732606335f,-0.47320145766678606f,0.8716298820069395f,-0.125f,0f,0f,0f,1f], start_interpolation: 0, interpolation_duration: 1 }
$data merge entity $(bone_left_leg2) { transformation: [0.9781099274029937f,-0.005388301528613172f,-0.20801907634240419f,-0.14602475385798494f,-0.12293848229156645f,0.7915855735135742f,-0.5985636218289851f,0.4914835232950209f,0.16789014112673933f,0.6110345702264504f,0.7735952782305621f,-0.2490196214802406f,0f,0f,0f,1f], start_interpolation: 0, interpolation_duration: 1 }
$data merge entity $(bone_left_leg) { transformation: [0.9781099274029937f,0.0585036629091755f,-0.19969549654892021f,-0.12499999999999999f,-0.12293848229156645f,0.9367415003964636f,-0.3277216669779836f,0.828125f,0.16789014112673933f,0.34509807716240865f,0.9234285124747079f,-0.125f,0f,0f,0f,1f], start_interpolation: 0, interpolation_duration: 1 }
data modify entity @s data merge value {"locators":{"dimension_slash_locator":{"posx":-6.123233995736766e-17,"posy":1.125,"posz":0.5,"roty":0,"rotx":0},"player_camera":{"posx":1.5308084989341915e-17,"posy":0.625,"posz":0.375,"roty":180,"rotx":0}},"cameras":{}}