# This file was generated by Animated Java via MC-Build. It is not recommended to edit this file directly.
execute on vehicle unless entity @s[tag=aj.transforms_only] run function animated_java:dimension_slash/variants/slash3/apply
$data merge entity $(bone_small_group1) { transformation: [-1.8915812109884436f,-2.5873073117301884f,1.8840384097686442f,0.0396377182903139f,-1.9550462266846305f,-0.7986886958983102f,-3.059694421204674f,1.2044029495018884f,2.534078551730835f,-2.5475039890630837f,-0.9542057702330216f,0.5375667470562443f,0f,0f,0f,1f], start_interpolation: 0, interpolation_duration: 1 }
$data merge entity $(bone_small_group2) { transformation: [-1.7261237528168776f,-2.360994379025657f,1.7192407238077934f,0.0396377182903139f,-1.7840374550833742f,-0.7288270369190254f,-2.792061575851074f,1.2044029495018884f,2.3124215625723457f,-2.3246726708708048f,-0.8707409629076746f,0.5375667470562443f,0f,0f,0f,1f], start_interpolation: 0, interpolation_duration: 1 }
$data merge entity $(bone_small_group3) { transformation: [0.8588716523724262f,0.44340466121096656f,3.0742877381324467f,0.01098664558811245f,2.085510946846103f,2.2814433594533305f,-0.9116872236986944f,1.1505263952764562f,-2.3018464069090694f,2.2324698899843534f,0.3210835015648112f,0.4514723410298119f,0f,0f,0f,1f], start_interpolation: 0, interpolation_duration: 1 }
$data merge entity $(bone_small_group4) { transformation: [0.7658171530400493f,0.39536395729827406f,2.741203853613306f,0.01098664558811245f,1.859556141521123f,2.0342602454424283f,-0.8129104182066678f,1.1505263952764562f,-2.052452723530085f,1.9905928093830028f,0.2862956908372497f,0.4514723410298119f,0f,0f,0f,1f], start_interpolation: 0, interpolation_duration: 1 }
$data merge entity $(bone_small_group5) { transformation: [0.016764028764473658f,-1.8542466641331932f,1.0645023176811996f,-0.0011269205937120205f,-1.0484094071606234f,0.9206403398891365f,1.6201654199507103f,1.1246176803368373f,-1.8633930317501002f,-0.5346658597459515f,-0.9019843325166066f,0.5234087679315037f,0f,0f,0f,1f], start_interpolation: 0, interpolation_duration: 1 }
$data merge entity $(bone_small_group6) { transformation: [0.020192504713530776f,-2.233465775536313f,1.282207777696863f,0.041529415693434685f,-1.2628236441984875f,1.1089240339454662f,1.951511676500124f,1.096511376122714f,-2.2444827019452838f,-0.6440124295159595f,-1.0864526148076157f,0.44253552675513164f,0f,0f,0f,1f], start_interpolation: 0, interpolation_duration: 1 }
$data merge entity $(bone_small_group7) { transformation: [0.5430088893125242f,0.4659110265508856f,1.6404439989784516f,-0.003136462664486136f,0.7976378884055315f,1.4522784118525192f,-0.676497942173977f,1.0984323460751746f,-1.5072834495960203f,0.9363773716424166f,0.23298556343365123f,0.4812630256866209f,0f,0f,0f,1f], start_interpolation: 0, interpolation_duration: 1 }
$data merge entity $(bone_small_group8) { transformation: [0.262030211791886f,0.4129560345002365f,1.4539927368811998f,0.010851325784459014f,0.3849020318925994f,1.2872138665372774f,-0.5996078470515108f,1.1666829549201176f,-0.7273431601241015f,0.8299496344866483f,0.20650465193670578f,0.45103407266179474f,0f,0f,0f,1f], start_interpolation: 0, interpolation_duration: 1 }
$data merge entity $(bone_small_group9) { transformation: [2.0732771288668466f,-2.7612075293878977f,-2.367326217340157f,0.059247799595102f,-2.903035883630388f,0.3852642465746287f,-2.99181092507572f,1.1723006698360008f,2.191091759376773f,3.1231847420060967f,-1.7238945623292414f,0.4873391098265526f,0f,0f,0f,1f], start_interpolation: 0, interpolation_duration: 1 }
$data merge entity $(bone_small_group10) { transformation: [2.217355461339029f,-2.9530922373725357f,-2.5318389151667455f,0.04628711287610894f,-3.1047766752480426f,0.41203743064865667f,-3.1997209642862345f,1.103220217686329f,2.343357388794625f,3.340224347259805f,-1.843693237788518f,0.5423210992968864f,0f,0f,0f,1f], start_interpolation: 0, interpolation_duration: 1 }
$data merge entity $(bone_right_arm2) { transformation: [-0.11940860979719048f,-0.13324992132105867f,-0.9838628168470613f,0.47143044620806784f,-0.058897593573197266f,0.9901584066208314f,-0.1269543353705696f,1.2407144210015122f,0.9910966942622644f,0.042787711624113205f,-0.12608153852322296f,-0.1533093123102532f,0f,0f,0f,1f], start_interpolation: 0, interpolation_duration: 1 }
$data merge entity $(bone_right_arm) { transformation: [-0.11940860979719048f,-0.4495086189562405f,-0.885259049877693f,0.38714758015377276f,-0.058897593573197266f,0.8932753495925054f,-0.44563462980526297f,1.408203549050107f,0.9910966942622644f,-0.0010729838958409843f,-0.13313974360787426f,-0.15351049679072337f,0f,0f,0f,1f], start_interpolation: 0, interpolation_duration: 1 }
$data merge entity $(bone_left_arm2) { transformation: [-0.3404166828457671f,0.9304601973908293f,-0.13550019598400204f,-0.36568563131873294f,-0.652663945384323f,-0.3375605491655294f,-0.6782939259955345f,1.6043805677135392f,-0.6768650208392022f,-0.14246647577056448f,0.7221890658586998f,-0.2890579294302416f,0f,0f,0f,1f], start_interpolation: 0, interpolation_duration: 1 }
$data merge entity $(bone_moonveil_slash) { transformation: [-0.000006887779991326999f,-0.000017405960539252582f,0.010740225775360789f,-2.9720008074076065f,-0.000013825526706169287f,0.000006154020481012752f,0.11070020018783858f,2.420792439974655f,-0.000010629007389595474f,0.000003274609843211468f,-0.15095152608922743f,0.1870162291146064f,0f,0f,0f,1f], start_interpolation: 0, interpolation_duration: 1 }
$data merge entity $(bone_moonveil) { transformation: [-0.7346965324082132f,-1.8566357908536084f,0.11456240827051511f,-2.040102836722349f,-1.4747228486580573f,0.6564288513080268f,1.1808021353369451f,2.129478081049921f,-1.1337607882235172f,0.3492917166092232f,-1.6101496116184264f,-0.037946804553080804f,0f,0f,0f,1f], start_interpolation: 0, interpolation_duration: 1 }
$data merge entity $(bone_left_arm) { transformation: [0.08134228056715631f,0.6696734751088333f,-0.7381875575541711f,-0.18809947747063005f,-0.7468139933267786f,-0.4495263266552173f,-0.49009686901180805f,1.3986472368838876f,-0.6600396145410095f,0.591154394705415f,0.4635560255859371f,-0.22377428257151405f,0f,0f,0f,1f], start_interpolation: 0, interpolation_duration: 1 }
$data merge entity $(bone_head) { transformation: [0.9998614180795402f,0.01664700242062664f,-0.00014814310270230835f,0.0270036829170189f,-0.016621172217965406f,0.9987327352352559f,0.047504317736447185f,1.578415238505109f,0.0009387598585169771f,-0.0474952721848422f,0.9988710216289267f,-0.1023889107824967f,0f,0f,0f,1f], start_interpolation: 0, interpolation_duration: 1 }
$data merge entity $(bone_body_top) { transformation: [0.9918250036794468f,0.08202072447331266f,0.09775358220105554f,-0.005291977344347962f,-0.07318090803390663f,0.993174601337648f,-0.09082271718648899f,1.18735273922841f,-0.10453572009413095f,0.08292654589862641f,0.9910577537206016f,-0.13504123823008085f,0f,0f,0f,1f], start_interpolation: 0, interpolation_duration: 1 }
$data merge entity $(bone_body) { transformation: [0.9987747888372315f,-0.01209594821565252f,0.047985510520447916f,1.5308084989341915e-17f,0.010977333053790993f,0.9996634039506516f,0.023506955583879458f,0.75f,-0.04825369770463102f,-0.022951401668756238f,0.9985713864412846f,-0.125f,0f,0f,0f,1f], start_interpolation: 0, interpolation_duration: 1 }
$data merge entity $(bone_right_leg2) { transformation: [0.9744071639342311f,-0.19488896320594462f,0.11202218929373056f,0.2046718063883434f,0.1849025408669412f,0.9782877851443423f,0.09361655739411856f,0.5102541489728201f,-0.1278347732606335f,-0.07050745675380105f,0.989286090717702f,0.022515815962474817f,0f,0f,0f,1f], start_interpolation: 0, interpolation_duration: 1 }
$data merge entity $(bone_right_leg) { transformation: [0.9744071639342311f,-0.22169546125452066f,0.03717258845969384f,0.12500000000000003f,0.1849025408669412f,0.8845101941625875f,0.42831386482743106f,0.828125f,-0.1278347732606335f,-0.4104787922434082f,0.9028651238495123f,-0.125f,0f,0f,0f,1f], start_interpolation: 0, interpolation_duration: 1 }
$data merge entity $(bone_left_leg2) { transformation: [0.9755973760853811f,0.029746265247766093f,-0.21754291410921414f,-0.15694323703614924f,-0.14518063786002924f,0.8306750335344444f,-0.5374956474736372f,0.48775394201482764f,0.16471897937358165f,0.5559623623648987f,0.8147229648584644f,-0.23580416561983034f,0f,0f,0f,1f], start_interpolation: 0, interpolation_duration: 1 }
$data merge entity $(bone_left_leg) { transformation: [0.9755973760853811f,0.08888552914406746f,-0.20077131887821653f,-0.12499999999999999f,-0.14518063786002924f,0.947119465697871f,-0.28615957102067086f,0.828125f,0.16471897937358165f,0.3083246347682235f,0.9369117233918931f,-0.125f,0f,0f,0f,1f], start_interpolation: 0, interpolation_duration: 1 }
execute on vehicle unless entity @s[tag=aj.transforms_only] positioned ^0 ^0 ^0 rotated ~0 ~0 run function animated_java:dimension_slash/animations/dimension_slash/zzz/frames/zzz/5
data modify entity @s data merge value {"locators":{"dimension_slash_locator":{"posx":-6.123233995736766e-17,"posy":1.125,"posz":0.5,"roty":0,"rotx":0},"player_camera":{"posx":1.5308084989341915e-17,"posy":0.625,"posz":0.375,"roty":180,"rotx":0}},"cameras":{}}