# This file was generated by Animated Java via MC-Build. It is not recommended to edit this file directly.
execute on vehicle unless entity @s[tag=aj.transforms_only] run function animated_java:dimension_slash/variants/slash5/apply
$data merge entity $(bone_small_group1) { transformation: [0.6765318611487321f,-4.544904875731428f,0.7212665606860584f,0.05898167659270222f,-4.093808140869765f,-0.26146063340621123f,2.192362739851193f,1.1869387053990823f,-2.101694717783637f,-0.9537081041346376f,-4.038242353488561f,0.51178331073745f,0f,0f,0f,1f], start_interpolation: 0, interpolation_duration: 1 }
$data merge entity $(bone_small_group2) { transformation: [0.6368486679705724f,-4.2783153054283085f,0.6789593732432495f,0.05898167659270222f,-3.8536784609273997f,-0.24612418967047173f,2.0637657599921946f,1.1869387053990823f,-1.978416033841521f,-0.8977666398735316f,-3.8013719847499594f,0.51178331073745f,0f,0f,0f,1f], start_interpolation: 0, interpolation_duration: 1 }
$data merge entity $(bone_small_group3) { transformation: [1.4129214809717685f,2.7000833730589013f,-3.2199054995581564f,0.015783281972759862f,-3.7405281705848012f,2.3561069797862073f,0.3343615764553336f,1.1216843766950972f,1.9148604786290622f,2.6101529528514305f,3.0290261915425716f,0.4716956118993862f,0f,0f,0f,1f], start_interpolation: 0, interpolation_duration: 1 }
$data merge entity $(bone_small_group4) { transformation: [1.3494889845449407f,2.5788643023459987f,-3.0753492401721285f,0.015783281972759862f,-3.5725987824266707f,2.250330579901819f,0.3193505586532798f,1.1216843766950972f,1.8288936488339826f,2.4929712693078065f,2.89303937581404f,0.4716956118993862f,0f,0f,0f,1f], start_interpolation: 0, interpolation_duration: 1 }
$data merge entity $(bone_small_group5) { transformation: [0.36777826163248345f,-3.838810899621083f,0.15737569188672815f,0.0011184316853538392f,3.8005494627540193f,0.34033159848412314f,-0.580082119539332f,1.072744923426849f,0.5630808224461131f,0.21024357588159276f,3.812510289477236f,0.46076683751759456f,0f,0f,0f,1f], start_interpolation: 0, interpolation_duration: 1 }
$data merge entity $(bone_small_group6) { transformation: [0.39634356350685107f,-4.136970969494564f,0.16959904659637692f,0.03928400875885532f,4.095737770540739f,0.3667651206964822f,-0.6251370414452995f,1.1483832111351222f,0.6068152552574616f,0.22657317400831842f,4.108627593514303f,0.5051768213004975f,0f,0f,0f,1f], start_interpolation: 0, interpolation_duration: 1 }
$data merge entity $(bone_small_group7) { transformation: [-1.1958995832114505f,1.4879276186712722f,2.421330219716914f,0.003000355595414398f,2.693736115137798f,1.430781598823971f,0.45121414307786206f,1.0906173114071507f,-0.9058445635546125f,2.2903885832990003f,-1.8548612370246442f,0.4839713798393436f,0f,0f,0f,1f], start_interpolation: 0, interpolation_duration: 1 }
$data merge entity $(bone_small_group8) { transformation: [-0.5979497916057253f,0.7439638093356361f,1.210665109858457f,-0.012748260403996861f,1.346868057568899f,0.7153907994119855f,0.22560707153893103f,1.1607173895559968f,-0.45292228177730626f,1.1451942916495002f,-0.9274306185123221f,0.5085793779701087f,0f,0f,0f,1f], start_interpolation: 0, interpolation_duration: 1 }
$data merge entity $(bone_small_group9) { transformation: [4.40204390669389f,1.295902056686926f,-1.982534176724307f,0.02415228707122696f,-1.9688637905208932f,-0.32372059219024885f,-4.583293009554792f,1.1823426520793618f,-1.3165786253699518f,4.817015393013885f,0.22533948955382238f,0.4692845041432291f,0f,0f,0f,1f], start_interpolation: 0, interpolation_duration: 1 }
$data merge entity $(bone_small_group10) { transformation: [4.474605069991041f,1.3172630795993476f,-2.0152133115054767f,0.08371921201506208f,-2.001317589265743f,-0.3290566459076705f,-4.658841795426574f,1.1206465081055963f,-1.3382804708430829f,4.896416745645982f,0.22905387674427f,0.4939517842334779f,0f,0f,0f,1f], start_interpolation: 0, interpolation_duration: 1 }
$data merge entity $(bone_right_arm2) { transformation: [-0.28366499052557f,-0.1100270820156034f,-0.9525902657350958f,0.4552025792640694f,0.007983909638698182f,0.9930901101117376f,-0.11708240852125495f,1.2397209579801736f,0.9588902076551881f,-0.04081757490822513f,-0.2808264503952611f,-0.08930591624337278f,0f,0f,0f,1f], start_interpolation: 0, interpolation_duration: 1 }
$data merge entity $(bone_right_arm) { transformation: [-0.28366499052557f,-0.3913841106175062f,-0.8754157018846944f,0.381818058523287f,0.007983909638698182f,0.9119195123717174f,-0.4102914331820861f,1.4107058665498706f,0.9588902076551881f,-0.12337455536646388f,-0.25555486446381326f,-0.11243864537458476f,0f,0f,0f,1f], start_interpolation: 0, interpolation_duration: 1 }
$data merge entity $(bone_left_arm2) { transformation: [-0.2360026937153481f,0.9426442524167078f,-0.23606046247697832f,-0.3441847406097937f,-0.6786810864441992f,-0.33374845813111187f,-0.6542201079132515f,1.5952060768073382f,-0.6954816399172739f,0.005812063390122552f,0.7185203605028381f,-0.36243060826284546f,0f,0f,0f,1f], start_interpolation: 0, interpolation_duration: 1 }
$data merge entity $(bone_moonveil_slash) { transformation: [-0.000005217331389733353f,-0.000017721634692942983f,0.03207119732654582f,-2.995274801425336f,-0.000014245906074950578f,0.000006103809927232566f,0.10552732559669237f,2.4036751909571845f,-0.000011017990437161813f,4.996680719203093e-7f,-0.15163004931230292f,-0.29798739585793077f,0f,0f,0f,1f], start_interpolation: 0, interpolation_duration: 1 }
$data merge entity $(bone_moonveil) { transformation: [-0.5565153482382242f,-1.8903077005805846f,0.34209277148315553f,-2.0394305520261953f,-1.519563314661395f,0.6510730589048069f,1.1256248063647187f,2.1133144367036785f,-1.17525231329726f,0.053297927671499656f,-1.6173871926645647f,-0.37517970946444806f,0f,0f,0f,1f], start_interpolation: 0, interpolation_duration: 1 }
$data merge entity $(bone_left_arm) { transformation: [0.17923453045271562f,0.5786709777538295f,-0.7956223240953091f,-0.17711267986474688f,-0.7683360428353927f,-0.42275177997782376f,-0.4805628552079645f,1.393476126458458f,-0.6144385309967499f,0.6974387657931042f,0.3688420523686901f,-0.26487573318916313f,0f,0f,0f,1f], start_interpolation: 0, interpolation_duration: 1 }
$data merge entity $(bone_head) { transformation: [0.9992576175374256f,0.01920600553807923f,0.033396753505381925f,0.017381224383282025f,-0.0216361513221969f,0.9970237635437798f,0.07399656671062471f,1.5792783596083193f,-0.03187617840003671f,-0.07466421016972058f,0.9966991346290719f,-0.12006563731569457f,0f,0f,0f,1f], start_interpolation: 0, interpolation_duration: 1 }
$data merge entity $(bone_body_top) { transformation: [0.9967875743952063f,0.06510265223093827f,-0.04664950378962608f,-0.008252944932649922f,-0.06766902789464595f,0.9961503137249139f,-0.05572661060524928f,1.1870441735791344f,0.04284196768490512f,0.05870431958768421f,0.9973556881407117f,-0.14318046315334523f,0f,0f,0f,1f], start_interpolation: 0, interpolation_duration: 1 }
$data merge entity $(bone_body) { transformation: [0.9988350526860781f,-0.018863874131771288f,-0.04441499497174751f,1.5308084989341915e-17f,0.020675305175777214f,0.9989581110380213f,0.04068444601118101f,0.75f,0.04360125321006434f,-0.04155534435050336f,0.9981843938243189f,-0.125f,0f,0f,0f,1f], start_interpolation: 0, interpolation_duration: 1 }
$data merge entity $(bone_right_leg2) { transformation: [0.9744071639342311f,-0.19405627787394092f,0.11345853820387539f,0.19802729939540936f,0.18490254086694116f,0.9789525322166439f,0.0863885990601187f,0.4803585097731408f,-0.1278347732606335f,-0.06319889780947617f,0.9897798593935269f,-0.07137283856752144f,0f,0f,0f,1f], start_interpolation: 0, interpolation_duration: 1 }
$data merge entity $(bone_right_leg) { transformation: [0.9744071639342311f,-0.20320639831766077f,0.09611367517899114f,0.12500000000000003f,0.18490254086694116f,0.9676980597616951f,0.17138119941930616f,0.828125f,-0.1278347732606335f,-0.14922340572515772f,0.9805053013264066f,-0.125f,0f,0f,0f,1f], start_interpolation: 0, interpolation_duration: 1 }
$data merge entity $(bone_left_leg2) { transformation: [0.9612273041232091f,0.1799624773536122f,-0.2089391695034185f,-0.19892160742350834f,-0.22970644480130206f,0.9417574021744511f,-0.24561747630487413f,0.48105498168215943f,0.15256807996685942f,0.28408889840044727f,0.9465814697007576f,-0.18181891380322668f,0f,0f,0f,1f], start_interpolation: 0, interpolation_duration: 1 }
$data merge entity $(bone_left_leg) { transformation: [0.9612273041232091f,0.2056949076132407f,-0.18366184903242158f,-0.12499999999999999f,-0.22970644480130206f,0.9657600509713825f,-0.12059217704519226f,0.828125f,0.15256807996685942f,0.15810480362636992f,0.9755643761666849f,-0.125f,0f,0f,0f,1f], start_interpolation: 0, interpolation_duration: 1 }
execute on vehicle unless entity @s[tag=aj.transforms_only] positioned ^0 ^0 ^0 rotated ~0 ~0 run function animated_java:dimension_slash/animations/dimension_slash/zzz/frames/zzz/7
data modify entity @s data merge value {"locators":{"dimension_slash_locator":{"posx":-6.123233995736766e-17,"posy":1.125,"posz":0.5,"roty":0,"rotx":0},"player_camera":{"posx":1.5308084989341915e-17,"posy":0.625,"posz":0.375,"roty":180,"rotx":0}},"cameras":{}}