# This file was generated by Animated Java via MC-Build. It is not recommended to edit this file directly.
$data merge entity $(bone_right_arm2) { transformation: [0.3109091530548137f,0.4474650819659568f,-0.8385168447729229f,0.43204505842172464f,-0.45835835254439844f,0.8434592083141775f,0.2801502892427661f,1.281443595815917f,0.8326122261890725f,0.29723991039431447f,0.46733854588430473f,-0.21611985926461622f,0f,0f,0f,1f], start_interpolation: 0, interpolation_duration: 1 }
$data merge entity $(bone_right_arm) { transformation: [0.3109091530548137f,-0.3547161589448675f,-0.8817663778632853f,0.365535778619562f,-0.45835835254439844f,0.7567727006929664f,-0.4660501047512581f,1.4233384771958482f,0.8326122261890725f,0.5490642276357778f,0.07270044519260774f,-0.11317031658290788f,0f,0f,0f,1f], start_interpolation: 0, interpolation_duration: 1 }
$data merge entity $(bone_left_arm2) { transformation: [-0.2368279419582395f,-0.9275292501454986f,0.2891401321718489f,0.05340025006417207f,-0.5741871117334003f,0.37369403852171945f,0.7284654599173414f,1.2307310293224616f,-0.7837229654840292f,0.006500438281918874f,-0.6210765312544522f,0.3499095639731149f,0f,0f,0f,1f], start_interpolation: 0, interpolation_duration: 1 }
$data merge entity $(bone_moonveil_slash) { transformation: [-0.000018520550845949558f,2.398548451609438e-7f,-0.0000029144752556592575f,0.30405866510606844f,0.000002876467774357826f,-0.000001872789646820526f,-0.000018433151984450268f,0.9193303887716362f,-5.269055946544966e-7f,-0.000018654694545663696f,0.000001813075261070853f,-2.1996829965200546f,0f,0f,0f,1f], start_interpolation: 0, interpolation_duration: 1 }
$data merge entity $(bone_moonveil) { transformation: [-1.9755254235679527f,0.025584516817167335f,-0.3108773606036541f,0.34328665866511915f,0.30682322926483474f,-0.19976422899418944f,-1.9662028783413619f,0.9481804374060375f,-0.056203263429812966f,-1.989834084870794f,0.1933946945142243f,-1.1969660178989066f,0f,0f,0f,1f], start_interpolation: 0, interpolation_duration: 1 }
$data merge entity $(bone_left_arm) { transformation: [-0.2368279419582395f,-0.5939435147773213f,0.7688586522643723f,-0.1246891213749382f,-0.5741871117334003f,0.7239428580978902f,0.38238187578429245f,1.339943354880259f,-0.7837229654840292f,-0.35091001619078954f,-0.5124846084614634f,0.16421668923991387f,0f,0f,0f,1f], start_interpolation: 0, interpolation_duration: 1 }
$data merge entity $(bone_head) { transformation: [0.9967699763959597f,0.07965058804309694f,0.010266351834385012f,0.09995595552561556f,-0.06985214330735853f,0.9229415725491737f,-0.37854924611710206f,1.5161569222928082f,-0.03962691296286869f,0.37660939643727287f,0.9255242137751915f,0.17343246832186363f,0f,0f,0f,1f], start_interpolation: 0, interpolation_duration: 1 }
$data merge entity $(bone_body_top) { transformation: [0.7841550489163275f,0.19811005391079173f,0.5880929057542654f,0.021950121798241316f,0.09643380449713126f,0.8972599776235421f,-0.4308422610482978f,1.1628608061035384f,-0.6130264110209618f,0.3945591705872058f,0.6844864354363022f,0.018074794903151337f,0f,0f,0f,1f], start_interpolation: 0, interpolation_duration: 1 }
$data merge entity $(bone_body) { transformation: [0.8856163849690094f,0.05017170696740869f,0.4616994893807008f,1.5308084989341915e-17f,0.10933341459575643f,0.9436818425223735f,-0.3122671685374731f,0.75f,-0.45136440170582326f,0.3270281026357745f,0.8302546578967139f,-0.125f,0f,0f,0f,1f], start_interpolation: 0, interpolation_duration: 1 }
$data merge entity $(bone_left_leg2) { transformation: [0.9829629051740923f,0.022417216691551486f,-0.1824318926271181f,-0.16920375165296614f,-0.01523277664088419f,0.9990557773313516f,0.04068803628411377f,0.5424071824901244f,0.18317174882474987f,-0.03721588607909876f,0.9823762457713594f,0.08845197989757875f,0f,0f,0f,1f], start_interpolation: 0, interpolation_duration: 1 }
$data merge entity $(bone_left_leg) { transformation: [0.9829629051740923f,0.12300174372999279f,-0.13658147052616434f,-0.12499999999999999f,-0.01523277664088419f,0.7950408835057405f,0.6063645405778774f,0.828125f,0.18317174882474987f,-0.5939533353671756f,0.7833693546716581f,-0.125f,0f,0f,0f,1f], start_interpolation: 0, interpolation_duration: 1 }
data modify entity @s data merge value {"locators":{"dimension_slash_locator":{"posx":-6.123233995736766e-17,"posy":1.125,"posz":0.5,"roty":0,"rotx":0},"player_camera":{"posx":1.5308084989341915e-17,"posy":0.625,"posz":0.375,"roty":180,"rotx":0}},"cameras":{}}