# This file was generated by Animated Java via MC-Build. It is not recommended to edit this file directly.
$data merge entity $(bone_right_arm2) { transformation: [0.30949985129207713f,0.4467327490332763f,-0.8394281940650754f,0.4320892376128559f,-0.4568918625000521f,0.8440587189718639f,0.2807395677648764f,1.2813896536959763f,0.8339422450214498f,0.29663905654641626f,0.4653446057491548f,-0.21622490601145025f,0f,0f,0f,1f], start_interpolation: 0, interpolation_duration: 1 }
$data merge entity $(bone_right_arm) { transformation: [0.30949985129207713f,-0.35588502754115386f,-0.8817911823227846f,0.36536079494888957f,-0.4568918625000521f,0.7576094722529142f,-0.4661305756265024f,1.4234414297433977f,0.8339422450214498f,0.5471505594666728f,0.07187904593058575f,-0.1136341761114491f,0f,0f,0f,1f], start_interpolation: 0, interpolation_duration: 1 }
$data merge entity $(bone_left_arm2) { transformation: [-0.23527316395435421f,-0.9276243507927265f,0.29010274410849807f,0.05242810866487324f,-0.5755532112808353f,0.37349097949972243f,0.7274908860024685f,1.2315379167903382f,-0.7831890188883055f,0.004189516524728709f,-0.6217695784163643f,0.3491998854159808f,0f,0f,0f,1f], start_interpolation: 0, interpolation_duration: 1 }
$data merge entity $(bone_moonveil_slash) { transformation: [-0.000018520215494919383f,2.7417502263862656e-7f,-0.000002913579598828454f,0.30778938656241717f,0.0000028713199978882703f,-0.000001903971096188271f,-0.00001843076003681364f,0.9159258242965171f,-5.653666876241994e-7f,-0.00001865106490583959f,0.0000018386512411776509f,-2.1994079403020335f,0f,0f,0f,1f], start_interpolation: 0, interpolation_duration: 1 }
$data merge entity $(bone_moonveil) { transformation: [-1.9754896527914005f,0.02924533574812016f,-0.31078182387503506f,0.34518883834199354f,0.30627413310808216f,-0.2030902502600822f,-1.9659477372601213f,0.9464640159775521f,-0.060305780013247934f,-1.989446923289556f,0.19612279905894942f,-1.1966710855612497f,0f,0f,0f,1f], start_interpolation: 0, interpolation_duration: 1 }
$data merge entity $(bone_left_arm) { transformation: [-0.23527316395435421f,-0.593469285142699f,0.7697017252904672f,-0.1253483581150958f,-0.5755532112808353f,0.7232175292518566f,0.38170002143981957f,1.3403981476931979f,-0.7831890188883055f,-0.35320052799373647f,-0.5117268291947571f,0.16300112605650846f,0f,0f,0f,1f], start_interpolation: 0, interpolation_duration: 1 }
$data merge entity $(bone_head) { transformation: [0.9968391858524575f,0.07879024071356436f,0.01018506344154374f,0.09923958923075216f,-0.06916015159775238f,0.9237092981786417f,-0.3767996893434191f,1.5166785837141579f,-0.039096176027657525f,0.37490429502290296f,0.9262387697529157f,0.17232980673701656f,0f,0f,0f,1f], start_interpolation: 0, interpolation_duration: 1 }
$data merge entity $(bone_body_top) { transformation: [0.7852457020198805f,0.19718909592568876f,0.5869460349191522f,0.021596382710012196f,0.09558750997446808f,0.8979650101647697f,-0.42956008713178434f,1.1631048609617798f,-0.6117615674396244f,0.393414922146828f,0.6862743501224706f,0.017422681141703034f,0f,0f,0f,1f], start_interpolation: 0, interpolation_duration: 1 }
$data merge entity $(bone_body) { transformation: [0.8864102011031882f,0.04936316048002785f,0.46026104958776215f,1.5308084989341915e-17f,0.10878116699737816f,0.944239682198354f,-0.31077014056797675f,0.75f,-0.4499373435122872f,0.3255375568953212f,0.8316139043833572f,-0.125f,0f,0f,0f,1f], start_interpolation: 0, interpolation_duration: 1 }
$data merge entity $(bone_left_leg2) { transformation: [0.9829629051740923f,0.021160988173861778f,-0.18258187103656814f,-0.16886485453163852f,-0.015232776640884176f,0.999312170804375f,0.03381046876422661f,0.5409140383362656f,0.18317174882474987f,-0.030453207741607424f,0.9826091351960499f,0.08650916921521654f,0f,0f,0f,1f], start_interpolation: 0, interpolation_duration: 1 }
$data merge entity $(bone_left_leg) { transformation: [0.9829629051740923f,0.1220587256532551f,-0.1374248687232836f,-0.12499999999999999f,-0.015232776640884176f,0.7991957194121304f,0.6008778283387866f,0.828125f,0.18317174882474987f,-0.5885472534684286f,0.7874390394609934f,-0.125f,0f,0f,0f,1f], start_interpolation: 0, interpolation_duration: 1 }
data modify entity @s data merge value {"locators":{"dimension_slash_locator":{"posx":-6.123233995736766e-17,"posy":1.125,"posz":0.5,"roty":0,"rotx":0},"player_camera":{"posx":1.5308084989341915e-17,"posy":0.625,"posz":0.375,"roty":180,"rotx":0}},"cameras":{}}