# This file was generated by Animated Java via MC-Build. It is not recommended to edit this file directly.
$data merge entity $(bone_right_arm2) { transformation: [0.3046839152056614f,0.44427139172941044f,-0.84249073722253f,0.4322522798013903f,-0.45188091232983696f,0.8460843782122468f,0.2827452316435233f,1.2811933118652592f,0.8384338691196245f,0.2945575587826735f,0.4585460627647874f,-0.21659524457582321f,0f,0f,0f,1f], start_interpolation: 0, interpolation_duration: 1 }
$data merge entity $(bone_right_arm) { transformation: [0.3046839152056614f,-0.35981320168667036f,-0.88187423803337f,0.36478730448513963f,-0.45188091232983696f,0.7604479685830813f,-0.46639310474086026f,1.4237773059745868f,0.8384338691196245f,0.5406046124200685f,0.06910354653159276f,-0.11523187974706037f,0f,0f,0f,1f], start_interpolation: 0, interpolation_duration: 1 }
$data merge entity $(bone_left_arm2) { transformation: [-0.2300110289999641f,-0.9279075313045191f,0.2933982615605126f,0.049145711402705045f,-0.5801997300994377f,0.3727923909028804f,0.7241506103549551f,1.2342795312148365f,-0.7813214445610193f,-0.0036669651303583572f,-0.6241180606550458f,0.3467531535777413f,0f,0f,0f,1f], start_interpolation: 0, interpolation_duration: 1 }
$data merge entity $(bone_moonveil_slash) { transformation: [-0.000018518484623696517f,3.9067762007570997e-7f,-0.0000029112880721577475f,0.3204633411755327f,0.0000028537408917637113f,-0.0000020102823439463125f,-0.00001842219932093596f,0.9043095317977571f,-6.959814398327425e-7f,-0.00001863782808952776f,0.0000019259994653734106f,-2.198385107450144f,0f,0f,0f,1f], start_interpolation: 0, interpolation_duration: 1 }
$data merge entity $(bone_moonveil) { transformation: [-1.9753050265276282f,0.04167227947474239f,-0.31053739436349304f,0.35165118994329075f,0.30439902845479583f,-0.21443011668760664f,-1.965034594233169f,0.9406047894325616f,-0.07423802024882586f,-1.9880349962162942f,0.20543994297316376f,-1.1956276729913096f,0f,0f,0f,1f], start_interpolation: 0, interpolation_duration: 1 }
$data merge entity $(bone_left_arm) { transformation: [-0.2300110289999641f,-0.5918110218817776f,0.772563680817073f,-0.12755842269273487f,-0.5801997300994377f,0.7207293755723054f,0.37936452177252233f,1.3419369088454831f,-0.7813214445610193f,-0.36098321507571673f,-0.5091443004715673f,0.15884216923868472f,0f,0f,0f,1f], start_interpolation: 0, interpolation_duration: 1 }
$data merge entity $(bone_head) { transformation: [0.9970655349717132f,0.07591072447689848f,0.009893476687388214f,0.09683770583630566f,-0.06684343081538893f,0.9262978127636436f,-0.3708157464646262f,1.518441138888467f,-0.03731319777772757f,0.3690662867002106f,0.9286537574860281f,0.16854767170438184f,0f,0f,0f,1f], start_interpolation: 0, interpolation_duration: 1 }
$data merge entity $(bone_body_top) { transformation: [0.7889355694366873f,0.19409558184294756f,0.5830159280728596f,0.02041257048564504f,0.09269726380167867f,0.9003499606226779f,-0.4251789807721264f,1.1639283418932878f,-0.6074437295431505f,0.38948280259311824f,0.6923259795233153f,0.01518881818334153f,0f,0f,0f,1f], start_interpolation: 0, interpolation_duration: 1 }
$data merge entity $(bone_body) { transformation: [0.889089695688792f,0.04665730396718863f,0.4553488871256024f,1.5308084989341915e-17f,0.10689333249647774f,0.9461219243275151f,-0.30565850188502414f,0.75f,-0.44507676696027243f,0.32043158441906633f,0.8361998990784908f,-0.125f,0f,0f,0f,1f], start_interpolation: 0, interpolation_duration: 1 }
$data merge entity $(bone_left_leg2) { transformation: [0.9829629051740923f,0.01688266860626457f,-0.18302705415440468f,-0.16769715614891462f,-0.015232776640884196f,0.9998297128594076f,0.010416707698863159f,0.5359395495557437f,0.1831717488247499f,-0.007451227026850804f,0.9830526891516431f,0.07982921185827532f,0f,0f,0f,1f], start_interpolation: 0, interpolation_duration: 1 }
$data merge entity $(bone_left_leg) { transformation: [0.9829629051740923f,0.11880947797958856f,-0.1402434846754957f,-0.12499999999999999f,-0.015232776640884196f,0.8130377751492349f,0.5820116310660732f,0.828125f,0.1831717488247499f,-0.5699595460404183f,0.8009957717178555f,-0.125f,0f,0f,0f,1f], start_interpolation: 0, interpolation_duration: 1 }
data modify entity @s data merge value {"locators":{"dimension_slash_locator":{"posx":-6.123233995736766e-17,"posy":1.125,"posz":0.5,"roty":0,"rotx":0},"player_camera":{"posx":1.5308084989341915e-17,"posy":0.625,"posz":0.375,"roty":180,"rotx":0}},"cameras":{}}