execute if entity @s[tag=aj.messemers_assult.bone.right_arm2] run data modify entity @s {} merge value {transformation:[-0.6031936585190881f,-0.562415199025622f,0.5655497805032974f,2.0716945448586133f,0.17981499059251388f,0.5949240720720679f,0.783410440080679f,3.4104140644252716f,-0.7770611169532112f,0.5742425379351124f,-0.25772374385234537f,-1.4385811208029669f,0f,0f,0f,1f],start_interpolation:0}
execute if entity @s[tag=aj.messemers_assult.bone.right_arm] run data modify entity @s {} merge value {transformation:[-0.7491687555760332f,-0.34481824406682726f,0.5655497805032974f,1.9854899838419067f,0.35735621919342553f,0.5084924925467212f,0.783410440080679f,3.537537187561952f,-0.557712029879613f,0.789009355826845f,-0.25772374385234537f,-1.2413287818462555f,0f,0f,0f,1f],start_interpolation:0}
execute if entity @s[tag=aj.messemers_assult.bone.flame_slash2] run data modify entity @s {} merge value {transformation:[-0.6164556824164872f,0.0000029515368936730273f,-0.000009583276396308332f,2.750201792395784f,-0.9900835740288786f,-9.20911215144625e-9f,0.000006365994360442414f,3.6776869151634797f,0.15887756816409182f,0.000011394773473775224f,0.0000024874578741932656f,2.05719737154597f,0f,0f,0f,1f],start_interpolation:0}
execute if entity @s[tag=aj.messemers_assult.bone.flame_slash] run data modify entity @s {} merge value {transformation:[-0.6164556824164872f,0.0000029515368936730273f,-0.000009583276396308332f,2.750201792395784f,-0.9900835740288786f,-9.20911215144625e-9f,0.000006365994360442414f,3.6776869151634797f,0.15887756816409182f,0.000011394773473775224f,0.0000024874578741932656f,2.05719737154597f,0f,0f,0f,1f],start_interpolation:0}
execute if entity @s[tag=aj.messemers_assult.bone.impaling_thrust] run data modify entity @s {} merge value {transformation:[-0.000009148648122116534f,-0.000012998465739294992f,-0.0000033700894742674056f,2.5157662625284214f,0.000007525318667561157f,-0.000008340285247822595f,0.000011739872147477084f,3.3498721333370955f,-0.000011121474434257769f,0.000005049248212538878f,0.000010716028928610811f,0.16879533869862529f,0f,0f,0f,1f],start_interpolation:0}
execute if entity @s[tag=aj.messemers_assult.locator_origin.spear_head] at @s on origin run tp @s ^2.64256 ^3.71709 ^1.82027 ~-104.55073 ~32.74001
execute if entity @s[tag=aj.messemers_assult.locator_origin.spear_body] at @s on origin run tp @s ^2.39181 ^3.71787 ^0.85222 ~-104.55073 ~32.74001
execute if entity @s[tag=aj.messemers_assult.locator_origin.spear_body1] at @s on origin run tp @s ^2.15674 ^3.7186 ^-0.05533 ~-104.55073 ~32.74001
execute if entity @s[tag=aj.messemers_assult.bone.spear_of_the_impaler] run data modify entity @s {} merge value {transformation:[-1.134714884448047f,0.5432917467999908f,-1.7640013189664892f,2.415758438970465f,-1.8224547203363428f,-0.001695128608407805f,1.1717936521876302f,3.695764339455676f,0.29244720511620437f,2.097445028801103f,0.4578683520638931f,0.8503603787628816f,0f,0f,0f,1f],start_interpolation:0}
execute if entity @s[tag=aj.messemers_assult.bone.left_arm2] run data modify entity @s {} merge value {transformation:[-0.5237145620529449f,-0.031487258081224094f,0.8513116997153385f,2.17337790285402f,-0.8411329478475429f,-0.1392208364375331f,-0.5226020692141735f,3.72644961637389f,0.13497563313055588f,-0.989760633325129f,0.046427009174030934f,-0.4049148510170254f,0f,0f,0f,1f],start_interpolation:0}
execute if entity @s[tag=aj.messemers_assult.bone.left_arm] run data modify entity @s {} merge value {transformation:[-0.5237145620529449f,0.06185222324075118f,0.8496454319149068f,2.1233766384075894f,-0.8411329478475429f,-0.19556795464444274f,-0.5042306408395778f,3.572416009231836f,0.13497563313055588f,-0.97873769601276f,0.15444772858362188f,-0.6327273208788959f,0f,0f,0f,1f],start_interpolation:0}
execute if entity @s[tag=aj.messemers_assult.bone.head] run data modify entity @s {} merge value {transformation:[-0.8430671231396937f,0.2346602225194993f,0.4839136346994778f,2.0818861415337175f,0.04988564302305541f,0.9300300604542445f,-0.36408173432850277f,3.6953579138298003f,-0.5354897277270002f,-0.28280499751343385f,-0.795783943592914f,-0.9512930743160544f,0f,0f,0f,1f],start_interpolation:0}
execute if entity @s[tag=aj.messemers_assult.bone.body_top] run data modify entity @s {} merge value {transformation:[-0.22061864730509234f,0.1909762115406576f,0.9564807886658515f,2.0066892582395837f,-0.055806114671815225f,0.9765656725767382f,-0.20785852089817988f,3.3108351802527096f,-0.9737623375477755f,-0.09923494228506852f,-0.20479095732764097f,-0.9122193157913087f,0f,0f,0f,1f],start_interpolation:0}
execute if entity @s[tag=aj.messemers_assult.bone.body] run data modify entity @s {} merge value {transformation:[-0.3833580833530999f,0.07139380178191056f,0.9208363073831108f,1.9754544699599976f,-0.01886396900782982f,0.9961946977204791f,-0.08508980495262039f,2.875f,-0.9234071315520092f,-0.04999049210328513f,-0.3805525195004785f,-0.8903484754961214f,0f,0f,0f,1f],start_interpolation:0}
execute if entity @s[tag=aj.messemers_assult.locator_origin.player_camera] at @s on origin run tp @s ^2.48742 ^2.0625 ^-1.24883 ~55 ~0
execute if entity @s[tag=aj.messemers_assult.bone.right_leg2] run data modify entity @s {} merge value {transformation:[-0.5140924893345868f,0.3988323885449311f,0.7593692371022893f,2.0889078991161867f,0.2090646557093408f,0.9168834303565121f,-0.3400246239183421f,2.7075473659330127f,-0.831865903942999f,-0.01604683723418221f,-0.5547446411384945f,-1.1768504741927233f,0f,0f,0f,1f],start_interpolation:0}
execute if entity @s[tag=aj.messemers_assult.bone.right_leg] run data modify entity @s {} merge value {transformation:[-0.5140924893345868f,-0.45821685591052563f,0.7250835988830808f,1.9242362165233415f,0.2090646557093408f,0.7529116774037902f,0.6240320310385884f,2.978125f,-0.831865903942999f,0.47239953322212713f,-0.2912692892644432f,-1.0070818919410214f,0f,0f,0f,1f],start_interpolation:0}
execute if entity @s[tag=aj.messemers_assult.bone.left_leg2] run data modify entity @s {} merge value {transformation:[-0.5279320594420946f,0.6950573855167784f,0.4880399281327394f,2.0617868222778277f,-0.06914531705081847f,0.5375626929311422f,-0.8403840052610236f,2.62728255425416f,-0.8464671675518021f,-0.47741133418384535f,-0.23573661626830572f,-0.765953783680399f,0f,0f,0f,1f],start_interpolation:0}
execute if entity @s[tag=aj.messemers_assult.bone.left_leg] run data modify entity @s {} merge value {transformation:[-0.5279320594420946f,-0.11195491939611985f,0.841875190652532f,2.0215530231198473f,-0.06914531705081847f,0.9936485446840769f,0.08877778312819991f,2.984375f,-0.8464671675518021f,-0.011343089095313327f,-0.5323200809537486f,-0.7700302063240272f,0f,0f,0f,1f],start_interpolation:0}
execute if entity @s[tag=aj.messemers_assult.locator_origin.flame1] at @s on origin run tp @s ^0.18751 ^0.06249 ^9.68751 ~0 ~0
execute if entity @s[tag=aj.messemers_assult.locator_origin.flame2] at @s on origin run tp @s ^0.18749 ^0.06249 ^9.68751 ~0 ~0
execute if entity @s[tag=aj.messemers_assult.locator_origin.flame3] at @s on origin run tp @s ^0.18751 ^0.06249 ^9.68749 ~0 ~0
execute if entity @s[tag=aj.messemers_assult.locator_origin.flame4] at @s on origin run tp @s ^0.18749 ^0.06249 ^9.68749 ~0 ~0
execute if entity @s[tag=aj.messemers_assult.locator_origin.spear_head2] at @s on origin run tp @s ^0.8692 ^0.06673 ^11.03184 ~45 ~0
execute if entity @s[tag=aj.messemers_assult.locator_origin.spear_body2] at @s on origin run tp @s ^0.8692 ^0.06672 ^11.03184 ~45 ~0
execute if entity @s[tag=aj.messemers_assult.locator_origin.spear_body3] at @s on origin run tp @s ^0.8692 ^0.06671 ^11.03184 ~45 ~0
execute if entity @s[tag=aj.messemers_assult.locator_origin.spear_head3] at @s on origin run tp @s ^0.86918 ^0.06673 ^11.03184 ~0 ~0
execute if entity @s[tag=aj.messemers_assult.locator_origin.spear_body4] at @s on origin run tp @s ^0.86918 ^0.06672 ^11.03184 ~0 ~0
execute if entity @s[tag=aj.messemers_assult.locator_origin.spear_body5] at @s on origin run tp @s ^0.86918 ^0.06671 ^11.03184 ~0 ~0
execute if entity @s[tag=aj.messemers_assult.locator_origin.spear_head4] at @s on origin run tp @s ^0.86919 ^0.06673 ^11.03182 ~45 ~0
execute if entity @s[tag=aj.messemers_assult.locator_origin.spear_body6] at @s on origin run tp @s ^0.86919 ^0.06672 ^11.03182 ~45 ~0
execute if entity @s[tag=aj.messemers_assult.locator_origin.spear_body7] at @s on origin run tp @s ^0.86919 ^0.06671 ^11.03182 ~45 ~0
execute if entity @s[tag=aj.messemers_assult.locator_origin.spear_head5] at @s on origin run tp @s ^0.86919 ^0.06673 ^11.03183 ~0 ~0
execute if entity @s[tag=aj.messemers_assult.locator_origin.spear_body8] at @s on origin run tp @s ^0.86919 ^0.06672 ^11.03183 ~0 ~0
execute if entity @s[tag=aj.messemers_assult.locator_origin.spear_body9] at @s on origin run tp @s ^0.86919 ^0.06671 ^11.03183 ~0 ~0
execute if entity @s[tag=aj.messemers_assult.locator_origin.spear_head6] at @s on origin run tp @s ^0.86921 ^0.06673 ^11.03183 ~-45 ~0
execute if entity @s[tag=aj.messemers_assult.locator_origin.spear_body10] at @s on origin run tp @s ^0.86921 ^0.06672 ^11.03183 ~-45 ~0
execute if entity @s[tag=aj.messemers_assult.locator_origin.spear_body11] at @s on origin run tp @s ^0.86921 ^0.06671 ^11.03183 ~-45 ~0
execute if entity @s[tag=aj.messemers_assult.locator_origin.spear_head7] at @s on origin run tp @s ^0.8692 ^0.06673 ^11.03181 ~0 ~0
execute if entity @s[tag=aj.messemers_assult.locator_origin.spear_body12] at @s on origin run tp @s ^0.8692 ^0.06672 ^11.03181 ~0 ~0
execute if entity @s[tag=aj.messemers_assult.locator_origin.spear_body13] at @s on origin run tp @s ^0.8692 ^0.06671 ^11.03181 ~0 ~0
execute if entity @s[tag=aj.messemers_assult.locator_origin.spear_head8] at @s on origin run tp @s ^0.86921 ^0.06673 ^11.03184 ~-90 ~0
execute if entity @s[tag=aj.messemers_assult.locator_origin.spear_body14] at @s on origin run tp @s ^0.86921 ^0.06672 ^11.03184 ~-90 ~0
execute if entity @s[tag=aj.messemers_assult.locator_origin.spear_body15] at @s on origin run tp @s ^0.86921 ^0.06671 ^11.03184 ~-90 ~0
execute if entity @s[tag=aj.messemers_assult.locator_origin.spear_head9] at @s on origin run tp @s ^0.86919 ^0.06673 ^11.03185 ~0 ~0
execute if entity @s[tag=aj.messemers_assult.locator_origin.spear_body16] at @s on origin run tp @s ^0.86919 ^0.06672 ^11.03185 ~0 ~0
execute if entity @s[tag=aj.messemers_assult.locator_origin.spear_body17] at @s on origin run tp @s ^0.86919 ^0.06671 ^11.03185 ~0 ~0
execute if entity @s[tag=aj.messemers_assult.locator_origin.spear_head10] at @s on origin run tp @s ^0.8692 ^0.06673 ^11.03185 ~-45 ~0
execute if entity @s[tag=aj.messemers_assult.locator_origin.spear_body18] at @s on origin run tp @s ^0.8692 ^0.06672 ^11.03185 ~-45 ~0
execute if entity @s[tag=aj.messemers_assult.locator_origin.spear_body19] at @s on origin run tp @s ^0.8692 ^0.06671 ^11.03185 ~-45 ~0
execute if entity @s[tag=aj.messemers_assult.locator_origin.spear_head11] at @s on origin run tp @s ^0.86919 ^0.06673 ^11.03183 ~-45 ~0
execute if entity @s[tag=aj.messemers_assult.locator_origin.spear_body20] at @s on origin run tp @s ^0.86919 ^0.06672 ^11.03183 ~-45 ~0
execute if entity @s[tag=aj.messemers_assult.locator_origin.spear_body21] at @s on origin run tp @s ^0.86919 ^0.06671 ^11.03183 ~-45 ~0
execute if entity @s[tag=aj.messemers_assult.locator_origin.spear_head12] at @s on origin run tp @s ^0.8692 ^0.06673 ^11.03183 ~-45 ~0
execute if entity @s[tag=aj.messemers_assult.locator_origin.spear_body22] at @s on origin run tp @s ^0.8692 ^0.06672 ^11.03183 ~-45 ~0
execute if entity @s[tag=aj.messemers_assult.locator_origin.spear_body23] at @s on origin run tp @s ^0.8692 ^0.06671 ^11.03183 ~-45 ~0
execute if entity @s[tag=aj.messemers_assult.locator_origin.spear_head13] at @s on origin run tp @s ^0.8692 ^0.06673 ^11.03182 ~45 ~0
execute if entity @s[tag=aj.messemers_assult.locator_origin.spear_body24] at @s on origin run tp @s ^0.8692 ^0.06672 ^11.03182 ~45 ~0
execute if entity @s[tag=aj.messemers_assult.locator_origin.spear_body25] at @s on origin run tp @s ^0.8692 ^0.06671 ^11.03182 ~45 ~0
execute if entity @s[tag=aj.messemers_assult.locator_origin.commands] at @s on origin run tp @s ^-0.875 ^0 ^-1.5 ~0 ~0