execute if entity @s[tag=aj.messemers_assult.bone.right_arm2] run data modify entity @s {} merge value {transformation:[0.5346663463404226f,0.8263049688063038f,-0.17706495027812963f,0.03890558347436429f,-0.6674236319167471f,0.5414211621591958f,0.5112815474132073f,0.9040788368541156f,0.5183411942437542f,-0.15518770470690968f,0.8409751379546005f,9.6735199969269f,0f,0f,0f,1f],start_interpolation:0}
execute if entity @s[tag=aj.messemers_assult.bone.right_arm] run data modify entity @s {} merge value {transformation:[0.8584923369623694f,0.4812888018226614f,-0.17706495027812963f,0.15922778393002965f,-0.33761755378785924f,0.7903199141164657f,0.5112815474132073f,1.101658815383232f,0.38601203964538655f,-0.3791510551100299f,0.8409751379546005f,9.578732233149394f,0f,0f,0f,1f],start_interpolation:0}
execute if entity @s[tag=aj.messemers_assult.bone.flame_slash2] run data modify entity @s {} merge value {transformation:[0.000011516899198199578f,-0.0000016802833413530694f,0.0000017578959333226602f,-0.22372991770256706f,-0.0000014147409759780686f,-0.000011550409851239755f,-0.0000017717385812763847f,0.2582183879318727f,0.0000019778923606985273f,0.0000015222343847995278f,-0.00001150318484804689f,10.017345874368035f,0f,0f,0f,1f],start_interpolation:0}
execute if entity @s[tag=aj.messemers_assult.bone.flame_slash] run data modify entity @s {} merge value {transformation:[0.000011516899198199578f,-0.0000016802833413530694f,0.0000017578959333226602f,-0.22372991770256706f,-0.0000014147409759780686f,-0.000011550409851239755f,-0.0000017717385812763847f,0.2582183879318727f,0.0000019778923606985273f,0.0000015222343847995278f,-0.00001150318484804689f,10.017345874368035f,0f,0f,0f,1f],start_interpolation:0}
execute if entity @s[tag=aj.messemers_assult.bone.impaling_thrust] run data modify entity @s {} merge value {transformation:[-0.000015220326601314847f,-0.0000033281880902443423f,-0.000004613046638368532f,0.764795672826212f,0.000002254039652007859f,0.000008569587227473559f,-0.000013619723091913365f,1.8140497971770941f,0.000005222675607290178f,-0.00001339778772369445f,-0.000007565601146924056f,9.640518170291823f,0f,0f,0f,1f],start_interpolation:0}
execute if entity @s[tag=aj.messemers_assult.locator_origin.spear_head] at @s on origin run tp @s ^-0.35311 ^-0.21777 ^10.07984 ~-80.25518 ~6.90309
execute if entity @s[tag=aj.messemers_assult.locator_origin.spear_body] at @s on origin run tp @s ^-0.21036 ^0.7635 ^9.95052 ~-80.25518 ~6.90309
execute if entity @s[tag=aj.messemers_assult.locator_origin.spear_body1] at @s on origin run tp @s ^-0.07653 ^1.68345 ^9.82928 ~-80.25518 ~6.90309
execute if entity @s[tag=aj.messemers_assult.bone.spear_of_the_impaler] run data modify entity @s {} merge value {transformation:[0.3235773045408087f,-0.30929109292162693f,-2.1199248081641695f,-0.17893596078438415f,-0.32612533177476816f,-2.126093140759176f,0.2604124982331311f,0.7546635772736114f,-2.117400396808631f,0.28019889560911654f,-0.36407222214627805f,9.95074274026612f,0f,0f,0f,1f],start_interpolation:0}
execute if entity @s[tag=aj.messemers_assult.bone.left_arm2] run data modify entity @s {} merge value {transformation:[0.13116180785812223f,-0.26385160399672397f,0.9556039510318828f,-0.41910436514472477f,-0.6843691550646412f,0.6732977451933626f,0.279837463384806f,1.105817368422026f,-0.717241549100091f,-0.6906898561481047f,-0.0922609498033296f,9.66699454454651f,0f,0f,0f,1f],start_interpolation:0}
execute if entity @s[tag=aj.messemers_assult.bone.left_arm] run data modify entity @s {} merge value {transformation:[0.13116180785812223f,0.5020925721530924f,0.8548097034709425f,-0.2771859961241864f,-0.6843691550646412f,0.6696954718352032f,-0.2883519283783852f,1.1876950919977467f,-0.717241549100091f,-0.5471846342799808f,0.43145513816894776f,9.440543192339003f,0f,0f,0f,1f],start_interpolation:0}
execute if entity @s[tag=aj.messemers_assult.bone.head] run data modify entity @s {} merge value {transformation:[0.9808895314029126f,0.056046759029777585f,-0.18631824383680903f,0.015875697160075794f,-0.18575094518832322f,0.5547233420563236f,-0.8110355110224874f,1.2820388894242891f,0.05789916705634988f,0.8301450322564852f,0.5545330575124083f,9.59395246297315f,0f,0f,0f,1f],start_interpolation:0}
execute if entity @s[tag=aj.messemers_assult.bone.body_top] run data modify entity @s {} merge value {transformation:[0.9897678544849319f,-0.11297920864194086f,-0.08715097614447856f,0.06036126056284001f,0.006008405866195526f,0.643242925866827f,-0.7656385814346287f,1.028761987364226f,0.14256048992354697f,0.7572808176211282f,0.6373399955877819f,9.29577314103483f,0f,0f,0f,1f],start_interpolation:0}
execute if entity @s[tag=aj.messemers_assult.bone.body] run data modify entity @s {} merge value {transformation:[0.9897678544849319f,-0.1042478356470016f,-0.09742680838049872f,0.10596968865840321f,0.006008405866195526f,0.7126452344016768f,-0.7014988730878517f,0.7169796973134923f,0.14256048992354697f,0.6937356547327626f,0.7059797079698987f,8.992263792089247f,0f,0f,0f,1f],start_interpolation:0}
execute if entity @s[tag=aj.messemers_assult.locator_origin.player_camera] at @s on origin run tp @s ^-0.01068 ^-0.27807 ^9.20917 ~-163.77454 ~-24.0168
execute if entity @s[tag=aj.messemers_assult.bone.right_leg2] run data modify entity @s {} merge value {transformation:[0.9927318127532587f,-0.08645745429523792f,0.08371771941719108f,0.26483758315475847f,0.11004609891789757f,0.9337269990229891f,-0.34065194467150023f,0.4920101469915092f,-0.048717594979442336f,0.34738883098382645f,0.9364548019243156f,9.26530716783483f,0f,0f,0f,1f],start_interpolation:0}
execute if entity @s[tag=aj.messemers_assult.bone.right_leg] run data modify entity @s {} merge value {transformation:[0.9927318127532587f,-0.11773155155495746f,-0.024956556575198505f,0.2225278068146956f,0.11004609891789757f,0.8040784414558247f,0.5842497035505657f,0.7809758368896962f,-0.048717594979442336f,-0.5827496389998315f,0.8111901467504306f,9.055881516319266f,0f,0f,0f,1f],start_interpolation:0}
execute if entity @s[tag=aj.messemers_assult.bone.left_leg2] run data modify entity @s {} merge value {transformation:[0.9582818548105495f,0.1282087650554739f,-0.25545723576325435f,-0.10112756211844136f,-0.2742004036366215f,0.6646576461028944f,-0.6950139222508235f,0.4700224638437055f,0.08068472833421746f,0.7360657076918542f,0.6720842570494591f,8.863918134635595f,0f,0f,0f,1f],start_interpolation:0}
execute if entity @s[tag=aj.messemers_assult.bone.left_leg] run data modify entity @s {} merge value {transformation:[0.9582818548105495f,0.2289955034003504f,-0.17104661985339764f,-0.01883230308394043f,-0.2742004036366215f,0.9054556186570097f,-0.32398188419719653f,0.7954205767985684f,0.08068472833421746f,0.35736701311798763f,0.9304723491586203f,8.992346904974871f,0f,0f,0f,1f],start_interpolation:0}
execute if entity @s[tag=aj.messemers_assult.locator_origin.flame1] at @s on origin run tp @s ^1.64583 ^0.02083 ^11.14583 ~0 ~0
execute if entity @s[tag=aj.messemers_assult.locator_origin.flame2] at @s on origin run tp @s ^-1.27083 ^0.02083 ^11.14583 ~0 ~0
execute if entity @s[tag=aj.messemers_assult.locator_origin.flame3] at @s on origin run tp @s ^1.64583 ^0.02083 ^8.22917 ~0 ~0
execute if entity @s[tag=aj.messemers_assult.locator_origin.flame4] at @s on origin run tp @s ^-1.27083 ^0.02083 ^8.22917 ~0 ~0
execute if entity @s[tag=aj.messemers_assult.bone.flame_blast] run data modify entity @s {} merge value {transformation:[-5.694444444444441f,0f,6.973683161811314e-16f,0.1874999999999988f,0f,227.7777777777775f,0f,70.85416666666657f,-6.973683161811314e-16f,0f,-5.694444444444441f,9.6875f,0f,0f,0f,1f],start_interpolation:0}
execute if entity @s[tag=aj.messemers_assult.locator_origin.spear_head2] at @s on origin run tp @s ^0.90716 ^3.85182 ^11.00559 ~45 ~0
execute if entity @s[tag=aj.messemers_assult.locator_origin.spear_body2] at @s on origin run tp @s ^0.90716 ^2.29627 ^11.00559 ~45 ~0
execute if entity @s[tag=aj.messemers_assult.locator_origin.spear_body3] at @s on origin run tp @s ^0.90716 ^0.83793 ^11.00559 ~45 ~0
execute if entity @s[tag=aj.messemers_assult.bone.spear_effects0] run data modify entity @s {} merge value {transformation:[-2.1846107653325113f,0f,2.1846107653325126f,0.8691962499999987f,0f,3.370370370370365f,0f,2.3028292361111076f,-2.1846107653325126f,0f,-2.1846107653325113f,11.03184375f,0f,0f,0f,1f],start_interpolation:0}
execute if entity @s[tag=aj.messemers_assult.locator_origin.spear_head3] at @s on origin run tp @s ^-1.52878 ^3.85182 ^10.18435 ~0 ~0
execute if entity @s[tag=aj.messemers_assult.locator_origin.spear_body4] at @s on origin run tp @s ^-1.52878 ^2.29627 ^10.18435 ~0 ~0
execute if entity @s[tag=aj.messemers_assult.locator_origin.spear_body5] at @s on origin run tp @s ^-1.52878 ^0.83793 ^10.18435 ~0 ~0
execute if entity @s[tag=aj.messemers_assult.bone.spear_effects1] run data modify entity @s {} merge value {transformation:[-3.0895061728395055f,0f,3.7835538455138895e-16f,-1.537053750000001f,0f,3.370370370370365f,0f,2.3028292361111076f,-3.7835538455138895e-16f,0f,-3.0895061728395055f,10.229760416666666f,0f,0f,0f,1f],start_interpolation:0}
execute if entity @s[tag=aj.messemers_assult.locator_origin.spear_head4] at @s on origin run tp @s ^-0.60789 ^3.85182 ^7.61901 ~45 ~0
execute if entity @s[tag=aj.messemers_assult.locator_origin.spear_body6] at @s on origin run tp @s ^-0.60789 ^2.29627 ^7.61901 ~45 ~0
execute if entity @s[tag=aj.messemers_assult.locator_origin.spear_body7] at @s on origin run tp @s ^-0.60789 ^0.83793 ^7.61901 ~45 ~0
execute if entity @s[tag=aj.messemers_assult.bone.spear_effects2] run data modify entity @s {} merge value {transformation:[-2.1846107653325113f,0f,2.1846107653325126f,-0.6458500462962967f,0f,3.370370370370365f,0f,2.3028292361111076f,-2.1846107653325126f,0f,-2.1846107653325113f,7.645269675925927f,0f,0f,0f,1f],start_interpolation:0}
execute if entity @s[tag=aj.messemers_assult.locator_origin.spear_head5] at @s on origin run tp @s ^0.43187 ^3.85182 ^8.66931 ~0 ~0
execute if entity @s[tag=aj.messemers_assult.locator_origin.spear_body8] at @s on origin run tp @s ^0.43187 ^2.29627 ^8.66931 ~0 ~0
execute if entity @s[tag=aj.messemers_assult.locator_origin.spear_body9] at @s on origin run tp @s ^0.43187 ^0.83793 ^8.66931 ~0 ~0
execute if entity @s[tag=aj.messemers_assult.bone.spear_effects3] run data modify entity @s {} merge value {transformation:[-3.0895061728395055f,0f,3.7835538455138895e-16f,0.4235943981481472f,0f,3.370370370370365f,0f,2.3028292361111076f,-3.7835538455138895e-16f,0f,-3.0895061728395055f,8.71471412037037f,0f,0f,0f,1f],start_interpolation:0}
execute if entity @s[tag=aj.messemers_assult.locator_origin.spear_head6] at @s on origin run tp @s ^2.53623 ^3.85182 ^8.58763 ~-45 ~0
execute if entity @s[tag=aj.messemers_assult.locator_origin.spear_body10] at @s on origin run tp @s ^2.53623 ^2.29627 ^8.58763 ~-45 ~0
execute if entity @s[tag=aj.messemers_assult.locator_origin.spear_body11] at @s on origin run tp @s ^2.53623 ^0.83793 ^8.58763 ~-45 ~0
execute if entity @s[tag=aj.messemers_assult.bone.spear_effects4] run data modify entity @s {} merge value {transformation:[-2.184610765332512f,0f,-2.1846107653325118f,2.5624832870370358f,0f,3.370370370370365f,0f,2.3028292361111076f,2.1846107653325118f,0f,-2.184610765332512f,8.62559375f,0f,0f,0f,1f],start_interpolation:0}
execute if entity @s[tag=aj.messemers_assult.locator_origin.spear_head7] at @s on origin run tp @s ^1.50131 ^3.85182 ^6.70866 ~0 ~0
execute if entity @s[tag=aj.messemers_assult.locator_origin.spear_body12] at @s on origin run tp @s ^1.50131 ^2.29627 ^6.70866 ~0 ~0
execute if entity @s[tag=aj.messemers_assult.locator_origin.spear_body13] at @s on origin run tp @s ^1.50131 ^0.83793 ^6.70866 ~0 ~0
execute if entity @s[tag=aj.messemers_assult.bone.spear_effects5] run data modify entity @s {} merge value {transformation:[-3.0895061728395055f,0f,3.7835538455138895e-16f,1.4930388425925916f,0f,3.370370370370365f,0f,2.3028292361111076f,-3.7835538455138895e-16f,0f,-3.0895061728395055f,6.754065972222223f,0f,0f,0f,1f],start_interpolation:0}
execute if entity @s[tag=aj.messemers_assult.locator_origin.spear_head8] at @s on origin run tp @s ^2.51708 ^3.85182 ^10.13236 ~-90 ~0
execute if entity @s[tag=aj.messemers_assult.locator_origin.spear_body14] at @s on origin run tp @s ^2.51708 ^2.29627 ^10.13236 ~-90 ~0
execute if entity @s[tag=aj.messemers_assult.locator_origin.spear_body15] at @s on origin run tp @s ^2.51708 ^0.83793 ^10.13236 ~-90 ~0
execute if entity @s[tag=aj.messemers_assult.bone.spear_effects6] run data modify entity @s {} merge value {transformation:[-1.0643635621129824e-15f,0f,-3.0895061728395055f,2.5624832870370353f,0f,3.370370370370365f,0f,2.3028292361111076f,3.0895061728395055f,0f,-1.0643635621129824e-15f,10.140640046296298f,0f,0f,0f,1f],start_interpolation:0}
execute if entity @s[tag=aj.messemers_assult.locator_origin.spear_head9] at @s on origin run tp @s ^-0.63757 ^3.85182 ^11.61028 ~0 ~0
execute if entity @s[tag=aj.messemers_assult.locator_origin.spear_body16] at @s on origin run tp @s ^-0.63757 ^2.29627 ^11.61028 ~0 ~0
execute if entity @s[tag=aj.messemers_assult.locator_origin.spear_body17] at @s on origin run tp @s ^-0.63757 ^0.83793 ^11.61028 ~0 ~0
execute if entity @s[tag=aj.messemers_assult.bone.spear_effects7] run data modify entity @s {} merge value {transformation:[-3.0895061728395055f,0f,3.7835538455138895e-16f,-0.6458500462962972f,0f,3.370370370370365f,0f,2.3028292361111076f,-3.7835538455138895e-16f,0f,-3.0895061728395055f,11.655686342592592f,0f,0f,0f,1f],start_interpolation:0}
execute if entity @s[tag=aj.messemers_assult.locator_origin.spear_head10] at @s on origin run tp @s ^1.82326 ^3.85182 ^11.97421 ~-45 ~0
execute if entity @s[tag=aj.messemers_assult.locator_origin.spear_body18] at @s on origin run tp @s ^1.82326 ^2.29627 ^11.97421 ~-45 ~0
execute if entity @s[tag=aj.messemers_assult.locator_origin.spear_body19] at @s on origin run tp @s ^1.82326 ^0.83793 ^11.97421 ~-45 ~0
execute if entity @s[tag=aj.messemers_assult.bone.spear_effects8] run data modify entity @s {} merge value {transformation:[-2.184610765332512f,0f,-2.1846107653325118f,1.8495203240740723f,0f,3.370370370370365f,0f,2.3028292361111076f,2.1846107653325118f,0f,-2.184610765332512f,12.012167824074075f,0f,0f,0f,1f],start_interpolation:0}
execute if entity @s[tag=aj.messemers_assult.locator_origin.spear_head11] at @s on origin run tp @s ^-0.67211 ^3.85182 ^9.12236 ~-45 ~0
execute if entity @s[tag=aj.messemers_assult.locator_origin.spear_body20] at @s on origin run tp @s ^-0.67211 ^2.29627 ^9.12236 ~-45 ~0
execute if entity @s[tag=aj.messemers_assult.locator_origin.spear_body21] at @s on origin run tp @s ^-0.67211 ^0.83793 ^9.12236 ~-45 ~0
execute if entity @s[tag=aj.messemers_assult.bone.spear_effects9] run data modify entity @s {} merge value {transformation:[-2.184610765332512f,0f,-2.1846107653325118f,-0.6458500462962969f,0f,3.370370370370365f,0f,2.3028292361111076f,2.1846107653325118f,0f,-2.184610765332512f,9.160315972222223f,0f,0f,0f,1f],start_interpolation:0}
execute if entity @s[tag=aj.messemers_assult.locator_origin.spear_head12] at @s on origin run tp @s ^1.28854 ^3.85182 ^9.12236 ~-45 ~0
execute if entity @s[tag=aj.messemers_assult.locator_origin.spear_body22] at @s on origin run tp @s ^1.28854 ^2.29627 ^9.12236 ~-45 ~0
execute if entity @s[tag=aj.messemers_assult.locator_origin.spear_body23] at @s on origin run tp @s ^1.28854 ^0.83793 ^9.12236 ~-45 ~0
execute if entity @s[tag=aj.messemers_assult.bone.spear_effects10] run data modify entity @s {} merge value {transformation:[-2.184610765332512f,0f,-2.1846107653325118f,1.3147981018518506f,0f,3.370370370370365f,0f,2.3028292361111076f,2.1846107653325118f,0f,-2.184610765332512f,9.160315972222223f,0f,0f,0f,1f],start_interpolation:0}
execute if entity @s[tag=aj.messemers_assult.locator_origin.spear_head13] at @s on origin run tp @s ^1.0854 ^3.85182 ^7.88638 ~45 ~0
execute if entity @s[tag=aj.messemers_assult.locator_origin.spear_body24] at @s on origin run tp @s ^1.0854 ^2.29627 ^7.88638 ~45 ~0
execute if entity @s[tag=aj.messemers_assult.locator_origin.spear_body25] at @s on origin run tp @s ^1.0854 ^0.83793 ^7.88638 ~45 ~0
execute if entity @s[tag=aj.messemers_assult.bone.spear_effects11] run data modify entity @s {} merge value {transformation:[-2.1846107653325113f,0f,2.1846107653325126f,1.0474369907407397f,0f,3.370370370370365f,0f,2.3028292361111076f,-2.1846107653325126f,0f,-2.1846107653325113f,7.912630787037038f,0f,0f,0f,1f],start_interpolation:0}
execute if entity @s[tag=aj.messemers_assult.locator_origin.commands] at @s on origin run tp @s ^-0.875 ^0 ^-1.5 ~0 ~0