execute if entity @s[tag=aj.messemers_assult.bone.right_arm2] run data modify entity @s {} merge value {transformation:[-0.8678664143120713f,0.009192830682746317f,-0.49671257158758f,0.28861300283837754f,-0.34523383142646247f,0.707805649343044f,0.6162992490638592f,2.8296050330784768f,0.35724149891594803f,0.706347403635145f,-0.6111070747669156f,-0.17247746346508533f,0f,0f,0f,1f],start_interpolation:0}
execute if entity @s[tag=aj.messemers_assult.bone.right_arm] run data modify entity @s {} merge value {transformation:[-0.8249345728143433f,0.26973982242611166f,-0.49671257158758f,0.35604795844490544f,-0.11641409332383199f,0.7788600609088345f,0.6162992490638592f,3.0243200483056856f,0.5531100337647178f,0.5662309014162125f,-0.6111070747669156f,-0.03091973811103222f,0f,0f,0f,1f],start_interpolation:0}
execute if entity @s[tag=aj.messemers_assult.bone.flame_slash2] run data modify entity @s {} merge value {transformation:[0.005454258998660006f,1.287242990159087f,-0.21556153867276626f,3.3617114693490957f,-0.9839339411209376f,-0.07156963294270477f,-1.0927257505544052f,3.0223073449131928f,0.6460413486612961f,-0.11986964584991572f,-1.6624233542802667f,-0.19264793688560086f,0f,0f,0f,1f],start_interpolation:0}
execute if entity @s[tag=aj.messemers_assult.bone.flame_slash] run data modify entity @s {} merge value {transformation:[0.005454258998660006f,1.287242990159087f,-0.21556153867276626f,3.3617114693490957f,-0.9839339411209376f,-0.07156963294270477f,-1.0927257505544052f,3.0223073449131928f,0.6460413486612961f,-0.11986964584991572f,-1.6624233542802667f,-0.19264793688560086f,0f,0f,0f,1f],start_interpolation:0}
execute if entity @s[tag=aj.messemers_assult.bone.impaling_thrust] run data modify entity @s {} merge value {transformation:[-0.000011500675172398701f,0.0000017976956891467644f,0.000011336584048587799f,1.7858736661033277f,0.000009176778056382343f,-0.000008199581180231823f,0.000010609853442681842f,2.7613841394734786f,0.000006894678541119353f,0.000013912244095778055f,0.000004788345135494835f,-0.3018102422602208f,0f,0f,0f,1f],start_interpolation:0}
execute if entity @s[tag=aj.messemers_assult.locator_origin.spear_head] at @s on origin run tp @s ^3.48595 ^3.05522 ^-0.15952 ~172.61185 ~33.09839
execute if entity @s[tag=aj.messemers_assult.locator_origin.spear_body] at @s on origin run tp @s ^2.49178 ^3.11049 ^-0.06694 ~172.61185 ~33.09839
execute if entity @s[tag=aj.messemers_assult.locator_origin.spear_body1] at @s on origin run tp @s ^1.55974 ^3.16231 ^0.01985 ~172.61185 ~33.09839
execute if entity @s[tag=aj.messemers_assult.bone.spear_of_the_impaler] run data modify entity @s {} merge value {transformation:[0.010039697979834348f,2.1540349312396625f,0.23340343593927834f,2.492567415682719f,-1.8111350420633185f,-0.11976253943751078f,1.183169995394671f,3.0880164926149263f,1.1891734559429168f,-0.2005863743908485f,1.8000211228021628f,-0.0906018127366092f,0f,0f,0f,1f],start_interpolation:0}
execute if entity @s[tag=aj.messemers_assult.bone.left_arm2] run data modify entity @s {} merge value {transformation:[0.0046337067599235456f,-0.9855358281733325f,0.16940383746647217f,1.2149587972539042f,-0.835908480952301f,-0.09679658372154758f,-0.540266075977249f,3.182485040922396f,0.5488492873582693f,-0.13910266987567618f,-0.824266284036766f,-0.060387007347983024f,0f,0f,0f,1f],start_interpolation:0}
execute if entity @s[tag=aj.messemers_assult.bone.left_arm] run data modify entity @s {} merge value {transformation:[0.0046337067599235456f,-0.9411466567905674f,0.33796671311476995f,0.9802513464012528f,-0.835908480952301f,-0.18914224566278798f,-0.5152496699442463f,3.030710919387661f,0.5488492873582693f,-0.28012172589354045f,-0.7875889019334543f,-0.06181127790158447f,0f,0f,0f,1f],start_interpolation:0}
execute if entity @s[tag=aj.messemers_assult.bone.head] run data modify entity @s {} merge value {transformation:[-0.6624140956176824f,-0.20331812494744436f,-0.7210196294102287f,0.6651726791876001f,0.08752290889705602f,0.9348705541240806f,-0.3440302129899815f,3.167823500270439f,0.7440075983114729f,-0.2909961977407778f,-0.6014764389028089f,-0.07749203459671944f,0f,0f,0f,1f],start_interpolation:0}
execute if entity @s[tag=aj.messemers_assult.bone.body_top] run data modify entity @s {} merge value {transformation:[-0.9987254207301558f,-0.02070937902941939f,-0.046028856248978955f,0.673326997180434f,-0.010225393731161157f,0.9760557664261953f,-0.2172799626040447f,2.7835015422401246f,0.049426463664883596f,-0.21653235888981626f,-0.9750234675346003f,0.007767581716145722f,0f,0f,0f,1f],start_interpolation:0}
execute if entity @s[tag=aj.messemers_assult.bone.body] run data modify entity @s {} merge value {transformation:[-0.9989611920748782f,-0.015181525799938849f,-0.04296577711067451f,0.6799689147179072f,-0.011435109758205126f,0.9962178108345708f,-0.08613542616596868f,2.34765625f,0.04411093960862969f,-0.0855546296255266f,-0.9953565342913477f,0.045197732177313606f,0f,0f,0f,1f],start_interpolation:0}
execute if entity @s[tag=aj.messemers_assult.locator_origin.player_camera] at @s on origin run tp @s ^0.56976 ^1.53516 ^-0.57001 ~-10.15625 ~0
execute if entity @s[tag=aj.messemers_assult.bone.right_leg2] run data modify entity @s {} merge value {transformation:[-0.970875929510669f,0.06264961261831528f,-0.23124652545620944f,0.4808773715242819f,0.20906465570934085f,0.6929462572256153f,-0.6900126479494026f,2.0934005427999294f,0.11701238921554027f,-0.718262146180478f,-0.6858626612772301f,0.07257247839745369f,0f,0f,0f,1f],start_interpolation:0}
execute if entity @s[tag=aj.messemers_assult.bone.right_leg] run data modify entity @s {} merge value {transformation:[-0.970875929510669f,0.20241802768677802f,-0.1281673576391004f,0.5536213502242178f,0.20906465570934085f,0.9770593591654132f,-0.04058298165988929f,2.44453125f,0.11701238921554027f,-0.06619630453935392f,-0.9909218687845192f,0.04878318145362338f,0f,0f,0f,1f],start_interpolation:0}
execute if entity @s[tag=aj.messemers_assult.bone.left_leg2] run data modify entity @s {} merge value {transformation:[-0.9842821843046641f,-0.1760943870952291f,0.013392105659487619f,0.8525201793215633f,-0.1500982392358469f,0.7941951352029458f,-0.58883325806061f,2.1144933385037312f,0.09305428651458111f,-0.5815882169142788f,-0.8081435798840031f,-0.035740398952485576f,0f,0f,0f,1f],start_interpolation:0}
execute if entity @s[tag=aj.messemers_assult.bone.left_leg] run data modify entity @s {} merge value {transformation:[-0.9842821843046641f,-0.12413719204106127f,-0.12561265546353179f,0.807908375931807f,-0.1500982392358469f,0.9628108068688443f,0.2246460966829011f,2.4605034722222223f,0.09305428651458111f,0.23996938914937782f,-0.9663102980060477f,0.050498600273072076f,0f,0f,0f,1f],start_interpolation:0}
execute if entity @s[tag=aj.messemers_assult.locator_origin.flame1] at @s on origin run tp @s ^0.18751 ^0.06249 ^9.68751 ~0 ~0
execute if entity @s[tag=aj.messemers_assult.locator_origin.flame2] at @s on origin run tp @s ^0.18749 ^0.06249 ^9.68751 ~0 ~0
execute if entity @s[tag=aj.messemers_assult.locator_origin.flame3] at @s on origin run tp @s ^0.18751 ^0.06249 ^9.68749 ~0 ~0
execute if entity @s[tag=aj.messemers_assult.locator_origin.flame4] at @s on origin run tp @s ^0.18749 ^0.06249 ^9.68749 ~0 ~0
execute if entity @s[tag=aj.messemers_assult.locator_origin.spear_head2] at @s on origin run tp @s ^0.8692 ^0.06673 ^11.03184 ~45 ~0
execute if entity @s[tag=aj.messemers_assult.locator_origin.spear_body2] at @s on origin run tp @s ^0.8692 ^0.06672 ^11.03184 ~45 ~0
execute if entity @s[tag=aj.messemers_assult.locator_origin.spear_body3] at @s on origin run tp @s ^0.8692 ^0.06671 ^11.03184 ~45 ~0
execute if entity @s[tag=aj.messemers_assult.locator_origin.spear_head3] at @s on origin run tp @s ^0.86918 ^0.06673 ^11.03184 ~0 ~0
execute if entity @s[tag=aj.messemers_assult.locator_origin.spear_body4] at @s on origin run tp @s ^0.86918 ^0.06672 ^11.03184 ~0 ~0
execute if entity @s[tag=aj.messemers_assult.locator_origin.spear_body5] at @s on origin run tp @s ^0.86918 ^0.06671 ^11.03184 ~0 ~0
execute if entity @s[tag=aj.messemers_assult.locator_origin.spear_head4] at @s on origin run tp @s ^0.86919 ^0.06673 ^11.03182 ~45 ~0
execute if entity @s[tag=aj.messemers_assult.locator_origin.spear_body6] at @s on origin run tp @s ^0.86919 ^0.06672 ^11.03182 ~45 ~0
execute if entity @s[tag=aj.messemers_assult.locator_origin.spear_body7] at @s on origin run tp @s ^0.86919 ^0.06671 ^11.03182 ~45 ~0
execute if entity @s[tag=aj.messemers_assult.locator_origin.spear_head5] at @s on origin run tp @s ^0.86919 ^0.06673 ^11.03183 ~0 ~0
execute if entity @s[tag=aj.messemers_assult.locator_origin.spear_body8] at @s on origin run tp @s ^0.86919 ^0.06672 ^11.03183 ~0 ~0
execute if entity @s[tag=aj.messemers_assult.locator_origin.spear_body9] at @s on origin run tp @s ^0.86919 ^0.06671 ^11.03183 ~0 ~0
execute if entity @s[tag=aj.messemers_assult.locator_origin.spear_head6] at @s on origin run tp @s ^0.86921 ^0.06673 ^11.03183 ~-45 ~0
execute if entity @s[tag=aj.messemers_assult.locator_origin.spear_body10] at @s on origin run tp @s ^0.86921 ^0.06672 ^11.03183 ~-45 ~0
execute if entity @s[tag=aj.messemers_assult.locator_origin.spear_body11] at @s on origin run tp @s ^0.86921 ^0.06671 ^11.03183 ~-45 ~0
execute if entity @s[tag=aj.messemers_assult.locator_origin.spear_head7] at @s on origin run tp @s ^0.8692 ^0.06673 ^11.03181 ~0 ~0
execute if entity @s[tag=aj.messemers_assult.locator_origin.spear_body12] at @s on origin run tp @s ^0.8692 ^0.06672 ^11.03181 ~0 ~0
execute if entity @s[tag=aj.messemers_assult.locator_origin.spear_body13] at @s on origin run tp @s ^0.8692 ^0.06671 ^11.03181 ~0 ~0
execute if entity @s[tag=aj.messemers_assult.locator_origin.spear_head8] at @s on origin run tp @s ^0.86921 ^0.06673 ^11.03184 ~-90 ~0
execute if entity @s[tag=aj.messemers_assult.locator_origin.spear_body14] at @s on origin run tp @s ^0.86921 ^0.06672 ^11.03184 ~-90 ~0
execute if entity @s[tag=aj.messemers_assult.locator_origin.spear_body15] at @s on origin run tp @s ^0.86921 ^0.06671 ^11.03184 ~-90 ~0
execute if entity @s[tag=aj.messemers_assult.locator_origin.spear_head9] at @s on origin run tp @s ^0.86919 ^0.06673 ^11.03185 ~0 ~0
execute if entity @s[tag=aj.messemers_assult.locator_origin.spear_body16] at @s on origin run tp @s ^0.86919 ^0.06672 ^11.03185 ~0 ~0
execute if entity @s[tag=aj.messemers_assult.locator_origin.spear_body17] at @s on origin run tp @s ^0.86919 ^0.06671 ^11.03185 ~0 ~0
execute if entity @s[tag=aj.messemers_assult.locator_origin.spear_head10] at @s on origin run tp @s ^0.8692 ^0.06673 ^11.03185 ~-45 ~0
execute if entity @s[tag=aj.messemers_assult.locator_origin.spear_body18] at @s on origin run tp @s ^0.8692 ^0.06672 ^11.03185 ~-45 ~0
execute if entity @s[tag=aj.messemers_assult.locator_origin.spear_body19] at @s on origin run tp @s ^0.8692 ^0.06671 ^11.03185 ~-45 ~0
execute if entity @s[tag=aj.messemers_assult.locator_origin.spear_head11] at @s on origin run tp @s ^0.86919 ^0.06673 ^11.03183 ~-45 ~0
execute if entity @s[tag=aj.messemers_assult.locator_origin.spear_body20] at @s on origin run tp @s ^0.86919 ^0.06672 ^11.03183 ~-45 ~0
execute if entity @s[tag=aj.messemers_assult.locator_origin.spear_body21] at @s on origin run tp @s ^0.86919 ^0.06671 ^11.03183 ~-45 ~0
execute if entity @s[tag=aj.messemers_assult.locator_origin.spear_head12] at @s on origin run tp @s ^0.8692 ^0.06673 ^11.03183 ~-45 ~0
execute if entity @s[tag=aj.messemers_assult.locator_origin.spear_body22] at @s on origin run tp @s ^0.8692 ^0.06672 ^11.03183 ~-45 ~0
execute if entity @s[tag=aj.messemers_assult.locator_origin.spear_body23] at @s on origin run tp @s ^0.8692 ^0.06671 ^11.03183 ~-45 ~0
execute if entity @s[tag=aj.messemers_assult.locator_origin.spear_head13] at @s on origin run tp @s ^0.8692 ^0.06673 ^11.03182 ~45 ~0
execute if entity @s[tag=aj.messemers_assult.locator_origin.spear_body24] at @s on origin run tp @s ^0.8692 ^0.06672 ^11.03182 ~45 ~0
execute if entity @s[tag=aj.messemers_assult.locator_origin.spear_body25] at @s on origin run tp @s ^0.8692 ^0.06671 ^11.03182 ~45 ~0
execute if entity @s[tag=aj.messemers_assult.locator_origin.commands] at @s on origin run tp @s ^-0.875 ^0 ^-1.5 ~0 ~0