execute if entity @s[tag=aj.messemers_assult.bone.right_arm2] run data modify entity @s {} merge value {transformation:[0.5764127885016074f,-0.7390470319124669f,0.3486513758372031f,0.5741741619058118f,0.6007542208252975f,0.09403125028494101f,-0.7938844312180715f,4.261871138084594f,0.5539338077896954f,0.667058924377168f,0.49818643899285786f,7.715000495290336f,0f,0f,0f,1f],start_interpolation:0}
execute if entity @s[tag=aj.messemers_assult.bone.right_arm] run data modify entity @s {} merge value {transformation:[0.5037552818783622f,-0.790362470077165f,0.3486513758372031f,0.3765835443865206f,0.6069627841379763f,0.03665635744363854f,-0.7938844312180715f,4.271035227445504f,0.6146761705574151f,0.6115418851987876f,0.49818643899285786f,7.867885966590032f,0f,0f,0f,1f],start_interpolation:0}
execute if entity @s[tag=aj.messemers_assult.bone.flame_slash2] run data modify entity @s {} merge value {transformation:[0.0000117071818539353f,-0.2197902577157151f,-0.004099773814973545f,-0.5814430012405881f,-8.817835968170013e-7f,-1.4479779007044773f,-0.5983418196630212f,3.643382827592007f,8.466806295076716e-7f,1.5310629654539725f,-0.5664605844773799f,8.468133770543425f,0f,0f,0f,1f],start_interpolation:0}
execute if entity @s[tag=aj.messemers_assult.bone.flame_slash] run data modify entity @s {} merge value {transformation:[0.0000117071818539353f,-0.2197902577157151f,-0.004099773814973545f,-0.5814430012405881f,-8.817835968170013e-7f,-1.4479779007044773f,-0.5983418196630212f,3.643382827592007f,8.466806295076716e-7f,1.5310629654539725f,-0.5664605844773799f,8.468133770543425f,0f,0f,0f,1f],start_interpolation:0}
execute if entity @s[tag=aj.messemers_assult.bone.impaling_thrust] run data modify entity @s {} merge value {transformation:[-0.000014235668597661327f,-0.000005555771373656483f,-0.000005522184452163669f,0.3082298321708128f,0.000006238695979941244f,-0.0000011142923004175486f,-0.000014961697839536629f,4.558213230842136f,0.00000473706545763556f,-0.000015228497437875785f,0.000003109413728854158f,7.085613999088952f,0f,0f,0f,1f],start_interpolation:0}
execute if entity @s[tag=aj.messemers_assult.locator_origin.spear_head] at @s on origin run tp @s ^-0.69116 ^3.3168 ^8.82662 ~-85.86349 ~4.2962
execute if entity @s[tag=aj.messemers_assult.locator_origin.spear_body] at @s on origin run tp @s ^-0.58743 ^4.00021 ^8.104 ~-85.86349 ~4.2962
execute if entity @s[tag=aj.messemers_assult.locator_origin.spear_body1] at @s on origin run tp @s ^-0.49018 ^4.64091 ^7.42653 ~-85.86349 ~4.2962
execute if entity @s[tag=aj.messemers_assult.bone.spear_of_the_impaler] run data modify entity @s {} merge value {transformation:[-0.010780694734696077f,-0.2247609321773291f,-2.154950288158002f,-0.5562224523252806f,-1.5733893614400558f,-1.4807246968856012f,0.16231060897162466f,3.9907266673933135f,-1.489555013543553f,1.5656887748988508f,-0.15584917782088148f,8.105343909971722f,0f,0f,0f,1f],start_interpolation:0}
execute if entity @s[tag=aj.messemers_assult.bone.left_arm2] run data modify entity @s {} merge value {transformation:[0.03704473651807897f,0.37673578604351143f,0.9255797291484313f,-0.4926312786920414f,-0.6869724619035111f,0.682252647327701f,-0.25020024340630154f,4.408513720598295f,-0.7257386058923248f,-0.6265791831273375f,0.28408097998448195f,7.807235568396712f,0f,0f,0f,1f],start_interpolation:0}
execute if entity @s[tag=aj.messemers_assult.bone.left_arm] run data modify entity @s {} merge value {transformation:[0.03704473651807897f,0.9335779140984537f,-0.35645471774670945f,-0.25460620810266804f,-0.6869724619035111f,-0.23525743945779104f,-0.6875483792185046f,4.263827802995908f,-0.7257386058923248f,0.2703446235591599f,0.6326272681683278f,7.784104398549962f,0f,0f,0f,1f],start_interpolation:0}
execute if entity @s[tag=aj.messemers_assult.bone.head] run data modify entity @s {} merge value {transformation:[0.9969836472482362f,-0.07624079508277447f,0.014524058824974359f,0.044155478726971766f,0.06332875865280688f,0.6909507424490267f,-0.7201225866730147f,4.3913335065366566f,0.04486730933652534f,0.7188702335430821f,0.6936948261870024f,7.897259436207537f,0f,0f,0f,1f],start_interpolation:0}
execute if entity @s[tag=aj.messemers_assult.bone.body_top] run data modify entity @s {} merge value {transformation:[0.9898206236888349f,-0.07344179529127734f,-0.12190748797608855f,0.07307318562291222f,0.0053862153956921385f,0.8752870346406556f,-0.4835737747993361f,4.046689236646898f,0.14221856982812492f,0.47799467538285606f,0.8667727318632497f,7.709049032775537f,0f,0f,0f,1f],start_interpolation:0}
execute if entity @s[tag=aj.messemers_assult.bone.body] run data modify entity @s {} merge value {transformation:[0.9898206236888349f,-0.07344179529127734f,-0.12190748797608855f,0.10520397106284606f,0.0053862153956921385f,0.8752870346406556f,-0.4835737747993361f,3.6637511589916114f,0.14221856982812492f,0.47799467538285606f,0.8667727318632497f,7.499926362295538f,0f,0f,0f,1f],start_interpolation:0}
execute if entity @s[tag=aj.messemers_assult.locator_origin.player_camera] at @s on origin run tp @s ^-0.01275 ^2.67002 ^7.72211 ~-163.79613 ~-23.70492
execute if entity @s[tag=aj.messemers_assult.bone.right_leg2] run data modify entity @s {} merge value {transformation:[0.973774094628002f,-0.048803026130314814f,0.2222212349707811f,0.29483138428293576f,0.2271435223455686f,0.1525883153543916f,-0.9618329513349795f,3.425452722425117f,0.013031994776834921f,0.987084125420844f,0.15967183989139733f,7.383334122260885f,0f,0f,0f,1f],start_interpolation:0}
execute if entity @s[tag=aj.messemers_assult.bone.right_leg] run data modify entity @s {} merge value {transformation:[0.973774094628002f,-0.2030204671978389f,0.10269713983449841f,0.22187090388371242f,0.2271435223455686f,0.8416471455893959f,-0.4899345901012405f,3.727919665371306f,0.013031994776834921f,0.5004126019796f,0.8656889712201161f,7.563169901097304f,0f,0f,0f,1f],start_interpolation:0}
execute if entity @s[tag=aj.messemers_assult.bone.left_leg2] run data modify entity @s {} merge value {transformation:[0.9559229452711953f,0.12994277088957534f,-0.26329868780072385f,-0.10577803489038422f,-0.28154429611230475f,0.6601588341277289f,-0.696364217238181f,3.4142838264067383f,0.08333145882960724f,0.7398007772479406f,0.667645623031165f,7.381027691335396f,0f,0f,0f,1f],start_interpolation:0}
execute if entity @s[tag=aj.messemers_assult.bone.left_leg] run data modify entity @s {} merge value {transformation:[0.9559229452711953f,0.24010804556649887f,-0.16899541164860013f,-0.019489206014923686f,-0.28154429611230475f,0.912919871647832f,-0.2954828544554371f,3.742364405280178f,0.08333145882960724f,0.33003853472699557f,0.940282103182118f,7.499635289752909f,0f,0f,0f,1f],start_interpolation:0}
execute if entity @s[tag=aj.messemers_assult.locator_origin.flame1] at @s on origin run tp @s ^0.18751 ^0.06249 ^9.68751 ~0 ~0
execute if entity @s[tag=aj.messemers_assult.locator_origin.flame2] at @s on origin run tp @s ^0.18749 ^0.06249 ^9.68751 ~0 ~0
execute if entity @s[tag=aj.messemers_assult.locator_origin.flame3] at @s on origin run tp @s ^0.18751 ^0.06249 ^9.68749 ~0 ~0
execute if entity @s[tag=aj.messemers_assult.locator_origin.flame4] at @s on origin run tp @s ^0.18749 ^0.06249 ^9.68749 ~0 ~0
execute if entity @s[tag=aj.messemers_assult.locator_origin.spear_head2] at @s on origin run tp @s ^0.8692 ^0.06673 ^11.03184 ~45 ~0
execute if entity @s[tag=aj.messemers_assult.locator_origin.spear_body2] at @s on origin run tp @s ^0.8692 ^0.06672 ^11.03184 ~45 ~0
execute if entity @s[tag=aj.messemers_assult.locator_origin.spear_body3] at @s on origin run tp @s ^0.8692 ^0.06671 ^11.03184 ~45 ~0
execute if entity @s[tag=aj.messemers_assult.locator_origin.spear_head3] at @s on origin run tp @s ^0.86918 ^0.06673 ^11.03184 ~0 ~0
execute if entity @s[tag=aj.messemers_assult.locator_origin.spear_body4] at @s on origin run tp @s ^0.86918 ^0.06672 ^11.03184 ~0 ~0
execute if entity @s[tag=aj.messemers_assult.locator_origin.spear_body5] at @s on origin run tp @s ^0.86918 ^0.06671 ^11.03184 ~0 ~0
execute if entity @s[tag=aj.messemers_assult.locator_origin.spear_head4] at @s on origin run tp @s ^0.86919 ^0.06673 ^11.03182 ~45 ~0
execute if entity @s[tag=aj.messemers_assult.locator_origin.spear_body6] at @s on origin run tp @s ^0.86919 ^0.06672 ^11.03182 ~45 ~0
execute if entity @s[tag=aj.messemers_assult.locator_origin.spear_body7] at @s on origin run tp @s ^0.86919 ^0.06671 ^11.03182 ~45 ~0
execute if entity @s[tag=aj.messemers_assult.locator_origin.spear_head5] at @s on origin run tp @s ^0.86919 ^0.06673 ^11.03183 ~0 ~0
execute if entity @s[tag=aj.messemers_assult.locator_origin.spear_body8] at @s on origin run tp @s ^0.86919 ^0.06672 ^11.03183 ~0 ~0
execute if entity @s[tag=aj.messemers_assult.locator_origin.spear_body9] at @s on origin run tp @s ^0.86919 ^0.06671 ^11.03183 ~0 ~0
execute if entity @s[tag=aj.messemers_assult.locator_origin.spear_head6] at @s on origin run tp @s ^0.86921 ^0.06673 ^11.03183 ~-45 ~0
execute if entity @s[tag=aj.messemers_assult.locator_origin.spear_body10] at @s on origin run tp @s ^0.86921 ^0.06672 ^11.03183 ~-45 ~0
execute if entity @s[tag=aj.messemers_assult.locator_origin.spear_body11] at @s on origin run tp @s ^0.86921 ^0.06671 ^11.03183 ~-45 ~0
execute if entity @s[tag=aj.messemers_assult.locator_origin.spear_head7] at @s on origin run tp @s ^0.8692 ^0.06673 ^11.03181 ~0 ~0
execute if entity @s[tag=aj.messemers_assult.locator_origin.spear_body12] at @s on origin run tp @s ^0.8692 ^0.06672 ^11.03181 ~0 ~0
execute if entity @s[tag=aj.messemers_assult.locator_origin.spear_body13] at @s on origin run tp @s ^0.8692 ^0.06671 ^11.03181 ~0 ~0
execute if entity @s[tag=aj.messemers_assult.locator_origin.spear_head8] at @s on origin run tp @s ^0.86921 ^0.06673 ^11.03184 ~-90 ~0
execute if entity @s[tag=aj.messemers_assult.locator_origin.spear_body14] at @s on origin run tp @s ^0.86921 ^0.06672 ^11.03184 ~-90 ~0
execute if entity @s[tag=aj.messemers_assult.locator_origin.spear_body15] at @s on origin run tp @s ^0.86921 ^0.06671 ^11.03184 ~-90 ~0
execute if entity @s[tag=aj.messemers_assult.locator_origin.spear_head9] at @s on origin run tp @s ^0.86919 ^0.06673 ^11.03185 ~0 ~0
execute if entity @s[tag=aj.messemers_assult.locator_origin.spear_body16] at @s on origin run tp @s ^0.86919 ^0.06672 ^11.03185 ~0 ~0
execute if entity @s[tag=aj.messemers_assult.locator_origin.spear_body17] at @s on origin run tp @s ^0.86919 ^0.06671 ^11.03185 ~0 ~0
execute if entity @s[tag=aj.messemers_assult.locator_origin.spear_head10] at @s on origin run tp @s ^0.8692 ^0.06673 ^11.03185 ~-45 ~0
execute if entity @s[tag=aj.messemers_assult.locator_origin.spear_body18] at @s on origin run tp @s ^0.8692 ^0.06672 ^11.03185 ~-45 ~0
execute if entity @s[tag=aj.messemers_assult.locator_origin.spear_body19] at @s on origin run tp @s ^0.8692 ^0.06671 ^11.03185 ~-45 ~0
execute if entity @s[tag=aj.messemers_assult.locator_origin.spear_head11] at @s on origin run tp @s ^0.86919 ^0.06673 ^11.03183 ~-45 ~0
execute if entity @s[tag=aj.messemers_assult.locator_origin.spear_body20] at @s on origin run tp @s ^0.86919 ^0.06672 ^11.03183 ~-45 ~0
execute if entity @s[tag=aj.messemers_assult.locator_origin.spear_body21] at @s on origin run tp @s ^0.86919 ^0.06671 ^11.03183 ~-45 ~0
execute if entity @s[tag=aj.messemers_assult.locator_origin.spear_head12] at @s on origin run tp @s ^0.8692 ^0.06673 ^11.03183 ~-45 ~0
execute if entity @s[tag=aj.messemers_assult.locator_origin.spear_body22] at @s on origin run tp @s ^0.8692 ^0.06672 ^11.03183 ~-45 ~0
execute if entity @s[tag=aj.messemers_assult.locator_origin.spear_body23] at @s on origin run tp @s ^0.8692 ^0.06671 ^11.03183 ~-45 ~0
execute if entity @s[tag=aj.messemers_assult.locator_origin.spear_head13] at @s on origin run tp @s ^0.8692 ^0.06673 ^11.03182 ~45 ~0
execute if entity @s[tag=aj.messemers_assult.locator_origin.spear_body24] at @s on origin run tp @s ^0.8692 ^0.06672 ^11.03182 ~45 ~0
execute if entity @s[tag=aj.messemers_assult.locator_origin.spear_body25] at @s on origin run tp @s ^0.8692 ^0.06671 ^11.03182 ~45 ~0
execute if entity @s[tag=aj.messemers_assult.locator_origin.commands] at @s on origin run tp @s ^-0.875 ^0 ^-1.5 ~0 ~0