execute if entity @s[tag=aj.messemers_assult.bone.right_arm2] run data modify entity @s {} merge value {transformation:[0.6675755728999445f,-0.743669448674489f,0.036036170377722054f,0.6587997055838974f,0.7427873536476046f,0.6619007635445553f,-0.10076867807172254f,1.654452921652069f,0.05108621857701909f,0.09403791962456262f,0.9942570431956645f,4.924382791115362f,0f,0f,0f,1f],start_interpolation:0}
execute if entity @s[tag=aj.messemers_assult.bone.right_arm] run data modify entity @s {} merge value {transformation:[0.5459287042294597f,-0.8370562969853645f,0.036036170377722054f,0.4495356313375563f,0.8353163055625669f,0.5404556810516303f,-0.10076867807172254f,1.7895668419149766f,0.06487310351484205f,0.08511411455315304f,0.9942570431956645f,4.9456613197536505f,0f,0f,0f,1f],start_interpolation:0}
execute if entity @s[tag=aj.messemers_assult.bone.flame_slash2] run data modify entity @s {} merge value {transformation:[-0.000003247988191708844f,0.000002414402662980412f,-0.000011053223504870616f,-0.033927882999824965f,-0.000011303512335151949f,-0.0000011838605937657717f,0.0000030629398206147485f,1.8579025960388684f,-4.834241995379216e-7f,0.000011459565927059924f,0.000002645215901921709f,6.7948765808007945f,0f,0f,0f,1f],start_interpolation:0}
execute if entity @s[tag=aj.messemers_assult.bone.flame_slash] run data modify entity @s {} merge value {transformation:[-0.000003247988191708844f,0.000002414402662980412f,-0.000011053223504870616f,-0.033927882999824965f,-0.000011303512335151949f,-0.0000011838605937657717f,0.0000030629398206147485f,1.8579025960388684f,-4.834241995379216e-7f,0.000011459565927059924f,0.000002645215901921709f,6.7948765808007945f,0f,0f,0f,1f],start_interpolation:0}
execute if entity @s[tag=aj.messemers_assult.bone.impaling_thrust] run data modify entity @s {} merge value {transformation:[-0.3718234509923184f,-0.374721947067168f,-0.12116601289608182f,0.05558849764254237f,0.3687717521748087f,-0.2727972853323967f,-0.2879921091210249f,1.6489111463934014f,0.13822132647628727f,-0.28020621424987235f,0.4424135637677375f,4.220888689462653f,0f,0f,0f,1f],start_interpolation:0}
execute if entity @s[tag=aj.messemers_assult.locator_origin.spear_head] at @s on origin run tp @s ^-0.13939 ^1.90741 ^6.55887 ~-103.45868 ~15.08278
execute if entity @s[tag=aj.messemers_assult.locator_origin.spear_body] at @s on origin run tp @s ^-0.3445 ^2.00799 ^5.58532 ~-103.45868 ~15.08278
execute if entity @s[tag=aj.messemers_assult.locator_origin.spear_body1] at @s on origin run tp @s ^-0.5368 ^2.10228 ^4.67261 ~-103.45868 ~15.08278
execute if entity @s[tag=aj.messemers_assult.bone.spear_of_the_impaler] run data modify entity @s {} merge value {transformation:[-0.5978597733410969f,0.44442102115037674f,-2.0345756539938833f,-0.3153378105372524f,-2.080646518328854f,-0.21791416239228362f,0.5637977722901484f,1.9937025327066216f,-0.08898427743706874f,2.1093714272818267f,0.48690699787585445f,5.582028071318446f,0f,0f,0f,1f],start_interpolation:0}
execute if entity @s[tag=aj.messemers_assult.bone.left_arm2] run data modify entity @s {} merge value {transformation:[-0.2759352800035832f,0.33154883744549635f,0.902183512173596f,-0.2685173892246199f,-0.9602983930748558f,-0.0549883300408508f,-0.27350188265744885f,2.073383583576657f,-0.04106966650941635f,-0.9418341955715235f,0.33355903607149784f,5.067457514263823f,0f,0f,0f,1f],start_interpolation:0}
execute if entity @s[tag=aj.messemers_assult.bone.left_arm] run data modify entity @s {} merge value {transformation:[-0.2759352800035832f,0.5874955606003726f,0.7607290500067676f,-0.15613540907497464f,-0.9602983930748558f,-0.13468690474372938f,-0.2443080718036226f,1.9196745582563675f,-0.04106966650941635f,-0.7979401004871283f,0.6013359115564256f,4.862838780828364f,0f,0f,0f,1f],start_interpolation:0}
execute if entity @s[tag=aj.messemers_assult.bone.head] run data modify entity @s {} merge value {transformation:[0.9711798778282162f,0.15404194843559077f,-0.18188106834890255f,0.17224649522633678f,-0.16983246314771663f,0.9826448717099534f,-0.07460556657052453f,1.99280749985821f,0.1672321122355118f,0.10334473486489916f,0.9804862499866855f,4.934513115705681f,0f,0f,0f,1f],start_interpolation:0}
execute if entity @s[tag=aj.messemers_assult.bone.body_top] run data modify entity @s {} merge value {transformation:[0.9690736646600495f,0.17771397631336283f,-0.171213244479613f,0.10227161705295014f,-0.20817234614622548f,0.9612994766785253f,-0.18046492855280652f,1.6142958309160407f,0.1325160622804582f,0.21052567244991052f,0.9685651420927737f,4.851618632178529f,0f,0f,0f,1f],start_interpolation:0}
execute if entity @s[tag=aj.messemers_assult.bone.body] run data modify entity @s {} merge value {transformation:[0.9690736646600495f,0.17771397631336283f,-0.171213244479613f,0.0245217524158539f,-0.20817234614622548f,0.9612994766785253f,-0.18046492855280652f,1.1937273098691858f,0.1325160622804582f,0.21052567244991052f,0.9685651420927737f,4.7595136504816935f,0f,0f,0f,1f],start_interpolation:0}
execute if entity @s[tag=aj.messemers_assult.locator_origin.player_camera] at @s on origin run tp @s ^-0.31506 ^0.36278 ^5.25448 ~-163.72433 ~-3.86403
execute if entity @s[tag=aj.messemers_assult.bone.right_leg2] run data modify entity @s {} merge value {transformation:[0.9429366579706205f,-0.2110795130498801f,-0.25751873373761097f,0.1355398864566532f,-0.025297197502642477f,0.7257454104154417f,-0.6874981098588083f,0.8839181438680324f,0.3320098053577777f,0.654781672339374f,0.6789922317042687f,4.8373722049134935f,0f,0f,0f,1f],start_interpolation:0}
execute if entity @s[tag=aj.messemers_assult.bone.right_leg] run data modify entity @s {} merge value {transformation:[0.9429366579706205f,0.061591499331601476f,-0.3272261393368238f,0.1576743315289475f,-0.025297197502642477f,0.9931542643140592f,0.11403797206769407f,1.2408329576058974f,0.3320098053577777f,-0.09925267998842761f,0.9380396551646447f,4.801703273042652f,0f,0f,0f,1f],start_interpolation:0}
execute if entity @s[tag=aj.messemers_assult.bone.left_leg2] run data modify entity @s {} merge value {transformation:[0.8291925312676244f,0.42561022111638125f,-0.3623474655234324f,-0.2593776015175771f,-0.4538179739533652f,0.8910574520020835f,0.008115648367023831f,1.0804687187543962f,0.3263265122647144f,0.15771035765865055f,0.9320077523713673f,4.850854355289701f,0f,0f,0f,1f],start_interpolation:0}
execute if entity @s[tag=aj.messemers_assult.bone.left_leg] run data modify entity @s {} merge value {transformation:[0.8291925312676244f,0.5448343165562827f,-0.12488119791481157f,-0.063577769005163f,-0.4538179739533652f,0.786630223531055f,0.4186432107945202f,1.363163955335869f,0.3263265122647144f,-0.2904624914341448f,0.8995235119011714f,4.746469397430555f,0f,0f,0f,1f],start_interpolation:0}
execute if entity @s[tag=aj.messemers_assult.locator_origin.flame1] at @s on origin run tp @s ^0.18751 ^0.06249 ^9.68751 ~0 ~0
execute if entity @s[tag=aj.messemers_assult.locator_origin.flame2] at @s on origin run tp @s ^0.18749 ^0.06249 ^9.68751 ~0 ~0
execute if entity @s[tag=aj.messemers_assult.locator_origin.flame3] at @s on origin run tp @s ^0.18751 ^0.06249 ^9.68749 ~0 ~0
execute if entity @s[tag=aj.messemers_assult.locator_origin.flame4] at @s on origin run tp @s ^0.18749 ^0.06249 ^9.68749 ~0 ~0
execute if entity @s[tag=aj.messemers_assult.locator_origin.spear_head2] at @s on origin run tp @s ^0.8692 ^0.06673 ^11.03184 ~45 ~0
execute if entity @s[tag=aj.messemers_assult.locator_origin.spear_body2] at @s on origin run tp @s ^0.8692 ^0.06672 ^11.03184 ~45 ~0
execute if entity @s[tag=aj.messemers_assult.locator_origin.spear_body3] at @s on origin run tp @s ^0.8692 ^0.06671 ^11.03184 ~45 ~0
execute if entity @s[tag=aj.messemers_assult.locator_origin.spear_head3] at @s on origin run tp @s ^0.86918 ^0.06673 ^11.03184 ~0 ~0
execute if entity @s[tag=aj.messemers_assult.locator_origin.spear_body4] at @s on origin run tp @s ^0.86918 ^0.06672 ^11.03184 ~0 ~0
execute if entity @s[tag=aj.messemers_assult.locator_origin.spear_body5] at @s on origin run tp @s ^0.86918 ^0.06671 ^11.03184 ~0 ~0
execute if entity @s[tag=aj.messemers_assult.locator_origin.spear_head4] at @s on origin run tp @s ^0.86919 ^0.06673 ^11.03182 ~45 ~0
execute if entity @s[tag=aj.messemers_assult.locator_origin.spear_body6] at @s on origin run tp @s ^0.86919 ^0.06672 ^11.03182 ~45 ~0
execute if entity @s[tag=aj.messemers_assult.locator_origin.spear_body7] at @s on origin run tp @s ^0.86919 ^0.06671 ^11.03182 ~45 ~0
execute if entity @s[tag=aj.messemers_assult.locator_origin.spear_head5] at @s on origin run tp @s ^0.86919 ^0.06673 ^11.03183 ~0 ~0
execute if entity @s[tag=aj.messemers_assult.locator_origin.spear_body8] at @s on origin run tp @s ^0.86919 ^0.06672 ^11.03183 ~0 ~0
execute if entity @s[tag=aj.messemers_assult.locator_origin.spear_body9] at @s on origin run tp @s ^0.86919 ^0.06671 ^11.03183 ~0 ~0
execute if entity @s[tag=aj.messemers_assult.locator_origin.spear_head6] at @s on origin run tp @s ^0.86921 ^0.06673 ^11.03183 ~-45 ~0
execute if entity @s[tag=aj.messemers_assult.locator_origin.spear_body10] at @s on origin run tp @s ^0.86921 ^0.06672 ^11.03183 ~-45 ~0
execute if entity @s[tag=aj.messemers_assult.locator_origin.spear_body11] at @s on origin run tp @s ^0.86921 ^0.06671 ^11.03183 ~-45 ~0
execute if entity @s[tag=aj.messemers_assult.locator_origin.spear_head7] at @s on origin run tp @s ^0.8692 ^0.06673 ^11.03181 ~0 ~0
execute if entity @s[tag=aj.messemers_assult.locator_origin.spear_body12] at @s on origin run tp @s ^0.8692 ^0.06672 ^11.03181 ~0 ~0
execute if entity @s[tag=aj.messemers_assult.locator_origin.spear_body13] at @s on origin run tp @s ^0.8692 ^0.06671 ^11.03181 ~0 ~0
execute if entity @s[tag=aj.messemers_assult.locator_origin.spear_head8] at @s on origin run tp @s ^0.86921 ^0.06673 ^11.03184 ~-90 ~0
execute if entity @s[tag=aj.messemers_assult.locator_origin.spear_body14] at @s on origin run tp @s ^0.86921 ^0.06672 ^11.03184 ~-90 ~0
execute if entity @s[tag=aj.messemers_assult.locator_origin.spear_body15] at @s on origin run tp @s ^0.86921 ^0.06671 ^11.03184 ~-90 ~0
execute if entity @s[tag=aj.messemers_assult.locator_origin.spear_head9] at @s on origin run tp @s ^0.86919 ^0.06673 ^11.03185 ~0 ~0
execute if entity @s[tag=aj.messemers_assult.locator_origin.spear_body16] at @s on origin run tp @s ^0.86919 ^0.06672 ^11.03185 ~0 ~0
execute if entity @s[tag=aj.messemers_assult.locator_origin.spear_body17] at @s on origin run tp @s ^0.86919 ^0.06671 ^11.03185 ~0 ~0
execute if entity @s[tag=aj.messemers_assult.locator_origin.spear_head10] at @s on origin run tp @s ^0.8692 ^0.06673 ^11.03185 ~-45 ~0
execute if entity @s[tag=aj.messemers_assult.locator_origin.spear_body18] at @s on origin run tp @s ^0.8692 ^0.06672 ^11.03185 ~-45 ~0
execute if entity @s[tag=aj.messemers_assult.locator_origin.spear_body19] at @s on origin run tp @s ^0.8692 ^0.06671 ^11.03185 ~-45 ~0
execute if entity @s[tag=aj.messemers_assult.locator_origin.spear_head11] at @s on origin run tp @s ^0.86919 ^0.06673 ^11.03183 ~-45 ~0
execute if entity @s[tag=aj.messemers_assult.locator_origin.spear_body20] at @s on origin run tp @s ^0.86919 ^0.06672 ^11.03183 ~-45 ~0
execute if entity @s[tag=aj.messemers_assult.locator_origin.spear_body21] at @s on origin run tp @s ^0.86919 ^0.06671 ^11.03183 ~-45 ~0
execute if entity @s[tag=aj.messemers_assult.locator_origin.spear_head12] at @s on origin run tp @s ^0.8692 ^0.06673 ^11.03183 ~-45 ~0
execute if entity @s[tag=aj.messemers_assult.locator_origin.spear_body22] at @s on origin run tp @s ^0.8692 ^0.06672 ^11.03183 ~-45 ~0
execute if entity @s[tag=aj.messemers_assult.locator_origin.spear_body23] at @s on origin run tp @s ^0.8692 ^0.06671 ^11.03183 ~-45 ~0
execute if entity @s[tag=aj.messemers_assult.locator_origin.spear_head13] at @s on origin run tp @s ^0.8692 ^0.06673 ^11.03182 ~45 ~0
execute if entity @s[tag=aj.messemers_assult.locator_origin.spear_body24] at @s on origin run tp @s ^0.8692 ^0.06672 ^11.03182 ~45 ~0
execute if entity @s[tag=aj.messemers_assult.locator_origin.spear_body25] at @s on origin run tp @s ^0.8692 ^0.06671 ^11.03182 ~45 ~0
execute if entity @s[tag=aj.messemers_assult.locator_origin.commands] at @s on origin run tp @s ^-0.875 ^0 ^-1.5 ~0 ~0