execute if entity @s[tag=aj.messemers_assult.bone.right_arm2] run data modify entity @s {} merge value {transformation:[0.871185574149326f,-0.4794255624401055f,-0.10576779033854122f,0.3705174030441107f,0.49031845016732745f,0.8386707617974078f,0.23710582180044643f,1.9955897907026845f,-0.024970238677649637f,-0.258423070535786f,0.9657090678849594f,-0.1025067234495659f,0f,0f,0f,1f],start_interpolation:0}
execute if entity @s[tag=aj.messemers_assult.bone.right_arm] run data modify entity @s {} merge value {transformation:[0.7101662975049903f,-0.696043823631067f,-0.10576779033854122f,0.19650644713634394f,0.69779156782924f,0.6759199339675859f,0.23710582180044643f,2.164569774194581f,-0.09354548494964493f,-0.242188435831066f,0.9657090678849594f,-0.1630538324073324f,0f,0f,0f,1f],start_interpolation:0}
execute if entity @s[tag=aj.messemers_assult.bone.flame_slash2] run data modify entity @s {} merge value {transformation:[0.0000026568488717952132f,-0.000011464734055191125f,-2.3139679620182915e-7f,-2.5347791870099337f,-0.000010059482550291536f,-0.0000024442661252436087f,0.000005602221995822533f,1.9577169936732841f,-0.000005504587382713777f,-0.0000010667490397645377f,-0.000010349593305697612f,-0.9468892459108413f,0f,0f,0f,1f],start_interpolation:0}
execute if entity @s[tag=aj.messemers_assult.bone.flame_slash] run data modify entity @s {} merge value {transformation:[0.0000026568488717952132f,-0.000011464734055191125f,-2.3139679620182915e-7f,-2.5347791870099337f,-0.000010059482550291536f,-0.0000024442661252436087f,0.000005602221995822533f,1.9577169936732841f,-0.000005504587382713777f,-0.0000010667490397645377f,-0.000010349593305697612f,-0.9468892459108413f,0f,0f,0f,1f],start_interpolation:0}
execute if entity @s[tag=aj.messemers_assult.bone.impaling_thrust] run data modify entity @s {} merge value {transformation:[0.000002733151302826438f,0.00000789012892672895f,-0.00001393883519444697f,-0.30840461573030664f,0.000014745051395697453f,-0.000006761815631481833f,-9.363150146124734e-7f,1.9533520117790883f,-0.000006255295388436817f,-0.000012491560830734613f,-0.000008297443263919184f,-0.342396401446297f,0f,0f,0f,1f],start_interpolation:0}
execute if entity @s[tag=aj.messemers_assult.locator_origin.spear_head] at @s on origin run tp @s ^-2.2882 ^2.04645 ^-0.97133 ~-1.28081 ~28.42064
execute if entity @s[tag=aj.messemers_assult.locator_origin.spear_body] at @s on origin run tp @s ^-1.31421 ^2.25411 ^-0.8807 ~-1.28081 ~28.42064
execute if entity @s[tag=aj.messemers_assult.locator_origin.spear_body1] at @s on origin run tp @s ^-0.40109 ^2.44878 ^-0.79574 ~-1.28081 ~28.42064
execute if entity @s[tag=aj.messemers_assult.bone.spear_of_the_impaler] run data modify entity @s {} merge value {transformation:[0.4890482879056675f,-2.1103227287431454f,-0.04259339257520395f,-1.3163815455342613f,-1.8516569650094152f,-0.44991801243422175f,1.031205464717776f,2.2331163072787374f,-1.013233783720766f,-0.19635734537258742f,-1.9050578828186753f,-0.8558009240396742f,0f,0f,0f,1f],start_interpolation:0}
execute if entity @s[tag=aj.messemers_assult.bone.left_arm2] run data modify entity @s {} merge value {transformation:[0.2257145944180004f,0.9739951055737595f,0.019658488880863245f,-0.30904092330306665f,-0.8546109069274225f,0.20765446727733308f,-0.47594098371589666f,2.539818930226719f,-0.4676463617172766f,0.09062646709504046f,0.8792574843778502f,-0.784029119572204f,0f,0f,0f,1f],start_interpolation:0}
execute if entity @s[tag=aj.messemers_assult.bone.left_arm] run data modify entity @s {} merge value {transformation:[0.2257145944180004f,0.44671778127955203f,-0.8657344545271328f,-0.16914715368092856f,-0.8546109069274225f,-0.3357942692700639f,-0.3960838376986269f,2.3490439995432753f,-0.4676463617172766f,0.8292680101234209f,0.30597622090374266f,-0.6351679122560083f,0f,0f,0f,1f],start_interpolation:0}
execute if entity @s[tag=aj.messemers_assult.bone.head] run data modify entity @s {} merge value {transformation:[0.9397310184991948f,0.00965514142225983f,-0.34177827771024655f,0.025644292513205533f,-0.13691621243642477f,0.9265839608886102f,-0.3502800510963168f,2.3931328913773497f,0.31330426687571633f,0.3759640164538231f,0.8720616346849455f,-0.35510939228841115f,0f,0f,0f,1f],start_interpolation:0}
execute if entity @s[tag=aj.messemers_assult.bone.body_top] run data modify entity @s {} merge value {transformation:[0.585045761307636f,0.08323231850781115f,-0.8067179422399028f,-0.007128432899245113f,-0.29515876055791085f,0.9483548139716296f,-0.1162086609627429f,2.0197181833760207f,0.7553825277578815f,0.3060972524748468f,0.5793977120989202f,-0.4756351854503821f,0f,0f,0f,1f],start_interpolation:0}
execute if entity @s[tag=aj.messemers_assult.bone.body] run data modify entity @s {} merge value {transformation:[0.585045761307636f,0.08323231850781115f,-0.8067179422399028f,-0.04354257224641249f,-0.29515876055791085f,0.9483548139716296f,-0.1162086609627429f,1.604812952263433f,0.7553825277578815f,0.3060972524748468f,0.5793977120989202f,-0.6095527334081275f,0f,0f,0f,1f],start_interpolation:0}
execute if entity @s[tag=aj.messemers_assult.locator_origin.player_camera] at @s on origin run tp @s ^-0.71395 ^0.83569 ^-0.51067 ~-120.0477 ~0.35855
execute if entity @s[tag=aj.messemers_assult.bone.right_leg2] run data modify entity @s {} merge value {transformation:[0.4482998022590539f,-0.6077068122093042f,-0.6555301043345749f,-0.011840254013579826f,-0.10124488920572547f,0.694111468131161f,-0.7127122436288887f,1.2841194710794697f,0.888131048722098f,0.3858778306708091f,0.24964282503724539f,-0.5063140766638403f,0f,0f,0f,1f],start_interpolation:0}
execute if entity @s[tag=aj.messemers_assult.bone.right_leg] run data modify entity @s {} merge value {transformation:[0.4482998022590539f,0.11153878451245976f,-0.8868970553812751f,0.0282439966705854f,-0.10124488920572547f,0.9921355052308131f,0.07359763359048765f,1.6406681682717932f,0.888131048722098f,0.05679998952361143f,0.4560668826892652f,-0.48590158042879245f,0f,0f,0f,1f],start_interpolation:0}
execute if entity @s[tag=aj.messemers_assult.bone.left_leg2] run data modify entity @s {} merge value {transformation:[0.32583724743518605f,0.13000327971581854f,-0.9364449986235134f,-0.36143098359448594f,-0.5163953639720446f,0.8541678358876812f,-0.061099396094680125f,1.555371936767043f,0.791938076021125f,0.5034843149474326f,0.3454527874397213f,-0.7048612617218843f,0f,0f,0f,1f],start_interpolation:0}
execute if entity @s[tag=aj.messemers_assult.bone.left_leg] run data modify entity @s {} merge value {transformation:[0.32583724743518605f,0.7782486173882308f,-0.5368045991952458f,-0.08174788672059047f,-0.5163953639720446f,0.6221146256193705f,0.5884804335393403f,1.7789443803490044f,0.791938076021125f,0.08545456174937294f,0.6045920952379228f,-0.6741510285932034f,0f,0f,0f,1f],start_interpolation:0}
execute if entity @s[tag=aj.messemers_assult.locator_origin.flame1] at @s on origin run tp @s ^0.18751 ^0.06249 ^9.68751 ~0 ~0
execute if entity @s[tag=aj.messemers_assult.locator_origin.flame2] at @s on origin run tp @s ^0.18749 ^0.06249 ^9.68751 ~0 ~0
execute if entity @s[tag=aj.messemers_assult.locator_origin.flame3] at @s on origin run tp @s ^0.18751 ^0.06249 ^9.68749 ~0 ~0
execute if entity @s[tag=aj.messemers_assult.locator_origin.flame4] at @s on origin run tp @s ^0.18749 ^0.06249 ^9.68749 ~0 ~0
execute if entity @s[tag=aj.messemers_assult.locator_origin.spear_head2] at @s on origin run tp @s ^0.8692 ^0.06673 ^11.03184 ~45 ~0
execute if entity @s[tag=aj.messemers_assult.locator_origin.spear_body2] at @s on origin run tp @s ^0.8692 ^0.06672 ^11.03184 ~45 ~0
execute if entity @s[tag=aj.messemers_assult.locator_origin.spear_body3] at @s on origin run tp @s ^0.8692 ^0.06671 ^11.03184 ~45 ~0
execute if entity @s[tag=aj.messemers_assult.locator_origin.spear_head3] at @s on origin run tp @s ^0.86918 ^0.06673 ^11.03184 ~0 ~0
execute if entity @s[tag=aj.messemers_assult.locator_origin.spear_body4] at @s on origin run tp @s ^0.86918 ^0.06672 ^11.03184 ~0 ~0
execute if entity @s[tag=aj.messemers_assult.locator_origin.spear_body5] at @s on origin run tp @s ^0.86918 ^0.06671 ^11.03184 ~0 ~0
execute if entity @s[tag=aj.messemers_assult.locator_origin.spear_head4] at @s on origin run tp @s ^0.86919 ^0.06673 ^11.03182 ~45 ~0
execute if entity @s[tag=aj.messemers_assult.locator_origin.spear_body6] at @s on origin run tp @s ^0.86919 ^0.06672 ^11.03182 ~45 ~0
execute if entity @s[tag=aj.messemers_assult.locator_origin.spear_body7] at @s on origin run tp @s ^0.86919 ^0.06671 ^11.03182 ~45 ~0
execute if entity @s[tag=aj.messemers_assult.locator_origin.spear_head5] at @s on origin run tp @s ^0.86919 ^0.06673 ^11.03183 ~0 ~0
execute if entity @s[tag=aj.messemers_assult.locator_origin.spear_body8] at @s on origin run tp @s ^0.86919 ^0.06672 ^11.03183 ~0 ~0
execute if entity @s[tag=aj.messemers_assult.locator_origin.spear_body9] at @s on origin run tp @s ^0.86919 ^0.06671 ^11.03183 ~0 ~0
execute if entity @s[tag=aj.messemers_assult.locator_origin.spear_head6] at @s on origin run tp @s ^0.86921 ^0.06673 ^11.03183 ~-45 ~0
execute if entity @s[tag=aj.messemers_assult.locator_origin.spear_body10] at @s on origin run tp @s ^0.86921 ^0.06672 ^11.03183 ~-45 ~0
execute if entity @s[tag=aj.messemers_assult.locator_origin.spear_body11] at @s on origin run tp @s ^0.86921 ^0.06671 ^11.03183 ~-45 ~0
execute if entity @s[tag=aj.messemers_assult.locator_origin.spear_head7] at @s on origin run tp @s ^0.8692 ^0.06673 ^11.03181 ~0 ~0
execute if entity @s[tag=aj.messemers_assult.locator_origin.spear_body12] at @s on origin run tp @s ^0.8692 ^0.06672 ^11.03181 ~0 ~0
execute if entity @s[tag=aj.messemers_assult.locator_origin.spear_body13] at @s on origin run tp @s ^0.8692 ^0.06671 ^11.03181 ~0 ~0
execute if entity @s[tag=aj.messemers_assult.locator_origin.spear_head8] at @s on origin run tp @s ^0.86921 ^0.06673 ^11.03184 ~-90 ~0
execute if entity @s[tag=aj.messemers_assult.locator_origin.spear_body14] at @s on origin run tp @s ^0.86921 ^0.06672 ^11.03184 ~-90 ~0
execute if entity @s[tag=aj.messemers_assult.locator_origin.spear_body15] at @s on origin run tp @s ^0.86921 ^0.06671 ^11.03184 ~-90 ~0
execute if entity @s[tag=aj.messemers_assult.locator_origin.spear_head9] at @s on origin run tp @s ^0.86919 ^0.06673 ^11.03185 ~0 ~0
execute if entity @s[tag=aj.messemers_assult.locator_origin.spear_body16] at @s on origin run tp @s ^0.86919 ^0.06672 ^11.03185 ~0 ~0
execute if entity @s[tag=aj.messemers_assult.locator_origin.spear_body17] at @s on origin run tp @s ^0.86919 ^0.06671 ^11.03185 ~0 ~0
execute if entity @s[tag=aj.messemers_assult.locator_origin.spear_head10] at @s on origin run tp @s ^0.8692 ^0.06673 ^11.03185 ~-45 ~0
execute if entity @s[tag=aj.messemers_assult.locator_origin.spear_body18] at @s on origin run tp @s ^0.8692 ^0.06672 ^11.03185 ~-45 ~0
execute if entity @s[tag=aj.messemers_assult.locator_origin.spear_body19] at @s on origin run tp @s ^0.8692 ^0.06671 ^11.03185 ~-45 ~0
execute if entity @s[tag=aj.messemers_assult.locator_origin.spear_head11] at @s on origin run tp @s ^0.86919 ^0.06673 ^11.03183 ~-45 ~0
execute if entity @s[tag=aj.messemers_assult.locator_origin.spear_body20] at @s on origin run tp @s ^0.86919 ^0.06672 ^11.03183 ~-45 ~0
execute if entity @s[tag=aj.messemers_assult.locator_origin.spear_body21] at @s on origin run tp @s ^0.86919 ^0.06671 ^11.03183 ~-45 ~0
execute if entity @s[tag=aj.messemers_assult.locator_origin.spear_head12] at @s on origin run tp @s ^0.8692 ^0.06673 ^11.03183 ~-45 ~0
execute if entity @s[tag=aj.messemers_assult.locator_origin.spear_body22] at @s on origin run tp @s ^0.8692 ^0.06672 ^11.03183 ~-45 ~0
execute if entity @s[tag=aj.messemers_assult.locator_origin.spear_body23] at @s on origin run tp @s ^0.8692 ^0.06671 ^11.03183 ~-45 ~0
execute if entity @s[tag=aj.messemers_assult.locator_origin.spear_head13] at @s on origin run tp @s ^0.8692 ^0.06673 ^11.03182 ~45 ~0
execute if entity @s[tag=aj.messemers_assult.locator_origin.spear_body24] at @s on origin run tp @s ^0.8692 ^0.06672 ^11.03182 ~45 ~0
execute if entity @s[tag=aj.messemers_assult.locator_origin.spear_body25] at @s on origin run tp @s ^0.8692 ^0.06671 ^11.03182 ~45 ~0
execute if entity @s[tag=aj.messemers_assult.locator_origin.commands] at @s on origin run tp @s ^-0.875 ^0 ^-1.5 ~0 ~0