execute if entity @s[tag=aj.messemers_assult.bone.right_arm2] run data modify entity @s {} merge value {transformation:[0.7723230624085309f,-0.39915292924717155f,0.4941599198086701f,0.6102701649319449f,0.5757029072682169f,0.7686129952670439f,-0.27892691886862875f,0.8698290359262075f,-0.2684832393927627f,0.4999109946580755f,0.8234110441238582f,-0.0822613177139914f,0f,0f,0f,1f],start_interpolation:0}
execute if entity @s[tag=aj.messemers_assult.bone.right_arm] run data modify entity @s {} merge value {transformation:[0.7420131675949317f,-0.4530148262147991f,0.4941599198086701f,0.49701645837824504f,0.6288550824391167f,0.7257692878738708f,-0.27892691886862875f,1.0512713578946753f,-0.2322880634174463f,0.5177224237065943f,0.8234110441238582f,0.04716928821265717f,0f,0f,0f,1f],start_interpolation:0}
execute if entity @s[tag=aj.messemers_assult.bone.flame_slash2] run data modify entity @s {} merge value {transformation:[0.1193726439445763f,-0.04010383891599164f,0.06109336791213362f,0.8875613040159249f,-0.9712460976530884f,0.01466530323748766f,0.04795337954847761f,0.4770563090141423f,-0.654183738167222f,-0.02909109278282571f,-0.06004682416997811f,1.1122891421174916f,0f,0f,0f,1f],start_interpolation:0}
execute if entity @s[tag=aj.messemers_assult.bone.flame_slash] run data modify entity @s {} merge value {transformation:[0.1193726439445763f,-0.04010383891599164f,0.06109336791213362f,0.8875613040159249f,-0.9712460976530884f,0.01466530323748766f,0.04795337954847761f,0.4770563090141423f,-0.654183738167222f,-0.02909109278282571f,-0.06004682416997811f,1.1122891421174916f,0f,0f,0f,1f],start_interpolation:0}
execute if entity @s[tag=aj.messemers_assult.bone.impaling_thrust] run data modify entity @s {} merge value {transformation:[-0.000007651327757358861f,0.00000951220731937761f,-0.000010723361066622212f,0.3988531082956687f,-0.00000987086757541294f,-0.00001231055028373295f,-0.000003877073912481444f,0.7104193045374366f,-0.000010394158646116168f,0.000004688671531186808f,0.000011575543288092658f,0.6274413275091519f,0f,0f,0f,1f],start_interpolation:0}
execute if entity @s[tag=aj.messemers_assult.locator_origin.spear_head] at @s on origin run tp @s ^1.1786 ^0.33537 ^1.3915 ~-134.50503 ~-29.23993
execute if entity @s[tag=aj.messemers_assult.locator_origin.spear_body] at @s on origin run tp @s ^0.40243 ^0.6192 ^0.82847 ~-134.50503 ~-29.23993
execute if entity @s[tag=aj.messemers_assult.locator_origin.spear_body1] at @s on origin run tp @s ^-0.32523 ^0.88529 ^0.30063 ~-134.50503 ~-29.23993
execute if entity @s[tag=aj.messemers_assult.bone.spear_of_the_impaler] run data modify entity @s {} merge value {transformation:[0.21973017646435283f,1.681699475251563f,-1.3483508330304876f,0.4261076604713314f,-1.7877804275384284f,-0.6149693751401359f,-1.058346944529397f,0.628768106821022f,-1.2041612171573643f,1.219895072136458f,1.3252532665553878f,0.8081445422192447f,0f,0f,0f,1f],start_interpolation:0}
execute if entity @s[tag=aj.messemers_assult.bone.left_arm2] run data modify entity @s {} merge value {transformation:[0.10141392759893209f,0.46249739174119514f,0.8808015542229423f,-0.2646790231258631f,-0.8251294280946593f,0.5337108927041834f,-0.18524068101009683f,1.0216429852800093f,-0.5557667156110913f,-0.7079892976885283f,0.43574592617414715f,0.2217037652938284f,0f,0f,0f,1f],start_interpolation:0}
execute if entity @s[tag=aj.messemers_assult.bone.left_arm] run data modify entity @s {} merge value {transformation:[0.10141392759893209f,0.5099463478203216f,0.8542071983035936f,-0.12451569522091621f,-0.8251294280946593f,0.5227888140617841f,-0.21413379645458602f,1.0491990102836228f,-0.5557667156110913f,-0.6831153476804553f,0.47378980527473524f,-0.018545911077671846f,0f,0f,0f,1f],start_interpolation:0}
execute if entity @s[tag=aj.messemers_assult.bone.head] run data modify entity @s {} merge value {transformation:[0.9503858030424261f,-0.03436231851721027f,0.3091699475070707f,0.18254253650297939f,0.09555132658102071f,0.9780791482573952f,-0.1850165498886399f,1.190632588309767f,-0.29603508130627054f,0.20537870096533922f,0.9328359018743756f,0.04495289077966272f,0f,0f,0f,1f],start_interpolation:0}
execute if entity @s[tag=aj.messemers_assult.bone.body_top] run data modify entity @s {} merge value {transformation:[0.9944514457586581f,-0.02579370487433077f,-0.10198532648068045f,0.19269880779724713f,0.0033157561776837553f,0.9766775945782128f,-0.21468554215383634f,0.8060657854445958f,0.10514431886452644f,0.21315618930205243f,0.9713439716046744f,-0.03897735875802044f,0f,0f,0f,1f],start_interpolation:0}
execute if entity @s[tag=aj.messemers_assult.bone.body] run data modify entity @s {} merge value {transformation:[0.9933713334816464f,-0.011108786909602689f,-0.11441148836674078f,0.1975589020701983f,0.00111794219919217f,0.9962059222860606f,-0.08702017356578115f,0.3702256944444443f,0.11494409085348879f,0.08631544042392678f,0.9896148244252855f,-0.0767403639434884f,0f,0f,0f,1f],start_interpolation:0}
execute if entity @s[tag=aj.messemers_assult.locator_origin.player_camera] at @s on origin run tp @s ^0.11792 ^-0.44227 ^0.54316 ~-172.67901 ~0
execute if entity @s[tag=aj.messemers_assult.bone.right_leg2] run data modify entity @s {} merge value {transformation:[0.9605715698001531f,-0.22104423973648596f,0.1686466820633858f,0.41407675027101837f,0.21144001837772367f,0.18688995105353545f,-0.9593566932187605f,0.15961241588593028f,0.18054190073248277f,0.957189422358253f,0.22625877177554082f,-0.17374996051347052f,0f,0f,0f,1f],start_interpolation:0}
execute if entity @s[tag=aj.messemers_assult.bone.right_leg] run data modify entity @s {} merge value {transformation:[0.9605715698001531f,-0.26734339916625627f,-0.07635290573319112f,0.318000216195645f,0.21144001837772367f,0.880740330674899f,-0.42378011816400424f,0.4761284722222221f,0.18054190073248277f,0.3909270735634734f,0.90254121525557f,-0.03326054345159726f,0f,0f,0f,1f],start_interpolation:0}
execute if entity @s[tag=aj.messemers_assult.bone.left_leg2] run data modify entity @s {} merge value {transformation:[0.9811466702108786f,0.08884135527307864f,-0.1716345685674891f,0.009787539653584323f,-0.06994200988556816f,0.9911080762329443f,0.11319406556440648f,0.256033271065217f,0.18016472126160712f,-0.09905551382469663f,0.9786361317638198f,0.1701330866117789f,0f,0f,0f,1f],start_interpolation:0}
execute if entity @s[tag=aj.messemers_assult.bone.left_leg] run data modify entity @s {} merge value {transformation:[0.9811466702108786f,0.1893230782926132f,-0.038832764000448675f,0.07782552091499219f,-0.06994200988556816f,0.5351441346204586f,0.8418603627885608f,0.4483506944444443f,0.18016472126160712f,-0.8232724501689154f,0.5382965223792533f,-0.1257304501676751f,0f,0f,0f,1f],start_interpolation:0}
execute if entity @s[tag=aj.messemers_assult.locator_origin.flame1] at @s on origin run tp @s ^0.18751 ^0.06249 ^9.68751 ~0 ~0
execute if entity @s[tag=aj.messemers_assult.locator_origin.flame2] at @s on origin run tp @s ^0.18749 ^0.06249 ^9.68751 ~0 ~0
execute if entity @s[tag=aj.messemers_assult.locator_origin.flame3] at @s on origin run tp @s ^0.18751 ^0.06249 ^9.68749 ~0 ~0
execute if entity @s[tag=aj.messemers_assult.locator_origin.flame4] at @s on origin run tp @s ^0.18749 ^0.06249 ^9.68749 ~0 ~0
execute if entity @s[tag=aj.messemers_assult.locator_origin.spear_head2] at @s on origin run tp @s ^0.8692 ^0.06673 ^11.03184 ~45 ~0
execute if entity @s[tag=aj.messemers_assult.locator_origin.spear_body2] at @s on origin run tp @s ^0.8692 ^0.06672 ^11.03184 ~45 ~0
execute if entity @s[tag=aj.messemers_assult.locator_origin.spear_body3] at @s on origin run tp @s ^0.8692 ^0.06671 ^11.03184 ~45 ~0
execute if entity @s[tag=aj.messemers_assult.locator_origin.spear_head3] at @s on origin run tp @s ^0.86918 ^0.06673 ^11.03184 ~0 ~0
execute if entity @s[tag=aj.messemers_assult.locator_origin.spear_body4] at @s on origin run tp @s ^0.86918 ^0.06672 ^11.03184 ~0 ~0
execute if entity @s[tag=aj.messemers_assult.locator_origin.spear_body5] at @s on origin run tp @s ^0.86918 ^0.06671 ^11.03184 ~0 ~0
execute if entity @s[tag=aj.messemers_assult.locator_origin.spear_head4] at @s on origin run tp @s ^0.86919 ^0.06673 ^11.03182 ~45 ~0
execute if entity @s[tag=aj.messemers_assult.locator_origin.spear_body6] at @s on origin run tp @s ^0.86919 ^0.06672 ^11.03182 ~45 ~0
execute if entity @s[tag=aj.messemers_assult.locator_origin.spear_body7] at @s on origin run tp @s ^0.86919 ^0.06671 ^11.03182 ~45 ~0
execute if entity @s[tag=aj.messemers_assult.locator_origin.spear_head5] at @s on origin run tp @s ^0.86919 ^0.06673 ^11.03183 ~0 ~0
execute if entity @s[tag=aj.messemers_assult.locator_origin.spear_body8] at @s on origin run tp @s ^0.86919 ^0.06672 ^11.03183 ~0 ~0
execute if entity @s[tag=aj.messemers_assult.locator_origin.spear_body9] at @s on origin run tp @s ^0.86919 ^0.06671 ^11.03183 ~0 ~0
execute if entity @s[tag=aj.messemers_assult.locator_origin.spear_head6] at @s on origin run tp @s ^0.86921 ^0.06673 ^11.03183 ~-45 ~0
execute if entity @s[tag=aj.messemers_assult.locator_origin.spear_body10] at @s on origin run tp @s ^0.86921 ^0.06672 ^11.03183 ~-45 ~0
execute if entity @s[tag=aj.messemers_assult.locator_origin.spear_body11] at @s on origin run tp @s ^0.86921 ^0.06671 ^11.03183 ~-45 ~0
execute if entity @s[tag=aj.messemers_assult.locator_origin.spear_head7] at @s on origin run tp @s ^0.8692 ^0.06673 ^11.03181 ~0 ~0
execute if entity @s[tag=aj.messemers_assult.locator_origin.spear_body12] at @s on origin run tp @s ^0.8692 ^0.06672 ^11.03181 ~0 ~0
execute if entity @s[tag=aj.messemers_assult.locator_origin.spear_body13] at @s on origin run tp @s ^0.8692 ^0.06671 ^11.03181 ~0 ~0
execute if entity @s[tag=aj.messemers_assult.locator_origin.spear_head8] at @s on origin run tp @s ^0.86921 ^0.06673 ^11.03184 ~-90 ~0
execute if entity @s[tag=aj.messemers_assult.locator_origin.spear_body14] at @s on origin run tp @s ^0.86921 ^0.06672 ^11.03184 ~-90 ~0
execute if entity @s[tag=aj.messemers_assult.locator_origin.spear_body15] at @s on origin run tp @s ^0.86921 ^0.06671 ^11.03184 ~-90 ~0
execute if entity @s[tag=aj.messemers_assult.locator_origin.spear_head9] at @s on origin run tp @s ^0.86919 ^0.06673 ^11.03185 ~0 ~0
execute if entity @s[tag=aj.messemers_assult.locator_origin.spear_body16] at @s on origin run tp @s ^0.86919 ^0.06672 ^11.03185 ~0 ~0
execute if entity @s[tag=aj.messemers_assult.locator_origin.spear_body17] at @s on origin run tp @s ^0.86919 ^0.06671 ^11.03185 ~0 ~0
execute if entity @s[tag=aj.messemers_assult.locator_origin.spear_head10] at @s on origin run tp @s ^0.8692 ^0.06673 ^11.03185 ~-45 ~0
execute if entity @s[tag=aj.messemers_assult.locator_origin.spear_body18] at @s on origin run tp @s ^0.8692 ^0.06672 ^11.03185 ~-45 ~0
execute if entity @s[tag=aj.messemers_assult.locator_origin.spear_body19] at @s on origin run tp @s ^0.8692 ^0.06671 ^11.03185 ~-45 ~0
execute if entity @s[tag=aj.messemers_assult.locator_origin.spear_head11] at @s on origin run tp @s ^0.86919 ^0.06673 ^11.03183 ~-45 ~0
execute if entity @s[tag=aj.messemers_assult.locator_origin.spear_body20] at @s on origin run tp @s ^0.86919 ^0.06672 ^11.03183 ~-45 ~0
execute if entity @s[tag=aj.messemers_assult.locator_origin.spear_body21] at @s on origin run tp @s ^0.86919 ^0.06671 ^11.03183 ~-45 ~0
execute if entity @s[tag=aj.messemers_assult.locator_origin.spear_head12] at @s on origin run tp @s ^0.8692 ^0.06673 ^11.03183 ~-45 ~0
execute if entity @s[tag=aj.messemers_assult.locator_origin.spear_body22] at @s on origin run tp @s ^0.8692 ^0.06672 ^11.03183 ~-45 ~0
execute if entity @s[tag=aj.messemers_assult.locator_origin.spear_body23] at @s on origin run tp @s ^0.8692 ^0.06671 ^11.03183 ~-45 ~0
execute if entity @s[tag=aj.messemers_assult.locator_origin.spear_head13] at @s on origin run tp @s ^0.8692 ^0.06673 ^11.03182 ~45 ~0
execute if entity @s[tag=aj.messemers_assult.locator_origin.spear_body24] at @s on origin run tp @s ^0.8692 ^0.06672 ^11.03182 ~45 ~0
execute if entity @s[tag=aj.messemers_assult.locator_origin.spear_body25] at @s on origin run tp @s ^0.8692 ^0.06671 ^11.03182 ~45 ~0
execute if entity @s[tag=aj.messemers_assult.locator_origin.commands] at @s on origin run tp @s ^-0.875 ^0 ^-1.5 ~0 ~0