execute if entity @s[tag=aj.messemers_assult.bone.right_arm2] run data modify entity @s {} merge value {transformation:[0.8832537418548523f,-0.3021421937557306f,0.3585706656321415f,0.5651394685335928f,0.015057166496789773f,0.7825955894150031f,0.6223483149854847f,1.858541601763595f,-0.4686535065872122f,-0.5442924197347038f,0.6957798880269899f,4.856477768348227f,0f,0f,0f,1f],start_interpolation:0}
execute if entity @s[tag=aj.messemers_assult.bone.right_arm] run data modify entity @s {} merge value {transformation:[0.8350049689882465f,-0.4173652830711497f,0.3585706656321415f,0.46079814776580535f,0.11941116972129806f,0.7735784041585697f,0.6223483149854847f,2.0519362028032373f,-0.5371291039505577f,-0.47684659284346376f,0.6957798880269899f,4.7372661201373605f,0f,0f,0f,1f],start_interpolation:0}
execute if entity @s[tag=aj.messemers_assult.bone.flame_slash2] run data modify entity @s {} merge value {transformation:[-0.0000038394001621614745f,-4.6219893674438604e-8f,-0.000011126966679079f,-0.4860660667440247f,-0.00000840904852045565f,0.000007720516476338963f,0.000002869502688674881f,3.4507942819996993f,0.0000072869353459824424f,0.000008885043974067792f,-0.0000025512906936420375f,5.842463504179222f,0f,0f,0f,1f],start_interpolation:0}
execute if entity @s[tag=aj.messemers_assult.bone.flame_slash] run data modify entity @s {} merge value {transformation:[-0.0000038394001621614745f,-4.6219893674438604e-8f,-0.000011126966679079f,-0.4860660667440247f,-0.00000840904852045565f,0.000007720516476338963f,0.000002869502688674881f,3.4507942819996993f,0.0000072869353459824424f,0.000008885043974067792f,-0.0000025512906936420375f,5.842463504179222f,0f,0f,0f,1f],start_interpolation:0}
execute if entity @s[tag=aj.messemers_assult.bone.impaling_thrust] run data modify entity @s {} merge value {transformation:[-0.000010989515427545528f,-0.000009829928378091132f,-0.000006827769463876008f,0.10940313907912491f,0.000009412286612484138f,-0.000012823750576516417f,0.000003312953210995719f,1.4569719215464014f,-0.000007392887696610227f,-0.000001714440531308587f,0.000014367368662090339f,4.310408318144339f,0f,0f,0f,1f],start_interpolation:0}
execute if entity @s[tag=aj.messemers_assult.locator_origin.spear_head] at @s on origin run tp @s ^-0.53786 ^3.30324 ^5.63077 ~-77.08593 ~14.10979
execute if entity @s[tag=aj.messemers_assult.locator_origin.spear_body] at @s on origin run tp @s ^-0.53393 ^2.64734 ^4.87593 ~-77.08593 ~14.10979
execute if entity @s[tag=aj.messemers_assult.locator_origin.spear_body1] at @s on origin run tp @s ^-0.53025 ^2.03243 ^4.16827 ~-77.08593 ~14.10979
execute if entity @s[tag=aj.messemers_assult.bone.spear_of_the_impaler] run data modify entity @s {} merge value {transformation:[-0.7067214457783954f,-0.00850773264095861f,-2.048149618803922f,-0.5057415140443979f,-1.5478602586325443f,1.4211216168836323f,0.5281916453490046f,2.6381967801054698f,1.3413119928888033f,1.6354771208903547f,-0.4696181099801272f,4.889608397797392f,0f,0f,0f,1f],start_interpolation:0}
execute if entity @s[tag=aj.messemers_assult.bone.left_arm2] run data modify entity @s {} merge value {transformation:[-0.32617912882079786f,0.5222730927541821f,0.7879327334910557f,-0.33896774509342226f,-0.7143970424457897f,-0.6820491573985379f,0.15635156742627512f,2.3261367304897034f,0.6190670736409862f,-0.5118981963993678f,0.5955805527858175f,4.507032076218142f,0f,0f,0f,1f],start_interpolation:0}
execute if entity @s[tag=aj.messemers_assult.bone.left_arm] run data modify entity @s {} merge value {transformation:[-0.32617912882079786f,0.9439759457628323f,0.050165623118545236f,-0.1437461497553139f,-0.7143970424457897f,-0.2809092108632215f,0.640879771093542f,2.1666097974681744f,0.6190670736409862f,0.17320343262582513f,0.7660003454700376f,4.627716318579721f,0f,0f,0f,1f],start_interpolation:0}
execute if entity @s[tag=aj.messemers_assult.bone.head] run data modify entity @s {} merge value {transformation:[0.9697184350535384f,0.20916944377543606f,0.1260726001476583f,0.1946600257911391f,-0.22560723603774374f,0.569522031074403f,0.7904087747288088f,2.195305607223522f,0.09352824046632349f,-0.7949168509420099f,0.5994661527757108f,4.573144133773648f,0f,0f,0f,1f],start_interpolation:0}
execute if entity @s[tag=aj.messemers_assult.bone.body_top] run data modify entity @s {} merge value {transformation:[0.9672708760337909f,0.2513671428583884f,0.034664273655068426f,0.09568421329064865f,-0.18347775146389933f,0.5984877014804593f,0.7798386922270454f,1.959651074765591f,0.175279682492223f,-0.7606753779818612f,0.6250200014700152f,4.872660063854006f,0f,0f,0f,1f],start_interpolation:0}
execute if entity @s[tag=aj.messemers_assult.bone.body] run data modify entity @s {} merge value {transformation:[0.9672708760337909f,0.2513671428583884f,0.034664273655068426f,-0.014288911709896282f,-0.18347775146389933f,0.5984877014804593f,0.7798386922270454f,1.6978127053678902f,0.175279682492223f,-0.7606753779818612f,0.6250200014700152f,5.20545554172107f,0f,0f,0f,1f],start_interpolation:0}
execute if entity @s[tag=aj.messemers_assult.locator_origin.player_camera] at @s on origin run tp @s ^-0.26777 ^1.79874 ^6.19356 ~-172.49078 ~57.80547
execute if entity @s[tag=aj.messemers_assult.bone.right_leg2] run data modify entity @s {} merge value {transformation:[0.97559058167232f,0.119290229770842f,0.18437152175291033f,0.14954082930691368f,-0.21581362543337962f,0.6760168403758466f,0.7045748438637005f,1.766755599677828f,-0.04058935857543308f,-0.7271664682928364f,0.6852601194881822f,5.530737501514058f,0f,0f,0f,1f],start_interpolation:0}
execute if entity @s[tag=aj.messemers_assult.bone.right_leg] run data modify entity @s {} merge value {transformation:[0.97559058167232f,-0.06455849805484917f,0.2098933473961626f,0.12634011906845224f,-0.21581362543337962f,-0.10520039497017214f,0.9707509237571813f,1.7289492077354223f,-0.04058935857543308f,-0.9923533026231239f,-0.116565118038859f,5.174110533383873f,0f,0f,0f,1f],start_interpolation:0}
execute if entity @s[tag=aj.messemers_assult.bone.left_leg2] run data modify entity @s {} merge value {transformation:[0.8613068868465488f,0.40371639312774f,-0.3084858515242384f,-0.27801379511880087f,-0.24491312071340965f,0.8618534885737805f,0.444101483374716f,1.5814207265514941f,0.44516065636253754f,-0.3069554334966763f,0.841195786885397f,5.29629707979796f,0f,0f,0f,1f],start_interpolation:0}
execute if entity @s[tag=aj.messemers_assult.bone.left_leg] run data modify entity @s {} merge value {transformation:[0.8613068868465488f,0.5005437283798888f,-0.0872148075172242f,-0.0981308927322783f,-0.24491312071340965f,0.5594101368934895f,0.7918824799446104f,1.782458744497592f,0.44516065636253754f,-0.6606937828679543f,0.6044135300491769f,5.058860251579789f,0f,0f,0f,1f],start_interpolation:0}
execute if entity @s[tag=aj.messemers_assult.locator_origin.flame1] at @s on origin run tp @s ^0.18751 ^0.06249 ^9.68751 ~0 ~0
execute if entity @s[tag=aj.messemers_assult.locator_origin.flame2] at @s on origin run tp @s ^0.18749 ^0.06249 ^9.68751 ~0 ~0
execute if entity @s[tag=aj.messemers_assult.locator_origin.flame3] at @s on origin run tp @s ^0.18751 ^0.06249 ^9.68749 ~0 ~0
execute if entity @s[tag=aj.messemers_assult.locator_origin.flame4] at @s on origin run tp @s ^0.18749 ^0.06249 ^9.68749 ~0 ~0
execute if entity @s[tag=aj.messemers_assult.locator_origin.spear_head2] at @s on origin run tp @s ^0.8692 ^0.06673 ^11.03184 ~45 ~0
execute if entity @s[tag=aj.messemers_assult.locator_origin.spear_body2] at @s on origin run tp @s ^0.8692 ^0.06672 ^11.03184 ~45 ~0
execute if entity @s[tag=aj.messemers_assult.locator_origin.spear_body3] at @s on origin run tp @s ^0.8692 ^0.06671 ^11.03184 ~45 ~0
execute if entity @s[tag=aj.messemers_assult.locator_origin.spear_head3] at @s on origin run tp @s ^0.86918 ^0.06673 ^11.03184 ~0 ~0
execute if entity @s[tag=aj.messemers_assult.locator_origin.spear_body4] at @s on origin run tp @s ^0.86918 ^0.06672 ^11.03184 ~0 ~0
execute if entity @s[tag=aj.messemers_assult.locator_origin.spear_body5] at @s on origin run tp @s ^0.86918 ^0.06671 ^11.03184 ~0 ~0
execute if entity @s[tag=aj.messemers_assult.locator_origin.spear_head4] at @s on origin run tp @s ^0.86919 ^0.06673 ^11.03182 ~45 ~0
execute if entity @s[tag=aj.messemers_assult.locator_origin.spear_body6] at @s on origin run tp @s ^0.86919 ^0.06672 ^11.03182 ~45 ~0
execute if entity @s[tag=aj.messemers_assult.locator_origin.spear_body7] at @s on origin run tp @s ^0.86919 ^0.06671 ^11.03182 ~45 ~0
execute if entity @s[tag=aj.messemers_assult.locator_origin.spear_head5] at @s on origin run tp @s ^0.86919 ^0.06673 ^11.03183 ~0 ~0
execute if entity @s[tag=aj.messemers_assult.locator_origin.spear_body8] at @s on origin run tp @s ^0.86919 ^0.06672 ^11.03183 ~0 ~0
execute if entity @s[tag=aj.messemers_assult.locator_origin.spear_body9] at @s on origin run tp @s ^0.86919 ^0.06671 ^11.03183 ~0 ~0
execute if entity @s[tag=aj.messemers_assult.locator_origin.spear_head6] at @s on origin run tp @s ^0.86921 ^0.06673 ^11.03183 ~-45 ~0
execute if entity @s[tag=aj.messemers_assult.locator_origin.spear_body10] at @s on origin run tp @s ^0.86921 ^0.06672 ^11.03183 ~-45 ~0
execute if entity @s[tag=aj.messemers_assult.locator_origin.spear_body11] at @s on origin run tp @s ^0.86921 ^0.06671 ^11.03183 ~-45 ~0
execute if entity @s[tag=aj.messemers_assult.locator_origin.spear_head7] at @s on origin run tp @s ^0.8692 ^0.06673 ^11.03181 ~0 ~0
execute if entity @s[tag=aj.messemers_assult.locator_origin.spear_body12] at @s on origin run tp @s ^0.8692 ^0.06672 ^11.03181 ~0 ~0
execute if entity @s[tag=aj.messemers_assult.locator_origin.spear_body13] at @s on origin run tp @s ^0.8692 ^0.06671 ^11.03181 ~0 ~0
execute if entity @s[tag=aj.messemers_assult.locator_origin.spear_head8] at @s on origin run tp @s ^0.86921 ^0.06673 ^11.03184 ~-90 ~0
execute if entity @s[tag=aj.messemers_assult.locator_origin.spear_body14] at @s on origin run tp @s ^0.86921 ^0.06672 ^11.03184 ~-90 ~0
execute if entity @s[tag=aj.messemers_assult.locator_origin.spear_body15] at @s on origin run tp @s ^0.86921 ^0.06671 ^11.03184 ~-90 ~0
execute if entity @s[tag=aj.messemers_assult.locator_origin.spear_head9] at @s on origin run tp @s ^0.86919 ^0.06673 ^11.03185 ~0 ~0
execute if entity @s[tag=aj.messemers_assult.locator_origin.spear_body16] at @s on origin run tp @s ^0.86919 ^0.06672 ^11.03185 ~0 ~0
execute if entity @s[tag=aj.messemers_assult.locator_origin.spear_body17] at @s on origin run tp @s ^0.86919 ^0.06671 ^11.03185 ~0 ~0
execute if entity @s[tag=aj.messemers_assult.locator_origin.spear_head10] at @s on origin run tp @s ^0.8692 ^0.06673 ^11.03185 ~-45 ~0
execute if entity @s[tag=aj.messemers_assult.locator_origin.spear_body18] at @s on origin run tp @s ^0.8692 ^0.06672 ^11.03185 ~-45 ~0
execute if entity @s[tag=aj.messemers_assult.locator_origin.spear_body19] at @s on origin run tp @s ^0.8692 ^0.06671 ^11.03185 ~-45 ~0
execute if entity @s[tag=aj.messemers_assult.locator_origin.spear_head11] at @s on origin run tp @s ^0.86919 ^0.06673 ^11.03183 ~-45 ~0
execute if entity @s[tag=aj.messemers_assult.locator_origin.spear_body20] at @s on origin run tp @s ^0.86919 ^0.06672 ^11.03183 ~-45 ~0
execute if entity @s[tag=aj.messemers_assult.locator_origin.spear_body21] at @s on origin run tp @s ^0.86919 ^0.06671 ^11.03183 ~-45 ~0
execute if entity @s[tag=aj.messemers_assult.locator_origin.spear_head12] at @s on origin run tp @s ^0.8692 ^0.06673 ^11.03183 ~-45 ~0
execute if entity @s[tag=aj.messemers_assult.locator_origin.spear_body22] at @s on origin run tp @s ^0.8692 ^0.06672 ^11.03183 ~-45 ~0
execute if entity @s[tag=aj.messemers_assult.locator_origin.spear_body23] at @s on origin run tp @s ^0.8692 ^0.06671 ^11.03183 ~-45 ~0
execute if entity @s[tag=aj.messemers_assult.locator_origin.spear_head13] at @s on origin run tp @s ^0.8692 ^0.06673 ^11.03182 ~45 ~0
execute if entity @s[tag=aj.messemers_assult.locator_origin.spear_body24] at @s on origin run tp @s ^0.8692 ^0.06672 ^11.03182 ~45 ~0
execute if entity @s[tag=aj.messemers_assult.locator_origin.spear_body25] at @s on origin run tp @s ^0.8692 ^0.06671 ^11.03182 ~45 ~0
execute if entity @s[tag=aj.messemers_assult.locator_origin.commands] at @s on origin run tp @s ^-0.875 ^0 ^-1.5 ~0 ~0