execute if entity @s[tag=aj.messemers_assult.bone.right_arm2] run data modify entity @s {} merge value {transformation:[0.3499476982653154f,-0.9367049852924869f,-0.010971736736254983f,0.6472425011747583f,0.6790168767118974f,0.2617107724795364f,-0.6858888778137349f,1.8398877012183301f,0.645346952901482f,0.23257523964593968f,0.7276235759542196f,3.1564592809166934f,0f,0f,0f,1f],start_interpolation:0}
execute if entity @s[tag=aj.messemers_assult.bone.right_arm] run data modify entity @s {} merge value {transformation:[0.16048147415478847f,-0.9869778707985789f,-0.010971736736254983f,0.4004980334751136f,0.7170269967025265f,0.1242124522387784f,-0.6858888778137349f,1.8709408142780246f,0.678319970554355f,0.10220542677731416f,0.7276235759542196f,3.1820106376110218f,0f,0f,0f,1f],start_interpolation:0}
execute if entity @s[tag=aj.messemers_assult.bone.flame_slash2] run data modify entity @s {} merge value {transformation:[0.000004745402018512237f,-0.00000783155811849828f,-0.000007395970151399665f,-1.6816978516243068f,-0.000010679962986157755f,-0.000004474244494839785f,-0.000002114720826919556f,1.1180467308956654f,-0.0000014043032642956507f,0.000007563091365182012f,-0.000008909550982227388f,4.214016053168344f,0f,0f,0f,1f],start_interpolation:0}
execute if entity @s[tag=aj.messemers_assult.bone.flame_slash] run data modify entity @s {} merge value {transformation:[0.000004745402018512237f,-0.00000783155811849828f,-0.000007395970151399665f,-1.6816978516243068f,-0.000010679962986157755f,-0.000004474244494839785f,-0.000002114720826919556f,1.1180467308956654f,-0.0000014043032642956507f,0.000007563091365182012f,-0.000008909550982227388f,4.214016053168344f,0f,0f,0f,1f],start_interpolation:0}
execute if entity @s[tag=aj.messemers_assult.bone.impaling_thrust] run data modify entity @s {} merge value {transformation:[-0.8340019135632156f,0.45879064496293737f,-0.5170624993929662f,0.5233899589136235f,0.27952139063075765f,-0.5172348685079878f,-0.9098008347932456f,1.9288052844991772f,-0.6322264438979572f,-0.8338950239119617f,0.27984011281824295f,3.138208175915453f,0f,0f,0f,1f],start_interpolation:0}
execute if entity @s[tag=aj.messemers_assult.locator_origin.spear_head] at @s on origin run tp @s ^-1.55164 ^1.21286 ^4.00577 ~-39.69664 ~-10.34982
execute if entity @s[tag=aj.messemers_assult.locator_origin.spear_body] at @s on origin run tp @s ^-0.88631 ^1.59297 ^3.36324 ~-39.69664 ~-10.34982
execute if entity @s[tag=aj.messemers_assult.locator_origin.spear_body1] at @s on origin run tp @s ^-0.26256 ^1.94933 ^2.76087 ~-39.69664 ~-10.34982
execute if entity @s[tag=aj.messemers_assult.bone.spear_of_the_impaler] run data modify entity @s {} merge value {transformation:[0.873489929071279f,-1.4415611403961435f,-1.361382116363832f,-0.8667660543302222f,-1.9658692930272679f,-0.8235777477227214f,-0.3892583469020067f,1.5918240771727494f,-0.25849122033052685f,1.3921442512901403f,-1.6399881454011473f,3.38936105319392f,0f,0f,0f,1f],start_interpolation:0}
execute if entity @s[tag=aj.messemers_assult.bone.left_arm2] run data modify entity @s {} merge value {transformation:[0.403149198032898f,0.7643363589776172f,0.5032500913763158f,-0.4758854299100321f,-0.9073242890895084f,0.4055352709600817f,0.11092239825910452f,1.8964809923416004f,-0.11930364015255085f,-0.5013293072942897f,0.8569921627962408f,2.9657724799905925f,0f,0f,0f,1f],start_interpolation:0}
execute if entity @s[tag=aj.messemers_assult.bone.left_arm] run data modify entity @s {} merge value {transformation:[0.403149198032898f,0.8963189747854511f,-0.18461587029556592f,-0.20141203645955708f,-0.9073242890895084f,0.36519072010068543f,-0.20832276011171008f,1.8743631362305833f,-0.11930364015255085f,0.2514916169416009f,0.9604783225322943f,3.013732429206924f,0f,0f,0f,1f],start_interpolation:0}
execute if entity @s[tag=aj.messemers_assult.bone.head] run data modify entity @s {} merge value {transformation:[0.9734037444403156f,-0.19923199176589432f,-0.11310067977942226f,0.06982960059502384f,0.15537148480136845f,0.936898045150562f,-0.31318006753890587f,1.9626144899957758f,0.16835929442769387f,0.2872780298770689f,0.9429350356889699f,3.2059822286517137f,0f,0f,0f,1f],start_interpolation:0}
execute if entity @s[tag=aj.messemers_assult.bone.body_top] run data modify entity @s {} merge value {transformation:[0.9630561118954731f,-0.20670189852350895f,-0.17261880108363362f,0.1512184731386555f,-0.005475715124093838f,0.6258261895058909f,-0.7799433293979868f,1.7161954278778313f,0.2692451334465561f,0.752074401688632f,0.6015738960759788f,2.909852932986815f,0f,0f,0f,1f],start_interpolation:0}
execute if entity @s[tag=aj.messemers_assult.bone.body] run data modify entity @s {} merge value {transformation:[0.9630561118954731f,-0.20670189852350895f,-0.17261880108363362f,0.24165055374269068f,-0.005475715124093838f,0.6258261895058909f,-0.7799433293979868f,1.4423964699690042f,0.2692451334465561f,0.752074401688632f,0.6015738960759788f,2.5808203822480382f,0f,0f,0f,1f],start_interpolation:0}
execute if entity @s[tag=aj.messemers_assult.locator_origin.player_camera] at @s on origin run tp @s ^0.19185 ^0.43422 ^2.40227 ~-153.33349 ~-45.6491
execute if entity @s[tag=aj.messemers_assult.bone.right_leg2] run data modify entity @s {} merge value {transformation:[0.8549712457495612f,-0.5148849634456609f,0.0625910805067636f,0.47641182881132416f,-0.00033044860358696915f,-0.12121555675592138f,-0.9926261529921889f,1.2299252783674355f,0.5186752931701722f,0.8486461354521757f,-0.10380595858101532f,2.4604865703617858f,0f,0f,0f,1f],start_interpolation:0}
execute if entity @s[tag=aj.messemers_assult.bone.right_leg] run data modify entity @s {} merge value {transformation:[0.8549712457495612f,-0.3681153488122456f,-0.3653973986090794f,0.34412037533192336f,-0.00033044860358696915f,0.7040951084496359f,-0.7101056041611107f,1.4829594579665233f,0.5186752931701722f,0.6072406180634942f,0.6018594287943835f,2.678713667478354f,0f,0f,0f,1f],start_interpolation:0}
execute if entity @s[tag=aj.messemers_assult.bone.left_leg2] run data modify entity @s {} merge value {transformation:[0.9078153526072881f,-0.3489687952094989f,-0.23257700991399854f,0.1728812754203854f,-0.3426222848769053f,-0.29736869655245046f,-0.8911687989468805f,1.5100609490177164f,0.2418289798105969f,0.8887027839951485f,-0.38952035408055163f,2.295213014707297f,0f,0f,0f,1f],start_interpolation:0}
execute if entity @s[tag=aj.messemers_assult.bone.left_leg] run data modify entity @s {} merge value {transformation:[0.9078153526072881f,-0.21011441897898847f,-0.3629369318595553f,0.0973714060998114f,-0.3426222848769053f,0.12745200272725798f,-0.9307878151901968f,1.5558640124978247f,0.2418289798105969f,0.9693337495093901f,0.04371300248018639f,2.643567330937234f,0f,0f,0f,1f],start_interpolation:0}
execute if entity @s[tag=aj.messemers_assult.locator_origin.flame1] at @s on origin run tp @s ^0.18751 ^0.06249 ^9.68751 ~0 ~0
execute if entity @s[tag=aj.messemers_assult.locator_origin.flame2] at @s on origin run tp @s ^0.18749 ^0.06249 ^9.68751 ~0 ~0
execute if entity @s[tag=aj.messemers_assult.locator_origin.flame3] at @s on origin run tp @s ^0.18751 ^0.06249 ^9.68749 ~0 ~0
execute if entity @s[tag=aj.messemers_assult.locator_origin.flame4] at @s on origin run tp @s ^0.18749 ^0.06249 ^9.68749 ~0 ~0
execute if entity @s[tag=aj.messemers_assult.locator_origin.spear_head2] at @s on origin run tp @s ^0.8692 ^0.06673 ^11.03184 ~45 ~0
execute if entity @s[tag=aj.messemers_assult.locator_origin.spear_body2] at @s on origin run tp @s ^0.8692 ^0.06672 ^11.03184 ~45 ~0
execute if entity @s[tag=aj.messemers_assult.locator_origin.spear_body3] at @s on origin run tp @s ^0.8692 ^0.06671 ^11.03184 ~45 ~0
execute if entity @s[tag=aj.messemers_assult.locator_origin.spear_head3] at @s on origin run tp @s ^0.86918 ^0.06673 ^11.03184 ~0 ~0
execute if entity @s[tag=aj.messemers_assult.locator_origin.spear_body4] at @s on origin run tp @s ^0.86918 ^0.06672 ^11.03184 ~0 ~0
execute if entity @s[tag=aj.messemers_assult.locator_origin.spear_body5] at @s on origin run tp @s ^0.86918 ^0.06671 ^11.03184 ~0 ~0
execute if entity @s[tag=aj.messemers_assult.locator_origin.spear_head4] at @s on origin run tp @s ^0.86919 ^0.06673 ^11.03182 ~45 ~0
execute if entity @s[tag=aj.messemers_assult.locator_origin.spear_body6] at @s on origin run tp @s ^0.86919 ^0.06672 ^11.03182 ~45 ~0
execute if entity @s[tag=aj.messemers_assult.locator_origin.spear_body7] at @s on origin run tp @s ^0.86919 ^0.06671 ^11.03182 ~45 ~0
execute if entity @s[tag=aj.messemers_assult.locator_origin.spear_head5] at @s on origin run tp @s ^0.86919 ^0.06673 ^11.03183 ~0 ~0
execute if entity @s[tag=aj.messemers_assult.locator_origin.spear_body8] at @s on origin run tp @s ^0.86919 ^0.06672 ^11.03183 ~0 ~0
execute if entity @s[tag=aj.messemers_assult.locator_origin.spear_body9] at @s on origin run tp @s ^0.86919 ^0.06671 ^11.03183 ~0 ~0
execute if entity @s[tag=aj.messemers_assult.locator_origin.spear_head6] at @s on origin run tp @s ^0.86921 ^0.06673 ^11.03183 ~-45 ~0
execute if entity @s[tag=aj.messemers_assult.locator_origin.spear_body10] at @s on origin run tp @s ^0.86921 ^0.06672 ^11.03183 ~-45 ~0
execute if entity @s[tag=aj.messemers_assult.locator_origin.spear_body11] at @s on origin run tp @s ^0.86921 ^0.06671 ^11.03183 ~-45 ~0
execute if entity @s[tag=aj.messemers_assult.locator_origin.spear_head7] at @s on origin run tp @s ^0.8692 ^0.06673 ^11.03181 ~0 ~0
execute if entity @s[tag=aj.messemers_assult.locator_origin.spear_body12] at @s on origin run tp @s ^0.8692 ^0.06672 ^11.03181 ~0 ~0
execute if entity @s[tag=aj.messemers_assult.locator_origin.spear_body13] at @s on origin run tp @s ^0.8692 ^0.06671 ^11.03181 ~0 ~0
execute if entity @s[tag=aj.messemers_assult.locator_origin.spear_head8] at @s on origin run tp @s ^0.86921 ^0.06673 ^11.03184 ~-90 ~0
execute if entity @s[tag=aj.messemers_assult.locator_origin.spear_body14] at @s on origin run tp @s ^0.86921 ^0.06672 ^11.03184 ~-90 ~0
execute if entity @s[tag=aj.messemers_assult.locator_origin.spear_body15] at @s on origin run tp @s ^0.86921 ^0.06671 ^11.03184 ~-90 ~0
execute if entity @s[tag=aj.messemers_assult.locator_origin.spear_head9] at @s on origin run tp @s ^0.86919 ^0.06673 ^11.03185 ~0 ~0
execute if entity @s[tag=aj.messemers_assult.locator_origin.spear_body16] at @s on origin run tp @s ^0.86919 ^0.06672 ^11.03185 ~0 ~0
execute if entity @s[tag=aj.messemers_assult.locator_origin.spear_body17] at @s on origin run tp @s ^0.86919 ^0.06671 ^11.03185 ~0 ~0
execute if entity @s[tag=aj.messemers_assult.locator_origin.spear_head10] at @s on origin run tp @s ^0.8692 ^0.06673 ^11.03185 ~-45 ~0
execute if entity @s[tag=aj.messemers_assult.locator_origin.spear_body18] at @s on origin run tp @s ^0.8692 ^0.06672 ^11.03185 ~-45 ~0
execute if entity @s[tag=aj.messemers_assult.locator_origin.spear_body19] at @s on origin run tp @s ^0.8692 ^0.06671 ^11.03185 ~-45 ~0
execute if entity @s[tag=aj.messemers_assult.locator_origin.spear_head11] at @s on origin run tp @s ^0.86919 ^0.06673 ^11.03183 ~-45 ~0
execute if entity @s[tag=aj.messemers_assult.locator_origin.spear_body20] at @s on origin run tp @s ^0.86919 ^0.06672 ^11.03183 ~-45 ~0
execute if entity @s[tag=aj.messemers_assult.locator_origin.spear_body21] at @s on origin run tp @s ^0.86919 ^0.06671 ^11.03183 ~-45 ~0
execute if entity @s[tag=aj.messemers_assult.locator_origin.spear_head12] at @s on origin run tp @s ^0.8692 ^0.06673 ^11.03183 ~-45 ~0
execute if entity @s[tag=aj.messemers_assult.locator_origin.spear_body22] at @s on origin run tp @s ^0.8692 ^0.06672 ^11.03183 ~-45 ~0
execute if entity @s[tag=aj.messemers_assult.locator_origin.spear_body23] at @s on origin run tp @s ^0.8692 ^0.06671 ^11.03183 ~-45 ~0
execute if entity @s[tag=aj.messemers_assult.locator_origin.spear_head13] at @s on origin run tp @s ^0.8692 ^0.06673 ^11.03182 ~45 ~0
execute if entity @s[tag=aj.messemers_assult.locator_origin.spear_body24] at @s on origin run tp @s ^0.8692 ^0.06672 ^11.03182 ~45 ~0
execute if entity @s[tag=aj.messemers_assult.locator_origin.spear_body25] at @s on origin run tp @s ^0.8692 ^0.06671 ^11.03182 ~45 ~0
execute if entity @s[tag=aj.messemers_assult.locator_origin.commands] at @s on origin run tp @s ^-0.875 ^0 ^-1.5 ~0 ~0