execute if entity @s[tag=aj.messemers_assult.bone.right_arm2] run data modify entity @s {} merge value {transformation:[0.8619864104736247f,-0.4564449798696251f,0.22053890475517562f,0.5826842210642486f,0.49034858446132373f,0.8611133508699519f,-0.13432074549487746f,2.278722348257909f,-0.1285989652974362f,0.22392359702662187f,0.9660851560908528f,4.86275035566561f,0f,0f,0f,1f],start_interpolation:0}
execute if entity @s[tag=aj.messemers_assult.bone.right_arm] run data modify entity @s {} merge value {transformation:[0.7959481238316748f,-0.5637634039721128f,0.22053890475517562f,0.4417433700712204f,0.5972715269237957f,0.7907114900239014f,-0.13432074549487746f,2.476400220763884f,-0.09865752528294038f,0.23863395375754498f,0.9660851560908528f,4.9224088441049965f,0f,0f,0f,1f],start_interpolation:0}
execute if entity @s[tag=aj.messemers_assult.bone.flame_slash2] run data modify entity @s {} merge value {transformation:[-9.73040588965506e-7f,-0.000001757583715864336f,-0.000011598129541226255f,-0.7923917495074804f,-0.000011132877601807062f,-0.000003529047842140788f,0.0000014688005283820032f,2.089238917005909f,-0.0000036965856782332875f,0.000011090952987490346f,-0.0000013705960432857557f,6.443953015515967f,0f,0f,0f,1f],start_interpolation:0}
execute if entity @s[tag=aj.messemers_assult.bone.flame_slash] run data modify entity @s {} merge value {transformation:[-9.73040588965506e-7f,-0.000001757583715864336f,-0.000011598129541226255f,-0.7923917495074804f,-0.000011132877601807062f,-0.000003529047842140788f,0.0000014688005283820032f,2.089238917005909f,-0.0000036965856782332875f,0.000011090952987490346f,-0.0000013705960432857557f,6.443953015515967f,0f,0f,0f,1f],start_interpolation:0}
execute if entity @s[tag=aj.messemers_assult.bone.impaling_thrust] run data modify entity @s {} merge value {transformation:[-0.00001353284956403811f,-0.000005932962914814382f,-0.000006758499155215644f,0.2589830782957281f,0.000008889846923629588f,-0.00000697946534155448f,-0.000011673605369506607f,2.4728462957391604f,0.0000013594048161040806f,-0.000013420223235847346f,0.000009058973669708726f,4.114884398315785f,0f,0f,0f,1f],start_interpolation:0}
execute if entity @s[tag=aj.messemers_assult.locator_origin.spear_head] at @s on origin run tp @s ^-0.8114 ^2.18173 ^6.19828 ~-83.26039 ~7.16823
execute if entity @s[tag=aj.messemers_assult.locator_origin.spear_body] at @s on origin run tp @s ^-0.66208 ^2.48154 ^5.25604 ~-83.26039 ~7.16823
execute if entity @s[tag=aj.messemers_assult.locator_origin.spear_body1] at @s on origin run tp @s ^-0.5221 ^2.76261 ^4.37269 ~-83.26039 ~7.16823
execute if entity @s[tag=aj.messemers_assult.bone.spear_of_the_impaler] run data modify entity @s {} merge value {transformation:[-0.1791083561989604f,-0.3235198344245857f,-2.134876942101824f,-0.6318154322633807f,-2.0492376470582907f,-0.6495946470489238f,0.27036328310040414f,2.4708112201566133f,-0.6804334699756848f,2.0415205499097273f,-0.25228670531277625f,5.261898659372507f,0f,0f,0f,1f],start_interpolation:0}
execute if entity @s[tag=aj.messemers_assult.bone.left_arm2] run data modify entity @s {} merge value {transformation:[-0.08266539516875096f,0.6553488026605256f,0.750789171001426f,-0.40918607819332786f,-0.9458019909499803f,0.18581376112878192f,-0.2663303213872378f,2.665821517813491f,-0.3140462169118545f,-0.7321141939797307f,0.6044698343315084f,4.8334868076616795f,0f,0f,0f,1f],start_interpolation:0}
execute if entity @s[tag=aj.messemers_assult.bone.left_arm] run data modify entity @s {} merge value {transformation:[-0.08266539516875096f,0.9685645289248989f,-0.23462562892847372f,-0.17737812035819706f,-0.9458019909499803f,-0.15043863375311645f,-0.28779647563781785f,2.5099866105064645f,-0.3140462169118545f,0.19811857758166762f,0.9285063289285478f,4.843760674943114f,0f,0f,0f,1f],start_interpolation:0}
execute if entity @s[tag=aj.messemers_assult.bone.head] run data modify entity @s {} merge value {transformation:[0.9996507666438826f,0.012066605280566262f,-0.023510461188593804f,0.13921583678617727f,-0.012028685759883036f,0.9999261150098279f,0.001753636291415582f,2.636650109764293f,0.023529884555334044f,-0.0014702239134206097f,0.9997220528599219f,4.888981651883339f,0f,0f,0f,1f],start_interpolation:0}
execute if entity @s[tag=aj.messemers_assult.bone.body_top] run data modify entity @s {} merge value {transformation:[0.9905943846870678f,0.04892669168463007f,-0.1277847560049552f,0.11995095193535417f,-0.053738223588129165f,0.9979596113329979f,-0.03447923249847753f,2.243703512801925f,0.12583707065901129f,0.04102185989066051f,0.9912024206281326f,4.872829294551391f,0f,0f,0f,1f],start_interpolation:0}
execute if entity @s[tag=aj.messemers_assult.bone.body] run data modify entity @s {} merge value {transformation:[0.9905943846870678f,0.04892669168463007f,-0.1277847560049552f,0.09854552432332851f,-0.053738223588129165f,0.9979596113329979f,-0.03447923249847753f,1.8070961828437384f,0.12583707065901129f,0.04102185989066051f,0.9912024206281326f,4.854882230849227f,0f,0f,0f,1f],start_interpolation:0}
execute if entity @s[tag=aj.messemers_assult.locator_origin.player_camera] at @s on origin run tp @s ^-0.1159 ^1.03486 ^5.49398 ~-165.45129 ~3.43472
execute if entity @s[tag=aj.messemers_assult.bone.right_leg2] run data modify entity @s {} merge value {transformation:[0.992138917894239f,-0.08217885679595123f,0.0943769203532211f,0.2697416478532682f,0.08878607009429612f,0.9937213250704873f,-0.06808055417933856f,1.6294339273181322f,-0.0881895762369819f,0.07592472321889404f,0.9932059378836171f,5.139150706030161f,0f,0f,0f,1f],start_interpolation:0}
execute if entity @s[tag=aj.messemers_assult.bone.right_leg] run data modify entity @s {} merge value {transformation:[0.992138917894239f,-0.12512046632190932f,-0.002288341546984818f,0.22477648026883207f,0.08878607009429612f,0.6909044854501418f,0.7174733623920024f,1.877727726776777f,-0.0881895762369819f,-0.7120364182345328f,0.6965821830558678f,4.883262618227126f,0f,0f,0f,1f],start_interpolation:0}
execute if entity @s[tag=aj.messemers_assult.bone.left_leg2] run data modify entity @s {} merge value {transformation:[0.9222511027998566f,0.15278157380029025f,-0.35512067539296305f,-0.11977406478109433f,-0.3308087179911249f,0.7872211468353595f,-0.5204310310466606f,1.6171526943414865f,0.2000462333699792f,0.5974451076729375f,0.7765570473778184f,4.755433764602849f,0f,0f,0f,1f],start_interpolation:0}
execute if entity @s[tag=aj.messemers_assult.bone.left_leg] run data modify entity @s {} merge value {transformation:[0.9222511027998566f,0.2994953904646647f,-0.24444920632897496f,-0.012142908832855445f,-0.3308087179911249f,0.9385819922202218f,-0.09812968959997911f,1.9544555977956286f,0.2000462333699792f,0.17136614301062453f,0.9646839635570529f,4.817018472247292f,0f,0f,0f,1f],start_interpolation:0}
execute if entity @s[tag=aj.messemers_assult.locator_origin.flame1] at @s on origin run tp @s ^0.18751 ^0.06249 ^9.68751 ~0 ~0
execute if entity @s[tag=aj.messemers_assult.locator_origin.flame2] at @s on origin run tp @s ^0.18749 ^0.06249 ^9.68751 ~0 ~0
execute if entity @s[tag=aj.messemers_assult.locator_origin.flame3] at @s on origin run tp @s ^0.18751 ^0.06249 ^9.68749 ~0 ~0
execute if entity @s[tag=aj.messemers_assult.locator_origin.flame4] at @s on origin run tp @s ^0.18749 ^0.06249 ^9.68749 ~0 ~0
execute if entity @s[tag=aj.messemers_assult.locator_origin.spear_head2] at @s on origin run tp @s ^0.8692 ^0.06673 ^11.03184 ~45 ~0
execute if entity @s[tag=aj.messemers_assult.locator_origin.spear_body2] at @s on origin run tp @s ^0.8692 ^0.06672 ^11.03184 ~45 ~0
execute if entity @s[tag=aj.messemers_assult.locator_origin.spear_body3] at @s on origin run tp @s ^0.8692 ^0.06671 ^11.03184 ~45 ~0
execute if entity @s[tag=aj.messemers_assult.locator_origin.spear_head3] at @s on origin run tp @s ^0.86918 ^0.06673 ^11.03184 ~0 ~0
execute if entity @s[tag=aj.messemers_assult.locator_origin.spear_body4] at @s on origin run tp @s ^0.86918 ^0.06672 ^11.03184 ~0 ~0
execute if entity @s[tag=aj.messemers_assult.locator_origin.spear_body5] at @s on origin run tp @s ^0.86918 ^0.06671 ^11.03184 ~0 ~0
execute if entity @s[tag=aj.messemers_assult.locator_origin.spear_head4] at @s on origin run tp @s ^0.86919 ^0.06673 ^11.03182 ~45 ~0
execute if entity @s[tag=aj.messemers_assult.locator_origin.spear_body6] at @s on origin run tp @s ^0.86919 ^0.06672 ^11.03182 ~45 ~0
execute if entity @s[tag=aj.messemers_assult.locator_origin.spear_body7] at @s on origin run tp @s ^0.86919 ^0.06671 ^11.03182 ~45 ~0
execute if entity @s[tag=aj.messemers_assult.locator_origin.spear_head5] at @s on origin run tp @s ^0.86919 ^0.06673 ^11.03183 ~0 ~0
execute if entity @s[tag=aj.messemers_assult.locator_origin.spear_body8] at @s on origin run tp @s ^0.86919 ^0.06672 ^11.03183 ~0 ~0
execute if entity @s[tag=aj.messemers_assult.locator_origin.spear_body9] at @s on origin run tp @s ^0.86919 ^0.06671 ^11.03183 ~0 ~0
execute if entity @s[tag=aj.messemers_assult.locator_origin.spear_head6] at @s on origin run tp @s ^0.86921 ^0.06673 ^11.03183 ~-45 ~0
execute if entity @s[tag=aj.messemers_assult.locator_origin.spear_body10] at @s on origin run tp @s ^0.86921 ^0.06672 ^11.03183 ~-45 ~0
execute if entity @s[tag=aj.messemers_assult.locator_origin.spear_body11] at @s on origin run tp @s ^0.86921 ^0.06671 ^11.03183 ~-45 ~0
execute if entity @s[tag=aj.messemers_assult.locator_origin.spear_head7] at @s on origin run tp @s ^0.8692 ^0.06673 ^11.03181 ~0 ~0
execute if entity @s[tag=aj.messemers_assult.locator_origin.spear_body12] at @s on origin run tp @s ^0.8692 ^0.06672 ^11.03181 ~0 ~0
execute if entity @s[tag=aj.messemers_assult.locator_origin.spear_body13] at @s on origin run tp @s ^0.8692 ^0.06671 ^11.03181 ~0 ~0
execute if entity @s[tag=aj.messemers_assult.locator_origin.spear_head8] at @s on origin run tp @s ^0.86921 ^0.06673 ^11.03184 ~-90 ~0
execute if entity @s[tag=aj.messemers_assult.locator_origin.spear_body14] at @s on origin run tp @s ^0.86921 ^0.06672 ^11.03184 ~-90 ~0
execute if entity @s[tag=aj.messemers_assult.locator_origin.spear_body15] at @s on origin run tp @s ^0.86921 ^0.06671 ^11.03184 ~-90 ~0
execute if entity @s[tag=aj.messemers_assult.locator_origin.spear_head9] at @s on origin run tp @s ^0.86919 ^0.06673 ^11.03185 ~0 ~0
execute if entity @s[tag=aj.messemers_assult.locator_origin.spear_body16] at @s on origin run tp @s ^0.86919 ^0.06672 ^11.03185 ~0 ~0
execute if entity @s[tag=aj.messemers_assult.locator_origin.spear_body17] at @s on origin run tp @s ^0.86919 ^0.06671 ^11.03185 ~0 ~0
execute if entity @s[tag=aj.messemers_assult.locator_origin.spear_head10] at @s on origin run tp @s ^0.8692 ^0.06673 ^11.03185 ~-45 ~0
execute if entity @s[tag=aj.messemers_assult.locator_origin.spear_body18] at @s on origin run tp @s ^0.8692 ^0.06672 ^11.03185 ~-45 ~0
execute if entity @s[tag=aj.messemers_assult.locator_origin.spear_body19] at @s on origin run tp @s ^0.8692 ^0.06671 ^11.03185 ~-45 ~0
execute if entity @s[tag=aj.messemers_assult.locator_origin.spear_head11] at @s on origin run tp @s ^0.86919 ^0.06673 ^11.03183 ~-45 ~0
execute if entity @s[tag=aj.messemers_assult.locator_origin.spear_body20] at @s on origin run tp @s ^0.86919 ^0.06672 ^11.03183 ~-45 ~0
execute if entity @s[tag=aj.messemers_assult.locator_origin.spear_body21] at @s on origin run tp @s ^0.86919 ^0.06671 ^11.03183 ~-45 ~0
execute if entity @s[tag=aj.messemers_assult.locator_origin.spear_head12] at @s on origin run tp @s ^0.8692 ^0.06673 ^11.03183 ~-45 ~0
execute if entity @s[tag=aj.messemers_assult.locator_origin.spear_body22] at @s on origin run tp @s ^0.8692 ^0.06672 ^11.03183 ~-45 ~0
execute if entity @s[tag=aj.messemers_assult.locator_origin.spear_body23] at @s on origin run tp @s ^0.8692 ^0.06671 ^11.03183 ~-45 ~0
execute if entity @s[tag=aj.messemers_assult.locator_origin.spear_head13] at @s on origin run tp @s ^0.8692 ^0.06673 ^11.03182 ~45 ~0
execute if entity @s[tag=aj.messemers_assult.locator_origin.spear_body24] at @s on origin run tp @s ^0.8692 ^0.06672 ^11.03182 ~45 ~0
execute if entity @s[tag=aj.messemers_assult.locator_origin.spear_body25] at @s on origin run tp @s ^0.8692 ^0.06671 ^11.03182 ~45 ~0
execute if entity @s[tag=aj.messemers_assult.locator_origin.commands] at @s on origin run tp @s ^-0.875 ^0 ^-1.5 ~0 ~0