execute if entity @s[tag=aj.messemers_assult.bone.right_arm2] run data modify entity @s {} merge value {transformation:[-0.29134850387139843f,-0.7476889041275389f,0.5967221731563679f,2.438074707237269f,0.21054961205596592f,0.5583670972719379f,0.8024307107452912f,3.4659048351109334f,-0.9331585664585523f,0.3594266090993693f,-0.005253809698591183f,-1.3488200307447895f,0f,0f,0f,1f],start_interpolation:0}
execute if entity @s[tag=aj.messemers_assult.bone.right_arm] run data modify entity @s {} merge value {transformation:[-0.47598181906546044f,-0.6460371165673667f,0.5967221731563679f,2.2765654280954273f,0.3486744270969757f,0.48428410911509706f,0.8024307107452912f,3.5869758623897074f,-0.8073830886312466f,0.5900041912358925f,-0.005253809698591183f,-1.2013189829358164f,0f,0f,0f,1f],start_interpolation:0}
execute if entity @s[tag=aj.messemers_assult.bone.flame_slash2] run data modify entity @s {} merge value {transformation:[-0.6243213216105332f,-0.4404753477298907f,-2.8979469112471574f,1.6912795909278964f,-0.9946721907505656f,0.10619199648092295f,1.8747797958060701f,3.8176482594430436f,-0.07984543782245329f,2.121247375815619f,-0.6956099508883283f,1.5622323658416244f,0f,0f,0f,1f],start_interpolation:0}
execute if entity @s[tag=aj.messemers_assult.bone.flame_slash] run data modify entity @s {} merge value {transformation:[-0.6243213216105332f,-0.4404753477298907f,-2.8979469112471574f,1.6912795909278964f,-0.9946721907505656f,0.10619199648092295f,1.8747797958060701f,3.8176482594430436f,-0.07984543782245329f,2.121247375815619f,-0.6956099508883283f,1.5622323658416244f,0f,0f,0f,1f],start_interpolation:0}
execute if entity @s[tag=aj.messemers_assult.bone.impaling_thrust] run data modify entity @s {} merge value {transformation:[-0.000004325654576216021f,-0.00001363971989375058f,-0.000007698190099613426f,2.1116476541489897f,0.0000014735278718755578f,-0.000008305386176739837f,0.000013887571896070415f,3.51228565564033f,-0.000015592716415062754f,0.000002998996295053354f,0.000003447983921683653f,0.4977312969514578f,0f,0f,0f,1f],start_interpolation:0}
execute if entity @s[tag=aj.messemers_assult.locator_origin.spear_head] at @s on origin run tp @s ^1.57917 ^3.87285 ^1.88005 ~-76.50235 ~32.17257
execute if entity @s[tag=aj.messemers_assult.locator_origin.spear_body] at @s on origin run tp @s ^1.78224 ^3.8239 ^0.90211 ~-76.50235 ~32.17257
execute if entity @s[tag=aj.messemers_assult.locator_origin.spear_body1] at @s on origin run tp @s ^1.97262 ^3.778 ^-0.01471 ~-76.50235 ~32.17257
execute if entity @s[tag=aj.messemers_assult.bone.spear_of_the_impaler] run data modify entity @s {} merge value {transformation:[-1.1491932291592115f,-0.439981640866876f,-1.7833158784127838f,1.8045178120695278f,-1.8309010236824568f,0.1060729711649091f,1.1536873106311019f,3.8022444044707684f,-0.14697213333690515f,2.1188697753596806f,-0.4280590047342295f,0.9121355118011828f,0f,0f,0f,1f],start_interpolation:0}
execute if entity @s[tag=aj.messemers_assult.bone.left_arm2] run data modify entity @s {} merge value {transformation:[-0.5303968749965592f,0.37885277250206867f,0.7583862681782816f,2.086964771661404f,-0.8450312416995955f,-0.16468921567794317f,-0.5087235622526481f,3.8091398494962045f,-0.06783329230934085f,-0.9106854775425378f,0.40749307410997276f,-0.3753163900387647f,0f,0f,0f,1f],start_interpolation:0}
execute if entity @s[tag=aj.messemers_assult.bone.left_arm] run data modify entity @s {} merge value {transformation:[-0.5303968749965592f,0.4895623744790665f,0.69210392029543f,2.143055755906601f,-0.8450312416995955f,-0.23998903029520555f,-0.4778362333369111f,3.643513686709954f,-0.06783329230934085f,-0.8382922800744294f,0.5409849328974794f,-0.5933686215960396f,0f,0f,0f,1f],start_interpolation:0}
execute if entity @s[tag=aj.messemers_assult.bone.head] run data modify entity @s {} merge value {transformation:[-0.5310478824193685f,0.32137907360596685f,0.7840303805504447f,2.2393743084818705f,0.009980500688213878f,0.9275905040900533f,-0.3734651875717113f,3.755768104514301f,-0.8472830319225786f,-0.19050288126464524f,-0.49580249701463924f,-0.9039197359286277f,0f,0f,0f,1f],start_interpolation:0}
execute if entity @s[tag=aj.messemers_assult.bone.body_top] run data modify entity @s {} merge value {transformation:[0.21361547550212218f,0.20566063638856658f,0.9550246757368378f,2.1583954329038724f,-0.09046051891239396f,0.9775535997528348f,-0.1902783595902986f,3.370856374611622f,-0.9727205781436428f,-0.045745625479649686f,0.22742474492757597f,-0.8859073958960156f,0f,0f,0f,1f],start_interpolation:0}
execute if entity @s[tag=aj.messemers_assult.bone.body] run data modify entity @s {} merge value {transformation:[-0.027109910995408326f,0.07638085620318853f,0.9967100970349849f,2.124978808314977f,-0.04104744085534412f,0.9961505493768298f,-0.07745444193503223f,2.935040509259259f,-0.9987893473225713f,-0.04301218178502558f,-0.023870314054151964f,-0.867089566365067f,0f,0f,0f,1f],start_interpolation:0}
execute if entity @s[tag=aj.messemers_assult.locator_origin.player_camera] at @s on origin run tp @s ^2.67002 ^2.12254 ^-1.17295 ~60.70023 ~0
execute if entity @s[tag=aj.messemers_assult.bone.right_leg2] run data modify entity @s {} merge value {transformation:[-0.4289263310821868f,0.3707999590881763f,0.8237290773334283f,2.3044574400666313f,0.20906465570934085f,0.9278614860575303f,-0.3088122931883485f,2.8082353420225887f,-0.8788140714835585f,0.03975491204013129f,-0.4755053887509293f,-1.1592727663962965f,0f,0f,0f,1f],start_interpolation:0}
execute if entity @s[tag=aj.messemers_assult.bone.right_leg] run data modify entity @s {} merge value {transformation:[-0.4289263310821868f,-0.5331394504991809f,0.7292355784146888f,2.112860450043488f,0.20906465570934085f,0.7267622044846482f,0.6543001359206256f,3.069415509259259f,-0.8788140714835585f,0.43310394185927903f,-0.20026683027512374f,-1.003626037290618f,0f,0f,0f,1f],start_interpolation:0}
execute if entity @s[tag=aj.messemers_assult.bone.left_leg2] run data modify entity @s {} merge value {transformation:[-0.46246966635971865f,0.7649618308624199f,0.4482802750743613f,2.161486036015389f,-0.05576226502481337f,0.47950213059986024f,-0.8757672502152024f,2.668364812757242f,-0.884879866138016f,-0.43001291151988563f,-0.17909918601087488f,-0.7209528220991952f,0f,0f,0f,1f],start_interpolation:0}
execute if entity @s[tag=aj.messemers_assult.bone.left_leg] run data modify entity @s {} merge value {transformation:[-0.46246966635971865f,-0.04932789996561135f,0.8852618629434531f,2.1437588219652475f,-0.05576226502481337f,0.9980927593486084f,0.02648421294249193f,3.027054398148148f,-0.884879866138016f,-0.037116061494498864f,-0.4643382608430018f,-0.7342914066987807f,0f,0f,0f,1f],start_interpolation:0}
execute if entity @s[tag=aj.messemers_assult.locator_origin.flame1] at @s on origin run tp @s ^0.18751 ^0.06249 ^9.68751 ~0 ~0
execute if entity @s[tag=aj.messemers_assult.locator_origin.flame2] at @s on origin run tp @s ^0.18749 ^0.06249 ^9.68751 ~0 ~0
execute if entity @s[tag=aj.messemers_assult.locator_origin.flame3] at @s on origin run tp @s ^0.18751 ^0.06249 ^9.68749 ~0 ~0
execute if entity @s[tag=aj.messemers_assult.locator_origin.flame4] at @s on origin run tp @s ^0.18749 ^0.06249 ^9.68749 ~0 ~0
execute if entity @s[tag=aj.messemers_assult.locator_origin.spear_head2] at @s on origin run tp @s ^0.8692 ^0.06673 ^11.03184 ~45 ~0
execute if entity @s[tag=aj.messemers_assult.locator_origin.spear_body2] at @s on origin run tp @s ^0.8692 ^0.06672 ^11.03184 ~45 ~0
execute if entity @s[tag=aj.messemers_assult.locator_origin.spear_body3] at @s on origin run tp @s ^0.8692 ^0.06671 ^11.03184 ~45 ~0
execute if entity @s[tag=aj.messemers_assult.locator_origin.spear_head3] at @s on origin run tp @s ^0.86918 ^0.06673 ^11.03184 ~0 ~0
execute if entity @s[tag=aj.messemers_assult.locator_origin.spear_body4] at @s on origin run tp @s ^0.86918 ^0.06672 ^11.03184 ~0 ~0
execute if entity @s[tag=aj.messemers_assult.locator_origin.spear_body5] at @s on origin run tp @s ^0.86918 ^0.06671 ^11.03184 ~0 ~0
execute if entity @s[tag=aj.messemers_assult.locator_origin.spear_head4] at @s on origin run tp @s ^0.86919 ^0.06673 ^11.03182 ~45 ~0
execute if entity @s[tag=aj.messemers_assult.locator_origin.spear_body6] at @s on origin run tp @s ^0.86919 ^0.06672 ^11.03182 ~45 ~0
execute if entity @s[tag=aj.messemers_assult.locator_origin.spear_body7] at @s on origin run tp @s ^0.86919 ^0.06671 ^11.03182 ~45 ~0
execute if entity @s[tag=aj.messemers_assult.locator_origin.spear_head5] at @s on origin run tp @s ^0.86919 ^0.06673 ^11.03183 ~0 ~0
execute if entity @s[tag=aj.messemers_assult.locator_origin.spear_body8] at @s on origin run tp @s ^0.86919 ^0.06672 ^11.03183 ~0 ~0
execute if entity @s[tag=aj.messemers_assult.locator_origin.spear_body9] at @s on origin run tp @s ^0.86919 ^0.06671 ^11.03183 ~0 ~0
execute if entity @s[tag=aj.messemers_assult.locator_origin.spear_head6] at @s on origin run tp @s ^0.86921 ^0.06673 ^11.03183 ~-45 ~0
execute if entity @s[tag=aj.messemers_assult.locator_origin.spear_body10] at @s on origin run tp @s ^0.86921 ^0.06672 ^11.03183 ~-45 ~0
execute if entity @s[tag=aj.messemers_assult.locator_origin.spear_body11] at @s on origin run tp @s ^0.86921 ^0.06671 ^11.03183 ~-45 ~0
execute if entity @s[tag=aj.messemers_assult.locator_origin.spear_head7] at @s on origin run tp @s ^0.8692 ^0.06673 ^11.03181 ~0 ~0
execute if entity @s[tag=aj.messemers_assult.locator_origin.spear_body12] at @s on origin run tp @s ^0.8692 ^0.06672 ^11.03181 ~0 ~0
execute if entity @s[tag=aj.messemers_assult.locator_origin.spear_body13] at @s on origin run tp @s ^0.8692 ^0.06671 ^11.03181 ~0 ~0
execute if entity @s[tag=aj.messemers_assult.locator_origin.spear_head8] at @s on origin run tp @s ^0.86921 ^0.06673 ^11.03184 ~-90 ~0
execute if entity @s[tag=aj.messemers_assult.locator_origin.spear_body14] at @s on origin run tp @s ^0.86921 ^0.06672 ^11.03184 ~-90 ~0
execute if entity @s[tag=aj.messemers_assult.locator_origin.spear_body15] at @s on origin run tp @s ^0.86921 ^0.06671 ^11.03184 ~-90 ~0
execute if entity @s[tag=aj.messemers_assult.locator_origin.spear_head9] at @s on origin run tp @s ^0.86919 ^0.06673 ^11.03185 ~0 ~0
execute if entity @s[tag=aj.messemers_assult.locator_origin.spear_body16] at @s on origin run tp @s ^0.86919 ^0.06672 ^11.03185 ~0 ~0
execute if entity @s[tag=aj.messemers_assult.locator_origin.spear_body17] at @s on origin run tp @s ^0.86919 ^0.06671 ^11.03185 ~0 ~0
execute if entity @s[tag=aj.messemers_assult.locator_origin.spear_head10] at @s on origin run tp @s ^0.8692 ^0.06673 ^11.03185 ~-45 ~0
execute if entity @s[tag=aj.messemers_assult.locator_origin.spear_body18] at @s on origin run tp @s ^0.8692 ^0.06672 ^11.03185 ~-45 ~0
execute if entity @s[tag=aj.messemers_assult.locator_origin.spear_body19] at @s on origin run tp @s ^0.8692 ^0.06671 ^11.03185 ~-45 ~0
execute if entity @s[tag=aj.messemers_assult.locator_origin.spear_head11] at @s on origin run tp @s ^0.86919 ^0.06673 ^11.03183 ~-45 ~0
execute if entity @s[tag=aj.messemers_assult.locator_origin.spear_body20] at @s on origin run tp @s ^0.86919 ^0.06672 ^11.03183 ~-45 ~0
execute if entity @s[tag=aj.messemers_assult.locator_origin.spear_body21] at @s on origin run tp @s ^0.86919 ^0.06671 ^11.03183 ~-45 ~0
execute if entity @s[tag=aj.messemers_assult.locator_origin.spear_head12] at @s on origin run tp @s ^0.8692 ^0.06673 ^11.03183 ~-45 ~0
execute if entity @s[tag=aj.messemers_assult.locator_origin.spear_body22] at @s on origin run tp @s ^0.8692 ^0.06672 ^11.03183 ~-45 ~0
execute if entity @s[tag=aj.messemers_assult.locator_origin.spear_body23] at @s on origin run tp @s ^0.8692 ^0.06671 ^11.03183 ~-45 ~0
execute if entity @s[tag=aj.messemers_assult.locator_origin.spear_head13] at @s on origin run tp @s ^0.8692 ^0.06673 ^11.03182 ~45 ~0
execute if entity @s[tag=aj.messemers_assult.locator_origin.spear_body24] at @s on origin run tp @s ^0.8692 ^0.06672 ^11.03182 ~45 ~0
execute if entity @s[tag=aj.messemers_assult.locator_origin.spear_body25] at @s on origin run tp @s ^0.8692 ^0.06671 ^11.03182 ~45 ~0
execute if entity @s[tag=aj.messemers_assult.locator_origin.commands] at @s on origin run tp @s ^-0.875 ^0 ^-1.5 ~0 ~0