execute if entity @s[tag=aj.favor_incantations.bone.slash_left] run data modify entity @s {} merge value {transformation:[0.00000897433285075457f,-0.000007398784192170814f,9.11292199385992e-7f,0.15440748774491936f,0.000006824224357624334f,0.0000075797109412052795f,-0.000005664720211598351f,2.0821029897445653f,0.0000030004037914562873f,0.000004890509752220862f,0.000010158326759991457f,0.36248048473825445f,0f,0f,0f,1f],start_interpolation:0}
execute if entity @s[tag=aj.favor_incantations.locator_origin.twinaxe_left0] at @s on origin run tp @s ^0.15441 ^2.08211 ^0.36248 ~174.87378 ~-29.04835
execute if entity @s[tag=aj.favor_incantations.locator_origin.twinaxe_left1] at @s on origin run tp @s ^0.15441 ^2.0821 ^0.36249 ~174.87378 ~-29.04835
execute if entity @s[tag=aj.favor_incantations.bone.twinaxe_left] run data modify entity @s {} merge value {transformation:[0.000007692285300646774f,-0.0000063418150218606975f,7.811075994737074e-7f,0.15440748774491936f,0.0000058493351636780006f,0.000006496895092461668f,-0.0000048554744670843f,2.0821029897445653f,0.0000025717746783911034f,0.000004191865501903596f,0.00000870713722284982f,0.36248048473825445f,0f,0f,0f,1f],start_interpolation:0}
execute if entity @s[tag=aj.favor_incantations.bone.right_arm2] run data modify entity @s {} merge value {transformation:[0.7692285300646773f,-0.6341815021860697f,0.07811075994737073f,0.4704246152411062f,0.5849335163678f,0.6496895092461668f,-0.48554744670843f,2.7783129001446856f,0.25717746783911033f,0.41918655019035955f,0.8707137222849819f,0.5070269678836961f,0f,0f,0f,1f],start_interpolation:0}
execute if entity @s[tag=aj.favor_incantations.bone.right_arm] run data modify entity @s {} merge value {transformation:[0.7692285300646773f,-0.6341815021860697f,0.07811075994737073f,0.31187923969458875f,0.5849335163678f,0.6496895092461668f,-0.48554744670843f,2.9407352774562274f,0.25717746783911033f,0.41918655019035955f,0.8707137222849819f,0.611823605431286f,0f,0f,0f,1f],start_interpolation:0}
execute if entity @s[tag=aj.favor_incantations.locator_origin.messermers_orb] at @s on origin run tp @s ^-0.87148 ^2.99493 ^0.4797 ~-159.88154 ~-69.61797
execute if entity @s[tag=aj.favor_incantations.bone.messermers_orb] run data modify entity @s {} merge value {transformation:[0.000001260854457282922f,0.000009847597330540305f,-0.0000011979452629754197f,-0.8714814075860997f,-0.0000034109704852936405f,-7.035926270408171e-7f,-0.000009373912617665554f,2.9949345576372934f,-0.000009315338232506937f,0.0000015905295441170715f,0.0000032702735945613613f,0.4796986422110001f,0f,0f,0f,1f],start_interpolation:0}
execute if entity @s[tag=aj.favor_incantations.bone.slash_right] run data modify entity @s {} merge value {transformation:[0.0000014709968668300758f,0.000011488863552297023f,-0.0000013976028068046565f,-0.9554903645827657f,-0.000003979465566175914f,-8.208580648809533e-7f,-0.000010936231387276481f,2.823571149975069f,-0.000010867894604591426f,0.0000018556178014699169f,0.000003815319193654922f,0.531075462458294f,0f,0f,0f,1f],start_interpolation:0}
execute if entity @s[tag=aj.favor_incantations.locator_origin.twinaxe_right0] at @s on origin run tp @s ^-0.95549 ^2.82357 ^0.53108 ~-159.88154 ~-69.61797
execute if entity @s[tag=aj.favor_incantations.locator_origin.twinaxe_right1] at @s on origin run tp @s ^-0.95549 ^2.82357 ^0.53107 ~-159.88154 ~-69.61797
execute if entity @s[tag=aj.favor_incantations.bone.twinaxe_right] run data modify entity @s {} merge value {transformation:[0.000001260854457282922f,0.000009847597330540305f,-0.0000011979452629754197f,-0.9554903645827657f,-0.0000034109704852936405f,-7.035926270408171e-7f,-0.000009373912617665554f,2.823571149975069f,-0.000009315338232506937f,0.0000015905295441170715f,0.0000032702735945613613f,0.531075462458294f,0f,0f,0f,1f],start_interpolation:0}
execute if entity @s[tag=aj.favor_incantations.bone.left_arm2] run data modify entity @s {} merge value {transformation:[0.1260854457282922f,0.9847597330540304f,-0.11979452629754196f,-0.6331718146806103f,-0.341097048529364f,-0.0703592627040817f,-0.9373912617665553f,2.998663307494358f,-0.9315338232506936f,0.15905295441170714f,0.3270273594561361f,0.5776827447670952f,0f,0f,0f,1f],start_interpolation:0}
execute if entity @s[tag=aj.favor_incantations.bone.left_arm] run data modify entity @s {} merge value {transformation:[0.37316024135999143f,0.9200858638001105f,-0.11913621407178154f,-0.3723818202660969f,-0.85586116184598f,0.39095665349522346f,0.3386068025475346f,3.021748223093569f,0.35812442797413613f,-0.02439053757136672f,0.9333552355695969f,0.5356331848995373f,0f,0f,0f,1f],start_interpolation:0}
execute if entity @s[tag=aj.favor_incantations.bone.head] run data modify entity @s {} merge value {transformation:[0.9895865801142331f,-0.005407353893646556f,0.14383727257455015f,0.0010214299281287652f,0.043474042597414934f,0.9638533523557686f,-0.26286255490804455f,3.0879666538127513f,-0.1372166465049148f,0.26637844446654363f,0.9540514222228957f,0.6085591876634584f,0f,0f,0f,1f],start_interpolation:0}
execute if entity @s[tag=aj.favor_incantations.bone.body_top] run data modify entity @s {} merge value {transformation:[0.995310233679065f,0.0012287878834632594f,-0.0967265672608218f,0.0005375946990151066f,-0.01895234127858411f,0.9830175283962894f,-0.1825304019217356f,2.7009035020067125f,0.09485961993274535f,0.18350757190368935f,0.9784306943060543f,0.5363030812263807f,0f,0f,0f,1f],start_interpolation:0}
execute if entity @s[tag=aj.favor_incantations.locator_origin.player_camera] at @s on origin run tp @s ^-0.07099 ^1.53921 ^0.62923 ~-166.81367 ~-10.28557
execute if entity @s[tag=aj.favor_incantations.bone.body] run data modify entity @s {} merge value {transformation:[0.9744842110285663f,0.0012287878834632594f,-0.22445269554266908f,-6.938893903907228e-17f,-0.04236593213102052f,0.9830175283962894f,-0.1785543801207913f,2.2708333333333357f,0.22042152855540767f,0.18350757190368935f,0.9579871193305837f,0.4560185185185166f,0f,0f,0f,1f],start_interpolation:0}
execute if entity @s[tag=aj.favor_incantations.bone.right_leg2] run data modify entity @s {} merge value {transformation:[0.9313934395291324f,-0.36302927990817796f,0.026758227359863468f,0.24118539054804733f,0.26848454304079217f,0.6354673068728492f,-0.7239456830757023f,2.0181703489598375f,0.24580950134254234f,0.6814624302374401f,0.6893378309831927f,0.42569513120013186f,0f,0f,0f,1f],start_interpolation:0}
execute if entity @s[tag=aj.favor_incantations.bone.right_leg] run data modify entity @s {} merge value {transformation:[0.9313934395291324f,-0.3232984780467406f,-0.1672852500812714f,0.12499999999999993f,0.26848454304079217f,0.9204535217349512f,-0.28404465225366027f,2.3489583333333357f,0.24580950134254234f,0.21964382171685815f,0.9441050156795819f,0.5046296296296278f,0f,0f,0f,1f],start_interpolation:0}
execute if entity @s[tag=aj.favor_incantations.bone.left_leg2] run data modify entity @s {} merge value {transformation:[0.9678449268418392f,0.11868282980551789f,-0.2217895026728484f,-0.21224508699832156f,-0.1560806870340013f,0.9747839827444398f,-0.1594835606571472f,2.1363144279499915f,0.1972688944600975f,0.18897241305080031f,0.9619638300810736f,0.6539273101019424f,0f,0f,0f,1f],start_interpolation:0}
execute if entity @s[tag=aj.favor_incantations.bone.left_leg] run data modify entity @s {} merge value {transformation:[0.9678449268418392f,0.24276893773445984f,-0.06587442946847359f,-0.12500000000000006f,-0.1560806870340013f,0.7849414951729774f,0.5995879153974042f,2.4184027777777803f,0.1972688944600975f,-0.5700263959036393f,0.7975931865629234f,0.44907407407407196f,0f,0f,0f,1f],start_interpolation:0}
execute if entity @s[tag=aj.favor_incantations.locator_origin.lightning_spear_locator0] at @s on origin run tp @s ^-0.90139 ^3.05162 ^5.05259 ~0 ~0
execute if entity @s[tag=aj.favor_incantations.locator_origin.lightning_spear_locator1] at @s on origin run tp @s ^-0.90139 ^3.05162 ^2.20074 ~0 ~0
execute if entity @s[tag=aj.favor_incantations.locator_origin.lightning_spear_locator2] at @s on origin run tp @s ^-0.90139 ^3.05162 ^-1.16963 ~0 ~0
execute if entity @s[tag=aj.favor_incantations.bone.main_lightning_spear] run data modify entity @s {} merge value {transformation:[-7.777777777777778f,0f,9.52503066003497e-16f,-4.0125f,0f,7.777777777777778f,0f,6.68125f,-9.52503066003497e-16f,0f,-7.777777777777778f,2.4599999999999995f,0f,0f,0f,1f],start_interpolation:0}
execute if entity @s[tag=aj.favor_incantations.locator_origin.lightning_spear0_locator0] at @s on origin run tp @s ^0.00001 ^0.00002 ^0.00001 ~0 ~0
execute if entity @s[tag=aj.favor_incantations.locator_origin.lightning_spear0_locator1] at @s on origin run tp @s ^0.00001 ^0.00002 ^0 ~0 ~0
execute if entity @s[tag=aj.favor_incantations.locator_origin.lightning_spear1_locator0] at @s on origin run tp @s ^-0.00001 ^0.00002 ^0 ~0 ~0
execute if entity @s[tag=aj.favor_incantations.locator_origin.lightning_spear1_locator1] at @s on origin run tp @s ^-0.00001 ^0.00002 ^0.00001 ~0 ~0
execute if entity @s[tag=aj.favor_incantations.locator_origin.lightning_spear2_locator0] at @s on origin run tp @s ^0.00002 ^0.00001 ^0 ~0 ~0
execute if entity @s[tag=aj.favor_incantations.locator_origin.lightning_spear2_locator1] at @s on origin run tp @s ^0.00002 ^0.00001 ^0.00001 ~0 ~0
execute if entity @s[tag=aj.favor_incantations.locator_origin.lightning_spear3_locator0] at @s on origin run tp @s ^-0.00002 ^0.00001 ^0.00001 ~0 ~0
execute if entity @s[tag=aj.favor_incantations.locator_origin.lightning_spear3_locator1] at @s on origin run tp @s ^-0.00002 ^0.00001 ^0 ~0 ~0
execute if entity @s[tag=aj.favor_incantations.locator_origin.lightning_spear4_locator0] at @s on origin run tp @s ^-0.00001 ^0.00001 ^0.00001 ~0 ~0
execute if entity @s[tag=aj.favor_incantations.locator_origin.lightning_spear4_locator1] at @s on origin run tp @s ^-0.00001 ^0.00001 ^0 ~0 ~0
execute if entity @s[tag=aj.favor_incantations.locator_origin.lightning_spear5_locator1] at @s on origin run tp @s ^0.00001 ^0.00001 ^0.00001 ~0 ~0
execute if entity @s[tag=aj.favor_incantations.locator_origin.lightning_spear5_locator0] at @s on origin run tp @s ^0.00001 ^0.00001 ^0 ~0 ~0
execute if entity @s[tag=aj.favor_incantations.locator_origin.blackhole0] at @s on origin run tp @s ^0 ^1.1875 ^-0.625 ~0 ~0
execute if entity @s[tag=aj.favor_incantations.locator_origin.blackhole1] at @s on origin run tp @s ^0 ^1.1875 ^-0.625 ~0 ~0
execute if entity @s[tag=aj.favor_incantations.locator_origin.blackhole2] at @s on origin run tp @s ^0 ^1.1875 ^-0.625 ~0 ~0
execute if entity @s[tag=aj.favor_incantations.locator_origin.blackhole3] at @s on origin run tp @s ^0 ^1.1875 ^-0.625 ~0 ~0