execute if entity @s[tag=aj.favor_incantations.bone.slash_left] run data modify entity @s {} merge value {transformation:[0.000009454698236029814f,-0.0000067755174339023025f,9.011969150034694e-7f,0.09493261445198975f,0.000006633170633680886f,0.00000872395350417731f,-0.000004000599169191673f,2.776979977693882f,0.0000016494968084841379f,0.000003754478641695743f,0.000010922186663803284f,-0.13384391637995452f,0f,0f,0f,1f],start_interpolation:0}
execute if entity @s[tag=aj.favor_incantations.locator_origin.twinaxe_left0] at @s on origin run tp @s ^0.09494 ^2.77699 ^-0.13384 ~175.28317 ~-20.05418
execute if entity @s[tag=aj.favor_incantations.locator_origin.twinaxe_left1] at @s on origin run tp @s ^0.09494 ^2.77698 ^-0.13384 ~175.28317 ~-20.05418
execute if entity @s[tag=aj.favor_incantations.bone.twinaxe_left] run data modify entity @s {} merge value {transformation:[0.000008104027059454126f,-0.000005807586371916259f,7.724544985744023e-7f,0.09493261445198975f,0.00000568557482886933f,0.00000747767443215198f,-0.000003429085002164291f,2.776979977693882f,0.000001413854407272118f,0.0000032181245500249223f,0.000009361874283259957f,-0.13384391637995452f,0f,0f,0f,1f],start_interpolation:0}
execute if entity @s[tag=aj.favor_incantations.bone.right_arm2] run data modify entity @s {} merge value {transformation:[0.8104027059454126f,-0.5807586371916259f,0.07724544985744022f,0.4561138788188078f,0.568557482886933f,0.747767443215198f,-0.34290850021642905f,3.4658359169739783f,0.1413854407272118f,0.3218124550024922f,0.9361874283259956f,-0.11161017650284177f,0f,0f,0f,1f],start_interpolation:0}
execute if entity @s[tag=aj.favor_incantations.bone.right_arm] run data modify entity @s {} merge value {transformation:[0.8104027059454126f,-0.5807586371916259f,0.07724544985744022f,0.3109242195209013f,0.568557482886933f,0.747767443215198f,-0.34290850021642905f,3.6527777777777777f,0.1413854407272118f,0.3218124550024922f,0.9361874283259956f,-0.031157062752218717f,0f,0f,0f,1f],start_interpolation:0}
execute if entity @s[tag=aj.favor_incantations.locator_origin.messermers_orb] at @s on origin run tp @s ^-0.6509 ^4.06444 ^-0.32912 ~-81.79612 ~-27.2488
execute if entity @s[tag=aj.favor_incantations.bone.messermers_orb] run data modify entity @s {} merge value {transformation:[0.0000029310262493555724f,0.0000037391965789297247f,-0.000008799289407089009f,-0.6509007548570603f,-0.0000031298967110667567f,-0.000008321093552618257f,-0.000004578553119341126f,4.064437288213378f,-0.000009033982051323882f,0.000004096072635183011f,-0.0000012686044551643314f,-0.3291170861372335f,0f,0f,0f,1f],start_interpolation:0}
execute if entity @s[tag=aj.favor_incantations.bone.slash_right] run data modify entity @s {} merge value {transformation:[0.000003419530624248168f,0.000004362396008751346f,-0.000010265837641603844f,-0.83925740985829f,-0.0000036515461629112165f,-0.000009707942478054634f,-0.0000053416453058979804f,4.030596251929596f,-0.00001053964572654453f,0.000004778751407713514f,-0.0000014800385310250533f,-0.37850387364145854f,0f,0f,0f,1f],start_interpolation:0}
execute if entity @s[tag=aj.favor_incantations.locator_origin.twinaxe_right0] at @s on origin run tp @s ^-0.83926 ^4.03059 ^-0.3785 ~-81.79612 ~-27.2488
execute if entity @s[tag=aj.favor_incantations.locator_origin.twinaxe_right1] at @s on origin run tp @s ^-0.83925 ^4.0306 ^-0.3785 ~-81.79612 ~-27.2488
execute if entity @s[tag=aj.favor_incantations.bone.twinaxe_right] run data modify entity @s {} merge value {transformation:[0.0000029310262493555724f,0.0000037391965789297247f,-0.000008799289407089009f,-0.83925740985829f,-0.0000031298967110667567f,-0.000008321093552618257f,-0.000004578553119341126f,4.030596251929596f,-0.000009033982051323882f,0.000004096072635183011f,-0.0000012686044551643314f,-0.37850387364145854f,0f,0f,0f,1f],start_interpolation:0}
execute if entity @s[tag=aj.favor_incantations.bone.left_arm2] run data modify entity @s {} merge value {transformation:[0.2931026249355572f,0.37391965789297243f,-0.8799289407089008f,-0.5757397544422895f,-0.31298967110667564f,-0.8321093552618256f,-0.45785531193411255f,3.8759718038420896f,-0.9033982051323882f,0.40960726351830107f,-0.12686044551643313f,-0.17025288243688397f,0f,0f,0f,1f],start_interpolation:0}
execute if entity @s[tag=aj.favor_incantations.bone.left_arm] run data modify entity @s {} merge value {transformation:[-0.4324357329807266f,0.8530261795201869f,-0.29213981908431347f,-0.3712517041807686f,-0.8868646772885572f,-0.34393069119878716f,0.3085169749452817f,3.7152777777777777f,0.16269720655034225f,0.3925022505728065f,0.905246707961977f,-0.1185366636319095f,0f,0f,0f,1f],start_interpolation:0}
execute if entity @s[tag=aj.favor_incantations.bone.head] run data modify entity @s {} merge value {transformation:[0.912558487700983f,0.032277664653372895f,-0.40767040472594906f,0f,0.05080154841704494f,0.980210810912168f,0.19132686389877573f,3.7965277777777775f,0.4057785223534204f,-0.1953072413799202f,0.8928599398904848f,-0.06250000000000001f,0f,0f,0f,1f],start_interpolation:0}
execute if entity @s[tag=aj.favor_incantations.bone.body_top] run data modify entity @s {} merge value {transformation:[0.9949575024668842f,0f,-0.10029739919290015f,0f,0f,1f,0f,3.4027777777777777f,0.10029739919290015f,0f,0.9949575024668842f,-0.06250000000000001f,0f,0f,0f,1f],start_interpolation:0}
execute if entity @s[tag=aj.favor_incantations.locator_origin.player_camera] at @s on origin run tp @s ^-0.05227 ^2.27778 ^0.2456 ~-170.37037 ~0
execute if entity @s[tag=aj.favor_incantations.bone.body] run data modify entity @s {} merge value {transformation:[0.9859096633447965f,0f,-0.16727861705355532f,0f,0f,1f,0f,2.9652777777777777f,0.16727861705355532f,0f,0.9859096633447965f,-0.06250000000000001f,0f,0f,0f,1f],start_interpolation:0}
execute if entity @s[tag=aj.favor_incantations.bone.right_leg2] run data modify entity @s {} merge value {transformation:[0.9758992262093671f,-0.09153110898314296f,0.19809784545086442f,0.17421863748968966f,0.1758942852109583f,0.8672234627188691f,-0.4658161291110693f,2.700391328672155f,-0.12915843260927495f,0.48943387888274587f,0.8624225052071085f,-0.12100039227884596f,0f,0f,0f,1f],start_interpolation:0}
execute if entity @s[tag=aj.favor_incantations.bone.right_leg] run data modify entity @s {} merge value {transformation:[0.9758992262093671f,-0.1369562086669625f,0.16989319348205206f,0.125f,0.1758942852109583f,0.9544666409895588f,-0.2409452877070533f,3.0434027777777777f,-0.12915843260927495f,0.26502156166183927f,0.9555530708130424f,-0.025758268556622478f,0f,0f,0f,1f],start_interpolation:0}
execute if entity @s[tag=aj.favor_incantations.bone.left_leg2] run data modify entity @s {} merge value {transformation:[0.9527106088077995f,0.29302750073719563f,-0.08048216993089209f,-0.19915104587834048f,-0.3037180899413887f,0.9268224120439759f,-0.22080656325241133f,2.815436191499422f,0.009890283485659013f,0.2348086462307114f,0.9719912972593292f,0.21295906169227719f,0f,0f,0f,1f],start_interpolation:0}
execute if entity @s[tag=aj.favor_incantations.bone.left_leg] run data modify entity @s {} merge value {transformation:[0.9527106088077995f,0.20633334505277348f,0.2230897724782678f,-0.125f,-0.3037180899413887f,0.6226521768594842f,0.7211515710961879f,3.039201817558299f,0.009890283485659013f,-0.7548051519243087f,0.6558745039419466f,-0.05829903978052127f,0f,0f,0f,1f],start_interpolation:0}
execute if entity @s[tag=aj.favor_incantations.locator_origin.lightning_spear_locator0] at @s on origin run tp @s ^-1.17126 ^4.07267 ^0.576 ~22.12202 ~-5.65832
execute if entity @s[tag=aj.favor_incantations.locator_origin.lightning_spear_locator1] at @s on origin run tp @s ^-0.77759 ^3.96909 ^-0.39242 ~22.12202 ~-5.65832
execute if entity @s[tag=aj.favor_incantations.locator_origin.lightning_spear_locator2] at @s on origin run tp @s ^-0.31234 ^3.84669 ^-1.53692 ~22.12202 ~-5.65832
execute if entity @s[tag=aj.favor_incantations.bone.main_lightning_spear] run data modify entity @s {} merge value {transformation:[-2.5801185012959675f,-0.631267665641851f,1.0736454971662368f,-2.1400149999999996f,-0.7879303033123355f,2.7399995311948473f,-0.2824772666501521f,4.942005f,-0.9645617431727107f,-0.5496623539656852f,-2.64115825732585f,-0.946715f,0f,0f,0f,1f],start_interpolation:0}
execute if entity @s[tag=aj.favor_incantations.locator_origin.lightning_spear0_locator0] at @s on origin run tp @s ^0.00001 ^0.00002 ^0.00001 ~0 ~0
execute if entity @s[tag=aj.favor_incantations.locator_origin.lightning_spear0_locator1] at @s on origin run tp @s ^0.00001 ^0.00002 ^0 ~0 ~0
execute if entity @s[tag=aj.favor_incantations.locator_origin.lightning_spear1_locator0] at @s on origin run tp @s ^-0.00001 ^0.00002 ^0 ~0 ~0
execute if entity @s[tag=aj.favor_incantations.locator_origin.lightning_spear1_locator1] at @s on origin run tp @s ^-0.00001 ^0.00002 ^0.00001 ~0 ~0
execute if entity @s[tag=aj.favor_incantations.locator_origin.lightning_spear2_locator0] at @s on origin run tp @s ^0.00002 ^0.00001 ^0 ~0 ~0
execute if entity @s[tag=aj.favor_incantations.locator_origin.lightning_spear2_locator1] at @s on origin run tp @s ^0.00002 ^0.00001 ^0.00001 ~0 ~0
execute if entity @s[tag=aj.favor_incantations.locator_origin.lightning_spear3_locator0] at @s on origin run tp @s ^-0.00002 ^0.00001 ^0.00001 ~0 ~0
execute if entity @s[tag=aj.favor_incantations.locator_origin.lightning_spear3_locator1] at @s on origin run tp @s ^-0.00002 ^0.00001 ^0 ~0 ~0
execute if entity @s[tag=aj.favor_incantations.locator_origin.lightning_spear4_locator0] at @s on origin run tp @s ^-0.00001 ^0.00001 ^0.00001 ~0 ~0
execute if entity @s[tag=aj.favor_incantations.locator_origin.lightning_spear4_locator1] at @s on origin run tp @s ^-0.00001 ^0.00001 ^0 ~0 ~0
execute if entity @s[tag=aj.favor_incantations.locator_origin.lightning_spear5_locator1] at @s on origin run tp @s ^0.00001 ^0.00001 ^0.00001 ~0 ~0
execute if entity @s[tag=aj.favor_incantations.locator_origin.lightning_spear5_locator0] at @s on origin run tp @s ^0.00001 ^0.00001 ^0 ~0 ~0
execute if entity @s[tag=aj.favor_incantations.locator_origin.blackhole0] at @s on origin run tp @s ^0 ^1.1875 ^-0.625 ~0 ~0
execute if entity @s[tag=aj.favor_incantations.locator_origin.blackhole1] at @s on origin run tp @s ^0 ^1.1875 ^-0.625 ~0 ~0
execute if entity @s[tag=aj.favor_incantations.locator_origin.blackhole2] at @s on origin run tp @s ^0 ^1.1875 ^-0.625 ~0 ~0
execute if entity @s[tag=aj.favor_incantations.locator_origin.blackhole3] at @s on origin run tp @s ^0 ^1.1875 ^-0.625 ~0 ~0