execute if entity @s[tag=aj.favor_incantations.bone.slash_left] run data modify entity @s {} merge value {transformation:[0.00000969529225480692f,-0.000003000763859511181f,0.000005753940863829212f,0.08953256685649352f,0.000006361845931293079f,0.0000023541021307381112f,-0.000009491903424269294f,1.312346946934756f,0.0000012803653976431104f,0.00001102563968795539f,0.0000035926376147633313f,0.7980957646554802f,0f,0f,0f,1f],start_interpolation:0}
execute if entity @s[tag=aj.favor_incantations.locator_origin.twinaxe_left0] at @s on origin run tp @s ^0.08954 ^1.31235 ^0.7981 ~121.97977 ~-54.44835
execute if entity @s[tag=aj.favor_incantations.locator_origin.twinaxe_left1] at @s on origin run tp @s ^0.08954 ^1.31235 ^0.7981 ~121.97977 ~-54.44835
execute if entity @s[tag=aj.favor_incantations.bone.twinaxe_left] run data modify entity @s {} merge value {transformation:[0.000008310250504120216f,-0.000002572083308152441f,0.00000493194931185361f,0.08953256685649352f,0.00000545301079825121f,0.0000020178018263469524f,-0.00000813591722080225f,1.312346946934756f,0.000001097456055122666f,0.000009450548303961761f,0.0000030794036697971408f,0.7980957646554802f,0f,0f,0f,1f],start_interpolation:0}
execute if entity @s[tag=aj.favor_incantations.bone.right_arm2] run data modify entity @s {} merge value {transformation:[0.8310250504120216f,-0.2572083308152441f,0.49319493118536095f,0.4880106360377394f,0.545301079825121f,0.20178018263469522f,-0.813591722080225f,1.9028461942779111f,0.1097456055122666f,0.9450548303961761f,0.30794036697971405f,1.1111366841352721f,0f,0f,0f,1f],start_interpolation:0}
execute if entity @s[tag=aj.favor_incantations.bone.right_arm] run data modify entity @s {} merge value {transformation:[0.8310250504120216f,-0.2572083308152441f,0.49319493118536095f,0.42370855333392843f,0.545301079825121f,0.20178018263469522f,-0.813591722080225f,1.953291239936585f,0.1097456055122666f,0.9450548303961761f,0.30794036697971405f,1.3474003917343162f,0f,0f,0f,1f],start_interpolation:0}
execute if entity @s[tag=aj.favor_incantations.locator_origin.messermers_orb] at @s on origin run tp @s ^-0.51144 ^1.86388 ^2.00801 ~117.19238 ~-32.46665
execute if entity @s[tag=aj.favor_incantations.bone.messermers_orb] run data modify entity @s {} merge value {transformation:[-0.000002651728266273241f,0.000006053923848672945f,0.000007504554832654397f,-0.5114425989434833f,-0.000007789026253311399f,0.000003242642361367584f,-0.0000053680853701753184f,1.8638817718947294f,-0.000005683256744778768f,-0.000007268787832282178f,0.000003855556538580811f,2.008009846055584f,0f,0f,0f,1f],start_interpolation:0}
execute if entity @s[tag=aj.favor_incantations.bone.slash_right] run data modify entity @s {} merge value {transformation:[-0.0000030936829773187814f,0.000007062911156785103f,0.00000875531397143013f,-0.40856921988541933f,-0.000009087197295529967f,0.000003783082754928848f,-0.0000062627662652045385f,1.7429636564453947f,-0.000006630466202241897f,-0.000008480252470995875f,0.000004498149295010946f,2.1257314551057376f,0f,0f,0f,1f],start_interpolation:0}
execute if entity @s[tag=aj.favor_incantations.locator_origin.twinaxe_right0] at @s on origin run tp @s ^-0.40857 ^1.74296 ^2.12573 ~117.19238 ~-32.46665
execute if entity @s[tag=aj.favor_incantations.locator_origin.twinaxe_right1] at @s on origin run tp @s ^-0.40857 ^1.74297 ^2.12573 ~117.19238 ~-32.46665
execute if entity @s[tag=aj.favor_incantations.bone.twinaxe_right] run data modify entity @s {} merge value {transformation:[-0.000002651728266273241f,0.000006053923848672945f,0.000007504554832654397f,-0.40856921988541933f,-0.000007789026253311399f,0.000003242642361367584f,-0.0000053680853701753184f,1.7429636564453947f,-0.000005683256744778768f,-0.000007268787832282178f,0.000003855556538580811f,2.1257314551057376f,0f,0f,0f,1f],start_interpolation:0}
execute if entity @s[tag=aj.favor_incantations.bone.left_arm2] run data modify entity @s {} merge value {transformation:[-0.2651728266273241f,0.6053923848672944f,0.7504554832654396f,-0.343521201062452f,-0.7789026253311399f,0.32426423613675837f,-0.5368085370175318f,1.9936292450121151f,-0.5683256744778767f,-0.7268787832282178f,0.38555565385808105f,1.8618105049033968f,0f,0f,0f,1f],start_interpolation:0}
execute if entity @s[tag=aj.favor_incantations.bone.left_arm] run data modify entity @s {} merge value {transformation:[0.8717961555698018f,0.4073767601489253f,0.2720581526517424f,-0.20419338584284194f,-0.44810876771382413f,0.43880823561766935f,0.7788747425947936f,2.026644834522244f,0.19791411124958147f,-0.8009316497958319f,0.5651004308294372f,1.6386284474806978f,0f,0f,0f,1f],start_interpolation:0}
execute if entity @s[tag=aj.favor_incantations.bone.head] run data modify entity @s {} merge value {transformation:[0.9356263864536424f,0.2177931353586309f,0.27779383571698735f,0.15781253619689772f,-0.042970412111016675f,0.8513895139440987f,-0.5227709242383711f,2.093494031931628f,-0.3503666774319567f,0.477181355185519f,0.8059411551773509f,1.5146211969215253f,0f,0f,0f,1f],start_interpolation:0}
execute if entity @s[tag=aj.favor_incantations.bone.body_top] run data modify entity @s {} merge value {transformation:[0.938198101936932f,0.18984966760529068f,0.2893811072480353f,0.08305922957731451f,-0.039517399921724046f,0.889416379266117f,-0.45538651648525685f,1.7432863325955945f,-0.3438352754232247f,0.4158071764692275f,0.8419511240988541f,1.350897121186767f,0f,0f,0f,1f],start_interpolation:0}
execute if entity @s[tag=aj.favor_incantations.locator_origin.player_camera] at @s on origin run tp @s ^-0.07902 ^0.6032 ^1.15797 ~169.38814 ~-26.51088
execute if entity @s[tag=aj.favor_incantations.bone.body] run data modify entity @s {} merge value {transformation:[0.967884841330701f,0.18984966760529068f,0.16479089062325186f,-1.5265566588595902e-16f,-0.09846013953589658f,0.889416379266117f,-0.4463676794031154f,1.3541666666666683f,-0.2313104728385978f,0.4158071764692275f,0.8795452558861727f,1.16898148148148f,0f,0f,0f,1f],start_interpolation:0}
execute if entity @s[tag=aj.favor_incantations.bone.right_leg2] run data modify entity @s {} merge value {transformation:[0.9941809556548902f,-0.05013446881077216f,0.0953454899310448f,0.15584777920730813f,0.10652966756873884f,0.5889436823818159f,-0.8011221934950004f,1.118520241836885f,-0.01598928831509542f,0.8066175512717342f,0.5908574012734107f,1.0173436633045836f,0f,0f,0f,1f],start_interpolation:0}
execute if entity @s[tag=aj.favor_incantations.bone.right_leg] run data modify entity @s {} merge value {transformation:[0.9941809556548902f,-0.08583729866381433f,0.06508598598184093f,0.12499999999999985f,0.10652966756873884f,0.8731030951785279f,-0.4757545744576383f,1.4322916666666683f,-0.01598928831509542f,0.4799197259415096f,0.8771666884414862f,1.1898148148148135f,0f,0f,0f,1f],start_interpolation:0}
execute if entity @s[tag=aj.favor_incantations.bone.left_leg2] run data modify entity @s {} merge value {transformation:[0.9659575682717645f,0.20038745626014567f,0.16361798089478918f,-0.1096399254113066f,-0.13149534753698747f,0.924981501141297f,-0.3565363882165741f,1.2256527719352714f,-0.22278902548066926f,0.3228840193010191f,0.9198428997417943f,1.4749187281583243f,0f,0f,0f,1f],start_interpolation:0}
execute if entity @s[tag=aj.favor_incantations.bone.left_leg] run data modify entity @s {} merge value {transformation:[0.9659575682717645f,-0.04274107711636469f,0.25514540290867943f,-0.12500000000000017f,-0.13149534753698747f,0.7682319003153842f,0.6265211256725032f,1.5017361111111127f,-0.22278902548066926f,-0.6387432564534412f,0.7364591655079236f,1.245370370370369f,0f,0f,0f,1f],start_interpolation:0}
execute if entity @s[tag=aj.favor_incantations.locator_origin.lightning_spear_locator0] at @s on origin run tp @s ^-1.05302 ^3.43194 ^13.74704 ~-1.02246 ~2.10669
execute if entity @s[tag=aj.favor_incantations.locator_origin.lightning_spear_locator1] at @s on origin run tp @s ^-1.10297 ^3.5349 ^10.94845 ~-1.02246 ~2.10669
execute if entity @s[tag=aj.favor_incantations.locator_origin.lightning_spear_locator2] at @s on origin run tp @s ^-1.162 ^3.65659 ^7.64103 ~-1.02246 ~2.10669
execute if entity @s[tag=aj.favor_incantations.bone.main_lightning_spear] run data modify entity @s {} merge value {transformation:[-7.6356591268603164f,0.17543543879834123f,-0.13621880192735697f,-4.070820312500001f,0.1703377676689865f,7.631825130908666f,0.28080896162087476f,7.1551953125f,0.14254192397479912f,0.2776527234418582f,-7.632510348624822f,11.389453125000003f,0f,0f,0f,1f],start_interpolation:0}
execute if entity @s[tag=aj.favor_incantations.locator_origin.lightning_spear0_locator0] at @s on origin run tp @s ^0.00001 ^0.00002 ^0.00001 ~0 ~0
execute if entity @s[tag=aj.favor_incantations.locator_origin.lightning_spear0_locator1] at @s on origin run tp @s ^0.00001 ^0.00002 ^0 ~0 ~0
execute if entity @s[tag=aj.favor_incantations.locator_origin.lightning_spear1_locator0] at @s on origin run tp @s ^-0.00001 ^0.00002 ^0 ~0 ~0
execute if entity @s[tag=aj.favor_incantations.locator_origin.lightning_spear1_locator1] at @s on origin run tp @s ^-0.00001 ^0.00002 ^0.00001 ~0 ~0
execute if entity @s[tag=aj.favor_incantations.locator_origin.lightning_spear2_locator0] at @s on origin run tp @s ^0.00002 ^0.00001 ^0 ~0 ~0
execute if entity @s[tag=aj.favor_incantations.locator_origin.lightning_spear2_locator1] at @s on origin run tp @s ^0.00002 ^0.00001 ^0.00001 ~0 ~0
execute if entity @s[tag=aj.favor_incantations.locator_origin.lightning_spear3_locator0] at @s on origin run tp @s ^-0.00002 ^0.00001 ^0.00001 ~0 ~0
execute if entity @s[tag=aj.favor_incantations.locator_origin.lightning_spear3_locator1] at @s on origin run tp @s ^-0.00002 ^0.00001 ^0 ~0 ~0
execute if entity @s[tag=aj.favor_incantations.locator_origin.lightning_spear4_locator0] at @s on origin run tp @s ^-0.00001 ^0.00001 ^0.00001 ~0 ~0
execute if entity @s[tag=aj.favor_incantations.locator_origin.lightning_spear4_locator1] at @s on origin run tp @s ^-0.00001 ^0.00001 ^0 ~0 ~0
execute if entity @s[tag=aj.favor_incantations.locator_origin.lightning_spear5_locator1] at @s on origin run tp @s ^0.00001 ^0.00001 ^0.00001 ~0 ~0
execute if entity @s[tag=aj.favor_incantations.locator_origin.lightning_spear5_locator0] at @s on origin run tp @s ^0.00001 ^0.00001 ^0 ~0 ~0
execute if entity @s[tag=aj.favor_incantations.locator_origin.blackhole0] at @s on origin run tp @s ^0 ^1.1875 ^-0.625 ~0 ~0
execute if entity @s[tag=aj.favor_incantations.locator_origin.blackhole1] at @s on origin run tp @s ^0 ^1.1875 ^-0.625 ~0 ~0
execute if entity @s[tag=aj.favor_incantations.locator_origin.blackhole2] at @s on origin run tp @s ^0 ^1.1875 ^-0.625 ~0 ~0
execute if entity @s[tag=aj.favor_incantations.locator_origin.blackhole3] at @s on origin run tp @s ^0 ^1.1875 ^-0.625 ~0 ~0