execute if entity @s[tag=aj.favor_incantations.bone.slash_left] run data modify entity @s {} merge value {transformation:[0.000010214155391145293f,0.000001167313301871909f,0.0000055153894161628864f,-0.06468865406053975f,0.00000558500599070682f,-5.402960091322173e-7f,-0.000010228729120345101f,0.7670343519765749f,-7.680161719766131e-7f,0.000011595540995956154f,-0.000001031838786726728f,1.2845080834397877f,0f,0f,0f,1f],start_interpolation:0}
execute if entity @s[tag=aj.favor_incantations.locator_origin.twinaxe_left0] at @s on origin run tp @s ^-0.06468 ^0.76704 ^1.28451 ~79.4034 ~-61.25256
execute if entity @s[tag=aj.favor_incantations.locator_origin.twinaxe_left1] at @s on origin run tp @s ^-0.06468 ^0.76703 ^1.28451 ~79.4034 ~-61.25256
execute if entity @s[tag=aj.favor_incantations.bone.twinaxe_left] run data modify entity @s {} merge value {transformation:[0.000008754990335267393f,0.0000010005542587473504f,0.000004727476642425331f,-0.06468865406053975f,0.0000047871479920344165f,-4.631108649704719e-7f,-0.000008767482103152944f,0.7670343519765749f,-6.582995759799541e-7f,0.00000993903513939099f,-8.844332457657668e-7f,1.2845080834397877f,0f,0f,0f,1f],start_interpolation:0}
execute if entity @s[tag=aj.favor_incantations.bone.right_arm2] run data modify entity @s {} merge value {transformation:[0.8754990335267393f,0.10005542587473504f,0.472747664242533f,0.47984406502947324f,0.4787147992034416f,-0.04631108649704718f,-0.8767482103152943f,1.2460688513327314f,-0.0658299575979954f,0.9939035139390989f,-0.08844332457657667f,1.5664279590552426f,0f,0f,0f,1f],start_interpolation:0}
execute if entity @s[tag=aj.favor_incantations.bone.right_arm] run data modify entity @s {} merge value {transformation:[0.8754990335267393f,0.10005542587473504f,0.472747664242533f,0.504857921498157f,0.4787147992034416f,-0.04631108649704718f,-0.8767482103152943f,1.2344910797084696f,-0.0658299575979954f,0.9939035139390989f,-0.08844332457657667f,1.8149038375400173f,0f,0f,0f,1f],start_interpolation:0}
execute if entity @s[tag=aj.favor_incantations.locator_origin.messermers_orb] at @s on origin run tp @s ^-0.15644 ^1.11125 ^2.73717 ~99.56072 ~-8.71416
execute if entity @s[tag=aj.favor_incantations.bone.messermers_orb] run data modify entity @s {} merge value {transformation:[-8.400407544697399e-7f,0.0000020700409109661665f,0.000009747269471896028f,-0.15644142311895567f,-0.000009295295624688894f,0.0000033618594096149243f,-0.0000015150513389397231f,1.111249854113386f,-0.0000035905167845965256f,-0.00000918764561446021f,0.0000016417543307756702f,2.737174511056371f,0f,0f,0f,1f],start_interpolation:0}
execute if entity @s[tag=aj.favor_incantations.bone.slash_right] run data modify entity @s {} merge value {transformation:[-9.800475468813632e-7f,0.0000024150477294605276f,0.000011371814383878701f,0.013382123785556338f,-0.000010844511562137043f,0.000003922169311217412f,-0.000001767559895429677f,1.0618310201981729f,-0.000004188936248695947f,-0.000010718919883536913f,0.0000019153800525716155f,2.8253801898487914f,0f,0f,0f,1f],start_interpolation:0}
execute if entity @s[tag=aj.favor_incantations.locator_origin.twinaxe_right0] at @s on origin run tp @s ^0.01339 ^1.06183 ^2.82538 ~99.56072 ~-8.71416
execute if entity @s[tag=aj.favor_incantations.locator_origin.twinaxe_right1] at @s on origin run tp @s ^0.01338 ^1.06183 ^2.82538 ~99.56072 ~-8.71416
execute if entity @s[tag=aj.favor_incantations.bone.twinaxe_right] run data modify entity @s {} merge value {transformation:[-8.400407544697399e-7f,0.0000020700409109661665f,0.000009747269471896028f,0.013382123785556338f,-0.000009295295624688894f,0.0000033618594096149243f,-0.0000015150513389397231f,1.0618310201981729f,-0.0000035905167845965256f,-0.00000918764561446021f,0.0000016417543307756702f,2.8253801898487914f,0f,0f,0f,1f],start_interpolation:0}
execute if entity @s[tag=aj.favor_incantations.bone.left_arm2] run data modify entity @s {} merge value {transformation:[-0.08400407544697398f,0.20700409109661663f,0.9747269471896028f,-0.09944014562936564f,-0.9295295624688894f,0.3361859409614924f,-0.1515051338939723f,1.2533919370080646f,-0.3590516784596525f,-0.918764561446021f,0.16417543307756702f,2.529924100598594f,0f,0f,0f,1f],start_interpolation:0}
execute if entity @s[tag=aj.favor_incantations.bone.left_arm] run data modify entity @s {} merge value {transformation:[0.9766519007876855f,0.19492543109467936f,0.09030581930503993f,0.004687842236969553f,-0.15249572721339952f,0.33296467820497555f,0.9305265048613678f,1.2689442170546354f,0.15131463204018802f,-0.9225717312927002f,0.354915881231218f,2.2865560897009796f,0f,0f,0f,1f],start_interpolation:0}
execute if entity @s[tag=aj.favor_incantations.bone.head] run data modify entity @s {} merge value {transformation:[0.8631585403498465f,0.40461713323584786f,0.3020634200182577f,0.3056667480340869f,-0.15053675387912194f,0.777230324232049f,-0.6109432942799853f,1.3623472478169592f,-0.4819709741806646f,0.4818692754120646f,0.7317827419809741f,2.0644954824134394f,0f,0f,0f,1f],start_interpolation:0}
execute if entity @s[tag=aj.favor_incantations.bone.body_top] run data modify entity @s {} merge value {transformation:[0.8065626773053916f,0.3677193961312326f,0.46285969071289884f,0.16087723580741403f,-0.035690433892067164f,0.8118463131632591f,-0.5827793379417457f,1.0426827620089258f,-0.5900701996428516f,0.45352839989586674f,0.6679290007039222f,1.8859186749544417f,0f,0f,0f,1f],start_interpolation:0}
execute if entity @s[tag=aj.favor_incantations.locator_origin.player_camera] at @s on origin run tp @s ^-0.14129 ^-0.04988 ^1.60612 ~154.17399 ~-34.99824
execute if entity @s[tag=aj.favor_incantations.bone.body] run data modify entity @s {} merge value {transformation:[0.8587381938386085f,0.3677193961312326f,0.3568629430911622f,-2.0816681711721685e-16f,-0.10929111574001196f,0.8118463131632591f,-0.5735512320826509f,0.6875f,-0.5006237773649067f,0.45352839989586674f,0.7373518997227764f,1.6875f,0f,0f,0f,1f],start_interpolation:0}
execute if entity @s[tag=aj.favor_incantations.bone.right_leg2] run data modify entity @s {} merge value {transformation:[0.978191151828856f,0.1800608837427547f,0.10353815059925622f,0.07608723135940959f,-0.028752272345115015f,0.6110688618020346f,-0.7910550884552594f,0.4648829848825077f,-0.2057070181562321f,0.7708261310319884f,0.602919313340954f,1.4941989863200635f,0f,0f,0f,1f],start_interpolation:0}
execute if entity @s[tag=aj.favor_incantations.bone.right_leg] run data modify entity @s {} merge value {transformation:[0.978191151828856f,0.13610509534772924f,0.1568995650220918f,0.12499999999999979f,-0.028752272345115015f,0.8368473464138917f,-0.5466807346477652f,0.765625f,-0.2057070181562321f,0.5302470384833974f,0.8225100004625221f,1.6847565157750344f,0f,0f,0f,1f],start_interpolation:0}
execute if entity @s[tag=aj.favor_incantations.bone.left_leg2] run data modify entity @s {} merge value {transformation:[0.8756067155152355f,0.28738081291509904f,0.3882333681085106f,-0.04923025889977939f,-0.0970266922274936f,0.8920171501773428f,-0.4414648624577984f,0.5344296518688358f,-0.47317935367047953f,0.3488805987121504f,0.8089398167368439f,2.011143975819679f,0f,0f,0f,1f],start_interpolation:0}
execute if entity @s[tag=aj.favor_incantations.bone.left_leg] run data modify entity @s {} merge value {transformation:[0.8756067155152355f,-0.2108375404527884f,0.43458073045228357f,-0.12500000000000022f,-0.0970266922274936f,0.804595345762963f,0.5858431108854736f,0.8235811042524006f,-0.47317935367047953f,-0.5551340929112505f,0.6840522188748388f,1.8116426611796983f,0f,0f,0f,1f],start_interpolation:0}
execute if entity @s[tag=aj.favor_incantations.locator_origin.lightning_spear_locator0] at @s on origin run tp @s ^-0.9835 ^3.59751 ^52.6913 ~-1.87955 ~4.08426
execute if entity @s[tag=aj.favor_incantations.locator_origin.lightning_spear_locator1] at @s on origin run tp @s ^-1.07347 ^3.79338 ^49.94976 ~-1.87955 ~4.08426
execute if entity @s[tag=aj.favor_incantations.locator_origin.lightning_spear_locator2] at @s on origin run tp @s ^-1.17979 ^4.02485 ^46.70976 ~-1.87955 ~4.08426
execute if entity @s[tag=aj.favor_incantations.bone.main_lightning_spear] run data modify entity @s {} merge value {transformation:[-7.488314638492785f,0.33902845767947315f,-0.2453641779440343f,-3.902400548696851f,0.3208804878711121f,7.474067944221603f,0.5341760736523673f,7.391820987654321f,0.2686625903215241f,0.5228461246318461f,-7.476928001694224f,50.55045267489713f,0f,0f,0f,1f],start_interpolation:0}
execute if entity @s[tag=aj.favor_incantations.locator_origin.lightning_spear0_locator0] at @s on origin run tp @s ^0.00001 ^0.00002 ^0.00001 ~0 ~0
execute if entity @s[tag=aj.favor_incantations.locator_origin.lightning_spear0_locator1] at @s on origin run tp @s ^0.00001 ^0.00002 ^0 ~0 ~0
execute if entity @s[tag=aj.favor_incantations.locator_origin.lightning_spear1_locator0] at @s on origin run tp @s ^-0.00001 ^0.00002 ^0 ~0 ~0
execute if entity @s[tag=aj.favor_incantations.locator_origin.lightning_spear1_locator1] at @s on origin run tp @s ^-0.00001 ^0.00002 ^0.00001 ~0 ~0
execute if entity @s[tag=aj.favor_incantations.locator_origin.lightning_spear2_locator0] at @s on origin run tp @s ^0.00002 ^0.00001 ^0 ~0 ~0
execute if entity @s[tag=aj.favor_incantations.locator_origin.lightning_spear2_locator1] at @s on origin run tp @s ^0.00002 ^0.00001 ^0.00001 ~0 ~0
execute if entity @s[tag=aj.favor_incantations.locator_origin.lightning_spear3_locator0] at @s on origin run tp @s ^-0.00002 ^0.00001 ^0.00001 ~0 ~0
execute if entity @s[tag=aj.favor_incantations.locator_origin.lightning_spear3_locator1] at @s on origin run tp @s ^-0.00002 ^0.00001 ^0 ~0 ~0
execute if entity @s[tag=aj.favor_incantations.locator_origin.lightning_spear4_locator0] at @s on origin run tp @s ^-0.00001 ^0.00001 ^0.00001 ~0 ~0
execute if entity @s[tag=aj.favor_incantations.locator_origin.lightning_spear4_locator1] at @s on origin run tp @s ^-0.00001 ^0.00001 ^0 ~0 ~0
execute if entity @s[tag=aj.favor_incantations.locator_origin.lightning_spear5_locator1] at @s on origin run tp @s ^0.00001 ^0.00001 ^0.00001 ~0 ~0
execute if entity @s[tag=aj.favor_incantations.locator_origin.lightning_spear5_locator0] at @s on origin run tp @s ^0.00001 ^0.00001 ^0 ~0 ~0
execute if entity @s[tag=aj.favor_incantations.locator_origin.blackhole0] at @s on origin run tp @s ^0 ^1.1875 ^-0.625 ~0 ~0
execute if entity @s[tag=aj.favor_incantations.locator_origin.blackhole1] at @s on origin run tp @s ^0 ^1.1875 ^-0.625 ~0 ~0
execute if entity @s[tag=aj.favor_incantations.locator_origin.blackhole2] at @s on origin run tp @s ^0 ^1.1875 ^-0.625 ~0 ~0
execute if entity @s[tag=aj.favor_incantations.locator_origin.blackhole3] at @s on origin run tp @s ^0 ^1.1875 ^-0.625 ~0 ~0