execute if entity @s[tag=aj.favor_incantations.bone.slash_left] run data modify entity @s {} merge value {transformation:[0.000011036295602836704f,-0.000003551444442553725f,0.000001303277733014978f,-0.13782018505276905f,0.00000377421995302549f,0.000010610667094852907f,-0.0000030463287182280913f,0.5882812286795005f,-2.579810537668763e-7f,0.0000033033463767475547f,0.000011186262092506028f,1.7369980085625398f,0f,0f,0f,1f],start_interpolation:0}
execute if entity @s[tag=aj.favor_incantations.locator_origin.twinaxe_left0] at @s on origin run tp @s ^-0.13781 ^0.58828 ^1.737 ~173.3546 ~-15.13617
execute if entity @s[tag=aj.favor_incantations.locator_origin.twinaxe_left1] at @s on origin run tp @s ^-0.13781 ^0.58828 ^1.737 ~173.3546 ~-15.13617
execute if entity @s[tag=aj.favor_incantations.bone.twinaxe_left] run data modify entity @s {} merge value {transformation:[0.000009459681945288603f,-0.0000030440952364746212f,0.000001117095199727124f,-0.13782018505276905f,0.000003235045674021848f,0.00000909485750987392f,-0.0000026111389013383637f,0.5882812286795005f,-2.2112661751446537e-7f,0.0000028314397514979038f,0.000009588224650719451f,1.7369980085625398f,0f,0f,0f,1f],start_interpolation:0}
execute if entity @s[tag=aj.favor_incantations.bone.right_arm2] run data modify entity @s {} merge value {transformation:[0.9459681945288602f,-0.3044095236474621f,0.11170951997271239f,0.3964594375511068f,0.3235045674021848f,0.9094857509873919f,-0.26111389013383635f,1.1438637703521568f,-0.022112661751446536f,0.28314397514979034f,0.958822465071945f,1.63049883364174f,0f,0f,0f,1f],start_interpolation:0}
execute if entity @s[tag=aj.favor_incantations.bone.right_arm] run data modify entity @s {} merge value {transformation:[0.9459681945288602f,-0.3044095236474621f,0.11170951997271239f,0.3203570566392413f,0.3235045674021848f,0.9094857509873919f,-0.26111389013383635f,1.3712352080990047f,-0.022112661751446536f,0.28314397514979034f,0.958822465071945f,1.7012848274291876f,0f,0f,0f,1f],start_interpolation:0}
execute if entity @s[tag=aj.favor_incantations.locator_origin.messermers_orb] at @s on origin run tp @s ^-0.51766 ^0.94748 ^1.88533 ~90.4577 ~-18.23616
execute if entity @s[tag=aj.favor_incantations.bone.messermers_orb] run data modify entity @s {} merge value {transformation:[-8.32038311075416e-7f,0.000003017658049989134f,0.000009497444505878332f,-0.517657305606532f,-0.0000027573829605013407f,0.000009088676899468607f,-0.000003129343609481483f,0.9474845332874748f,-0.000009576249341889527f,-0.000002879182542042362f,7.587115103157261e-8f,1.8853341224582385f,0f,0f,0f,1f],start_interpolation:0}
execute if entity @s[tag=aj.favor_incantations.bone.slash_right] run data modify entity @s {} merge value {transformation:[-9.707113629213188e-7f,0.0000035206010583206562f,0.000011080351923524723f,-0.3584405839337454f,-0.000003216946787251564f,0.000010603456382713376f,-0.0000036509008777283973f,0.8320051099880184f,-0.000011172290898871115f,-0.0000033590462990494225f,8.851634287016804e-8f,1.904751597427845f,0f,0f,0f,1f],start_interpolation:0}
execute if entity @s[tag=aj.favor_incantations.locator_origin.twinaxe_right0] at @s on origin run tp @s ^-0.35844 ^0.832 ^1.90475 ~90.4577 ~-18.23616
execute if entity @s[tag=aj.favor_incantations.locator_origin.twinaxe_right1] at @s on origin run tp @s ^-0.35844 ^0.83201 ^1.90475 ~90.4577 ~-18.23616
execute if entity @s[tag=aj.favor_incantations.bone.twinaxe_right] run data modify entity @s {} merge value {transformation:[-8.32038311075416e-7f,0.000003017658049989134f,0.000009497444505878332f,-0.3584405839337454f,-0.0000027573829605013407f,0.000009088676899468607f,-0.000003129343609481483f,0.8320051099880184f,-0.000009576249341889527f,-0.000002879182542042362f,7.587115103157261e-8f,1.904751597427845f,0f,0f,0f,1f],start_interpolation:0}
execute if entity @s[tag=aj.favor_incantations.bone.left_arm2] run data modify entity @s {} merge value {transformation:[-0.08320383110754159f,0.30176580499891337f,0.9497444505878332f,-0.43701561491258234f,-0.27573829605013406f,0.9088676899468606f,-0.3129343609481483f,1.1919350992773234f,-0.9576249341889527f,-0.28791825420423617f,0.007587115103157261f,1.873206117293989f,0f,0f,0f,1f],start_interpolation:0}
execute if entity @s[tag=aj.favor_incantations.bone.left_arm] run data modify entity @s {} merge value {transformation:[0.9492023512049641f,0.3015415200403022f,0.08993113008715181f,-0.3079257835826435f,-0.3146562721539596f,0.907297273146467f,0.27893205003218724f,1.381660147427306f,0.0025153252556103234f,-0.29306035186078877f,0.9560906355079989f,1.7403425724380175f,0f,0f,0f,1f],start_interpolation:0}
execute if entity @s[tag=aj.favor_incantations.bone.head] run data modify entity @s {} merge value {transformation:[0.9991467691400036f,0.014248103674318422f,0.038765000435681755f,0.010057572355951673f,-0.012335054922873097f,0.9987152763197287f,-0.049149193947181924f,1.517871597990876f,-0.03941548093252495f,0.04862908992870291f,0.9980388927669923f,1.7243567088653353f,0f,0f,0f,1f],start_interpolation:0}
execute if entity @s[tag=aj.favor_incantations.bone.body_top] run data modify entity @s {} merge value {transformation:[0.9985240438824521f,0.012099335165054894f,0.05294657568907117f,0.0052934591347113084f,-0.009722540795878776f,0.9989432757784973f,-0.04491997303424921f,1.1245376831530924f,-0.05343412756944152f,0.04433889788311015f,0.9975865156192739f,1.7068982678238607f,0f,0f,0f,1f],start_interpolation:0}
execute if entity @s[tag=aj.favor_incantations.locator_origin.player_camera] at @s on origin run tp @s ^0.00503 ^-0.01328 ^1.96892 ~177.54888 ~-2.56875
execute if entity @s[tag=aj.favor_incantations.bone.body] run data modify entity @s {} merge value {transformation:[0.9990136408728639f,0.012099335165054894f,0.042724131805199836f,-2.0816681711721685e-16f,-0.010181777459074849f,0.9989432757784973f,-0.044818112239351164f,0.6875f,-0.04322125354172757f,0.04433889788311015f,0.9980811516989953f,1.6875f,0f,0f,0f,1f],start_interpolation:0}
execute if entity @s[tag=aj.favor_incantations.bone.right_leg2] run data modify entity @s {} merge value {transformation:[0.9989747960221624f,-0.032366662249941405f,0.03165053060024871f,0.13952650268542072f,0.03569365525071356f,0.993187363076181f,-0.11092711481249878f,0.4133513187271516f,-0.027844566567326368f,0.11194311502089038f,0.9933244279247829f,1.756746035057785f,0f,0f,0f,1f],start_interpolation:0}
execute if entity @s[tag=aj.favor_incantations.bone.right_leg] run data modify entity @s {} merge value {transformation:[0.9989747960221624f,-0.04042157268986695f,0.02038267337119603f,0.12499999999999979f,0.03569365525071356f,0.9802398087592304f,0.19456587650076418f,0.765625f,-0.027844566567326368f,-0.19363887467382473f,0.9806776566883394f,1.6871570644718792f,0f,0f,0f,1f],start_interpolation:0}
execute if entity @s[tag=aj.favor_incantations.bone.left_leg2] run data modify entity @s {} merge value {transformation:[0.995513574254064f,0.09258197214329998f,0.019526953422273112f,-0.15491753114390813f,-0.08845647442769955f,0.983902951006291f,-0.15527535262537256f,0.4152647181860756f,-0.03358832546764023f,0.15285143582959657f,0.9876782183267536f,1.745557777712854f,0f,0f,0f,1f],start_interpolation:0}
execute if entity @s[tag=aj.favor_incantations.bone.left_leg] run data modify entity @s {} merge value {transformation:[0.995513574254064f,0.08324878231348287f,0.04497069845155551f,-0.12500000000000022f,-0.08845647442769955f,0.9875594506059794f,0.13000686001376183f,0.7701688957475994f,-0.03358832546764023f,-0.1334015433274236f,0.9904927322449879f,1.697616598079561f,0f,0f,0f,1f],start_interpolation:0}
execute if entity @s[tag=aj.favor_incantations.locator_origin.lightning_spear_locator0] at @s on origin run tp @s ^-0.53459 ^3.68918 ^179.31744 ~-0.10646 ~0.20857
execute if entity @s[tag=aj.favor_incantations.locator_origin.lightning_spear_locator1] at @s on origin run tp @s ^-0.5397 ^3.69919 ^176.56746 ~-0.10646 ~0.20857
execute if entity @s[tag=aj.favor_incantations.locator_origin.lightning_spear_locator2] at @s on origin run tp @s ^-0.54574 ^3.71102 ^173.31749 ~-0.10646 ~0.20857
execute if entity @s[tag=aj.favor_incantations.bone.main_lightning_spear] run data modify entity @s {} merge value {transformation:[-7.499968285252695f,0.01677913751796495f,-0.013934875238172589f,-3.5313957475994733f,0.01672832813220688f,7.499931649539128f,0.02730229439446128f,7.204938271604938f,0.013995829437780043f,0.027271097987683537f,-7.499937360003275f,176.83578189300414f,0f,0f,0f,1f],start_interpolation:0}
execute if entity @s[tag=aj.favor_incantations.locator_origin.lightning_spear0_locator0] at @s on origin run tp @s ^0.00001 ^0.00002 ^0.00001 ~0 ~0
execute if entity @s[tag=aj.favor_incantations.locator_origin.lightning_spear0_locator1] at @s on origin run tp @s ^0.00001 ^0.00002 ^0 ~0 ~0
execute if entity @s[tag=aj.favor_incantations.locator_origin.lightning_spear1_locator0] at @s on origin run tp @s ^-0.00001 ^0.00002 ^0 ~0 ~0
execute if entity @s[tag=aj.favor_incantations.locator_origin.lightning_spear1_locator1] at @s on origin run tp @s ^-0.00001 ^0.00002 ^0.00001 ~0 ~0
execute if entity @s[tag=aj.favor_incantations.locator_origin.lightning_spear2_locator0] at @s on origin run tp @s ^0.00002 ^0.00001 ^0 ~0 ~0
execute if entity @s[tag=aj.favor_incantations.locator_origin.lightning_spear2_locator1] at @s on origin run tp @s ^0.00002 ^0.00001 ^0.00001 ~0 ~0
execute if entity @s[tag=aj.favor_incantations.locator_origin.lightning_spear3_locator0] at @s on origin run tp @s ^-0.00002 ^0.00001 ^0.00001 ~0 ~0
execute if entity @s[tag=aj.favor_incantations.locator_origin.lightning_spear3_locator1] at @s on origin run tp @s ^-0.00002 ^0.00001 ^0 ~0 ~0
execute if entity @s[tag=aj.favor_incantations.locator_origin.lightning_spear4_locator0] at @s on origin run tp @s ^-0.00001 ^0.00001 ^0.00001 ~0 ~0
execute if entity @s[tag=aj.favor_incantations.locator_origin.lightning_spear4_locator1] at @s on origin run tp @s ^-0.00001 ^0.00001 ^0 ~0 ~0
execute if entity @s[tag=aj.favor_incantations.locator_origin.lightning_spear5_locator1] at @s on origin run tp @s ^0.00001 ^0.00001 ^0.00001 ~0 ~0
execute if entity @s[tag=aj.favor_incantations.locator_origin.lightning_spear5_locator0] at @s on origin run tp @s ^0.00001 ^0.00001 ^0 ~0 ~0
execute if entity @s[tag=aj.favor_incantations.locator_origin.blackhole0] at @s on origin run tp @s ^0 ^1.1875 ^-0.625 ~0 ~0
execute if entity @s[tag=aj.favor_incantations.locator_origin.blackhole1] at @s on origin run tp @s ^0 ^1.1875 ^-0.625 ~0 ~0
execute if entity @s[tag=aj.favor_incantations.locator_origin.blackhole2] at @s on origin run tp @s ^0 ^1.1875 ^-0.625 ~0 ~0
execute if entity @s[tag=aj.favor_incantations.locator_origin.blackhole3] at @s on origin run tp @s ^0 ^1.1875 ^-0.625 ~0 ~0