execute if entity @s[tag=aj.favor_incantations.bone.slash_left] run data modify entity @s {} merge value {transformation:[0.000009500671548123683f,-0.000006765890776190032f,-2.665956684774452e-7f,0.07380354289443347f,0.000006633170633680885f,0.000009392122230679667f,-0.0000019748920121255957f,2.7538832076903663f,0.000001359925950284731f,0.0000014566650678006225f,0.000011495209410928655f,-0.006295234088396343f,0f,0f,0f,1f],start_interpolation:0}
execute if entity @s[tag=aj.favor_incantations.locator_origin.twinaxe_left0] at @s on origin run tp @s ^0.07381 ^2.75389 ^-0.0063 ~-178.67144 ~-9.74575
execute if entity @s[tag=aj.favor_incantations.locator_origin.twinaxe_left1] at @s on origin run tp @s ^0.07381 ^2.75389 ^-0.00629 ~-178.67144 ~-9.74575
execute if entity @s[tag=aj.favor_incantations.bone.twinaxe_left] run data modify entity @s {} merge value {transformation:[0.000008143432755534585f,-0.000005799334951020027f,-2.2851057298066728e-7f,0.07380354289443347f,0.000005685574828869329f,0.000008050390483439714f,-0.000001692764581821939f,2.7538832076903663f,0.0000011656508145297693f,0.0000012485700581148191f,0.000009853036637938846f,-0.006295234088396343f,0f,0f,0f,1f],start_interpolation:0}
execute if entity @s[tag=aj.favor_incantations.bone.right_arm2] run data modify entity @s {} merge value {transformation:[0.8143432755534584f,-0.5799334951020026f,-0.022851057298066725f,0.45671990086144787f,0.5685574828869329f,0.8050390483439713f,-0.1692764581821939f,3.428080515691785f,0.11656508145297692f,0.1248570058114819f,0.9853036637938846f,-0.07188336323473996f,0f,0f,0f,1f],start_interpolation:0}
execute if entity @s[tag=aj.favor_incantations.bone.right_arm] run data modify entity @s {} merge value {transformation:[0.8143432755534584f,-0.5799334951020026f,-0.022851057298066725f,0.3117365270859472f,0.5685574828869329f,0.8050390483439713f,-0.1692764581821939f,3.6293402777777777f,0.11656508145297692f,0.1248570058114819f,0.9853036637938846f,-0.04066911178186947f,0f,0f,0f,1f],start_interpolation:0}
execute if entity @s[tag=aj.favor_incantations.locator_origin.messermers_orb] at @s on origin run tp @s ^-0.71423 ^3.91894 ^-0.41634 ~-85.20781 ~-42.94159
execute if entity @s[tag=aj.favor_incantations.bone.messermers_orb] run data modify entity @s {} merge value {transformation:[0.000004168266694258566f,0.000005423104643810323f,-0.00000729489470710974f,-0.7142281251148542f,-0.000003718814206781139f,-0.0000063055472061027345f,-0.000006812524886343741f,3.9189389361522475f,-0.000008294333828643357f,0.000005552477866132648f,-6.115683814010599e-7f,-0.4163356973198915f,0f,0f,0f,1f],start_interpolation:0}
execute if entity @s[tag=aj.favor_incantations.bone.slash_right] run data modify entity @s {} merge value {transformation:[0.000004862977809968327f,0.0000063269554177787105f,-0.00000851071049162803f,-0.8849018048969763f,-0.000004338616574577995f,-0.000007356471740453191f,-0.000007947945700734364f,3.8306137645714444f,-0.000009676722800083917f,0.000006477890843821422f,-7.134964449679032e-7f,-0.4625055911344904f,0f,0f,0f,1f],start_interpolation:0}
execute if entity @s[tag=aj.favor_incantations.locator_origin.twinaxe_right0] at @s on origin run tp @s ^-0.88491 ^3.83061 ^-0.46251 ~-85.20781 ~-42.94159
execute if entity @s[tag=aj.favor_incantations.locator_origin.twinaxe_right1] at @s on origin run tp @s ^-0.8849 ^3.83062 ^-0.46251 ~-85.20781 ~-42.94159
execute if entity @s[tag=aj.favor_incantations.bone.twinaxe_right] run data modify entity @s {} merge value {transformation:[0.000004168266694258566f,0.000005423104643810323f,-0.00000729489470710974f,-0.8849018048969763f,-0.000003718814206781139f,-0.0000063055472061027345f,-0.000006812524886343741f,3.8306137645714444f,-0.000008294333828643357f,0.000005552477866132648f,-6.115683814010599e-7f,-0.4625055911344904f,0f,0f,0f,1f],start_interpolation:0}
execute if entity @s[tag=aj.favor_incantations.bone.left_arm2] run data modify entity @s {} merge value {transformation:[0.41682666942585656f,0.5423104643810323f,-0.7294894707109739f,-0.6047021758587122f,-0.37188142067811386f,-0.6305547206102734f,-0.681252488634374f,3.7845428447920613f,-0.8294333828643357f,0.5552477866132647f,-0.06115683814010599f,-0.22568416423755433f,0f,0f,0f,1f],start_interpolation:0}
execute if entity @s[tag=aj.favor_incantations.bone.left_arm] run data modify entity @s {} merge value {transformation:[-0.20793748984473545f,0.8864487292879892f,-0.41348597395894765f,-0.3702432132795766f,-0.9290990305959994f,-0.04682171709088201f,0.36685517326901024f,3.6918402777777777f,0.3058381788832856f,0.46045236143641455f,0.8333346453766247f,-0.1435396030342844f,0f,0f,0f,1f],start_interpolation:0}
execute if entity @s[tag=aj.favor_incantations.bone.head] run data modify entity @s {} merge value {transformation:[0.999746598807575f,-0.020431081591107476f,0.009450348020196592f,0f,0.02075599984028683f,0.9991481761661815f,-0.03566665858225567f,3.7730902777777775f,-0.00871358957693888f,0.03585377203043898f,0.9993190583531737f,-0.06250000000000001f,0f,0f,0f,1f],start_interpolation:0}
execute if entity @s[tag=aj.favor_incantations.bone.body_top] run data modify entity @s {} merge value {transformation:[0.997556886675031f,0f,-0.06985884229801773f,0f,0f,1f,0f,3.3793402777777777f,0.06985884229801773f,0f,0.997556886675031f,-0.06250000000000001f,0f,0f,0f,1f],start_interpolation:0}
execute if entity @s[tag=aj.favor_incantations.locator_origin.player_camera] at @s on origin run tp @s ^-0.04835 ^2.25434 ^0.24624 ~-171.09954 ~0
execute if entity @s[tag=aj.favor_incantations.bone.body] run data modify entity @s {} merge value {transformation:[0.987958615641939f,0f,-0.154718369235406f,0f,0f,1f,0f,2.9418402777777777f,0.154718369235406f,0f,0.987958615641939f,-0.06250000000000001f,0f,0f,0f,1f],start_interpolation:0}
execute if entity @s[tag=aj.favor_incantations.bone.right_leg2] run data modify entity @s {} merge value {transformation:[0.9752438047771999f,-0.11171576969527391f,0.19083791039802164f,0.18656053817666068f,0.1715509241704875f,0.9267762219188377f,-0.3341498389975626f,2.6659374266231604f,-0.13953423114039962f,0.358615980245217f,0.9229977123768074f,-0.021667613365748604f,0f,0f,0f,1f],start_interpolation:0}
execute if entity @s[tag=aj.favor_incantations.bone.right_leg] run data modify entity @s {} merge value {transformation:[0.9752438047771999f,-0.17129888883940364f,0.1398435265790893f,0.125f,0.1715509241704875f,0.9851209771258918f,0.010341220565285162f,3.0199652777777777f,-0.13953423114039962f,0.013905074933773983f,0.9901196125878649f,-0.016670477061423578f,0f,0f,0f,1f],start_interpolation:0}
execute if entity @s[tag=aj.favor_incantations.bone.left_leg2] run data modify entity @s {} merge value {transformation:[0.9520251483973324f,0.30503288560521374f,-0.02455718873148413f,-0.19837961247094815f,-0.30601897437092346f,0.9491385074950762f,-0.07408428250976762f,2.790755009737692f,0.0007100309889294526f,0.07804506575931347f,0.9969495792499333f,0.20725739275344635f,0f,0f,0f,1f],start_interpolation:0}
execute if entity @s[tag=aj.favor_incantations.bone.left_leg] run data modify entity @s {} merge value {transformation:[0.9520251483973324f,0.2041867477452471f,0.22793834443606892f,-0.125f,-0.30601897437092346f,0.6334934255190702f,0.7106605850538514f,3.0184167095336076f,0.0007100309889294526f,-0.74632020733016f,0.6655866915636622f,-0.060951431755829906f,0f,0f,0f,1f],start_interpolation:0}
execute if entity @s[tag=aj.favor_incantations.locator_origin.lightning_spear_locator0] at @s on origin run tp @s ^-1.34359 ^3.95609 ^0.71005 ~26.86596 ~-2.67756
execute if entity @s[tag=aj.favor_incantations.locator_origin.lightning_spear_locator1] at @s on origin run tp @s ^-0.6758 ^3.88698 ^-0.60818 ~26.86596 ~-2.67756
execute if entity @s[tag=aj.favor_incantations.locator_origin.lightning_spear_locator2] at @s on origin run tp @s ^0.11341 ^3.80531 ^-2.16608 ~26.86596 ~-2.67756
execute if entity @s[tag=aj.favor_incantations.bone.main_lightning_spear] run data modify entity @s {} merge value {transformation:[-3.3166123354361208f,-1.4002928983153453f,1.821247014802863f,-2.716625f,-1.6549665782145389f,3.6746756174746125f,-0.18847547558821726f,4.946125f,-1.59337582352488f,-0.902007305310192f,-3.595165445392079f,-1.546625f,0f,0f,0f,1f],start_interpolation:0}
execute if entity @s[tag=aj.favor_incantations.locator_origin.lightning_spear0_locator0] at @s on origin run tp @s ^0.00001 ^0.00002 ^0.00001 ~0 ~0
execute if entity @s[tag=aj.favor_incantations.locator_origin.lightning_spear0_locator1] at @s on origin run tp @s ^0.00001 ^0.00002 ^0 ~0 ~0
execute if entity @s[tag=aj.favor_incantations.locator_origin.lightning_spear1_locator0] at @s on origin run tp @s ^-0.00001 ^0.00002 ^0 ~0 ~0
execute if entity @s[tag=aj.favor_incantations.locator_origin.lightning_spear1_locator1] at @s on origin run tp @s ^-0.00001 ^0.00002 ^0.00001 ~0 ~0
execute if entity @s[tag=aj.favor_incantations.locator_origin.lightning_spear2_locator0] at @s on origin run tp @s ^0.00002 ^0.00001 ^0 ~0 ~0
execute if entity @s[tag=aj.favor_incantations.locator_origin.lightning_spear2_locator1] at @s on origin run tp @s ^0.00002 ^0.00001 ^0.00001 ~0 ~0
execute if entity @s[tag=aj.favor_incantations.locator_origin.lightning_spear3_locator0] at @s on origin run tp @s ^-0.00002 ^0.00001 ^0.00001 ~0 ~0
execute if entity @s[tag=aj.favor_incantations.locator_origin.lightning_spear3_locator1] at @s on origin run tp @s ^-0.00002 ^0.00001 ^0 ~0 ~0
execute if entity @s[tag=aj.favor_incantations.locator_origin.lightning_spear4_locator0] at @s on origin run tp @s ^-0.00001 ^0.00001 ^0.00001 ~0 ~0
execute if entity @s[tag=aj.favor_incantations.locator_origin.lightning_spear4_locator1] at @s on origin run tp @s ^-0.00001 ^0.00001 ^0 ~0 ~0
execute if entity @s[tag=aj.favor_incantations.locator_origin.lightning_spear5_locator1] at @s on origin run tp @s ^0.00001 ^0.00001 ^0.00001 ~0 ~0
execute if entity @s[tag=aj.favor_incantations.locator_origin.lightning_spear5_locator0] at @s on origin run tp @s ^0.00001 ^0.00001 ^0 ~0 ~0
execute if entity @s[tag=aj.favor_incantations.locator_origin.blackhole0] at @s on origin run tp @s ^0 ^1.1875 ^-0.625 ~0 ~0
execute if entity @s[tag=aj.favor_incantations.locator_origin.blackhole1] at @s on origin run tp @s ^0 ^1.1875 ^-0.625 ~0 ~0
execute if entity @s[tag=aj.favor_incantations.locator_origin.blackhole2] at @s on origin run tp @s ^0 ^1.1875 ^-0.625 ~0 ~0
execute if entity @s[tag=aj.favor_incantations.locator_origin.blackhole3] at @s on origin run tp @s ^0 ^1.1875 ^-0.625 ~0 ~0