execute if entity @s[tag=aj.favor_incantations.bone.slash_left] run data modify entity @s {} merge value {transformation:[0.000008797108683899963f,-0.000006210275358964666f,-0.000004489372994149555f,0.006473382835002817f,0.000006569921743794746f,0.00000963049536188028f,-4.4810542992312085e-7f,2.9337139782275217f,0.000003944378049220944f,-0.0000021902397498333143f,0.00001075898892806314f,-0.056152875020484515f,0f,0f,0f,1f],start_interpolation:0}
execute if entity @s[tag=aj.favor_incantations.locator_origin.twinaxe_left0] at @s on origin run tp @s ^0.00648 ^2.93372 ^-0.05615 ~-157.35082 ~-2.20122
execute if entity @s[tag=aj.favor_incantations.locator_origin.twinaxe_left1] at @s on origin run tp @s ^0.00648 ^2.93372 ^-0.05615 ~-157.35082 ~-2.20122
execute if entity @s[tag=aj.favor_incantations.bone.twinaxe_left] run data modify entity @s {} merge value {transformation:[0.000007540378871914253f,-0.000005323093164826856f,-0.000003848033994985333f,0.006473382835002817f,0.0000056313614946812104f,0.000008254710310183096f,-3.8409036850553214e-7f,2.9337139782275217f,0.0000033808954707608088f,-0.0000018773483569999837f,0.000009221990509768406f,-0.056152875020484515f,0f,0f,0f,1f],start_interpolation:0}
execute if entity @s[tag=aj.favor_incantations.bone.right_arm2] run data modify entity @s {} merge value {transformation:[0.7540378871914252f,-0.5323093164826855f,-0.38480339949853326f,0.43067840628424336f,0.563136149468121f,0.8254710310183094f,-0.03840903685055321f,3.5860314725895552f,0.33808954707608085f,-0.18773483569999835f,0.9221990509768405f,-0.055295769620086026f,0f,0f,0f,1f],start_interpolation:0}
execute if entity @s[tag=aj.favor_incantations.bone.right_arm] run data modify entity @s {} merge value {transformation:[0.7540378871914252f,-0.5323093164826855f,-0.38480339949853326f,0.297601077163572f,0.563136149468121f,0.8254710310183094f,-0.03840903685055321f,3.7923992303441327f,0.33808954707608085f,-0.18773483569999835f,0.9221990509768405f,-0.10222947854508561f,0f,0f,0f,1f],start_interpolation:0}
execute if entity @s[tag=aj.favor_incantations.locator_origin.messermers_orb] at @s on origin run tp @s ^-0.43503 ^4.03408 ^-0.869 ~-56.85037 ~-44.89971
execute if entity @s[tag=aj.favor_incantations.bone.messermers_orb] run data modify entity @s {} merge value {transformation:[0.000007974977386340756f,0.0000011081747351252152f,-0.000005930572016575105f,-0.4350256326684902f,-0.000004487612646467676f,-0.000005480544558867214f,-0.000007058680051789736f,4.034075463987238f,-0.000004032501509313659f,0.000008290692377280751f,-0.000003873415996595502f,-0.8689981526085084f,0f,0f,0f,1f],start_interpolation:0}
execute if entity @s[tag=aj.favor_incantations.bone.slash_right] run data modify entity @s {} merge value {transformation:[0.000009304140284064216f,0.0000012928705243127512f,-0.000006919000686004289f,-0.553149950073806f,-0.000005235548087545623f,-0.0000063939686520117495f,-0.000008235126727088026f,3.9359786165091f,-0.000004704585094199269f,0.000009672474440160878f,-0.0000045189853293614195f,-0.9934415299026789f,0f,0f,0f,1f],start_interpolation:0}
execute if entity @s[tag=aj.favor_incantations.locator_origin.twinaxe_right0] at @s on origin run tp @s ^-0.55315 ^3.93598 ^-0.99344 ~-56.85037 ~-44.89971
execute if entity @s[tag=aj.favor_incantations.locator_origin.twinaxe_right1] at @s on origin run tp @s ^-0.55315 ^3.93598 ^-0.99344 ~-56.85037 ~-44.89971
execute if entity @s[tag=aj.favor_incantations.bone.twinaxe_right] run data modify entity @s {} merge value {transformation:[0.000007974977386340756f,0.0000011081747351252152f,-0.000005930572016575105f,-0.553149950073806f,-0.000004487612646467676f,-0.000005480544558867214f,-0.000007058680051789736f,3.9359786165091f,-0.000004032501509313659f,0.000008290692377280751f,-0.000003873415996595502f,-0.9934415299026789f,0f,0f,0f,1f],start_interpolation:0}
execute if entity @s[tag=aj.favor_incantations.bone.left_arm2] run data modify entity @s {} merge value {transformation:[0.7974977386340755f,0.1108174735125215f,-0.5930572016575104f,-0.45716487295498953f,-0.4487612646467676f,-0.5480544558867213f,-0.7058680051789735f,3.9251094290559805f,-0.4032501509313659f,0.8290692377280751f,-0.38734159965955023f,-0.6365277087432794f,0f,0f,0f,1f],start_interpolation:0}
execute if entity @s[tag=aj.favor_incantations.bone.left_arm] run data modify entity @s {} merge value {transformation:[-0.37871234850478364f,0.47045022983568496f,-0.7970279407508511f,-0.31340759098068904f,-0.8954037404925403f,0.03163650481084485f,0.44412979305077077f,3.8492977094122347f,0.2341561414995524f,0.8818592363925801f,0.4092617604750499f,-0.42700700083110293f,0f,0f,0f,1f],start_interpolation:0}
execute if entity @s[tag=aj.favor_incantations.bone.head] run data modify entity @s {} merge value {transformation:[0.9997008451255085f,-0.01783813598984763f,0.016733832787253655f,0.008650803932781916f,0.01883589068433348f,0.9979296277823623f,-0.06149526173847645f,3.934803811989588f,-0.015602226683134268f,0.06179206177627988f,0.9979670894493289f,-0.22284866120785535f,0f,0f,0f,1f],start_interpolation:0}
execute if entity @s[tag=aj.favor_incantations.bone.body_top] run data modify entity @s {} merge value {transformation:[0.9294280861389249f,0.01040698217477522f,-0.3688565133194061f,0.004553054701464173f,0.00396619509369367f,0.9992627312155449f,0.03818721383039658f,3.5413441115734674f,0.36898198057982995f,-0.036955225958767754f,0.9287015717019771f,-0.20829754098659053f,0f,0f,0f,1f],start_interpolation:0}
execute if entity @s[tag=aj.favor_incantations.locator_origin.player_camera] at @s on origin run tp @s ^-0.15619 ^2.42887 ^0.1077 ~-151.49352 ~2.14583
execute if entity @s[tag=aj.favor_incantations.bone.body] run data modify entity @s {} merge value {transformation:[0.8788832157071161f,0.01040698217477522f,-0.47692346122866797f,1.3877787807814457e-17f,0.00848595483399435f,0.9992627312155449f,0.037443057757147444f,3.1041666666666665f,0.47696150968277745f,-0.036955225958767754f,0.8781469293663005f,-0.19212962962962965f,0f,0f,0f,1f],start_interpolation:0}
execute if entity @s[tag=aj.favor_incantations.bone.right_leg2] run data modify entity @s {} merge value {transformation:[0.898664285523044f,-0.43491019266755004f,-0.05705809529971426f,0.24530872232478063f,0.33570126383994325f,0.7656542811164921f,-0.5487059169211249f,2.844190291191851f,0.28232457098457014f,0.4739479360877754f,0.8340660588325822f,-0.11236012086883243f,0f,0f,0f,1f],start_interpolation:0}
execute if entity @s[tag=aj.favor_incantations.bone.right_leg] run data modify entity @s {} merge value {transformation:[0.898664285523044f,-0.33477209690373744f,-0.2834257311184562f,0.125f,0.33570126383994325f,0.9408038274081832f,-0.04682755375180403f,3.1822916666666665f,0.28232457098457014f,-0.05306412600606879f,0.9578502154040529f,-0.1314300411522634f,0f,0f,0f,1f],start_interpolation:0}
execute if entity @s[tag=aj.favor_incantations.bone.left_leg2] run data modify entity @s {} merge value {transformation:[0.8944160788742187f,0.21172583123914368f,-0.39394422224137393f,-0.27290413220909066f,-0.20819727325893f,0.9766913026416939f,0.052230209186038656f,2.9640943781498645f,0.3958203800448049f,0.03530257398780717f,0.9176491459218068f,-0.053691439660255635f,0f,0f,0f,1f],start_interpolation:0}
execute if entity @s[tag=aj.favor_incantations.bone.left_leg] run data modify entity @s {} merge value {transformation:[0.8944160788742187f,0.41155932440790444f,-0.17503942511382012f,-0.12499999999999999f,-0.20819727325893f,0.7295409252126146f,0.6514782681313849f,3.226273148148148f,0.3958203800448049f,-0.5462499070323321f,0.7381986628329495f,-0.25f,0f,0f,0f,1f],start_interpolation:0}
execute if entity @s[tag=aj.favor_incantations.locator_origin.lightning_spear_locator0] at @s on origin run tp @s ^-2.4271 ^4.88769 ^1.04769 ~50.81071 ~-25.94895
execute if entity @s[tag=aj.favor_incantations.locator_origin.lightning_spear_locator1] at @s on origin run tp @s ^-0.71575 ^3.8132 ^-0.34752 ~50.81071 ~-25.94895
execute if entity @s[tag=aj.favor_incantations.locator_origin.lightning_spear_locator2] at @s on origin run tp @s ^1.30675 ^2.54335 ^-1.9964 ~50.81071 ~-25.94895
execute if entity @s[tag=aj.favor_incantations.bone.main_lightning_spear] run data modify entity @s {} merge value {transformation:[-4.780270401676858f,-0.46406193139776947f,4.667322907778325f,-2.9999999999999996f,-3.3471520419669814f,5.005940704199829f,-2.930421913101311f,4.908125f,-3.2857008095079516f,-4.42441475278431f,-3.805123651149342f,-3.5996874999999995f,0f,0f,0f,1f],start_interpolation:0}
execute if entity @s[tag=aj.favor_incantations.locator_origin.lightning_spear0_locator0] at @s on origin run tp @s ^0.00001 ^0.00002 ^0.00001 ~0 ~0
execute if entity @s[tag=aj.favor_incantations.locator_origin.lightning_spear0_locator1] at @s on origin run tp @s ^0.00001 ^0.00002 ^0 ~0 ~0
execute if entity @s[tag=aj.favor_incantations.locator_origin.lightning_spear1_locator0] at @s on origin run tp @s ^-0.00001 ^0.00002 ^0 ~0 ~0
execute if entity @s[tag=aj.favor_incantations.locator_origin.lightning_spear1_locator1] at @s on origin run tp @s ^-0.00001 ^0.00002 ^0.00001 ~0 ~0
execute if entity @s[tag=aj.favor_incantations.locator_origin.lightning_spear2_locator0] at @s on origin run tp @s ^0.00002 ^0.00001 ^0 ~0 ~0
execute if entity @s[tag=aj.favor_incantations.locator_origin.lightning_spear2_locator1] at @s on origin run tp @s ^0.00002 ^0.00001 ^0.00001 ~0 ~0
execute if entity @s[tag=aj.favor_incantations.locator_origin.lightning_spear3_locator0] at @s on origin run tp @s ^-0.00002 ^0.00001 ^0.00001 ~0 ~0
execute if entity @s[tag=aj.favor_incantations.locator_origin.lightning_spear3_locator1] at @s on origin run tp @s ^-0.00002 ^0.00001 ^0 ~0 ~0
execute if entity @s[tag=aj.favor_incantations.locator_origin.lightning_spear4_locator0] at @s on origin run tp @s ^-0.00001 ^0.00001 ^0.00001 ~0 ~0
execute if entity @s[tag=aj.favor_incantations.locator_origin.lightning_spear4_locator1] at @s on origin run tp @s ^-0.00001 ^0.00001 ^0 ~0 ~0
execute if entity @s[tag=aj.favor_incantations.locator_origin.lightning_spear5_locator1] at @s on origin run tp @s ^0.00001 ^0.00001 ^0.00001 ~0 ~0
execute if entity @s[tag=aj.favor_incantations.locator_origin.lightning_spear5_locator0] at @s on origin run tp @s ^0.00001 ^0.00001 ^0 ~0 ~0
execute if entity @s[tag=aj.favor_incantations.locator_origin.blackhole0] at @s on origin run tp @s ^0 ^1.1875 ^-0.625 ~0 ~0
execute if entity @s[tag=aj.favor_incantations.locator_origin.blackhole1] at @s on origin run tp @s ^0 ^1.1875 ^-0.625 ~0 ~0
execute if entity @s[tag=aj.favor_incantations.locator_origin.blackhole2] at @s on origin run tp @s ^0 ^1.1875 ^-0.625 ~0 ~0
execute if entity @s[tag=aj.favor_incantations.locator_origin.blackhole3] at @s on origin run tp @s ^0 ^1.1875 ^-0.625 ~0 ~0