execute if entity @s[tag=aj.favor_incantations.bone.slash_left] run data modify entity @s {} merge value {transformation:[0.000009418715480993403f,-0.000006787332668442493f,0.0000011537005881508573f,0.1012583039439468f,0.000006652809154282935f,0.0000084696723170643f,-0.000004485074392845114f,2.735543398165741f,0.00000177173365828375f,0.000004278770524409914f,0.00001070813680126737f,-0.16582511572446154f,0f,0f,0f,1f],start_interpolation:0}
execute if entity @s[tag=aj.favor_incantations.locator_origin.twinaxe_left0] at @s on origin run tp @s ^0.10126 ^2.73555 ^-0.16583 ~173.85064 ~-22.60867
execute if entity @s[tag=aj.favor_incantations.locator_origin.twinaxe_left1] at @s on origin run tp @s ^0.10127 ^2.73555 ^-0.16582 ~173.85064 ~-22.60867
execute if entity @s[tag=aj.favor_incantations.bone.twinaxe_left] run data modify entity @s {} merge value {transformation:[0.000008073184697994345f,-0.000005817713715807851f,9.888862184150205e-7f,0.1012583039439468f,0.00000570240784652823f,0.000007259719128912256f,-0.0000038443494795815264f,2.735543398165741f,0.0000015186288499575f,0.0000036675175923513547f,0.000009178402972514887f,-0.16582511572446154f,0f,0f,0f,1f],start_interpolation:0}
execute if entity @s[tag=aj.favor_incantations.bone.right_arm2] run data modify entity @s {} merge value {transformation:[0.8073184697994344f,-0.5817713715807851f,0.09888862184150203f,0.45594458171678104f,0.5702407846528229f,0.7259719128912255f,-0.38443494795815264f,3.426531713135218f,0.15186288499574999f,0.3667517592351354f,0.9178402972514886f,-0.11890451326355772f,0f,0f,0f,1f],start_interpolation:0}
execute if entity @s[tag=aj.favor_incantations.bone.right_arm] run data modify entity @s {} merge value {transformation:[0.8073184697994344f,-0.5817713715807851f,0.09888862184150203f,0.31050173882158477f,0.5702407846528229f,0.7259719128912255f,-0.38443494795815264f,3.6080246913580245f,0.15186288499574999f,0.3667517592351354f,0.9178402972514886f,-0.027216573454773872f,0f,0f,0f,1f],start_interpolation:0}
execute if entity @s[tag=aj.favor_incantations.locator_origin.messermers_orb] at @s on origin run tp @s ^-0.60359 ^4.07504 ^-0.26852 ~-80.37472 ~-18.74741
execute if entity @s[tag=aj.favor_incantations.bone.messermers_orb] run data modify entity @s {} merge value {transformation:[0.0000024650255284853266f,0.0000026000293425636263f,-0.000009336139274974629f,-0.6035931970941609f,-0.0000025551097983988992f,-0.000009118214473577663f,-0.0000032139661995678724f,4.0750421703451885f,-0.00000934853266892947f,0.000003177736967032824f,-0.0000015833271002264358f,-0.2685202168772818f,0f,0f,0f,1f],start_interpolation:0}
execute if entity @s[tag=aj.favor_incantations.bone.slash_right] run data modify entity @s {} merge value {transformation:[0.0000028758631165662143f,0.000003033367566324231f,-0.0000108921624874704f,-0.7948959918909579f,-0.0000029809614314653826f,-0.000010637916885840608f,-0.000003749627232829185f,4.071769144563151f,-0.000010906621447084383f,0.000003707359794871628f,-0.0000018472149502641753f,-0.3180684560504826f,0f,0f,0f,1f],start_interpolation:0}
execute if entity @s[tag=aj.favor_incantations.locator_origin.twinaxe_right0] at @s on origin run tp @s ^-0.7949 ^4.07177 ^-0.31807 ~-80.37472 ~-18.74741
execute if entity @s[tag=aj.favor_incantations.locator_origin.twinaxe_right1] at @s on origin run tp @s ^-0.79489 ^4.07177 ^-0.31807 ~-80.37472 ~-18.74741
execute if entity @s[tag=aj.favor_incantations.bone.twinaxe_right] run data modify entity @s {} merge value {transformation:[0.0000024650255284853266f,0.0000026000293425636263f,-0.000009336139274974629f,-0.7948959918909579f,-0.0000025551097983988992f,-0.000009118214473577663f,-0.0000032139661995678724f,4.071769144563151f,-0.00000934853266892947f,0.000003177736967032824f,-0.0000015833271002264358f,-0.3180684560504826f,0f,0f,0f,1f],start_interpolation:0}
execute if entity @s[tag=aj.favor_incantations.bone.left_arm2] run data modify entity @s {} merge value {transformation:[0.24650255284853262f,0.2600029342563626f,-0.9336139274974627f,-0.5539988730831036f,-0.2555109798398899f,-0.9118214473577662f,-0.3213966199567872f,3.8630562447457404f,-0.934853266892947f,0.31777369670328237f,-0.15833271002264357f,-0.13064846352065204f,0f,0f,0f,1f],start_interpolation:0}
execute if entity @s[tag=aj.favor_incantations.bone.left_arm] run data modify entity @s {} merge value {transformation:[-0.5484861899770447f,0.8005366134992106f,-0.24146227417897087f,-0.3730537144456806f,-0.83273995527607f,-0.4968811853677224f,0.24424015745649938f,3.6715246913580244f,0.07554512751510689f,0.3350376368033633f,0.9391712919558092f,-0.1008656895973551f,0f,0f,0f,1f],start_interpolation:0}
execute if entity @s[tag=aj.favor_incantations.bone.head] run data modify entity @s {} merge value {transformation:[0.77889059416382f,0.1535002495263072f,-0.6080847931978672f,0f,0.06395097781005427f,0.9450920474396859f,0.32048602824990735f,3.7517746913580243f,0.6238907875263663f,-0.28851117008120136f,0.7263068153185034f,-0.06250000000000001f,0f,0f,0f,1f],start_interpolation:0}
execute if entity @s[tag=aj.favor_incantations.bone.body_top] run data modify entity @s {} merge value {transformation:[0.9936055642290712f,0f,-0.11290696494472365f,0f,0f,1f,0f,3.3580246913580245f,0.11290696494472365f,0f,0.9936055642290712f,-0.06250000000000001f,0f,0f,0f,1f],start_interpolation:0}
execute if entity @s[tag=aj.favor_incantations.locator_origin.player_camera] at @s on origin run tp @s ^-0.05061 ^2.23302 ^0.24587 ~-170.68 ~0
execute if entity @s[tag=aj.favor_incantations.bone.body] run data modify entity @s {} merge value {transformation:[0.9867992459100239f,0f,-0.16194828888076637f,0f,0f,1f,0f,2.9205246913580245f,0.16194828888076637f,0f,0.9867992459100239f,-0.06250000000000001f,0f,0f,0f,1f],start_interpolation:0}
execute if entity @s[tag=aj.favor_incantations.bone.right_leg2] run data modify entity @s {} merge value {transformation:[0.9767528057287221f,-0.11922330446797574f,0.17815656084692913f,0.18166307183748986f,0.18358720802722162f,0.894310661585749f,-0.4080492343122698f,2.6518332896896903f,-0.11067833369652282f,0.43127050008758583f,0.895408321496045f,-0.11058060990573276f,0f,0f,0f,1f],start_interpolation:0}
execute if entity @s[tag=aj.favor_incantations.bone.right_leg] run data modify entity @s {} merge value {transformation:[0.9767528057287221f,-0.15767115641736312f,0.14523692001375071f,0.125f,0.18358720802722162f,0.9650543350771037f,-0.18699162387031937f,2.9986496913580245f,-0.11067833369652282f,0.20930823391090175f,0.9715659368603143f,-0.03536046334400244f,0f,0f,0f,1f],start_interpolation:0}
execute if entity @s[tag=aj.favor_incantations.bone.left_leg2] run data modify entity @s {} merge value {transformation:[0.9537169559473803f,0.2779763470577774f,-0.11468704554079702f,-0.21484321930517994f,-0.2995615117014446f,0.9115140509088497f,-0.2817889914508439f,2.727655010156903f,0.026208178983058772f,0.30310276388075497f,0.952597420677927f,0.16582350110596653f,0f,0f,0f,1f],start_interpolation:0}
execute if entity @s[tag=aj.favor_incantations.bone.left_leg] run data modify entity @s {} merge value {transformation:[0.9537169559473803f,0.24999852328397898f,0.16710687087697085f,-0.125f,-0.2995615117014446f,0.7414431828066756f,0.6004372634810831f,2.994111153978052f,0.026208178983058772f,-0.6227059860201571f,0.7820168708723974f,-0.057961462620027444f,0f,0f,0f,1f],start_interpolation:0}
execute if entity @s[tag=aj.favor_incantations.locator_origin.lightning_spear_locator0] at @s on origin run tp @s ^-0.81232 ^4.28041 ^0.33651 ~15.69284 ~-16.88547
execute if entity @s[tag=aj.favor_incantations.locator_origin.lightning_spear_locator1] at @s on origin run tp @s ^-0.63438 ^4.08072 ^-0.29683 ~15.69284 ~-16.88547
execute if entity @s[tag=aj.favor_incantations.locator_origin.lightning_spear_locator2] at @s on origin run tp @s ^-0.42409 ^3.84472 ^-1.04532 ~15.69284 ~-16.88547
execute if entity @s[tag=aj.favor_incantations.bone.main_lightning_spear] run data modify entity @s {} merge value {transformation:[-1.8111109652079715f,2.30535182520262e-8f,0.48528555686672653f,-1.375f,-0.14592818767850976f,1.7882192490904574f,-0.5446116792938125f,4.875f,-0.46282505954660125f,-0.5638234805170501f,-1.7272871929917517f,-0.6875000000000002f,0f,0f,0f,1f],start_interpolation:0}
execute if entity @s[tag=aj.favor_incantations.locator_origin.lightning_spear0_locator0] at @s on origin run tp @s ^0.00001 ^0.00002 ^0.00001 ~0 ~0
execute if entity @s[tag=aj.favor_incantations.locator_origin.lightning_spear0_locator1] at @s on origin run tp @s ^0.00001 ^0.00002 ^0 ~0 ~0
execute if entity @s[tag=aj.favor_incantations.locator_origin.lightning_spear1_locator0] at @s on origin run tp @s ^-0.00001 ^0.00002 ^0 ~0 ~0
execute if entity @s[tag=aj.favor_incantations.locator_origin.lightning_spear1_locator1] at @s on origin run tp @s ^-0.00001 ^0.00002 ^0.00001 ~0 ~0
execute if entity @s[tag=aj.favor_incantations.locator_origin.lightning_spear2_locator0] at @s on origin run tp @s ^0.00002 ^0.00001 ^0 ~0 ~0
execute if entity @s[tag=aj.favor_incantations.locator_origin.lightning_spear2_locator1] at @s on origin run tp @s ^0.00002 ^0.00001 ^0.00001 ~0 ~0
execute if entity @s[tag=aj.favor_incantations.locator_origin.lightning_spear3_locator0] at @s on origin run tp @s ^-0.00002 ^0.00001 ^0.00001 ~0 ~0
execute if entity @s[tag=aj.favor_incantations.locator_origin.lightning_spear3_locator1] at @s on origin run tp @s ^-0.00002 ^0.00001 ^0 ~0 ~0
execute if entity @s[tag=aj.favor_incantations.locator_origin.lightning_spear4_locator0] at @s on origin run tp @s ^-0.00001 ^0.00001 ^0.00001 ~0 ~0
execute if entity @s[tag=aj.favor_incantations.locator_origin.lightning_spear4_locator1] at @s on origin run tp @s ^-0.00001 ^0.00001 ^0 ~0 ~0
execute if entity @s[tag=aj.favor_incantations.locator_origin.lightning_spear5_locator1] at @s on origin run tp @s ^0.00001 ^0.00001 ^0.00001 ~0 ~0
execute if entity @s[tag=aj.favor_incantations.locator_origin.lightning_spear5_locator0] at @s on origin run tp @s ^0.00001 ^0.00001 ^0 ~0 ~0
execute if entity @s[tag=aj.favor_incantations.locator_origin.blackhole0] at @s on origin run tp @s ^0 ^1.1875 ^-0.625 ~0 ~0
execute if entity @s[tag=aj.favor_incantations.locator_origin.blackhole1] at @s on origin run tp @s ^0 ^1.1875 ^-0.625 ~0 ~0
execute if entity @s[tag=aj.favor_incantations.locator_origin.blackhole2] at @s on origin run tp @s ^0 ^1.1875 ^-0.625 ~0 ~0
execute if entity @s[tag=aj.favor_incantations.locator_origin.blackhole3] at @s on origin run tp @s ^0 ^1.1875 ^-0.625 ~0 ~0