execute if entity @s[tag=aj.favor_incantations.bone.slash_left] run data modify entity @s {} merge value {transformation:[0.000010121013309726573f,-0.000005802058848675465f,1.1096761669709226e-7f,-0.0025550471599008473f,0.0000057415927084404135f,0.000009979474976780909f,-0.0000018855512375161552f,2.5097672853608834f,8.428012018457088e-7f,0.000001690356002569153f,0.000011512753529449723f,0.0014763551022616006f,0f,0f,0f,1f],start_interpolation:0}
execute if entity @s[tag=aj.favor_incantations.locator_origin.twinaxe_left0] at @s on origin run tp @s ^-0.00255 ^2.50977 ^0.00147 ~179.44776 ~-9.30086
execute if entity @s[tag=aj.favor_incantations.locator_origin.twinaxe_left1] at @s on origin run tp @s ^-0.00255 ^2.50977 ^0.00148 ~179.44776 ~-9.30086
execute if entity @s[tag=aj.favor_incantations.bone.twinaxe_left] run data modify entity @s {} merge value {transformation:[0.00000867515426547992f,-0.000004973193298864684f,9.511510002607908e-8f,-0.0025550471599008473f,0.000004921365178663211f,0.000008553835694383636f,-0.0000016161867750138472f,2.5097672853608834f,7.224010301534647e-7f,0.0000014488765736307025f,0.000009868074453814048f,0.0014763551022616006f,0f,0f,0f,1f],start_interpolation:0}
execute if entity @s[tag=aj.favor_incantations.bone.right_arm2] run data modify entity @s {} merge value {transformation:[0.8675154265479919f,-0.49731932988646843f,0.009511510002607908f,0.4366661098768332f,0.4921365178663211f,0.8553835694383635f,-0.1616186775013847f,3.1457220088749773f,0.07224010301534646f,0.14488765736307024f,0.9868074453814046f,-0.08860757715774165f,0f,0f,0f,1f],start_interpolation:0}
execute if entity @s[tag=aj.favor_incantations.bone.right_arm] run data modify entity @s {} merge value {transformation:[0.8675154265479919f,-0.49731932988646843f,0.009511510002607908f,0.3123362774052161f,0.4921365178663211f,0.8553835694383635f,-0.1616186775013847f,3.359567901234568f,0.07224010301534646f,0.14488765736307024f,0.9868074453814046f,-0.052385662816974085f,0f,0f,0f,1f],start_interpolation:0}
execute if entity @s[tag=aj.favor_incantations.locator_origin.messermers_orb] at @s on origin run tp @s ^-0.77337 ^3.60746 ^-0.21463 ~-89.90276 ~-39.63757
execute if entity @s[tag=aj.favor_incantations.bone.messermers_orb] run data modify entity @s {} merge value {transformation:[0.0000020664994374997566f,0.000006035321199562778f,-0.000007700940078517773f,-0.7733652639257798f,-0.000002475239597323902f,-0.000007292313613875566f,-0.000006379290798570395f,3.607460007857652f,-0.000009465873916900278f,0.0000032244472665858933f,-1.3069596541951252e-8f,-0.2146349193753573f,0f,0f,0f,1f],start_interpolation:0}
execute if entity @s[tag=aj.favor_incantations.bone.slash_right] run data modify entity @s {} merge value {transformation:[0.000002410916010416383f,0.000007041208066156575f,-0.000008984430091604069f,-0.9554786478952553f,-0.0000028877795302112193f,-0.00000850769921618816f,-0.000007442505931665462f,3.5334252654711795f,-0.000011043519569716992f,0.000003761855144350209f,-1.524786263227646e-8f,-0.23503276972668072f,0f,0f,0f,1f],start_interpolation:0}
execute if entity @s[tag=aj.favor_incantations.locator_origin.twinaxe_right0] at @s on origin run tp @s ^-0.95548 ^3.53342 ^-0.23503 ~-89.90276 ~-39.63757
execute if entity @s[tag=aj.favor_incantations.locator_origin.twinaxe_right1] at @s on origin run tp @s ^-0.95548 ^3.53343 ^-0.23503 ~-89.90276 ~-39.63757
execute if entity @s[tag=aj.favor_incantations.bone.twinaxe_right] run data modify entity @s {} merge value {transformation:[0.0000020664994374997566f,0.000006035321199562778f,-0.000007700940078517773f,-0.9554786478952553f,-0.000002475239597323902f,-0.000007292313613875566f,-0.000006379290798570395f,3.5334252654711795f,-0.000009465873916900278f,0.0000032244472665858933f,-1.3069596541951252e-8f,-0.23503276972668072f,0f,0f,0f,1f],start_interpolation:0}
execute if entity @s[tag=aj.favor_incantations.bone.left_arm2] run data modify entity @s {} merge value {transformation:[0.20664994374997567f,0.6035321199562778f,-0.7700940078517773f,-0.6353978554210837f,-0.2475239597323902f,-0.7292313613875565f,-0.6379290798570395f,3.440622414994037f,-0.9465873916900278f,0.3224447266585893f,-0.001306959654195125f,-0.07486202573008324f,0f,0f,0f,1f],start_interpolation:0}
execute if entity @s[tag=aj.favor_incantations.bone.left_arm] run data modify entity @s {} merge value {transformation:[-0.01246470850083745f,0.9852321220270532f,-0.17076971853364148f,-0.3791957617872701f,-0.9606691114914846f,0.03558211203537154f,0.2754065568015106f,3.372263213734568f,0.27741573363482935f,0.16748605622311447f,0.9460385466262341f,-0.07477943748626743f,0f,0f,0f,1f],start_interpolation:0}
execute if entity @s[tag=aj.favor_incantations.bone.head] run data modify entity @s {} merge value {transformation:[0.9339071105211193f,0.023771542893821815f,-0.3567245753610775f,0f,-0.0008107954807443987f,0.9979252914797984f,0.06437744353147196f,3.503317901234568f,0.35751482700551357f,-0.05983332159764028f,0.931988799341393f,-0.06250000000000001f,0f,0f,0f,1f],start_interpolation:0}
execute if entity @s[tag=aj.favor_incantations.bone.body_top] run data modify entity @s {} merge value {transformation:[0.9994760876966914f,0f,-0.03236587898568298f,0f,0f,1f,0f,3.109567901234568f,0.03236587898568298f,0f,0.9994760876966914f,-0.06250000000000001f,0f,0f,0f,1f],start_interpolation:0}
execute if entity @s[tag=aj.favor_incantations.locator_origin.player_camera] at @s on origin run tp @s ^-0.01415 ^1.98457 ^0.24968 ~-177.40525 ~0
execute if entity @s[tag=aj.favor_incantations.bone.body] run data modify entity @s {} merge value {transformation:[0.9989747204702009f,0f,-0.04527149060373562f,0f,0f,1f,0f,2.672067901234568f,0.04527149060373562f,0f,0.9989747204702009f,-0.06250000000000001f,0f,0f,0f,1f],start_interpolation:0}
execute if entity @s[tag=aj.favor_incantations.bone.right_leg2] run data modify entity @s {} merge value {transformation:[0.974064540670152f,-0.1931950492765452f,0.1177877054028941f,0.20596953853879502f,0.19328699738513122f,0.9810833473472266f,0.010751846343833305f,2.4696659639957086f,-0.11763675977723108f,0.012293839635947656f,0.9929805910772473f,0.15408907345525194f,0f,0f,0f,1f],start_interpolation:0}
execute if entity @s[tag=aj.favor_incantations.bone.right_leg] run data modify entity @s {} merge value {transformation:[0.974064540670152f,-0.22530654202099482f,-0.020862232181322396f,0.125f,0.19328699738513122f,0.7805966949255224f,0.594397961397237f,2.750192901234568f,-0.11763675977723108f,-0.5830143754607537f,0.8039003860897327f,-0.05543171772595642f,0f,0f,0f,1f],start_interpolation:0}
execute if entity @s[tag=aj.favor_incantations.bone.left_leg2] run data modify entity @s {} merge value {transformation:[0.9489931496850739f,0.2647058910153871f,-0.17129738209486162f,-0.2382946540664122f,-0.3140936804242242f,0.8410969345621181f,-0.44034203363723246f,2.4087828194277794f,0.027516572613032805f,0.47168499862933755f,0.8813376766595614f,-0.037383227285109455f,0f,0f,0f,1f],start_interpolation:0}
execute if entity @s[tag=aj.favor_incantations.bone.left_leg] run data modify entity @s {} merge value {transformation:[0.9489931496850739f,0.31525468957610353f,-0.005146120002254336f,-0.125f,-0.3140936804242242f,0.9466707685798021f,0.07183046591866242f,2.7489926268861455f,0.027516572613032805f,-0.06655025632408502f,0.9974035801092908f,-0.061299725651577514f,0f,0f,0f,1f],start_interpolation:0}
execute if entity @s[tag=aj.favor_incantations.locator_origin.lightning_spear_locator0] at @s on origin run tp @s ^-0.84398 ^3.58618 ^-0.1719 ~4.47281 ~-6.22359
execute if entity @s[tag=aj.favor_incantations.locator_origin.lightning_spear_locator1] at @s on origin run tp @s ^-0.83987 ^3.58043 ^-0.22446 ~4.47281 ~-6.22359
execute if entity @s[tag=aj.favor_incantations.locator_origin.lightning_spear_locator2] at @s on origin run tp @s ^-0.83501 ^3.57364 ^-0.28659 ~4.47281 ~-6.22359
execute if entity @s[tag=aj.favor_incantations.bone.main_lightning_spear] run data modify entity @s {} merge value {transformation:[-0.14421722102444667f,-0.00046094295316323415f,0.011214444659034392f,-0.8981481481481481f,-0.0016790003809138221f,0.14379099056613448f,-0.015681679347615638f,3.647384259259259f,-0.011097621147683277f,-0.015764569167423276f,-0.14336284121507478f,-0.23148148148148162f,0f,0f,0f,1f],start_interpolation:0}
execute if entity @s[tag=aj.favor_incantations.locator_origin.lightning_spear0_locator0] at @s on origin run tp @s ^0.00001 ^0.00002 ^0.00001 ~0 ~0
execute if entity @s[tag=aj.favor_incantations.locator_origin.lightning_spear0_locator1] at @s on origin run tp @s ^0.00001 ^0.00002 ^0 ~0 ~0
execute if entity @s[tag=aj.favor_incantations.locator_origin.lightning_spear1_locator0] at @s on origin run tp @s ^-0.00001 ^0.00002 ^0 ~0 ~0
execute if entity @s[tag=aj.favor_incantations.locator_origin.lightning_spear1_locator1] at @s on origin run tp @s ^-0.00001 ^0.00002 ^0.00001 ~0 ~0
execute if entity @s[tag=aj.favor_incantations.locator_origin.lightning_spear2_locator0] at @s on origin run tp @s ^0.00002 ^0.00001 ^0 ~0 ~0
execute if entity @s[tag=aj.favor_incantations.locator_origin.lightning_spear2_locator1] at @s on origin run tp @s ^0.00002 ^0.00001 ^0.00001 ~0 ~0
execute if entity @s[tag=aj.favor_incantations.locator_origin.lightning_spear3_locator0] at @s on origin run tp @s ^-0.00002 ^0.00001 ^0.00001 ~0 ~0
execute if entity @s[tag=aj.favor_incantations.locator_origin.lightning_spear3_locator1] at @s on origin run tp @s ^-0.00002 ^0.00001 ^0 ~0 ~0
execute if entity @s[tag=aj.favor_incantations.locator_origin.lightning_spear4_locator0] at @s on origin run tp @s ^-0.00001 ^0.00001 ^0.00001 ~0 ~0
execute if entity @s[tag=aj.favor_incantations.locator_origin.lightning_spear4_locator1] at @s on origin run tp @s ^-0.00001 ^0.00001 ^0 ~0 ~0
execute if entity @s[tag=aj.favor_incantations.locator_origin.lightning_spear5_locator1] at @s on origin run tp @s ^0.00001 ^0.00001 ^0.00001 ~0 ~0
execute if entity @s[tag=aj.favor_incantations.locator_origin.lightning_spear5_locator0] at @s on origin run tp @s ^0.00001 ^0.00001 ^0 ~0 ~0
execute if entity @s[tag=aj.favor_incantations.locator_origin.blackhole0] at @s on origin run tp @s ^0 ^1.1875 ^-0.625 ~0 ~0
execute if entity @s[tag=aj.favor_incantations.locator_origin.blackhole1] at @s on origin run tp @s ^0 ^1.1875 ^-0.625 ~0 ~0
execute if entity @s[tag=aj.favor_incantations.locator_origin.blackhole2] at @s on origin run tp @s ^0 ^1.1875 ^-0.625 ~0 ~0
execute if entity @s[tag=aj.favor_incantations.locator_origin.blackhole3] at @s on origin run tp @s ^0 ^1.1875 ^-0.625 ~0 ~0