execute if entity @s[tag=aj.gravity_soul_stream.bone.right_arm2] run data modify entity @s {} merge value {transformation:[-0.045760937115950404f,-0.9036079702197769f,0.42590911329715053f,-0.04152907902208047f,0.3849802450329952f,0.3774701433495489f,0.8422033613172094f,1.151741190739746f,-0.9217896438822715f,0.20250660985500163f,0.33059783029600975f,-0.2258004849580132f,0f,0f,0f,1f],start_interpolation:0}
execute if entity @s[tag=aj.gravity_soul_stream.bone.right_arm] run data modify entity @s {} merge value {transformation:[-0.045760937115950404f,-0.6531968545800089f,0.7558040789788402f,-0.2048282926670827f,0.3849802450329952f,0.6866227983766683f,0.6167165829485437f,1.323396890333913f,-0.9217896438822715f,0.31919116829288335f,0.22004738243210098f,-0.14600269288479237f,0f,0f,0f,1f],start_interpolation:0}
execute if entity @s[tag=aj.gravity_soul_stream.bone.meteorite_staff_effects] run data modify entity @s {} merge value {transformation:[-0.27417863230861067f,0.354226809873333f,980.2040567848953f,0.9853274837270652f,-0.8008788722622342f,-0.29184354228398984f,-206.92613986204475f,1.139589657437108f,0.185823089686031f,-0.7351610878611613f,554.4425846778256f,-0.47518118389425f,0f,0f,0f,1f],start_interpolation:0}
execute if entity @s[tag=aj.gravity_soul_stream.bone.gravity_soul_stream_outer_core] run data modify entity @s {} merge value {transformation:[6.731728894341547e-7f,0.001211031828626763f,6.22312244963607e-8f,1.0500189428920135f,4.78583472581361e-8f,-0.0009977557001161908f,6.95835214882957e-7f,1.0972989945483715f,3.0535992618831133e-7f,-0.002513371240550944f,-2.4624677341969833e-7f,-0.5738689883956908f,0f,0f,0f,1f],start_interpolation:0}
execute if entity @s[tag=aj.gravity_soul_stream.locator_origin.gravity_soul_stream0] at @s on origin run tp @s ^1.0504 ^1.09699 ^-0.57465 ~-54.91997 ~24.43974
execute if entity @s[tag=aj.gravity_soul_stream.locator_origin.gravity_soul_stream1] at @s on origin run tp @s ^1.05077 ^1.09668 ^-0.57543 ~-54.91997 ~24.43974
execute if entity @s[tag=aj.gravity_soul_stream.locator_origin.gravity_soul_stream2] at @s on origin run tp @s ^1.05115 ^1.09637 ^-0.57621 ~-54.91997 ~24.43974
execute if entity @s[tag=aj.gravity_soul_stream.locator_origin.gravity_soul_stream3] at @s on origin run tp @s ^1.05152 ^1.09606 ^-0.57699 ~-54.91997 ~24.43974
execute if entity @s[tag=aj.gravity_soul_stream.locator_origin.gravity_soul_stream4] at @s on origin run tp @s ^1.0519 ^1.09575 ^-0.57777 ~-54.91997 ~24.43974
execute if entity @s[tag=aj.gravity_soul_stream.locator_origin.gravity_soul_stream5] at @s on origin run tp @s ^1.05228 ^1.09544 ^-0.57855 ~-54.91997 ~24.43974
execute if entity @s[tag=aj.gravity_soul_stream.locator_origin.gravity_soul_stream6] at @s on origin run tp @s ^1.05265 ^1.09513 ^-0.57933 ~-54.91997 ~24.43974
execute if entity @s[tag=aj.gravity_soul_stream.locator_origin.gravity_soul_stream7] at @s on origin run tp @s ^1.05303 ^1.09482 ^-0.58011 ~-54.91997 ~24.43974
execute if entity @s[tag=aj.gravity_soul_stream.locator_origin.gravity_soul_stream8] at @s on origin run tp @s ^1.0534 ^1.09451 ^-0.58089 ~-54.91997 ~24.43974
execute if entity @s[tag=aj.gravity_soul_stream.locator_origin.gravity_soul_stream9] at @s on origin run tp @s ^1.05378 ^1.0942 ^-0.58167 ~-54.91997 ~24.43974
execute if entity @s[tag=aj.gravity_soul_stream.locator_origin.gravity_soul_stream10] at @s on origin run tp @s ^1.05416 ^1.09389 ^-0.58245 ~-54.91997 ~24.43974
execute if entity @s[tag=aj.gravity_soul_stream.locator_origin.gravity_soul_stream11] at @s on origin run tp @s ^1.05453 ^1.09358 ^-0.58323 ~-54.91997 ~24.43974
execute if entity @s[tag=aj.gravity_soul_stream.locator_origin.gravity_soul_stream12] at @s on origin run tp @s ^1.05491 ^1.09327 ^-0.58401 ~-54.91997 ~24.43974
execute if entity @s[tag=aj.gravity_soul_stream.locator_origin.gravity_soul_stream13] at @s on origin run tp @s ^1.05528 ^1.09296 ^-0.58479 ~-54.91997 ~24.43974
execute if entity @s[tag=aj.gravity_soul_stream.locator_origin.gravity_soul_stream14] at @s on origin run tp @s ^1.05566 ^1.09265 ^-0.58557 ~-54.91997 ~24.43974
execute if entity @s[tag=aj.gravity_soul_stream.locator_origin.gravity_soul_stream15] at @s on origin run tp @s ^1.05603 ^1.09234 ^-0.58635 ~-54.91997 ~24.43974
execute if entity @s[tag=aj.gravity_soul_stream.bone.gravity_soul_stream_inner_core] run data modify entity @s {} merge value {transformation:[0.002497447035096785f,0.006013310046198039f,-0.0035296639676668426f,1.0503973903384594f,0.004007246889272264f,-0.004954299493485218f,0.0019601381017983876f,1.0969871958920852f,-0.0003874340407901991f,-0.012480002732684759f,-0.0024788516207896673f,-0.5746544169083629f,0f,0f,0f,1f],start_interpolation:0}
execute if entity @s[tag=aj.gravity_soul_stream.bone.soul_stream_effects] run data modify entity @s {} merge value {transformation:[-0.46563964690002596f,0.2554520263509613f,-0.32946772447086103f,0.9996600960349677f,0.2585849593495467f,-0.2104640929932619f,-0.528643248664652f,1.115605362517214f,-0.32701458382312654f,-0.5301642460537221f,0.05111099855487033f,-0.5692739535179308f,0f,0f,0f,1f],start_interpolation:0}
execute if entity @s[tag=aj.gravity_soul_stream.bone.meteorite_staff] run data modify entity @s {} merge value {transformation:[0.5883540224400462f,0.6301149983323712f,1.2780965316697817f,0.6354643730871457f,-1.204381494808479f,-0.5191447627167126f,0.8103641412462748f,1.4374732070808631f,0.7616041428147708f,-1.307738473599181f,0.2941348762506309f,0.28290080926126415f,0f,0f,0f,1f],start_interpolation:0}
execute if entity @s[tag=aj.gravity_soul_stream.bone.left_arm2] run data modify entity @s {} merge value {transformation:[-0.2890948631914048f,-0.9212309835084336f,-0.2603029679055296f,0.38340157701490774f,-0.7737861285542572f,0.3849656385894553f,-0.5030471989410409f,1.597227044702685f,0.5636303640981004f,0.05599046463012314f,-0.8241273448546321f,0.26329397699140433f,0f,0f,0f,1f],start_interpolation:0}
execute if entity @s[tag=aj.gravity_soul_stream.bone.left_arm] run data modify entity @s {} merge value {transformation:[-0.2890948631914048f,-0.4535236266260211f,0.8430542569540376f,0.23388381245947684f,-0.7737861285542572f,-0.40780115752326795f,-0.48471975736470363f,1.398553489252586f,0.5636303640981004f,-0.7924736815911708f,-0.2330370714113496f,0.13562935210587418f,0f,0f,0f,1f],start_interpolation:0}
execute if entity @s[tag=aj.gravity_soul_stream.bone.head] run data modify entity @s {} merge value {transformation:[-0.8279474115567041f,0.06956772906910899f,0.5564740917317901f,0.0018174046072258004f,-0.09225497612722453f,0.961861935028802f,-0.2575085189317313f,1.5134847063205497f,-0.553165529544565f,-0.2645410157514627f,-0.7899531301975236f,-0.09076921279644426f,0f,0f,0f,1f],start_interpolation:0}
execute if entity @s[tag=aj.gravity_soul_stream.bone.body_top] run data modify entity @s {} merge value {transformation:[-0.9961946980917455f,0.004615630748509957f,0.08703343866979749f,4.519386507749832e-18f,-0.007351679812538344f,0.9905877165421845f,-0.13668185190315044f,1.1234407929320644f,-0.08684512823313642f,-0.13680157816536415f,-0.9867842985747372f,-0.036903591393832126f,0f,0f,0f,1f],start_interpolation:0}
execute if entity @s[tag=aj.gravity_soul_stream.bone.body] run data modify entity @s {} merge value {transformation:[-1f,1.0330026303428188e-17f,1.2202822781303128e-16f,0f,0f,0.996436098130433f,-0.08435106604304486f,0.6875f,-1.2246467991473532e-16f,-0.08435106604304486f,-0.996436098130433f,0f,0f,0f,0f,1f],start_interpolation:0}
execute if entity @s[tag=aj.gravity_soul_stream.bone.right_leg2] run data modify entity @s {} merge value {transformation:[-0.9989023798717817f,0.04161369216708747f,-0.021502002481485427f,-0.14102273316702998f,0.04176704004963532f,0.9991046936470565f,-0.006732421400497457f,0.5108123868398422f,0.021202590690363326f,-0.00762310675804817f,-0.9997461369724678f,-0.25291143671520655f,0f,0f,0f,1f],start_interpolation:0}
execute if entity @s[tag=aj.gravity_soul_stream.bone.right_leg] run data modify entity @s {} merge value {transformation:[-0.9989023798717817f,0.04458499663869218f,0.01436013792478087f,-0.12499999999999999f,0.04176704004963532f,0.7090437931413087f,0.7039264263921885f,0.765625f,0.021202590690363326f,0.7037535630336182f,-0.7101277157423896f,-1.3877787807814457e-17f,0f,0f,0f,1f],start_interpolation:0}
execute if entity @s[tag=aj.gravity_soul_stream.locator_origin.player_camera] at @s on origin run tp @s ^0 ^0.25 ^-0.625 ~0 ~0