execute if entity @s[tag=aj.gravity_soul_stream.bone.right_arm2] run data modify entity @s {} merge value {transformation:[-0.18694688404976093f,-0.9074833456566765f,0.3761978733324394f,0.0010863110259232978f,0.6609229886136171f,0.1671337249775387f,0.7316058509178127f,1.0618716075800911f,-0.7267954771915752f,0.3854092569346218f,0.5685314758243142f,-0.37626534377049137f,0f,0f,0f,1f],start_interpolation:0}
execute if entity @s[tag=aj.gravity_soul_stream.bone.right_arm] run data modify entity @s {} merge value {transformation:[-0.18694688404976093f,-0.7240881528437141f,0.663887949472999f,-0.17993572718500522f,0.6609229886136171f,0.40727826603466266f,0.6303215188598934f,1.1636911740887568f,-0.7267954771915752f,0.5566154515706302f,0.40242710322081127f,-0.23711148087783382f,0f,0f,0f,1f],start_interpolation:0}
execute if entity @s[tag=aj.gravity_soul_stream.bone.meteorite_staff_effects] run data modify entity @s {} merge value {transformation:[-0.000008635951589754815f,1.8779075389625257e-7f,576.8922572991783f,0.2585780315717802f,-0.000005038458823383738f,4.548903383390091e-8f,-989.0299199573036f,1.1015424786988601f,-1.8512921022316662e-7f,-0.000009998133094760837f,6.335684454594704f,-1.3218236322103873f,0f,0f,0f,1f],start_interpolation:0}
execute if entity @s[tag=aj.gravity_soul_stream.bone.gravity_soul_stream_outer_core] run data modify entity @s {} merge value {transformation:[0.1504644330165294f,0.027218438817411317f,-0.39735361326406826f,0.2704594342510725f,0.3974067247470269f,0.0065931919361440555f,0.15052336896592208f,1.0901504765995969f,0.004634212889490513f,-1.449131910287909f,-0.006778482675939594f,-1.4285472558598447f,0f,0f,0f,1f],start_interpolation:0}
execute if entity @s[tag=aj.gravity_soul_stream.locator_origin.gravity_soul_stream0] at @s on origin run tp @s ^0.27022 ^1.09009 ^-1.41605 ~90.9447 ~-26.74459
execute if entity @s[tag=aj.gravity_soul_stream.locator_origin.gravity_soul_stream1] at @s on origin run tp @s ^0.2724 ^1.09062 ^-1.53203 ~90.9447 ~-26.74459
execute if entity @s[tag=aj.gravity_soul_stream.locator_origin.gravity_soul_stream2] at @s on origin run tp @s ^0.27458 ^1.09115 ^-1.64802 ~90.9447 ~-26.74459
execute if entity @s[tag=aj.gravity_soul_stream.locator_origin.gravity_soul_stream3] at @s on origin run tp @s ^0.27676 ^1.09168 ^-1.764 ~90.9447 ~-26.74459
execute if entity @s[tag=aj.gravity_soul_stream.locator_origin.gravity_soul_stream4] at @s on origin run tp @s ^0.27894 ^1.0922 ^-1.87998 ~90.9447 ~-26.74459
execute if entity @s[tag=aj.gravity_soul_stream.locator_origin.gravity_soul_stream5] at @s on origin run tp @s ^0.28112 ^1.09273 ^-1.99597 ~90.9447 ~-26.74459
execute if entity @s[tag=aj.gravity_soul_stream.locator_origin.gravity_soul_stream6] at @s on origin run tp @s ^0.2833 ^1.09326 ^-2.11195 ~90.9447 ~-26.74459
execute if entity @s[tag=aj.gravity_soul_stream.locator_origin.gravity_soul_stream7] at @s on origin run tp @s ^0.28547 ^1.09379 ^-2.22794 ~90.9447 ~-26.74459
execute if entity @s[tag=aj.gravity_soul_stream.locator_origin.gravity_soul_stream8] at @s on origin run tp @s ^0.28765 ^1.09432 ^-2.34392 ~90.9447 ~-26.74459
execute if entity @s[tag=aj.gravity_soul_stream.locator_origin.gravity_soul_stream9] at @s on origin run tp @s ^0.28983 ^1.09484 ^-2.4599 ~90.9447 ~-26.74459
execute if entity @s[tag=aj.gravity_soul_stream.locator_origin.gravity_soul_stream10] at @s on origin run tp @s ^0.29201 ^1.09537 ^-2.57589 ~90.9447 ~-26.74459
execute if entity @s[tag=aj.gravity_soul_stream.locator_origin.gravity_soul_stream11] at @s on origin run tp @s ^0.29419 ^1.0959 ^-2.69187 ~90.9447 ~-26.74459
execute if entity @s[tag=aj.gravity_soul_stream.locator_origin.gravity_soul_stream12] at @s on origin run tp @s ^0.29637 ^1.09643 ^-2.80786 ~90.9447 ~-26.74459
execute if entity @s[tag=aj.gravity_soul_stream.locator_origin.gravity_soul_stream13] at @s on origin run tp @s ^0.29854 ^1.09695 ^-2.92384 ~90.9447 ~-26.74459
execute if entity @s[tag=aj.gravity_soul_stream.locator_origin.gravity_soul_stream14] at @s on origin run tp @s ^0.30072 ^1.09748 ^-3.03982 ~90.9447 ~-26.74459
execute if entity @s[tag=aj.gravity_soul_stream.locator_origin.gravity_soul_stream15] at @s on origin run tp @s ^0.3029 ^1.09801 ^-3.15581 ~90.9447 ~-26.74459
execute if entity @s[tag=aj.gravity_soul_stream.bone.gravity_soul_stream_inner_core] run data modify entity @s {} merge value {transformation:[-0.26989451688567795f,0.03485560535343778f,0.5356937528488541f,0.2702246958087022f,-0.5357596259780739f,0.008443162287423294f,-0.2699851025849178f,1.0900936153073044f,-0.0075068897203127895f,-1.855740893476883f,0.008833346325939838f,-1.4160495894913936f,0f,0f,0f,1f],start_interpolation:0}
execute if entity @s[tag=aj.gravity_soul_stream.bone.soul_stream_effects] run data modify entity @s {} merge value {transformation:[1.2057140354401459f,0.02347384423703157f,-0.32894170209837137f,0.24794634168405835f,0.32889328006634533f,0.005686129229237613f,1.2059423196246115f,1.1282648859543818f,0.024142805757383038f,-1.2497666368451046f,-0.0006916350462925062f,-1.4156692479547015f,0f,0f,0f,1f],start_interpolation:0}
execute if entity @s[tag=aj.gravity_soul_stream.bone.meteorite_staff] run data modify entity @s {} merge value {transformation:[-0.3921816817178419f,0.0289510745590056f,1.4906681303757567f,0.25062548522970457f,-1.4908821000030772f,0.0070128927160597225f,-0.3923741764403952f,1.086671141097574f,-0.014149329542093993f,-1.541378852108962f,0.02621339077413024f,-0.4355151565619447f,0f,0f,0f,1f],start_interpolation:0}
execute if entity @s[tag=aj.gravity_soul_stream.bone.left_arm2] run data modify entity @s {} merge value {transformation:[-0.4064168445993345f,0.3423123839407044f,-0.84714082667922f,0.3747121981141147f,-0.7914865398001825f,0.3313153114444175f,0.513594413635529f,1.233251098601644f,0.45648045493871336f,0.879233982625399f,0.13628352085129392f,-0.20625946216383495f,0f,0f,0f,1f],start_interpolation:0}
execute if entity @s[tag=aj.gravity_soul_stream.bone.left_arm] run data modify entity @s {} merge value {transformation:[-0.4064168445993345f,-0.35696761519624914f,-0.8410704311334594f,0.23466818874013562f,-0.7914865398001825f,0.5974413960944918f,0.12889078922793057f,1.283675630150244f,0.45648045493871336f,0.7180793131220029f,-0.5253453096061467f,0.030320422984004947f,0f,0f,0f,1f],start_interpolation:0}
execute if entity @s[tag=aj.gravity_soul_stream.bone.head] run data modify entity @s {} merge value {transformation:[-0.9639596551882715f,0.04301368464810215f,0.2625482928954256f,0.0029909736257215562f,-0.012825851179954682f,0.9781831636428951f,-0.20734800675937695f,1.3806907249040217f,-0.2657391215286493f,-0.2032425184319723f,-0.9423774180181799f,-0.20469883556036422f,0f,0f,0f,1f],start_interpolation:0}
execute if entity @s[tag=aj.gravity_soul_stream.bone.body_top] run data modify entity @s {} merge value {transformation:[-0.9961946980917455f,0.007596123493895998f,0.08682408883346532f,6.993371153439052e-18f,-0.011376107230962197f,0.9763392966424879f,-0.2159448124311435f,0.9962571268510421f,-0.08641011328638357f,-0.2161107973691217f,-0.9725376165384643f,-0.11960520909627256f,0f,0f,0f,1f],start_interpolation:0}
execute if entity @s[tag=aj.gravity_soul_stream.bone.body] run data modify entity @s {} merge value {transformation:[-1f,1.5984848350717833e-17f,1.2141697760125282e-16f,0f,0f,0.9914448613738104f,-0.13052619222005157f,0.5625f,-1.2246467991473532e-16f,-0.13052619222005157f,-0.9914448613738104f,-0.06249999999999999f,0f,0f,0f,1f],start_interpolation:0}
execute if entity @s[tag=aj.gravity_soul_stream.bone.right_leg2] run data modify entity @s {} merge value {transformation:[-0.9989023798717817f,0.040852225212741594f,-0.022915740914453586f,-0.14016682882395534f,0.04176704004963533f,0.9982868424776756f,-0.040974315143081974f,0.42278696746441485f,0.02120259069036332f,-0.041886463578582056f,-0.9988973792722139f,-0.34792415719320285f,0f,0f,0f,1f],start_interpolation:0}
execute if entity @s[tag=aj.gravity_soul_stream.bone.right_leg] run data modify entity @s {} merge value {transformation:[-0.9989023798717817f,0.04220334977100623f,0.020320254786715407f,-0.12499999999999999f,0.04176704004963533f,0.6061580035772804f,0.794246806140697f,0.640625f,0.02120259069036332f,0.7942237417549992f,-0.6072553813517878f,-0.0625f,0f,0f,0f,1f],start_interpolation:0}
execute if entity @s[tag=aj.gravity_soul_stream.bone.left_leg2] run data modify entity @s {} merge value {transformation:[-0.9961946980917455f,-0.03335305878500251f,0.08052140686538047f,0.15278259412171782f,-0.08715574274765818f,0.3812272063696536f,-0.9203638919632244f,0.32306849608237526f,-1.185292178826084e-16f,-0.9238795325112868f,-0.3826834323650899f,0.10344090788134033f,0f,0f,0f,1f],start_interpolation:0}
execute if entity @s[tag=aj.gravity_soul_stream.bone.left_leg] run data modify entity @s {} merge value {transformation:[-0.9961946980917455f,-0.07730808799086698f,0.040244043349200634f,0.125f,-0.08715574274765818f,0.8836354891620862f,-0.4599915203559568f,0.640625f,-1.185292178826084e-16f,-0.4617486132350339f,-0.8870108331782217f,-0.06249999999999997f,0f,0f,0f,1f],start_interpolation:0}
execute if entity @s[tag=aj.gravity_soul_stream.locator_origin.player_camera] at @s on origin run tp @s ^0 ^0.125 ^-0.6875 ~0 ~0