execute if entity @s[tag=aj.gravity_soul_stream.bone.right_arm2] run data modify entity @s {} merge value {transformation:[-0.22697531860428233f,-0.7453487623109327f,0.6268472120589239f,-0.16058460139843395f,0.8054393986130374f,0.21817404318322237f,0.5510603070834936f,1.2581470643713684f,-0.5474939085563907f,0.6299645302734482f,0.5508131359099928f,-0.29509703651485275f,0f,0f,0f,1f],start_interpolation:0}
execute if entity @s[tag=aj.gravity_soul_stream.bone.right_arm] run data modify entity @s {} merge value {transformation:[-0.22697531860428233f,-0.33206735681109517f,0.9155399910899454f,-0.24360144060120775f,0.8054393986130374f,0.4644744173847805f,0.3681452033599482f,1.3742656687175634f,-0.5474939085563907f,0.8209718546549336f,0.1620359032995003f,-0.08985407285111936f,0f,0f,0f,1f],start_interpolation:0}
execute if entity @s[tag=aj.gravity_soul_stream.bone.meteorite_staff_effects] run data modify entity @s {} merge value {transformation:[-0.000009310375811562336f,-0.0000031541181564941825f,210.14543140410473f,0.3900705361229006f,-0.0000013034614443933551f,-0.000001823234373223232f,-1115.871701226864f,0.9836356342391621f,0.0000034085026786633134f,-0.00000931275228249796f,147.2896604010162f,-0.5859603540677825f,0f,0f,0f,1f],start_interpolation:0}
execute if entity @s[tag=aj.gravity_soul_stream.bone.gravity_soul_stream_outer_core] run data modify entity @s {} merge value {transformation:[1.412184171613789e-8f,-0.000026167498779806925f,-1.3709696878288288e-8f,0.3469581024544482f,1.3276171613556669e-8f,-0.000015126092577853926f,1.547971822966823e-8f,0.9412117892889423f,-7.3820850920577015e-9f,-0.00007726135226962256f,1.6127186704971395e-9f,-0.7274131490276767f,0f,0f,0f,1f],start_interpolation:0}
execute if entity @s[tag=aj.gravity_soul_stream.locator_origin.gravity_soul_stream0] at @s on origin run tp @s ^0.34695 ^0.94121 ^-0.72744 ~89.76667 ~-59.66857
execute if entity @s[tag=aj.gravity_soul_stream.locator_origin.gravity_soul_stream1] at @s on origin run tp @s ^0.34695 ^0.94121 ^-0.72744 ~89.76667 ~-59.66857
execute if entity @s[tag=aj.gravity_soul_stream.locator_origin.gravity_soul_stream2] at @s on origin run tp @s ^0.34695 ^0.94121 ^-0.72744 ~89.76667 ~-59.66857
execute if entity @s[tag=aj.gravity_soul_stream.locator_origin.gravity_soul_stream3] at @s on origin run tp @s ^0.34695 ^0.94121 ^-0.72744 ~89.76667 ~-59.66857
execute if entity @s[tag=aj.gravity_soul_stream.locator_origin.gravity_soul_stream4] at @s on origin run tp @s ^0.34695 ^0.94121 ^-0.72744 ~89.76667 ~-59.66857
execute if entity @s[tag=aj.gravity_soul_stream.locator_origin.gravity_soul_stream5] at @s on origin run tp @s ^0.34695 ^0.94121 ^-0.72744 ~89.76667 ~-59.66857
execute if entity @s[tag=aj.gravity_soul_stream.locator_origin.gravity_soul_stream6] at @s on origin run tp @s ^0.34695 ^0.94121 ^-0.72744 ~89.76667 ~-59.66857
execute if entity @s[tag=aj.gravity_soul_stream.locator_origin.gravity_soul_stream7] at @s on origin run tp @s ^0.34695 ^0.94121 ^-0.72744 ~89.76667 ~-59.66857
execute if entity @s[tag=aj.gravity_soul_stream.locator_origin.gravity_soul_stream8] at @s on origin run tp @s ^0.34695 ^0.94121 ^-0.72744 ~89.76667 ~-59.66857
execute if entity @s[tag=aj.gravity_soul_stream.locator_origin.gravity_soul_stream9] at @s on origin run tp @s ^0.34695 ^0.94121 ^-0.72744 ~89.76667 ~-59.66857
execute if entity @s[tag=aj.gravity_soul_stream.locator_origin.gravity_soul_stream10] at @s on origin run tp @s ^0.34695 ^0.94121 ^-0.72744 ~89.76667 ~-59.66857
execute if entity @s[tag=aj.gravity_soul_stream.locator_origin.gravity_soul_stream11] at @s on origin run tp @s ^0.34695 ^0.94121 ^-0.72745 ~89.76667 ~-59.66857
execute if entity @s[tag=aj.gravity_soul_stream.locator_origin.gravity_soul_stream12] at @s on origin run tp @s ^0.34695 ^0.94121 ^-0.72745 ~89.76667 ~-59.66857
execute if entity @s[tag=aj.gravity_soul_stream.locator_origin.gravity_soul_stream13] at @s on origin run tp @s ^0.34695 ^0.94121 ^-0.72745 ~89.76667 ~-59.66857
execute if entity @s[tag=aj.gravity_soul_stream.locator_origin.gravity_soul_stream14] at @s on origin run tp @s ^0.34695 ^0.94121 ^-0.72745 ~89.76667 ~-59.66857
execute if entity @s[tag=aj.gravity_soul_stream.locator_origin.gravity_soul_stream15] at @s on origin run tp @s ^0.34695 ^0.9412 ^-0.72745 ~89.76667 ~-59.66857
execute if entity @s[tag=aj.gravity_soul_stream.bone.gravity_soul_stream_inner_core] run data modify entity @s {} merge value {transformation:[-0.0000031973386259664846f,-0.0000038979970528499684f,0.0000020097011519876854f,0.3469499251110795f,-0.000001874166371062789f,-0.000002253232713823993f,-0.0000034348930862442107f,0.9412070623850117f,0.0000014498214869149481f,-0.000011509106238254464f,-8.184449356352058e-9f,-0.727437293200261f,0f,0f,0f,1f],start_interpolation:0}
execute if entity @s[tag=aj.gravity_soul_stream.bone.soul_stream_effects] run data modify entity @s {} merge value {transformation:[-0.024086762663096794f,-0.01172937689446276f,0.02579069092384487f,0.3575555067257664f,-0.0251334683046156f,-0.006780152825423906f,-0.026556514358906068f,0.9950961091408903f,0.013078485831415456f,-0.03463179755053935f,-0.003535811508823107f,-0.6778600268210545f,0f,0f,0f,1f],start_interpolation:0}
execute if entity @s[tag=aj.gravity_soul_stream.bone.meteorite_staff] run data modify entity @s {} merge value {transformation:[-0.8148717629973752f,-0.48625988245951973f,1.2150191141258289f,0.6740675746524095f,-1.2044840276370494f,-0.28108196587191486f,-0.9202973795137752f,1.132113277223079f,0.511799128709587f,-1.435715976885102f,-0.23133827327114287f,0.2405547306838808f,0f,0f,0f,1f],start_interpolation:0}
execute if entity @s[tag=aj.gravity_soul_stream.bone.left_arm2] run data modify entity @s {} merge value {transformation:[-0.5850672145933821f,-0.7193753195126795f,-0.37442690085512265f,0.49919911640666703f,-0.7493049289577822f,0.6561167282255781f,-0.08973829941633527f,1.3702775211288445f,0.31022327096385655f,0.22805698546326797f,-0.9229038593124922f,0.2868168632100051f,0f,0f,0f,1f],start_interpolation:0}
execute if entity @s[tag=aj.gravity_soul_stream.bone.left_arm] run data modify entity @s {} merge value {transformation:[-0.5850672145933821f,-0.7734349672989752f,0.2439153659923347f,0.23270697275775046f,-0.7493049289577822f,0.4004900277287978f,-0.5273991478276768f,1.376736911941321f,0.31022327096385655f,-0.4913309363850601f,-0.8138522182211373f,0.20276203798422213f,0f,0f,0f,1f],start_interpolation:0}
execute if entity @s[tag=aj.gravity_soul_stream.bone.head] run data modify entity @s {} merge value {transformation:[-0.90630778703665f,0.09147133341434911f,0.41260052147341186f,8.596947616795061e-19f,-0.003569028614141635f,0.9746046054707824f,-0.22390427648861927f,1.5187203576284163f,-0.4226031911752227f,-0.2043987723997911f,-0.8829652794136226f,-0.0070199404618381325f,0f,0f,0f,1f],start_interpolation:0}
execute if entity @s[tag=aj.gravity_soul_stream.bone.body_top] run data modify entity @s {} merge value {transformation:[-0.9961946980917455f,1.0342192621708344e-18f,0.0871557427476583f,4.524709271997401e-19f,-0.0007360338345814628f,0.9999643400041098f,-0.00841290522586811f,1.124984398751798f,-0.08715263477423012f,-0.008445041157098505f,-0.9961591737929057f,-0.003694705506230596f,0f,0f,0f,1f],start_interpolation:0}
execute if entity @s[tag=aj.gravity_soul_stream.bone.body] run data modify entity @s {} merge value {transformation:[-1f,1.0342192621708344e-18f,1.2246031282475287e-16f,0f,0f,0.9999643400041098f,-0.008445041157098505f,0.6875f,-1.2246467991473532e-16f,-0.008445041157098505f,-0.9999643400041098f,0f,0f,0f,0f,1f],start_interpolation:0}
execute if entity @s[tag=aj.gravity_soul_stream.locator_origin.player_camera] at @s on origin run tp @s ^0 ^0.25 ^-0.625 ~0 ~0