execute if entity @s[tag=aj.gravity_soul_stream.bone.right_arm2] run data modify entity @s {} merge value {transformation:[-0.10353685401004561f,-0.8822711337686738f,0.459214292438989f,-0.08851163331127032f,0.5826550597933301f,0.32038182576400187f,0.746905996104835f,1.1985300502529106f,-0.8060975134305611f,0.3448958280969248f,0.4808884138783165f,-0.24519137498293636f,0f,0f,0f,1f],start_interpolation:0}
execute if entity @s[tag=aj.gravity_soul_stream.bone.right_arm] run data modify entity @s {} merge value {transformation:[-0.10353685401004561f,-0.5654530580982982f,0.8182560473036451f,-0.22987489783584486f,0.5826550597933301f,0.6322602442058971f,0.5106467124088144f,1.3565951113043848f,-0.8060975134305611f,0.5296317802813404f,0.2640018487758836f,-0.11278342991260128f,0f,0f,0f,1f],start_interpolation:0}
execute if entity @s[tag=aj.gravity_soul_stream.bone.meteorite_staff_effects] run data modify entity @s {} merge value {transformation:[-0.08891967186807523f,0.012849307407527762f,846.0306778285374f,0.7482388666971892f,-0.09123006787987492f,-0.06291969192605028f,-636.6323800832301f,0.848111802140842f,0.03934646677002931f,-0.11684941354091406f,435.83976964309693f,-0.5875876036390899f,0f,0f,0f,1f],start_interpolation:0}
execute if entity @s[tag=aj.gravity_soul_stream.bone.gravity_soul_stream_outer_core] run data modify entity @s {} merge value {transformation:[2.4389662749679345e-7f,0.00012142595500113683f,-1.9702263495965334e-7f,0.7748702744106645f,1.8547902566430915e-7f,-0.0005945910887011725f,2.0670358213137207e-7f,0.774412392552416f,-7.305454218807665e-8f,-0.001104226957961633f,-1.3296883261732746e-7f,-0.7069095865006432f,0f,0f,0f,1f],start_interpolation:0}
execute if entity @s[tag=aj.gravity_soul_stream.locator_origin.gravity_soul_stream0] at @s on origin run tp @s ^0.77491 ^0.77423 ^-0.70725 ~-149.29667 ~-59.55014
execute if entity @s[tag=aj.gravity_soul_stream.locator_origin.gravity_soul_stream1] at @s on origin run tp @s ^0.77493 ^0.77414 ^-0.70741 ~-149.29667 ~-59.55014
execute if entity @s[tag=aj.gravity_soul_stream.locator_origin.gravity_soul_stream2] at @s on origin run tp @s ^0.77494 ^0.77406 ^-0.70756 ~-149.29667 ~-59.55014
execute if entity @s[tag=aj.gravity_soul_stream.locator_origin.gravity_soul_stream3] at @s on origin run tp @s ^0.77496 ^0.77398 ^-0.70772 ~-149.29667 ~-59.55014
execute if entity @s[tag=aj.gravity_soul_stream.locator_origin.gravity_soul_stream4] at @s on origin run tp @s ^0.77498 ^0.77389 ^-0.70787 ~-149.29667 ~-59.55014
execute if entity @s[tag=aj.gravity_soul_stream.locator_origin.gravity_soul_stream5] at @s on origin run tp @s ^0.77499 ^0.77381 ^-0.70803 ~-149.29667 ~-59.55014
execute if entity @s[tag=aj.gravity_soul_stream.locator_origin.gravity_soul_stream6] at @s on origin run tp @s ^0.77501 ^0.77373 ^-0.70818 ~-149.29667 ~-59.55014
execute if entity @s[tag=aj.gravity_soul_stream.locator_origin.gravity_soul_stream7] at @s on origin run tp @s ^0.77503 ^0.77365 ^-0.70833 ~-149.29667 ~-59.55014
execute if entity @s[tag=aj.gravity_soul_stream.locator_origin.gravity_soul_stream8] at @s on origin run tp @s ^0.77504 ^0.77356 ^-0.70849 ~-149.29667 ~-59.55014
execute if entity @s[tag=aj.gravity_soul_stream.locator_origin.gravity_soul_stream9] at @s on origin run tp @s ^0.77506 ^0.77348 ^-0.70864 ~-149.29667 ~-59.55014
execute if entity @s[tag=aj.gravity_soul_stream.locator_origin.gravity_soul_stream10] at @s on origin run tp @s ^0.77508 ^0.7734 ^-0.7088 ~-149.29667 ~-59.55014
execute if entity @s[tag=aj.gravity_soul_stream.locator_origin.gravity_soul_stream11] at @s on origin run tp @s ^0.77509 ^0.77331 ^-0.70895 ~-149.29667 ~-59.55014
execute if entity @s[tag=aj.gravity_soul_stream.locator_origin.gravity_soul_stream12] at @s on origin run tp @s ^0.77511 ^0.77323 ^-0.70911 ~-149.29667 ~-59.55014
execute if entity @s[tag=aj.gravity_soul_stream.locator_origin.gravity_soul_stream13] at @s on origin run tp @s ^0.77513 ^0.77315 ^-0.70926 ~-149.29667 ~-59.55014
execute if entity @s[tag=aj.gravity_soul_stream.locator_origin.gravity_soul_stream14] at @s on origin run tp @s ^0.77515 ^0.77306 ^-0.70941 ~-149.29667 ~-59.55014
execute if entity @s[tag=aj.gravity_soul_stream.locator_origin.gravity_soul_stream15] at @s on origin run tp @s ^0.77516 ^0.77298 ^-0.70957 ~-149.29667 ~-59.55014
execute if entity @s[tag=aj.gravity_soul_stream.bone.gravity_soul_stream_inner_core] run data modify entity @s {} merge value {transformation:[-0.0008713625355369131f,0.0002713201701374556f,-0.00023459461086428258f,0.7749082200216023f,0.00016752092779381183f,-0.0013285837887551035f,-0.0007815635854884599f,0.7742265828371969f,-0.00018602378558672358f,-0.002467339425921833f,0.0003950500079510074f,-0.7072546574250062f,0f,0f,0f,1f],start_interpolation:0}
execute if entity @s[tag=aj.gravity_soul_stream.bone.soul_stream_effects] run data modify entity @s {} merge value {transformation:[-0.20083450881336012f,0.023004526631074856f,0.12696142526888038f,0.737573895711907f,-0.1215271889976055f,-0.11264713985158985f,-0.17182745967896265f,0.8217139354765014f,0.043353824354554746f,-0.209199247895076f,0.10648489224344404f,-0.6815212531119117f,0f,0f,0f,1f],start_interpolation:0}
execute if entity @s[tag=aj.gravity_soul_stream.bone.meteorite_staff] run data modify entity @s {} merge value {transformation:[0.07848218407394014f,0.14857011689953978f,1.5324828149961596f,0.6743406400669666f,-1.352010082749743f,-0.7275089378949564f,0.1397697840632809f,1.260142709689003f,0.7366446864242815f,-1.351071344066819f,0.0932573874578447f,0.19381926669645283f,0f,0f,0f,1f],start_interpolation:0}
execute if entity @s[tag=aj.gravity_soul_stream.bone.left_arm2] run data modify entity @s {} merge value {transformation:[-0.3887313624712255f,-0.740926567228007f,-0.5476456425527245f,0.48078944644659893f,-0.8040857403230162f,0.5630112277894445f,-0.19095674796196416f,1.474306136860152f,0.4498155733636306f,0.3661231751183527f,-0.8146286089997111f,0.27200706357519466f,0f,0f,0f,1f],start_interpolation:0}
execute if entity @s[tag=aj.gravity_soul_stream.bone.left_arm] run data modify entity @s {} merge value {transformation:[-0.3887313624712255f,-0.7963230712545734f,0.46341935006961943f,0.2331172583240524f,-0.8040857403230162f,0.04765779368410904f,-0.5926000817670799f,1.3857098677408022f,0.4498155733636306f,-0.6029911283666175f,-0.6588381053572278f,0.17748622815399415f,0f,0f,0f,1f],start_interpolation:0}
execute if entity @s[tag=aj.gravity_soul_stream.bone.head] run data modify entity @s {} merge value {transformation:[-0.8564689316504275f,0.07765931269218582f,0.5103234271222054f,0.0006416997269777924f,-0.041183815298225096f,0.975186860917395f,-0.21751891791648537f,1.517802344410487f,-0.5145530706108528f,-0.20731526100664738f,-0.8320189421393532f,-0.03890925415154519f,0f,0f,0f,1f],start_interpolation:0}
execute if entity @s[tag=aj.gravity_soul_stream.bone.body_top] run data modify entity @s {} merge value {transformation:[-0.9961946980917455f,0.0016297135923245467f,0.08714050451714739f,2.035653298054328e-18f,-0.003311394418461521f,0.9983955137605824f,-0.05652815908684722f,1.1246841108672574f,-0.08709281348596665f,-0.056601608955483926f,-0.9945909207823833f,-0.01662237062532339f,0f,0f,0f,1f],start_interpolation:0}
execute if entity @s[tag=aj.gravity_soul_stream.bone.body] run data modify entity @s {} merge value {transformation:[-1f,4.652921824124178e-18f,1.223762564598099e-16f,0f,0f,0.9992779676965883f,-0.03799399000073918f,0.6875f,-1.2246467991473532e-16f,-0.03799399000073918f,-0.9992779676965883f,0f,0f,0f,0f,1f],start_interpolation:0}
execute if entity @s[tag=aj.gravity_soul_stream.bone.right_leg2] run data modify entity @s {} merge value {transformation:[-0.9989023798717817f,0.04232625361458236f,-0.02006299432898728f,-0.14157779449312413f,0.041767040049635315f,0.9987483706709701f,0.027517384461002492f,0.4786221706872139f,0.021202590690363315f,0.026649208938287816f,-0.9994199666861677f,-0.21565004827543982f,0f,0f,0f,1f],start_interpolation:0}
execute if entity @s[tag=aj.gravity_soul_stream.bone.right_leg] run data modify entity @s {} merge value {transformation:[-0.9989023798717817f,0.04612951511130197f,0.008130394952711988f,-0.12499999999999999f,0.041767040049635315f,0.7986165685225353f,0.6003891161961407f,0.765625f,0.021202590690363315f,0.6000696995490499f,-0.7996666842073202f,-1.3877787807814457e-17f,0f,0f,0f,1f],start_interpolation:0}
execute if entity @s[tag=aj.gravity_soul_stream.bone.left_leg2] run data modify entity @s {} merge value {transformation:[-0.9961946980917455f,-0.05698773197977852f,0.06594332337467453f,0.15487193612359917f,-0.08715574274765817f,0.6513727571446148f,-0.7537356351904336f,0.4241872077225151f,-1.202639413585852e-16f,-0.7566147828674927f,-0.6538608952570696f,0.10806614669684816f,0f,0f,0f,1f],start_interpolation:0}
execute if entity @s[tag=aj.gravity_soul_stream.locator_origin.player_camera] at @s on origin run tp @s ^0 ^0.25 ^-0.625 ~0 ~0