execute if entity @s[tag=aj.gravity_soul_stream.bone.right_arm2] run data modify entity @s {} merge value {transformation:[-0.04626816306411345f,-0.9143112801875741f,0.4023607088278277f,-0.05044133463009867f,0.41177830625741946f,0.34952055866970816f,0.8415901648444959f,1.1666047842358795f,-0.9101087207484846f,0.20462224216583688f,0.36032187614490196f,-0.21925728843874287f,0f,0f,0f,1f],start_interpolation:0}
execute if entity @s[tag=aj.gravity_soul_stream.bone.right_arm] run data modify entity @s {} merge value {transformation:[-0.04626816306411345f,-0.6539080434426655f,0.7551579489137739f,-0.21391834549076505f,0.41177830625741946f,0.6762651409476748f,0.6108224665439151f,1.3356710694727982f,-0.9101087207484846f,0.33921929464581846f,0.2379756007609811f,-0.13445246477728826f,0f,0f,0f,1f],start_interpolation:0}
execute if entity @s[tag=aj.gravity_soul_stream.bone.meteorite_staff_effects] run data modify entity @s {} merge value {transformation:[-0.22460995983326437f,0.22349945309402852f,972.3110219943408f,0.9730997536300592f,-0.5407799705301746f,-0.21686935297799056f,-273.3963559102123f,1.055225518337986f,0.13079521939689864f,-0.5128505417814999f,539.3428492928559f,-0.5340398494228022f,0f,0f,0f,1f],start_interpolation:0}
execute if entity @s[tag=aj.gravity_soul_stream.bone.gravity_soul_stream_outer_core] run data modify entity @s {} merge value {transformation:[5.943617996853296e-7f,0.0009889160986283865f,-1.615997114846754e-7f,1.0357008471154536f,2.5329860418210434e-7f,-0.000959579951942115f,5.646174086661107e-7f,1.0066162304437853f,1.5190942862188612e-7f,-0.002269205360178869f,-3.091849307279544e-7f,-0.6391903719524644f,0f,0f,0f,1f],start_interpolation:0}
execute if entity @s[tag=aj.gravity_soul_stream.locator_origin.gravity_soul_stream0] at @s on origin run tp @s ^1.03601 ^1.00632 ^-0.6399 ~-73.21463 ~-16.8957
execute if entity @s[tag=aj.gravity_soul_stream.locator_origin.gravity_soul_stream1] at @s on origin run tp @s ^1.03629 ^1.00604 ^-0.64055 ~-73.21463 ~-16.8957
execute if entity @s[tag=aj.gravity_soul_stream.locator_origin.gravity_soul_stream2] at @s on origin run tp @s ^1.03658 ^1.00577 ^-0.6412 ~-73.21463 ~-16.8957
execute if entity @s[tag=aj.gravity_soul_stream.locator_origin.gravity_soul_stream3] at @s on origin run tp @s ^1.03686 ^1.00549 ^-0.64185 ~-73.21463 ~-16.8957
execute if entity @s[tag=aj.gravity_soul_stream.locator_origin.gravity_soul_stream4] at @s on origin run tp @s ^1.03714 ^1.00522 ^-0.6425 ~-73.21463 ~-16.8957
execute if entity @s[tag=aj.gravity_soul_stream.locator_origin.gravity_soul_stream5] at @s on origin run tp @s ^1.03743 ^1.00494 ^-0.64315 ~-73.21463 ~-16.8957
execute if entity @s[tag=aj.gravity_soul_stream.locator_origin.gravity_soul_stream6] at @s on origin run tp @s ^1.03771 ^1.00466 ^-0.64381 ~-73.21463 ~-16.8957
execute if entity @s[tag=aj.gravity_soul_stream.locator_origin.gravity_soul_stream7] at @s on origin run tp @s ^1.038 ^1.00439 ^-0.64446 ~-73.21463 ~-16.8957
execute if entity @s[tag=aj.gravity_soul_stream.locator_origin.gravity_soul_stream8] at @s on origin run tp @s ^1.03828 ^1.00411 ^-0.64511 ~-73.21463 ~-16.8957
execute if entity @s[tag=aj.gravity_soul_stream.locator_origin.gravity_soul_stream9] at @s on origin run tp @s ^1.03856 ^1.00384 ^-0.64576 ~-73.21463 ~-16.8957
execute if entity @s[tag=aj.gravity_soul_stream.locator_origin.gravity_soul_stream10] at @s on origin run tp @s ^1.03885 ^1.00356 ^-0.64641 ~-73.21463 ~-16.8957
execute if entity @s[tag=aj.gravity_soul_stream.locator_origin.gravity_soul_stream11] at @s on origin run tp @s ^1.03913 ^1.00329 ^-0.64706 ~-73.21463 ~-16.8957
execute if entity @s[tag=aj.gravity_soul_stream.locator_origin.gravity_soul_stream12] at @s on origin run tp @s ^1.03941 ^1.00301 ^-0.64771 ~-73.21463 ~-16.8957
execute if entity @s[tag=aj.gravity_soul_stream.locator_origin.gravity_soul_stream13] at @s on origin run tp @s ^1.0397 ^1.00274 ^-0.64836 ~-73.21463 ~-16.8957
execute if entity @s[tag=aj.gravity_soul_stream.locator_origin.gravity_soul_stream14] at @s on origin run tp @s ^1.03998 ^1.00246 ^-0.64901 ~-73.21463 ~-16.8957
execute if entity @s[tag=aj.gravity_soul_stream.locator_origin.gravity_soul_stream15] at @s on origin run tp @s ^1.04027 ^1.00219 ^-0.64966 ~-73.21463 ~-16.8957
execute if entity @s[tag=aj.gravity_soul_stream.bone.gravity_soul_stream_inner_core] run data modify entity @s {} merge value {transformation:[-0.0005829032226066864f,0.0045393984270026f,-0.003594842545179015f,1.036009883396275f,0.00347661253168507f,-0.0044047373993313125f,-0.0011404944333471057f,1.0063163617088033f,-0.001724185098234314f,-0.010416280265665547f,-0.001084345257859934f,-0.6398994986275203f,0f,0f,0f,1f],start_interpolation:0}
execute if entity @s[tag=aj.gravity_soul_stream.bone.soul_stream_effects] run data modify entity @s {} merge value {transformation:[-0.4475073821829607f,0.18252455336012327f,-0.08075846898276977f,0.984383567274334f,0.010190198405738843f,-0.1771099715986923f,-0.4567583801275703f,1.0305480948859247f,-0.19933214178402103f,-0.4188279424548916f,0.15795522109381813f,-0.6283681049734965f,0f,0f,0f,1f],start_interpolation:0}
execute if entity @s[tag=aj.gravity_soul_stream.bone.meteorite_staff] run data modify entity @s {} merge value {transformation:[0.5176230811149248f,0.5742694280888232f,1.3337979910656403f,0.655368281712656f,-1.2428209033667328f,-0.5572337541795589f,0.7222346270214148f,1.3741633231970694f,0.7511315857843417f,-1.317740975410798f,0.27585534918070514f,0.22960437537465553f,0f,0f,0f,1f],start_interpolation:0}
execute if entity @s[tag=aj.gravity_soul_stream.bone.left_arm2] run data modify entity @s {} merge value {transformation:[-0.28820195712129487f,-0.8450715687996475f,-0.45032618791044976f,0.425267856049464f,-0.7902841784194129f,0.47547325987322364f,-0.38649203935590004f,1.5615841648838305f,0.5407314945991295f,0.2444978992793855f,-0.8048790145087389f,0.266598859846754f,0f,0f,0f,1f],start_interpolation:0}
execute if entity @s[tag=aj.gravity_soul_stream.bone.left_arm] run data modify entity @s {} merge value {transformation:[-0.28820195712129487f,-0.6225586232595758f,0.7275715720921184f,0.2336029555944082f,-0.7902841784194129f,-0.2744193860019535f,-0.5478548328948678f,1.3941937960809154f,0.5407314945991295f,-0.7328811371508013f,-0.412910025982828f,0.15097001238394492f,0f,0f,0f,1f],start_interpolation:0}
execute if entity @s[tag=aj.gravity_soul_stream.bone.head] run data modify entity @s {} merge value {transformation:[-0.8279015120886419f,0.06850086324704954f,0.5566746967626149f,0.001390050054428689f,-0.07690255322638406f,0.9692761399648124f,-0.23364452016295256f,1.515458573198774f,-0.5555763526182548f,-0.23624435703170182f,-0.7971972906264008f,-0.0719477590727891f,0f,0f,0f,1f],start_interpolation:0}
execute if entity @s[tag=aj.gravity_soul_stream.bone.body_top] run data modify entity @s {} merge value {transformation:[-0.9961946980917455f,0.003530285852517296f,0.08708421542217343f,3.6170572988088505e-18f,-0.005883862130147212f,0.9941756933999821f,-0.10761073747121211f,1.124001893922531f,-0.08695690691560627f,-0.10771363764382036f,-0.9903717830215106f,-0.02953551425053482f,0f,0f,0f,1f],start_interpolation:0}
execute if entity @s[tag=aj.gravity_soul_stream.bone.body] run data modify entity @s {} merge value {transformation:[-1f,8.267559540134515e-18f,1.22185290791768e-16f,0f,0f,0.9977186146800707f,-0.0675097468583653f,0.6875f,-1.2246467991473532e-16f,-0.0675097468583653f,-0.9977186146800707f,0f,0f,0f,0f,1f],start_interpolation:0}
execute if entity @s[tag=aj.gravity_soul_stream.bone.right_leg2] run data modify entity @s {} merge value {transformation:[-0.9989023798717817f,0.04187850919767727f,-0.02098156223618683f,-0.14126005404179987f,0.041767040049635315f,0.999110984183234f,0.00572325518402661f,0.4985194478711589f,0.02120259069036332f,0.004840635473715049f,-0.9997634812275489f,-0.23987627079289175f,0f,0f,0f,1f],start_interpolation:0}
execute if entity @s[tag=aj.gravity_soul_stream.bone.right_leg] run data modify entity @s {} merge value {transformation:[-0.9989023798717817f,0.04524536776848666f,0.01211990849739841f,-0.12499999999999999f,0.041767040049635315f,0.7432502320106882f,0.6677084745467518f,0.765625f,0.02120259069036332f,0.6674817969889161f,-0.7443241906833772f,-1.3877787807814457e-17f,0f,0f,0f,1f],start_interpolation:0}
execute if entity @s[tag=aj.gravity_soul_stream.locator_origin.player_camera] at @s on origin run tp @s ^0 ^0.25 ^-0.625 ~0 ~0