execute if entity @s[tag=aj.gravity_soul_stream.bone.right_arm2] run data modify entity @s {} merge value {transformation:[-0.1629768250275519f,-0.9084373402562029f,0.3849417531681574f,-0.002745176544872857f,0.6160195681038586f,0.2110716671227722f,0.7589259799553243f,1.072253788046783f,-0.7706869962683128f,0.3608189991758327f,0.5252153878331024f,-0.35453360511578963f,0f,0f,0f,1f],start_interpolation:0}
execute if entity @s[tag=aj.gravity_soul_stream.bone.right_arm] run data modify entity @s {} merge value {transformation:[-0.1629768250275519f,-0.7177885569274121f,0.6769181206379412f,-0.18219231577672587f,0.6160195681038586f,0.46189688652651395f,0.6380996457687845f,1.1877280096784115f,-0.7706869962683128f,0.5209902626356622f,0.3668933087721135f,-0.2242860394568741f,0f,0f,0f,1f],start_interpolation:0}
execute if entity @s[tag=aj.gravity_soul_stream.bone.meteorite_staff_effects] run data modify entity @s {} merge value {transformation:[-0.000007924545746370124f,0.000001140626050875731f,686.0503956221625f,0.5027729710488317f,-0.000006077502393151821f,-6.467099560249482e-7f,-906.2566929149946f,1.0098731560851868f,-5.153051279787081e-7f,-0.000009913664228974164f,138.0531101187227f,-1.228227874548883f,0f,0f,0f,1f],start_interpolation:0}
execute if entity @s[tag=aj.gravity_soul_stream.bone.gravity_soul_stream_outer_core] run data modify entity @s {} merge value {transformation:[1.3667237295778738e-11f,-4.562504203502923e-7f,-9.840276340584773e-11f,0.5262909230016011f,9.894126587677633e-11f,2.586839824099792e-7f,1.2992402779273837e-11f,0.9923461463349058f,-4.881857372141939e-12f,0.000003965465691589665f,-1.2169372379620859e-11f,-1.333790995794286f,0f,0f,0f,1f],start_interpolation:0}
execute if entity @s[tag=aj.gravity_soul_stream.locator_origin.gravity_soul_stream0] at @s on origin run tp @s ^0.52629 ^0.99235 ^-1.33379 ~97.04992 ~-7.4652
execute if entity @s[tag=aj.gravity_soul_stream.locator_origin.gravity_soul_stream1] at @s on origin run tp @s ^0.52629 ^0.99235 ^-1.33379 ~97.04992 ~-7.4652
execute if entity @s[tag=aj.gravity_soul_stream.locator_origin.gravity_soul_stream2] at @s on origin run tp @s ^0.52629 ^0.99235 ^-1.3338 ~97.04992 ~-7.4652
execute if entity @s[tag=aj.gravity_soul_stream.locator_origin.gravity_soul_stream3] at @s on origin run tp @s ^0.52629 ^0.99235 ^-1.3338 ~97.04992 ~-7.4652
execute if entity @s[tag=aj.gravity_soul_stream.locator_origin.gravity_soul_stream4] at @s on origin run tp @s ^0.52629 ^0.99234 ^-1.33381 ~97.04992 ~-7.4652
execute if entity @s[tag=aj.gravity_soul_stream.locator_origin.gravity_soul_stream5] at @s on origin run tp @s ^0.52629 ^0.99234 ^-1.33381 ~97.04992 ~-7.4652
execute if entity @s[tag=aj.gravity_soul_stream.locator_origin.gravity_soul_stream6] at @s on origin run tp @s ^0.52629 ^0.99234 ^-1.33382 ~97.04992 ~-7.4652
execute if entity @s[tag=aj.gravity_soul_stream.locator_origin.gravity_soul_stream7] at @s on origin run tp @s ^0.52629 ^0.99234 ^-1.33382 ~97.04992 ~-7.4652
execute if entity @s[tag=aj.gravity_soul_stream.locator_origin.gravity_soul_stream8] at @s on origin run tp @s ^0.5263 ^0.99234 ^-1.33383 ~97.04992 ~-7.4652
execute if entity @s[tag=aj.gravity_soul_stream.locator_origin.gravity_soul_stream9] at @s on origin run tp @s ^0.5263 ^0.99234 ^-1.33383 ~97.04992 ~-7.4652
execute if entity @s[tag=aj.gravity_soul_stream.locator_origin.gravity_soul_stream10] at @s on origin run tp @s ^0.5263 ^0.99234 ^-1.33384 ~97.04992 ~-7.4652
execute if entity @s[tag=aj.gravity_soul_stream.locator_origin.gravity_soul_stream11] at @s on origin run tp @s ^0.5263 ^0.99234 ^-1.33384 ~97.04992 ~-7.4652
execute if entity @s[tag=aj.gravity_soul_stream.locator_origin.gravity_soul_stream12] at @s on origin run tp @s ^0.5263 ^0.99234 ^-1.33385 ~97.04992 ~-7.4652
execute if entity @s[tag=aj.gravity_soul_stream.locator_origin.gravity_soul_stream13] at @s on origin run tp @s ^0.5263 ^0.99234 ^-1.33385 ~97.04992 ~-7.4652
execute if entity @s[tag=aj.gravity_soul_stream.locator_origin.gravity_soul_stream14] at @s on origin run tp @s ^0.5263 ^0.99234 ^-1.33386 ~97.04992 ~-7.4652
execute if entity @s[tag=aj.gravity_soul_stream.locator_origin.gravity_soul_stream15] at @s on origin run tp @s ^0.5263 ^0.99234 ^-1.33386 ~97.04992 ~-7.4652
execute if entity @s[tag=aj.gravity_soul_stream.bone.gravity_soul_stream_inner_core] run data modify entity @s {} merge value {transformation:[-3.441815306256217e-7f,0.000008880170912914907f,0.0000024780731463026705f,0.5262907804233448f,-0.000002491634234083529f,-0.0000050348621585278f,-3.2718719799034976e-7f,0.9923462271736503f,1.2293963339311816e-7f,-0.00007718132744640653f,3.0646085391849656e-7f,-1.3337897565862573f,0f,0f,0f,1f],start_interpolation:0}
execute if entity @s[tag=aj.gravity_soul_stream.bone.soul_stream_effects] run data modify entity @s {} merge value {transformation:[-0.8609519120695202f,0.13877545538218533f,-0.8483900759142039f,0.49813232710603667f,0.8457176077255864f,-0.07868263974740047f,-0.8711103908275322f,1.02827722881391f,-0.15422735136529006f,-1.2061562742896346f,-0.04078613618620289f,-1.3245288299160038f,0f,0f,0f,1f],start_interpolation:0}
execute if entity @s[tag=aj.gravity_soul_stream.bone.meteorite_staff] run data modify entity @s {} merge value {transformation:[-0.2107032416432557f,0.17584651617667515f,1.5170426025068189f,0.4115294434305837f,-1.5253445156003014f,-0.09970111822051282f,-0.20029954284713847f,1.0575618140865815f,0.07526196782052152f,-1.5283565686335165f,0.1876111575191549f,-0.34775781586009086f,0f,0f,0f,1f],start_interpolation:0}
execute if entity @s[tag=aj.gravity_soul_stream.bone.left_arm2] run data modify entity @s {} merge value {transformation:[-0.38713311851926174f,0.05782371753186555f,-0.920208870983293f,0.4510774224069698f,-0.7870994888848764f,0.49907143465217946f,0.3624942726601099f,1.252745114058927f,0.48021072785051166f,0.8646294702385586f,-0.14769406234602528f,-0.12464168815727042f,0f,0f,0f,1f],start_interpolation:0}
execute if entity @s[tag=aj.gravity_soul_stream.bone.left_arm] run data modify entity @s {} merge value {transformation:[-0.38713311851926174f,-0.6723584525774104f,-0.6309215955990584f,0.23459616944770947f,-0.7870994888848764f,0.5973820721691295f,-0.15365238184969235f,1.3037031959905998f,0.48021072785051166f,0.4371141396690655f,-0.7604793789174397f,0.04466318774130992f,0f,0f,0f,1f],start_interpolation:0}
execute if entity @s[tag=aj.gravity_soul_stream.bone.head] run data modify entity @s {} merge value {transformation:[-0.948520078239401f,0.04086712609990338f,0.3140693222539496f,0.0028844100843622997f,-0.03225744618879066f,0.9740180774838675f,-0.22416119624058034f,1.4023752998793544f,-0.3150700213319222f,-0.22275246965850976f,-0.9225574339405309f,-0.18963104818204596f,0f,0f,0f,1f],start_interpolation:0}
execute if entity @s[tag=aj.gravity_soul_stream.bone.body_top] run data modify entity @s {} merge value {transformation:[-0.9961946980917455f,0.007325485928539155f,0.08684734163926243f,6.769006819756981e-18f,-0.011011134078133686f,0.9778986072033549f,-0.20878953267836986f,1.0173277232930333f,-0.08645737921201031f,-0.20895131319436472f,-0.974096745859538f,-0.10735646861176484f,0f,0f,0f,1f],start_interpolation:0}
execute if entity @s[tag=aj.gravity_soul_stream.bone.body] run data modify entity @s {} merge value {transformation:[-1f,1.5472015588015957e-17f,1.2148339211704112e-16f,0f,0f,0.991987177050743f,-0.1263385949221292f,0.5833333333333333f,-1.2246467991473532e-16f,-0.1263385949221292f,-0.991987177050743f,-0.05208333333333332f,0f,0f,0f,1f],start_interpolation:0}
execute if entity @s[tag=aj.gravity_soul_stream.bone.right_leg2] run data modify entity @s {} merge value {transformation:[-0.9989023798717817f,0.040923447245728814f,-0.022788307353047793f,-0.1402566866511143f,0.04176704004963531f,0.9984096967960225f,-0.03786280112678969f,0.4400789377837694f,0.021202590690363315f,-0.03877304230004025f,-0.9990230734766922f,-0.33476475713677223f,0f,0f,0f,1f],start_interpolation:0}
execute if entity @s[tag=aj.gravity_soul_stream.bone.right_leg] run data modify entity @s {} merge value {transformation:[-0.9989023798717817f,0.04245338894223114f,0.01979255551490428f,-0.12499999999999999f,0.04176704004963531f,0.6160122310944387f,0.7866285308247751f,0.6614583333333333f,0.021202590690363315f,0.7865917879747866f,-0.6171092360665535f,-0.052083333333333336f,0f,0f,0f,1f],start_interpolation:0}
execute if entity @s[tag=aj.gravity_soul_stream.bone.left_leg2] run data modify entity @s {} merge value {transformation:[-0.9961946980917455f,-0.03625820862710866f,0.07925569885534435f,0.15319148434886515f,-0.08715574274765818f,0.4144332210122858f,-0.9058967832084878f,0.3392281927333267f,-1.185292178826084e-16f,-0.9093571617513851f,-0.41601628858911893f,0.10451605148061711f,0f,0f,0f,1f],start_interpolation:0}
execute if entity @s[tag=aj.gravity_soul_stream.bone.left_leg] run data modify entity @s {} merge value {transformation:[-0.9961946980917455f,-0.07844586949249428f,0.037978534114187765f,0.125f,-0.08715574274765818f,0.8966403912348008f,-0.43409663130737086f,0.6614583333333333f,-1.185292178826084e-16f,-0.4357548099170794f,-0.9000654118641211f,-0.0520833333333333f,0f,0f,0f,1f],start_interpolation:0}
execute if entity @s[tag=aj.gravity_soul_stream.locator_origin.player_camera] at @s on origin run tp @s ^0 ^0.14583 ^-0.67708 ~0 ~0