execute if entity @s[tag=aj.gravity_soul_stream.bone.right_arm2] run data modify entity @s {} merge value {transformation:[-0.04652621467843643f,-0.9194320841618078f,0.3904868166296662f,-0.05490565286972024f,0.425045853396831f,0.33553428080440206f,0.8406858919449238f,1.174008802432777f,-0.9039752949377851f,0.20508873450033072f,0.37518965487230216f,-0.2157279222806637f,0f,0f,0f,1f],start_interpolation:0}
execute if entity @s[tag=aj.gravity_soul_stream.bone.right_arm] run data modify entity @s {} merge value {transformation:[-0.04652621467843643f,-0.654261411648286f,0.7548359534201375f,-0.21847100578179174f,0.425045853396831f,0.6708667450312985f,0.6076790542064702f,1.3417254886906016f,-0.9039752949377851f,0.34911289812767243f,0.246878209858711f,-0.1284496977487456f,0f,0f,0f,1f],start_interpolation:0}
execute if entity @s[tag=aj.gravity_soul_stream.bone.meteorite_staff_effects] run data modify entity @s {} merge value {transformation:[-0.19450552424429957f,0.14837511403315304f,975.0599184738182f,0.9276891834138001f,-0.40945257727670914f,-0.17994159867472764f,-326.8631042494049f,1.0053569759161414f,0.11087815735160936f,-0.4042074026781421f,503.43188860686274f,-0.5737584041694203f,0f,0f,0f,1f],start_interpolation:0}
execute if entity @s[tag=aj.gravity_soul_stream.bone.gravity_soul_stream_outer_core] run data modify entity @s {} merge value {transformation:[4.993381036173403e-7f,0.0007385783454094825f,-2.3200785107988483e-7f,0.9843140961113035f,2.916564443329022e-7f,-0.0008957092911808783f,4.4950292606495967e-7f,0.9515903889830006f,5.3458252038689344e-8f,-0.002012054626664556f,-2.852705460653773e-7f,-0.68368756159485f,0f,0f,0f,1f],start_interpolation:0}
execute if entity @s[tag=aj.gravity_soul_stream.locator_origin.gravity_soul_stream0] at @s on origin run tp @s ^0.98454 ^0.95131 ^-0.68432 ~-87.17039 ~-35.47658
execute if entity @s[tag=aj.gravity_soul_stream.locator_origin.gravity_soul_stream1] at @s on origin run tp @s ^0.98473 ^0.95108 ^-0.68483 ~-87.17039 ~-35.47658
execute if entity @s[tag=aj.gravity_soul_stream.locator_origin.gravity_soul_stream2] at @s on origin run tp @s ^0.98492 ^0.95086 ^-0.68534 ~-87.17039 ~-35.47658
execute if entity @s[tag=aj.gravity_soul_stream.locator_origin.gravity_soul_stream3] at @s on origin run tp @s ^0.98511 ^0.95063 ^-0.68585 ~-87.17039 ~-35.47658
execute if entity @s[tag=aj.gravity_soul_stream.locator_origin.gravity_soul_stream4] at @s on origin run tp @s ^0.98529 ^0.9504 ^-0.68636 ~-87.17039 ~-35.47658
execute if entity @s[tag=aj.gravity_soul_stream.locator_origin.gravity_soul_stream5] at @s on origin run tp @s ^0.98548 ^0.95018 ^-0.68687 ~-87.17039 ~-35.47658
execute if entity @s[tag=aj.gravity_soul_stream.locator_origin.gravity_soul_stream6] at @s on origin run tp @s ^0.98567 ^0.94995 ^-0.68738 ~-87.17039 ~-35.47658
execute if entity @s[tag=aj.gravity_soul_stream.locator_origin.gravity_soul_stream7] at @s on origin run tp @s ^0.98586 ^0.94972 ^-0.68789 ~-87.17039 ~-35.47658
execute if entity @s[tag=aj.gravity_soul_stream.locator_origin.gravity_soul_stream8] at @s on origin run tp @s ^0.98604 ^0.94949 ^-0.6884 ~-87.17039 ~-35.47658
execute if entity @s[tag=aj.gravity_soul_stream.locator_origin.gravity_soul_stream9] at @s on origin run tp @s ^0.98623 ^0.94927 ^-0.68891 ~-87.17039 ~-35.47658
execute if entity @s[tag=aj.gravity_soul_stream.locator_origin.gravity_soul_stream10] at @s on origin run tp @s ^0.98642 ^0.94904 ^-0.68942 ~-87.17039 ~-35.47658
execute if entity @s[tag=aj.gravity_soul_stream.locator_origin.gravity_soul_stream11] at @s on origin run tp @s ^0.9866 ^0.94881 ^-0.68993 ~-87.17039 ~-35.47658
execute if entity @s[tag=aj.gravity_soul_stream.locator_origin.gravity_soul_stream12] at @s on origin run tp @s ^0.98679 ^0.94859 ^-0.69044 ~-87.17039 ~-35.47658
execute if entity @s[tag=aj.gravity_soul_stream.locator_origin.gravity_soul_stream13] at @s on origin run tp @s ^0.98698 ^0.94836 ^-0.69095 ~-87.17039 ~-35.47658
execute if entity @s[tag=aj.gravity_soul_stream.locator_origin.gravity_soul_stream14] at @s on origin run tp @s ^0.98717 ^0.94813 ^-0.69146 ~-87.17039 ~-35.47658
execute if entity @s[tag=aj.gravity_soul_stream.locator_origin.gravity_soul_stream15] at @s on origin run tp @s ^0.98735 ^0.94791 ^-0.69197 ~-87.17039 ~-35.47658
execute if entity @s[tag=aj.gravity_soul_stream.bone.gravity_soul_stream_inner_core] run data modify entity @s {} merge value {transformation:[-0.0014778283429892776f,0.002995018015342275f,-0.0024672155727017146f,0.9845449018442439f,0.0021757722897296364f,-0.0036322016212225485f,-0.0017604729660820888f,0.9513104798295066f,-0.0015110680532610938f,-0.008159107144377634f,-0.00012194500070248867f,-0.6843163286656827f,0f,0f,0f,1f],start_interpolation:0}
execute if entity @s[tag=aj.gravity_soul_stream.bone.soul_stream_effects] run data modify entity @s {} merge value {transformation:[-0.39504948029747233f,0.13284209428280733f,0.029260404294961066f,0.9338972209061294f,-0.08207268507002012f,-0.1611039625634671f,-0.37666546532433276f,0.9797078033653857f,-0.10847703737816648f,-0.3618919402102741f,0.1784215265284689f,-0.6682978123111233f,0f,0f,0f,1f],start_interpolation:0}
execute if entity @s[tag=aj.gravity_soul_stream.bone.meteorite_staff] run data modify entity @s {} merge value {transformation:[0.4739671060028899f,0.490167787430952f,1.382688263385279f,0.6584306968452854f,-1.2676694702115276f,-0.5944499241932968f,0.645274757782542f,1.3450010219204789f,0.7383125407522074f,-1.3353280267045766f,0.22029472162625985f,0.19952608623904308f,0f,0f,0f,1f],start_interpolation:0}
execute if entity @s[tag=aj.gravity_soul_stream.bone.left_arm2] run data modify entity @s {} merge value {transformation:[-0.2877529078037408f,-0.7921935526220452f,-0.5381706413718184f,0.44365151686368487f,-0.7982795186847415f,0.5088532677608132f,-0.3222082586427593f,1.5427737491824527f,0.5291011945733529f,0.3368942372217203f,-0.7788158953358914f,0.26431205592465185f,0f,0f,0f,1f],start_interpolation:0}
execute if entity @s[tag=aj.gravity_soul_stream.bone.left_arm] run data modify entity @s {} merge value {transformation:[-0.2877529078037408f,-0.6968759150142497f,0.6569339564397199f,0.2334634246346548f,-0.7982795186847415f,-0.20443463154870006f,-0.5665300446331195f,1.391880151459685f,0.5291011945733529f,-0.6874375902557258f,-0.4974751103366396f,0.15859030768238952f,0f,0f,0f,1f],start_interpolation:0}
execute if entity @s[tag=aj.gravity_soul_stream.bone.head] run data modify entity @s {} merge value {transformation:[-0.8278810265950777f,0.06796652803949448f,0.5567706501515117f,0.001176287612509062f,-0.06920182156052368f,0.9726710472562563f,-0.22163515452680954f,1.5162726162506703f,-0.5566184633091017f,-0.22201708244113544f,-0.8005524975963414f,-0.06251942339536834f,0f,0f,0f,1f],start_interpolation:0}
execute if entity @s[tag=aj.gravity_soul_stream.bone.body_top] run data modify entity @s {} merge value {transformation:[-0.9961946980917455f,0.0029873971111341172f,0.08710452888568067f,3.165489647891708e-18f,-0.005149297653851553f,0.995649166604294f,-0.09303881863956898f,1.1242357569002295f,-0.0870034954905148f,-0.09313330499168895f,-0.9918450379337274f,-0.02584818455489081f,0f,0f,0f,1f],start_interpolation:0}
execute if entity @s[tag=aj.gravity_soul_stream.bone.body] run data modify entity @s {} merge value {transformation:[-1f,7.235404909466762e-18f,1.2225075354538573e-16f,0f,0f,0.9982531586290958f,-0.05908156469689328f,0.6875f,-1.2246467991473532e-16f,-0.05908156469689328f,-0.9982531586290958f,0f,0f,0f,0f,1f],start_interpolation:0}
execute if entity @s[tag=aj.gravity_soul_stream.bone.right_leg2] run data modify entity @s {} merge value {transformation:[-0.9989023798717817f,0.04200847953952996f,-0.020720114219468375f,-0.14136358804872307f,0.041767040049635315f,0.9990558997428729f,0.011950880906909267f,0.4926201568118495f,0.021202590690363322f,0.011072345539038297f,-0.9997138857254515f,-0.23313296465104427f,0f,0f,0f,1f],start_interpolation:0}
execute if entity @s[tag=aj.gravity_soul_stream.bone.right_leg] run data modify entity @s {} merge value {transformation:[-0.9989023798717817f,0.045533462396446824f,0.010988143095277084f,-0.12499999999999999f,0.041767040049635315f,0.7596656506105057f,0.6489711963161456f,0.765625f,0.021202590690363322f,0.6487178146811666f,-0.7607336242491904f,-1.3877787807814457e-17f,0f,0f,0f,1f],start_interpolation:0}
execute if entity @s[tag=aj.gravity_soul_stream.locator_origin.player_camera] at @s on origin run tp @s ^0 ^0.25 ^-0.625 ~0 ~0