execute if entity @s[tag=aj.shadow_golem.bone.black_hole] run data modify entity @s {} merge value {transformation:[-0.996917333733128f,0f,-0.07845909572784483f,0.19269033347076273f,0f,1f,0f,1.5f,0.07845909572784483f,0f,-0.996917333733128f,-0.026970314156446677f,0f,0f,0f,1f],start_interpolation:0}
execute if entity @s[tag=aj.shadow_golem.bone.body] run data modify entity @s {} merge value {transformation:[-1.0799937782108886f,0f,-0.08499735370516523f,-0.15f,0f,1.0833333333333333f,0f,1.5f,0.08499735370516523f,0f,-1.0799937782108886f,-1.8369701987210297e-17f,0f,0f,0f,1f],start_interpolation:0}
execute if entity @s[tag=aj.shadow_golem.bone.left_leg] run data modify entity @s {} merge value {transformation:[-0.9996573249755573f,-0.026176948307873153f,1.2246467991473532e-16f,-0.22499999999999995f,-0.026176948307873153f,0.9996573249755573f,0f,0.56875f,-1.2242271432755217e-16f,-3.205751595668258e-18f,-1f,-0.375f,0f,0f,0f,1f],start_interpolation:0}
execute if entity @s[tag=aj.shadow_golem.bone.right_leg] run data modify entity @s {} merge value {transformation:[-0.984807753012208f,-0.17364817766693033f,1.2246467991473532e-16f,-0.05000000000000004f,-0.17364817766693033f,0.984807753012208f,0f,0.56875f,-1.2060416625018976e-16f,-2.1265768495757713e-17f,-1f,0.375f,0f,0f,0f,1f],start_interpolation:0}
execute if entity @s[tag=aj.shadow_golem.bone.left_shoulder] run data modify entity @s {} merge value {transformation:[-0.9965756976423013f,0.02613230294537745f,-0.07844731742724832f,-0.21250000000000013f,0.026321202475637104f,0.9996525918193296f,-0.0013747614822886022f,1.6875f,0.07838413850388966f,-0.0034348816089767066f,-0.9969173127292631f,1.125f,0f,0f,0f,1f],start_interpolation:0}
execute if entity @s[tag=aj.shadow_golem.bone.left_hand] run data modify entity @s {} merge value {transformation:[-0.9965756976423013f,0.02613230294537745f,-0.07844731742724832f,-0.22229331253062717f,0.026321202475637104f,0.9996525918193296f,-0.0013747614822886022f,0.9379324013207889f,0.07838413850388966f,-0.0034348816089767066f,-0.9969173127292631f,1.2521908252978904f,0f,0f,0f,1f],start_interpolation:0}
execute if entity @s[tag=aj.shadow_golem.bone.right_hand] run data modify entity @s {} merge value {transformation:[-0.9914325853666415f,-0.10443786588799099f,-0.07844845978079547f,-0.18147765805660604f,-0.10465431409017976f,0.9945077320805807f,-0.0013584455284409687f,0.9414493952485093f,0.07815947297372901f,0.006863162587448221f,-0.9969172452033154f,-1.2547620275910005f,0f,0f,0f,1f],start_interpolation:0}
execute if entity @s[tag=aj.shadow_golem.bone.right_shoulder] run data modify entity @s {} merge value {transformation:[-0.9914325853666415f,-0.10443786588799099f,-0.07844845978079547f,-0.24999999999999986f,-0.10465431409017976f,0.9945077320805807f,-0.0013584455284409687f,1.6875f,0.07815947297372901f,0.006863162587448221f,-0.9969172452033154f,-1.125f,0f,0f,0f,1f],start_interpolation:0}
execute if entity @s[tag=aj.shadow_golem.bone.head] run data modify entity @s {} merge value {transformation:[-0.9983081582712682f,0f,-0.058144828910475704f,-0.9f,0f,1f,0f,1.9375f,0.058144828910475704f,0f,-0.9983081582712682f,-1.1021821192326179e-16f,0f,0f,0f,1f],start_interpolation:0}