execute if entity @s[tag=aj.shadow_golem.bone.black_hole] run data modify entity @s {} merge value {transformation:[-1f,0f,1.2246467991473532e-16f,-0.125f,0f,1f,0f,1.5f,-1.2246467991473532e-16f,0f,-1f,-1.5308084989341918e-17f,0f,0f,0f,1f],start_interpolation:0}
execute if entity @s[tag=aj.shadow_golem.bone.body] run data modify entity @s {} merge value {transformation:[-1.0833333333333333f,0f,1.3267006990762992e-16f,-0.46875f,0f,1.0833333333333333f,0f,1.5f,-1.3267006990762992e-16f,0f,-1.0833333333333333f,-5.740531871003219e-17f,0f,0f,0f,1f],start_interpolation:0}
execute if entity @s[tag=aj.shadow_golem.bone.left_leg] run data modify entity @s {} merge value {transformation:[-0.9940563382223196f,-0.10886687485196457f,1.2246467991473532e-16f,-0.49999999999999994f,-0.10886687485196457f,0.9940563382223196f,0f,0.59375f,-1.2173679127761025e-16f,-1.3332346982063389e-17f,-1f,-0.37500000000000006f,0f,0f,0f,1f],start_interpolation:0}
execute if entity @s[tag=aj.shadow_golem.bone.right_leg] run data modify entity @s {} merge value {transformation:[-0.9940563382223196f,-0.10886687485196457f,1.2246467991473532e-16f,-0.53125f,-0.10886687485196457f,0.9940563382223196f,0f,0.59375f,-1.2173679127761025e-16f,-1.3332346982063389e-17f,-1f,0.37499999999999994f,0f,0f,0f,1f],start_interpolation:0}
execute if entity @s[tag=aj.shadow_golem.bone.left_shoulder] run data modify entity @s {} merge value {transformation:[-0.999056401192534f,-0.04343123478330856f,0.0001873003461813927f,-0.6458333333333334f,-0.04343159345779047f,0.99905229284664f,-0.0028658066209437793f,1.6875f,-0.00006265732010572035f,-0.0028712372017236825f,-0.9999958760269922f,1.125f,0f,0f,0f,1f],start_interpolation:0}
execute if entity @s[tag=aj.shadow_golem.bone.left_hand] run data modify entity @s {} merge value {transformation:[-0.999056401192534f,-0.04343123478330856f,0.0001873003461813927f,-0.6132833197891246f,-0.04343159345779047f,0.99905229284664f,-0.0028658066209437793f,0.9385690061926381f,-0.00006265732010572035f,-0.0028712372017236825f,-0.9999958760269922f,1.2521529124046669f,0f,0f,0f,1f],start_interpolation:0}
execute if entity @s[tag=aj.shadow_golem.bone.right_hand] run data modify entity @s {} merge value {transformation:[-0.9997537548836635f,-0.022190413345713325f,0.00012309168220472482f,-0.4833418035304393f,-0.022189341324981363f,0.9997373024593028f,0.005741010621822227f,0.9384146494832506f,-0.00025045474504289527f,0.00573686560264306f,-0.9999835126868232f,-1.254300588287835f,0f,0f,0f,1f],start_interpolation:0}
execute if entity @s[tag=aj.shadow_golem.bone.right_shoulder] run data modify entity @s {} merge value {transformation:[-0.9997537548836635f,-0.022190413345713325f,0.00012309168220472482f,-0.4999999999999999f,-0.022189341324981363f,0.9997373024593028f,0.005741010621822227f,1.6875f,-0.00025045474504289527f,0.00573686560264306f,-0.9999835126868232f,-1.125f,0f,0f,0f,1f],start_interpolation:0}
execute if entity @s[tag=aj.shadow_golem.bone.head] run data modify entity @s {} merge value {transformation:[-1f,0f,1.2246467991473532e-16f,-1.1875f,0f,1f,0f,1.9375f,-1.2246467991473532e-16f,0f,-1f,-1.4542680739874819e-16f,0f,0f,0f,1f],start_interpolation:0}