execute if entity @s[tag=aj.shadow_golem.bone.black_hole] run data modify entity @s {} merge value {transformation:[-0.9996573249755573f,0f,0.026176948307873302f,-0.14386779453965226f,0f,1f,0f,1.5f,-0.026176948307873302f,0f,-0.9996573249755573f,0.008998325980831388f,0f,0f,0f,1f],start_interpolation:0}
execute if entity @s[tag=aj.shadow_golem.bone.body] run data modify entity @s {} merge value {transformation:[-1.0829621020568536f,0f,0.02835836066686274f,-0.48750000000000004f,0f,1.0833333333333333f,0f,1.5f,-0.02835836066686274f,0f,-1.0829621020568536f,-5.970153145843348e-17f,0f,0f,0f,1f],start_interpolation:0}
execute if entity @s[tag=aj.shadow_golem.bone.left_leg] run data modify entity @s {} merge value {transformation:[-0.9876883405951378f,-0.15643446504023092f,1.2246467991473532e-16f,-0.5125f,-0.15643446504023092f,0.9876883405951378f,0f,0.59375f,-1.2095693648649962e-16f,-1.9157696688784732e-17f,-1f,-0.37500000000000006f,0f,0f,0f,1f],start_interpolation:0}
execute if entity @s[tag=aj.shadow_golem.bone.right_leg] run data modify entity @s {} merge value {transformation:[-0.9990482215818578f,-0.04361938736533594f,1.2246467991473532e-16f,-0.5875f,-0.04361938736533594f,0.9990482215818578f,0f,0.59375f,-1.223481206754078e-16f,-5.3418343117727156e-18f,-1f,0.37499999999999994f,0f,0f,0f,1f],start_interpolation:0}
execute if entity @s[tag=aj.shadow_golem.bone.left_shoulder] run data modify entity @s {} merge value {transformation:[-0.9978006174985876f,-0.060838149608231605f,0.026318192789089995f,-0.6666666666666669f,-0.06087749340239127f,0.9981450030002148f,-0.0006955449252557535f,1.6875f,-0.02622705695420451f,-0.0022962007637988874f,-0.9996533743981327f,1.125f,0f,0f,0f,1f],start_interpolation:0}
execute if entity @s[tag=aj.shadow_golem.bone.left_hand] run data modify entity @s {} merge value {transformation:[-0.9978006174985876f,-0.060838149608231605f,0.026318192789089995f,-0.6243278285591294f,-0.06087749340239127f,0.9981450030002148f,-0.0006955449252557535f,0.9389781908654958f,-0.02622705695420451f,-0.0022962007637988874f,-0.9996533743981327f,1.2516788223726159f,0f,0f,0f,1f],start_interpolation:0}
execute if entity @s[tag=aj.shadow_golem.bone.right_hand] run data modify entity @s {} merge value {transformation:[-0.9996165653282539f,0.008305765541253035f,0.026414703862021334f,-0.5154274861731869f,0.008423976335896317f,0.9999549816807537f,0.004367062460719372f,0.9380796465470247f,-0.026377242919547336f,0.004587904817811629f,-0.9996415318429631f,-1.2533961200937291f,0f,0f,0f,1f],start_interpolation:0}
execute if entity @s[tag=aj.shadow_golem.bone.right_shoulder] run data modify entity @s {} merge value {transformation:[-0.9996165653282539f,0.008305765541253035f,0.026414703862021334f,-0.5124999999999998f,0.008423976335896317f,0.9999549816807537f,0.004367062460719372f,1.6875f,-0.026377242919547336f,0.004587904817811629f,-0.9996415318429631f,-1.125f,0f,0f,0f,1f],start_interpolation:0}
execute if entity @s[tag=aj.shadow_golem.bone.head] run data modify entity @s {} merge value {transformation:[-0.9998476951563913f,0f,0.01745240643728365f,-1.2125f,0f,1f,0f,1.9375f,-0.01745240643728365f,0f,-0.9998476951563913f,-1.4848842439661657e-16f,0f,0f,0f,1f],start_interpolation:0}