execute if entity @s[tag=aj.shadow_golem.bone.black_hole] run data modify entity @s {} merge value {transformation:[-0.9951847266721969f,0f,0.09801714032956084f,0.13115724979356777f,0f,1f,0f,1.5f,-0.09801714032956084f,0f,-0.9951847266721969f,0.03369339198828651f,0f,0f,0f,1f],start_interpolation:0}
execute if entity @s[tag=aj.shadow_golem.bone.body] run data modify entity @s {} merge value {transformation:[-1.0781167872282134f,0f,0.10618523535702423f,-0.21093749999999992f,0f,1.0833333333333333f,0f,1.5f,-0.10618523535702423f,0f,-1.0781167872282134f,-2.5832393419514473e-17f,0f,0f,0f,1f],start_interpolation:0}
execute if entity @s[tag=aj.shadow_golem.bone.left_leg] run data modify entity @s {} merge value {transformation:[-0.9585093517935304f,-0.28506108560157095f,1.2246467991473532e-16f,-0.21874999999999983f,-0.28506108560157095f,0.9585093517935304f,0f,0.59375f,-1.1738354096267514e-16f,-3.490991460434335e-17f,-1f,-0.375f,0f,0f,0f,1f],start_interpolation:0}
execute if entity @s[tag=aj.shadow_golem.bone.right_leg] run data modify entity @s {} merge value {transformation:[-0.9907182083488126f,0.13593171685121447f,1.2246467991473532e-16f,-0.4140625000000001f,0.13593171685121447f,0.9907182083488126f,0f,0.59375f,-1.213279882711374e-16f,1.6646834194444413e-17f,-1f,0.37499999999999994f,0f,0f,0f,1f],start_interpolation:0}
execute if entity @s[tag=aj.shadow_golem.bone.left_shoulder] run data modify entity @s {} merge value {transformation:[-0.9892732491270295f,-0.1087501820106466f,0.09752864437846712f,-0.39583333333333337f,-0.1082959951402564f,0.9940688545633605f,0.009954387156931862f,1.6875f,-0.09803272921954093f,-0.0007143526718399118f,-0.9951829347924072f,1.125f,0f,0f,0f,1f],start_interpolation:0}
execute if entity @s[tag=aj.shadow_golem.bone.left_hand] run data modify entity @s {} merge value {transformation:[-0.9892732491270295f,-0.1087501820106466f,0.09752864437846712f,-0.3264617773726568f,-0.1082959951402564f,0.9940688545633605f,0.009954387156931862f,0.9407040606828632f,-0.09803272921954093f,-0.0007143526718399118f,-0.9951829347924072f,1.2499336313529308f,0f,0f,0f,1f],start_interpolation:0}
execute if entity @s[tag=aj.shadow_golem.bone.right_hand] run data modify entity @s {} merge value {transformation:[-0.9909124436223535f,0.09235442357137655f,0.0977915616051547f,-0.27579187247788783f,0.09204862903127459f,0.995725174551836f,-0.007643733196462953f,0.9397506524365651f,-0.09807945232228202f,0.001427308836477513f,-0.9951775639661731f,-1.2504676771231298f,0f,0f,0f,1f],start_interpolation:0}
execute if entity @s[tag=aj.shadow_golem.bone.right_shoulder] run data modify entity @s {} merge value {transformation:[-0.9909124436223535f,0.09235442357137655f,0.0977915616051547f,-0.21874999999999975f,0.09204862903127459f,0.995725174551836f,-0.007643733196462953f,1.6875f,-0.09807945232228202f,0.001427308836477513f,-0.9951775639661731f,-1.125f,0f,0f,0f,1f],start_interpolation:0}
execute if entity @s[tag=aj.shadow_golem.bone.head] run data modify entity @s {} merge value {transformation:[-0.9978589232386035f,0f,0.06540312923014327f,-0.953125f,0f,1f,0f,1.9375f,-0.06540312923014327f,0f,-0.9978589232386035f,-1.167241480437321e-16f,0f,0f,0f,1f],start_interpolation:0}