execute if entity @s[tag=aj.shadow_golem.bone.black_hole] run data modify entity @s {} merge value {transformation:[-0.996917333733128f,0f,0.07845909572784501f,-0.1823096665292372f,0f,1f,0f,1.5f,-0.07845909572784501f,0f,-0.996917333733128f,0.026970314156446656f,0f,0f,0f,1f],start_interpolation:0}
execute if entity @s[tag=aj.shadow_golem.bone.body] run data modify entity @s {} merge value {transformation:[-1.0799937782108886f,0f,0.08499735370516542f,-0.5249999999999999f,0f,1.0833333333333333f,0f,1.5f,-0.08499735370516542f,0f,-1.0799937782108886f,-6.429395695523604e-17f,0f,0f,0f,1f],start_interpolation:0}
execute if entity @s[tag=aj.shadow_golem.bone.left_leg] run data modify entity @s {} merge value {transformation:[-0.9681476403781079f,-0.2503800040544413f,1.2246467991473532e-16f,-0.5375f,-0.2503800040544413f,0.9681476403781079f,0f,0.59375f,-1.1856389088911126e-16f,-3.0662707053577285e-17f,-1f,-0.37500000000000006f,0f,0f,0f,1f],start_interpolation:0}
execute if entity @s[tag=aj.shadow_golem.bone.right_leg] run data modify entity @s {} merge value {transformation:[-0.9961946980917455f,0.08715574274765805f,1.2246467991473532e-16f,-0.7f,0.08715574274765805f,0.9961946980917455f,0f,0.59375f,-1.2199866483456202e-16f,1.0673500138322958e-17f,-1f,0.3749999999999999f,0f,0f,0f,1f],start_interpolation:0}
execute if entity @s[tag=aj.shadow_golem.bone.left_shoulder] run data modify entity @s {} merge value {transformation:[-0.9923329479020686f,-0.09568112211776139f,0.07823326260789872f,-0.7083333333333334f,-0.09547549151170115f,0.9954113782510852f,0.006373269873006468f,1.6875f,-0.07848408137061612f,-0.001144953519197169f,-0.9969147095177447f,1.125f,0f,0f,0f,1f],start_interpolation:0}
execute if entity @s[tag=aj.shadow_golem.bone.left_hand] run data modify entity @s {} merge value {transformation:[-0.9923329479020686f,-0.09568112211776139f,0.07823326260789872f,-0.6463516495709997f,-0.09547549151170115f,0.9954113782510852f,0.006373269873006468f,0.9401448075775604f,-0.07848408137061612f,-0.001144953519197169f,-0.9969147095177447f,1.250473053829116f,0f,0f,0f,1f],start_interpolation:0}
execute if entity @s[tag=aj.shadow_golem.bone.right_hand] run data modify entity @s {} merge value {transformation:[-0.9944914545781826f,0.06942699910018452f,0.07852794768051446f,-0.5797542558650739f,0.06939189616957817f,0.9975844116591808f,-0.0031790502664565904f,0.9389143099723074f,-0.07855896840565768f,0.002287664868190753f,-0.9969068437283846f,-1.2513291041171912f,0f,0f,0f,1f],start_interpolation:0}
execute if entity @s[tag=aj.shadow_golem.bone.right_shoulder] run data modify entity @s {} merge value {transformation:[-0.9944914545781826f,0.06942699910018452f,0.07852794768051446f,-0.5374999999999999f,0.06939189616957817f,0.9975844116591808f,-0.0031790502664565904f,1.6875f,-0.07855896840565768f,0.002287664868190753f,-0.9969068437283846f,-1.125f,0f,0f,0f,1f],start_interpolation:0}
execute if entity @s[tag=aj.shadow_golem.bone.head] run data modify entity @s {} merge value {transformation:[-0.9986295347545738f,0f,0.052335956242943925f,-1.2625f,0f,1f,0f,1.9375f,-0.052335956242943925f,0f,-0.9986295347545738f,-1.5461165839235333e-16f,0f,0f,0f,1f],start_interpolation:0}