execute if entity @s[tag=aj.shadow_golem.bone.black_hole] run data modify entity @s {} merge value {transformation:[-0.9945218953682733f,0f,0.10452846326765355f,-0.20188309846715602f,0f,1f,0f,1.5f,-0.10452846326765355f,0f,-0.9945218953682733f,0.03593165924825584f,0f,0f,0f,1f],start_interpolation:0}
execute if entity @s[tag=aj.shadow_golem.bone.body] run data modify entity @s {} merge value {transformation:[-1.077398719982296f,0f,0.11323916853995801f,-0.54375f,0f,1.0833333333333333f,0f,1.5f,-0.11323916853995801f,0f,-1.077398719982296f,-6.659016970363733e-17f,0f,0f,0f,1f],start_interpolation:0}
execute if entity @s[tag=aj.shadow_golem.bone.left_leg] run data modify entity @s {} merge value {transformation:[-0.9550199444571866f,-0.2965415749755709f,1.2246467991473532e-16f,-0.55f,-0.2965415749755709f,0.9550199444571866f,0f,0.59375f,-1.1695621181013766e-16f,-3.6315869060794774e-17f,-1f,-0.37500000000000006f,0f,0f,0f,1f],start_interpolation:0}
execute if entity @s[tag=aj.shadow_golem.bone.right_leg] run data modify entity @s {} merge value {transformation:[-0.9883615104677607f,0.1521233861899167f,1.2246467991473532e-16f,-0.75625f,0.1521233861899167f,0.9883615104677607f,0f,0.59375f,-1.2103937601947863e-16f,1.8629741797293815e-17f,-1f,0.3749999999999999f,0f,0f,0f,1f],start_interpolation:0}
execute if entity @s[tag=aj.shadow_golem.bone.left_shoulder] run data modify entity @s {} merge value {transformation:[-0.9881318953283783f,-0.11310619550238508f,0.10393433491259303f,-0.7291666666666667f,-0.1125457782867451f,0.9935827405817172f,0.011259902661873813f,1.6875f,-0.10454092607480396f,-0.0005711016549625851f,-0.9945204214184453f,1.125f,0f,0f,0f,1f],start_interpolation:0}
execute if entity @s[tag=aj.shadow_golem.bone.left_hand] run data modify entity @s {} merge value {transformation:[-0.9881318953283783f,-0.11310619550238508f,0.10393433491259303f,-0.6573288119039521f,-0.1125457782867451f,0.9935827405817172f,0.011259902661873813f,0.9409054567309778f,-0.10454092607480396f,-0.0005711016549625851f,-0.9945204214184453f,1.2497433789185277f,0f,0f,0f,1f],start_interpolation:0}
execute if entity @s[tag=aj.shadow_golem.bone.right_hand] run data modify entity @s {} merge value {transformation:[-0.9895202268875192f,0.09999407469610198f,0.10416768023788796f,-0.6119745959923404f,0.09956457200785586f,0.994987378284002f,-0.009328078924459735f,0.940093456421441f,-0.10457827968256593f,0.0011410877261804177f,-0.9945160035602425f,-1.2501703162396656f,0f,0f,0f,1f],start_interpolation:0}
execute if entity @s[tag=aj.shadow_golem.bone.right_shoulder] run data modify entity @s {} merge value {transformation:[-0.9895202268875192f,0.09999407469610198f,0.10416768023788796f,-0.5499999999999999f,0.09956457200785586f,0.994987378284002f,-0.009328078924459735f,1.6875f,-0.10457827968256593f,0.0011410877261804177f,-0.9945160035602425f,-1.125f,0f,0f,0f,1f],start_interpolation:0}
execute if entity @s[tag=aj.shadow_golem.bone.head] run data modify entity @s {} merge value {transformation:[-0.9975640502598242f,0f,0.06975647374412543f,-1.2875f,0f,1f,0f,1.9375f,-0.06975647374412543f,0f,-0.9975640502598242f,-1.5767327539022174e-16f,0f,0f,0f,1f],start_interpolation:0}