execute if entity @s[tag=aj.shadow_golem.bone.black_hole] run data modify entity @s {} merge value {transformation:[-0.996917333733128f,0f,-0.07845909572784478f,-0.06980966652923731f,0f,1f,0f,1.5f,0.07845909572784478f,0f,-0.996917333733128f,-0.026970314156446695f,0f,0f,0f,1f],start_interpolation:0}
execute if entity @s[tag=aj.shadow_golem.bone.body] run data modify entity @s {} merge value {transformation:[-1.0799937782108886f,0f,-0.08499735370516517f,-0.41250000000000003f,0f,1.0833333333333333f,0f,1.5f,0.08499735370516517f,0f,-1.0799937782108886f,-5.0516680464828325e-17f,0f,0f,0f,1f],start_interpolation:0}
execute if entity @s[tag=aj.shadow_golem.bone.left_leg] run data modify entity @s {} merge value {transformation:[-0.9993908270190958f,0.03489949670250087f,1.2246467991473532e-16f,-0.46249999999999997f,0.03489949670250087f,0.9993908270190958f,0f,0.59375f,-1.2239007774061617e-16f,4.27395569285713e-18f,-1f,-0.37500000000000006f,0f,0f,0f,1f],start_interpolation:0}
execute if entity @s[tag=aj.shadow_golem.bone.right_leg] run data modify entity @s {} merge value {transformation:[-0.9537169507482269f,-0.300705799504273f,1.2246467991473532e-16f,-0.36250000000000016f,-0.300705799504273f,0.9537169507482269f,0f,0.59375f,-1.16796641102639e-16f,-3.682583948479537e-17f,-1f,0.37499999999999994f,0f,0f,0f,1f],start_interpolation:0}
execute if entity @s[tag=aj.shadow_golem.bone.left_shoulder] run data modify entity @s {} merge value {transformation:[-0.9968845729590371f,0.008667218621287833f,-0.0783966039930871f,-0.5833333333333335f,0.008999521656516537f,0.9999519510202467f,-0.003886420043694507f,1.6875f,0.07835915266407625f,-0.00457984412103098f,-0.9969146744940587f,1.125f,0f,0f,0f,1f],start_interpolation:0}
execute if entity @s[tag=aj.shadow_golem.bone.left_hand] run data modify entity @s {} merge value {transformation:[-0.9968845729590371f,0.008667218621287833f,-0.0783966039930871f,-0.5800341718001635f,0.008999521656516537f,0.9999519510202467f,-0.003886420043694507f,0.9380218392402768f,0.07835915266407625f,-0.00457984412103098f,-0.9969146744940587f,1.2530492174025305f,0f,0f,0f,1f],start_interpolation:0}
execute if entity @s[tag=aj.shadow_golem.bone.right_hand] run data modify entity @s {} merge value {transformation:[-0.9904723534622167f,-0.11308197617454947f,-0.07859378914059395f,-0.38751274151166204f,-0.11345138306544918f,0.9935435207935805f,0.0002365790201054865f,0.9423719317823278f,0.07805959715213903f,0.009150899057178332f,-0.9969066959043315f,-1.2564765112809253f,0f,0f,0f,1f],start_interpolation:0}
execute if entity @s[tag=aj.shadow_golem.bone.right_shoulder] run data modify entity @s {} merge value {transformation:[-0.9904723534622167f,-0.11308197617454947f,-0.07859378914059395f,-0.4624999999999999f,-0.11345138306544918f,0.9935435207935805f,0.0002365790201054865f,1.6875f,0.07805959715213903f,0.009150899057178332f,-0.9969066959043315f,-1.125f,0f,0f,0f,1f],start_interpolation:0}
execute if entity @s[tag=aj.shadow_golem.bone.head] run data modify entity @s {} merge value {transformation:[-0.9986295347545738f,0f,-0.052335956242943675f,-1.1125f,0f,1f,0f,1.9375f,0.052335956242943675f,0f,-0.9986295347545738f,-1.3624195640514304e-16f,0f,0f,0f,1f],start_interpolation:0}