execute if entity @s[tag=aj.shadow_golem.bone.black_hole] run data modify entity @s {} merge value {transformation:[-0.9914448613738104f,0f,-0.13052619222005146f,0.21580917109724734f,0f,1f,0f,1.5f,0.13052619222005146f,0f,-0.9914448613738104f,-0.0448683785756427f,0f,0f,0f,1f],start_interpolation:0}
execute if entity @s[tag=aj.shadow_golem.bone.body] run data modify entity @s {} merge value {transformation:[-1.0740652664882946f,0f,-0.14140337490505575f,-0.125f,0f,1.0833333333333333f,0f,1.5f,0.14140337490505575f,0f,-1.0740652664882946f,-1.5308084989341915e-17f,0f,0f,0f,1f],start_interpolation:0}
execute if entity @s[tag=aj.shadow_golem.bone.left_leg] run data modify entity @s {} merge value {transformation:[-0.9990482215818578f,-0.043619387365336f,1.2246467991473532e-16f,-0.24999999999999994f,-0.043619387365336f,0.9990482215818578f,0f,0.59375f,-1.223481206754078e-16f,-5.341834311772723e-18f,-1f,-0.37500000000000006f,0f,0f,0f,1f],start_interpolation:0}
execute if entity @s[tag=aj.shadow_golem.bone.right_leg] run data modify entity @s {} merge value {transformation:[-0.9659258262890683f,-0.25881904510252074f,1.2246467991473532e-16f,-4.592425496802574e-17f,-0.25881904510252074f,0.9659258262890683f,0f,0.59375f,-1.1829179713786698e-16f,-3.169619151431765e-17f,-1f,0.375f,0f,0f,0f,1f],start_interpolation:0}
execute if entity @s[tag=aj.shadow_golem.bone.left_shoulder] run data modify entity @s {} merge value {transformation:[-0.9905012306322833f,0.04324614327287515f,-0.13052617824771431f,-0.18750000000000014f,0.04361930658548376f,0.999048225108778f,4.464481675840737e-8f,1.6875f,0.1304019486393271f,-0.005693417165672611f,-0.9914448632133024f,1.125f,0f,0f,0f,1f],start_interpolation:0}
execute if entity @s[tag=aj.shadow_golem.bone.left_hand] run data modify entity @s {} merge value {transformation:[-0.9905012306322833f,0.04324614327287515f,-0.13052617824771431f,-0.2036188351736922f,0.04361930658548376f,0.999048225108778f,4.464481675840737e-8f,0.9382138255878144f,0.1304019486393271f,-0.005693417165672611f,-0.9914448632133024f,1.2532006707759173f,0f,0f,0f,1f],start_interpolation:0}
execute if entity @s[tag=aj.shadow_golem.bone.right_hand] run data modify entity @s {} merge value {transformation:[-0.9763176035503522f,-0.17290532527031416f,-0.13002955622036133f,-0.1365747005748094f,-0.172905328654345f,0.98487274917845f,-0.011376082305206264f,0.9474234278280117f,0.13002955172048464f,0.011376133739049657f,-0.9914448543719016f,-1.257462707100775f,0f,0f,0f,1f],start_interpolation:0}
execute if entity @s[tag=aj.shadow_golem.bone.right_shoulder] run data modify entity @s {} merge value {transformation:[-0.9763176035503522f,-0.17290532527031416f,-0.13002955622036133f,-0.24999999999999986f,-0.172905328654345f,0.98487274917845f,-0.011376082305206264f,1.6875f,0.13002955172048464f,0.011376133739049657f,-0.9914448543719016f,-1.125f,0f,0f,0f,1f],start_interpolation:0}
execute if entity @s[tag=aj.shadow_golem.bone.head] run data modify entity @s {} merge value {transformation:[-0.9961946980917455f,0f,-0.08715574274765805f,-0.875f,0f,1f,0f,1.9375f,0.08715574274765805f,0f,-0.9961946980917455f,-1.071565949253934e-16f,0f,0f,0f,1f],start_interpolation:0}