execute if entity @s[tag=aj.shadow_golem.bone.black_hole] run data modify entity @s {} merge value {transformation:[-0.9996573249755573f,0f,-0.026176948307873028f,0.31863220546034776f,0f,1f,0f,1.5f,0.026176948307873028f,0f,-0.9996573249755573f,-0.008998325980831357f,0f,0f,0f,1f],start_interpolation:0}
execute if entity @s[tag=aj.shadow_golem.bone.body] run data modify entity @s {} merge value {transformation:[-1.0829621020568536f,0f,-0.028358360666862446f,-0.025f,0f,1.0833333333333333f,0f,1.5f,0.028358360666862446f,0f,-1.0829621020568536f,-3.061616997868383e-18f,0f,0f,0f,1f],start_interpolation:0}
execute if entity @s[tag=aj.shadow_golem.bone.left_leg] run data modify entity @s {} merge value {transformation:[-0.984807753012208f,0.17364817766693033f,1.2246467991473532e-16f,-0.07499999999999997f,0.17364817766693033f,0.984807753012208f,0f,0.55625f,-1.2060416625018976e-16f,2.1265768495757713e-17f,-1f,-0.375f,0f,0f,0f,1f],start_interpolation:0}
execute if entity @s[tag=aj.shadow_golem.bone.right_leg] run data modify entity @s {} merge value {transformation:[-0.9986295347545738f,-0.05233595624294383f,1.2246467991473532e-16f,-4.592425496802574e-17f,-0.05233595624294383f,0.9986295347545738f,0f,0.54375f,-1.2229684632711994e-16f,-6.4093061293237094e-18f,-1f,0.375f,0f,0f,0f,1f],start_interpolation:0}
execute if entity @s[tag=aj.shadow_golem.bone.left_shoulder] run data modify entity @s {} merge value {transformation:[-0.9996192580809947f,0.008771681402312876f,-0.026160972439455196f,-0.08750000000000013f,0.008798711036549745f,0.9999608689663599f,-0.0009182701876877457f,1.6875f,0.026151893960034974f,-0.0011481034006642283f,-0.9996573214361432f,1.125f,0f,0f,0f,1f],start_interpolation:0}
execute if entity @s[tag=aj.shadow_golem.bone.left_hand] run data modify entity @s {} merge value {transformation:[-0.9996192580809947f,0.008771681402312876f,-0.026160972439455196f,-0.09080863949680289f,0.008798711036549745f,0.9999608689663599f,-0.0009182701876877457f,0.937644132048691f,0.026151893960034974f,-0.0011481034006642283f,-0.9996573214361432f,1.250818242730016f,0f,0f,0f,1f],start_interpolation:0}
execute if entity @s[tag=aj.shadow_golem.bone.right_hand] run data modify entity @s {} merge value {transformation:[-0.9993908270190958f,-0.03489949670250097f,1.2246467991473532e-16f,-0.22382537747312412f,-0.03489949670250097f,0.9993908270190958f,0f,0.9379568797356782f,-1.2239007774061617e-16f,-4.273955692857142e-18f,-1f,-1.25f,0f,0f,0f,1f],start_interpolation:0}
execute if entity @s[tag=aj.shadow_golem.bone.right_shoulder] run data modify entity @s {} merge value {transformation:[-0.9993908270190958f,-0.03489949670250097f,1.2246467991473532e-16f,-0.24999999999999986f,-0.03489949670250097f,0.9993908270190958f,0f,1.6875f,-1.2239007774061617e-16f,-4.273955692857142e-18f,-1f,-1.125f,0f,0f,0f,1f],start_interpolation:0}
execute if entity @s[tag=aj.shadow_golem.bone.head] run data modify entity @s {} merge value {transformation:[-0.9961946980917455f,0f,-0.08715574274765805f,-0.725f,0f,1f,0f,1.9375f,0.08715574274765805f,0f,-0.9961946980917455f,-8.878689293818311e-17f,0f,0f,0f,1f],start_interpolation:0}