execute if entity @s[tag=aj.shadow_golem.bone.black_hole] run data modify entity @s {} merge value {transformation:[-0.9984268150178166f,0f,0.05607044723719191f,0.15570921766237444f,0f,1f,0f,1.5f,-0.05607044723719191f,0f,-0.9984268150178166f,0.019274216237784695f,0f,0f,0f,1f],start_interpolation:0}
execute if entity @s[tag=aj.shadow_golem.bone.body] run data modify entity @s {} merge value {transformation:[-1.0816290496026346f,0f,0.06074298450695789f,-0.1875f,0f,1.0833333333333333f,0f,1.5f,-0.06074298450695789f,0f,-1.0816290496026346f,-2.296212748401287e-17f,0f,0f,0f,1f],start_interpolation:0}
execute if entity @s[tag=aj.shadow_golem.bone.left_leg] run data modify entity @s {} merge value {transformation:[-0.9888308262251285f,-0.14904226617617444f,1.2246467991473532e-16f,-0.18749999999999994f,-0.14904226617617444f,0.9888308262251285f,0f,0.5580357142857143f,-1.2109685062348362e-16f,-1.8252413421031987e-17f,-1f,-0.375f,0f,0f,0f,1f],start_interpolation:0}
execute if entity @s[tag=aj.shadow_golem.bone.right_leg] run data modify entity @s {} merge value {transformation:[-0.9976502379123289f,0.06851279291835667f,1.2246467991473532e-16f,-0.25892857142857145f,0.06851279291835667f,0.9976502379123289f,0f,0.5580357142857143f,-1.2217691705279289e-16f,8.390397254811095e-18f,-1f,0.37499999999999994f,0f,0f,0f,1f],start_interpolation:0}
execute if entity @s[tag=aj.shadow_golem.bone.left_shoulder] run data modify entity @s {} merge value {transformation:[-0.9968561049466212f,-0.056070447237191776f,0.055982238051654046f,-0.3035714285714287f,-0.05598223805165392f,0.9984268150178166f,0.0031438950533787076f,1.6875f,-0.0560704472371919f,-7.083489808075847e-18f,-0.9984268150178166f,1.125f,0f,0f,0f,1f],start_interpolation:0}
execute if entity @s[tag=aj.shadow_golem.bone.left_hand] run data modify entity @s {} merge value {transformation:[-0.9968561049466212f,-0.056070447237191776f,0.055982238051654046f,-0.26851637289999164f,-0.05598223805165392f,0.9984268150178166f,0.0031438950533787076f,0.9382869018549652f,-0.0560704472371919f,-7.083489808075847e-18f,-0.9984268150178166f,1.2498033518772271f,0f,0f,0f,1f],start_interpolation:0}
execute if entity @s[tag=aj.shadow_golem.bone.right_hand] run data modify entity @s {} merge value {transformation:[-0.9968561049466212f,0.056070447237191776f,0.055982238051654046f,-0.25826934138572266f,0.05598223805165392f,0.9984268150178166f,-0.0031438950533787076f,0.9382869018549652f,-0.0560704472371919f,7.083489808075847e-18f,-0.9984268150178166f,-1.2498033518772271f,0f,0f,0f,1f],start_interpolation:0}
execute if entity @s[tag=aj.shadow_golem.bone.right_shoulder] run data modify entity @s {} merge value {transformation:[-0.9968561049466212f,0.056070447237191776f,0.055982238051654046f,-0.2232142857142856f,0.05598223805165392f,0.9984268150178166f,-0.0031438950533787076f,1.6875f,-0.0560704472371919f,7.083489808075847e-18f,-0.9984268150178166f,-1.125f,0f,0f,0f,1f],start_interpolation:0}
execute if entity @s[tag=aj.shadow_golem.bone.head] run data modify entity @s {} merge value {transformation:[-0.9995769500822006f,0f,0.029084718743111516f,-0.9375f,0f,1f,0f,1.9375f,-0.029084718743111516f,0f,-0.9995769500822006f,-1.1481063742006437e-16f,0f,0f,0f,1f],start_interpolation:0}