execute if entity @s[tag=aj.shadow_golem.bone.black_hole] run data modify entity @s {} merge value {transformation:[-0.9993007047883986f,0f,0.03739119427632573f,0.15600961727101204f,0f,1f,0f,1.5f,-0.03739119427632573f,0f,-0.9993007047883986f,0.012853223032486946f,0f,0f,0f,1f],start_interpolation:0}
execute if entity @s[tag=aj.shadow_golem.bone.body] run data modify entity @s {} merge value {transformation:[-1.0825757635207651f,0f,0.040507127132686206f,-0.1875f,0f,1.0833333333333333f,0f,1.5f,-0.040507127132686206f,0f,-1.0825757635207651f,-2.296212748401287e-17f,0f,0f,0f,1f],start_interpolation:0}
execute if entity @s[tag=aj.shadow_golem.bone.left_leg] run data modify entity @s {} merge value {transformation:[-0.9950307753654014f,-0.0995678465958166f,1.2246467991473532e-16f,-0.18749999999999994f,-0.0995678465958166f,0.9950307753654014f,0f,0.5491071428571428f,-1.218561254104348e-16f,-1.219354446315615e-17f,-1f,-0.375f,0f,0f,0f,1f],start_interpolation:0}
execute if entity @s[tag=aj.shadow_golem.bone.right_leg] run data modify entity @s {} merge value {transformation:[-0.9995143610285276f,0.03116154838473306f,1.2246467991473532e-16f,-0.2142857142857143f,0.03116154838473306f,0.9995143610285276f,0f,0.5491071428571428f,-1.2240520629353985e-16f,3.816189048583871e-18f,-1f,0.375f,0f,0f,0f,1f],start_interpolation:0}
execute if entity @s[tag=aj.shadow_golem.bone.left_shoulder] run data modify entity @s {} merge value {transformation:[-0.9986018985905901f,-0.037391194276325604f,0.03736504679321223f,-0.2857142857142858f,-0.037365046793212106f,0.9993007047883986f,0.0013981014094099245f,1.6875f,-0.03739119427632573f,-4.687520855928449e-18f,-0.9993007047883986f,1.125f,0f,0f,0f,1f],start_interpolation:0}
execute if entity @s[tag=aj.shadow_golem.bone.left_hand] run data modify entity @s {} merge value {transformation:[-0.9986018985905901f,-0.037391194276325604f,0.03736504679321223f,-0.2623415208561931f,-0.037365046793212106f,0.9993007047883986f,0.0013981014094099245f,0.9378497087325248f,-0.03739119427632573f,-4.687520855928449e-18f,-0.9993007047883986f,1.2499125880985498f,0f,0f,0f,1f],start_interpolation:0}
execute if entity @s[tag=aj.shadow_golem.bone.right_hand] run data modify entity @s {} merge value {transformation:[-0.9986018985905901f,0.037391194276325604f,0.03736504679321223f,-0.2555156220009497f,0.037365046793212106f,0.9993007047883986f,-0.0013981014094099245f,0.9378497087325248f,-0.03739119427632573f,4.687520855928449e-18f,-0.9993007047883986f,-1.2499125880985498f,0f,0f,0f,1f],start_interpolation:0}
execute if entity @s[tag=aj.shadow_golem.bone.right_shoulder] run data modify entity @s {} merge value {transformation:[-0.9986018985905901f,0.037391194276325604f,0.03736504679321223f,-0.232142857142857f,0.037365046793212106f,0.9993007047883986f,-0.0013981014094099245f,1.6875f,-0.03739119427632573f,4.687520855928449e-18f,-0.9993007047883986f,-1.125f,0f,0f,0f,1f],start_interpolation:0}
execute if entity @s[tag=aj.shadow_golem.bone.head] run data modify entity @s {} merge value {transformation:[-0.9998942319271075f,0f,0.014543897651582758f,-0.9375f,0f,1f,0f,1.9375f,-0.014543897651582758f,0f,-0.9998942319271075f,-1.1481063742006437e-16f,0f,0f,0f,1f],start_interpolation:0}