execute if entity @s[tag=aj.meteoric_ore_snipe_charge.bone.right_arm2] run data modify entity @s {} merge value {transformation:[0.7514767698428703f,-0.5889740979898821f,0.2973082176522047f,0.47479279334400315f,0.6589109674333526f,0.6928362890503051f,-0.29294063147853916f,1.1875904265291943f,-0.0334514780326548f,0.41603772481832324f,0.9087318692251438f,-0.06265114458124608f,0f,0f,0f,1f],start_interpolation:0}
execute if entity @s[tag=aj.meteoric_ore_snipe_charge.bone.right_arm] run data modify entity @s {} merge value {transformation:[0.7514767698428703f,-0.482249031603342f,0.45024275219504073f,0.3402487522249792f,0.6589109674333526f,0.5831840903397768f,-0.4751133062445318f,1.2984960937499999f,-0.0334514780326548f,0.6537065001146967f,0.7560084723898435f,0.028065745644343096f,0f,0f,0f,1f],start_interpolation:0}
execute if entity @s[tag=aj.meteoric_ore_snipe_charge.locator_origin.meteoric_ore_greatsword] at @s on origin run tp @s ^-1.05331 ^1.27985 ^1.34555 ~-146.24679 ~-5.34429
execute if entity @s[tag=aj.meteoric_ore_snipe_charge.locator_origin.meteoric_ore_greatsword2] at @s on origin run tp @s ^-1.58215 ^1.11118 ^2.02071 ~-146.24679 ~-5.34429
execute if entity @s[tag=aj.meteoric_ore_snipe_charge.locator_origin.meteoric_ore_greatsword3] at @s on origin run tp @s ^-2.02731 ^1.03623 ^2.68685 ~-146.24679 ~-5.34429
execute if entity @s[tag=aj.meteoric_ore_snipe_charge.locator_origin.laserbeam] at @s on origin run tp @s ^-2.31791 ^0.96491 ^3.10278 ~-146.24679 ~-5.34429
execute if entity @s[tag=aj.meteoric_ore_snipe_charge.locator_origin.laserbeam2] at @s on origin run tp @s ^-2.31792 ^0.96491 ^3.10279 ~-146.24679 ~-5.34429
execute if entity @s[tag=aj.meteoric_ore_snipe_charge.locator_origin.laserbeam3] at @s on origin run tp @s ^-2.31792 ^0.96491 ^3.1028 ~-146.24679 ~-5.34429
execute if entity @s[tag=aj.meteoric_ore_snipe_charge.locator_origin.laserbeam4] at @s on origin run tp @s ^-2.31793 ^0.96491 ^3.10281 ~-146.24679 ~-5.34429
execute if entity @s[tag=aj.meteoric_ore_snipe_charge.locator_origin.laserbeam5] at @s on origin run tp @s ^-2.31794 ^0.96491 ^3.10282 ~-146.24679 ~-5.34429
execute if entity @s[tag=aj.meteoric_ore_snipe_charge.locator_origin.laserbeam6] at @s on origin run tp @s ^-2.31795 ^0.96491 ^3.10283 ~-146.24679 ~-5.34429
execute if entity @s[tag=aj.meteoric_ore_snipe_charge.locator_origin.laserbeam7] at @s on origin run tp @s ^-2.31795 ^0.96491 ^3.10284 ~-146.24679 ~-5.34429
execute if entity @s[tag=aj.meteoric_ore_snipe_charge.locator_origin.laserbeam8] at @s on origin run tp @s ^-2.31796 ^0.9649 ^3.10285 ~-146.24679 ~-5.34429
execute if entity @s[tag=aj.meteoric_ore_snipe_charge.locator_origin.laserbeam9] at @s on origin run tp @s ^-2.31797 ^0.9649 ^3.10286 ~-146.24679 ~-5.34429
execute if entity @s[tag=aj.meteoric_ore_snipe_charge.locator_origin.laserbeam10] at @s on origin run tp @s ^-2.31797 ^0.9649 ^3.10287 ~-146.24679 ~-5.34429
execute if entity @s[tag=aj.meteoric_ore_snipe_charge.locator_origin.laserbeam11] at @s on origin run tp @s ^-2.31798 ^0.9649 ^3.10288 ~-146.24679 ~-5.34429
execute if entity @s[tag=aj.meteoric_ore_snipe_charge.bone.laser_beam] run data modify entity @s {} merge value {transformation:[0.00005847056650253685f,0.00003742212354471509f,-0.00004610012979071688f,-2.3179107085939377f,-0.00004898158387931182f,0.00006697018122078643f,-0.000007761682315929465f,0.9649133627445124f,0.0000335625049421345f,0.000032542648034595326f,0.00006898535181725242f,3.1027784583484244f,0f,0f,0f,1f],start_interpolation:0}
execute if entity @s[tag=aj.meteoric_ore_snipe_charge.bone.ancient_meteoric_ore_greatsword] run data modify entity @s {} merge value {transformation:[1.4032935960608843f,0.898130965073162f,-1.106403114977205f,-0.6034024637606488f,-1.1755580131034835f,1.607284349298874f,-0.18628037558230712f,1.2651261855516993f,0.8055001186112278f,0.7810235528302878f,1.655648443614058f,0.5733985069295859f,0f,0f,0f,1f],start_interpolation:0}
execute if entity @s[tag=aj.meteoric_ore_snipe_charge.bone.left_arm2] run data modify entity @s {} merge value {transformation:[0.7016467980304422f,0.5532015574886026f,0.4490654825365809f,-0.5519870610727675f,-0.5877790065517418f,0.09314018779115374f,0.803642174649437f,1.327237160884232f,0.4027500593056139f,-0.8278242218070289f,0.39051177641514406f,0.37645148369329107f,0f,0f,0f,1f],start_interpolation:0}
execute if entity @s[tag=aj.meteoric_ore_snipe_charge.bone.left_arm] run data modify entity @s {} merge value {transformation:[0.7016467980304422f,0.5532015574886026f,0.4490654825365809f,-0.291405724603774f,-0.5877790065517418f,0.09314018779115374f,0.803642174649437f,1.2828710937499999f,0.4027500593056139f,-0.8278242218070289f,0.39051177641514406f,0.16810017179179623f,0f,0f,0f,1f],start_interpolation:0}
execute if entity @s[tag=aj.meteoric_ore_snipe_charge.bone.head] run data modify entity @s {} merge value {transformation:[1f,0f,0f,0.03515625f,0f,1f,0f,1.42662109375f,0f,0f,1f,0.09570312500000025f,0f,0f,0f,1f],start_interpolation:0}
execute if entity @s[tag=aj.meteoric_ore_snipe_charge.bone.body_top] run data modify entity @s {} merge value {transformation:[0.9762960071199334f,0f,0.21643961393810288f,0.03515625f,0f,1f,0f,1.0328710937499999f,-0.21643961393810288f,0f,0.9762960071199334f,0.09570312500000025f,0f,0f,0f,1f],start_interpolation:0}
execute if entity @s[tag=aj.meteoric_ore_snipe_charge.locator_origin.player_camera] at @s on origin run tp @s ^-0.00039 ^-0.09213 ^0.00756 ~167.5 ~0
execute if entity @s[tag=aj.meteoric_ore_snipe_charge.bone.body] run data modify entity @s {} merge value {transformation:[0.9762960071199334f,0f,0.21643961393810288f,0.03515625f,0f,1f,0f,0.5953710937499999f,-0.21643961393810288f,0f,0.9762960071199334f,0.09570312500000025f,0f,0f,0f,1f],start_interpolation:0}
execute if entity @s[tag=aj.meteoric_ore_snipe_charge.bone.right_leg2] run data modify entity @s {} merge value {transformation:[0.9410904157619516f,-0.3227559970305714f,0.10088307956143429f,0.2816807130604171f,0.3238468194387912f,0.7743644403146025f,-0.5435834352844385f,0.39650196173349184f,0.09732454418272851f,0.5442318255643033f,0.8332704561800868f,-0.001718540094325871f,0f,0f,0f,1f],start_interpolation:0}
execute if entity @s[tag=aj.meteoric_ore_snipe_charge.bone.right_leg] run data modify entity @s {} merge value {transformation:[0.9410904157619516f,-0.3381550276463779f,0.00008147683301860248f,0.16015625f,0.3238468194387912f,0.9012010630024571f,-0.28802757087233916f,0.7203710937499999f,0.09732454418272851f,0.2710863724363857f,0.9576221132466112f,0.09570312500000025f,0f,0f,0f,1f],start_interpolation:0}
execute if entity @s[tag=aj.meteoric_ore_snipe_charge.bone.left_leg2] run data modify entity @s {} merge value {transformation:[0.9762356210513906f,0.19746722602733902f,-0.08927881515495954f,-0.16260401014903547f,-0.19762499544519951f,0.9802515666258033f,0.007157325124880154f,0.39642750746688743f,0.08892903556033045f,0.010656489699997496f,0.9959809565757687f,0.31270389380767566f,0f,0f,0f,1f],start_interpolation:0}
execute if entity @s[tag=aj.meteoric_ore_snipe_charge.bone.left_leg] run data modify entity @s {} merge value {transformation:[0.97768248292817f,0.20246333258862043f,0.05608530585205402f,-0.08984375f,-0.19444676430183938f,0.7709734574834433f,0.6064572398022554f,0.6734960937499999f,0.07954507167608627f,-0.6038282262474446f,0.793135584095753f,0.09570312500000025f,0f,0f,0f,1f],start_interpolation:0}