execute if entity @s[tag=aj.meteoric_ore_snipe_charge.bone.right_arm2] run data modify entity @s {} merge value {transformation:[0.7083554515964268f,-0.7011600522368145f,0.08128428717095168f,0.5030527813671191f,0.705734539074487f,0.7013866283306689f,-0.09997778731426823f,1.2114239454928384f,0.013088718460697923f,0.1281849396231997f,0.9916639081376579f,-0.11046240835588003f,0f,0f,0f,1f],start_interpolation:0}
execute if entity @s[tag=aj.meteoric_ore_snipe_charge.bone.right_arm] run data modify entity @s {} merge value {transformation:[0.7083554515964268f,-0.6467960126093654f,0.2826437196653199f,0.34626079608892935f,0.705734539074487f,0.6415496845373655f,-0.30058736272060355f,1.32409912109375f,0.013088718460697923f,0.4123941322844351f,0.9109115023460975f,-0.07368879892793662f,0f,0f,0f,1f],start_interpolation:0}
execute if entity @s[tag=aj.meteoric_ore_snipe_charge.locator_origin.meteoric_ore_greatsword] at @s on origin run tp @s ^-1.49014 ^1.14959 ^0.62267 ~-121.71209 ~-10.53327
execute if entity @s[tag=aj.meteoric_ore_snipe_charge.locator_origin.meteoric_ore_greatsword2] at @s on origin run tp @s ^-2.25119 ^0.92651 ^0.99011 ~-121.71209 ~-10.53327
execute if entity @s[tag=aj.meteoric_ore_snipe_charge.locator_origin.meteoric_ore_greatsword3] at @s on origin run tp @s ^-2.9242 ^0.7794 ^1.40597 ~-121.71209 ~-10.53327
execute if entity @s[tag=aj.meteoric_ore_snipe_charge.locator_origin.laserbeam] at @s on origin run tp @s ^-3.35805 ^0.66652 ^1.65408 ~-121.71209 ~-10.53327
execute if entity @s[tag=aj.meteoric_ore_snipe_charge.locator_origin.laserbeam2] at @s on origin run tp @s ^-3.35806 ^0.66652 ^1.65409 ~-121.71209 ~-10.53327
execute if entity @s[tag=aj.meteoric_ore_snipe_charge.locator_origin.laserbeam3] at @s on origin run tp @s ^-3.35807 ^0.66652 ^1.65409 ~-121.71209 ~-10.53327
execute if entity @s[tag=aj.meteoric_ore_snipe_charge.locator_origin.laserbeam4] at @s on origin run tp @s ^-3.35809 ^0.66651 ^1.6541 ~-121.71209 ~-10.53327
execute if entity @s[tag=aj.meteoric_ore_snipe_charge.locator_origin.laserbeam5] at @s on origin run tp @s ^-3.3581 ^0.66651 ^1.65411 ~-121.71209 ~-10.53327
execute if entity @s[tag=aj.meteoric_ore_snipe_charge.locator_origin.laserbeam6] at @s on origin run tp @s ^-3.35811 ^0.66651 ^1.65411 ~-121.71209 ~-10.53327
execute if entity @s[tag=aj.meteoric_ore_snipe_charge.locator_origin.laserbeam7] at @s on origin run tp @s ^-3.35812 ^0.66651 ^1.65412 ~-121.71209 ~-10.53327
execute if entity @s[tag=aj.meteoric_ore_snipe_charge.locator_origin.laserbeam8] at @s on origin run tp @s ^-3.35813 ^0.6665 ^1.65413 ~-121.71209 ~-10.53327
execute if entity @s[tag=aj.meteoric_ore_snipe_charge.locator_origin.laserbeam9] at @s on origin run tp @s ^-3.35814 ^0.6665 ^1.65413 ~-121.71209 ~-10.53327
execute if entity @s[tag=aj.meteoric_ore_snipe_charge.locator_origin.laserbeam10] at @s on origin run tp @s ^-3.35815 ^0.6665 ^1.65414 ~-121.71209 ~-10.53327
execute if entity @s[tag=aj.meteoric_ore_snipe_charge.locator_origin.laserbeam11] at @s on origin run tp @s ^-3.35816 ^0.6665 ^1.65415 ~-121.71209 ~-10.53327
execute if entity @s[tag=aj.meteoric_ore_snipe_charge.bone.laser_beam] run data modify entity @s {} merge value {transformation:[0.00003666268581759319f,0.000027250845694070008f,-0.00006969708259348365f,-3.358054335542243f,-0.00006552060046197724f,0.000049187646815152113f,-0.000015233868856408449f,0.6665207616726154f,0.0000361571960775009f,0.00006150131099570389f,0.00004306611617115375f,1.65408158081866f,0f,0f,0f,1f],start_interpolation:0}
execute if entity @s[tag=aj.meteoric_ore_snipe_charge.bone.ancient_meteoric_ore_greatsword] run data modify entity @s {} merge value {transformation:[0.8799044596222364f,0.65402029665768f,-1.6727299822436072f,-0.7790510215917239f,-1.5724944110874532f,1.1805035235636505f,-0.3656128525538027f,1.2354850867243652f,0.8677727058600215f,1.476031463896893f,1.03358678810769f,0.08805134398752157f,0f,0f,0f,1f],start_interpolation:0}
execute if entity @s[tag=aj.meteoric_ore_snipe_charge.bone.left_arm2] run data modify entity @s {} merge value {transformation:[0.3067956157234617f,0.9305229289805159f,0.20000882184139696f,-0.6207398362328551f,-0.8451644102342609f,0.16970938847567574f,0.5068489352228986f,1.3343870112843805f,0.4376911809098236f,-0.3245393691137237f,0.8385109588127219f,-0.014151516836175753f,0f,0f,0f,1f],start_interpolation:0}
execute if entity @s[tag=aj.meteoric_ore_snipe_charge.bone.left_arm] run data modify entity @s {} merge value {transformation:[0.3067956157234617f,0.9511173622457088f,0.035386627525484125f,-0.28516620856563835f,-0.8451644102342609f,0.25514451548368655f,0.4696790349717228f,1.30847412109375f,0.4376911809098236f,-0.17400298690930627f,0.8821277632522422f,-0.01381605263160601f,0f,0f,0f,1f],start_interpolation:0}
execute if entity @s[tag=aj.meteoric_ore_snipe_charge.bone.head] run data modify entity @s {} merge value {transformation:[1f,0f,0f,0.03515625f,0f,1f,0f,1.45222412109375f,0f,0f,1f,-0.044189453125f,0f,0f,0f,1f],start_interpolation:0}
execute if entity @s[tag=aj.meteoric_ore_snipe_charge.bone.body_top] run data modify entity @s {} merge value {transformation:[0.9955345474845739f,0f,0.09439790656939716f,0.03515625f,0f,1f,0f,1.05847412109375f,-0.09439790656939716f,0f,0.9955345474845739f,-0.044189453125f,0f,0f,0f,1f],start_interpolation:0}
execute if entity @s[tag=aj.meteoric_ore_snipe_charge.locator_origin.player_camera] at @s on origin run tp @s ^0.01075 ^-0.06653 ^-0.13605 ~174.58333 ~0
execute if entity @s[tag=aj.meteoric_ore_snipe_charge.bone.body] run data modify entity @s {} merge value {transformation:[0.9955345474845739f,0f,0.09439790656939716f,0.03515625f,0f,1f,0f,0.62097412109375f,-0.09439790656939716f,0f,0.9955345474845739f,-0.044189453125f,0f,0f,0f,1f],start_interpolation:0}
execute if entity @s[tag=aj.meteoric_ore_snipe_charge.bone.right_leg2] run data modify entity @s {} merge value {transformation:[0.9334328731780235f,-0.3448841823559514f,0.09878244799197243f,0.2890789350552321f,0.3360858778619897f,0.7443335670362385f,-0.5770734993784111f,0.43075343847000597f,0.1254964301179744f,0.571858760310425f,0.8106961232692976f,-0.15892939015378793f,0f,0f,0f,1f],start_interpolation:0}
execute if entity @s[tag=aj.meteoric_ore_snipe_charge.bone.right_leg] run data modify entity @s {} merge value {transformation:[0.9334328731780235f,-0.35874138450151544f,-0.0027731420006435886f,0.16015625f,0.3360858778619897f,0.8771358125182445f,-0.34304380055569406f,0.74597412109375f,0.1254964301179744f,0.3192763465148881f,0.9393153147818625f,-0.044189453125f,0f,0f,0f,1f],start_interpolation:0}
execute if entity @s[tag=aj.meteoric_ore_snipe_charge.bone.left_leg2] run data modify entity @s {} merge value {transformation:[0.978040640729381f,0.1938949818551593f,-0.07642801248919903f,-0.15867750761081825f,-0.18977001052819684f,0.9801115412081972f,0.05804058833799336f,0.43411578732059386f,0.08616175593492621f,-0.04226230947167681f,0.9953843724975444f,0.1886111853205146f,0f,0f,0f,1f],start_interpolation:0}
execute if entity @s[tag=aj.meteoric_ore_snipe_charge.bone.left_leg] run data modify entity @s {} merge value {transformation:[0.9793487493863016f,0.19153741248227688f,0.06472593525845116f,-0.08984375f,-0.18710586891680278f,0.7373449287600868f,0.6490869355091587f,0.69909912109375f,0.07659909198140213f,-0.6477930808918667f,0.7579556078400951f,-0.044189453125f,0f,0f,0f,1f],start_interpolation:0}