execute if entity @s[tag=aj.meteoric_ore_snipe_charge.bone.explosion_vfx] run data modify entity @s {} merge value {transformation:[1.125f,0f,0f,-0.328450625f,0f,1.125f,0f,1.21875f,0f,0f,1.125f,4.25390625f,0f,0f,0f,1f],start_interpolation:0}
execute if entity @s[tag=aj.meteoric_ore_snipe_charge.bone.right_arm2] run data modify entity @s {} merge value {transformation:[0.9763248301020296f,-0.21577945911552726f,0.015134435901397177f,0.4194145434321365f,0.21627615068386674f,0.9725520830791263f,-0.08583165117729899f,1.2293586902107272f,0.0038016801038988452f,0.08707278979257901f,0.9961946980917561f,-0.003059400636328917f,0f,0f,0f,1f],start_interpolation:0}
execute if entity @s[tag=aj.meteoric_ore_snipe_charge.bone.right_arm] run data modify entity @s {} merge value {transformation:[0.9763248301020296f,-0.21577945911552726f,0.015134435901397177f,0.34765625f,0.21627615068386674f,0.9725520830791263f,-0.08583165117729899f,1.41015625f,0.0038016801038988452f,0.08707278979257901f,0.9961946980917561f,-0.03125f,0f,0f,0f,1f],start_interpolation:0}
execute if entity @s[tag=aj.meteoric_ore_snipe_charge.locator_origin.meteoric_ore_greatsword] at @s on origin run tp @s ^-0.25091 ^1.94328 ^0.00472 ~19.78351 ~63.98547
execute if entity @s[tag=aj.meteoric_ore_snipe_charge.locator_origin.meteoric_ore_greatsword2] at @s on origin run tp @s ^-0.11681 ^2.76747 ^-0.25357 ~19.78351 ~63.98547
execute if entity @s[tag=aj.meteoric_ore_snipe_charge.locator_origin.meteoric_ore_greatsword3] at @s on origin run tp @s ^0.00265 ^3.49062 ^-0.58568 ~19.78351 ~63.98547
execute if entity @s[tag=aj.meteoric_ore_snipe_charge.locator_origin.laserbeam] at @s on origin run tp @s ^0.08533 ^3.96005 ^-0.77365 ~19.78351 ~63.98547
execute if entity @s[tag=aj.meteoric_ore_snipe_charge.locator_origin.laserbeam2] at @s on origin run tp @s ^0.08533 ^3.96006 ^-0.77366 ~19.78351 ~63.98547
execute if entity @s[tag=aj.meteoric_ore_snipe_charge.locator_origin.laserbeam3] at @s on origin run tp @s ^0.08533 ^3.96007 ^-0.77366 ~19.78351 ~63.98547
execute if entity @s[tag=aj.meteoric_ore_snipe_charge.locator_origin.laserbeam4] at @s on origin run tp @s ^0.08533 ^3.96008 ^-0.77367 ~19.78351 ~63.98547
execute if entity @s[tag=aj.meteoric_ore_snipe_charge.locator_origin.laserbeam5] at @s on origin run tp @s ^0.08533 ^3.9601 ^-0.77367 ~19.78351 ~63.98547
execute if entity @s[tag=aj.meteoric_ore_snipe_charge.locator_origin.laserbeam6] at @s on origin run tp @s ^0.08534 ^3.96011 ^-0.77368 ~19.78351 ~63.98547
execute if entity @s[tag=aj.meteoric_ore_snipe_charge.locator_origin.laserbeam7] at @s on origin run tp @s ^0.08534 ^3.96012 ^-0.77369 ~19.78351 ~63.98547
execute if entity @s[tag=aj.meteoric_ore_snipe_charge.locator_origin.laserbeam8] at @s on origin run tp @s ^0.08534 ^3.96013 ^-0.77369 ~19.78351 ~63.98547
execute if entity @s[tag=aj.meteoric_ore_snipe_charge.locator_origin.laserbeam9] at @s on origin run tp @s ^0.08534 ^3.96014 ^-0.7737 ~19.78351 ~63.98547
execute if entity @s[tag=aj.meteoric_ore_snipe_charge.locator_origin.laserbeam10] at @s on origin run tp @s ^0.08534 ^3.96015 ^-0.7737 ~19.78351 ~63.98547
execute if entity @s[tag=aj.meteoric_ore_snipe_charge.locator_origin.laserbeam11] at @s on origin run tp @s ^0.08534 ^3.96016 ^-0.77371 ~19.78351 ~63.98547
execute if entity @s[tag=aj.meteoric_ore_snipe_charge.bone.laser_beam] run data modify entity @s {} merge value {transformation:[0.0000823084114443748f,-0.000004090169729329836f,0.000012370948287549788f,0.08532667118666815f,-0.000012954372226722052f,-0.000034177203844055894f,0.00007489023582589276f,3.960050791211949f,0.0000013978877492450874f,-0.00007589225054925945f,-0.000034392683245908356f,-0.773654260410271f,0f,0f,0f,1f],start_interpolation:0}
execute if entity @s[tag=aj.meteoric_ore_snipe_charge.bone.ancient_meteoric_ore_greatsword] run data modify entity @s {} merge value {transformation:[1.975401874664995f,-0.09816407350391605f,0.2969027589011949f,-0.36389940144620825f,-0.3109049334413292f,-0.8202528922573413f,1.7973656598214258f,1.1899868540243173f,0.03354930598188209f,-1.8214140131822265f,-0.8254243979018003f,0.4722875194406772f,0f,0f,0f,1f],start_interpolation:0}
execute if entity @s[tag=aj.meteoric_ore_snipe_charge.bone.left_arm2] run data modify entity @s {} merge value {transformation:[0.9877009373324975f,-0.049082036751958026f,0.14845137945059744f,-0.42655586323164785f,-0.1554524667206646f,-0.41012644612867066f,0.8986828299107129f,1.2776329961877215f,0.016774652990941046f,-0.9107070065911133f,-0.41271219895090017f,0.21941522640290034f,0f,0f,0f,1f],start_interpolation:0}
execute if entity @s[tag=aj.meteoric_ore_snipe_charge.bone.left_arm] run data modify entity @s {} merge value {transformation:[0.9877009373324975f,0.13068965547574174f,0.08583165117914107f,-0.27734375f,-0.1554524667206646f,0.7619124198949906f,0.628747958247357f,1.39453125f,0.016774652990941046f,-0.6343576896053136f,0.7728576406141315f,-0.03125f,0f,0f,0f,1f],start_interpolation:0}
execute if entity @s[tag=aj.meteoric_ore_snipe_charge.bone.head] run data modify entity @s {} merge value {transformation:[1f,0f,0f,0.03515625f,0f,1f,0f,1.53828125f,0f,0f,1f,-0.03125f,0f,0f,0f,1f],start_interpolation:0}
execute if entity @s[tag=aj.meteoric_ore_snipe_charge.bone.body_top] run data modify entity @s {} merge value {transformation:[1f,0f,0f,0.03515625f,0f,1f,0f,1.14453125f,0f,0f,1f,-0.03125f,0f,0f,0f,1f],start_interpolation:0}
execute if entity @s[tag=aj.meteoric_ore_snipe_charge.locator_origin.player_camera] at @s on origin run tp @s ^0.01953 ^0.01953 ^-0.125 ~-180 ~0
execute if entity @s[tag=aj.meteoric_ore_snipe_charge.bone.body] run data modify entity @s {} merge value {transformation:[1f,0f,0f,0.03515625f,0f,1f,0f,0.70703125f,0f,0f,1f,-0.03125f,0f,0f,0f,1f],start_interpolation:0}
execute if entity @s[tag=aj.meteoric_ore_snipe_charge.bone.right_leg2] run data modify entity @s {} merge value {transformation:[0.9914448613737593f,-0.1260786200728652f,0.03378266443146988f,0.20666279716699226f,0.1294095225516536f,0.9832519285216823f,-0.1283309024800557f,0.4288033723701141f,-0.017037086855452747f,0.1316048122939075f,0.9911558459962616f,-0.031647869958522534f,0f,0f,0f,1f],start_interpolation:0}
execute if entity @s[tag=aj.meteoric_ore_snipe_charge.bone.right_leg] run data modify entity @s {} merge value {transformation:[0.9914448613737593f,-0.12940952255163068f,0.017037086855626955f,0.16015625f,0.1294095225516536f,0.9915906160135955f,0.0011071164036427163f,0.78515625f,-0.017037086855452747f,0.00110711640632357f,0.9998542453601638f,-0.03125f,0f,0f,0f,1f],start_interpolation:0}
execute if entity @s[tag=aj.meteoric_ore_snipe_charge.bone.left_leg2] run data modify entity @s {} merge value {transformation:[0.9914448613738104f,0.13040196020729425f,-0.0056934725397687356f,-0.13675160032908104f,-0.13052619222005157f,0.9905012255519768f,-0.04324621745963609f,0.4288557529437869f,0f,0.043619387365336f,0.9990482215818578f,-0.03125f,0f,0f,0f,1f],start_interpolation:0}
execute if entity @s[tag=aj.meteoric_ore_snipe_charge.bone.left_leg] run data modify entity @s {} merge value {transformation:[0.9914448613738104f,0.13052619222005157f,0f,-0.08984375f,-0.13052619222005157f,0.9914448613738104f,0f,0.78515625f,0f,0f,1f,-0.03125f,0f,0f,0f,1f],start_interpolation:0}
execute if entity @s[tag=aj.meteoric_ore_snipe_charge.bone.vortex] run data modify entity @s {} merge value {transformation:[0.000005697870019779994f,-0.000007372773368101241f,-0.000003629943539548437f,-0.32781254276875f,0.000006218133990573645f,0.000006755902076156603f,-0.00000396138824311069f,1.18750002241875f,0.000005372996083468239f,0f,0.000008433914458128858f,4.10938186483125f,0f,0f,0f,1f],start_interpolation:0}
execute if entity @s[tag=aj.meteoric_ore_snipe_charge.bone.vortex2] run data modify entity @s {} merge value {transformation:[0.000005697870019779994f,-0.000007372773368101241f,-0.000003629943539548437f,-0.32781262089375f,0.000006218133990573645f,0.000006755902076156603f,-0.00000396138824311069f,1.18750010054375f,0.000005372996083468239f,0f,0.000008433914458128858f,4.10939444295625f,0f,0f,0f,1f],start_interpolation:0}
execute if entity @s[tag=aj.meteoric_ore_snipe_charge.bone.vortex3] run data modify entity @s {} merge value {transformation:[0.000006691074207087072f,-0.000006087614290087207f,-0.000004262684390191253f,-0.32781262400625f,0.000005134241817667833f,0.000007933533402912353f,-0.0000032708727738303846f,1.1875001034f,0.00000537299608346824f,-2.7755575615628916e-22f,0.000008433914458128858f,4.10940702108125f,0f,0f,0f,1f],start_interpolation:0}
execute if entity @s[tag=aj.meteoric_ore_snipe_charge.bone.vortex4] run data modify entity @s {} merge value {transformation:[0.000006691074207087072f,-0.000006087614290087207f,-0.000004262684390191253f,-0.3278126240038276f,0.000005134241817667833f,0.000007933533402912353f,-0.0000032708727738303846f,1.1875001034020014f,0.00000537299608346824f,-2.7755575615628916e-22f,0.000008433914458128858f,4.10941959920583f,0f,0f,0f,1f],start_interpolation:0}
execute if entity @s[tag=aj.meteoric_ore_snipe_charge.bone.vortex5] run data modify entity @s {} merge value {transformation:[0.000006691074207087072f,-0.000006087614290087207f,-0.000004262684390191253f,-0.3278126240038276f,0.000005134241817667833f,0.000007933533402912353f,-0.0000032708727738303846f,1.1875001034020014f,0.00000537299608346824f,-2.7755575615628916e-22f,0.000008433914458128858f,4.10943217733083f,0f,0f,0f,1f],start_interpolation:0}