execute if entity @s[tag=aj.wave_of_destruction.bone.right_arm2] run data modify entity @s {} merge value {transformation:[-0.8777193197852136f,-0.4647443556006878f,-0.11671109464435428f,-0.2555647300083319f,-0.4566849898069502f,0.8850745920864257f,-0.08989875709970979f,0.47083976582231424f,0.1450779644219195f,-0.025605670863078606f,-0.9890888402256105f,-0.6447618459374814f,0f,0f,0f,1f],start_interpolation:0}
execute if entity @s[tag=aj.wave_of_destruction.bone.right_arm] run data modify entity @s {} merge value {transformation:[-0.8673782426845471f,-0.49538213551412785f,-0.04745022582590099f,-0.3794102638868639f,-0.47492572196441274f,0.8524839725141358f,-0.2184413770857053f,0.6839607589508482f,0.1486625128741205f,-0.16693596502845118f,-0.9746957683533725f,-0.6864958371945942f,0f,0f,0f,1f],start_interpolation:0}
execute if entity @s[tag=aj.wave_of_destruction.locator_origin.fume_slash0] at @s on origin run tp @s ^-0.24019 ^0.15046 ^-3.00881 ~-10.58011 ~81.36074
execute if entity @s[tag=aj.wave_of_destruction.locator_origin.fume_slash1] at @s on origin run tp @s ^-0.24019 ^0.15047 ^-3.0088 ~-10.58011 ~81.36074
execute if entity @s[tag=aj.wave_of_destruction.bone.fume_slash] run data modify entity @s {} merge value {transformation:[0.000020379873234297046f,-0.000001088098786132234f,-5.631036879457264e-7f,-0.24019074714352684f,3.9534442774896163e-7f,-0.0000030412550419729125f,0.000020185012963357236f,0.15045687613328632f,-0.00000115963249144217f,-0.000020159540832545504f,-0.000003014704576488345f,-3.0088136706368953f,0f,0f,0f,1f],start_interpolation:0}
execute if entity @s[tag=aj.wave_of_destruction.locator_origin.fume_ultra_greatsword0] at @s on origin run tp @s ^-0.27225 ^-0.16564 ^-2.57961 ~-10.58011 ~81.36074
execute if entity @s[tag=aj.wave_of_destruction.locator_origin.fume_ultra_greatsword1] at @s on origin run tp @s ^-0.24227 ^-0.08185 ^-2.0242 ~-10.58011 ~81.36074
execute if entity @s[tag=aj.wave_of_destruction.locator_origin.fume_ultra_greatsword2] at @s on origin run tp @s ^-0.21229 ^0.00194 ^-1.46878 ~-10.58011 ~81.36074
execute if entity @s[tag=aj.wave_of_destruction.locator_origin.fume_ultra_greatsword3] at @s on origin run tp @s ^-0.17405 ^0.17545 ^-0.73746 ~-10.58011 ~81.36074
execute if entity @s[tag=aj.wave_of_destruction.bone.fume_ultra_greatsword] run data modify entity @s {} merge value {transformation:[2.072258783725747f,-0.11063966106173966f,-0.05725730234328138f,-0.16828443476727864f,0.04019926687380462f,-0.30923977798216f,2.0524450732373696f,0.018391919951753155f,-0.11791332500737689f,-2.04985502538928f,-0.30654008330399046f,-1.7901255113487125f,0f,0f,0f,1f],start_interpolation:0}
execute if entity @s[tag=aj.wave_of_destruction.bone.left_arm2] run data modify entity @s {} merge value {transformation:[-0.8178145472765616f,0.5345224304967632f,-0.2132255555946932f,0.12329737332561672f,0.5407600030127296f,0.8405287043408519f,0.03301690961857223f,0.4184437753975601f,0.19687047875317693f,-0.08830214309359352f,-0.9764449529392699f,-0.5991870031216859f,0f,0f,0f,1f],start_interpolation:0}
execute if entity @s[tag=aj.wave_of_destruction.bone.left_arm] run data modify entity @s {} merge value {transformation:[-0.8178145472765616f,0.41571778033581436f,-0.39794232418215614f,0.1250000000000001f,0.5407600030127296f,0.7916879327067874f,-0.2842689507282244f,0.6839607589508482f,0.19687047875317693f,-0.44767057566822144f,-0.8722574564177584f,-0.6864958371945942f,0f,0f,0f,1f],start_interpolation:0}
execute if entity @s[tag=aj.wave_of_destruction.bone.head] run data modify entity @s {} merge value {transformation:[-1f,1.126166367410986e-16f,4.811539208758471e-17f,-0.1249999999999999f,0f,0.39289199237759426f,-0.9195846248853686f,0.6949611996976387f,-1.2246467991473532e-16f,-0.9195846248853686f,-0.39289199237759426f,-0.7625440807595362f,0f,0f,0f,1f],start_interpolation:0}
execute if entity @s[tag=aj.wave_of_destruction.bone.body_top] run data modify entity @s {} merge value {transformation:[-1f,1.2120322475530096e-16f,1.7532145776674715e-17f,-0.12499999999999994f,0f,0.14316083452699405f,-0.9896994369289771f,0.6385916211026348f,-1.2246467991473532e-16f,-0.9896994369289771f,-0.14316083452699405f,-0.3728499274687514f,0f,0f,0f,1f],start_interpolation:0}
execute if entity @s[tag=aj.wave_of_destruction.locator_origin.player_camera] at @s on origin run tp @s ^-0.125 ^0.72615 ^0.6408 ~0 ~-84.31732
execute if entity @s[tag=aj.wave_of_destruction.bone.body] run data modify entity @s {} merge value {transformation:[-1f,1.2186283318483173e-16f,1.2126323217878186e-17f,-0.125f,0f,0.09901894347268947f,-0.9950855485000032f,0.5952708333333332f,-1.2246467991473532e-16f,-0.9950855485000032f,-0.09901894347268947f,0.062499999999999986f,0f,0f,0f,1f],start_interpolation:0}
execute if entity @s[tag=aj.wave_of_destruction.bone.right_leg2] run data modify entity @s {} merge value {transformation:[-0.9844129375811843f,0.17569454787272737f,0.007911647779150585f,-0.29353941765637076f,0.175581929968712f,0.9792058743470353f,0.10162106825221068f,0.4450659819067974f,0.010107135659806801f,0.10142623670459261f,-0.9947917190631907f,-0.35181608148411897f,0f,0f,0f,1f],start_interpolation:0}
execute if entity @s[tag=aj.wave_of_destruction.bone.right_leg] run data modify entity @s {} merge value {transformation:[-0.9844129375811843f,0.12115316217424908f,0.12748756652302815f,-0.25f,0.175581929968712f,0.6353526300564474f,0.7519960248224837f,0.6733958333333332f,0.010107135659806801f,0.7626591288220022f,-0.6467216549901658f,-0.07773545706371195f,0f,0f,0f,1f],start_interpolation:0}
execute if entity @s[tag=aj.wave_of_destruction.bone.left_leg2] run data modify entity @s {} merge value {transformation:[-0.9960766574189478f,-0.04984758117527882f,0.07311984132962843f,0.02324376242568746f,-0.08834331500106606f,0.608406701138336f,-0.7886930611490062f,0.3978805718131184f,-0.005172160063113552f,-0.7920583972542312f,-0.6104234137869713f,0.15183252590156543f,0f,0f,0f,1f],start_interpolation:0}
execute if entity @s[tag=aj.wave_of_destruction.bone.left_leg] run data modify entity @s {} merge value {transformation:[-0.9960766574189478f,-0.06467829544539115f,0.06039876359144071f,1.3877787807814457e-17f,-0.08834331500106606f,0.7666511624910324f,-0.6359571162788975f,0.6733958333333332f,-0.005172160063113552f,-0.6387978656425108f,-0.7693572223686824f,-0.0777354570637119f,0f,0f,0f,1f],start_interpolation:0}
execute if entity @s[tag=aj.wave_of_destruction.locator_origin.wave_of_destruction0] at @s on origin run tp @s ^0 ^0.3125 ^-6.875 ~0 ~90
execute if entity @s[tag=aj.wave_of_destruction.locator_origin.wave_of_destruction1] at @s on origin run tp @s ^0 ^1.25 ^-6.875 ~0 ~90
execute if entity @s[tag=aj.wave_of_destruction.locator_origin.wave_of_destruction2] at @s on origin run tp @s ^0 ^2.1875 ^-6.875 ~0 ~90
execute if entity @s[tag=aj.wave_of_destruction.locator_origin.wave_of_destruction3] at @s on origin run tp @s ^0 ^3.125 ^-6.875 ~0 ~90
execute if entity @s[tag=aj.wave_of_destruction.locator_origin.wave_of_destruction4] at @s on origin run tp @s ^0 ^4.0625 ^-6.875 ~0 ~90
execute if entity @s[tag=aj.wave_of_destruction.locator_origin.wave_of_destruction5] at @s on origin run tp @s ^-0.9375 ^4.0625 ^-6.875 ~0 ~90
execute if entity @s[tag=aj.wave_of_destruction.locator_origin.wave_of_destruction6] at @s on origin run tp @s ^0.9375 ^4.0625 ^-6.875 ~0 ~90
execute if entity @s[tag=aj.wave_of_destruction.locator_origin.wave_of_destruction7] at @s on origin run tp @s ^0 ^4.0625 ^-5.9375 ~0 ~90
execute if entity @s[tag=aj.wave_of_destruction.locator_origin.wave_of_destruction8] at @s on origin run tp @s ^0 ^4.0625 ^-7.8125 ~0 ~90
execute if entity @s[tag=aj.wave_of_destruction.locator_origin.wave_of_destruction12] at @s on origin run tp @s ^-0.9375 ^3.125 ^-6.875 ~0 ~90
execute if entity @s[tag=aj.wave_of_destruction.locator_origin.wave_of_destruction11] at @s on origin run tp @s ^0 ^3.125 ^-5.9375 ~0 ~90
execute if entity @s[tag=aj.wave_of_destruction.locator_origin.wave_of_destruction10] at @s on origin run tp @s ^0.9375 ^3.125 ^-6.875 ~0 ~90
execute if entity @s[tag=aj.wave_of_destruction.locator_origin.wave_of_destruction9] at @s on origin run tp @s ^0 ^3.125 ^-7.8125 ~0 ~90
execute if entity @s[tag=aj.wave_of_destruction.locator_origin.wave_of_destruction13] at @s on origin run tp @s ^-0.9375 ^2.1875 ^-6.875 ~0 ~90
execute if entity @s[tag=aj.wave_of_destruction.locator_origin.wave_of_destruction14] at @s on origin run tp @s ^0 ^2.1875 ^-5.9375 ~0 ~90
execute if entity @s[tag=aj.wave_of_destruction.locator_origin.wave_of_destruction15] at @s on origin run tp @s ^0.9375 ^2.1875 ^-6.875 ~0 ~90
execute if entity @s[tag=aj.wave_of_destruction.locator_origin.wave_of_destruction16] at @s on origin run tp @s ^0 ^2.1875 ^-7.8125 ~0 ~90
execute if entity @s[tag=aj.wave_of_destruction.locator_origin.wave_of_destruction17] at @s on origin run tp @s ^-0.9375 ^1.25 ^-6.875 ~0 ~90
execute if entity @s[tag=aj.wave_of_destruction.locator_origin.wave_of_destruction18] at @s on origin run tp @s ^0 ^1.25 ^-5.9375 ~0 ~90
execute if entity @s[tag=aj.wave_of_destruction.locator_origin.wave_of_destruction19] at @s on origin run tp @s ^0.9375 ^1.25 ^-6.875 ~0 ~90
execute if entity @s[tag=aj.wave_of_destruction.locator_origin.wave_of_destruction20] at @s on origin run tp @s ^0 ^1.25 ^-7.8125 ~0 ~90
execute if entity @s[tag=aj.wave_of_destruction.locator_origin.wave_of_destruction24] at @s on origin run tp @s ^0.9375 ^0.3125 ^-6.875 ~0 ~90
execute if entity @s[tag=aj.wave_of_destruction.locator_origin.wave_of_destruction23] at @s on origin run tp @s ^0 ^0.3125 ^-5.9375 ~0 ~90
execute if entity @s[tag=aj.wave_of_destruction.locator_origin.wave_of_destruction22] at @s on origin run tp @s ^-0.9375 ^0.3125 ^-6.875 ~0 ~90
execute if entity @s[tag=aj.wave_of_destruction.locator_origin.wave_of_destruction21] at @s on origin run tp @s ^0 ^0.3125 ^-7.8125 ~0 ~90
execute if entity @s[tag=aj.wave_of_destruction.bone.gravity_thunder] run data modify entity @s {} merge value {transformation:[-2.5096043749999994f,-2.0489193099799622e-16f,6.824272180616527e-32f,8.881784197001252e-16f,0f,3.714960746433367e-16f,2.5096043749999994f,2.40625f,-3.0733789649699434e-16f,1.673069583333333f,-5.57244111965005e-16f,-7.53125f,0f,0f,0f,1f],start_interpolation:0}
execute if entity @s[tag=aj.wave_of_destruction.bone.wave_of_destruction] run data modify entity @s {} merge value {transformation:[-3.297589166666667f,-4.0383820178613216e-16f,8.967009396923679e-32f,-0.37499999999999895f,0f,7.322118837175633e-16f,3.297589166666667f,0.875f,-4.0383820178613216e-16f,3.297589166666667f,-7.322118837175633e-16f,-8.8125f,0f,0f,0f,1f],start_interpolation:0}
execute if entity @s[tag=aj.wave_of_destruction.bone.obsidian_edges0] run data modify entity @s {} merge value {transformation:[-1.2668996496258977f,1.2668996496258975f,4.8720113465180265e-32f,-1.124999999999999f,2.8130823218084305e-16f,2.81308232180843e-16f,1.7916666666666667f,0.5326262499999996f,1.2668996496258975f,1.2668996496258977f,-3.978299171573478e-16f,-9.277917500000001f,0f,0f,0f,1f],start_interpolation:0}
execute if entity @s[tag=aj.wave_of_destruction.bone.obsidian_edges1] run data modify entity @s {} merge value {transformation:[-1.2668996496258973f,-1.266899649625898f,4.8720113465180265e-32f,1.1011043750000011f,-2.8130823218084305e-16f,2.81308232180843e-16f,1.7916666666666667f,0.4990218749999993f,-1.266899649625898f,1.2668996496258973f,-3.978299171573478e-16f,-9.286191875f,0f,0f,0f,1f],start_interpolation:0}
execute if entity @s[tag=aj.wave_of_destruction.bone.obsidian_edges2] run data modify entity @s {} merge value {transformation:[1.2668996496258977f,-1.2668996496258977f,4.8720113465180265e-32f,1.1011043750000007f,-2.813082321808431e-16f,-2.81308232180843e-16f,1.7916666666666667f,0.49902187499999984f,-1.2668996496258977f,-1.2668996496258977f,-3.978299171573478e-16f,-7.036191875f,0f,0f,0f,1f],start_interpolation:0}
execute if entity @s[tag=aj.wave_of_destruction.bone.obsidian_edges3] run data modify entity @s {} merge value {transformation:[1.2668996496258973f,1.2668996496258982f,4.8720113465180265e-32f,-1.1249999999999993f,2.813082321808431e-16f,-2.81308232180843e-16f,1.7916666666666667f,0.5326262500000002f,1.2668996496258982f,-1.2668996496258973f,-3.978299171573478e-16f,-6.965417500000001f,0f,0f,0f,1f],start_interpolation:0}
execute if entity @s[tag=aj.wave_of_destruction.locator_origin.wave_of_destruction25] at @s on origin run tp @s ^2 ^0.59513 ^-6.90292 ~0 ~90
execute if entity @s[tag=aj.wave_of_destruction.locator_origin.wave_of_destruction26] at @s on origin run tp @s ^0 ^0.59513 ^-4.90292 ~0 ~90
execute if entity @s[tag=aj.wave_of_destruction.locator_origin.wave_of_destruction27] at @s on origin run tp @s ^-2 ^0.59513 ^-6.90292 ~0 ~90
execute if entity @s[tag=aj.wave_of_destruction.locator_origin.wave_of_destruction28] at @s on origin run tp @s ^0 ^0.59513 ^-8.90292 ~0 ~90
execute if entity @s[tag=aj.wave_of_destruction.locator_origin.wave_of_destruction29] at @s on origin run tp @s ^1.625 ^0.78263 ^-8.59042 ~0 ~90
execute if entity @s[tag=aj.wave_of_destruction.locator_origin.wave_of_destruction30] at @s on origin run tp @s ^1.4375 ^0.65763 ^-5.46542 ~0 ~90
execute if entity @s[tag=aj.wave_of_destruction.locator_origin.wave_of_destruction31] at @s on origin run tp @s ^-1.5625 ^0.78263 ^-5.34042 ~0 ~90
execute if entity @s[tag=aj.wave_of_destruction.locator_origin.wave_of_destruction32] at @s on origin run tp @s ^-1.5 ^0.78263 ^-8.40292 ~0 ~90
execute if entity @s[tag=aj.wave_of_destruction.bone.obsidian] run data modify entity @s {} merge value {transformation:[-3.5201812500000007f,-4.3109787002310296e-16f,9.572295623330239e-32f,9.985642177737858e-16f,0f,7.81637254920753e-16f,3.5201812500000007f,0.374021875f,-4.3109787002310296e-16f,3.5201812500000007f,-7.81637254920753e-16f,-8.153895625f,0f,0f,0f,1f],start_interpolation:0}