execute if entity @s[tag=aj.wave_of_destruction.bone.right_arm2] run data modify entity @s {} merge value {transformation:[-0.5551803917217619f,-0.728658833070516f,-0.4010374516625407f,-0.2011857802790375f,-0.032832605303804066f,-0.46259693461877477f,0.8859605499740255f,1.5300257054742228f,-0.8310816762970025f,0.5050350295470867f,0.23290097950360306f,-0.029661382236060158f,0f,0f,0f,1f],start_interpolation:0}
execute if entity @s[tag=aj.wave_of_destruction.bone.right_arm] run data modify entity @s {} merge value {transformation:[-0.673276232591553f,-0.6211828048097761f,-0.4010374516625407f,-0.3564814814814815f,-0.11266291894563435f,-0.4498677256531877f,0.8859605499740255f,1.417558774060926f,-0.7307572656648543f,0.6416782312220728f,0.23290097950360306f,0.13075817556945804f,0f,0f,0f,1f],start_interpolation:0}
execute if entity @s[tag=aj.wave_of_destruction.locator_origin.fume_slash0] at @s on origin run tp @s ^0.13296 ^3.56996 ^1.05434 ~179.31641 ~-28.13892
execute if entity @s[tag=aj.wave_of_destruction.locator_origin.fume_slash1] at @s on origin run tp @s ^0.13296 ^3.56995 ^1.05434 ~179.31641 ~-28.13892
execute if entity @s[tag=aj.wave_of_destruction.bone.fume_slash] run data modify entity @s {} merge value {transformation:[0.000020408252972767888f,5.453000684827437e-7f,2.147934184294829e-7f,0.1329566165480216f,-3.7959989895964517e-7f,0.000017999552199175286f,-0.000009628722777380767f,3.5699706705543783f,-4.465336426269921e-7f,0.000009620761209086017f,0.000018002273168728606f,1.0543406481101376f,0f,0f,0f,1f],start_interpolation:0}
execute if entity @s[tag=aj.wave_of_destruction.locator_origin.fume_ultra_greatsword0] at @s on origin run tp @s ^0.05951 ^3.51598 ^0.60105 ~179.31641 ~-28.13892
execute if entity @s[tag=aj.wave_of_destruction.locator_origin.fume_ultra_greatsword1] at @s on origin run tp @s ^0.04449 ^3.02008 ^0.33599 ~179.31641 ~-28.13892
execute if entity @s[tag=aj.wave_of_destruction.locator_origin.fume_ultra_greatsword2] at @s on origin run tp @s ^0.02946 ^2.52417 ^0.07092 ~179.31641 ~-28.13892
execute if entity @s[tag=aj.wave_of_destruction.locator_origin.fume_ultra_greatsword3] at @s on origin run tp @s ^0.01009 ^1.83349 ^-0.22738 ~179.31641 ~-28.13892
execute if entity @s[tag=aj.wave_of_destruction.bone.fume_ultra_greatsword] run data modify entity @s {} merge value {transformation:[2.075144481867729f,0.055447001249151466f,0.021840545469041954f,0.10093967286198646f,-0.0385983374811538f,1.8302238546361418f,-0.9790642523677946f,2.769037549403066f,-0.045404269816831135f,0.9782547071051054f,1.8305005272627224f,0.27192310787377705f,0f,0f,0f,1f],start_interpolation:0}
execute if entity @s[tag=aj.wave_of_destruction.bone.left_arm2] run data modify entity @s {} merge value {transformation:[-0.9195626133840654f,0.3377099800666759f,0.2008894457895514f,0.14240985110428006f,-0.12797120401557902f,-0.7407522668257522f,0.6594766486656768f,1.4797151350602158f,0.37152115822530324f,0.5807220062610637f,0.7243852431096691f,-0.14119491573831275f,0f,0f,0f,1f],start_interpolation:0}
execute if entity @s[tag=aj.wave_of_destruction.bone.left_arm] run data modify entity @s {} merge value {transformation:[-0.9195626133840654f,0.3901419022749125f,-0.04683904520355148f,0.125f,-0.12797120401557902f,-0.18463984198937014f,0.9744390692562277f,1.417558774060926f,0.37152115822530324f,0.9020517861184318f,0.21971482460561512f,0.1307581755694581f,0f,0f,0f,1f],start_interpolation:0}
execute if entity @s[tag=aj.wave_of_destruction.bone.head] run data modify entity @s {} merge value {transformation:[-1f,-6.613370897010854e-17f,1.0307245201544186e-16f,-0.125f,0f,0.8416504422924627f,0.5400227152527031f,1.5167254935453613f,-1.2246467991473532e-16f,0.5400227152527031f,-0.8416504422924627f,0.14169979492288426f,0f,0f,0f,1f],start_interpolation:0}
execute if entity @s[tag=aj.wave_of_destruction.bone.body_top] run data modify entity @s {} merge value {transformation:[-1f,-1.3430708722185686e-17f,1.2172597869739387e-16f,-0.125f,0f,0.9939680468045499f,0.10967005941253159f,1.1253505751160697f,-1.2246467991473532e-16f,0.10967005941253159f,-0.9939680468045499f,0.09851720902919994f,0f,0f,0f,1f],start_interpolation:0}
execute if entity @s[tag=aj.wave_of_destruction.locator_origin.player_camera] at @s on origin run tp @s ^-0.125 ^0.11331 ^0.20306 ~0 ~4.72222
execute if entity @s[tag=aj.wave_of_destruction.bone.body] run data modify entity @s {} merge value {transformation:[-1f,-1.0081910800418488e-17f,1.2204897746901028e-16f,-0.125f,0f,0.9966055319295779f,0.08232504920959992f,0.6893356548968794f,-1.2246467991473532e-16f,0.08232504920959992f,-0.9966055319295779f,0.062499999999999986f,0f,0f,0f,1f],start_interpolation:0}
execute if entity @s[tag=aj.wave_of_destruction.bone.right_leg2] run data modify entity @s {} merge value {transformation:[-0.9870652972497849f,0.1594511185623389f,-0.016656522878825443f,-0.3074512984235678f,0.16018102365446188f,0.9851856227957263f,-0.06124808811387919f,0.4151633432341757f,0.006643690706424183f,-0.06312392118536139f,-0.9979835830052424f,0.02301745691604206f,0f,0f,0f,1f],start_interpolation:0}
execute if entity @s[tag=aj.wave_of_destruction.bone.right_leg] run data modify entity @s {} merge value {transformation:[-0.9870652972497849f,0.1598644825699278f,0.012060106875278623f,-0.25f,0.16018102365446188f,0.9803055628875234f,0.11551209041821014f,0.7674606548968794f,0.006643690706424183f,0.11594977612925896f,-0.9932328582912328f,0.0646869077124945f,0f,0f,0f,1f],start_interpolation:0}
execute if entity @s[tag=aj.wave_of_destruction.bone.left_leg2] run data modify entity @s {} merge value {transformation:[-0.9973401714829717f,-0.07097798904950758f,0.01657429988882041f,0.02618628481653893f,-0.07252414349610777f,0.9890474883055591f,-0.1285508245271924f,0.41006632950364613f,-0.0072684906598647f,-0.12941093828171185f,-0.9915644094543605f,0.03759511395086321f,0f,0f,0f,1f],start_interpolation:0}
execute if entity @s[tag=aj.wave_of_destruction.bone.left_leg] run data modify entity @s {} merge value {transformation:[-0.9973401714829717f,-0.07286618383732574f,0.001761135798744635f,-6.938893903907228e-18f,-0.07252414349610777f,0.9944885576159536f,0.07571497461596459f,0.7674606548968794f,-0.0072684906598647f,0.07538586090193067f,-0.9971279461631803f,0.06468690771249454f,0f,0f,0f,1f],start_interpolation:0}
execute if entity @s[tag=aj.wave_of_destruction.locator_origin.wave_of_destruction0] at @s on origin run tp @s ^-0.375 ^2.56249 ^0.18752 ~0 ~90
execute if entity @s[tag=aj.wave_of_destruction.locator_origin.wave_of_destruction1] at @s on origin run tp @s ^-0.375 ^2.5625 ^0.18752 ~0 ~90
execute if entity @s[tag=aj.wave_of_destruction.locator_origin.wave_of_destruction2] at @s on origin run tp @s ^-0.375 ^2.56251 ^0.18752 ~0 ~90
execute if entity @s[tag=aj.wave_of_destruction.locator_origin.wave_of_destruction3] at @s on origin run tp @s ^-0.375 ^2.56252 ^0.18752 ~0 ~90
execute if entity @s[tag=aj.wave_of_destruction.locator_origin.wave_of_destruction4] at @s on origin run tp @s ^-0.375 ^2.56253 ^0.18752 ~0 ~90
execute if entity @s[tag=aj.wave_of_destruction.locator_origin.wave_of_destruction5] at @s on origin run tp @s ^-0.37501 ^2.56253 ^0.18752 ~0 ~90
execute if entity @s[tag=aj.wave_of_destruction.locator_origin.wave_of_destruction6] at @s on origin run tp @s ^-0.37499 ^2.56253 ^0.18752 ~0 ~90
execute if entity @s[tag=aj.wave_of_destruction.locator_origin.wave_of_destruction7] at @s on origin run tp @s ^-0.375 ^2.56253 ^0.18753 ~0 ~90
execute if entity @s[tag=aj.wave_of_destruction.locator_origin.wave_of_destruction8] at @s on origin run tp @s ^-0.375 ^2.56253 ^0.18751 ~0 ~90
execute if entity @s[tag=aj.wave_of_destruction.locator_origin.wave_of_destruction12] at @s on origin run tp @s ^-0.37501 ^2.56252 ^0.18752 ~0 ~90
execute if entity @s[tag=aj.wave_of_destruction.locator_origin.wave_of_destruction11] at @s on origin run tp @s ^-0.375 ^2.56252 ^0.18753 ~0 ~90
execute if entity @s[tag=aj.wave_of_destruction.locator_origin.wave_of_destruction10] at @s on origin run tp @s ^-0.37499 ^2.56252 ^0.18752 ~0 ~90
execute if entity @s[tag=aj.wave_of_destruction.locator_origin.wave_of_destruction9] at @s on origin run tp @s ^-0.375 ^2.56252 ^0.18751 ~0 ~90
execute if entity @s[tag=aj.wave_of_destruction.locator_origin.wave_of_destruction13] at @s on origin run tp @s ^-0.37501 ^2.56251 ^0.18752 ~0 ~90
execute if entity @s[tag=aj.wave_of_destruction.locator_origin.wave_of_destruction14] at @s on origin run tp @s ^-0.375 ^2.56251 ^0.18753 ~0 ~90
execute if entity @s[tag=aj.wave_of_destruction.locator_origin.wave_of_destruction15] at @s on origin run tp @s ^-0.37499 ^2.56251 ^0.18752 ~0 ~90
execute if entity @s[tag=aj.wave_of_destruction.locator_origin.wave_of_destruction16] at @s on origin run tp @s ^-0.375 ^2.56251 ^0.18751 ~0 ~90
execute if entity @s[tag=aj.wave_of_destruction.locator_origin.wave_of_destruction17] at @s on origin run tp @s ^-0.37501 ^2.5625 ^0.18752 ~0 ~90
execute if entity @s[tag=aj.wave_of_destruction.locator_origin.wave_of_destruction18] at @s on origin run tp @s ^-0.375 ^2.5625 ^0.18753 ~0 ~90
execute if entity @s[tag=aj.wave_of_destruction.locator_origin.wave_of_destruction19] at @s on origin run tp @s ^-0.37499 ^2.5625 ^0.18752 ~0 ~90
execute if entity @s[tag=aj.wave_of_destruction.locator_origin.wave_of_destruction20] at @s on origin run tp @s ^-0.375 ^2.5625 ^0.18751 ~0 ~90
execute if entity @s[tag=aj.wave_of_destruction.locator_origin.wave_of_destruction24] at @s on origin run tp @s ^-0.37499 ^2.56249 ^0.18752 ~0 ~90
execute if entity @s[tag=aj.wave_of_destruction.locator_origin.wave_of_destruction23] at @s on origin run tp @s ^-0.375 ^2.56249 ^0.18753 ~0 ~90
execute if entity @s[tag=aj.wave_of_destruction.locator_origin.wave_of_destruction22] at @s on origin run tp @s ^-0.37501 ^2.56249 ^0.18752 ~0 ~90
execute if entity @s[tag=aj.wave_of_destruction.locator_origin.wave_of_destruction21] at @s on origin run tp @s ^-0.375 ^2.56249 ^0.18751 ~0 ~90
execute if entity @s[tag=aj.wave_of_destruction.bone.gravity_thunder] run data modify entity @s {} merge value {transformation:[-3.346139166666667e-10f,-4.097838619959925e-26f,9.099029574155371e-42f,-0.37499625f,0f,7.429921492866735e-26f,3.346139166666667e-10f,2.5625153125f,-4.097838619959925e-26f,3.346139166666667e-10f,-7.429921492866735e-26f,0.18750748842592588f,0f,0f,0f,1f],start_interpolation:0}
execute if entity @s[tag=aj.wave_of_destruction.locator_origin.wave_of_destruction25] at @s on origin run tp @s ^0.00002 ^0.37402 ^-4.40388 ~0 ~90
execute if entity @s[tag=aj.wave_of_destruction.locator_origin.wave_of_destruction26] at @s on origin run tp @s ^0 ^0.37402 ^-4.40386 ~0 ~90
execute if entity @s[tag=aj.wave_of_destruction.locator_origin.wave_of_destruction27] at @s on origin run tp @s ^-0.00002 ^0.37402 ^-4.40388 ~0 ~90
execute if entity @s[tag=aj.wave_of_destruction.locator_origin.wave_of_destruction28] at @s on origin run tp @s ^0 ^0.37402 ^-4.4039 ~0 ~90
execute if entity @s[tag=aj.wave_of_destruction.locator_origin.wave_of_destruction29] at @s on origin run tp @s ^0.00002 ^0.37403 ^-4.4039 ~0 ~90
execute if entity @s[tag=aj.wave_of_destruction.locator_origin.wave_of_destruction30] at @s on origin run tp @s ^0.00001 ^0.37402 ^-4.40387 ~0 ~90
execute if entity @s[tag=aj.wave_of_destruction.locator_origin.wave_of_destruction31] at @s on origin run tp @s ^-0.00002 ^0.37403 ^-4.40387 ~0 ~90
execute if entity @s[tag=aj.wave_of_destruction.locator_origin.wave_of_destruction32] at @s on origin run tp @s ^-0.00001 ^0.37403 ^-4.4039 ~0 ~90