execute if entity @s[tag=aj.wave_of_destruction.bone.right_arm2] run data modify entity @s {} merge value {transformation:[-0.6101519900144978f,-0.6182882422467706f,-0.49541315947474274f,-0.25449250092051307f,0.08455761834816758f,-0.6725439451148152f,0.7352106168090111f,1.5999896664979645f,-0.7877592006829459f,0.4066992640622793f,0.46263500770106736f,0.09053300807834055f,0f,0f,0f,1f],start_interpolation:0}
execute if entity @s[tag=aj.wave_of_destruction.bone.right_arm] run data modify entity @s {} merge value {transformation:[-0.7098047413647469f,-0.49909872640442926f,-0.497069100264341f,-0.3792671825216204f,-0.03628183842672364f,-0.6788232826545606f,0.7334047853174017f,1.4302838458343243f,-0.7034634726384177f,0.5386087747405938f,0.46372376522659975f,0.225185201763489f,0f,0f,0f,1f],start_interpolation:0}
execute if entity @s[tag=aj.wave_of_destruction.locator_origin.fume_slash0] at @s on origin run tp @s ^-0.14872 ^3.81574 ^1.16106 ~178.55567 ~-23.66422
execute if entity @s[tag=aj.wave_of_destruction.locator_origin.fume_slash1] at @s on origin run tp @s ^-0.14872 ^3.81573 ^1.16106 ~178.55567 ~-23.66422
execute if entity @s[tag=aj.wave_of_destruction.bone.fume_slash] run data modify entity @s {} merge value {transformation:[0.000020410414726519765f,-1.81893828971262e-7f,4.713418125148723e-7f,-0.14872225844203546f,3.5586302549861656e-7f,0.000018696512977627592f,-0.000008194756967858382f,3.8157497086493075f,-3.5862233104702907e-7f,0.000008200463089982342f,0.000018693958192723373f,1.1610613816925606f,0f,0f,0f,1f],start_interpolation:0}
execute if entity @s[tag=aj.wave_of_destruction.locator_origin.fume_ultra_greatsword0] at @s on origin run tp @s ^-0.21737 ^3.70913 ^0.7065 ~178.55567 ~-23.66422
execute if entity @s[tag=aj.wave_of_destruction.locator_origin.fume_ultra_greatsword1] at @s on origin run tp @s ^-0.21236 ^3.19402 ^0.48056 ~178.55567 ~-23.66422
execute if entity @s[tag=aj.wave_of_destruction.locator_origin.fume_ultra_greatsword2] at @s on origin run tp @s ^-0.20735 ^2.67891 ^0.25463 ~178.55567 ~-23.66422
execute if entity @s[tag=aj.wave_of_destruction.locator_origin.fume_ultra_greatsword3] at @s on origin run tp @s ^-0.19922 ^1.96702 ^0.01062 ~178.55567 ~-23.66422
execute if entity @s[tag=aj.wave_of_destruction.bone.fume_ultra_greatsword] run data modify entity @s {} merge value {transformation:[2.075364292518614f,-0.018495261499314606f,0.047926805034165305f,-0.14620701477454684f,0.03618473343355729f,1.901091964484321f,-0.83325626768689f,2.9410869164969204f,-0.03646530412670853f,0.8338364755005719f,1.9008321897841827f,0.43627946318834065f,0f,0f,0f,1f],start_interpolation:0}
execute if entity @s[tag=aj.wave_of_destruction.bone.left_arm2] run data modify entity @s {} merge value {transformation:[-0.8185633450874918f,0.4862468198655032f,0.3058072599691847f,0.08592772814970395f,-0.2525800478432929f,-0.7828368618829715f,0.568656106191344f,1.5897070229975745f,0.5159044189679476f,0.3882402321345715f,0.7636178053459979f,-0.0010505340423988263f,0f,0f,0f,1f],start_interpolation:0}
execute if entity @s[tag=aj.wave_of_destruction.bone.left_arm] run data modify entity @s {} merge value {transformation:[-0.8185633450874918f,0.5655707599449301f,0.10041795444286812f,0.125f,-0.2525800478432929f,-0.5114026847313542f,0.8213833535451293f,1.4302838458343243f,0.5159044189679476f,0.6469907337395777f,0.5614673819060793f,0.22518520176348905f,0f,0f,0f,1f],start_interpolation:0}
execute if entity @s[tag=aj.wave_of_destruction.bone.head] run data modify entity @s {} merge value {transformation:[-1f,-1.0010328760215671e-16f,7.054735741229771e-17f,-0.125f,0f,0.5760628898178276f,0.817405374936288f,1.5048798357878717f,-1.2246467991473532e-16f,0.817405374936288f,-0.5760628898178276f,0.24420604479842745f,0f,0f,0f,1f],start_interpolation:0}
execute if entity @s[tag=aj.wave_of_destruction.bone.body_top] run data modify entity @s {} merge value {transformation:[-1f,-3.025845935862704e-17f,1.1866770185632185e-16f,-0.125f,0f,0.9689953212546093f,0.24707907112233635f,1.1233379280438693f,-1.2246467991473532e-16f,0.24707907112233635f,-0.9689953212546093f,0.14691866054400748f,0f,0f,0f,1f],start_interpolation:0}
execute if entity @s[tag=aj.wave_of_destruction.locator_origin.player_camera] at @s on origin run tp @s ^-0.125 ^0.10595 ^0.13794 ~0 ~11.1254
execute if entity @s[tag=aj.wave_of_destruction.bone.body] run data modify entity @s {} merge value {transformation:[-1f,-2.3630409696805886e-17f,1.2016322883552887e-16f,-0.125f,0f,0.9812072257829049f,0.19295693838630287f,0.6940597667638484f,-1.2246467991473532e-16f,0.19295693838630287f,-0.9812072257829049f,0.062499999999999986f,0f,0f,0f,1f],start_interpolation:0}
execute if entity @s[tag=aj.wave_of_destruction.bone.right_leg2] run data modify entity @s {} merge value {transformation:[-0.9844302713146308f,0.17518041580052965f,-0.014452087716171715f,-0.31259491379777515f,0.1754859628023562f,0.98419848318116f,-0.02362250120614018f,0.42497415184424225f,0.010085523225517142f,-0.025790843798867286f,-0.9996164837563505f,0.0014918065270951436f,0f,0f,0f,1f],start_interpolation:0}
execute if entity @s[tag=aj.wave_of_destruction.bone.right_leg] run data modify entity @s {} merge value {transformation:[-0.9844302713146308f,0.1741771514372874f,0.023650810484941862f,-0.25f,0.1754859628023562f,0.9661512762980344f,0.189093596314125f,0.7721847667638484f,0.010085523225517142f,0.19029984557237944f,-0.981674208175195f,0.069880813529669f,0f,0f,0f,1f],start_interpolation:0}
execute if entity @s[tag=aj.wave_of_destruction.bone.left_leg2] run data modify entity @s {} merge value {transformation:[-0.9960853339518968f,-0.08571599144319283f,0.021605006291339247f,0.03175708315597767f,-0.08824466416556784f,0.9785498186566567f,-0.1861535163603698f,0.41440851132172196f,-0.005185241773000232f,-0.18733131403461306f,-0.9822831017837071f,0.05813222483848467f,0f,0f,0f,1f],start_interpolation:0}
execute if entity @s[tag=aj.wave_of_destruction.bone.left_leg] run data modify entity @s {} merge value {transformation:[-0.9960853339518968f,-0.08836753573837267f,0.0022773039906314064f,-6.938893903907228e-18f,-0.08824466416556784f,0.9955513194911344f,0.03302195490529638f,0.7721847667638484f,-0.005185241773000232f,0.032691725053730435f,-0.9994520320559496f,0.06988081352966904f,0f,0f,0f,1f],start_interpolation:0}
execute if entity @s[tag=aj.wave_of_destruction.locator_origin.wave_of_destruction0] at @s on origin run tp @s ^-0.375 ^2.56249 ^0.18752 ~0 ~90
execute if entity @s[tag=aj.wave_of_destruction.locator_origin.wave_of_destruction1] at @s on origin run tp @s ^-0.375 ^2.5625 ^0.18752 ~0 ~90
execute if entity @s[tag=aj.wave_of_destruction.locator_origin.wave_of_destruction2] at @s on origin run tp @s ^-0.375 ^2.56251 ^0.18752 ~0 ~90
execute if entity @s[tag=aj.wave_of_destruction.locator_origin.wave_of_destruction3] at @s on origin run tp @s ^-0.375 ^2.56252 ^0.18752 ~0 ~90
execute if entity @s[tag=aj.wave_of_destruction.locator_origin.wave_of_destruction4] at @s on origin run tp @s ^-0.375 ^2.56253 ^0.18752 ~0 ~90
execute if entity @s[tag=aj.wave_of_destruction.locator_origin.wave_of_destruction5] at @s on origin run tp @s ^-0.37501 ^2.56253 ^0.18752 ~0 ~90
execute if entity @s[tag=aj.wave_of_destruction.locator_origin.wave_of_destruction6] at @s on origin run tp @s ^-0.37499 ^2.56253 ^0.18752 ~0 ~90
execute if entity @s[tag=aj.wave_of_destruction.locator_origin.wave_of_destruction7] at @s on origin run tp @s ^-0.375 ^2.56253 ^0.18753 ~0 ~90
execute if entity @s[tag=aj.wave_of_destruction.locator_origin.wave_of_destruction8] at @s on origin run tp @s ^-0.375 ^2.56253 ^0.18751 ~0 ~90
execute if entity @s[tag=aj.wave_of_destruction.locator_origin.wave_of_destruction12] at @s on origin run tp @s ^-0.37501 ^2.56252 ^0.18752 ~0 ~90
execute if entity @s[tag=aj.wave_of_destruction.locator_origin.wave_of_destruction11] at @s on origin run tp @s ^-0.375 ^2.56252 ^0.18753 ~0 ~90
execute if entity @s[tag=aj.wave_of_destruction.locator_origin.wave_of_destruction10] at @s on origin run tp @s ^-0.37499 ^2.56252 ^0.18752 ~0 ~90
execute if entity @s[tag=aj.wave_of_destruction.locator_origin.wave_of_destruction9] at @s on origin run tp @s ^-0.375 ^2.56252 ^0.18751 ~0 ~90
execute if entity @s[tag=aj.wave_of_destruction.locator_origin.wave_of_destruction13] at @s on origin run tp @s ^-0.37501 ^2.56251 ^0.18752 ~0 ~90
execute if entity @s[tag=aj.wave_of_destruction.locator_origin.wave_of_destruction14] at @s on origin run tp @s ^-0.375 ^2.56251 ^0.18753 ~0 ~90
execute if entity @s[tag=aj.wave_of_destruction.locator_origin.wave_of_destruction15] at @s on origin run tp @s ^-0.37499 ^2.56251 ^0.18752 ~0 ~90
execute if entity @s[tag=aj.wave_of_destruction.locator_origin.wave_of_destruction16] at @s on origin run tp @s ^-0.375 ^2.56251 ^0.18751 ~0 ~90
execute if entity @s[tag=aj.wave_of_destruction.locator_origin.wave_of_destruction17] at @s on origin run tp @s ^-0.37501 ^2.5625 ^0.18752 ~0 ~90
execute if entity @s[tag=aj.wave_of_destruction.locator_origin.wave_of_destruction18] at @s on origin run tp @s ^-0.375 ^2.5625 ^0.18753 ~0 ~90
execute if entity @s[tag=aj.wave_of_destruction.locator_origin.wave_of_destruction19] at @s on origin run tp @s ^-0.37499 ^2.5625 ^0.18752 ~0 ~90
execute if entity @s[tag=aj.wave_of_destruction.locator_origin.wave_of_destruction20] at @s on origin run tp @s ^-0.375 ^2.5625 ^0.18751 ~0 ~90
execute if entity @s[tag=aj.wave_of_destruction.locator_origin.wave_of_destruction24] at @s on origin run tp @s ^-0.37499 ^2.56249 ^0.18752 ~0 ~90
execute if entity @s[tag=aj.wave_of_destruction.locator_origin.wave_of_destruction23] at @s on origin run tp @s ^-0.375 ^2.56249 ^0.18753 ~0 ~90
execute if entity @s[tag=aj.wave_of_destruction.locator_origin.wave_of_destruction22] at @s on origin run tp @s ^-0.37501 ^2.56249 ^0.18752 ~0 ~90
execute if entity @s[tag=aj.wave_of_destruction.locator_origin.wave_of_destruction21] at @s on origin run tp @s ^-0.375 ^2.56249 ^0.18751 ~0 ~90
execute if entity @s[tag=aj.wave_of_destruction.bone.gravity_thunder] run data modify entity @s {} merge value {transformation:[-3.346139166666667e-10f,-4.097838619959925e-26f,9.099029574155371e-42f,-0.37499625f,0f,7.429921492866735e-26f,3.346139166666667e-10f,2.5625153125f,-4.097838619959925e-26f,3.346139166666667e-10f,-7.429921492866735e-26f,0.18750864583333327f,0f,0f,0f,1f],start_interpolation:0}
execute if entity @s[tag=aj.wave_of_destruction.locator_origin.wave_of_destruction25] at @s on origin run tp @s ^0.00002 ^0.37402 ^-4.40388 ~0 ~90
execute if entity @s[tag=aj.wave_of_destruction.locator_origin.wave_of_destruction26] at @s on origin run tp @s ^0 ^0.37402 ^-4.40386 ~0 ~90
execute if entity @s[tag=aj.wave_of_destruction.locator_origin.wave_of_destruction27] at @s on origin run tp @s ^-0.00002 ^0.37402 ^-4.40388 ~0 ~90
execute if entity @s[tag=aj.wave_of_destruction.locator_origin.wave_of_destruction28] at @s on origin run tp @s ^0 ^0.37402 ^-4.4039 ~0 ~90
execute if entity @s[tag=aj.wave_of_destruction.locator_origin.wave_of_destruction29] at @s on origin run tp @s ^0.00002 ^0.37403 ^-4.4039 ~0 ~90
execute if entity @s[tag=aj.wave_of_destruction.locator_origin.wave_of_destruction30] at @s on origin run tp @s ^0.00001 ^0.37402 ^-4.40387 ~0 ~90
execute if entity @s[tag=aj.wave_of_destruction.locator_origin.wave_of_destruction31] at @s on origin run tp @s ^-0.00002 ^0.37403 ^-4.40387 ~0 ~90
execute if entity @s[tag=aj.wave_of_destruction.locator_origin.wave_of_destruction32] at @s on origin run tp @s ^-0.00001 ^0.37403 ^-4.4039 ~0 ~90