execute if entity @s[tag=aj.wave_of_destruction.bone.right_arm2] run data modify entity @s {} merge value {transformation:[-0.6110469768618488f,-0.6441224484637995f,-0.4601389610248139f,-0.24294260321614772f,0.0006573365530667952f,-0.5816939515452125f,0.8134074714707086f,1.5758965792003083f,-0.7915940626208935f,0.49672771024044515f,0.35586573578055114f,0.0172102229654702f,0f,0f,0f,1f],start_interpolation:0}
execute if entity @s[tag=aj.wave_of_destruction.bone.right_arm] run data modify entity @s {} merge value {transformation:[-0.7136144896383201f,-0.5282295871354091f,-0.4601389610248139f,-0.375f,-0.10036274451190334f,-0.5729708586565869f,0.8134074714707086f,1.4326538645361617f,-0.693312108427567f,0.6266401666068722f,0.35586573578055114f,0.17387026461718824f,0f,0f,0f,1f],start_interpolation:0}
execute if entity @s[tag=aj.wave_of_destruction.locator_origin.fume_slash0] at @s on origin run tp @s ^-0.0851 ^3.83974 ^0.88608 ~178.64505 ~-19.66202
execute if entity @s[tag=aj.wave_of_destruction.locator_origin.fume_slash1] at @s on origin run tp @s ^-0.0851 ^3.83973 ^0.88609 ~178.64505 ~-19.66202
execute if entity @s[tag=aj.wave_of_destruction.bone.fume_slash] run data modify entity @s {} merge value {transformation:[0.000020411604243471344f,-2.103906394180395e-9f,4.5462683517182857e-7f,-0.08510271235767095f,1.549884128037891e-7f,0.000019225623227980267f,-0.000006869619193624941f,3.8397461346497064f,-4.2739744685366037e-7f,0.0000068713670289907814f,0.000019220872101782987f,0.8860817927064266f,0f,0f,0f,1f],start_interpolation:0}
execute if entity @s[tag=aj.wave_of_destruction.locator_origin.fume_ultra_greatsword0] at @s on origin run tp @s ^-0.15591 ^3.71145 ^0.44357 ~178.64505 ~-19.66202
execute if entity @s[tag=aj.wave_of_destruction.locator_origin.fume_ultra_greatsword1] at @s on origin run tp @s ^-0.15585 ^3.18176 ^0.25426 ~178.64505 ~-19.66202
execute if entity @s[tag=aj.wave_of_destruction.locator_origin.fume_ultra_greatsword2] at @s on origin run tp @s ^-0.15579 ^2.65208 ^0.06495 ~178.64505 ~-19.66202
execute if entity @s[tag=aj.wave_of_destruction.locator_origin.fume_ultra_greatsword3] at @s on origin run tp @s ^-0.15432 ^1.9248 ^-0.12863 ~178.64505 ~-19.66202
execute if entity @s[tag=aj.wave_of_destruction.bone.fume_ultra_greatsword] run data modify entity @s {} merge value {transformation:[2.075485244544319f,-0.0002139286371094775f,0.04622719884816569f,-0.09194976350766638f,0.015759474856195894f,1.9548927585936509f,-0.69851409531259f,2.925790782564131f,-0.04345847018783015f,0.6986918180661974f,1.9544096563249704f,0.22765065379009733f,0f,0f,0f,1f],start_interpolation:0}
execute if entity @s[tag=aj.wave_of_destruction.bone.left_arm2] run data modify entity @s {} merge value {transformation:[-0.8402657890416191f,0.4725395664922033f,0.2658190396973591f,0.09488165630788074f,-0.20298419429199316f,-0.7288073693821654f,0.6539397794918728f,1.554066114129861f,0.5027432949666222f,0.4955261612000008f,0.7083099624687597f,-0.07608363317566605f,0f,0f,0f,1f],start_interpolation:0}
execute if entity @s[tag=aj.wave_of_destruction.bone.left_arm] run data modify entity @s {} merge value {transformation:[-0.8402657890416191f,0.5406062692892866f,0.04121001542568234f,0.125f,-0.20298419429199316f,-0.3841569012288011f,0.9006780179986167f,1.4326538645361617f,0.5027432949666222f,0.7484439436881063f,0.4325284297276881f,0.1738702646171883f,0f,0f,0f,1f],start_interpolation:0}
execute if entity @s[tag=aj.wave_of_destruction.bone.head] run data modify entity @s {} merge value {transformation:[-1f,-9.029043306084036e-17f,8.273593852918142e-17f,-0.125f,0f,0.6755902076156602f,0.7372773368101241f,1.5126694944684036f,-1.2246467991473532e-16f,0.7372773368101241f,-0.6755902076156602f,0.18797917905262637f,0f,0f,0f,1f],start_interpolation:0}
execute if entity @s[tag=aj.wave_of_destruction.bone.body_top] run data modify entity @s {} merge value {transformation:[-1f,-2.1265768495757716e-17f,1.2060416625018979e-16f,-0.125f,0f,0.9848077530122081f,0.17364817766693033f,1.1249014417198466f,-1.2246467991473532e-16f,0.17364817766693033f,-0.9848077530122081f,0.11960520909627255f,0f,0f,0f,1f],start_interpolation:0}
execute if entity @s[tag=aj.wave_of_destruction.locator_origin.player_camera] at @s on origin run tp @s ^-0.125 ^0.10898 ^0.17497 ~0 ~7.5
execute if entity @s[tag=aj.wave_of_destruction.bone.body] run data modify entity @s {} merge value {transformation:[-1f,-1.5984848350717833e-17f,1.2141697760125282e-16f,-0.125f,0f,0.9914448613738104f,0.13052619222005157f,0.6911443148688046f,-1.2246467991473532e-16f,0.13052619222005157f,-0.9914448613738104f,0.062499999999999986f,0f,0f,0f,1f],start_interpolation:0}
execute if entity @s[tag=aj.wave_of_destruction.bone.right_leg2] run data modify entity @s {} merge value {transformation:[-0.984942711044753f,0.1720574440845978f,-0.016855025805017992f,-0.31167848580412194f,0.17262306963618115f,0.9841118769414631f,-0.04153419665929162f,0.42075673276457554f,0.009440963361568308f,-0.04381837055192786f,-0.9989949041977038f,0.004433617895712914f,0f,0f,0f,1f],start_interpolation:0}
execute if entity @s[tag=aj.wave_of_destruction.bone.right_leg] run data modify entity @s {} merge value {transformation:[-0.984942711044753f,0.17162709093320888f,0.02078455237950456f,-0.25f,0.17262306963618115f,0.9697741415074199f,0.1724511243597116f,0.7692693148688046f,0.009440963361568308f,0.17344237118233427f,-0.9847987673070346f,0.0667644700393643f,0f,0f,0f,1f],start_interpolation:0}
execute if entity @s[tag=aj.wave_of_destruction.bone.left_leg2] run data modify entity @s {} merge value {transformation:[-0.9963395287718418f,-0.08303066606268858f,0.020333516663144032f,0.03071344036824975f,-0.08530216004082576f,0.9811965407968811f,-0.17313835456248206f,0.4115430326378177f,-0.005575383311791843f,-0.17423907948970777f,-0.9846875942549016f,0.051305420684947714f,0f,0f,0f,1f],start_interpolation:0}
execute if entity @s[tag=aj.wave_of_destruction.bone.left_leg] run data modify entity @s {} merge value {transformation:[-0.9963395287718418f,-0.08546348624208629f,0.0018804058213022932f,-6.938893903907228e-18f,-0.08530216004082576f,0.9954122635992678f,0.04333551624881242f,0.7692693148688046f,-0.005575383311791843f,0.04301648516011583f,-0.9990588056292763f,0.06676447003936434f,0f,0f,0f,1f],start_interpolation:0}
execute if entity @s[tag=aj.wave_of_destruction.locator_origin.wave_of_destruction0] at @s on origin run tp @s ^-0.375 ^2.56249 ^0.18752 ~0 ~90
execute if entity @s[tag=aj.wave_of_destruction.locator_origin.wave_of_destruction1] at @s on origin run tp @s ^-0.375 ^2.5625 ^0.18752 ~0 ~90
execute if entity @s[tag=aj.wave_of_destruction.locator_origin.wave_of_destruction2] at @s on origin run tp @s ^-0.375 ^2.56251 ^0.18752 ~0 ~90
execute if entity @s[tag=aj.wave_of_destruction.locator_origin.wave_of_destruction3] at @s on origin run tp @s ^-0.375 ^2.56252 ^0.18752 ~0 ~90
execute if entity @s[tag=aj.wave_of_destruction.locator_origin.wave_of_destruction4] at @s on origin run tp @s ^-0.375 ^2.56253 ^0.18752 ~0 ~90
execute if entity @s[tag=aj.wave_of_destruction.locator_origin.wave_of_destruction5] at @s on origin run tp @s ^-0.37501 ^2.56253 ^0.18752 ~0 ~90
execute if entity @s[tag=aj.wave_of_destruction.locator_origin.wave_of_destruction6] at @s on origin run tp @s ^-0.37499 ^2.56253 ^0.18752 ~0 ~90
execute if entity @s[tag=aj.wave_of_destruction.locator_origin.wave_of_destruction7] at @s on origin run tp @s ^-0.375 ^2.56253 ^0.18753 ~0 ~90
execute if entity @s[tag=aj.wave_of_destruction.locator_origin.wave_of_destruction8] at @s on origin run tp @s ^-0.375 ^2.56253 ^0.18751 ~0 ~90
execute if entity @s[tag=aj.wave_of_destruction.locator_origin.wave_of_destruction12] at @s on origin run tp @s ^-0.37501 ^2.56252 ^0.18752 ~0 ~90
execute if entity @s[tag=aj.wave_of_destruction.locator_origin.wave_of_destruction11] at @s on origin run tp @s ^-0.375 ^2.56252 ^0.18753 ~0 ~90
execute if entity @s[tag=aj.wave_of_destruction.locator_origin.wave_of_destruction10] at @s on origin run tp @s ^-0.37499 ^2.56252 ^0.18752 ~0 ~90
execute if entity @s[tag=aj.wave_of_destruction.locator_origin.wave_of_destruction9] at @s on origin run tp @s ^-0.375 ^2.56252 ^0.18751 ~0 ~90
execute if entity @s[tag=aj.wave_of_destruction.locator_origin.wave_of_destruction13] at @s on origin run tp @s ^-0.37501 ^2.56251 ^0.18752 ~0 ~90
execute if entity @s[tag=aj.wave_of_destruction.locator_origin.wave_of_destruction14] at @s on origin run tp @s ^-0.375 ^2.56251 ^0.18753 ~0 ~90
execute if entity @s[tag=aj.wave_of_destruction.locator_origin.wave_of_destruction15] at @s on origin run tp @s ^-0.37499 ^2.56251 ^0.18752 ~0 ~90
execute if entity @s[tag=aj.wave_of_destruction.locator_origin.wave_of_destruction16] at @s on origin run tp @s ^-0.375 ^2.56251 ^0.18751 ~0 ~90
execute if entity @s[tag=aj.wave_of_destruction.locator_origin.wave_of_destruction17] at @s on origin run tp @s ^-0.37501 ^2.5625 ^0.18752 ~0 ~90
execute if entity @s[tag=aj.wave_of_destruction.locator_origin.wave_of_destruction18] at @s on origin run tp @s ^-0.375 ^2.5625 ^0.18753 ~0 ~90
execute if entity @s[tag=aj.wave_of_destruction.locator_origin.wave_of_destruction19] at @s on origin run tp @s ^-0.37499 ^2.5625 ^0.18752 ~0 ~90
execute if entity @s[tag=aj.wave_of_destruction.locator_origin.wave_of_destruction20] at @s on origin run tp @s ^-0.375 ^2.5625 ^0.18751 ~0 ~90
execute if entity @s[tag=aj.wave_of_destruction.locator_origin.wave_of_destruction24] at @s on origin run tp @s ^-0.37499 ^2.56249 ^0.18752 ~0 ~90
execute if entity @s[tag=aj.wave_of_destruction.locator_origin.wave_of_destruction23] at @s on origin run tp @s ^-0.375 ^2.56249 ^0.18753 ~0 ~90
execute if entity @s[tag=aj.wave_of_destruction.locator_origin.wave_of_destruction22] at @s on origin run tp @s ^-0.37501 ^2.56249 ^0.18752 ~0 ~90
execute if entity @s[tag=aj.wave_of_destruction.locator_origin.wave_of_destruction21] at @s on origin run tp @s ^-0.375 ^2.56249 ^0.18751 ~0 ~90
execute if entity @s[tag=aj.wave_of_destruction.bone.gravity_thunder] run data modify entity @s {} merge value {transformation:[-3.346139166666667e-10f,-4.097838619959925e-26f,9.099029574155371e-42f,-0.37499625f,0f,7.429921492866735e-26f,3.346139166666667e-10f,2.5625153125f,-4.097838619959925e-26f,3.346139166666667e-10f,-7.429921492866735e-26f,0.18750795138888884f,0f,0f,0f,1f],start_interpolation:0}
execute if entity @s[tag=aj.wave_of_destruction.locator_origin.wave_of_destruction25] at @s on origin run tp @s ^0.00002 ^0.37402 ^-4.40388 ~0 ~90
execute if entity @s[tag=aj.wave_of_destruction.locator_origin.wave_of_destruction26] at @s on origin run tp @s ^0 ^0.37402 ^-4.40386 ~0 ~90
execute if entity @s[tag=aj.wave_of_destruction.locator_origin.wave_of_destruction27] at @s on origin run tp @s ^-0.00002 ^0.37402 ^-4.40388 ~0 ~90
execute if entity @s[tag=aj.wave_of_destruction.locator_origin.wave_of_destruction28] at @s on origin run tp @s ^0 ^0.37402 ^-4.4039 ~0 ~90
execute if entity @s[tag=aj.wave_of_destruction.locator_origin.wave_of_destruction29] at @s on origin run tp @s ^0.00002 ^0.37403 ^-4.4039 ~0 ~90
execute if entity @s[tag=aj.wave_of_destruction.locator_origin.wave_of_destruction30] at @s on origin run tp @s ^0.00001 ^0.37402 ^-4.40387 ~0 ~90
execute if entity @s[tag=aj.wave_of_destruction.locator_origin.wave_of_destruction31] at @s on origin run tp @s ^-0.00002 ^0.37403 ^-4.40387 ~0 ~90
execute if entity @s[tag=aj.wave_of_destruction.locator_origin.wave_of_destruction32] at @s on origin run tp @s ^-0.00001 ^0.37403 ^-4.4039 ~0 ~90