execute if entity @s[tag=aj.wave_of_destruction.bone.right_arm2] run data modify entity @s {} merge value {transformation:[-0.874865443941203f,-0.4715930495707845f,-0.11050090766183368f,-0.2525987236140888f,-0.4675164278207272f,0.8818127179790624f,-0.06192511710223342f,0.48029757524705363f,0.12664456054370524f,-0.0025151554437478907f,-0.9919449729081677f,-0.6448463970742854f,0f,0f,0f,1f],start_interpolation:0}
execute if entity @s[tag=aj.wave_of_destruction.bone.right_arm] run data modify entity @s {} merge value {transformation:[-0.864885040463661f,-0.5003209533348676f,-0.04065477138369602f,-0.3776789619478057f,-0.48495079489113774f,0.8537269733875658f,-0.1896654461017092f,0.693729318593945f,0.12960167173545642f,-0.14432324332759425f,-0.9810067319436595f,-0.6809272079061839f,0f,0f,0f,1f],start_interpolation:0}
execute if entity @s[tag=aj.wave_of_destruction.locator_origin.fume_slash0] at @s on origin run tp @s ^-0.1902 ^0.35122 ^-3.03133 ~-10.71857 ~85.87816
execute if entity @s[tag=aj.wave_of_destruction.locator_origin.fume_slash1] at @s on origin run tp @s ^-0.1902 ^0.35123 ^-3.03133 ~-10.71857 ~85.87816
execute if entity @s[tag=aj.wave_of_destruction.bone.fume_slash] run data modify entity @s {} merge value {transformation:[0.00002040366245866745f,-6.755319413670083e-7f,-2.729334108077108e-7f,-0.19020039050630583f,2.243856930323401e-7f,-0.0000014502457157268797f,0.00002036385808737028f,0.351221313416681f,-6.93171776188704e-7f,-0.00002035388714074013f,-0.0000014418976830852667f,-3.0313411831724766f,0f,0f,0f,1f],start_interpolation:0}
execute if entity @s[tag=aj.wave_of_destruction.locator_origin.fume_ultra_greatsword0] at @s on origin run tp @s ^-0.23524 ^0.00314 ^-2.62889 ~-10.71857 ~85.87816
execute if entity @s[tag=aj.wave_of_destruction.locator_origin.fume_ultra_greatsword1] at @s on origin run tp @s ^-0.21663 ^0.0431 ^-2.06812 ~-10.71857 ~85.87816
execute if entity @s[tag=aj.wave_of_destruction.locator_origin.fume_ultra_greatsword2] at @s on origin run tp @s ^-0.19802 ^0.08305 ^-1.50735 ~-10.71857 ~85.87816
execute if entity @s[tag=aj.wave_of_destruction.locator_origin.fume_ultra_greatsword3] at @s on origin run tp @s ^-0.17404 ^0.19867 ^-0.76407 ~-10.71857 ~85.87816
execute if entity @s[tag=aj.wave_of_destruction.bone.fume_ultra_greatsword] run data modify entity @s {} merge value {transformation:[2.0746777108992798f,-0.06868919070748944f,-0.0277523148164967f,-0.1467316947715761f,0.022815903611516964f,-0.14746335212321643f,2.070630337439055f,0.12388063432063806f,-0.07048283791188976f,-2.0696164753066046f,-0.14661451053477617f,-1.8254227828985314f,0f,0f,0f,1f],start_interpolation:0}
execute if entity @s[tag=aj.wave_of_destruction.bone.left_arm2] run data modify entity @s {} merge value {transformation:[-0.8267837806499881f,0.5305302021360911f,-0.18699273963325588f,0.12482073235526714f,0.5208892685402279f,0.8475597266561021f,0.10157204177459639f,0.42383651117227655f,0.21237455114428994f,-0.013424394663160533f,-0.9770961240605702f,-0.6082440574161168f,0f,0f,0f,1f],start_interpolation:0}
execute if entity @s[tag=aj.wave_of_destruction.bone.left_arm] run data modify entity @s {} merge value {transformation:[-0.8267837806499881f,0.41410896090392596f,-0.3807129477088782f,0.1250000000000001f,0.5208892685402279f,0.81912659541656f,-0.24022071226457975f,0.693729318593945f,0.21237455114428994f,-0.3969198775324137f,-0.8929454971306565f,-0.6809272079061839f,0f,0f,0f,1f],start_interpolation:0}
execute if entity @s[tag=aj.wave_of_destruction.bone.head] run data modify entity @s {} merge value {transformation:[-1f,1.116042825125432e-16f,5.04190633736786e-17f,-0.1249999999999999f,0f,0.41170289595973564f,-0.9113181252769897f,0.7078079519101779f,-1.2246467991473532e-16f,-0.9113181252769897f,-0.41170289595973564f,-0.7582266264327576f,0f,0f,0f,1f],start_interpolation:0}
execute if entity @s[tag=aj.wave_of_destruction.bone.body_top] run data modify entity @s {} merge value {transformation:[-1f,1.2048267125048692e-16f,2.1943649536156657e-17f,-0.12499999999999994f,0f,0.1791834964288045f,-0.9838156710520262f,0.6372544501913361f,-1.2246467991473532e-16f,-0.9838156710520262f,-0.1791834964288045f,-0.3708492059560223f,0f,0f,0f,1f],start_interpolation:0}
execute if entity @s[tag=aj.wave_of_destruction.locator_origin.player_camera] at @s on origin run tp @s ^-0.125 ^0.68555 ^0.64543 ~0 ~-82.10125
execute if entity @s[tag=aj.wave_of_destruction.bone.body] run data modify entity @s {} merge value {transformation:[-1f,1.2130279268276338e-16f,1.68294478216341e-17f,-0.125f,0f,0.13742287027860944f,-0.9905124707566223f,0.5771319444444445f,-1.2246467991473532e-16f,-0.9905124707566223f,-0.13742287027860944f,0.062499999999999986f,0f,0f,0f,1f],start_interpolation:0}
execute if entity @s[tag=aj.wave_of_destruction.bone.right_leg2] run data modify entity @s {} merge value {transformation:[-0.9846220186554377f,0.1745425646640482f,0.007373838850100234f,-0.29365941027969855f,0.17442059540436414f,0.9798021847975991f,0.0978015059425903f,0.4241324393502691f,0.00984562225955227f,0.09758366557138537f,-0.9951786231305284f,-0.34875180560228947f,0f,0f,0f,1f],start_interpolation:0}
execute if entity @s[tag=aj.wave_of_destruction.bone.right_leg] run data modify entity @s {} merge value {transformation:[-0.9846220186554377f,0.12148705469133501f,0.125540335834007f,-0.25f,0.17442059540436414f,0.6431290576533575f,0.7456289097806571f,0.6552569444444445f,0.00984562225955227f,0.7560594624395153f,-0.6544288754158035f,-0.07704293628808868f,0f,0f,0f,1f],start_interpolation:0}
execute if entity @s[tag=aj.wave_of_destruction.bone.left_leg2] run data modify entity @s {} merge value {transformation:[-0.9961809769165535f,-0.049656111677956936f,0.07181735028951813f,0.023048193674110866f,-0.08714956987465354f,0.6157046769786072f,-0.7831428370465581f,0.3778940027277922f,-0.005330450285291313f,-0.7864108476615103f,-0.6176807953790215f,0.15030914739632717f,0f,0f,0f,1f],start_interpolation:0}
execute if entity @s[tag=aj.wave_of_destruction.bone.left_leg] run data modify entity @s {} merge value {transformation:[-0.9961809769165535f,-0.06413410413665628f,0.05924759840001627f,1.3877787807814457e-17f,-0.08714956987465354f,0.7717925334724237f,-0.6298739856089315f,0.6552569444444445f,-0.005330450285291313f,-0.6326318850348962f,-0.7744342995612667f,-0.07704293628808864f,0f,0f,0f,1f],start_interpolation:0}
execute if entity @s[tag=aj.wave_of_destruction.locator_origin.wave_of_destruction0] at @s on origin run tp @s ^-0.375 ^0.87499 ^-7.15623 ~0 ~90
execute if entity @s[tag=aj.wave_of_destruction.locator_origin.wave_of_destruction1] at @s on origin run tp @s ^-0.375 ^0.875 ^-7.15623 ~0 ~90
execute if entity @s[tag=aj.wave_of_destruction.locator_origin.wave_of_destruction2] at @s on origin run tp @s ^-0.375 ^0.87501 ^-7.15623 ~0 ~90
execute if entity @s[tag=aj.wave_of_destruction.locator_origin.wave_of_destruction3] at @s on origin run tp @s ^-0.375 ^0.87502 ^-7.15623 ~0 ~90
execute if entity @s[tag=aj.wave_of_destruction.locator_origin.wave_of_destruction4] at @s on origin run tp @s ^-0.375 ^0.87503 ^-7.15623 ~0 ~90
execute if entity @s[tag=aj.wave_of_destruction.locator_origin.wave_of_destruction5] at @s on origin run tp @s ^-0.37501 ^0.87503 ^-7.15623 ~0 ~90
execute if entity @s[tag=aj.wave_of_destruction.locator_origin.wave_of_destruction6] at @s on origin run tp @s ^-0.37499 ^0.87503 ^-7.15623 ~0 ~90
execute if entity @s[tag=aj.wave_of_destruction.locator_origin.wave_of_destruction7] at @s on origin run tp @s ^-0.375 ^0.87503 ^-7.15622 ~0 ~90
execute if entity @s[tag=aj.wave_of_destruction.locator_origin.wave_of_destruction8] at @s on origin run tp @s ^-0.375 ^0.87503 ^-7.15624 ~0 ~90
execute if entity @s[tag=aj.wave_of_destruction.locator_origin.wave_of_destruction12] at @s on origin run tp @s ^-0.37501 ^0.87502 ^-7.15623 ~0 ~90
execute if entity @s[tag=aj.wave_of_destruction.locator_origin.wave_of_destruction11] at @s on origin run tp @s ^-0.375 ^0.87502 ^-7.15622 ~0 ~90
execute if entity @s[tag=aj.wave_of_destruction.locator_origin.wave_of_destruction10] at @s on origin run tp @s ^-0.37499 ^0.87502 ^-7.15623 ~0 ~90
execute if entity @s[tag=aj.wave_of_destruction.locator_origin.wave_of_destruction9] at @s on origin run tp @s ^-0.375 ^0.87502 ^-7.15624 ~0 ~90
execute if entity @s[tag=aj.wave_of_destruction.locator_origin.wave_of_destruction13] at @s on origin run tp @s ^-0.37501 ^0.87501 ^-7.15623 ~0 ~90
execute if entity @s[tag=aj.wave_of_destruction.locator_origin.wave_of_destruction14] at @s on origin run tp @s ^-0.375 ^0.87501 ^-7.15622 ~0 ~90
execute if entity @s[tag=aj.wave_of_destruction.locator_origin.wave_of_destruction15] at @s on origin run tp @s ^-0.37499 ^0.87501 ^-7.15623 ~0 ~90
execute if entity @s[tag=aj.wave_of_destruction.locator_origin.wave_of_destruction16] at @s on origin run tp @s ^-0.375 ^0.87501 ^-7.15624 ~0 ~90
execute if entity @s[tag=aj.wave_of_destruction.locator_origin.wave_of_destruction17] at @s on origin run tp @s ^-0.37501 ^0.875 ^-7.15623 ~0 ~90
execute if entity @s[tag=aj.wave_of_destruction.locator_origin.wave_of_destruction18] at @s on origin run tp @s ^-0.375 ^0.875 ^-7.15622 ~0 ~90
execute if entity @s[tag=aj.wave_of_destruction.locator_origin.wave_of_destruction19] at @s on origin run tp @s ^-0.37499 ^0.875 ^-7.15623 ~0 ~90
execute if entity @s[tag=aj.wave_of_destruction.locator_origin.wave_of_destruction20] at @s on origin run tp @s ^-0.375 ^0.875 ^-7.15624 ~0 ~90
execute if entity @s[tag=aj.wave_of_destruction.locator_origin.wave_of_destruction24] at @s on origin run tp @s ^-0.37499 ^0.87499 ^-7.15623 ~0 ~90
execute if entity @s[tag=aj.wave_of_destruction.locator_origin.wave_of_destruction23] at @s on origin run tp @s ^-0.375 ^0.87499 ^-7.15622 ~0 ~90
execute if entity @s[tag=aj.wave_of_destruction.locator_origin.wave_of_destruction22] at @s on origin run tp @s ^-0.37501 ^0.87499 ^-7.15623 ~0 ~90
execute if entity @s[tag=aj.wave_of_destruction.locator_origin.wave_of_destruction21] at @s on origin run tp @s ^-0.375 ^0.87499 ^-7.15624 ~0 ~90
execute if entity @s[tag=aj.wave_of_destruction.bone.gravity_thunder] run data modify entity @s {} merge value {transformation:[-0.0000313700546875f,-3.3294938787174385e-21f,8.53034022577066e-37f,-0.3749962499999991f,0f,6.0368112129542224e-21f,0.0000313700546875f,0.8750153125f,-3.84172370621243e-21f,0.000027187380729166668f,-6.965551399562563e-21f,-7.1562403125f,0f,0f,0f,1f],start_interpolation:0}
execute if entity @s[tag=aj.wave_of_destruction.bone.wave_of_destruction] run data modify entity @s {} merge value {transformation:[-0.00003297589166666667f,-4.038382017861322e-21f,8.967009396923679e-37f,-0.3749999999999991f,0f,7.322118837175633e-21f,0.00003297589166666667f,0.875f,-4.038382017861322e-21f,0.00003297589166666667f,-7.322118837175633e-21f,-7.15625f,0f,0f,0f,1f],start_interpolation:0}
execute if entity @s[tag=aj.wave_of_destruction.bone.obsidian_edges0] run data modify entity @s {} merge value {transformation:[-1.2668996496258977f,1.2668996496258975f,4.8720113465180265e-32f,-1.124999999999999f,2.8130823218084305e-16f,2.81308232180843e-16f,1.7916666666666667f,0.5326262499999996f,1.2668996496258975f,1.2668996496258977f,-3.978299171573478e-16f,-7.621667500000001f,0f,0f,0f,1f],start_interpolation:0}
execute if entity @s[tag=aj.wave_of_destruction.bone.obsidian_edges1] run data modify entity @s {} merge value {transformation:[-1.2668996496258973f,-1.266899649625898f,4.8720113465180265e-32f,1.1011043750000011f,-2.8130823218084305e-16f,2.81308232180843e-16f,1.7916666666666667f,0.4990218749999993f,-1.266899649625898f,1.2668996496258973f,-3.978299171573478e-16f,-7.629941875f,0f,0f,0f,1f],start_interpolation:0}
execute if entity @s[tag=aj.wave_of_destruction.bone.obsidian_edges2] run data modify entity @s {} merge value {transformation:[1.2668996496258977f,-1.2668996496258977f,4.8720113465180265e-32f,1.1011043750000007f,-2.813082321808431e-16f,-2.81308232180843e-16f,1.7916666666666667f,0.49902187499999984f,-1.2668996496258977f,-1.2668996496258977f,-3.978299171573478e-16f,-5.379941875f,0f,0f,0f,1f],start_interpolation:0}
execute if entity @s[tag=aj.wave_of_destruction.bone.obsidian_edges3] run data modify entity @s {} merge value {transformation:[1.2668996496258973f,1.2668996496258982f,4.8720113465180265e-32f,-1.1249999999999993f,2.813082321808431e-16f,-2.81308232180843e-16f,1.7916666666666667f,0.5326262500000002f,1.2668996496258982f,-1.2668996496258973f,-3.978299171573478e-16f,-5.309167500000001f,0f,0f,0f,1f],start_interpolation:0}
execute if entity @s[tag=aj.wave_of_destruction.locator_origin.wave_of_destruction25] at @s on origin run tp @s ^2 ^0.59513 ^-5.24667 ~0 ~90
execute if entity @s[tag=aj.wave_of_destruction.locator_origin.wave_of_destruction26] at @s on origin run tp @s ^0 ^0.59513 ^-3.24667 ~0 ~90
execute if entity @s[tag=aj.wave_of_destruction.locator_origin.wave_of_destruction27] at @s on origin run tp @s ^-2 ^0.59513 ^-5.24667 ~0 ~90
execute if entity @s[tag=aj.wave_of_destruction.locator_origin.wave_of_destruction28] at @s on origin run tp @s ^0 ^0.59513 ^-7.24667 ~0 ~90
execute if entity @s[tag=aj.wave_of_destruction.locator_origin.wave_of_destruction29] at @s on origin run tp @s ^1.625 ^0.78263 ^-6.93417 ~0 ~90
execute if entity @s[tag=aj.wave_of_destruction.locator_origin.wave_of_destruction30] at @s on origin run tp @s ^1.4375 ^0.65763 ^-3.80917 ~0 ~90
execute if entity @s[tag=aj.wave_of_destruction.locator_origin.wave_of_destruction31] at @s on origin run tp @s ^-1.5625 ^0.78263 ^-3.68417 ~0 ~90
execute if entity @s[tag=aj.wave_of_destruction.locator_origin.wave_of_destruction32] at @s on origin run tp @s ^-1.5 ^0.78263 ^-6.74667 ~0 ~90
execute if entity @s[tag=aj.wave_of_destruction.bone.obsidian] run data modify entity @s {} merge value {transformation:[-3.5201812500000007f,-4.3109787002310296e-16f,9.572295623330239e-32f,7.957320916650054e-16f,0f,7.81637254920753e-16f,3.5201812500000007f,0.374021875f,-4.3109787002310296e-16f,3.5201812500000007f,-7.81637254920753e-16f,-6.4976456250000005f,0f,0f,0f,1f],start_interpolation:0}