execute if entity @s[tag=aj.wave_of_destruction.bone.right_arm2] run data modify entity @s {} merge value {transformation:[-0.39492980569961f,-0.8856613751469506f,-0.24420150929689338f,-0.11159316306948036f,-0.07425886236946536f,-0.2341654556595583f,0.9693565704813397f,1.429428260023773f,-0.9157052309174939f,0.4009619283031296f,0.026710711742201156f,-0.07597024007113642f,0f,0f,0f,1f],start_interpolation:0}
execute if entity @s[tag=aj.wave_of_destruction.bone.right_arm] run data modify entity @s {} merge value {transformation:[-0.5427234183728364f,-0.8036273477220786f,-0.24420150929689338f,-0.3125f,-0.11379310803914466f,-0.2177130400950924f,0.9693565704813397f,1.375f,-0.8321673027177255f,0.5538809602845456f,0.026710711742201156f,0.062499999999999965f,0f,0f,0f,1f],start_interpolation:0}
execute if entity @s[tag=aj.wave_of_destruction.locator_origin.fume_slash0] at @s on origin run tp @s ^0.1875 ^2.85891 ^1.77935 ~-180 ~-50
execute if entity @s[tag=aj.wave_of_destruction.locator_origin.fume_slash1] at @s on origin run tp @s ^0.1875 ^2.8589 ^1.77935 ~-180 ~-50
execute if entity @s[tag=aj.wave_of_destruction.bone.fume_slash] run data modify entity @s {} merge value {transformation:[0.000020416666666666667f,-1.9153566620101404e-21f,8.931454795935233e-22f,0.18749999999999978f,1.9153566620101404e-21f,0.00001312358036443352f,-0.00001564007404701246f,2.8589147966453443f,8.931454795935237e-22f,0.00001564007404701246f,0.00001312358036443352f,1.7793560957157968f,0f,0f,0f,1f],start_interpolation:0}
execute if entity @s[tag=aj.wave_of_destruction.locator_origin.fume_ultra_greatsword0] at @s on origin run tp @s ^0.125 ^2.90514 ^1.25104 ~-180 ~-50
execute if entity @s[tag=aj.wave_of_destruction.locator_origin.fume_ultra_greatsword1] at @s on origin run tp @s ^0.125 ^2.54357 ^0.82014 ~-180 ~-50
execute if entity @s[tag=aj.wave_of_destruction.locator_origin.fume_ultra_greatsword2] at @s on origin run tp @s ^0.125 ^2.182 ^0.38924 ~-180 ~-50
execute if entity @s[tag=aj.wave_of_destruction.locator_origin.fume_ultra_greatsword3] at @s on origin run tp @s ^0.125 ^1.65203 ^-0.14512 ~-180 ~-50
execute if entity @s[tag=aj.wave_of_destruction.bone.fume_ultra_greatsword] run data modify entity @s {} merge value {transformation:[2.076f,-1.9475659250610867e-16f,9.081649056177083e-17f,0.1874999999999999f,1.9475659250610867e-16f,1.3344270777092564f,-1.590308263914998f,2.334993398617259f,9.081649056177087e-17f,1.590308263914998f,1.3344270777092564f,0.6688071914849669f,0f,0f,0f,1f],start_interpolation:0}
execute if entity @s[tag=aj.wave_of_destruction.bone.left_arm2] run data modify entity @s {} merge value {transformation:[-1f,-7.871877887341988e-17f,-9.381338752702728e-17f,0.25f,0f,-0.7660444431189779f,0.6427876096865395f,1.2998235501239317f,-1.2246467991473532e-16f,0.6427876096865395f,0.7660444431189779f,-0.1759292376870567f,0f,0f,0f,1f],start_interpolation:0}
execute if entity @s[tag=aj.wave_of_destruction.bone.left_arm] run data modify entity @s {} merge value {transformation:[-1f,-1.16796641102639e-16f,3.6825839484795395e-17f,0.125f,0f,0.30070579950427323f,0.9537169507482269f,1.375f,-1.2246467991473532e-16f,0.9537169507482269f,-0.30070579950427323f,0.06250000000000001f,0f,0f,0f,1f],start_interpolation:0}
execute if entity @s[tag=aj.wave_of_destruction.bone.head] run data modify entity @s {} merge value {transformation:[-1f,0f,1.2246467991473532e-16f,-0.125f,0f,1f,0f,1.51875f,-1.2246467991473532e-16f,0f,-1f,0.062499999999999986f,0f,0f,0f,1f],start_interpolation:0}
execute if entity @s[tag=aj.wave_of_destruction.bone.body_top] run data modify entity @s {} merge value {transformation:[-1f,0f,1.2246467991473532e-16f,-0.125f,0f,1f,0f,1.125f,-1.2246467991473532e-16f,0f,-1f,0.062499999999999986f,0f,0f,0f,1f],start_interpolation:0}
execute if entity @s[tag=aj.wave_of_destruction.locator_origin.player_camera] at @s on origin run tp @s ^-0.125 ^0.125 ^0.25 ~0 ~0
execute if entity @s[tag=aj.wave_of_destruction.bone.body] run data modify entity @s {} merge value {transformation:[-1f,0f,1.2246467991473532e-16f,-0.125f,0f,1f,0f,0.6875f,-1.2246467991473532e-16f,0f,-1f,0.062499999999999986f,0f,0f,0f,1f],start_interpolation:0}
execute if entity @s[tag=aj.wave_of_destruction.bone.right_leg2] run data modify entity @s {} merge value {transformation:[-0.9914448613738104f,0.13002950065171942f,-0.011376107230962076f,-0.296907850329081f,0.13052619222005157f,0.9876721143508955f,-0.08641011328638344f,0.4093245029437869f,-1.2141697760125282e-16f,-0.08715574274765817f,-0.9961946980917455f,0.062499999999999965f,0f,0f,0f,1f],start_interpolation:0}
execute if entity @s[tag=aj.wave_of_destruction.bone.right_leg] run data modify entity @s {} merge value {transformation:[-0.9914448613738104f,0.13052619222005157f,1.2246467991473532e-16f,-0.25f,0.13052619222005157f,0.9914448613738104f,0f,0.765625f,-1.2141697760125282e-16f,1.5984848350717833e-17f,-1f,0.06249999999999997f,0f,0f,0f,1f],start_interpolation:0}
execute if entity @s[tag=aj.wave_of_destruction.bone.left_leg2] run data modify entity @s {} merge value {transformation:[-0.9990482215818578f,-0.04160054911157226f,0.013116602751578887f,0.015541609399556037f,-0.04213309278308337f,0.99817142442578f,-0.04334293428393349f,0.4096520668633364f,-0.011289528185852183f,-0.04385432445523424f,-0.9989741462019504f,0.01567992015863231f,0f,0f,0f,1f],start_interpolation:0}
execute if entity @s[tag=aj.wave_of_destruction.bone.left_leg] run data modify entity @s {} merge value {transformation:[-0.9990482215818578f,-0.04324621745963421f,0.00569347253976799f,-6.938893903907228e-18f,-0.04213309278308337f,0.9905333791628901f,0.13064619112962444f,0.765625f,-0.011289528185852183f,0.1302819612977188f,-0.9914127077628976f,0.0625f,0f,0f,0f,1f],start_interpolation:0}
execute if entity @s[tag=aj.wave_of_destruction.locator_origin.wave_of_destruction0] at @s on origin run tp @s ^-0.09375 ^0.26563 ^-15.23437 ~0 ~90
execute if entity @s[tag=aj.wave_of_destruction.locator_origin.wave_of_destruction1] at @s on origin run tp @s ^-0.09375 ^0.96875 ^-15.23437 ~0 ~90
execute if entity @s[tag=aj.wave_of_destruction.locator_origin.wave_of_destruction2] at @s on origin run tp @s ^-0.09375 ^1.67188 ^-15.23437 ~0 ~90
execute if entity @s[tag=aj.wave_of_destruction.locator_origin.wave_of_destruction3] at @s on origin run tp @s ^-0.09375 ^2.375 ^-15.23437 ~0 ~90
execute if entity @s[tag=aj.wave_of_destruction.locator_origin.wave_of_destruction4] at @s on origin run tp @s ^-0.09375 ^3.07813 ^-15.23437 ~0 ~90
execute if entity @s[tag=aj.wave_of_destruction.locator_origin.wave_of_destruction5] at @s on origin run tp @s ^-0.79687 ^3.07813 ^-15.23437 ~0 ~90
execute if entity @s[tag=aj.wave_of_destruction.locator_origin.wave_of_destruction6] at @s on origin run tp @s ^0.60938 ^3.07813 ^-15.23437 ~0 ~90
execute if entity @s[tag=aj.wave_of_destruction.locator_origin.wave_of_destruction7] at @s on origin run tp @s ^-0.09375 ^3.07813 ^-14.53125 ~0 ~90
execute if entity @s[tag=aj.wave_of_destruction.locator_origin.wave_of_destruction8] at @s on origin run tp @s ^-0.09375 ^3.07813 ^-15.9375 ~0 ~90
execute if entity @s[tag=aj.wave_of_destruction.locator_origin.wave_of_destruction12] at @s on origin run tp @s ^-0.79687 ^2.375 ^-15.23437 ~0 ~90
execute if entity @s[tag=aj.wave_of_destruction.locator_origin.wave_of_destruction11] at @s on origin run tp @s ^-0.09375 ^2.375 ^-14.53125 ~0 ~90
execute if entity @s[tag=aj.wave_of_destruction.locator_origin.wave_of_destruction10] at @s on origin run tp @s ^0.60938 ^2.375 ^-15.23437 ~0 ~90
execute if entity @s[tag=aj.wave_of_destruction.locator_origin.wave_of_destruction9] at @s on origin run tp @s ^-0.09375 ^2.375 ^-15.9375 ~0 ~90
execute if entity @s[tag=aj.wave_of_destruction.locator_origin.wave_of_destruction13] at @s on origin run tp @s ^-0.79687 ^1.67188 ^-15.23437 ~0 ~90
execute if entity @s[tag=aj.wave_of_destruction.locator_origin.wave_of_destruction14] at @s on origin run tp @s ^-0.09375 ^1.67188 ^-14.53125 ~0 ~90
execute if entity @s[tag=aj.wave_of_destruction.locator_origin.wave_of_destruction15] at @s on origin run tp @s ^0.60938 ^1.67188 ^-15.23437 ~0 ~90
execute if entity @s[tag=aj.wave_of_destruction.locator_origin.wave_of_destruction16] at @s on origin run tp @s ^-0.09375 ^1.67188 ^-15.9375 ~0 ~90
execute if entity @s[tag=aj.wave_of_destruction.locator_origin.wave_of_destruction17] at @s on origin run tp @s ^-0.79687 ^0.96875 ^-15.23437 ~0 ~90
execute if entity @s[tag=aj.wave_of_destruction.locator_origin.wave_of_destruction18] at @s on origin run tp @s ^-0.09375 ^0.96875 ^-14.53125 ~0 ~90
execute if entity @s[tag=aj.wave_of_destruction.locator_origin.wave_of_destruction19] at @s on origin run tp @s ^0.60938 ^0.96875 ^-15.23437 ~0 ~90
execute if entity @s[tag=aj.wave_of_destruction.locator_origin.wave_of_destruction20] at @s on origin run tp @s ^-0.09375 ^0.96875 ^-15.9375 ~0 ~90
execute if entity @s[tag=aj.wave_of_destruction.locator_origin.wave_of_destruction24] at @s on origin run tp @s ^0.60938 ^0.26563 ^-15.23437 ~0 ~90
execute if entity @s[tag=aj.wave_of_destruction.locator_origin.wave_of_destruction23] at @s on origin run tp @s ^-0.09375 ^0.26563 ^-14.53125 ~0 ~90
execute if entity @s[tag=aj.wave_of_destruction.locator_origin.wave_of_destruction22] at @s on origin run tp @s ^-0.79687 ^0.26563 ^-15.23437 ~0 ~90
execute if entity @s[tag=aj.wave_of_destruction.locator_origin.wave_of_destruction21] at @s on origin run tp @s ^-0.09375 ^0.26563 ^-15.9375 ~0 ~90
execute if entity @s[tag=aj.wave_of_destruction.locator_origin.wave_of_destruction25] at @s on origin run tp @s ^2 ^0.40763 ^-15.34042 ~0 ~90
execute if entity @s[tag=aj.wave_of_destruction.locator_origin.wave_of_destruction26] at @s on origin run tp @s ^0 ^0.40763 ^-13.34042 ~0 ~90
execute if entity @s[tag=aj.wave_of_destruction.locator_origin.wave_of_destruction27] at @s on origin run tp @s ^-2 ^0.40763 ^-15.34042 ~0 ~90
execute if entity @s[tag=aj.wave_of_destruction.locator_origin.wave_of_destruction28] at @s on origin run tp @s ^0 ^0.40763 ^-17.34042 ~0 ~90
execute if entity @s[tag=aj.wave_of_destruction.locator_origin.wave_of_destruction29] at @s on origin run tp @s ^1.625 ^0.59513 ^-17.02792 ~0 ~90
execute if entity @s[tag=aj.wave_of_destruction.locator_origin.wave_of_destruction30] at @s on origin run tp @s ^1.4375 ^0.47013 ^-13.90292 ~0 ~90
execute if entity @s[tag=aj.wave_of_destruction.locator_origin.wave_of_destruction31] at @s on origin run tp @s ^-1.5625 ^0.59513 ^-13.77792 ~0 ~90
execute if entity @s[tag=aj.wave_of_destruction.locator_origin.wave_of_destruction32] at @s on origin run tp @s ^-1.5 ^0.59513 ^-16.84042 ~0 ~90