execute if entity @s[tag=aj.wave_of_destruction.bone.right_arm2] run data modify entity @s {} merge value {transformation:[-0.8749528737393906f,-0.46865918360966297f,-0.12172114998432376f,-0.2551843427702822f,-0.46295588174245367f,0.8833447252551668f,-0.07330721604277003f,0.48465979462186026f,0.14187783581394725f,-0.007788837024757966f,-0.9898535314492507f,-0.6492347920378894f,0f,0f,0f,1f],start_interpolation:0}
execute if entity @s[tag=aj.wave_of_destruction.bone.right_arm] run data modify entity @s {} merge value {transformation:[-0.8657222146381203f,-0.49774199908944955f,-0.05270625602816683f,-0.3796198425426446f,-0.4791537388370732f,0.8545920644205803f,-0.2002101345782095f,0.6983078107270053f,0.1446953407699165f,-0.14807196146404347f,-0.9783342744622968f,-0.6862527824039002f,0f,0f,0f,1f],start_interpolation:0}
execute if entity @s[tag=aj.wave_of_destruction.locator_origin.fume_slash0] at @s on origin run tp @s ^-0.24321 ^0.04539 ^-3.00739 ~-14.39022 ~78.68916
execute if entity @s[tag=aj.wave_of_destruction.locator_origin.fume_slash1] at @s on origin run tp @s ^-0.24321 ^0.0454 ^-3.00738 ~-14.39022 ~78.68916
execute if entity @s[tag=aj.wave_of_destruction.bone.fume_slash] run data modify entity @s {} merge value {transformation:[0.000020365258198990284f,-0.0000010517375495711532f,-9.95180583139996e-7f,-0.2432137023321933f,7.754297083300272e-7f,-0.000003928559459268227f,0.000020020125052561772f,0.045387969624562596f,-0.0000012228021236798737f,-0.000020007512251141922f,-0.0000038787222463728675f,-3.007393278443991f,0f,0f,0f,1f],start_interpolation:0}
execute if entity @s[tag=aj.wave_of_destruction.locator_origin.fume_ultra_greatsword0] at @s on origin run tp @s ^-0.26796 ^-0.25255 ^-2.56492 ~-14.39022 ~78.68916
execute if entity @s[tag=aj.wave_of_destruction.locator_origin.fume_ultra_greatsword1] at @s on origin run tp @s ^-0.23898 ^-0.14431 ^-2.0137 ~-14.39022 ~78.68916
execute if entity @s[tag=aj.wave_of_destruction.locator_origin.fume_ultra_greatsword2] at @s on origin run tp @s ^-0.21001 ^-0.03607 ^-1.46247 ~-14.39022 ~78.68916
execute if entity @s[tag=aj.wave_of_destruction.locator_origin.fume_ultra_greatsword3] at @s on origin run tp @s ^-0.17442 ^0.16953 ^-0.73937 ~-14.39022 ~78.68916
execute if entity @s[tag=aj.wave_of_destruction.bone.fume_ultra_greatsword] run data modify entity @s {} merge value {transformation:[2.070772703074473f,-0.10694239116292478f,-0.10119158647830032f,-0.1668088563396875f,0.07884695875068423f,-0.3994623397930207f,2.035679001262934f,-0.03254466977353704f,-0.12433651634740005f,-2.0343965110222353f,-0.3943948106189424f,-1.7843228376167637f,0f,0f,0f,1f],start_interpolation:0}
execute if entity @s[tag=aj.wave_of_destruction.bone.left_arm2] run data modify entity @s {} merge value {transformation:[-0.8167153026701239f,0.5351182119714242f,-0.21592733407550246f,0.12302607764036803f,0.541185029597141f,0.8401676015090641f,0.03517335802064636f,0.43244460915213534f,0.20023705482350035f,-0.08813002094072592f,-0.9757757023438317f,-0.6000097439667125f,0f,0f,0f,1f],start_interpolation:0}
execute if entity @s[tag=aj.wave_of_destruction.bone.left_arm] run data modify entity @s {} merge value {transformation:[-0.8167153026701239f,0.4162533407735903f,-0.3996364231139012f,0.1250000000000001f,0.541185029597141f,0.7928602915009094f,-0.2801630273627035f,0.6983078107270053f,0.20023705482350035f,-0.44509068116050093f,-0.8728112094947521f,-0.6862527824039002f,0f,0f,0f,1f],start_interpolation:0}
execute if entity @s[tag=aj.wave_of_destruction.bone.head] run data modify entity @s {} merge value {transformation:[-1f,1.1197929089171496e-16f,4.9580603445372264e-17f,-0.1249999999999999f,0f,0.40485635107111867f,-0.9143803010768438f,0.7096886571126166f,-1.2246467991473532e-16f,-0.9143803010768438f,-0.40485635107111867f,-0.7620331054929858f,0f,0f,0f,1f],start_interpolation:0}
execute if entity @s[tag=aj.wave_of_destruction.bone.body_top] run data modify entity @s {} merge value {transformation:[-1f,1.2110653715026795e-16f,1.8188031396755085e-17f,-0.12499999999999994f,0f,0.14851654705191977f,-0.9889099227188365f,0.6512102667109232f,-1.2246467991473532e-16f,-0.9889099227188365f,-0.14851654705191977f,-0.37264982342244385f,0f,0f,0f,1f],start_interpolation:0}
execute if entity @s[tag=aj.wave_of_destruction.locator_origin.player_camera] at @s on origin run tp @s ^-0.125 ^0.73419 ^0.64139 ~0 ~-84.05854
execute if entity @s[tag=aj.wave_of_destruction.bone.body] run data modify entity @s {} merge value {transformation:[-1f,1.2180682020659013e-16f,1.2676607502719656e-17f,-0.125f,0f,0.10351235565671346f,-0.9946281678227288f,0.605923611111111f,-1.2246467991473532e-16f,-0.9946281678227288f,-0.10351235565671346f,0.062499999999999986f,0f,0f,0f,1f],start_interpolation:0}
execute if entity @s[tag=aj.wave_of_destruction.bone.right_leg2] run data modify entity @s {} merge value {transformation:[-0.9843875302501149f,0.1758388949546276f,0.007865958887157548f,-0.2938719576979826f,0.1757224947886592f,0.9791970658720487f,0.10146285533544036f,0.45400839573869123f,0.010138792498550235f,0.10126099549533502f,-0.9948082306042532f,-0.348597517597325f,0f,0f,0f,1f],start_interpolation:0}
execute if entity @s[tag=aj.wave_of_destruction.bone.right_leg] run data modify entity @s {} merge value {transformation:[-0.9843875302501149f,0.12207849098569064f,0.12679918109647106f,-0.25f,0.1757224947886592f,0.6401119036449943f,0.7479160084108585f,0.684048611111111f,0.010138792498550235f,0.75852066079352f,-0.6515701129088359f,-0.07600415512465376f,0f,0f,0f,1f],start_interpolation:0}
execute if entity @s[tag=aj.wave_of_destruction.bone.left_leg2] run data modify entity @s {} merge value {transformation:[-0.9960639305094321f,-0.05047129026059532f,0.07286491060539334f,0.023445495082083975f,-0.0884878124007186f,0.6140009086341021f,-0.7843295170099314f,0.40688290878142225f,-0.005152998606293349f,-0.7876899980677219f,-0.6160502524546481f,0.1515477572765527f,0f,0f,0f,1f],start_interpolation:0}
execute if entity @s[tag=aj.wave_of_destruction.bone.left_leg] run data modify entity @s {} merge value {transformation:[-0.9960639305094321f,-0.06523963848927711f,0.060003632455791045f,1.3877787807814457e-17f,-0.0884878124007186f,0.771243693439134f,-0.6303594786999703f,0.684048611111111f,-0.005152998606293349f,-0.6331879301598787f,-0.7739809375593252f,-0.07600415512465372f,0f,0f,0f,1f],start_interpolation:0}
execute if entity @s[tag=aj.wave_of_destruction.locator_origin.wave_of_destruction0] at @s on origin run tp @s ^-0.375 ^0.87499 ^-9.24998 ~0 ~90
execute if entity @s[tag=aj.wave_of_destruction.locator_origin.wave_of_destruction1] at @s on origin run tp @s ^-0.375 ^0.875 ^-9.24998 ~0 ~90
execute if entity @s[tag=aj.wave_of_destruction.locator_origin.wave_of_destruction2] at @s on origin run tp @s ^-0.375 ^0.87501 ^-9.24998 ~0 ~90
execute if entity @s[tag=aj.wave_of_destruction.locator_origin.wave_of_destruction3] at @s on origin run tp @s ^-0.375 ^0.87502 ^-9.24998 ~0 ~90
execute if entity @s[tag=aj.wave_of_destruction.locator_origin.wave_of_destruction4] at @s on origin run tp @s ^-0.375 ^0.87503 ^-9.24998 ~0 ~90
execute if entity @s[tag=aj.wave_of_destruction.locator_origin.wave_of_destruction5] at @s on origin run tp @s ^-0.37501 ^0.87503 ^-9.24998 ~0 ~90
execute if entity @s[tag=aj.wave_of_destruction.locator_origin.wave_of_destruction6] at @s on origin run tp @s ^-0.37499 ^0.87503 ^-9.24998 ~0 ~90
execute if entity @s[tag=aj.wave_of_destruction.locator_origin.wave_of_destruction7] at @s on origin run tp @s ^-0.375 ^0.87503 ^-9.24997 ~0 ~90
execute if entity @s[tag=aj.wave_of_destruction.locator_origin.wave_of_destruction8] at @s on origin run tp @s ^-0.375 ^0.87503 ^-9.24999 ~0 ~90
execute if entity @s[tag=aj.wave_of_destruction.locator_origin.wave_of_destruction12] at @s on origin run tp @s ^-0.37501 ^0.87502 ^-9.24998 ~0 ~90
execute if entity @s[tag=aj.wave_of_destruction.locator_origin.wave_of_destruction11] at @s on origin run tp @s ^-0.375 ^0.87502 ^-9.24997 ~0 ~90
execute if entity @s[tag=aj.wave_of_destruction.locator_origin.wave_of_destruction10] at @s on origin run tp @s ^-0.37499 ^0.87502 ^-9.24998 ~0 ~90
execute if entity @s[tag=aj.wave_of_destruction.locator_origin.wave_of_destruction9] at @s on origin run tp @s ^-0.375 ^0.87502 ^-9.24999 ~0 ~90
execute if entity @s[tag=aj.wave_of_destruction.locator_origin.wave_of_destruction13] at @s on origin run tp @s ^-0.37501 ^0.87501 ^-9.24998 ~0 ~90
execute if entity @s[tag=aj.wave_of_destruction.locator_origin.wave_of_destruction14] at @s on origin run tp @s ^-0.375 ^0.87501 ^-9.24997 ~0 ~90
execute if entity @s[tag=aj.wave_of_destruction.locator_origin.wave_of_destruction15] at @s on origin run tp @s ^-0.37499 ^0.87501 ^-9.24998 ~0 ~90
execute if entity @s[tag=aj.wave_of_destruction.locator_origin.wave_of_destruction16] at @s on origin run tp @s ^-0.375 ^0.87501 ^-9.24999 ~0 ~90
execute if entity @s[tag=aj.wave_of_destruction.locator_origin.wave_of_destruction17] at @s on origin run tp @s ^-0.37501 ^0.875 ^-9.24998 ~0 ~90
execute if entity @s[tag=aj.wave_of_destruction.locator_origin.wave_of_destruction18] at @s on origin run tp @s ^-0.375 ^0.875 ^-9.24997 ~0 ~90
execute if entity @s[tag=aj.wave_of_destruction.locator_origin.wave_of_destruction19] at @s on origin run tp @s ^-0.37499 ^0.875 ^-9.24998 ~0 ~90
execute if entity @s[tag=aj.wave_of_destruction.locator_origin.wave_of_destruction20] at @s on origin run tp @s ^-0.375 ^0.875 ^-9.24999 ~0 ~90
execute if entity @s[tag=aj.wave_of_destruction.locator_origin.wave_of_destruction24] at @s on origin run tp @s ^-0.37499 ^0.87499 ^-9.24998 ~0 ~90
execute if entity @s[tag=aj.wave_of_destruction.locator_origin.wave_of_destruction23] at @s on origin run tp @s ^-0.375 ^0.87499 ^-9.24997 ~0 ~90
execute if entity @s[tag=aj.wave_of_destruction.locator_origin.wave_of_destruction22] at @s on origin run tp @s ^-0.37501 ^0.87499 ^-9.24998 ~0 ~90
execute if entity @s[tag=aj.wave_of_destruction.locator_origin.wave_of_destruction21] at @s on origin run tp @s ^-0.375 ^0.87499 ^-9.24999 ~0 ~90
execute if entity @s[tag=aj.wave_of_destruction.bone.gravity_thunder] run data modify entity @s {} merge value {transformation:[-0.0000313700546875f,-3.3294938787174385e-21f,8.53034022577066e-37f,-0.37499624999999887f,0f,6.0368112129542224e-21f,0.0000313700546875f,0.8750153125f,-3.84172370621243e-21f,0.000027187380729166668f,-6.965551399562563e-21f,-9.2499903125f,0f,0f,0f,1f],start_interpolation:0}
execute if entity @s[tag=aj.wave_of_destruction.bone.wave_of_destruction] run data modify entity @s {} merge value {transformation:[-0.00003297589166666667f,-4.038382017861322e-21f,8.967009396923679e-37f,-0.3749999999999989f,0f,7.322118837175633e-21f,0.00003297589166666667f,0.875f,-4.038382017861322e-21f,0.00003297589166666667f,-7.322118837175633e-21f,-9.25f,0f,0f,0f,1f],start_interpolation:0}
execute if entity @s[tag=aj.wave_of_destruction.bone.obsidian_edges0] run data modify entity @s {} merge value {transformation:[-1.2668996496258977f,1.2668996496258975f,4.8720113465180265e-32f,-1.1249999999999987f,2.8130823218084305e-16f,2.81308232180843e-16f,1.7916666666666667f,0.5326262499999996f,1.2668996496258975f,1.2668996496258977f,-3.978299171573478e-16f,-9.715417500000001f,0f,0f,0f,1f],start_interpolation:0}
execute if entity @s[tag=aj.wave_of_destruction.bone.obsidian_edges1] run data modify entity @s {} merge value {transformation:[-1.2668996496258973f,-1.266899649625898f,4.8720113465180265e-32f,1.1011043750000014f,-2.8130823218084305e-16f,2.81308232180843e-16f,1.7916666666666667f,0.4990218749999993f,-1.266899649625898f,1.2668996496258973f,-3.978299171573478e-16f,-9.723691875f,0f,0f,0f,1f],start_interpolation:0}
execute if entity @s[tag=aj.wave_of_destruction.bone.obsidian_edges2] run data modify entity @s {} merge value {transformation:[1.2668996496258977f,-1.2668996496258977f,4.8720113465180265e-32f,1.101104375000001f,-2.813082321808431e-16f,-2.81308232180843e-16f,1.7916666666666667f,0.49902187499999984f,-1.2668996496258977f,-1.2668996496258977f,-3.978299171573478e-16f,-7.473691875f,0f,0f,0f,1f],start_interpolation:0}
execute if entity @s[tag=aj.wave_of_destruction.bone.obsidian_edges3] run data modify entity @s {} merge value {transformation:[1.2668996496258973f,1.2668996496258982f,4.8720113465180265e-32f,-1.1249999999999991f,2.813082321808431e-16f,-2.81308232180843e-16f,1.7916666666666667f,0.5326262500000002f,1.2668996496258982f,-1.2668996496258973f,-3.978299171573478e-16f,-7.402917500000001f,0f,0f,0f,1f],start_interpolation:0}
execute if entity @s[tag=aj.wave_of_destruction.locator_origin.wave_of_destruction25] at @s on origin run tp @s ^2 ^0.59513 ^-7.34042 ~0 ~90
execute if entity @s[tag=aj.wave_of_destruction.locator_origin.wave_of_destruction26] at @s on origin run tp @s ^0 ^0.59513 ^-5.34042 ~0 ~90
execute if entity @s[tag=aj.wave_of_destruction.locator_origin.wave_of_destruction27] at @s on origin run tp @s ^-2 ^0.59513 ^-7.34042 ~0 ~90
execute if entity @s[tag=aj.wave_of_destruction.locator_origin.wave_of_destruction28] at @s on origin run tp @s ^0 ^0.59513 ^-9.34042 ~0 ~90
execute if entity @s[tag=aj.wave_of_destruction.locator_origin.wave_of_destruction29] at @s on origin run tp @s ^1.625 ^0.78263 ^-9.02792 ~0 ~90
execute if entity @s[tag=aj.wave_of_destruction.locator_origin.wave_of_destruction30] at @s on origin run tp @s ^1.4375 ^0.65763 ^-5.90292 ~0 ~90
execute if entity @s[tag=aj.wave_of_destruction.locator_origin.wave_of_destruction31] at @s on origin run tp @s ^-1.5625 ^0.78263 ^-5.77792 ~0 ~90
execute if entity @s[tag=aj.wave_of_destruction.locator_origin.wave_of_destruction32] at @s on origin run tp @s ^-1.5 ^0.78263 ^-8.84042 ~0 ~90
execute if entity @s[tag=aj.wave_of_destruction.bone.obsidian] run data modify entity @s {} merge value {transformation:[-3.5201812500000007f,-4.3109787002310296e-16f,9.572295623330239e-32f,1.0521425152364825e-15f,0f,7.81637254920753e-16f,3.5201812500000007f,0.374021875f,-4.3109787002310296e-16f,3.5201812500000007f,-7.81637254920753e-16f,-8.591395625f,0f,0f,0f,1f],start_interpolation:0}