execute if entity @s[tag=aj.wave_of_destruction.bone.right_arm2] run data modify entity @s {} merge value {transformation:[-0.8725298317108076f,-0.47591136635750697f,-0.11045390054878301f,-0.2513215172430635f,-0.4744177815433534f,0.8793382556676741f,-0.04113393580506554f,0.49040724536067914f,0.11670244783290828f,0.01651070837556673f,-0.9930296748731855f,-0.6467895047657859f,0f,0f,0f,1f],start_interpolation:0}
execute if entity @s[tag=aj.wave_of_destruction.bone.right_arm] run data modify entity @s {} merge value {transformation:[-0.8631950086179574f,-0.5032428711064743f,-0.04050913202670375f,-0.37713223501968207f,-0.4906265296706327f,0.8550615431033847f,-0.16779560747829605f,0.7041726311365253f,0.11907974420696471f,-0.12496547597705213f,-0.9849891595004651f,-0.6780308737600489f,0f,0f,0f,1f],start_interpolation:0}
execute if entity @s[tag=aj.wave_of_destruction.locator_origin.fume_slash0] at @s on origin run tp @s ^-0.16472 ^0.35695 ^-3.04553 ~-13.16954 ~85.90793
execute if entity @s[tag=aj.wave_of_destruction.locator_origin.fume_slash1] at @s on origin run tp @s ^-0.16472 ^0.35695 ^-3.04552 ~-13.16954 ~85.90793
execute if entity @s[tag=aj.wave_of_destruction.bone.fume_slash] run data modify entity @s {} merge value {transformation:[0.000020409352317129014f,-4.3409061554803556e-7f,-3.319354012021092e-7f,-0.16472360796394703f,3.0088830113467927e-7f,-0.0000014255138886232533f,0.000020364617702313006f,0.3569420287725427f,-4.5616006326547547e-7f,-0.00002036221385971115f,-0.0000014186058317398538f,-3.045536787891727f,0f,0f,0f,1f],start_interpolation:0}
execute if entity @s[tag=aj.wave_of_destruction.locator_origin.fume_ultra_greatsword0] at @s on origin run tp @s ^-0.21313 ^0.00816 ^-2.64408 ~-13.16954 ~85.90793
execute if entity @s[tag=aj.wave_of_destruction.locator_origin.fume_ultra_greatsword1] at @s on origin run tp @s ^-0.20117 ^0.04743 ^-2.08308 ~-13.16954 ~85.90793
execute if entity @s[tag=aj.wave_of_destruction.locator_origin.fume_ultra_greatsword2] at @s on origin run tp @s ^-0.18921 ^0.08671 ^-1.52208 ~-13.16954 ~85.90793
execute if entity @s[tag=aj.wave_of_destruction.locator_origin.fume_ultra_greatsword3] at @s on origin run tp @s ^-0.17428 ^0.20142 ^-0.77843 ~-13.16954 ~85.90793
execute if entity @s[tag=aj.wave_of_destruction.bone.fume_ultra_greatsword] run data modify entity @s {} merge value {transformation:[2.075256264997216f,-0.04413904250829658f,-0.033751733529579366f,-0.13439483642897798f,0.030594813705580124f,-0.14494857956482649f,2.0707075763266185f,0.12815123909583903f,-0.046383099983957246f,-2.0704631496862214f,-0.1442461570624622f,-1.8394905863818973f,0f,0f,0f,1f],start_interpolation:0}
execute if entity @s[tag=aj.wave_of_destruction.bone.left_arm2] run data modify entity @s {} merge value {transformation:[-0.8295745800153722f,0.5295762013788499f,-0.1770736093421787f,0.12501717647640442f,0.5128977508182085f,0.8480314465533771f,0.13333627736745038f,0.43239178915907944f,0.22077570835112637f,0.019791730337050284f,-0.9751237736884091f,-0.6127608680989546f,0f,0f,0f,1f],start_interpolation:0}
execute if entity @s[tag=aj.wave_of_destruction.bone.left_arm] run data modify entity @s {} merge value {transformation:[-0.8295745800153722f,0.4147185841020689f,-0.37391778801321274f,0.1250000000000001f,0.5128977508182085f,0.830674492500679f,-0.21660051873059377f,0.7041726311365253f,0.22077570835112637f,-0.37146787681994053f,-0.9018146722541964f,-0.6780308737600489f,0f,0f,0f,1f],start_interpolation:0}
execute if entity @s[tag=aj.wave_of_destruction.bone.head] run data modify entity @s {} merge value {transformation:[-1f,1.1076178265004083e-16f,5.2243902331312227e-17f,-0.1249999999999999f,0f,0.42660383685881076f,-0.9044385918222094f,0.7198157521192214f,-1.2246467991473532e-16f,-0.9044385918222094f,-0.42660383685881076f,-0.7555867471765836f,0f,0f,0f,1f],start_interpolation:0}
execute if entity @s[tag=aj.wave_of_destruction.bone.body_top] run data modify entity @s {} merge value {transformation:[-1f,1.2004706169121975e-16f,2.421364916577131e-17f,-0.12499999999999994f,0f,0.19771945007025532f,-0.9802586490635601f,0.6419637186540584f,-1.2246467991473532e-16f,-0.9802586490635601f,-0.19771945007025532f,-0.3696099041078067f,0f,0f,0f,1f],start_interpolation:0}
execute if entity @s[tag=aj.wave_of_destruction.locator_origin.player_camera] at @s on origin run tp @s ^-0.125 ^0.67067 ^0.64741 ~0 ~-80.99687
execute if entity @s[tag=aj.wave_of_destruction.bone.body] run data modify entity @s {} merge value {transformation:[-1f,1.2095588821611319e-16f,1.9164314035981195e-17f,-0.125f,0f,0.15648849978070523f,-0.9876797808178439f,0.5734999999999999f,-1.2246467991473532e-16f,-0.9876797808178439f,-0.15648849978070523f,0.062499999999999986f,0f,0f,0f,1f],start_interpolation:0}
execute if entity @s[tag=aj.wave_of_destruction.bone.right_leg2] run data modify entity @s {} merge value {transformation:[-0.9846877456421236f,0.17418046599221276f,0.007156035841727804f,-0.2938492357809679f,0.17405380390239378f,0.9800147143525797f,0.09631424089685947f,0.41870620408511094f,0.009763038939773549f,0.09608498800107557f,-0.9953252524433877f,-0.3461457284820017f,0f,0f,0f,1f],start_interpolation:0}
execute if entity @s[tag=aj.wave_of_destruction.bone.right_leg] run data modify entity @s {} merge value {transformation:[-0.9846877456421236f,0.12201526478182374f,0.12450830792543091f,-0.25f,0.17405380390239378f,0.6481218668936041f,0.7413793354292095f,0.6516249999999999f,0.009763038939773549f,0.7516982910813159f,-0.6594348809822617f,-0.07600415512465379f,0f,0f,0f,1f],start_interpolation:0}
execute if entity @s[tag=aj.wave_of_destruction.bone.left_leg2] run data modify entity @s {} merge value {transformation:[-0.996213617512708f,-0.049856931251774435f,0.07122299269477426f,0.02306395928772813f,-0.08677257160973942f,0.6209021320785848f,-0.7790706406972993f,0.3728443952178507f,-0.005380436643681705f,-0.7823009835008669f,-0.6228773732566466f,0.14960572676058892f,0f,0f,0f,1f],start_interpolation:0}
execute if entity @s[tag=aj.wave_of_destruction.bone.left_leg] run data modify entity @s {} merge value {transformation:[-0.996213617512708f,-0.06417797367019998f,0.058648239341272196f,1.3877787807814457e-17f,-0.08677257160973942f,0.7757373350459804f,-0.6250616832217386f,0.6516249999999999f,-0.005380436643681705f,-0.6277840191589361f,-0.7783689846018891f,-0.07600415512465375f,0f,0f,0f,1f],start_interpolation:0}
execute if entity @s[tag=aj.wave_of_destruction.locator_origin.wave_of_destruction0] at @s on origin run tp @s ^0 ^0.3125 ^-4.5 ~0 ~90
execute if entity @s[tag=aj.wave_of_destruction.locator_origin.wave_of_destruction1] at @s on origin run tp @s ^0 ^1.25 ^-4.5 ~0 ~90
execute if entity @s[tag=aj.wave_of_destruction.locator_origin.wave_of_destruction2] at @s on origin run tp @s ^0 ^2.1875 ^-4.5 ~0 ~90
execute if entity @s[tag=aj.wave_of_destruction.locator_origin.wave_of_destruction3] at @s on origin run tp @s ^0 ^3.125 ^-4.5 ~0 ~90
execute if entity @s[tag=aj.wave_of_destruction.locator_origin.wave_of_destruction4] at @s on origin run tp @s ^0 ^4.0625 ^-4.5 ~0 ~90
execute if entity @s[tag=aj.wave_of_destruction.locator_origin.wave_of_destruction5] at @s on origin run tp @s ^-0.9375 ^4.0625 ^-4.5 ~0 ~90
execute if entity @s[tag=aj.wave_of_destruction.locator_origin.wave_of_destruction6] at @s on origin run tp @s ^0.9375 ^4.0625 ^-4.5 ~0 ~90
execute if entity @s[tag=aj.wave_of_destruction.locator_origin.wave_of_destruction7] at @s on origin run tp @s ^0 ^4.0625 ^-3.5625 ~0 ~90
execute if entity @s[tag=aj.wave_of_destruction.locator_origin.wave_of_destruction8] at @s on origin run tp @s ^0 ^4.0625 ^-5.4375 ~0 ~90
execute if entity @s[tag=aj.wave_of_destruction.locator_origin.wave_of_destruction12] at @s on origin run tp @s ^-0.9375 ^3.125 ^-4.5 ~0 ~90
execute if entity @s[tag=aj.wave_of_destruction.locator_origin.wave_of_destruction11] at @s on origin run tp @s ^0 ^3.125 ^-3.5625 ~0 ~90
execute if entity @s[tag=aj.wave_of_destruction.locator_origin.wave_of_destruction10] at @s on origin run tp @s ^0.9375 ^3.125 ^-4.5 ~0 ~90
execute if entity @s[tag=aj.wave_of_destruction.locator_origin.wave_of_destruction9] at @s on origin run tp @s ^0 ^3.125 ^-5.4375 ~0 ~90
execute if entity @s[tag=aj.wave_of_destruction.locator_origin.wave_of_destruction13] at @s on origin run tp @s ^-0.9375 ^2.1875 ^-4.5 ~0 ~90
execute if entity @s[tag=aj.wave_of_destruction.locator_origin.wave_of_destruction14] at @s on origin run tp @s ^0 ^2.1875 ^-3.5625 ~0 ~90
execute if entity @s[tag=aj.wave_of_destruction.locator_origin.wave_of_destruction15] at @s on origin run tp @s ^0.9375 ^2.1875 ^-4.5 ~0 ~90
execute if entity @s[tag=aj.wave_of_destruction.locator_origin.wave_of_destruction16] at @s on origin run tp @s ^0 ^2.1875 ^-5.4375 ~0 ~90
execute if entity @s[tag=aj.wave_of_destruction.locator_origin.wave_of_destruction17] at @s on origin run tp @s ^-0.9375 ^1.25 ^-4.5 ~0 ~90
execute if entity @s[tag=aj.wave_of_destruction.locator_origin.wave_of_destruction18] at @s on origin run tp @s ^0 ^1.25 ^-3.5625 ~0 ~90
execute if entity @s[tag=aj.wave_of_destruction.locator_origin.wave_of_destruction19] at @s on origin run tp @s ^0.9375 ^1.25 ^-4.5 ~0 ~90
execute if entity @s[tag=aj.wave_of_destruction.locator_origin.wave_of_destruction20] at @s on origin run tp @s ^0 ^1.25 ^-5.4375 ~0 ~90
execute if entity @s[tag=aj.wave_of_destruction.locator_origin.wave_of_destruction24] at @s on origin run tp @s ^0.9375 ^0.3125 ^-4.5 ~0 ~90
execute if entity @s[tag=aj.wave_of_destruction.locator_origin.wave_of_destruction23] at @s on origin run tp @s ^0 ^0.3125 ^-3.5625 ~0 ~90
execute if entity @s[tag=aj.wave_of_destruction.locator_origin.wave_of_destruction22] at @s on origin run tp @s ^-0.9375 ^0.3125 ^-4.5 ~0 ~90
execute if entity @s[tag=aj.wave_of_destruction.locator_origin.wave_of_destruction21] at @s on origin run tp @s ^0 ^0.3125 ^-5.4375 ~0 ~90
execute if entity @s[tag=aj.wave_of_destruction.bone.gravity_thunder] run data modify entity @s {} merge value {transformation:[-3.346139166666666f,-4.0978386199599245e-16f,9.09902957415537e-32f,7.216449660063518e-16f,0f,7.429921492866734e-16f,3.346139166666666f,2.40625f,-4.0978386199599245e-16f,3.346139166666666f,-7.429921492866734e-16f,-5.78125f,0f,0f,0f,1f],start_interpolation:0}
execute if entity @s[tag=aj.wave_of_destruction.locator_origin.wave_of_destruction25] at @s on origin run tp @s ^2 ^0.59513 ^-4.52792 ~0 ~90
execute if entity @s[tag=aj.wave_of_destruction.locator_origin.wave_of_destruction26] at @s on origin run tp @s ^0 ^0.59513 ^-2.52792 ~0 ~90
execute if entity @s[tag=aj.wave_of_destruction.locator_origin.wave_of_destruction27] at @s on origin run tp @s ^-2 ^0.59513 ^-4.52792 ~0 ~90
execute if entity @s[tag=aj.wave_of_destruction.locator_origin.wave_of_destruction28] at @s on origin run tp @s ^0 ^0.59513 ^-6.52792 ~0 ~90
execute if entity @s[tag=aj.wave_of_destruction.locator_origin.wave_of_destruction29] at @s on origin run tp @s ^1.625 ^0.78263 ^-6.21542 ~0 ~90
execute if entity @s[tag=aj.wave_of_destruction.locator_origin.wave_of_destruction30] at @s on origin run tp @s ^1.4375 ^0.65763 ^-3.09042 ~0 ~90
execute if entity @s[tag=aj.wave_of_destruction.locator_origin.wave_of_destruction31] at @s on origin run tp @s ^-1.5625 ^0.78263 ^-2.96542 ~0 ~90
execute if entity @s[tag=aj.wave_of_destruction.locator_origin.wave_of_destruction32] at @s on origin run tp @s ^-1.5 ^0.78263 ^-6.02792 ~0 ~90