execute if entity @s[tag=aj.destined_death.bone.right_arm2] run data modify entity @s {} merge value {transformation:[0.7954387923415241f,0.46597282726840444f,-0.041592976002530105f,0.03576899429720089f,0.4121574318406154f,-0.8799117860559118f,-0.12662768832076882f,2.168466099953103f,-0.08604289056515185f,0.09286857922562192f,-0.9910779247353825f,4.3130977351687605f,0f,0f,0f,1f],start_interpolation:0}
execute if entity @s[tag=aj.destined_death.bone.right_arm] run data modify entity @s {} merge value {transformation:[0.7954387923415241f,0.46597282726840444f,-0.041592976002530105f,0.152262201114302f,0.4121574318406154f,-0.8799117860559118f,-0.12662768832076882f,1.9484881534391252f,-0.08604289056515185f,0.09286857922562192f,-0.9910779247353825f,4.336314879975166f,0f,0f,0f,1f],start_interpolation:0}
execute if entity @s[tag=aj.destined_death.locator_origin.black_blade0] at @s on origin run tp @s ^-0.0967 ^2.15295 ^1.67138 ~-0.18268 ~-7.20608
execute if entity @s[tag=aj.destined_death.locator_origin.black_blade1] at @s on origin run tp @s ^-0.08532 ^2.26631 ^2.60071 ~-0.18268 ~-7.20608
execute if entity @s[tag=aj.destined_death.locator_origin.black_blade2] at @s on origin run tp @s ^-0.07395 ^2.37967 ^3.53004 ~-0.18268 ~-7.20608
execute if entity @s[tag=aj.destined_death.locator_origin.black_blade3] at @s on origin run tp @s ^-0.06636 ^2.45524 ^4.14959 ~-0.18268 ~-7.20608
execute if entity @s[tag=aj.destined_death.locator_origin.black_blade4] at @s on origin run tp @s ^-0.05878 ^2.53081 ^4.76914 ~-0.18268 ~-7.20608
execute if entity @s[tag=aj.destined_death.bone.destined_death] run data modify entity @s {} merge value {transformation:[0.000016362239808860897f,2.425166152974794e-7f,-2.173836594833179e-7f,-0.11605925016372218f,0.000001449118985404756f,-0.000017514028538113376f,-0.000002166382158472386f,2.115015303148127f,-9.701707091535688e-9f,0.000002287174691814632f,-0.000017760488085744042f,1.3238328519878269f,0f,0f,0f,1f],start_interpolation:0}
execute if entity @s[tag=aj.destined_death.bone.black_blade] run data modify entity @s {} merge value {transformation:[1.5981722604003665f,0.023687669401149147f,-0.021232822554184533f,-0.0834517012412245f,0.1415418543883715f,-1.7106725548854926f,-0.21160011780427956f,2.439972626918985f,-0.0009476085996383693f,0.22339845827026633f,-1.734745347909883f,3.987906064849433f,0f,0f,0f,1f],start_interpolation:0}
execute if entity @s[tag=aj.destined_death.bone.left_arm2] run data modify entity @s {} merge value {transformation:[0.8403775173334197f,-0.33311677951984514f,-0.13091571803132995f,-0.2430788054568189f,-0.3150243402147496f,-0.9262719713107721f,-0.13964706640134988f,2.2194341887936617f,-0.06727030126869031f,0.17621988073535677f,-0.9815089258982006f,4.333352100980285f,0f,0f,0f,1f],start_interpolation:0}
execute if entity @s[tag=aj.destined_death.bone.left_arm] run data modify entity @s {} merge value {transformation:[0.8403775173334197f,-0.33311677951984514f,-0.13091571803132995f,-0.22131081067010272f,-0.3150243402147496f,-0.9262719713107721f,-0.13964706640134988f,1.9484881534391252f,-0.06727030126869031f,0.17621988073535677f,-0.9815089258982006f,4.368998283505538f,0f,0f,0f,1f],start_interpolation:0}
execute if entity @s[tag=aj.destined_death.bone.head] run data modify entity @s {} merge value {transformation:[0.996194698091746f,-0.08682408883346572f,0.007596123493896004f,-0.040325051421416076f,0f,0.08715574274765775f,0.9961946980917457f,1.9950912388926478f,-0.08715574274765872f,-0.9924038765061044f,0.08682408883346515f,4.286353744209901f,0f,0f,0f,1f],start_interpolation:0}
execute if entity @s[tag=aj.destined_death.bone.body_top] run data modify entity @s {} merge value {transformation:[0.996194698091746f,-0.07139380484327013f,0.0499904803327306f,-0.01221374076437846f,0f,0.5735764363510457f,0.8191520442889921f,1.7692455170794235f,-0.08715574274765872f,-0.8160349234517087f,0.5713938048432697f,4.607667495319011f,0f,0f,0f,1f],start_interpolation:0}
execute if entity @s[tag=aj.destined_death.bone.body] run data modify entity @s {} merge value {transformation:[0.996194698091746f,-0.07139380484327013f,0.0499904803327306f,0.01902104885455222f,0f,0.5735764363510457f,0.8191520442889921f,1.5183058261758409f,-0.08715574274765872f,-0.8160349234517087f,0.5713938048432697f,4.964682774329133f,0f,0f,0f,1f],start_interpolation:0}
execute if entity @s[tag=aj.destined_death.locator_origin.player_camera] at @s on origin run tp @s ^0.02672 ^0.63442 ^5.05273 ~175 ~45
execute if entity @s[tag=aj.destined_death.bone.right_leg2] run data modify entity @s {} merge value {transformation:[0.917097519526866f,-0.24489566055195397f,0.31457631048839757f,0.2689970163373815f,-0.09380230060032611f,0.6343690619292828f,0.7673180707301556f,1.4986604805314363f,-0.3874703447746119f,-0.7332134809929398f,0.5588065167931204f,5.225210773203998f,0f,0f,0f,1f],start_interpolation:0}
execute if entity @s[tag=aj.destined_death.bone.right_leg] run data modify entity @s {} merge value {transformation:[0.917097519526866f,-0.3624802790325307f,0.16595236361730215f,0.1387306660600658f,-0.09380230060032611f,0.20838417509454904f,0.9735384758561165f,1.57354854345604f,-0.3874703447746119f,-0.9083964348689748f,0.15710712599236382f,4.898755804422961f,0f,0f,0f,1f],start_interpolation:0}
execute if entity @s[tag=aj.destined_death.bone.left_leg2] run data modify entity @s {} merge value {transformation:[0.9595872621096267f,0.2760677054171896f,-0.05457937726503644f,-0.2114286053250955f,-0.20776503320771317f,0.8258215690259268f,0.52426369997145f,1.3139942450766193f,0.18980510365411438f,-0.4917370823491396f,0.8498050743962449f,5.147609937839363f,0f,0f,0f,1f],start_interpolation:0}
execute if entity @s[tag=aj.destined_death.bone.left_leg] run data modify entity @s {} merge value {transformation:[0.9595872621096267f,0.2813512260514081f,-0.0058115399268002105f,-0.11031800846287071f,-0.20776503320771317f,0.7222380476644745f,0.6597013668941474f,1.57354854345604f,0.18980510365411438f,-0.6318335936820534f,0.7515053775733569f,4.920544740109875f,0f,0f,0f,1f],start_interpolation:0}
execute if entity @s[tag=aj.destined_death.locator_origin.destined_death0] at @s on origin run tp @s ^0.01647 ^1.21292 ^1.65014 ~0 ~0
execute if entity @s[tag=aj.destined_death.locator_origin.destined_death1] at @s on origin run tp @s ^0.01647 ^1.21293 ^1.65014 ~0 ~0
execute if entity @s[tag=aj.destined_death.locator_origin.destined_death2] at @s on origin run tp @s ^0.01647 ^1.21291 ^1.65014 ~0 ~0