execute if entity @s[tag=aj.destined_death.bone.right_arm2] run data modify entity @s {} merge value {transformation:[0.10828724271570542f,0.8860613893103391f,0.447681264354134f,-0.10779968556549663f,0.8652894796916356f,0.008345721608652892f,-0.2749134520799393f,2.151751407944307f,-0.22259377664258548f,0.4634927866798608f,-0.8508842926107965f,5.124110546347301f,0f,0f,0f,1f],start_interpolation:0}
execute if entity @s[tag=aj.destined_death.bone.right_arm] run data modify entity @s {} merge value {transformation:[0.10828724271570542f,0.6934050088293682f,-0.7104314138681004f,0.06555156664184542f,0.8652894796916356f,-0.2596800123485784f,-0.09062752556657586f,2.0868314048571626f,-0.22259377664258548f,-0.6721278040052997f,-0.6979067687012728f,4.956078595345976f,0f,0f,0f,1f],start_interpolation:0}
execute if entity @s[tag=aj.destined_death.locator_origin.black_blade0] at @s on origin run tp @s ^-1.90724 ^2.80188 ^6.43462 ~-133.3366 ~15.08403
execute if entity @s[tag=aj.destined_death.locator_origin.black_blade1] at @s on origin run tp @s ^-1.24883 ^2.55687 ^5.81387 ~-133.3366 ~15.08403
execute if entity @s[tag=aj.destined_death.locator_origin.black_blade2] at @s on origin run tp @s ^-0.59042 ^2.31187 ^5.19311 ~-133.3366 ~15.08403
execute if entity @s[tag=aj.destined_death.locator_origin.black_blade3] at @s on origin run tp @s ^-0.15148 ^2.14853 ^4.77927 ~-133.3366 ~15.08403
execute if entity @s[tag=aj.destined_death.locator_origin.black_blade4] at @s on origin run tp @s ^0.28746 ^1.98519 ^4.36543 ~-133.3366 ~15.08403
execute if entity @s[tag=aj.destined_death.bone.destined_death] run data modify entity @s {} merge value {transformation:[0.0000020005492096946914f,-0.000012581545988121204f,-0.000012582967063083993f,-2.150700290459936f,0.000015480937388617033f,-0.0000018555417055487264f,0.000004682389680076442f,2.87969093443861f,-0.000004059999569765119f,-0.000012615502291544133f,0.000011863356693818469f,6.674118550261879f,0f,0f,0f,1f],start_interpolation:0}
execute if entity @s[tag=aj.destined_death.bone.black_blade] run data modify entity @s {} merge value {transformation:[0.19540248094692333f,-1.2288951895374198f,-1.2290339922082039f,-0.26325523099733744f,1.512091558888175f,-0.18123895728615463f,0.45734968968188505f,2.177332482427144f,-0.3965580975119418f,-1.2322118517322176f,1.1587464677683155f,4.8946150461891085f,0f,0f,0f,1f],start_interpolation:0}
execute if entity @s[tag=aj.destined_death.bone.left_arm2] run data modify entity @s {} merge value {transformation:[0.07088870204728881f,0.37172627565558913f,-0.9249949272278006f,-0.14820622018258217f,0.8622313954615343f,-0.28476217149064587f,-0.032858286958198216f,2.028371672989469f,-0.2480560674575528f,-0.8835893173161138f,-0.3785560956859746f,4.560022549046315f,0f,0f,0f,1f],start_interpolation:0}
execute if entity @s[tag=aj.destined_death.bone.left_arm] run data modify entity @s {} merge value {transformation:[0.07088870204728881f,0.7568403583803796f,-0.6488364287989679f,0.049864957168423804f,0.8622313954615343f,-0.23741486255533065f,-0.16063419427920314f,2.076796881783328f,-0.2480560674575528f,-0.6089555443252747f,-0.7437794997791168f,4.376776654532803f,0f,0f,0f,1f],start_interpolation:0}
execute if entity @s[tag=aj.destined_death.bone.head] run data modify entity @s {} merge value {transformation:[-0.8055449195089991f,0.19910262205880086f,-0.5580820087966918f,0.054742649381418595f,0.30343002281688464f,0.9476015618822272f,-0.09990746304310019f,2.1579142568485388f,0.5089475453389918f,-0.2498187859382754f,-0.8237493370472238f,4.613942718886886f,0f,0f,0f,1f],start_interpolation:0}
execute if entity @s[tag=aj.destined_death.bone.body_top] run data modify entity @s {} merge value {transformation:[-0.004887523701240945f,0.3253105673762678f,-0.9455945996384502f,-0.07334838652298686f,0.255879639315745f,0.9145314792679562f,0.31330142612444034f,1.797817486886781f,0.9666962926874778f,-0.240427136948587f,-0.08771014492629298f,4.708610904060392f,0f,0f,0f,1f],start_interpolation:0}
execute if entity @s[tag=aj.destined_death.bone.body] run data modify entity @s {} merge value {transformation:[-0.08728292486763756f,0.3253105673762678f,-0.9415703509456324f,-0.21567175975010403f,0.2822119585337494f,0.9145314792679562f,0.2898078395911835f,1.3977099647070501f,0.9553732786126559f,-0.240427136948587f,-0.17162951474501636f,4.813797776475399f,0f,0f,0f,1f],start_interpolation:0}
execute if entity @s[tag=aj.destined_death.locator_origin.player_camera] at @s on origin run tp @s ^0.21428 ^0.85971 ^5.37483 ~-60.1158 ~-8.78469
execute if entity @s[tag=aj.destined_death.bone.right_leg2] run data modify entity @s {} merge value {transformation:[-0.22948499367233813f,0.31851035074127243f,-0.9197215851277377f,-0.5276541688974807f,0.550104344458535f,0.8219839254090637f,0.14740297343321285f,1.2799582352335725f,0.8029457315952631f,-0.4721160692454541f,-0.36384690361904826f,4.967393090204329f,0f,0f,0f,1f],start_interpolation:0}
execute if entity @s[tag=aj.destined_death.bone.right_leg] run data modify entity @s {} merge value {transformation:[-0.22948499367233813f,0.7072022980819638f,-0.6687312967603626f,-0.2735033430242749f,0.550104344458535f,0.6610455279666924f,0.5102979719370662f,1.5175214718466026f,0.8029457315952631f,-0.25076626476228064f,-0.5407350853885118f,4.877273963805385f,0f,0f,0f,1f],start_interpolation:0}
execute if entity @s[tag=aj.destined_death.bone.left_leg2] run data modify entity @s {} merge value {transformation:[-0.5441195163491978f,-0.1350839559645633f,-0.8280617590306167f,-0.1498806816999785f,0.052249667452071345f,0.9795823113097772f,-0.1941351787290045f,1.060891272099369f,0.8373791997530526f,-0.14889869109551804f,-0.5259517616768465f,4.705638454124263f,0f,0f,0f,1f],start_interpolation:0}
execute if entity @s[tag=aj.destined_death.bone.left_leg] run data modify entity @s {} merge value {transformation:[-0.5441195163491978f,0.010759688309877738f,-0.8389387230515645f,-0.1460139187136162f,0.052249667452071345f,0.9984114748988225f,-0.02108314591103186f,1.4196953958911334f,0.8373791997530526f,-0.055306020448339946f,-0.5438173589755155f,4.685762853025641f,0f,0f,0f,1f],start_interpolation:0}
execute if entity @s[tag=aj.destined_death.locator_origin.destined_death0] at @s on origin run tp @s ^0.01647 ^1.21292 ^1.65014 ~0 ~0
execute if entity @s[tag=aj.destined_death.locator_origin.destined_death1] at @s on origin run tp @s ^0.01647 ^1.21293 ^1.65014 ~0 ~0
execute if entity @s[tag=aj.destined_death.locator_origin.destined_death2] at @s on origin run tp @s ^0.01647 ^1.21291 ^1.65014 ~0 ~0