execute if entity @s[tag=aj.destined_death.bone.right_arm2] run data modify entity @s {} merge value {transformation:[0.781897386466829f,0.4947001389243087f,0.022405158148432393f,0.024118477176925043f,0.4368670759592018f,-0.8417549331226866f,-0.2362791567203542f,2.0762252633507456f,-0.08822491133007662f,0.21614903449215572f,-0.9714268726918474f,4.107603451464707f,0f,0f,0f,1f],start_interpolation:0}
execute if entity @s[tag=aj.destined_death.bone.right_arm] run data modify entity @s {} merge value {transformation:[0.781897386466829f,0.4947001389243087f,0.022405158148432393f,0.14779351190800222f,0.4368670759592018f,-0.8417549331226866f,-0.2362791567203542f,1.8657865300700738f,-0.08822491133007662f,0.21614903449215572f,-0.9714268726918474f,4.161640710087745f,0f,0f,0f,1f],start_interpolation:0}
execute if entity @s[tag=aj.destined_death.locator_origin.black_blade0] at @s on origin run tp @s ^-0.04966 ^1.67616 ^1.45879 ~1.38578 ~-15.26557
execute if entity @s[tag=aj.destined_death.locator_origin.black_blade1] at @s on origin run tp @s ^-0.06188 ^1.91751 ^2.36234 ~1.38578 ~-15.26557
execute if entity @s[tag=aj.destined_death.locator_origin.black_blade2] at @s on origin run tp @s ^-0.07411 ^2.15886 ^3.2659 ~1.38578 ~-15.26557
execute if entity @s[tag=aj.destined_death.locator_origin.black_blade3] at @s on origin run tp @s ^-0.08226 ^2.31976 ^3.86826 ~1.38578 ~-15.26557
execute if entity @s[tag=aj.destined_death.locator_origin.black_blade4] at @s on origin run tp @s ^-0.09041 ^2.48066 ^4.47063 ~1.38578 ~-15.26557
execute if entity @s[tag=aj.destined_death.bone.destined_death] run data modify entity @s {} merge value {transformation:[0.00001628503094920558f,0.0000010540175001136415f,2.3367846416824065e-7f,-0.060404507985663436f,0.000002296214512513295f,-0.000016977894075413968f,-0.000004612478102362338f,1.5895043336864194f,1.1044782890166522e-7f,0.000004761460090663484f,-0.00001726793499151039f,1.1199402148742768f,0f,0f,0f,1f],start_interpolation:0}
execute if entity @s[tag=aj.destined_death.bone.black_blade] run data modify entity @s {} merge value {transformation:[1.5906309299224053f,0.10295054652272775f,0.022824408128060712f,-0.09545627761089953f,0.22428141750129854f,-1.6583059329474106f,-0.4505211169749259f,2.28137604904077f,0.010787927474116138f,0.46507284606480537f,-1.686635510798689f,3.710130463600835f,0f,0f,0f,1f],start_interpolation:0}
execute if entity @s[tag=aj.destined_death.bone.left_arm2] run data modify entity @s {} merge value {transformation:[0.851844794738918f,-0.2886895477971887f,-0.14424646740335748f,-0.26034896585183165f,-0.28719167312278737f,-0.9039404356479851f,-0.2847203757498169f,2.1155643649339924f,-0.04337497625527227f,0.31551550483801316f,-0.9476957656730016f,4.115135165159656f,0f,0f,0f,1f],start_interpolation:0}
execute if entity @s[tag=aj.destined_death.bone.left_arm] run data modify entity @s {} merge value {transformation:[0.851844794738918f,-0.2886895477971887f,-0.14424646740335748f,-0.22604075345876407f,-0.28719167312278737f,-0.9039404356479851f,-0.2847203757498169f,1.8536802968816475f,-0.04337497625527227f,0.31551550483801316f,-0.9476957656730016f,4.188592169337251f,0f,0f,0f,1f],start_interpolation:0}
execute if entity @s[tag=aj.destined_death.bone.head] run data modify entity @s {} merge value {transformation:[0.9924427443011157f,-0.12138103113257552f,0.018001237881436566f,-0.04545088175655215f,-0.019311030291003436f,-0.00962295702672289f,0.999767214308992f,1.9037950069807248f,-0.12117955022680715f,-0.9925593402811015f,-0.01189422664884665f,4.107145090996379f,0f,0f,0f,1f],start_interpolation:0}
execute if entity @s[tag=aj.destined_death.bone.body_top] run data modify entity @s {} merge value {transformation:[0.9968913743113768f,-0.07787398130672261f,0.011967909550783563f,-0.014788001617030117f,0.03228328850247021f,0.5422965354444809f,0.8395667078489828f,1.6902657461494603f,-0.07187055799868114f,-0.8365704457368509f,0.5431247667089079f,4.436544704005264f,0f,0f,0f,1f],start_interpolation:0}
execute if entity @s[tag=aj.destined_death.bone.body] run data modify entity @s {} merge value {transformation:[0.9968913743113768f,-0.07727782964933112f,0.015353334109061707f,0.019021048854552247f,0.03228328850247021f,0.5784017747545162f,0.815112983729429f,1.4372149696943595f,-0.07187055799868114f,-0.8120834464545594f,0.5790985226085832f,4.791831211829134f,0f,0f,0f,1f],start_interpolation:0}
execute if entity @s[tag=aj.destined_death.locator_origin.player_camera] at @s on origin run tp @s ^0.02672 ^0.55333 ^4.87988 ~175 ~45
execute if entity @s[tag=aj.destined_death.bone.right_leg2] run data modify entity @s {} merge value {transformation:[0.9156355135931199f,-0.2560910084308927f,0.3098854653705348f,0.27119491339557755f,-0.09062042520700082f,0.6195180383315692f,0.7797341461787516f,1.4185945409142258f,-0.3916625394167367f,-0.742034228039821f,0.5440456411322315f,5.05170763272316f,0f,0f,0f,1f],start_interpolation:0}
execute if entity @s[tag=aj.destined_death.bone.right_leg] run data modify entity @s {} merge value {transformation:[0.9150407369948155f,-0.36859616649881516f,0.1638209866969545f,0.13873066606006582f,-0.09164678188622359f,0.20553223251570824f,0.9743497158448848f,1.4924576869745585f,-0.3928120632183856f,-0.9065833483135939f,0.15428971304214867f,4.7259042419229615f,0f,0f,0f,1f],start_interpolation:0}
execute if entity @s[tag=aj.destined_death.bone.left_leg2] run data modify entity @s {} merge value {transformation:[0.9577495951290591f,0.2746667421191999f,-0.08528712566237212f,-0.21284909432093674f,-0.21216995173371114f,0.874967075385586f,0.4352200921057173f,1.2099532928712011f,0.1941639117123441f,-0.39873650167098973f,0.8962753916200884f,4.944744019704146f,0f,0f,0f,1f],start_interpolation:0}
execute if entity @s[tag=aj.destined_death.bone.left_leg] run data modify entity @s {} merge value {transformation:[0.9577495951290591f,0.2853038910833143f,-0.03629604334971876f,-0.11031800846287068f,-0.21216995173371114f,0.7860991835919509f,0.5805445591316684f,1.4924576869745585f,0.1941639117123441f,-0.5483153866970987f,0.8134190876170617f,4.747693177609876f,0f,0f,0f,1f],start_interpolation:0}
execute if entity @s[tag=aj.destined_death.locator_origin.destined_death0] at @s on origin run tp @s ^0.01647 ^1.21292 ^1.65014 ~0 ~0
execute if entity @s[tag=aj.destined_death.locator_origin.destined_death1] at @s on origin run tp @s ^0.01647 ^1.21293 ^1.65014 ~0 ~0
execute if entity @s[tag=aj.destined_death.locator_origin.destined_death2] at @s on origin run tp @s ^0.01647 ^1.21291 ^1.65014 ~0 ~0