execute if entity @s[tag=aj.destined_death.bone.right_arm2] run data modify entity @s {} merge value {transformation:[0.6595421119854512f,-0.6790537006178337f,-0.04306068896025653f,0.580241882664942f,0.30067194377438694f,0.3039579014823387f,0.8921884271096234f,1.1958942126164305f,-0.5334796947820061f,-0.6682033117275593f,0.44960603598920224f,2.9426621537658857f,0f,0f,0f,1f],start_interpolation:0}
execute if entity @s[tag=aj.destined_death.bone.right_arm] run data modify entity @s {} merge value {transformation:[0.6595421119854512f,-0.622211202170123f,0.2753568069805372f,0.4246890821224113f,0.30067194377438694f,0.6815807204071678f,0.6510286605911733f,1.3662893927182225f,-0.5334796947820061f,-0.3850986126477945f,0.7073473771339974f,2.846387500603937f,0f,0f,0f,1f],start_interpolation:0}
execute if entity @s[tag=aj.destined_death.locator_origin.black_blade0] at @s on origin run tp @s ^2.756 ^1.49417 ^5.08128 ~133.29301 ~3.78622
execute if entity @s[tag=aj.destined_death.locator_origin.black_blade1] at @s on origin run tp @s ^2.06639 ^1.42415 ^4.45514 ~133.29301 ~3.78622
execute if entity @s[tag=aj.destined_death.locator_origin.black_blade2] at @s on origin run tp @s ^1.37678 ^1.35414 ^3.829 ~133.29301 ~3.78622
execute if entity @s[tag=aj.destined_death.locator_origin.black_blade3] at @s on origin run tp @s ^0.91704 ^1.30746 ^3.41158 ~133.29301 ~3.78622
execute if entity @s[tag=aj.destined_death.locator_origin.black_blade4] at @s on origin run tp @s ^0.45729 ^1.26078 ^2.99415 ~133.29301 ~3.78622
execute if entity @s[tag=aj.destined_death.bone.destined_death] run data modify entity @s {} merge value {transformation:[0.000009575731212040184f,-0.0000068012002955831814f,0.000013179274569636943f,3.0067697492468133f,0.000007857827116657572f,0.00001550867612261826f,0.0000013380771425368468f,1.508028221868409f,-0.0000104499819621521f,0.00000582562986254222f,0.000011966213402139882f,5.3226586854767675f,0f,0f,0f,1f],start_interpolation:0}
execute if entity @s[tag=aj.destined_death.bone.black_blade] run data modify entity @s {} merge value {transformation:[0.9353039788504365f,-0.6643032846848689f,1.2872779812203525f,1.0298785638012717f,0.7675086951153907f,1.5148009236045739f,0.1306959069454594f,1.307316650487882f,-1.0206959125822979f,0.5690150098297052f,1.1687929369531975f,3.527726675155785f,0f,0f,0f,1f],start_interpolation:0}
execute if entity @s[tag=aj.destined_death.bone.left_arm2] run data modify entity @s {} merge value {transformation:[0.3526219479937348f,-0.9185104897438646f,0.053193459866688886f,0.5994716148630784f,0.47448132063505616f,0.27151540883932185f,0.8051943837132284f,1.3002743777285235f,-0.6786200985540559f,-0.2874332322354211f,0.5906204028511757f,3.3540992635969262f,0f,0f,0f,1f],start_interpolation:0}
execute if entity @s[tag=aj.destined_death.bone.left_arm] run data modify entity @s {} merge value {transformation:[0.3526219479937348f,-0.8997284457856507f,0.1923012942916416f,0.4186172469158826f,0.47448132063505616f,0.39084427578726255f,0.7545192939115871f,1.457295611754721f,-0.6786200985540559f,-0.19424076793625836f,0.6274717900662301f,3.220711559293605f,0f,0f,0f,1f],start_interpolation:0}
execute if entity @s[tag=aj.destined_death.bone.head] run data modify entity @s {} merge value {transformation:[-0.002897669813313112f,0.5874944087052572f,0.8092230367764583f,0.47059383541931143f,-0.007761922757661233f,0.8091888428950637f,-0.5874973779424484f,1.5175113561681004f,-0.9999656774433595f,-0.007983500122643341f,0.0022153241376011725f,3.0013360288160973f,0f,0f,0f,1f],start_interpolation:0}
execute if entity @s[tag=aj.destined_death.bone.body_top] run data modify entity @s {} merge value {transformation:[-0.002897669813313112f,0.6475132772318906f,0.7620486594162278f,0.21563548250925452f,-0.007761922757661233f,0.7620143386660653f,-0.6475136293719409f,1.2174682103183372f,-0.9999656774433595f,-0.007791243529507927f,0.0028178820959695043f,3.004403830955841f,0f,0f,0f,1f],start_interpolation:0}
execute if entity @s[tag=aj.destined_death.bone.body] run data modify entity @s {} merge value {transformation:[-0.002897669813313112f,0.6475132772318906f,0.7620486594162278f,-0.0676515762796976f,-0.007761922757661233f,0.7620143386660653f,-0.6475136293719409f,0.8840869371519338f,-0.9999656774433595f,-0.007791243529507927f,0.0028178820959695043f,3.007812500000001f,0f,0f,0f,1f],start_interpolation:0}
execute if entity @s[tag=aj.destined_death.locator_origin.player_camera] at @s on origin run tp @s ^-0.92276 ^0.64356 ^3.00781 ~90 ~-35
execute if entity @s[tag=aj.destined_death.bone.right_leg2] run data modify entity @s {} merge value {transformation:[-0.09665063774828322f,0.5989715784081413f,0.7949161606623114f,0.12140780936851828f,0.09805489201807552f,0.800500097477667f,-0.5912569932690597f,0.6222065344842105f,-0.9904765985999736f,0.020800052824579085f,-0.13610093838148601f,2.836475684159089f,0f,0f,0f,1f],start_interpolation:0}
execute if entity @s[tag=aj.destined_death.bone.right_leg] run data modify entity @s {} merge value {transformation:[-0.09665063774828322f,-0.4013877608578522f,0.9107944442388576f,-0.022840917189772353f,0.09805489201807552f,0.9067872170512716f,0.41002704928301165f,0.9480831906120112f,-0.9904765985999736f,0.12893722668775418f,-0.04828352928170255f,2.882812500000001f,0f,0f,0f,1f],start_interpolation:0}
execute if entity @s[tag=aj.destined_death.bone.left_leg2] run data modify entity @s {} merge value {transformation:[-0.13985571885662448f,0.9189439230623706f,0.36875797505930147f,-0.24334315197392348f,-0.24484836645981883f,0.32875689292794297f,-0.9121228989529445f,0.6824818450754964f,-0.9594215212017368f,-0.2178553915309529f,0.17902338684049096f,3.2327378738015926f,0f,0f,0f,1f],start_interpolation:0}
execute if entity @s[tag=aj.destined_death.bone.left_leg] run data modify entity @s {} merge value {transformation:[-0.13985571885662448f,0.6135714359211173f,0.7771553711612594f,-0.02284091718977195f,-0.24484836645981883f,0.7390646136668237f,-0.6275609725496535f,0.9480831906120112f,-0.9594215212017368f,-0.27805321405660266f,0.04686955096582376f,3.132812500000001f,0f,0f,0f,1f],start_interpolation:0}
execute if entity @s[tag=aj.destined_death.locator_origin.destined_death0] at @s on origin run tp @s ^0.01647 ^1.21292 ^1.65014 ~0 ~0
execute if entity @s[tag=aj.destined_death.locator_origin.destined_death1] at @s on origin run tp @s ^0.01647 ^1.21293 ^1.65014 ~0 ~0
execute if entity @s[tag=aj.destined_death.locator_origin.destined_death2] at @s on origin run tp @s ^0.01647 ^1.21291 ^1.65014 ~0 ~0