execute if entity @s[tag=aj.destined_death.bone.right_arm2] run data modify entity @s {} merge value {transformation:[-0.09888489345366032f,0.7933426504143435f,0.5987783895832317f,-0.5810054049922057f,0.7889395366629605f,0.361305063125609f,-0.3178553034638383f,2.040483040407055f,-0.4216588494703893f,0.4899653971387621f,-0.7351411063381119f,4.233908652860384f,0f,0f,0f,1f],start_interpolation:0}
execute if entity @s[tag=aj.destined_death.bone.right_arm] run data modify entity @s {} merge value {transformation:[-0.09888489345366032f,0.8096278358609379f,-0.5765681990861773f,-0.3785984460269712f,0.7889395366629605f,-0.194497462926556f,-0.4401636962488183f,1.991858674675416f,-0.4216588494703893f,-0.553781097830422f,-0.688349498661182f,4.095463378402778f,0f,0f,0f,1f],start_interpolation:0}
execute if entity @s[tag=aj.destined_death.locator_origin.black_blade0] at @s on origin run tp @s ^-2.79558 ^1.53597 ^3.58799 ~-83.27512 ~-9.80118
execute if entity @s[tag=aj.destined_death.locator_origin.black_blade1] at @s on origin run tp @s ^-1.87787 ^1.69657 ^3.69234 ~-83.27512 ~-9.80118
execute if entity @s[tag=aj.destined_death.locator_origin.black_blade2] at @s on origin run tp @s ^-0.96016 ^1.85716 ^3.79668 ~-83.27512 ~-9.80118
execute if entity @s[tag=aj.destined_death.locator_origin.black_blade3] at @s on origin run tp @s ^-0.34835 ^1.96423 ^3.86624 ~-83.27512 ~-9.80118
execute if entity @s[tag=aj.destined_death.locator_origin.black_blade4] at @s on origin run tp @s ^0.26346 ^2.07129 ^3.9358 ~-83.27512 ~-9.80118
execute if entity @s[tag=aj.destined_death.bone.destined_death] run data modify entity @s {} merge value {transformation:[-0.15709621415399955f,0.32067978497376465f,-1.7538494534911548f,-3.137661056700164f,1.4163088450243655f,-0.8165088827402707f,-0.30691692737578613f,1.4656741767263666f,-0.7555409954304695f,-1.5618482785844987f,-0.1994109999325218f,3.5610785129816813f,0f,0f,0f,1f],start_interpolation:0}
execute if entity @s[tag=aj.destined_death.bone.black_blade] run data modify entity @s {} merge value {transformation:[-0.15344281382483677f,0.3132221155557701f,-1.7130622568983371f,-0.5068868764634322f,1.3833714300237987f,-0.7975203040718922f,-0.29977932441355853f,1.9260495677900458f,-0.7379702746065051f,-1.5255262255941613f,-0.19477353481781198f,3.860195012880464f,0f,0f,0f,1f],start_interpolation:0}
execute if entity @s[tag=aj.destined_death.bone.left_arm2] run data modify entity @s {} merge value {transformation:[-0.09338673450304752f,0.9714075675586632f,-0.21354289865245568f,-0.13801725405695647f,0.7672462940879831f,-0.02373201565416408f,-0.5221949464141408f,1.8685681085301282f,-0.4610987334911183f,-0.23622897604390322f,-0.8256584453480991f,3.770703000448708f,0f,0f,0f,1f],start_interpolation:0}
execute if entity @s[tag=aj.destined_death.bone.left_arm] run data modify entity @s {} merge value {transformation:[-0.09338673450304752f,0.9602521731748004f,0.259131232753223f,0.09037244742386269f,0.7672462940879831f,0.2200722373666737f,-0.47415079981784625f,2.0194919546327945f,-0.4610987334911183f,0.17170898128373796f,-0.8414463876230569f,3.7559929040832527f,0f,0f,0f,1f],start_interpolation:0}
execute if entity @s[tag=aj.destined_death.bone.head] run data modify entity @s {} merge value {transformation:[-0.9969001602356139f,-0.06803564899672712f,-0.03951228907316329f,-0.1314735130583145f,-0.04577027958943079f,0.9099868005248155f,-0.4121032690684642f,2.070539752748539f,0.06399337487984524f,-0.4090173264498752f,-0.910279997932111f,3.8610169709692497f,0f,0f,0f,1f],start_interpolation:0}
execute if entity @s[tag=aj.destined_death.bone.body_top] run data modify entity @s {} merge value {transformation:[-0.8867997655625451f,-0.007787684882182259f,-0.46208822508520025f,-0.12840711213595524f,0.13268041210839862f,0.9534770713944133f,-0.2706979544951875f,1.6951081558869892f,0.442698637947939f,-0.3013649387193357f,-0.8445099701422896f,3.979679415589988f,0f,0f,0f,1f],start_interpolation:0}
execute if entity @s[tag=aj.destined_death.bone.body] run data modify entity @s {} merge value {transformation:[-0.9236988671946581f,-0.007787684882182259f,-0.3830401476444488f,-0.1250000000000005f,0.10858264179871471f,0.9534770713944133f,-0.2812317269177592f,1.2779619371519333f,0.3674101422706202f,-0.3013649387193357f,-0.8798800833450965f,4.111526576279697f,0f,0f,0f,1f],start_interpolation:0}
execute if entity @s[tag=aj.destined_death.locator_origin.player_camera] at @s on origin run tp @s ^-0.125 ^1.03743 ^4.96663 ~0 ~-35
execute if entity @s[tag=aj.destined_death.bone.right_leg2] run data modify entity @s {} merge value {transformation:[-0.9473779522772772f,0.2513158924881188f,-0.19828095652839026f,-0.36503166137419896f,0.2851271650836579f,0.9440455233012325f,-0.16577258418163948f,1.0365334192947802f,0.1455249644228426f,-0.21358457837073003f,-0.9660249026872588f,3.9162705232014243f,0f,0f,0f,1f],start_interpolation:0}
execute if entity @s[tag=aj.destined_death.bone.right_leg] run data modify entity @s {} merge value {transformation:[-0.9473779522772772f,0.32008810121516085f,-0.004315437334270395f,-0.2500000000000005f,0.2851271650836579f,0.8498776245349031f,0.4431822684249301f,1.3419581906120108f,0.1455249644228426f,0.41863066153279216f,-0.8964211364946428f,4.0667159171897715f,0f,0f,0f,1f],start_interpolation:0}
execute if entity @s[tag=aj.destined_death.bone.left_leg2] run data modify entity @s {} merge value {transformation:[-0.9393931380837132f,-0.29839102848289856f,0.16882928135294462f,0.12320411854519722f,-0.3046512233111117f,0.5006527098004291f,-0.8102681632055715f,1.0405460488063867f,0.15725191336284877f,-0.8125943996179184f,-0.5612149120019156f,4.218774644563926f,0f,0f,0f,1f],start_interpolation:0}
execute if entity @s[tag=aj.destined_death.bone.left_leg] run data modify entity @s {} merge value {transformation:[-0.9393931380837132f,-0.34282885160402843f,-0.0029850676871287733f,-4.996003610813204e-16f,-0.3046512233111117f,0.8387120467634757f,-0.45138645831356594f,1.3419581906120108f,0.15725191336284877f,-0.4231199370411235f,-0.8923235705852663f,4.0667159171897715f,0f,0f,0f,1f],start_interpolation:0}
execute if entity @s[tag=aj.destined_death.locator_origin.destined_death0] at @s on origin run tp @s ^0.01647 ^1.21292 ^1.65014 ~0 ~0
execute if entity @s[tag=aj.destined_death.locator_origin.destined_death1] at @s on origin run tp @s ^0.01647 ^1.21293 ^1.65014 ~0 ~0
execute if entity @s[tag=aj.destined_death.locator_origin.destined_death2] at @s on origin run tp @s ^0.01647 ^1.21291 ^1.65014 ~0 ~0