execute if entity @s[tag=aj.destined_death.bone.right_arm2] run data modify entity @s {} merge value {transformation:[-0.003717839215622659f,0.38448695511600883f,0.9231211820463318f,-0.45120882384945904f,0.7784017672906348f,0.46473581867368235f,-0.18969562995869577f,2.396190156789173f,-0.45174867609145664f,0.7976154463068792f,-0.33445904268229537f,6.169400762998319f,0f,0f,0f,1f],start_interpolation:0}
execute if entity @s[tag=aj.destined_death.bone.right_arm] run data modify entity @s {} merge value {transformation:[-0.003717839215622659f,0.9887685606582022f,-0.14939768689944244f,-0.20401668368490847f,0.7784017672906348f,-0.07145766063501029f,-0.4968476787912931f,2.3783257416304204f,-0.45174867609145664f,-0.13126513699562276f,-0.854881696627551f,6.1365844787494135f,0f,0f,0f,1f],start_interpolation:0}
execute if entity @s[tag=aj.destined_death.locator_origin.black_blade0] at @s on origin run tp @s ^-2.74237 ^2.58127 ^6.2728 ~-99.19415 ~6.27702
execute if entity @s[tag=aj.destined_death.locator_origin.black_blade1] at @s on origin run tp @s ^-1.82217 ^2.48034 ^6.12504 ~-99.19415 ~6.27702
execute if entity @s[tag=aj.destined_death.locator_origin.black_blade2] at @s on origin run tp @s ^-0.90198 ^2.37941 ^5.97728 ~-99.19415 ~6.27702
execute if entity @s[tag=aj.destined_death.locator_origin.black_blade3] at @s on origin run tp @s ^-0.28851 ^2.31213 ^5.87877 ~-99.19415 ~6.27702
execute if entity @s[tag=aj.destined_death.locator_origin.black_blade4] at @s on origin run tp @s ^0.32495 ^2.24484 ^5.78026 ~-99.19415 ~6.27702
execute if entity @s[tag=aj.destined_death.bone.destined_death] run data modify entity @s {} merge value {transformation:[0.027591209974330396f,-0.34117513405721195f,-1.758594659529368f,-3.084914961414637f,1.3816918608646322f,-0.913040549721298f,0.19288532861286253f,2.609204801249617f,-0.8315733678026568f,-1.5030968561064415f,0.2823890874522477f,6.340476873292261f,0f,0f,0f,1f],start_interpolation:0}
execute if entity @s[tag=aj.destined_death.bone.black_blade] run data modify entity @s {} merge value {transformation:[0.026949553928415734f,-0.33324082861402093f,-1.7176971093077549f,-0.4470229721205851f,1.349559492007315f,-0.8918070485649887f,0.18839962329628435f,2.319876808330323f,-0.8122344522723625f,-1.4681411152667567f,0.2758218993719629f,5.91689324211389f,0f,0f,0f,1f],start_interpolation:0}
execute if entity @s[tag=aj.destined_death.bone.left_arm2] run data modify entity @s {} merge value {transformation:[-0.01831290339615743f,0.8587068818551309f,-0.5120629486325836f,-0.13719223586246643f,0.7558194790805592f,-0.26323744669866744f,-0.4748083600850632f,2.1672578565007155f,-0.4882638145629828f,-0.4396914119131782f,-0.7157852735499919f,5.740408804926881f,0f,0f,0f,1f],start_interpolation:0}
execute if entity @s[tag=aj.destined_death.bone.left_arm] run data modify entity @s {} merge value {transformation:[-0.01831290339615743f,0.9981266631503303f,-0.057698670834298194f,0.11005031700059649f,0.7558194790805592f,-0.01425236509821412f,-0.5427096850436779f,2.2581722001112317f,-0.4882638145629828f,-0.059498188186648704f,-0.8379361915705437f,5.664501281059846f,0f,0f,0f,1f],start_interpolation:0}
execute if entity @s[tag=aj.destined_death.bone.head] run data modify entity @s {} merge value {transformation:[-0.98938156050148f,0.07592376028739728f,0.12393429857581023f,-0.038786988816610524f,0.00531171572336421f,0.8710303550243397f,-0.49120047465596617f,2.375666106961794f,-0.14524432317901576f,-0.4853263883717785f,-0.862184657329435f,5.828495795450013f,0f,0f,0f,1f],start_interpolation:0}
execute if entity @s[tag=aj.destined_death.bone.body_top] run data modify entity @s {} merge value {transformation:[-0.6077845982235608f,0.16580499939643562f,-0.7765993718368389f,-0.10407270732895706f,0.4018989906533767f,0.90768848998495f,-0.12074272839652961f,2.0182637640302197f,0.6848905631369304f,-0.38550007435017347f,-0.6183159461003646f,5.980286449725393f,0f,0f,0f,1f],start_interpolation:0}
execute if entity @s[tag=aj.destined_death.bone.body] run data modify entity @s {} merge value {transformation:[-0.6761697198877223f,0.16580499939643562f,-0.7178462315023372f,-0.17661239456489763f,0.3891922377837542f,0.90768848998495f,-0.1569426876210382f,1.6211500496618039f,0.625558879687462f,-0.38550007435017347f,-0.6782814907692661f,6.148942732253595f,0f,0f,0f,1f],start_interpolation:0}
execute if entity @s[tag=aj.destined_death.locator_origin.player_camera] at @s on origin run tp @s ^-0.03818 ^1.42529 ^7.00424 ~-24.3926 ~-35.89551
execute if entity @s[tag=aj.destined_death.bone.right_leg2] run data modify entity @s {} merge value {transformation:[-0.7846934416315084f,0.3094186554683496f,-0.5371371317537609f,-0.4746531458117058f,0.5341045474782287f,0.7772845360598857f,-0.3325072666352493f,1.4111241553054255f,0.31462443488002473f,-0.5478036561125956f,-0.7751919886880267f,6.17581097983497f,0f,0f,0f,1f],start_interpolation:0}
execute if entity @s[tag=aj.destined_death.bone.right_leg] run data modify entity @s {} merge value {transformation:[-0.7846934416315084f,0.5182470829095313f,-0.34011198702230383f,-0.28840810039109305f,0.5341045474782287f,0.8437318949982349f,0.053374354569999616f,1.7143403050704162f,0.31462443488002473f,-0.13977285293807545f,-0.9388690081997466f,6.125580110810349f,0f,0f,0f,1f],start_interpolation:0}
execute if entity @s[tag=aj.destined_death.bone.left_leg2] run data modify entity @s {} merge value {transformation:[-0.9225990027870579f,-0.25265690122566736f,-0.2915056951748452f,0.020684421228275872f,-0.035271285525655414f,0.8077495910695258f,-0.5884696547353835f,1.328898415184002f,0.38414452550269945f,-0.5326397360224424f,-0.7541405009255562f,6.221182506013684f,0f,0f,0f,1f],start_interpolation:0}
execute if entity @s[tag=aj.destined_death.bone.left_leg] run data modify entity @s {} merge value {transformation:[-0.9225990027870579f,-0.2064532661783037f,-0.3258652005671009f,-0.053509721304552026f,-0.035271285525655414f,0.886342473536243f,-0.461684909893124f,1.6474277416110894f,0.38414452550269945f,-0.4144563529371517f,-0.8250205543114311f,6.072237254176895f,0f,0f,0f,1f],start_interpolation:0}
execute if entity @s[tag=aj.destined_death.locator_origin.destined_death0] at @s on origin run tp @s ^0.01647 ^1.21292 ^1.65014 ~0 ~0
execute if entity @s[tag=aj.destined_death.locator_origin.destined_death1] at @s on origin run tp @s ^0.01647 ^1.21293 ^1.65014 ~0 ~0
execute if entity @s[tag=aj.destined_death.locator_origin.destined_death2] at @s on origin run tp @s ^0.01647 ^1.21291 ^1.65014 ~0 ~0