execute if entity @s[tag=aj.destined_death.bone.right_arm2] run data modify entity @s {} merge value {transformation:[0.7715310488823451f,0.5148736604977147f,-0.004003505919155787f,0.08489662627482703f,-0.4216632819138312f,0.7767977844905389f,-0.42080770411761015f,0.7636759390101355f,-0.19219759961083038f,0.3626159342007379f,0.9071410298821352f,1.7603333198049602f,0f,0f,0f,1f],start_interpolation:0}
execute if entity @s[tag=aj.destined_death.bone.right_arm] run data modify entity @s {} merge value {transformation:[0.7715310488823451f,0.5148736604977147f,-0.004003505919155787f,0.2136150413992557f,-0.4216632819138312f,0.7767977844905389f,-0.42080770411761015f,0.9578753851327703f,-0.19219759961083038f,0.3626159342007379f,0.9071410298821352f,1.8509873033551447f,0f,0f,0f,1f],start_interpolation:0}
execute if entity @s[tag=aj.destined_death.locator_origin.black_blade0] at @s on origin run tp @s ^0.36169 ^-1.23342 ^3.63968 ~170.5618 ~-40.07317
execute if entity @s[tag=aj.destined_death.locator_origin.black_blade1] at @s on origin run tp @s ^0.25019 ^-0.63476 ^2.92728 ~170.5618 ~-40.07317
execute if entity @s[tag=aj.destined_death.locator_origin.black_blade2] at @s on origin run tp @s ^0.13868 ^-0.0361 ^2.21489 ~170.5618 ~-40.07317
execute if entity @s[tag=aj.destined_death.locator_origin.black_blade3] at @s on origin run tp @s ^0.06435 ^0.36301 ^1.73996 ~170.5618 ~-40.07317
execute if entity @s[tag=aj.destined_death.locator_origin.black_blade4] at @s on origin run tp @s ^-0.00999 ^0.76211 ^1.26503 ~170.5618 ~-40.07317
execute if entity @s[tag=aj.destined_death.bone.destined_death] run data modify entity @s {} merge value {transformation:[1.869760089262262f,0.2530790985712375f,0.22730566084164786f,0.38795739333929996f,-0.13113750261479903f,1.8080936487114165f,-1.2203816228311477f,-1.460214437938067f,-0.37447178135709597f,1.4926227340406855f,1.4522301036780196f,3.904845665457482f,0f,0f,0f,1f],start_interpolation:0}
execute if entity @s[tag=aj.destined_death.bone.black_blade] run data modify entity @s {} merge value {transformation:[1.5653805398474752f,0.18539515360451123f,0.208143265014881f,0.06830880778073273f,-0.109789537072855f,1.324533719404875f,-1.1175006139296848f,0.2559472191682346f,-0.31351125881059194f,1.0934329330763162f,1.3298037286586517f,1.8626470821602668f,0f,0f,0f,1f],start_interpolation:0}
execute if entity @s[tag=aj.destined_death.bone.left_arm2] run data modify entity @s {} merge value {transformation:[0.8624944861640333f,-0.26928845467422535f,0.09535561227480757f,-0.20044766748709664f,0.2564627258590863f,0.8775160665003094f,-0.38569956996926535f,0.7064385277753071f,0.0181695234270772f,0.3967987918492106f,0.9176835777833343f,1.7821998184948296f,0f,0f,0f,1f],start_interpolation:0}
execute if entity @s[tag=aj.destined_death.bone.left_arm] run data modify entity @s {} merge value {transformation:[0.8624944861640333f,-0.26928845467422535f,0.09535561227480757f,-0.1599579703851488f,0.2564627258590863f,0.8775160665003094f,-0.38569956996926535f,0.9578753851327703f,0.0181695234270772f,0.3967987918492106f,0.9176835777833343f,1.8836707068855167f,0f,0f,0f,1f],start_interpolation:0}
execute if entity @s[tag=aj.destined_death.bone.head] run data modify entity @s {} merge value {transformation:[0.9961946980917453f,0.08444238872927744f,-0.021577916479346797f,0.03200381218288111f,0f,-0.24757882612303755f,-0.9688677540591073f,0.90241710542006f,-0.08715574274765872f,0.9651809197457399f,-0.24663671394354802f,1.9264826882063013f,0f,0f,0f,1f],start_interpolation:0}
execute if entity @s[tag=aj.destined_death.bone.body_top] run data modify entity @s {} merge value {transformation:[0.9961946980917453f,0.06369571293326336f,-0.05948932381376826f,0.006923625215408662f,0f,-0.6825634426179715f,-0.7308263451747639f,1.1711764609508863f,-0.08715574274765872f,0.7280453302888676f,-0.6799660826472725f,1.6398148394050596f,0f,0f,0f,1f],start_interpolation:0}
execute if entity @s[tag=aj.destined_death.bone.body] run data modify entity @s {} merge value {transformation:[0.9961946980917453f,0.05798513538217367f,-0.0650680226271481f,-0.01844487151429232f,0f,-0.7465718330866502f,-0.6653048158864017f,1.4978016379262957f,-0.08715574274765872f,0.6627731302009382f,-0.7437309018655565f,1.3498515949421492f,0f,0f,0f,1f],start_interpolation:0}
execute if entity @s[tag=aj.destined_death.locator_origin.player_camera] at @s on origin run tp @s ^-0.01169 ^2.38271 ^1.42703 ~-5 ~-34.28571
execute if entity @s[tag=aj.destined_death.bone.right_leg2] run data modify entity @s {} merge value {transformation:[0.9763240653268332f,-0.12641176147156685f,0.17553172370070513f,0.18029331908760407f,0.06591519021954505f,-0.599017831610895f,-0.798018060641802f,1.4510435406956517f,0.2060255012419729f,0.7906944441273364f,-0.5765030692582273f,1.030832059718394f,0f,0f,0f,1f],start_interpolation:0}
execute if entity @s[tag=aj.destined_death.bone.right_leg] run data modify entity @s {} merge value {transformation:[0.9784084819678925f,-0.19583494449832428f,0.06607205859228277f,0.10991513590851879f,0.057426466418972644f,-0.049507636905162855f,-0.9971214544089888f,1.4332517336828587f,0.19854229616863606f,0.9793863733998982f,-0.03719258300630357f,1.3827990376589823f,0f,0f,0f,1f],start_interpolation:0}
execute if entity @s[tag=aj.destined_death.bone.left_leg2] run data modify entity @s {} merge value {transformation:[0.9320940674158021f,0.2579798746358512f,-0.2542578096561371f,-0.24630347107126407f,0.21896597836647816f,-0.9604837657192424f,-0.17182792586711293f,1.7624587308272626f,-0.2885386452561892f,0.10448598026842448f,-0.9517500355245958f,1.3082150039335179f,0f,0f,0f,1f],start_interpolation:0}
execute if entity @s[tag=aj.destined_death.bone.left_leg] run data modify entity @s {} merge value {transformation:[0.9320940674158021f,0.2982119859668772f,-0.2055973271080074f,-0.13913353861441757f,0.21896597836647816f,-0.9160542529235587f,-0.3360037291737571f,1.4332517336828587f,-0.2885386452561892f,0.26816826271270733f,-0.9191470138489116f,1.404587973345897f,0f,0f,0f,1f],start_interpolation:0}
execute if entity @s[tag=aj.destined_death.locator_origin.destined_death0] at @s on origin run tp @s ^0.01647 ^1.21292 ^1.65014 ~0 ~0
execute if entity @s[tag=aj.destined_death.locator_origin.destined_death1] at @s on origin run tp @s ^0.01647 ^1.21293 ^1.65014 ~0 ~0
execute if entity @s[tag=aj.destined_death.locator_origin.destined_death2] at @s on origin run tp @s ^0.01647 ^1.21291 ^1.65014 ~0 ~0