execute if entity @s[tag=aj.destined_death.bone.right_arm2] run data modify entity @s {} merge value {transformation:[0.7901826698899078f,0.31502131181191423f,-0.36043222067939096f,0.14574475382746077f,-0.1827577495022341f,0.9269406531915354f,0.3155090646898124f,1.1239083978245974f,0.3901422217634687f,-0.20382001512400616f,0.8778055846226331f,-3.5340473619892627f,0f,0f,0f,1f],start_interpolation:0}
execute if entity @s[tag=aj.destined_death.bone.right_arm] run data modify entity @s {} merge value {transformation:[0.7901826698899078f,0.31502131181191423f,-0.36043222067939096f,0.22450008178043934f,-0.1827577495022341f,0.9269406531915354f,0.3155090646898124f,1.3556435611224813f,0.3901422217634687f,-0.20382001512400616f,0.8778055846226331f,-3.585002365770264f,0f,0f,0f,1f],start_interpolation:0}
execute if entity @s[tag=aj.destined_death.locator_origin.black_blade0] at @s on origin run tp @s ^-0.02526 ^-0.35071 ^-1.07602 ~-174.88846 ~-26.26548
execute if entity @s[tag=aj.destined_death.locator_origin.black_blade1] at @s on origin run tp @s ^0.01198 ^0.05766 ^-1.90172 ~-174.88846 ~-26.26548
execute if entity @s[tag=aj.destined_death.locator_origin.black_blade2] at @s on origin run tp @s ^0.04921 ^0.46604 ^-2.72741 ~-174.88846 ~-26.26548
execute if entity @s[tag=aj.destined_death.locator_origin.black_blade3] at @s on origin run tp @s ^0.07403 ^0.73828 ^-3.27787 ~-174.88846 ~-26.26548
execute if entity @s[tag=aj.destined_death.locator_origin.black_blade4] at @s on origin run tp @s ^0.09885 ^1.01053 ^-3.82833 ~-174.88846 ~-26.26548
execute if entity @s[tag=aj.destined_death.bone.destined_death] run data modify entity @s {} merge value {transformation:[2.041440003813028f,-0.01047975787215556f,-0.07826842819224177f,-0.05413838788186323f,-0.10612860534973842f,2.408056348471697f,-0.858489175984929f,-0.5075496559442118f,0.2225272490802495f,1.1931658274995998f,1.7357906590616126f,-0.7721074709542837f,0f,0f,0f,1f],start_interpolation:0}
execute if entity @s[tag=aj.destined_death.bone.black_blade] run data modify entity @s {} merge value {transformation:[1.5951717239097136f,-0.006824028381868727f,-0.06949839289797363f,0.05259128692573914f,-0.08292839859886528f,1.5680366920280795f,-0.7622948285701269f,0.6631174022170544f,0.17388175742084597f,0.7769451899997383f,1.5412940313020653f,-3.1390947333110266f,0f,0f,0f,1f],start_interpolation:0}
execute if entity @s[tag=aj.destined_death.bone.left_arm2] run data modify entity @s {} merge value {transformation:[0.8450993167275455f,-0.23759707278050288f,0.24865248192490555f,-0.19531107639978273f,0.14826011380683196f,0.9453860849876965f,0.28126151094449103f,1.1007645256497032f,-0.27170955728612356f,-0.2231429616137875f,0.9268570039082655f,-3.46256952717568f,0f,0f,0f,1f],start_interpolation:0}
execute if entity @s[tag=aj.destined_death.bone.left_arm] run data modify entity @s {} merge value {transformation:[0.8450993167275455f,-0.23759707278050288f,0.24865248192490555f,-0.14907293000396526f,0.14826011380683196f,0.9453860849876965f,0.28126151094449103f,1.3556435611224813f,-0.27170955728612356f,-0.2231429616137875f,0.9268570039082655f,-3.5523189622398923f,0f,0f,0f,1f],start_interpolation:0}
execute if entity @s[tag=aj.destined_death.bone.head] run data modify entity @s {} merge value {transformation:[0.9961946980917455f,0.016958481806099195f,0.08548996074819702f,0.04197329687175107f,3.469446951953614e-18f,0.980887295008378f,-0.19457675732509044f,1.4205497607973732f,-0.08715574274765871f,0.1938363340191392f,0.9771547227129003f,-3.519971830368343f,0f,0f,0f,1f],start_interpolation:0}
execute if entity @s[tag=aj.destined_death.bone.body_top] run data modify entity @s {} merge value {transformation:[0.9961946980917455f,0.05242733518171117f,0.06962397589652988f,0.021330033643952296f,3.469446951953614e-18f,0.7988455344602086f,-0.6015362101095689f,1.106004331603666f,-0.08715574274765871f,0.5992471832213548f,0.7958056860235267f,-3.7559254087617515f,0f,0f,0f,1f],start_interpolation:0}
execute if entity @s[tag=aj.destined_death.bone.body] run data modify entity @s {} merge value {transformation:[0.9961946980917455f,0.054231912861378385f,0.06822772985591655f,-0.0023964282329007464f,3.469446951953614e-18f,0.7828254077698094f,-0.6222414169356066f,0.7635182157043745f,-0.08715574274765871f,0.6198736004843467f,0.779846520751793f,-4.027120108973653f,0f,0f,0f,1f],start_interpolation:0}
execute if entity @s[tag=aj.destined_death.locator_origin.player_camera] at @s on origin run tp @s ^-0.07847 ^0.59843 ^-4.89662 ~175 ~-40
execute if entity @s[tag=aj.destined_death.bone.right_leg2] run data modify entity @s {} merge value {transformation:[0.9457644105153373f,-0.11518641379385901f,0.303746226116287f,0.22777770902432276f,0.16336971177670068f,0.976830821773514f,-0.13824573377605182f,0.5538485575478449f,-0.2807846453718122f,0.18037082832484597f,0.9426697975499347f,-3.7729185628779387f,0f,0f,0f,1f],start_interpolation:0}
execute if entity @s[tag=aj.destined_death.bone.right_leg] run data modify entity @s {} merge value {transformation:[0.9557017329622611f,-0.2818032192161837f,0.0849773102205911f,0.12650467711850674f,0.1641606025577134f,0.7499600146788168f,0.6407895699454208f,0.8233654378230446f,-0.24430614847117432f,-0.598453776011435f,0.76299907195018f,-3.9879878886320483f,0f,0f,0f,1f],start_interpolation:0}
execute if entity @s[tag=aj.destined_death.bone.left_leg2] run data modify entity @s {} merge value {transformation:[0.9675992387594265f,0.24878720916680686f,-0.04308871902447188f,-0.2132825372389593f,-0.18304054696998362f,0.5736116090755433f,-0.7984146041366574f,0.5705306062616832f,-0.1739191516685486f,0.7804323458755139f,0.6005643031300936f,-4.204927786484435f,0f,0f,0f,1f],start_interpolation:0}
execute if entity @s[tag=aj.destined_death.bone.left_leg] run data modify entity @s {} merge value {transformation:[0.9675992387594265f,0.2524898499743432f,0.0007673409359928995f,-0.12254399740442969f,-0.18304054696998362f,0.703540400866397f,-0.6866782816673894f,0.8233654378230446f,-0.1739191516685486f,0.6642889281093606f,0.7269610365585005f,-3.966198952945134f,0f,0f,0f,1f],start_interpolation:0}
execute if entity @s[tag=aj.destined_death.locator_origin.destined_death0] at @s on origin run tp @s ^-0.00823 ^1.42591 ^1.82858 ~0 ~2.85714
execute if entity @s[tag=aj.destined_death.locator_origin.destined_death1] at @s on origin run tp @s ^-0.00823 ^2.25609 ^1.49454 ~0 ~2.85714
execute if entity @s[tag=aj.destined_death.locator_origin.destined_death2] at @s on origin run tp @s ^-0.00823 ^0.69553 ^1.41666 ~0 ~2.85714
execute if entity @s[tag=aj.destined_death.bone.destined_blade] run data modify entity @s {} merge value {transformation:[-2.5f,-1.0173934054172962e-17f,2.0385407778283642e-16f,0.016468749999999827f,0f,1.664594868698204f,0.083076476101162f,1.471851071428571f,-3.061616997868383e-16f,0.083076476101162f,-1.664594868698204f,1.417994017857145f,0f,0f,0f,1f],start_interpolation:0}