execute if entity @s[tag=aj.destined_death.bone.right_arm2] run data modify entity @s {} merge value {transformation:[0.06561290353567595f,0.8616830982297781f,0.5021825941248292f,-0.4504729304181345f,0.7528312688530491f,0.22137868811679243f,-0.5012923749025875f,2.208079520365993f,-0.4888149215467208f,0.4566111197428492f,-0.7046407574236542f,4.830225404142528f,0f,0f,0f,1f],start_interpolation:0}
execute if entity @s[tag=aj.destined_death.bone.right_arm] run data modify entity @s {} merge value {transformation:[0.06561290353567595f,0.7380531573600713f,-0.6707925584915521f,-0.2659596410781167f,0.7528312688530491f,-0.41152117982206554f,-0.36187413177186845f,2.1051992254104768f,-0.4888149215467208f,-0.5347222227181936f,-0.6473673271232602f,4.696544848462979f,0f,0f,0f,1f],start_interpolation:0}
execute if entity @s[tag=aj.destined_death.locator_origin.black_blade0] at @s on origin run tp @s ^-2.73352 ^2.14176 ^4.23074 ~-84.27323 ~2.06938
execute if entity @s[tag=aj.destined_death.locator_origin.black_blade1] at @s on origin run tp @s ^-1.80097 ^2.1082 ^4.32069 ~-84.27323 ~2.06938
execute if entity @s[tag=aj.destined_death.locator_origin.black_blade2] at @s on origin run tp @s ^-0.86841 ^2.07464 ^4.41064 ~-84.27323 ~2.06938
execute if entity @s[tag=aj.destined_death.locator_origin.black_blade3] at @s on origin run tp @s ^-0.24671 ^2.05227 ^4.4706 ~-84.27323 ~2.06938
execute if entity @s[tag=aj.destined_death.locator_origin.black_blade4] at @s on origin run tp @s ^0.37499 ^2.0299 ^4.53057 ~-84.27323 ~2.06938
execute if entity @s[tag=aj.destined_death.bone.destined_death] run data modify entity @s {} merge value {transformation:[0.1377539438813272f,0.10756338161904141f,-1.7822140976675824f,-3.083155858025906f,1.3471879487539178f,-0.9964261211834013f,0.0641331124782371f,2.145141972657091f,-0.87610538318697f,-1.4847415362143084f,-0.17190260810668595f,4.210053479531064f,0f,0f,0f,1f],start_interpolation:0}
execute if entity @s[tag=aj.destined_death.bone.black_blade] run data modify entity @s {} merge value {transformation:[0.13455036379106375f,0.10506190762790091f,-1.740767258186941f,-0.409834711524532f,1.315857996457315f,-0.9732534206907641f,0.06264164474618505f,2.0489423039397354f,-0.8557308393919241f,-1.4502126632790917f,-0.16790487303443744f,4.467907391691093f,0f,0f,0f,1f],start_interpolation:0}
execute if entity @s[tag=aj.destined_death.bone.left_arm2] run data modify entity @s {} merge value {transformation:[0.065559331854678f,0.9388081144568418f,-0.3366498467251582f,-0.06379086742655418f,0.7271868839464437f,-0.2534330613726824f,-0.5319128065705092f,1.9055840777785082f,-0.5262140342322972f,-0.23326167201934064f,-0.7770042772766516f,4.383765762661034f,0f,0f,0f,1f],start_interpolation:0}
execute if entity @s[tag=aj.destined_death.bone.left_arm] run data modify entity @s {} merge value {transformation:[0.065559331854678f,0.9881805676699671f,0.1348812839112405f,0.19144919097277233f,0.7271868839464437f,0.02081212987279707f,-0.588834786371019f,2.001685470740013f,-0.5262140342322972f,0.1518750174637632f,-0.7969194649460205f,4.355957762747938f,0f,0f,0f,1f],start_interpolation:0}
execute if entity @s[tag=aj.destined_death.bone.head] run data modify entity @s {} merge value {transformation:[-0.9819312821857682f,0.12206909319095499f,-0.14460322801566694f,-0.01215024330986171f,0.17669856952539653f,0.8649581925670313f,-0.46970729251189275f,2.1082863157533596f,0.06773900348168416f,-0.48677146752733175f,-0.870898941214534f,4.456133072591391f,0f,0f,0f,1f],start_interpolation:0}
execute if entity @s[tag=aj.destined_death.bone.body_top] run data modify entity @s {} merge value {transformation:[-0.8288200037221676f,0.1922968878884179f,-0.5254324964621194f,-0.08786714291592626f,0.35865017449931313f,0.903376074054311f,-0.23512065234222213f,1.7525819865944747f,0.4294501761108012f,-0.383319156493188f,-0.8177034734570674f,4.607064990460584f,0f,0f,0f,1f],start_interpolation:0}
execute if entity @s[tag=aj.destined_death.bone.body] run data modify entity @s {} merge value {transformation:[-0.8714605528733165f,0.1922968878884179f,-0.4511966441521509f,-0.1719970313671091f,0.3367932872156948f,0.903376074054311f,-0.26548436962025906f,1.3573549541957137f,0.3565484349596558f,-0.383319156493188f,-0.8520209139411844f,4.774767121426354f,0f,0f,0f,1f],start_interpolation:0}
execute if entity @s[tag=aj.destined_death.locator_origin.player_camera] at @s on origin run tp @s ^-0.20773 ^1.19618 ^5.64758 ~-10.29354 ~-38.86967
execute if entity @s[tag=aj.destined_death.bone.right_leg2] run data modify entity @s {} merge value {transformation:[-0.8606981579691284f,0.44488096806585736f,-0.24754717756689326f,-0.46207813571621953f,0.4947420454518028f,0.8455920658339745f,-0.20051026572422087f,1.157884248453624f,0.12012072814762532f,-0.29505081333800287f,-0.9479008535800921f,4.601295958373764f,0f,0f,0f,1f],start_interpolation:0}
execute if entity @s[tag=aj.destined_death.bone.right_leg] run data modify entity @s {} merge value {transformation:[-0.8606981579691284f,0.5036449756097438f,0.07443399365619205f,-0.2810807226064679f,0.4947420454518028f,0.7929162058463447f,0.3556883452805327f,1.4428385099296541f,0.12012072814762532f,0.34296592986665264f,-0.9316358632105071f,4.7245493394195925f,0f,0f,0f,1f],start_interpolation:0}
execute if entity @s[tag=aj.destined_death.bone.left_leg2] run data modify entity @s {} merge value {transformation:[-0.979847053665317f,-0.1986979815053717f,-0.02046615667604325f,0.02115611808766199f,-0.07959554022718582f,0.48236540722286997f,-0.8723463554636182f,1.0818533078708514f,0.1832056260035151f,-0.8531369913796996f,-0.4884597962373715f,4.902299236520534f,0f,0f,0f,1f],start_interpolation:0}
execute if entity @s[tag=aj.destined_death.bone.left_leg] run data modify entity @s {} merge value {transformation:[-0.979847053665317f,-0.16184442132632085f,-0.11707320235197177f,-0.03700672082648456f,-0.07959554022718582f,0.8539138742936402f,-0.5142914011188284f,1.3887286064451283f,0.1832056260035151f,-0.49460840932435984f,-0.849587087958784f,4.7245493394195925f,0f,0f,0f,1f],start_interpolation:0}
execute if entity @s[tag=aj.destined_death.locator_origin.destined_death0] at @s on origin run tp @s ^0.01647 ^1.21292 ^1.65014 ~0 ~0
execute if entity @s[tag=aj.destined_death.locator_origin.destined_death1] at @s on origin run tp @s ^0.01647 ^1.21293 ^1.65014 ~0 ~0
execute if entity @s[tag=aj.destined_death.locator_origin.destined_death2] at @s on origin run tp @s ^0.01647 ^1.21291 ^1.65014 ~0 ~0