execute if entity @s[tag=aj.destined_death.bone.right_arm2] run data modify entity @s {} merge value {transformation:[0.20679002778459185f,-0.9630202765582586f,-0.14070967145131213f,0.29429554908815947f,0.6138278518497492f,0.05618560564970748f,0.7291618241066038f,1.525376303500701f,-0.6248625870560423f,-0.26350545469767894f,0.6697192117787827f,3.9093689543402124f,0f,0f,0f,1f],start_interpolation:0}
execute if entity @s[tag=aj.destined_death.bone.right_arm] run data modify entity @s {} merge value {transformation:[0.20679002778459185f,-0.9191819135388631f,0.31986227430773256f,0.06450007070344371f,0.6138278518497492f,0.386526701985122f,0.6208308116300276f,1.6220079789969817f,-0.6248625870560423f,0.07550972437731851f,0.7157214743218803f,3.928246385434542f,0f,0f,0f,1f],start_interpolation:0}
execute if entity @s[tag=aj.destined_death.locator_origin.black_blade0] at @s on origin run tp @s ^3.19881 ^1.51252 ^4.97572 ~105.89731 ~-3.92589
execute if entity @s[tag=aj.destined_death.locator_origin.black_blade1] at @s on origin run tp @s ^2.29814 ^1.57202 ^4.72451 ~105.89731 ~-3.92589
execute if entity @s[tag=aj.destined_death.locator_origin.black_blade2] at @s on origin run tp @s ^1.39746 ^1.63152 ^4.4733 ~105.89731 ~-3.92589
execute if entity @s[tag=aj.destined_death.locator_origin.black_blade3] at @s on origin run tp @s ^0.79702 ^1.67118 ^4.30583 ~105.89731 ~-3.92589
execute if entity @s[tag=aj.destined_death.locator_origin.black_blade4] at @s on origin run tp @s ^0.19657 ^1.71085 ^4.13835 ~105.89731 ~-3.92589
execute if entity @s[tag=aj.destined_death.bone.destined_death] run data modify entity @s {} merge value {transformation:[0.000003872254370283467f,-0.0000028969034052836655f,0.000017212821849515956f,3.532308638006858f,0.000012038197118861234f,0.00001175339012421569f,-0.000001137115766242915f,1.4754237426792658f,-0.000010028146694689366f,0.000013205897821719954f,0.000004800938414483825f,5.074395369043798f,0f,0f,0f,1f],start_interpolation:0}
execute if entity @s[tag=aj.destined_death.bone.black_blade] run data modify entity @s {} merge value {transformation:[0.37822019430675713f,-0.2829533558649161f,1.6812523666969073f,0.9503853605794648f,1.1758239046329577f,1.148005547016416f,-0.11106712135395912f,1.645991107615703f,-0.9794933980859379f,1.2898783918889256f,0.4689288683914433f,4.3542546068712245f,0f,0f,0f,1f],start_interpolation:0}
execute if entity @s[tag=aj.destined_death.bone.left_arm2] run data modify entity @s {} merge value {transformation:[0.13336696505345358f,-0.9830025200298963f,0.10838403133074552f,0.5334300249215711f,0.6976963883248681f,0.1835081655256451f,0.6044513886433406f,1.6574661110821611f,-0.5526599337303778f,-0.005549666682397175f,0.7892347055975386f,4.335587274438895f,0f,0f,0f,1f],start_interpolation:0}
execute if entity @s[tag=aj.destined_death.bone.left_arm] run data modify entity @s {} merge value {transformation:[0.13336696505345358f,-0.9826384526499634f,-0.11163657109709368f,0.304441282390762f,0.6976963883248681f,0.04532467720373054f,0.6300653947677399f,1.7560093289237022f,-0.5526599337303778f,-0.17990926882754926f,0.7684756823152283f,4.2215274655157105f,0f,0f,0f,1f],start_interpolation:0}
execute if entity @s[tag=aj.destined_death.bone.head] run data modify entity @s {} merge value {transformation:[-0.7090578985392458f,0.34297382314452507f,0.6161216220493618f,0.15000295661434723f,-0.007476563893552214f,0.8700393996006427f,-0.4929254955212795f,1.793633445753089f,-0.7051106278531435f,-0.35411918866418596f,-0.6143440426246229f,4.039881824640268f,0f,0f,0f,1f],start_interpolation:0}
execute if entity @s[tag=aj.destined_death.bone.body_top] run data modify entity @s {} merge value {transformation:[-0.7090578985392458f,0.3131907909289392f,0.6317819441836037f,0.026684082686077415f,-0.007476563893552214f,0.8925641738810886f,-0.4508583996071445f,1.4421863022874102f,-0.7051106278531435f,-0.32440826743669077f,-0.6305380864842903f,4.167617579943466f,0f,0f,0f,1f],start_interpolation:0}
execute if entity @s[tag=aj.destined_death.bone.body] run data modify entity @s {} merge value {transformation:[-0.7090578985392458f,0.3131907909289392f,0.6317819441836037f,-0.11033688834533348f,-0.007476563893552214f,0.8925641738810886f,-0.4508583996071445f,1.051689476214434f,-0.7051106278531435f,-0.32440826743669077f,-0.6305380864842903f,4.309546196947018f,0f,0f,0f,1f],start_interpolation:0}
execute if entity @s[tag=aj.destined_death.locator_origin.player_camera] at @s on origin run tp @s ^-0.71499 ^0.81116 ^4.9142 ~45 ~-35
execute if entity @s[tag=aj.destined_death.bone.right_leg2] run data modify entity @s {} merge value {transformation:[-0.7619944365136262f,0.43970682706479053f,0.47541811593048866f,-0.15012320078494484f,0.14222399698785454f,0.8298484292026073f,-0.5395590044015243f,0.7703838458794618f,-0.6317727545590105f,-0.3435250948367236f,-0.6948767486499603f,4.091335060953133f,0f,0f,0f,1f],start_interpolation:0}
execute if entity @s[tag=aj.destined_death.bone.right_leg] run data modify entity @s {} merge value {transformation:[-0.7619944365136262f,-0.047070926738872976f,0.6458705803628346f,-0.1670393150817273f,0.14222399698785454f,0.9608400244731816f,0.23782090330997946f,1.1156857296745115f,-0.6317727545590105f,0.2730765006849169f,-0.7254601376854559f,4.189471928386775f,0f,0f,0f,1f],start_interpolation:0}
execute if entity @s[tag=aj.destined_death.bone.left_leg2] run data modify entity @s {} merge value {transformation:[-0.7766145397440967f,0.5089310891150857f,0.37129368859461875f,-0.0821509757852585f,-0.280498144446109f,0.24838314896534258f,-0.9271605051296945f,0.8720323958878738f,-0.564083901224237f,-0.8241935196555439f,-0.050143738766190105f,4.613917704497395f,0f,0f,0f,1f],start_interpolation:0}
execute if entity @s[tag=aj.destined_death.bone.left_leg] run data modify entity @s {} merge value {transformation:[-0.7766145397440967f,0.25568933843525155f,0.5757541305701666f,0.009737380214910024f,-0.280498144446109f,0.6779918853193396f,-0.6794466825317623f,1.1156857296745115f,-0.564083901224237f,-0.6891661379171724f,-0.45481797098177f,4.366248623683411f,0f,0f,0f,1f],start_interpolation:0}
execute if entity @s[tag=aj.destined_death.locator_origin.destined_death0] at @s on origin run tp @s ^0.01647 ^1.21292 ^1.65014 ~0 ~0
execute if entity @s[tag=aj.destined_death.locator_origin.destined_death1] at @s on origin run tp @s ^0.01647 ^1.21293 ^1.65014 ~0 ~0
execute if entity @s[tag=aj.destined_death.locator_origin.destined_death2] at @s on origin run tp @s ^0.01647 ^1.21291 ^1.65014 ~0 ~0