execute if entity @s[tag=aj.destined_death.bone.right_arm2] run data modify entity @s {} merge value {transformation:[0.7863208599808915f,0.48329976966727634f,0.055564272615602484f,0.02834698393822445f,0.4216644326054377f,-0.8051613827135677f,-0.36360400380597097f,2.791719414424921f,-0.11789237224878543f,0.3437098782786643f,-0.9298950155931412f,5.693835804089598f,0f,0f,0f,1f],start_interpolation:0}
execute if entity @s[tag=aj.destined_death.bone.right_arm] run data modify entity @s {} merge value {transformation:[0.7863208599808915f,0.48329976966727634f,0.055564272615602484f,0.14917192635504353f,0.4216644326054377f,-0.8051613827135677f,-0.36360400380597097f,2.5904290687465292f,-0.11789237224878543f,0.3437098782786643f,-0.9298950155931412f,5.779763273659264f,0f,0f,0f,1f],start_interpolation:0}
execute if entity @s[tag=aj.destined_death.locator_origin.black_blade0] at @s on origin run tp @s ^-0.04685 ^1.97928 ^3.13707 ~1.25601 ~-24.6492
execute if entity @s[tag=aj.destined_death.locator_origin.black_blade1] at @s on origin run tp @s ^-0.0552 ^2.36265 ^3.9888 ~1.25601 ~-24.6492
execute if entity @s[tag=aj.destined_death.locator_origin.black_blade2] at @s on origin run tp @s ^-0.06355 ^2.74602 ^4.84052 ~1.25601 ~-24.6492
execute if entity @s[tag=aj.destined_death.locator_origin.black_blade3] at @s on origin run tp @s ^-0.06912 ^3.0016 ^5.40834 ~1.25601 ~-24.6492
execute if entity @s[tag=aj.destined_death.locator_origin.black_blade4] at @s on origin run tp @s ^-0.07468 ^3.25718 ^5.97616 ~1.25601 ~-24.6492
execute if entity @s[tag=aj.destined_death.bone.destined_death] run data modify entity @s {} merge value {transformation:[0.00001628954353745654f,0.000001211121185754165f,1.5957326303469042e-7f,-0.05910029165348171f,0.000002432056319536735f,-0.00001595817417999924f,-0.000007326597266374741f,1.8391711233006083f,-2.71728878177708e-7f,0.000007476709951242524f,-0.0000162774608030507f,2.8170318526356053f,0f,0f,0f,1f],start_interpolation:0}
execute if entity @s[tag=aj.destined_death.bone.black_blade] run data modify entity @s {} merge value {transformation:[1.5910716943562198f,0.11829555767831376f,0.015586225691760457f,-0.08303628110868527f,0.2375496870245183f,-1.5587053850231813f,-0.7156211283435793f,2.9381607132568193f,-0.02654096019410171f,0.7302832975632232f,-1.589891520297975f,5.25865097309321f,0f,0f,0f,1f],start_interpolation:0}
execute if entity @s[tag=aj.destined_death.bone.left_arm2] run data modify entity @s {} merge value {transformation:[0.8481440569903022f,-0.2772162624266942f,-0.18726123928237715f,-0.2613052410347848f,-0.29939917305508f,-0.8356760008450572f,-0.4370115808835567f,2.8307185124603147f,-0.03180870582035923f,0.47412737260970916f,-0.8797466149045892f,5.695030237968665f,0f,0f,0f,1f],start_interpolation:0}
execute if entity @s[tag=aj.destined_death.bone.left_arm] run data modify entity @s {} merge value {transformation:[0.8481440569903022f,-0.2772162624266942f,-0.18726123928237715f,-0.22459129951767062f,-0.29939917305508f,-0.8356760008450572f,-0.4370115808835567f,2.584374615617165f,-0.03180870582035923f,0.47412737260970916f,-0.8797466149045892f,5.809585992893548f,0f,0f,0f,1f],start_interpolation:0}
execute if entity @s[tag=aj.destined_death.bone.head] run data modify entity @s {} merge value {transformation:[0.9946501786801454f,-0.10308200299495865f,0.0067173439768336875f,-0.04397400182846431f,-0.011001753055704444f,-0.041051015698372106f,0.9990964795953559f,2.627551216069787f,-0.10271311250885673f,-0.9938253945078482f,-0.04196548284082485f,5.724315919310823f,0f,0f,0f,1f],start_interpolation:0}
execute if entity @s[tag=aj.destined_death.bone.body_top] run data modify entity @s {} merge value {transformation:[0.9967019356605711f,-0.07709926458031693f,0.025317086160257952f,-0.013616166399964512f,0.016145208344970158f,0.49414614015925507f,0.8692289252050965f,2.43298117338208f,-0.07952725129142299f,-0.8659534026533323f,0.4937611980858228f,6.065285071605572f,0f,0f,0f,1f],start_interpolation:0}
execute if entity @s[tag=aj.destined_death.bone.body] run data modify entity @s {} merge value {transformation:[0.9967019356605711f,-0.07459934915318069f,0.031940390673776624f,0.01902104885455204f,0.016145208344970158f,0.5680240575031494f,0.8228535728458353f,2.184470648224452f,-0.07952725129142299f,-0.8196240645586126f,0.567355099649638f,6.423870599849965f,0f,0f,0f,1f],start_interpolation:0}
execute if entity @s[tag=aj.destined_death.locator_origin.player_camera] at @s on origin run tp @s ^0.02672 ^1.30059 ^6.51192 ~175 ~45
execute if entity @s[tag=aj.destined_death.bone.right_leg2] run data modify entity @s {} merge value {transformation:[0.9141275089181744f,-0.2745745431443043f,0.2982946826481333f,0.2747532785433779f,-0.0873775554218965f,0.5850375857074974f,0.806285424721318f,2.1754014309209877f,-0.39589905310261514f,-0.7631119469426747f,0.5108072984852645f,6.684305721168128f,0f,0f,0f,1f],start_interpolation:0}
execute if entity @s[tag=aj.destined_death.bone.right_leg] run data modify entity @s {} merge value {transformation:[0.9129484366239453f,-0.3784977043013907f,0.15252750540303298f,0.13873066606006562f,-0.08950018109372936f,0.17895494840671577f,0.9797779564906222f,2.239713365504651f,-0.398139259116813f,-0.9081379929720634f,0.12950102729549495f,6.357943629943793f,0f,0f,0f,1f],start_interpolation:0}
execute if entity @s[tag=aj.destined_death.bone.left_leg2] run data modify entity @s {} merge value {transformation:[0.9558719207880447f,0.26922658127830706f,-0.1175836680078075f,-0.2129391979527824f,-0.2165646949981045f,0.916178429743327f,0.3372192428575659f,1.9365079183731067f,0.19851600421465526f,-0.29687393419808206f,0.9340542078832473f,6.543090267997128f,0f,0f,0f,1f],start_interpolation:0}
execute if entity @s[tag=aj.destined_death.bone.left_leg] run data modify entity @s {} merge value {transformation:[0.9558719207880447f,0.28555461423279727f,-0.06904660266322665f,-0.11031800846287089f,-0.2165646949981045f,0.8437021137573406f,0.49118883957371606f,2.239713365504651f,0.19851600421465526f,-0.45456056310656134f,0.8683122079867895f,6.379732565630707f,0f,0f,0f,1f],start_interpolation:0}
execute if entity @s[tag=aj.destined_death.locator_origin.destined_death0] at @s on origin run tp @s ^0.01647 ^1.21292 ^1.65014 ~0 ~0
execute if entity @s[tag=aj.destined_death.locator_origin.destined_death1] at @s on origin run tp @s ^0.01647 ^1.21293 ^1.65014 ~0 ~0
execute if entity @s[tag=aj.destined_death.locator_origin.destined_death2] at @s on origin run tp @s ^0.01647 ^1.21291 ^1.65014 ~0 ~0