execute if entity @s[tag=aj.destined_death.bone.right_arm2] run data modify entity @s {} merge value {transformation:[0.7754795997027029f,0.4599599941357242f,-0.21449107587011312f,0.11500676404985574f,-0.31857107667653667f,0.8475191541494819f,0.39549720015622974f,0.4953762296978025f,0.32732836655274467f,-0.2648548416480466f,0.8930708499557385f,2.5355274747178878f,0f,0f,0f,1f],start_interpolation:0}
execute if entity @s[tag=aj.destined_death.bone.right_arm] run data modify entity @s {} merge value {transformation:[0.7754795997027029f,0.2987099974379568f,-0.41029496129476156f,0.18968426340934494f,-0.31857107667653667f,0.933061814262847f,-0.06405000192189186f,0.7286416832635142f,0.32732836655274467f,0.20041953047330702f,0.9097008530225394f,2.5856323573362143f,0f,0f,0f,1f],start_interpolation:0}
execute if entity @s[tag=aj.destined_death.locator_origin.black_blade0] at @s on origin run tp @s ^0.27404 ^-0.59716 ^4.98343 ~175.1944 ~-19.11403
execute if entity @s[tag=aj.destined_death.locator_origin.black_blade1] at @s on origin run tp @s ^0.17199 ^-0.30228 ^4.11191 ~175.1944 ~-19.11403
execute if entity @s[tag=aj.destined_death.locator_origin.black_blade2] at @s on origin run tp @s ^0.06994 ^-0.0074 ^3.24039 ~175.1944 ~-19.11403
execute if entity @s[tag=aj.destined_death.locator_origin.black_blade3] at @s on origin run tp @s ^0.00191 ^0.18919 ^2.65938 ~175.1944 ~-19.11403
execute if entity @s[tag=aj.destined_death.locator_origin.black_blade4] at @s on origin run tp @s ^-0.06612 ^0.38577 ^2.07836 ~175.1944 ~-19.11403
execute if entity @s[tag=aj.destined_death.bone.destined_death] run data modify entity @s {} merge value {transformation:[0.000016212909166214617f,0.0000023571613020303713f,0.0000019502490970925795f,0.29644914742407075f,-0.0000025852507450123218f,0.000016697420593369546f,-0.000005635452817892085f,-0.7102551254024649f,-0.000001582530982966116f,0.000005713819710157557f,0.00001665573669853948f,5.308270955893105f,0f,0f,0f,1f],start_interpolation:0}
execute if entity @s[tag=aj.destined_death.bone.black_blade] run data modify entity @s {} merge value {transformation:[1.583586476700032f,0.230234359733199f,0.19048944669276358f,0.003911782860183843f,-0.25251286346631974f,1.6309108486547f,-0.5504395775615525f,0.13506279728134774f,-0.15457279368506247f,0.5580940182014358f,1.6268393984619953f,2.8099104511121835f,0f,0f,0f,1f],start_interpolation:0}
execute if entity @s[tag=aj.destined_death.bone.left_arm2] run data modify entity @s {} merge value {transformation:[0.8049496960873578f,-0.33766527351506703f,0.2933449889289678f,-0.2882379716984985f,0.22349819684124178f,0.9203216996929839f,0.30222428708205923f,0.5034508048726545f,-0.33482016483118804f,-0.19745919106542598f,0.9069780580411001f,2.4648103037908005f,0f,0f,0f,1f],start_interpolation:0}
execute if entity @s[tag=aj.destined_death.bone.left_arm] run data modify entity @s {} merge value {transformation:[0.8049496960873578f,0.02665745904089125f,0.44649579991890687f,-0.18095489492735597f,0.22349819684124178f,0.8006517697531388f,-0.5452415008225333f,0.7315510219160943f,-0.33482016483118804f,0.5985366517337518f,0.7094738941184284f,2.57259194612034f,0f,0f,0f,1f],start_interpolation:0}
execute if entity @s[tag=aj.destined_death.bone.head] run data modify entity @s {} merge value {transformation:[0.9999894551992278f,0.003064630485615777f,-0.003420165250143744f,0.002641279753887839f,-0.004302302478928372f,0.3647108609453532f,-0.9311108838918591f,0.7858528236472723f,-0.0016061393873083385f,0.9311157800985257f,0.3647202001093201f,2.7181545071122213f,0f,0f,0f,1f],start_interpolation:0}
execute if entity @s[tag=aj.destined_death.bone.body_top] run data modify entity @s {} merge value {transformation:[0.9999894551992278f,0.003165490047986737f,-0.0033270351828246928f,0.0013948680474930616f,-0.004302302478928372f,0.39237884291449737f,-0.9197936365437958f,0.6313536542496889f,-0.0016061393873083385f,0.9197982514148614f,0.3923883242534519f,2.3559839456176195f,0f,0f,0f,1f],start_interpolation:0}
execute if entity @s[tag=aj.destined_death.bone.body] run data modify entity @s {} merge value {transformation:[0.9999894551992278f,0.003188269822841823f,-0.0033052119279121245f,-2.3592239273284576e-16f,-0.004302302478928372f,0.39868793978862277f,-0.9170765599776737f,0.45692768059216643f,-0.0016061393873083385f,0.9170811096095266f,0.39869745260488954f,1.9547609601634515f,0f,0f,0f,1f],start_interpolation:0}
execute if entity @s[tag=aj.destined_death.locator_origin.player_camera] at @s on origin run tp @s ^0 ^0.2164 ^1.09965 ~-180 ~-35
execute if entity @s[tag=aj.destined_death.bone.right_leg2] run data modify entity @s {} merge value {transformation:[0.9955755310815881f,-0.08151044916201573f,0.04674835386428181f,0.14567408629744066f,0.09377114080645027f,0.8937568335904706f,-0.43864073632323813f,0.3205571808521672f,-0.006027857286842894f,0.44108363049170407f,0.8974457620651998f,2.2971890532064734f,0f,0f,0f,1f],start_interpolation:0}
execute if entity @s[tag=aj.destined_death.bone.right_leg] run data modify entity @s {} merge value {transformation:[0.9955755310815881f,-0.057527892305922514f,-0.07429605318219701f,0.12499999999999976f,0.09377114080645027f,0.5575422697741264f,0.8248354930329879f,0.5209239340522439f,-0.006027857286842894f,-0.8281528596955718f,0.560469897420527f,1.999571619253377f,0f,0f,0f,1f],start_interpolation:0}
execute if entity @s[tag=aj.destined_death.bone.left_leg2] run data modify entity @s {} merge value {transformation:[0.9772557664945334f,0.1861827627093952f,-0.1015241139980007f,-0.20114230816299597f,-0.1754197117482967f,0.4407199313689631f,-0.8803373596663275f,0.2221277276908193f,-0.11915994118547774f,0.8781240920075212f,0.4633562209063779f,1.8149813524551726f,0f,0f,0f,1f],start_interpolation:0}
execute if entity @s[tag=aj.destined_death.bone.left_leg] run data modify entity @s {} merge value {transformation:[0.9772557664945334f,0.21187424880137948f,0.00897048204017811f,-0.12500000000000022f,-0.1754197117482967f,0.8314329220491816f,-0.5272070000131864f,0.5209239340522439f,-0.11915994118547774f,0.5136424815254387f,0.8496895371775876f,1.999571619253377f,0f,0f,0f,1f],start_interpolation:0}
execute if entity @s[tag=aj.destined_death.locator_origin.destined_death0] at @s on origin run tp @s ^0.01647 ^1.21292 ^1.65014 ~0 ~0
execute if entity @s[tag=aj.destined_death.locator_origin.destined_death1] at @s on origin run tp @s ^0.01647 ^1.21293 ^1.65014 ~0 ~0
execute if entity @s[tag=aj.destined_death.locator_origin.destined_death2] at @s on origin run tp @s ^0.01647 ^1.21291 ^1.65014 ~0 ~0