execute if entity @s[tag=aj.destined_death.bone.right_arm2] run data modify entity @s {} merge value {transformation:[0.7906658756291594f,0.3124772353922367f,-0.3613374244310062f,0.1451291221015461f,-0.16821549418552667f,0.9209321692360481f,0.3419796013076384f,1.4574352317490944f,0.39566528863610706f,-0.23289894166314157f,0.8674590583970151f,-2.6087403148157113f,0f,0f,0f,1f],start_interpolation:0}
execute if entity @s[tag=aj.destined_death.bone.right_arm] run data modify entity @s {} merge value {transformation:[0.7906658756291594f,0.3124772353922367f,-0.3613374244310062f,0.22324843094960528f,-0.16821549418552667f,0.9209321692360481f,0.3419796013076384f,1.6876682740581064f,0.39566528863610706f,-0.23289894166314157f,0.8674590583970151f,-2.6669650502314965f,0f,0f,0f,1f],start_interpolation:0}
execute if entity @s[tag=aj.destined_death.locator_origin.black_blade0] at @s on origin run tp @s ^-0.04273 ^0.29905 ^-0.0254 ~-174.42704 ~-18.77104
execute if entity @s[tag=aj.destined_death.locator_origin.black_blade1] at @s on origin run tp @s ^0.00576 ^0.59424 ^-0.89666 ~-174.42704 ~-18.77104
execute if entity @s[tag=aj.destined_death.locator_origin.black_blade2] at @s on origin run tp @s ^0.05426 ^0.88942 ^-1.76793 ~-174.42704 ~-18.77104
execute if entity @s[tag=aj.destined_death.locator_origin.black_blade3] at @s on origin run tp @s ^0.08659 ^1.08621 ^-2.34877 ~-174.42704 ~-18.77104
execute if entity @s[tag=aj.destined_death.locator_origin.black_blade4] at @s on origin run tp @s ^0.11892 ^1.283 ^-2.92961 ~-174.42704 ~-18.77104
execute if entity @s[tag=aj.destined_death.bone.destined_death] run data modify entity @s {} merge value {transformation:[2.4482188639695126f,0.035545364614541136f,-0.11121422494550672f,-0.07588767367616628f,-0.15868269642359845f,3.3855342692302943f,-0.6769557963051246f,0.1843609816810382f,0.2937705339263293f,1.1691779173535923f,1.9980973488658245f,0.29604356829585354f,0f,0f,0f,1f],start_interpolation:0}
execute if entity @s[tag=aj.destined_death.bone.black_blade] run data modify entity @s {} merge value {transformation:[1.5941890277010777f,0.017359364114078228f,-0.09052320635099384f,0.06313010750571713f,-0.10332826743862224f,1.6534004570659577f,-0.5510105318762641f,1.030555727062444f,0.1912924406962144f,0.5709938666145451f,1.6263583072163688f,-2.201578117786427f,0f,0f,0f,1f],start_interpolation:0}
execute if entity @s[tag=aj.destined_death.bone.left_arm2] run data modify entity @s {} merge value {transformation:[0.8446997490124073f,-0.24018899489360254f,0.24783712261741683f,-0.1958648007379496f,0.14196321274597734f,0.9372391355444359f,0.31096924642120294f,1.4356130885787501f,-0.27627663716864803f,-0.2527687669312002f,0.9175374043781261f,-2.5365548753222438f,0f,0f,0f,1f],start_interpolation:0}
execute if entity @s[tag=aj.destined_death.bone.left_arm] run data modify entity @s {} merge value {transformation:[0.8446997490124073f,-0.24018899489360254f,0.24783712261741683f,-0.15032458083479933f,0.14196321274597734f,0.9372391355444359f,0.31096924642120294f,1.6876682740581064f,-0.27627663716864803f,-0.2527687669312002f,0.9175374043781261f,-2.6342816467011247f,0f,0f,0f,1f],start_interpolation:0}
execute if entity @s[tag=aj.destined_death.bone.head] run data modify entity @s {} merge value {transformation:[0.9961946980917455f,0.013453841012501307f,0.0861110774285539f,0.04054084484236828f,3.469446951953614e-18f,0.988013809690895f,-0.15436551383027153f,1.754085810760169f,-0.08715574274765871f,0.1537781064459247f,0.9842541188554967f,-2.60400108198539f,0f,0f,0f,1f],start_interpolation:0}
execute if entity @s[tag=aj.destined_death.bone.body_top] run data modify entity @s {} merge value {transformation:[0.9961946980917455f,0.05020208966111127f,0.07124516606446932f,0.020773772038305712f,3.469446951953614e-18f,0.817446605563845f,-0.5760043811049944f,1.432216209819405f,-0.08715574274765871f,0.5738125105344128f,0.8143359744357968f,-2.8299397580083148f,0f,0f,0f,1f],start_interpolation:0}
execute if entity @s[tag=aj.destined_death.bone.body] run data modify entity @s {} merge value {transformation:[0.9961946980917455f,0.05296045776275789f,0.06921931383259447f,-0.0023964282329008643f,3.469446951953614e-18f,0.7942025579772127f,-0.6076531057292902f,1.0847525907043742f,-0.08715574274765871f,0.605340802206502f,0.7911803774678016f,-3.094776358973659f,0f,0f,0f,1f],start_interpolation:0}
execute if entity @s[tag=aj.destined_death.locator_origin.player_camera] at @s on origin run tp @s ^-0.07847 ^0.91967 ^-3.96427 ~175 ~-40
execute if entity @s[tag=aj.destined_death.bone.right_leg2] run data modify entity @s {} merge value {transformation:[0.9450825586016588f,-0.12454494848907477f,0.30217133092468573f,0.2287192654657069f,0.18300531721302218f,0.9676756316154763f,-0.17353076340911455f,0.8576972552165899f,-0.2707914535185764f,0.2192998581473381f,0.9373257496291535f,-2.8648838414188043f,0f,0f,0f,1f],start_interpolation:0}
execute if entity @s[tag=aj.destined_death.bone.right_leg] run data modify entity @s {} merge value {transformation:[0.9540070668377486f,-0.2844232023574269f,0.09473097901099602f,0.1265046771185066f,0.18097857789687516f,0.798337551600569f,0.5743726212545595f,1.1445998128230443f,-0.23899219812801473f,-0.5308112618107828f,0.8130941726324108f,-3.0556441386320543f,0f,0f,0f,1f],start_interpolation:0}
execute if entity @s[tag=aj.destined_death.bone.left_leg2] run data modify entity @s {} merge value {transformation:[0.9627699206884812f,0.2644050978930013f,-0.05624965800507717f,-0.2196312527450991f,-0.19661279185223884f,0.5421155341324235f,-0.816978676424535f,0.9017534361651692f,-0.18551951352233526f,0.7976218978065418f,0.5739179542773747f,-3.280330542116338f,0f,0f,0f,1f],start_interpolation:0}
execute if entity @s[tag=aj.destined_death.bone.left_leg] run data modify entity @s {} merge value {transformation:[0.9627699206884812f,0.27015584094794926f,-0.009481635892719206f,-0.12254399740442981f,-0.19661279185223884f,0.6757464393958263f,-0.7104295600015043f,1.1445998128230443f,-0.18551951352233526f,0.6858444220415948f,0.7037044399866091f,-3.0338552029451398f,0f,0f,0f,1f],start_interpolation:0}
execute if entity @s[tag=aj.destined_death.locator_origin.destined_death0] at @s on origin run tp @s ^-0.00823 ^1.52544 ^0.32067 ~0 ~1.42857
execute if entity @s[tag=aj.destined_death.locator_origin.destined_death1] at @s on origin run tp @s ^-0.00823 ^2.34704 ^-0.03396 ~0 ~1.42857
execute if entity @s[tag=aj.destined_death.locator_origin.destined_death2] at @s on origin run tp @s ^-0.00823 ^0.78502 ^-0.07291 ~0 ~1.42857
execute if entity @s[tag=aj.destined_death.bone.destined_blade] run data modify entity @s {} merge value {transformation:[-2.5f,-5.0885486395934105e-18f,2.0404435947992256e-16f,0.01646875000000001f,0f,1.6661486366680271f,0.04155115289678833f,1.561136785714285f,-3.061616997868383e-16f,0.04155115289678833f,-1.6661486366680271f,-0.090934553571421f,0f,0f,0f,1f],start_interpolation:0}