execute if entity @s[tag=aj.destined_death.bone.right_arm2] run data modify entity @s {} merge value {transformation:[0.7762065973806292f,0.4572372945348121f,-0.21705066808147833f,0.11412913777343546f,-0.28456995549667946f,0.8215846275303496f,0.47436622731696f,0.5906100914779853f,0.35570108041922455f,-0.3404889958461254f,0.8531504497252864f,2.7057424955092553f,0f,0f,0f,1f],start_interpolation:0}
execute if entity @s[tag=aj.destined_death.bone.right_arm] run data modify entity @s {} merge value {transformation:[0.7762065973806292f,0.29508866911763293f,-0.41121723381506603f,0.1879013050528437f,-0.28456995549667946f,0.9485345005832329f,0.017519104327161916f,0.8277437166237934f,0.35570108041922455f,0.11491291729697578f,0.9113690073713608f,2.7344707248334994f,0f,0f,0f,1f],start_interpolation:0}
execute if entity @s[tag=aj.destined_death.locator_origin.black_blade0] at @s on origin run tp @s ^0.03566 ^-0.32262 ^5.32053 ~-178.87465 ~-15.59907
execute if entity @s[tag=aj.destined_death.locator_origin.black_blade1] at @s on origin run tp @s ^0.02338 ^-0.07954 ^4.42744 ~-178.87465 ~-15.59907
execute if entity @s[tag=aj.destined_death.locator_origin.black_blade2] at @s on origin run tp @s ^0.0111 ^0.16354 ^3.53435 ~-178.87465 ~-15.59907
execute if entity @s[tag=aj.destined_death.locator_origin.black_blade3] at @s on origin run tp @s ^0.00291 ^0.32559 ^2.93896 ~-178.87465 ~-15.59907
execute if entity @s[tag=aj.destined_death.locator_origin.black_blade4] at @s on origin run tp @s ^-0.00528 ^0.48764 ^2.34357 ~-178.87465 ~-15.59907
execute if entity @s[tag=aj.destined_death.bone.destined_death] run data modify entity @s {} merge value {transformation:[1.6357341241615306f,0.09530978565606313f,0.023471631813276918f,0.02490017721175499f,-0.1731933740089461f,1.712179803918963f,-0.46455031132921504f,-0.41731252569198063f,0.04821107727077134f,0.49214379853526835f,1.7067928102987877f,5.651777143590126f,0f,0f,0f,1f],start_interpolation:0}
execute if entity @s[tag=aj.destined_death.bone.black_blade] run data modify entity @s {} merge value {transformation:[1.5976937956926578f,0.09309327901289886f,0.02292577991064257f,-0.010307270508160382f,-0.1691656211250171f,1.6723616689441034f,-0.45374681571690767f,0.2795129413018419f,0.04708988942726503f,0.48069859391816905f,1.6670999542453275f,3.0915879281419447f,0f,0f,0f,1f],start_interpolation:0}
execute if entity @s[tag=aj.destined_death.bone.left_arm2] run data modify entity @s {} merge value {transformation:[0.8348508684524124f,-0.3347554291546233f,0.16575475559522618f,-0.26569680593877615f,0.20841439000292444f,0.8635190704349864f,0.4480060655808208f,0.5779706359882133f,-0.2637943696972351f,-0.3771917518273708f,0.8785305493836626f,2.660479467795755f,0f,0f,0f,1f],start_interpolation:0}
execute if entity @s[tag=aj.destined_death.bone.left_arm] run data modify entity @s {} merge value {transformation:[0.8348508684524124f,-0.10084276739725552f,0.3596756491821377f,-0.18655113923153846f,0.20841439000292444f,0.9107665253951744f,-0.34187564408964705f,0.8317140660873725f,-0.2637943696972351f,0.40041862154907865f,0.8681903428187259f,2.72760982697087f,0f,0f,0f,1f],start_interpolation:0}
execute if entity @s[tag=aj.destined_death.bone.head] run data modify entity @s {} merge value {transformation:[0.9999997012593025f,0.0004000424843980767f,-0.0006613980014699797f,0.00048496332238816145f,-0.000724152302955812f,0.18559242003730203f,-0.9826265461649913f,0.8960890109302011f,-0.0002703419090626959f,0.9826267315673375f,0.18559265428497945f,2.86105803896309f,0f,0f,0f,1f],start_interpolation:0}
execute if entity @s[tag=aj.destined_death.bone.body_top] run data modify entity @s {} merge value {transformation:[0.9999997012593025f,0.0005815809089646834f,-0.0005091610275734794f,0.00025596583948331737f,-0.000724152302955812f,0.4745009791276765f,-0.8802546770170089f,0.7092542503986785f,-0.0002703419090626959f,0.8802547827592433f,0.47450125852807773f,2.514457718251638f,0f,0f,0f,1f],start_interpolation:0}
execute if entity @s[tag=aj.destined_death.bone.body] run data modify entity @s {} merge value {transformation:[0.9999997012593025f,0.000585064775962471f,-0.0005051539503951766f,-2.636779683484747e-16f,-0.000724152302955812f,0.48053653273558455f,-0.8769744102936554f,0.4990195173268603f,-0.0002703419090626959f,0.876974514114105f,0.48053681285577055f,2.130781368326717f,0f,0f,0f,1f],start_interpolation:0}
execute if entity @s[tag=aj.destined_death.locator_origin.player_camera] at @s on origin run tp @s ^0 ^0.25849 ^1.27567 ~-180 ~-35
execute if entity @s[tag=aj.destined_death.bone.right_leg2] run data modify entity @s {} merge value {transformation:[0.9813657851322976f,-0.18671285643489155f,-0.04538176961724549f,0.12877259979939965f,0.17371453648324586f,0.963059346937871f,-0.20576674680329843f,0.39222856622777125f,0.08212463446542831f,0.19404897195688842f,0.9775482294477316f,2.491769017209731f,0f,0f,0f,1f],start_interpolation:0}
execute if entity @s[tag=aj.destined_death.bone.right_leg] run data modify entity @s {} merge value {transformation:[0.9813657851322976f,-0.010497669007025812f,-0.19186191575476386f,0.12499999999999974f,0.17371453648324586f,0.47523396051246336f,0.8625404005552724f,0.5630157707869378f,0.08212463446542831f,-0.8797968411633778f,0.46820194648555497f,2.1755920274166423f,0f,0f,0f,1f],start_interpolation:0}
execute if entity @s[tag=aj.destined_death.bone.left_leg2] run data modify entity @s {} merge value {transformation:[0.9755989799303967f,0.18501181993716564f,-0.11822544921592511f,-0.20390311981180703f,-0.18293106682836516f,0.3871587462612672f,-0.9036837555154126f,0.27204026414486804f,-0.12142015956094646f,0.9032600576118384f,0.4115560875205867f,1.9799956500387508f,0f,0f,0f,1f],start_interpolation:0}
execute if entity @s[tag=aj.destined_death.bone.left_leg] run data modify entity @s {} merge value {transformation:[0.9755989799303967f,0.21955650730241877f,-0.0012531799281915606f,-0.12500000000000028f,-0.18293106682836516f,0.8096709750040201f,-0.5576460678827349f,0.5630157707869378f,-0.12142015956094646f,0.5442681805297848f,0.830077883403113f,2.1755920274166423f,0f,0f,0f,1f],start_interpolation:0}
execute if entity @s[tag=aj.destined_death.locator_origin.destined_death0] at @s on origin run tp @s ^0.01647 ^1.21292 ^1.65014 ~0 ~0
execute if entity @s[tag=aj.destined_death.locator_origin.destined_death1] at @s on origin run tp @s ^0.01647 ^1.21293 ^1.65014 ~0 ~0
execute if entity @s[tag=aj.destined_death.locator_origin.destined_death2] at @s on origin run tp @s ^0.01647 ^1.21291 ^1.65014 ~0 ~0