execute if entity @s[tag=aj.destined_death.bone.right_arm2] run data modify entity @s {} merge value {transformation:[0.7892881104433737f,0.319298854551776f,-0.3590855228663591f,0.14658233768477466f,-0.20660851362464758f,0.9349041223995314f,0.27065510478249505f,0.9918255174437248f,0.37991736050165276f,-0.15492747788009004f,0.8931984110616018f,-5.214973734692222f,0f,0f,0f,1f],start_interpolation:0}
execute if entity @s[tag=aj.destined_death.bone.right_arm] run data modify entity @s {} merge value {transformation:[0.7892881104433737f,0.319298854551776f,-0.3590855228663591f,0.22640705132271866f,-0.20660851362464758f,0.9349041223995314f,0.27065510478249505f,1.2255515480436077f,0.37991736050165276f,-0.15492747788009004f,0.8931984110616018f,-5.253705604162245f,0f,0f,0f,1f],start_interpolation:0}
execute if entity @s[tag=aj.destined_death.locator_origin.black_blade0] at @s on origin run tp @s ^0.02577 ^-1.02127 ^-3.09749 ~-176.25688 ~-40.63224
execute if entity @s[tag=aj.destined_death.locator_origin.black_blade1] at @s on origin run tp @s ^0.03467 ^-0.41676 ^-3.79708 ~-176.25688 ~-40.63224
execute if entity @s[tag=aj.destined_death.locator_origin.black_blade2] at @s on origin run tp @s ^0.04356 ^0.18775 ^-4.49666 ~-176.25688 ~-40.63224
execute if entity @s[tag=aj.destined_death.locator_origin.black_blade3] at @s on origin run tp @s ^0.04949 ^0.59075 ^-4.96306 ~-176.25688 ~-40.63224
execute if entity @s[tag=aj.destined_death.locator_origin.black_blade4] at @s on origin run tp @s ^0.05542 ^0.99375 ^-5.42945 ~-176.25688 ~-40.63224
execute if entity @s[tag=aj.destined_death.bone.destined_death] run data modify entity @s {} merge value {transformation:[0.000016337519893813048f,-4.433318158004302e-7f,-1.6997426277084067e-7f,0.00757908149227101f,-3.682055591768327e-7f,0.000013620380040121253f,-0.00001155277175095126f,-1.2509509040460196f,0.0000014819698415412345f,0.000011611302762820194f,0.000013369894311377838f,-2.8415507740975667f,0f,0f,0f,1f],start_interpolation:0}
execute if entity @s[tag=aj.destined_death.bone.black_blade] run data modify entity @s {} merge value {transformation:[1.5957577570701114f,-0.043302177357251316f,-0.016602137293896063f,0.03307522090789711f,-0.0359642639195976f,1.3303627015932384f,-1.128410264046402f,0.48196485859666915f,0.14475054266216708f,1.134127246601042f,1.3058966536694632f,-4.8470349208042425f,0f,0f,0f,1f],start_interpolation:0}
execute if entity @s[tag=aj.destined_death.bone.left_arm2] run data modify entity @s {} merge value {transformation:[0.8458039392546647f,-0.23322667323910085f,0.24982958300757208f,-0.19458478455874384f,0.15843413816530957f,0.9568755750952125f,0.23108392529913846f,0.9665283869991408f,-0.26365568494744673f,-0.17318906627159858f,0.9403113308487807f,-5.144767973445543f,0f,0f,0f,1f],start_interpolation:0}
execute if entity @s[tag=aj.destined_death.bone.left_arm] run data modify entity @s {} merge value {transformation:[0.8458039392546647f,-0.23322667323910085f,0.24982958300757208f,-0.14716596046168595f,0.15843413816530957f,0.9568755750952125f,0.23108392529913846f,1.2255515480436077f,-0.26365568494744673f,-0.17318906627159858f,0.9403113308487807f,-5.221022200631873f,0f,0f,0f,1f],start_interpolation:0}
execute if entity @s[tag=aj.destined_death.bone.head] run data modify entity @s {} merge value {transformation:[0.9961946980917455f,0.022557566113150008f,0.0841859828293697f,0.04417238424405317f,3.469446951953614e-18f,0.9659258262890681f,-0.2588190451025213f,1.2877926590470246f,-0.08715574274765871f,0.2578341604963f,0.9622501868990583f,-5.185336146684595f,0f,0f,0f,1f],start_interpolation:0}
execute if entity @s[tag=aj.destined_death.bone.body_top] run data modify entity @s {} merge value {transformation:[0.9961946980917455f,0.05602263155122251f,0.06676517241775111f,0.022113473070759303f,3.469446951953614e-18f,0.7660444431189777f,-0.6427876096865397f,0.986162659568927f,-0.08715574274765871f,0.6403416087687972f,0.7631294127377695f,-5.437470655137308f,0f,0f,0f,1f],start_interpolation:0}
execute if entity @s[tag=aj.destined_death.bone.body] run data modify entity @s {} merge value {transformation:[0.9961946980917455f,0.05602263155122251f,0.06676517241775111f,-0.002396428232900545f,3.469446951953614e-18f,0.7660444431189777f,-0.6427876096865397f,0.6510182157043742f,-0.08715574274765871f,0.6403416087687972f,0.7631294127377695f,-5.717620108973657f,0f,0f,0f,1f],start_interpolation:0}
execute if entity @s[tag=aj.destined_death.locator_origin.player_camera] at @s on origin run tp @s ^-0.07847 ^0.48593 ^-6.58712 ~175 ~-40
execute if entity @s[tag=aj.destined_death.bone.right_leg2] run data modify entity @s {} merge value {transformation:[0.9462698061560378f,-0.1030285832945416f,0.30652661382290186f,0.22691048845064882f,0.1334248553514504f,0.9878357504909516f,-0.07986449791004196f,0.47180466994120895f,-0.2945696215359949f,0.11647163206677513f,0.9485057179542159f,-5.42965257575327f,0f,0f,0f,1f],start_interpolation:0}
execute if entity @s[tag=aj.destined_death.bone.right_leg] run data modify entity @s {} merge value {transformation:[0.9575724747972134f,-0.27939008370682955f,0.07068335473809127f,0.12650467711850694f,0.13995092977212453f,0.6652125714972811f,0.7334207332615384f,0.7108654378230443f,-0.25192993622564575f,-0.6924113054018297f,0.6760901503387521f,-5.678487888632052f,0f,0f,0f,1f],start_interpolation:0}
execute if entity @s[tag=aj.destined_death.bone.left_leg2] run data modify entity @s {} merge value {transformation:[0.973946466838445f,0.22496780228548854f,-0.02859663735034522f,-0.20394810937536062f,-0.1634902542397112f,0.6091502616867566f,-0.7760199066103848f,0.4468504707805783f,-0.15715984379460426f,0.7604771177502931f,0.6300597883349345f,-5.886524665946946f,0f,0f,0f,1f],start_interpolation:0}
execute if entity @s[tag=aj.destined_death.bone.left_leg] run data modify entity @s {} merge value {transformation:[0.973946466838445f,0.22651578983215617f,0.010903058727910912f,-0.12254399740442948f,-0.1634902542397112f,0.7346503430746881f,-0.6584525876544776f,0.7108654378230443f,-0.15715984379460426f,0.6395150274832934f,0.7525432300682123f,-5.6566989529451375f,0f,0f,0f,1f],start_interpolation:0}
execute if entity @s[tag=aj.destined_death.locator_origin.destined_death0] at @s on origin run tp @s ^-0.00823 ^1.22693 ^4.84363 ~0 ~5.71429
execute if entity @s[tag=aj.destined_death.locator_origin.destined_death1] at @s on origin run tp @s ^-0.00823 ^2.07273 ^4.5514 ~0 ~5.71429
execute if entity @s[tag=aj.destined_death.locator_origin.destined_death2] at @s on origin run tp @s ^-0.00823 ^0.51799 ^4.39582 ~0 ~5.71429
execute if entity @s[tag=aj.destined_death.bone.destined_blade] run data modify entity @s {} merge value {transformation:[-2.5f,-2.0322574105260275e-17f,2.0309354235072466e-16f,0.016468749999999456f,0f,1.6583846256090025f,0.1659464109930279f,1.2932796428571425f,-3.061616997868383e-16f,0.1659464109930279f,-1.6583846256090025f,4.43585116071429f,0f,0f,0f,1f],start_interpolation:0}