execute if entity @s[tag=aj.destined_death.bone.right_arm2] run data modify entity @s {} merge value {transformation:[-0.1071087826971055f,0.6326154046748618f,0.7652675526489902f,-0.5924752398208333f,0.7896345513333222f,0.42782439453808896f,-0.21722142132702116f,2.009981141299323f,-0.4183359702556873f,0.645572642857625f,-0.6059541459378703f,4.181664471550219f,0f,0f,0f,1f],start_interpolation:0}
execute if entity @s[tag=aj.destined_death.bone.right_arm] run data modify entity @s {} merge value {transformation:[-0.1071087826971055f,0.898077441765931f,-0.4234307333678969f,-0.3679558793793506f,0.7896345513333222f,-0.10452506895900225f,-0.4682876983269254f,1.9838498740595727f,-0.4183359702556873f,-0.42723695831502795f,-0.7755082498820987f,4.074855231971462f,0f,0f,0f,1f],start_interpolation:0}
execute if entity @s[tag=aj.destined_death.locator_origin.black_blade0] at @s on origin run tp @s ^-2.80408 ^1.517 ^3.60471 ~-85.10852 ~-9.88679
execute if entity @s[tag=aj.destined_death.locator_origin.black_blade1] at @s on origin run tp @s ^-1.88456 ^1.67848 ^3.69001 ~-85.10852 ~-9.88679
execute if entity @s[tag=aj.destined_death.locator_origin.black_blade2] at @s on origin run tp @s ^-0.96504 ^1.83996 ^3.7753 ~-85.10852 ~-9.88679
execute if entity @s[tag=aj.destined_death.locator_origin.black_blade3] at @s on origin run tp @s ^-0.35202 ^1.94762 ^3.83216 ~-85.10852 ~-9.88679
execute if entity @s[tag=aj.destined_death.locator_origin.black_blade4] at @s on origin run tp @s ^0.26099 ^2.05527 ^3.88902 ~-85.10852 ~-9.88679
execute if entity @s[tag=aj.destined_death.bone.destined_death] run data modify entity @s {} merge value {transformation:[-0.17446875084749175f,0.28872851684119916f,-1.7573104487920415f,-3.1465732300211915f,1.4171906679903015f,-0.8139533757250769f,-0.3086106851633504f,1.446357937815332f,-0.7500556154784493f,-1.5693973592147974f,-0.16300332599191186f,3.584882567747907f,0f,0f,0f,1f],start_interpolation:0}
execute if entity @s[tag=aj.destined_death.bone.black_blade] run data modify entity @s {} merge value {transformation:[-0.17041133803708497f,0.28201390017047356f,-1.7164427639364126f,-0.5106075568331292f,1.3842327454788992f,-0.7950242274524006f,-0.3014336924851329f,1.9092739655603574f,-0.7326124616301133f,-1.532899746209802f,-0.15921255096884412f,3.8293875567357745f,0f,0f,0f,1f],start_interpolation:0}
execute if entity @s[tag=aj.destined_death.bone.left_arm2] run data modify entity @s {} merge value {transformation:[-0.10388312881795207f,0.9662618254242399f,-0.23024984866557957f,-0.14363437290265368f,0.7677874187141731f,-0.022306761420385346f,-0.5212750635998397f,1.8523334966435225f,-0.45794189064904256f,-0.2565940239420028f,-0.8217404184159746f,3.7320931475567702f,0f,0f,0f,1f],start_interpolation:0}
execute if entity @s[tag=aj.destined_death.bone.left_arm] run data modify entity @s {} merge value {transformation:[-0.10388312881795207f,0.9634022551567722f,0.24193594780758004f,0.08423079978429537f,0.7677874187141731f,0.22091169869822624f,-0.4726767446303519f,2.0035348486573508f,-0.45794189064904256f,0.15183581967740428f,-0.847374587914991f,3.712809366144991f,0f,0f,0f,1f],start_interpolation:0}
execute if entity @s[tag=aj.destined_death.bone.head] run data modify entity @s {} merge value {transformation:[-0.9931703292811751f,-0.07380105519799877f,-0.09036648320690721f,-0.13139532563642767f,-0.030052472613428236f,0.910206747086611f,-0.41306237597707873f,2.0582352326504334f,0.11273662193511674f,-0.40752555970107235f,-0.9062082389081365f,3.828415613930549f,0f,0f,0f,1f],start_interpolation:0}
execute if entity @s[tag=aj.destined_death.bone.body_top] run data modify entity @s {} merge value {transformation:[-0.861927479820959f,-0.007693624825777045f,-0.5069732021187418f,-0.12836596086127797f,0.14733091908524804f,0.9529415584944363f,-0.2649452516571889f,1.6830144939932492f,0.48515422270757f,-0.303056420871156f,-0.8202330071130876f,3.947744079648567f,0f,0f,0f,1f],start_interpolation:0}
execute if entity @s[tag=aj.destined_death.bone.body] run data modify entity @s {} merge value {transformation:[-0.9054541682707972f,-0.007693624825777045f,-0.4243743127217752f,-0.1250000000000005f,0.12197817544698694f,0.9529415584944363f,-0.2775314591335893f,1.2661025621519333f,0.40653914187401796f,-0.303056420871156f,-0.8619064519384351f,4.080331263779698f,0f,0f,0f,1f],start_interpolation:0}
execute if entity @s[tag=aj.destined_death.locator_origin.player_camera] at @s on origin run tp @s ^-0.125 ^1.02557 ^4.93544 ~0 ~-35
execute if entity @s[tag=aj.destined_death.bone.right_leg2] run data modify entity @s {} merge value {transformation:[-0.944402880901319f,0.25409383839627125f,-0.20866125618892162f,-0.36788208758811924f,0.29284376675762547f,0.9385895038653062f,-0.1824616987345119f,1.0173374648645304f,0.14948487153051532f,-0.23342250217776334f,-0.9608164281800022f,3.903480680691465f,0f,0f,0f,1f],start_interpolation:0}
execute if entity @s[tag=aj.destined_death.bone.right_leg] run data modify entity @s {} merge value {transformation:[-0.944402880901319f,0.3280197219843304f,-0.02250023410126681f,-0.2500000000000005f,0.29284376675762547f,0.8702924542538584f,0.3960221866764553f,1.3300988156120108f,0.14948487153051532f,0.3674154406909409f,-0.9179652319807037f,4.035520604689772f,0f,0f,0f,1f],start_interpolation:0}
execute if entity @s[tag=aj.destined_death.bone.left_leg2] run data modify entity @s {} merge value {transformation:[-0.9393931380837132f,-0.3131227587698844f,0.13962331489250093f,0.12314068495173261f,-0.3046512233111116f,0.5755947540673416f,-0.7588664646861132f,1.024796448833403f,0.15725191336284872f,-0.755410363332734f,-0.6361029937936385f,4.179663683517714f,0f,0f,0f,1f],start_interpolation:0}
execute if entity @s[tag=aj.destined_death.bone.left_leg] run data modify entity @s {} merge value {transformation:[-0.9393931380837132f,-0.34265234073525735f,-0.011397609832012896f,-4.996003610813204e-16f,-0.3046512233111116f,0.8495370206013435f,-0.43066748514699327f,1.3300988156120108f,0.15725191336284872f,-0.40109378456470945f,-0.9024387024763962f,4.035520604689772f,0f,0f,0f,1f],start_interpolation:0}
execute if entity @s[tag=aj.destined_death.locator_origin.destined_death0] at @s on origin run tp @s ^0.01647 ^1.21292 ^1.65014 ~0 ~0
execute if entity @s[tag=aj.destined_death.locator_origin.destined_death1] at @s on origin run tp @s ^0.01647 ^1.21293 ^1.65014 ~0 ~0
execute if entity @s[tag=aj.destined_death.locator_origin.destined_death2] at @s on origin run tp @s ^0.01647 ^1.21291 ^1.65014 ~0 ~0