execute if entity @s[tag=aj.destined_death.bone.right_arm2] run data modify entity @s {} merge value {transformation:[0.7863208599808915f,0.48329976966727634f,0.055564272615602484f,0.028346983938224643f,0.4216644326054377f,-0.8051613827135677f,-0.36360400380597097f,2.12555459237631f,-0.11789237224878543f,0.3437098782786643f,-0.9298950155931412f,4.234647978568766f,0f,0f,0f,1f],start_interpolation:0}
execute if entity @s[tag=aj.destined_death.bone.right_arm] run data modify entity @s {} merge value {transformation:[0.7863208599808915f,0.48329976966727634f,0.055564272615602484f,0.14917192635504373f,0.4216644326054377f,-0.8051613827135677f,-0.36360400380597097f,1.9242642466979178f,-0.11789237224878543f,0.3437098782786643f,-0.9298950155931412f,4.320575448138432f,0f,0f,0f,1f],start_interpolation:0}
execute if entity @s[tag=aj.destined_death.locator_origin.black_blade0] at @s on origin run tp @s ^-0.04685 ^1.31312 ^1.67788 ~1.25601 ~-24.6492
execute if entity @s[tag=aj.destined_death.locator_origin.black_blade1] at @s on origin run tp @s ^-0.0552 ^1.69649 ^2.52961 ~1.25601 ~-24.6492
execute if entity @s[tag=aj.destined_death.locator_origin.black_blade2] at @s on origin run tp @s ^-0.06355 ^2.07986 ^3.38134 ~1.25601 ~-24.6492
execute if entity @s[tag=aj.destined_death.locator_origin.black_blade3] at @s on origin run tp @s ^-0.06912 ^2.33544 ^3.94915 ~1.25601 ~-24.6492
execute if entity @s[tag=aj.destined_death.locator_origin.black_blade4] at @s on origin run tp @s ^-0.07468 ^2.59101 ^4.51697 ~1.25601 ~-24.6492
execute if entity @s[tag=aj.destined_death.bone.destined_death] run data modify entity @s {} merge value {transformation:[0.00001628954353745654f,0.000001211121185754165f,1.5957326303469042e-7f,-0.059100291653481546f,0.000002432056319536735f,-0.00001595817417999924f,-0.000007326597266374741f,1.1730063012519971f,-2.71728878177708e-7f,0.000007476709951242524f,-0.0000162774608030507f,1.3578440271147736f,0f,0f,0f,1f],start_interpolation:0}
execute if entity @s[tag=aj.destined_death.bone.black_blade] run data modify entity @s {} merge value {transformation:[1.5910716943562198f,0.11829555767831376f,0.015586225691760457f,-0.0830362811086851f,0.2375496870245183f,-1.5587053850231813f,-0.7156211283435793f,2.271995891208208f,-0.02654096019410171f,0.7302832975632232f,-1.589891520297975f,3.799463147572378f,0f,0f,0f,1f],start_interpolation:0}
execute if entity @s[tag=aj.destined_death.bone.left_arm2] run data modify entity @s {} merge value {transformation:[0.8481440569903022f,-0.2772162624266942f,-0.18726123928237715f,-0.26130524103478464f,-0.29939917305508f,-0.8356760008450572f,-0.4370115808835567f,2.1645536904117035f,-0.03180870582035923f,0.47412737260970916f,-0.8797466149045892f,4.235842412447833f,0f,0f,0f,1f],start_interpolation:0}
execute if entity @s[tag=aj.destined_death.bone.left_arm] run data modify entity @s {} merge value {transformation:[0.8481440569903022f,-0.2772162624266942f,-0.18726123928237715f,-0.22459129951767043f,-0.29939917305508f,-0.8356760008450572f,-0.4370115808835567f,1.918209793568554f,-0.03180870582035923f,0.47412737260970916f,-0.8797466149045892f,4.350398167372716f,0f,0f,0f,1f],start_interpolation:0}
execute if entity @s[tag=aj.destined_death.bone.head] run data modify entity @s {} merge value {transformation:[0.9946501786801454f,-0.10308200299495865f,0.0067173439768336875f,-0.04397400182846413f,-0.011001753055704444f,-0.041051015698372106f,0.9990964795953559f,1.9613863940211753f,-0.10271311250885673f,-0.9938253945078482f,-0.04196548284082485f,4.265128093789991f,0f,0f,0f,1f],start_interpolation:0}
execute if entity @s[tag=aj.destined_death.bone.body_top] run data modify entity @s {} merge value {transformation:[0.9967019356605711f,-0.07709926458031693f,0.025317086160257952f,-0.013616166399964331f,0.016145208344970158f,0.49414614015925507f,0.8692289252050965f,1.7668163513334687f,-0.07952725129142299f,-0.8659534026533323f,0.4937611980858228f,4.60609724608474f,0f,0f,0f,1f],start_interpolation:0}
execute if entity @s[tag=aj.destined_death.bone.body] run data modify entity @s {} merge value {transformation:[0.9967019356605711f,-0.07459934915318069f,0.031940390673776624f,0.01902104885455222f,0.016145208344970158f,0.5680240575031494f,0.8228535728458353f,1.5183058261758409f,-0.07952725129142299f,-0.8196240645586126f,0.567355099649638f,4.964682774329133f,0f,0f,0f,1f],start_interpolation:0}
execute if entity @s[tag=aj.destined_death.locator_origin.player_camera] at @s on origin run tp @s ^0.02672 ^0.63442 ^5.05273 ~175 ~45
execute if entity @s[tag=aj.destined_death.bone.right_leg2] run data modify entity @s {} merge value {transformation:[0.9141275089181744f,-0.2745745431443043f,0.2982946826481333f,0.27475327854337805f,-0.0873775554218965f,0.5850375857074974f,0.806285424721318f,1.5092366088723763f,-0.39589905310261514f,-0.7631119469426747f,0.5108072984852645f,5.225117895647296f,0f,0f,0f,1f],start_interpolation:0}
execute if entity @s[tag=aj.destined_death.bone.right_leg] run data modify entity @s {} merge value {transformation:[0.9129484366239453f,-0.3784977043013907f,0.15252750540303298f,0.1387306660600658f,-0.08950018109372936f,0.17895494840671577f,0.9797779564906222f,1.57354854345604f,-0.398139259116813f,-0.9081379929720634f,0.12950102729549495f,4.898755804422961f,0f,0f,0f,1f],start_interpolation:0}
execute if entity @s[tag=aj.destined_death.bone.left_leg2] run data modify entity @s {} merge value {transformation:[0.9558719207880447f,0.26922658127830706f,-0.1175836680078075f,-0.2129391979527822f,-0.2165646949981045f,0.916178429743327f,0.3372192428575659f,1.2703430963244955f,0.19851600421465526f,-0.29687393419808206f,0.9340542078832473f,5.083902442476296f,0f,0f,0f,1f],start_interpolation:0}
execute if entity @s[tag=aj.destined_death.bone.left_leg] run data modify entity @s {} merge value {transformation:[0.9558719207880447f,0.28555461423279727f,-0.06904660266322665f,-0.11031800846287071f,-0.2165646949981045f,0.8437021137573406f,0.49118883957371606f,1.57354854345604f,0.19851600421465526f,-0.45456056310656134f,0.8683122079867895f,4.920544740109875f,0f,0f,0f,1f],start_interpolation:0}
execute if entity @s[tag=aj.destined_death.locator_origin.destined_death0] at @s on origin run tp @s ^0.01647 ^1.21292 ^1.65014 ~0 ~0
execute if entity @s[tag=aj.destined_death.locator_origin.destined_death1] at @s on origin run tp @s ^0.01647 ^1.21293 ^1.65014 ~0 ~0
execute if entity @s[tag=aj.destined_death.locator_origin.destined_death2] at @s on origin run tp @s ^0.01647 ^1.21291 ^1.65014 ~0 ~0