execute if entity @s[tag=aj.destined_death.bone.right_arm2] run data modify entity @s {} merge value {transformation:[0.77513035255488f,0.45696672853288234f,-0.22230520075624116f,0.11570161901483102f,-0.30898602920173845f,0.8457584431667441f,0.4084428197374239f,0.5393612062264802f,0.33719515166486286f,-0.27545247289890273f,0.885299305727543f,2.6067232977989323f,0f,0f,0f,1f],start_interpolation:0}
execute if entity @s[tag=aj.destined_death.bone.right_arm] run data modify entity @s {} merge value {transformation:[0.77513035255488f,0.30096909378178877f,-0.40945793173107115f,0.1909438924602782f,-0.30898602920173845f,0.9386680078666259f,-0.03217533512789539f,0.7740282081931367f,0.33719515166486286f,0.1682853992355523f,0.9117614545219167f,2.6487946476078204f,0f,0f,0f,1f],start_interpolation:0}
execute if entity @s[tag=aj.destined_death.locator_origin.black_blade0] at @s on origin run tp @s ^0.23861 ^-0.27246 ^5.20123 ~176.33118 ~-12.31054
execute if entity @s[tag=aj.destined_death.locator_origin.black_blade1] at @s on origin run tp @s ^0.15264 ^-0.08275 ^4.29779 ~176.33118 ~-12.31054
execute if entity @s[tag=aj.destined_death.locator_origin.black_blade2] at @s on origin run tp @s ^0.06667 ^0.10696 ^3.39434 ~176.33118 ~-12.31054
execute if entity @s[tag=aj.destined_death.locator_origin.black_blade3] at @s on origin run tp @s ^0.00936 ^0.23343 ^2.79204 ~176.33118 ~-12.31054
execute if entity @s[tag=aj.destined_death.locator_origin.black_blade4] at @s on origin run tp @s ^-0.04796 ^0.3599 ^2.18974 ~176.33118 ~-12.31054
execute if entity @s[tag=aj.destined_death.bone.destined_death] run data modify entity @s {} merge value {transformation:[0.000016280827884424402f,0.0000017980204128155603f,0.000001643012894303798f,0.25514709892615695f,-0.000002333131660809974f,0.000017295077868602f,-0.0000036255148810772286f,-0.34673269149141117f,-9.560985654430082e-7f,0.000003781518238175732f,0.00001726586817619656f,5.538036390825191f,0f,0f,0f,1f],start_interpolation:0}
execute if entity @s[tag=aj.destined_death.bone.black_blade] run data modify entity @s {} merge value {transformation:[1.590220398013546f,0.1756205984610547f,0.16048032921106864f,0.008695164780587294f,-0.22788727849771834f,1.68928667553787f,-0.3541200581517293f,0.19709454067017307f,-0.09338637150838683f,0.3693575953566993f,1.6864336358145477f,2.9481561643957064f,0f,0f,0f,1f],start_interpolation:0}
execute if entity @s[tag=aj.destined_death.bone.left_arm2] run data modify entity @s {} merge value {transformation:[0.8149548176810256f,-0.34263419584753635f,0.25032351779734635f,-0.2740657712061007f,0.20932622495501294f,0.8941713247189689f,0.38257287146864066f,0.529818102746545f,-0.3194231937173154f,-0.28820036413272776f,0.8893683907435663f,2.561508263552867f,0f,0f,0f,1f],start_interpolation:0}
execute if entity @s[tag=aj.destined_death.bone.left_arm] run data modify entity @s {} merge value {transformation:[0.8149548176810256f,-0.03440349045085932f,0.42293788618581324f,-0.18079729160868735f,0.20932622495501294f,0.8738887723468247f,-0.4268755948746614f,0.7744560739526277f,-0.3194231937173154f,0.4849070152214313f,0.79931268658084f,2.64280711814356f,0f,0f,0f,1f],start_interpolation:0}
execute if entity @s[tag=aj.destined_death.bone.head] run data modify entity @s {} merge value {transformation:[0.9999753253310416f,0.0057929782089574285f,-0.003973679975533215f,0.004169057756166664f,-0.0065812150426199124f,0.5747053056915634f,-0.8183339777978973f,0.8361275351367267f,-0.002456895935973409f,0.8183399373203273f,0.5747292498637273f,2.779481858972992f,0f,0f,0f,1f],start_interpolation:0}
execute if entity @s[tag=aj.destined_death.bone.body_top] run data modify entity @s {} merge value {transformation:[0.9999753253310416f,0.005012443794495642f,-0.004921802137879113f,0.0021954080120840055f,-0.0065812150426199124f,0.42341112433459965f,-0.9059137416985533f,0.669409404929978f,-0.002456895935973409f,0.9059237800151386f,0.42343366477577404f,2.422774370592031f,0f,0f,0f,1f],start_interpolation:0}
execute if entity @s[tag=aj.destined_death.bone.body] run data modify entity @s {} merge value {transformation:[0.9999753253310416f,0.005018075456192583f,-0.004916060190169245f,-2.498001805406602e-16f,-0.0065812150426199124f,0.42444802297622264f,-0.9054283866767923f,0.4837133948778806f,-0.002456895935973409f,0.9054383991803595f,0.424470574895443f,2.0266450709506234f,0f,0f,0f,1f],start_interpolation:0}
execute if entity @s[tag=aj.destined_death.locator_origin.player_camera] at @s on origin run tp @s ^0 ^0.24318 ^1.17154 ~-180 ~-35
execute if entity @s[tag=aj.destined_death.bone.right_leg2] run data modify entity @s {} merge value {transformation:[0.9967750833565864f,-0.0037053028196496803f,0.08016048858686557f,0.15378560477352987f,0.049849167572811146f,0.8114043485711421f,-0.5823555989360264f,0.3085533190823573f,-0.06288476518019372f,0.5844734843009177f,0.8089723434440615f,2.338150367706567f,0f,0f,0f,1f],start_interpolation:0}
execute if entity @s[tag=aj.destined_death.bone.right_leg] run data modify entity @s {} merge value {transformation:[0.9967750833565864f,-0.08009907415243167f,0.00485505091565093f,0.12499999999999975f,0.049849167572811146f,0.6654784814068893f,0.7447505966944088f,0.5477096483379581f,-0.06288476518019372f,-0.742106817853268f,0.6673252409462183f,2.0714557300405487f,0f,0f,0f,1f],start_interpolation:0}
execute if entity @s[tag=aj.destined_death.bone.left_leg2] run data modify entity @s {} merge value {transformation:[0.9767888004841216f,0.18965030919500275f,-0.09958112005310407f,-0.2019038819594859f,-0.1775669834368226f,0.45688426079210975f,-0.8716230484754259f,0.24807933887634653f,-0.1198065342205426f,0.8690739510897143f,0.47995506237081687f,1.8885408284701726f,0f,0f,0f,1f],start_interpolation:0}
execute if entity @s[tag=aj.destined_death.bone.left_leg] run data modify entity @s {} merge value {transformation:[0.9767888004841216f,0.2139934106698731f,0.009511016699907646f,-0.12500000000000025f,-0.1775669834368226f,0.8337539045888321f,-0.5228043543965791f,0.5477096483379581f,-0.1198065342205426f,0.5089805956740903f,0.8523996407702846f,2.0714557300405487f,0f,0f,0f,1f],start_interpolation:0}
execute if entity @s[tag=aj.destined_death.locator_origin.destined_death0] at @s on origin run tp @s ^0.01647 ^1.21292 ^1.65014 ~0 ~0
execute if entity @s[tag=aj.destined_death.locator_origin.destined_death1] at @s on origin run tp @s ^0.01647 ^1.21293 ^1.65014 ~0 ~0
execute if entity @s[tag=aj.destined_death.locator_origin.destined_death2] at @s on origin run tp @s ^0.01647 ^1.21291 ^1.65014 ~0 ~0