execute if entity @s[tag=aj.destined_death.bone.right_arm2] run data modify entity @s {} merge value {transformation:[-0.06931283318182417f,0.22317013485262727f,0.9717324193452321f,-0.5481119518829193f,0.7890746712269064f,0.47923244755593847f,-0.0405751065185147f,2.2743893574700165f,-0.4272667719170994f,0.8488411819176805f,-0.2325720660880706f,6.018086292773292f,0f,0f,0f,1f],start_interpolation:0}
execute if entity @s[tag=aj.destined_death.bone.right_arm] run data modify entity @s {} merge value {transformation:[-0.06931283318182417f,0.9952692394148576f,0.0592279070307975f,-0.29929464202920486f,0.7890746712269064f,0.09588943849740955f,-0.4712910922605006f,2.2983617170943687f,-0.4272667719170994f,0.015631911566502454f,-0.8799867961422239f,6.021994270664917f,0f,0f,0f,1f],start_interpolation:0}
execute if entity @s[tag=aj.destined_death.locator_origin.black_blade0] at @s on origin run tp @s ^-2.82587 ^2.01646 ^5.71067 ~-89.43281 ~-4.91152
execute if entity @s[tag=aj.destined_death.locator_origin.black_blade1] at @s on origin run tp @s ^-1.89203 ^2.0976 ^5.72462 ~-89.43281 ~-4.91152
execute if entity @s[tag=aj.destined_death.locator_origin.black_blade2] at @s on origin run tp @s ^-0.95818 ^2.17873 ^5.73857 ~-89.43281 ~-4.91152
execute if entity @s[tag=aj.destined_death.locator_origin.black_blade3] at @s on origin run tp @s ^-0.33561 ^2.23282 ^5.74786 ~-89.43281 ~-4.91152
execute if entity @s[tag=aj.destined_death.locator_origin.black_blade4] at @s on origin run tp @s ^0.28695 ^2.28691 ^5.75716 ~-89.43281 ~-4.91152
execute if entity @s[tag=aj.destined_death.bone.destined_death] run data modify entity @s {} merge value {transformation:[-0.1048941559985521f,0.0988407203575419f,-1.7846877162064176f,-3.173732307964457f,1.412315541636091f,-0.8655970793679865f,-0.15505528125708376f,1.9760189380836384f,-0.7718356343097713f,-1.5652590897997682f,-0.02665942147250937f,5.717645554573633f,0f,0f,0f,1f],start_interpolation:0}
execute if entity @s[tag=aj.destined_death.bone.black_blade] run data modify entity @s {} merge value {transformation:[-0.10245475702184159f,0.09654209895387814f,-1.743183350713245f,-0.4967007336548308f,1.3794709941561818f,-0.8454669147315217f,-0.1514493444836632f,2.208601859969264f,-0.7538859683955905f,-1.5288577156183782f,-0.02603943492663706f,5.7576346867823975f,0f,0f,0f,1f],start_interpolation:0}
execute if entity @s[tag=aj.destined_death.bone.left_arm2] run data modify entity @s {} merge value {transformation:[-0.0745686441832776f,0.9444311257299021f,-0.3180959844159017f,-0.14231945765716245f,0.7662762391183148f,-0.09879736915400764f,-0.5150984324484286f,2.1208484735344215f,-0.46611183493595043f,-0.3135106514949626f,-0.7959199391821077f,5.634930757348525f,0f,0f,0f,1f],start_interpolation:0}
execute if entity @s[tag=aj.destined_death.bone.left_arm] run data modify entity @s {} merge value {transformation:[-0.0745686441832776f,0.984601019392802f,0.15393517843438864f,0.09450971666812835f,0.7662762391183148f,0.15021165013348903f,-0.5025174379330093f,2.254185915957583f,-0.46611183493595043f,0.08942758397065687f,-0.8507527169592919f,5.599023673974195f,0f,0f,0f,1f],start_interpolation:0}
execute if entity @s[tag=aj.destined_death.bone.head] run data modify entity @s {} merge value {transformation:[-0.9559435142663639f,-0.013042853820950606f,0.2932607738792889f,-0.09371881265389478f,-0.1378401102900333f,0.9019719146851336f,-0.4092026015489947f,2.3377742652018356f,-0.25917581200278994f,-0.4315976703869463f,-0.8640320303028446f,5.741973214441765f,0f,0f,0f,1f],start_interpolation:0}
execute if entity @s[tag=aj.destined_death.bone.body_top] run data modify entity @s {} merge value {transformation:[-0.75778968331086f,0.06500754697023306f,-0.6492525045808751f,-0.11931553427342406f,0.26380856883996817f,0.940597708493862f,-0.21373111561656946f,1.9674139174823773f,0.5967912825052276f,-0.33324160846600254f,-0.7299247875724986f,5.873187097775253f,0f,0f,0f,1f],start_interpolation:0}
execute if entity @s[tag=aj.destined_death.bone.body] run data modify entity @s {} merge value {transformation:[-0.812302218438465f,0.06500754697023306f,-0.5796025575830919f,-0.14775633607290103f,0.2438471727206159f,0.940597708493862f,-0.2362509410187772f,1.5559024200163127f,0.5298147433547982f,-0.33324160846600254f,-0.7799015118018947f,6.01898030147913f,0f,0f,0f,1f],start_interpolation:0}
execute if entity @s[tag=aj.destined_death.locator_origin.player_camera] at @s on origin run tp @s ^-0.0893 ^1.33945 ^6.87851 ~-10.09763 ~-36.26684
execute if entity @s[tag=aj.destined_death.bone.right_leg2] run data modify entity @s {} merge value {transformation:[-0.8928482976552395f,0.24864240599107787f,-0.37549816419938553f,-0.40973387513545345f,0.39065059441818467f,0.8424526933583744f,-0.3710331151446457f,1.301628871451938f,0.22408487332896804f,-0.4779648662780446f,-0.8493147568180781f,5.999229561374346f,0f,0f,0f,1f],start_interpolation:0}
execute if entity @s[tag=aj.destined_death.bone.right_leg] run data modify entity @s {} merge value {transformation:[-0.8928482976552395f,0.3914717445046403f,-0.22264723359753277f,-0.2690487169540984f,0.39065059441818467f,0.9192003603241747f,0.049626713175732085f,1.6319665009434383f,0.22408487332896804f,-0.0426681477732635f,-0.9736351466081836f,5.98389569576833f,0f,0f,0f,1f],start_interpolation:0}
execute if entity @s[tag=aj.destined_death.bone.left_leg2] run data modify entity @s {} merge value {transformation:[-0.9464143198073132f,-0.3090400975256255f,-0.09377714745615096f,0.08299056422913828f,-0.19595481137372703f,0.780313869295183f,-0.5938955945998143f,1.2951151899959061f,0.25671316125814003f,-0.5436952119588069f,-0.7990581138627655f,6.109791450662428f,0f,0f,0f,1f],start_interpolation:0}
execute if entity @s[tag=aj.destined_death.bone.left_leg] run data modify entity @s {} merge value {transformation:[-0.9464143198073132f,-0.29125074612508806f,-0.1395454698126754f,-0.021677672659565245f,-0.19595481137372703f,0.8613322946936859f,-0.46873061561753826f,1.6046564834014494f,0.25671316125814003f,-0.41626876053733475f,-0.8722492028299959f,5.960194864844323f,0f,0f,0f,1f],start_interpolation:0}
execute if entity @s[tag=aj.destined_death.locator_origin.destined_death0] at @s on origin run tp @s ^0.01647 ^1.21292 ^1.65014 ~0 ~0
execute if entity @s[tag=aj.destined_death.locator_origin.destined_death1] at @s on origin run tp @s ^0.01647 ^1.21293 ^1.65014 ~0 ~0
execute if entity @s[tag=aj.destined_death.locator_origin.destined_death2] at @s on origin run tp @s ^0.01647 ^1.21291 ^1.65014 ~0 ~0