execute if entity @s[tag=aj.destined_death.bone.right_arm2] run data modify entity @s {} merge value {transformation:[0.6595421119854512f,-0.6790537006178337f,-0.04306068896025653f,0.5802418826649419f,0.30067194377438694f,0.3039579014823387f,0.8921884271096234f,1.1617145251164305f,-0.5334796947820061f,-0.6682033117275593f,0.44960603598920224f,3.3762559037658866f,0f,0f,0f,1f],start_interpolation:0}
execute if entity @s[tag=aj.destined_death.bone.right_arm] run data modify entity @s {} merge value {transformation:[0.6595421119854512f,-0.622211202170123f,0.2753568069805372f,0.4246890821224112f,0.30067194377438694f,0.6815807204071678f,0.6510286605911733f,1.3321097052182225f,-0.5334796947820061f,-0.3850986126477945f,0.7073473771339974f,3.279981250603938f,0f,0f,0f,1f],start_interpolation:0}
execute if entity @s[tag=aj.destined_death.locator_origin.black_blade0] at @s on origin run tp @s ^2.756 ^1.45999 ^5.51487 ~133.29301 ~3.78622
execute if entity @s[tag=aj.destined_death.locator_origin.black_blade1] at @s on origin run tp @s ^2.06639 ^1.38997 ^4.88874 ~133.29301 ~3.78622
execute if entity @s[tag=aj.destined_death.locator_origin.black_blade2] at @s on origin run tp @s ^1.37678 ^1.31996 ^4.2626 ~133.29301 ~3.78622
execute if entity @s[tag=aj.destined_death.locator_origin.black_blade3] at @s on origin run tp @s ^0.91704 ^1.27328 ^3.84517 ~133.29301 ~3.78622
execute if entity @s[tag=aj.destined_death.locator_origin.black_blade4] at @s on origin run tp @s ^0.45729 ^1.2266 ^3.42774 ~133.29301 ~3.78622
execute if entity @s[tag=aj.destined_death.bone.destined_death] run data modify entity @s {} merge value {transformation:[0.000009575731212040184f,-0.0000068012002955831814f,0.000013179274569636943f,3.006769749246813f,0.000007857827116657572f,0.00001550867612261826f,0.0000013380771425368468f,1.473848534368409f,-0.0000104499819621521f,0.00000582562986254222f,0.000011966213402139882f,5.7562524354767675f,0f,0f,0f,1f],start_interpolation:0}
execute if entity @s[tag=aj.destined_death.bone.black_blade] run data modify entity @s {} merge value {transformation:[0.9353039788504365f,-0.6643032846848689f,1.2872779812203525f,1.0298785638012715f,0.7675086951153907f,1.5148009236045739f,0.1306959069454594f,1.273136962987882f,-1.0206959125822979f,0.5690150098297052f,1.1687929369531975f,3.961320425155786f,0f,0f,0f,1f],start_interpolation:0}
execute if entity @s[tag=aj.destined_death.bone.left_arm2] run data modify entity @s {} merge value {transformation:[0.3526219479937348f,-0.9185104897438646f,0.053193459866688886f,0.5994716148630783f,0.47448132063505616f,0.27151540883932185f,0.8051943837132284f,1.2660946902285235f,-0.6786200985540559f,-0.2874332322354211f,0.5906204028511757f,3.787693013596927f,0f,0f,0f,1f],start_interpolation:0}
execute if entity @s[tag=aj.destined_death.bone.left_arm] run data modify entity @s {} merge value {transformation:[0.3526219479937348f,-0.8997284457856507f,0.1923012942916416f,0.41861724691588253f,0.47448132063505616f,0.39084427578726255f,0.7545192939115871f,1.423115924254721f,-0.6786200985540559f,-0.19424076793625836f,0.6274717900662301f,3.6543053092936058f,0f,0f,0f,1f],start_interpolation:0}
execute if entity @s[tag=aj.destined_death.bone.head] run data modify entity @s {} merge value {transformation:[-0.002897669813313112f,0.5874944087052572f,0.8092230367764583f,0.4705938354193114f,-0.007761922757661233f,0.8091888428950637f,-0.5874973779424484f,1.4833316686681004f,-0.9999656774433595f,-0.007983500122643341f,0.0022153241376011725f,3.434929778816098f,0f,0f,0f,1f],start_interpolation:0}
execute if entity @s[tag=aj.destined_death.bone.body_top] run data modify entity @s {} merge value {transformation:[-0.002897669813313112f,0.6475132772318906f,0.7620486594162278f,0.21563548250925446f,-0.007761922757661233f,0.7620143386660653f,-0.6475136293719409f,1.1832885228183372f,-0.9999656774433595f,-0.007791243529507927f,0.0028178820959695043f,3.437997580955842f,0f,0f,0f,1f],start_interpolation:0}
execute if entity @s[tag=aj.destined_death.bone.body] run data modify entity @s {} merge value {transformation:[-0.002897669813313112f,0.6475132772318906f,0.7620486594162278f,-0.06765157627969766f,-0.007761922757661233f,0.7620143386660653f,-0.6475136293719409f,0.8499072496519338f,-0.9999656774433595f,-0.007791243529507927f,0.0028178820959695043f,3.4414062500000018f,0f,0f,0f,1f],start_interpolation:0}
execute if entity @s[tag=aj.destined_death.locator_origin.player_camera] at @s on origin run tp @s ^-0.92276 ^0.60938 ^3.44141 ~90 ~-35
execute if entity @s[tag=aj.destined_death.bone.right_leg2] run data modify entity @s {} merge value {transformation:[-0.09665063774828322f,0.5989715784081413f,0.7949161606623114f,0.12140780936851822f,0.09805489201807552f,0.800500097477667f,-0.5912569932690597f,0.5880268469842105f,-0.9904765985999736f,0.020800052824579085f,-0.13610093838148601f,3.27006943415909f,0f,0f,0f,1f],start_interpolation:0}
execute if entity @s[tag=aj.destined_death.bone.right_leg] run data modify entity @s {} merge value {transformation:[-0.09665063774828322f,-0.4013877608578522f,0.9107944442388576f,-0.02284091718977241f,0.09805489201807552f,0.9067872170512716f,0.41002704928301165f,0.9139035031120112f,-0.9904765985999736f,0.12893722668775418f,-0.04828352928170255f,3.3164062500000018f,0f,0f,0f,1f],start_interpolation:0}
execute if entity @s[tag=aj.destined_death.bone.left_leg2] run data modify entity @s {} merge value {transformation:[-0.13985571885662448f,0.9189439230623706f,0.36875797505930147f,-0.24334315197392353f,-0.24484836645981883f,0.32875689292794297f,-0.9121228989529445f,0.6483021575754964f,-0.9594215212017368f,-0.2178553915309529f,0.17902338684049096f,3.6663316238015935f,0f,0f,0f,1f],start_interpolation:0}
execute if entity @s[tag=aj.destined_death.bone.left_leg] run data modify entity @s {} merge value {transformation:[-0.13985571885662448f,0.6135714359211173f,0.7771553711612594f,-0.022840917189772006f,-0.24484836645981883f,0.7390646136668237f,-0.6275609725496535f,0.9139035031120112f,-0.9594215212017368f,-0.27805321405660266f,0.04686955096582376f,3.5664062500000018f,0f,0f,0f,1f],start_interpolation:0}
execute if entity @s[tag=aj.destined_death.locator_origin.destined_death0] at @s on origin run tp @s ^0.01647 ^1.21292 ^1.65014 ~0 ~0
execute if entity @s[tag=aj.destined_death.locator_origin.destined_death1] at @s on origin run tp @s ^0.01647 ^1.21293 ^1.65014 ~0 ~0
execute if entity @s[tag=aj.destined_death.locator_origin.destined_death2] at @s on origin run tp @s ^0.01647 ^1.21291 ^1.65014 ~0 ~0