execute if entity @s[tag=aj.destined_death.bone.right_arm2] run data modify entity @s {} merge value {transformation:[0.7890642001638338f,0.3280505923104471f,-0.3517289978400505f,0.14500572297137326f,-0.212081557138306f,0.9304893115835826f,0.28046483099665703f,1.3402414486480454f,0.3773580542953876f,-0.16301058221316467f,0.8930992053811548f,-6.2182946437265185f,0f,0f,0f,1f],start_interpolation:0}
execute if entity @s[tag=aj.destined_death.bone.right_arm] run data modify entity @s {} merge value {transformation:[0.7890642001638338f,0.3280505923104471f,-0.3517289978400505f,0.22701837104898503f,-0.212081557138306f,0.9304893115835826f,0.28046483099665703f,1.572863776543941f,0.3773580542953876f,-0.16301058221316467f,0.8930992053811548f,-6.25904728927981f,0f,0f,0f,1f],start_interpolation:0}
execute if entity @s[tag=aj.destined_death.locator_origin.black_blade0] at @s on origin run tp @s ^0.04996 ^-0.75721 ^-4.19466 ~-176.73681 ~-43.2813
execute if entity @s[tag=aj.destined_death.locator_origin.black_blade1] at @s on origin run tp @s ^0.05082 ^-0.122 ^-4.86527 ~-176.73681 ~-43.2813
execute if entity @s[tag=aj.destined_death.locator_origin.black_blade2] at @s on origin run tp @s ^0.05168 ^0.51322 ^-5.53588 ~-176.73681 ~-43.2813
execute if entity @s[tag=aj.destined_death.locator_origin.black_blade3] at @s on origin run tp @s ^0.05225 ^0.93669 ^-5.98296 ~-176.73681 ~-43.2813
execute if entity @s[tag=aj.destined_death.locator_origin.black_blade4] at @s on origin run tp @s ^0.05282 ^1.36017 ^-6.43004 ~-176.73681 ~-43.2813
execute if entity @s[tag=aj.destined_death.bone.destined_death] run data modify entity @s {} merge value {transformation:[0.000016366488906047952f,-2.9335570338324334e-7f,-1.6403483367119872e-8f,0.034692394411355965f,-5.103733806039953e-7f,0.000013064016779895152f,-0.00001213961072454608f,-0.9980412402642589f,0.0000012496729697856398f,0.000012246053015937434f,0.00001281618379928423f,-3.949522698285932f,0f,0f,0f,1f],start_interpolation:0}
execute if entity @s[tag=aj.destined_death.bone.black_blade] run data modify entity @s {} merge value {transformation:[1.5985872884977068f,-0.02865334777231679f,-0.0016022007009744987f,0.037152916916423945f,-0.04985042322178558f,1.2760202436176658f,-1.1857294196068262f,0.8229003684176528f,0.12206108076976015f,1.1961261085334236f,1.2518133013254364f,-5.8719502681785665f,0f,0f,0f,1f],start_interpolation:0}
execute if entity @s[tag=aj.destined_death.bone.left_arm2] run data modify entity @s {} merge value {transformation:[0.839434140879378f,-0.2653714785316045f,0.24421323817132443f,-0.1851410387124407f,0.18963357054460145f,0.9505470553944518f,0.22817566403293205f,1.311522816377253f,-0.26341873898530166f,-0.16136379353153185f,0.942494435339014f,-6.153095594993392f,0f,0f,0f,1f],start_interpolation:0}
execute if entity @s[tag=aj.destined_death.bone.left_arm] run data modify entity @s {} merge value {transformation:[0.839434140879378f,-0.2653714785316045f,0.24421323817132443f,-0.14655464073541957f,0.18963357054460145f,0.9505470553944518f,0.22817566403293205f,1.572863776543941f,-0.26341873898530166f,-0.16136379353153185f,0.942494435339014f,-6.226363885749437f,0f,0f,0f,1f],start_interpolation:0}
execute if entity @s[tag=aj.destined_death.bone.head] run data modify entity @s {} merge value {transformation:[0.9961946980917455f,0.02410333309860346f,0.08375650916456483f,0.04484993027399842f,3.469446951953614e-18f,0.9609981686125298f,-0.27655473223823757f,1.634459301494269f,-0.08715574274765871f,0.2755023579879146f,0.95734128044768f,-6.189920861687291f,0f,0f,0f,1f],start_interpolation:0}
execute if entity @s[tag=aj.destined_death.bone.body_top] run data modify entity @s {} merge value {transformation:[0.9961946980917455f,0.05683772451957754f,0.06607266125511124f,0.022470076244414754f,3.469446951953614e-18f,0.7580987686194224f,-0.652139752674007f,1.3359579113503715f,-0.08715574274765871f,0.6496581640287082f,0.7552139739285498f,-6.445723763773595f,0f,0f,0f,1f],start_interpolation:0}
execute if entity @s[tag=aj.destined_death.bone.body] run data modify entity @s {} merge value {transformation:[0.9961946980917455f,0.05683772451957754f,0.06607266125511124f,-0.0023964282329004202f,3.469446951953614e-18f,0.7580987686194224f,-0.652139752674007f,1.0042897000793742f,-0.08715574274765871f,0.6496581640287082f,0.7552139739285498f,-6.729949210536154f,0f,0f,0f,1f],start_interpolation:0}
execute if entity @s[tag=aj.destined_death.locator_origin.player_camera] at @s on origin run tp @s ^-0.07847 ^0.8392 ^-7.59944 ~175 ~-40
execute if entity @s[tag=aj.destined_death.bone.right_leg2] run data modify entity @s {} merge value {transformation:[0.9464890298620658f,-0.10340435003570886f,0.30572218883237495f,0.2271653309654872f,0.11788996063249386f,0.9925957415257564f,-0.02925151426855155f,0.8472732674777781f,-0.30043380890444865f,0.06372781416796636f,0.9516713151968692f,-6.422511234286355f,0f,0f,0f,1f],start_interpolation:0}
execute if entity @s[tag=aj.destined_death.bone.right_leg] run data modify entity @s {} merge value {transformation:[0.9582140903055811f,-0.2800992107046404f,0.058053331536487444f,0.12650467711850705f,0.12871875100453378f,0.6034466913955235f,0.7869457248016719f,1.0641369221980443f,-0.2554549672245202f,-0.7465899294836713f,0.6142851430027313f,-6.690816990194549f,0f,0f,0f,1f],start_interpolation:0}
execute if entity @s[tag=aj.destined_death.bone.left_leg2] run data modify entity @s {} merge value {transformation:[0.9766511800967904f,0.2128064450734884f,-0.02942599787145895f,-0.19969577524555748f,-0.15441491130852425f,0.6001446200844266f,-0.784845507185522f,0.8027584294200331f,-0.14936032800287807f,0.7710641036378905f,0.6189924397761003f,-6.903291319476875f,0f,0f,0f,1f],start_interpolation:0}
execute if entity @s[tag=aj.destined_death.bone.left_leg] run data modify entity @s {} merge value {transformation:[0.9766511800967904f,0.2146832079057478f,0.007974500538855463f,-0.12254399740442937f,-0.15441491130852425f,0.7273140668605531f,-0.6687079207788279f,1.0641369221980443f,-0.14936032800287807f,0.6518629981752764f,0.7434824302085508f,-6.669028054507635f,0f,0f,0f,1f],start_interpolation:0}
execute if entity @s[tag=aj.destined_death.locator_origin.destined_death0] at @s on origin run tp @s ^-0.00823 ^1.12749 ^6.35078 ~0 ~7.14286
execute if entity @s[tag=aj.destined_death.locator_origin.destined_death1] at @s on origin run tp @s ^-0.00823 ^1.98032 ^6.07972 ~0 ~7.14286
execute if entity @s[tag=aj.destined_death.locator_origin.destined_death2] at @s on origin run tp @s ^-0.00823 ^0.42994 ^5.88543 ~0 ~7.14286
execute if entity @s[tag=aj.destined_death.bone.destined_blade] run data modify entity @s {} merge value {transformation:[-2.5f,-2.537951998177776e-17f,2.0252376139190168e-16f,0.016468749999999272f,0f,1.6537320110002869f,0.20723950774580857f,1.2039939285714287f,-3.061616997868383e-16f,0.20723950774580857f,-1.6537320110002869f,5.944779732142855f,0f,0f,0f,1f],start_interpolation:0}