execute if entity @s[tag=aj.destined_death.bone.right_arm2] run data modify entity @s {} merge value {transformation:[-0.11285285884915498f,0.0935320352625078f,0.9876885077378383f,-0.6027628404400587f,0.7914416503648642f,0.47138321714983344f,0.06700269724821167f,2.1779992531288634f,-0.41338159890990966f,0.8769547428283436f,-0.1413578800211272f,5.914228355441544f,0f,0f,0f,1f],start_interpolation:0}
execute if entity @s[tag=aj.destined_death.bone.right_arm] run data modify entity @s {} merge value {transformation:[-0.11285285884915498f,0.9701008973316719f,0.20780057491265463f,-0.3602376161071407f,0.7914416503648642f,0.20564927529740812f,-0.42941806484906214f,2.2294115719532153f,-0.41338159890990966f,0.12888997077327824f,-0.8788737376024256f,5.946450848134864f,0f,0f,0f,1f],start_interpolation:0}
execute if entity @s[tag=aj.destined_death.locator_origin.black_blade0] at @s on origin run tp @s ^-2.77871 ^1.64888 ^5.31142 ~-81.41788 ~-11.97355
execute if entity @s[tag=aj.destined_death.locator_origin.black_blade1] at @s on origin run tp @s ^-1.87155 ^1.84447 ^5.44436 ~-81.41788 ~-11.97355
execute if entity @s[tag=aj.destined_death.locator_origin.black_blade2] at @s on origin run tp @s ^-0.96439 ^2.04007 ^5.5773 ~-81.41788 ~-11.97355
execute if entity @s[tag=aj.destined_death.locator_origin.black_blade3] at @s on origin run tp @s ^-0.35961 ^2.17046 ^5.66593 ~-81.41788 ~-11.97355
execute if entity @s[tag=aj.destined_death.locator_origin.black_blade4] at @s on origin run tp @s ^0.24516 ^2.30086 ^5.75455 ~-81.41788 ~-11.97355
execute if entity @s[tag=aj.destined_death.bone.destined_death] run data modify entity @s {} merge value {transformation:[-0.192742184968237f,0.39740606630397196f,-1.7336878613993258f,-3.1167766164355957f,1.4199034308960918f,-0.7798752023230207f,-0.3738028543434916f,1.565368238464775f,-0.7403896662130113f,-1.5629316724247344f,-0.25406392509837994f,5.273696059701208f,0f,0f,0f,1f],start_interpolation:0}
execute if entity @s[tag=aj.destined_death.bone.black_blade] run data modify entity @s {} merge value {transformation:[-0.18825980857362684f,0.3881640647620191f,-1.6933695390412018f,-0.5162448243366067f,1.3868824208752524f,-0.7617385697108574f,-0.3651097647075964f,2.126072519980012f,-0.7231713018824761f,-1.5265844242288102f,-0.248155461723999f,5.6547919473487775f,0f,0f,0f,1f],start_interpolation:0}
execute if entity @s[tag=aj.destined_death.bone.left_arm2] run data modify entity @s {} merge value {transformation:[-0.11122264462008216f,0.9778620253371588f,-0.16885990043819366f,-0.14297296673217896f,0.7696276980794846f,0.01861154118303643f,-0.5180598074082957f,2.0847109770813272f,-0.453103442574197f,-0.20842137591499887f,-0.8385108049226814f,5.575198732364011f,0f,0f,0f,1f],start_interpolation:0}
execute if entity @s[tag=aj.destined_death.bone.left_arm] run data modify entity @s {} merge value {transformation:[-0.11122264462008216f,0.9453450346859984f,0.301745873156561f,0.07946046136181037f,0.7696276980794846f,0.2557220362950852f,-0.45093080807394764f,2.244844948415034f,-0.453103442574197f,0.20230918305312567f,-0.8400064490006973f,5.569138097805517f,0f,0f,0f,1f],start_interpolation:0}
execute if entity @s[tag=aj.destined_death.bone.head] run data modify entity @s {} merge value {transformation:[-0.9194037449613089f,-0.07789436205802655f,0.38552460636215335f,-0.13147344562198635f,-0.22221898101472498f,0.9116306152806334f,-0.3457576402045676f,2.3016647604118505f,-0.3245234632933305f,-0.40356175443496495f,-0.8554662074737233f,5.69214199347227f,0f,0f,0f,1f],start_interpolation:0}
execute if entity @s[tag=aj.destined_death.bone.body_top] run data modify entity @s {} merge value {transformation:[-0.8431515576535039f,-0.00778760375577219f,-0.5376195718667738f,-0.12840707664315104f,0.15576846694125607f,0.953477080613434f,-0.25810393536646103f,1.9262331599203106f,0.514617951040615f,-0.3013649116480326f,-0.8027126226079497f,5.810804427433683f,0f,0f,0f,1f],start_interpolation:0}
execute if entity @s[tag=aj.destined_death.bone.body] run data modify entity @s {} merge value {transformation:[-0.886799744523944f,-0.00778760375577219f,-0.46208826682789805f,-0.12500000000000072f,0.13268048070380115f,0.953477080613434f,-0.27069788840161224f,1.5090869371519333f,0.44269865953318166f,-0.3013649116480326f,-0.8445099684875825f,5.942651576279697f,0f,0f,0f,1f],start_interpolation:0}
execute if entity @s[tag=aj.destined_death.locator_origin.player_camera] at @s on origin run tp @s ^-0.125 ^1.26856 ^6.79776 ~0 ~-35
execute if entity @s[tag=aj.destined_death.bone.right_leg2] run data modify entity @s {} merge value {transformation:[-0.9473779522772772f,0.20244284867965032f,-0.24797562089322678f,-0.35568190899472923f,0.28512716508365793f,0.8857881208166457f,-0.36617196062980056f,1.229958030547947f,0.14552496442284257f,-0.41760782803796187f,-0.8968980915862996f,5.882129479724011f,0f,0f,0f,1f],start_interpolation:0}
execute if entity @s[tag=aj.destined_death.bone.right_leg] run data modify entity @s {} merge value {transformation:[-0.9473779522772772f,0.29407139894185325f,-0.12647935745920955f,-0.2500000000000007f,0.28512716508365793f,0.954783054091308f,0.0842129405224104f,1.5730831906120109f,0.14552496442284257f,0.043718782513422205f,-0.9883881589665441f,5.897840917189772f,0f,0f,0f,1f],start_interpolation:0}
execute if entity @s[tag=aj.destined_death.bone.left_leg2] run data modify entity @s {} merge value {transformation:[-0.9393931380837132f,-0.3381388625800013f,0.056591887531135386f,0.123204118545197f,-0.3046512233111117f,0.7475876902877279f,-0.5901697022597003f,1.2716710488063867f,0.15725191336284877f,-0.5716421563735158f,-0.8052931645061692f,6.049899644563926f,0f,0f,0f,1f],start_interpolation:0}
execute if entity @s[tag=aj.destined_death.bone.left_leg] run data modify entity @s {} merge value {transformation:[-0.9393931380837132f,-0.34282885160402843f,-0.0029850676871287733f,-7.216449660063518e-16f,-0.3046512233111117f,0.8387120467634757f,-0.45138645831356594f,1.5730831906120109f,0.15725191336284877f,-0.4231199370411235f,-0.8923235705852663f,5.897840917189772f,0f,0f,0f,1f],start_interpolation:0}
execute if entity @s[tag=aj.destined_death.locator_origin.destined_death0] at @s on origin run tp @s ^0.01647 ^1.21292 ^1.65014 ~0 ~0
execute if entity @s[tag=aj.destined_death.locator_origin.destined_death1] at @s on origin run tp @s ^0.01647 ^1.21293 ^1.65014 ~0 ~0
execute if entity @s[tag=aj.destined_death.locator_origin.destined_death2] at @s on origin run tp @s ^0.01647 ^1.21291 ^1.65014 ~0 ~0