execute if entity @s[tag=aj.destined_death.bone.right_arm2] run data modify entity @s {} merge value {transformation:[-0.1118283299725895f,0.2919106552578031f,0.9483402276561077f,-0.6097138011168944f,0.7910053686135532f,0.47598368035062744f,-0.031358756762971673f,1.9403909010084575f,-0.4144935843171496f,0.829594904388179f,-0.31570150614693315f,4.04822140729162f,0f,0f,0f,1f],start_interpolation:0}
execute if entity @s[tag=aj.destined_death.bone.right_arm] run data modify entity @s {} merge value {transformation:[-0.1118283299725895f,0.9921839126553692f,-0.011493542176401694f,-0.3616678229530521f,0.7910053686135532f,0.10467511885051474f,-0.46538903626909617f,1.9665596807210861f,-0.4144935843171496f,-0.0679279247549397f,-0.8850316058812595f,4.031239426102885f,0f,0f,0f,1f],start_interpolation:0}
execute if entity @s[tag=aj.destined_death.locator_origin.black_blade0] at @s on origin run tp @s ^-2.7911 ^1.42731 ^3.46388 ~-82.74321 ~-11.18404
execute if entity @s[tag=aj.destined_death.locator_origin.black_blade1] at @s on origin run tp @s ^-1.87852 ^1.61024 ^3.57617 ~-82.74321 ~-11.18404
execute if entity @s[tag=aj.destined_death.locator_origin.black_blade2] at @s on origin run tp @s ^-0.96594 ^1.79316 ^3.68845 ~-82.74321 ~-11.18404
execute if entity @s[tag=aj.destined_death.locator_origin.black_blade3] at @s on origin run tp @s ^-0.35755 ^1.91511 ^3.76331 ~-82.74321 ~-11.18404
execute if entity @s[tag=aj.destined_death.locator_origin.black_blade4] at @s on origin run tp @s ^0.25083 ^2.03707 ^3.83817 ~-82.74321 ~-11.18404
execute if entity @s[tag=aj.destined_death.bone.destined_death] run data modify entity @s {} merge value {transformation:[-0.18823995372012772f,0.3519303928443779f,-1.7440425228872531f,-3.131080400967342f,1.4193039443547566f,-0.7924303729769265f,-0.34959342048494946f,1.3485744810470492f,-0.7426938764621067f,-1.56751122100545f,-0.2145944347596327f,3.433898310535123f,0f,0f,0f,1f],start_interpolation:0}
execute if entity @s[tag=aj.destined_death.bone.black_blade] run data modify entity @s {} merge value {transformation:[-0.18386228037779917f,0.34374596510381095f,-1.7034833944480146f,-0.5150166166364623f,1.38629687588139f,-0.7740017596518817f,-0.34146334093878783f,1.8729646117744734f,-0.7254219258467088f,-1.5310574716797418f,-0.20960386650940865f,3.755789962674572f,0f,0f,0f,1f],start_interpolation:0}
execute if entity @s[tag=aj.destined_death.bone.left_arm2] run data modify entity @s {} merge value {transformation:[-0.10990815825662473f,0.9732569711326503f,-0.19457011793782128f,-0.14420527228603086f,0.7691741809142839f,0.0034371301275904764f,-0.5192129730081797f,1.8258161248320426f,-0.4541929944015839f,-0.2296933918905499f,-0.8322021135912053f,3.668304513243844f,0f,0f,0f,1f],start_interpolation:0}
execute if entity @s[tag=aj.destined_death.bone.left_arm] run data modify entity @s {} merge value {transformation:[-0.10990815825662473f,0.9531319589956506f,0.276814254318219f,0.08033919768080369f,0.7691741809142839f,0.24279464191838207f,-0.4589604417150038f,1.9826615579259235f,-0.4541929944015839f,0.18052764496563478f,-0.8442328953239248f,3.6566623001850544f,0f,0f,0f,1f],start_interpolation:0}
execute if entity @s[tag=aj.destined_death.bone.head] run data modify entity @s {} merge value {transformation:[-0.9898429317029201f,-0.07716724600140488f,-0.11939927429564473f,-0.13146719026845338f,-0.021434057887926822f,0.911267811149383f,-0.4112560729344546f,2.0391306360702663f,0.14054021388992166f,-0.40451970595704123f,-0.9036660089724543f,3.778321084238722f,0f,0f,0f,1f],start_interpolation:0}
execute if entity @s[tag=aj.destined_death.bone.body_top] run data modify entity @s {} merge value {transformation:[-0.8466420459081454f,-0.007780078518439556f,-0.532105925994737f,-0.12840378435181782f,0.1543784788403783f,0.9533044498265659f,-0.25957255481232855f,1.663767008951056f,0.50927844188754f,-0.30191074230493253f,-0.8059065530875674f,3.897198439021289f,0f,0f,0f,1f],start_interpolation:0}
execute if entity @s[tag=aj.destined_death.bone.body] run data modify entity @s {} merge value {transformation:[-0.8907277990232949f,-0.007780078518439556f,-0.45447052536480687f,-0.1250000000000005f,0.13061110429182504f,0.9533044498265659f,-0.272307483144585f,1.2466963121519334f,0.43536734774531105f,-0.30191074230493253f,-0.8481186097463598f,4.029284388779697f,0f,0f,0f,1f],start_interpolation:0}
execute if entity @s[tag=aj.destined_death.locator_origin.player_camera] at @s on origin run tp @s ^-0.125 ^1.00617 ^4.88439 ~0 ~-35
execute if entity @s[tag=aj.destined_death.bone.right_leg2] run data modify entity @s {} merge value {transformation:[-0.9463949113955089f,0.21713950716085723f,-0.23913825732121347f,-0.3602566363867129f,0.28770364303169116f,0.9032216386584101f,-0.31846080645113833f,0.9718557916331241f,0.1468444260807337f,-0.37019063452383033f,-0.9172761899449171f,3.9377457363959336f,0f,0f,0f,1f],start_interpolation:0}
execute if entity @s[tag=aj.destined_death.bone.right_leg] run data modify entity @s {} merge value {transformation:[-0.9463949113955089f,0.3068010751630258f,-0.10104341623034266f,-0.2500000000000005f,0.28770364303169116f,0.942850153680381f,0.16810770800642877f,1.310692565612011f,0.1468444260807337f,0.13002572046980926f,-0.9805763746620284f,3.984473729689771f,0f,0f,0f,1f],start_interpolation:0}
execute if entity @s[tag=aj.destined_death.bone.left_leg2] run data modify entity @s {} merge value {transformation:[-0.9393931380837133f,-0.33392666384775943f,0.07767570593653528f,0.12319121899730288f,-0.30465122331111155f,0.7091248013250573f,-0.6358692068977245f,1.0079633908977057f,0.15725191336284872f,-0.6209951685135751f,-0.7678781390471535f,4.133903850360786f,0f,0f,0f,1f],start_interpolation:0}
execute if entity @s[tag=aj.destined_death.bone.left_leg] run data modify entity @s {} merge value {transformation:[-0.9393931380837133f,-0.34279295720988767f,-0.0057896984838369785f,-4.996003610813204e-16f,-0.30465122331111155f,0.842376833987632f,-0.4445097318349922f,1.310692565612011f,0.15725191336284872f,-0.41580555317151974f,-0.8957553112850907f,3.984473729689771f,0f,0f,0f,1f],start_interpolation:0}
execute if entity @s[tag=aj.destined_death.locator_origin.destined_death0] at @s on origin run tp @s ^0.01647 ^1.21292 ^1.65014 ~0 ~0
execute if entity @s[tag=aj.destined_death.locator_origin.destined_death1] at @s on origin run tp @s ^0.01647 ^1.21293 ^1.65014 ~0 ~0
execute if entity @s[tag=aj.destined_death.locator_origin.destined_death2] at @s on origin run tp @s ^0.01647 ^1.21291 ^1.65014 ~0 ~0