execute if entity @s[tag=aj.destined_death.bone.right_arm2] run data modify entity @s {} merge value {transformation:[0.1273811548137645f,0.8148467090471673f,0.5621323626145325f,-0.12458341499621661f,0.8257828994940694f,0.10518292507738544f,-0.38348822996669707f,2.196247206564778f,-0.33444976349443f,0.5700538509888047f,-0.7327646173079145f,5.032066601332357f,0f,0f,0f,1f],start_interpolation:0}
execute if entity @s[tag=aj.destined_death.bone.right_arm] run data modify entity @s {} merge value {transformation:[0.1273811548137645f,0.7293923576821695f,-0.6692942110151865f,0.05776467442432576f,0.8257828994940694f,-0.35045860730364636f,-0.1878974050316124f,2.108632554738866f,-0.33444976349443f,-0.5875079174969776f,-0.7188461756759545f,4.885189621958112f,0f,0f,0f,1f],start_interpolation:0}
execute if entity @s[tag=aj.destined_death.locator_origin.black_blade0] at @s on origin run tp @s ^-1.85229 ^3.09544 ^6.24649 ~-132.43918 ~22.53585
execute if entity @s[tag=aj.destined_death.locator_origin.black_blade1] at @s on origin run tp @s ^-1.21057 ^2.73703 ^5.66471 ~-132.43918 ~22.53585
execute if entity @s[tag=aj.destined_death.locator_origin.black_blade2] at @s on origin run tp @s ^-0.56885 ^2.37862 ^5.08294 ~-132.43918 ~22.53585
execute if entity @s[tag=aj.destined_death.locator_origin.black_blade3] at @s on origin run tp @s ^-0.14103 ^2.13968 ^4.69508 ~-132.43918 ~22.53585
execute if entity @s[tag=aj.destined_death.locator_origin.black_blade4] at @s on origin run tp @s ^0.28678 ^1.90074 ^4.30723 ~-132.43918 ~22.53585
execute if entity @s[tag=aj.destined_death.bone.destined_death] run data modify entity @s {} merge value {transformation:[0.000002445979495894645f,-0.00001280576466443498f,-0.000012264013947144168f,-2.0898573005570698f,0.000014575291760474736f,-0.000003335142684136812f,0.000006849638834243745f,3.2168822444589154f,-0.000006459041401106274f,-0.000012076207856513042f,0.000011118416283666813f,6.473467574569433f,0f,0f,0f,1f],start_interpolation:0}
execute if entity @s[tag=aj.destined_death.bone.black_blade] run data modify entity @s {} merge value {transformation:[0.23890962518040715f,-1.2507956183866722f,-1.1978804320466394f,-0.2502552084854449f,1.4236331486975322f,-0.3257581226366188f,0.6690344907865983f,2.189436419322354f,-0.6308831135964267f,-1.1795365813338319f,1.0859848463116422f,4.805705132019412f,0f,0f,0f,1f],start_interpolation:0}
execute if entity @s[tag=aj.destined_death.bone.left_arm2] run data modify entity @s {} merge value {transformation:[0.09150500431008818f,0.42037827015607016f,-0.901634553594288f,-0.13302512558063434f,0.819163550665836f,-0.40512947582576925f,-0.08625160290098627f,1.9952078601563976f,-0.36138333033878434f,-0.8118818989223289f,-0.4238110342615439f,4.4893305379880974f,0f,0f,0f,1f],start_interpolation:0}
execute if entity @s[tag=aj.destined_death.bone.left_arm] run data modify entity @s {} merge value {transformation:[0.09150500431008818f,0.7892085844281067f,-0.6056505333272355f,0.07571514606515337f,0.819163550665836f,-0.31952767586844255f,-0.2635740797953461f,2.0177213850225164f,-0.36138333033878434f,-0.5244538822614384f,-0.7508103195484672f,4.31304415113039f,0f,0f,0f,1f],start_interpolation:0}
execute if entity @s[tag=aj.destined_death.bone.head] run data modify entity @s {} merge value {transformation:[-0.8627634395690738f,0.2100832072261353f,-0.45989595930440813f,0.06738848670703423f,0.36277614244253376f,0.89079195009217f,-0.2736478980834739f,2.1311924763300425f,0.3521827903482161f,-0.40293268382270697f,-0.8447559023114162f,4.53644186974321f,0f,0f,0f,1f],start_interpolation:0}
execute if entity @s[tag=aj.destined_death.bone.body_top] run data modify entity @s {} merge value {transformation:[-0.059213815568120304f,0.3454290418085825f,-0.9365748774770062f,-0.06862419850509516f,0.38846641593805714f,0.8722393238939762f,0.29714038019296507f,1.7877482425467894f,0.9195583547193212f,-0.3462330702405302f,-0.18583620028861728f,4.6727711411504185f,0f,0f,0f,1f],start_interpolation:0}
execute if entity @s[tag=aj.destined_death.bone.body] run data modify entity @s {} merge value {transformation:[-0.14579624072754754f,0.3454290418085825f,-0.927050286265486f,-0.21974940429635f,0.41434336363136326f,0.8722393238939762f,0.2598425270574994f,1.4061435383431748f,0.8983668700505172f,-0.3462330702405302f,-0.2702954455174064f,4.82424810938065f,0f,0f,0f,1f],start_interpolation:0}
execute if entity @s[tag=aj.destined_death.locator_origin.player_camera] at @s on origin run tp @s ^0.16092 ^0.96783 ^5.49658 ~-56.34244 ~-14.04457
execute if entity @s[tag=aj.destined_death.bone.right_leg2] run data modify entity @s {} merge value {transformation:[-0.3052129008166762f,0.3565583858566588f,-0.8830125721926976f,-0.5434721100481383f,0.6601911701280434f,0.7474793740081861f,0.07363561853678735f,1.3064950173825396f,0.6862890819909893f,-0.5604825625366272f,-0.4635370460193458f,4.9657788067362f,0f,0f,0f,1f],start_interpolation:0}
execute if entity @s[tag=aj.destined_death.bone.right_leg] run data modify entity @s {} merge value {transformation:[-0.3052129008166762f,0.722270699960899f,-0.6206207546908684f,-0.2839060772496903f,0.6601911701280434f,0.6301649328361149f,0.4087049991235976f,1.5329605401205184f,0.6862890819909893f,-0.28498630388432333f,-0.6691712057002435f,4.863361853777771f,0f,0f,0f,1f],start_interpolation:0}
execute if entity @s[tag=aj.destined_death.bone.left_leg2] run data modify entity @s {} merge value {transformation:[-0.6183811079383403f,-0.11225987696633631f,-0.7778190826718344f,-0.14611092279928367f,0.1669385462848483f,0.9483926943270506f,-0.26959751317728964f,1.0577011796359606f,0.7679429191738487f,-0.296561995829844f,-0.5677276244117131f,4.771819558457932f,0f,0f,0f,1f],start_interpolation:0}
execute if entity @s[tag=aj.destined_death.bone.left_leg] run data modify entity @s {} merge value {transformation:[-0.6183811079383403f,0.020125072383565507f,-0.7856206379713476f,-0.13887847491143981f,0.1669385462848483f,0.9802212436489549f,-0.1062912755761159f,1.4099681890723037f,0.7679429191738487f,-0.1968788839892499f,-0.6095099489999282f,4.701066209524296f,0f,0f,0f,1f],start_interpolation:0}
execute if entity @s[tag=aj.destined_death.locator_origin.destined_death0] at @s on origin run tp @s ^0.01647 ^1.21292 ^1.65014 ~0 ~0
execute if entity @s[tag=aj.destined_death.locator_origin.destined_death1] at @s on origin run tp @s ^0.01647 ^1.21293 ^1.65014 ~0 ~0
execute if entity @s[tag=aj.destined_death.locator_origin.destined_death2] at @s on origin run tp @s ^0.01647 ^1.21291 ^1.65014 ~0 ~0