# This file was generated by Animated Java via MC-Build. It is not recommended to edit this file directly.
$data merge entity $(bone_black_knight_shield) { transformation: [0.9082035525710432f,-0.33782755526056313f,0.247060417720054f,0.5656456550594404f,0.36146689532134885f,0.9306928261226167f,-0.056147546612848216f,1.1807220164117616f,-0.21096916998481413f,0.14029756345200045f,0.9673720085909818f,-0.3342876089214282f,0f,0f,0f,1f], start_interpolation: 0, interpolation_duration: 1 }
$data merge entity $(bone_right_arm2) { transformation: [0.9082035525710432f,-0.33782755526056313f,0.247060417720054f,0.3368509818635267f,0.36146689532134885f,0.9306928261226167f,-0.056147546612848216f,1.1229434000186862f,-0.21096916998481413f,0.14029756345200045f,0.9673720085909818f,-0.279183311400568f,0f,0f,0f,1f], start_interpolation: 0, interpolation_duration: 1 }
$data merge entity $(bone_right_arm) { transformation: [0.9082035525710432f,-0.33782755526056313f,0.247060417720054f,0.2523940930483859f,0.36146689532134885f,0.9306928261226167f,-0.056147546612848216f,1.3556166065493405f,-0.21096916998481413f,0.14029756345200045f,0.9673720085909818f,-0.24410892053756789f,0f,0f,0f,1f], start_interpolation: 0, interpolation_duration: 1 }
$data merge entity $(bone_flame_slash) { transformation: [0.0000030860251501514344f,-0.0000047126945706622605f,-0.000009738041828636973f,-0.9615401664918699f,0.0000021295454853702117f,0.000010192985746314968f,-0.000004258001597129737f,2.5096172102304988f,0.00001060678956133157f,-6.753158217238056e-7f,0.0000036881518057907134f,-0.4653855182881315f,0f,0f,0f,1f], start_interpolation: 0, interpolation_duration: 1 }
$data merge entity $(bone_sword_body) { transformation: [0.27760293519296114f,-0.4239297419269502f,-0.8759841100221755f,-0.9617136908828787f,0.19156294864825732f,0.9169085227378005f,-0.383027902854754f,2.94995146645288f,0.95413218361335f,-0.06074793469637652f,0.3317671492970435f,0.04286899567865894f,0f,0f,0f,1f], start_interpolation: 0, interpolation_duration: 1 }
$data merge entity $(bone_ringed_knight_straight_sword) { transformation: [0.27431334668012747f,-0.4189061840588676f,-0.8656037181010643f,-0.592755953911676f,0.18929293203290767f,0.9060431774502193f,-0.37848903085597657f,2.1547449861386303f,0.9428257387850283f,-0.06002807304211605f,0.3278357160702856f,0.11024232566433895f,0f,0f,0f,1f], start_interpolation: 0, interpolation_duration: 1 }
$data merge entity $(bone_left_arm2) { transformation: [0.8656037181010642f,0.4189061840588677f,-0.27431334668012763f,-0.4346880690172228f,0.3784890308559766f,-0.9060431774502193f,-0.18929293203290776f,1.6621402549675062f,-0.32783571607028583f,0.060028073042116006f,-0.9428257387850282f,0.13802273864115286f,0f,0f,0f,1f], start_interpolation: 0, interpolation_duration: 1 }
$data merge entity $(bone_left_arm) { transformation: [0.8656037181010642f,0.3649080450852109f,-0.3428882060405454f,-0.23526059298328708f,0.3784890308559766f,-0.9251487184095364f,-0.029084400404634714f,1.478164204222119f,-0.32783571607028583f,-0.10460385966723845f,-0.9389258627875794f,0.07089230921555752f,0f,0f,0f,1f], start_interpolation: 0, interpolation_duration: 1 }
$data merge entity $(bone_head) { transformation: [0.999141395716054f,0.029511077059348023f,0.029078646759657878f,0.0050644648420766014f,-0.02821729720410568f,0.9986355608298181f,-0.043940878286736595f,1.497245106555723f,-0.030335713360178485f,0.04308262964248877f,0.9986108508913857f,-0.05152196485969514f,0f,0f,0f,1f], start_interpolation: 0, interpolation_duration: 1 }
$data merge entity $(bone_body_top) { transformation: [0.7973713914090284f,0.012862132932258035f,0.6033518291170279f,0f,0.006571911922651092f,0.9995285042240769f,-0.029992986134434973f,1.1036807580174928f,-0.6034531250529002f,0.027880724165853646f,0.7969109053613688f,-0.06250000000000001f,0f,0f,0f,1f], start_interpolation: 0, interpolation_duration: 1 }
$data merge entity $(bone_body) { transformation: [0.8398937941959993f,0f,0.5427507848645162f,0f,0f,1f,0f,0.6661807580174928f,-0.5427507848645162f,0f,0.8398937941959993f,-0.06250000000000001f,0f,0f,0f,1f], start_interpolation: 0, interpolation_duration: 1 }
$data merge entity $(bone_right_leg2) { transformation: [0.9597715804500904f,-0.18757030650761392f,0.20893992791464103f,0.20163231630803805f,0.22177725872582227f,0.9627926964399057f,-0.15441849369177f,0.394018802123727f,-0.17220151239868745f,0.19454460619255237f,0.9656598963035533f,-0.08651931000140868f,0f,0f,0f,1f], start_interpolation: 0, interpolation_duration: 1 }
$data merge entity $(bone_right_leg) { transformation: [0.9597715804500904f,-0.21323774972671455f,0.1826695799847984f,0.125f,0.22177725872582227f,0.9747115294435222f,-0.027427757508212615f,0.7443057580174928f,-0.17220151239868745f,0.06683634087348497f,0.9827917086881879f,-0.06250000000000001f,0f,0f,0f,1f], start_interpolation: 0, interpolation_duration: 1 }
$data merge entity $(bone_left_leg2) { transformation: [0.9780463385441935f,0.18217754074105463f,0.10117659467405524f,-0.17173170456323994f,-0.1601781226988932f,0.9677952513876321f,-0.19420432641990332f,0.3960850022720721f,-0.13329789446557289f,0.17373455338847085f,0.9757294585539343f,0.013056890365486643f,0f,0f,0f,1f], start_interpolation: 0, interpolation_duration: 1 }
$data merge entity $(bone_left_leg) { transformation: [0.9780463385441935f,0.13003604748031983f,0.16283729921609696f,-0.125f,-0.1601781226988932f,0.9689621029437792f,0.18829607554972436f,0.7443057580174928f,-0.13329789446557289f,-0.21024526014744113f,0.968518766940827f,-0.06250000000000001f,0f,0f,0f,1f], start_interpolation: 0, interpolation_duration: 1 }
data modify entity @s data merge value {"locators":{"rkss1":{"posx":-0.5911315731386224,"posy":2.1711883553510147,"posz":0.11046829223948082,"roty":249.25649455560654,"rotx":-22.240121112752966},"rkss2":{"posx":-0.6958581191533393,"posy":2.39769914971357,"posz":0.09546127397895182,"roty":249.25649455560654,"rotx":-22.240121112752966},"rkss3":{"posx":-0.8005846651680563,"posy":2.6242099440761244,"posz":0.0804542557184228,"roty":249.25649455560654,"rotx":-22.240121112752966},"rkss4":{"posx":-0.9053112111827731,"posy":2.8507207384386795,"posz":0.0654472374578938,"roty":249.25649455560654,"rotx":-22.240121112752966},"rkss5":{"posx":-1.0362193937011692,"posy":3.133859231391873,"posz":0.04668846463223253,"roty":249.25649455560654,"rotx":-22.240121112752966},"player_camera":{"posx":0,"posy":-0.14631924198250723,"posz":0.5625,"roty":180,"rotx":0}},"cameras":{}}