# This file was generated by Animated Java via MC-Build. It is not recommended to edit this file directly.
$data merge entity $(bone_black_knight_shield) { transformation: [0.7942141230145603f,-0.09003219948231506f,0.6009310525015241f,0.4102954532609197f,0.44917092572333933f,0.7530310151596602f,-0.4808219729717538f,1.213602308145636f,-0.40923026072011265f,0.6517963587379022f,0.6385077136941733f,-0.583903109289621f,0f,0f,0f,1f], start_interpolation: 0, interpolation_duration: 1 }
$data merge entity $(bone_right_arm2) { transformation: [0.7942141230145603f,-0.09003219948231506f,0.6009310525015241f,0.2166449554257957f,0.44917092572333933f,0.7530310151596602f,-0.4808219729717538f,1.1291859109551514f,-0.40923026072011265f,0.6517963587379022f,0.6385077136941733f,-0.4651798547268453f,0f,0f,0f,1f], start_interpolation: 0, interpolation_duration: 1 }
$data merge entity $(bone_right_arm) { transformation: [0.7942141230145603f,-0.09003219948231506f,0.6009310525015241f,0.19413690555521693f,0.44917092572333933f,0.7530310151596602f,-0.4808219729717538f,1.3174436647450665f,-0.40923026072011265f,0.6517963587379022f,0.6385077136941733f,-0.30223076504236973f,0f,0f,0f,1f], start_interpolation: 0, interpolation_duration: 1 }
$data merge entity $(bone_flame_slash) { transformation: [0.000001448310836201837f,0.0000104595650000966f,-0.0000038810302408631835f,0.9673310570998226f,0.0000028746598788034206f,-0.000004131323740643934f,-0.000010061361475028604f,0.7037874774709937f,-0.000010779667263090186f,3.0358550483515e-7f,-0.0000032045451375063734f,0.7087139488023564f,0f,0f,0f,1f], start_interpolation: 0, interpolation_duration: 1 }
$data merge entity $(bone_sword_body) { transformation: [0.1302825867059679f,0.9408886200185045f,-0.3491175003494046f,1.3823398945328924f,0.2585896035222241f,-0.37163261504166345f,-0.9050682809141276f,0.7120868727723428f,-0.969683371663535f,0.027308989111815573f,-0.28826438309695807f,0.17964332670041622f,0f,0f,0f,1f], start_interpolation: 0, interpolation_duration: 1 }
$data merge entity $(bone_ringed_knight_straight_sword) { transformation: [0.12873874099571883f,0.9297391111196978f,-0.3449804658545052f,0.5655660691012383f,0.255525322560304f,-0.36722877694612743f,-0.8943432422247647f,1.0352422810410142f,-0.9581926456080165f,0.02698537820756889f,-0.2848484566672332f,0.1412581238939073f,0f,0f,0f,1f], start_interpolation: 0, interpolation_duration: 1 }
$data merge entity $(bone_left_arm2) { transformation: [0.34498046585450526f,-0.9297391111196978f,-0.12873874099571891f,0.0641794950146452f,0.8943432422247646f,0.36722877694612754f,-0.25552532256030425f,1.1654947512710647f,0.2848484566672334f,-0.026985378207568855f,0.9581926456080164f,0.1333571064263284f,0f,0f,0f,1f], start_interpolation: 0, interpolation_duration: 1 }
$data merge entity $(bone_left_arm) { transformation: [0.34498046585450526f,-0.9297391111196978f,-0.12873874099571891f,-0.12513272453346608f,0.8943432422247646f,0.36722877694612754f,-0.25552532256030425f,1.3690948507856922f,0.2848484566672334f,-0.026985378207568855f,0.9581926456080164f,0.16221681895784035f,0f,0f,0f,1f], start_interpolation: 0, interpolation_duration: 1 }
$data merge entity $(bone_head) { transformation: [0.9693518010061731f,0.13048321925748196f,0.2081615127209938f,0.023184614565543552f,-0.10176503262410862f,0.9844484722049858f,-0.14319596261167272f,1.4547516622274386f,-0.22360895335630615f,0.11762370112130187f,0.9675555285943147f,-0.037198426387701114f,0f,0f,0f,1f], start_interpolation: 0, interpolation_duration: 1 }
$data merge entity $(bone_body_top) { transformation: [0.5741328491355898f,0.05888156080138044f,0.8166421697053389f,0f,0.01886396900782982f,0.9961946977204791f,-0.08508980495262039f,1.0625f,-0.8185448199193015f,0.06425796472964798f,0.5708373601579364f,-0.06250000000000001f,0f,0f,0f,1f], start_interpolation: 0, interpolation_duration: 1 }
$data merge entity $(bone_body) { transformation: [0.7372773368101242f,0f,0.6755902076156601f,0f,0f,1f,0f,0.625f,-0.6755902076156601f,0f,0.7372773368101242f,-0.06250000000000001f,0f,0f,0f,1f], start_interpolation: 0, interpolation_duration: 1 }
$data merge entity $(bone_right_leg2) { transformation: [0.8957210157140354f,0.11680416006094617f,0.4289995923082836f,0.179044138901682f,0.2751160906976367f,0.6123732784639717f,-0.7411545752827386f,0.3700793854852157f,-0.34927782444275846f,0.781892419720094f,0.5163809110886941f,-0.18623455591646731f,0f,0f,0f,1f], start_interpolation: 0, interpolation_duration: 1 }
data modify entity @s data merge value {"locators":{"rkss1":{"posx":0.5818644810970512,"posy":1.0377469978147202,"posz":0.14018005843114156,"roty":309.54629841927544,"rotx":-63.424195554162466},"rkss2":{"posx":0.8142992588769757,"posy":0.9459398035781883,"posz":0.14692640298303378,"roty":309.54629841927544,"rotx":-63.424195554162466},"rkss3":{"posx":1.0467340366569,"posy":0.8541326093416565,"posz":0.153672747534926,"roty":309.54629841927544,"rotx":-63.424195554162466},"rkss4":{"posx":1.2791688144368245,"posy":0.7623254151051246,"posz":0.1604190920868182,"roty":309.54629841927544,"rotx":-63.424195554162466},"rkss5":{"posx":1.5697122866617301,"posy":0.6475664223094598,"posz":0.16885202277668349,"roty":309.54629841927544,"rotx":-63.424195554162466},"player_camera":{"posx":0,"posy":-0.1875,"posz":0.5625,"roty":180,"rotx":0}},"cameras":{}}