# This file was generated by Animated Java via MC-Build. It is not recommended to edit this file directly.
$data merge entity $(bone_black_knight_shield) { transformation: [0.7909304886009764f,-0.06261775155476573f,0.6086936662982836f,0.4252386789874209f,0.47072065287457404f,0.6978331460625674f,-0.5398619890432687f,1.2379706104693782f,-0.39096167223751666f,0.7135179867716337f,0.5814129800706201f,-0.5760979519426417f,0f,0f,0f,1f], start_interpolation: 0, interpolation_duration: 1 }
$data merge entity $(bone_right_arm2) { transformation: [0.7909304886009764f,-0.06261775155476573f,0.6086936662982836f,0.2332341374224144f,0.47072065287457404f,0.6978331460625674f,-0.5398619890432687f,1.1466493874604582f,-0.39096167223751666f,0.7135179867716337f,0.5814129800706201f,-0.4598372756717831f,0f,0f,0f,1f], start_interpolation: 0, interpolation_duration: 1 }
$data merge entity $(bone_right_arm) { transformation: [0.7909304886009764f,-0.06261775155476573f,0.6086936662982836f,0.21757969953372294f,0.47072065287457404f,0.6978331460625674f,-0.5398619890432687f,1.3211076739761f,-0.39096167223751666f,0.7135179867716337f,0.5814129800706201f,-0.2814577789788747f,0f,0f,0f,1f], start_interpolation: 0, interpolation_duration: 1 }
$data merge entity $(bone_flame_slash) { transformation: [0.0000067316800492098315f,0.0000062981216626127994f,-0.0000064483057649275365f,0.18757528476684027f,-0.0000035592765782609246f,-0.000005536764803864484f,-0.000009123501835705997f,0.9102893585729023f,-0.000008281215729258206f,0.000007499359907993138f,-0.0000013204419774725533f,1.3409061573923469f,0f,0f,0f,1f], start_interpolation: 0, interpolation_duration: 1 }
$data merge entity $(bone_sword_body) { transformation: [0.6055472815407371f,0.5665466011052732f,-0.5800563897794987f,0.7304072740109611f,-0.3201741972972276f,-0.49805885767017716f,-0.8207032560010313f,0.5508621835886849f,-0.7449355340786471f,0.6746038095072401f,-0.11878016246250983f,1.1724945318512772f,0f,0f,0f,1f], start_interpolation: 0, interpolation_duration: 1 }
$data merge entity $(bone_ringed_knight_straight_sword) { transformation: [0.5983715599297628f,0.5598330366766933f,-0.5731827346602254f,0.2446438590689465f,-0.31638014028985995f,-0.4921568714546207f,-0.8109779409516441f,0.9760254958386332f,-0.7361080648229515f,0.66660976959939f,-0.11737262021978251f,0.5755922063250887f,0f,0f,0f,1f], start_interpolation: 0, interpolation_duration: 1 }
$data merge entity $(bone_left_arm2) { transformation: [0.4547089897337712f,-0.5825045535354981f,-0.6737419237109288f,-0.06964290400365489f,0.8538208847426945f,0.5003554349679343f,0.14364656443943175f,1.1600487230733334f,0.2534356554088152f,-0.6405723095860912f,0.7248706676083984f,0.28777710765779674f,0f,0f,0f,1f], start_interpolation: 0, interpolation_duration: 1 }
$data merge entity $(bone_left_arm) { transformation: [0.4547089897337712f,-0.5781372230462514f,-0.6774932368545548f,-0.15733858604849632f,0.8538208847426945f,0.4994164300356444f,0.1468779295457792f,1.3916304411750813f,0.2534356554088152f,-0.6452445898562971f,0.7207147756419894f,0.15814541711982438f,0f,0f,0f,1f], start_interpolation: 0, interpolation_duration: 1 }
$data merge entity $(bone_head) { transformation: [0.9911301312566491f,0.1176512283877659f,0.06180009202280695f,0.019171027131403676f,-0.10863047301451646f,0.9851150354103999f,-0.1332208217247172f,1.458831303197303f,-0.07655379316415412f,0.12532579729335938f,0.9891577029397101f,-0.036536336124865204f,0f,0f,0f,1f], start_interpolation: 0, interpolation_duration: 1 }
$data merge entity $(bone_body_top) { transformation: [0.6573043802091885f,0.04868832287340616f,0.7520507954743413f,0f,0.017736512132174895f,0.996635055739182f,-0.08002488243754508f,1.06640625f,-0.7534164637802918f,0.06593946380986616f,0.6542290265780536f,-0.06250000000000001f,0f,0f,0f,1f], start_interpolation: 0, interpolation_duration: 1 }
$data merge entity $(bone_body) { transformation: [0.7962953637817558f,0f,0.6049080042615417f,0f,0f,1f,0f,0.62890625f,-0.6049080042615417f,0f,0.7962953637817558f,-0.06250000000000001f,0f,0f,0f,1f], start_interpolation: 0, interpolation_duration: 1 }
$data merge entity $(bone_right_leg2) { transformation: [0.9251109152067939f,-0.007661729092423769f,0.37961966818456944f,0.19331982337678155f,0.25601633895034126f,0.7509259824002786f,-0.6087411626846344f,0.36506079907765776f,-0.2804022623940688f,0.6603419317773868f,0.6966513506631542f,-0.14932743261628373f,0f,0f,0f,1f], start_interpolation: 0, interpolation_duration: 1 }
$data merge entity $(bone_right_leg) { transformation: [0.9251109152067939f,-0.19010733461365306f,0.3286776473862207f,0.125f,0.25601633895034126f,0.9515699503926045f,-0.17020653248415643f,0.70703125f,-0.2804022623940688f,0.24160676901922426f,0.9289783315063808f,-0.06250000000000001f,0f,0f,0f,1f], start_interpolation: 0, interpolation_duration: 1 }
$data merge entity $(bone_left_leg2) { transformation: [0.9468822428874787f,0.16412715864769456f,0.27654347560304576f,-0.12638954177940326f,-0.19243840330896334f,0.9781750020230618f,0.07836533895211428f,0.416677190198053f,-0.2576460343887998f,-0.1274203328021768f,0.95780090820186f,0.14926161067382032f,0f,0f,0f,1f], start_interpolation: 0, interpolation_duration: 1 }
$data merge entity $(bone_left_leg) { transformation: [0.9468822428874787f,0.0038665510383394802f,0.321557254446927f,-0.125f,-0.19243840330896334f,0.8079417316228091f,0.55695387532024f,0.70703125f,-0.2576460343887998f,-0.5892496992662827f,0.7657697518695296f,-0.06250000000000001f,0f,0f,0f,1f], start_interpolation: 0, interpolation_duration: 1 }
data modify entity @s data merge value {"locators":{"rkss1":{"posx":0.25918330000424344,"posy":0.9739690116786996,"posz":0.5831717574353267,"roty":281.57267016925846,"rotx":-54.19158922321468},"rkss2":{"posx":0.39914155917341676,"posy":0.8509297938150444,"posz":0.7498241998351742,"roty":281.57267016925846,"rotx":-54.19158922321468},"rkss3":{"posx":0.53909981834259,"posy":0.7278905759513892,"posz":0.9164766422350217,"roty":281.57267016925846,"rotx":-54.19158922321468},"rkss4":{"posx":0.6790580775117634,"posy":0.604851358087734,"posz":1.0831290846348691,"roty":281.57267016925846,"rotx":-54.19158922321468},"rkss5":{"posx":0.85400590147323,"posy":0.45105233575816506,"posz":1.2914446376346784,"roty":281.57267016925846,"rotx":-54.19158922321468},"player_camera":{"posx":0,"posy":-0.18359375,"posz":0.5625,"roty":180,"rotx":0}},"cameras":{}}