execute if entity @s[tag=aj.ice_crystal.bone.bone0] run data modify entity @s {} merge value {transformation:[-0.9537169507482269f,-0.2725320076978042f,0.1270837622818433f,-0.49999999999999994f,-0.3007057995042731f,0.8643610990919672f,-0.4030581999178559f,1.65625f,-1.16796641102639e-16f,-0.4226182617406995f,-0.9063077870366499f,-0.5000000000000001f,0f,0f,0f,1f],start_interpolation:0}
execute if entity @s[tag=aj.ice_crystal.bone.bone6] run data modify entity @s {} merge value {transformation:[-1.3541106441620643f,-0.23672364584525624f,0.03116534717805929f,-0.35290312500000004f,-0.2277154791154688f,1.3343585809641958f,0.24136660493620604f,1.21875f,-0.07179849537568145f,0.23253836867267252f,-1.3532907607594313f,0.39709687499999996f,0f,0f,0f,1f],start_interpolation:0}
execute if entity @s[tag=aj.ice_crystal.bone.bone7] run data modify entity @s {} merge value {transformation:[-0.9762959908145362f,-0.21643968748698222f,2.3511738130939847e-8f,-0.47411187500000007f,-0.21130919417844543f,0.9531538627819716f,0.2164396874869822f,0.65625f,-0.046846160729766544f,0.2113091941784454f,-0.9762959908145362f,0.46338812499999993f,0f,0f,0f,1f],start_interpolation:0}
execute if entity @s[tag=aj.ice_crystal.bone.bone10] run data modify entity @s {} merge value {transformation:[-0.8787247379604859f,0.013599327285815253f,-0.1934598564699287f,-0.013880000000000088f,-0.005124182837225368f,0.594866924016095f,0.11736167965489061f,0.4530500000000002f,0.1944648493855026f,0.07712587768708261f,-0.8710909941465458f,0.72112875f,0f,0f,0f,1f],start_interpolation:0}
execute if entity @s[tag=aj.ice_crystal.bone.bone1] run data modify entity @s {} merge value {transformation:[-0.9994269159539523f,0.0021388396447463904f,0.033782614341487535f,-0.54513f,-0.0021387250903778985f,0.9920179421371854f,-0.12607865930795564f,0.85359125f,-0.03378262159394097f,-0.1260786573646699f,-0.991444858091141f,-0.37500000000000006f,0f,0f,0f,1f],start_interpolation:0}