# This file was generated by Animated Java via MC-Build. It is not recommended to edit this file directly.
$data merge entity $(bone_right_arm2) { transformation: [0.8041433949151388f,-0.47669607843228484f,-0.35512568088162244f,0.45951233013334786f,-0.21541173474447078f,-0.7904978851834499f,0.573333130086576f,1.33677392721759f,-0.5540317544588332f,-0.38454381067412025f,-0.7383595822656417f,0.47884055361474337f,0f,0f,0f,1f], start_interpolation: 0, interpolation_duration: 1 }
$data merge entity $(bone_right_arm) { transformation: [0.8088591865759764f,-0.5731135929073292f,-0.13148241675791322f,0.31623393190651555f,-0.21139296443185648f,-0.49208851112690793f,0.8444891425030961f,1.213751799435863f,-0.5486891933329483f,-0.6552783430281779f,-0.5191824941943666f,0.3150209678576989f,0f,0f,0f,1f], start_interpolation: 0, interpolation_duration: 1 }
$data merge entity $(bone_ledo_slash) { transformation: [0.000003215384030109779f,2.544816154132155f,0.30681412641579486f,1.0614995437274937f,-0.000019473383692424344f,0.4435925994476792f,-1.6385084658013138f,1.8604506703495771f,-0.000016667625632274307f,-0.02733968716697602f,1.973516204757448f,0.7912567722367062f,0f,0f,0f,1f], start_interpolation: 0, interpolation_duration: 1 }
$data merge entity $(bone_ledo_great_hammer) { transformation: [0.29560788663912474f,2.339589044927949f,0.28207105170484364f,1.0689461453734568f,-1.7902949523680445f,0.4078190027180276f,-1.5063706863012076f,2.007155785045976f,-1.5323462274832829f,-0.025134873685768274f,1.814361672115718f,0.9119007523842579f,0f,0f,0f,1f], start_interpolation: 0, interpolation_duration: 1 }
$data merge entity $(bone_left_arm2) { transformation: [0.9588372013552772f,0.2837863639657606f,-0.009824506311896825f,-0.443784863124966f,0.25822676442077075f,-0.8570426257685848f,0.4458664326370274f,1.2387949516968513f,0.11811079304601865f,-0.4300502729249012f,-0.8950455872877412f,0.5682420002258519f,0f,0f,0f,1f], start_interpolation: 0, interpolation_duration: 1 }
$data merge entity $(bone_left_arm) { transformation: [0.9588372013552772f,0.16147885637007034f,-0.2335718310126327f,-0.2835604988630388f,0.25822676442077075f,-0.15371707309183563f,0.9537767032051363f,1.2326440289764886f,0.11811079304601865f,-0.9748310830013027f,-0.18908781076670966f,0.3392980786062786f,0f,0f,0f,1f], start_interpolation: 0, interpolation_duration: 1 }
$data merge entity $(bone_head) { transformation: [0.9961373406769893f,0.03550167096271578f,0.08031207796982083f,0.028239571184086234f,0f,0.9146236991749233f,-0.40430618212881614f,1.2413519756108826f,-0.08780887488731147f,0.40274448508506533f,0.9110908194162587f,0.3176111203938915f,0f,0f,0f,1f], start_interpolation: 0, interpolation_duration: 1 }
$data merge entity $(bone_body_top) { transformation: [0.9961373406769893f,0.048534832861627575f,0.07317628378149163f,0.009128980744820374f,0f,0.8333586311793836f,-0.552732658560017f,0.9132170145840003f,-0.08780887488731147f,0.5505976406032975f,0.830139650693247f,0.10081329940634308f,0f,0f,0f,1f], start_interpolation: 0, interpolation_duration: 1 }
$data merge entity $(bone_body) { transformation: [0.9961373406769893f,0.03396217516106402f,0.08097511449392786f,-0.005729470888145134f,0f,0.9221746047634292f,-0.3867738335635093f,0.509765625f,-0.08780887488731147f,0.3852798580093986f,0.918612558428896f,-0.06774663847276881f,0f,0f,0f,1f], start_interpolation: 0, interpolation_duration: 1 }
$data merge entity $(bone_right_leg2) { transformation: [0.9316525593703158f,-0.05952795698325096f,0.35844097276419185f,0.18013810367789904f,0.345889396299862f,0.4474309373830595f,-0.8247218208583023f,0.3432664236117303f,-0.11128357536517675f,0.892335126849726f,0.437440267058288f,-0.32204208522077804f,0f,0f,0f,1f], start_interpolation: 0, interpolation_duration: 1 }
$data merge entity $(bone_right_leg) { transformation: [0.9316525593703158f,-0.16753269497412257f,0.32242255617969334f,0.11993104142157374f,0.345889396299862f,0.6806934299499677f,-0.6457685188597114f,0.587890625f,-0.11128357536517675f,0.7131544366668807f,0.6921175588845345f,-0.06575220954361778f,0f,0f,0f,1f], start_interpolation: 0, interpolation_duration: 1 }
$data merge entity $(bone_left_leg2) { transformation: [0.9777847832998232f,0.1148043047597837f,0.1753764213226521f,-0.10545795488305532f,-0.14018715715047253f,0.9801848603596871f,0.13994713463207953f,0.4129298923750184f,-0.15583477954996564f,-0.16142370064610506f,0.9745039303934748f,0.2561586223429413f,0f,0f,0f,1f], start_interpolation: 0, interpolation_duration: 1 }
$data merge entity $(bone_left_leg) { transformation: [0.9777847832998232f,-0.06897720651050708f,0.19793701657174823f,-0.1302466384727688f,-0.14018715715047253f,0.4868472559999487f,0.8621643174565907f,0.587890625f,-0.15583477954996564f,-0.8707593779611719f,0.4663621202191344f,-0.05677052911185487f,0f,0f,0f,1f], start_interpolation: 0, interpolation_duration: 1 }
data modify entity @s data merge value {"locators":{"ledo_hammer":{"posx":1.1908806811455281,"posy":1.8833478119098817,"posz":0.7887243061488484,"roty":171.16321085270334,"rotx":-39.36522106026779},"ledo_hammer2":{"posx":-0.16361823960223187,"posy":1.6472420734941815,"posz":0.8032760751248195,"roty":171.16321085270334,"rotx":-39.36522106026779},"player_camera":{"posx":0.049151075916424536,"posy":-0.302734375,"posz":0.5548391994503495,"roty":174.9624342599549,"rotx":0}},"cameras":{}}