# This file was generated by Animated Java via MC-Build. It is not recommended to edit this file directly.
$data merge entity $(bone_right_arm2) { transformation: [0.7920116813285634f,-0.4831151914713126f,-0.37325220482769966f,0.4881597539500609f,-0.21463116893184572f,-0.7926947859180452f,0.5705860475872978f,1.2953573924653043f,-0.5715338642303287f,-0.3717992578636775f,-0.7315151084495568f,0.49707805901597607f,0f,0f,0f,1f], start_interpolation: 0, interpolation_duration: 1 }
$data merge entity $(bone_right_arm) { transformation: [0.7934431455357597f,-0.5989486447138024f,-0.10820580297663634f,0.3384225927716103f,-0.21358073251686677f,-0.4404697186788007f,0.8719917990580972f,1.1852399627956043f,-0.5699396858439304f,-0.6687652412637168f,-0.47741156937971724f,0.32988674870004686f,0f,0f,0f,1f], start_interpolation: 0, interpolation_duration: 1 }
$data merge entity $(bone_ledo_slash) { transformation: [0.0000028837694746921062f,2.525185349067079f,0.4624811348978785f,1.0552026655653286f,-0.000018123187782998185f,0.5298658399540593f,-1.763052452022557f,1.7746379649411133f,-0.00001818227294125052f,-0.12764112040353418f,1.8306742917274876f,0.7423623114202353f,0f,0f,0f,1f], start_interpolation: 0, interpolation_duration: 1 }
$data merge entity $(bone_ledo_great_hammer) { transformation: [0.26512074202814523f,2.3215413693036044f,0.4251842691803076f,1.064818677632891f,-1.6661640381143492f,0.48713472382873196f,-1.6208708026658991f,1.9125868985268346f,-1.6715960607278701f,-0.11734748166131366f,1.683039268201077f,0.8727863756663657f,0f,0f,0f,1f], start_interpolation: 0, interpolation_duration: 1 }
$data merge entity $(bone_left_arm2) { transformation: [0.9609433232447382f,0.2721382859606509f,-0.05028601023900754f,-0.4261150563671031f,0.25857795616984364f,-0.8181643540655936f,0.5135606393790871f,1.194405714398641f,0.09861729105174723f,-0.5065055212441706f,-0.8565785351354457f,0.5873643034626885f,0f,0f,0f,1f], start_interpolation: 0, interpolation_duration: 1 }
$data merge entity $(bone_left_arm) { transformation: [0.9609433232447382f,0.11541491740842073f,-0.25152997107892733f,-0.27714341160940564f,0.25857795616984364f,-0.05056868989288038f,0.9646658738576503f,1.2140857864466514f,0.09861729105174723f,-0.9920293364826087f,-0.07843739837277813f,0.3516841307235048f,0f,0f,0f,1f], start_interpolation: 0, interpolation_duration: 1 }
$data merge entity $(bone_head) { transformation: [0.9945946276372433f,0.04708372099852558f,0.09254539368367579f,0.0347332364725091f,0f,0.8912810571907599f,-0.4534512951717326f,1.2291157787915945f,-0.10383413058880753f,0.4510002220729549f,0.8864633511967722f,0.3294451875251364f,0f,0f,0f,1f], start_interpolation: 0, interpolation_duration: 1 }
$data merge entity $(bone_body_top) { transformation: [0.9945946276372433f,0.05855972056138873f,0.08574547103436778f,0.011675346501462285f,0f,0.8257927383619894f,-0.5639737168242924f,0.9039598880615611f,-0.10383413058880753f,0.5609252288820491f,0.8213290211166823f,0.10858087865282953f,0f,0f,0f,1f], start_interpolation: 0, interpolation_duration: 1 }
$data merge entity $(bone_body) { transformation: [0.9945946276372433f,0.042292149567851545f,0.0948309061438517f,-0.006827468934472766f,0f,0.9132922441407113f,-0.40730489414248816f,0.50439453125f,-0.10383413058880753f,0.4051032595244748f,0.908355559485113f,-0.06865179738912819f,0f,0f,0f,1f], start_interpolation: 0, interpolation_duration: 1 }
$data merge entity $(bone_right_leg2) { transformation: [0.931288015350776f,-0.03229371146828425f,0.3628494848606185f,0.17278057617070944f,0.34184965035497944f,0.421621630907292f,-0.8398654754800042f,0.3402600726319678f,-0.12586281824348017f,0.9061966213524958f,0.40369076585070696f,-0.32732148474857986f,0f,0f,0f,1f], start_interpolation: 0, interpolation_duration: 1 }
$data merge entity $(bone_right_leg) { transformation: [0.931288015350776f,-0.14969463388089743f,0.33210562935800575f,0.11898406711976192f,0.34184965035497944f,0.6741132761545245f,-0.6547595798950879f,0.58251953125f,-0.12586281824348017f,0.7232999429693588f,0.6789666733237583f,-0.06738556774396652f,0f,0f,0f,1f], start_interpolation: 0, interpolation_duration: 1 }
$data merge entity $(bone_left_leg2) { transformation: [0.9752159313105173f,0.09918775154181325f,0.19777683702152762f,-0.09664607541549908f,-0.1304691906744331f,0.9797347290304255f,0.15197911375066347f,0.41071177152925215f,-0.1786943692535352f,-0.17401623681644823f,0.9683938618771408f,0.2580818943627309f,0f,0f,0f,1f], start_interpolation: 0, interpolation_duration: 1 }
$data merge entity $(bone_left_leg) { transformation: [0.9752159313105173f,-0.09601592201357664f,0.19933597276468476f,-0.1311517973891282f,-0.1304691906744331f,0.4780737661794723f,0.8685754223875631f,0.58251953125f,-0.1786943692535352f,-0.8730557924960225f,0.4536980334828698f,-0.05567253106552724f,0f,0f,0f,1f], start_interpolation: 0, interpolation_duration: 1 }
data modify entity @s data merge value {"locators":{"ledo_hammer":{"posx":1.1835133245649572,"posy":1.802001274605427,"posz":0.7347599915769886,"roty":165.82208274291176,"rotx":-43.0371106444894},"ledo_hammer2":{"posx":-0.16053694187397172,"posy":1.5199759081782664,"posz":0.8026980072756438,"roty":165.82208274291176,"rotx":-43.0371106444894},"player_camera":{"posx":0.05806886268353194,"posy":-0.30810546875,"posz":0.5529698448841488,"roty":174.04,"rotx":0}},"cameras":{}}