# This file was generated by Animated Java via MC-Build. It is not recommended to edit this file directly.
$data merge entity $(bone_right_arm2) { transformation: [0.7643610835304061f,-0.27694004832725627f,-0.5822854485703046f,0.46501043916670715f,-0.27148342818936766f,-0.9573433337175168f,0.0989469029590132f,1.6129694954637694f,-0.5848494525967962f,0.08244968780492065f,-0.8069406215937449f,0.10969900298578371f,0f,0f,0f,1f], start_interpolation: 0, interpolation_duration: 1 }
$data merge entity $(bone_right_arm) { transformation: [0.7643610835304061f,-0.5002165703551379f,-0.406860561773155f,0.3399562965779227f,-0.27148342818936766f,-0.8220109372317215f,0.5005944139620178f,1.4074667611558391f,-0.5848494525967962f,-0.27217898856004846f,-0.764113680013424f,0.04165425584577159f,0f,0f,0f,1f], start_interpolation: 0, interpolation_duration: 1 }
$data merge entity $(bone_ledo_slash) { transformation: [0.0000024771928286358244f,2.3570127022631127f,1.0279773292145145f,0.9650900120254571f,-0.000022911202901627914f,0.6711952187187119f,-0.9868515113656253f,2.259129448909037f,-0.000011674819416218098f,-0.8170674457170563f,2.15476166112345f,0.050894197311972755f,0f,0f,0f,1f], start_interpolation: 0, interpolation_duration: 1 }
$data merge entity $(bone_ledo_great_hammer) { transformation: [0.2277419213423258f,2.1669310327257647f,0.9450759316972149f,0.9756226370869283f,-2.1063525248270825f,0.617066572047848f,-0.9072667120619458f,2.433539734711805f,-1.0733301721361796f,-0.7511749097721323f,1.9809905594199457f,0.125746909457301f,0f,0f,0f,1f], start_interpolation: 0, interpolation_duration: 1 }
$data merge entity $(bone_left_arm2) { transformation: [0.9239431573591339f,0.2665305947268135f,-0.2743911150963276f,-0.40404746485206405f,0.327821045150528f,-0.9213560683359241f,0.20889317293052817f,1.5333975623456335f,-0.19713549737591765f,-0.2829565998790965f,-0.9386549729582275f,0.3959174413011055f,0f,0f,0f,1f], start_interpolation: 0, interpolation_duration: 1 }
$data merge entity $(bone_left_arm) { transformation: [0.9239431573591339f,0.057250920740296835f,-0.3782213294403467f,-0.2742418399970981f,0.327821045150528f,-0.6280466693453298f,0.7057554416939722f,1.417363525653117f,-0.19713549737591765f,-0.7760668226374753f,-0.5990474793167262f,0.17725879846974701f,0f,0f,0f,1f], start_interpolation: 0, interpolation_duration: 1 }
$data merge entity $(bone_head) { transformation: [0.962982131231815f,0.16941877659812632f,0.20967282385713645f,0.015908311018662198f,-0.022061857338523776f,0.8247420737065543f,-0.5650785664922954f,1.3168335532168631f,-0.2686609189647914f,0.539534790346468f,0.7979495727342593f,0.05621365396779887f,0f,0f,0f,1f], start_interpolation: 0, interpolation_duration: 1 }
$data merge entity $(bone_body_top) { transformation: [0.9519655825336208f,0.06907382142114034f,0.29831248191402343f,-0.011289506165911812f,0.007620721026499179f,0.9685783318309169f,-0.24859191402512398f,0.9354558350584395f,-0.3061101995727362f,0.23892430245146432f,0.9215268435675767f,-0.03786279012246521f,0f,0f,0f,1f], start_interpolation: 0, interpolation_duration: 1 }
$data merge entity $(bone_body) { transformation: [0.9518626440343615f,0.024955813959274483f,0.3055073063636037f,-0.022207674773094398f,0.004855544777289371f,0.995327622990719f,-0.09643311981140555f,0.5f,-0.30648642804670884f,0.09327448880200438f,0.9472940088282489f,-0.07867037897334213f,0f,0f,0f,1f], start_interpolation: 0, interpolation_duration: 1 }
$data merge entity $(bone_right_leg2) { transformation: [0.8823546901507243f,0.12002357142320275f,0.45502147539631455f,0.12094607280276376f,0.33947173522802193f,0.5072884831349667f,-0.7920967970266641f,0.30945326565711323f,-0.3258974405396509f,0.8533772537286449f,0.40686376229428545f,-0.3279643374807599f,0f,0f,0f,1f], start_interpolation: 0, interpolation_duration: 1 }
$data merge entity $(bone_right_leg) { transformation: [0.8823546901507243f,-0.04284124584455068f,0.468630801829656f,0.10555000007737836f,0.33947173522802193f,0.7476083042584676f,-0.5708246354048274f,0.578125f,-0.3258974405396509f,0.6627567057814392f,0.6741990857242686f,-0.08978614634055519f,0f,0f,0f,1f], start_interpolation: 0, interpolation_duration: 1 }
$data merge entity $(bone_left_leg2) { transformation: [0.9103422142750118f,0.10660157555347158f,0.39989143151408746f,-0.05047840497378356f,-0.12612988775438053f,0.9917527548554685f,0.022753563493575546f,0.36764294063493974f,-0.39416786312932206f,-0.07115179074419908f,0.9162800436274697f,0.23651565724922652f,0f,0f,0f,1f], start_interpolation: 0, interpolation_duration: 1 }
$data merge entity $(bone_left_leg) { transformation: [0.9103422142750118f,-0.2523602754770325f,0.328011195342514f,-0.14117037897334211f,-0.12612988775438053f,0.5856892086679937f,0.8006618526350102f,0.578125f,-0.39416786312932206f,-0.7702482990640199f,0.501347437876218f,-0.04029232522690561f,0f,0f,0f,1f], start_interpolation: 0, interpolation_duration: 1 }
data modify entity @s data merge value {"locators":{"ledo_hammer":{"posx":1.0845995673936106,"posy":2.293265606958868,"posz":0.008205087635073147,"roty":154.49547847236397,"rotx":-22.458058657105155},"ledo_hammer2":{"posx":-0.1699394515528847,"posy":1.9360165389311663,"posz":0.44309582487157084,"roty":154.49547847236397,"rotx":-22.458058657105155},"player_camera":{"posx":0.16968259395908813,"posy":-0.3125,"posz":0.5161431420278965,"roty":162.12,"rotx":0}},"cameras":{}}