# This file was generated by Animated Java via MC-Build. It is not recommended to edit this file directly.
$data merge entity $(bone_right_arm2) { transformation: [0.9464877658144588f,-0.13893180890040888f,0.2913054438887371f,0.23363934933787933f,-0.3211923497740379f,-0.4937661211812175f,0.8081030206726659f,1.5454894077446146f,0.03156554466797652f,-0.8584247026089797f,-0.5119674270307621f,0.30371435152543186f,0f,0f,0f,1f], start_interpolation: 0, interpolation_duration: 1 }
$data merge entity $(bone_right_arm) { transformation: [0.9335140810034859f,-0.21623757413055245f,0.2859943567666168f,0.17957995580524122f,-0.357449477007151f,-0.49910627072291613f,0.7893812779084497f,1.4207128400638855f,-0.02795231574541332f,-0.8391270714612875f,-0.5432167394192413f,0.09393258366011f,0f,0f,0f,1f], start_interpolation: 0, interpolation_duration: 1 }
$data merge entity $(bone_ledo_slash) { transformation: [0.000002444469020811663f,2.3784187416265765f,0.9782541145599574f,0.7467057369607843f,-0.000024090651692650502f,0.5557168804116001f,-0.7491294081603425f,2.269006739178201f,-0.000009001454512510664f,-0.8413763423202274f,2.2705583296376597f,0.271186411141424f,0f,0f,0f,1f], start_interpolation: 0, interpolation_duration: 1 }
$data merge entity $(bone_ledo_great_hammer) { transformation: [0.2247334422359109f,2.186610778592175f,0.8993626537083479f,0.7577348175552148f,-2.214785720130772f,0.5109010029590517f,-0.6887157462119277f,2.4505806250169337f,-0.8275530761501737f,-0.773523411487951f,2.087448786924945f,0.32634160910738574f,0f,0f,0f,1f], start_interpolation: 0, interpolation_duration: 1 }
$data merge entity $(bone_left_arm2) { transformation: [0.9701472548159522f,0.2386935459283122f,0.04289166708395198f,-0.4714632863870329f,0.22798311349732983f,-0.957936619300481f,0.17430184555313327f,1.4584074005538021f,0.08269222413948907f,-0.15931988116783596f,-0.98375767927449f,0.3646013371441873f,0f,0f,0f,1f], start_interpolation: 0, interpolation_duration: 1 }
$data merge entity $(bone_left_arm) { transformation: [0.9701472548159522f,0.15592291299459024f,-0.18574807987258796f,-0.3112141512863913f,0.22798311349732983f,-0.3252043953946505f,0.9177504024385186f,1.4056041908923058f,0.08269222413948907f,-0.9327004591074675f,-0.3510439426162817f,0.14176275038475655f,0f,0f,0f,1f], start_interpolation: 0, interpolation_duration: 1 }
$data merge entity $(bone_head) { transformation: [0.9999581948442717f,0.0007006311074229765f,0.009116889811583314f,0.0012425091679041057f,0f,0.9970600703394829f,-0.07662386139203145f,1.3961061756651307f,-0.009143771857676697f,0.0766206581195735f,0.997018388087972f,0.13559441570503838f,0f,0f,0f,1f], start_interpolation: 0, interpolation_duration: 1 }
$data merge entity $(bone_body_top) { transformation: [0.9999581948442717f,0.0030099072784907487f,0.008634177549722313f,0.00005735817699837307f,0f,0.9442686983133165f,-0.3291756755680389f,1.0243003757042624f,-0.009143771857676697f,0.32916191432765984f,0.9442292230133342f,0.005986911938522299f,0f,0f,0f,1f], start_interpolation: 0, interpolation_duration: 1 }
$data merge entity $(bone_body) { transformation: [0.9999581948442717f,0.0014433296921969876f,0.009029139670248928f,-0.000574098563337809f,0f,0.9874633587525995f,-0.1578483928364019f,0.59228515625f,-0.009143771857676697f,0.15784179395975792f,0.9874220776931109f,-0.0630688729188718f,0f,0f,0f,1f], start_interpolation: 0, interpolation_duration: 1 }
$data merge entity $(bone_right_leg2) { transformation: [0.9564873274303775f,-0.22915050427557807f,0.18061572150657848f,0.215758233631696f,0.290216653824803f,0.8110572386367602f,-0.5078980699881108f,0.3544696322332324f,-0.030104589481143244f,0.5382157578937665f,0.8422692631498612f,-0.2052055504047121f,0f,0f,0f,1f], start_interpolation: 0, interpolation_duration: 1 }
$data merge entity $(bone_right_leg) { transformation: [0.9564873274303775f,-0.2540572938592856f,0.14348130157616443f,0.12445639365101521f,0.290216653824803f,0.8791388494379619f,-0.3780068481544097f,0.67041015625f,-0.030104589481143244f,0.40319942317145374f,0.9146168262427598f,-0.06030575770247094f,0f,0f,0f,1f], start_interpolation: 0, interpolation_duration: 1 }
$data merge entity $(bone_left_leg2) { transformation: [0.9865838826320759f,0.1609276945342208f,0.027468521302000365f,-0.16428349293754607f,-0.16172344185196538f,0.9863882866885234f,0.029726692369537178f,0.4017426208041092f,-0.022310779595789733f,-0.033770179383290855f,0.9991805663133407f,0.173593363633609f,0f,0f,0f,1f], start_interpolation: 0, interpolation_duration: 1 }
$data merge entity $(bone_left_leg) { transformation: [0.9865838826320759f,0.10772763831283276f,0.12266620754778967f,-0.12556887291887178f,-0.16172344185196538f,0.7475966203711744f,0.644162108141384f,0.67041015625f,-0.022310779595789733f,-0.655357954978146f,0.7549888608189463f,-0.0619259014366622f,0f,0f,0f,1f], start_interpolation: 0, interpolation_duration: 1 }
data modify entity @s data merge value {"locators":{"ledo_hammer":{"posx":0.8673245873899813,"posy":2.2971464532786925,"posz":0.22726124059895775,"roty":156.69154545969297,"rotx":-16.85709256174128},"ledo_hammer2":{"posx":-0.3986079686370674,"posy":2.001361662091873,"posz":0.6750905840919821,"roty":156.69154545969297,"rotx":-16.85709256174128},"player_camera":{"posx":0.00514075884771012,"posy":-0.22021484375,"posz":0.5619049988587981,"roty":179.4760931630353,"rotx":0}},"cameras":{}}