# This file was generated by Animated Java via MC-Build. It is not recommended to edit this file directly.
$data merge entity $(bone_right_arm2) { transformation: [0.38126823554069056f,-0.9038137194601545f,-0.19430721315301008f,0.7764710338435733f,-0.7549405699023558f,-0.4257094740095778f,0.49883482201425594f,1.359236629674825f,-0.5335721773885838f,-0.04349947418175788f,-0.8446351444634044f,-0.13246221910187617f,0f,0f,0f,1f], start_interpolation: 0, interpolation_duration: 1 }
$data merge entity $(bone_right_arm) { transformation: [0.38126823554069056f,-0.9018142242777422f,-0.20338544062450092f,0.5510174777741378f,-0.7549405699023558f,-0.4307038488238249f,0.49452899866827793f,1.2515606674688688f,-0.5335721773885838f,-0.0350042782910564f,-0.8450298409039338f,-0.14121328867464028f,0f,0f,0f,1f], start_interpolation: 0, interpolation_duration: 1 }
$data merge entity $(bone_ledo_slash) { transformation: [-0.000017507040052314066f,1.6736541211783398f,0.8986258842480475f,1.667194355269299f,-0.00001899643582759181f,-1.5430277129654275f,-0.8270615736531692f,1.135430484542081f,9.250187496507111e-9f,-1.221293769244138f,2.276412041932847f,-0.7730443032769775f,0f,0f,0f,1f], start_interpolation: 0, interpolation_duration: 1 }
$data merge entity $(bone_ledo_great_hammer) { transformation: [-1.6095181983579057f,1.5386820146316993f,0.8261560548732049f,1.8145073974374455f,-1.7464465196334402f,-1.418589994177893f,-0.7603630596488813f,1.254642183537117f,0.0008504204633885569f,-1.1228023362405783f,2.0928304256479398f,-0.7878851566851474f,0f,0f,0f,1f], start_interpolation: 0, interpolation_duration: 1 }
$data merge entity $(bone_left_arm2) { transformation: [0.685470948075226f,-0.6418591895973248f,-0.3437242500527363f,0.1512813002518003f,-0.572297688914861f,-0.7668184316794215f,0.2906283676784168f,1.7626956772012332f,-0.4501165789076865f,-0.0025047088009049756f,-0.8929662881801659f,0.09706667289697465f,0f,0f,0f,1f], start_interpolation: 0, interpolation_duration: 1 }
$data merge entity $(bone_left_arm) { transformation: [0.685470948075226f,-0.6747380401275567f,-0.27360218666829805f,0.06828065872931438f,-0.572297688914861f,-0.7316101606345614f,0.37043478254475515f,1.508255925928235f,-0.4501165789076865f,-0.09734038247867416f,-0.8876485314195849f,0.0164670049138453f,0f,0f,0f,1f], start_interpolation: 0, interpolation_duration: 1 }
$data merge entity $(bone_head) { transformation: [0.8532077333314415f,0.45624168232687556f,-0.2527451109140702f,0.2637284328221464f,-0.5132960592521467f,0.8204754925569001f,-0.25168854099805316f,1.272145279394903f,0.09254036600122162f,0.3444756789978856f,0.9342230928634259f,-0.11734173808765022f,0f,0f,0f,1f], start_interpolation: 0, interpolation_duration: 1 }
$data merge entity $(bone_body_top) { transformation: [0.7789692786384976f,0.43558126817006915f,0.45108294332281357f,0.0922183084801817f,-0.4096739600651443f,0.8981262975708854f,-0.15980112657974532f,0.9185080497263669f,-0.4747358311545073f,-0.060316767411454614f,0.8780590972064872f,-0.09359201091938996f,0f,0f,0f,1f], start_interpolation: 0, interpolation_duration: 1 }
$data merge entity $(bone_body) { transformation: [0.8373188598728688f,0.29060766314300496f,0.46308132441695443f,-0.034922544144882973f,-0.265356505861049f,0.9565898279459815f,-0.12050653869185919f,0.5f,-0.47799900805170503f,-0.021979244592096617f,0.8780853381697855f,-0.08397609141034769f,0f,0f,0f,1f], start_interpolation: 0, interpolation_duration: 1 }
$data merge entity $(bone_right_leg2) { transformation: [0.9443234548204129f,-0.3164765146233599f,0.0899768212813132f,0.21387268941137783f,0.2973387224209896f,0.7037846638203412f,-0.6451951883890201f,0.2600086433273417f,0.1408648175560272f,0.636026542420314f,0.758701087722805f,-0.22061425861669404f,0f,0f,0f,1f], start_interpolation: 0, interpolation_duration: 1 }
$data merge entity $(bone_right_leg) { transformation: [0.9443234548204129f,-0.32794338871286416f,-0.026577179601349143f,0.09601803409269227f,0.2973387224209896f,0.8851933403065275f,-0.3578022280898009f,0.578125f,0.1408648175560272f,0.3299786115439838f,0.9334191015285747f,-0.10202819509307486f,0f,0f,0f,1f], start_interpolation: 0, interpolation_duration: 1 }
$data merge entity $(bone_left_leg2) { transformation: [0.9782720054014425f,0.05157041475594461f,-0.20080930200003091f,-0.21501135121265352f,-0.014126377524355083f,0.9828990779771498f,0.18360241820223427f,0.4154397269245007f,0.20684373064194905f,-0.1767763978407994f,0.9622711552678651f,0.2854509944703775f,0f,0f,0f,1f], start_interpolation: 0, interpolation_duration: 1 }
$data merge entity $(bone_left_leg) { transformation: [0.9782720054014425f,0.1907068098846772f,-0.08133139683694951f,-0.14647609141034768f,-0.014126377524355083f,0.45268945551443285f,0.8915563371565959f,0.578125f,0.20684373064194905f,-0.8710356878622457f,0.4455474178630876f,-0.027577455855117033f,0f,0f,0f,1f], start_interpolation: 0, interpolation_duration: 1 }
data modify entity @s data merge value {"locators":{"ledo_hammer":{"posx":1.7516276510522104,"posy":1.0569370193724192,"posz":-0.8361312724908939,"roty":158.45810549017142,"rotx":-18.67216989560293},"ledo_hammer2":{"posx":0.8608117478443844,"posy":1.8782259633701468,"posz":-0.1860878146674012,"roty":158.45810549017142,"rotx":-18.67216989560293},"player_camera":{"posx":0.2470706336312703,"posy":-0.3125,"posz":0.4737916449169759,"roty":153.17999999999998,"rotx":0}},"cameras":{}}