# This file was generated by Animated Java via MC-Build. It is not recommended to edit this file directly.
$data merge entity $(bone_right_arm2) { transformation: [0.29729519503280977f,-0.885593684111741f,-0.35684645671744736f,0.7840528414766518f,-0.7873585694753629f,-0.4388057167055754f,0.4330312067971736f,1.3496176649922544f,-0.5400759669566069f,0.15222801860334254f,-0.8277346073881326f,-0.22072316401474884f,0f,0f,0f,1f], start_interpolation: 0, interpolation_duration: 1 }
$data merge entity $(bone_right_arm) { transformation: [0.29729519503280977f,-0.8845648215475211f,-0.3593892645739509f,0.5629116360897715f,-0.7873585694753629f,-0.44004798970354947f,0.43176874577900504f,1.2396056675663671f,-0.5400759669566069f,0.1546054437543076f,-0.8272938454245984f,-0.18207180307617193f,0f,0f,0f,1f], start_interpolation: 0, interpolation_duration: 1 }
$data merge entity $(bone_ledo_slash) { transformation: [-0.00001928658917362241f,1.5266192983621676f,0.789505800775663f,1.6017405280283437f,-0.00001718204190583853f,-1.740778386139648f,-0.8313098585486882f,0.9691073050735048f,4.0746178352128417e-7f,-1.1457465859989975f,2.314997974239383f,-0.7442762681222674f,0f,0f,0f,1f], start_interpolation: 0, interpolation_duration: 1 }
$data merge entity $(bone_ledo_great_hammer) { transformation: [-1.773121907897544f,1.4035048388168314f,0.7258359781324644f,1.7601910054783712f,-1.5796393365045098f,-1.6003930324187086f,-0.764268740923794f,1.0727578706867726f,0.03746019622695676f,-1.0533476677732718f,2.1283045892200776f,-0.7610934897687808f,0f,0f,0f,1f], start_interpolation: 0, interpolation_duration: 1 }
$data merge entity $(bone_left_arm2) { transformation: [0.6390389855938146f,-0.7031096437982317f,-0.31187498086437093f,0.19564491484567004f,-0.6432764299288484f,-0.7108316920789687f,0.2844534060863846f,1.758018524490875f,-0.42169255339550865f,0.01884500820041186f,-0.9065430249451494f,0.06183905571542068f,0f,0f,0f,1f], start_interpolation: 0, interpolation_duration: 1 }
$data merge entity $(bone_left_arm) { transformation: [0.6390389855938146f,-0.7162625921589657f,-0.2803516969182585f,0.09645914000515543f,-0.6432764299288484f,-0.6975019962267186f,0.3157315314594631f,1.5032334716930893f,-0.42169255339550865f,-0.021421118865764976f,-0.9064858112939849f,0.0037722068245408524f,0f,0f,0f,1f], start_interpolation: 0, interpolation_duration: 1 }
$data merge entity $(bone_head) { transformation: [0.8367227337931142f,0.47163402215499617f,-0.27830992777778807f,0.2838359446790529f,-0.5349585223988212f,0.8126227031190315f,-0.23122223441613127f,1.262697761832004f,0.11710869338630314f,0.3423531678273458f,0.9322445293011558f,-0.12973673002705643f,0f,0f,0f,1f], start_interpolation: 0, interpolation_duration: 1 }
$data merge entity $(bone_body_top) { transformation: [0.7622770165380736f,0.4655972343078966f,0.44961424072492506f,0.10050703367031855f,-0.4439349001985454f,0.8816047801373164f,-0.16029602622879255f,0.9155658796529358f,-0.47101545032357583f,-0.07740947644747158f,0.8787219233139726f,-0.0992567486758645f,0f,0f,0f,1f], start_interpolation: 0, interpolation_duration: 1 }
$data merge entity $(bone_body) { transformation: [0.8299510523339504f,0.31074711733933685f,0.4632682589980243f,-0.03544483016564132f,-0.2888701446128302f,0.9498648677781389f,-0.11962764108758969f,0.5f,-0.4772161882010403f,-0.03453928236242018f,0.8781069113113494f,-0.08414581264230567f,0f,0f,0f,1f], start_interpolation: 0, interpolation_duration: 1 }
$data merge entity $(bone_right_leg2) { transformation: [0.9372102542806557f,-0.34651911848262645f,0.03951505785408545f,0.21768283456507143f,0.2930446870125618f,0.7209730933714286f,-0.627951120747581f,0.25676325649187015f,0.18910777531581802f,0.600101907312797f,0.7772489627877577f,-0.2070402601582505f,0f,0f,0f,1f], start_interpolation: 0, interpolation_duration: 1 }
$data merge entity $(bone_right_leg) { transformation: [0.9372102542806557f,-0.33866317799763623f,-0.08333181349118457f,0.09597575497217092f,0.2930446870125618f,0.8942239819356657f,-0.338361170267559f,0.578125f,0.18910777531581802f,0.2926956132224459f,0.9373193304927826f,-0.10185277415643401f,0f,0f,0f,1f], start_interpolation: 0, interpolation_duration: 1 }
$data merge entity $(bone_left_leg2) { transformation: [0.9603392420410088f,0.05687216820390552f,-0.2729727031772351f,-0.23691556154846638f,-0.004681336830881677f,0.9821289259055586f,0.18815115727804987f,0.41690511306447026f,0.2787949520374715f,-0.17941106260033218f,0.9434431860663594f,0.2811816078446095f,0f,0f,0f,1f], start_interpolation: 0, interpolation_duration: 1 }
$data merge entity $(bone_left_leg) { transformation: [0.9603392420410088f,0.2511853882606212f,-0.12105552825237356f,-0.14664581264230564f,-0.004681336830881677f,0.4486118592988654f,0.8937144313380481f,0.578125f,0.2787949520374715f,-0.8577023378893027f,0.43199545633912384f,-0.027055169834358694f,0f,0f,0f,1f], start_interpolation: 0, interpolation_duration: 1 }
data modify entity @s data merge value {"locators":{"ledo_hammer":{"posx":1.6787075654335166,"posy":0.8805898658501635,"posz":-0.8035291946501268,"roty":161.16859523014227,"rotx":-18.77165675655348},"ledo_hammer2":{"posx":0.8661521324342984,"posy":1.8071332004083631,"posz":-0.19369633436033784,"roty":161.16859523014227,"rotx":-18.77165675655348},"player_camera":{"posx":0.2500083838740935,"posy":-0.3125,"posz":0.47185909974101603,"roty":152.82401202103682,"rotx":0}},"cameras":{}}