# This file was generated by Animated Java via MC-Build. It is not recommended to edit this file directly.
$data merge entity $(bone_right_arm2) { transformation: [0.28518094877793526f,-0.8849277245752569f,-0.3682047646788052f,0.7805163600131803f,-0.7958493841593621f,-0.43270469873754513f,0.4235450406079784f,1.3358486103359848f,-0.5341306808144245f,0.1722485586833978f,-0.8276683211554073f,-0.24679295935274068f,0f,0f,0f,1f], start_interpolation: 0, interpolation_duration: 1 }
$data merge entity $(bone_right_arm) { transformation: [0.28518094877793526f,-0.8849277245752569f,-0.3682047646788052f,0.559284428869366f,-0.7958493841593621f,-0.43270469873754513f,0.4235450406079784f,1.2276724356515984f,-0.5341306808144245f,0.1722485586833978f,-0.8276683211554073f,-0.20373081968189122f,0f,0f,0f,1f], start_interpolation: 0, interpolation_duration: 1 }
$data merge entity $(bone_ledo_slash) { transformation: [-0.5596604880225372f,1.6732273536450157f,0.6274556931471054f,1.539148183517187f,-0.5305254830209221f,-1.598099423886776f,-0.9961857964197786f,0.9295729210371805f,-0.07712230553992482f,-1.1489123402148491f,2.299461746422386f,-0.6629085074138441f,0f,0f,0f,1f], start_interpolation: 0, interpolation_duration: 1 }
$data merge entity $(bone_ledo_great_hammer) { transformation: [-1.7150885923271297f,1.5382896638349337f,0.5768544275707258f,1.6543092610188692f,-1.6258038995802448f,-1.4692204380894553f,-0.915848232192377f,1.0772577083473243f,-0.23634254923525344f,-1.0562581192297806f,2.114021283001226f,-0.6303517519580375f,0f,0f,0f,1f], start_interpolation: 0, interpolation_duration: 1 }
$data merge entity $(bone_left_arm2) { transformation: [0.6278352045291912f,-0.7346831763003487f,-0.25702837667273193f,0.20979368646178354f,-0.6753937186451898f,-0.6783631129455449f,0.28925215955884054f,1.7489292644112147f,-0.38686726505147834f,-0.008007337638801904f,-0.922100646228777f,0.051954668589159f,0f,0f,0f,1f], start_interpolation: 0, interpolation_duration: 1 }
$data merge entity $(bone_left_arm) { transformation: [0.6278352045291912f,-0.7346831763003487f,-0.25702837667273193f,0.10460229295284525f,-0.6753937186451898f,-0.6783631129455449f,0.28925215955884054f,1.4949142713441796f,-0.38686726505147834f,-0.008007337638801904f,-0.922100646228777f,0.0015944260480237338f,0f,0f,0f,1f], start_interpolation: 0, interpolation_duration: 1 }
$data merge entity $(bone_head) { transformation: [0.8297794258061866f,0.4707706545435586f,-0.29973504187763f,0.29114876749876584f,-0.541076400943414f,0.8102153898107604f,-0.22536049000638808f,1.2589539563202352f,0.13675683840626396f,0.34917905569267305f,0.9270229523667125f,-0.1343042680895179f,0f,0f,0f,1f], start_interpolation: 0, interpolation_duration: 1 }
$data merge entity $(bone_body_top) { transformation: [0.7590843364257597f,0.4768694643494524f,0.44315514683249513f,0.10338141591116896f,-0.4575548001848608f,0.875053552622828f,-0.15787616941755225f,0.9144016199749967f,-0.4630708099425575f,-0.0829264373600715f,0.8824333578043781f,-0.10165198337898973f,0f,0f,0f,1f], start_interpolation: 0, interpolation_duration: 1 }
$data merge entity $(bone_body) { transformation: [0.8303596506192268f,0.31815948300416463f,0.45746846229881044f,-0.035813357903153056f,-0.2986521316087462f,0.9472037027999926f,-0.11667068906771504f,0.5f,-0.47043570751917596f,-0.039745298797542766f,0.8815387435129701f,-0.08426341515506476f,0f,0f,0f,1f], start_interpolation: 0, interpolation_duration: 1 }
$data merge entity $(bone_right_leg2) { transformation: [0.9319874896016332f,-0.36171824444396483f,0.02364806255111676f,0.22118788452988325f,0.2976565574657387f,0.7264322752704453f,-0.619432581677013f,0.2566707221003645f,0.20688135011085645f,0.5843424176643179f,0.7846936000086461f,-0.2022738422575172f,0f,0f,0f,1f], start_interpolation: 0, interpolation_duration: 1 }
$data merge entity $(bone_right_leg) { transformation: [0.9319874896016332f,-0.34799207885073447f,-0.10149301593306609f,0.09612823119290054f,0.2976565574657387f,0.8944814689381161f,-0.3336217551718643f,0.578125f,0.20688135011085645f,0.2807212403496647f,0.9372276629468717f,-0.10138964650685643f,0f,0f,0f,1f], start_interpolation: 0, interpolation_duration: 1 }
$data merge entity $(bone_left_leg2) { transformation: [0.9477059464864057f,0.059284283417454994f,-0.3135901987211729f,-0.24914138054205007f,0.00045809683497738396f,0.98234147909464f,0.18709625489956921f,0.4165578473816295f,0.31914452704314944f,-0.1774558880111723f,0.9309437032756442f,0.2775586504271515f,0f,0f,0f,1f], start_interpolation: 0, interpolation_duration: 1 }
$data merge entity $(bone_left_leg) { transformation: [0.9477059464864057f,0.28487781672900264f,-0.1438682332206197f,-0.14676341515506475f,0.00045809683497738396f,0.4495781638076397f,0.8932408772412068f,0.578125f,0.31914452704314944f,-0.8465955965885175f,0.4259373976247407f,-0.026686642096846947f,0f,0f,0f,1f], start_interpolation: 0, interpolation_duration: 1 }
data modify entity @s data merge value {"locators":{"ledo_hammer":{"posx":1.58317178560939,"posy":0.8870374260349961,"posz":-0.694574691182174,"roty":164.7372337234579,"rotx":-22.68225515652711},"ledo_hammer2":{"posx":0.6925830328628495,"posy":1.7376387322973126,"posz":-0.08305683268072217,"roty":164.7372337234579,"rotx":-22.68225515652711},"player_camera":{"posx":0.25207050738793596,"posy":-0.3125,"posz":0.47048687110449366,"roty":152.57325319308788,"rotx":0}},"cameras":{}}