# This file was generated by Animated Java via MC-Build. It is not recommended to edit this file directly.
$data merge entity $(bone_right_arm2) { transformation: [0.596518947477416f,-0.7336949165101914f,0.3253565963485903f,0.6734184302385434f,-0.6631429651613763f,-0.222202335186827f,0.7147499772609295f,1.2303384470335934f,-0.4521134294150241f,-0.6421198421826138f,-0.6190925255710666f,-0.0301813451534578f,0f,0f,0f,1f], start_interpolation: 0, interpolation_duration: 1 }
$data merge entity $(bone_right_arm) { transformation: [0.596518947477416f,-0.7336949165101914f,0.3253565963485903f,0.4899947011109956f,-0.6631429651613763f,-0.222202335186827f,0.7147499772609295f,1.1747878632368867f,-0.4521134294150241f,-0.6421198421826138f,-0.6190925255710666f,-0.19071130569911124f,0f,0f,0f,1f], start_interpolation: 0, interpolation_duration: 1 }
$data merge entity $(bone_ledo_slash) { transformation: [0.650651439346974f,2.159718719988325f,0.7673242095982118f,0.9236939585205072f,-0.6262681255425053f,1.4287238650402518f,-1.7925266067627892f,1.792605716794492f,-0.9570764698816898f,0.5333532825558935f,1.6946011426064462f,0.2434910895670164f,0f,0f,0f,1f], start_interpolation: 0, interpolation_duration: 1 }
$data merge entity $(bone_ledo_great_hammer) { transformation: [1.1743402190469818f,1.940077293897417f,0.7054432249531947f,0.8043529822875388f,-1.1303315465956156f,1.283423949684028f,-1.6479680094432094f,1.8642258725413343f,-1.7273970720999419f,0.47911173966114246f,1.5579397601381844f,0.373288154780275f,0f,0f,0f,1f], start_interpolation: 0, interpolation_duration: 1 }
$data merge entity $(bone_left_arm2) { transformation: [0.8193434803344127f,-0.5311989246132787f,0.2156477769957027f,0.09595685426986378f,-0.5499401363412486f,-0.6219468688024165f,0.557447700531484f,1.6982815860475302f,-0.16199415938379028f,-0.5753345069405853f,-0.8017157210938133f,0.18550931410057803f,0f,0f,0f,1f], start_interpolation: 0, interpolation_duration: 1 }
$data merge entity $(bone_left_arm) { transformation: [0.8193434803344127f,-0.5392217044982464f,0.1947208633698453f,0.06356936318710378f,-0.5499401363412486f,-0.6432596982188487f,0.5327126871854706f,1.468724144450162f,-0.16199415938379028f,-0.543559485286939f,-0.8235902975874214f,0.029370172855869486f,0f,0f,0f,1f], start_interpolation: 0, interpolation_duration: 1 }
$data merge entity $(bone_head) { transformation: [0.845821426519434f,0.4222454386560879f,-0.32602899253710227f,0.2689266120949933f,-0.5107905434055249f,0.8173108778769234f,-0.2666382374520613f,1.269457681072538f,0.15388026256839632f,0.3920608606303122f,0.9069780296973574f,-0.11957139083256885f,0f,0f,0f,1f], start_interpolation: 0, interpolation_duration: 1 }
$data merge entity $(bone_body_top) { transformation: [0.7932494941738779f,0.4456607671776178f,0.4148996512309261f,0.09344768501880625f,-0.424407827397641f,0.8932804739574853f,-0.14808102812279766f,0.9177284944517782f,-0.4366156616940134f,-0.05862145891179926f,0.8977362020763958f,-0.09648919138604789f,0f,0f,0f,1f], start_interpolation: 0, interpolation_duration: 1 }
$data merge entity $(bone_body) { transformation: [0.8538612424873762f,0.29592061623781546f,0.42819617871175114f,-0.036017584585238f,-0.2774554967320304f,0.9548079873183501f,-0.10658402641232712f,0.5f,-0.4403855423502191f,-0.02779741424148921f,0.897378335960029f,-0.08432782265539636f,0f,0f,0f,1f], start_interpolation: 0, interpolation_duration: 1 }
$data merge entity $(bone_right_leg2) { transformation: [0.9264080242965597f,-0.3609306410026437f,0.10722520647854072f,0.2316940901324196f,0.3455131012185624f,0.7017433539377416f,-0.62303849166046f,0.2672793644171241f,0.14962910614341213f,0.6142355717390766f,0.7748069391823315f,-0.2199667709858877f,0f,0f,0f,1f], start_interpolation: 0, interpolation_duration: 1 }
$data merge entity $(bone_right_leg) { transformation: [0.9264080242965597f,-0.3762348770289012f,-0.01467957172374551f,0.09648468120015824f,0.3455131012185624f,0.8649617685784374f,-0.36395306810630557f,0.578125f,0.14962910614341213f,0.33209705841020215f,0.9313016022696483f,-0.10061939061972132f,0f,0f,0f,1f], start_interpolation: 0, interpolation_duration: 1 }
$data merge entity $(bone_left_leg2) { transformation: [0.9499145114752798f,0.05252633711333063f,-0.30806396218664933f,-0.24604172791516424f,0.0011453135189953279f,0.985181775522097f,0.17150964239969607f,0.4108260383288446f,0.31250777453628853f,-0.16327232799401492f,0.9357783058854225f,0.2757063485256915f,0f,0f,0f,1f], start_interpolation: 0, interpolation_duration: 1 }
$data merge entity $(bone_left_leg) { transformation: [0.9499145114752798f,0.2760734755054411f,-0.14644404054459573f,-0.14682782265539635f,0.0011453135189953279f,0.46552754551973674f,0.8850326505950572f,0.578125f,0.31250777453628853f,-0.840873082269088f,0.4418951802969345f,-0.026482415414762005f,0f,0f,0f,1f], start_interpolation: 0, interpolation_duration: 1 }
data modify entity @s data merge value {"locators":{"ledo_hammer":{"posx":0.9787946993030116,"posy":1.829644816427839,"posz":0.25605710063517173,"roty":155.63873510385343,"rotx":-43.93813556720064},"ledo_hammer2":{"posx":-0.14440794453233496,"posy":1.0866098981897174,"posz":-0.02132338022127922,"roty":155.63873510385343,"rotx":-43.93813556720064},"player_camera":{"posx":0.25320945161793373,"posy":-0.3125,"posz":0.46972336769539536,"roty":152.43444027047335,"rotx":0}},"cameras":{}}