# This file was generated by Animated Java via MC-Build. It is not recommended to edit this file directly.
$data merge entity $(bone_right_arm2) { transformation: [0.8854276802515637f,0.1329231823184507f,0.44536417755211344f,0.29413550546687717f,-0.4642355388598309f,0.2991790791332677f,0.8336529512144083f,1.0849637943331127f,-0.022431841294399124f,-0.9448932776834145f,0.3266091031873378f,0.14481478123194014f,0f,0f,0f,1f], start_interpolation: 0, interpolation_duration: 1 }
$data merge entity $(bone_right_arm) { transformation: [0.8854276802515637f,0.1329231823184507f,0.44536417755211344f,0.32736630104648984f,-0.4642355388598309f,0.2991790791332677f,0.8336529512144083f,1.1597585641164296f,-0.022431841294399124f,-0.9448932776834145f,0.3266091031873378f,-0.09140853818891348f,0f,0f,0f,1f], start_interpolation: 0, interpolation_duration: 1 }
$data merge entity $(bone_ledo_slash) { transformation: [0.5205792480687621f,-2.5151606991472235f,0.3515800773527549f,-1.5481231149866175f,2.7595208847002213f,0.4073115070786409f,-0.4629868071513094f,1.2582341714281575f,0.43486915023707473f,0.4262336269907443f,2.5170708724077633f,0.8280120661028049f,0f,0f,0f,1f], start_interpolation: 0, interpolation_duration: 1 }
$data merge entity $(bone_ledo_great_hammer) { transformation: [0.4350882278580563f,-2.3123251588934153f,0.3232268453081779f,-1.5482490268310927f,2.3063444344268706f,0.3744638048948795f,-0.42564916141330056f,1.0706121624673293f,0.3634536886145639f,0.3918599473947165f,2.3140812859232662f,0.7935187001289592f,0f,0f,0f,1f], start_interpolation: 0, interpolation_duration: 1 }
$data merge entity $(bone_left_arm2) { transformation: [0.7999898687244853f,0.44559539151071276f,-0.4018220464367219f,-0.4295375707621768f,0.3620655103655781f,0.17551979239148305f,0.9154787647360064f,1.1993114247443608f,0.47846084076117884f,-0.8778596411404646f,-0.020920667170064557f,0.33503827015436005f,0f,0f,0f,1f], start_interpolation: 0, interpolation_duration: 1 }
$data merge entity $(bone_left_arm) { transformation: [0.7999898687244853f,0.4495013916502293f,-0.39744774353704376f,-0.21716348925905885f,0.3620655103655781f,0.16656380492928924f,0.9171505138695563f,1.2862105647723805f,0.47846084076117884f,-0.8776132392984878f,-0.029499594338245172f,0.17544256542488545f,0f,0f,0f,1f], start_interpolation: 0, interpolation_duration: 1 }
$data merge entity $(bone_head) { transformation: [0.9535598914066353f,0.10427707997730458f,-0.2825771117623869f,0.062219438041210426f,-0.2502682026804761f,0.7963189150465648f,-0.5506741434515934f,1.3213397059629175f,0.1675988073574804f,0.595820842309556f,0.7854350155435403f,-0.004518363313404106f,0f,0f,0f,1f], start_interpolation: 0, interpolation_duration: 1 }
$data merge entity $(bone_body_top) { transformation: [0.9570774520763811f,0.1382989407371509f,0.25470797733475947f,0.0077642301259572485f,-0.10325586489925387f,0.9838496411044989f,-0.14621255097444902f,0.9339489097780209f,-0.2708153930094989f,0.1136366432517735f,0.9559004844750211f,-0.04926279159378993f,0f,0f,0f,1f], start_interpolation: 0, interpolation_duration: 1 }
$data merge entity $(bone_body) { transformation: [0.9607197287850416f,0.09898908012911466f,0.25926581868497f,-0.03554349243053041f,-0.07436685510751981f,0.991883222349762f,-0.10313701606343785f,0.5f,-0.2673708540297786f,0.07980498252768684f,0.960283286941485f,-0.08417747144965292f,0f,0f,0f,1f], start_interpolation: 0, interpolation_duration: 1 }
$data merge entity $(bone_right_leg2) { transformation: [0.7642140539180018f,-0.11994205951513318f,0.6337119078520475f,0.19325005224099073f,0.5692983095364682f,0.5872147809215787f,-0.5753939831334193f,0.32513128229591715f,-0.3031110597670975f,0.8004952863237176f,0.5170405999729388f,-0.3333802864594318f,0f,0f,0f,1f], start_interpolation: 0, interpolation_duration: 1 }
$data merge entity $(bone_right_leg) { transformation: [0.7642140539180018f,-0.26271596264646735f,0.5890307315963689f,0.09883650316491654f,0.5692983095364682f,0.7039825188287523f,-0.4246269515026629f,0.578125f,-0.3031110597670975f,0.6598400837735348f,0.6875570880244067f,-0.09625025635331773f,0f,0f,0f,1f], start_interpolation: 0, interpolation_duration: 1 }
$data merge entity $(bone_left_leg2) { transformation: [0.9994668034572167f,0.03262344830349671f,0.0013488542554497534f,-0.15351020506143828f,-0.032638363822554306f,0.9970535884366487f,0.06941814598927676f,0.37728611491719266f,0.0009197793213315264f,-0.06942515686976192f,0.9975867388852004f,0.2709821549352233f,0f,0f,0f,1f], start_interpolation: 0, interpolation_duration: 1 }
$data merge entity $(bone_left_leg) { transformation: [0.9994668034572167f,0.019012823963228898f,0.026544704028424126f,-0.1466774714496529f,-0.032638363822554306f,0.5588560280565074f,0.8286221558176505f,0.578125f,0.0009197793213315264f,-0.8290467130565368f,0.5591785954202401f,-0.02695650756946959f,0f,0f,0f,1f], start_interpolation: 0, interpolation_duration: 1 }
data modify entity @s data merge value {"locators":{"ledo_hammer":{"posx":-1.611478440330353,"posy":1.2691434800707055,"posz":0.8377480945676128,"roty":172.0484704340324,"rotx":-10.324371057561942},"ledo_hammer2":{"posx":-0.2727638746552181,"posy":1.0523486456578806,"posz":0.6108818092338296,"roty":172.0484704340324,"rotx":-10.324371057561942},"player_camera":{"posx":0.2505613269703862,"posy":-0.3125,"posz":0.47149242364595956,"roty":152.7568444778362,"rotx":0}},"cameras":{}}