# This file was generated by Animated Java via MC-Build. It is not recommended to edit this file directly.
$data merge entity $(bone_right_arm2) { transformation: [0.8483590577242272f,0.14872258065461003f,0.5081028470503729f,0.2718459380296868f,-0.5262652514231713f,0.1322587855190852f,0.8399717249988373f,1.1388384257846778f,0.057721697149059614f,-0.9799944936868009f,0.19047046495922307f,0.17838025213473419f,0f,0f,0f,1f], start_interpolation: 0, interpolation_duration: 1 }
$data merge entity $(bone_right_arm) { transformation: [0.8483590577242272f,0.14872258065461003f,0.5081028470503729f,0.3090265831933393f,-0.5262652514231713f,0.1322587855190852f,0.8399717249988373f,1.1719031221644491f,0.057721697149059614f,-0.9799944936868009f,0.19047046495922307f,-0.06661837128696606f,0f,0f,0f,1f], start_interpolation: 0, interpolation_duration: 1 }
$data merge entity $(bone_ledo_slash) { transformation: [-0.11898946522372093f,-1.9680364973167088f,0.42742987393079224f,-1.6592282445824582f,2.406708433809795f,-0.10056458473463831f,-0.004060926015968684f,0.9212605993182756f,0.023798933299903464f,0.3300157939005279f,2.5477241457548954f,0.7622855849755116f,0f,0f,0f,1f], start_interpolation: 0, interpolation_duration: 1 }
$data merge entity $(bone_ledo_great_hammer) { transformation: [-0.11727280735292972f,-2.3393278404077402f,0.39295972280734126f,-1.614934921167471f,2.371986914826318f,-0.11953717989962875f,-0.0037334319824228225f,0.7357887230631293f,0.023455586718011522f,0.3922768381065904f,2.3422625210972425f,0.7545588939820776f,0f,0f,0f,1f], start_interpolation: 0, interpolation_duration: 1 }
$data merge entity $(bone_left_arm2) { transformation: [0.6266158385132294f,0.5028503063106656f,-0.595394121878636f,-0.4772903303660573f,0.4967611689376981f,0.3309414483928936f,0.8023129680936644f,1.0881636802235772f,0.6004839148220491f,-0.798510693215115f,-0.04242335278007012f,0.317520018600654f,0f,0f,0f,1f], start_interpolation: 0, interpolation_duration: 1 }
$data merge entity $(bone_left_arm) { transformation: [0.6266158385132294f,0.5028503063106656f,-0.595394121878636f,-0.2732507739742372f,0.4967611689376981f,0.3309414483928936f,0.8023129680936644f,1.232994188439013f,0.6004839148220491f,-0.798510693215115f,-0.04242335278007012f,0.19295283464963137f,0f,0f,0f,1f], start_interpolation: 0, interpolation_duration: 1 }
$data merge entity $(bone_head) { transformation: [0.9603556792386094f,0.023120804968031414f,-0.2778172020084063f,0.012297992614411373f,-0.19290585483352662f,0.7745531216240973f,-0.6023742963916311f,1.3232653389038815f,0.2012568024318575f,0.6320861414079544f,0.7483066278704926f,0.0191833500056049f,0f,0f,0f,1f], start_interpolation: 0, interpolation_duration: 1 }
$data merge entity $(bone_body_top) { transformation: [0.9778287277701206f,0.0615157346033722f,0.20016691420830507f,-0.011923827885666434f,-0.030196646668048735f,0.9873096671698595f,-0.15590953672866292f,0.9345121574557494f,-0.2072176191289547f,0.14640845436363553f,0.9672773246661883f,-0.038464978900076593f,0f,0f,0f,1f], start_interpolation: 0, interpolation_duration: 1 }
$data merge entity $(bone_body) { transformation: [0.9778287277701206f,0.0527260270862245f,0.20265967831606319f,-0.034991464735889655f,-0.030196646668048735f,0.9931706456131416f,-0.11269530257459896f,0.5f,-0.2072176191289547f,0.10407706164221832f,0.9727429380686602f,-0.08399869336854711f,0f,0f,0f,1f], start_interpolation: 0, interpolation_duration: 1 }
$data merge entity $(bone_right_leg2) { transformation: [0.7304208071096769f,-0.033730032590776865f,0.6821640047984598f,0.1649484802349811f,0.5711950038268191f,0.577760847220509f,-0.5830340221825137f,0.3300637947129964f,-0.37446189678594566f,0.8155088523863274f,0.4412749704379424f,-0.3458303030626997f,0f,0f,0f,1f], start_interpolation: 0, interpolation_duration: 1 }
$data merge entity $(bone_right_leg) { transformation: [0.7304208071096769f,-0.1805778099794495f,0.6586934788536121f,0.10005332977361645f,0.5711950038268191f,0.6902572668855753f,-0.4441634531509045f,0.578125f,-0.37446189678594566f,0.7006686521135946f,0.6073234128541318f,-0.0940275062093766f,0f,0f,0f,1f], start_interpolation: 0, interpolation_duration: 1 }
$data merge entity $(bone_left_leg2) { transformation: [0.9968156264282373f,0.03909112977253186f,0.06950173006183324f,-0.13523506951527028f,-0.04216109661912659f,0.998173550823258f,0.04326666579205757f,0.3720867581644518f,-0.06768344583687758f,-0.046059157721304644f,0.9966431182472746f,0.26672226581560005f,0f,0f,0f,1f], start_interpolation: 0, interpolation_duration: 1 }
$data merge entity $(bone_left_leg) { transformation: [0.9968156264282373f,-0.031342257678683316f,0.07332305089181626f,-0.1464986933685471f,-0.04216109661912659f,0.573323803368482f,0.8182433980320104f,0.578125f,-0.06768344583687758f,-0.8187291856131071f,0.5701767022467203f,-0.02750853526411035f,0f,0f,0f,1f], start_interpolation: 0, interpolation_duration: 1 }
data modify entity @s data merge value {"locators":{"ledo_hammer":{"posx":-1.7230536601219293,"posy":0.918488228637837,"posz":0.771882608446885,"roty":170.47622052826645,"rotx":-0.09006736159606382},"ledo_hammer2":{"posx":-0.36870596304376413,"posy":0.987693964369201,"posz":0.5447749653325432,"roty":170.47622052826645,"rotx":-0.09006736159606382},"player_camera":{"posx":0.24745932578629415,"posy":-0.3125,"posz":0.4735374497947401,"roty":153.13298271975958,"rotx":0}},"cameras":{}}