# This file was generated by Animated Java via MC-Build. It is not recommended to edit this file directly.
$data merge entity $(bone_right_arm2) { transformation: [0.826933521584333f,0.07976237954343685f,0.5566137922201553f,0.2832119587603342f,-0.5309336676731315f,-0.2152326238040791f,0.8196245226819222f,1.2278904678110598f,0.1851766492063463f,-0.9732999950991374f,-0.13563453884880974f,0.22810426829189445f,0f,0f,0f,1f], start_interpolation: 0, interpolation_duration: 1 }
$data merge entity $(bone_right_arm) { transformation: [0.826933521584333f,0.07976237954343685f,0.5566137922201553f,0.3031525536461934f,-0.5309336676731315f,-0.2152326238040791f,0.8196245226819222f,1.17408231186004f,0.1851766492063463f,-0.9732999950991374f,-0.13563453884880974f,-0.01522073048288992f,0f,0f,0f,1f], start_interpolation: 0, interpolation_duration: 1 }
$data merge entity $(bone_ledo_slash) { transformation: [0.027917333961834843f,-0.04097217329535022f,-0.044523180731647974f,-1.7161769238785642f,-0.09800200836416913f,-0.01168396943636917f,0.077242806853136f,0.5977898474377561f,0.0034134858662676665f,-0.0003570032069930591f,2.5817944043393726f,0.4705385279937514f,0f,0f,0f,1f], start_interpolation: 0, interpolation_duration: 1 }
$data merge entity $(bone_ledo_great_hammer) { transformation: [-0.650304069128956f,-2.2838682404633737f,-0.040932601640386035f,-1.6305808575793248f,2.2828506801242026f,-0.6512870705176051f,0.0710135482359476f,0.4273336001183137f,-0.07951345754514692f,-0.01990004973174197f,2.3735851781829713f,0.4771143916991766f,0f,0f,0f,1f], start_interpolation: 0, interpolation_duration: 1 }
$data merge entity $(bone_left_arm2) { transformation: [0.4920044476389853f,0.5453705666272163f,-0.678603395629705f,-0.513056120161776f,0.5186134115208622f,0.4424764519032079f,0.7316110434526264f,1.0383250569570268f,0.6992651520661887f,-0.7118887093976538f,-0.0651361077897104f,0.25624251707352624f,0f,0f,0f,1f], start_interpolation: 0, interpolation_duration: 1 }
$data merge entity $(bone_left_arm) { transformation: [0.4920044476389853f,0.5453705666272163f,-0.678603395629705f,-0.31521292255009886f,0.5186134115208622f,0.4424764519032079f,0.7316110434526264f,1.2137708463729366f,0.6992651520661887f,-0.7118887093976538f,-0.0651361077897104f,0.1656784837323864f,0f,0f,0f,1f], start_interpolation: 0, interpolation_duration: 1 }
$data merge entity $(bone_head) { transformation: [0.9023568851993051f,-0.07924272743414337f,-0.42364211533109664f,-0.009360485845494385f,-0.21740708549549478f,0.7650376578110759f,-0.6061778132753606f,1.3231376269312736f,0.37213735489703625f,0.6390915210513604f,0.6731090675444034f,0.029914744446180037f,0f,0f,0f,1f], start_interpolation: 0, interpolation_duration: 1 }
$data merge entity $(bone_body_top) { transformation: [0.9979660028246088f,0.021212973424197732f,0.06011544697311357f,-0.017713094131272242f,-0.011390756570666953f,0.9871728447758027f,-0.15924831302716153f,0.9344383193008012f,-0.06272246703551099f,0.15823964198567086f,0.985406569814321f,-0.032392114585677874f,0f,0f,0f,1f], start_interpolation: 0, interpolation_duration: 1 }
$data merge entity $(bone_body) { transformation: [0.9976754057681775f,0.029442391009883048f,0.06145673548866343f,-0.030594140198096073f,-0.022158807309545604f,0.9930018726875457f,-0.11600115558754504f,0.5f,-0.06444200480991275f,0.11436969201081448f,0.9913459545312275f,-0.08242885484040921f,0f,0f,0f,1f], start_interpolation: 0, interpolation_duration: 1 }
$data merge entity $(bone_right_leg2) { transformation: [0.9168055036628708f,0.03616655520176547f,0.3976929075785831f,0.13017536032692f,0.32910259604185904f,0.4956455652459569f,-0.8037580201344958f,0.3332254375412523f,-0.22618388477515083f,0.8677715447840252f,0.4425080748767956f,-0.3425268931027013f,0f,0f,0f,1f], start_interpolation: 0, interpolation_duration: 1 }
$data merge entity $(bone_right_leg) { transformation: [0.9168055036628708f,-0.06477471487087694f,0.39404556179059597f,0.10689694717019863f,0.32910259604185904f,0.6814596520591241f,-0.6536851106564738f,0.578125f,-0.22618388477515083f,0.7289835244563858f,0.6460834863538668f,-0.08054843900118765f,0f,0f,0f,1f], start_interpolation: 0, interpolation_duration: 1 }
$data merge entity $(bone_left_leg2) { transformation: [0.9973881978000875f,0.03543361754198743f,0.06293839557044441f,-0.13275704237723185f,-0.03823361470791253f,0.9983060310242745f,0.043854978359670505f,0.3978046327097522f,-0.061277839350457386f,-0.04614680019728806f,0.9970534084170674f,0.2787173890811624f,0f,0f,0f,1f], start_interpolation: 0, interpolation_duration: 1 }
$data merge entity $(bone_left_leg) { transformation: [0.9973881978000875f,-0.03386939120188476f,0.06379378675629208f,-0.14492885484040918f,-0.03823361470791253f,0.5017610220250375f,0.8641609036995117f,0.578125f,-0.061277839350457386f,-0.8643429534137498f,0.4991555722302778f,-0.031905859801903934f,0f,0f,0f,1f], start_interpolation: 0, interpolation_duration: 1 }
data modify entity @s data merge value {"locators":{"ledo_hammer":{"posx":-1.7783499252995818,"posy":0.5805183370240283,"posz":0.46889118445284084,"roty":180.98797081053627,"rotx":1.7134244709915845},"ledo_hammer2":{"posx":-0.4561104176628916,"posy":0.9575792725868524,"posz":0.48041226587648095,"roty":180.98797081053627,"rotx":1.7134244709915845},"player_camera":{"posx":0.22202083499443032,"posy":-0.3125,"posz":0.48924471837115635,"roty":156.16,"rotx":0}},"cameras":{}}