# This file was generated by Animated Java via MC-Build. It is not recommended to edit this file directly.
$data merge entity $(bone_right_arm2) { transformation: [0.8164998654348778f,0.07751374742105614f,0.5721185093191541f,0.2872194228573077f,-0.5348939962919934f,-0.2713966745603207f,0.8001451479377855f,1.2397159209940802f,0.21729330978105937f,-0.9593411614219127f,-0.18013371013235824f,0.23712253563487568f,0f,0f,0f,1f], start_interpolation: 0, interpolation_duration: 1 }
$data merge entity $(bone_right_arm) { transformation: [0.8164998654348778f,0.07751374742105614f,0.5721185093191541f,0.30659785971257175f,-0.5348939962919934f,-0.2713966745603207f,0.8001451479377855f,1.171866752354f,0.21729330978105937f,-0.9593411614219127f,-0.18013371013235824f,-0.0027127547206025164f,0f,0f,0f,1f], start_interpolation: 0, interpolation_duration: 1 }
$data merge entity $(bone_ledo_slash) { transformation: [0.049783387760062206f,-0.15447634533365096f,-0.12135231377827863f,-1.7230567929737184f,-0.16599680666462546f,-0.04656377389410762f,0.06256781083759853f,0.5845105245385391f,0.006367887959376699f,-0.006137352513489824f,2.5797228525752076f,0.41397670293468103f,0f,0f,0f,1f], start_interpolation: 0, interpolation_duration: 1 }
$data merge entity $(bone_ledo_great_hammer) { transformation: [-0.681794293772953f,-2.2722972087788658f,-0.1115658368606755f,-1.63542585934584f,2.2733622732534644f,-0.6849380934100991f,0.05752201964101801f,0.41522441058656046f,-0.08720960684743688f,-0.09027847568230192f,2.371680687044949f,0.42220474886150783f,0f,0f,0f,1f], start_interpolation: 0, interpolation_duration: 1 }
$data merge entity $(bone_left_arm2) { transformation: [0.4793791667721741f,0.561835615613493f,-0.6741931143915842f,-0.5170902669501133f,0.5112333670532909f,0.44563848366053116f,0.734878756185058f,1.0460578984549938f,0.7133274555743465f,-0.696955581733119f,-0.0735993085217439f,0.23644516331381657f,0f,0f,0f,1f], start_interpolation: 0, interpolation_duration: 1 }
$data merge entity $(bone_left_arm) { transformation: [0.4793791667721741f,0.561835615613493f,-0.6741931143915842f,-0.3167089672002183f,0.5112333670532909f,0.44563848366053116f,0.734878756185058f,1.221371690251788f,0.7133274555743465f,-0.696955581733119f,-0.0735993085217439f,0.15137219982733013f,0f,0f,0f,1f], start_interpolation: 0, interpolation_duration: 1 }
$data merge entity $(bone_head) { transformation: [0.8739598256248526f,-0.09701871387572748f,-0.47621590938530906f,-0.004709117256341466f,-0.2377597088599122f,0.76925331968252f,-0.5930595678346928f,1.3232714974705142f,0.42386854570329574f,0.631535192459868f,0.6492293559660182f,0.029038012264117875f,0f,0f,0f,1f], start_interpolation: 0, interpolation_duration: 1 }
$data merge entity $(bone_body_top) { transformation: [0.9994710862552381f,0.025565550043432632f,0.02009851712816734f,-0.014775552585943066f,-0.02210614125352606f,0.9874020562731981f,-0.15667960233016723f,0.9344819378129423f,-0.023850917354551526f,0.1561524316763493f,0.9874449614145132f,-0.032447007708444664f,0f,0f,0f,1f], start_interpolation: 0, interpolation_duration: 1 }
$data merge entity $(bone_body) { transformation: [0.9992456412088859f,0.03232175714951068f,0.021527947877364173f,-0.02891632133885399f,-0.029679066324386924f,0.993101572143868f,-0.11343906041346796f,0.5f,-0.025045988643994377f,0.11271455726810913f,0.9933116968166131f,-0.08175962651324241f,0f,0f,0f,1f], start_interpolation: 0, interpolation_duration: 1 }
$data merge entity $(bone_right_leg2) { transformation: [0.9598786822428476f,0.00859092156117039f,0.28028398356392853f,0.13285323360443568f,0.24237438603296618f,0.47725428194047026f,-0.8446792334162292f,0.3319779233342106f,-0.1410233043538457f,0.8787232479206499f,0.4560239919049291f,-0.3366239977135897f,0f,0f,0f,1f], start_interpolation: 0, interpolation_duration: 1 }
$data merge entity $(bone_right_leg) { transformation: [0.9598786822428476f,-0.06634789346290387f,0.2724534316333158f,0.1090094593912046f,0.24237438603296618f,0.684930995939588f,-0.6871129367115327f,0.578125f,-0.1410233043538457f,0.7255807934573788f,0.6735316917524249f,-0.0758684000648442f,0f,0f,0f,1f], start_interpolation: 0, interpolation_duration: 1 }
$data merge entity $(bone_left_leg2) { transformation: [0.998660355621185f,0.034219778222781216f,0.038813668841683635f,-0.13873339573196583f,-0.03609681659767197f,0.998159151486474f,0.04873733820508075f,0.4066715573752594f,-0.03707443785254533f,-0.05007309738957688f,0.9980571982485432f,0.282206708162894f,0f,0f,0f,1f], start_interpolation: 0, interpolation_duration: 1 }
$data merge entity $(bone_left_leg) { transformation: [0.998660355621185f,-0.015377337826160908f,0.0494067970217493f,-0.1442596265132424f,-0.03609681659767197f,0.4770878403471044f,0.8781140087849926f,0.578125f,-0.03707443785254533f,-0.8787210763799376f,0.47589363936031115f,-0.03358367866114602f,0f,0f,0f,1f], start_interpolation: 0, interpolation_duration: 1 }
data modify entity @s data merge value {"locators":{"ledo_hammer":{"posx":-1.7851668906112201,"posy":0.5662451930262682,"posz":0.41040521666391266,"roty":182.6932558269877,"rotx":1.38782789690989},"ledo_hammer2":{"posx":-0.46962640131819255,"posy":0.9627882997373782,"posz":0.46267170258524537,"roty":182.6932558269877,"rotx":1.38782789690989},"player_camera":{"posx":0.21196341792162787,"posy":-0.3125,"posz":0.49495689935869963,"roty":157.33095416979714,"rotx":0}},"cameras":{}}