# This file was generated by Animated Java via MC-Build. It is not recommended to edit this file directly.
$data merge entity $(bone_right_arm2) { transformation: [0.7898462030931864f,0.133557184918709f,0.5985862125173502f,0.27837347314895733f,-0.5409991741485667f,-0.30802488809804696f,0.7825858175834487f,1.2443815375559726f,0.2888994098814419f,-0.9419570832414689f,-0.17103796157981693f,0.2624170375292157f,0f,0f,0f,1f], start_interpolation: 0, interpolation_duration: 1 }
$data merge entity $(bone_right_arm) { transformation: [0.7898462030931864f,0.133557184918709f,0.5985862125173502f,0.31176276937863456f,-0.5409991741485667f,-0.30802488809804696f,0.7825858175834487f,1.1673753155314608f,0.2888994098814419f,-0.9419570832414689f,-0.17103796157981693f,0.026927766718848466f,0f,0f,0f,1f], start_interpolation: 0, interpolation_duration: 1 }
$data merge entity $(bone_ledo_slash) { transformation: [0.07531950023728967f,-0.5440701419271365f,-0.13289003625179177f,-1.7800055742747714f,-0.22664020524970888f,-0.182013022507708f,0.10700108482057047f,0.535445887134028f,0.013290937510327838f,-0.020493482500534434f,2.5776931774792993f,0.3894507790538965f,0f,0f,0f,1f], start_interpolation: 0, interpolation_duration: 1 }
$data merge entity $(bone_ledo_great_hammer) { transformation: [-0.7478497475173473f,-2.250870829101782f,-0.12217309784438919f,-1.688239622739545f,2.250317908898723f,-0.7530054882778562f,0.09837196507697607f,0.36873708030357444f,-0.13196614727996483f,-0.0847835203449529f,2.369814695424517f,0.4011018180792496f,0f,0f,0f,1f], start_interpolation: 0, interpolation_duration: 1 }
$data merge entity $(bone_left_arm2) { transformation: [0.44390868238667214f,0.607087594901699f,-0.6590824939400218f,-0.5259425617253164f,0.49562922653603503f,0.44642215167457755f,0.7450227730059881f,1.0629664974617836f,0.746523108486951f,-0.6573826242080869f,-0.10271968596266585f,0.19074865415437134f,0f,0f,0f,1f], start_interpolation: 0, interpolation_duration: 1 }
$data merge entity $(bone_left_arm) { transformation: [0.44390868238667214f,0.607087594901699f,-0.6590824939400218f,-0.31868207770155765f,0.49562922653603503f,0.44642215167457755f,0.7450227730059881f,1.2365256886974325f,0.746523108486951f,-0.6573826242080869f,-0.10271968596266585f,0.11971838666321849f,0f,0f,0f,1f], start_interpolation: 0, interpolation_duration: 1 }
$data merge entity $(bone_head) { transformation: [0.8044654656043201f,-0.13789136201020236f,-0.5777726948662385f,0.004568051477437324f,-0.27275965469935437f,0.7783161467760634f,-0.5655317377795434f,1.3233836723688335f,0.5276717591631307f,0.6125438334932712f,0.5885172611156397f,0.028767104727228654f,0f,0f,0f,1f], start_interpolation: 0, interpolation_duration: 1 }
$data merge entity $(bone_body_top) { transformation: [0.9968978743812899f,0.033133103061810915f,-0.07139205512913113f,-0.008478107853150726f,-0.04362572658029995f,0.987596195598164f,-0.1508328559047193f,0.9345176703520564f,0.06550896148166592f,0.15347948371534326f,0.9859780038337898f,-0.03166544198568776f,0f,0f,0f,1f], start_interpolation: 0, interpolation_duration: 1 }
$data merge entity $(bone_body) { transformation: [0.9968576142953731f,0.03740422525753948f,-0.06982707751452788f,-0.024842456403324248f,-0.04480404385173402f,0.9931832465189859f,-0.10760871938899357f,0.5f,0.06532606276111036f,0.11039910673049173f,0.9917381422317286f,-0.0799650511802779f,0f,0f,0f,1f], start_interpolation: 0, interpolation_duration: 1 }
$data merge entity $(bone_right_leg2) { transformation: [0.9931962393923902f,-0.08647967131214337f,0.07799036162601893f,0.15141726726361707f,0.10998031700026516f,0.4764076946382467f,-0.8723187710705258f,0.3226159922394978f,0.038282632215337065f,0.8749611276732324f,0.48267739239729296f,-0.31454105815925004f,0f,0f,0f,1f], start_interpolation: 0, interpolation_duration: 1 }
$data merge entity $(bone_right_leg) { transformation: [0.9931962393923902f,-0.10552787005824688f,0.049245291122942125f,0.1134931889614346f,0.10998031700026516f,0.7109815868118323f,-0.6945570625132612f,0.578125f,0.038282632215337065f,0.6952474752600678f,0.7177502269001147f,-0.06468649673766316f,0f,0f,0f,1f], start_interpolation: 0, interpolation_duration: 1 }
$data merge entity $(bone_left_leg2) { transformation: [0.9986320747794362f,0.038937972497326674f,-0.03489718497981627f,-0.16030139706485505f,-0.037157168011632824f,0.9980425868596527f,0.0503024818458061f,0.41560359535255686f,0.03678755342603501f,-0.04893699124680417f,0.9981241640200063f,0.2823722181785499f,0f,0f,0f,1f], start_interpolation: 0, interpolation_duration: 1 }
$data merge entity $(bone_left_leg) { transformation: [0.9986320747794362f,0.049631571157084275f,0.0164525489270618f,-0.14246505118027789f,-0.037157168011632824f,0.45223347380158097f,0.8911252605771592f,0.578125f,0.03678755342603501f,-0.8905175979832367f,0.4534590208553497f,-0.03765754359667576f,0f,0f,0f,1f], start_interpolation: 0, interpolation_duration: 1 }
data modify entity @s data merge value {"locators":{"ledo_hammer":{"posx":-1.8423003526587123,"posy":0.5150445691367447,"posz":0.3859924719217118,"roty":182.9512059417432,"rotx":2.373857376948901},"ledo_hammer2":{"posx":-0.539164609494523,"posy":0.9509951149818192,"posz":0.4350776679108951,"roty":182.9512059417432,"rotx":2.373857376948901},"player_camera":{"posx":0.18669508151468645,"posy":-0.3125,"posz":0.5081479227044903,"roty":160.21691960931634,"rotx":0}},"cameras":{}}