# This file was generated by Animated Java via MC-Build. It is not recommended to edit this file directly.
$data merge entity $(bone_right_arm2) { transformation: [0.8934980448660659f,-0.43226506080608673f,-0.1216887875970024f,0.3081855028637301f,-0.2500810384419685f,-0.7040364329951211f,0.6646744881724383f,1.5636558020383153f,-0.37298889800140816f,-0.563453297285424f,-0.7371564716841864f,0.3369064353431956f,0f,0f,0f,1f], start_interpolation: 0, interpolation_duration: 1 }
$data merge entity $(bone_right_arm) { transformation: [0.9006757109936128f,-0.42221191891002f,-0.10256880206217217f,0.2026325231362251f,-0.2387863361480937f,-0.6782197385319718f,0.6949813464652077f,1.3941008674053224f,-0.36299359401388887f,-0.6014607899073241f,-0.7116744824067656f,0.18654123786636456f,0f,0f,0f,1f], start_interpolation: 0, interpolation_duration: 1 }
$data merge entity $(bone_ledo_slash) { transformation: [0.0000029974754119926082f,2.558764195332843f,-0.1910191491415926f,1.041167037941037f,-0.000024189669780511017f,0.21765794607708f,-0.8802470611816542f,2.3833572699348236f,-0.000008557810945296877f,0.2810016411042609f,2.4212162041117677f,0.7584480862913522f,0f,0f,0f,1f], start_interpolation: 0, interpolation_duration: 1 }
$data merge entity $(bone_ledo_great_hammer) { transformation: [0.2755743523928688f,2.352412244096323f,-0.17561437904952867f,1.050363960700762f,-2.223888995950206f,0.20010488590957354f,-0.8092593949573272f,2.5615604128507554f,-0.7867664901321321f,0.25834021843456245f,2.2259568328124315f,0.8239604436496069f,0f,0f,0f,1f], start_interpolation: 0, interpolation_duration: 1 }
$data merge entity $(bone_left_arm2) { transformation: [0.9513143154347867f,0.2700839300546136f,0.1485117637599715f,-0.4993054130599478f,0.2559579767317842f,-0.9606883254240621f,0.10753350892295016f,1.4860519891521573f,0.17171659033481423f,-0.06428539585446597f,-0.9830466929315311f,0.41476092967465633f,0f,0f,0f,1f], start_interpolation: 0, interpolation_duration: 1 }
$data merge entity $(bone_left_arm) { transformation: [0.9513143154347867f,0.2957563215092142f,-0.08677137509675248f,-0.3064520432532959f,0.2559579767317842f,-0.6012094263218823f,0.7569892600619141f,1.3677443796631596f,0.17171659033481423f,-0.7423445453352853f,-0.6476403234934759f,0.2506393671326868f,0f,0f,0f,1f], start_interpolation: 0, interpolation_duration: 1 }
$data merge entity $(bone_head) { transformation: [0.9997017780509765f,0.004063157755977504f,0.024079985688663937f,0.005437279487917472f,0f,0.9860610539548742f,-0.1663838870606238f,1.3262202115949677f,-0.024420380048562312f,0.1663342677335385f,0.9857669889055076f,0.22182370172965987f,0f,0f,0f,1f], start_interpolation: 0, interpolation_duration: 1 }
$data merge entity $(bone_body_top) { transformation: [0.9997017780509765f,0.011100340179312874f,0.021751721992057372f,0.0010665205423130279f,0f,0.8907200440288787f,-0.45455231070273117f,0.9754991942585967f,-0.024420380048562312f,0.4544167532267003f,0.8904544117613141f,0.042897105146646644f,0f,0f,0f,1f], start_interpolation: 0, interpolation_duration: 1 }
$data merge entity $(bone_body) { transformation: [0.9997017780509765f,0.005968990096370606f,0.023679656225242162f,-0.0015449126248491124f,0f,0.9696678011625065f,-0.24442658486480087f,0.55126953125f,-0.024420380048562312f,0.24435369149226932f,0.9693786249409385f,-0.06400763488122119f,0f,0f,0f,1f], start_interpolation: 0, interpolation_duration: 1 }
$data merge entity $(bone_right_leg2) { transformation: [0.9345829799324109f,-0.20342113305891937f,0.2918466999054129f,0.21528765765407065f,0.3518180641214651f,0.6500728828425052f,-0.6735200789513696f,0.3540188386475357f,-0.05271340795736282f,0.7321373434116442f,0.6791142812543856f,-0.27246616286818015f,0f,0f,0f,1f], start_interpolation: 0, interpolation_duration: 1 }
$data merge entity $(bone_right_leg) { transformation: [0.9345829799324109f,-0.2551954397864994f,0.2478506427928519f,0.12357679648079745f,0.3518180641214651f,0.7662627968068573f,-0.5376480037976126f,0.62939453125f,-0.05271340795736282f,0.5896750068825268f,0.8059185336494084f,-0.0605517072697721f,0f,0f,0f,1f], start_interpolation: 0, interpolation_duration: 1 }
$data merge entity $(bone_left_leg2) { transformation: [0.9809897085275701f,0.18468279675809068f,0.059594096558325045f,-0.15295069899023256f,-0.1875346641023415f,0.9811607343543765f,0.04641511737787979f,0.4147097715863105f,-0.049899313853149954f,-0.05670871134834721f,0.9971430090685061f,0.22603203594865015f,0f,0f,0f,1f], start_interpolation: 0, interpolation_duration: 1 }
$data merge entity $(bone_left_leg) { transformation: [0.9809897085275701f,0.07358070012942297f,0.17956912967282862f,-0.1265076348812212f,-0.1875346641023415f,0.5973836790641794f,0.7797201355279773f,0.62939453125f,-0.049899313853149954f,-0.7985728649010116f,0.5998261730874833f,-0.060955087375150895f,0f,0f,0f,1f], start_interpolation: 0, interpolation_duration: 1 }
data modify entity @s data merge value {"locators":{"ledo_hammer":{"posx":1.171463959708934,"posy":2.3943539459104497,"posz":0.7715613044699954,"roty":184.51094296663905,"rotx":-19.922013897529578},"ledo_hammer2":{"posx":-0.19045891845209528,"posy":2.278503748804907,"posz":0.6219959148499856,"roty":184.51094296663905,"rotx":-19.922013897529578},"player_camera":{"posx":0.01371782490550233,"posy":-0.26123046875,"posz":0.5608059764006391,"roty":178.60067618332081,"rotx":0}},"cameras":{}}