# This file was generated by Animated Java via MC-Build. It is not recommended to edit this file directly.
$data merge entity $(bone_right_arm2) { transformation: [0.6042971359402537f,-0.7748735215096081f,0.18546157865634974f,0.29949742859828743f,-0.034246450449633994f,0.2072942964950788f,0.9776790144378732f,1.2361542626731485f,-0.7960227082979525f,-0.5971600290574623f,0.09873068200961367f,-0.18752843645260397f,0f,0f,0f,1f], start_interpolation: 0, interpolation_duration: 1 }
$data merge entity $(bone_right_arm) { transformation: [0.6042971359402537f,-0.7748735215096081f,0.18546157865634974f,0.10577904822088538f,-0.034246450449633994f,0.2072942964950788f,0.9776790144378732f,1.2879778367969181f,-0.7960227082979525f,-0.5971600290574623f,0.09873068200961367f,-0.33681844371696956f,0f,0f,0f,1f], start_interpolation: 0, interpolation_duration: 1 }
$data merge entity $(bone_ledo_slash) { transformation: [2.2328086187405574f,-1.4699262487121934f,0.11494951656600146f,-0.546229974820966f,-0.28341120394373237f,-0.6948954619594957f,-2.484989269335288f,0.710050252729993f,1.379499469362393f,2.236407411576993f,-0.6965816901418188f,1.5583824554076002f,0f,0f,0f,1f], start_interpolation: 0, interpolation_duration: 1 }
$data merge entity $(bone_ledo_great_hammer) { transformation: [2.008800888124086f,-1.2626067707327717f,0.10567939426229166f,-0.6882062716369101f,-0.2549778218375098f,-0.5968868955093573f,-2.2845869089050224f,0.738033855710709f,1.241100440030089f,1.9209828673023006f,-0.6404057473884464f,1.4351247513617735f,0f,0f,0f,1f], start_interpolation: 0, interpolation_duration: 1 }
$data merge entity $(bone_left_arm2) { transformation: [0.8474869318199943f,-0.35847276845682896f,-0.3914884093676707f,-0.0529165538127359f,0.5282777629259976f,0.49754891457358774f,0.6880172111252364f,1.1027650876277826f,-0.05185080126898517f,-0.7899002164080859f,0.6110393952326011f,0.4828690947188736f,0f,0f,0f,1f], start_interpolation: 0, interpolation_duration: 1 }
$data merge entity $(bone_left_arm) { transformation: [0.8474869318199943f,-0.35847276845682896f,-0.3914884093676707f,-0.036598879449443844f,0.5282777629259976f,0.49754891457358774f,0.6880172111252364f,1.2931870366369291f,-0.05185080126898517f,-0.7899002164080859f,0.6110393952326011f,0.278912690458229f,0f,0f,0f,1f], start_interpolation: 0, interpolation_duration: 1 }
$data merge entity $(bone_head) { transformation: [0.7376554822724142f,0.3513768436897089f,0.576540287570704f,-0.03050670366137588f,-0.12967289749286684f,0.9117421235773012f,-0.38975792455132674f,1.4139421753583845f,-0.6626079754494784f,0.21274542019374026f,0.7181156293086318f,-0.06276816138661902f,0f,0f,0f,1f], start_interpolation: 0, interpolation_duration: 1 }
$data merge entity $(bone_body_top) { transformation: [0.35485196668663954f,0.15212026338557033f,0.9224638243346612f,-0.09040405736944421f,-0.06833974905573814f,0.9882550424186435f,-0.13668083198870262f,1.0248167524060436f,-0.932421450009395f,-0.01453948422846996f,0.3610801060163067f,-0.05704323947165897f,0f,0f,0f,1f], start_interpolation: 0, interpolation_duration: 1 }
$data merge entity $(bone_body) { transformation: [0.3667470571930014f,0.11199335624313576f,0.9235551332744957f,-0.1394011507258161f,-0.07010743552481574f,0.9932319420074651f,-0.09260268279166212f,0.5902777777777777f,-0.9276753438161474f,-0.030786320557635243f,0.372116458843351f,-0.04357422422769355f,0f,0f,0f,1f], start_interpolation: 0, interpolation_duration: 1 }
$data merge entity $(bone_right_leg2) { transformation: [0.05964959449082616f,0.14973060792987886f,0.986925869012475f,0.05100728836369926f,0.14207851977605634f,0.9773470236813476f,-0.15686455788181153f,0.35038854306213996f,-0.9880564862877652f,0.14957787386562332f,0.03702485049956201f,-0.21657176284700208f,0f,0f,0f,1f], start_interpolation: 0, interpolation_duration: 1 }
$data merge entity $(bone_right_leg) { transformation: [0.05964959449082616f,-0.4549500608302834f,0.8885169486439758f,-0.11249038974718382f,0.14207851977605634f,0.884909174860905f,0.44356447836277085f,0.6684027777777777f,-0.9880564862877652f,0.09978073159440028f,0.11742310465645803f,-0.18071306243026447f,0f,0f,0f,1f], start_interpolation: 0, interpolation_duration: 1 }
$data merge entity $(bone_left_leg2) { transformation: [0.41220755711038803f,0.630611246187502f,0.6575822275905363f,-0.2504710080845608f,-0.20129832349357338f,0.7669535261935664f,-0.6093121315203982f,0.325155926510268f,-0.8885740907880236f,0.11879286527860242f,0.4430850260831852f,0.11906576144881817f,0f,0f,0f,1f], start_interpolation: 0, interpolation_duration: 1 }
$data merge entity $(bone_left_leg) { transformation: [0.41220755711038803f,0.28384640021406216f,0.8657460083342023f,-0.1484637080076322f,-0.20129832349357338f,0.955121673092201f,-0.2173052566051532f,0.6684027777777777f,-0.8885740907880236f,-0.08469835107647192f,0.4508461761012993f,0.08862729153071107f,0f,0f,0f,1f], start_interpolation: 0, interpolation_duration: 1 }
data modify entity @s data merge value {"locators":{"ledo_hammer":{"posx":-0.5825091924695287,"posy":0.6937300230586481,"posz":1.6146635494000405,"roty":9.370469094010588,"rotx":-74.13978935954226},"ledo_hammer2":{"posx":0.14847367479681273,"posy":1.0392961204588023,"posz":0.5025155735934455,"roty":9.370469094010588,"rotx":-74.13978935954226},"player_camera":{"posx":0.46297572404173204,"posy":-0.22222222222222232,"posz":-0.21020885671830628,"roty":74.53703703703752,"rotx":0}},"cameras":{}}