# This file was generated by Animated Java via MC-Build. It is not recommended to edit this file directly.
$data merge entity $(bone_right_arm2) { transformation: [0.8690861730121646f,-0.44998820679632984f,-0.20542599062264108f,0.33248740741027083f,-0.2344724971417365f,-0.7404181903076223f,0.629923448956858f,1.5338579601470266f,-0.43555926343402246f,-0.49929101454543356f,-0.7489970699749117f,0.36378173493903554f,0f,0f,0f,1f], start_interpolation: 0, interpolation_duration: 1 }
$data merge entity $(bone_right_arm) { transformation: [0.8803404578149991f,-0.4477829097148063f,-0.15649646673781276f,0.2205416799815693f,-0.21797484942341666f,-0.6749172174571441f,0.7049636264366724f,1.3651286557827405f,-0.42129282376147403f,-0.5864957078677105f,-0.6917623445229119f,0.21715780797210787f,0f,0f,0f,1f], start_interpolation: 0, interpolation_duration: 1 }
$data merge entity $(bone_ledo_slash) { transformation: [0.0000031834381563814204f,2.5518142610561756f,-0.24599248611773578f,1.069466941975929f,-0.00002372409431335284f,0.1992957596943357f,-1.0027790391658353f,2.3167381455641767f,-0.00000971566681328382f,0.34948002567999975f,2.368023016462121f,0.8328203203351692f,0f,0f,0f,1f], start_interpolation: 0, interpolation_duration: 1 }
$data merge entity $(bone_ledo_great_hammer) { transformation: [0.29267092728022737f,2.346022788390355f,-0.2261543823985635f,1.0772300633536789f,-2.181086090098568f,0.1832235210093086f,-0.9219097618137517f,2.4913399884799756f,-0.8932145296083511f,0.3212961526412901f,2.177053418360337f,0.9075648378390033f,0f,0f,0f,1f], start_interpolation: 0, interpolation_duration: 1 }
$data merge entity $(bone_left_arm2) { transformation: [0.9504389231710123f,0.2781049822871235f,0.1390088923364438f,-0.4957251553574842f,0.2574435934796173f,-0.9546334538304655f,0.1496588286871759f,1.4534109464142204f,0.17432340490544546f,-0.10645462721175891f,-0.9789171378862345f,0.4453310250048704f,0f,0f,0f,1f], start_interpolation: 0, interpolation_duration: 1 }
$data merge entity $(bone_left_arm) { transformation: [0.9504389231710123f,0.295077886948418f,-0.09795352957184819f,-0.30315081822400314f,0.2574435934796173f,-0.570267209163548f,0.7800757055114069f,1.3430245933082856f,0.17432340490544546f,-0.7666318221851178f,-0.6179700637695142f,0.2754634950717716f,0f,0f,0f,1f], start_interpolation: 0, interpolation_duration: 1 }
$data merge entity $(bone_head) { transformation: [0.9994061245996912f,0.007171248526234875f,0.03370417343892512f,0.008478087305341178f,0f,0.9781050559361857f,-0.20811174775122893f,1.3068217983951285f,-0.034458643511115924f,0.2079881553037241f,0.9775241834045475f,0.244813327100594f,0f,0f,0f,1f], start_interpolation: 0, interpolation_duration: 1 }
$data merge entity $(bone_body_top) { transformation: [0.9994061245996912f,0.016594813471693306f,0.030199507917611477f,0.0019438795008619378f,0f,0.8763986286305637f,-0.4815863824221644f,0.9617398383718441f,-0.034458643511115924f,0.4813003801165201f,0.8758781570441557f,0.05530130242971419f,0f,0f,0f,1f], start_interpolation: 0, interpolation_duration: 1 }
$data merge entity $(bone_body) { transformation: [0.9994061245996912f,0.009450655846459386f,0.03313733870874296f,-0.002190782431964043f,0f,0.9616553448499292f,-0.274260820609805f,0.541015625f,-0.034458643511115924f,0.27409794385517633f,0.9610842413970474f,-0.06461654800692546f,0f,0f,0f,1f], start_interpolation: 0, interpolation_duration: 1 }
$data merge entity $(bone_right_leg2) { transformation: [0.9318924694187996f,-0.17900381521083178f,0.3154901893569714f,0.20985264851455399f,0.35725948827116344f,0.6034793130472583f,-0.7128663105830122f,0.35299955677667977f,-0.06278601341666563f,0.7770266101389162f,0.6263286386995781f,-0.28645280583654953f,0f,0f,0f,1f], start_interpolation: 0, interpolation_duration: 1 }
$data merge entity $(bone_right_leg) { transformation: [0.9318924694187996f,-0.24166527226191586f,0.27050752600085887f,0.12300419129542797f,0.35725948827116344f,0.7405664507083694f,-0.5691458425794172f,0.619140625f,-0.06278601341666563f,0.6270241050133417f,0.7764655100205415f,-0.06111601809737986f,0f,0f,0f,1f], start_interpolation: 0, interpolation_duration: 1 }
$data merge entity $(bone_left_leg2) { transformation: [0.980731026377393f,0.17824969049140169f,0.07996062618854771f,-0.14470895068760017f,-0.1833815851831357f,0.9810732700928098f,0.06218064751288105f,0.4162783986825322f,-0.06736355183974128f,-0.07564579663881071f,0.9948567059302633f,0.23581206691931977f,0f,0f,0f,1f], start_interpolation: 0, interpolation_duration: 1 }
$data merge entity $(bone_left_leg) { transformation: [0.980731026377393f,0.04895277267666007f,0.1891303252998112f,-0.12711654800692546f,-0.1833815851831357f,0.5644861949703452f,0.8048145934956832f,0.619140625f,-0.06736355183974128f,-0.8239896611822073f,0.5625861624216916f,-0.060309217568035964f,0f,0f,0f,1f], start_interpolation: 0, interpolation_duration: 1 }
data modify entity @s data merge value {"locators":{"ledo_hammer":{"posx":1.1994369892282186,"posy":2.3268611278084257,"posz":0.8494180082290697,"roty":185.93066807423975,"rotx":-22.840836656892836},"ledo_hammer2":{"posx":-0.15878673036619717,"posy":2.220784352487247,"posz":0.663404446173586,"roty":185.93066807423975,"rotx":-22.840836656892836},"player_camera":{"posx":0.01934586976248341,"posy":-0.271484375,"posz":0.5600122798678816,"roty":178.02527422990232,"rotx":0}},"cameras":{}}