# This file was generated by Animated Java via MC-Build. It is not recommended to edit this file directly.
$data merge entity $(bone_right_arm2) { transformation: [-0.8381284346317679f,0.5410240070626761f,0.06952518136292579f,-0.42487661991800363f,0.20075211012207106f,0.1874306425714099f,0.9615447698920752f,1.2020789205665399f,0.5071876549594228f,0.8198553396832358f,-0.26570266210493276f,0.09817178084375777f,0f,0f,0f,1f], start_interpolation: 0, interpolation_duration: 1 }
$data merge entity $(bone_right_arm) { transformation: [-0.8381284346317679f,0.5410240070626761f,0.06952518136292579f,-0.2896206181523346f,0.20075211012207106f,0.1874306425714099f,0.9615447698920752f,1.2489365812093924f,0.5071876549594228f,0.8198553396832358f,-0.26570266210493276f,0.3031356157645667f,0f,0f,0f,1f], start_interpolation: 0, interpolation_duration: 1 }
$data merge entity $(bone_ledo_slash) { transformation: [-0.6706907650458951f,0.5096013556634141f,-0.3966668729429004f,0.7536045192415901f,-0.07948579562826354f,-0.2396110850604642f,-2.443288660610959f,0.5679038197155585f,-0.622520822813938f,-0.5184392771025431f,0.7393287658076853f,-1.3893521023369066f,0f,0f,0f,1f], start_interpolation: 0, interpolation_duration: 1 }
$data merge entity $(bone_ledo_great_hammer) { transformation: [-1.7341953753454908f,1.5812025934798333f,-0.36467760899589224f,0.8697093831704469f,-0.20552526792993617f,-0.7434706852984996f,-2.246249252497172f,0.5939120077797442f,-1.6096430549574157f,-1.6086250956871304f,0.6797054782425493f,-1.2411088993707011f,0f,0f,0f,1f], start_interpolation: 0, interpolation_duration: 1 }
$data merge entity $(bone_left_arm2) { transformation: [-0.834425606088727f,0.1989339231967988f,0.5139642031357735f,0.0595864256531368f,0.5338469024024466f,0.5234104674549579f,0.6641151762713262f,1.031973728704511f,-0.13689920634822167f,0.828532906262698f,-0.5429473552206647f,-0.4425731926955424f,0f,0f,0f,1f], start_interpolation: 0, interpolation_duration: 1 }
$data merge entity $(bone_left_arm) { transformation: [-0.834425606088727f,0.1989339231967988f,0.5139642031357735f,0.005016705691245633f,0.5338469024024466f,0.5234104674549579f,0.6641151762713262f,1.2295572083685562f,-0.13689920634822167f,0.828532906262698f,-0.5429473552206647f,-0.2525523669233956f,0f,0f,0f,1f], start_interpolation: 0, interpolation_duration: 1 }
$data merge entity $(bone_head) { transformation: [-0.9539122070300334f,-0.18343244392377211f,-0.237495346891771f,-0.09491960123742514f,-0.14396908572885458f,0.9741413450422918f,-0.17413081931005742f,1.359883145427348f,0.26329527841092826f,-0.13191352620313948f,-0.9556539216532133f,0.06268461339727388f,0f,0f,0f,1f], start_interpolation: 0, interpolation_duration: 1 }
$data merge entity $(bone_body_top) { transformation: [-0.4743448407877253f,-0.1524719929520622f,-0.8670347532730702f,-0.03488375401255064f,-0.08528206035154243f,0.9882136424077792f,-0.12712500596399395f,0.9707740237292847f,0.8761985746394843f,0.01364141944138932f,-0.48175716857703393f,0.05731330449222684f,0f,0f,0f,1f], start_interpolation: 0, interpolation_duration: 1 }
$data merge entity $(bone_body) { transformation: [-0.421201283940311f,-0.1131849679587861f,-0.8998770146165542f,0.014634669469418285f,-0.07744675263391723f,0.9930470988812221f,-0.08865359502044495f,0.53631591796875f,0.9036545130266846f,0.03235154450342042f,-0.42703852127735364f,0.043159503771980405f,0f,0f,0f,1f], start_interpolation: 0, interpolation_duration: 1 }
$data merge entity $(bone_right_leg2) { transformation: [0.04757934005859754f,0.04491051239352495f,-0.997857330622038f,-0.3047818591945426f,-0.0391556005628232f,0.9983047435024848f,0.043063651087694776f,0.40677778929713515f,0.9980997171345923f,0.03702276295725533f,0.049257178957568246f,0.18627355326346756f,0f,0f,0f,1f], start_interpolation: 0, interpolation_duration: 1 }
$data merge entity $(bone_right_leg) { transformation: [0.04757934005859754f,0.8159849954523809f,-0.5761117023600252f,-0.01153725145384319f,-0.0391556005628232f,0.5778452276079719f,0.8152065577970137f,0.61444091796875f,0.9980997171345923f,-0.016228990334245574f,0.05944387713278791f,0.18044125986209805f,0f,0f,0f,1f], start_interpolation: 0, interpolation_duration: 1 }
$data merge entity $(bone_left_leg2) { transformation: [-0.3673851637783798f,-0.8515521216517343f,-0.3740148734288026f,0.2847050628431332f,-0.23985305310585128f,0.47528013897664734f,-0.8465100722437631f,0.3478369187570513f,0.8986092890413135f,-0.22128663223242606f,-0.3788582479554804f,-0.06861350528049939f,0f,0f,0f,1f], start_interpolation: 0, interpolation_duration: 1 }
$data merge entity $(bone_left_leg) { transformation: [-0.3673851637783798f,-0.6664157725345431f,-0.6487820585934243f,0.045211894588531754f,-0.23985305310585128f,0.7418546065021181f,-0.6261966589877253f,0.61444091796875f,0.8986092890413135f,-0.07444300456574748f,-0.43238823378983077f,-0.0953664600463149f,0f,0f,0f,1f], start_interpolation: 0, interpolation_duration: 1 }
data modify entity @s data merge value {"locators":{"ledo_hammer":{"posx":0.7993020077120767,"posy":0.5473227888053492,"posz":-1.4366622892406369,"roty":208.21458044621065,"rotx":-71.04767677972329},"ledo_hammer2":{"posx":-0.11613107272361634,"posy":0.9777531855571121,"posz":-0.5053530233165088,"roty":208.21458044621065,"rotx":-71.04767677972329},"player_camera":{"posx":-0.5868361967375753,"posy":-0.27618408203125,"posz":0.21303533225916976,"roty":254.228515625,"rotx":0}},"cameras":{}}