# This file was generated by Animated Java via MC-Build. It is not recommended to edit this file directly.
$data merge entity $(bone_right_arm2) { transformation: [-0.9880492109623754f,-0.017724527078585406f,0.1531162886712847f,-0.38847193268583047f,0.1466881520899385f,0.1969821423836306f,0.9693712506663248f,1.1779477001483256f,-0.04734282155793751f,0.9802468447905335f,-0.19202807223199872f,-0.06805067804531356f,0f,0f,0f,1f], start_interpolation: 0, interpolation_duration: 1 }
$data merge entity $(bone_right_arm) { transformation: [-0.9880492109623754f,-0.017724527078585406f,0.1531162886712847f,-0.39290306445547685f,0.1466881520899385f,0.1969821423836306f,0.9693712506663248f,1.2271932357442332f,-0.04734282155793751f,0.9802468447905335f,-0.19202807223199872f,0.1770110331523198f,0f,0f,0f,1f], start_interpolation: 0, interpolation_duration: 1 }
$data merge entity $(bone_ledo_slash) { transformation: [-0.000009322378924275495f,0.000023180161075997784f,-0.6567685649765281f,1.2952941653412176f,-0.000001854269033005293f,-0.000007711634362669535f,-2.458563590637516f,0.594964518515113f,-0.00002402115835376331f,-0.000008400710628179222f,0.4446698032938055f,-0.8798890530066243f,0f,0f,0f,1f], start_interpolation: 0, interpolation_duration: 1 }
$data merge entity $(bone_ledo_great_hammer) { transformation: [-0.8570574172317793f,2.131079324728828f,-0.6038033581235823f,1.3349160755867682f,-0.17047312077629306f,-0.7089728365680056f,-2.260292333328039f,0.6177515127417678f,-2.208396816394368f,-0.7723233964616381f,0.4088093352862405f,-0.6953797859694157f,0f,0f,0f,1f], start_interpolation: 0, interpolation_duration: 1 }
$data merge entity $(bone_left_arm2) { transformation: [-0.694236522363828f,-0.1854574417580676f,0.6954431596562949f,0.27006225088270164f,0.5383354204301953f,0.5075443370426926f,0.6727508610519488f,1.0284852603629573f,-0.4777348910498611f,0.8414299039328508f,-0.25251750561323594f,-0.31274951372326065f,0f,0f,0f,1f], start_interpolation: 0, interpolation_duration: 1 }
$data merge entity $(bone_left_arm) { transformation: [-0.694236522363828f,-0.1854574417580676f,0.6954431596562949f,0.13691832514770622f,0.5383354204301953f,0.5075443370426926f,0.6727508610519488f,1.222663272177405f,-0.4777348910498611f,0.8414299039328508f,-0.25251750561323594f,-0.16210889912128063f,0f,0f,0f,1f], start_interpolation: 0, interpolation_duration: 1 }
$data merge entity $(bone_head) { transformation: [-0.8930351353828283f,-0.12838937834915237f,0.4312822909636935f,-0.11378873691547153f,-0.17621999814318054f,0.9816657450983651f,-0.07265588176389623f,1.3424995327856875f,-0.41404680801352783f,-0.14088481972018854f,-0.8992867775888952f,0.04710413139565614f,0f,0f,0f,1f], start_interpolation: 0, interpolation_duration: 1 }
$data merge entity $(bone_body_top) { transformation: [-0.8118826872283751f,-0.14620413139439303f,-0.5652175281624267f,-0.05622086017892927f,-0.09613391218968054f,0.9883992523880509f,-0.11758056304444567f,0.9533173271578924f,0.5758513463611415f,-0.0411250512699149f,-0.8165194162125647f,0.06329712033318513f,0f,0f,0f,1f], start_interpolation: 0, interpolation_duration: 1 }
$data merge entity $(bone_body) { transformation: [-0.7421903957327762f,-0.11742590939593782f,-0.6598216215649212f,-0.004847024818206473f,-0.08209789303646547f,0.9930456317180398f,-0.08438192510657938f,0.51885986328125f,0.6651416033003785f,-0.00845748947716153f,-0.7466693501348142f,0.0669972719794433f,0f,0f,0f,1f], start_interpolation: 0, interpolation_duration: 1 }
$data merge entity $(bone_right_leg2) { transformation: [-0.304945433749603f,0.016603353193221704f,-0.9522250842621229f,-0.36362923677432263f,-0.025471011024884443f,0.9993481826152351f,0.025581976096403336f,0.40389901022473484f,0.952029153982501f,0.032055242416301755f,-0.30432376082224577f,0.08984407358788421f,0f,0f,0f,1f], start_interpolation: 0, interpolation_duration: 1 }
$data merge entity $(bone_right_leg) { transformation: [-0.304945433749603f,0.7989225504774901f,-0.5183927476091931f,-0.07651644519647467f,-0.025471011024884443f,0.537282373722477f,0.8430177213347954f,0.59698486328125f,0.952029153982501f,0.27027839208061505f,-0.14349244140957612f,0.18697537074185525f,0f,0f,0f,1f], start_interpolation: 0, interpolation_duration: 1 }
$data merge entity $(bone_left_leg2) { transformation: [-0.6553896122064942f,-0.7284918248935611f,-0.19940942122946542f,0.2825057430336939f,-0.2366392895001831f,0.44877728290808744f,-0.8617428833535459f,0.3274627244974503f,0.7172630639288977f,-0.5175892303834031f,-0.4665137572617196f,0.052878968512151285f,0f,0f,0f,1f], start_interpolation: 0, interpolation_duration: 1 }
$data merge entity $(bone_left_leg) { transformation: [-0.6553896122064942f,-0.5925410794887812f,-0.46835833005306005f,0.06956129259241314f,-0.2366392895001831f,0.749974647050573f,-0.6176891414346029f,0.59698486328125f,0.7172630639288977f,-0.2939950644137383f,-0.6317440931450741f,-0.05277550776153591f,0f,0f,0f,1f], start_interpolation: 0, interpolation_duration: 1 }
data modify entity @s data merge value {"locators":{"ledo_hammer":{"posx":1.3572325500525715,"posy":0.5753979424383338,"posz":-0.902929857477889,"roty":235.89975740863142,"rotx":-72.12007492354013},"ledo_hammer2":{"posx":0.12344978310430266,"posy":0.9858559004513896,"posz":-0.4557952595264143,"roty":235.89975740863142,"rotx":-72.12007492354013},"player_camera":{"posx":-0.6280982606243907,"posy":-0.29364013671875,"posz":0.020275787991194387,"roty":274.28710937500006,"rotx":0}},"cameras":{}}