# This file was generated by Animated Java via MC-Build. It is not recommended to edit this file directly.
$data merge entity $(bone_right_arm2) { transformation: [-0.6148985037656526f,-0.7624953890726498f,0.2012476377742364f,-0.23651483436213988f,0.0762373146002433f,0.19652260696295773f,0.9775309390576989f,1.150833052535171f,-0.7849125441278825f,0.6164248912847626f,-0.06271085611968162f,-0.20267589142155001f,0f,0f,0f,1f], start_interpolation: 0, interpolation_duration: 1 }
$data merge entity $(bone_right_arm) { transformation: [-0.6148985037656526f,-0.7624953890726498f,0.2012476377742364f,-0.42713868163030233f,0.0762373146002433f,0.19652260696295773f,0.9775309390576989f,1.1999637042759106f,-0.7849125441278825f,0.6164248912847626f,-0.06271085611968162f,-0.04856966860035934f,0f,0f,0f,1f], start_interpolation: 0, interpolation_duration: 1 }
$data merge entity $(bone_ledo_slash) { transformation: [0.000006991982204226776f,0.000023761938675061543f,-0.733781754812028f,1.55702301366327f,-0.0000013147693431090442f,-0.000007258463285482988f,-2.475777056640657f,0.6276738354579147f,-0.000024834344717372915f,0.000007074326275131884f,-0.07552094562318308f,0.13926016576839712f,0f,0f,0f,1f], start_interpolation: 0, interpolation_duration: 1 }
$data merge entity $(bone_ledo_great_hammer) { transformation: [0.6428112671627841f,2.1845653298040446f,-0.6746058068433161f,1.4775304750740494f,-0.12087395573744436f,-0.6673103343105327f,-2.276117616588991f,0.6459969153096936f,-2.28315749821009f,0.6503816091653505f,-0.0694305467826038f,0.31095178919070227f,0f,0f,0f,1f], start_interpolation: 0, interpolation_duration: 1 }
$data merge entity $(bone_left_arm2) { transformation: [-0.2783044526327044f,-0.6623278313501769f,0.6956065522001517f,0.3973440136832751f,0.5461064985547842f,0.4866533173189296f,0.6818623328639843f,1.0224725227341165f,-0.7901356363821621f,0.5696405819123604f,0.22626374777569408f,0.0063912642240674805f,0f,0f,0f,1f], start_interpolation: 0, interpolation_duration: 1 }
$data merge entity $(bone_left_arm) { transformation: [-0.2783044526327044f,-0.6623278313501769f,0.6956065522001517f,0.19697399926664283f,0.5461064985547842f,0.4866533173189296f,0.6818623328639843f,1.2123991643831968f,-0.7901356363821621f,0.5696405819123604f,0.22626374777569408f,0.05003445515438733f,0f,0f,0f,1f], start_interpolation: 0, interpolation_duration: 1 }
$data merge entity $(bone_head) { transformation: [-0.26630108081841347f,-0.09324036794982829f,0.9593695680703686f,-0.12796120249843046f,-0.16775233885285637f,0.9846042651580509f,0.04912834051717335f,1.3202778424428483f,-0.9491801131315074f,-0.14785355868952058f,-0.27784246978909316f,0.01609412836088782f,0f,0f,0f,1f], start_interpolation: 0, interpolation_duration: 1 }
$data merge entity $(bone_body_top) { transformation: [-0.9935706970967376f,-0.10286236523703f,0.04729274456559829f,-0.08745914618634988f,-0.10728236470008519f,0.9888702530313846f,-0.10308305822977643f,0.9309101803117406f,-0.0361630210997505f,-0.10749398349437703f,-0.9935478244238922f,0.05841988436179878f,0f,0f,0f,1f], start_interpolation: 0, interpolation_duration: 1 }
$data merge entity $(bone_body) { transformation: [-0.9853657260769386f,-0.09684385902450708f,-0.14026992850254444f,-0.045089957863128034f,-0.08653656001733165f,0.9932047507654598f,-0.07781867923119602f,0.49638310185185186f,0.14685302057919775f,-0.06454138227650859f,-0.9870504547998563f,0.08665673910777129f,0f,0f,0f,1f], start_interpolation: 0, interpolation_duration: 1 }
$data merge entity $(bone_right_leg2) { transformation: [-0.740388039454875f,0.002526956422623794f,-0.6721749515739222f,-0.377817537408425f,-0.0050268805177116765f,0.9999441542207326f,0.009296177281263085f,0.40248425306503616f,0.6721609044748341f,0.010261721640260124f,-0.7403339891998415f,-0.07809663473113443f,0f,0f,0f,1f], start_interpolation: 0, interpolation_duration: 1 }
$data merge entity $(bone_right_leg) { transformation: [-0.740388039454875f,0.5883756297796897f,-0.32502256739112734f,-0.166370045456349f,-0.0050268805177116765f,0.47867505749374806f,0.8779777444819531f,0.5745081018518519f,0.6721609044748341f,0.6516780705338416f,-0.35144759336330983f,0.1561001718669649f,0f,0f,0f,1f], start_interpolation: 0, interpolation_duration: 1 }
$data merge entity $(bone_left_leg2) { transformation: [-0.9249278011018573f,-0.37561056769278417f,0.05852575660670416f,0.20800637742571018f,-0.231830384179234f,0.4353291622265532f,-0.8699098766461018f,0.30410010877153165f,0.30126937401633047f,-0.8181718780015794f,-0.48972598698371794f,0.21382049021203967f,0f,0f,0f,1f], start_interpolation: 0, interpolation_duration: 1 }
$data merge entity $(bone_left_leg) { transformation: [-0.9249278011018573f,-0.36679303706606536f,-0.09985705137212281f,0.07619012973009295f,-0.231830384179234f,0.752439632919152f,-0.6165138050228889f,0.5745081018518519f,0.30126937401633047f,-0.547080859446155f,-0.7809861058350939f,0.0172133063485777f,0f,0f,0f,1f], start_interpolation: 0, interpolation_duration: 1 }
data modify entity @s data merge value {"locators":{"ledo_hammer":{"posx":1.6208473792198659,"posy":0.6093333402279948,"posz":0.15770385484413238,"roty":275.87620184915687,"rotx":-73.40857336023996},"ledo_hammer2":{"posx":0.3560990303859455,"posy":0.9956709021972506,"posz":-0.21883286625159698,"roty":275.87620184915687,"rotx":-73.40857336023996},"player_camera":{"posx":-0.5654238640863444,"posy":-0.31611689814814814,"posz":-0.2595767457467254,"roty":303.64004629629625,"rotx":0}},"cameras":{}}