# This file was generated by Animated Java via MC-Build. It is not recommended to edit this file directly.
$data merge entity $(bone_right_arm2) { transformation: [-0.40208353727121193f,-0.8911999320143019f,0.20997978529652353f,-0.18947573007873833f,0.06282749863196507f,0.20193931800057002f,0.97738079439956f,1.150868020019409f,-0.9134448721576585f,0.40618123174658005f,-0.025204612786369186f,-0.21667998137288272f,0f,0f,0f,1f], start_interpolation: 0, interpolation_duration: 1 }
$data merge entity $(bone_right_arm) { transformation: [-0.40208353727121193f,-0.8911999320143019f,0.20997978529652353f,-0.4122757130823138f,0.06282749863196507f,0.20193931800057002f,0.97738079439956f,1.2013528495195516f,-0.9134448721576585f,0.40618123174658005f,-0.025204612786369186f,-0.1151346734362377f,0f,0f,0f,1f], start_interpolation: 0, interpolation_duration: 1 }
$data merge entity $(bone_ledo_slash) { transformation: [0.000011430844026187241f,0.000022054934533034348f,-0.7090612011925341f,1.504085953862329f,-0.0000013376072828774934f,-0.000007265264969429832f,-2.4754551961041025f,0.6272021517582401f,-0.000023128072178996764f,0.0000113206403873039f,-0.20727975336658588f,0.43265027533141587f,0f,0f,0f,1f], start_interpolation: 0, interpolation_duration: 1 }
$data merge entity $(bone_ledo_great_hammer) { transformation: [1.050900176601085f,2.027631078037029f,-0.6518788462576524f,1.394440794156493f,-0.12297357278067275f,-0.6679356504153231f,-2.27582171254732f,0.645699218693758f,-2.1262905067787345f,1.0407685517360035f,-0.19056364422411928f,0.5868209922911054f,0f,0f,0f,1f], start_interpolation: 0, interpolation_duration: 1 }
$data merge entity $(bone_left_arm2) { transformation: [-0.1281857368583888f,-0.7553192486386213f,0.6426984125560453f,0.38859002894328876f,0.545638442447781f,0.4874363961440907f,0.6816776729783809f,1.0232076508003716f,-0.8281588657916014f,0.43806231560138764f,0.3496488247666778f,0.08782995585971012f,0f,0f,0f,1f], start_interpolation: 0, interpolation_duration: 1 }
$data merge entity $(bone_left_arm) { transformation: [-0.1281857368583888f,-0.7553192486386213f,0.6426984125560453f,0.18373699967633486f,0.545638442447781f,0.4874363961440907f,0.6816776729783809f,1.213271555142367f,-0.8281588657916014f,0.43806231560138764f,0.3496488247666778f,0.09382567653610686f,0f,0f,0f,1f], start_interpolation: 0, interpolation_duration: 1 }
$data merge entity $(bone_head) { transformation: [-0.37272035300319f,-0.05997774743841805f,0.9260033521912279f,-0.12997287511946676f,-0.1793992700536884f,0.9837396984483106f,-0.008491619458655272f,1.3215623651562234f,-0.9104369502394889f,-0.16928932485257353f,-0.3774197717788227f,0.0032665196680521577f,0f,0f,0f,1f], start_interpolation: 0, interpolation_duration: 1 }
$data merge entity $(bone_body_top) { transformation: [-0.9701205602565185f,-0.08074041831391607f,0.22879485006894926f,-0.0981813354083623f,-0.10679679223920581f,0.9888397752126767f,-0.10387658121424004f,0.9322067036662318f,-0.2178544094917407f,-0.12520736323330406f,-0.9679166144132297f,0.052566918941165636f,0f,0f,0f,1f], start_interpolation: 0, interpolation_duration: 1 }
$data merge entity $(bone_body) { transformation: [-0.9954586889931256f,-0.08286329104414637f,0.046858014313679475f,-0.06192864557654826f,-0.08635477682113488f,0.9931920422423923f,-0.07818196560945413f,0.4976851851851851f,-0.04006059196092698f,-0.08187333035683214f,-0.995837289293799f,0.0883865009722797f,0f,0f,0f,1f], start_interpolation: 0, interpolation_duration: 1 }
$data merge entity $(bone_right_leg2) { transformation: [-0.8549450856131683f,0.013725613499828287f,-0.5185368917636872f,-0.3589264883485896f,-0.005026880517711746f,0.9993836819288885f,0.03474171507739765f,0.41013032653999126f,0.5186941594602287f,0.03230888157011563f,-0.854349170488001f,-0.13964423729752656f,0f,0f,0f,1f], start_interpolation: 0, interpolation_duration: 1 }
$data merge entity $(bone_right_leg) { transformation: [-0.8549450856131683f,0.4583061385053151f,-0.24294934450259276f,-0.19422271982324196f,-0.005026880517711746f,0.46102221536053933f,0.8873743558478132f,0.5758101851851851f,0.5186941594602287f,0.7598776219579095f,-0.39184482718218877f,0.1334367830935972f,0f,0f,0f,1f], start_interpolation: 0, interpolation_duration: 1 }
$data merge entity $(bone_left_leg2) { transformation: [-0.9653974827264504f,-0.22065895099362012f,0.13898678963062494f,0.16127761601534873f,-0.23183038417923402f,0.48210452198952874f,-0.8448845500117494f,0.31659932706053395f,0.119425178738578f,-0.8478707786117191f,-0.5165779413211675f,0.275058241644206f,0f,0f,0f,1f], start_interpolation: 0, interpolation_duration: 1 }
$data merge entity $(bone_left_leg) { transformation: [-0.9653974827264504f,-0.25297304304752216f,0.06334303305580608f,0.07036542867014545f,-0.23183038417923402f,0.7212823878251162f,-0.6526916500037419f,0.5758101851851851f,0.119425178738578f,-0.6447917155985914f,-0.7549710392979876f,0.043336218850962234f,0f,0f,0f,1f], start_interpolation: 0, interpolation_duration: 1 }
data modify entity @s data merge value {"locators":{"ledo_hammer":{"posx":1.5634284770127547,"posy":0.6088429548878878,"posz":0.46250823753783504,"roty":286.2952169655175,"rotx":-73.38359190287777},"ledo_hammer2":{"posx":0.3895368002544748,"posy":0.9955425419704431,"posz":-0.14004197662511442,"roty":286.2952169655175,"rotx":-73.38359190287777},"player_camera":{"posx":-0.5067179225552054,"posy":-0.3148148148148149,"posz":-0.3506892317718601,"roty":314.6296296296297,"rotx":0}},"cameras":{}}