# This file was generated by Animated Java via MC-Build. It is not recommended to edit this file directly.
$data merge entity $(bone_right_arm2) { transformation: [-0.3787810853804886f,-0.9010860761393356f,0.21111317520655637f,-0.1855563298313322f,0.0603636156952044f,0.20357067342288132f,0.9771976334510619f,1.1521632234904837f,-0.9235156323843038f,0.3828875348062011f,-0.022715907022381552f,-0.2165621942840536f,0f,0f,0f,1f], start_interpolation: 0, interpolation_duration: 1 }
$data merge entity $(bone_right_arm) { transformation: [-0.3787810853804886f,-0.9010860761393356f,0.21111317520655637f,-0.4108278488661661f,0.0603636156952044f,0.20357067342288132f,0.9771976334510619f,1.203055891846204f,-0.9235156323843038f,0.3828875348062011f,-0.022715907022381552f,-0.12084031058250333f,0f,0f,0f,1f], start_interpolation: 0, interpolation_duration: 1 }
$data merge entity $(bone_ledo_slash) { transformation: [0.000011769228072872996f,0.000021879812000809966f,-0.707956273289683f,1.497742460570431f,-0.0000013654541135413078f,-0.000007273932545443873f,-2.475048588410451f,0.6265998334758838f,-0.000022956086703609192f,0.00001165010056800609f,-0.21573945218324928f,0.45382575767191624f,0f,0f,0f,1f], start_interpolation: 0, interpolation_duration: 1 }
$data merge entity $(bone_ledo_great_hammer) { transformation: [1.082009677667356f,2.0115311033002707f,-0.6508630254437409f,1.385853129395373f,-0.12553368463202344f,-0.6687325082101625f,-2.275447895796705f,0.6453094994759141f,-2.1104789388802f,1.0710576328650758f,-0.19834110926524529f,0.6063496524142337f,0f,0f,0f,1f], start_interpolation: 0, interpolation_duration: 1 }
$data merge entity $(bone_left_arm2) { transformation: [-0.11552478635213742f,-0.7612916500441071f,0.6380353025588892f,0.38758810235639274f,0.5450744856988233f,0.4883981503374387f,0.6814404242390758f,1.0240945884874775f,-0.8303901665954723f,0.4265000238219091f,0.35853856264208855f,0.0909730306387925f,0f,0f,0f,1f], start_interpolation: 0, interpolation_duration: 1 }
$data merge entity $(bone_left_arm) { transformation: [-0.11552478635213742f,-0.7612916500441071f,0.6380353025588892f,0.18282459155134875f,0.5450744856988233f,0.4883981503374387f,0.6814404242390758f,1.21432843678419f,-0.8303901665954723f,0.4265000238219091f,0.35853856264208855f,0.09379926576983574f,0f,0f,0f,1f], start_interpolation: 0, interpolation_duration: 1 }
$data merge entity $(bone_head) { transformation: [-0.45393275789453f,-0.051941125821197906f,0.8895207534165193f,-0.130201650306033f,-0.17295570119617104f,0.9844486244581528f,-0.03077712179836553f,1.3231329787346977f,-0.8740888837721291f,-0.16781842941368846f,-0.45585699294309f,0.0016116897525742524f,0f,0f,0f,1f], start_interpolation: 0, interpolation_duration: 1 }
$data merge entity $(bone_body_top) { transformation: [-0.9668929240854119f,-0.07807780859167719f,0.24294429229575018f,-0.09945851317306012f,-0.106189664578086f,0.9888034175678815f,-0.10484062448722498f,0.9337916330673444f,-0.23203842028930258f,-0.12716783088343986f,-0.9643580840632f,0.0516840231629287f,0f,0f,0f,1f], start_interpolation: 0, interpolation_duration: 1 }
$data merge entity $(bone_body) { transformation: [-0.9945325502028866f,-0.08102821292952855f,0.06587439029235759f,-0.06400867001639138f,-0.08612547184997045f,0.9931771718787974f,-0.07862256900822825f,0.49927662037037046f,-0.05905429438713844f,-0.08386616700601411f,-0.9947256186236266f,0.08837547122805987f,0f,0f,0f,1f], start_interpolation: 0, interpolation_duration: 1 }
$data merge entity $(bone_right_leg2) { transformation: [-0.8669139953902766f,0.01678609301217135f,-0.4981750211299786f,-0.3556431029107626f,-0.005026880517711718f,0.9990875557691743f,0.042412101804057634f,0.4120439444303017f,0.49843239769173153f,0.0392719109359837f,-0.8660386030326291f,-0.14672505270423633f,0f,0f,0f,1f], start_interpolation: 0, interpolation_duration: 1 }
$data merge entity $(bone_right_leg) { transformation: [-0.8669139953902766f,0.44053395768789066f,-0.23321654469679384f,-0.19732621186667693f,-0.005026880517711718f,0.4601257069636697f,0.8878395487155571f,0.5774016203703705f,0.49843239769173153f,0.770852882147448f,-0.3966749034363588f,0.13030020181750276f,0f,0f,0f,1f], start_interpolation: 0, interpolation_duration: 1 }
$data merge entity $(bone_left_leg2) { transformation: [-0.9679404130286263f,-0.20359801647102635f,0.1471027005701664f,0.15435312003001614f,-0.231830384179234f,0.49873476987339416f,-0.8351756116474194f,0.3212928919146056f,0.09667486641977413f,-0.8425031020764232f,-0.529945745519598f,0.28378212432507277f,0f,0f,0f,1f], start_interpolation: 0, interpolation_duration: 1 }
$data merge entity $(bone_left_leg) { transformation: [-0.9679404130286263f,-0.23664486454573078f,0.08420549216117129f,0.06930887183389414f,-0.231830384179234f,0.7126503748334327f,-0.6621058195040098f,0.5774016203703705f,0.09667486641977413f,-0.6604003719970942f,-0.7446645680229578f,0.04645074063861702f,0f,0f,0f,1f], start_interpolation: 0, interpolation_duration: 1 }
data modify entity @s data merge value {"locators":{"ledo_hammer":{"posx":1.5566236308579944,"posy":0.6082168293004296,"posz":0.48456931006514714,"roty":286.9478431203133,"rotx":-73.35208481133256},"ledo_hammer2":{"posx":0.39205299210520606,"posy":0.9953777551063132,"posz":-0.13551668790937044,"roty":286.9478431203133,"rotx":-73.35208481133256},"player_camera":{"posx":-0.4983426760747339,"posy":-0.31322337962962954,"posz":-0.3610452349941965,"roty":315.97800925925924,"rotx":0}},"cameras":{}}