execute if entity @s[tag=aj.gravity_thrust.bone.gravity_effect1] run data modify entity @s {} merge value {transformation:[0.502080644234965f,-0.051915198143490646f,0.5880857411010104f,-0.18974976588746467f,-0.559000660075968f,0.20650393322067725f,0.49547894768498707f,2.119633063266839f,-0.18989020174625793f,-0.7451751054390586f,0.09633677135265276f,-13.97895925545356f,0f,0f,0f,1f],start_interpolation:0}
execute if entity @s[tag=aj.gravity_thrust.bone.gravity_effect2] run data modify entity @s {} merge value {transformation:[-0.724341525204319f,-0.051915198143490646f,0.270664306967881f,0.2626706592662338f,-0.2744084250160227f,0.20650393322067725f,-0.6947525759899104f,2.1611392016425928f,-0.025580679133031525f,-0.7451751054390586f,-0.21138753768607252f,-14.601811199536984f,0f,0f,0f,1f],start_interpolation:0}
execute if entity @s[tag=aj.gravity_thrust.bone.gravity_effect3] run data modify entity @s {} merge value {transformation:[-0.2898033819865914f,-0.051915198143490646f,0.7168987459822036f,-0.16812943898512173f,-0.697612973795876f,0.20650393322067725f,-0.2670529242604633f,1.8131152080653408f,-0.17313329714647185f,-0.7451751054390586f,-0.12395129548770083f,-14.604433095903339f,0f,0f,0f,1f],start_interpolation:0}
execute if entity @s[tag=aj.gravity_thrust.bone.gravity_effect4] run data modify entity @s {} merge value {transformation:[-0.7674776481717075f,-0.051915198143490646f,-0.09438152233645666f,0.17283345926555915f,0.07739779280022191f,0.20650393322067725f,-0.7429607709926845f,2.264994678802193f,0.07491756287065718f,-0.7451751054390586f,-0.1993148790417037f,-13.869901556875691f,0f,0f,0f,1f],start_interpolation:0}
execute if entity @s[tag=aj.gravity_thrust.bone.gravity_effect5] run data modify entity @s {} merge value {transformation:[0.5272547144587301f,-0.051915198143490646f,0.5656255636750918f,0.32647520874041736f,-0.5368561271615409f,0.20650393322067725f,0.519390627845268f,1.5867913806512774f,-0.18550731740326215f,-0.7451751054390586f,0.1045279743596573f,-13.616843894882193f,0f,0f,0f,1f],start_interpolation:0}
execute if entity @s[tag=aj.gravity_thrust.bone.gravity_effect6] run data modify entity @s {} merge value {transformation:[-0.3569218423453696f,-0.051915198143490646f,-0.6859567119421672f,-0.08353709179840907f,0.6561320210601371f,0.20650393322067725f,-0.3570320664925351f,1.4197969175491054f,0.20669438646544583f,-0.7451751054390586f,-0.05115166505169455f,-13.869645463164058f,0f,0f,0f,1f],start_interpolation:0}
execute if entity @s[tag=aj.gravity_thrust.bone.gravity_effect7] run data modify entity @s {} merge value {transformation:[0.7354583238248672f,-0.051915198143490646f,-0.2388113609492629f,0.06497084971435332f,0.2438425672641678f,0.20650393322067725f,0.7060608528692197f,1.8494638283399245f,0.016335737104178162f,-0.7451751054390586f,0.2123021571420107f,-13.760921906442677f,0f,0f,0f,1f],start_interpolation:0}
execute if entity @s[tag=aj.gravity_thrust.bone.gravity_effect8] run data modify entity @s {} merge value {transformation:[0.47595083496849855f,-0.051915198143490646f,0.6094264638941366f,0.0223555334905865f,-0.5800811034624219f,0.20650393322067725f,0.4706240951866036f,1.9810861845262857f,-0.1939116192975765f,-0.7451751054390586f,0.08796218582595364f,-14.692226256885439f,0f,0f,0f,1f],start_interpolation:0}
execute if entity @s[tag=aj.gravity_thrust.bone.gravity_effect9] run data modify entity @s {} merge value {transformation:[-0.2898033819865914f,-0.051915198143490646f,0.7168987459822036f,0.4991350436099278f,-0.697612973795876f,0.20650393322067725f,-0.2670529242604633f,1.6085560616560772f,-0.17313329714647185f,-0.7451751054390586f,-0.12395129548770083f,-14.405351111307546f,0f,0f,0f,1f],start_interpolation:0}
execute if entity @s[tag=aj.gravity_thrust.bone.right_arm2] run data modify entity @s {} merge value {transformation:[0.1089405907929828f,0.5546102135003167f,0.8249481551944999f,-0.4201375121825499f,-0.9905552161474452f,-0.008942817990171645f,0.1368224753813594f,2.0747121270960847f,0.08326050348612989f,-0.8320622194809277f,0.5483978040361834f,-15.460249229473396f,0f,0f,0f,1f],start_interpolation:0}
execute if entity @s[tag=aj.gravity_thrust.bone.right_arm] run data modify entity @s {} merge value {transformation:[0.1089405907929828f,0.8728639342179272f,0.47564745349815296f,-0.2564755245166886f,-0.9905552161474452f,0.05524521183030393f,0.1254923516909014f,2.0850706043142666f,0.08326050348612989f,-0.4848262770430525f,0.870638369041825f,-15.551154156418969f,0f,0f,0f,1f],start_interpolation:0}
execute if entity @s[tag=aj.gravity_thrust.bone.left_arm2] run data modify entity @s {} merge value {transformation:[0.2599366818915773f,-0.5621140673396476f,-0.7851501109380771f,0.5777052402454618f,-0.15932318936627154f,0.7769896356969532f,-0.6090182487821487f,1.9314705934637568f,0.952391223572202f,0.2833988026057872f,0.11241030177101166f,-15.725048561257722f,0f,0f,0f,1f],start_interpolation:0}
execute if entity @s[tag=aj.gravity_thrust.bone.gravity_vortex] run data modify entity @s {} merge value {transformation:[0.07425133482722623f,-0.02878197741120852f,1.4896582460718104f,0.6688931440951089f,0.111817474472794f,-1.4895191528798675f,-0.029095247500749676f,1.7894363956307722f,6.256733243539448f,0.026961573001345f,-0.017158435869608815f,-17.892952238568103f,0f,0f,0f,1f],start_interpolation:0}
execute if entity @s[tag=aj.gravity_thrust.bone.slash] run data modify entity @s {} merge value {transformation:[0.0025189267298956373f,0.0027993926754916664f,0.000029992290692287617f,0.641673080422377f,0.12705339703572124f,-0.00654760574071769f,-5.857941733331452e-7f,1.8562700103423715f,0.0032456304465987035f,0.2541398659959607f,-3.454623218334299e-7f,-17.6557130654246f,0f,0f,0f,1f],start_interpolation:0}
execute if entity @s[tag=aj.gravity_thrust.bone.enchantment] run data modify entity @s {} merge value {transformation:[-0.055824566412840476f,-0.031897775084197035f,2.8165108162089343f,0.6567139571959301f,-2.815763045672817f,0.07460691638079266f,-0.05501065731165501f,1.6800958993083945f,-0.07192980655899953f,-2.895805349652621f,-0.03244161561446553f,-16.051161480020745f,0f,0f,0f,1f],start_interpolation:0}
execute if entity @s[tag=aj.gravity_thrust.locator_origin.gravity_thrust_locator1] at @s on origin run tp @s ^0.64295 ^1.71229 ^-17.30067 ~89.34008 ~-1.11886
execute if entity @s[tag=aj.gravity_thrust.locator_origin.gravity_thrust_locator2] at @s on origin run tp @s ^0.62506 ^1.75414 ^-18.92503 ~89.34008 ~-1.11886
execute if entity @s[tag=aj.gravity_thrust.bone.greatsword] run data modify entity @s {} merge value {transformation:[-0.05985894828640664f,-0.03326192449483113f,3.0200570488761835f,0.6567139571959301f,-3.0192552377609747f,0.07779757719464069f,-0.05898621884257364f,1.6800958993083945f,-0.07712809696048124f,-3.019648192942238f,-0.03478613657350509f,-16.051161480020745f,0f,0f,0f,1f],start_interpolation:0}
execute if entity @s[tag=aj.gravity_thrust.bone.left_arm] run data modify entity @s {} merge value {transformation:[0.2599366818915773f,-0.7187273063845393f,-0.6448751665744473f,0.4305154988857741f,-0.15932318936627154f,0.6267562042568393f,-0.7627534213333418f,2.0682442458571826f,0.952391223572202f,0.30101116172458364f,0.04840700135166825f,-15.530746867880051f,0f,0f,0f,1f],start_interpolation:0}
execute if entity @s[tag=aj.gravity_thrust.bone.head] run data modify entity @s {} merge value {transformation:[-0.9573261145542965f,0.2449490671450998f,0.1533840438152521f,0.05857693859891084f,0.15229431404384206f,0.8786154273286351f,-0.4525940485358109f,2.016137425986985f,-0.24562807718640275f,-0.409920584217072f,-0.8784258433885269f,-15.686123504459527f,0f,0f,0f,1f],start_interpolation:0}
execute if entity @s[tag=aj.gravity_thrust.bone.body_top] run data modify entity @s {} merge value {transformation:[-0.9992596704035821f,0.029894506824779912f,-0.024216307865312703f,0.04680597653665375f,0.024474703210304122f,0.008308082325173216f,-0.9996659265328822f,2.012866118571448f,-0.029683328783880476f,-0.9995185312087922f,-0.009033590788093349f,-15.292563082796065f,0f,0f,0f,1f],start_interpolation:0}
execute if entity @s[tag=aj.gravity_thrust.bone.body] run data modify entity @s {} merge value {transformation:[-0.9697907567739379f,0.13972963849817327f,-0.19995378516297907f,-0.01432574030629706f,0.240615065547522f,0.41309507591823785f,-0.8783261629279109f,1.8321370228572191f,-0.04012827316736475f,-0.8999044873636729f,-0.4342368424205047f,-14.898854869574457f,0f,0f,0f,1f],start_interpolation:0}
execute if entity @s[tag=aj.gravity_thrust.locator_origin.player_camera] at @s on origin run tp @s ^0.29069 ^1.03806 ^-14.32685 ~56.87146 ~-55.84291
execute if entity @s[tag=aj.gravity_thrust.bone.right_leg2] run data modify entity @s {} merge value {transformation:[-0.8691947726689396f,-0.11990734451689541f,-0.47971103374416646f,-0.2586871067901928f,0.4628160656303298f,-0.5388178000943714f,-0.7039010354417189f,1.9262319072971121f,-0.1740739399205189f,-0.8338450737591296f,0.5238326606924955f,-14.676095695555322f,0f,0f,0f,1f],start_interpolation:0}
execute if entity @s[tag=aj.gravity_thrust.bone.right_leg] run data modify entity @s {} merge value {transformation:[-0.8607696630070532f,0.39088132696429334f,-0.32601744658431603f,-0.11821412991239988f,0.3561076844580042f,0.004823463663386318f,-0.9344324754995655f,1.9279653395511416f,-0.36367967267457024f,-0.9204284450346596f,-0.1433477354351863f,-15.006874667989653f,0f,0f,0f,1f],start_interpolation:0}
execute if entity @s[tag=aj.gravity_thrust.bone.left_leg2] run data modify entity @s {} merge value {transformation:[-0.9502781663094081f,-0.24740026264595003f,0.18911508844707223f,0.23721699176804603f,0.0855195644326033f,-0.7912862266779956f,-0.6054358030121418f,1.9611392769900988f,0.29942914142562493f,-0.5591593847128152f,0.7730995872154498f,-14.70618602833301f,0f,0f,0f,1f],start_interpolation:0}
execute if entity @s[tag=aj.gravity_thrust.bone.left_leg] run data modify entity @s {} merge value {transformation:[-0.9298327198363834f,-0.3679482753690216f,0.0050179452604127706f,0.1049855803073039f,0.07956719729839301f,-0.2143486294512663f,-0.9735110303260267f,1.88410773828105f,0.35927729435041184f,-0.9048031452782015f,0.2285849821377625f,-15.031349658667363f,0f,0f,0f,1f],start_interpolation:0}