execute if entity @s[tag=aj.gravity_thrust.bone.gravity_effect1] run data modify entity @s {} merge value {transformation:[-0.05221047688802066f,0f,-0.396577944549524f,-0.19445436482630052f,0f,0.3999999999999999f,0f,1.1749999999999998f,0.396577944549524f,0f,-0.05221047688802066f,-0.01767766952966371f,0f,0f,0f,1f],start_interpolation:0}
execute if entity @s[tag=aj.gravity_thrust.bone.gravity_effect2] run data modify entity @s {} merge value {transformation:[0.3548043332712886f,0f,0.1846994452940134f,0.026516504294495508f,0f,0.3999999999999999f,0f,1.126785714285714f,-0.1846994452940134f,0f,0.3548043332712886f,0.1237436867076458f,0f,0f,0f,1f],start_interpolation:0}
execute if entity @s[tag=aj.gravity_thrust.bone.gravity_effect3] run data modify entity @s {} merge value {transformation:[-0.28284271247461884f,0f,0.282842712474619f,1.3877787807814457e-17f,0f,0.3999999999999999f,0f,1.2053571428571428f,-0.282842712474619f,0f,-0.28284271247461884f,-0.15909902576697316f,0f,0f,0f,1f],start_interpolation:0}
execute if entity @s[tag=aj.gravity_thrust.bone.gravity_effect4] run data modify entity @s {} merge value {transformation:[0.0865758455752412f,0f,0.39051840284797334f,-0.13258252147247765f,0f,0.3999999999999999f,0f,0.9732142857142855f,-0.39051840284797334f,0f,0.0865758455752412f,0.1767766952966368f,0f,0f,0f,1f],start_interpolation:0}
execute if entity @s[tag=aj.gravity_thrust.bone.gravity_effect5] run data modify entity @s {} merge value {transformation:[-0.19999999999999996f,0f,0.34641016151377535f,0.13258252147247762f,0f,0.3999999999999999f,0f,0.8339285714285714f,-0.34641016151377535f,0f,-0.19999999999999996f,0.017677669529663702f,0f,0f,0f,1f],start_interpolation:0}
execute if entity @s[tag=aj.gravity_thrust.bone.gravity_effect6] run data modify entity @s {} merge value {transformation:[0.08657584557524106f,0f,-0.39051840284797323f,0.07954951288348658f,0f,0.3999999999999999f,0f,0.8839285714285713f,0.39051840284797323f,0f,0.08657584557524106f,-0.21213203435596417f,0f,0f,0f,1f],start_interpolation:0}
execute if entity @s[tag=aj.gravity_thrust.bone.gravity_effect7] run data modify entity @s {} merge value {transformation:[-0.1035276180410081f,0f,0.3863703305156272f,-0.03535533905932736f,0f,0.3999999999999999f,0f,0.8660714285714284f,-0.3863703305156272f,0f,-0.1035276180410081f,-3.469446951953614e-18f,0f,0f,0f,1f],start_interpolation:0}
execute if entity @s[tag=aj.gravity_thrust.bone.gravity_effect8] run data modify entity @s {} merge value {transformation:[0.3276608177155968f,0f,0.22943057454041826f,0.017677669529663688f,0f,0.3999999999999999f,0f,1.2053571428571428f,-0.22943057454041826f,0f,0.3276608177155968f,-0.03535533905932736f,0f,0f,0f,1f],start_interpolation:0}
execute if entity @s[tag=aj.gravity_thrust.bone.gravity_effect9] run data modify entity @s {} merge value {transformation:[-0.28284271247461884f,0f,0.282842712474619f,0.2828427124746189f,0f,0.3999999999999999f,0f,1.0482142857142855f,-0.282842712474619f,0f,-0.28284271247461884f,0.03535533905932739f,0f,0f,0f,1f],start_interpolation:0}
execute if entity @s[tag=aj.gravity_thrust.bone.right_arm2] run data modify entity @s {} merge value {transformation:[-0.6262528830150008f,-0.47264525114345696f,0.6200111233574266f,-0.3148982481664325f,0.3671807774522552f,0.522735213465749f,0.7693673851109593f,1.439201402263553f,-0.6877394878767372f,0.7094747093268765f,-0.1538181837124164f,-0.07700851423520624f,0f,0f,0f,1f],start_interpolation:0}
execute if entity @s[tag=aj.gravity_thrust.bone.right_arm] run data modify entity @s {} merge value {transformation:[-0.6262528830150008f,0.17114556450771518f,0.7606027361670054f,-0.27211185703950375f,0.3671807774522552f,0.9253773284438609f,0.0941014169482068f,1.6705457343745183f,-0.6877394878767372f,0.3382099876577246f,-0.6423615812481351f,0.007543982679224903f,0f,0f,0f,1f],start_interpolation:0}
execute if entity @s[tag=aj.gravity_thrust.bone.left_arm2] run data modify entity @s {} merge value {transformation:[-0.2023524415024792f,0.8954141175700344f,-0.39659431094540687f,0.31038304698741803f,-0.37134536516519023f,0.30457187519095374f,0.877119485938488f,1.40418450496809f,0.9061766434798001f,0.3247607286895115f,0.2708770199052331f,-0.3394603237219842f,0f,0f,0f,1f],start_interpolation:0}
execute if entity @s[tag=aj.gravity_thrust.bone.gravity_vortex] run data modify entity @s {} merge value {transformation:[-0.05003791116557717f,0.007224358240532464f,0.09498352643812315f,-0.2241632252623882f,0.09662105088775544f,-0.09267191531536331f,0.009934059055529604f,1.6806753625998023f,-0.3882406727424775f,-0.02399426514387537f,-0.009769553524067897f,-2.6302091805527485f,0f,0f,0f,1f],start_interpolation:0}
execute if entity @s[tag=aj.gravity_thrust.bone.slash] run data modify entity @s {} merge value {transformation:[0.000500781547777322f,0.0014999621955892142f,-0.00002968235201191346f,-0.2003540739895057f,-0.0060573602094168115f,-0.00245186144697534f,-0.000003104393454852999f,1.6173269009150537f,-0.0012905581229345937f,0.012090088063873242f,0.0000030529854762712154f,-2.770218670923665f,0f,0f,0f,1f],start_interpolation:0}
execute if entity @s[tag=aj.gravity_thrust.bone.enchantment] run data modify entity @s {} merge value {transformation:[0.015232522729516506f,0.02281255004216718f,0.18699881767505497f,0.02426174575346568f,-0.18424975416993353f,-0.03728974778168574f,0.01955767876557391f,1.3810659161689134f,-0.03925555170436252f,0.1838751268414299f,-0.019233808500508674f,-0.8266526695486858f,0f,0f,0f,1f],start_interpolation:0}
execute if entity @s[tag=aj.gravity_thrust.locator_origin.gravity_thrust_locator1] at @s on origin run tp @s ^-0.12661 ^1.62769 ^-2.04276 ~-95.87252 ~-5.93959
execute if entity @s[tag=aj.gravity_thrust.locator_origin.gravity_thrust_locator2] at @s on origin run tp @s ^-0.32275 ^1.9483 ^-3.62369 ~-95.87252 ~-5.93959
execute if entity @s[tag=aj.gravity_thrust.bone.greatsword] run data modify entity @s {} merge value {transformation:[-0.24346514503746597f,-0.3646185798185889f,-2.9888479456440633f,0.02426174575346568f,2.9449089897090324f,0.596011180373063f,-0.31259517427339223f,1.3810659161689134f,0.6274311063858643f,-2.938921229277702f,0.3074186764300877f,-0.8266526695486858f,0f,0f,0f,1f],start_interpolation:0}
execute if entity @s[tag=aj.gravity_thrust.bone.left_arm] run data modify entity @s {} merge value {transformation:[-0.2023524415024792f,0.18871739804992302f,-0.9609574564418825f,0.3322683413120889f,-0.37134536516519023f,0.8931894707770047f,0.2536043948030582f,1.5810637020166924f,0.9061766434798001f,0.4081645660347806f,-0.11065973904416093f,-0.12414710177831406f,0f,0f,0f,1f],start_interpolation:0}
execute if entity @s[tag=aj.gravity_thrust.bone.head] run data modify entity @s {} merge value {transformation:[-0.991581581577593f,0.11134336121298638f,-0.06609555953219332f,0.040248670415142976f,0.12157878891937096f,0.9762327563451285f,-0.1794107118421074f,1.76172398504184f,0.04454845857017187f,-0.18593617548123098f,-0.9815514115350424f,-0.10398063340844405f,0f,0f,0f,1f],start_interpolation:0}
execute if entity @s[tag=aj.gravity_thrust.bone.body_top] run data modify entity @s {} merge value {transformation:[-0.9670083173625481f,0.07075080541808984f,-0.24472277720789518f,0.012390540781770099f,0.14317125177252138f,0.9455253345825025f,-0.29237618632257956f,1.3894233845499797f,0.21070573513206234f,-0.31776747032277874f,-0.924460344193908f,0.021140308031150107f,0f,0f,0f,1f],start_interpolation:0}
execute if entity @s[tag=aj.gravity_thrust.bone.body] run data modify entity @s {} merge value {transformation:[-0.9670083173625481f,0.1121716060033342f,-0.22871913990369558f,-0.036684536844688614f,0.14317125177252138f,0.9819312721144334f,-0.12374558379845209f,0.9598284529999151f,0.21070573513206234f,-0.15240901433433393f,-0.9655954564578759f,0.0878192518024212f,0f,0f,0f,1f],start_interpolation:0}
execute if entity @s[tag=aj.gravity_thrust.locator_origin.player_camera] at @s on origin run tp @s ^-0.14868 ^0.06898 ^-0.40678 ~-4.7362 ~-8.26449
execute if entity @s[tag=aj.gravity_thrust.bone.right_leg2] run data modify entity @s {} merge value {transformation:[-0.9540448617203318f,0.24297464192571586f,-0.17539020840999997f,-0.2556451302299897f,0.29753225214698714f,0.8377458667060316f,-0.4578825414331732f,0.7294557851266021f,0.03567857560742493f,-0.4890247296385225f,-0.8715399319851014f,-0.02116464889945245f,0f,0f,0f,1f],start_interpolation:0}
execute if entity @s[tag=aj.gravity_thrust.bone.right_leg] run data modify entity @s {} merge value {transformation:[-0.9540448617203318f,0.2958286226824797f,0.04778941124161411f,-0.14933171895347352f,0.29753225214698714f,0.9161476332931635f,0.26860393322450954f,1.0586963408413328f,0.03567857560742493f,0.27047909348621035f,-0.9620644984768449f,0.07603877532215439f,0f,0f,0f,1f],start_interpolation:0}
execute if entity @s[tag=aj.gravity_thrust.bone.left_leg2] run data modify entity @s {} merge value {transformation:[-0.9930240618895328f,0.04067209201595226f,0.11067517083546381f,0.2121622389139025f,-0.023237994161778554f,0.8527117333638539f,-0.5218646332248899f,0.688968021259992f,-0.11559934314584282f,-0.5207960068151998f,-0.8458181312490245f,0.09305995832721739f,0f,0f,0f,1f],start_interpolation:0}
execute if entity @s[tag=aj.gravity_thrust.bone.left_leg] run data modify entity @s {} merge value {transformation:[-0.9402636262558722f,-0.34014075085622325f,0.01444239409246556f,0.08992415657494728f,-0.34004448599145326f,0.9362430595471525f,-0.08842330573211626f,1.0254303707847499f,0.016554778372595738f,-0.08805227456886976f,-0.9959782810163494f,0.061416172154029815f,0f,0f,0f,1f],start_interpolation:0}