execute if entity @s[tag=aj.gravity_thrust.bone.gravity_effect1] run data modify entity @s {} merge value {transformation:[0.00000819521829379136f,4.468193373300788e-7f,0.0000057130333096259275f,0.1875042717487154f,0.0000055828939228686544f,0.0000016254911669537187f,-0.00000813566677735462f,1.5625068152383443f,-0.0000012921658419505247f,0.000009856882415142395f,0.0000010826709984815093f,-3.9374804564788106f,0f,0f,0f,1f],start_interpolation:0}
execute if entity @s[tag=aj.gravity_thrust.bone.gravity_effect2] run data modify entity @s {} merge value {transformation:[0.000009793989822063163f,4.468193373300788e-7f,-0.0000019692932349224013f,0.18749812977882357f,-0.000002016268450576642f,0.0000016254911669537187f,-0.000009658801167917513f,1.562504914058962f,-1.114670378743815e-7f,0.000009856882415142395f,0.0000016820951677964502f,-3.9374787707580614f,0f,0f,0f,1f],start_interpolation:0}
execute if entity @s[tag=aj.gravity_thrust.bone.gravity_effect3] run data modify entity @s {} merge value {transformation:[0.000004388178709227581f,4.468193373300788e-7f,0.0000089746442879743f,0.1875041950051005f,0.000008831962760219272f,0.0000016254911669537187f,-0.000004399342254048374f,1.562501456161311f,-0.0000016553916207295988f,0.000009856882415142395f,3.186653983018698e-7f,-3.93747603823493f,0f,0f,0f,1f],start_interpolation:0}
execute if entity @s[tag=aj.gravity_thrust.bone.gravity_effect4] run data modify entity @s {} merge value {transformation:[-8.137928709505291e-7f,4.468193373300788e-7f,-0.000009956811419474513f,0.18749929249349961f,-0.000009828022758040676f,0.0000016254911669537187f,8.762118086341791e-7f,1.5625078618913595f,0.0000016576217393074456f,0.000009856882415142395f,3.068537492552676e-7f,-3.937485137793088f,0f,0f,0f,1f],start_interpolation:0}
execute if entity @s[tag=aj.gravity_thrust.bone.gravity_effect5] run data modify entity @s {} merge value {transformation:[-0.000009950168459259894f,4.468193373300788e-7f,8.913473577329804e-7f,0.18749820117211446f,9.527609348857194e-7f,0.0000016254911669537187f,0.00000982089736567444f,1.562499892948104f,2.9392895962348737e-7f,0.000009856882415142395f,-0.0000016599622949788082f,-3.9374863316049313f,0f,0f,0f,1f],start_interpolation:0}
execute if entity @s[tag=aj.gravity_thrust.bone.gravity_effect6] run data modify entity @s {} merge value {transformation:[0.000006693499777940992f,4.468193373300788e-7f,-0.00000741602408319255f,0.18750370190037657f,-0.000007373223142949134f,0.0000016254911669537187f,-0.000006556932129466861f,1.562498002481633f,9.12491757213886e-7f,0.000009856882415142395f,0.0000014174723443769098f,-3.9374823379380564f,0f,0f,0f,1f],start_interpolation:0}
execute if entity @s[tag=aj.gravity_thrust.bone.gravity_effect7] run data modify entity @s {} merge value {transformation:[-0.000008943651846104387f,4.468193373300788e-7f,0.000004451004845589542f,0.18750131176537443f,0.00000446116757225488f,0.0000016254911669537187f,0.000008800895542978394f,1.5625034646112237f,-3.3026587461491534e-7f,0.000009856882415142395f,-0.0000016531163014505369f,-3.9374832571622576f,0f,0f,0f,1f],start_interpolation:0}
execute if entity @s[tag=aj.gravity_thrust.bone.gravity_effect8] run data modify entity @s {} merge value {transformation:[0.000004945477150555623f,4.468193373300788e-7f,0.000008680011994987116f,0.1875014475736143f,0.000008536910445304038f,0.0000016254911669537187f,-0.000004947619479609792f,1.5625028521327324f,-0.0000016319974884144524f,0.000009856882415142395f,4.224372756582636e-7f,-3.937477209058032f,0f,0f,0f,1f],start_interpolation:0}
execute if entity @s[tag=aj.gravity_thrust.bone.gravity_effect9] run data modify entity @s {} merge value {transformation:[0.000004388178709227581f,4.468193373300788e-7f,0.0000089746442879743f,0.18749585537375493f,0.000008831962760219272f,0.0000016254911669537187f,-0.000004399342254048374f,1.562498449804068f,-0.0000016553916207295988f,0.000009856882415142395f,3.186653983018698e-7f,-3.9374786320136455f,0f,0f,0f,1f],start_interpolation:0}
execute if entity @s[tag=aj.gravity_thrust.bone.right_arm2] run data modify entity @s {} merge value {transformation:[0.8548416660191037f,-0.5172960106583887f,0.04062712633942618f,0.4560717926768333f,0.44010240657046784f,0.6813429364128732f,-0.5848774869416379f,1.2012623490431713f,0.2748737851606916f,0.5178577414282802f,0.8101035500935883f,1.9956667583490677f,0f,0f,0f,1f],start_interpolation:0}
execute if entity @s[tag=aj.gravity_thrust.bone.right_arm] run data modify entity @s {} merge value {transformation:[0.8548416660191037f,-0.507567567474503f,0.10780023416347137f,0.36090287377536395f,0.44010240657046784f,0.5991721218541611f,-0.6688068780475158f,1.3136071218908265f,0.2748737851606916f,0.6191671283593777f,0.7355790028206599f,2.111760594916451f,0f,0f,0f,1f],start_interpolation:0}
execute if entity @s[tag=aj.gravity_thrust.bone.left_arm2] run data modify entity @s {} merge value {transformation:[0.004058962984970883f,0.3280121719109059f,0.9446647764671748f,-0.4978790375272282f,-0.9369749383964665f,0.3312932987178011f,-0.11100772514386398f,1.3717349796351577f,-0.3493729950016522f,-0.8846766444882384f,0.30868389180617667f,2.4349758634369616f,0f,0f,0f,1f],start_interpolation:0}
execute if entity @s[tag=aj.gravity_thrust.bone.gravity_vortex] run data modify entity @s {} merge value {transformation:[0.000009441231552321576f,-0.000009413995774712811f,-1.3269554218142368e-7f,-1.94205736550644f,0.0000031926337608102694f,0.000003024446794798189f,0.000012587199411805124f,0.7601220776976947f,-0.000008857088360322487f,-0.000008944673438248164f,0.000004395745743137984f,4.007405070295555f,0f,0f,0f,1f],start_interpolation:0}
execute if entity @s[tag=aj.gravity_thrust.bone.slash] run data modify entity @s {} merge value {transformation:[-3.7756550325423515f,-3.2731539170518573f,-2.985649699082033e-7f,-1.1774310336911376f,1.1085624718575156f,-1.2050888288619723f,0.000028321198676561533f,0.8300179963501593f,-3.2883406661797974f,3.3519592181051654f,0.000009890427922060466f,3.7355517609872106f,0f,0f,0f,1f],start_interpolation:0}
execute if entity @s[tag=aj.gravity_thrust.bone.enchantment] run data modify entity @s {} merge value {transformation:[-1.9419652222583337f,-1.858495158867668f,-0.026249760172615218f,-0.7402429712606897f,0.5701764987778661f,-0.6842488349777167f,2.489992959620483f,1.2034355271099413f,-1.6913206205597218f,1.9032407694354103f,0.8695640384015827f,2.6794697471890636f,0f,0f,0f,1f],start_interpolation:0}
execute if entity @s[tag=aj.gravity_thrust.locator_origin.gravity_thrust_locator1] at @s on origin run tp @s ^-1.58602 ^0.89204 ^3.54561 ~-178.27092 ~70.74148
execute if entity @s[tag=aj.gravity_thrust.locator_origin.gravity_thrust_locator2] at @s on origin run tp @s ^-2.68553 ^0.48723 ^4.67159 ~-178.27092 ~70.74148
execute if entity @s[tag=aj.gravity_thrust.bone.greatsword] run data modify entity @s {} merge value {transformation:[-2.2241315446623644f,-2.0439591643950017f,-0.030063833775478804f,-0.7402429712606897f,0.6530227845595766f,-0.7525317837424033f,2.8517873667370983f,1.2034355271099413f,-1.9370684403659175f,2.093170054372304f,0.9959111449296996f,2.6794697471890636f,0f,0f,0f,1f],start_interpolation:0}
execute if entity @s[tag=aj.gravity_thrust.bone.left_arm] run data modify entity @s {} merge value {transformation:[0.004058962984970883f,0.7103140559262576f,0.7038731894120394f,-0.3197931531725424f,-0.9369749383964665f,0.2486198088240904f,-0.245491660708079f,1.316768064541622f,-0.3493729950016522f,-0.658515096724337f,0.666555607394997f,2.226675464880671f,0f,0f,0f,1f],start_interpolation:0}
execute if entity @s[tag=aj.gravity_thrust.bone.head] run data modify entity @s {} merge value {transformation:[0.9981319547257947f,0.06035058211024957f,0.009508322366138355f,0.06709822905433716f,-0.05375639288037272f,0.9414919876839778f,-0.3327207347782274f,1.4408369439700648f,-0.029031899348051615f,0.33158806426924736f,0.9429774676281606f,2.2375052393910235f,0f,0f,0f,1f],start_interpolation:0}
execute if entity @s[tag=aj.gravity_thrust.bone.body_top] run data modify entity @s {} merge value {transformation:[0.9679361308780007f,0.06035058211024957f,0.24383899150849592f,0.04333518734842639f,0.025950883681067478f,0.9414919876839778f,-0.3360348029044674f,1.0701244738194986f,-0.24985235275477807f,0.33158806426924736f,0.9097379608750401f,2.1069424390850076f,0f,0f,0f,1f],start_interpolation:0}
execute if entity @s[tag=aj.gravity_thrust.bone.body] run data modify entity @s {} merge value {transformation:[0.9430008732563393f,0.06035058211024957f,0.32727230294776843f,0.0169318076751922f,0.0551394955700768f,0.9414919876839778f,-0.3324943204855536f,0.6582217292077582f,-0.32819047680586255f,0.33158806426924736f,0.8845000658949183f,1.961872660967212f,0f,0f,0f,1f],start_interpolation:0}
execute if entity @s[tag=aj.gravity_thrust.locator_origin.player_camera] at @s on origin run tp @s ^-0.38511 ^-0.25227 ^2.20713 ~-158.19665 ~-16.86684
execute if entity @s[tag=aj.gravity_thrust.bone.right_leg2] run data modify entity @s {} merge value {transformation:[0.9509941081399673f,0.21545982195905033f,0.2217820358019178f,0.13535349119562462f,0.13285271861195935f,0.3629628541713703f,-0.9222841870319497f,0.48131546576073486f,-0.27921382745215256f,0.9065511742936232f,0.31655111269173075f,1.7550865149079369f,0f,0f,0f,1f],start_interpolation:0}
execute if entity @s[tag=aj.gravity_thrust.bone.right_leg] run data modify entity @s {} merge value {transformation:[0.9642694105965961f,0.012242547399396037f,0.26464055588829793f,0.13975315666728258f,0.130438242102751f,0.8475209306366284f,-0.5144843409958825f,0.7858933002082732f,-0.23058700914153418f,0.530620761152442f,0.8156416118916233f,1.9457783509470958f,0f,0f,0f,1f],start_interpolation:0}
execute if entity @s[tag=aj.gravity_thrust.bone.left_leg2] run data modify entity @s {} merge value {transformation:[0.9429497597554535f,0.280839951156044f,-0.17881463142540682f,-0.2087119341073701f,-0.3157677581068943f,0.9246289685562662f,-0.2129600747715895f,0.5081725005677347f,0.10552949122060214f,0.25727454662528493f,0.9605588655264576f,2.1831185303919916f,0f,0f,0f,1f],start_interpolation:0}
execute if entity @s[tag=aj.gravity_thrust.bone.left_leg] run data modify entity @s {} merge value {transformation:[0.9219419436860552f,0.38655432637033305f,0.024470497272371855f,-0.06979397306803167f,-0.35783922830655884f,0.8258700663255204f,0.43576337642400254f,0.8049695556534686f,0.14823676722508994f,-0.4105050381077665f,0.8997285560272033f,2.035593282322013f,0f,0f,0f,1f],start_interpolation:0}