execute if entity @s[tag=aj.gravity_thrust.bone.gravity_effect1] run data modify entity @s {} merge value {transformation:[0.9253485372822232f,0f,0.12182444607204812f,0.07759074277046127f,0f,0.9333333333333333f,0f,2.6125f,-0.12182444607204812f,0f,0.9253485372822232f,0.4489422246578869f,0f,0f,0f,1f],start_interpolation:0}
execute if entity @s[tag=aj.gravity_thrust.bone.gravity_effect2] run data modify entity @s {} merge value {transformation:[-0.6305508604412827f,0f,0.6881255143561159f,0.26288324185708706f,0f,0.9333333333333333f,0f,2.2666666666666666f,-0.6881255143561159f,0f,-0.6305508604412827f,-0.13449379802155875f,0f,0f,0f,1f],start_interpolation:0}
execute if entity @s[tag=aj.gravity_thrust.bone.gravity_effect3] run data modify entity @s {} merge value {transformation:[-0.4666666666666669f,0f,-0.808290376865476f,-0.35858166849341516f,0f,0.9333333333333333f,0f,2.595833333333333f,0.808290376865476f,0f,-0.4666666666666669f,0.09608166849341515f,0f,0f,0f,1f],start_interpolation:0}
execute if entity @s[tag=aj.gravity_thrust.bone.gravity_effect4] run data modify entity @s {} merge value {transformation:[-0.9324450068097343f,0f,-0.04071142820764684f,0.4784921331816406f,0f,0.9333333333333333f,0f,1.9666666666666666f,0.04071142820764684f,0f,-0.9324450068097343f,0.19206064764071806f,0f,0f,0f,1f],start_interpolation:0}
execute if entity @s[tag=aj.gravity_thrust.bone.gravity_effect5] run data modify entity @s {} merge value {transformation:[-0.6599663291074445f,0f,-0.6599663291074445f,-0.04022564946746647f,0f,0.9333333333333333f,0f,1.6708333333333334f,0.6599663291074445f,0f,-0.6599663291074445f,-0.30949379802155874f,0f,0f,0f,1f],start_interpolation:0}
execute if entity @s[tag=aj.gravity_thrust.bone.gravity_effect6] run data modify entity @s {} merge value {transformation:[0.8278767776330069f,0f,0.4309653723526983f,-0.5261497255712612f,0f,0.9333333333333333f,0f,1.7875f,-0.4309653723526983f,0f,0.8278767776330069f,-0.051181942922154056f,0f,0f,0f,1f],start_interpolation:0}
execute if entity @s[tag=aj.gravity_thrust.bone.gravity_effect7] run data modify entity @s {} merge value {transformation:[-0.8082903768654761f,0f,-0.46666666666666634f,0.021351481887425586f,0f,0.9333333333333333f,0f,1.6291666666666667f,0.46666666666666634f,0f,-0.8082903768654761f,0.07968481522075893f,0f,0f,0f,1f],start_interpolation:0}
execute if entity @s[tag=aj.gravity_thrust.bone.gravity_effect8] run data modify entity @s {} merge value {transformation:[-0.7149748135777128f,0f,0.5999351023741037f,-0.09036055616447172f,0f,0.9333333333333333f,0f,2.3916666666666666f,-0.5999351023741037f,0f,-0.7149748135777128f,-0.018490925722953876f,0f,0f,0f,1f],start_interpolation:0}
execute if entity @s[tag=aj.gravity_thrust.bone.gravity_effect9] run data modify entity @s {} merge value {transformation:[-0.4666666666666669f,0f,-0.808290376865476f,-0.09112703987864579f,0f,0.9333333333333333f,0f,2.1416666666666666f,0.808290376865476f,0f,-0.4666666666666669f,-0.658830003653497f,0f,0f,0f,1f],start_interpolation:0}
execute if entity @s[tag=aj.gravity_thrust.bone.right_arm2] run data modify entity @s {} merge value {transformation:[-0.7657865438120023f,0.5548588771582311f,0.3251193561681244f,-0.23298247734803165f,-0.001450653669987867f,0.5040626037648177f,-0.863665900154546f,4.664707158529564f,-0.6430932008040504f,-0.661855360274841f,-0.3851994511354637f,0.0772154502671013f,0f,0f,0f,1f],start_interpolation:0}
execute if entity @s[tag=aj.gravity_thrust.bone.right_arm] run data modify entity @s {} merge value {transformation:[-0.7657865438120023f,0.6419658740165899f,0.038089183695433904f,-0.11355425566818754f,-0.001450653669987867f,0.05750340974757364f,-0.9983442559915556f,4.675404814346861f,-0.6430932008040504f,-0.7645738515444528f,-0.04310406725685076f,-0.06502216566963528f,0f,0f,0f,1f],start_interpolation:0}
execute if entity @s[tag=aj.gravity_thrust.bone.left_arm2] run data modify entity @s {} merge value {transformation:[0.13518700744076462f,-0.46055863668901653f,-0.8772743101164908f,0.5878404804849543f,-0.5787540294415028f,0.6819495619898092f,-0.44720081429614045f,4.345089847707593f,0.8042190288873015f,0.5681817817152023f,-0.17435944626691127f,-0.6162215787272407f,0f,0f,0f,1f],start_interpolation:0}
execute if entity @s[tag=aj.gravity_thrust.bone.gravity_vortex] run data modify entity @s {} merge value {transformation:[0.07389034120664147f,-0.24329997143559914f,-0.004063144526448027f,0.6607413361071928f,-0.35775855866776723f,-0.0023416653396663625f,-0.22860375575122416f,4.981005177111263f,0.9573388373006864f,0.017903553496762495f,-0.08511586478400862f,-2.817413889859246f,0f,0f,0f,1f],start_interpolation:0}
execute if entity @s[tag=aj.gravity_thrust.bone.slash] run data modify entity @s {} merge value {transformation:[0.025913895303015466f,0.0014801268265687722f,-4.996303278697561e-7f,0.7489445659092488f,-0.00014624528873721676f,-0.018109788592497303f,-0.00002811058496560294f,5.0323462310924505f,-0.0008442571755041847f,0.04856852161911443f,-0.000010466392999839561f,-2.869943550153424f,0f,0f,0f,1f],start_interpolation:0}
execute if entity @s[tag=aj.gravity_thrust.bone.enchantment] run data modify entity @s {} merge value {transformation:[-0.4800517252804633f,-0.013709583766157198f,-0.007999315786444553f,0.6514219980481148f,0.0027091759981090523f,0.1677408038551647f,-0.45006364413522254f,4.366743975008171f,0.015639760404296824f,-0.4498629465957646f,-0.16757185879351696f,-1.0776170050106142f,0f,0f,0f,1f],start_interpolation:0}
execute if entity @s[tag=aj.gravity_thrust.locator_origin.gravity_thrust_locator1] at @s on origin run tp @s ^0.61574 ^4.80328 ^-2.24837 ~-2.73303 ~-69.5569
execute if entity @s[tag=aj.gravity_thrust.locator_origin.gravity_thrust_locator2] at @s on origin run tp @s ^0.56936 ^5.37078 ^-3.77035 ~-2.73303 ~-69.5569
execute if entity @s[tag=aj.gravity_thrust.bone.greatsword] run data modify entity @s {} merge value {transformation:[-3.019183405669484f,-0.08622351639551973f,-0.050309998292440726f,0.6514219980481148f,0.017038787250999166f,1.054970172552328f,-2.8305797361197405f,4.366743975008171f,0.09836295256248155f,-2.829317491555707f,-1.053907628456067f,-1.0776170050106142f,0f,0f,0f,1f],start_interpolation:0}
execute if entity @s[tag=aj.gravity_thrust.bone.left_arm] run data modify entity @s {} merge value {transformation:[0.13518700744076462f,-0.7807323527900051f,-0.6100667720226971f,0.4095557682175486f,-0.5787540294415028f,0.4375390445435055f,-0.6881884610375126f,4.382130355163281f,0.8042190288873015f,0.4461127411394334f,-0.39270240102223286f,-0.40416601483146974f,0f,0f,0f,1f],start_interpolation:0}
execute if entity @s[tag=aj.gravity_thrust.bone.head] run data modify entity @s {} merge value {transformation:[-0.944266425271255f,0.29678868702722905f,-0.14239871262795445f,0.1059870294024608f,0.31608711082302f,0.9382753934941209f,-0.14045719751941652f,4.646065046282814f,0.09192310088873851f,-0.17763941346476564f,-0.9797930303420682f,-0.3358590462738805f,0f,0f,0f,1f],start_interpolation:0}
execute if entity @s[tag=aj.gravity_thrust.bone.body_top] run data modify entity @s {} merge value {transformation:[-0.7592695456541372f,0.15761415127048112f,-0.6314012483052643f,0.04392645733970886f,0.4256740555690803f,0.8541696942051934f,-0.29865654507607564f,4.309735729189519f,0.4922513133121452f,-0.495531949344028f,-0.7156372906170947f,-0.14074334121966947f,0f,0f,0f,1f],start_interpolation:0}
execute if entity @s[tag=aj.gravity_thrust.bone.body] run data modify entity @s {} merge value {transformation:[-0.7592695456541372f,0.23247634825353264f,-0.6078359190973024f,-0.05778194502121167f,0.4256740555690803f,0.8839104461626012f,-0.19365929252169412f,3.9230249089933813f,0.4922513133121452f,-0.4057795838473564f,-0.770085432841795f,0.036785226713548946f,0f,0f,0f,1f],start_interpolation:0}
execute if entity @s[tag=aj.gravity_thrust.locator_origin.player_camera] at @s on origin run tp @s ^-0.17707 ^3.1257 ^0.37688 ~-16.0092 ~-20.24062
execute if entity @s[tag=aj.gravity_thrust.bone.right_leg2] run data modify entity @s {} merge value {transformation:[-0.9084261367524135f,0.1738331736380157f,-0.3801894025456533f,-0.3396583600949727f,0.3685441576126079f,0.7622905079333592f,-0.5320605091569139f,3.7393601661526117f,0.19732500590320157f,-0.6234542559463658f,-0.7565498217484852f,0.03651106861848931f,0f,0f,0f,1f],start_interpolation:0}
execute if entity @s[tag=aj.gravity_thrust.bone.right_leg] run data modify entity @s {} merge value {transformation:[-0.8477327162182303f,0.5208831771072636f,-0.10014967628457072f,-0.15246596832204984f,0.5276973294264631f,0.8473248422742309f,-0.059800837628988635f,4.0438675313449135f,0.05371005836377593f,-0.10354384323364063f,-0.9931736515629919f,-0.0007000000436002962f,0f,0f,0f,1f],start_interpolation:0}
execute if entity @s[tag=aj.gravity_thrust.bone.left_leg2] run data modify entity @s {} merge value {transformation:[-0.9963660468142008f,-0.02180912183295241f,0.08233506519531743f,0.1661881569957373f,-0.0748300372963642f,0.6858649297946926f,-0.7238713722726893f,3.621029075541945f,-0.04068373476054628f,-0.7274019935926743f,-0.685004506148198f,-0.0034711826427364853f,0f,0f,0f,1f],start_interpolation:0}
execute if entity @s[tag=aj.gravity_thrust.bone.left_leg] run data modify entity @s {} merge value {transformation:[-0.9546734611309732f,-0.2864245212780577f,-0.08099121077526791f,0.06325434466143534f,-0.2798598789691864f,0.9564030422864838f,-0.08349651997844562f,3.9647364188636502f,0.10137569114714212f,-0.057045721275079786f,-0.993211334474514f,-0.023971988725968285f,0f,0f,0f,1f],start_interpolation:0}