execute if entity @s[tag=aj.gravity_thrust.bone.gravity_effect1] run data modify entity @s {} merge value {transformation:[0.684512245061887f,0.035908087726397406f,-0.3616332335338783f,0.5761563230387438f,-0.3521885599147282f,0.2557258706993196f,-0.6412429315947777f,3.5435649168741548f,0.08961698848725651f,0.7307119051246588f,0.24218568719799843f,-13.32082310823454f,0f,0f,0f,1f],start_interpolation:0}
execute if entity @s[tag=aj.gravity_thrust.bone.gravity_effect2] run data modify entity @s {} merge value {transformation:[0.6978648369765261f,0.035908087726397406f,0.33514217661696977f,0.08741734102206578f,0.30597774921433685f,0.2557258706993196f,-0.6645350976741585f,3.637549791251954f,-0.141376399365153f,0.7307119051246588f,0.21609679639373783f,-12.930655677845065f,0f,0f,0f,1f],start_interpolation:0}
execute if entity @s[tag=aj.gravity_thrust.bone.gravity_effect3] run data modify entity @s {} merge value {transformation:[-0.5100850381972757f,0.035908087726397406f,0.5823648882299801f,0.4512928446806781f,0.5580815775506445f,0.2557258706993196f,0.473047811382379f,3.1945154790183707f,-0.170244549416032f,0.7307119051246588f,-0.19416978421789538f,-12.968231605924014f,0f,0f,0f,1f],start_interpolation:0}
execute if entity @s[tag=aj.gravity_thrust.bone.gravity_effect4] run data modify entity @s {} merge value {transformation:[-0.2901901500821704f,0.035908087726397406f,-0.7177222903262243f,0.24362141438892f,-0.6737171261136121f,0.2557258706993196f,0.285192063417428f,3.6938092174843966f,0.25003981838199857f,0.7307119051246588f,-0.06453836791079388f,-13.581412066539956f,0f,0f,0f,1f],start_interpolation:0}
execute if entity @s[tag=aj.gravity_thrust.bone.gravity_effect5] run data modify entity @s {} merge value {transformation:[-0.2888848152708955f,0.035908087726397406f,-0.7182486844691984f,0.004535984198359128f,-0.6742345062089595f,0.2557258706993196f,0.28396674046837866f,3.058464840636846f,0.25015673915179915f,0.7307119051246588f,-0.06408367628367255f,-13.71375606045687f,0f,0f,0f,1f],start_interpolation:0}
execute if entity @s[tag=aj.gravity_thrust.bone.gravity_effect6] run data modify entity @s {} merge value {transformation:[-0.7735002034108905f,0.035908087726397406f,-0.03214101054951826f,0.3670238651065838f,-0.01851841562914612f,0.2557258706993196f,0.7313592464293188f,2.8626113693559048f,0.044491612759003284f,0.7307119051246588f,-0.25437297046501367f,-13.386895348173622f,0f,0f,0f,1f],start_interpolation:0}
execute if entity @s[tag=aj.gravity_thrust.bone.gravity_effect7] run data modify entity @s {} merge value {transformation:[0.10856270254768406f,0.035908087726397406f,-0.7665179377231669f,0.2964621992544056f,-0.7259327088245565f,0.2557258706993196f,-0.09083491241651864f,3.300796762852654f,0.2487183987448151f,0.7307119051246588f,0.06945696390504687f,-13.533567948735133f,0f,0f,0f,1f],start_interpolation:0}
execute if entity @s[tag=aj.gravity_thrust.bone.gravity_effect8] run data modify entity @s {} merge value {transformation:[0.7632084401132289f,0.035908087726397406f,0.1298017186934189f,0.29856915762372027f,0.11095399295866841f,0.2557258706993196f,-0.7231310327330743f,3.494623513209368f,-0.0763353678609063f,0.7307119051246588f,0.24669418988422068f,-12.626580049680962f,0f,0f,0f,1f],start_interpolation:0}
execute if entity @s[tag=aj.gravity_thrust.bone.gravity_effect9] run data modify entity @s {} merge value {transformation:[-0.5100850381972757f,0.035908087726397406f,0.5823648882299801f,-0.21190931206906552f,0.5580815775506445f,0.2557258706993196f,0.473047811382379f,3.178585268872413f,-0.170244549416032f,0.7307119051246588f,-0.19416978421789538f,-12.92089216631702f,0f,0f,0f,1f],start_interpolation:0}
execute if entity @s[tag=aj.gravity_thrust.bone.right_arm2] run data modify entity @s {} merge value {transformation:[0.5530513226003836f,-0.6044687303212203f,-0.573368806819675f,0.5004608689152812f,-0.4344335366338651f,0.3780032980160103f,-0.8175457228417328f,3.9601359914752874f,0.7109161250230285f,0.7012353818461179f,-0.053546264382968445f,-11.650165331292923f,0f,0f,0f,1f],start_interpolation:0}
execute if entity @s[tag=aj.gravity_thrust.bone.right_arm] run data modify entity @s {} merge value {transformation:[0.5530513226003836f,-0.674137063630052f,-0.48956455550848166f,0.3740601694846464f,-0.4344335366338651f,0.26805829723200547f,-0.8598908369862246f,4.010396922206288f,0.7109161250230285f,0.6882470259473183f,-0.1446177529106052f,-11.521119013927802f,0f,0f,0f,1f],start_interpolation:0}
execute if entity @s[tag=aj.gravity_thrust.bone.left_arm2] run data modify entity @s {} merge value {transformation:[-0.5046870342009417f,0.8247652705920081f,0.2550553781725619f,-0.4002817361762844f,-0.2862063832971026f,0.11888571469767967f,-0.9507639523040479f,4.344893177619932f,-0.8144795293127075f,-0.5528367166407392f,0.1760530064055635f,-11.464125545883405f,0f,0f,0f,1f],start_interpolation:0}
execute if entity @s[tag=aj.gravity_thrust.bone.gravity_vortex] run data modify entity @s {} merge value {transformation:[-1.512020043288016f,0.4507750473379707f,1.3287300480150928f,-0.20470854428678392f,1.0184152706615095f,1.3711171259928696f,-0.399457732981919f,3.8245301591160783f,-5.804401850210625f,0.12314545595453713f,-0.4162152074089805f,-9.34749637855823f,0f,0f,0f,1f],start_interpolation:0}
execute if entity @s[tag=aj.gravity_thrust.bone.slash] run data modify entity @s {} merge value {transformation:[-0.03261664476461258f,-0.04759002318043891f,0.000027518301278494397f,-0.3582317271891126f,-0.09512664194163938f,0.04227907278249232f,-0.000008272860435903948f,3.853441649778319f,-0.01282904404484684f,-0.19250376950577336f,-0.000008619911539805307f,-9.756593143797422f,0f,0f,0f,1f],start_interpolation:0}
execute if entity @s[tag=aj.gravity_thrust.bone.enchantment] run data modify entity @s {} merge value {transformation:[0.8846200604431547f,0.6898478316531912f,2.5220969438032275f,-0.6460220830186315f,2.5799997624362296f,-0.6128622079616475f,-0.7582210766116579f,4.276255848608993f,0.3479459582762852f,2.790465293011414f,-0.7900288731625738f,-11.081129308847721f,0f,0f,0f,1f],start_interpolation:0}
execute if entity @s[tag=aj.gravity_thrust.locator_origin.gravity_thrust_locator1] at @s on origin run tp @s ^-0.35263 ^4.0156 ^-9.89434 ~72.60721 ~-16.00743
execute if entity @s[tag=aj.gravity_thrust.locator_origin.gravity_thrust_locator2] at @s on origin run tp @s ^0.02879 ^3.67676 ^-8.3515 ~72.60721 ~-16.00743
execute if entity @s[tag=aj.gravity_thrust.bone.greatsword] run data modify entity @s {} merge value {transformation:[0.971901246206511f,0.7090367996135387f,2.7709400592928386f,-0.6460220830186315f,2.834555869180863f,-0.6299097258823766f,-0.8330310855597726f,4.276255848608993f,0.3822761042654095f,2.868085525539705f,-0.8679772036609511f,-11.081129308847721f,0f,0f,0f,1f],start_interpolation:0}
execute if entity @s[tag=aj.gravity_thrust.bone.left_arm] run data modify entity @s {} merge value {transformation:[-0.5046870342009417f,0.8631560241075225f,-0.015895771650069668f,-0.24757860942452145f,-0.2862063832971026f,-0.18465948404222016f,-0.9402057121254119f,4.262952508697239f,-0.8144795293127075f,-0.4699601610776754f,0.34023601121926483f,-11.683425527316913f,0f,0f,0f,1f],start_interpolation:0}
execute if entity @s[tag=aj.gravity_thrust.bone.head] run data modify entity @s {} merge value {transformation:[0.9346239285744946f,0.2656861148398065f,-0.23640854577892667f,0.06468497188407006f,-0.284888560111683f,0.9572288876424181f,-0.05051103820305752f,4.143959377606901f,0.21287700780842836f,0.11455891516677347f,0.9703399582117301f,-11.452065627935777f,0f,0f,0f,1f],start_interpolation:0}
execute if entity @s[tag=aj.gravity_thrust.bone.body_top] run data modify entity @s {} merge value {transformation:[0.9346239285744946f,-0.12038413858119466f,-0.33464275177275454f,0.11208622645041547f,-0.284888560111683f,0.30980716776147427f,-0.90711522262671f,4.021972805300821f,0.21287700780842836f,0.9431474847454545f,0.2552571283330846f,-11.8234299500543f,0f,0f,0f,1f],start_interpolation:0}
execute if entity @s[tag=aj.gravity_thrust.bone.body] run data modify entity @s {} merge value {transformation:[0.9372998827222562f,-0.1134209514589041f,-0.3295521470404973f,0.16170789271368602f,-0.2823496695115819f,0.3072259670354247f,-0.9087853813227018f,3.8875614447228224f,0.20432227968468114f,0.944853371137186f,0.2559384947114244f,-12.236803299926818f,0f,0f,0f,1f],start_interpolation:0}
execute if entity @s[tag=aj.gravity_thrust.locator_origin.player_camera] at @s on origin run tp @s ^-0.35329 ^3.43299 ^-12.99768 ~-94.32942 ~-30.97601
execute if entity @s[tag=aj.gravity_thrust.bone.right_leg2] run data modify entity @s {} merge value {transformation:[0.9192216046573162f,-0.30865541681620606f,-0.24446569330121268f,0.31360034842244583f,-0.29369594684810096f,-0.12395809766176635f,-0.9478275585933728f,3.724723727345671f,0.2622486078823413f,0.9430621526146038f,-0.20459580633454827f,-12.408203361146034f,0f,0f,0f,1f],start_interpolation:0}
execute if entity @s[tag=aj.gravity_thrust.bone.right_leg] run data modify entity @s {} merge value {transformation:[0.8988703993399847f,-0.11191456386339696f,-0.4236828242750015f,0.27338105203403756f,-0.31798974090884463f,0.49866835631605827f,-0.806357485911656f,3.903932667896754f,0.3015203639343486f,0.8595376668909318f,0.41265054141318114f,-12.099307012107106f,0f,0f,0f,1f],start_interpolation:0}
execute if entity @s[tag=aj.gravity_thrust.bone.left_leg2] run data modify entity @s {} merge value {transformation:[0.9623325625814337f,0.12785970671573477f,-0.23993318735434857f,-0.055181541671006744f,-0.24309515132417833f,0.009492796736724096f,-0.9699559960187832f,3.7542372748905275f,-0.1217406522001809f,0.9917468337275805f,0.04021730216204267f,-12.372503001308427f,0f,0f,0f,1f],start_interpolation:0}
execute if entity @s[tag=aj.gravity_thrust.bone.left_leg] run data modify entity @s {} merge value {transformation:[0.943173891664326f,0.3095287161090048f,-0.1208924480134359f,0.056055340680666844f,-0.29505002423911775f,0.6127001393321359f,-0.7331739373838089f,3.974426387463014f,-0.1528675677809591f,0.7271798355058346f,0.6692092300278301f,-12.111172747923519f,0f,0f,0f,1f],start_interpolation:0}