execute if entity @s[tag=aj.gravity_thrust.bone.gravity_effect1] run data modify entity @s {} merge value {transformation:[-0.7530138013182235f,-0.18304432380420155f,-0.009486334768582558f,0.06492449832016217f,-0.17937893732109195f,0.7442001622231065f,-0.12088968273867642f,2.8851044918706625f,0.03766180916837075f,-0.11526445276044422f,-0.7654545669469879f,-16.33287278305986f,0f,0f,0f,1f],start_interpolation:0}
execute if entity @s[tag=aj.gravity_thrust.bone.gravity_effect2] run data modify entity @s {} merge value {transformation:[-0.745017028967914f,-0.18304432380420155f,-0.10986083046693704f,-0.5095042559873251f,-0.16164761767155236f,0.7442001622231065f,-0.14373992572773125f,3.2818819428185906f,0.13944416175994642f,-0.11526445276044422f,-0.7535877066943842f,-16.19940371160136f,0f,0f,0f,1f],start_interpolation:0}
execute if entity @s[tag=aj.gravity_thrust.bone.gravity_effect3] run data modify entity @s {} merge value {transformation:[-0.7218557727702513f,-0.18304432380420155f,-0.21457870081004327f,-0.03034513738013761f,-0.13958965656626704f,0.7442001622231065f,-0.16524480726126822f,3.374888815564662f,0.24507951994806723f,-0.11526445276044422f,-0.7261371322497289f,-15.937381041230438f,0f,0f,0f,1f],start_interpolation:0}
execute if entity @s[tag=aj.gravity_thrust.bone.gravity_effect4] run data modify entity @s {} merge value {transformation:[-0.12932545615994653f,-0.18304432380420155f,0.7418859089591097f,-0.24663991082316178f,-0.1479221109770475f,0.7442001622231065f,0.15782955246466396f,2.555658682482934f,-0.7496792483943489f,-0.11526445276044422f,-0.15912300417199124f,-16.401896909808716f,0f,0f,0f,1f],start_interpolation:0}
execute if entity @s[tag=aj.gravity_thrust.bone.gravity_effect5] run data modify entity @s {} merge value {transformation:[-0.25894382408902883f,-0.18304432380420155f,-0.7071547719482721f,-0.19570189536589738f,0.04918952965521259f,0.7442001622231065f,-0.2106454573908515f,2.2587054754985165f,0.7288027758855268f,-0.11526445276044422f,-0.2370350602577312f,-15.751209146744145f,0f,0f,0f,1f],start_interpolation:0}
execute if entity @s[tag=aj.gravity_thrust.bone.gravity_effect6] run data modify entity @s {} merge value {transformation:[-0.39503006045942296f,-0.18304432380420155f,0.64114820974287f,0.14320021932447816f,-0.19587638428109305f,0.7442001622231065f,0.09177995765997947f,2.6784251422911556f,-0.637345034823674f,-0.11526445276044422f,-0.4255941875959365f,-15.642121396257918f,0f,0f,0f,1f],start_interpolation:0}
execute if entity @s[tag=aj.gravity_thrust.bone.gravity_effect7] run data modify entity @s {} merge value {transformation:[0.48832283280491195f,-0.18304432380420155f,0.5732892694656413f,-0.04159043039975921f,0.026992927295230118f,0.7442001622231065f,0.2146217612991201f,2.494683023483156f,-0.6011964677519492f,-0.11526445276044422f,0.4752913980837596f,-16.03716857356762f,0f,0f,0f,1f],start_interpolation:0}
execute if entity @s[tag=aj.gravity_thrust.bone.gravity_effect8] run data modify entity @s {} merge value {transformation:[-0.7428974356484105f,-0.18304432380420155f,0.12338223385106364f,-0.2743859483631932f,-0.1978778073801306f,0.7442001622231065f,-0.08738130173860992f,3.447233562057132f,-0.09784055117101426f,-0.11526445276044422f,-0.7601094213837818f,-16.059777234153962f,0f,0f,0f,1f],start_interpolation:0}
execute if entity @s[tag=aj.gravity_thrust.bone.gravity_effect9] run data modify entity @s {} merge value {transformation:[-0.7218557727702513f,-0.18304432380420155f,-0.21457870081004327f,-0.5692930923508606f,-0.13958965656626704f,0.7442001622231065f,-0.16524480726126822f,2.993199901301332f,0.24507951994806723f,-0.11526445276044422f,-0.7261371322497289f,-15.643912098641138f,0f,0f,0f,1f],start_interpolation:0}
execute if entity @s[tag=aj.gravity_thrust.bone.right_arm2] run data modify entity @s {} merge value {transformation:[-0.4325124131965796f,-0.348291171844357f,-0.8316407109119636f,0.5348763179123774f,0.12229599847157294f,0.8911904471261496f,-0.43683323558188064f,4.012811027254185f,0.893295416527317f,-0.2906421279965762f,-0.3428563142847299f,-16.266096128394608f,0f,0f,0f,1f],start_interpolation:0}
execute if entity @s[tag=aj.gravity_thrust.bone.right_arm] run data modify entity @s {} merge value {transformation:[-0.4325124131965796f,-0.6114932732770663f,-0.6625775344574933f,0.42022132917292754f,0.12229599847157294f,0.6882889638400865f,-0.7150538378428446f,4.141865207974201f,0.893295416527317f,-0.39030024211219627f,-0.22291034031298007f,-16.339277423790644f,0f,0f,0f,1f],start_interpolation:0}
execute if entity @s[tag=aj.gravity_thrust.bone.left_arm2] run data modify entity @s {} merge value {transformation:[0.04168828000835395f,0.9064004230538892f,0.4203574198199391f,-0.4591133914066455f,-0.9976428011621232f,0.014810848592669184f,0.06700358239197356f,4.347910253803511f,0.05450622532645255f,-0.4221598179027659f,0.9048812958333075f,-16.555467271874328f,0f,0f,0f,1f],start_interpolation:0}
execute if entity @s[tag=aj.gravity_thrust.bone.gravity_vortex] run data modify entity @s {} merge value {transformation:[-3.4776421568781353f,-1.2505245562225065f,-0.018460918794491063f,0.3777340893462099f,-4.288815542753442f,0.6632016412455712f,0.8758860563677056f,5.849123677437033f,-3.0327727961189153f,0.4960897202396699f,-1.2174711101014597f,-15.482956969717227f,0f,0f,0f,1f],start_interpolation:0}
execute if entity @s[tag=aj.gravity_thrust.bone.slash] run data modify entity @s {} merge value {transformation:[0.10769674571672527f,-0.1565485085508358f,-3.6923863589727795e-7f,0.2628469159618537f,-0.06277004104074463f,-0.17598498286370012f,0.0000175186823719287f,5.603451621178261f,-0.04679173420187091f,-0.12423519709150543f,-0.000024350758320455562f,-15.619459081656847f,0f,0f,0f,1f],start_interpolation:0}
execute if entity @s[tag=aj.gravity_thrust.bone.enchantment] run data modify entity @s {} merge value {transformation:[-2.278382862928198f,1.7248391367860354f,-0.03466901593980567f,-0.7563353932599607f,1.327934143792073f,1.9389886798657026f,1.644886042114387f,4.641866026564609f,0.9899044267562997f,1.3688136162611249f,-2.286371864381738f,-16.29579905034013f,0f,0f,0f,1f],start_interpolation:0}
execute if entity @s[tag=aj.gravity_thrust.locator_origin.gravity_thrust_locator1] at @s on origin run tp @s ^-0.02149 ^5.46795 ^-15.71263 ~-0.86873 ~35.72928
execute if entity @s[tag=aj.gravity_thrust.locator_origin.gravity_thrust_locator2] at @s on origin run tp @s ^0.93381 ^6.54186 ^-14.95451 ~-0.86873 ~35.72928
execute if entity @s[tag=aj.gravity_thrust.bone.greatsword] run data modify entity @s {} merge value {transformation:[-2.4434183930636886f,1.7758823753408737f,-0.03718027930910091f,-0.7563353932599607f,1.4241235590881844f,1.9963692550339673f,1.764033988840043f,4.641866026564609f,1.061608530799301f,1.4093209763168093f,-2.4519860808792058f,-16.29579905034013f,0f,0f,0f,1f],start_interpolation:0}
execute if entity @s[tag=aj.gravity_thrust.bone.left_arm] run data modify entity @s {} merge value {transformation:[0.04168828000835395f,0.9776170528479777f,0.20622071983867202f,-0.2094980931936068f,-0.9976428011621232f,0.029470008672135214f,0.06197063722649006f,4.23057240582628f,0.05450622532645255f,-0.20831806587451618f,0.9765411690404879f,-16.60073351017715f,0f,0f,0f,1f],start_interpolation:0}
execute if entity @s[tag=aj.gravity_thrust.bone.head] run data modify entity @s {} merge value {transformation:[0.9764899499203031f,0.15839701891648697f,-0.14621136105998855f,0.14212485751176368f,0.016373952624066504f,0.6218143666232521f,0.7829934783485677f,4.332697122084981f,0.21494015767210417f,-0.7669793203596129f,0.6046018944401327f,-16.424304614113247f,0f,0f,0f,1f],start_interpolation:0}
execute if entity @s[tag=aj.gravity_thrust.bone.body_top] run data modify entity @s {} merge value {transformation:[0.9213269278551985f,0.19007192329761033f,-0.3391597794297687f,0.0672840377133296f,-0.13199011804450034f,0.9734539285702957f,0.18699213269455164f,3.9493996377104272f,0.3656983740017184f,-0.12751514782568088f,0.9219569330112412f,-16.374095524656884f,0f,0f,0f,1f],start_interpolation:0}
execute if entity @s[tag=aj.gravity_thrust.bone.body] run data modify entity @s {} merge value {transformation:[0.9631418745860938f,0.17233603185046464f,-0.20653818422950548f,-0.008112976221248694f,-0.0666734797616215f,0.896802483891938f,0.4373784996793134f,3.5570485510077043f,0.2606000316869935f,-0.407486928638559f,0.8752382684009264f,-16.195819993377516f,0f,0f,0f,1f],start_interpolation:0}
execute if entity @s[tag=aj.gravity_thrust.locator_origin.player_camera] at @s on origin run tp @s ^-0.24855 ^2.74931 ^-15.9605 ~-122.90491 ~22.20418
execute if entity @s[tag=aj.gravity_thrust.bone.right_leg2] run data modify entity @s {} merge value {transformation:[0.9963705643566502f,-0.06571761846537655f,-0.054100768080032904f,0.21259581702743957f,0.0523844170869729f,0.9743585048569778f,-0.21881813649543091f,3.334520570025728f,0.06709375030558631f,0.215189912951593f,0.9742647125057016f,-16.07267021630349f,0f,0f,0f,1f],start_interpolation:0}
execute if entity @s[tag=aj.gravity_thrust.bone.right_leg] run data modify entity @s {} merge value {transformation:[0.9566372051488106f,-0.202604486180947f,-0.20927656319910015f,0.13978482980616175f,0.2714905597592113f,0.8805032037937022f,0.3885961709418355f,3.6509514088890898f,0.10553735683018878f,-0.42856216618873455f,0.8973273293647737f,-16.226684744777565f,0f,0f,0f,1f],start_interpolation:0}
execute if entity @s[tag=aj.gravity_thrust.bone.left_leg2] run data modify entity @s {} merge value {transformation:[0.8373677882242129f,-0.0024826841268896227f,-0.5466342685233119f,-0.21587961386571136f,-0.4019496940255662f,0.6749276746242763f,-0.6187964750214893f,3.3800925519543354f,0.370474871910692f,0.7378797126265181f,0.5641647799862759f,-16.377631248971177f,0f,0f,0f,1f],start_interpolation:0}
execute if entity @s[tag=aj.gravity_thrust.bone.left_leg] run data modify entity @s {} merge value {transformation:[0.8063867165308574f,0.39814249334980467f,-0.43729054230772413f,-0.0727971553181253f,-0.45721337390253153f,0.8887077080881343f,-0.033978527181137586f,3.6994718845485086f,0.3750951800906624f,0.22733491719033427f,0.8986781633592847f,-16.2959327631059f,0f,0f,0f,1f],start_interpolation:0}