execute if entity @s[tag=aj.gravity_thrust.bone.gravity_effect1] run data modify entity @s {} merge value {transformation:[0.000006353616422243039f,4.468193373300788e-7f,0.00000770920948209293f,0.18750427035240497f,0.00000756783976993214f,0.0000016254911669537187f,-0.000006331317373405706f,1.5625068101586845f,-0.0000015360206950549468f,0.000009856882415142395f,6.946290221546859e-7f,-3.9374804872815683f,0f,0f,0f,1f],start_interpolation:0}
execute if entity @s[tag=aj.gravity_thrust.bone.gravity_effect2] run data modify entity @s {} merge value {transformation:[0.000009989622997516169f,4.468193373300788e-7f,8.82317815985491e-8f,0.18749813047697877f,1.4443144685317667e-8f,0.0000016254911669537187f,-0.000009866993962789632f,1.562504916598792f,-4.552183685526583e-7f,0.000009856882415142395f,0.0000016231590467323011f,-3.9374787553566826f,0f,0f,0f,1f],start_interpolation:0}
execute if entity @s[tag=aj.gravity_thrust.bone.gravity_effect3] run data modify entity @s {} merge value {transformation:[0.00000538511124995218f,4.468193373300788e-7f,0.000008414328808967857f,0.18750419587779452f,0.000008271306314456683f,0.0000016254911669537187f,-0.000005379895009996427f,1.5625014593360984f,-0.0000016081258278093462f,0.000009856882415142395f,5.057671163580741e-7f,-3.9374760189832068f,0f,0f,0f,1f],start_interpolation:0}
execute if entity @s[tag=aj.gravity_thrust.bone.gravity_effect4] run data modify entity @s {} merge value {transformation:[8.034798817262134e-7f,4.468193373300788e-7f,-0.000009957648947389601f,0.187499291562626f,-0.00000984061971530392f,0.0000016254911669537187f,-7.210978331178505e-7f,1.5625078585049197f,0.0000015863869951663923f,0.000009856882415142395f,5.703028630680385e-7f,-3.93748515832826f,0f,0f,0f,1f],start_interpolation:0}
execute if entity @s[tag=aj.gravity_thrust.bone.gravity_effect5] run data modify entity @s {} merge value {transformation:[-0.000009822536889536081f,4.468193373300788e-7f,-0.0000018215711716786722f,0.18749819977580404f,-0.0000017276092415530017f,0.0000016254911669537187f,0.000009714584127725495f,1.562499887868444f,7.301611891928827e-7f,0.000009856882415142395f,-0.000001519451773454193f,-3.937486362407689f,0f,0f,0f,1f],start_interpolation:0}
execute if entity @s[tag=aj.gravity_thrust.bone.gravity_effect6] run data modify entity @s {} merge value {transformation:[0.0000055328960174944795f,4.468193373300788e-7f,-0.000008317897218611307f,0.187503703296687f,-0.00000825552089806225f,0.0000016254911669537187f,-0.000005404086709871792f,1.562498007561293f,0.0000011106018013902387f,0.000009856882415142395f,0.0000012682399981097478f,-3.9374823071352987f,0f,0f,0f,1f],start_interpolation:0}
execute if entity @s[tag=aj.gravity_thrust.bone.gravity_effect7] run data modify entity @s {} merge value {transformation:[-0.000008489024807236812f,4.468193373300788e-7f,0.000005266574816890573f,0.18750130338751184f,0.000005263364909978849f,0.0000016254911669537187f,0.000008345943223540333f,1.5625034341332642f,-4.831642024419775e-7f,0.000009856882415142395f,-0.0000016150608061417577f,-3.9374834419788027f,0f,0f,0f,1f],start_interpolation:0}
execute if entity @s[tag=aj.gravity_thrust.bone.gravity_effect8] run data modify entity @s {} merge value {transformation:[0.0000022280304051201594f,4.468193373300788e-7f,0.00000973838965094579f,0.18750144509128466f,0.000009602004128781053f,0.0000016254911669537187f,-0.0000022714081925156246f,1.5625028431022259f,-0.000001684457546135184f,0.000009856882415142395f,-6.687173786354947e-8f,-3.9374772638184896f,0f,0f,0f,1f],start_interpolation:0}
execute if entity @s[tag=aj.gravity_thrust.bone.gravity_effect9] run data modify entity @s {} merge value {transformation:[0.00000538511124995218f,4.468193373300788e-7f,0.000008414328808967857f,0.18749584699589236f,0.000008271306314456683f,0.0000016254911669537187f,-0.000005379895009996427f,1.5624984193261084f,-0.0000016081258278093462f,0.000009856882415142395f,5.057671163580741e-7f,-3.9374788168301906f,0f,0f,0f,1f],start_interpolation:0}
execute if entity @s[tag=aj.gravity_thrust.bone.right_arm2] run data modify entity @s {} merge value {transformation:[0.7742700646833502f,-0.6070760897096521f,0.1787861522548082f,0.417843192780743f,0.6275748562394451f,0.7001146741179309f,-0.34057193498698995f,1.0786430858527598f,0.08158226983407785f,0.3758963479306252f,0.9230635237409929f,2.327944299678241f,0f,0f,0f,1f],start_interpolation:0}
execute if entity @s[tag=aj.gravity_thrust.bone.right_arm] run data modify entity @s {} merge value {transformation:[0.7742700646833502f,-0.5785461939300464f,0.25649594231546463f,0.30936578141885934f,0.6275748562394451f,0.6496715381757557f,-0.42904159740098247f,1.200456499260714f,0.08158226983407785f,0.4931644694961353f,0.8661022683698014f,2.4204126377087665f,0f,0f,0f,1f],start_interpolation:0}
execute if entity @s[tag=aj.gravity_thrust.bone.left_arm2] run data modify entity @s {} merge value {transformation:[0.08668421693384165f,-0.3309754917018902f,0.9396494401782289f,-0.34664732899399275f,-0.9271201521737038f,0.31839038984178647f,0.19767595475879998f,1.232871503042532f,-0.36460124789689713f,-0.8883033173128916f,-0.2792546266097271f,3.0100431818145905f,0f,0f,0f,1f],start_interpolation:0}
execute if entity @s[tag=aj.gravity_thrust.bone.gravity_vortex] run data modify entity @s {} merge value {transformation:[8.738484828070856e-7f,-0.000013214974773429083f,-0.0000015422737579646998f,-0.3077925384184494f,0.000004414676546105955f,-0.0000011700300598772514f,0.000012526748917018466f,0.47012396215197727f,-0.000012550888319164328f,-0.000001331634024195252f,0.00000429880576477326f,5.096924689486547f,0f,0f,0f,1f],start_interpolation:0}
execute if entity @s[tag=aj.gravity_thrust.bone.slash] run data modify entity @s {} merge value {transformation:[-5.064496521275956f,-0.100098338292589f,-0.000003470115955420575f,0.11106123490740527f,-0.520766840854665f,-1.4713105807694542f,0.00002818518506329155f,0.6559434351493785f,-0.2994609881937787f,4.251496853766555f,0.000009672312970739836f,4.608790663295316f,0f,0f,0f,1f],start_interpolation:0}
execute if entity @s[tag=aj.gravity_thrust.bone.enchantment] run data modify entity @s {} merge value {transformation:[-2.6155772519463096f,-0.06069056873960221f,-0.3046661348867187f,-0.32523022904119836f,-0.26895188826474603f,-0.892069513466676f,2.4745776523364524f,1.037211088530543f,-0.1546576930746264f,2.5777227319749136f,0.8492010774472316f,3.3412467597279467f,0f,0f,0f,1f],start_interpolation:0}
execute if entity @s[tag=aj.gravity_thrust.locator_origin.gravity_thrust_locator1] at @s on origin run tp @s ^-0.35304 ^0.62851 ^4.52222 ~-160.26364 ~69.96879
execute if entity @s[tag=aj.gravity_thrust.locator_origin.gravity_thrust_locator2] at @s on origin run tp @s ^-0.38918 ^0.09721 ^6.05748 ~-160.26364 ~69.96879
execute if entity @s[tag=aj.gravity_thrust.bone.greatsword] run data modify entity @s {} merge value {transformation:[-2.999803903533553f,-0.06719564376122873f,-0.3494213982888773f,-0.32523022904119836f,-0.3084607513232289f,-0.9876853435720873f,2.8380915515119964f,1.037211088530543f,-0.17737681081739343f,2.854014091648845f,0.9739481810814418f,3.3412467597279467f,0f,0f,0f,1f],start_interpolation:0}
execute if entity @s[tag=aj.gravity_thrust.bone.left_arm] run data modify entity @s {} merge value {transformation:[0.08668421693384165f,0.12212217274984905f,0.9887224188099627f,-0.30528125868980027f,-0.9271201521737038f,0.3731075693721174f,0.035198936214586474f,1.2102583763638484f,-0.36460124789689713f,-0.919715671607311f,0.1455644648667344f,2.7345391079256505f,0f,0f,0f,1f],start_interpolation:0}
execute if entity @s[tag=aj.gravity_thrust.bone.head] run data modify entity @s {} merge value {transformation:[0.9928890616196426f,0.11616220749287795f,0.026031766487266017f,0.06142307772762606f,-0.10862107636362936f,0.9735144997652784f,-0.20117400556822973f,1.3383622113310971f,-0.0487111187068473f,0.19691587111541076f,0.9792095621557149f,2.61490362147059f,0f,0f,0f,1f],start_interpolation:0}
execute if entity @s[tag=aj.gravity_thrust.bone.body_top] run data modify entity @s {} merge value {transformation:[0.8468512672586704f,0.11616220749287795f,0.518988701893178f,0.015684208527305364f,0.006518391266802381f,0.9735144997652784f,-0.22853233758497374f,0.9550408770485188f,-0.5317898473247465f,0.19691587111541076f,0.8236647971020628f,2.537367997218897f,0f,0f,0f,1f],start_interpolation:0}
execute if entity @s[tag=aj.gravity_thrust.bone.body] run data modify entity @s {} merge value {transformation:[0.7983958967242204f,0.11616220749287795f,0.5908217443902264f,-0.03513675725082874f,0.026411492444153015f,0.9735144997652784f,-0.22709458781228578f,0.5291282834012095f,-0.6015533435704608f,0.19691587111541076f,0.7741819647486362f,2.4512173036059046f,0f,0f,0f,1f],start_interpolation:0}
execute if entity @s[tag=aj.gravity_thrust.locator_origin.player_camera] at @s on origin run tp @s ^-0.30583 ^-0.35143 ^2.90079 ~-176.46035 ~-11.00774
execute if entity @s[tag=aj.gravity_thrust.bone.right_leg2] run data modify entity @s {} merge value {transformation:[0.8187293385823706f,0.401329429667679f,0.41062995388438234f,0.05470583108612882f,0.10108470136676291f,0.603242583003373f,-0.7911259502765734f,0.3109150327114058f,-0.5652116004595683f,0.6892264322659387f,0.45332413543942174f,2.284126800409128f,0f,0f,0f,1f],start_interpolation:0}
execute if entity @s[tag=aj.gravity_thrust.bone.right_leg] run data modify entity @s {} merge value {transformation:[0.844618897403231f,0.04710245969001013f,0.5332919242220922f,0.07163327753722622f,0.11247668138186781f,0.9582780990359768f,-0.26277762662242854f,0.65529622455246f,-0.523419443940204f,0.2819298551043249f,0.8040818630625755f,2.3854453420872446f,0f,0f,0f,1f],start_interpolation:0}
execute if entity @s[tag=aj.gravity_thrust.bone.left_leg2] run data modify entity @s {} merge value {transformation:[0.9642676665250595f,0.2579467664884685f,-0.06042626045405167f,-0.20795306852851364f,-0.26406934843743285f,0.9541703534267008f,-0.14080595107236965f,0.3929862082303432f,0.021336506512245192f,0.1517313491000074f,0.9881914547243085f,2.7165999612436904f,0f,0f,0f,1f],start_interpolation:0}
execute if entity @s[tag=aj.gravity_thrust.bone.left_leg] run data modify entity @s {} merge value {transformation:[0.9503529834374498f,0.2946053888123215f,0.10018418914319606f,-0.1020792569240856f,-0.30336652138684583f,0.8055090164362365f,0.5090422164630075f,0.6824660110121157f,0.0692673124437726f,-0.5141623180695646f,0.8548913089417561f,2.5318228781874406f,0f,0f,0f,1f],start_interpolation:0}