execute if entity @s[tag=aj.gravity_thrust.bone.gravity_effect1] run data modify entity @s {} merge value {transformation:[-0.7079961933787322f,-0.0479337452823074f,-0.3115585759121967f,0.35567541328326185f,-0.0486014634962048f,0.7734273118581956f,-0.008549328501850462f,3.0480114246735197f,0.31145511379210367f,0.011728142863060332f,-0.7095654746094484f,-16.659456846324108f,0f,0f,0f,1f],start_interpolation:0}
execute if entity @s[tag=aj.gravity_thrust.bone.gravity_effect2] run data modify entity @s {} merge value {transformation:[-0.456806767094781f,-0.0479337452823074f,0.6242234644737618f,-0.1553313163725381f,-0.018821734374677112f,0.7734273118581956f,0.04561727290111256f,3.47910238662016f,-0.6257781714406023f,0.011728142863060332f,-0.45704390468907913f,-16.495173598801593f,0f,0f,0f,1f],start_interpolation:0}
execute if entity @s[tag=aj.gravity_thrust.bone.gravity_effect3] run data modify entity @s {} merge value {transformation:[-0.495745769945763f,-0.0479337452823074f,-0.593770568186142f,0.30723515911132615f,-0.03973724520466467f,0.7734273118581956f,-0.029259948997731256f,3.392189453519398f,0.5943753720709055f,0.011728142863060332f,-0.4971975138117211f,-16.189088616792485f,0f,0f,0f,1f],start_interpolation:0}
execute if entity @s[tag=aj.gravity_thrust.bone.gravity_effect4] run data modify entity @s {} merge value {transformation:[0.6801225607938067f,-0.0479337452823074f,0.36845713232679594f,0.006137587491940821f,0.04773872843929335f,0.7734273118581956f,0.012498283034276522f,2.749547665615702f,-0.3684824502011928f,0.011728142863060332f,0.6816950451328727f,-16.80988506402511f,0f,0f,0f,1f],start_interpolation:0}
execute if entity @s[tag=aj.gravity_thrust.bone.gravity_effect5] run data modify entity @s {} merge value {transformation:[0.054361799337425146f,-0.0479337452823074f,-0.7716036228764147f,-0.056777844316333204f,-0.008353245905736686f,0.7734273118581956f,-0.04863554826095592f,2.350888738517665f,0.7730459352817501f,0.011728142863060332f,0.053734836087475264f,-16.22305872191427f,0f,0f,0f,1f],start_interpolation:0}
execute if entity @s[tag=aj.gravity_thrust.bone.gravity_effect6] run data modify entity @s {} merge value {transformation:[-0.5743525565326899f,-0.0479337452823074f,0.5181182267278138f,0.33169232435998186f,-0.027716915159656984f,0.7734273118581956f,0.04082849355337344f,2.701857070702017f,-0.5195920644297752f,0.011728142863060332f,-0.5749013282699807f,-16.01518596363753f,0f,0f,0f,1f],start_interpolation:0}
execute if entity @s[tag=aj.gravity_thrust.bone.gravity_effect7] run data modify entity @s {} merge value {transformation:[0.7726313653410654f,-0.0479337452823074f,-0.0369882326478638f,0.16053291948018275f,0.04731151210368528f,0.7734273118581956f,-0.014029044666987168f,2.6083867518438346f,0.03778086967850877f,0.011728142863060332f,0.7739897005460211f,-16.449265202515807f,0f,0f,0f,1f],start_interpolation:0}
execute if entity @s[tag=aj.gravity_thrust.bone.gravity_effect8] run data modify entity @s {} merge value {transformation:[-0.5806800856000501f,-0.0479337452823074f,0.511016628154828f,0.08813173554911172f,-0.02821686023550716f,0.7734273118581956f,0.04048459052843854f,3.5794660636364912f,-0.5124836065533889f,0.011728142863060332f,-0.5812469386405534f,-16.311626055078424f,0f,0f,0f,1f],start_interpolation:0}
execute if entity @s[tag=aj.gravity_thrust.bone.gravity_effect9] run data modify entity @s {} merge value {transformation:[-0.495745769945763f,-0.0479337452823074f,-0.593770568186142f,-0.3159086954722371f,-0.03973724520466467f,0.7734273118581956f,-0.029259948997731256f,3.1193039432395837f,0.5943753720709055f,0.011728142863060332f,-0.4971975138117211f,-16.00780162525847f,0f,0f,0f,1f],start_interpolation:0}
execute if entity @s[tag=aj.gravity_thrust.bone.right_arm2] run data modify entity @s {} merge value {transformation:[-0.31222017434448074f,-0.43886561843264627f,-0.842564853106295f,0.5416174344515828f,-0.01559487123027891f,0.8891494005590702f,-0.45735122551137497f,4.2335771578862715f,0.9498817624965821f,-0.12965458897847207f,-0.2844544336676973f,-16.384965913179506f,0f,0f,0f,1f],start_interpolation:0}
execute if entity @s[tag=aj.gravity_thrust.bone.right_arm] run data modify entity @s {} merge value {transformation:[-0.31222017434448074f,-0.5855844162346918f,-0.7480704874511337f,0.4318203564075781f,-0.01559487123027891f,0.790487611713499f,-0.6122794588411398f,4.381793585082552f,0.9498817624965821f,-0.17949993646395274f,-0.25593829351197894f,-16.418622151266497f,0f,0f,0f,1f],start_interpolation:0}
execute if entity @s[tag=aj.gravity_thrust.bone.left_arm2] run data modify entity @s {} merge value {transformation:[0.6317883382646734f,0.5725344995688085f,0.5225397041720913f,-0.47318186092827563f,-0.7058581550921025f,0.7035204706078109f,0.0826027380038791f,4.376758550594366f,-0.3203244613243517f,-0.42102635812886835f,0.8486041746527092f,-16.515408142681345f,0f,0f,0f,1f],start_interpolation:0}
execute if entity @s[tag=aj.gravity_thrust.bone.gravity_vortex] run data modify entity @s {} merge value {transformation:[1.395115529055563f,-1.188657705896426f,0.8511956496172595f,-1.090831028181496f,-1.5183431371719645f,0.7790029764500825f,1.2289194494738098f,4.7196891023937315f,-5.9497139811425495f,-0.4775202062421816f,-0.11402315226417786f,-14.271981971286355f,0f,0f,0f,1f],start_interpolation:0}
execute if entity @s[tag=aj.gravity_thrust.bone.slash] run data modify entity @s {} merge value {transformation:[0.10674485181664214f,0.049731750654849693f,0.000017032324016550897f,-0.9928640645619897f,-0.070513784069989f,-0.05811153484623928f,0.00002459053246229709f,4.587630468881571f,0.036878411991419696f,-0.25506175744622617f,-0.0000022815897562743103f,-14.553052240496138f,0f,0f,0f,1f],start_interpolation:0}
execute if entity @s[tag=aj.gravity_thrust.bone.enchantment] run data modify entity @s {} merge value {transformation:[-2.254195970990481f,-0.5497118798324819f,1.5962871591652554f,-0.8143380462810017f,1.489082473250297f,0.6423381570051733f,2.3046503324183583f,4.3248093973820945f,-0.7787838599502809f,2.8193352599275245f,-0.21383296999778414f,-16.05297004663377f,0f,0f,0f,1f],start_interpolation:0}
execute if entity @s[tag=aj.gravity_thrust.locator_origin.gravity_thrust_locator1] at @s on origin run tp @s ^-1.04779 ^4.5976 ^-14.85565 ~82.37028 ~55.05321
execute if entity @s[tag=aj.gravity_thrust.locator_origin.gravity_thrust_locator2] at @s on origin run tp @s ^-1.35128 ^4.95223 ^-13.29912 ~82.37028 ~55.05321
execute if entity @s[tag=aj.gravity_thrust.bone.greatsword] run data modify entity @s {} merge value {transformation:[-2.421921539308422f,-0.5641789559340505f,1.7150604044443611f,-0.8143380462810017f,1.5998790531893738f,0.6592429308353605f,2.476130004884082f,4.3248093973820945f,-0.8367300044683221f,2.893533288490482f,-0.22974341295817707f,-16.05297004663377f,0f,0f,0f,1f],start_interpolation:0}
execute if entity @s[tag=aj.gravity_thrust.bone.left_arm] run data modify entity @s {} merge value {transformation:[0.6317883382646734f,0.6790577788654922f,0.3737967744577619f,-0.22444387392881843f,-0.7058581550921025f,0.7032847551505548f,-0.08458615763112386f,4.464347469995492f,-0.3203244613243517f,-0.2104069536281731f,0.923645577774384f,-16.60805043875393f,0f,0f,0f,1f],start_interpolation:0}
execute if entity @s[tag=aj.gravity_thrust.bone.head] run data modify entity @s {} merge value {transformation:[0.994155780411967f,0.04010265618670993f,-0.10023004160551552f,0.1409319457303455f,-0.012336036852825865f,0.964561638307792f,0.26356909549443314f,4.5640368884562275f,0.10724787395672952f,-0.26079229833673856f,0.9594192361319441f,-16.46054503968205f,0f,0f,0f,1f],start_interpolation:0}
execute if entity @s[tag=aj.gravity_thrust.bone.body_top] run data modify entity @s {} merge value {transformation:[0.9637117144915608f,0.12926267478487377f,-0.23356132440795135f,0.09003476753380146f,-0.12187403843963669f,0.9914856357575416f,0.045857963767239066f,4.173639419376696f,0.23750042127573218f,-0.01572879505631071f,0.9712600861251977f,-16.454351826628628f,0f,0f,0f,1f],start_interpolation:0}
execute if entity @s[tag=aj.gravity_thrust.bone.body] run data modify entity @s {} merge value {transformation:[0.9549104447630916f,0.041644061369434014f,-0.2939588655492691f,0.07181549068467408f,-0.0041398075878766455f,0.9918852729526734f,0.12706875026038433f,3.739689612459901f,0.29686512842617574f,-0.12012234368450937f,0.9473340055504451f,-16.401798301266655f,0f,0f,0f,1f],start_interpolation:0}
execute if entity @s[tag=aj.gravity_thrust.locator_origin.player_camera] at @s on origin run tp @s ^-0.04651 ^2.87305 ^-16.42536 ~-122.5186 ~5.73925
execute if entity @s[tag=aj.gravity_thrust.bone.right_leg2] run data modify entity @s {} merge value {transformation:[0.9653311245807876f,-0.16328841952947487f,-0.20364850100886564f,0.28212193191906526f,0.14651014745572832f,0.9846358261564141f,-0.0950108759131108f,3.5516705879084824f,0.2160337858023427f,0.06188038378066185f,0.9744230197891801f,-16.22373062596665f,0f,0f,0f,1f],start_interpolation:0}
execute if entity @s[tag=aj.gravity_thrust.bone.right_leg] run data modify entity @s {} merge value {transformation:[0.8991879546336725f,-0.21705067677733142f,-0.3799342389838204f,0.2041193449522118f,0.3637690003264845f,0.8533660274633529f,0.3734146991923136f,3.858349004028125f,0.24317305904063963f,-0.4739782979018326f,0.8462927605001114f,-16.39406657677512f,0f,0f,0f,1f],start_interpolation:0}
execute if entity @s[tag=aj.gravity_thrust.bone.left_leg2] run data modify entity @s {} merge value {transformation:[0.8840718668645707f,0.006475716589127711f,-0.4673061087908543f,-0.13992211623765555f,-0.3727519604435411f,0.6129194611166369f,-0.6966962825866003f,3.5738412418688568f,0.28190940070187337f,0.790118851362976f,0.544278688280886f,-16.55983668525428f,0f,0f,0f,1f],start_interpolation:0}
execute if entity @s[tag=aj.gravity_thrust.bone.left_leg] run data modify entity @s {} merge value {transformation:[0.8569566630467408f,0.3571150268096807f,-0.37161019265692313f,-0.011583903477926538f,-0.43016412666998083f,0.8927398745778161f,-0.134068417104991f,3.8946696342952594f,0.28387339041559945f,0.2747441973281804f,0.9186574575152844f,-16.461100489339465f,0f,0f,0f,1f],start_interpolation:0}