execute if entity @s[tag=aj.gravity_thrust.bone.gravity_effect1] run data modify entity @s {} merge value {transformation:[0.4223880843325225f,0.026558525504216956f,0.6492364368525103f,-0.06662298471847095f,0.625813767996707f,0.19173680691505787f,-0.4149929212164727f,2.2604551459387254f,-0.17484402763510595f,0.7504376333827212f,0.08305374406536174f,-5.74279940434808f,0f,0f,0f,1f],start_interpolation:0}
execute if entity @s[tag=aj.gravity_thrust.bone.gravity_effect2] run data modify entity @s {} merge value {transformation:[0.7669169563279528f,0.026558525504216956f,-0.10843443558072541f,0.4468118839812857f,-0.11163098925941084f,0.19173680691505787f,-0.7425634781693634f,2.423804590097377f,0.0013799759540950966f,0.7504376333827212f,0.19356253271050783f,-5.436466964960067f,0f,0f,0f,1f],start_interpolation:0}
execute if entity @s[tag=aj.gravity_thrust.bone.gravity_effect3] run data modify entity @s {} merge value {transformation:[0.3289789551680737f,0.026558525504216956f,-0.7012078805743446f,0.04255104232583484f,-0.6825749948758255f,0.19173680691505787f,-0.3129750361359263f,2.789257712416631f,0.16275510261367843f,0.7504376333827212f,0.10478136750468234f,-5.513746620848568f,0f,0f,0f,1f],start_interpolation:0}
execute if entity @s[tag=aj.gravity_thrust.bone.gravity_effect4] run data modify entity @s {} merge value {transformation:[0.770132007430763f,0.026558525504216956f,0.08256110375779172f,0.268109990829464f,0.07350141230817567f,0.19173680691505787f,-0.7473015049246998f,2.0198074217501683f,-0.046035133532624714f,0.7504376333827212f,0.18801362951545217f,-5.87652349553498f,0f,0f,0f,1f],start_interpolation:0}
execute if entity @s[tag=aj.gravity_thrust.bone.gravity_effect5] run data modify entity @s {} merge value {transformation:[-0.7682091389009037f,0.026558525504216956f,0.09886538136361797f,0.43101276938311295f,0.10236528476626512f,0.19173680691505787f,0.7438974024344615f,2.479307207255072f,0.0010331427070668989f,0.7504376333827212f,-0.1935646946606925f,-6.391591075210868f,0f,0f,0f,1f],start_interpolation:0}
execute if entity @s[tag=aj.gravity_thrust.bone.gravity_effect6] run data modify entity @s {} merge value {transformation:[-0.7394670769201593f,0.026558525504216956f,-0.23045191879044252f,0.0637966912568893f,-0.21713373025186328f,0.19173680691505787f,0.7188288670197717f,2.7846936361078263f,0.08164793529579313f,0.7504376333827212f,-0.17550490894808118f,-6.256529686596628f,0f,0f,0f,1f],start_interpolation:0}
execute if entity @s[tag=aj.gravity_thrust.bone.gravity_effect7] run data modify entity @s {} merge value {transformation:[0.7577529658157237f,0.026558525504216956f,0.16040600836787966f,0.1815809914070822f,0.14907285037379364f,0.19173680691505787f,-0.7359614678469587f,2.4059035914033293f,-0.06490553195920222f,0.7504376333827212f,0.18236126322230078f,-5.903083641454761f,0f,0f,0f,1f],start_interpolation:0}
execute if entity @s[tag=aj.gravity_thrust.bone.gravity_effect8] run data modify entity @s {} merge value {transformation:[-0.6125468883865621f,0.026558525504216956f,0.4740315962580788f,0.2304932394247054f,0.46474704253494825f,0.19173680691505787f,0.589806903426059f,2.653724311104248f,-0.09706439091118407f,0.7504376333827212f,-0.16747197502860334f,-5.41641932553829f,0f,0f,0f,1f],start_interpolation:0}
execute if entity @s[tag=aj.gravity_thrust.bone.gravity_effect9] run data modify entity @s {} merge value {transformation:[0.3289789551680737f,0.026558525504216956f,-0.7012078805743446f,0.6972260899218456f,-0.6825749948758255f,0.19173680691505787f,-0.3129750361359263f,2.835681272162752f,0.16275510261367843f,0.7504376333827212f,0.10478136750468234f,-5.680087356666574f,0f,0f,0f,1f],start_interpolation:0}
execute if entity @s[tag=aj.gravity_thrust.bone.right_arm2] run data modify entity @s {} merge value {transformation:[0.4637445525615614f,-0.6299487131050728f,-0.6229812267048984f,0.5089929620676231f,-0.39336659165464644f,0.4836538065605126f,-0.781883443979685f,2.704881530610219f,0.7938537110447265f,0.6076541896973879f,-0.023508960073272328f,-4.450150596343385f,0f,0f,0f,1f],start_interpolation:0}
execute if entity @s[tag=aj.gravity_thrust.bone.right_arm] run data modify entity @s {} merge value {transformation:[0.4637445525615614f,-0.7058747818834363f,-0.5354267291333976f,0.37664144046447884f,-0.39336659165464644f,0.37745981249573485f,-0.8383238124499934f,2.7756552454531693f,0.7938537110447265f,0.5993870888263244f,-0.10262262522864887f,-4.3377655171884495f,0f,0f,0f,1f],start_interpolation:0}
execute if entity @s[tag=aj.gravity_thrust.bone.left_arm2] run data modify entity @s {} merge value {transformation:[-0.4734802078445015f,0.8105428081110041f,0.3447272095426406f,-0.4201046363760214f,-0.3033058212900736f,0.2174040239634338f,-0.9277613212114747f,3.072139948443053f,-0.8269353490757796f,-0.543834392608664f,0.14290584965243303f,-4.27547764934098f,0f,0f,0f,1f],start_interpolation:0}
execute if entity @s[tag=aj.gravity_thrust.bone.gravity_vortex] run data modify entity @s {} merge value {transformation:[-1.3347120762365785f,0.3448510842939333f,1.2783458913232986f,-0.3213151691737898f,1.5686679483595078f,1.2846101784256627f,-0.2536931530596472f,2.428415564769486f,-5.33514733439203f,0.29143523296897206f,-0.3944003576274866f,-2.3961639559194357f,0f,0f,0f,1f],start_interpolation:0}
execute if entity @s[tag=aj.gravity_thrust.bone.slash] run data modify entity @s {} merge value {transformation:[-0.009423005972809666f,-0.015904315819503995f,0.000028164716960066637f,-0.4825829982088491f,-0.033315753605138006f,0.022568374324713963f,-0.000005589407295106468f,2.513460715288321f,-0.00911226960398659f,-0.06606651926175172f,-0.000008689490471181025f,-2.865686853469232f,0f,0f,0f,1f],start_interpolation:0}
execute if entity @s[tag=aj.gravity_thrust.bone.enchantment] run data modify entity @s {} merge value {transformation:[0.7080285217630923f,0.6389519373489735f,2.5255140327509262f,-0.7437305642400052f,2.5032886368250775f,-0.9066788324153473f,-0.5011989496846833f,3.0735208325905776f,0.6846803234800095f,2.6542060001368886f,-0.7791816318814239f,-4.0723803209632f,0f,0f,0f,1f],start_interpolation:0}
execute if entity @s[tag=aj.gravity_thrust.locator_origin.gravity_thrust_locator1] at @s on origin run tp @s ^-0.46609 ^2.67954 ^-2.91904 ~72.85375 ~-10.73773
execute if entity @s[tag=aj.gravity_thrust.locator_origin.gravity_thrust_locator2] at @s on origin run tp @s ^-0.10515 ^2.16736 ^-1.4197 ~72.85375 ~-10.73773
execute if entity @s[tag=aj.gravity_thrust.bone.greatsword] run data modify entity @s {} merge value {transformation:[0.7950819024678679f,0.6709766350413721f,2.8360305272289317f,-0.7437305642400052f,2.811072478883899f,-0.9521221808347446f,-0.5628222623544706f,3.0735208325905776f,0.7688630011955234f,2.7872365769286294f,-0.874983415500867f,-4.0723803209632f,0f,0f,0f,1f],start_interpolation:0}
execute if entity @s[tag=aj.gravity_thrust.bone.left_arm] run data modify entity @s {} merge value {transformation:[-0.4734802078445015f,0.8807214040269093f,0.012095506124066457f,-0.25910931134985676f,-0.3033058212900736f,-0.15013548531526286f,-0.9409914531071496f,2.996692849452978f,-0.8269353490757796f,-0.44920946621595154f,0.3382141095680341f,-4.49114693452944f,0f,0f,0f,1f],start_interpolation:0}
execute if entity @s[tag=aj.gravity_thrust.bone.head] run data modify entity @s {} merge value {transformation:[0.9506517382818926f,0.22235845933898685f,-0.2163746474566936f,0.061988368893769914f,-0.23763973343266975f,0.9702138878272488f,-0.04703582635804959f,2.8936143337536717f,0.19947087405349695f,0.09613390363200167f,0.9751767239720228f,-4.264284835792367f,0f,0f,0f,1f],start_interpolation:0}
execute if entity @s[tag=aj.gravity_thrust.bone.body_top] run data modify entity @s {} merge value {transformation:[0.9506517382818926f,-0.12225671900951265f,-0.28515709207144996f,0.11012695200376553f,-0.23763973343266975f,0.30397684593247476f,-0.9225645962375721f,2.77392345066776f,0.19947087405349695f,0.9448022924368746f,0.2599230628673807f,-4.636300738439386f,0f,0f,0f,1f],start_interpolation:0}
execute if entity @s[tag=aj.gravity_thrust.bone.body] run data modify entity @s {} merge value {transformation:[0.9500090265609185f,-0.11981081685845946f,-0.2883196448674374f,0.16254418437934154f,-0.24152608563966893f,0.30318846274023664f,-0.9218144639876247f,2.6412784982189064f,0.19785853382746948f,0.9453687768405094f,0.2590943387392385f,-5.049899578307109f,0f,0f,0f,1f],start_interpolation:0}
execute if entity @s[tag=aj.gravity_thrust.locator_origin.player_camera] at @s on origin run tp @s ^-0.33782 ^2.16407 ^-5.80666 ~-94.90071 ~-33.42884
execute if entity @s[tag=aj.gravity_thrust.bone.right_leg2] run data modify entity @s {} merge value {transformation:[0.930591059161836f,-0.29870721352554147f,-0.211599341199019f,0.3208668611109071f,-0.2491159414351618f,-0.09322979219961008f,-0.9639758573581036f,2.475314448210285f,0.2682191796477748f,0.9497800831951699f,-0.16117153977936205f,-5.216392374841735f,0f,0f,0f,1f],start_interpolation:0}
execute if entity @s[tag=aj.gravity_thrust.bone.right_leg] run data modify entity @s {} merge value {transformation:[0.9112943749085007f,-0.12934170590656918f,-0.3909133988152664f,0.2743846855507338f,-0.2729166530337251f,0.5211482478236711f,-0.8086538222794639f,2.6626020997719166f,0.30831649770486536f,0.843608455922234f,0.43961996126143954f,-4.913220585994683f,0f,0f,0f,1f],start_interpolation:0}
execute if entity @s[tag=aj.gravity_thrust.bone.left_leg2] run data modify entity @s {} merge value {transformation:[0.9699208502852504f,0.12723481373847897f,-0.20752071307431375f,-0.04963411610461348f,-0.20605078345846656f,-0.02475461617698016f,-0.9782281347487827f,2.510208943735665f,-0.12960177011942886f,0.9915636697413157f,0.0022068146831440427f,-5.1934351799883425f,0f,0f,0f,1f],start_interpolation:0}
execute if entity @s[tag=aj.gravity_thrust.bone.left_leg] run data modify entity @s {} merge value {transformation:[0.9525098092048045f,0.2887862853390192f,-0.09657921499327637f,0.05414845518909654f,-0.2573669313682057f,0.5939729579471935f,-0.7622062633339972f,2.723667975497938f,-0.16274927344458492f,0.7508652386597424f,0.6400891089260211f,-4.923592984844998f,0f,0f,0f,1f],start_interpolation:0}