execute if entity @s[tag=aj.gravity_thrust.bone.gravity_effect1] run data modify entity @s {} merge value {transformation:[0.18799322448605016f,0.011542832881027037f,-0.17680899769957806f,0.2952202997180806f,-0.17599531676717128f,0.041991855146304415f,-0.18438666895550224f,1.7289809319423908f,0.020501393476340654f,0.2546361290578453f,0.0384219436660327f,-3.4907145695520327f,0f,0f,0f,1f],start_interpolation:0}
execute if entity @s[tag=aj.gravity_thrust.bone.gravity_effect2] run data modify entity @s {} merge value {transformation:[0.08511071718797578f,0.011542832881027037f,-0.243637107066925f,0.13909577454799046f,-0.24125004125034402f,0.041991855146304415f,-0.08228737940407554f,1.6891184618176927f,0.035926237314348644f,0.2546361290578453f,0.024614190256448364f,-3.39106726134744f,0f,0f,0f,1f],start_interpolation:0}
execute if entity @s[tag=aj.gravity_thrust.bone.gravity_effect3] run data modify entity @s {} merge value {transformation:[-0.030360531959172887f,0.011542832881027037f,0.25628326558585107f,0.2957582421066853f,0.2533417006204263f,0.041991855146304415f,0.028120774157785886f,1.5997074238256817f,-0.04040212787734644f,0.2546361290578453f,-0.016254874731294573f,-3.3209744166446296f,0f,0f,0f,1f],start_interpolation:0}
execute if entity @s[tag=aj.gravity_thrust.bone.gravity_effect4] run data modify entity @s {} merge value {transformation:[-0.2314486857958612f,0.011542832881027037f,-0.11416820907573422f,0.16934298657057634f,-0.1110750058798089f,0.041991855146304415f,0.22942349112783406f,1.7660362752798058f,0.028809026767322346f,0.2546361290578453f,-0.03265873338430683f,-3.550907195101989f,0f,0f,0f,1f],start_interpolation:0}
execute if entity @s[tag=aj.gravity_thrust.bone.gravity_effect5] run data modify entity @s {} merge value {transformation:[-0.03036053195917301f,0.011542832881027037f,0.25628326558585107f,0.1383970708603552f,0.2533417006204263f,0.041991855146304415f,0.02812077415778601f,1.5501551007287455f,-0.040402127877346435f,0.2546361290578453f,-0.016254874731294593f,-3.6424886610008667f,0f,0f,0f,1f],start_interpolation:0}
execute if entity @s[tag=aj.gravity_thrust.bone.gravity_effect6] run data modify entity @s {} merge value {transformation:[0.2567795506993226f,0.011542832881027037f,-0.025828984936420035f,0.27891207811077906f,-0.0273789803493395f,0.041991855146304415f,-0.2534229402550475f,1.4955441701503314f,-0.007124948336346904f,0.2546361290578453f,0.04296263493725589f,-3.574331401140382f,0f,0f,0f,1f],start_interpolation:0}
execute if entity @s[tag=aj.gravity_thrust.bone.gravity_effect7] run data modify entity @s {} merge value {transformation:[-0.2580711112589994f,0.011542832881027037f,-0.0014750097413194566f,0.2227219122122954f,0.0004213141528448226f,0.041991855146304415f,0.25489726892783204f,1.656857764862976f,0.01162906440952663f,0.2546361290578453f,-0.0419680563108016f,-3.475534389229167f,0f,0f,0f,1f],start_interpolation:0}
execute if entity @s[tag=aj.gravity_thrust.bone.gravity_effect8] run data modify entity @s {} merge value {transformation:[0.25764256887892345f,0.011542832881027037f,0.014939237653274566f,0.2252162859376208f,0.012879885002412701f,0.041991855146304415f,-0.25457200116039386f,1.6373465360059785f,-0.013803129170769942f,0.2546361290578453f,0.04130407382622897f,-3.3416607733518244f,0f,0f,0f,1f],start_interpolation:0}
execute if entity @s[tag=aj.gravity_thrust.bone.gravity_effect9] run data modify entity @s {} merge value {transformation:[-0.030360531959172887f,0.011542832881027037f,0.25628326558585107f,0.08088138056663086f,0.2533417006204263f,0.041991855146304415f,0.028120774157785886f,1.5240935785957141f,-0.04040212787734644f,0.2546361290578453f,-0.016254874731294573f,-3.37554696204418f,0f,0f,0f,1f],start_interpolation:0}
execute if entity @s[tag=aj.gravity_thrust.bone.right_arm2] run data modify entity @s {} merge value {transformation:[0.6597567598200023f,-0.7248943752954349f,0.198114013983998f,0.38409302074620244f,0.15446810138405587f,-0.12718573398336716f,-0.9797772168844899f,2.259497515461074f,0.7354322698431285f,0.6770169375548534f,0.02806141010767141f,-0.6966472400903524f,0f,0f,0f,1f],start_interpolation:0}
execute if entity @s[tag=aj.gravity_thrust.bone.right_arm] run data modify entity @s {} merge value {transformation:[0.6597567598200023f,-0.6928337355546761f,0.2910368236996202f,0.2541866953297007f,0.15446810138405587f,-0.2539842317417579f,-0.9547940174096996f,2.211875472009494f,0.7354322698431285f,0.6748877128114729f,-0.06054710207336153f,-0.5701057939382013f,0f,0f,0f,1f],start_interpolation:0}
execute if entity @s[tag=aj.gravity_thrust.bone.left_arm2] run data modify entity @s {} merge value {transformation:[-0.12967896480683294f,0.25225990750093447f,0.9589308135388321f,-0.46493251773169875f,-0.5896527109081302f,0.7578947636609286f,-0.2791150439049054f,1.7701198041787296f,-0.7971781774517667f,-0.601631503732113f,0.05046272992729153f,-0.39056070694287515f,0f,0f,0f,1f],start_interpolation:0}
execute if entity @s[tag=aj.gravity_thrust.bone.gravity_vortex] run data modify entity @s {} merge value {transformation:[-0.9404592876043814f,-0.32927670739913945f,0.5346789976084521f,0.02064694503145159f,-0.056496224337622775f,0.5700418395796427f,0.34542119680978456f,1.4510120352711664f,-2.636729888516121f,0.10523115288488623f,-0.19810858324504924f,1.4778639861578688f,0f,0f,0f,1f],start_interpolation:0}
execute if entity @s[tag=aj.gravity_thrust.bone.slash] run data modify entity @s {} merge value {transformation:[-0.38602778907016533f,0.6226981952041533f,0.000024060554892380346f,-0.14751562581759203f,0.6894477943001311f,-0.02988664563925795f,0.00001554395385644031f,1.3670884441143847f,0.16026024928310567f,1.6285017066622673f,-0.000008914886246027216f,0.9828392518678921f,0f,0f,0f,1f],start_interpolation:0}
execute if entity @s[tag=aj.gravity_thrust.bone.enchantment] run data modify entity @s {} merge value {transformation:[-1.2751513692194296f,1.009427427978042f,2.1359805020956024f,-0.6927492537616348f,2.2774274904528475f,-0.04844786779675269f,1.379917566794968f,1.5198665572586139f,0.529381775330312f,2.6398892784248433f,-0.7914207833147169f,-0.22231888440325132f,0f,0f,0f,1f],start_interpolation:0}
execute if entity @s[tag=aj.gravity_thrust.locator_origin.gravity_thrust_locator1] at @s on origin run tp @s ^-0.24637 ^1.49844 ^0.94507 ~69.66939 ~31.20702
execute if entity @s[tag=aj.gravity_thrust.locator_origin.gravity_thrust_locator2] at @s on origin run tp @s ^0.33392 ^1.47059 ^2.46267 ~69.66939 ~31.20702
execute if entity @s[tag=aj.gravity_thrust.bone.greatsword] run data modify entity @s {} merge value {transformation:[-1.446357349229302f,1.0787483668411262f,2.4227642079132985f,-0.6927492537616348f,2.5832023300650913f,-0.0517749536163967f,1.5651897980443366f,1.5198665572586139f,0.6004582983475538f,2.821179778566653f,-0.8976795178291295f,-0.22231888440325132f,0f,0f,0f,1f],start_interpolation:0}
execute if entity @s[tag=aj.gravity_thrust.bone.left_arm] run data modify entity @s {} merge value {transformation:[-0.12967896480683294f,0.6221767446527263f,0.772061826863602f,-0.3255982021693713f,-0.5896527109081302f,0.5776091934356978f,-0.5645151018150486f,1.8408155136741378f,-0.7971781774517667f,-0.528454083220006f,0.2919644418808245f,-0.6223214999293475f,0f,0f,0f,1f],start_interpolation:0}
execute if entity @s[tag=aj.gravity_thrust.bone.head] run data modify entity @s {} merge value {transformation:[0.7906106721194469f,-0.6077224297956556f,0.07488800607640378f,-0.021165114165785204f,0.6100468948153379f,0.7712370166355753f,-0.18175876951943978f,2.0459060617868783f,0.052702478660870446f,0.18938561849919078f,0.9804873972921216f,-0.4478116878745051f,0f,0f,0f,1f],start_interpolation:0}
execute if entity @s[tag=aj.gravity_thrust.bone.body_top] run data modify entity @s {} merge value {transformation:[0.7906106721194469f,-0.19677199623066916f,0.5798409666712353f,0.05631385935004078f,0.6100468948153379f,0.17161909152818924f,-0.773556509603017f,1.9783310444976536f,0.052702478660870446f,0.9653122131841262f,0.25572403058876536f,-0.8279033718157548f,0f,0f,0f,1f],start_interpolation:0}
execute if entity @s[tag=aj.gravity_thrust.bone.body] run data modify entity @s {} merge value {transformation:[0.791744900593619f,-0.19666007013331913f,0.5783293431939599f,0.1423526400333679f,0.6085429526344859f,0.17169456806717998f,-0.7747234668545455f,1.9032146709682625f,0.053061164545280676f,0.9653216003547117f,0.2556143984710485f,-1.2502315719709411f,0f,0f,0f,1f],start_interpolation:0}
execute if entity @s[tag=aj.gravity_thrust.locator_origin.player_camera] at @s on origin run tp @s ^0.1205 ^1.15492 ^-1.95049 ~-157.82817 ~-79.94364
execute if entity @s[tag=aj.gravity_thrust.bone.right_leg2] run data modify entity @s {} merge value {transformation:[0.7917946877470794f,0.024486008193394415f,0.6102963279082195f,0.34406971350329746f,0.5966139712433205f,-0.24501043888553742f,-0.7642130947284207f,1.9219693763248056f,0.13081644305200582f,0.9692111845412581f,-0.20860665854030708f,-1.4499038205868393f,0f,0f,0f,1f],start_interpolation:0}
execute if entity @s[tag=aj.gravity_thrust.bone.right_leg] run data modify entity @s {} merge value {transformation:[0.8044645625133937f,-0.3724366502652137f,0.46273935341546196f,0.21022529231423628f,0.5688522636675963f,0.25876753777151773f,-0.7806705217413534f,2.014963960211445f,0.17100839096484366f,0.8912520984182268f,0.4200307456421756f,-1.129610097717789f,0f,0f,0f,1f],start_interpolation:0}
execute if entity @s[tag=aj.gravity_thrust.bone.left_leg2] run data modify entity @s {} merge value {transformation:[0.7368320049739385f,0.21387228506125808f,0.6413557843574506f,0.09942233296226663f,0.6182483043950722f,0.17072671653273547f,-0.7672166723778678f,1.643217957882144f,-0.2735829500511737f,0.9618269251505837f,-0.00642926875079014f,-1.3670788769999496f,0f,0f,0f,1f],start_interpolation:0}
execute if entity @s[tag=aj.gravity_thrust.bone.left_leg] run data modify entity @s {} merge value {transformation:[0.7625794806947372f,-0.20157593731066037f,0.6146866495383418f,0.026980980491248058f,0.5699987759378389f,0.6587066660797738f,-0.49112821492094527f,1.8799406660045628f,-0.3058985633387463f,0.7248949369111348f,0.6172142248748745f,-1.1065697590475105f,0f,0f,0f,1f],start_interpolation:0}