execute if entity @s[tag=aj.gravity_thrust.bone.gravity_effect1] run data modify entity @s {} merge value {transformation:[0.000001432450380210791f,4.468193373300788e-7f,0.000009886780992214905f,0.18750426616347368f,0.000009754354196915804f,0.0000016254911669537187f,-0.0000014867254848379083f,1.562506794919705f,-0.000001673517286837827f,0.000009856882415142395f,-2.0299986382166546e-7f,-3.937480579689841f,0f,0f,0f,1f],start_interpolation:0}
execute if entity @s[tag=aj.gravity_thrust.bone.gravity_effect2] run data modify entity @s {} merge value {transformation:[0.000009108081543723007f,4.468193373300788e-7f,0.000004104047157706682f,0.18749813745853092f,0.00000398711913349474f,0.0000016254911669537187f,-0.000009025555909830463f,1.5625049419970916f,-0.0000010703885314279752f,0.000009856882415142395f,0.0000013023584168131744f,-3.937478601342895f,0f,0f,0f,1f],start_interpolation:0}
execute if entity @s[tag=aj.gravity_thrust.bone.gravity_effect3] run data modify entity @s {} merge value {transformation:[0.0000071551302190587095f,4.468193373300788e-7f,0.000006971690184460355f,0.18750420146303623f,0.000006833588353813348f,0.0000016254911669537187f,-0.000007117573229463961f,1.562501479654738f,-0.0000014512690167365648f,0.000009856882415142395f,8.577221549646137e-7f,-3.9374758957721765f,0f,0f,0f,1f],start_interpolation:0}
execute if entity @s[tag=aj.gravity_thrust.bone.gravity_effect4] run data modify entity @s {} merge value {transformation:[0.000006652952283530287f,4.468193373300788e-7f,-0.00000745242097528428f,0.18749928737369473f,-0.000007408875814374825f,0.0000016254911669537187f,-0.000006516620108102605f,1.5625078432659398f,9.202092589410946e-7f,0.000009856882415142395f,0.0000014124744152782864f,-3.9374852507365325f,0f,0f,0f,1f],start_interpolation:0}
execute if entity @s[tag=aj.gravity_thrust.bone.gravity_effect5] run data modify entity @s {} merge value {transformation:[-0.000007452420975284289f,4.468193373300788e-7f,-0.000006652952283530278f,0.18749819558687275f,-0.000006516620108102596f,0.0000016254911669537187f,0.000007408875814374834f,1.5624998726294643f,0.0000014124744152782856f,0.000009856882415142395f,-9.202092589410965e-7f,-3.9374864548159616f,0f,0f,0f,1f],start_interpolation:0}
execute if entity @s[tag=aj.gravity_thrust.bone.gravity_effect6] run data modify entity @s {} merge value {transformation:[0.0000028800932630121918f,4.468193373300788e-7f,-0.000009565846291684798f,0.1875037074856183f,-0.00000946876450626622f,0.0000016254911669537187f,-0.0000027749373310092084f,1.5624980228002727f,0.0000014309302992196596f,0.000009856882415142395f,8.912393241053676e-7f,-3.937482214727026f,0f,0f,0f,1f],start_interpolation:0}
execute if entity @s[tag=aj.gravity_thrust.bone.gravity_effect7] run data modify entity @s {} merge value {transformation:[-0.000005978114506141112f,4.468193373300788e-7f,0.000008003905261261729f,0.18750125870557813f,0.000007948643670826375f,0.0000016254911669537187f,0.00000584609632664287f,1.5625032715841476f,-0.0000010398128416676967f,0.000009856882415142395f,-0.000001326898002244184f,-3.9374844276670444f,0f,0f,0f,1f],start_interpolation:0}
execute if entity @s[tag=aj.gravity_thrust.bone.gravity_effect8] run data modify entity @s {} merge value {transformation:[-0.000008108249868764813f,4.468193373300788e-7f,0.000005835806417750965f,0.18750143950604295f,0.0000058228011344425794f,0.0000016254911669537187f,0.000007965724412436678f,1.5625028227835862f,-5.926812080787033e-7f,0.000009856882415142395f,-0.0000015781628685427323f,-3.93747738702952f,0f,0f,0f,1f],start_interpolation:0}
execute if entity @s[tag=aj.gravity_thrust.bone.gravity_effect9] run data modify entity @s {} merge value {transformation:[0.0000071551302190587095f,4.468193373300788e-7f,0.000006971690184460355f,0.18749581348444208f,0.000006833588353813348f,0.0000016254911669537187f,-0.000007117573229463961f,1.562498297414271f,-0.0000014512690167365648f,0.000009856882415142395f,8.577221549646137e-7f,-3.937479556096372f,0f,0f,0f,1f],start_interpolation:0}
execute if entity @s[tag=aj.gravity_thrust.bone.right_arm2] run data modify entity @s {} merge value {transformation:[0.8976262635487685f,-0.38884976617016537f,0.20751614476200364f,0.3765726833530809f,0.43804331846275213f,0.8392057936180233f,-0.3222602785142522f,0.9273384621370614f,-0.04883791700735052f,0.38017035037907854f,0.9236262028304698f,3.2646360092799895f,0f,0f,0f,1f],start_interpolation:0}
execute if entity @s[tag=aj.gravity_thrust.bone.right_arm] run data modify entity @s {} merge value {transformation:[0.8976262635487685f,-0.35843681031584884f,0.25649589470024137f,0.30936578141885923f,0.43804331846275213f,0.789962864659481f,-0.42904163388781535f,1.075456499260714f,-0.04883791700735052f,0.4974753516201447f,0.8661022643965302f,3.3579126377087665f,0f,0f,0f,1f],start_interpolation:0}
execute if entity @s[tag=aj.gravity_thrust.bone.left_arm2] run data modify entity @s {} merge value {transformation:[-0.11956816143804203f,-0.9042394737931769f,0.4099444216043993f,-0.13714050329438188f,-0.9702545557692547f,0.19396791793609908f,0.14485352539907528f,1.146805806091612f,-0.21049834151206998f,-0.38043057296407456f,-0.9005348562798077f,3.886668090751745f,0f,0f,0f,1f],start_interpolation:0}
execute if entity @s[tag=aj.gravity_thrust.bone.gravity_vortex] run data modify entity @s {} merge value {transformation:[-0.000012215772332319864f,-0.000005265719613692909f,9.082296255222415e-7f,1.9753019308914361f,0.000001883230562227822f,-0.0000021217770166369898f,0.000013028019140258424f,0.7973474656764287f,-0.000005000612637687266f,0.000012064329116010498f,0.0000026876781812861464f,4.6059947693088965f,0f,0f,0f,1f],start_interpolation:0}
execute if entity @s[tag=aj.gravity_thrust.bone.slash] run data modify entity @s {} merge value {transformation:[-0.7768926991670372f,1.7250584024739033f,0.0000020435166574250434f,2.909246671597282f,-0.36182143802187916f,-0.24818858703898972f,0.000029313043065581458f,0.6678031165401099f,2.016392298331991f,0.6201101482533989f,0.0000060472759078938295f,4.763306501877097f,0f,0f,0f,1f],start_interpolation:0}
execute if entity @s[tag=aj.gravity_thrust.bone.enchantment] run data modify entity @s {} merge value {transformation:[-0.9309340508016265f,2.468649729856402f,0.17883382595751168f,0.23164542681807143f,-0.4335629583412477f,-0.3551709828888029f,2.5652659217765748f,1.0038612297035605f,2.4162001423156725f,0.8874103901477188f,0.5292139329033126f,4.039151813923542f,0f,0f,0f,1f],start_interpolation:0}
execute if entity @s[tag=aj.gravity_thrust.locator_origin.gravity_thrust_locator1] at @s on origin run tp @s ^1.39732 ^0.83615 ^4.45818 ~161.32868 ~77.71503
execute if entity @s[tag=aj.gravity_thrust.locator_origin.gravity_thrust_locator2] at @s on origin run tp @s ^2.91269 ^0.61813 ^5.00291 ~161.32868 ~77.71503
execute if entity @s[tag=aj.gravity_thrust.bone.greatsword] run data modify entity @s {} merge value {transformation:[-1.071156531189636f,2.8170403088731115f,0.20577077453238285f,0.23164542681807143f,-0.49886862996280057f,-0.4052948311132172f,2.9516605864647993f,1.0038612297035605f,2.780141687667484f,1.0126470391181628f,0.6089270879476426f,4.039151813923542f,0f,0f,0f,1f],start_interpolation:0}
execute if entity @s[tag=aj.gravity_thrust.bone.left_arm] run data modify entity @s {} merge value {transformation:[-0.11956816143804203f,-0.612778940862653f,0.7811564660204586f,-0.3052812586898004f,-0.9702545557692547f,0.23893755897357294f,0.03892222913395585f,1.0852583763638484f,-0.21049834151206998f,-0.7532667605483438f,-0.6231208836764116f,3.6720391079256505f,0f,0f,0f,1f],start_interpolation:0}
execute if entity @s[tag=aj.gravity_thrust.bone.head] run data modify entity @s {} merge value {transformation:[0.9928890616196426f,0.11616220749287795f,0.026031766487266017f,0.061423077727625945f,-0.10862107636362936f,0.9735144997652784f,-0.20117400556822973f,1.2133622113310971f,-0.0487111187068473f,0.19691587111541076f,0.9792095621557149f,3.55240362147059f,0f,0f,0f,1f],start_interpolation:0}
execute if entity @s[tag=aj.gravity_thrust.bone.body_top] run data modify entity @s {} merge value {transformation:[0.8468512672586704f,0.11616220749287795f,0.518988701893178f,0.015684208527305246f,0.006518391266802381f,0.9735144997652784f,-0.22853233758497374f,0.8300408770485188f,-0.5317898473247465f,0.19691587111541076f,0.8236647971020628f,3.474867997218897f,0f,0f,0f,1f],start_interpolation:0}
execute if entity @s[tag=aj.gravity_thrust.bone.body] run data modify entity @s {} merge value {transformation:[0.7983958967242204f,0.11616220749287795f,0.5908217443902264f,-0.035136757250828855f,0.026411492444153015f,0.9735144997652784f,-0.22709458781228578f,0.40412828340120954f,-0.6015533435704608f,0.19691587111541076f,0.7741819647486362f,3.3887173036059046f,0f,0f,0f,1f],start_interpolation:0}
execute if entity @s[tag=aj.gravity_thrust.locator_origin.player_camera] at @s on origin run tp @s ^-0.30583 ^-0.47643 ^3.83829 ~-176.46035 ~-11.00774
execute if entity @s[tag=aj.gravity_thrust.bone.right_leg2] run data modify entity @s {} merge value {transformation:[0.8392042719772914f,-0.098043991093718f,0.5349051931935976f,0.2241756434579606f,0.06509022058305347f,0.9946518723360014f,0.08019299248024497f,0.2656140754258041f,-0.5399068929727739f,-0.03248120485607253f,0.8410978054017169f,3.5122191573866663f,0f,0f,0f,1f],start_interpolation:0}
execute if entity @s[tag=aj.gravity_thrust.bone.right_leg] run data modify entity @s {} merge value {transformation:[0.8446188974032312f,-0.42446571386639165f,0.32626335359835507f,0.0716332775372261f,0.11247668138186775f,0.7365068497437379f,0.6670132355702375f,0.53029622455246f,-0.523419443940204f,-0.526674964311434f,0.6698100982165601f,3.3229453420872446f,0f,0f,0f,1f],start_interpolation:0}
execute if entity @s[tag=aj.gravity_thrust.bone.left_leg2] run data modify entity @s {} merge value {transformation:[0.9679360250229624f,0.17339811491657633f,-0.18174967732055447f,-0.2126151300688614f,-0.24696210025187557f,0.7891852550448034f,-0.5623133950556851f,0.21622336240858714f,0.045930082755536665f,0.5891686744585511f,0.8067036014143135f,3.4913607126357435f,0f,0f,0f,1f],start_interpolation:0}
execute if entity @s[tag=aj.gravity_thrust.bone.left_leg] run data modify entity @s {} merge value {transformation:[0.9503529834374498f,0.3075780817941584f,-0.04716916865246659f,-0.10207925692408573f,-0.30336652138684583f,0.9495447613315576f,0.0795832892599927f,0.5574660110121157f,0.0692673124437726f,-0.0613226697691914f,0.9957115895675795f,3.4693228781874406f,0f,0f,0f,1f],start_interpolation:0}