execute if entity @s[tag=aj.gravity_thrust.bone.gravity_effect1] run data modify entity @s {} merge value {transformation:[0.6476669465054368f,-0.13721916971638998f,0.402893814629448f,0.00004560117379107109f,0.4247764603625531f,0.16222331788640673f,-0.6275934622474854f,3.446790329711787f,0.026785912830883236f,0.7453049675107971f,0.210779553746434f,-12.445188081213969f,0f,0f,0f,1f],start_interpolation:0}
execute if entity @s[tag=aj.gravity_thrust.bone.gravity_effect2] run data modify entity @s {} merge value {transformation:[-0.15708120269648995f,-0.13721916971638998f,0.7464056505826899f,-0.37851940922818306f,0.7350270511820124f,0.16222331788640673f,0.18450969937811124f,3.1263314296522946f,-0.18890666952254323f,0.7453049675107971f,0.09726137781067148f,-12.040181264862015f,0f,0f,0f,1f],start_interpolation:0}
execute if entity @s[tag=aj.gravity_thrust.bone.gravity_effect3] run data modify entity @s {} merge value {transformation:[-0.680316887900454f,-0.13721916971638998f,-0.3449127882520242f,0.19232416156107904f,-0.3684616833415987f,0.16222331788640673f,0.6622269875526073f,3.110176660435701f,-0.04505463290846434f,0.7453049675107971f,-0.20764292778039195f,-12.102671384990447f,0f,0f,0f,1f],start_interpolation:0}
execute if entity @s[tag=aj.gravity_thrust.bone.gravity_effect4] run data modify entity @s {} merge value {transformation:[0.2215370001637008f,-0.13721916971638998f,-0.7298748228434881f,-0.345516132816871f,-0.7161489714480849f,0.16222331788640673f,-0.24786941285236483f,3.310294996061182f,0.19666471023627674f,0.7453049675107971f,-0.08042696781186563f,-12.68469084041363f,0f,0f,0f,1f],start_interpolation:0}
execute if entity @s[tag=aj.gravity_thrust.bone.gravity_effect5] run data modify entity @s {} merge value {transformation:[0.7015177910040542f,-0.13721916971638998f,-0.29944730482530035f,-0.02944630975661644f,-0.27045269920186976f,0.16222331788640673f,-0.7079293274249545f,2.7156737554605583f,0.18802427077166065f,0.7453049675107971f,0.09895645003997855f,-12.870707743190255f,0f,0f,0f,1f],start_interpolation:0}
execute if entity @s[tag=aj.gravity_thrust.bone.gravity_effect6] run data modify entity @s {} merge value {transformation:[-0.4441854478993946f,-0.13721916971638998f,-0.6200767592296608f,0.373686792004144f,-0.6326118978843126f,0.16222331788640673f,0.4172658406689119f,2.840779748155111f,0.05591488647598266f,0.7453049675107971f,-0.20498544063934765f,-12.57188001159702f,0f,0f,0f,1f],start_interpolation:0}
execute if entity @s[tag=aj.gravity_thrust.bone.gravity_effect7] run data modify entity @s {} merge value {transformation:[0.5291831136542174f,-0.13721916971638998f,-0.5493278908680789f,-0.016019768131089934f,-0.5251297402894878f,0.16222331788640673f,-0.5463948672868558f,3.0921249044516603f,0.2117285717297562f,0.7453049675107971f,0.01779093356198659f,-12.647969928846994f,0f,0f,0f,1f],start_interpolation:0}
execute if entity @s[tag=aj.gravity_thrust.bone.gravity_effect8] run data modify entity @s {} merge value {transformation:[0.5072783403287893f,-0.13721916971638998f,0.5696179288747972f,-0.11397146836550734f,0.5849299943994901f,0.16222331788640673f,-0.48183554952466723f,3.171267887969245f,-0.03392030490843546f,0.7453049675107971f,0.20974965630162143f,-11.772038454951552f,0f,0f,0f,1f],start_interpolation:0}
execute if entity @s[tag=aj.gravity_thrust.bone.gravity_effect9] run data modify entity @s {} merge value {transformation:[-0.680316887900454f,-0.13721916971638998f,-0.3449127882520242f,-0.23070100930997803f,-0.3684616833415987f,0.16222331788640673f,0.6622269875526073f,2.598609003619573f,-0.04505463290846434f,0.7453049675107971f,-0.20764292778039195f,-12.062011836978147f,0f,0f,0f,1f],start_interpolation:0}
execute if entity @s[tag=aj.gravity_thrust.bone.right_arm2] run data modify entity @s {} merge value {transformation:[0.46574661098215975f,-0.4005965083287349f,0.7890516661622726f,0.12265174708213937f,0.5360600454227553f,-0.5817212195523653f,-0.611751624782364f,4.243791527927369f,0.7040736623819885f,0.7079003180090644f,-0.056190904092024346f,-10.80078163094135f,0f,0f,0f,1f],start_interpolation:0}
execute if entity @s[tag=aj.gravity_thrust.bone.right_arm] run data modify entity @s {} merge value {transformation:[0.46574661098215975f,-0.2941774402177663f,0.8345895566238265f,0.06749347704130819f,0.5360600454227553f,-0.6565941240445706f,-0.5305881491057793f,4.1206801296690125f,0.7040736623819885f,0.694509747906439f,-0.14810971609907292f,-10.670561053208893f,0f,0f,0f,1f],start_interpolation:0}
execute if entity @s[tag=aj.gravity_thrust.bone.left_arm2] run data modify entity @s {} merge value {transformation:[0.2544786095687582f,-0.0991086869793375f,0.9619865411933699f,-0.29905203471543723f,-0.5295422794495587f,0.8180743401089738f,0.22436432053834493f,3.36375186693943f,-0.8092129580940466f,-0.5665084661507709f,0.15570018057851975f,-10.602047488720483f,0f,0f,0f,1f],start_interpolation:0}
execute if entity @s[tag=aj.gravity_thrust.bone.gravity_vortex] run data modify entity @s {} merge value {transformation:[-1.2656135631234795f,-1.3423264101878334f,0.4253893328745576f,0.2799823136350218f,-1.5872464955892123f,0.49615595366839405f,1.2979248411788502f,3.573900549104579f,-5.697119875084043f,0.15996586558278186f,-0.45610856397067956f,-8.530639722890628f,0f,0f,0f,1f],start_interpolation:0}
execute if entity @s[tag=aj.gravity_thrust.bone.slash] run data modify entity @s {} merge value {transformation:[0.08794348573704676f,-0.04763080392386869f,0.000008862277768219952f,0.22995246963039861f,-0.03391949374568357f,-0.04714243204296284f,0.00002704010085789272f,3.410471760589625f,-0.01450254024349585f,-0.1785736466304027f,-0.00000950226174938916f,-8.943700255458001f,0f,0f,0f,1f],start_interpolation:0}
execute if entity @s[tag=aj.gravity_thrust.bone.enchantment] run data modify entity @s {} merge value {transformation:[-2.528745146213471f,0.7326892524267128f,0.8100741065905507f,-0.24731087806536645f,0.9753281263819951f,0.725176785727661f,2.4716541410070807f,3.1122572842579665f,0.41700903644142034f,2.746940653402994f,-0.8685731138815445f,-10.237433284223743f,0f,0f,0f,1f],start_interpolation:0}
execute if entity @s[tag=aj.gravity_thrust.locator_origin.gravity_thrust_locator1] at @s on origin run tp @s ^0.06484 ^3.42121 ^-9.06713 ~43.00411 ~64.33433
execute if entity @s[tag=aj.gravity_thrust.locator_origin.gravity_thrust_locator2] at @s on origin run tp @s ^0.47064 ^3.82285 ^-7.54574 ~43.00411 ~64.33433
execute if entity @s[tag=aj.gravity_thrust.bone.greatsword] run data modify entity @s {} merge value {transformation:[-2.785679702125534f,0.7543717568994892f,0.892382136383259f,-0.24731087806536645f,1.0744268826942882f,0.7466369734511957f,2.722787933607253f,3.1122572842579665f,0.4593794713386778f,2.8282309859779478f,-0.9568249678204362f,-10.237433284223743f,0f,0f,0f,1f],start_interpolation:0}
execute if entity @s[tag=aj.gravity_thrust.bone.left_arm] run data modify entity @s {} merge value {transformation:[0.2544786095687582f,0.21516961732737802f,0.9428375645099962f,-0.21344980418749795f,-0.5295422794495587f,0.8467895796142885f,-0.05032277945446678f,3.5092564769118075f,-0.8092129580940466f,-0.4864662821160856f,0.32943124444538624f,-10.82481567901126f,0f,0f,0f,1f],start_interpolation:0}
execute if entity @s[tag=aj.gravity_thrust.bone.head] run data modify entity @s {} merge value {transformation:[0.32729791596538843f,-0.9441797847598827f,0.0374247011410247f,-0.07843162712100463f,0.9231095344528714f,0.31103135352948025f,-0.22611564413773522f,3.8178973740575137f,0.20185356476147984f,0.1085542775407812f,0.9733812753596003f,-10.597425703483019f,0f,0f,0f,1f],start_interpolation:0}
execute if entity @s[tag=aj.gravity_thrust.bone.body_top] run data modify entity @s {} merge value {transformation:[0.32729791596538843f,-0.30361395076959247f,0.894815424041625f,0.041116365994522425f,0.9231095344528714f,-0.09955496413896486f,-0.3714264348663041f,3.8570971411872312f,0.20185356476147984f,0.9475797475745082f,0.2476848004616233f,-10.970535229090482f,0f,0f,0f,1f],start_interpolation:0}
execute if entity @s[tag=aj.gravity_thrust.bone.body] run data modify entity @s {} merge value {transformation:[0.32549151525886444f,-0.30072752864013486f,0.8964475595440513f,0.17268465977458142f,0.9255232824668331f,-0.09273925076034947f,-0.3671594816700612f,3.8976705633948843f,0.1935508385574894f,0.9491903838990394f,0.24814449018119822f,-11.385806022046312f,0f,0f,0f,1f],start_interpolation:0}
execute if entity @s[tag=aj.gravity_thrust.locator_origin.player_camera] at @s on origin run tp @s ^0.30639 ^3.90572 ^-12.25049 ~97.83165 ~-61.18439
execute if entity @s[tag=aj.gravity_thrust.bone.right_leg2] run data modify entity @s {} merge value {transformation:[0.33681076695282264f,0.10985682822321302f,0.9351416922356672f,0.3416932256138516f,0.9073153483411808f,-0.3033278265294439f,-0.2911547497765497f,4.040145742171978f,0.251669159670336f,0.9465324648133624f,-0.20183886425851638f,-11.559371976854253f,0f,0f,0f,1f],start_interpolation:0}
execute if entity @s[tag=aj.gravity_thrust.bone.right_leg] run data modify entity @s {} merge value {transformation:[0.36040845120789483f,-0.4976791197557415f,0.7889367795058595f,0.16283979195163206f,0.8862462700552564f,-0.08114663311304762f,-0.456051283023699f,4.010983670896977f,0.2909867644946623f,0.8635570147324187f,0.4118203312069003f,-11.24903117468479f,0f,0f,0f,1f],start_interpolation:0}
execute if entity @s[tag=aj.gravity_thrust.bone.left_leg2] run data modify entity @s {} merge value {transformation:[0.28371196590443f,0.010944924130705302f,0.9588470832402927f,0.29389200923576225f,0.9497606805007415f,0.13459071061737077f,-0.2825597111944306f,3.6742637770961664f,-0.13214450490812135f,0.990840829422811f,0.02778993651132089f,-11.522055351075524f,0f,0f,0f,1f],start_interpolation:0}
execute if entity @s[tag=aj.gravity_thrust.bone.left_leg] run data modify entity @s {} merge value {transformation:[0.3342968512224677f,-0.5874779397345745f,0.7369635578425593f,0.08276712464364956f,0.9281090780242565f,0.3411808915413011f,-0.1490273080212069f,3.7968756599938214f,-0.16388762781768512f,0.7338019280243836f,0.6592993067461769f,-11.258345283191762f,0f,0f,0f,1f],start_interpolation:0}