execute if entity @s[tag=aj.gravity_thrust.bone.gravity_effect1] run data modify entity @s {} merge value {transformation:[-0.7572678473686809f,-0.018906687227869107f,-0.163746586284025f,0.42185080951821585f,0.16124375377843556f,0.0748523607106357f,-0.7543358509069312f,1.345447332089827f,0.034217820051010386f,-0.7711450325808449f,-0.06920606560731699f,-11.505876378411893f,0f,0f,0f,1f],start_interpolation:0}
execute if entity @s[tag=aj.gravity_thrust.bone.gravity_effect2] run data modify entity @s {} merge value {transformation:[0.51127100816608f,-0.018906687227869107f,-0.5821249808992117f,-0.07595567990611818f,0.5807797266127647f,0.0748523607106357f,0.5076583824301998f,1.5406999245914565f,0.04383908489513015f,-0.7711450325808449f,0.06354898395289388f,-11.971946579939878f,0f,0f,0f,1f],start_interpolation:0}
execute if entity @s[tag=aj.gravity_thrust.bone.gravity_effect3] run data modify entity @s {} merge value {transformation:[-0.09598770896029221f,-0.018906687227869107f,-0.768800297155654f,0.3752640511667523f,0.7652054120415714f,0.0748523607106357f,-0.09737967692662455f,1.8548723731341037f,0.07662921838856976f,-0.7711450325808449f,0.009396893904076805f,-11.945559582070743f,0f,0f,0f,1f],start_interpolation:0}
execute if entity @s[tag=aj.gravity_thrust.bone.gravity_effect4] run data modify entity @s {} merge value {transformation:[0.5881677313955121f,-0.018906687227869107f,0.5043077006383346f,0.058769377838514936f,-0.5007113388009562f,0.0748523607106357f,0.5867795832271252f,1.186369919899922f,-0.06302281286336342f,-0.7711450325808449f,0.04459219421240746f,-11.442873211278574f,0f,0f,0f,1f],start_interpolation:0}
execute if entity @s[tag=aj.gravity_thrust.bone.gravity_effect5] run data modify entity @s {} merge value {transformation:[0.03283146022226005f,-0.018906687227869107f,-0.7740734024611244f,-0.02884653168690604f,0.770759120909926f,0.0748523607106357f,0.030862625134667976f,1.7368194741259477f,0.07400995037042193f,-0.7711450325808449f,0.021974211522948327f,-10.994380616269344f,0f,0f,0f,1f],start_interpolation:0}
execute if entity @s[tag=aj.gravity_thrust.bone.gravity_effect6] run data modify entity @s {} merge value {transformation:[0.7730728676052733f,-0.018906687227869107f,0.051243326888748705f,0.3728589999712535f,-0.049196177115763726f,0.0748523607106357f,0.7698063784181314f,1.9631160305405018f,-0.023729254723948424f,-0.7711450325808449f,0.07346605472007847f,-11.156119542753988f,0f,0f,0f,1f],start_interpolation:0}
execute if entity @s[tag=aj.gravity_thrust.bone.gravity_effect7] run data modify entity @s {} merge value {transformation:[-0.5760800708920412f,-0.018906687227869107f,0.5180726677784577f,0.2042261663805721f,-0.5171608615510251f,0.0748523607106357f,-0.5723344890672291f,1.5259855494629506f,-0.0360748555204619f,-0.7711450325808449f,-0.06825645409091649f,-11.161667667800582f,0f,0f,0f,1f],start_interpolation:0}
execute if entity @s[tag=aj.gravity_thrust.bone.gravity_effect8] run data modify entity @s {} merge value {transformation:[0.5150186198184398f,-0.018906687227869107f,0.5788120233878844f,0.17013946308591857f,-0.5750616715409941f,0.0748523607106357f,0.5141266361710143f,1.72675086466315f,-0.06844629401791577f,-0.7711450325808449f,0.035713352700364284f,-11.96026865731993f,0f,0f,0f,1f],start_interpolation:0}
execute if entity @s[tag=aj.gravity_thrust.bone.gravity_effect9] run data modify entity @s {} merge value {transformation:[-0.09598770896029221f,-0.018906687227869107f,-0.768800297155654f,-0.25923582590097727f,0.7652054120415714f,0.0748523607106357f,-0.09737967692662455f,1.9987572601267565f,0.07662921838856976f,-0.7711450325808449f,0.009396893904076805f,-11.62395887311743f,0f,0f,0f,1f],start_interpolation:0}
execute if entity @s[tag=aj.gravity_thrust.bone.right_arm2] run data modify entity @s {} merge value {transformation:[0.951707474597751f,0.23904851858694878f,0.19263615589020597f,-0.19652945592181253f,-0.2454922838058232f,0.215773584583699f,0.945079519822381f,1.7682911451169292f,0.18435406528355106f,-0.9467299329572749f,0.2640379000373648f,-13.175686308970741f,0f,0f,0f,1f],start_interpolation:0}
execute if entity @s[tag=aj.gravity_thrust.bone.right_arm] run data modify entity @s {} merge value {transformation:[0.951707474597751f,0.3009881034830595f,0.06049003518300855f,-0.14009418651873887f,-0.2454922838058232f,0.6277826647142545f,0.7386626188430486f,1.886000394750852f,0.18435406528355106f,-0.7178405724434507f,0.6713557113538893f,-13.310281416303889f,0f,0f,0f,1f],start_interpolation:0}
execute if entity @s[tag=aj.gravity_thrust.bone.left_arm2] run data modify entity @s {} merge value {transformation:[0.22460157045894785f,-0.9380364622617973f,0.26389719592058186f,0.3340743034543693f,0.46649389757568255f,-0.13426288426026503f,-0.8742750833889544f,2.505804435128246f,0.855533504938306f,0.31946998822657274f,0.40743263068940694f,-13.692189997209086f,0f,0f,0f,1f],start_interpolation:0}
execute if entity @s[tag=aj.gravity_thrust.bone.gravity_vortex] run data modify entity @s {} merge value {transformation:[-0.8695683718266124f,1.0574251100358631f,1.0003667002500873f,0.64098711027515f,0.4330838176952724f,-0.9972422941263709f,1.0754636488472888f,2.4043101400046316f,6.098319954948743f,0.2216008574744031f,0.06626765124103015f,-15.809973242655122f,0f,0f,0f,1f],start_interpolation:0}
execute if entity @s[tag=aj.gravity_thrust.bone.slash] run data modify entity @s {} merge value {transformation:[-0.08490722994203849f,-0.025615828946843763f,0.00002041164701305177f,0.5454462585751461f,0.07975448613568087f,0.009486144485595926f,0.00002194393752826001f,2.4395609406862806f,-0.012595666381648805f,0.23274129121697001f,0.000001352136076878386f,-15.633138398635898f,0f,0f,0f,1f],start_interpolation:0}
execute if entity @s[tag=aj.gravity_thrust.bone.enchantment] run data modify entity @s {} merge value {transformation:[2.030541740476086f,0.31189121240386103f,1.906506200972964f,0.4634735028217101f,-1.907314762232523f,-0.11550065823715075f,2.0496265168920367f,2.413545441407126f,0.3012231862293545f,-2.8337932629365485f,0.12629337620229994f,-13.973481885916172f,0f,0f,0f,1f],start_interpolation:0}
execute if entity @s[tag=aj.gravity_thrust.locator_origin.gravity_thrust_locator1] at @s on origin run tp @s ^0.60011 ^2.36294 ^-15.21496 ~93.78993 ~47.00932
execute if entity @s[tag=aj.gravity_thrust.locator_origin.gravity_thrust_locator2] at @s on origin run tp @s ^0.77774 ^2.29716 ^-16.82888 ~93.78993 ~47.00932
execute if entity @s[tag=aj.gravity_thrust.bone.greatsword] run data modify entity @s {} merge value {transformation:[2.189057950339525f,0.3302105960169981f,2.0553394561753517f,0.4634735028217101f,-2.056211138553651f,-0.1222847572488163f,2.209632598331737f,2.413545441407126f,0.3247384663402036f,-3.000240228415129f,0.1361525910745597f,-13.973481885916172f,0f,0f,0f,1f],start_interpolation:0}
execute if entity @s[tag=aj.gravity_thrust.bone.left_arm] run data modify entity @s {} merge value {transformation:[0.22460157045894785f,-0.8623776921956795f,0.4537167073743572f,0.14655507671281792f,0.46649389757568255f,-0.31363561636633785f,-0.8270526849428372f,2.4857072682336216f,0.855533504938306f,0.3974134071087202f,0.33185087882694514f,-13.485894957314617f,0f,0f,0f,1f],start_interpolation:0}
execute if entity @s[tag=aj.gravity_thrust.bone.head] run data modify entity @s {} merge value {transformation:[-0.5093709925918369f,-0.7039299955062303f,0.49499874073840355f,0.04961377828683468f,-0.8604692530343354f,0.40889583395177337f,-0.30396852067182323f,2.092400576174567f,0.011569636491245053f,-0.5807639437873894f,-0.8139897942283908f,-13.51917472806275f,0f,0f,0f,1f],start_interpolation:0}
execute if entity @s[tag=aj.gravity_thrust.bone.body_top] run data modify entity @s {} merge value {transformation:[-0.41694438288226443f,0.018198137727977404f,0.9087498057035066f,0.04244826155644357f,-0.872300906884029f,-0.28898586079980315f,-0.39443415180115626f,2.2061887588644895f,0.25543787783378646f,-0.9571603836562763f,0.1363652834365888f,-13.14229282699809f,0f,0f,0f,1f],start_interpolation:0}
execute if entity @s[tag=aj.gravity_thrust.bone.body] run data modify entity @s {} merge value {transformation:[-0.6036774358670898f,-0.31159148653848684f,0.7338148941944906f,0.17876953691703157f,-0.76982065886288f,-0.011445154902342353f,-0.6381576306972931f,2.211196014134264f,0.20724310992855038f,-0.9501472275105562f,-0.23296038169857458f,-12.726603414962222f,0f,0f,0f,1f],start_interpolation:0}
execute if entity @s[tag=aj.gravity_thrust.locator_origin.player_camera] at @s on origin run tp @s ^0.44587 ^2.37299 ^-11.90922 ~71.83968 ~0.34229
execute if entity @s[tag=aj.gravity_thrust.bone.right_leg2] run data modify entity @s {} merge value {transformation:[-0.7661379019953114f,0.45921224655150894f,0.4496185358093442f,-0.007345240697831788f,-0.6423420497062261f,-0.569702499196843f,-0.5126750955410987f,2.1037460658492235f,0.020722121161371454f,-0.6815887139807897f,0.731442013196252f,-12.458268228145002f,0f,0f,0f,1f],start_interpolation:0}
execute if entity @s[tag=aj.gravity_thrust.bone.right_leg] run data modify entity @s {} merge value {transformation:[-0.6621381992903368f,0.16294203411716046f,0.7314525948811119f,0.051212052813022754f,-0.7348836033084033f,0.049882955310879794f,-0.6763562525458824f,2.121672752914071f,-0.14669388068016734f,-0.9853738297150044f,0.08671401895759329f,-12.812386948198832f,0f,0f,0f,1f],start_interpolation:0}
execute if entity @s[tag=aj.gravity_thrust.bone.left_leg2] run data modify entity @s {} merge value {transformation:[-0.4582728194540267f,0.6368708794810738f,0.619985085158232f,0.15698228354714666f,-0.7021835407835182f,-0.6870682406783828f,0.1867498532899895f,2.539813164924833f,0.5449076050142613f,-0.3497609405295492f,0.7620649489889338f,-12.634014572151678f,0f,0f,0f,1f],start_interpolation:0}
execute if entity @s[tag=aj.gravity_thrust.bone.left_leg] run data modify entity @s {} merge value {transformation:[-0.44556529262312433f,0.06416331744563156f,0.8929471645646456f,0.1800409757541705f,-0.6674993385815893f,-0.6884884127043659f,-0.28359890437898916f,2.2923876416092015f,0.5965871294310748f,-0.7224034705524284f,0.3495955130304107f,-12.893628319381456f,0f,0f,0f,1f],start_interpolation:0}