execute if entity @s[tag=aj.gravity_thrust.bone.gravity_effect1] run data modify entity @s {} merge value {transformation:[0.000009969958306132555f,4.468193373300788e-7f,6.326798983423137e-7f,0.18750427454133625f,5.523159259717115e-7f,0.0000016254911669537187f,-0.000009851534174131126f,1.5625068253976642f,-5.430271557634502e-7f,0.000009856882415142395f,0.0000015959293725475804f,-3.9374803948732957f,0f,0f,0f,1f],start_interpolation:0}
execute if entity @s[tag=aj.gravity_thrust.bone.gravity_effect2] run data modify entity @s {} merge value {transformation:[0.000008171424978787243f,4.468193373300788e-7f,-0.000005747013685022848f,0.18749812838251315f,-0.000005735563856181668f,0.0000016254911669537187f,-0.000008028766139190875f,1.5625049089793022f,5.75431201547534e-7f,0.000009856882415142395f,0.000001584533996587709f,-3.937478801560819f,0f,0f,0f,1f],start_interpolation:0}
execute if entity @s[tag=aj.gravity_thrust.bone.gravity_effect3] run data modify entity @s {} merge value {transformation:[0.000002235617538895674f,4.468193373300788e-7f,0.000009736650692079387f,0.18750419325971246f,0.00000960023141287077f,0.0000016254911669537187f,-0.0000022788890463304222f,1.5625014498117362f,-0.0000016845091389218997f,0.000009856882415142395f,-6.555924759525911e-8f,-3.937476076738377f,0f,0f,0f,1f],start_interpolation:0}
execute if entity @s[tag=aj.gravity_thrust.bone.gravity_effect4] run data modify entity @s {} merge value {transformation:[-0.000003942528032666027f,4.468193373300788e-7f,-0.000009179151659681332f,0.18749929435524687f,-0.000009037189767256806f,0.0000016254911669537187f,0.000003960679181244601f,1.5625078686642395f,0.0000016690337990081331f,0.000009856882415142395f,-2.3705533494341968e-7f,-3.937485096722745f,0f,0f,0f,1f],start_interpolation:0}
execute if entity @s[tag=aj.gravity_thrust.bone.gravity_effect5] run data modify entity @s {} merge value {transformation:[-0.000008044109958092913f,4.468193373300788e-7f,0.000005923904747875207f,0.18749820396473532f,0.000005909345557598272f,0.0000016254911669537187f,0.000007901734844137017f,1.5624999031074236f,-6.098606914731053e-7f,0.000009856882415142395f,-0.0000015716039548984987f,-3.9374862699994164f,0f,0f,0f,1f],start_interpolation:0}
execute if entity @s[tag=aj.gravity_thrust.bone.gravity_effect6] run data modify entity @s {} merge value {transformation:[0.000008558038082227186f,4.468193373300788e-7f,-0.0000051536721532260074f,0.18750369910775572f,-0.000005152357702860531f,0.0000016254911669537187f,-0.000008414926533721444f,1.5624979923223132f,4.617296664965519e-7f,0.000009856882415142395f,0.000001621318836359351f,-3.9374823995435713f,0f,0f,0f,1f],start_interpolation:0}
execute if entity @s[tag=aj.gravity_thrust.bone.gravity_effect7] run data modify entity @s {} merge value {transformation:[-0.000009615225916586645f,4.468193373300788e-7f,0.000002710679444860359f,0.18750132852109958f,0.000002747205053105144f,0.0000016254911669537187f,0.000009476847728139826f,1.5625035255671424f,-1.7174667219802432e-8f,0.000009856882415142395f,-0.0000016856969137014355f,-3.9374828875291668f,0f,0f,0f,1f],start_interpolation:0}
execute if entity @s[tag=aj.gravity_thrust.bone.gravity_effect8] run data modify entity @s {} merge value {transformation:[0.00000892039664554139f,4.468193373300788e-7f,0.000004497429951205679f,0.1875014525382736f,0.00000437701349897133f,0.0000016254911669537187f,-0.000008843049886548094f,1.5625028701937453f,-0.0000011261778349962177f,0.000009856882415142395f,0.0000012544291681955936f,-3.937477099537116f,0f,0f,0f,1f],start_interpolation:0}
execute if entity @s[tag=aj.gravity_thrust.bone.gravity_effect9] run data modify entity @s {} merge value {transformation:[0.000002235617538895674f,4.468193373300788e-7f,0.000009736650692079387f,0.1874958623553071f,0.00000960023141287077f,0.0000016254911669537187f,-0.0000022788890463304222f,1.5624984752023674f,-0.0000016845091389218997f,0.000009856882415142395f,-6.555924759525911e-8f,-3.9374784779998575f,0f,0f,0f,1f],start_interpolation:0}
execute if entity @s[tag=aj.gravity_thrust.bone.right_arm2] run data modify entity @s {} merge value {transformation:[0.22992639047084318f,-0.5295167722832277f,-0.8165450647917736f,0.4325982586239755f,0.030889644595952406f,0.8425721742657974f,-0.5376969044078106f,1.3479601618791963f,0.9727176799163182f,0.09840792154983713f,0.21008616364352978f,1.3667988927150305f,0f,0f,0f,1f],start_interpolation:0}
execute if entity @s[tag=aj.gravity_thrust.bone.right_arm] run data modify entity @s {} merge value {transformation:[0.22992639047084318f,-0.6315672009747977f,-0.7404436005651671f,0.31417940844120096f,0.030889644595952406f,0.765180323011523f,-0.6430745704292131f,1.4914314724438569f,0.9727176799163182f,0.12498777511757167f,0.19544403610592526f,1.3902341005495753f,0f,0f,0f,1f],start_interpolation:0}
execute if entity @s[tag=aj.gravity_thrust.bone.left_arm2] run data modify entity @s {} merge value {transformation:[-0.10217405866355841f,0.6421190360082015f,-0.7597654936440018f,-0.11599324973440256f,-0.860258916757186f,-0.440553084377965f,-0.2566467922745472f,1.9524547531514307f,-0.4995148224787414f,0.627372396142004f,0.5974017230332296f,0.7164922087816311f,0f,0f,0f,1f],start_interpolation:0}
execute if entity @s[tag=aj.gravity_thrust.bone.gravity_vortex] run data modify entity @s {} merge value {transformation:[0.000002889314560704493f,0.000012962014035687352f,0.0000011898870894849125f,-0.7434498741153225f,-0.00000621968862367737f,3.0412223028837394e-7f,0.000011789858390638987f,2.949394726606405f,0.00001143438291170875f,-0.0000031099002532985326f,0.000006112379701943783f,-1.1694501439415588f,0f,0f,0f,1f],start_interpolation:0}
execute if entity @s[tag=aj.gravity_thrust.bone.slash] run data modify entity @s {} merge value {transformation:[3.7419001030286525f,-1.2087252583527226f,0.0000026772459513410535f,-0.7420931492382037f,0.16782165631591983f,2.171144960148092f,0.000026527181378937723f,2.617758537769034f,-1.052132311665472f,-3.9525105153995073f,0.000013752854329373513f,-0.5982057419598714f,0f,0f,0f,1f],start_interpolation:0}
execute if entity @s[tag=aj.gravity_thrust.bone.enchantment] run data modify entity @s {} merge value {transformation:[2.5453587220926717f,-0.7200091148275318f,0.23618004268454842f,-0.2087865268000484f,0.11415759504483339f,1.2932998215400149f,2.340162594041831f,2.0670448385496685f,-0.7156936536402047f,-2.35441724897657f,1.213242930078497f,0.36021996921483385f,0f,0f,0f,1f],start_interpolation:0}
execute if entity @s[tag=aj.gravity_thrust.locator_origin.gravity_thrust_locator1] at @s on origin run tp @s ^-0.53241 ^2.64834 ^-0.69802 ~168.9841 ~62.15806
execute if entity @s[tag=aj.gravity_thrust.locator_origin.gravity_thrust_locator2] at @s on origin run tp @s ^-0.95312 ^3.40403 ^-2.07372 ~168.9841 ~62.15806
execute if entity @s[tag=aj.gravity_thrust.bone.greatsword] run data modify entity @s {} merge value {transformation:[2.90535750971435f,-0.7820846160693655f,0.2695837937114255f,-0.2087865268000484f,0.1303032940605536f,1.404801513705816f,2.671139791629146f,2.0670448385496685f,-0.8169166543051861f,-2.557403055479378f,1.3848360262216384f,0.36021996921483385f,0f,0f,0f,1f],start_interpolation:0}
execute if entity @s[tag=aj.gravity_thrust.bone.left_arm] run data modify entity @s {} merge value {transformation:[-0.10217405866355841f,0.25453931761688686f,-0.9616497270437637f,-0.06513017766312565f,-0.860258916757186f,-0.5080349679545226f,-0.04307049425302695f,1.7179136465681517f,-0.4995148224787414f,0.8228670652800345f,0.2708777122641407f,0.8597696222917971f,0f,0f,0f,1f],start_interpolation:0}
execute if entity @s[tag=aj.gravity_thrust.bone.head] run data modify entity @s {} merge value {transformation:[0.6665066292171833f,-0.08380098431588791f,-0.7407741276780908f,0.1147947317264746f,-0.2873416364319438f,0.888009198923879f,-0.358990872584782f,1.717273016023141f,0.6878980281859809f,0.45212504647968677f,0.5677845059206708f,1.224217052072347f,0f,0f,0f,1f],start_interpolation:0}
execute if entity @s[tag=aj.gravity_thrust.bone.body_top] run data modify entity @s {} merge value {transformation:[0.6227857760121945f,-0.03314171624984721f,-0.7816901584649145f,0.12784428249985194f,-0.30390794535662075f,0.9104021610806265f,-0.28072738706588957f,1.3588021650976443f,0.7209561969676144f,0.4123948735662692f,0.5569134854806937f,1.0618365706056285f,0f,0f,0f,1f],start_interpolation:0}
execute if entity @s[tag=aj.gravity_thrust.bone.body] run data modify entity @s {} merge value {transformation:[0.6695850522611484f,-0.03314171624984721f,-0.7419956094428387f,0.1423437833591601f,-0.286106522883993f,0.9104021610806265f,-0.298849397963181f,0.9605012196248701f,0.6854187882978303f,0.4123948735662692f,0.6001096174071822f,0.8814138134203858f,0f,0f,0f,1f],start_interpolation:0}
execute if entity @s[tag=aj.gravity_thrust.locator_origin.player_camera] at @s on origin run tp @s ^-0.46047 ^0.26192 ^0.43489 ~-91.09736 ~-2.58068
execute if entity @s[tag=aj.gravity_thrust.bone.right_leg2] run data modify entity @s {} merge value {transformation:[0.6493861171152238f,-0.7080377689767458f,-0.2774530385496709f,0.3823357426721139f,-0.1985424840822942f,0.19433912464523417f,-0.9606316602353662f,0.7721936258924618f,0.7340834781633792f,0.6789070793080276f,-0.01437444791978848f,0.8198689271431788f,0f,0f,0f,1f],start_interpolation:0}
execute if entity @s[tag=aj.gravity_thrust.bone.right_leg] run data modify entity @s {} merge value {transformation:[0.610236806054255f,-0.4062806457616057f,-0.6801081365608221f,0.23632863560153683f,-0.20909149141432526f,0.745446165216221f,-0.6329223988630546f,1.0400883415170412f,0.7641281232586812f,0.5284373677589076f,0.36994886079186995f,1.0097761061815362f,0f,0f,0f,1f],start_interpolation:0}
execute if entity @s[tag=aj.gravity_thrust.bone.left_leg2] run data modify entity @s {} merge value {transformation:[0.6200394353321997f,0.20810351277907935f,-0.7564681266265845f,-0.1641216303420029f,-0.5684904002857696f,0.7836640598744538f,-0.25037832582716535f,0.874281947222608f,0.5407122741494333f,0.5852893038746703f,0.604207470455349f,0.8378808574395156f,0f,0f,0f,1f],start_interpolation:0}
execute if entity @s[tag=aj.gravity_thrust.bone.left_leg] run data modify entity @s {} merge value {transformation:[0.5711000924848008f,0.6805951196711513f,-0.4589498528637558f,0.0804672407898171f,-0.6072963630862191f,0.7264685789706692f,0.32161239271922926f,1.1353565927901923f,0.5523004723391992f,0.09504570925690438f,0.8282092135479712f,0.8720379092037156f,0f,0f,0f,1f],start_interpolation:0}