execute if entity @s[tag=aj.gravity_thrust.bone.gravity_effect1] run data modify entity @s {} merge value {transformation:[0.061807987747828f,0.049959898775137526f,0.7709142502022793f,-0.1195001917496423f,0.5129032275626593f,0.575677096823906f,-0.07842932709265271f,3.9153721575388203f,-0.5776980628376485f,0.5164541496655607f,0.012847547892548827f,-16.39678922307672f,0f,0f,0f,1f],start_interpolation:0}
execute if entity @s[tag=aj.gravity_thrust.bone.gravity_effect2] run data modify entity @s {} merge value {transformation:[0.2271992743394849f,0.049959898775137526f,0.7392628072979118f,0.396075103784163f,0.483770159830992f,0.575677096823906f,-0.18758281544292846f,4.047805073350842f,-0.561223593763402f,0.5164541496655607f,0.1375797554021475f,-16.13363493802094f,0f,0f,0f,1f],start_interpolation:0}
execute if entity @s[tag=aj.gravity_thrust.bone.gravity_effect3] run data modify entity @s {} merge value {transformation:[-0.7733254720345566f,0.049959898775137526f,-0.009834775895178172f,0.14797025886680212f,0.03060384463881785f,0.575677096823906f,0.5179616635289936f,4.283242557233658f,0.04069544195427138f,0.5164541496655607f,-0.5764061001562782f,-16.588311089538077f,0f,0f,0f,1f],start_interpolation:0}
execute if entity @s[tag=aj.gravity_thrust.bone.gravity_effect4] run data modify entity @s {} merge value {transformation:[-0.032603533114022365f,0.049959898775137526f,0.7727004711677489f,0.10631806422417703f,0.5186382552782198f,0.575677096823906f,-0.015337547208188917f,3.4947761293384993f,-0.5749577113061858f,0.5164541496655607f,-0.057651899385672695f,-16.35594119903643f,0f,0f,0f,1f],start_interpolation:0}
execute if entity @s[tag=aj.gravity_thrust.bone.gravity_effect5] run data modify entity @s {} merge value {transformation:[-0.3255797206120163f,0.049959898775137526f,-0.7015175365167855f,0.45917940939230084f,-0.45378145184543817f,0.575677096823906f,0.25160141921985585f,3.555332155832894f,0.5373129809405762f,0.5164541496655607f,-0.21259085541474956f,-16.930490092092125f,0f,0f,0f,1f],start_interpolation:0}
execute if entity @s[tag=aj.gravity_thrust.bone.gravity_effect6] run data modify entity @s {} merge value {transformation:[0.6453080367846941f,0.049959898775137526f,-0.42627050821686224f,0.22853399994549378f,-0.3162781974410874f,0.575677096823906f,-0.4113258829879489f,4.057762617802594f,0.2901217666506609f,0.5164541496655607f,0.49972939858359583f,-16.99219420669634f,0f,0f,0f,1f],start_interpolation:0}
execute if entity @s[tag=aj.gravity_thrust.bone.gravity_effect7] run data modify entity @s {} merge value {transformation:[-0.7562514106333856f,0.049959898775137526f,0.16190371345152155f,0.15314014431757764f,0.1447056585981464f,0.575677096823906f,0.49827818792525524f,3.633593409610944f,-0.08814236373442164f,0.5164541496655607f,-0.5710788343202117f,-16.750917156484967f,0f,0f,0f,1f],start_interpolation:0}
execute if entity @s[tag=aj.gravity_thrust.bone.gravity_effect8] run data modify entity @s {} merge value {transformation:[-0.6878526350215166f,0.049959898775137526f,-0.35353608162157135f,0.292346155619158f,-0.20350181801898715f,0.575677096823906f,0.47729224826657973f,4.468435148424002f,0.29337819032253143f,0.5164541496655607f,-0.497824616442678f,-16.136359662990184f,0f,0f,0f,1f],start_interpolation:0}
execute if entity @s[tag=aj.gravity_thrust.bone.gravity_effect9] run data modify entity @s {} merge value {transformation:[-0.7733254720345566f,0.049959898775137526f,-0.009834775895178172f,0.7912949300634239f,0.03060384463881785f,0.575677096823906f,0.5179616635289936f,4.140204216828597f,0.04069544195427138f,0.5164541496655607f,-0.5764061001562782f,-16.499098592666478f,0f,0f,0f,1f],start_interpolation:0}
execute if entity @s[tag=aj.gravity_thrust.bone.right_arm2] run data modify entity @s {} merge value {transformation:[0.5276576630230222f,-0.7662156237545971f,-0.36673015770104933f,0.49699327456796694f,0.18117452416282925f,0.5233012794150322f,-0.8326653365890542f,5.232474673682252f,0.8299115509784494f,0.37292008376721136f,0.4149426811929582f,-15.67264745676922f,0f,0f,0f,1f],start_interpolation:0}
execute if entity @s[tag=aj.gravity_thrust.bone.right_arm] run data modify entity @s {} merge value {transformation:[0.5276576630230222f,-0.8075284339328012f,-0.26358152257531325f,0.3455816932055667f,0.18117452416282925f,0.4101397286477775f,-0.8938462925912374f,5.30937587280371f,0.8299115509784494f,0.4238905889197883f,0.3627169504969128f,-15.593167971346759f,0f,0f,0f,1f],start_interpolation:0}
execute if entity @s[tag=aj.gravity_thrust.bone.left_arm2] run data modify entity @s {} merge value {transformation:[-0.2668341142582892f,0.8604812865260053f,0.4340178694553304f,-0.5106977693077738f,-0.784864184711572f,0.0673188419197163f,-0.6160003125645533f,5.385231057167793f,-0.5592743218001636f,-0.5050149790463034f,0.6573979798522571f,-15.667655715316938f,0f,0f,0f,1f],start_interpolation:0}
execute if entity @s[tag=aj.gravity_thrust.bone.gravity_vortex] run data modify entity @s {} merge value {transformation:[-0.43081149135581265f,0.11213170318596162f,1.4683707881157457f,-0.6124733057980315f,-2.764948702760086f,1.3131743272717231f,-0.14626769650636506f,6.1463125450727265f,-5.532692367295845f,-0.6649867794409545f,-0.04124001774058375f,-13.512976384300867f,0f,0f,0f,1f],start_interpolation:0}
execute if entity @s[tag=aj.gravity_thrust.bone.slash] run data modify entity @s {} merge value {transformation:[-0.009456874919774826f,-0.015843080623700614f,0.000029840608400322782f,-0.675108664892597f,-0.10882705699306158f,-0.09747786295785926f,-0.000002972489706543826f,5.924948944806761f,0.04926486883832831f,-0.21837173696297824f,-8.380902356402084e-7f,-13.839404479900239f,0f,0f,0f,1f],start_interpolation:0}
execute if entity @s[tag=aj.gravity_thrust.bone.enchantment] run data modify entity @s {} merge value {transformation:[0.21915573798981725f,0.19511375092563293f,2.7622668765736207f,-0.7605063873189626f,2.521982598998169f,1.2004781093817487f,-0.27515557817022385f,5.456267801109745f,-1.1416751071391424f,2.689333577666297f,-0.0775798156134004f,-15.217740688568316f,0f,0f,0f,1f],start_interpolation:0}
execute if entity @s[tag=aj.gravity_thrust.locator_origin.gravity_thrust_locator1] at @s on origin run tp @s ^-0.67787 ^5.96468 ^-14.0788 ~88.39124 ~-5.68637
execute if entity @s[tag=aj.gravity_thrust.locator_origin.gravity_thrust_locator2] at @s on origin run tp @s ^-0.57045 ^6.62561 ^-12.59817 ~88.39124 ~-5.68637
execute if entity @s[tag=aj.gravity_thrust.bone.greatsword] run data modify entity @s {} merge value {transformation:[0.23839678478781684f,0.19969279037024146f,3.0047834847547246f,-0.7605063873189626f,2.7434031543354838f,1.2286516060685266f,-0.2993131996172603f,5.456267801109745f,-1.2419098733655056f,2.7524483733863474f,-0.08439103067210432f,-15.217740688568316f,0f,0f,0f,1f],start_interpolation:0}
execute if entity @s[tag=aj.gravity_thrust.bone.left_arm] run data modify entity @s {} merge value {transformation:[-0.2668341142582892f,0.9477828851149317f,0.17466298449073203f,-0.307106312311327f,-0.784864184711572f,-0.10853608040943133f,-0.6100886253704428f,5.259989013976489f,-0.5592743218001636f,-0.2998791788913877f,0.7728419702904301f,-15.812534800264805f,0f,0f,0f,1f],start_interpolation:0}
execute if entity @s[tag=aj.gravity_thrust.bone.head] run data modify entity @s {} merge value {transformation:[0.9574901742256152f,-0.047358580829550884f,-0.2845518073799777f,0.006939946386974011f,0.13547752343733957f,0.9447008340138828f,0.2986405445627893f,5.367823953357483f,0.2546731373833648f,-0.3244957611977162f,0.9109577893953313f,-15.578137945025029f,0f,0f,0f,1f],start_interpolation:0}
execute if entity @s[tag=aj.gravity_thrust.bone.body_top] run data modify entity @s {} merge value {transformation:[0.9574901742256152f,-0.27426829476930725f,-0.08938382821146909f,0.11493308745238875f,0.13547752343733957f,0.7011116982813279f,-0.7000630165751919f,5.09176122215921f,0.2546731373833648f,0.6581939600280516f,0.7084647514717338f,-15.837301816786074f,0f,0f,0f,1f],start_interpolation:0}
execute if entity @s[tag=aj.gravity_thrust.bone.body] run data modify entity @s {} merge value {transformation:[0.959048244296659f,-0.2701373092611297f,-0.0851604324592855f,0.233118160254133f,0.13546822799835806f,0.7015110554016919f,-0.6996646327721514f,4.78485013542097f,0.24874650613522334f,0.6594756047757651f,0.7093779686395387f,-16.12582239387547f,0f,0f,0f,1f],start_interpolation:0}
execute if entity @s[tag=aj.gravity_thrust.locator_origin.player_camera] at @s on origin run tp @s ^-0.07272 ^3.88294 ^-16.50502 ~-119.36204 ~-38.53932
execute if entity @s[tag=aj.gravity_thrust.bone.right_leg2] run data modify entity @s {} merge value {transformation:[0.933104317012613f,-0.3593870324977225f,0.012541708213219732f,0.4411717582908036f,0.16321942996640923f,0.39218688121830925f,-0.9052893835021464f,4.6102970949244435f,0.3204305716592365f,0.8467764823569066f,0.4246102185221149f,-16.203494722044436f,0f,0f,0f,1f],start_interpolation:0}
execute if entity @s[tag=aj.gravity_thrust.bone.right_leg] run data modify entity @s {} merge value {transformation:[0.9215128879057053f,-0.32497060805339434f,-0.21262196811499479f,0.324385446021615f,0.15139855333859625f,0.8048092369334371f,-0.5738994425799688f,4.899525414447398f,0.35762057473063125f,0.49666507431872636f,0.7908421640765666f,-16.025005710961143f,0f,0f,0f,1f],start_interpolation:0}
execute if entity @s[tag=aj.gravity_thrust.bone.left_leg2] run data modify entity @s {} merge value {transformation:[0.9986198451594427f,0.04117015119046838f,0.0326101748643628f,0.07222350897647606f,0.005104398551043683f,0.5418843751695056f,-0.840437546199946f,4.547877714516391f,-0.052271885073741614f,0.8394440675816991f,0.5409263419660102f,-16.16071991561934f,0f,0f,0f,1f],start_interpolation:0}
execute if entity @s[tag=aj.gravity_thrust.bone.left_leg] run data modify entity @s {} merge value {transformation:[0.9969653608704299f,0.07102614458980455f,0.03186465140561495f,0.09774852968843707f,-0.058392739396520565f,0.9530038222681412f,-0.29727765258775035f,4.890363463144004f,-0.0514816201208082f,0.2945148579053718f,0.9542592107298286f,-16.054878638559597f,0f,0f,0f,1f],start_interpolation:0}