execute if entity @s[tag=aj.gravity_thrust.bone.gravity_effect1] run data modify entity @s {} merge value {transformation:[-0.000007933533402912353f,0f,-0.000006087614290087206f,-0.0000031249999999999997f,0f,0.00001f,0f,0.2500221875f,0.000006087614290087206f,0f,-0.000007933533402912353f,-0.000003750000000000001f,0f,0f,0f,1f],start_interpolation:0}
execute if entity @s[tag=aj.gravity_thrust.bone.gravity_effect2] run data modify entity @s {} merge value {transformation:[0.00000953716950748227f,0f,-0.0000030070579950427343f,-0.0000017187500000000005f,0f,0.00001f,0f,0.2500220535714286f,0.0000030070579950427343f,0f,0.00000953716950748227f,0.00000265625f,0f,0f,0f,1f],start_interpolation:0}
execute if entity @s[tag=aj.gravity_thrust.bone.gravity_effect3] run data modify entity @s {} merge value {transformation:[3.445092848397666e-21f,0f,0.00001f,0.0000028125000000000006f,0f,0.00001f,0f,0.25002334821428573f,-0.00001f,0f,3.445092848397666e-21f,-0.0000028124999999999998f,0f,0f,0f,1f],start_interpolation:0}
execute if entity @s[tag=aj.gravity_thrust.bone.gravity_effect4] run data modify entity @s {} merge value {transformation:[0.00000843391445812886f,0f,0.0000053729960834682385f,-0.000005468750000000001f,0f,0.00001f,0f,0.25001794642857145f,-0.0000053729960834682385f,0f,0.00000843391445812886f,7.812499999999994e-7f,0f,0f,0f,1f],start_interpolation:0}
execute if entity @s[tag=aj.gravity_thrust.bone.gravity_effect5] run data modify entity @s {} merge value {transformation:[0.000002588190451025209f,0f,0.000009659258262890684f,0.00000203125f,0f,0.00001f,0f,0.2500143303571429f,-0.000009659258262890684f,0f,0.000002588190451025209f,0.0000026562500000000006f,0f,0f,0f,1f],start_interpolation:0}
execute if entity @s[tag=aj.gravity_thrust.bone.gravity_effect6] run data modify entity @s {} merge value {transformation:[-0.000005372996083468239f,0f,-0.000008433914458128856f,0.000005156250000000001f,0f,0.00001f,0f,0.25001558035714283f,0.000008433914458128856f,0f,-0.000005372996083468239f,-0.00000234375f,0f,0f,0f,1f],start_interpolation:0}
execute if entity @s[tag=aj.gravity_thrust.bone.gravity_effect7] run data modify entity @s {} merge value {transformation:[0.000005000000000000004f,0f,0.000008660254037844385f,-6.249999999999999e-7f,0f,0.00001f,0f,0.25001566964285715f,-0.000008660254037844385f,0f,0.000005000000000000004f,-6.250000000000002e-7f,0f,0f,0f,1f],start_interpolation:0}
execute if entity @s[tag=aj.gravity_thrust.bone.gravity_effect8] run data modify entity @s {} merge value {transformation:[0.000009848077530122082f,0f,-0.0000017364817766693087f,9.375000000000001e-7f,0f,0.00001f,0f,0.2500242857142857f,0.0000017364817766693087f,0f,0.000009848077530122082f,-3.124999999999999e-7f,0f,0f,0f,1f],start_interpolation:0}
execute if entity @s[tag=aj.gravity_thrust.bone.gravity_effect9] run data modify entity @s {} merge value {transformation:[3.445092848397666e-21f,0f,0.00001f,0.000004375f,0f,0.00001f,0f,0.25001982142857143f,-0.00001f,0f,3.445092848397666e-21f,0.000005625000000000001f,0f,0f,0f,1f],start_interpolation:0}
execute if entity @s[tag=aj.gravity_thrust.bone.right_arm2] run data modify entity @s {} merge value {transformation:[-0.5554349536107515f,-0.6389916791698591f,0.5321481431510463f,-0.2995295851682491f,0.46866939480500436f,0.2880681860239839f,0.835084258367958f,1.4367606753874074f,-0.6869068427964112f,0.7132365345048831f,0.13947270402100648f,-0.14620845572753638f,0f,0f,0f,1f],start_interpolation:0}
execute if entity @s[tag=aj.gravity_thrust.bone.right_arm] run data modify entity @s {} merge value {transformation:[-0.5554349536107515f,0.01732148667590045f,0.831379563380505f,-0.29513155144194625f,0.46866939480500436f,0.8323875762902424f,0.2957700478594253f,1.6481090834298517f,-0.6869068427964112f,0.5539231796350396f,-0.47045520550045383f,-0.005563898398327107f,0f,0f,0f,1f],start_interpolation:0}
execute if entity @s[tag=aj.gravity_thrust.bone.left_arm2] run data modify entity @s {} merge value {transformation:[-0.3132062589386894f,0.8747039550165592f,-0.36985785166739393f,0.3193571513386289f,-0.49949464557244283f,0.17950688372387952f,0.8475154144558087f,1.4684796694874198f,0.8077171153356169f,0.45018914888536676f,0.38068726248691154f,-0.3022043917116361f,0f,0f,0f,1f],start_interpolation:0}
execute if entity @s[tag=aj.gravity_thrust.bone.gravity_vortex] run data modify entity @s {} merge value {transformation:[-0.006705241475251684f,-0.002737007236188623f,0.041880305916165525f,-0.1227742068288903f,0.07262688055573718f,-0.03823087308673072f,-0.0018393265017295716f,2.1785872966477964f,-0.16061549102593214f,-0.01717291863415623f,-0.00258008805827148f,-2.575884879628407f,0f,0f,0f,1f],start_interpolation:0}
execute if entity @s[tag=aj.gravity_thrust.bone.slash] run data modify entity @s {} merge value {transformation:[-0.00010325027584287398f,0.00013285034163268233f,-0.00002991450422583244f,-0.103267027013681f,-0.0015091277198647382f,-0.0012095142916083575f,0.0000013138046440925478f,2.1426167570842205f,-0.0006001246831952774f,0.0030186972163413857f,0.0000018429200416224815f,-2.7423023682486383f,0f,0f,0f,1f],start_interpolation:0}
execute if entity @s[tag=aj.gravity_thrust.bone.enchantment] run data modify entity @s {} merge value {transformation:[-0.00524625504569566f,0.003375132751090633f,0.08245185227245089f,-0.012389779512870347f,-0.07668036574534727f,-0.030728346260535923f,-0.003621174050280094f,1.550003444821946f,-0.030492965966027755f,0.07669158931235655f,-0.005079548364721977f,-0.8447019041951647f,0f,0f,0f,1f],start_interpolation:0}
execute if entity @s[tag=aj.gravity_thrust.locator_origin.gravity_thrust_locator1] at @s on origin run tp @s ^-0.06341 ^2.01453 ^-2.00406 ~-93.52532 ~2.50998
execute if entity @s[tag=aj.gravity_thrust.locator_origin.gravity_thrust_locator2] at @s on origin run tp @s ^-0.12974 ^2.61841 ^-3.51123 ~-93.52532 ~2.50998
execute if entity @s[tag=aj.gravity_thrust.bone.greatsword] run data modify entity @s {} merge value {transformation:[0.19166212688986364f,-0.12330416954097771f,-3.0122243838511835f,-0.012389779512870347f,2.8013739060406464f,1.1226027230480466f,0.13229282874543016f,1.550003444821946f,1.1140035437324296f,-2.8017839380931395f,0.18557180974670817f,-0.8447019041951647f,0f,0f,0f,1f],start_interpolation:0}
execute if entity @s[tag=aj.gravity_thrust.bone.left_arm] run data modify entity @s {} merge value {transformation:[-0.3132062589386894f,0.16824853982964244f,-0.934662649412516f,0.3222685039287033f,-0.49949464557244283f,0.8078721760370381f,0.31280608406749477f,1.608010882800124f,0.8077171153356169f,0.5648318121621463f,-0.16899137718693075f,-0.060031799254147436f,0f,0f,0f,1f],start_interpolation:0}
execute if entity @s[tag=aj.gravity_thrust.bone.head] run data modify entity @s {} merge value {transformation:[-0.9976064501100897f,0.06472223841350584f,-0.02433932113864508f,0.02314080483039143f,0.0667785415291128f,0.9931175505745563f,-0.0962193178734826f,1.77035674720696f,0.01794427736046625f,-0.09761435650322672f,-0.9950625308564641f,-0.05132181818229283f,0f,0f,0f,1f],start_interpolation:0}
execute if entity @s[tag=aj.gravity_thrust.bone.body_top] run data modify entity @s {} merge value {transformation:[-0.9940529193389075f,0.05046165224503876f,-0.09650085598841257f,0.003271529258907415f,0.0645606249132724f,0.9867169199970448f,-0.14906926411018925f,1.3818369599581235f,0.08769674603201259f,-0.15441289273971387f,-0.9841066706872534f,0.009478258333969508f,0f,0f,0f,1f],start_interpolation:0}
execute if entity @s[tag=aj.gravity_thrust.bone.body] run data modify entity @s {} merge value {transformation:[-0.9940529193389075f,0.05893018578279126f,-0.09157525188281643f,-0.02251042702106376f,0.0645606249132724f,0.9961211561342277f,-0.059787691146401714f,0.946033954149399f,0.08769674603201259f,-0.06534428441275854f,-0.9940017128908688f,0.03806638276455137f,0f,0f,0f,1f],start_interpolation:0}
execute if entity @s[tag=aj.gravity_thrust.locator_origin.player_camera] at @s on origin run tp @s ^-0.07662 ^0.09623 ^-0.53263 ~-1.72319 ~-3.64996
execute if entity @s[tag=aj.gravity_thrust.bone.right_leg2] run data modify entity @s {} merge value {transformation:[-0.9643994282845336f,0.24870510206186774f,-0.08988612202593084f,-0.23094087764654297f,0.2643547455866537f,0.9157715403844997f,-0.30245504510193977f,0.6949567348852163f,0.007093039565671053f,-0.31544929549801926f,-0.9489159239677258f,-0.04282019639115566f,0f,0f,0f,1f],start_interpolation:0}
execute if entity @s[tag=aj.gravity_thrust.bone.right_leg] run data modify entity @s {} merge value {transformation:[-0.9676112955797912f,0.24892232880421436f,0.04202445584519067f,-0.14148441573252846f,0.25214470866037725f,0.9448608962917677f,0.2089519862391618f,1.0345161194900703f,0.01230555000685764f,0.21278054629454263f,-0.9770225240789614f,0.03364781243344559f,0f,0f,0f,1f],start_interpolation:0}
execute if entity @s[tag=aj.gravity_thrust.bone.left_leg2] run data modify entity @s {} merge value {transformation:[-0.9966369540808199f,0.013420529811837086f,0.08083731279598007f,0.19434654484941694f,-0.012138860841530753f,0.9514334434621556f,-0.3076151015786042f,0.6706386999803507f,-0.08103968051501366f,-0.3075618507573958f,-0.9480708191589432f,0.010073352225958399f,0f,0f,0f,1f],start_interpolation:0}
execute if entity @s[tag=aj.gravity_thrust.bone.left_leg] run data modify entity @s {} merge value {transformation:[-0.9681359717073901f,-0.250194554302187f,0.010743615951690405f,0.10443287689706847f,-0.24932304227146942f,0.9670084064189062f,0.052275831008856646f,1.0181573460371451f,-0.02346829518065823f,0.047931481436498974f,-0.9985748906359582f,0.027298728367200216f,0f,0f,0f,1f],start_interpolation:0}