execute if entity @s[tag=aj.gravity_thrust.bone.gravity_effect1] run data modify entity @s {} merge value {transformation:[0.3523152829574834f,-0.0520826087722183f,-0.6911350036411618f,-0.28733644453952967f,0.673849874139206f,0.20717002464285814f,0.32789202187923666f,1.8966301713571454f,0.16219290526149632f,-0.7475789140638983f,0.1390161096056054f,-9.231680220726172f,0f,0f,0f,1f],start_interpolation:0}
execute if entity @s[tag=aj.gravity_thrust.bone.gravity_effect2] run data modify entity @s {} merge value {transformation:[0.3802636654777084f,-0.0520826087722183f,0.6761606292745369f,0.088502908212998f,-0.6462519783112567f,0.20717002464285814f,0.379401122057203f,2.3045724039046007f,-0.2055825266073083f,-0.7475789140638983f,0.05803311124520016f,-9.525298817512947f,0f,0f,0f,1f],start_interpolation:0}
execute if entity @s[tag=aj.gravity_thrust.bone.gravity_effect3] run data modify entity @s {} merge value {transformation:[0.759405427083608f,-0.0520826087722183f,0.158420482196726f,0.08746011284090718f,-0.139394596404887f,0.20717002464285814f,0.7363124183270281f,1.7817141745782958f,-0.09153575153502475f,-0.7475789140638983f,0.19301094123898943f,-9.706220355516642f,0f,0f,0f,1f],start_interpolation:0}
execute if entity @s[tag=aj.gravity_thrust.bone.gravity_effect4] run data modify entity @s {} merge value {transformation:[-0.7756632550983431f,-0.0520826087722183f,-0.011839195653539358f,-0.19662069347734307f,-0.0024724869531015936f,0.20717002464285814f,-0.7493868945329538f,2.242558269131782f,0.05335402045309687f,-0.7475789140638983f,-0.20684623696971846f,-9.028063215253189f,0f,0f,0f,1f],start_interpolation:0}
execute if entity @s[tag=aj.gravity_thrust.bone.gravity_effect5] run data modify entity @s {} merge value {transformation:[0.404155122135329f,-0.0520826087722183f,0.6621572993747462f,0.36837019491995515f,-0.6322984916242089f,0.20717002464285814f,0.4022256187505061f,1.909346501872196f,-0.20338019751570494f,-0.7475789140638983f,0.06533385420679877f,-8.793720949922863f,0f,0f,0f,1f],start_interpolation:0}
execute if entity @s[tag=aj.gravity_thrust.bone.gravity_effect6] run data modify entity @s {} merge value {transformation:[0.031231983976417965f,-0.0520826087722183f,0.7751246448413163f,0.3016487720378185f,-0.7480944260404672f,0.20717002464285814f,0.044063143517698966f,1.4980235908890516f,-0.20948876557963803f,-0.7475789140638983f,-0.041790840419425046f,-9.011356048052571f,0f,0f,0f,1f],start_interpolation:0}
execute if entity @s[tag=aj.gravity_thrust.bone.gravity_effect7] run data modify entity @s {} merge value {transformation:[-0.27153741970139444f,-0.0520826087722183f,-0.7266781141367813f,0.04485158077814036f,0.6969937330239034f,0.20717002464285814f,-0.27529360147827864f,1.8508647565291352f,0.21206936560312645f,-0.7475789140638983f,-0.02566323089032034f,-8.827688132656078f,0f,0f,0f,1f],start_interpolation:0}
execute if entity @s[tag=aj.gravity_thrust.bone.gravity_effect8] run data modify entity @s {} merge value {transformation:[-0.1351699902672892f,-0.0520826087722183f,-0.7638865921029254f,0.10159230544233108f,0.7353765758619494f,0.20717002464285814f,-0.1442502081906028f,2.0040273113379916f,0.21320557076374813f,-0.7475789140638983f,0.01324393605944979f,-9.599607036130642f,0f,0f,0f,1f],start_interpolation:0}
execute if entity @s[tag=aj.gravity_thrust.bone.gravity_effect9] run data modify entity @s {} merge value {transformation:[0.759405427083608f,-0.0520826087722183f,0.158420482196726f,0.6169416452529669f,-0.139394596404887f,0.20717002464285814f,0.7363124183270281f,2.126421722161556f,-0.09153575153502475f,-0.7475789140638983f,0.19301094123898943f,-9.344350684926189f,0f,0f,0f,1f],start_interpolation:0}
execute if entity @s[tag=aj.gravity_thrust.bone.right_arm2] run data modify entity @s {} merge value {transformation:[-0.6195047731744731f,0.1290593690465931f,0.7743109939006033f,-0.20013315516433006f,-0.765094813287933f,-0.3199523753526695f,-0.5588026522718794f,2.7143468333612293f,0.17562392403641297f,-0.9386022356501607f,0.2969546775832509f,-10.719864445979969f,0f,0f,0f,1f],start_interpolation:0}
execute if entity @s[tag=aj.gravity_thrust.bone.right_arm] run data modify entity @s {} merge value {transformation:[-0.6195047731744731f,0.47201408611371853f,0.6272292551565783f,-0.11163051401800782f,-0.765094813287933f,-0.5418275727975217f,-0.3479264405535298f,2.6127541634616938f,0.17562392403641297f,-0.6954319404992679f,0.6968002966700537f,-10.850257934823581f,0f,0f,0f,1f],start_interpolation:0}
execute if entity @s[tag=aj.gravity_thrust.bone.left_arm2] run data modify entity @s {} merge value {transformation:[0.305653749968591f,0.2721538274637082f,-0.91241880697791f,0.2680762243132367f,-0.39561834635423787f,0.9079438690257831f,0.13828974917335685f,1.9236256802718064f,0.8660611463159378f,0.31870083918205483f,0.3851854955038907f,-11.211664218926279f,0f,0f,0f,1f],start_interpolation:0}
execute if entity @s[tag=aj.gravity_thrust.bone.gravity_vortex] run data modify entity @s {} merge value {transformation:[-0.21163221233129043f,-1.4459844524864836f,0.16693806861916421f,0.5023704265435527f,-0.8492527745755677f,-0.15846497197547216f,-1.4336251781587717f,2.041262540007163f,6.054199530691829f,-0.07277489015120456f,-0.19526622495269041f,-13.38258967479615f,0f,0f,0f,1f],start_interpolation:0}
execute if entity @s[tag=aj.gravity_thrust.bone.slash] run data modify entity @s {} merge value {transformation:[0.10977693256077398f,-0.017263048435647924f,0.000003438569507893613f,0.5606795371822542f,0.01137749246744779f,-0.03180079522184981f,-0.000029529632540623444f,2.056283879664204f,0.010318678693538136f,0.21871965190875398f,-0.0000040220693374353335f,-13.209935940791375f,0f,0f,0f,1f],start_interpolation:0}
execute if entity @s[tag=aj.gravity_thrust.bone.enchantment] run data modify entity @s {} merge value {transformation:[-2.7615565418116863f,0.2201142161371851f,0.3196101161398353f,0.29331997006303445f,-0.28621303237362117f,0.40547920252266223f,-2.7447370961120394f,1.8011298396932027f,-0.2595774356622468f,-2.78880667647773f,-0.37384559047277804f,-11.565192891513751f,0f,0f,0f,1f],start_interpolation:0}
execute if entity @s[tag=aj.gravity_thrust.locator_origin.gravity_thrust_locator1] at @s on origin run tp @s ^0.39066 ^1.98044 ^-12.79843 ~40.52798 ~-79.84068
execute if entity @s[tag=aj.gravity_thrust.locator_origin.gravity_thrust_locator2] at @s on origin run tp @s ^0.51719 ^2.21354 ^-14.40164 ~40.52798 ~-79.84068
execute if entity @s[tag=aj.gravity_thrust.bone.greatsword] run data modify entity @s {} merge value {transformation:[-2.991691038644742f,0.23523023507705623f,0.3462448462809541f,0.29331997006303445f,-0.31006461433295873f,0.43332488833350685f,-2.973469943326666f,1.8011298396932027f,-0.2812093384101643f,-2.980323859152579f,-0.40500003745008567f,-11.565192891513751f,0f,0f,0f,1f],start_interpolation:0}
execute if entity @s[tag=aj.gravity_thrust.bone.left_arm] run data modify entity @s {} merge value {transformation:[0.305653749968591f,0.0682191207430623f,-0.9496957074216887f,0.32333772324507615f,-0.39561834635423787f,0.9163533539415741f,-0.061503290545842526f,2.1032617254629202f,0.8660611463159378f,0.3945157567006311f,0.30707557466664814f,-11.004777636461629f,0f,0f,0f,1f],start_interpolation:0}
execute if entity @s[tag=aj.gravity_thrust.bone.head] run data modify entity @s {} merge value {transformation:[-0.5712617254480276f,0.6798000692685611f,-0.4599259797626164f,0.0055213567169987154f,0.8207192716409673f,0.4670153933616925f,-0.3291147209110284f,2.352212956899033f,-0.008939697716520215f,-0.5654807584575128f,-0.8247130371341619f,-11.051802672701209f,0f,0f,0f,1f],start_interpolation:0}
execute if entity @s[tag=aj.gravity_thrust.bone.body_top] run data modify entity @s {} merge value {transformation:[-0.6326810723826677f,-0.2403501253004042f,-0.7361701419623035f,0.10015921855403288f,0.7410799098163979f,0.08798568740733412f,-0.6656268369574492f,2.317568592482395f,0.22475592965534252f,-0.9666904034278705f,0.12245177011878514f,-10.671168326351484f,0f,0f,0f,1f],start_interpolation:0}
execute if entity @s[tag=aj.gravity_thrust.bone.body] run data modify entity @s {} merge value {transformation:[-0.461227231172593f,0.14753811301694553f,-0.8749296808499885f,0.035611294109119215f,0.8687943537132834f,0.2753408589160666f,-0.41156261050693266f,2.1971069667066163f,0.18018271887387483f,-0.9499578499169117f,-0.2551749815331755f,-10.255561767012836f,0f,0f,0f,1f],start_interpolation:0}
execute if entity @s[tag=aj.gravity_thrust.locator_origin.player_camera] at @s on origin run tp @s ^-0.18685 ^1.37414 ^-9.68634 ~-50.21029 ~-60.8945
execute if entity @s[tag=aj.gravity_thrust.bone.right_leg2] run data modify entity @s {} merge value {transformation:[-0.27250457446778736f,-0.6857159594836824f,-0.6749332409975841f,0.005303443160645436f,0.9621528819744225f,-0.19549172094625453f,-0.1898547306489483f,2.4147182710871165f,-0.001757442016991231f,-0.7011252455523511f,0.7130359748615158f,-9.991147832633379f,0f,0f,0f,1f],start_interpolation:0}
execute if entity @s[tag=aj.gravity_thrust.bone.right_leg] run data modify entity @s {} merge value {transformation:[-0.39412386535980815f,0.010219953089477096f,-0.9190005066988225f,0.008976238802176267f,0.9027594602003302f,-0.18317219370056081f,-0.38919571487072246f,2.3488907639759775f,-0.17231290077255457f,-0.983027720877582f,0.06296637367337152f,-10.34442341982376f,0f,0f,0f,1f],start_interpolation:0}
execute if entity @s[tag=aj.gravity_thrust.bone.left_leg2] run data modify entity @s {} merge value {transformation:[-0.4699022609499007f,-0.8760851896709758f,-0.10801206225853421f,0.3411828036990068f,0.7132932899099381f,-0.30477455068319803f,-0.6311300625269815f,2.0837970481736696f,0.5200043727927951f,-0.3736137225732279f,0.7681199376278074f,-10.1515255958745f,0f,0f,0f,1f],start_interpolation:0}
execute if entity @s[tag=aj.gravity_thrust.bone.left_leg] run data modify entity @s {} merge value {transformation:[-0.4451356967720264f,-0.6309088343045384f,-0.6354590893643515f,0.11444994137081332f,0.6882431890571188f,0.21293982871276554f,-0.6935257328061194f,2.1603222991173197f,0.5728660612881246f,-0.7460634504814363f,0.33943158910149196f,-10.419642148391265f,0f,0f,0f,1f],start_interpolation:0}