execute if entity @s[tag=aj.gravity_thrust.bone.gravity_effect1] run data modify entity @s {} merge value {transformation:[-0.2388113866874494f,-0.051915195683428464f,-0.735458315641049f,-0.0676796242364576f,0.7060608682770791f,0.2065038500025891f,-0.243842593125002f,1.561769050736758f,0.21230207694752914f,-0.7451751286719516f,-0.0163357195282573f,-10.451311646947874f,0f,0f,0f,1f],start_interpolation:0}
execute if entity @s[tag=aj.gravity_thrust.bone.gravity_effect2] run data modify entity @s {} merge value {transformation:[0.7522877357355029f,-0.051915195683428464f,0.17886580198322352f,-0.12396602256720249f,-0.1592693239403719f,0.2065038500025891f,0.7298043863842456f,2.1648984196441203f,-0.09654763132012763f,-0.7451751286719516f,0.1897829878972644f,-10.727158823786455f,0f,0f,0f,1f],start_interpolation:0}
execute if entity @s[tag=aj.gravity_thrust.bone.gravity_effect3] run data modify entity @s {} merge value {transformation:[0.6313828275264182f,-0.051915195683428464f,-0.4464140875486531f,0.3256961935166659f,0.44248969674803684f,0.2065038500025891f,0.6018172714420371f,1.8734404454644882f,0.07863582756336698f,-0.7451751286719516f,0.19787732116684031f,-10.85364847504205f,0f,0f,0f,1f],start_interpolation:0}
execute if entity @s[tag=aj.gravity_thrust.bone.gravity_effect4] run data modify entity @s {} merge value {transformation:[-0.36477585092837816f,-0.051915195683428464f,0.6818125776462539f,-0.3299225839771174f,-0.6650692364950945f,0.2065038500025891f,-0.34009420842163773f,1.8125551692134687f,-0.15889143855887822f,-0.7451751286719516f,-0.14174815117464745f,-10.27070735964655f,0f,0f,0f,1f],start_interpolation:0}
execute if entity @s[tag=aj.gravity_thrust.bone.gravity_effect5] run data modify entity @s {} merge value {transformation:[0.7673629778664749f,-0.051915195683428464f,-0.09530935241122723f,0.2150844200141445f,0.10581314188876396f,0.2065038500025891f,0.739448942752464f,2.007592461450107f,-0.024137920447388973f,-0.7451751286719516f,0.21155705709149958f,-9.868890713807541f,0f,0f,0f,1f],start_interpolation:0}
execute if entity @s[tag=aj.gravity_thrust.bone.gravity_effect6] run data modify entity @s {} merge value {transformation:[0.46377111237599433f,-0.051915195683428464f,0.6187456406171151f,0.5419330020676688f,-0.589300434083367f,0.2065038500025891f,0.45902740476279147f,1.7529595163256457f,-0.19561787677686357f,-0.7451751286719516f,0.08409919080497924f,-10.106157832750005f,0f,0f,0f,1f],start_interpolation:0}
execute if entity @s[tag=aj.gravity_thrust.bone.gravity_effect7] run data modify entity @s {} merge value {transformation:[-0.721037801620746f,-0.051915195683428464f,-0.27934620292939916f,0.07890997858549077f,0.25687865657705455f,0.2065038500025891f,-0.7014232072930549f,1.7399702463459692f,0.12142011542199017f,-0.7451751286719516f,-0.1749176468503137f,-10.02666521277945f,0f,0f,0f,1f],start_interpolation:0}
execute if entity @s[tag=aj.gravity_thrust.bone.gravity_effect8] run data modify entity @s {} merge value {transformation:[-0.733540625783729f,-0.051915195683428464f,0.24463843275733793f,0.13558288028750914f,-0.24943626411262937f,0.2065038500025891f,-0.7041041897898654f,2.0076399026365586f,-0.018019447004551103f,-0.7451751286719516f,-0.2121658010575471f,-10.784071115052852f,0f,0f,0f,1f],start_interpolation:0}
execute if entity @s[tag=aj.gravity_thrust.bone.gravity_effect9] run data modify entity @s {} merge value {transformation:[0.6313828275264182f,-0.051915195683428464f,-0.4464140875486531f,0.28736038231325944f,0.44248969674803684f,0.2065038500025891f,0.6018172714420371f,2.4333996596424807f,0.07863582756336698f,-0.7451751286719516f,0.19787732116684031f,-10.393544123030829f,0f,0f,0f,1f],start_interpolation:0}
execute if entity @s[tag=aj.gravity_thrust.bone.right_arm2] run data modify entity @s {} merge value {transformation:[-0.25460266952908317f,-0.30228153107040306f,-0.9185876967619352f,0.5384111891977662f,0.9494601014553623f,0.10218994245347615f,-0.29678735048133037f,2.1912685364007327f,0.18358375857639828f,-0.9477252194782451f,0.2609864210105085f,-11.956524683194015f,0f,0f,0f,1f],start_interpolation:0}
execute if entity @s[tag=aj.gravity_thrust.bone.right_arm] run data modify entity @s {} merge value {transformation:[-0.25460266952908317f,-0.6922835878437341f,-0.6752191604737464f,0.40860801647706607f,0.9494601014553623f,-0.04639756151236188f,-0.3104396592416623f,2.182568993617165f,0.18358375857639828f,-0.7201324185786343f,0.6691085885706811f,-12.09154951167751f,0f,0f,0f,1f],start_interpolation:0}
execute if entity @s[tag=aj.gravity_thrust.bone.left_arm2] run data modify entity @s {} merge value {transformation:[-0.5100654795661399f,0.5948657704731035f,0.621263166198033f,-0.3670630333267291f,-0.04122648454340727f,-0.7383628454242686f,0.6731423961311378f,2.2896714518745167f,0.8591470092639304f,0.3177342027802781f,0.40113762333696057f,-12.474686075333926f,0f,0f,0f,1f],start_interpolation:0}
execute if entity @s[tag=aj.gravity_thrust.bone.gravity_vortex] run data modify entity @s {} merge value {transformation:[-0.1565899960630151f,0.5385762656015392f,-1.3605050869041588f,-0.46076969598665357f,0.1028112858130629f,1.3609857810575825f,0.5380957354855282f,2.22289907215335f,6.144700865077521f,-0.009046663789539711f,-0.04367402198258899f,-14.64581235069751f,0f,0f,0f,1f],start_interpolation:0}
execute if entity @s[tag=aj.gravity_thrust.bone.slash] run data modify entity @s {} merge value {transformation:[-0.04207279760337282f,-0.0021446815811436734f,-0.00002788484616377452f,-0.46094393354670843f,-0.10591462388903547f,0.013068917611702893f,0.000011028784052208451f,2.15205709817063f,0.0056795254518366345f,0.2278283195253109f,-8.95140632740311e-7f,-14.465887824003369f,0f,0f,0f,1f],start_interpolation:0}
execute if entity @s[tag=aj.gravity_thrust.bone.enchantment] run data modify entity @s {} merge value {transformation:[1.0308577440517888f,0.02669299392652028f,-2.598690673895736f,-0.42600532509497924f,2.595095084325745f,-0.1626574972725565f,1.0278126726091512f,2.375008609158425f,-0.13915839041080721f,-2.8355817492196045f,-0.08342142540306913f,-12.807348045286982f,0f,0f,0f,1f],start_interpolation:0}
execute if entity @s[tag=aj.gravity_thrust.locator_origin.gravity_thrust_locator1] at @s on origin run tp @s ^-0.41426 ^2.30343 ^-14.05524 ~-88.16136 ~21.56929
execute if entity @s[tag=aj.gravity_thrust.locator_origin.gravity_thrust_locator2] at @s on origin run tp @s ^-0.39899 ^2.21037 ^-15.6775 ~-88.16136 ~21.56929
execute if entity @s[tag=aj.gravity_thrust.bone.greatsword] run data modify entity @s {} merge value {transformation:[1.113827440333649f,0.028388951198059616f,-2.807849092880073f,-0.42600532509497924f,2.8039641084092843f,-0.1729920504526592f,1.1105372830348788f,2.375008609158425f,-0.15035870340654214f,-3.0157423374200656f,-0.09013568871343408f,-12.807348045286982f,0f,0f,0f,1f],start_interpolation:0}
execute if entity @s[tag=aj.gravity_thrust.bone.left_arm] run data modify entity @s {} merge value {transformation:[-0.5100654795661399f,0.7074167683908176f,0.4892797996591074f,-0.2539670261747922f,-0.04122648454340727f,-0.5882933865077336f,0.8075959808985274f,2.1374447946796575f,0.8591470092639304f,0.39175554519464706f,0.32923245478246665f,-12.269353812877274f,0f,0f,0f,1f],start_interpolation:0}
execute if entity @s[tag=aj.gravity_thrust.bone.head] run data modify entity @s {} merge value {transformation:[0.9998831792613964f,-0.008530135437122083f,0.012683241681313753f,0.1363064120764116f,-0.014314758934280997f,-0.8135078208941838f,0.5813777713506512f,2.246343698937691f,0.005358685172286579f,-0.5814914119171672f,-0.8135348931421464f,-12.301337942488432f,0f,0f,0f,1f],start_interpolation:0}
execute if entity @s[tag=aj.gravity_thrust.bone.body_top] run data modify entity @s {} merge value {transformation:[0.9637455165845212f,0.24588007006025103f,-0.10362224862644309f,0.03949113449018775f,0.06563519845455659f,0.15796072733945163f,0.9852616045204554f,2.1841466625477817f,0.25862443810874736f,-0.9563427208723646f,0.13609555557540157f,-11.92477799614494f,0f,0f,0f,1f],start_interpolation:0}
execute if entity @s[tag=aj.gravity_thrust.bone.body] run data modify entity @s {} merge value {transformation:[0.9664417410327969f,0.1662562175061877f,0.19582959768643637f,-0.033245960668769364f,-0.14735190772266515f,-0.2656595175307147f,0.9527394376406588f,2.3003727014674693f,0.21042285161072102f,-0.9496230256717045f,-0.2322462758240258f,-11.509317922413569f,0f,0f,0f,1f],start_interpolation:0}
execute if entity @s[tag=aj.gravity_thrust.locator_origin.player_camera] at @s on origin run tp @s ^-0.58299 ^2.95781 ^-10.94688 ~-56.3914 ~55.54358
execute if entity @s[tag=aj.gravity_thrust.bone.right_leg2] run data modify entity @s {} merge value {transformation:[0.9358939063724832f,0.27266807094836365f,0.22305765868974692f,0.15092157883990387f,-0.3514781060177752f,0.6799829847348338f,0.6434953624240535f,2.1910865588887134f,0.023785226612566927f,-0.6806432718806561f,0.7322287889987555f,-11.24038144153212f,0f,0f,0f,1f],start_interpolation:0}
execute if entity @s[tag=aj.gravity_thrust.bone.right_leg] run data modify entity @s {} merge value {transformation:[0.9659191254722787f,-0.12027863403724395f,0.22920142504138769f,0.10769644473276933f,-0.21541000219203643f,0.11745333967446236f,0.9694344969903546f,2.2332963528342233f,-0.14352272991583948f,-0.9857676010061652f,0.08754120632053716f,-11.59464167314371f,0f,0f,0f,1f],start_interpolation:0}
execute if entity @s[tag=aj.gravity_thrust.bone.left_leg2] run data modify entity @s {} merge value {transformation:[0.8349556531617471f,0.2864592896550145f,-0.46988310527575294f,-0.3090220923106042f,-0.05399385776954896f,0.8923634804584952f,0.44807597800725907f,2.1198693845592946f,0.547662049603952f,-0.34875276932856675f,0.760550974826312f,-11.417651746438331f,0f,0f,0f,1f],start_interpolation:0}
execute if entity @s[tag=aj.gravity_thrust.bone.left_leg] run data modify entity @s {} merge value {transformation:[0.7983340229491533f,0.5704232525191011f,-0.19308055517671907f,-0.10402623593655219f,-0.059979150622556876f,0.3943377915169571f,0.9170061110331408f,2.261584528385701f,0.5992205681486718f,-0.7204963699888142f,0.34902677768406887f,-11.67658012940306f,0f,0f,0f,1f],start_interpolation:0}