execute if entity @s[tag=aj.gravity_thrust.bone.gravity_effect1] run data modify entity @s {} merge value {transformation:[0.6659328459921287f,0.07196700907360072f,0.38984509004709045f,-0.013787428478515773f,0.3554333931168068f,0.22914048084770752f,-0.6494511090870159f,2.4949818083049813f,-0.17557205838714f,0.7368448884547424f,0.16388734750376882f,-6.66835212130759f,0f,0f,0f,1f],start_interpolation:0}
execute if entity @s[tag=aj.gravity_thrust.bone.gravity_effect2] run data modify entity @s {} merge value {transformation:[0.645496929723403f,0.07196700907360072f,-0.42282320575231047f,0.5260521910909006f,-0.42337999588815134f,0.22914048084770752f,-0.6073458809596313f,2.5902894297339656f,0.06861554342428106f,0.7368448884547424f,0.23016628241058462f,-6.368623514638922f,0f,0f,0f,1f],start_interpolation:0}
execute if entity @s[tag=aj.gravity_thrust.bone.gravity_effect3] run data modify entity @s {} merge value {transformation:[0.30240664044117194f,0.07196700907360072f,-0.7099267380667418f,0.18295981275055512f,-0.6892213386738633f,0.22914048084770752f,-0.2703582555674776f,2.9994048179296033f,0.18479494076865838f,0.7368448884547424f,0.15341264688553688f,-6.509645413534107f,0f,0f,0f,1f],start_interpolation:0}
execute if entity @s[tag=aj.gravity_thrust.bone.gravity_effect4] run data modify entity @s {} merge value {transformation:[0.7682957782699924f,0.07196700907360072f,0.07188425903845214f,0.27342331923257124f,0.04766215314669717f,0.22914048084770752f,-0.738815240228775f,2.193788827486213f,-0.0898605377789817f,0.7368448884547424f,0.22273233736525685f,-6.789915948515816f,0f,0f,0f,1f],start_interpolation:0}
execute if entity @s[tag=aj.gravity_thrust.bone.gravity_effect5] run data modify entity @s {} merge value {transformation:[-0.5910159614054425f,0.07196700907360072f,0.4961309131358388f,0.5015190277873076f,0.4921760129196521f,0.22914048084770752f,0.5530663724575888f,2.5877924477068297f,-0.09533050755406403f,0.7368448884547424f,-0.22044660280349743f,-7.3334187661095775f,0f,0f,0f,1f],start_interpolation:0}
execute if entity @s[tag=aj.gravity_thrust.bone.gravity_effect6] run data modify entity @s {} merge value {transformation:[-0.7401925551876609f,0.07196700907360072f,-0.21808422879649506f,0.1931074697766361f,-0.1886517069724897f,0.22914048084770752f,0.7159121269354554f,2.9581052624685737f,0.1309599736603807f,0.7368448884547424f,-0.20133081149439294f,-7.214671859771287f,0f,0f,0f,1f],start_interpolation:0}
execute if entity @s[tag=aj.gravity_thrust.bone.gravity_effect7] run data modify entity @s {} merge value {transformation:[0.7480445134035285f,0.07196700907360072f,0.18940737992981893f,0.2497149850415462f,0.1609320783981315f,0.22914048084770752f,-0.7226482589609826f,2.578580271241003f,-0.1231067508682451f,0.7368448884547424f,0.20622642471027383f,-6.865644304701282f,0f,0f,0f,1f],start_interpolation:0}
execute if entity @s[tag=aj.gravity_thrust.bone.gravity_effect8] run data modify entity @s {} merge value {transformation:[-0.4464014835945174f,0.07196700907360072f,0.6294215320829231f,0.3535557184421685f,0.6160016901678729f,0.22914048084770752f,0.41068425553849214f,2.860132696189669f,-0.14796159351310736f,0.7368448884547424f,-0.189187677196958f,-6.341738723569597f,0f,0f,0f,1f],start_interpolation:0}
execute if entity @s[tag=aj.gravity_thrust.bone.gravity_effect9] run data modify entity @s {} merge value {transformation:[0.30240664044117194f,0.07196700907360072f,-0.7099267380667418f,0.83696005405176f,-0.6892213386738633f,0.22914048084770752f,-0.2703582555674776f,2.9375800549654802f,0.18479494076865838f,0.7368448884547424f,0.15341264688553688f,-6.643450026018736f,0f,0f,0f,1f],start_interpolation:0}
execute if entity @s[tag=aj.gravity_thrust.bone.right_arm2] run data modify entity @s {} merge value {transformation:[-0.4173505027605918f,0.49986836904626003f,-0.7589138103055665f,-0.0021449544453939484f,-0.4548657535497447f,0.6080661758787577f,0.6506555709434959f,2.4628405413582235f,0.7867119575124709f,0.6167553318611974f,-0.026403721852801f,-5.384150074138954f,0f,0f,0f,1f],start_interpolation:0}
execute if entity @s[tag=aj.gravity_thrust.bone.right_arm] run data modify entity @s {} merge value {transformation:[-0.4173505027605918f,0.39653379597182586f,-0.8176671122759285f,0.0722051322993234f,-0.4548657535497447f,0.6877916795722361f,0.5657205597809093f,2.5918014812780177f,0.7867119575124709f,0.6080325272247997f,-0.10668055935135928f,-5.270143975284304f,0f,0f,0f,1f],start_interpolation:0}
execute if entity @s[tag=aj.gravity_thrust.bone.left_arm2] run data modify entity @s {} merge value {transformation:[-0.28217696400431513f,0.16556388394821453f,-0.9449681271436036f,0.4103925593910849f,0.4924529731456762f,-0.8203282424508379f,-0.29077765367631514f,3.369429705836108f,-0.8233263206197716f,-0.5474031192544497f,0.14994530604592915f,-5.213925466080574f,0f,0f,0f,1f],start_interpolation:0}
execute if entity @s[tag=aj.gravity_thrust.bone.gravity_vortex] run data modify entity @s {} merge value {transformation:[1.6083272456733353f,1.2839921433970156f,-0.3079621595350529f,-0.2330159654938071f,1.3575078668703837f,-0.40204823351911156f,-1.2743642758892846f,3.2642189824945853f,-5.376997129794169f,0.2825547179807676f,-0.4138487352475283f,-3.3154885742031692f,0f,0f,0f,1f],start_interpolation:0}
execute if entity @s[tag=aj.gravity_thrust.bone.slash] run data modify entity @s {} merge value {transformation:[-0.042637753642154025f,0.029540246924014073f,-0.000006720079451061231f,-0.14504487100911934f,0.014001826339320941f,0.020568192976227136f,-0.000027808056666765107f,3.426345265278602f,-0.011387282824136851f,-0.08531776365898584f,-0.000009030643199097466f,-3.776373752745026f,0f,0f,0f,1f],start_interpolation:0}
execute if entity @s[tag=aj.gravity_thrust.bone.enchantment] run data modify entity @s {} merge value {transformation:[2.483968503041476f,-0.9210373209157318f,-0.6042085457897609f,0.4197121794737264f,-0.8157112568318852f,-0.6412970549512182f,-2.500248040551376f,3.683815279609664f,0.6633945143492826f,2.6601282199544984f,-0.8119534649268477f,-4.989460435141863f,0f,0f,0f,1f],start_interpolation:0}
execute if entity @s[tag=aj.gravity_thrust.locator_origin.gravity_thrust_locator1] at @s on origin run tp @s ^0.02095 ^3.40617 ^-3.83777 ~-36.65448 ~-67.962
execute if entity @s[tag=aj.gravity_thrust.locator_origin.gravity_thrust_locator2] at @s on origin run tp @s ^-0.49744 ^3.04523 ^-2.34056 ~-36.65448 ~-67.962
execute if entity @s[tag=aj.gravity_thrust.bone.greatsword] run data modify entity @s {} merge value {transformation:[2.781884783350337f,-0.9636713522013635f,-0.6766746669471378f,0.4197121794737264f,-0.9135440848825891f,-0.6709821481426539f,-2.800116817139542f,3.683815279609664f,0.7429591408130432f,2.7832632842758582f,-0.9093355999091199f,-4.989460435141863f,0f,0f,0f,1f],start_interpolation:0}
execute if entity @s[tag=aj.gravity_thrust.bone.left_arm] run data modify entity @s {} merge value {transformation:[-0.28217696400431513f,-0.19656714384024584f,-0.9390087959906422f,0.32597865293048406f,0.4924529731456762f,-0.8696720341900306f,0.03406790553817579f,3.21356831893181f,-0.8233263206197716f,-0.45280449524078525f,0.3422014886940825f,-5.430042379968242f,0f,0f,0f,1f],start_interpolation:0}
execute if entity @s[tag=aj.gravity_thrust.bone.head] run data modify entity @s {} merge value {transformation:[-0.28684443767609524f,0.9577544380390685f,-0.020656838837368185f,0.20696797926430816f,-0.9349276123035978f,-0.27517604335585205f,0.22402791101849728f,2.900393207789816f,0.20887945884308073f,0.08357380917181206f,0.9743637873473822f,-5.199926926739384f,0f,0f,0f,1f],start_interpolation:0}
execute if entity @s[tag=aj.gravity_thrust.bone.body_top] run data modify entity @s {} merge value {transformation:[-0.28684443767609524f,0.3139058100257738f,-0.905087515661523f,0.08336756656665972f,-0.9349276123035978f,0.11427372290034074f,0.3359343328788971f,2.8553979293978067f,0.20887945884308073f,0.9425522047539641f,0.26070042766912116f,-5.571056857361258f,0f,0f,0f,1f],start_interpolation:0}
execute if entity @s[tag=aj.gravity_thrust.bone.body] run data modify entity @s {} merge value {transformation:[-0.2902909738070158f,0.31268488930660376f,-0.904411029635028f,-0.053432072504979417f,-0.9344488256709464f,0.11106939304357287f,0.3383326501109838f,2.8068050699412437f,0.20624389137223814f,0.9433407390377291f,0.2599455853508327f,-5.983768430690264f,0f,0f,0f,1f],start_interpolation:0}
execute if entity @s[tag=aj.gravity_thrust.locator_origin.player_camera] at @s on origin run tp @s ^-0.50662 ^3.32564 ^-6.74285 ~-97.49035 ~59.2975
execute if entity @s[tag=aj.gravity_thrust.bone.right_leg2] run data modify entity @s {} merge value {transformation:[-0.29757866978218483f,-0.07284996599714039f,-0.9519137659183634f,-0.2283342896566517f,-0.9144197529394179f,0.30830957346060006f,0.2622626972078882f,2.6571151702119256f,0.27437829856765095f,0.948492535219312f,-0.1583618006602684f,-6.148412716354493f,0f,0f,0f,1f],start_interpolation:0}
execute if entity @s[tag=aj.gravity_thrust.bone.right_leg] run data modify entity @s {} merge value {transformation:[-0.3201307991537904f,0.5310641944176634f,-0.7845298546522455f,-0.03748309478780394f,-0.8936594737793759f,0.10559931371481668f,0.43614393251233946f,2.6950649235781876f,0.3144662404098792f,0.8407256427339882f,0.44078495583674127f,-5.846276938496966f,0f,0f,0f,1f],start_interpolation:0}
execute if entity @s[tag=aj.gravity_thrust.bone.left_leg2] run data modify entity @s {} merge value {transformation:[-0.25656054588591337f,-0.023697042077728436f,-0.9662376190624583f,-0.1748822499920308f,-0.9589450719136353f,-0.11874086946652886f,0.25753631777068875f,3.024398987483688f,-0.12083474395750032f,0.9926424613702047f,0.007740060569932705f,-6.1276703867773055f,0f,0f,0f,1f],start_interpolation:0}
execute if entity @s[tag=aj.gravity_thrust.bone.left_leg] run data modify entity @s {} merge value {transformation:[-0.3071661865259612f,0.5840672910927961f,-0.751341688801188f,0.03501693274444279f,-0.9391555965747224f,-0.31358779811058085f,0.14017652549030674f,2.9117033725376977f,-0.15373906230192613f,0.7486842407528559f,0.6448536332927369f,-5.858611987756748f,0f,0f,0f,1f],start_interpolation:0}