execute if entity @s[tag=aj.gravity_thrust.bone.gravity_effect1] run data modify entity @s {} merge value {transformation:[0.19989291719375207f,7.73485082550887e-9f,0.006543825774857771f,0.2761206458120411f,-0.005667123453885099f,0.09999998784754853f,0.17311235121229376f,3.2908826490345837f,-0.0032719057948201666f,-0.17320508777310809f,0.09994644667010298f,0.7100116945670321f,0f,0f,0f,1f],start_interpolation:0}
execute if entity @s[tag=aj.gravity_thrust.bone.gravity_effect2] run data modify entity @s {} merge value {transformation:[-0.17689584517646634f,7.73485082550887e-9f,0.0933159148232689f,0.1450821103373235f,-0.08081395266730396f,0.09999998784754853f,-0.15319630375690169f,3.2461079160139157f,-0.04665795766630165f,-0.17320508777310809f,-0.08844790871422299f,0.7755747776601889f,0f,0f,0f,1f],start_interpolation:0}
execute if entity @s[tag=aj.gravity_thrust.bone.gravity_effect3] run data modify entity @s {} merge value {transformation:[-0.09905383813460432f,7.73485082550887e-9f,0.17374791265164463f,0.22727477978309985f,-0.15047011039069594f,0.09999998784754853f,-0.0857831470016221f,3.382891269704798f,-0.08687394908610621f,-0.17320508777310809f,-0.049526907229248074f,0.7703497637625851f,0f,0f,0f,1f],start_interpolation:0}
execute if entity @s[tag=aj.gravity_thrust.bone.gravity_effect4] run data modify entity @s {} merge value {transformation:[0.1999881008995067f,7.73485082550887e-9f,0.002181627513724742f,0.2007157515820482f,-0.0018893487922094498f,0.09999998784754853f,0.17319478280719516f,3.1564412537489446f,-0.0010908069261226852f,-0.17320508777310809f,0.09999403837109411f,0.805404551676943f,0f,0f,0f,1f],start_interpolation:0}
execute if entity @s[tag=aj.gravity_thrust.bone.gravity_effect5] run data modify entity @s {} merge value {transformation:[-0.03042468634616606f,7.73485082550887e-9f,0.19767230069166833f,0.12567068037781692f,-0.17118924036973746f,0.09999998784754853f,-0.02634855616769885f,3.2453049835408407f,-0.09883613935382977f,-0.17320508777310809f,-0.015212334703794204f,0.9218543910637043f,0f,0f,0f,1f],start_interpolation:0}
execute if entity @s[tag=aj.gravity_thrust.bone.gravity_effect6] run data modify entity @s {} merge value {transformation:[-0.09492006583808796f,7.73485082550887e-9f,-0.1760402826096714f,0.20608707811236218f,0.15245536484053582f,0.09999998784754853f,-0.08220318827046336f,3.338751635311936f,0.08802012742908377f,-0.17320508777310809f,-0.04746003304758409f,0.9325045670327206f,0f,0f,0f,1f],start_interpolation:0}
execute if entity @s[tag=aj.gravity_thrust.bone.gravity_effect7] run data modify entity @s {} merge value {transformation:[-0.18867349710074768f,7.73485082550887e-9f,-0.06634991704421396f,0.2028093207740891f,0.05746071967531062f,0.09999998784754853f,-0.16339604684595496f,3.187866160504827f,0.033174948171316f,-0.17320508777310809f,-0.09433673930839681f,0.95268173218318f,0f,0f,0f,1f],start_interpolation:0}
execute if entity @s[tag=aj.gravity_thrust.bone.gravity_effect8] run data modify entity @s {} merge value {transformation:[0.0745165889807355f,7.73485082550887e-9f,-0.18559977900492242f,0.18868419715733326f,0.16073412862514894f,0.09999998784754853f,0.06453326526377073f,3.2984605538936216f,0.09279988072077563f,-0.17320508777310809f,0.037258283746299053f,0.8182617270876327f,0f,0f,0f,1f],start_interpolation:0}
execute if entity @s[tag=aj.gravity_thrust.bone.gravity_effect9] run data modify entity @s {} merge value {transformation:[-0.09905383813460432f,7.73485082550887e-9f,0.17374791265164463f,0.056186695981478685f,-0.15047011039069594f,0.09999998784754853f,-0.0857831470016221f,3.3087081437219865f,-0.08687394908610621f,-0.17320508777310809f,-0.049526907229248074f,0.8718576767571284f,0f,0f,0f,1f],start_interpolation:0}
execute if entity @s[tag=aj.gravity_thrust.bone.right_arm2] run data modify entity @s {} merge value {transformation:[-0.9962583297536985f,-0.08414109915791361f,0.019738688630923457f,0.06215136000047986f,-0.02722724588797898f,0.08880336471711192f,-0.9956769754776267f,4.711766499992124f,0.08202449315738519f,-0.9924889106924157f,-0.09076202220563584f,-0.8267807120208304f,0f,0f,0f,1f],start_interpolation:0}
execute if entity @s[tag=aj.gravity_thrust.bone.right_arm] run data modify entity @s {} merge value {transformation:[-0.9962583297536985f,-0.06551975436618529f,0.056360466500599f,0.04986640605682012f,-0.02722724588797898f,-0.38098291613009205f,-0.9241810941035128f,4.640332203217731f,0.08202449315738519f,-0.922257653481285f,0.37777348122581106f,-0.9997040220485713f,0f,0f,0f,1f],start_interpolation:0}
execute if entity @s[tag=aj.gravity_thrust.bone.left_arm2] run data modify entity @s {} merge value {transformation:[0.42114617539433963f,0.2796468238849768f,-0.8628056286567474f,0.2294700252370251f,-0.27382332139767346f,0.9460955362294206f,0.17298562074782703f,3.8965357934883462f,0.8646714333256691f,0.16340407038323512f,0.47501833877517197f,-1.560256767568749f,0f,0f,0f,1f],start_interpolation:0}
execute if entity @s[tag=aj.gravity_thrust.bone.gravity_vortex] run data modify entity @s {} merge value {transformation:[2.276431973612127f,-1.0671714160029526f,-0.4270435295063478f,-0.5419991127644502f,-0.8199524014994642f,0.3798111311996021f,-1.196922418302722f,3.9870467757539028f,4.757522109960113f,0.5760919483946173f,-0.0019514079785360287f,-3.689161397437161f,0f,0f,0f,1f],start_interpolation:0}
execute if entity @s[tag=aj.gravity_thrust.bone.slash] run data modify entity @s {} merge value {transformation:[0.05344400609181833f,0.048544243354755864f,-0.00001008110280435651f,-0.4498767209851495f,-0.019025934230838506f,-0.017504818681165123f,-0.00002825542857819928f,3.987376975271064f,-0.02580177129482473f,0.11345904639934803f,-4.606636814660087e-8f,-3.7005630122197797f,0f,0f,0f,1f],start_interpolation:0}
execute if entity @s[tag=aj.gravity_thrust.bone.enchantment] run data modify entity @s {} merge value {transformation:[-2.145539311053255f,-0.9744178071533987f,-0.8407419487156222f,0.13298252266333196f,0.7638066980167305f,0.3513703346711593f,-2.356441011033484f,3.776624654962335f,1.0358264407189843f,-2.2774382203515637f,-0.0038418344577428065f,-1.9849257335934487f,0f,0f,0f,1f],start_interpolation:0}
execute if entity @s[tag=aj.gravity_thrust.locator_origin.gravity_thrust_locator1] at @s on origin run tp @s ^-0.35385 ^3.95217 ^-3.12276 ~-89.73818 ~-70.36419
execute if entity @s[tag=aj.gravity_thrust.locator_origin.gravity_thrust_locator2] at @s on origin run tp @s ^-0.98673 ^4.18039 ^-4.60195 ~-89.73818 ~-70.36419
execute if entity @s[tag=aj.gravity_thrust.bone.greatsword] run data modify entity @s {} merge value {transformation:[-2.5905221669838236f,-1.1765111533171964f,-1.0151110462720097f,0.13298252266333196f,0.9222194961935829f,0.42424421500779946f,-2.8451646832214554f,3.776624654962335f,1.2506558803218688f,-2.749776787292096f,-0.0046386273480952265f,-1.9849257335934487f,0f,0f,0f,1f],start_interpolation:0}
execute if entity @s[tag=aj.gravity_thrust.bone.left_arm] run data modify entity @s {} merge value {transformation:[0.42114617539433963f,-0.11119132089598482f,-0.9001513145622386f,0.2543154669373213f,-0.27382332139767346f,0.9305606341119215f,-0.24305903583278837f,4.094948036841617f,0.8646714333256691f,0.3488458060499287f,0.3614552752304341f,-1.3649613868905583f,0f,0f,0f,1f],start_interpolation:0}
execute if entity @s[tag=aj.gravity_thrust.bone.head] run data modify entity @s {} merge value {transformation:[-0.8610572222693508f,0.38137923530244194f,-0.3363485377668745f,0.09316910575075323f,0.4876188792195182f,0.8068954032493452f,-0.3333881174303865f,4.461875458977472f,0.14425078372920822f,-0.45107614334522395f,-0.8807508298595628f,-1.297201297892206f,0f,0f,0f,1f],start_interpolation:0}
execute if entity @s[tag=aj.gravity_thrust.bone.body_top] run data modify entity @s {} merge value {transformation:[-0.29738045218981995f,0.0687906854658602f,-0.9522776424176487f,0.06608277334857077f,0.7932860601834383f,0.5728145276315216f,-0.20635102047946008f,4.23632973872256f,0.5312834397701628f,-0.8167933389342825f,-0.22491453509849063f,-0.9755889206868322f,0f,0f,0f,1f],start_interpolation:0}
execute if entity @s[tag=aj.gravity_thrust.bone.body] run data modify entity @s {} merge value {transformation:[-0.14740034673244362f,0.44130345156016804f,-0.8851691371846613f,-0.12698748670900276f,0.8247840571956684f,0.5487860603585345f,0.13625387683295842f,3.996235837315701f,0.5458977896813721f,-0.7099895235827366f,-0.4448713068110275f,-0.664968504119385f,0f,0f,0f,1f],start_interpolation:0}
execute if entity @s[tag=aj.gravity_thrust.locator_origin.player_camera] at @s on origin run tp @s ^-0.75969 ^3.19838 ^-0.5471 ~-40.79503 ~-24.41997
execute if entity @s[tag=aj.gravity_thrust.bone.right_leg2] run data modify entity @s {} merge value {transformation:[0.005881672119613615f,-0.6044940800257066f,-0.7965879192825812f,-0.12377483966682305f,0.9852052428300642f,0.13994538703074055f,-0.09892379970952625f,4.160797056721036f,0.17127765596607056f,-0.7842207570975733f,0.5963738497822298f,-0.3349232660428939f,0f,0f,0f,1f],start_interpolation:0}
execute if entity @s[tag=aj.gravity_thrust.bone.right_leg] run data modify entity @s {} merge value {transformation:[-0.10868011850026912f,0.06303147037260032f,-0.992076441402292f,-0.10112290500166982f,0.9939827441121927f,-0.006835821181684076f,-0.10932326356255215f,4.158340433483868f,-0.013672463200266494f,-0.9979881288329236f,-0.0619092760303116f,-0.6935752498422258f,0f,0f,0f,1f],start_interpolation:0}
execute if entity @s[tag=aj.gravity_thrust.bone.left_leg2] run data modify entity @s {} merge value {transformation:[-0.5585982259567043f,-0.6576940479173641f,-0.5053776422558627f,0.0644359688718112f,0.5106557566904498f,0.2074353771629101f,-0.834386758320256f,3.7298932972911336f,0.6536044064393437f,-0.7241609652800634f,0.21998221802618506f,-0.5680314395381982f,0f,0f,0f,1f],start_interpolation:0}
execute if entity @s[tag=aj.gravity_thrust.bone.left_leg] run data modify entity @s {} merge value {transformation:[-0.5172751941048779f,-0.22937748973181352f,-0.8245073321493828f,-0.01799656650055928f,0.44370518541289605f,0.7519390835210215f,-0.48755853301042096f,4.000121405431501f,0.7318142400920253f,-0.6180401134860892f,-0.2871834537723814f,-0.7901396053222616f,0f,0f,0f,1f],start_interpolation:0}