execute if entity @s[tag=aj.f8fq.locator_origin.f8fq0] at @s on origin run tp @s ^0.53125 ^0.5 ^-0.0625 ~90 ~0
execute if entity @s[tag=aj.f8fq.bone.f8fq0] run data modify entity @s {} merge value {transformation:[-9.957992501029599e-17f,0f,1f,0.53125f,0f,1f,0f,0.46875f,-1f,0f,-9.957992501029599e-17f,6.505936120470313e-17f,0f,0f,0f,1f],start_interpolation:0}
execute if entity @s[tag=aj.f8fq.locator_origin.f8fq1] at @s on origin run tp @s ^-0.05125 ^1.05994 ^-0.0551 ~23.12495 ~28.39375
execute if entity @s[tag=aj.f8fq.bone.f8fq1] run data modify entity @s {} merge value {transformation:[-0.809017002208951f,0.4755282486216314f,0.3454914975794428f,0.03125f,0.5877852415098921f,0.6545085024205571f,0.4755282642728583f,1.09375f,-9.90760082210979e-17f,0.5877852541720008f,-0.8090169930093908f,3.827021247335479e-18f,0f,0f,0f,1f],start_interpolation:0}
execute if entity @s[tag=aj.f8fq.locator_origin.f8fq2] at @s on origin run tp @s ^-0.46875 ^0.5 ^0 ~36 ~0
execute if entity @s[tag=aj.f8fq.bone.f8fq2] run data modify entity @s {} merge value {transformation:[-0.8090169943749475f,0f,0.5877852522924731f,-0.46875f,0f,1f,0f,0.5f,-0.5877852522924731f,0f,-0.8090169943749475f,-5.740531871003219e-17f,0f,0f,0f,1f],start_interpolation:0}
execute if entity @s[tag=aj.f8fq.locator_origin.f8fq3] at @s on origin run tp @s ^-0.05125 ^0.05994 ^-0.0551 ~23.12495 ~28.39375
execute if entity @s[tag=aj.f8fq.bone.f8fq3] run data modify entity @s {} merge value {transformation:[-0.809017002208951f,0.4755282486216314f,0.3454914975794428f,0.03125f,0.5877852415098921f,0.6545085024205571f,0.4755282642728583f,0.09375f,-9.90760082210979e-17f,0.5877852541720008f,-0.8090169930093908f,3.827021247335479e-18f,0f,0f,0f,1f],start_interpolation:0}
execute if entity @s[tag=aj.f8fq.locator_origin.f8fq4] at @s on origin run tp @s ^-0.46875 ^-0.5 ^0 ~63.33333 ~0
execute if entity @s[tag=aj.f8fq.bone.f8fq4] run data modify entity @s {} merge value {transformation:[-0.4487991802004623f,0f,0.8936326403234122f,-0.46875f,0f,1f,0f,-0.5f,-0.8936326403234122f,0f,-0.4487991802004623f,-5.740531871003219e-17f,0f,0f,0f,1f],start_interpolation:0}
execute if entity @s[tag=aj.f8fq.locator_origin.f8fq5] at @s on origin run tp @s ^0.48706 ^-0.5 ^-0.04419 ~45 ~0
execute if entity @s[tag=aj.f8fq.bone.f8fq5] run data modify entity @s {} merge value {transformation:[-0.7071067811865474f,0f,0.7071067811865477f,0.53125f,0f,1f,0f,-0.53125f,-0.7071067811865477f,0f,-0.7071067811865474f,6.505936120470313e-17f,0f,0f,0f,1f],start_interpolation:0}
execute if entity @s[tag=aj.f8fq.locator_origin.f8fq6] at @s on origin run tp @s ^-0.01264 ^-0.99082 ^0 ~23.12495 ~28.39375
execute if entity @s[tag=aj.f8fq.bone.f8fq6] run data modify entity @s {} merge value {transformation:[-0.809017002208951f,0.4755282486216314f,0.3454914975794428f,0f,0.5877852415098921f,0.6545085024205571f,0.4755282642728583f,-1f,-9.90760082210979e-17f,0.5877852541720008f,-0.8090169930093908f,0f,0f,0f,0f,1f],start_interpolation:0}