execute if entity @s[tag=aj.f8fq.locator_origin.f8fq0] at @s on origin run tp @s ^0.53125 ^0.5 ^-0.0625 ~90 ~0
execute if entity @s[tag=aj.f8fq.locator_origin.f8fq1] at @s on origin run tp @s ^-0.04088 ^1.09928 ^-0.07585 ~48.07439 ~28.39375
execute if entity @s[tag=aj.f8fq.bone.f8fq1] run data modify entity @s {} merge value {transformation:[-0.5877852684663442f,0.4755282489596544f,0.6545084893378487f,0.03125f,0.8090169826239421f,0.3454915106621512f,0.4755282724364945f,1.09375f,-1.2749408599258545e-16f,0.8090169964232826f,-0.5877852494731818f,3.827021247335479e-18f,0f,0f,0f,1f],start_interpolation:0}
execute if entity @s[tag=aj.f8fq.locator_origin.f8fq2] at @s on origin run tp @s ^-0.46875 ^0.5 ^0 ~54 ~0
execute if entity @s[tag=aj.f8fq.bone.f8fq2] run data modify entity @s {} merge value {transformation:[-0.587785252292473f,0f,0.8090169943749476f,-0.46875f,0f,1f,0f,0.5f,-0.8090169943749476f,0f,-0.587785252292473f,-5.740531871003219e-17f,0f,0f,0f,1f],start_interpolation:0}
execute if entity @s[tag=aj.f8fq.locator_origin.f8fq3] at @s on origin run tp @s ^-0.04088 ^0.09928 ^-0.07585 ~48.07439 ~28.39375
execute if entity @s[tag=aj.f8fq.bone.f8fq3] run data modify entity @s {} merge value {transformation:[-0.5877852684663442f,0.4755282489596544f,0.6545084893378487f,0.03125f,0.8090169826239421f,0.3454915106621512f,0.4755282724364945f,0.09375f,-1.2749408599258545e-16f,0.8090169964232826f,-0.5877852494731818f,3.827021247335479e-18f,0f,0f,0f,1f],start_interpolation:0}
execute if entity @s[tag=aj.f8fq.locator_origin.f8fq4] at @s on origin run tp @s ^-0.46875 ^-0.5 ^0 ~90 ~0
execute if entity @s[tag=aj.f8fq.bone.f8fq4] run data modify entity @s {} merge value {transformation:[-9.957992501029599e-17f,0f,1f,-0.46875f,0f,1f,0f,-0.5f,-1f,0f,-9.957992501029599e-17f,-5.740531871003219e-17f,0f,0f,0f,1f],start_interpolation:0}
execute if entity @s[tag=aj.f8fq.locator_origin.f8fq5] at @s on origin run tp @s ^0.51164 ^-0.5 ^-0.05935 ~71.71875 ~0
execute if entity @s[tag=aj.f8fq.bone.f8fq5] run data modify entity @s {} merge value {transformation:[-0.3136817403988911f,0f,0.9495281805930367f,0.53125f,0f,1f,0f,-0.53125f,-0.9495281805930367f,0f,-0.3136817403988911f,6.505936120470313e-17f,0f,0f,0f,1f],start_interpolation:0}
execute if entity @s[tag=aj.f8fq.locator_origin.f8fq6] at @s on origin run tp @s ^-0.00918 ^-0.98736 ^0 ~48.07439 ~28.39375
execute if entity @s[tag=aj.f8fq.bone.f8fq6] run data modify entity @s {} merge value {transformation:[-0.5877852684663442f,0.4755282489596544f,0.6545084893378487f,0f,0.8090169826239421f,0.3454915106621512f,0.4755282724364945f,-1f,-1.2749408599258545e-16f,0.8090169964232826f,-0.5877852494731818f,0f,0f,0f,0f,1f],start_interpolation:0}