execute if entity @s[tag=aj.rkss_cancel.bone.black_knight_shield] run data modify entity @s {} merge value {transformation:[0.6381985161780536f,-0.3562129327410318f,-0.6825064105897937f,0.4858933451847026f,0.34202014332566866f,0.9254165783983234f,-0.16317591116653482f,1.1211934459616686f,0.6897281170922496f,-0.12929231598812455f,0.7124314854909258f,0.6737457975548568f,0f,0f,0f,1f],start_interpolation:0}
execute if entity @s[tag=aj.rkss_cancel.bone.right_arm2] run data modify entity @s {} merge value {transformation:[0.6381985161780536f,-0.3562129327410318f,-0.6825064105897937f,0.3213843560089106f,0.34202014332566866f,0.9254165783983234f,-0.16317591116653482f,1.067920441132265f,0.6897281170922496f,-0.12929231598812455f,0.7124314854909258f,0.5039793873401264f,0f,0f,0f,1f],start_interpolation:0}
execute if entity @s[tag=aj.rkss_cancel.bone.right_arm] run data modify entity @s {} merge value {transformation:[0.6381985161780536f,-0.3562129327410318f,-0.6825064105897937f,0.23233112282365265f,0.34202014332566866f,0.9254165783983234f,-0.16317591116653482f,1.2992745857318457f,0.6897281170922496f,-0.12929231598812455f,0.7124314854909258f,0.47165630834309524f,0f,0f,0f,1f],start_interpolation:0}
execute if entity @s[tag=aj.rkss_cancel.bone.flame_slash] run data modify entity @s {} merge value {transformation:[0.000008873600263968026f,-2.625059125962279f,-3.1711034838063866e-7f,-2.0666019247182725f,0.0000013858320858426226f,0.4829736325520673f,0.000011091734356016812f,1.7275099122869726f,-0.00000677504153383252f,-3.339375099545067f,0.0000018534751151569907f,-2.4020495041413525f,0f,0f,0f,1f],start_interpolation:0}
execute if entity @s[tag=aj.rkss_cancel.locator_origin.rkss1] at @s on origin run tp @s ^-1.66239 ^1.67105 ^-2.01781 ~-170.29129 ~80.378
execute if entity @s[tag=aj.rkss_cancel.locator_origin.rkss2] at @s on origin run tp @s ^-2.35319 ^1.79815 ^-2.89659 ~-170.29129 ~80.378
execute if entity @s[tag=aj.rkss_cancel.locator_origin.rkss3] at @s on origin run tp @s ^-3.044 ^1.92525 ^-3.77538 ~-170.29129 ~80.378
execute if entity @s[tag=aj.rkss_cancel.locator_origin.rkss4] at @s on origin run tp @s ^-3.7348 ^2.05235 ^-4.65416 ~-170.29129 ~80.378
execute if entity @s[tag=aj.rkss_cancel.locator_origin.rkss5] at @s on origin run tp @s ^-4.59831 ^2.21122 ^-5.75264 ~-170.29129 ~80.378
execute if entity @s[tag=aj.rkss_cancel.bone.sword_body] run data modify entity @s {} merge value {transformation:[0.7982233971377972f,-2.7963568986902585f,-0.028525614409269477f,-3.5484536457155222f,0.12466231997351594f,0.5144899922120363f,0.9977553207755877f,2.0170290960979376f,-0.6094478574660475f,-3.5572854358105994f,0.16672907939504114f,-4.387463140506372f,0f,0f,0f,1f],start_interpolation:0}
execute if entity @s[tag=aj.rkss_cancel.bone.ringed_knight_straight_sword] run data modify entity @s {} merge value {transformation:[0.7887644679082689f,-0.6140489183537494f,-0.028187586522723435f,-0.6181073309867602f,0.123185074297122f,0.11297628831627307f,0.9859319427570499f,1.4853200962009796f,-0.6022259141184462f,-0.7811403741625887f,0.16475334356951027f,-0.6817938696415003f,0f,0f,0f,1f],start_interpolation:0}
execute if entity @s[tag=aj.rkss_cancel.bone.left_arm2] run data modify entity @s {} merge value {transformation:[0.028187586522723282f,0.388978442447938f,-0.920815525106305f,-0.3021533908877475f,-0.9859319427570499f,-0.1410093579434326f,-0.08974722961568286f,1.4709938323304894f,-0.16475334356951063f,0.9103911973888792f,0.3795315579757627f,-0.18554020690764558f,0f,0f,0f,1f],start_interpolation:0}
execute if entity @s[tag=aj.rkss_cancel.bone.left_arm] run data modify entity @s {} merge value {transformation:[0.028187586522723282f,0.388978442447938f,-0.920815525106305f,-0.2013853319604226f,-0.9859319427570499f,-0.1410093579434326f,-0.08974722961568286f,1.3125f,-0.16475334356951063f,0.9103911973888792f,0.3795315579757627f,0.021463424493385397f,0f,0f,0f,1f],start_interpolation:0}
execute if entity @s[tag=aj.rkss_cancel.bone.head] run data modify entity @s {} merge value {transformation:[0.9257239692688906f,0f,-0.3781998581716423f,0.010851129084512828f,0f,1f,0f,1.45625f,0.3781998581716423f,0f,0.9257239692688906f,0.2508363405125214f,0f,0f,0f,1f],start_interpolation:0}
execute if entity @s[tag=aj.rkss_cancel.bone.body_top] run data modify entity @s {} merge value {transformation:[0.6791566753437934f,0f,-0.7339933312612352f,0.010851129084512828f,0f,1f,0f,1.0625f,0.7339933312612352f,0f,0.6791566753437934f,0.2508363405125214f,0f,0f,0f,1f],start_interpolation:0}
execute if entity @s[tag=aj.rkss_cancel.bone.body] run data modify entity @s {} merge value {transformation:[0.6791566753437934f,0f,-0.7339933312612352f,0.010851129084512828f,0f,1f,0f,0.625f,0.7339933312612352f,0f,0.6791566753437934f,0.2508363405125214f,0f,0f,0f,1f],start_interpolation:0}
execute if entity @s[tag=aj.rkss_cancel.bone.right_leg2] run data modify entity @s {} merge value {transformation:[0.7288029358297027f,-0.6238540721421546f,-0.2822275277106355f,0.28148030171994964f,0.3617350300938647f,0.7007589002035802f,-0.614885950228544f,0.3777096902019614f,0.5813725558787558f,0.34603910249727554f,0.7363850153376852f,0.3089913595534568f,0f,0f,0f,1f],start_interpolation:0}
execute if entity @s[tag=aj.rkss_cancel.bone.right_leg] run data modify entity @s {} merge value {transformation:[0.7288029358297027f,-0.423047150775301f,-0.5384026271731092f,0.12944773191007589f,0.3617350300938647f,0.9055034707423684f,-0.22183604864069265f,0.703125f,0.5813725558787558f,-0.033084327020882875f,0.8129645616978505f,0.297101679530327f,0f,0f,0f,1f],start_interpolation:0}
execute if entity @s[tag=aj.rkss_cancel.bone.left_leg2] run data modify entity @s {} merge value {transformation:[0.5888865107872117f,0.12549326639784952f,-0.7984135003252775f,-0.29250025653877865f,-0.21874843381852369f,0.9757486903988191f,-0.007975956803575324f,0.42318303802334956f,0.7780499984671978f,0.17934863610796678f,0.6020566971734521f,0.24438037262679357f,0f,0f,0f,1f],start_interpolation:0}
execute if entity @s[tag=aj.rkss_cancel.bone.left_leg] run data modify entity @s {} merge value {transformation:[0.5888865107872117f,0.5856038454786623f,-0.5570285572333491f,-0.08204887456988441f,-0.21874843381852369f,0.7789689376741578f,0.5876704151484378f,0.703125f,0.7780499984671978f,-0.22422205578264864f,0.5868242237551178f,0.16380057132990422f,0f,0f,0f,1f],start_interpolation:0}
execute if entity @s[tag=aj.rkss_cancel.locator_origin.player_camera] at @s on origin run tp @s ^0.2903 ^0 ^-0.19254 ~-147.77778 ~0
execute if entity @s[tag=aj.rkss_cancel.locator_origin.flame1] at @s on origin run tp @s ^0.0625 ^0.01562 ^-0.25001 ~0 ~0
execute if entity @s[tag=aj.rkss_cancel.locator_origin.flame2] at @s on origin run tp @s ^0.0625 ^0.01562 ^-0.24999 ~0 ~0
execute if entity @s[tag=aj.rkss_cancel.locator_origin.flame3] at @s on origin run tp @s ^0.06251 ^0.01562 ^-0.25 ~0 ~0
execute if entity @s[tag=aj.rkss_cancel.locator_origin.flame4] at @s on origin run tp @s ^0.06249 ^0.01562 ^-0.25 ~0 ~0