execute if entity @s[tag=aj.rkss_cancel.bone.black_knight_shield] run data modify entity @s {} merge value {transformation:[0.7455082795475254f,-0.372930828747862f,-0.5523947882588334f,0.5501656909503094f,0.34202014332566866f,0.9254165783983234f,-0.16317591116653482f,1.1236559905454526f,0.5720486226585794f,-0.06728115185527545f,0.8174555767253959f,0.5720423500855873f,0f,0f,0f,1f],start_interpolation:0}
execute if entity @s[tag=aj.rkss_cancel.bone.right_arm2] run data modify entity @s {} merge value {transformation:[0.7455082795475254f,-0.372930828747862f,-0.5523947882588334f,0.35935063458300576f,0.34202014332566866f,0.9254165783983234f,-0.16317591116653482f,1.070382985716049f,0.5720486226585794f,-0.06728115185527545f,0.8174555767253959f,0.43249502542337936f,0f,0f,0f,1f],start_interpolation:0}
execute if entity @s[tag=aj.rkss_cancel.bone.right_arm] run data modify entity @s {} merge value {transformation:[0.7455082795475254f,-0.372930828747862f,-0.5523947882588334f,0.2661179273960403f,0.34202014332566866f,0.9254165783983234f,-0.16317591116653482f,1.3017371303156298f,0.5720486226585794f,-0.06728115185527545f,0.8174555767253959f,0.4156747374595605f,0f,0f,0f,1f],start_interpolation:0}
execute if entity @s[tag=aj.rkss_cancel.bone.flame_slash] run data modify entity @s {} merge value {transformation:[5.625513617461609f,-6.551353594650516f,4.4341917997949437e-10f,-3.647044473313634f,1.0255157435235407f,1.004076762410877f,0.000011091734356016812f,1.0980155985697648f,-6.050416431911061f,-5.921085388933879f,0.0000018804065461850903f,1.6830041923395946f,0f,0f,0f,1f],start_interpolation:0}
execute if entity @s[tag=aj.rkss_cancel.locator_origin.rkss1] at @s on origin run tp @s ^-2.02036 ^1.67105 ^-1.71993 ~179.98649 ~80.378
execute if entity @s[tag=aj.rkss_cancel.locator_origin.rkss2] at @s on origin run tp @s ^-2.84965 ^1.79815 ^-2.46944 ~179.98649 ~80.378
execute if entity @s[tag=aj.rkss_cancel.locator_origin.rkss3] at @s on origin run tp @s ^-3.67893 ^1.92525 ^-3.21894 ~179.98649 ~80.378
execute if entity @s[tag=aj.rkss_cancel.locator_origin.rkss4] at @s on origin run tp @s ^-4.50822 ^2.05235 ^-3.96845 ~179.98649 ~80.378
execute if entity @s[tag=aj.rkss_cancel.locator_origin.rkss5] at @s on origin run tp @s ^-5.54483 ^2.21122 ^-4.90533 ~179.98649 ~80.378
execute if entity @s[tag=aj.rkss_cancel.bone.sword_body] run data modify entity @s {} merge value {transformation:[0.6838408703369381f,-3.3569204926094667f,0.000039887706643325044f,-4.279507542383655f,0.12466231997351594f,0.5144899922120363f,0.9977553207755877f,2.0170290960979376f,-0.7354923159115805f,-3.033970399160383f,0.1691516922833322f,-3.737051132184761f,0f,0f,0f,1f],start_interpolation:0}
execute if entity @s[tag=aj.rkss_cancel.bone.ringed_knight_straight_sword] run data modify entity @s {} merge value {transformation:[0.6757373714668599f,-0.737142457907231f,0.000039415038220399496f,-0.7654641570827216f,0.123185074297122f,0.11297628831627307f,0.9859319427570499f,1.4853200962009796f,-0.7267767485779052f,-0.6662262040994519f,0.1671472485497858f,-0.5794549965937359f,0f,0f,0f,1f],start_interpolation:0}
execute if entity @s[tag=aj.rkss_cancel.bone.left_arm2] run data modify entity @s {} merge value {transformation:[-0.00003941503822060821f,0.5371312365236569f,-0.8434986859486042f,-0.370244746667741f,-0.9859319427570499f,-0.1410093579434326f,-0.08974722961568286f,1.4709938323304894f,-0.16714724854978613f,0.8316287607598405f,0.5295804014304983f,-0.14368417646910675f,0f,0f,0f,1f],start_interpolation:0}
execute if entity @s[tag=aj.rkss_cancel.bone.left_arm] run data modify entity @s {} merge value {transformation:[-0.00003941503822060821f,0.5371312365236569f,-0.8434986859486042f,-0.23596686441660436f,-0.9859319427570499f,-0.1410093579434326f,-0.08974722961568286f,1.3125f,-0.16714724854978613f,0.8316287607598405f,0.5295804014304983f,0.04332960765213012f,0f,0f,0f,1f],start_interpolation:0}
execute if entity @s[tag=aj.rkss_cancel.bone.head] run data modify entity @s {} merge value {transformation:[0.9762960071199334f,0f,-0.2164396139381028f,0.0119560544244066f,0f,1f,0f,1.45625f,0.2164396139381028f,0f,0.9762960071199334f,0.23356755421735528f,0f,0f,0f,1f],start_interpolation:0}
execute if entity @s[tag=aj.rkss_cancel.bone.body_top] run data modify entity @s {} merge value {transformation:[0.7933533402912352f,0f,-0.6087614290087205f,0.0119560544244066f,0f,1f,0f,1.0625f,0.6087614290087205f,0f,0.7933533402912352f,0.23356755421735528f,0f,0f,0f,1f],start_interpolation:0}
execute if entity @s[tag=aj.rkss_cancel.bone.body] run data modify entity @s {} merge value {transformation:[0.7933533402912352f,0f,-0.6087614290087205f,0.0119560544244066f,0f,1f,0f,0.625f,0.6087614290087205f,0f,0.7933533402912352f,0.23356755421735528f,0f,0f,0f,1f],start_interpolation:0}
execute if entity @s[tag=aj.rkss_cancel.bone.right_leg2] run data modify entity @s {} merge value {transformation:[0.8661284801688125f,-0.45514595127100843f,-0.2065517341541132f,0.24545640016392933f,0.23577477933603397f,0.7364333033022643f,-0.6340948219441312f,0.36315024030320864f,0.4407172668157071f,0.5005078948717231f,0.7451577939614997f,0.2281161731410733f,0f,0f,0f,1f],start_interpolation:0}
execute if entity @s[tag=aj.rkss_cancel.bone.right_leg] run data modify entity @s {} merge value {transformation:[0.8661284801688125f,-0.30834441264763834f,-0.393376637625375f,0.13464512686868432f,0.23577477933603397f,0.94601672263455f,-0.22240191978674428f,0.703125f,0.4407172668157071f,0.09988034683944522f,0.8920718620412399f,0.2640106727864989f,0f,0f,0f,1f],start_interpolation:0}
execute if entity @s[tag=aj.rkss_cancel.bone.left_leg2] run data modify entity @s {} merge value {transformation:[0.8057683140555798f,0.03147116203022171f,-0.5913941071945983f,-0.23467898260946227f,-0.0551458955489218f,0.9982355918240039f,-0.022014391199586814f,0.41370052767841337f,0.5896578281241892f,0.050351456545452256f,0.8060821152684233f,0.3303335599367456f,0f,0f,0f,1f],start_interpolation:0}
execute if entity @s[tag=aj.rkss_cancel.bone.left_leg] run data modify entity @s {} merge value {transformation:[0.8057683140555798f,0.3849856733226433f,-0.4500260608013046f,-0.09632475625913733f,-0.0551458955489218f,0.805355053416589f,0.5902221345734764f,0.703125f,0.5896578281241892f,-0.4507652041503141f,0.6701599633365081f,0.16833981469522646f,0f,0f,0f,1f],start_interpolation:0}
execute if entity @s[tag=aj.rkss_cancel.locator_origin.player_camera] at @s on origin run tp @s ^0.2105 ^0 ^-0.24576 ~-157.5 ~0
execute if entity @s[tag=aj.rkss_cancel.locator_origin.flame1] at @s on origin run tp @s ^0.0625 ^0.01562 ^-0.25001 ~0 ~0
execute if entity @s[tag=aj.rkss_cancel.locator_origin.flame2] at @s on origin run tp @s ^0.0625 ^0.01562 ^-0.24999 ~0 ~0
execute if entity @s[tag=aj.rkss_cancel.locator_origin.flame3] at @s on origin run tp @s ^0.06251 ^0.01562 ^-0.25 ~0 ~0
execute if entity @s[tag=aj.rkss_cancel.locator_origin.flame4] at @s on origin run tp @s ^0.06249 ^0.01562 ^-0.25 ~0 ~0