execute if entity @s[tag=aj.rkss_cancel.bone.black_knight_shield] run data modify entity @s {} merge value {transformation:[0.6922887977734574f,-0.6386502212379976f,-0.3359495726891723f,0.6398626614014595f,0.7186984687818696f,0.5683564641617027f,0.4005539172398679f,1.3878450197472436f,-0.06487473659273536f,-0.5187454332890686f,0.8524637493722295f,0.2614090574594517f,0f,0f,0f,1f],start_interpolation:0}
execute if entity @s[tag=aj.rkss_cancel.bone.right_arm2] run data modify entity @s {} merge value {transformation:[0.6922887977734574f,-0.6386502212379976f,-0.3359495726891723f,0.45353792438998153f,0.7186984687818696f,0.5683564641617027f,0.4005539172398679f,1.2329108839595744f,-0.06487473659273536f,-0.5187454332890686f,0.8524637493722295f,0.260808602863135f,0f,0f,0f,1f],start_interpolation:0}
execute if entity @s[tag=aj.rkss_cancel.bone.right_arm] run data modify entity @s {} merge value {transformation:[0.6922887977734574f,-0.6386502212379976f,-0.3359495726891723f,0.2938753690804821f,0.7186984687818696f,0.5683564641617027f,0.4005539172398679f,1.375f,-0.06487473659273536f,-0.5187454332890686f,0.8524637493722295f,0.13112224454086788f,0f,0f,0f,1f],start_interpolation:0}
execute if entity @s[tag=aj.rkss_cancel.bone.flame_slash] run data modify entity @s {} merge value {transformation:[-0.000003566478206831012f,-0.9519829610544933f,0.000010354843323558123f,-1.4339872428045544f,0.00000420318569833389f,3.587651631670033f,0.000003856995584156211f,5.563111243592307f,-0.000009806934443827023f,1.8838499042220056f,-0.000002112653499361221f,2.492380908150396f,0f,0f,0f,1f],start_interpolation:0}
execute if entity @s[tag=aj.rkss_cancel.locator_origin.rkss1] at @s on origin run tp @s ^-0.75165 ^2.96261 ^1.10906 ~78.46846 ~20.05024
execute if entity @s[tag=aj.rkss_cancel.locator_origin.rkss2] at @s on origin run tp @s ^-1.00895 ^3.93224 ^1.61821 ~78.46846 ~20.05024
execute if entity @s[tag=aj.rkss_cancel.locator_origin.rkss3] at @s on origin run tp @s ^-1.26624 ^4.90188 ^2.12736 ~78.46846 ~20.05024
execute if entity @s[tag=aj.rkss_cancel.locator_origin.rkss4] at @s on origin run tp @s ^-1.52353 ^5.87152 ^2.6365 ~78.46846 ~20.05024
execute if entity @s[tag=aj.rkss_cancel.locator_origin.rkss5] at @s on origin run tp @s ^-1.84515 ^7.08356 ^3.27294 ~78.46846 ~20.05024
execute if entity @s[tag=aj.rkss_cancel.bone.sword_body] run data modify entity @s {} merge value {transformation:[-0.32082201872834193f,-1.0415126703301323f,0.9314683971198082f,-1.6325193703472596f,0.3780969467994475f,3.9250541070356637f,0.3469554663660187f,6.311730025775469f,-0.8821813350152828f,2.061017501903706f,-0.19004343254933503f,2.885433832802049f,0f,0f,0f,1f],start_interpolation:0}
execute if entity @s[tag=aj.rkss_cancel.bone.ringed_knight_straight_sword] run data modify entity @s {} merge value {transformation:[-0.3170202850516455f,-0.22870461526834673f,0.9204305176496109f,-0.546339855419459f,0.3736165065185679f,0.8618982898906985f,0.3428440519249965f,2.220757368888024f,-0.8717275061179575f,0.45257655356684817f,-0.18779142216544187f,0.7207663036423111f,0f,0f,0f,1f],start_interpolation:0}
execute if entity @s[tag=aj.rkss_cancel.bone.left_arm2] run data modify entity @s {} merge value {transformation:[-0.9204305176496111f,0.22870461526834662f,0.3170202850516453f,-0.3726913397472043f,-0.34284405192499634f,-0.861898289890699f,-0.3736165065185679f,1.7583300789632994f,0.18779142216544226f,-0.4525765535668482f,0.8717275061179578f,0.4149067389887904f,0f,0f,0f,1f],start_interpolation:0}
execute if entity @s[tag=aj.rkss_cancel.bone.left_arm] run data modify entity @s {} merge value {transformation:[-0.9204305176496111f,0.22870461526834662f,0.3170202850516453f,-0.43056900063631903f,-0.34284405192499634f,-0.861898289890699f,-0.3736165065185679f,1.5f,0.18779142216544226f,-0.4525765535668482f,0.8717275061179578f,0.32523652836775857f,0f,0f,0f,1f],start_interpolation:0}
execute if entity @s[tag=aj.rkss_cancel.bone.head] run data modify entity @s {} merge value {transformation:[1f,1.3877787807814457e-17f,2.220446049250313e-16f,-0.00797645163485166f,-1.734723475976807e-18f,0.9961946980917455f,-0.08715574274765818f,1.51875f,-2.220446049250313e-16f,0.08715574274765818f,0.9961946980917455f,0.21200319613540566f,0f,0f,0f,1f],start_interpolation:0}
execute if entity @s[tag=aj.rkss_cancel.bone.body_top] run data modify entity @s {} merge value {transformation:[0.9659258262890682f,0f,0.2588190451025209f,-0.00797645163485166f,0f,1f,0f,1.125f,-0.2588190451025209f,0f,0.9659258262890682f,0.21200319613540566f,0f,0f,0f,1f],start_interpolation:0}
execute if entity @s[tag=aj.rkss_cancel.bone.body] run data modify entity @s {} merge value {transformation:[0.9659258262890682f,0f,0.2588190451025209f,-0.00797645163485166f,0f,1f,0f,0.6875f,-0.2588190451025209f,0f,0.9659258262890682f,0.21200319613540566f,0f,0f,0f,1f],start_interpolation:0}
execute if entity @s[tag=aj.rkss_cancel.locator_origin.player_camera] at @s on origin run tp @s ^0.14346 ^-0.125 ^0.77716 ~165 ~0
execute if entity @s[tag=aj.rkss_cancel.bone.right_leg2] run data modify entity @s {} merge value {transformation:[0.98540638322213f,-0.1215094416728993f,0.1192045111957625f,0.1601156521024181f,0.12533201681258838f,0.9917976876305249f,-0.025084504628014148f,0.4387823725662324f,-0.11517875440709302f,0.03965857278173379f,0.9925527956427034f,0.2789314628447036f,0f,0f,0f,1f],start_interpolation:0}
execute if entity @s[tag=aj.rkss_cancel.bone.right_leg] run data modify entity @s {} merge value {transformation:[0.98540638322213f,-0.16050295649982715f,0.05668386772173348f,0.10243490211029271f,0.12533201681258838f,0.9094751372070055f,0.39641753286653153f,0.765625f,-0.11517875440709302f,-0.38352806384554594f,0.9163187648281123f,0.14110106490021057f,0f,0f,0f,1f],start_interpolation:0}
execute if entity @s[tag=aj.rkss_cancel.bone.left_leg2] run data modify entity @s {} merge value {transformation:[0.9823045325791308f,0.18679897664334413f,-0.01356272832046404f,-0.20600394728593519f,-0.18472060267746965f,0.9543257902222074f,-0.23482032506414713f,0.4132205961148722f,-0.03092093499504414f,0.23317038500152348f,0.9719441688375281f,0.1839372575536028f,0f,0f,0f,1f],start_interpolation:0}
execute if entity @s[tag=aj.rkss_cancel.bone.left_leg] run data modify entity @s {} merge value {transformation:[0.9823045325791308f,0.18631622351015192f,0.019080621882172966f,-0.13904655446197434f,-0.18472060267746965f,0.9806035586368773f,-0.06553594231537946f,0.765625f,-0.03092093499504414f,0.06085166920970577f,0.9976677654076154f,0.2058058261758408f,0f,0f,0f,1f],start_interpolation:0}
execute if entity @s[tag=aj.rkss_cancel.locator_origin.flame1] at @s on origin run tp @s ^0.06251 ^1.21581 ^1.06251 ~0 ~0
execute if entity @s[tag=aj.rkss_cancel.locator_origin.flame2] at @s on origin run tp @s ^0.06249 ^1.21581 ^1.06251 ~0 ~0
execute if entity @s[tag=aj.rkss_cancel.locator_origin.flame3] at @s on origin run tp @s ^0.06251 ^1.21581 ^1.06249 ~0 ~0
execute if entity @s[tag=aj.rkss_cancel.locator_origin.flame4] at @s on origin run tp @s ^0.06249 ^1.21581 ^1.06249 ~0 ~0
execute if entity @s[tag=aj.rkss_cancel.bone.flame_blast] run data modify entity @s {} merge value {transformation:[-0.00003416666666666667f,0f,4.184209897086791e-21f,0.06249999999999987f,0f,0.00003416666666666667f,0f,1.2158061594202898f,-4.184209897086791e-21f,0f,-0.00003416666666666667f,1.0625f,0f,0f,0f,1f],start_interpolation:0}
execute if entity @s[tag=aj.rkss_cancel.locator_origin.commands] at @s on origin run tp @s ^0 ^0 ^0 ~0 ~0