execute if entity @s[tag=aj.rkss_cancel.bone.black_knight_shield] run data modify entity @s {} merge value {transformation:[0.9303564688683447f,-0.18931930527422408f,0.313998473699013f,0.6001124659262567f,0.3626435584982307f,0.6014750821774013f,-0.7118408354396568f,1.1320981845976406f,-0.054097045340433275f,0.7761352499211549f,0.628241660123922f,0.3000240483274096f,0f,0f,0f,1f],start_interpolation:0}
execute if entity @s[tag=aj.rkss_cancel.bone.right_arm2] run data modify entity @s {} merge value {transformation:[0.9303564688683447f,-0.18931930527422408f,0.313998473699013f,0.37063690598899823f,0.3626435584982307f,0.6014750821774013f,-0.7118408354396568f,1.0637327760792994f,-0.054097045340433275f,0.7761352499211549f,0.628241660123922f,0.3372932435158307f,0f,0f,0f,1f],start_interpolation:0}
execute if entity @s[tag=aj.rkss_cancel.bone.right_arm] run data modify entity @s {} merge value {transformation:[0.9303564688683447f,-0.18931930527422408f,0.313998473699013f,0.3233070796704422f,0.3626435584982307f,0.6014750821774013f,-0.7118408354396568f,1.2141015466236498f,-0.054097045340433275f,0.7761352499211549f,0.628241660123922f,0.5313270559961194f,0f,0f,0f,1f],start_interpolation:0}
execute if entity @s[tag=aj.rkss_cancel.bone.flame_slash] run data modify entity @s {} merge value {transformation:[2.1923131732238734f,1.1438522395281079f,0.000009655411714017086f,-0.710041082801494f,-3.674691610804042f,-1.8722976544392256f,0.000005773587619488843f,2.097474067479621f,-1.3929840329291445f,6.739344166705537f,-3.479415046563873e-8f,3.8550354540518694f,0f,0f,0f,1f],start_interpolation:0}
execute if entity @s[tag=aj.rkss_cancel.locator_origin.rkss1] at @s on origin run tp @s ^0.07698 ^0.76467 ^2.30769 ~89.79353 ~30.87774
execute if entity @s[tag=aj.rkss_cancel.locator_origin.rkss2] at @s on origin run tp @s ^0.25855 ^0.46748 ^3.37743 ~89.79353 ~30.87774
execute if entity @s[tag=aj.rkss_cancel.locator_origin.rkss3] at @s on origin run tp @s ^0.44011 ^0.17029 ^4.44717 ~89.79353 ~30.87774
execute if entity @s[tag=aj.rkss_cancel.locator_origin.rkss4] at @s on origin run tp @s ^0.62168 ^-0.1269 ^5.5169 ~89.79353 ~30.87774
execute if entity @s[tag=aj.rkss_cancel.locator_origin.rkss5] at @s on origin run tp @s ^0.84863 ^-0.49839 ^6.85407 ~89.79353 ~30.87774
execute if entity @s[tag=aj.rkss_cancel.bone.sword_body] run data modify entity @s {} merge value {transformation:[-0.49302301677554083f,0.7349647053368559f,0.868551130303042f,0.7171874232787094f,0.8263908486277993f,-1.203016129483215f,0.5193622189648048f,-0.2761763839055569f,0.31326418078534013f,4.330262186390272f,-0.003129902650447574f,6.002935347401721f,0f,0f,0f,1f],start_interpolation:0}
execute if entity @s[tag=aj.rkss_cancel.bone.ringed_knight_straight_sword] run data modify entity @s {} merge value {transformation:[-0.4871807051608597f,0.16139008670590574f,0.858258819023741f,-0.05382672043846157f,0.8165981357342298f,-0.2641689812259928f,0.5132077883990083f,0.9932024904482171f,0.30955200731758703f,0.9508774838385231f,-0.003092813374723442f,1.486759620818392f,0f,0f,0f,1f],start_interpolation:0}
execute if entity @s[tag=aj.rkss_cancel.bone.left_arm2] run data modify entity @s {} merge value {transformation:[-0.8582588190237409f,-0.16654643441112682f,0.48544215386893685f,-0.11707942091651796f,-0.5132077883990084f,0.27281225819811755f,-0.8137513365294351f,1.2101928863456592f,0.0030928133747238143f,-0.9475419552514722f,-0.31961645380619075f,0.9517202797668689f,0f,0f,0f,1f],start_interpolation:0}
execute if entity @s[tag=aj.rkss_cancel.bone.left_arm] run data modify entity @s {} merge value {transformation:[-0.8582588190237409f,-0.16654643441112682f,0.48544215386893685f,-0.26599838189726727f,-0.5132077883990084f,0.27281225819811755f,-0.8137513365294351f,1.2142449773453126f,0.0030928133747238143f,-0.9475419552514722f,-0.31961645380619075f,0.7152213926258413f,0f,0f,0f,1f],start_interpolation:0}
execute if entity @s[tag=aj.rkss_cancel.bone.head] run data modify entity @s {} merge value {transformation:[0.9940784628288208f,0.10866273184607772f,-0.0006484193363480162f,0.043068880221251965f,-0.10081273432531745f,0.9200044682396467f,-0.37871964699093436f,1.3539351629919605f,-0.040556162759083914f,0.3765424134501083f,0.9255112146999767f,0.6875374202200688f,0f,0f,0f,1f],start_interpolation:0}
execute if entity @s[tag=aj.rkss_cancel.bone.body_top] run data modify entity @s {} merge value {transformation:[0.9610328536087468f,0.10729487615733269f,0.25476197486087176f,0.0008215227343022144f,-3.469446951953614e-18f,0.9216008581405725f,-0.3881389677352177f,0.99105482509911f,-0.2764341771283515f,0.3730142997593296f,0.8856887025871043f,0.5406630396898328f,0f,0f,0f,1f],start_interpolation:0}
execute if entity @s[tag=aj.rkss_cancel.bone.body] run data modify entity @s {} merge value {transformation:[0.9610328536087468f,0.05995494625160252f,0.2698541433897139f,-0.025408766250773887f,-3.469446951953614e-18f,0.9761967430836802f,-0.21688688017677624f,0.5639687499999999f,-0.2764341771283515f,0.2084354173665856f,0.9381571416892739f,0.4494725445919516f,0f,0f,0f,1f],start_interpolation:0}
execute if entity @s[tag=aj.rkss_cancel.locator_origin.player_camera] at @s on origin run tp @s ^0.27357 ^-0.24853 ^0.9655 ~149.9125 ~0
execute if entity @s[tag=aj.rkss_cancel.bone.right_leg2] run data modify entity @s {} merge value {transformation:[0.8767135477475188f,0.3072331181182485f,0.37010966797328815f,0.08472343555674244f,0.2296971903164947f,0.40863695219777596f,-0.8833204639649308f,0.31354722299059706f,-0.4226257871411389f,0.8594321686031138f,0.28768696809810795f,0.2173374474684858f,0f,0f,0f,1f],start_interpolation:0}
execute if entity @s[tag=aj.rkss_cancel.bone.right_leg] run data modify entity @s {} merge value {transformation:[0.8767135477475188f,-0.04541121903032405f,0.4788644655663428f,0.06840377871771973f,0.2296971903164947f,0.9142164229826862f,-0.3338375843272446f,0.6420937499999999f,-0.4226257871411389f,0.4026737552099988f,0.8119367530223094f,0.3620483282470791f,0f,0f,0f,1f],start_interpolation:0}
execute if entity @s[tag=aj.rkss_cancel.bone.left_leg2] run data modify entity @s {} merge value {transformation:[0.9566290096313397f,0.03280223612562813f,0.28945630281084034f,-0.08823575509503839f,-0.0461989930276438f,0.9981482171242769f,0.03957006058700291f,0.3816376970325497f,-0.28762230611514483f,-0.05122645758576222f,0.9563729706909433f,0.7276949679417767f,0f,0f,0f,1f],start_interpolation:0}
execute if entity @s[tag=aj.rkss_cancel.bone.left_leg] run data modify entity @s {} merge value {transformation:[0.9566290096313397f,-0.16605403645126665f,0.23934701775874243f,-0.14791142444471234f,-0.0461989930276438f,0.7247472778224702f,0.6874642073098431f,0.6420937499999999f,-0.28762230611514483f,-0.6687057950004326f,0.6856427413440948f,0.4873788228634962f,0f,0f,0f,1f],start_interpolation:0}
execute if entity @s[tag=aj.rkss_cancel.locator_origin.flame1] at @s on origin run tp @s ^0.06251 ^0.87613 ^1.06251 ~0 ~0
execute if entity @s[tag=aj.rkss_cancel.locator_origin.flame2] at @s on origin run tp @s ^0.06249 ^0.87613 ^1.06251 ~0 ~0
execute if entity @s[tag=aj.rkss_cancel.locator_origin.flame3] at @s on origin run tp @s ^0.06251 ^0.87613 ^1.06249 ~0 ~0
execute if entity @s[tag=aj.rkss_cancel.locator_origin.flame4] at @s on origin run tp @s ^0.06249 ^0.87613 ^1.06249 ~0 ~0
execute if entity @s[tag=aj.rkss_cancel.bone.flame_blast] run data modify entity @s {} merge value {transformation:[-0.00003416666666666667f,0f,4.184209897086791e-21f,0.06249999999999987f,0f,0.00003416666666666667f,0f,0.8761322463768114f,-4.184209897086791e-21f,0f,-0.00003416666666666667f,1.0625f,0f,0f,0f,1f],start_interpolation:0}
execute if entity @s[tag=aj.rkss_cancel.locator_origin.commands] at @s on origin run tp @s ^0 ^0 ^0 ~0 ~0