execute if entity @s[tag=aj.rkss_cancel.bone.black_knight_shield] run data modify entity @s {} merge value {transformation:[0.6966664657845856f,0.3361340372673445f,-0.6337742061977358f,0.4013157775914488f,0.6815245648595707f,-0.5859568084831365f,0.4383821233641152f,1.8401736243595725f,-0.2240091581703473f,-0.737338814645352f,-0.6373000623514796f,0.3752750519054513f,0f,0f,0f,1f],start_interpolation:0}
execute if entity @s[tag=aj.rkss_cancel.bone.right_arm2] run data modify entity @s {} merge value {transformation:[0.6966664657845856f,0.3361340372673445f,-0.6337742061977358f,0.2443938246155769f,0.6815245648595707f,-0.5859568084831365f,0.4383821233641152f,1.6581011029115644f,-0.2240091581703473f,-0.737338814645352f,-0.6373000623514796f,0.4060476404899941f,0f,0f,0f,1f],start_interpolation:0}
execute if entity @s[tag=aj.rkss_cancel.bone.right_arm] run data modify entity @s {} merge value {transformation:[0.6966664657845856f,0.3361340372673445f,-0.6337742061977358f,0.328427333932413f,0.6815245648595707f,-0.5859568084831365f,0.4383821233641152f,1.5116119007907802f,-0.2240091581703473f,-0.737338814645352f,-0.6373000623514796f,0.22171293682865606f,0f,0f,0f,1f],start_interpolation:0}
execute if entity @s[tag=aj.rkss_cancel.bone.flame_slash] run data modify entity @s {} merge value {transformation:[-0.0000034263625037738425f,-0.6008145508120675f,0.00001059177692831467f,-0.9549470438138447f,0.000004262899486761512f,3.6984018443652675f,0.00000291145257562973f,5.778745208902393f,-0.000009831084780353647f,1.813078024556057f,-0.000002429033840991126f,2.3285877415855802f,0f,0f,0f,1f],start_interpolation:0}
execute if entity @s[tag=aj.rkss_cancel.locator_origin.rkss1] at @s on origin run tp @s ^-0.65823 ^3.90268 ^1.39112 ~77.08359 ~14.99862
execute if entity @s[tag=aj.rkss_cancel.locator_origin.rkss2] at @s on origin run tp @s ^-0.82579 ^4.93412 ^1.89676 ~77.08359 ~14.99862
execute if entity @s[tag=aj.rkss_cancel.locator_origin.rkss3] at @s on origin run tp @s ^-0.99335 ^5.96556 ^2.40241 ~77.08359 ~14.99862
execute if entity @s[tag=aj.rkss_cancel.locator_origin.rkss4] at @s on origin run tp @s ^-1.16091 ^6.997 ^2.90806 ~77.08359 ~14.99862
execute if entity @s[tag=aj.rkss_cancel.locator_origin.rkss5] at @s on origin run tp @s ^-1.37036 ^8.28631 ^3.54011 ~77.08359 ~14.99862
execute if entity @s[tag=aj.rkss_cancel.bone.sword_body] run data modify entity @s {} merge value {transformation:[-0.30821793141771614f,-0.6782788627956254f,0.9527817244344085f,-1.1031350541383385f,0.38346849179096704f,4.175244746930208f,0.26189928511446486f,6.691619287700242f,-0.8843537749597078f,2.0468420729715144f,-0.21850337930949137f,2.7760700268427807f,0f,0f,0f,1f],start_interpolation:0}
execute if entity @s[tag=aj.rkss_cancel.bone.ringed_knight_straight_sword] run data modify entity @s {} merge value {transformation:[-0.3045655558910082f,-0.1443398320269231f,0.9414912825168594f,-0.3948478135033191f,0.3789243988232454f,0.8885049475952593f,0.25879578450042046f,2.332764858955198f,-0.8738742026981019f,0.4355743001936473f,-0.21591411919921116f,0.6228990551682605f,0f,0f,0f,1f],start_interpolation:0}
execute if entity @s[tag=aj.rkss_cancel.bone.left_arm2] run data modify entity @s {} merge value {transformation:[-0.937267377015979f,-0.007413411139709336f,0.34853250252574797f,-0.3041705305878277f,-0.09449012930504955f,-0.9569460047796216f,-0.2744557512609929f,1.7826391151717025f,0.3355614391516133f,-0.29017130332201113f,0.8962137776685334f,0.3741787091575999f,0f,0f,0f,1f],start_interpolation:0}
execute if entity @s[tag=aj.rkss_cancel.bone.left_arm] run data modify entity @s {} merge value {transformation:[-0.937267377015979f,-0.007413411139709336f,0.34853250252574797f,-0.42318230549975244f,-0.09449012930504955f,-0.9569460047796216f,-0.2744557512609929f,1.531591347813666f,0.3355614391516133f,-0.29017130332201113f,0.8962137776685334f,0.34358106322104875f,0f,0f,0f,1f],start_interpolation:0}
execute if entity @s[tag=aj.rkss_cancel.bone.head] run data modify entity @s {} merge value {transformation:[0.9999623396320385f,-0.008630907227290086f,-0.000909262367922492f,-0.014620490603120807f,0.00852395343888801f,0.9964252602866149f,-0.08404786065405609f,1.5025897047977894f,0.0016314212795833782f,0.08403694487060953f,0.996461303996007f,0.169356339901188f,0f,0f,0f,1f],start_interpolation:0}
execute if entity @s[tag=aj.rkss_cancel.bone.body_top] run data modify entity @s {} merge value {transformation:[0.9645229196679552f,-0.009065757807976561f,0.2638434184712027f,-0.011050848466230036f,-1.3552527156068805e-20f,0.9994102046425939f,0.034340105652849354f,1.109071936719768f,-0.2639991239288552f,-0.03312181896599232f,0.9639540485278232f,0.1823980561190475f,0f,0f,0f,1f],start_interpolation:0}
execute if entity @s[tag=aj.rkss_cancel.bone.body] run data modify entity @s {} merge value {transformation:[0.9645229196679552f,-0.009254551149024244f,0.26383686383489546f,-0.0070019823385319285f,-1.3552527156068805e-20f,0.999385376392372f,0.03505523431781629f,0.6718408345481051f,-0.2639991239288552f,-0.033811576953864476f,0.963930101111429f,0.1971906210363632f,0f,0f,0f,1f],start_interpolation:0}
execute if entity @s[tag=aj.rkss_cancel.bone.right_leg2] run data modify entity @s {} merge value {transformation:[0.9754038541364082f,-0.17524192573013334f,0.13370710079212322f,0.17753880432665498f,0.17745882727973308f,0.9841167479517234f,-0.004753001307167326f,0.41462148811688154f,-0.13075047210753182f,0.028363601099269664f,0.9910094955026106f,0.22778955333262405f,0f,0f,0f,1f],start_interpolation:0}
execute if entity @s[tag=aj.rkss_cancel.bone.right_leg] run data modify entity @s {} merge value {transformation:[0.9754038541364082f,-0.20898477138466015f,0.0700905604567541f,0.10243490211029271f,0.17745882727973308f,0.9331320944173176f,0.312686518719391f,0.7499658345481051f,-0.13075047210753182f,-0.29255744683335533f,0.9472668337622752f,0.12265172087688697f,0f,0f,0f,1f],start_interpolation:0}
execute if entity @s[tag=aj.rkss_cancel.bone.left_leg2] run data modify entity @s {} merge value {transformation:[0.9804592118970288f,0.19669539679615064f,0.0032641515684780735f,-0.20909784567083745f,-0.1942086964136909f,0.9704414284159582f,-0.14327043048476445f,0.39757040906599767f,-0.03134830208403619f,0.13983688674022937f,0.9896781946992913f,0.1795673022049529f,0f,0f,0f,1f],start_interpolation:0}
execute if entity @s[tag=aj.rkss_cancel.bone.left_leg] run data modify entity @s {} merge value {transformation:[0.9804592118970288f,0.1949253320594452f,0.026530147526392794f,-0.13904655446197434f,-0.1942086964136909f,0.9805785752545597f,-0.027361286319040792f,0.7499658345481051f,-0.03134830208403619f,0.021674239854092024f,0.9992734917344677f,0.1873564821525172f,0f,0f,0f,1f],start_interpolation:0}
execute if entity @s[tag=aj.rkss_cancel.locator_origin.player_camera] at @s on origin run tp @s ^-0.14772 ^0.04684 ^-0.32796 ~165 ~0
execute if entity @s[tag=aj.rkss_cancel.locator_origin.flame1] at @s on origin run tp @s ^0.0625 ^0.01562 ^-0.25001 ~0 ~0
execute if entity @s[tag=aj.rkss_cancel.locator_origin.flame2] at @s on origin run tp @s ^0.0625 ^0.01562 ^-0.24999 ~0 ~0
execute if entity @s[tag=aj.rkss_cancel.locator_origin.flame3] at @s on origin run tp @s ^0.06251 ^0.01562 ^-0.25 ~0 ~0
execute if entity @s[tag=aj.rkss_cancel.locator_origin.flame4] at @s on origin run tp @s ^0.06249 ^0.01562 ^-0.25 ~0 ~0