execute if entity @s[tag=aj.rkss_cancel.bone.black_knight_shield] run data modify entity @s {} merge value {transformation:[0.7498871050844135f,-0.4985005777698094f,-0.4349327575514226f,0.5652433129283013f,0.3585223822785453f,0.8587378148242192f,-0.36610253590523173f,1.1214932606551145f,0.555995531486931f,0.11860244244572367f,0.822680028694312f,0.6175808278412952f,0f,0f,0f,1f],start_interpolation:0}
execute if entity @s[tag=aj.rkss_cancel.bone.right_arm2] run data modify entity @s {} merge value {transformation:[0.7498871050844135f,-0.4985005777698094f,-0.4349327575514226f,0.3694548223174822f,0.3585223822785453f,0.8587378148242192f,-0.36610253590523173f,1.0621660688515684f,0.555995531486931f,0.11860244244572367f,0.822680028694312f,0.48770009078828525f,0f,0f,0f,1f],start_interpolation:0}
execute if entity @s[tag=aj.rkss_cancel.bone.right_arm] run data modify entity @s {} merge value {transformation:[0.7498871050844135f,-0.4985005777698094f,-0.4349327575514226f,0.24482967787502988f,0.3585223822785453f,0.8587378148242192f,-0.36610253590523173f,1.2768505225576232f,0.555995531486931f,0.11860244244572367f,0.822680028694312f,0.5173507013997162f,0f,0f,0f,1f],start_interpolation:0}
execute if entity @s[tag=aj.rkss_cancel.bone.flame_slash] run data modify entity @s {} merge value {transformation:[-0.9924654258607888f,-5.9225094093907735f,0.0000020343775571828432f,-2.9118607050524212f,-1.071716128161507f,1.624050237256445f,0.0000103579700296301f,2.668412508525548f,3.37224879258774f,-1.226886047090383f,0.000003890535287092953f,-1.9308180206541379f,0f,0f,0f,1f],start_interpolation:0}
execute if entity @s[tag=aj.rkss_cancel.locator_origin.rkss1] at @s on origin run tp @s ^-2.65305 ^2.02139 ^-0.35438 ~152.39474 ~67.02987
execute if entity @s[tag=aj.rkss_cancel.locator_origin.rkss2] at @s on origin run tp @s ^-3.71697 ^2.31313 ^-0.57478 ~152.39474 ~67.02987
execute if entity @s[tag=aj.rkss_cancel.locator_origin.rkss3] at @s on origin run tp @s ^-4.78089 ^2.60488 ^-0.79518 ~152.39474 ~67.02987
execute if entity @s[tag=aj.rkss_cancel.locator_origin.rkss4] at @s on origin run tp @s ^-5.84482 ^2.89662 ^-1.01558 ~152.39474 ~67.02987
execute if entity @s[tag=aj.rkss_cancel.locator_origin.rkss5] at @s on origin run tp @s ^-7.17472 ^3.2613 ^-1.29108 ~152.39474 ~67.02987
execute if entity @s[tag=aj.rkss_cancel.bone.sword_body] run data modify entity @s {} merge value {transformation:[0.27329718474916026f,-4.3067300376795f,0.1830021317671149f,-5.53996656811159f,0.2951206087837f,1.1809767542796243f,0.9317496595012972f,2.8102017079304638f,-0.928622879218826f,-0.8921669222569546f,0.34997252537484846f,-0.933737504351865f,0f,0f,0f,1f],start_interpolation:0}
execute if entity @s[tag=aj.rkss_cancel.bone.ringed_knight_straight_sword] run data modify entity @s {} merge value {transformation:[0.2700586192818474f,-0.94571008533186f,0.18083356063847494f,-1.0394677162107302f,0.29162343623442377f,0.25932937920262594f,0.9207084470782311f,1.5848679850216956f,-0.9176187190714941f,-0.19590994763918296f,0.3458253588527069f,-0.014120148388178988f,0f,0f,0f,1f],start_interpolation:0}
execute if entity @s[tag=aj.rkss_cancel.bone.left_arm2] run data modify entity @s {} merge value {transformation:[-0.18083356063847528f,0.8802348153012424f,-0.43873214297381835f,-0.4848909535876178f,-0.920708447078231f,-0.3083630975141825f,-0.23918226433047107f,1.480906901393669f,-0.34582535885270704f,0.3606922095402768f,0.8662020267531991f,0.1424921585025441f,0f,0f,0f,1f],start_interpolation:0}
execute if entity @s[tag=aj.rkss_cancel.bone.left_arm] run data modify entity @s {} merge value {transformation:[-0.18083356063847528f,0.8802348153012424f,-0.43873214297381835f,-0.2874364448421166f,-0.920708447078231f,-0.3083630975141825f,-0.23918226433047107f,1.2887275711303445f,-0.34582535885270704f,0.3606922095402768f,0.8662020267531991f,0.1894370410310249f,0f,0f,0f,1f],start_interpolation:0}
execute if entity @s[tag=aj.rkss_cancel.bone.head] run data modify entity @s {} merge value {transformation:[0.9466302348852575f,-0.0667163841777692f,-0.3153412793836653f,-0.03482398525988272f,0.031104559613624103f,0.9926861350551521f,-0.11664794743374902f,1.4313947262010434f,0.32081724512925597f,0.10061392225486732f,0.94178189294346f,0.3742432655686401f,0f,0f,0f,1f],start_interpolation:0}
execute if entity @s[tag=aj.rkss_cancel.bone.body_top] run data modify entity @s {} merge value {transformation:[0.8390224573061749f,-0.06665779705005753f,-0.5399981983565701f,-0.008577477671422563f,0f,0.9924671657092096f,-0.12251091783644541f,1.0406107797030422f,0.5440967893085829f,0.10278941132996933f,0.8327022401690356f,0.3337699348574647f,0f,0f,0f,1f],start_interpolation:0}
execute if entity @s[tag=aj.rkss_cancel.bone.body] run data modify entity @s {} merge value {transformation:[0.8390224573061749f,-0.037778842752344236f,-0.5427836356930835f,0.00795076603272804f,0f,0.9975865440831437f,-0.06943404830664804f,0.6041666666666667f,0.5440967893085829f,0.0582567258309595f,0.836997513592214f,0.3082826173064199f,0f,0f,0f,1f],start_interpolation:0}
execute if entity @s[tag=aj.rkss_cancel.bone.right_leg2] run data modify entity @s {} merge value {transformation:[0.8532300480197683f,-0.5214697593530077f,-0.008232571682066453f,0.2905673103075317f,0.36173503009386465f,0.6030953605590905f,-0.7109316099844565f,0.3612768392953967f,0.3756943613619653f,0.6036102021606468f,0.7032129625429328f,0.2765630188992511f,0f,0f,0f,1f],start_interpolation:0}
execute if entity @s[tag=aj.rkss_cancel.bone.right_leg] run data modify entity @s {} merge value {transformation:[0.8532300480197683f,-0.43257527462985773f,-0.2913367758026565f,0.13511057098742657f,0.36173503009386465f,0.8932586500765775f,-0.26690213949378794f,0.6822916666666667f,0.3756943613619653f,0.12234220793444014f,0.9186327508850048f,0.32052974987569055f,0f,0f,0f,1f],start_interpolation:0}
execute if entity @s[tag=aj.rkss_cancel.bone.left_leg2] run data modify entity @s {} merge value {transformation:[0.7682544057195725f,0.1711710976204988f,-0.616835167149102f,-0.2926307624914072f,-0.2187484338185236f,0.9757798620017273f,-0.0016684165646375648f,0.41255112964985985f,0.6016097495839059f,0.1362134951144115f,0.7870905875147451f,0.389256060092483f,0f,0f,0f,1f],start_interpolation:0}
execute if entity @s[tag=aj.rkss_cancel.bone.left_leg] run data modify entity @s {} merge value {transformation:[0.7682544057195725f,0.5264442952753208f,-0.36419990673329095f,-0.10343984387683877f,-0.2187484338185236f,0.7505823638728539f,0.6235184341661293f,0.6822916666666667f,0.6016097495839059f,-0.39935262490073836f,0.691797072984904f,0.24573871051878013f,0f,0f,0f,1f],start_interpolation:0}
execute if entity @s[tag=aj.rkss_cancel.locator_origin.player_camera] at @s on origin run tp @s ^-0.15244 ^-0.02083 ^0.81987 ~-162.59259 ~0
execute if entity @s[tag=aj.rkss_cancel.locator_origin.flame1] at @s on origin run tp @s ^0.0625 ^0.01562 ^-0.25001 ~0 ~0
execute if entity @s[tag=aj.rkss_cancel.locator_origin.flame2] at @s on origin run tp @s ^0.0625 ^0.01562 ^-0.24999 ~0 ~0
execute if entity @s[tag=aj.rkss_cancel.locator_origin.flame3] at @s on origin run tp @s ^0.06251 ^0.01562 ^-0.25 ~0 ~0
execute if entity @s[tag=aj.rkss_cancel.locator_origin.flame4] at @s on origin run tp @s ^0.06249 ^0.01562 ^-0.25 ~0 ~0