execute if entity @s[tag=aj.rkss_cancel.bone.black_knight_shield] run data modify entity @s {} merge value {transformation:[0.686625949676474f,-0.36466554959718744f,-0.6289386632795456f,0.5157671341706043f,0.34202014332566866f,0.9254165783983234f,-0.16317591116653482f,1.1220052738464326f,0.6415348991211387f,-0.10306887678887883f,0.7601380005282655f,0.631351925602913f,0f,0f,0f,1f],start_interpolation:0}
execute if entity @s[tag=aj.rkss_cancel.bone.right_arm2] run data modify entity @s {} merge value {transformation:[0.686625949676474f,-0.36466554959718744f,-0.6289386632795456f,0.3393580730936439f,0.34202014332566866f,0.9254165783983234f,-0.16317591116653482f,1.068732269017029f,0.6415348991211387f,-0.10306887678887883f,0.7601380005282655f,0.4739871114709659f,0f,0f,0f,1f],start_interpolation:0}
execute if entity @s[tag=aj.rkss_cancel.bone.right_arm] run data modify entity @s {} merge value {transformation:[0.686625949676474f,-0.36466554959718744f,-0.6289386632795456f,0.24819168569434705f,0.34202014332566866f,0.9254165783983234f,-0.16317591116653482f,1.3000864136166097f,0.6415348991211387f,-0.10306887678887883f,0.7601380005282655f,0.4482198922737462f,0f,0f,0f,1f],start_interpolation:0}
execute if entity @s[tag=aj.rkss_cancel.bone.flame_slash] run data modify entity @s {} merge value {transformation:[0.000008357885829894863f,-4.046459968827728f,-1.816024586625938e-7f,-2.2529349648582446f,0.0000013858320858426226f,0.6831534934124637f,0.000011091734356016812f,1.7275099122869726f,-0.000007401872322885058f,-4.441189062710353f,0.000001871616820442692f,-2.2514195186635164f,0f,0f,0f,1f],start_interpolation:0}
execute if entity @s[tag=aj.rkss_cancel.locator_origin.rkss1] at @s on origin run tp @s ^-1.82187 ^1.67105 ^-1.89756 ~-174.45796 ~80.378
execute if entity @s[tag=aj.rkss_cancel.locator_origin.rkss2] at @s on origin run tp @s ^-2.5747 ^1.79815 ^-2.72383 ~-174.45796 ~80.378
execute if entity @s[tag=aj.rkss_cancel.locator_origin.rkss3] at @s on origin run tp @s ^-3.32753 ^1.92525 ^-3.5501 ~-174.45796 ~80.378
execute if entity @s[tag=aj.rkss_cancel.locator_origin.rkss4] at @s on origin run tp @s ^-4.08036 ^2.05235 ^-4.37637 ~-174.45796 ~80.378
execute if entity @s[tag=aj.rkss_cancel.locator_origin.rkss5] at @s on origin run tp @s ^-5.0214 ^2.21122 ^-5.4092 ~-174.45796 ~80.378
execute if entity @s[tag=aj.rkss_cancel.bone.sword_body] run data modify entity @s {} merge value {transformation:[0.7518323816228841f,-3.047431035519187f,-0.016336022264925677f,-3.87512615418278f,0.12466231997351594f,0.5144899922120363f,0.9977553207755877f,2.0170290960979376f,-0.665834328231448f,-3.3447056164089033f,0.16836101380635637f,-4.123917202444336f,0f,0f,0f,1f],start_interpolation:0}
execute if entity @s[tag=aj.rkss_cancel.bone.ringed_knight_straight_sword] run data modify entity @s {} merge value {transformation:[0.7429231848795432f,-0.6691820103487716f,-0.01614244077000834f,-0.6832785794698388f,0.123185074297122f,0.11297628831627307f,0.9859319427570499f,1.4853200962009796f,-0.6579442064786718f,-0.7344602067531333f,0.16636593959490595f,-0.6409553408851618f,0f,0f,0f,1f],start_interpolation:0}
execute if entity @s[tag=aj.rkss_cancel.bone.left_arm2] run data modify entity @s {} merge value {transformation:[0.016142440770008162f,0.45409751698887024f,-0.890805740142333f,-0.33210294785538547f,-0.9859319427570499f,-0.1410093579434326f,-0.08974722961568286f,1.4709938323304894f,-0.16636593959490628f,0.8797225733360056f,0.4454330119173706f,-0.16896989004896645f,0f,0f,0f,1f],start_interpolation:0}
execute if entity @s[tag=aj.rkss_cancel.bone.left_arm] run data modify entity @s {} merge value {transformation:[0.016142440770008162f,0.45409751698887024f,-0.890805740142333f,-0.2165607635119169f,-0.9859319427570499f,-0.1410093579434326f,-0.08974722961568286f,1.3125f,-0.16636593959490628f,0.8797225733360056f,0.4454330119173706f,0.030165010835671663f,0f,0f,0f,1f],start_interpolation:0}
execute if entity @s[tag=aj.rkss_cancel.bone.head] run data modify entity @s {} merge value {transformation:[0.9507564379281668f,0f,-0.3099390193863049f,0.011780509503979297f,0f,1f,0f,1.45625f,0.3099390193863049f,0f,0.9507564379281668f,0.24351100455826302f,0f,0f,0f,1f],start_interpolation:0}
execute if entity @s[tag=aj.rkss_cancel.bone.body_top] run data modify entity @s {} merge value {transformation:[0.7306920736508677f,0f,-0.6827071799122924f,0.011780509503979297f,0f,1f,0f,1.0625f,0.6827071799122924f,0f,0.7306920736508677f,0.24351100455826302f,0f,0f,0f,1f],start_interpolation:0}
execute if entity @s[tag=aj.rkss_cancel.bone.body] run data modify entity @s {} merge value {transformation:[0.7306920736508677f,0f,-0.6827071799122924f,0.011780509503979297f,0f,1f,0f,0.625f,0.6827071799122924f,0f,0.7306920736508677f,0.24351100455826302f,0f,0f,0f,1f],start_interpolation:0}
execute if entity @s[tag=aj.rkss_cancel.bone.right_leg2] run data modify entity @s {} merge value {transformation:[0.7925438118492558f,-0.5566706218375742f,-0.24898217824258043f,0.2684960077184177f,0.3085177440654935f,0.7182046783799421f,-0.6236977164860416f,0.3706862754057148f,0.5260143609220096f,0.4174923457216103f,0.7409514379280718f,0.2729009736013904f,0f,0f,0f,1f],start_interpolation:0}
execute if entity @s[tag=aj.rkss_cancel.bone.right_leg] run data modify entity @s {} merge value {transformation:[0.7925438118492558f,-0.3788056965582359f,-0.47789177703166363f,0.13236271051780166f,0.3085177440654935f,0.9250468858275762f,-0.22159661689078622f,0.703125f,0.5260143609220096f,0.028186934486264248f,0.8500084639743754f,0.28303065318239157f,0f,0f,0f,1f],start_interpolation:0}
execute if entity @s[tag=aj.rkss_cancel.bone.left_leg2] run data modify entity @s {} merge value {transformation:[0.6912977767159585f,0.09176348822382602f,-0.7167195031088305f,-0.27122242696548327f,-0.15083729145552302f,0.9883770981701966f,-0.018942632315055552f,0.4171833160466622f,0.7066509006673201f,0.12120302818683015f,0.6971042465402203f,0.283400457822152f,0f,0f,0f,1f],start_interpolation:0}
execute if entity @s[tag=aj.rkss_cancel.bone.left_leg] run data modify entity @s {} merge value {transformation:[0.6912977767159585f,0.5091120588100996f,-0.5127497396213037f,-0.08826028083060374f,-0.15083729145552302f,0.7956638162179834f,0.5866576540605234f,0.703125f,0.7066509006673201f,-0.3282133500264376f,0.6268337111630874f,0.16544878515640102f,0f,0f,0f,1f],start_interpolation:0}
execute if entity @s[tag=aj.rkss_cancel.locator_origin.player_camera] at @s on origin run tp @s ^-0.24251 ^0 ^0.72064 ~-151.94444 ~0
execute if entity @s[tag=aj.rkss_cancel.locator_origin.flame1] at @s on origin run tp @s ^0.0625 ^0.01562 ^-0.25001 ~0 ~0
execute if entity @s[tag=aj.rkss_cancel.locator_origin.flame2] at @s on origin run tp @s ^0.0625 ^0.01562 ^-0.24999 ~0 ~0
execute if entity @s[tag=aj.rkss_cancel.locator_origin.flame3] at @s on origin run tp @s ^0.06251 ^0.01562 ^-0.25 ~0 ~0
execute if entity @s[tag=aj.rkss_cancel.locator_origin.flame4] at @s on origin run tp @s ^0.06249 ^0.01562 ^-0.25 ~0 ~0