execute if entity @s[tag=aj.rkss_cancel.bone.black_knight_shield] run data modify entity @s {} merge value {transformation:[0.7032680884517447f,-0.04656457188191823f,0.7093981508369489f,0.44891764541364326f,0.374542652312871f,0.8724079434564785f,-0.3140416879850148f,1.1584894980339275f,-0.6042613651093942f,0.4865553625636976f,0.6309770850012224f,-0.2627739468017787f,0f,0f,0f,1f],start_interpolation:0}
execute if entity @s[tag=aj.rkss_cancel.bone.right_arm2] run data modify entity @s {} merge value {transformation:[0.7032680884517447f,-0.04656457188191823f,0.7093981508369489f,0.2784827142970846f,0.374542652312871f,0.8724079434564785f,-0.3140416879850148f,1.0957410557933842f,-0.6042613651093942f,0.4865553625636976f,0.6309770850012224f,-0.10234819496601602f,0f,0f,0f,1f],start_interpolation:0}
execute if entity @s[tag=aj.rkss_cancel.bone.right_arm] run data modify entity @s {} merge value {transformation:[0.7032680884517447f,-0.04656457188191823f,0.7093981508369489f,0.266841571326605f,0.374542652312871f,0.8724079434564785f,-0.3140416879850148f,1.3138430416575038f,-0.6042613651093942f,0.4865553625636976f,0.6309770850012224f,0.019290645674908374f,0f,0f,0f,1f],start_interpolation:0}
execute if entity @s[tag=aj.rkss_cancel.bone.flame_slash] run data modify entity @s {} merge value {transformation:[2.785262749945518f,3.6564952687163856f,0.0000041933596388439166f,-0.10591056240734975f,-1.1798518404235512f,-1.4010767698720765f,0.000010437441333608749f,1.3812656306537137f,-3.2553302614197324f,3.6363017335308556f,-1.950726705367274e-7f,3.289203341953894f,0f,0f,0f,1f],start_interpolation:0}
execute if entity @s[tag=aj.rkss_cancel.locator_origin.rkss1] at @s on origin run tp @s ^1.14295 ^0.85007 ^1.92997 ~87.33655 ~68.09022
execute if entity @s[tag=aj.rkss_cancel.locator_origin.rkss2] at @s on origin run tp @s ^1.71317 ^0.63158 ^2.49704 ~87.33655 ~68.09022
execute if entity @s[tag=aj.rkss_cancel.locator_origin.rkss3] at @s on origin run tp @s ^2.28338 ^0.41309 ^3.0641 ~87.33655 ~68.09022
execute if entity @s[tag=aj.rkss_cancel.locator_origin.rkss4] at @s on origin run tp @s ^2.8536 ^0.1946 ^3.63117 ~87.33655 ~68.09022
execute if entity @s[tag=aj.rkss_cancel.locator_origin.rkss5] at @s on origin run tp @s ^3.56636 ^-0.07851 ^4.34 ~87.33655 ~68.09022
execute if entity @s[tag=aj.rkss_cancel.bone.sword_body] run data modify entity @s {} merge value {transformation:[-0.6342984760502042f,2.3082069487324897f,0.37721304507373943f,2.700689363329557f,0.26869214560110205f,-0.8844466895923775f,0.9388984888771701f,0.25686943251915884f,0.741348737708512f,2.2954595349361417f,-0.017547733178476417f,3.453233865129226f,0f,0f,0f,1f],start_interpolation:0}
execute if entity @s[tag=aj.rkss_cancel.bone.ringed_knight_straight_sword] run data modify entity @s {} merge value {transformation:[-0.6267820534335907f,0.6842564245551132f,0.3727430790083481f,0.3239744987982582f,0.2655081497436965f,-0.2621898048883418f,0.9277725629874444f,1.1718804351782626f,0.7325637719088006f,0.6804775173858911f,-0.01733979293659799f,1.1074712265392577f,0f,0f,0f,1f],start_interpolation:0}
execute if entity @s[tag=aj.rkss_cancel.bone.left_arm2] run data modify entity @s {} merge value {transformation:[-0.3727430790083479f,-0.49871781972492224f,0.7825235672746195f,-0.021021553686239147f,-0.9277725629874445f,0.1845373381477402f,-0.32432089386447843f,1.3656463792009672f,0.01733979293659832f,-0.8468922641742371f,-0.5314817254268945f,0.671888496642344f,0f,0f,0f,1f],start_interpolation:0}
execute if entity @s[tag=aj.rkss_cancel.bone.left_arm] run data modify entity @s {} merge value {transformation:[-0.3727430790083479f,-0.45237436916905155f,0.8101975235522993f,-0.1807080308545455f,-0.9277725629874445f,0.16536754729271008f,-0.3345020861969339f,1.291016695650714f,0.01733979293659832f,-0.8763623704959583f,-0.4813401366597425f,0.45496537813542914f,0f,0f,0f,1f],start_interpolation:0}
execute if entity @s[tag=aj.rkss_cancel.bone.head] run data modify entity @s {} merge value {transformation:[0.9830903203141657f,0.0816835359804132f,0.16389393537995106f,0.055618943722478775f,-0.0565610485168715f,0.986685944207868f,-0.1524850658041631f,1.4451826911227903f,-0.17416736173940028f,0.1406365793538949f,0.9746215073824157f,0.2582353107146755f,0f,0f,0f,1f],start_interpolation:0}
execute if entity @s[tag=aj.rkss_cancel.bone.body_top] run data modify entity @s {} merge value {transformation:[0.7186718920954877f,0.0816835359804132f,0.6905349458656153f,0.023456051430191076f,0.03945565117502436f,0.986685944207868f,-0.15777863953331148f,1.0566751005909423f,-0.6942290422492035f,0.1406365793538949f,0.7058805773255056f,0.20285965759407937f,0f,0f,0f,1f],start_interpolation:0}
execute if entity @s[tag=aj.rkss_cancel.bone.body] run data modify entity @s {} merge value {transformation:[0.8647259633760467f,0.0816835359804132f,0.4955570685734435f,-0.012280495561239696f,3.469446951953614e-18f,0.986685944207868f,-0.16263716519488355f,0.625f,-0.50224397284922f,0.1406365793538949f,0.8532129536547529f,0.14133115412675035f,0f,0f,0f,1f],start_interpolation:0}
execute if entity @s[tag=aj.rkss_cancel.bone.right_leg2] run data modify entity @s {} merge value {transformation:[0.9904257452966422f,-0.0837052174196787f,0.1097737656742948f,0.1578509394589041f,0.08726953555957759f,0.9957892137451786f,-0.028069021215119894f,0.43590346831469245f,-0.10696200828708426f,0.03738018680375399f,0.9935601896300548f,0.3451788886938456f,0f,0f,0f,1f],start_interpolation:0}
execute if entity @s[tag=aj.rkss_cancel.bone.right_leg] run data modify entity @s {} merge value {transformation:[0.9904257452966422f,-0.1362162975645621f,0.022404538187459577f,0.10889820752163959f,0.08726953555957759f,0.7435729577330297f,0.6629353548358768f,0.703125f,-0.10696200828708426f,-0.6546330092547709f,0.748341333869269f,0.10992015099291233f,0f,0f,0f,1f],start_interpolation:0}
execute if entity @s[tag=aj.rkss_cancel.bone.left_leg2] run data modify entity @s {} merge value {transformation:[0.9596147398191295f,0.2798656391146413f,0.028544266759151407f,-0.21167941546483665f,-0.18777334827718858f,0.7127710954843127f,-0.6757947433347395f,0.35327691751219625f,-0.20947725604140865f,0.6431427442528184f,0.7365369574680661f,0.12703371716302528f,0f,0f,0f,1f],start_interpolation:0}
execute if entity @s[tag=aj.rkss_cancel.bone.left_leg] run data modify entity @s {} merge value {transformation:[0.9596147398191295f,0.21018295937207732f,0.18698308669893096f,-0.13614491444049637f,-0.18777334827718858f,0.9734903164878017f,-0.13060541099530804f,0.703125f,-0.20947725604140865f,0.0902204372305709f,0.9736424148049871f,0.1594566867927617f,0f,0f,0f,1f],start_interpolation:0}
execute if entity @s[tag=aj.rkss_cancel.locator_origin.player_camera] at @s on origin run tp @s ^-0.1127 ^0 ^-0.3554 ~168.57143 ~0
execute if entity @s[tag=aj.rkss_cancel.locator_origin.flame1] at @s on origin run tp @s ^0.0625 ^0.01562 ^-0.25001 ~0 ~0
execute if entity @s[tag=aj.rkss_cancel.locator_origin.flame2] at @s on origin run tp @s ^0.0625 ^0.01562 ^-0.24999 ~0 ~0
execute if entity @s[tag=aj.rkss_cancel.locator_origin.flame3] at @s on origin run tp @s ^0.06251 ^0.01562 ^-0.25 ~0 ~0
execute if entity @s[tag=aj.rkss_cancel.locator_origin.flame4] at @s on origin run tp @s ^0.06249 ^0.01562 ^-0.25 ~0 ~0