execute if entity @s[tag=aj.rkss_cancel.bone.black_knight_shield] run data modify entity @s {} merge value {transformation:[0.9182234252838584f,-0.14361697898468034f,0.3691069013270984f,0.5849373315557119f,0.36643431685393535f,0.6617204032814794f,-0.6541039667459493f,1.129170683710738f,-0.15030513195419576f,0.7358670200710928f,0.6602333648642135f,0.2541149513954042f,0f,0f,0f,1f],start_interpolation:0}
execute if entity @s[tag=aj.rkss_cancel.bone.right_arm2] run data modify entity @s {} merge value {transformation:[0.9182234252838584f,-0.14361697898468034f,0.3691069013270984f,0.35980691328888614f,0.36643431685393535f,0.6617204032814794f,-0.6541039667459493f,1.061778420103302f,-0.15030513195419576f,0.7358670200710928f,0.6602333648642135f,0.31324558793231755f,0f,0f,0f,1f],start_interpolation:0}
execute if entity @s[tag=aj.rkss_cancel.bone.right_arm] run data modify entity @s {} merge value {transformation:[0.9182234252838584f,-0.14361697898468034f,0.3691069013270984f,0.32390266854271604f,0.36643431685393535f,0.6617204032814794f,-0.6541039667459493f,1.2272085209236718f,-0.15030513195419576f,0.7358670200710928f,0.6602333648642135f,0.49721234295009076f,0f,0f,0f,1f],start_interpolation:0}
execute if entity @s[tag=aj.rkss_cancel.bone.flame_slash] run data modify entity @s {} merge value {transformation:[-0.00000440160838029583f,1.0725749945303138f,0.000009981221669433135f,0.8886260843740089f,0.000008877345888805585f,-1.7855470476475657f,0.00000517630787111198f,-0.5428795468078198f,0.000005327389007479748f,3.861549024905076f,-3.788809959638447e-7f,4.598744028238956f,0f,0f,0f,1f],start_interpolation:0}
execute if entity @s[tag=aj.rkss_cancel.locator_origin.rkss1] at @s on origin run tp @s ^0.44218 ^0.18837 ^2.93932 ~87.82613 ~27.39461
execute if entity @s[tag=aj.rkss_cancel.locator_origin.rkss2] at @s on origin run tp @s ^0.7172 ^-0.26946 ^3.92946 ~87.82613 ~27.39461
execute if entity @s[tag=aj.rkss_cancel.locator_origin.rkss3] at @s on origin run tp @s ^0.99222 ^-0.72729 ^4.9196 ~87.82613 ~27.39461
execute if entity @s[tag=aj.rkss_cancel.locator_origin.rkss4] at @s on origin run tp @s ^1.26724 ^-1.18512 ^5.90975 ~87.82613 ~27.39461
execute if entity @s[tag=aj.rkss_cancel.locator_origin.rkss5] at @s on origin run tp @s ^1.61101 ^-1.75742 ^7.14742 ~87.82613 ~27.39461
execute if entity @s[tag=aj.rkss_cancel.bone.sword_body] run data modify entity @s {} merge value {transformation:[-0.395946029759381f,1.113269131534329f,0.8978593165743509f,1.1978189001553583f,0.7985603342651525f,-1.8532917709113257f,0.4656340076854527f,-1.0645592459090127f,0.4792244889250248f,4.00805850523845f,-0.03408218386140972f,5.613526187673802f,0f,0f,0f,1f],start_interpolation:0}
execute if entity @s[tag=aj.rkss_cancel.bone.ringed_knight_straight_sword] run data modify entity @s {} merge value {transformation:[-0.3912540782485182f,0.24446153721488634f,0.8872197039496118f,0.03334477479964135f,0.7890974123382742f,-0.4069622900621232f,0.4601162552099537f,0.8830857905138503f,0.47354568955375537f,0.8801251338814987f,-0.03367831075234175f,1.4359302817343047f,0f,0f,0f,1f],start_interpolation:0}
execute if entity @s[tag=aj.rkss_cancel.bone.left_arm2] run data modify entity @s {} merge value {transformation:[-0.8872197039496118f,-0.25194442706910286f,0.3864779458033595f,-0.07306950953172928f,-0.4601162552099541f,0.42207002719866915f,-0.7811209405924815f,1.1802410862582857f,0.033678310752341914f,-0.8708506748055811f,-0.49039257088126076f,0.9485062518455455f,0f,0f,0f,1f],start_interpolation:0}
execute if entity @s[tag=aj.rkss_cancel.bone.left_arm] run data modify entity @s {} merge value {transformation:[-0.8872197039496118f,-0.25194442706910286f,0.3864779458033595f,-0.24695807929270647f,-0.4601162552099541f,0.42207002719866915f,-0.7811209405924815f,1.2282440611567087f,0.033678310752341914f,-0.8708506748055811f,-0.49039257088126076f,0.735003371988193f,0f,0f,0f,1f],start_interpolation:0}
execute if entity @s[tag=aj.rkss_cancel.bone.head] run data modify entity @s {} merge value {transformation:[0.9896204997137685f,0.14267932278705925f,0.01714285260093401f,0.05837427652694199f,-0.12613535823428823f,0.9195801845512599f,-0.3721050329997946f,1.3677324875412662f,-0.06885592167256904f,0.3660804488492886f,0.9280323092548687f,0.6762594169873478f,0f,0f,0f,1f],start_interpolation:0}
execute if entity @s[tag=aj.rkss_cancel.bone.body_top] run data modify entity @s {} merge value {transformation:[0.931326212500341f,0.13669902477271578f,0.3375571989099894f,0.004549035522685145f,0f,0.9268811645466029f,-0.37535490779891667f,1.0027730290010413f,-0.3641860594665449f,0.34957786462377977f,0.8632287244150929f,0.5386131327917345f,0f,0f,0f,1f],start_interpolation:0}
execute if entity @s[tag=aj.rkss_cancel.bone.body] run data modify entity @s {} merge value {transformation:[0.931326212500341f,0.07250580406293755f,0.35689549490986383f,-0.02717225375485003f,0f,0.9799812091452371f,-0.19909000407413485f,0.57403125f,-0.3641860594665449f,0.18541773944104145f,0.9126821878347381f,0.45749287178627884f,0f,0f,0f,1f],start_interpolation:0}
execute if entity @s[tag=aj.rkss_cancel.bone.right_leg2] run data modify entity @s {} merge value {transformation:[0.8567444271235932f,0.32450865458497224f,0.40085299012495473f,0.07833708584316916f,0.2280468829303393f,0.45876414191621495f,-0.858795715684257f,0.31912782221641f,-0.46258362030926037f,0.8271817183614072f,0.3190404347888333f,0.23086287160075133f,0f,0f,0f,1f],start_interpolation:0}
execute if entity @s[tag=aj.rkss_cancel.bone.right_leg] run data modify entity @s {} merge value {transformation:[0.8567444271235932f,-0.04521444010235559f,0.5137554291673192f,0.06208814643138512f,0.2280468829303393f,0.9266877990499895f,-0.29873791570144287f,0.65215625f,-0.46258362030926037f,0.37310236865787494f,0.8042456196482896f,0.36494653533717514f,0f,0f,0f,1f],start_interpolation:0}
execute if entity @s[tag=aj.rkss_cancel.bone.left_leg2] run data modify entity @s {} merge value {transformation:[0.9424364631312276f,0.0021092633244632064f,0.33437862367222304f,-0.07750153735646713f,-0.03888614497867776f,0.9938867004208123f,0.10333002688148224f,0.3881736888619802f,-0.3321165167368214f,-0.1103846807073276f,0.9367570878171894f,0.7324242627225214f,0f,0f,0f,1f],start_interpolation:0}
execute if entity @s[tag=aj.rkss_cancel.bone.left_leg] run data modify entity @s {} merge value {transformation:[0.9424364631312276f,-0.19836515560331117f,0.269192826804832f,-0.14878901515140708f,-0.03888614497867776f,0.7345601701231854f,0.6774283904570978f,0.65215625f,-0.3321165167368214f,-0.6489010876174203f,0.6845626324884593f,0.49922543436001093f,0f,0f,0f,1f],start_interpolation:0}
execute if entity @s[tag=aj.rkss_cancel.locator_origin.player_camera] at @s on origin run tp @s ^0.25878 ^-0.05097 ^0.90656 ~147.5125 ~0
execute if entity @s[tag=aj.rkss_cancel.locator_origin.flame1] at @s on origin run tp @s ^0.0625 ^0.01562 ^-0.25001 ~0 ~0
execute if entity @s[tag=aj.rkss_cancel.locator_origin.flame2] at @s on origin run tp @s ^0.0625 ^0.01562 ^-0.24999 ~0 ~0
execute if entity @s[tag=aj.rkss_cancel.locator_origin.flame3] at @s on origin run tp @s ^0.06251 ^0.01562 ^-0.25 ~0 ~0
execute if entity @s[tag=aj.rkss_cancel.locator_origin.flame4] at @s on origin run tp @s ^0.06249 ^0.01562 ^-0.25 ~0 ~0