execute if entity @s[tag=aj.rkss_cancel.bone.black_knight_shield] run data modify entity @s {} merge value {transformation:[0.7455082795475254f,-0.372930828747862f,-0.5523947882588334f,0.5501656909503094f,0.34202014332566866f,0.9254165783983234f,-0.16317591116653482f,1.1236559905454526f,0.5720486226585794f,-0.06728115185527545f,0.8174555767253959f,0.5720423500855873f,0f,0f,0f,1f],start_interpolation:0}
execute if entity @s[tag=aj.rkss_cancel.bone.right_arm2] run data modify entity @s {} merge value {transformation:[0.7455082795475254f,-0.372930828747862f,-0.5523947882588334f,0.35935063458300576f,0.34202014332566866f,0.9254165783983234f,-0.16317591116653482f,1.070382985716049f,0.5720486226585794f,-0.06728115185527545f,0.8174555767253959f,0.43249502542337936f,0f,0f,0f,1f],start_interpolation:0}
execute if entity @s[tag=aj.rkss_cancel.bone.right_arm] run data modify entity @s {} merge value {transformation:[0.7455082795475254f,-0.372930828747862f,-0.5523947882588334f,0.2661179273960403f,0.34202014332566866f,0.9254165783983234f,-0.16317591116653482f,1.3017371303156298f,0.5720486226585794f,-0.06728115185527545f,0.8174555767253959f,0.4156747374595605f,0f,0f,0f,1f],start_interpolation:0}
execute if entity @s[tag=aj.rkss_cancel.bone.flame_slash] run data modify entity @s {} merge value {transformation:[5.625513617461609f,-6.551353594650516f,4.4341917997949437e-10f,-3.64047764296956f,1.0255157435235407f,1.004076762410877f,0.000011091734356016812f,1.0897382900735741f,-6.050416431911061f,-5.921085388933879f,0.0000018804065461850903f,1.6880430984880817f,0f,0f,0f,1f],start_interpolation:0}
execute if entity @s[tag=aj.rkss_cancel.locator_origin.rkss1] at @s on origin run tp @s ^-1.39183 ^1.56745 ^-1.15277 ~179.98649 ~80.378
execute if entity @s[tag=aj.rkss_cancel.locator_origin.rkss2] at @s on origin run tp @s ^-2.22112 ^1.69455 ^-1.90227 ~179.98649 ~80.378
execute if entity @s[tag=aj.rkss_cancel.locator_origin.rkss3] at @s on origin run tp @s ^-3.0504 ^1.82165 ^-2.65178 ~179.98649 ~80.378
execute if entity @s[tag=aj.rkss_cancel.locator_origin.rkss4] at @s on origin run tp @s ^-3.87969 ^1.94875 ^-3.40128 ~179.98649 ~80.378
execute if entity @s[tag=aj.rkss_cancel.locator_origin.rkss5] at @s on origin run tp @s ^-4.91629 ^2.10762 ^-4.33816 ~179.98649 ~80.378
execute if entity @s[tag=aj.rkss_cancel.bone.sword_body] run data modify entity @s {} merge value {transformation:[0.6838408703369381f,-3.3569204926094667f,0.000039887706643325044f,-4.272940712039581f,0.12466231997351594f,0.5144899922120363f,0.9977553207755877f,2.008751787601747f,-0.7354923159115805f,-3.033970399160383f,0.1691516922833322f,-3.7320122260362742f,0f,0f,0f,1f],start_interpolation:0}
execute if entity @s[tag=aj.rkss_cancel.bone.ringed_knight_straight_sword] run data modify entity @s {} merge value {transformation:[0.6757373714668599f,-0.737142457907231f,0.000039415038220399496f,-0.7588973267386478f,0.123185074297122f,0.11297628831627307f,0.9859319427570499f,1.477042787704789f,-0.7267767485779052f,-0.6662262040994519f,0.1671472485497858f,-0.5744160904452489f,0f,0f,0f,1f],start_interpolation:0}
execute if entity @s[tag=aj.rkss_cancel.bone.left_arm2] run data modify entity @s {} merge value {transformation:[-0.00003941503822060821f,0.5371312365236569f,-0.8434986859486042f,-0.3636779163236672f,-0.9859319427570499f,-0.1410093579434326f,-0.08974722961568286f,1.4627165238342987f,-0.16714724854978613f,0.8316287607598405f,0.5295804014304983f,-0.13864527032061974f,0f,0f,0f,1f],start_interpolation:0}
execute if entity @s[tag=aj.rkss_cancel.bone.left_arm] run data modify entity @s {} merge value {transformation:[-0.00003941503822060821f,0.5371312365236569f,-0.8434986859486042f,-0.2294000340725305f,-0.9859319427570499f,-0.1410093579434326f,-0.08974722961568286f,1.3042226915038093f,-0.16714724854978613f,0.8316287607598405f,0.5295804014304983f,0.04836851380061713f,0f,0f,0f,1f],start_interpolation:0}
execute if entity @s[tag=aj.rkss_cancel.bone.head] run data modify entity @s {} merge value {transformation:[0.9762960071199334f,0f,-0.2164396139381028f,0.0119560544244066f,0f,1f,0f,1.45625f,0.2164396139381028f,0f,0.9762960071199334f,0.23356755421735528f,0f,0f,0f,1f],start_interpolation:0}
execute if entity @s[tag=aj.rkss_cancel.bone.body_top] run data modify entity @s {} merge value {transformation:[0.7933533402912352f,0f,-0.6087614290087205f,0.0119560544244066f,0f,1f,0f,1.0625f,0.6087614290087205f,0f,0.7933533402912352f,0.23356755421735528f,0f,0f,0f,1f],start_interpolation:0}
execute if entity @s[tag=aj.rkss_cancel.bone.body] run data modify entity @s {} merge value {transformation:[0.7933533402912352f,0f,-0.6087614290087205f,0.0119560544244066f,0f,1f,0f,0.625f,0.6087614290087205f,0f,0.7933533402912352f,0.23356755421735528f,0f,0f,0f,1f],start_interpolation:0}
execute if entity @s[tag=aj.rkss_cancel.locator_origin.player_camera] at @s on origin run tp @s ^-0.22002 ^-0.1875 ^0.7936 ~-157.5 ~0
execute if entity @s[tag=aj.rkss_cancel.bone.right_leg2] run data modify entity @s {} merge value {transformation:[0.8661284801688125f,-0.45514595127100843f,-0.2065517341541132f,0.24545640016392933f,0.23577477933603397f,0.7364333033022643f,-0.6340948219441312f,0.36315024030320864f,0.4407172668157071f,0.5005078948717231f,0.7451577939614997f,0.2281161731410733f,0f,0f,0f,1f],start_interpolation:0}
execute if entity @s[tag=aj.rkss_cancel.bone.right_leg] run data modify entity @s {} merge value {transformation:[0.8661284801688125f,-0.30834441264763834f,-0.393376637625375f,0.13464512686868432f,0.23577477933603397f,0.94601672263455f,-0.22240191978674428f,0.703125f,0.4407172668157071f,0.09988034683944522f,0.8920718620412399f,0.2640106727864989f,0f,0f,0f,1f],start_interpolation:0}
execute if entity @s[tag=aj.rkss_cancel.bone.left_leg2] run data modify entity @s {} merge value {transformation:[0.8057683140555798f,0.03147116203022171f,-0.5913941071945983f,-0.23467898260946227f,-0.0551458955489218f,0.9982355918240039f,-0.022014391199586814f,0.41370052767841337f,0.5896578281241892f,0.050351456545452256f,0.8060821152684233f,0.3303335599367456f,0f,0f,0f,1f],start_interpolation:0}
execute if entity @s[tag=aj.rkss_cancel.bone.left_leg] run data modify entity @s {} merge value {transformation:[0.8057683140555798f,0.3849856733226433f,-0.4500260608013046f,-0.09632475625913733f,-0.0551458955489218f,0.805355053416589f,0.5902221345734764f,0.703125f,0.5896578281241892f,-0.4507652041503141f,0.6701599633365081f,0.16833981469522646f,0f,0f,0f,1f],start_interpolation:0}
execute if entity @s[tag=aj.rkss_cancel.locator_origin.flame1] at @s on origin run tp @s ^0.06251 ^0.58175 ^1.06251 ~0 ~0
execute if entity @s[tag=aj.rkss_cancel.locator_origin.flame2] at @s on origin run tp @s ^0.06249 ^0.58175 ^1.06251 ~0 ~0
execute if entity @s[tag=aj.rkss_cancel.locator_origin.flame3] at @s on origin run tp @s ^0.06251 ^0.58175 ^1.06249 ~0 ~0
execute if entity @s[tag=aj.rkss_cancel.locator_origin.flame4] at @s on origin run tp @s ^0.06249 ^0.58175 ^1.06249 ~0 ~0
execute if entity @s[tag=aj.rkss_cancel.bone.flame_blast] run data modify entity @s {} merge value {transformation:[-0.00003416666666666667f,0f,4.184209897086791e-21f,0.06249999999999987f,0f,0.00003416666666666667f,0f,0.5817481884057971f,-4.184209897086791e-21f,0f,-0.00003416666666666667f,1.0625f,0f,0f,0f,1f],start_interpolation:0}
execute if entity @s[tag=aj.rkss_cancel.locator_origin.commands] at @s on origin run tp @s ^0 ^0 ^0 ~0 ~0