execute if entity @s[tag=aj.rkss_cancel.bone.black_knight_shield] run data modify entity @s {} merge value {transformation:[0.9131470393014415f,-0.2849592696358029f,0.2914801867428414f,0.6121307401626535f,0.35140869743981445f,0.9126808004741114f,-0.20862809928096532f,1.1556463025928774f,-0.20657785936219025f,0.2929368039263164f,0.9335489365463226f,-0.12170633415477529f,0f,0f,0f,1f],start_interpolation:0}
execute if entity @s[tag=aj.rkss_cancel.bone.right_arm2] run data modify entity @s {} merge value {transformation:[0.9131470393014415f,-0.2849592696358029f,0.2914801867428414f,0.3838013514043519f,0.35140869743981445f,0.9126808004741114f,-0.20862809928096532f,1.0997181037812425f,-0.20657785936219025f,0.2929368039263164f,0.9335489365463226f,-0.06288812772736688f,0f,0f,0f,1f],start_interpolation:0}
execute if entity @s[tag=aj.rkss_cancel.bone.right_arm] run data modify entity @s {} merge value {transformation:[0.9131470393014415f,-0.2849592696358029f,0.2914801867428414f,0.31256153399540115f,0.35140869743981445f,0.9126808004741114f,-0.20862809928096532f,1.3278883038997704f,-0.20657785936219025f,0.2929368039263164f,0.9335489365463226f,0.010346073254212211f,0f,0f,0f,1f],start_interpolation:0}
execute if entity @s[tag=aj.rkss_cancel.bone.flame_slash] run data modify entity @s {} merge value {transformation:[-0.000007119799206474499f,-0.000007199020915290424f,0.000004903575952373546f,-1.3003198996406595f,5.051603468097231e-7f,0.000005981337550687657f,0.000009514773467021946f,2.0955241053632827f,-0.000008695732992881981f,0.000006241810551910783f,-0.000003462156661758537f,0.6645992497460006f,0f,0f,0f,1f],start_interpolation:0}
execute if entity @s[tag=aj.rkss_cancel.locator_origin.rkss1] at @s on origin run tp @s ^-1.0195 ^1.91344 ^0.57411 ~54.7761 ~57.7532
execute if entity @s[tag=aj.rkss_cancel.locator_origin.rkss2] at @s on origin run tp @s ^-1.17948 ^2.04635 ^0.71281 ~54.7761 ~57.7532
execute if entity @s[tag=aj.rkss_cancel.locator_origin.rkss3] at @s on origin run tp @s ^-1.33945 ^2.17927 ^0.85152 ~54.7761 ~57.7532
execute if entity @s[tag=aj.rkss_cancel.locator_origin.rkss4] at @s on origin run tp @s ^-1.49943 ^2.31219 ^0.99023 ~54.7761 ~57.7532
execute if entity @s[tag=aj.rkss_cancel.locator_origin.rkss5] at @s on origin run tp @s ^-1.6994 ^2.47834 ^1.16361 ~54.7761 ~57.7532
execute if entity @s[tag=aj.rkss_cancel.bone.sword_body] run data modify entity @s {} merge value {transformation:[-0.6404604828333459f,-0.647586859913333f,0.4411004483400657f,-1.4399082595531445f,0.04544162415869875f,0.5380503332480265f,0.8559000376298899f,2.276046579156367f,-0.7822233731179588f,0.5614811434844601f,-0.3114377895963911f,0.9626454662408237f,0f,0f,0f,1f],start_interpolation:0}
execute if entity @s[tag=aj.rkss_cancel.bone.ringed_knight_straight_sword] run data modify entity @s {} merge value {transformation:[-0.632871040575511f,-0.6399129702480376f,0.4358734179887596f,-0.8847441694887173f,0.04490314193864206f,0.5316744489500139f,0.8457576415130618f,1.8124158715097727f,-0.7729540438117315f,0.5548276046142918f,-0.30774725882298104f,0.4627837617383669f,0f,0f,0f,1f],start_interpolation:0}
execute if entity @s[tag=aj.rkss_cancel.bone.left_arm2] run data modify entity @s {} merge value {transformation:[-0.4358734179887599f,0.7819075429347198f,0.44568481889400813f,-0.4533667467671259f,-0.8457576415130615f,-0.5251798697374898f,0.09423436870259337f,1.5496661604413458f,0.30774725882298115f,-0.3358670849075599f,0.8902162242751133f,0.1608302216417499f,0f,0f,0f,1f],start_interpolation:0}
execute if entity @s[tag=aj.rkss_cancel.bone.left_arm] run data modify entity @s {} merge value {transformation:[-0.4358734179887599f,0.8627921670232852f,0.25613285617831016f,-0.2921528822598996f,-0.8457576415130615f,-0.4899749084730981f,0.2112311551098514f,1.3214527281339385f,0.30774725882298115f,-0.12455627479192685f,0.9432801063824567f,0.16815956029664084f,0f,0f,0f,1f],start_interpolation:0}
execute if entity @s[tag=aj.rkss_cancel.bone.head] run data modify entity @s {} merge value {transformation:[0.9984805006630949f,0.010749253631877762f,-0.054047602554905344f,0.011841814782245497f,-0.015368448852276648f,0.9961946980917455f,-0.08579005929459965f,1.4682107494943026f,0.05291975600331508f,0.08649032917184173f,0.9948461802632084f,0.10205646024342621f,0f,0f,0f,1f],start_interpolation:0}
execute if entity @s[tag=aj.rkss_cancel.bone.body_top] run data modify entity @s {} merge value {transformation:[0.9678383738642007f,0.010749253631877762f,0.2513430636048214f,0.007609296164693628f,0.011376107230962195f,0.9961946980917455f,-0.08641011328638343f,1.075959087120678f,-0.25131547158933404f,0.08649032917184173f,0.9640331719912842f,0.06800089313201352f,0f,0f,0f,1f],start_interpolation:0}
execute if entity @s[tag=aj.rkss_cancel.bone.body] run data modify entity @s {} merge value {transformation:[0.9923652354413062f,0.010749253631877762f,0.12286453122801015f,0.002906497700747107f,8.673617379884035e-19f,0.9961946980917455f,-0.08715574274765817f,0.6401239067055393f,-0.12333385377714066f,0.08649032917184173f,0.9885889861171959f,0.030161374119332757f,0f,0f,0f,1f],start_interpolation:0}
execute if entity @s[tag=aj.rkss_cancel.bone.right_leg2] run data modify entity @s {} merge value {transformation:[0.9855481726526099f,-0.14174261195307564f,-0.09275683984387056f,0.15666111000680766f,0.13591231494692774f,0.988490331006926f,-0.06644327017527896f,0.39504054184391574f,0.10110708198177194f,0.052876246675967964f,0.9934694059258158f,0.18723105182285288f,0f,0f,0f,1f],start_interpolation:0}
execute if entity @s[tag=aj.rkss_cancel.bone.right_leg] run data modify entity @s {} merge value {transformation:[0.9855481726526099f,-0.07993016537336635f,-0.14935182638484185f,0.12793620682575413f,0.13591231494692774f,0.8993624065714743f,0.4155419404725994f,0.7182489067055393f,0.10110708198177194f,-0.42983535255880534f,0.8972284701589549f,0.03275897199703219f,0f,0f,0f,1f],start_interpolation:0}
execute if entity @s[tag=aj.rkss_cancel.bone.left_leg2] run data modify entity @s {} merge value {transformation:[0.9912444922882455f,0.09615272562070219f,-0.09049314816011342f,-0.16507734343058422f,-0.12459571736285496f,0.9080042320802377f,-0.4000052771392065f,0.3627968884007637f,0.0437065638440479f,0.4077780865619042f,0.9120344118490589f,-0.010389250955640979f,0f,0f,0f,1f],start_interpolation:0}
execute if entity @s[tag=aj.rkss_cancel.bone.left_leg] run data modify entity @s {} merge value {transformation:[0.9912444922882455f,0.12059027783647278f,-0.05378049274170497f,-0.12174021233310181f,-0.12459571736285496f,0.9890838770219843f,-0.07867014319292838f,0.7182489067055393f,0.0437065638440479f,0.08468216522079841f,0.9954489776831678f,0.020043402170583452f,0f,0f,0f,1f],start_interpolation:0}
execute if entity @s[tag=aj.rkss_cancel.locator_origin.player_camera] at @s on origin run tp @s ^-0.02551 ^0.01512 ^0.58817 ~-177.08455 ~0
execute if entity @s[tag=aj.rkss_cancel.locator_origin.flame1] at @s on origin run tp @s ^0.0625 ^0.01562 ^-0.25001 ~0 ~0
execute if entity @s[tag=aj.rkss_cancel.locator_origin.flame2] at @s on origin run tp @s ^0.0625 ^0.01562 ^-0.24999 ~0 ~0
execute if entity @s[tag=aj.rkss_cancel.locator_origin.flame3] at @s on origin run tp @s ^0.06251 ^0.01562 ^-0.25 ~0 ~0
execute if entity @s[tag=aj.rkss_cancel.locator_origin.flame4] at @s on origin run tp @s ^0.06249 ^0.01562 ^-0.25 ~0 ~0