execute if entity @s[tag=aj.rkss_cancel.bone.black_knight_shield] run data modify entity @s {} merge value {transformation:[0.8925588705643147f,-0.450710426444317f,0.01409872587637856f,0.6284030979747953f,0.36555547929073356f,0.7049093340086011f,-0.6078421031715987f,1.1279833974145637f,0.26402245006339387f,0.5476887275834081f,0.7939327449731436f,0.4574132286999706f,0f,0f,0f,1f],start_interpolation:0}
execute if entity @s[tag=aj.rkss_cancel.bone.right_arm2] run data modify entity @s {} merge value {transformation:[0.8925588705643147f,-0.450710426444317f,0.01409872587637856f,0.39983461281107247f,0.36555547929073356f,0.7049093340086011f,-0.6078421031715987f,1.0621531023888062f,0.26402245006339387f,0.5476887275834081f,0.7939327449731436f,0.4111025987412521f,0f,0f,0f,1f],start_interpolation:0}
execute if entity @s[tag=aj.rkss_cancel.bone.right_arm] run data modify entity @s {} merge value {transformation:[0.8925588705643147f,-0.450710426444317f,0.01409872587637856f,0.2871570061999932f,0.36555547929073356f,0.7049093340086011f,-0.6078421031715987f,1.2383804358909565f,0.26402245006339387f,0.5476887275834081f,0.7939327449731436f,0.5480247806371041f,0f,0f,0f,1f],start_interpolation:0}
execute if entity @s[tag=aj.rkss_cancel.bone.flame_slash] run data modify entity @s {} merge value {transformation:[3.3392450634281285f,-4.851543983193922f,0.000006720765627826047f,-3.007000090805305f,-4.13693661741732f,1.3023535190458144f,0.00000832464161791773f,3.413106038182381f,3.449507802548444f,6.258356117269439f,0.0000034776646343579354f,0.664873780914622f,0f,0f,0f,1f],start_interpolation:0}
execute if entity @s[tag=aj.rkss_cancel.locator_origin.rkss1] at @s on origin run tp @s ^-1.8373 ^1.70942 ^2.47042 ~117.35934 ~47.7287
execute if entity @s[tag=aj.rkss_cancel.locator_origin.rkss2] at @s on origin run tp @s ^-2.51742 ^1.892 ^3.34776 ~117.35934 ~47.7287
execute if entity @s[tag=aj.rkss_cancel.locator_origin.rkss3] at @s on origin run tp @s ^-3.19755 ^2.07457 ^4.2251 ~117.35934 ~47.7287
execute if entity @s[tag=aj.rkss_cancel.locator_origin.rkss4] at @s on origin run tp @s ^-3.87767 ^2.25714 ^5.10244 ~117.35934 ~47.7287
execute if entity @s[tag=aj.rkss_cancel.locator_origin.rkss5] at @s on origin run tp @s ^-4.72782 ^2.48536 ^6.19911 ~117.35934 ~47.7287
execute if entity @s[tag=aj.rkss_cancel.bone.sword_body] run data modify entity @s {} merge value {transformation:[-0.5332212336882336f,-2.753116319403206f,0.6045654763821101f,-3.6683567713237997f,0.6605991488880644f,0.7390494117620591f,0.7488419034595497f,2.1952411174479254f,-0.5508283372900337f,3.5514430908546224f,0.3128328069740926f,4.85860129886507f,0f,0f,0f,1f],start_interpolation:0}
execute if entity @s[tag=aj.rkss_cancel.bone.ringed_knight_straight_sword] run data modify entity @s {} merge value {transformation:[-0.5269025741109473f,-0.6045537673761898f,0.597401389140093f,-0.7995291502014663f,0.6527710638922795f,0.1622870428717526f,0.7399681438149093f,1.435718199627744f,-0.5443010339326934f,0.7798574600958802f,0.3091257452762609f,1.144495518540615f,0f,0f,0f,1f],start_interpolation:0}
execute if entity @s[tag=aj.rkss_cancel.bone.left_arm2] run data modify entity @s {} merge value {transformation:[-0.5974013891400933f,0.6435667945565855f,0.4784698122114375f,-0.420724599527983f,-0.7399681438149094f,-0.212383846071737f,-0.6382321271033711f,1.3932790205971195f,-0.3091257452762607f,-0.7353331781389566f,0.6030973310631198f,0.7040081882766198f,0f,0f,0f,1f],start_interpolation:0}
execute if entity @s[tag=aj.rkss_cancel.bone.left_arm] run data modify entity @s {} merge value {transformation:[-0.5974013891400933f,0.6435667945565855f,0.4784698122114375f,-0.33450807453134834f,-0.7399681438149094f,-0.212383846071737f,-0.6382321271033711f,1.2476870411023215f,-0.3091257452762607f,-0.7353331781389566f,0.6030973310631198f,0.481534175582348f,0f,0f,0f,1f],start_interpolation:0}
execute if entity @s[tag=aj.rkss_cancel.bone.head] run data modify entity @s {} merge value {transformation:[0.9901089006912163f,-0.038715189926629756f,-0.13485362005143522f,-0.03016584407014604f,-0.0008464701788820285f,0.9595078990327292f,-0.2816804487039064f,1.385464479916571f,0.14029842572270054f,0.27900846898032106f,0.9499845398620914f,0.5634701055013174f,0f,0f,0f,1f],start_interpolation:0}
execute if entity @s[tag=aj.rkss_cancel.bone.body_top] run data modify entity @s {} merge value {transformation:[0.9912326305564192f,-0.037690202349069266f,-0.12663854376566427f,-0.015325326895200015f,0f,0.958451748273039f,-0.2852547041371182f,1.0080741040340617f,0.13212824119090452f,0.2827537707604287f,0.9500486477020835f,0.45213580826439853f,0f,0f,0f,1f],start_interpolation:0}
execute if entity @s[tag=aj.rkss_cancel.bone.body] run data modify entity @s {} merge value {transformation:[0.9912326305564192f,-0.02147042232314707f,-0.1303721330862833f,-0.005932017128823172f,0f,0.9867090631889666f,-0.16249684495630032f,0.5763888888888888f,0.13212824119090452f,0.16107217508315214f,0.9780582202986594f,0.38166673166551945f,0f,0f,0f,1f],start_interpolation:0}
execute if entity @s[tag=aj.rkss_cancel.bone.right_leg2] run data modify entity @s {} merge value {transformation:[0.9553135982459732f,-0.09303942620806258f,0.28057012345794446f,0.204635426764937f,0.2905087910176933f,0.47082267840587544f,-0.833024998328475f,0.33131353310426953f,-0.05459460914568297f,0.8773081959434736f,0.4768120782684077f,0.2082091137878332f,0f,0f,0f,1f],start_interpolation:0}
execute if entity @s[tag=aj.rkss_cancel.bone.right_leg] run data modify entity @s {} merge value {transformation:[0.9553135982459732f,-0.2531116131350348f,0.1526775697426187f,0.1136734407945339f,0.2905087910176933f,0.899340120444158f,-0.3267904375910125f,0.6545138888888888f,-0.05459460914568297f,0.356541525008894f,0.9326829952328727f,0.3363412243379045f,0f,0f,0f,1f],start_interpolation:0}
execute if entity @s[tag=aj.rkss_cancel.bone.left_leg2] run data modify entity @s {} merge value {transformation:[0.9820442543783962f,0.1256692430393145f,-0.1406994093672954f,-0.20104773666886733f,-0.12739972270338112f,0.991845887028502f,-0.0033237087336041027f,0.3916852385885299f,0.13913444252765625f,0.021189094802986252f,0.9900467813007368f,0.608996182188628f,0f,0f,0f,1f],start_interpolation:0}
execute if entity @s[tag=aj.rkss_cancel.bone.left_leg] run data modify entity @s {} merge value {transformation:[0.9820442543783962f,0.18776811930365744f,-0.01822678840464062f,-0.13356856879411544f,-0.12739972270338112f,0.7313492877923031f,0.6699981566398467f,0.6545138888888888f,0.13913444252765625f,-0.6556457523837538f,0.7421389723519849f,0.37337348992571656f,0f,0f,0f,1f],start_interpolation:0}
execute if entity @s[tag=aj.rkss_cancel.locator_origin.player_camera] at @s on origin run tp @s ^-0.08401 ^-0.04861 ^-0.13963 ~171.48148 ~0
execute if entity @s[tag=aj.rkss_cancel.locator_origin.flame1] at @s on origin run tp @s ^0.0625 ^0.01562 ^-0.25001 ~0 ~0
execute if entity @s[tag=aj.rkss_cancel.locator_origin.flame2] at @s on origin run tp @s ^0.0625 ^0.01562 ^-0.24999 ~0 ~0
execute if entity @s[tag=aj.rkss_cancel.locator_origin.flame3] at @s on origin run tp @s ^0.06251 ^0.01562 ^-0.25 ~0 ~0
execute if entity @s[tag=aj.rkss_cancel.locator_origin.flame4] at @s on origin run tp @s ^0.06249 ^0.01562 ^-0.25 ~0 ~0