execute if entity @s[tag=aj.rkss_cancel.bone.black_knight_shield] run data modify entity @s {} merge value {transformation:[0.17890059945269748f,0.27752295094773916f,0.9439150317760198f,0.05598437398691747f,0.3807794949599275f,0.8650968259952153f,-0.32651869452003296f,1.1596800313157003f,-0.9071943296414106f,0.41783787926690286f,0.049091291653501096f,-0.4291136968400271f,0f,0f,0f,1f],start_interpolation:0}
execute if entity @s[tag=aj.rkss_cancel.bone.right_arm2] run data modify entity @s {} merge value {transformation:[0.17890059945269748f,0.27752295094773916f,0.9439150317760198f,0.021689712832952013f,0.3807794949599275f,0.8650968259952153f,-0.32651869452003296f,1.0952040836472638f,-0.9071943296414106f,0.41783787926690286f,0.049091291653501096f,-0.19805400111404722f,0f,0f,0f,1f],start_interpolation:0}
execute if entity @s[tag=aj.rkss_cancel.bone.right_arm] run data modify entity @s {} merge value {transformation:[0.17890059945269748f,0.27752295094773916f,0.9439150317760198f,0.0910704505698868f,0.3807794949599275f,0.8650968259952153f,-0.32651869452003296f,1.3114782901460678f,-0.9071943296414106f,0.41783787926690286f,0.049091291653501096f,-0.09359453129732151f,0f,0f,0f,1f],start_interpolation:0}
execute if entity @s[tag=aj.rkss_cancel.bone.flame_slash] run data modify entity @s {} merge value {transformation:[0.00000865502708410652f,0.6302409762635603f,0.0000034543649716290986f,3.1806406819813136f,-0.0000026595762873709555f,-0.22147378177321553f,0.000010704395843314144f,0.236747427163289f,0.0000066768001426609145f,-0.9051909609720064f,-2.1394455454808368e-7f,-4.1988465439263f,0f,0f,0f,1f],start_interpolation:0}
execute if entity @s[tag=aj.rkss_cancel.locator_origin.rkss1] at @s on origin run tp @s ^1.5437 ^0.8162 ^-1.4397 ~86.45594 ~72.08276
execute if entity @s[tag=aj.rkss_cancel.locator_origin.rkss2] at @s on origin run tp @s ^2.17394 ^0.59473 ^-2.34489 ~86.45594 ~72.08276
execute if entity @s[tag=aj.rkss_cancel.locator_origin.rkss3] at @s on origin run tp @s ^2.80418 ^0.37325 ^-3.25008 ~86.45594 ~72.08276
execute if entity @s[tag=aj.rkss_cancel.locator_origin.rkss4] at @s on origin run tp @s ^3.43442 ^0.15178 ^-4.15528 ~86.45594 ~72.08276
execute if entity @s[tag=aj.rkss_cancel.locator_origin.rkss5] at @s on origin run tp @s ^4.22222 ^-0.12506 ^-5.28676 ~86.45594 ~72.08276
execute if entity @s[tag=aj.rkss_cancel.bone.sword_body] run data modify entity @s {} merge value {transformation:[0.7785616791245673f,2.5511955142839784f,0.310736889265122f,3.2387324913173923f,-0.23924179091915246f,-0.8965188552815538f,0.9629123422489025f,0.224029830384621f,0.6006105676774859f,-3.664184345634252f,-0.0192453507088833f,-3.90311339779301f,0f,0f,0f,1f],start_interpolation:0}
execute if entity @s[tag=aj.rkss_cancel.bone.ringed_knight_straight_sword] run data modify entity @s {} merge value {transformation:[0.7693357408094684f,0.560214201123165f,0.30705466414480875f,0.5874832335825148f,-0.23640678109964047f,-0.19686558379841385f,0.951501852739035f,1.1601033996603662f,0.5934933460143035f,-0.8046141875306725f,-0.019017293737607435f,-0.06954164600438756f,0f,0f,0f,1f],start_interpolation:0}
execute if entity @s[tag=aj.rkss_cancel.bone.left_arm2] run data modify entity @s {} merge value {transformation:[-0.3070546641448085f,-0.7402441069183103f,-0.5981271565475292f,0.23920780058517213f,-0.9515018527390351f,0.2513441290383319f,0.17739885296175345f,1.3429636712678108f,0.01901729373760719f,0.6235902428443503f,-0.781520026338559f,0.3681410880799134f,0f,0f,0f,1f],start_interpolation:0}
execute if entity @s[tag=aj.rkss_cancel.bone.left_arm] run data modify entity @s {} merge value {transformation:[-0.3070546641448085f,-0.7402441069183103f,-0.5981271565475292f,0.015764940837493503f,-0.9515018527390351f,0.2513441290383319f,0.17739885296175345f,1.2868619719350145f,0.01901729373760719f,0.6235902428443503f,-0.781520026338559f,0.5264158105082019f,0f,0f,0f,1f],start_interpolation:0}
execute if entity @s[tag=aj.rkss_cancel.bone.head] run data modify entity @s {} merge value {transformation:[0.9145322279317533f,0.16398775298508142f,0.3697821263191175f,0.08018048675078922f,-0.12567814687342083f,0.9840891876286258f,-0.12559249257377608f,1.4430241372162953f,-0.3844942229379353f,0.06838484966229769f,0.9205909541506577f,0.22677547931202596f,0f,0f,0f,1f],start_interpolation:0}
execute if entity @s[tag=aj.rkss_cancel.bone.body_top] run data modify entity @s {} merge value {transformation:[0.1306953805494088f,0.16398775298508142f,0.9777661961706129f,0.015610309012913395f,0.04703790259093081f,0.9840891876286258f,-0.17133565452723856f,1.0555390195875238f,-0.99030609067242f,0.06838484966229769f,0.12090227092066391f,0.19984894475749623f,0f,0f,0f,1f],start_interpolation:0}
execute if entity @s[tag=aj.rkss_cancel.bone.body] run data modify entity @s {} merge value {transformation:[0.3848868950507887f,0.16398775298508142f,0.908278643858297f,-0.05613433291805972f,0f,0.9840891876286258f,-0.17767518338932745f,0.625f,-0.9229637468601696f,0.06838484966229769f,0.37876303187943483f,0.169930573030241f,0f,0f,0f,1f],start_interpolation:0}
execute if entity @s[tag=aj.rkss_cancel.bone.right_leg2] run data modify entity @s {} merge value {transformation:[0.7315167612199833f,-0.0816054836815217f,0.6769222799460296f,0.2214270044247531f,0.1061569105259488f,0.9943360418070836f,0.005152311229663309f,0.4652487312226248f,-0.673508677302536f,0.06809097588173124f,0.7360364668966218f,0.25099871051603095f,0f,0f,0f,1f],start_interpolation:0}
execute if entity @s[tag=aj.rkss_cancel.bone.right_leg] run data modify entity @s {} merge value {transformation:[0.7315167612199833f,-0.5574419644018779f,0.39260881851787477f,0.021096298467828234f,0.1061569105259488f,0.6619165739892181f,0.7420223442902253f,0.703125f,-0.673508677302536f,-0.5011236428289445f,0.5433793851408396f,0.07090740137437904f,0f,0f,0f,1f],start_interpolation:0}
execute if entity @s[tag=aj.rkss_cancel.bone.left_leg2] run data modify entity @s {} merge value {transformation:[0.8618678359991552f,0.47992897026574455f,0.16386584991936376f,-0.23823279224085342f,-0.2476843213712727f,0.6803195648434933f,-0.6897954527524897f,0.3553925820006938f,-0.4425339650433461f,0.5539255123126414f,0.7052164324462332f,0.2768320871900147f,0f,0f,0f,1f],start_interpolation:0}
execute if entity @s[tag=aj.rkss_cancel.bone.left_leg] run data modify entity @s {} merge value {transformation:[0.8618678359991552f,0.24313458948741384f,0.44504989008528034f,-0.15085629914381407f,-0.2476843213712727f,0.967603250085026f,-0.04895331829147823f,0.703125f,-0.4425339650433461f,-0.06804058950127796f,0.8941667450556039f,0.2523800003379929f,0f,0f,0f,1f],start_interpolation:0}
execute if entity @s[tag=aj.rkss_cancel.locator_origin.player_camera] at @s on origin run tp @s ^0.34343 ^0 ^0.54854 ~133.45703 ~0
execute if entity @s[tag=aj.rkss_cancel.locator_origin.flame1] at @s on origin run tp @s ^0.0625 ^0.01562 ^-0.25001 ~0 ~0
execute if entity @s[tag=aj.rkss_cancel.locator_origin.flame2] at @s on origin run tp @s ^0.0625 ^0.01562 ^-0.24999 ~0 ~0
execute if entity @s[tag=aj.rkss_cancel.locator_origin.flame3] at @s on origin run tp @s ^0.06251 ^0.01562 ^-0.25 ~0 ~0
execute if entity @s[tag=aj.rkss_cancel.locator_origin.flame4] at @s on origin run tp @s ^0.06249 ^0.01562 ^-0.25 ~0 ~0