execute if entity @s[tag=aj.rkss_cancel.bone.black_knight_shield] run data modify entity @s {} merge value {transformation:[0.05920981963680684f,0.3334706341367921f,0.9408993216210662f,-0.031000379501952426f,0.38261268634668316f,0.8629891039969649f,-0.3299353552274904f,1.158578326825391f,-0.9220096146489751f,0.3795354299020335f,-0.07649266594862023f,-0.43552636097861924f,0f,0f,0f,1f],start_interpolation:0}
execute if entity @s[tag=aj.rkss_cancel.bone.right_arm2] run data modify entity @s {} merge value {transformation:[0.05920981963680684f,0.3334706341367921f,0.9408993216210662f,-0.03478475544748694f,0.38261268634668316f,0.8629891039969649f,-0.3299353552274904f,1.0935959090901888f,-0.9220096146489751f,0.3795354299020335f,-0.07649266594862023f,-0.20210652787872785f,0f,0f,0f,1f],start_interpolation:0}
execute if entity @s[tag=aj.rkss_cancel.bone.right_arm] run data modify entity @s {} merge value {transformation:[0.05920981963680684f,0.3334706341367921f,0.9408993216210662f,0.04858290308671109f,0.38261268634668316f,0.8629891039969649f,-0.3299353552274904f,1.30934318508943f,-0.9220096146489751f,0.3795354299020335f,-0.07649266594862023f,-0.10722267040321948f,0f,0f,0f,1f],start_interpolation:0}
execute if entity @s[tag=aj.rkss_cancel.bone.flame_slash] run data modify entity @s {} merge value {transformation:[0.000009978968799026218f,0.000003914556229975111f,0.000003414517715640734f,0.9755219538511106f,-0.0000029343574917595563f,-0.000001853963626896771f,0.000010701161851906472f,0.78675930825332f,0.000004286283683870671f,-0.000010382753410945813f,-6.234611366214105e-7f,-4.151676597111318f,0f,0f,0f,1f],start_interpolation:0}
execute if entity @s[tag=aj.rkss_cancel.locator_origin.rkss1] at @s on origin run tp @s ^1.06345 ^0.89319 ^-1.77573 ~79.65228 ~72.02929
execute if entity @s[tag=aj.rkss_cancel.locator_origin.rkss2] at @s on origin run tp @s ^1.4549 ^0.70779 ^-2.81401 ~79.65228 ~72.02929
execute if entity @s[tag=aj.rkss_cancel.locator_origin.rkss3] at @s on origin run tp @s ^1.84636 ^0.52239 ^-3.85228 ~79.65228 ~72.02929
execute if entity @s[tag=aj.rkss_cancel.locator_origin.rkss4] at @s on origin run tp @s ^2.23782 ^0.337 ^-4.89056 ~79.65228 ~72.02929
execute if entity @s[tag=aj.rkss_cancel.locator_origin.rkss5] at @s on origin run tp @s ^2.72714 ^0.10525 ^-6.1884 ~79.65228 ~72.02929
execute if entity @s[tag=aj.rkss_cancel.bone.sword_body] run data modify entity @s {} merge value {transformation:[0.8976566599506554f,1.584599965799197f,0.3071524352559858f,2.109349272248375f,-0.2639596934516025f,-0.7504786052829944f,0.9626214290309353f,0.39920641697627446f,0.385572013777596f,-4.20290570203173f,-0.05608335418016614f,-4.596064160843835f,0f,0f,0f,1f],start_interpolation:0}
execute if entity @s[tag=aj.rkss_cancel.bone.ringed_knight_straight_sword] run data modify entity @s {} merge value {transformation:[0.8870194488023304f,0.34796055377556545f,0.30351268583473184f,0.46883242799302904f,-0.26083177704529387f,-0.16479676683526853f,0.9512143868361308f,1.1824738004653277f,0.3810029941218374f,-0.9229114143062943f,-0.055418767699680925f,-0.20324895649881847f,0f,0f,0f,1f],start_interpolation:0}
execute if entity @s[tag=aj.rkss_cancel.bone.left_arm2] run data modify entity @s {} merge value {transformation:[-0.3035126858347316f,-0.5656816121480482f,-0.7667361757573287f,0.23810097555361898f,-0.9512143868361309f,0.22668968464237982f,0.20929160793663462f,1.3478679481375853f,0.05541876769968062f,0.7928531393356046f,-0.6068876828807167f,0.3122193787539995f,0f,0f,0f,1f],start_interpolation:0}
execute if entity @s[tag=aj.rkss_cancel.bone.left_arm] run data modify entity @s {} merge value {transformation:[-0.3035126858347316f,-0.5656816121480482f,-0.7667361757573287f,0.058741486787265464f,-0.9512143868361309f,0.22668968464237982f,0.20929160793663462f,1.285638570943664f,0.05541876769968062f,0.7928531393356046f,-0.6068876828807167f,0.5173600095503608f,0f,0f,0f,1f],start_interpolation:0}
execute if entity @s[tag=aj.rkss_cancel.bone.head] run data modify entity @s {} merge value {transformation:[0.9162576714652759f,0.17531810011616503f,0.3601880665051089f,0.0836932149287803f,-0.1449940089998394f,0.9833231718537179f,-0.10978286318773989f,1.4423873866034032f,-0.37342819501904906f,0.048364278834712976f,0.9263974739266149f,0.21219196969031742f,0f,0f,0f,1f],start_interpolation:0}
execute if entity @s[tag=aj.rkss_cancel.bone.body_top] run data modify entity @s {} merge value {transformation:[-0.0008007960005884662f,0.17531810011616503f,0.9845115146596426f,0.014661713008040311f,0.04926755105845533f,0.9833231718537179f,-0.1750664105653795f,1.0552038876860017f,-0.9987852958161068f,0.048364278834712976f,-0.009424934712251032f,0.19314853489914918f,0f,0f,0f,1f],start_interpolation:0}
execute if entity @s[tag=aj.rkss_cancel.bone.body] run data modify entity @s {} merge value {transformation:[0.2659323961121409f,0.17531810011616503f,0.9479153572285415f,-0.06203995579278189f,0f,0.9833231718537179f,-0.18186681856661902f,0.625f,-0.9639916808240906f,0.048364278834712976f,0.26149748724364974f,0.17198916290896227f,0f,0f,0f,1f],start_interpolation:0}
execute if entity @s[tag=aj.rkss_cancel.bone.right_leg2] run data modify entity @s {} merge value {transformation:[0.654156954436779f,-0.08301821758290828f,0.7517889693998938f,0.22274321942414016f,0.10109283591209298f,0.9946365658280354f,0.021870995520620162f,0.4719552079598823f,-0.7495724898161941f,0.06169341510379561f,0.6590409737213478f,0.22531300621773961f,0f,0f,0f,1f],start_interpolation:0}
execute if entity @s[tag=aj.rkss_cancel.bone.right_leg] run data modify entity @s {} merge value {transformation:[0.654156954436779f,-0.6177390543860826f,0.4364368678837595f,0.0007432467541417243f,0.10109283591209298f,0.6432550735029363f,0.7589487129839424f,0.703125f,-0.7495724898161941f,-0.4523509379883282f,0.48323877267023096f,0.06274938787818415f,0f,0f,0f,1f],start_interpolation:0}
execute if entity @s[tag=aj.rkss_cancel.bone.left_leg2] run data modify entity @s {} merge value {transformation:[0.8075429901376296f,0.538335226616569f,0.24097614583867727f,-0.23417902653154526f,-0.2476843213712727f,0.6803195648434933f,-0.6897954527524897f,0.3553925820006938f,-0.5352819780512214f,0.4973534693503677f,0.6827244909176207f,0.29613336125755924f,0f,0f,0f,1f],start_interpolation:0}
execute if entity @s[tag=aj.rkss_cancel.bone.left_leg] run data modify entity @s {} merge value {transformation:[0.8075429901376296f,0.23410123779336503f,0.5413602585554192f,-0.15004889419955472f,-0.2476843213712727f,0.967603250085026f,-0.04895331829147823f,0.703125f,-0.5352819780512214f,-0.09455453922741631f,0.839364428055575f,0.2621528237227065f,0f,0f,0f,1f],start_interpolation:0}
execute if entity @s[tag=aj.rkss_cancel.locator_origin.player_camera] at @s on origin run tp @s ^-0.47346 ^0 ^-0.13913 ~127.09717 ~0
execute if entity @s[tag=aj.rkss_cancel.locator_origin.flame1] at @s on origin run tp @s ^0.0625 ^0.01562 ^-0.25001 ~0 ~0
execute if entity @s[tag=aj.rkss_cancel.locator_origin.flame2] at @s on origin run tp @s ^0.0625 ^0.01562 ^-0.24999 ~0 ~0
execute if entity @s[tag=aj.rkss_cancel.locator_origin.flame3] at @s on origin run tp @s ^0.06251 ^0.01562 ^-0.25 ~0 ~0
execute if entity @s[tag=aj.rkss_cancel.locator_origin.flame4] at @s on origin run tp @s ^0.06249 ^0.01562 ^-0.25 ~0 ~0