execute if entity @s[tag=aj.rkss_cancel.bone.black_knight_shield] run data modify entity @s {} merge value {transformation:[0.9094781017605928f,-0.13997178586852752f,0.39148113821578123f,0.5792312831157286f,0.36919004612333567f,0.7048914415681115f,-0.6056622536096161f,1.1279863759246107f,-0.1911760765927522f,0.6953674961952168f,0.6927595203054213f,0.23505062568198232f,0f,0f,0f,1f],start_interpolation:0}
execute if entity @s[tag=aj.rkss_cancel.bone.right_arm2] run data modify entity @s {} merge value {transformation:[0.9094781017605928f,-0.13997178586852752f,0.39148113821578123f,0.35631684561175625f,0.36919004612333567f,0.7048914415681115f,-0.6056622536096161f,1.0612821793976297f,-0.1911760765927522f,0.6953674961952168f,0.6927595203054213f,0.3027378350968201f,0f,0f,0f,1f],start_interpolation:0}
execute if entity @s[tag=aj.rkss_cancel.bone.right_arm] run data modify entity @s {} merge value {transformation:[0.9094781017605928f,-0.13997178586852752f,0.39148113821578123f,0.3213238991446244f,0.36919004612333567f,0.7048914415681115f,-0.6056622536096161f,1.2375050397896576f,-0.1911760765927522f,0.6953674961952168f,0.6927595203054213f,0.4765797091456243f,0f,0f,0f,1f],start_interpolation:0}
execute if entity @s[tag=aj.rkss_cancel.bone.flame_slash] run data modify entity @s {} merge value {transformation:[-0.000004105530428770585f,1.1041569947332124f,0.000010084224622787258f,0.9243668665061778f,0.00000864473409559822f,-2.027903149586977f,0.000004979322748367726f,-0.7779570578414938f,0.000005914025051928718f,3.730764318055611f,-2.779545372158242e-7f,4.464620155367949f,0f,0f,0f,1f],start_interpolation:0}
execute if entity @s[tag=aj.rkss_cancel.locator_origin.rkss1] at @s on origin run tp @s ^0.45974 ^0.06521 ^2.86452 ~88.42114 ~26.2703
execute if entity @s[tag=aj.rkss_cancel.locator_origin.rkss2] at @s on origin run tp @s ^0.74286 ^-0.45476 ^3.82113 ~88.42114 ~26.2703
execute if entity @s[tag=aj.rkss_cancel.locator_origin.rkss3] at @s on origin run tp @s ^1.02598 ^-0.97474 ^4.77773 ~88.42114 ~26.2703
execute if entity @s[tag=aj.rkss_cancel.locator_origin.rkss4] at @s on origin run tp @s ^1.3091 ^-1.49471 ^5.73434 ~88.42114 ~26.2703
execute if entity @s[tag=aj.rkss_cancel.locator_origin.rkss5] at @s on origin run tp @s ^1.66299 ^-2.14468 ^6.9301 ~88.42114 ~26.2703
execute if entity @s[tag=aj.rkss_cancel.bone.sword_body] run data modify entity @s {} merge value {transformation:[-0.36931238149332773f,1.1460493717201397f,0.9071249319836243f,1.2368897906150416f,0.7776357748681904f,-2.1048430083576957f,0.4479142401519745f,-1.3557947281569003f,0.5319952473943883f,3.872311748363857f,-0.025003359216799508f,5.44695880525569f,0f,0f,0f,1f],start_interpolation:0}
execute if entity @s[tag=aj.rkss_cancel.bone.ringed_knight_straight_sword] run data modify entity @s {} merge value {transformation:[-0.36493603811294084f,0.2516597138993077f,0.8963755220255339f,0.03860249886564346f,0.7684208084976195f,-0.4622001480540119f,0.44260646652157554f,0.8540979341592208f,0.5256911157269971f,0.8503166536878886f,-0.02470706997473993f,1.4118490524334304f,0f,0f,0f,1f],start_interpolation:0}
execute if entity @s[tag=aj.rkss_cancel.bone.left_arm2] run data modify entity @s {} merge value {transformation:[-0.8963755220255338f,-0.25849348206463907f,0.36012781514838516f,-0.07018321898941068f,-0.4426064665215757f,0.4766015725831525f,-0.7595725487434044f,1.1810074817380194f,0.02470706997474026f,-0.8402571396550964f,-0.5416248701379018f,0.9443988482191958f,0f,0f,0f,1f],start_interpolation:0}
execute if entity @s[tag=aj.rkss_cancel.bone.left_arm] run data modify entity @s {} merge value {transformation:[-0.8963755220255338f,-0.25849348206463907f,0.36012781514838516f,-0.24685352975876218f,-0.4426064665215757f,0.4766015725831525f,-0.7595725487434044f,1.2448320665686106f,0.02470706997474026f,-0.8402571396550964f,-0.5416248701379018f,0.7374229470522643f,0f,0f,0f,1f],start_interpolation:0}
execute if entity @s[tag=aj.rkss_cancel.bone.head] run data modify entity @s {} merge value {transformation:[0.9883418613992458f,0.15072638091241147f,0.021492396397810087f,0.06069129033820751f,-0.1328442688238647f,0.9226930996515309f,-0.3619251912980123f,1.3789621930264286f,-0.07438256009661626f,0.35485067557001587f,0.9319593514746105f,0.6616231758921065f,0f,0f,0f,1f],start_interpolation:0}
execute if entity @s[tag=aj.rkss_cancel.bone.body_top] run data modify entity @s {} merge value {transformation:[0.9188600919545173f,0.14192028772996867f,0.3681776247193448f,0.004810177044532342f,-1.734723475976807e-18f,0.9330791405761253f,-0.35967112397538875f,1.0115622814245793f,-0.3945834910552338f,0.33048744204941033f,0.8573691849106205f,0.5314937455851512f,0f,0f,0f,1f],start_interpolation:0}
execute if entity @s[tag=aj.rkss_cancel.bone.body] run data modify entity @s {} merge value {transformation:[0.9188600919545173f,0.07244877647819976f,0.3878753745730033f,-0.026886162664680052f,-1.734723475976807e-18f,0.9829995003990385f,-0.183608230249193f,0.5814999999999999f,-0.3945834910552338f,0.1687102753303797f,0.9032390113279052f,0.4576830001281101f,0f,0f,0f,1f],start_interpolation:0}
execute if entity @s[tag=aj.rkss_cancel.bone.right_leg2] run data modify entity @s {} merge value {transformation:[0.8545584139576f,0.3082421530863677f,0.41799125851499747f,0.08315336986789534f,0.23063523954852208f,0.49588273257128723f,-0.8372023063848004f,0.3241338697767412f,-0.46533568895225197f,0.8118417891426344f,0.35266925863905324f,0.237285652847651f,0f,0f,0f,1f],start_interpolation:0}
execute if entity @s[tag=aj.rkss_cancel.bone.right_leg] run data modify entity @s {} merge value {transformation:[0.8545584139576f,-0.05945521945595603f,0.5159408822856697f,0.06178665037591115f,0.23063523954852208f,0.9335405362734155f,-0.27442567921522887f,0.6596249999999999f,-0.46533568895225197f,0.3535069221582344f,0.8114773888245717f,0.3643272029982665f,0f,0f,0f,1f],start_interpolation:0}
execute if entity @s[tag=aj.rkss_cancel.bone.left_leg2] run data modify entity @s {} merge value {transformation:[0.9418439310914756f,-0.010468262918632204f,0.3358875182819722f,-0.0783445036604894f,-0.03921897645704582f,0.9892605152567012f,0.1408030711302412f,0.3928491795738429f,-0.3337542229722607f,-0.14578768269477516f,0.9313184580059981f,0.7292661753536493f,0f,0f,0f,1f],start_interpolation:0}
execute if entity @s[tag=aj.rkss_cancel.bone.left_leg] run data modify entity @s {} merge value {transformation:[0.9418439310914756f,-0.19612367364281416f,0.27288370069134354f,-0.14882644887587573f,-0.03921897645704582f,0.7423327177075674f,0.6688826564551953f,0.6596249999999999f,-0.3337542229722607f,-0.6406852900275953f,0.691469795284247f,0.49901989924998225f,0f,0f,0f,1f],start_interpolation:0}
execute if entity @s[tag=aj.rkss_cancel.locator_origin.player_camera] at @s on origin run tp @s ^0.25954 ^-0.0435 ^0.90555 ~147.4 ~0
execute if entity @s[tag=aj.rkss_cancel.locator_origin.flame1] at @s on origin run tp @s ^0.0625 ^0.01562 ^-0.25001 ~0 ~0
execute if entity @s[tag=aj.rkss_cancel.locator_origin.flame2] at @s on origin run tp @s ^0.0625 ^0.01562 ^-0.24999 ~0 ~0
execute if entity @s[tag=aj.rkss_cancel.locator_origin.flame3] at @s on origin run tp @s ^0.06251 ^0.01562 ^-0.25 ~0 ~0
execute if entity @s[tag=aj.rkss_cancel.locator_origin.flame4] at @s on origin run tp @s ^0.06249 ^0.01562 ^-0.25 ~0 ~0