execute if entity @s[tag=aj.rkss_cancel.bone.black_knight_shield] run data modify entity @s {} merge value {transformation:[0.6040227735550536f,-0.34952857250559866f,-0.7162305955689542f,0.4640558048254079f,0.34202014332566866f,0.9254165783983234f,-0.16317591116653482f,1.1209105362442509f,0.7198463103929543f,-0.1464033245105394f,0.6785185008427642f,0.7008848465938531f,0f,0f,0f,1f],start_interpolation:0}
execute if entity @s[tag=aj.rkss_cancel.bone.right_arm2] run data modify entity @s {} merge value {transformation:[0.6040227735550536f,-0.34952857250559866f,-0.7162305955689542f,0.3079673962716277f,0.34202014332566866f,0.9254165783983234f,-0.16317591116653482f,1.0676375314148472f,0.7198463103929543f,-0.1464033245105394f,0.6785185008427642f,0.5233454135881539f,0f,0f,0f,1f],start_interpolation:0}
execute if entity @s[tag=aj.rkss_cancel.bone.right_arm] run data modify entity @s {} merge value {transformation:[0.6040227735550536f,-0.34952857250559866f,-0.7162305955689542f,0.2205852531452281f,0.34202014332566866f,0.9254165783983234f,-0.16317591116653482f,1.298991676014428f,0.7198463103929543f,-0.1464033245105394f,0.6785185008427642f,0.4867445824605191f,0f,0f,0f,1f],start_interpolation:0}
execute if entity @s[tag=aj.rkss_cancel.bone.flame_slash] run data modify entity @s {} merge value {transformation:[-0.8272357637125337f,-2.589621731652015f,-4.0656155852808825e-7f,-2.277566093811421f,-0.12472488772583601f,0.5083932974232288f,0.000011091734356016812f,1.92833718115386f,0.5703340631741355f,-3.6449136535850557f,0.0000018359293762788156f,-3.8326393848155687f,0f,0f,0f,1f],start_interpolation:0}
execute if entity @s[tag=aj.rkss_cancel.locator_origin.rkss1] at @s on origin run tp @s ^-1.54565 ^1.66201 ^-2.08452 ~-167.51351 ~80.378
execute if entity @s[tag=aj.rkss_cancel.locator_origin.rkss2] at @s on origin run tp @s ^-2.19306 ^1.78911 ^-2.99574 ~-167.51351 ~80.378
execute if entity @s[tag=aj.rkss_cancel.locator_origin.rkss3] at @s on origin run tp @s ^-2.84046 ^1.9162 ^-3.90697 ~-167.51351 ~80.378
execute if entity @s[tag=aj.rkss_cancel.locator_origin.rkss4] at @s on origin run tp @s ^-3.48787 ^2.0433 ^-4.8182 ~-167.51351 ~80.378
execute if entity @s[tag=aj.rkss_cancel.locator_origin.rkss5] at @s on origin run tp @s ^-4.29713 ^2.20218 ^-5.95724 ~-167.51351 ~80.378
execute if entity @s[tag=aj.rkss_cancel.bone.sword_body] run data modify entity @s {} merge value {transformation:[0.8268207841257166f,-2.620676691259797f,-0.036572184766052174f,-3.314663935120543f,0.12466231997351594f,0.5144899922120363f,0.9977553207755877f,2.0079824494011556f,-0.5700479573210454f,-3.688623761861652f,0.16515075505362362f,-4.542787969323786f,0f,0f,0f,1f],start_interpolation:0}
execute if entity @s[tag=aj.rkss_cancel.bone.ringed_knight_straight_sword] run data modify entity @s {} merge value {transformation:[0.8170229765062061f,-0.57547149592267f,-0.03613880520249673f,-0.5673462977647952f,0.123185074297122f,0.11297628831627307f,0.9859319427570499f,1.4762734495041976f,-0.5632929019003808f,-0.8099808119077901f,0.16319372233589471f,-0.699461276372658f,0f,0f,0f,1f],start_interpolation:0}
execute if entity @s[tag=aj.rkss_cancel.bone.left_arm2] run data modify entity @s {} merge value {transformation:[0.0361388052024966f,0.34440167359875573f,-0.9381265767373357f,-0.27581323351362064f,-0.9859319427570499f,-0.1410093579434326f,-0.08974722961568286f,1.4619471856337074f,-0.16319372233589508f,0.9281723160032068f,0.3344607014215538f,-0.1884788280545407f,0f,0f,0f,1f],start_interpolation:0}
execute if entity @s[tag=aj.rkss_cancel.bone.left_arm] run data modify entity @s {} merge value {transformation:[0.0361388052024966f,0.34440167359875573f,-0.9381265767373357f,-0.18519546446361962f,-0.9859319427570499f,-0.1410093579434326f,-0.08974722961568286f,1.303453353303218f,-0.16319372233589508f,0.9281723160032068f,0.3344607014215538f,0.023165035654274135f,0f,0f,0f,1f],start_interpolation:0}
execute if entity @s[tag=aj.rkss_cancel.bone.head] run data modify entity @s {} merge value {transformation:[0.9063077870366499f,0f,-0.42261826174069955f,0.009860591157520748f,0f,1f,0f,1.45625f,0.42261826174069955f,0f,0.9063077870366499f,0.25562379069802427f,0f,0f,0f,1f],start_interpolation:0}
execute if entity @s[tag=aj.rkss_cancel.bone.body_top] run data modify entity @s {} merge value {transformation:[0.6427876096865393f,0f,-0.7660444431189781f,0.009860591157520748f,0f,1f,0f,1.0625f,0.7660444431189781f,0f,0.6427876096865393f,0.25562379069802427f,0f,0f,0f,1f],start_interpolation:0}
execute if entity @s[tag=aj.rkss_cancel.bone.body] run data modify entity @s {} merge value {transformation:[0.6427876096865393f,0f,-0.7660444431189781f,0.009860591157520748f,0f,1f,0f,0.625f,0.7660444431189781f,0f,0.6427876096865393f,0.25562379069802427f,0f,0f,0f,1f],start_interpolation:0}
execute if entity @s[tag=aj.rkss_cancel.bone.right_leg2] run data modify entity @s {} merge value {transformation:[0.6827835232290702f,-0.6638919689521459f,-0.3050477240822177f,0.2879481623568674f,0.39646684288154993f,0.6873692617991037f,-0.6085536463035052f,0.38302868704697424f,0.6136943073733324f,0.2945690946019256f,0.7325355592754305f,0.3340065464542521f,0f,0f,0f,1f],start_interpolation:0}
execute if entity @s[tag=aj.rkss_cancel.bone.right_leg] run data modify entity @s {} merge value {transformation:[0.6827835232290702f,-0.4480240049551057f,-0.5771318318988178f,0.1269395355761263f,0.39646684288154993f,0.890702783869289f,-0.2224018734251918f,0.703125f,0.6136943073733324f,-0.07696130060937151f,0.7857838476999128f,0.3063485790477592f,0f,0f,0f,1f],start_interpolation:0}
execute if entity @s[tag=aj.rkss_cancel.bone.left_leg2] run data modify entity @s {} merge value {transformation:[0.5140556783710996f,0.14235366993033693f,-0.8458618044289467f,-0.30348738812190623f,-0.26170804034487305f,0.9651411701166521f,0.003379846846542911f,0.4286917130050685f,0.816857185285944f,0.21963140577618778f,0.5333913989215616f,0.21702703900578202f,0f,0f,0f,1f],start_interpolation:0}
execute if entity @s[tag=aj.rkss_cancel.bone.left_leg] run data modify entity @s {} merge value {transformation:[0.5140556783710996f,0.6278648003500094f,-0.5844078644370486f,-0.07784847549612163f,-0.26170804034487305f,0.7636404507685051f,0.5902221307007395f,0.703125f,0.816857185285944f,-0.15046280082305222f,0.5568709764525419f,0.16295446995999763f,0f,0f,0f,1f],start_interpolation:0}
execute if entity @s[tag=aj.rkss_cancel.locator_origin.player_camera] at @s on origin run tp @s ^-0.29809 ^0 ^0.69542 ~-145 ~0
execute if entity @s[tag=aj.rkss_cancel.locator_origin.flame1] at @s on origin run tp @s ^0.0625 ^0.01562 ^-0.25001 ~0 ~0
execute if entity @s[tag=aj.rkss_cancel.locator_origin.flame2] at @s on origin run tp @s ^0.0625 ^0.01562 ^-0.24999 ~0 ~0
execute if entity @s[tag=aj.rkss_cancel.locator_origin.flame3] at @s on origin run tp @s ^0.06251 ^0.01562 ^-0.25 ~0 ~0
execute if entity @s[tag=aj.rkss_cancel.locator_origin.flame4] at @s on origin run tp @s ^0.06249 ^0.01562 ^-0.25 ~0 ~0