execute if entity @s[tag=aj.rkss_cancel.bone.black_knight_shield] run data modify entity @s {} merge value {transformation:[0.8944629769588811f,0.37078472392520684f,-0.24990932626367587f,0.4267898846468904f,-0.1633086438957787f,0.7911895248377825f,0.589363574218738f,0.7418531605047649f,0.4162526512573559f,-0.4863515439377901f,0.7682420881665817f,1.0515778349770875f,0f,0f,0f,1f],start_interpolation:0}
execute if entity @s[tag=aj.rkss_cancel.bone.right_arm2] run data modify entity @s {} merge value {transformation:[0.8944629769588811f,0.37078472392520684f,-0.24990932626367587f,0.2234291262090639f,-0.1633086438957787f,0.7911895248377825f,0.589363574218738f,0.8058356742928325f,0.4162526512573559f,-0.4863515439377901f,0.7682420881665817f,0.9363715224011597f,0f,0f,0f,1f],start_interpolation:0}
execute if entity @s[tag=aj.rkss_cancel.bone.right_arm] run data modify entity @s {} merge value {transformation:[0.8944629769588811f,0.37078472392520684f,-0.24990932626367587f,0.31612530719036563f,-0.1633086438957787f,0.7911895248377825f,0.589363574218738f,1.003633055502278f,0.4162526512573559f,-0.4863515439377901f,0.7682420881665817f,0.8147836364167123f,0f,0f,0f,1f],start_interpolation:0}
execute if entity @s[tag=aj.rkss_cancel.bone.flame_slash] run data modify entity @s {} merge value {transformation:[-0.0000013688777885177491f,0.13949359410352674f,0.000011078936199857405f,0.22370804463888133f,-0.0000025640195798661872f,-1.0902900172567365f,0.0000010559694224235141f,-0.28849454198900215f,0.000010868048453800962f,-0.23965436669167303f,0.0000016445671948557617f,0.8659535268242932f,0f,0f,0f,1f],start_interpolation:0}
execute if entity @s[tag=aj.rkss_cancel.locator_origin.rkss1] at @s on origin run tp @s ^0.14971 ^0.23946 ^0.9998 ~98.44338 ~5.38594
execute if entity @s[tag=aj.rkss_cancel.locator_origin.rkss2] at @s on origin run tp @s ^0.17393 ^0.05018 ^0.95819 ~98.44338 ~5.38594
execute if entity @s[tag=aj.rkss_cancel.locator_origin.rkss3] at @s on origin run tp @s ^0.19815 ^-0.13911 ^0.91658 ~98.44338 ~5.38594
execute if entity @s[tag=aj.rkss_cancel.locator_origin.rkss4] at @s on origin run tp @s ^0.22236 ^-0.32839 ^0.87498 ~98.44338 ~5.38594
execute if entity @s[tag=aj.rkss_cancel.locator_origin.rkss5] at @s on origin run tp @s ^0.25264 ^-0.565 ^0.82297 ~98.44338 ~5.38594
execute if entity @s[tag=aj.rkss_cancel.bone.sword_body] run data modify entity @s {} merge value {transformation:[-0.12313719866940472f,0.0980322311864461f,0.9966040645342914f,0.23948396461870597f,-0.2306460014521103f,-0.7662256013897089f,0.09498957295419277f,-0.4109235512327094f,0.9776336885804131f,-0.16842244571405332f,0.1479367983736656f,0.8390567871167669f,0f,0f,0f,1f],start_interpolation:0}
execute if entity @s[tag=aj.rkss_cancel.bone.ringed_knight_straight_sword] run data modify entity @s {} merge value {transformation:[-0.12167802564602215f,0.12399430586980154f,0.9847943288762138f,0.1624197469996718f,-0.2279128515436611f,-0.969146682005988f,0.09386394865986791f,0.20344192510509207f,0.9660487514489744f,-0.2130261037259316f,0.14618375065384548f,0.9889965707322723f,0f,0f,0f,1f],start_interpolation:0}
execute if entity @s[tag=aj.rkss_cancel.bone.left_arm2] run data modify entity @s {} merge value {transformation:[-0.8097919726763058f,-0.39329488796400386f,-0.43538039929514344f,-0.08428388740623535f,-0.14804138553139817f,0.8550187734345202f,-0.497017751437987f,0.8201397668483288f,0.5677329558506893f,-0.33802666784724267f,-0.7506112593514225f,0.9710668033633351f,0f,0f,0f,1f],start_interpolation:0}
execute if entity @s[tag=aj.rkss_cancel.bone.left_arm] run data modify entity @s {} merge value {transformation:[-0.8097919726763058f,-0.39329488796400386f,-0.43538039929514344f,-0.28383160598177454f,-0.14804138553139817f,0.8550187734345202f,-0.497017751437987f,1.015389287015534f,0.5677329558506893f,-0.33802666784724267f,-0.7506112593514225f,0.9575267558828605f,0f,0f,0f,1f],start_interpolation:0}
execute if entity @s[tag=aj.rkss_cancel.bone.head] run data modify entity @s {} merge value {transformation:[0.9949593635468265f,0.10018432199770923f,-0.004355056412193546f,0.08361181721765598f,-0.06597832070224288f,0.6213087243649085f,-0.7807831518580315f,1.0838913298437787f,-0.07551639615213414f,0.7771348471493923f,0.6247869262863015f,0.9053884729589694f,0f,0f,0f,1f],start_interpolation:0}
execute if entity @s[tag=aj.rkss_cancel.bone.body_top] run data modify entity @s {} merge value {transformation:[0.9917971292435824f,0.11417368427347688f,0.05747020309350821f,0.03865592903497445f,0f,0.4496113296546067f,-0.8932243011955152f,0.9068568687922773f,-0.12782196377848629f,0.885897297696317f,0.4459232260268288f,0.5565664119910445f,0f,0f,0f,1f],start_interpolation:0}
execute if entity @s[tag=aj.rkss_cancel.bone.body] run data modify entity @s {} merge value {transformation:[0.9917971292435824f,0.09678792175090123f,0.08348983547312859f,-0.0036887867310448352f,0f,0.6531728429537769f,-0.7572088465064845f,0.62109375f,-0.12782196377848629f,0.7509975602029757f,0.6478149505414251f,0.22800497940224262f,0f,0f,0f,1f],start_interpolation:0}
execute if entity @s[tag=aj.rkss_cancel.bone.right_leg2] run data modify entity @s {} merge value {transformation:[0.999392331630456f,-0.007204498904464328f,0.034103704692834885f,0.13936492579726245f,0.00688272094791427f,0.999930774463143f,0.009543292612735288f,0.41804463344673615f,-0.034170098486742156f,-0.009302767172982451f,0.9993727347152971f,0.5009514716812014f,0f,0f,0f,1f],start_interpolation:0}
execute if entity @s[tag=aj.rkss_cancel.bone.right_leg] run data modify entity @s {} merge value {transformation:[0.999392331630456f,-0.029617292295638226f,0.01837888667235435f,0.12872121137851747f,0.00688272094791427f,0.6845714547569082f,0.7289132674635328f,0.6640625f,-0.034170098486742156f,-0.7283438331784551f,0.6843593098952633f,0.23920290663269406f,0f,0f,0f,1f],start_interpolation:0}
execute if entity @s[tag=aj.rkss_cancel.bone.left_leg2] run data modify entity @s {} merge value {transformation:[0.9818104669147013f,0.15843473591756874f,-0.10462619897265876f,-0.199992059459279f,-0.18738196399720627f,0.7197724156095052f,-0.6684427195326518f,0.4142220584530147f,-0.030597493774585816f,0.6758891212191448f,0.7363679034235034f,-0.004462863487874946f,0f,0f,0f,1f],start_interpolation:0}
execute if entity @s[tag=aj.rkss_cancel.bone.left_leg] run data modify entity @s {} merge value {transformation:[0.9818104669147013f,0.169587492166413f,-0.0853714797660374f,-0.13904655446197434f,-0.18738196399720627f,0.7930342721307417f,-0.5796418228480535f,0.69921875f,-0.030597493774585816f,0.5850954842816438f,0.8103869863515472f,0.2058058261758408f,0f,0f,0f,1f],start_interpolation:0}
execute if entity @s[tag=aj.rkss_cancel.locator_origin.player_camera] at @s on origin run tp @s ^0.12728 ^-0.00391 ^0.71679 ~165 ~0
execute if entity @s[tag=aj.rkss_cancel.locator_origin.flame1] at @s on origin run tp @s ^0.0625 ^0.014 ^-1.858 ~0 ~0
execute if entity @s[tag=aj.rkss_cancel.locator_origin.flame2] at @s on origin run tp @s ^0.0625 ^0.014 ^3.7175 ~0 ~0
execute if entity @s[tag=aj.rkss_cancel.locator_origin.flame3] at @s on origin run tp @s ^2.983 ^0.014 ^1.0625 ~0 ~0
execute if entity @s[tag=aj.rkss_cancel.locator_origin.flame4] at @s on origin run tp @s ^-2.858 ^0.014 ^1.0625 ~0 ~0
execute if entity @s[tag=aj.rkss_cancel.bone.flame_blast] run data modify entity @s {} merge value {transformation:[-7.257000000000004f,0f,8.887261821412348e-16f,0.06249999999999987f,0f,445.12333333333356f,0f,2.049625000000001f,-8.887261821412348e-16f,0f,-7.257000000000004f,1.0625f,0f,0f,0f,1f],start_interpolation:0}