execute if entity @s[tag=aj.rkss_cancel.bone.black_knight_shield] run data modify entity @s {} merge value {transformation:[0.8864563098066752f,-0.3423641784437082f,0.3114192995344002f,0.6057040793199016f,0.4303533348821384f,0.8573164614734787f,-0.28249688855351174f,1.1648541753691781f,-0.1702680767488545f,0.38444148346030227f,0.9073111527117301f,0.23619205863503f,0f,0f,0f,1f],start_interpolation:0}
execute if entity @s[tag=aj.rkss_cancel.bone.right_arm2] run data modify entity @s {} merge value {transformation:[0.8864563098066752f,-0.3423641784437082f,0.3114192995344002f,0.3819951222016433f,0.4303533348821384f,0.8573164614734787f,-0.28249688855351174f,1.0882234466730507f,-0.1702680767488545f,0.38444148346030227f,0.9073111527117301f,0.2891438152154534f,0f,0f,0f,1f],start_interpolation:0}
execute if entity @s[tag=aj.rkss_cancel.bone.right_arm] run data modify entity @s {} merge value {transformation:[0.8864563098066752f,-0.3423641784437082f,0.3114192995344002f,0.29640407759071624f,0.4303533348821384f,0.8573164614734787f,-0.28249688855351174f,1.3025525620414204f,-0.1702680767488545f,0.38444148346030227f,0.9073111527117301f,0.38525418608052897f,0f,0f,0f,1f],start_interpolation:0}
execute if entity @s[tag=aj.rkss_cancel.bone.flame_slash] run data modify entity @s {} merge value {transformation:[-1.6348241344926022f,-0.1548291279127972f,0.000010165899423701592f,0.3981251976420186f,3.428275753939229f,0.6584976158607377f,0.000004809830348276216f,0.22573179344407857f,-0.4526592584194481f,5.546401092695644f,-2.8726456096221796e-7f,4.470386152017534f,0f,0f,0f,1f],start_interpolation:0}
execute if entity @s[tag=aj.rkss_cancel.locator_origin.rkss1] at @s on origin run tp @s ^-0.31272 ^1.64217 ^3.17785 ~88.38139 ~25.31157
execute if entity @s[tag=aj.rkss_cancel.locator_origin.rkss2] at @s on origin run tp @s ^-0.34389 ^1.77476 ^4.29458 ~88.38139 ~25.31157
execute if entity @s[tag=aj.rkss_cancel.locator_origin.rkss3] at @s on origin run tp @s ^-0.37506 ^1.90734 ^5.4113 ~88.38139 ~25.31157
execute if entity @s[tag=aj.rkss_cancel.locator_origin.rkss4] at @s on origin run tp @s ^-0.40624 ^2.03992 ^6.52803 ~88.38139 ~25.31157
execute if entity @s[tag=aj.rkss_cancel.locator_origin.rkss5] at @s on origin run tp @s ^-0.4452 ^2.20565 ^7.92394 ~88.38139 ~25.31157
execute if entity @s[tag=aj.rkss_cancel.bone.sword_body] run data modify entity @s {} merge value {transformation:[-0.4325304788885716f,-0.12618994769166839f,0.9144719765999029f,-0.3860091767079371f,0.9070295222144114f,0.5366934556872012f,0.43266757641172804f,1.986957271610529f,-0.11976146038379615f,4.520467648429003f,-0.025840841023643576f,6.205716622520759f,0f,0f,0f,1f],start_interpolation:0}
execute if entity @s[tag=aj.rkss_cancel.bone.ringed_knight_straight_sword] run data modify entity @s {} merge value {transformation:[-0.4274050024817272f,-0.027709911035847395f,0.9036355043290304f,-0.25700742658086584f,0.8962812428599315f,0.11785192230169811f,0.4275404754023303f,1.4409881860103577f,-0.11834228978286257f,0.9926444908627559f,-0.025534627641086036f,1.4848157513012517f,0f,0f,0f,1f],start_interpolation:0}
execute if entity @s[tag=aj.rkss_cancel.bone.left_arm2] run data modify entity @s {} merge value {transformation:[-0.9036355043290305f,0.02770991103584719f,0.4274050024817271f,-0.20454333428019844f,-0.4275404754023306f,-0.11785192230169844f,-0.8962812428599318f,1.4329121383165493f,0.025534627641086383f,-0.9926444908627563f,0.11834228978286276f,0.9062613673190211f,0f,0f,0f,1f],start_interpolation:0}
execute if entity @s[tag=aj.rkss_cancel.bone.left_arm] run data modify entity @s {} merge value {transformation:[-0.9036355043290305f,0.02770991103584719f,0.4274050024817271f,-0.31057029456236546f,-0.4275404754023306f,-0.11785192230169844f,-0.8962812428599318f,1.3500065983158334f,0.025534627641086383f,-0.9926444908627563f,0.11834228978286276f,0.6612920730584678f,0f,0f,0f,1f],start_interpolation:0}
execute if entity @s[tag=aj.rkss_cancel.bone.head] run data modify entity @s {} merge value {transformation:[0.9975616658232748f,0.06375071498998505f,0.02840016229106357f,0.01990882745804081f,-0.06090289239555961f,0.9939101597776885f,-0.09183371923506528f,1.4512165945810767f,-0.03408167510184823f,0.08988014591084957f,0.9953692776016831f,0.5332486379013579f,0f,0f,0f,1f],start_interpolation:0}
execute if entity @s[tag=aj.rkss_cancel.bone.body_top] run data modify entity @s {} merge value {transformation:[0.9182161068802739f,0.05169878367650019f,0.3926912487336634f,-0.0004475686145811418f,0f,0.9914448613738104f,-0.13052619222005185f,1.0608351804151388f,-0.3960797660391571f,0.11985125206620231f,0.9103606407971131f,0.48605720740029074f,0f,0f,0f,1f],start_interpolation:0}
execute if entity @s[tag=aj.rkss_cancel.bone.body] run data modify entity @s {} merge value {transformation:[0.9182161068802739f,0.034520626196461415f,0.39457256294962734f,-0.015550342575533012f,0f,0.9961946980917455f,-0.08715574274765818f,0.625f,-0.3960797660391571f,0.08002780679801336f,0.9147220173765724f,0.4510450419261599f,0f,0f,0f,1f],start_interpolation:0}
execute if entity @s[tag=aj.rkss_cancel.bone.right_leg2] run data modify entity @s {} merge value {transformation:[0.9393435436135366f,-0.05239187859691116f,0.3389525012869066f,0.16488359258601276f,0.18830765035033642f,0.9047702620036018f,-0.3820091645673818f,0.35431170077324065f,-0.28665996562320895f,0.4226651914352779f,0.8597558956226358f,0.40127043297660137f,0f,0f,0f,1f],start_interpolation:0}
execute if entity @s[tag=aj.rkss_cancel.bone.right_leg] run data modify entity @s {} merge value {transformation:[0.9393435436135366f,-0.2225337263955722f,0.26098361574639994f,0.08491053466260398f,0.18830765035033642f,0.9706109195875043f,0.14984882914802683f,0.703125f,-0.28665996562320895f,-0.09161431871710728f,0.9536419038165747f,0.36834653718764093f,0f,0f,0f,1f],start_interpolation:0}
execute if entity @s[tag=aj.rkss_cancel.bone.left_leg2] run data modify entity @s {} merge value {transformation:[0.98438842540937f,0.0792374208023505f,0.1571650694799975f,-0.1484195070306156f,-0.0551458955489218f,0.9868220932970284f,-0.15212194577041901f,0.3558363686912718f,-0.16714771348770707f,0.1410800741616694f,0.9757858651109726f,0.5597068214498414f,0f,0f,0f,1f],start_interpolation:0}
execute if entity @s[tag=aj.rkss_cancel.bone.left_leg] run data modify entity @s {} merge value {transformation:[0.98438842540937f,0.0105071720992031f,0.17569583732843227f,-0.1446434920574645f,-0.0551458955489218f,0.966368365380809f,0.25117944301899153f,0.703125f,-0.16714771348770707f,-0.25694704070236174f,0.9518612609777385f,0.4673664786974302f,0f,0f,0f,1f],start_interpolation:0}
execute if entity @s[tag=aj.rkss_cancel.locator_origin.player_camera] at @s on origin run tp @s ^-0.22791 ^0 ^-0.04125 ~156.66667 ~0
execute if entity @s[tag=aj.rkss_cancel.locator_origin.flame1] at @s on origin run tp @s ^0.0625 ^0.01562 ^-0.25001 ~0 ~0
execute if entity @s[tag=aj.rkss_cancel.locator_origin.flame2] at @s on origin run tp @s ^0.0625 ^0.01562 ^-0.24999 ~0 ~0
execute if entity @s[tag=aj.rkss_cancel.locator_origin.flame3] at @s on origin run tp @s ^0.06251 ^0.01562 ^-0.25 ~0 ~0
execute if entity @s[tag=aj.rkss_cancel.locator_origin.flame4] at @s on origin run tp @s ^0.06249 ^0.01562 ^-0.25 ~0 ~0