execute if entity @s[tag=aj.rkss_cancel.bone.black_knight_shield] run data modify entity @s {} merge value {transformation:[0.9058139564302574f,0.38266098327235065f,-0.1818561195483995f,0.41543979790341456f,0.38411722201036225f,-0.5606319157214987f,0.7335842247686934f,1.619685193452186f,0.1787597160749762f,-0.7343448964590688f,-0.6548148875470943f,0.6402262589318604f,0f,0f,0f,1f],start_interpolation:0}
execute if entity @s[tag=aj.rkss_cancel.bone.right_arm2] run data modify entity @s {} merge value {transformation:[0.9058139564302574f,0.38266098327235065f,-0.1818561195483995f,0.20972416262267962f,0.38411722201036225f,-0.5606319157214987f,0.7335842247686934f,1.509878998459223f,0.1787597160749762f,-0.7343448964590688f,-0.6548148875470943f,0.5743056131325236f,0f,0f,0f,1f],start_interpolation:0}
execute if entity @s[tag=aj.rkss_cancel.bone.right_arm] run data modify entity @s {} merge value {transformation:[0.9058139564302574f,0.38266098327235065f,-0.1818561195483995f,0.3053894084407673f,0.38411722201036225f,-0.5606319157214987f,0.7335842247686934f,1.3697210195288483f,0.1787597160749762f,-0.7343448964590688f,-0.6548148875470943f,0.3907193890177564f,0f,0f,0f,1f],start_interpolation:0}
execute if entity @s[tag=aj.rkss_cancel.bone.flame_slash] run data modify entity @s {} merge value {transformation:[-0.03300364688026732f,-0.1070087572995135f,0.000011245875002075997f,-0.008958752609757197f,-3.2174338695962352f,2.32786687144324f,8.247034890541815e-8f,4.796211012105226f,2.170514136458805f,3.449056567338129f,2.9324747097583854e-7f,2.364771976685758f,0f,0f,0f,1f],start_interpolation:0}
execute if entity @s[tag=aj.rkss_cancel.locator_origin.rkss1] at @s on origin run tp @s ^0.00425 ^2.73439 ^2.29405 ~91.49371 ~0.42002
execute if entity @s[tag=aj.rkss_cancel.locator_origin.rkss2] at @s on origin run tp @s ^-0.01904 ^3.2412 ^3.04497 ~91.49371 ~0.42002
execute if entity @s[tag=aj.rkss_cancel.locator_origin.rkss3] at @s on origin run tp @s ^-0.04234 ^3.74802 ^3.79589 ~91.49371 ~0.42002
execute if entity @s[tag=aj.rkss_cancel.locator_origin.rkss4] at @s on origin run tp @s ^-0.06564 ^4.25484 ^4.54681 ~91.49371 ~0.42002
execute if entity @s[tag=aj.rkss_cancel.locator_origin.rkss5] at @s on origin run tp @s ^-0.09476 ^4.88836 ^5.48546 ~91.49371 ~0.42002
execute if entity @s[tag=aj.rkss_cancel.bone.sword_body] run data modify entity @s {} merge value {transformation:[0.008605328016479095f,-0.0943083616155834f,1.0116210197561903f,-0.05516400943170455f,0.8389095277758278f,2.0515826577681784f,0.007418608017957421f,4.092765539988972f,-0.5659370364855145f,3.039703312082158f,0.02637903280756178f,4.338864231440429f,0f,0f,0f,1f],start_interpolation:0}
execute if entity @s[tag=aj.rkss_cancel.bone.ringed_knight_straight_sword] run data modify entity @s {} merge value {transformation:[0.008503355073820912f,-0.025707809561444684f,0.9996333335178663f,0.04596145858435624f,0.8289684688170678f,0.5592472964428203f,0.007330697680481613f,1.987623984342308f,-0.5592306953839127f,0.8286021783394903f,0.02606644186451898f,1.1944723806696576f,0f,0f,0f,1f],start_interpolation:0}
execute if entity @s[tag=aj.rkss_cancel.bone.left_arm2] run data modify entity @s {} merge value {transformation:[-0.7474595749555032f,-0.6464804242244199f,0.15286348452771006f,-0.08705624754405145f,0.3103344354874602f,-0.5432663670782951f,-0.7800988351178528f,1.5761376291778562f,0.5873642157622633f,-0.53565354054292f,0.6066947853293413f,0.6957090674103472f,0f,0f,0f,1f],start_interpolation:0}
execute if entity @s[tag=aj.rkss_cancel.bone.left_arm] run data modify entity @s {} merge value {transformation:[-0.7474595749555032f,-0.6464804242244199f,0.15286348452771006f,-0.3421088004695943f,0.3103344354874602f,-0.5432663670782951f,-0.7800988351178528f,1.479112841844215f,0.5873642157622633f,-0.53565354054292f,0.6066947853293413f,0.6352162092449001f,0f,0f,0f,1f],start_interpolation:0}
execute if entity @s[tag=aj.rkss_cancel.bone.head] run data modify entity @s {} merge value {transformation:[0.9988417606310391f,0.047957360165069275f,0.0039024127772150363f,0.03250136369431873f,-0.04557245278679284f,0.9689460929277796f,-0.2430362535651551f,1.4393174525332912f,-0.01543660475886724f,0.242576916886147f,0.9700093559484514f,0.3839755724865513f,0f,0f,0f,1f],start_interpolation:0}
execute if entity @s[tag=aj.rkss_cancel.bone.body_top] run data modify entity @s {} merge value {transformation:[0.9738769792773336f,0.05156362923365578f,0.22114434510950087f,0.012198184683566766f,0f,0.9738769792773337f,-0.22707626303437267f,1.055853391942841f,-0.22707626303437342f,0.22114434510950012f,0.948436370766344f,0.2968999865996856f,0f,0f,0f,1f],start_interpolation:0}
execute if entity @s[tag=aj.rkss_cancel.bone.body] run data modify entity @s {} merge value {transformation:[0.9738769792773336f,0.03943137926733539f,0.22362646436129044f,-0.005053043745892466f,0f,0.9848077530122081f,-0.17364817766692994f,0.625f,-0.22707626303437342f,0.1691119627232835f,0.9590815996724276f,0.22291350290824904f,0f,0f,0f,1f],start_interpolation:0}
execute if entity @s[tag=aj.rkss_cancel.bone.right_leg2] run data modify entity @s {} merge value {transformation:[0.9734141152280585f,-0.1994069412198214f,0.11270240489062644f,0.18314086173737115f,0.19559736928776816f,0.9796959177797033f,0.044017926047115075f,0.37343800439614183f,-0.11919156598719752f,-0.020803376628315273f,0.9926533081183884f,0.25918333975708313f,0f,0f,0f,1f],start_interpolation:0}
execute if entity @s[tag=aj.rkss_cancel.bone.right_leg] run data modify entity @s {} merge value {transformation:[0.9734141152280585f,-0.2245731050492617f,0.04507638809076514f,0.10243490211029271f,0.19559736928776816f,0.9173899008107358f,0.346608480880334f,0.703125f,-0.11919156598719752f,-0.3285767648191237f,0.9369261871772598f,0.14110106490021057f,0f,0f,0f,1f],start_interpolation:0}
execute if entity @s[tag=aj.rkss_cancel.bone.left_leg2] run data modify entity @s {} merge value {transformation:[0.9823045325791308f,0.18602958750850276f,-0.021697876530011772f,-0.20634332108923353f,-0.18472060267746954f,0.9431747648109704f,-0.2762239344630425f,0.3560737591345183f,-0.030920934995044225f,0.2753440676593325f,0.9608483440084835f,0.14117632795524798f,0f,0f,0f,1f],start_interpolation:0}
execute if entity @s[tag=aj.rkss_cancel.bone.left_leg] run data modify entity @s {} merge value {transformation:[0.9823045325791308f,0.1872605680062865f,-0.003359307139615658f,-0.13904655446197434f,-0.18472060267746954f,0.9657078006691665f,-0.18244654744114458f,0.703125f,-0.030920934995044225f,0.1798386037442583f,0.9832100347241924f,0.2058058261758408f,0f,0f,0f,1f],start_interpolation:0}
execute if entity @s[tag=aj.rkss_cancel.locator_origin.player_camera] at @s on origin run tp @s ^0.12728 ^0 ^0.71679 ~165 ~0
execute if entity @s[tag=aj.rkss_cancel.locator_origin.flame1] at @s on origin run tp @s ^0.0625 ^0.01562 ^-0.25001 ~0 ~0
execute if entity @s[tag=aj.rkss_cancel.locator_origin.flame2] at @s on origin run tp @s ^0.0625 ^0.01562 ^-0.24999 ~0 ~0
execute if entity @s[tag=aj.rkss_cancel.locator_origin.flame3] at @s on origin run tp @s ^0.06251 ^0.01562 ^-0.25 ~0 ~0
execute if entity @s[tag=aj.rkss_cancel.locator_origin.flame4] at @s on origin run tp @s ^0.06249 ^0.01562 ^-0.25 ~0 ~0