execute if entity @s[tag=aj.rkss_cancel.bone.black_knight_shield] run data modify entity @s {} merge value {transformation:[0.629415914413755f,0.014449287952808768f,0.7769342473854227f,0.39525504349503293f,0.3790571223453214f,0.8670931551662553f,-0.3232107025813229f,1.1611444345781685f,-0.6783445324331732f,0.49793641997898197f,0.540285125629546f,-0.26989860410444544f,0f,0f,0f,1f],start_interpolation:0}
execute if entity @s[tag=aj.rkss_cancel.bone.right_arm2] run data modify entity @s {} merge value {transformation:[0.629415914413755f,0.014449287952808768f,0.7769342473854227f,0.24447530374242687f,0.3790571223453214f,0.8670931551662553f,-0.3232107025813229f,1.097144843273852f,-0.6783445324331732f,0.49793641997898197f,0.540285125629546f,-0.09131703452514248f,0f,0f,0f,1f],start_interpolation:0}
execute if entity @s[tag=aj.rkss_cancel.bone.right_arm] run data modify entity @s {} merge value {transformation:[0.629415914413755f,0.014449287952808768f,0.7769342473854227f,0.24808762573062906f,0.3790571223453214f,0.8670931551662553f,-0.3232107025813229f,1.3139181320654159f,-0.6783445324331732f,0.49793641997898197f,0.540285125629546f,0.033167070469603016f,0f,0f,0f,1f],start_interpolation:0}
execute if entity @s[tag=aj.rkss_cancel.bone.flame_slash] run data modify entity @s {} merge value {transformation:[-0.6832578477593754f,7.9051446991316485f,0.000002523593535105309f,1.7142353704673126f,1.245941015080721f,-1.6860200907333005f,0.000010843162516729044f,0.45783796548214684f,-7.281489562380833f,-1.0302745986766133f,0.0000016185803363988514f,3.600620568327882f,0f,0f,0f,1f],start_interpolation:0}
execute if entity @s[tag=aj.rkss_cancel.locator_origin.rkss1] at @s on origin run tp @s ^2.33529 ^0.79876 ^0.32237 ~122.67527 ~74.54427
execute if entity @s[tag=aj.rkss_cancel.locator_origin.rkss2] at @s on origin run tp @s ^3.42672 ^0.56598 ^0.18013 ~122.67527 ~74.54427
execute if entity @s[tag=aj.rkss_cancel.locator_origin.rkss3] at @s on origin run tp @s ^4.51814 ^0.3332 ^0.03788 ~122.67527 ~74.54427
execute if entity @s[tag=aj.rkss_cancel.locator_origin.rkss4] at @s on origin run tp @s ^5.60956 ^0.10042 ^-0.10436 ~122.67527 ~74.54427
execute if entity @s[tag=aj.rkss_cancel.locator_origin.rkss5] at @s on origin run tp @s ^6.97384 ^-0.19056 ^-0.28217 ~122.67527 ~74.54427
execute if entity @s[tag=aj.rkss_cancel.bone.sword_body] run data modify entity @s {} merge value {transformation:[0.0932020126097814f,4.41804686959374f,0.22700948258468912f,5.291780151110215f,-0.16995664313173459f,-0.9422870886543857f,0.975395077797914f,0.1747654079648453f,0.993255305060194f,-0.5758024221878134f,0.1455991543710792f,-0.08013680640267162f,0f,0f,0f,1f],start_interpolation:0}
execute if entity @s[tag=aj.rkss_cancel.bone.ringed_knight_straight_sword] run data modify entity @s {} merge value {transformation:[0.09209757086516873f,0.9701540253251847f,0.22431942534269408f,0.6817129845390226f,-0.1679426607488131f,-0.2069157795408502f,0.9638366681536926f,1.1596366003420426f,0.9814852521262583f,-0.1264398169974295f,0.14387380767989788f,0.5354427448949962f,0f,0f,0f,1f],start_interpolation:0}
execute if entity @s[tag=aj.rkss_cancel.bone.left_arm2] run data modify entity @s {} merge value {transformation:[-0.22431942534269372f,-0.9609334338874794f,0.1621349161998768f,0.12428728956348356f,-0.9638366681536927f,0.2433320544122264f,0.10866640887557553f,1.345563664956497f,-0.14387380767989782f,-0.13189559102844428f,-0.9807669858488026f,0.5671847218692415f,0f,0f,0f,1f],start_interpolation:0}
execute if entity @s[tag=aj.rkss_cancel.bone.left_arm] run data modify entity @s {} merge value {transformation:[-0.22431942534269372f,-0.9609334338874794f,0.1621349161998768f,-0.143985997076223f,-0.9638366681536927f,0.2433320544122264f,0.10866640887557553f,1.285917095040342f,-0.14387380767989782f,-0.13189559102844428f,-0.9807669858488026f,0.5162265981521432f,0f,0f,0f,1f],start_interpolation:0}
execute if entity @s[tag=aj.rkss_cancel.bone.head] run data modify entity @s {} merge value {transformation:[0.9692909630597095f,0.10186757814322742f,0.22382588200209175f,0.06720431211659998f,-0.06645228065352383f,0.984807753012208f,-0.16042999720436046f,1.443621444691398f,-0.23676807919718845f,0.14062960616555553f,0.9613345882381401f,0.296894667146643f,0f,0f,0f,1f],start_interpolation:0}
execute if entity @s[tag=aj.rkss_cancel.bone.body_top] run data modify entity @s {} merge value {transformation:[0.6327336594807981f,0.10186757814322742f,0.7676399629274592f,0.027093953222704185f,0.044943455527547777f,0.984807753012208f,-0.16773125949652062f,1.055853391942841f,-0.7730641641967894f,0.14062960616555553f,0.6185427324804972f,0.24152175971895548f,0f,0f,0f,1f],start_interpolation:0}
execute if entity @s[tag=aj.rkss_cancel.bone.body] run data modify entity @s {} merge value {transformation:[0.8098536250423152f,0.10186757814322742f,0.5777197439321721f,-0.017473112214957807f,0f,0.984807753012208f,-0.17364817766693033f,0.625f,-0.5866320022005456f,0.14062960616555553f,0.7975501287467137f,0.17999630702152494f,0f,0f,0f,1f],start_interpolation:0}
execute if entity @s[tag=aj.rkss_cancel.bone.right_leg2] run data modify entity @s {} merge value {transformation:[0.9817225075207663f,-0.07364098518142356f,0.17549337175132346f,0.16504616760096175f,0.07734688367012392f,0.9969007950362963f,-0.014361909431572728f,0.45728190804931024f,-0.17389185666286722f,0.027673275149677046f,0.984375848966659f,0.3925719838955586f,0f,0f,0f,1f],start_interpolation:0}
execute if entity @s[tag=aj.rkss_cancel.bone.right_leg] run data modify entity @s {} merge value {transformation:[0.9817225075207663f,-0.1791384142203845f,0.0642677740220151f,0.10066829999051108f,0.07734688367012392f,0.6840851254280064f,0.7252895978536223f,0.703125f,-0.17389185666286722f,-0.7070622106425677f,0.6854375627783947f,0.13847150194588578f,0f,0f,0f,1f],start_interpolation:0}
execute if entity @s[tag=aj.rkss_cancel.bone.left_leg2] run data modify entity @s {} merge value {transformation:[0.933570624999792f,0.35723003498406886f,0.02885463988301007f,-0.22739076271139308f,-0.21600420285017344f,0.625082786088979f,-0.7500757927611722f,0.35539258836611987f,-0.2859861403784427f,0.6940160031588036f,0.6607221162265728f,0.18356943878337625f,0f,0f,0f,1f],start_interpolation:0}
execute if entity @s[tag=aj.rkss_cancel.bone.left_leg] run data modify entity @s {} merge value {transformation:[0.933570624999792f,0.2438836966724039f,0.2626149855489974f,-0.13974505921974795f,-0.21600420285017344f,0.9676032323725361f,-0.130714073661871f,0.703125f,-0.2859861403784427f,0.06530487883476077f,0.9560058578857237f,0.2070383796146184f,0f,0f,0f,1f],start_interpolation:0}
execute if entity @s[tag=aj.rkss_cancel.locator_origin.player_camera] at @s on origin run tp @s ^0.13474 ^0 ^0.71368 ~164.08163 ~0
execute if entity @s[tag=aj.rkss_cancel.locator_origin.flame1] at @s on origin run tp @s ^0.0625 ^0.01562 ^-0.25001 ~0 ~0
execute if entity @s[tag=aj.rkss_cancel.locator_origin.flame2] at @s on origin run tp @s ^0.0625 ^0.01562 ^-0.24999 ~0 ~0
execute if entity @s[tag=aj.rkss_cancel.locator_origin.flame3] at @s on origin run tp @s ^0.06251 ^0.01562 ^-0.25 ~0 ~0
execute if entity @s[tag=aj.rkss_cancel.locator_origin.flame4] at @s on origin run tp @s ^0.06249 ^0.01562 ^-0.25 ~0 ~0