execute if entity @s[tag=aj.rkss_cancel.bone.black_knight_shield] run data modify entity @s {} merge value {transformation:[0.5428560523380723f,0.0744984953005517f,0.8365149613951192f,0.32894659118834835f,0.3790571223453214f,0.8670931551662553f,-0.3232107025813229f,1.1607476099543133f,-0.7494151082272149f,0.49254384014195335f,0.4424675819752333f,-0.3209976110716245f,0f,0f,0f,1f],start_interpolation:0}
execute if entity @s[tag=aj.rkss_cancel.bone.right_arm2] run data modify entity @s {} merge value {transformation:[0.5428560523380723f,0.0744984953005517f,0.8365149613951192f,0.20084539270170498f,0.3790571223453214f,0.8670931551662553f,-0.3232107025813229f,1.0967480186499967f,-0.7494151082272149f,0.49254384014195335f,0.4424675819752333f,-0.1255085068751075f,0f,0f,0f,1f],start_interpolation:0}
execute if entity @s[tag=aj.rkss_cancel.bone.right_arm] run data modify entity @s {} merge value {transformation:[0.5428560523380723f,0.0744984953005517f,0.8365149613951192f,0.21947001652684292f,0.3790571223453214f,0.8670931551662553f,-0.3232107025813229f,1.3135213074415606f,-0.7494151082272149f,0.49254384014195335f,0.4424675819752333f,-0.002372546839619183f,0f,0f,0f,1f],start_interpolation:0}
execute if entity @s[tag=aj.rkss_cancel.bone.flame_slash] run data modify entity @s {} merge value {transformation:[-2.116753765777498f,8.520498562896579f,0.0000028186389461581216f,2.4536660987627235f,1.5033798714872668f,-1.9117755679202697f,0.000010815444077836324f,0.3140516522631379f,-8.028113645625213f,-2.6045872355481765f,0.0000012821637533466128f,3.650789472312934f,0f,0f,0f,1f],start_interpolation:0}
execute if entity @s[tag=aj.rkss_cancel.locator_origin.rkss1] at @s on origin run tp @s ^2.29912 ^0.79219 ^-0.07557 ~114.4602 ~74.02311
execute if entity @s[tag=aj.rkss_cancel.locator_origin.rkss2] at @s on origin run tp @s ^3.35103 ^0.55616 ^-0.39713 ~114.4602 ~74.02311
execute if entity @s[tag=aj.rkss_cancel.locator_origin.rkss3] at @s on origin run tp @s ^4.40294 ^0.32014 ^-0.71868 ~114.4602 ~74.02311
execute if entity @s[tag=aj.rkss_cancel.locator_origin.rkss4] at @s on origin run tp @s ^5.45486 ^0.08412 ^-1.04023 ~114.4602 ~74.02311
execute if entity @s[tag=aj.rkss_cancel.locator_origin.rkss5] at @s on origin run tp @s ^6.76975 ^-0.21091 ^-1.44218 ~114.4602 ~74.02311
execute if entity @s[tag=aj.rkss_cancel.bone.sword_body] run data modify entity @s {} merge value {transformation:[0.2538830285431525f,4.258112144051546f,0.25355024882551364f,5.145797421593404f,-0.18031508482225755f,-0.9554082665903212f,0.972901669733755f,0.15958737974197135f,0.9628903648560618f,-1.3016403272720034f,0.11533685048210886f,-0.9635048038933096f,0f,0f,0f,1f],start_interpolation:0}
execute if entity @s[tag=aj.rkss_cancel.bone.ringed_knight_straight_sword] run data modify entity @s {} merge value {transformation:[0.2508745203884442f,0.9350341358459895f,0.25054568410294414f,0.7050457082301445f,-0.17817835513923164f,-0.2097970444905646f,0.9613728069187844f,1.1580018866204604f,0.9514801357778031f,-0.28582575973093843f,0.11397011140858779f,0.409273919194981f,0f,0f,0f,1f],start_interpolation:0}
execute if entity @s[tag=aj.rkss_cancel.bone.left_arm2] run data modify entity @s {} merge value {transformation:[-0.25054568410294376f,-0.9681047240830123f,-0.00032153622316211106f,0.16148228666661174f,-0.9613728069187845f,0.24876433528762643f,0.1178076041943105f,1.3459910173864758f,-0.1139701114085878f,0.029825302966779654f,-0.9930363865480732f,0.5337677958690046f,0f,0f,0f,1f],start_interpolation:0}
execute if entity @s[tag=aj.rkss_cancel.bone.left_arm] run data modify entity @s {} merge value {transformation:[-0.25054568410294376f,-0.9681047240830123f,-0.00032153622316211106f,-0.11186210486700932f,-0.9613728069187845f,0.24876433528762643f,0.1178076041943105f,1.2880105003435343f,-0.1139701114085878f,0.029825302966779654f,-0.9930363865480732f,0.526977857684626f,0f,0f,0f,1f],start_interpolation:0}
execute if entity @s[tag=aj.rkss_cancel.bone.head] run data modify entity @s {} merge value {transformation:[0.9566764101744443f,0.11811075641264707f,0.2661204528693181f,0.07221211163959854f,-0.07849688531603963f,0.984807753012208f,-0.15489328133500926f,1.443621444691398f,-0.28037204784253933f,0.12729312167858153f,0.9514136723643942f,0.28157567897252794f,0f,0f,0f,1f],start_interpolation:0}
execute if entity @s[tag=aj.rkss_cancel.bone.body_top] run data modify entity @s {} merge value {transformation:[0.5347065448713275f,0.11811075641264707f,0.8367429474404905f,0.025706001302118753f,0.044943455527547777f,0.984807753012208f,-0.16773125949652062f,1.055853391942841f,-0.8438418078508616f,0.12729312167858153f,0.5212748454474966f,0.23145401231158647f,0f,0f,0f,1f],start_interpolation:0}
execute if entity @s[tag=aj.rkss_cancel.bone.body] run data modify entity @s {} merge value {transformation:[0.7330518718298262f,0.11811075641264707f,0.6698393855443411f,-0.025967454628414335f,0f,0.984807753012208f,-0.17364817766693033f,0.625f,-0.6801727377709195f,0.12729312167858153f,0.7219151667381243f,0.17576327157720706f,0f,0f,0f,1f],start_interpolation:0}
execute if entity @s[tag=aj.rkss_cancel.bone.right_leg2] run data modify entity @s {} merge value {transformation:[0.9505953375581281f,-0.07673295288049523f,0.3007998639544046f,0.18432927036576569f,0.0847886316042938f,0.9963034220815651f,-0.013797793274080872f,0.4575764120440826f,-0.29862918839828767f,0.03862052680638406f,0.9535874698976374f,0.3628611491981648f,0f,0f,0f,1f],start_interpolation:0}
execute if entity @s[tag=aj.rkss_cancel.bone.right_leg] run data modify entity @s {} merge value {transformation:[0.9505953375581281f,-0.27361295417664755f,0.14664397539441035f,0.08599961495853298f,0.0847886316042938f,0.6832656360512483f,0.725230279664435f,0.703125f,-0.29862918839828767f,-0.6769667804982833f,0.6727083959178519f,0.11957621245659422f,0f,0f,0f,1f],start_interpolation:0}
execute if entity @s[tag=aj.rkss_cancel.bone.left_leg2] run data modify entity @s {} merge value {transformation:[0.9214864067237872f,0.38527732506511725f,0.049236013384016813f,-0.23449812625938837f,-0.22694900676704377f,0.6369553148008394f,-0.7367374534217843f,0.35548527300915495f,-0.3152093757341862f,0.6677194843178021f,0.6743839705328359f,0.2035004359191827f,0f,0f,0f,1f],start_interpolation:0}
execute if entity @s[tag=aj.rkss_cancel.bone.left_leg] run data modify entity @s {} merge value {transformation:[0.9214864067237872f,0.2507928716530628f,0.29659018485326427f,-0.14436943800906893f,-0.22694900676704377f,0.9673453272788731f,-0.11285905421888887f,0.703125f,-0.3152093757341862f,0.03668723646910675f,0.9483127628211719f,0.21668491152526795f,0f,0f,0f,1f],start_interpolation:0}
execute if entity @s[tag=aj.rkss_cancel.locator_origin.player_camera] at @s on origin run tp @s ^-0.2234 ^0 ^-0.29261 ~157.14286 ~0
execute if entity @s[tag=aj.rkss_cancel.locator_origin.flame1] at @s on origin run tp @s ^0.0625 ^0.01562 ^-0.25001 ~0 ~0
execute if entity @s[tag=aj.rkss_cancel.locator_origin.flame2] at @s on origin run tp @s ^0.0625 ^0.01562 ^-0.24999 ~0 ~0
execute if entity @s[tag=aj.rkss_cancel.locator_origin.flame3] at @s on origin run tp @s ^0.06251 ^0.01562 ^-0.25 ~0 ~0
execute if entity @s[tag=aj.rkss_cancel.locator_origin.flame4] at @s on origin run tp @s ^0.06249 ^0.01562 ^-0.25 ~0 ~0