execute if entity @s[tag=aj.rkss_cancel.bone.black_knight_shield] run data modify entity @s {} merge value {transformation:[0.8913285267903703f,-0.24710543161970583f,0.38009520253976753f,0.5930590735156408f,0.35660527889263843f,0.8998376132072283f,-0.2512467809215112f,1.1518381197261605f,-0.2799395156022308f,0.35948737880704124f,0.8901700354891933f,-0.15079247996835488f,0f,0f,0f,1f],start_interpolation:0}
execute if entity @s[tag=aj.rkss_cancel.bone.right_arm2] run data modify entity @s {} merge value {transformation:[0.8913285267903703f,-0.24710543161970583f,0.38009520253976753f,0.3711578202890439f,0.35660527889263843f,0.8998376132072283f,-0.2512467809215112f,1.094258780967503f,-0.2799395156022308f,0.35948737880704124f,0.8901700354891933f,-0.07226663603801474f,0f,0f,0f,1f],start_interpolation:0}
execute if entity @s[tag=aj.rkss_cancel.bone.right_arm] run data modify entity @s {} merge value {transformation:[0.8913285267903703f,-0.24710543161970583f,0.38009520253976753f,0.30938146238411746f,0.35660527889263843f,0.8998376132072283f,-0.2512467809215112f,1.3192181842693103f,-0.2799395156022308f,0.35948737880704124f,0.8901700354891933f,0.01760520866374557f,0f,0f,0f,1f],start_interpolation:0}
execute if entity @s[tag=aj.rkss_cancel.bone.flame_slash] run data modify entity @s {} merge value {transformation:[-0.00000534853765229108f,-0.000006972429117427219f,0.000007024306171037656f,-1.0749323801289383f,0.000001953256910105577f,0.000007083730310920607f,0.000008518688415787338f,2.12057854108124f,-0.00000970259926128816f,0.000005269582249533424f,-0.0000021572135940265276f,0.5153622349419753f,0f,0f,0f,1f],start_interpolation:0}
execute if entity @s[tag=aj.rkss_cancel.locator_origin.rkss1] at @s on origin run tp @s ^-0.8294 ^1.89872 ^0.4583 ~72.92791 ~49.21944
execute if entity @s[tag=aj.rkss_cancel.locator_origin.rkss2] at @s on origin run tp @s ^-0.98435 ^2.05613 ^0.5754 ~72.92791 ~49.21944
execute if entity @s[tag=aj.rkss_cancel.locator_origin.rkss3] at @s on origin run tp @s ^-1.13929 ^2.21355 ^0.6925 ~72.92791 ~49.21944
execute if entity @s[tag=aj.rkss_cancel.locator_origin.rkss4] at @s on origin run tp @s ^-1.29423 ^2.37097 ^0.8096 ~72.92791 ~49.21944
execute if entity @s[tag=aj.rkss_cancel.locator_origin.rkss5] at @s on origin run tp @s ^-1.48791 ^2.56774 ^0.95598 ~72.92791 ~49.21944
execute if entity @s[tag=aj.rkss_cancel.bone.sword_body] run data modify entity @s {} merge value {transformation:[-0.4811269121358956f,-0.6272038283057036f,0.631870420977741f,-1.3544790773400923f,0.17570493597715306f,0.6372159106773356f,0.7662973544142364f,2.443112643884905f,-0.8727958791270635f,0.47402449057792734f,-0.19405182926345715f,0.8781822691304013f,0f,0f,0f,1f],start_interpolation:0}
execute if entity @s[tag=aj.rkss_cancel.bone.ringed_knight_straight_sword] run data modify entity @s {} merge value {transformation:[-0.4754255690925404f,-0.6197714771046416f,0.6243827707589027f,-0.8140886574796804f,0.17362283645382903f,0.6296649165262761f,0.7572167480699855f,1.894840457612081f,-0.8624532676700585f,0.4684073110696376f,-0.19175231946902466f,0.45344926184140766f,0f,0f,0f,1f],start_interpolation:0}
execute if entity @s[tag=aj.rkss_cancel.bone.left_arm2] run data modify entity @s {} merge value {transformation:[-0.624382770758903f,0.7217024679425509f,0.2988171737786605f,-0.391482327671088f,-0.7572167480699853f,-0.6531465015198519f,-0.004737509334427334f,1.563118342106921f,0.19175231946902474f,-0.2292273878008671f,0.9542986181799911f,0.2133156324434491f,0f,0f,0f,1f],start_interpolation:0}
execute if entity @s[tag=aj.rkss_cancel.bone.left_arm] run data modify entity @s {} merge value {transformation:[-0.624382770758903f,0.7668302915575786f,0.14871939863095757f,-0.2778226011265562f,-0.7572167480699853f,-0.6409437313533553f,0.12575344798912513f,1.308230315759834f,0.19175231946902474f,-0.034094533118322f,0.9808509625777471f,0.22876103909749668f,0f,0f,0f,1f],start_interpolation:0}
execute if entity @s[tag=aj.rkss_cancel.bone.head] run data modify entity @s {} merge value {transformation:[0.9988873136088977f,0.01958554867842016f,-0.04290152671135422f,0.018362335257505368f,-0.024043854765388187f,0.9940753239360046f,-0.1060006763636369f,1.4575204482987718f,0.04057126765607311f,0.10691424893106065f,0.9934401419392548f,0.13926829134699492f,0f,0f,0f,1f],start_interpolation:0}
execute if entity @s[tag=aj.rkss_cancel.bone.body_top] run data modify entity @s {} merge value {transformation:[0.941403449443296f,0.01958554867842016f,0.3367134563085189f,0.010650525465377429f,0.017677582813880825f,0.9940753239360046f,-0.1072462279401283f,1.06610328949897f,-0.336819014371401f,0.10691424893106065f,0.9354797138010986f,0.0971708058303898f,0f,0f,0f,1f],start_interpolation:0}
execute if entity @s[tag=aj.rkss_cancel.bone.body] run data modify entity @s {} merge value {transformation:[0.9836316734114914f,0.01958554867842016f,0.17912324624312315f,0.002081847918568608f,-1.734723475976807e-18f,0.9940753239360046f,-0.1086933776341851f,0.6311953352769679f,-0.1801908184722776f,0.10691424893106065f,0.9778039743802426f,0.05039582192305076f,0f,0f,0f,1f],start_interpolation:0}
execute if entity @s[tag=aj.rkss_cancel.bone.right_leg2] run data modify entity @s {} merge value {transformation:[0.9879976654331801f,-0.12479598658537763f,-0.0910306257847772f,0.14775908262740267f,0.11959191531023548f,0.9909742259047218f,-0.06056283831663334f,0.3961087426410781f,0.09776700307882699f,0.04894941597935021f,0.994004812757094f,0.22545850695415234f,0f,0f,0f,1f],start_interpolation:0}
execute if entity @s[tag=aj.rkss_cancel.bone.right_leg] run data modify entity @s {} merge value {transformation:[0.9879976654331801f,-0.05730956682422626f,-0.14344415864372256f,0.12716345704994636f,0.11959191531023548f,0.8715453012476934f,0.47550663682591937f,0.7093203352769679f,0.09776700307882699f,-0.48695420875425943f,0.867938483814088f,0.05045933818309037f,0f,0f,0f,1f],start_interpolation:0}
execute if entity @s[tag=aj.rkss_cancel.bone.left_leg2] run data modify entity @s {} merge value {transformation:[0.9915520735097948f,0.09903914950236915f,-0.083759968865049f,-0.1666052196259237f,-0.12634743578332083f,0.8835404282798105f,-0.45099072835936305f,0.35500178820113704f,0.02933958059356368f,0.4577636491258088f,0.8885896862723635f,0.0003345887262318839f,0f,0f,0f,1f],start_interpolation:0}
execute if entity @s[tag=aj.rkss_cancel.bone.left_leg] run data modify entity @s {} merge value {transformation:[0.9915520735097948f,0.12225791559313882f,-0.04332998492092456f,-0.12266878120963944f,-0.12634743578332083f,0.9859298701240512f,-0.10944686687224624f,0.7093203352769679f,0.02933958059356368f,0.113996900273615f,0.9930477811961524f,0.04130222476206227f,0f,0f,0f,1f],start_interpolation:0}
execute if entity @s[tag=aj.rkss_cancel.locator_origin.player_camera] at @s on origin run tp @s ^-0.01836 ^0.0062 ^0.608 ~-177.90087 ~0
execute if entity @s[tag=aj.rkss_cancel.locator_origin.flame1] at @s on origin run tp @s ^0.0625 ^0.15149 ^1.06249 ~0 ~0
execute if entity @s[tag=aj.rkss_cancel.locator_origin.flame2] at @s on origin run tp @s ^0.0625 ^0.15149 ^1.06251 ~0 ~0
execute if entity @s[tag=aj.rkss_cancel.locator_origin.flame3] at @s on origin run tp @s ^0.06251 ^0.15149 ^1.0625 ~0 ~0
execute if entity @s[tag=aj.rkss_cancel.locator_origin.flame4] at @s on origin run tp @s ^0.06249 ^0.15149 ^1.0625 ~0 ~0
execute if entity @s[tag=aj.rkss_cancel.bone.flame_blast] run data modify entity @s {} merge value {transformation:[-0.00003416666666666667f,0f,4.184209897086791e-21f,0.06249999999999987f,0f,0.00003416666666666667f,0f,0.1514945652173913f,-4.184209897086791e-21f,0f,-0.00003416666666666667f,1.0625f,0f,0f,0f,1f],start_interpolation:0}