execute if entity @s[tag=aj.rkss_cancel.bone.black_knight_shield] run data modify entity @s {} merge value {transformation:[0.8018206199569069f,-0.12957060900303757f,0.5833482242147514f,0.5208729103236008f,0.3687924652789299f,0.8754179593009928f,-0.3124668207774624f,1.151409756190154f,-0.4701869957425568f,0.4656767696759928f,0.7497128351700548f,-0.21217504369013046f,0f,0f,0f,1f],start_interpolation:0}
execute if entity @s[tag=aj.rkss_cancel.bone.right_arm2] run data modify entity @s {} merge value {transformation:[0.8018206199569069f,-0.12957060900303757f,0.5833482242147514f,0.32415854837802655f,0.3687924652789299f,0.8754179593009928f,-0.3124668207774624f,1.0901371996518634f,-0.4701869957425568f,0.4656767696759928f,0.7497128351700548f,-0.08461725984297266f,0f,0f,0f,1f],start_interpolation:0}
execute if entity @s[tag=aj.rkss_cancel.bone.right_arm] run data modify entity @s {} merge value {transformation:[0.8018206199569069f,-0.12957060900303757f,0.5833482242147514f,0.29176589612726717f,0.3687924652789299f,0.8754179593009928f,-0.3124668207774624f,1.3089916894771116f,-0.4701869957425568f,0.4656767696759928f,0.7497128351700548f,0.03180193257602554f,0f,0f,0f,1f],start_interpolation:0}
execute if entity @s[tag=aj.rkss_cancel.bone.flame_slash] run data modify entity @s {} merge value {transformation:[1.6150613805126706f,-0.7546654564259563f,0.000007615612924174033f,-1.3339909571148767f,-1.408467118845198f,1.0138451300616889f,0.000008238951790411857f,2.4906365006319247f,0.8404378093129182f,3.1493092455438023f,-8.274135510267871e-7f,1.3095927762936521f,0f,0f,0f,1f],start_interpolation:0}
execute if entity @s[tag=aj.rkss_cancel.locator_origin.rkss1] at @s on origin run tp @s ^-0.53063 ^1.74425 ^1.32267 ~83.79931 ~47.08387
execute if entity @s[tag=aj.rkss_cancel.locator_origin.rkss2] at @s on origin run tp @s ^-0.64388 ^1.89639 ^1.79529 ~83.79931 ~47.08387
execute if entity @s[tag=aj.rkss_cancel.locator_origin.rkss3] at @s on origin run tp @s ^-0.75713 ^2.04854 ^2.26791 ~83.79931 ~47.08387
execute if entity @s[tag=aj.rkss_cancel.locator_origin.rkss4] at @s on origin run tp @s ^-0.87039 ^2.20069 ^2.74053 ~83.79931 ~47.08387
execute if entity @s[tag=aj.rkss_cancel.locator_origin.rkss5] at @s on origin run tp @s ^-1.01195 ^2.39088 ^3.33131 ~83.79931 ~47.08387
execute if entity @s[tag=aj.rkss_cancel.bone.sword_body] run data modify entity @s {} merge value {transformation:[-0.7100486339673566f,-0.4584459678329065f,0.6850613323551233f,-0.9072054164036989f,0.6192211427942851f,0.6158930529098795f,0.741133687721048f,2.262442260503215f,-0.3694916649221888f,1.9131498769217952f,-0.0744298634028293f,2.9640091315996675f,0f,0f,0f,1f],start_interpolation:0}
execute if entity @s[tag=aj.rkss_cancel.bone.ringed_knight_straight_sword] run data modify entity @s {} merge value {transformation:[-0.701634573690117f,-0.2223883931566892f,0.6769433710376918f,-0.46383645325236567f,0.6118833862362577f,0.298764687669622f,0.7323512702588316f,1.6681698671036262f,-0.36511319703721873f,0.9280533734602013f,-0.07354787120238107f,1.0771620429200577f,0f,0f,0f,1f],start_interpolation:0}
execute if entity @s[tag=aj.rkss_cancel.bone.left_arm2] run data modify entity @s {} merge value {transformation:[-0.6769433710376919f,0.39640708279036313f,0.6201686037859062f,-0.25829728433625476f,-0.7323512702588314f,-0.4469516015430403f,-0.5137079742698059f,1.505462505144598f,0.07354787120238138f,-0.8019324725884007f,0.5928701544603612f,0.5503036214414291f,0f,0f,0f,1f],start_interpolation:0}
execute if entity @s[tag=aj.rkss_cancel.bone.left_arm] run data modify entity @s {} merge value {transformation:[-0.6769433710376919f,0.4620299014436138f,0.5729537874734145f,-0.2274077303550628f,-0.7323512702588314f,-0.500593994460762f,-0.4615921031171295f,1.2887700977470535f,0.07354787120238138f,-0.7320751483842514f,0.6772419713512852f,0.3764783182456639f,0f,0f,0f,1f],start_interpolation:0}
execute if entity @s[tag=aj.rkss_cancel.bone.head] run data modify entity @s {} merge value {transformation:[0.9975399370468614f,0.0524558899101121f,0.04650218930633515f,0.03964173848760726f,-0.04547101292988455f,0.9890673983243705f,-0.1402785391818411f,1.4425326452275034f,-0.05335223500167824f,0.13781894349326318f,0.989019452707947f,0.22528514719538772f,0f,0f,0f,1f],start_interpolation:0}
execute if entity @s[tag=aj.rkss_cancel.bone.body_top] run data modify entity @s {} merge value {transformation:[0.8341872987317704f,0.0524558899101121f,0.5489808104554571f,0.01898723183550062f,0.03246965153324743f,0.9890673983243705f,-0.1438450670032537f,1.0530873571372825f,-0.5505245429260187f,0.13781894349326318f,0.823364236805619f,0.17101893819491534f,0f,0f,0f,1f],start_interpolation:0}
execute if entity @s[tag=aj.rkss_cancel.bone.body] run data modify entity @s {} merge value {transformation:[0.9345927424657051f,0.0524558899101121f,0.35183062024811135f,-0.003962220000173426f,3.469446951953614e-18f,0.9890673983243705f,-0.14746417046815496f,0.6203703703703705f,-0.3557195605114126f,0.13781894349326318f,0.9243752122833934f,0.11072315041661271f,0f,0f,0f,1f],start_interpolation:0}
execute if entity @s[tag=aj.rkss_cancel.locator_origin.player_camera] at @s on origin run tp @s ^0.0379 ^-0.19213 ^0.72828 ~176.12245 ~0
execute if entity @s[tag=aj.rkss_cancel.bone.right_leg2] run data modify entity @s {} merge value {transformation:[0.995854652109281f,-0.0896908249207538f,-0.015134985871741488f,0.1413783813494141f,0.0890254828983095f,0.9952241501418699f,-0.04004190766079474f,0.41668393067509707f,0.018654095181110456f,0.03852852059744183f,0.9990833688104044f,0.31827391463662963f,0f,0f,0f,1f],start_interpolation:0}
execute if entity @s[tag=aj.rkss_cancel.bone.right_leg] run data modify entity @s {} merge value {transformation:[0.995854652109281f,-0.0585297273149722f,-0.06962602166387308f,0.12034426059559597f,0.0890254828983095f,0.7841709626303259f,0.6141256913386304f,0.6984953703703705f,0.018654095181110456f,-0.6177784169003179f,0.786130938422545f,0.09625979606307787f,0f,0f,0f,1f],start_interpolation:0}
execute if entity @s[tag=aj.rkss_cancel.bone.left_leg2] run data modify entity @s {} merge value {transformation:[0.9838424922306166f,0.17776743948398138f,-0.02127646447976151f,-0.18867349548178766f,-0.15446766529575326f,0.7827341810776277f,-0.6028821959146038f,0.34744708829135584f,-0.09051900827742577f,0.5964276479440274f,0.7975464688081987f,0.06453955132600546f,0f,0f,0f,1f],start_interpolation:0}
execute if entity @s[tag=aj.rkss_cancel.bone.left_leg] run data modify entity @s {} merge value {transformation:[0.9838424922306166f,0.16581577257566904f,0.06752096005377542f,-0.1290834522124066f,-0.15446766529575326f,0.9768300023068233f,-0.14813131664618004f,0.6984953703703705f,-0.09051900827742577f,0.13530807868854586f,0.9866600392141591f,0.11316589210470163f,0f,0f,0f,1f],start_interpolation:0}
execute if entity @s[tag=aj.rkss_cancel.locator_origin.flame1] at @s on origin run tp @s ^0.06251 ^0.19678 ^1.06251 ~0 ~0
execute if entity @s[tag=aj.rkss_cancel.locator_origin.flame2] at @s on origin run tp @s ^0.06249 ^0.19678 ^1.06251 ~0 ~0
execute if entity @s[tag=aj.rkss_cancel.locator_origin.flame3] at @s on origin run tp @s ^0.06251 ^0.19678 ^1.06249 ~0 ~0
execute if entity @s[tag=aj.rkss_cancel.locator_origin.flame4] at @s on origin run tp @s ^0.06249 ^0.19678 ^1.06249 ~0 ~0
execute if entity @s[tag=aj.rkss_cancel.bone.flame_blast] run data modify entity @s {} merge value {transformation:[-0.00003416666666666667f,0f,4.184209897086791e-21f,0.06249999999999987f,0f,0.00003416666666666667f,0f,0.19678442028985507f,-4.184209897086791e-21f,0f,-0.00003416666666666667f,1.0625f,0f,0f,0f,1f],start_interpolation:0}
execute if entity @s[tag=aj.rkss_cancel.locator_origin.commands] at @s on origin run tp @s ^0 ^0 ^0 ~0 ~0