execute if entity @s[tag=aj.rkss_cancel.bone.black_knight_shield] run data modify entity @s {} merge value {transformation:[0.8848832064148667f,-0.32157303339453686f,0.337005185714375f,0.595475371144687f,0.4192758937427617f,0.865062244438909f,-0.27545423970693517f,1.1626842055136195f,-0.2029518069176836f,0.38504298128878206f,0.9003068735876084f,0.22488709694230202f,0f,0f,0f,1f],start_interpolation:0}
execute if entity @s[tag=aj.rkss_cancel.bone.right_arm2] run data modify entity @s {} merge value {transformation:[0.8848832064148667f,-0.32157303339453686f,0.337005185714375f,0.37279478164300095f,0.4192758937427617f,0.865062244438909f,-0.27545423970693517f,1.0889576409991226f,-0.2029518069176836f,0.38504298128878206f,0.9003068735876084f,0.2857114616694568f,0f,0f,0f,1f],start_interpolation:0}
execute if entity @s[tag=aj.rkss_cancel.bone.right_arm] run data modify entity @s {} merge value {transformation:[0.8848832064148667f,-0.32157303339453686f,0.337005185714375f,0.29240152329436675f,0.4192758937427617f,0.865062244438909f,-0.27545423970693517f,1.30522320210885f,-0.2029518069176836f,0.38504298128878206f,0.9003068735876084f,0.38197220699165235f,0f,0f,0f,1f],start_interpolation:0}
execute if entity @s[tag=aj.rkss_cancel.bone.flame_slash] run data modify entity @s {} merge value {transformation:[-1.6374010839977649f,-0.03704260094442526f,0.000010196021856978657f,0.48576561733322454f,3.5087276402218923f,0.22633053016765903f,0.000004752689081741881f,-0.09916467880586288f,-0.15288242824388398f,5.591131641382955f,-1.2483903357913854e-7f,4.356113582434993f,0f,0f,0f,1f],start_interpolation:0}
execute if entity @s[tag=aj.rkss_cancel.locator_origin.rkss1] at @s on origin run tp @s ^-0.24606 ^1.40953 ^2.36 ~89.29851 ~24.99007
execute if entity @s[tag=aj.rkss_cancel.locator_origin.rkss2] at @s on origin run tp @s ^-0.25351 ^1.45504 ^3.48405 ~89.29851 ~24.99007
execute if entity @s[tag=aj.rkss_cancel.locator_origin.rkss3] at @s on origin run tp @s ^-0.26096 ^1.50054 ^4.60811 ~89.29851 ~24.99007
execute if entity @s[tag=aj.rkss_cancel.locator_origin.rkss4] at @s on origin run tp @s ^-0.26841 ^1.54604 ^5.73216 ~89.29851 ~24.99007
execute if entity @s[tag=aj.rkss_cancel.locator_origin.rkss5] at @s on origin run tp @s ^-0.27772 ^1.60292 ^7.13723 ~89.29851 ~24.99007
execute if entity @s[tag=aj.rkss_cancel.bone.sword_body] run data modify entity @s {} merge value {transformation:[-0.42762243464442895f,-0.03014576650333656f,0.9171816356227583f,-0.2607323440952382f,0.9163366695425589f,0.18419082734624864f,0.4275274422460047f,1.552306937312711f,-0.039926659887377425f,4.550138074899766f,-0.011229876770939765f,6.249399328426646f,0f,0f,0f,1f],start_interpolation:0}
execute if entity @s[tag=aj.rkss_cancel.bone.ringed_knight_straight_sword] run data modify entity @s {} merge value {transformation:[-0.42255511845103755f,-0.006619675522458728f,0.9063130539536582f,-0.23191678589285733f,0.905478100702427f,0.04044626004485348f,0.4224612517103894f,1.3744435526505738f,-0.03945352986938955f,0.9991597869932318f,-0.011096802984812313f,1.4986980107420633f,0f,0f,0f,1f],start_interpolation:0}
execute if entity @s[tag=aj.rkss_cancel.bone.left_arm2] run data modify entity @s {} merge value {transformation:[-0.9063130539536584f,0.006619675522458512f,0.42255511845103744f,-0.19127007275903574f,-0.42246125171038973f,-0.04044626004485377f,-0.9054781007024273f,1.4110662823882762f,0.011096802984812637f,-0.9991597869932323f,0.039453529869389714f,0.9202954700056659f,0f,0f,0f,1f],start_interpolation:0}
execute if entity @s[tag=aj.rkss_cancel.bone.left_arm] run data modify entity @s {} merge value {transformation:[-0.9063130539536584f,0.006619675522458512f,0.42255511845103744f,-0.3029042856226284f,-0.42246125171038973f,-0.04044626004485377f,-0.9054781007024273f,1.348147060913264f,0.011096802984812637f,-0.9991597869932323f,0.039453529869389714f,0.6718926236304594f,0f,0f,0f,1f],start_interpolation:0}
execute if entity @s[tag=aj.rkss_cancel.bone.head] run data modify entity @s {} merge value {transformation:[0.997200538496581f,0.0668900915842598f,0.0334185827045122f,0.019772243614940656f,-0.06375348549537248f,0.9941272757675291f,-0.08744399729096661f,1.454013364944188f,-0.039071461571335064f,0.08506865005911746f,0.9956087312131203f,0.5368519635498975f,0f,0f,0f,1f],start_interpolation:0}
execute if entity @s[tag=aj.rkss_cancel.bone.body_top] run data modify entity @s {} merge value {transformation:[0.9069895736653156f,0.05294652943963572f,0.4178116540771772f,-0.0010754523519159124f,0f,0.9920660160815423f,-0.125718016752163f,1.0633873711120807f,-0.4211530758078457f,0.11402493041609332f,0.8997935329736462f,0.49195464719856075f,0f,0f,0f,1f],start_interpolation:0}
execute if entity @s[tag=aj.rkss_cancel.bone.body] run data modify entity @s {} merge value {transformation:[0.9069895736653156f,0.03399311041893996f,0.4197789676799622f,-0.015947438160202144f,0f,0.9967372715366077f,-0.08071438242196188f,0.6273148148148149f,-0.4211530758078457f,0.07320710330155444f,0.9040303129673178f,0.4599265395041307f,0f,0f,0f,1f],start_interpolation:0}
execute if entity @s[tag=aj.rkss_cancel.locator_origin.player_camera] at @s on origin run tp @s ^0.22165 ^-0.18519 ^0.99872 ~156.2037 ~0
execute if entity @s[tag=aj.rkss_cancel.bone.right_leg2] run data modify entity @s {} merge value {transformation:[0.9355033178959828f,-0.05563531588188139f,0.34891009419667285f,0.1660619650696378f,0.19239774429791923f,0.908484260206228f,-0.37099792040739954f,0.3572007952635267f,-0.2963387423113628f,0.41419930055984644f,0.8605941489581799f,0.4098830672066717f,0f,0f,0f,1f],start_interpolation:0}
execute if entity @s[tag=aj.rkss_cancel.bone.right_leg] run data modify entity @s {} merge value {transformation:[0.9355033178959828f,-0.2287861454669089f,0.2692404907290176f,0.08384194404246742f,0.19239774429791923f,0.9690129239688019f,0.15490984852650763f,0.7054398148148149f,-0.2963387423113628f,-0.09311741418138415f,0.9505327437713508f,0.3764189964852368f,0f,0f,0f,1f],start_interpolation:0}
execute if entity @s[tag=aj.rkss_cancel.bone.left_leg2] run data modify entity @s {} merge value {transformation:[0.9833256718925473f,0.07079011216879161f,0.16750935202608982f,-0.1458991728516619f,-0.050327919158373244f,0.991080499274557f,-0.12339588530774886f,0.35865281810028166f,-0.17475046080127746f,0.11290794470197738f,0.9781176168911981f,0.5715676796170216f,0f,0f,0f,1f],start_interpolation:0}
execute if entity @s[tag=aj.rkss_cancel.bone.left_leg] run data modify entity @s {} merge value {transformation:[0.9833256718925473f,0.0027678022499044025f,0.1818322366022483f,-0.1449044939181025f,-0.050327919158373244f,0.964972512596962f,0.2574784466426153f,0.7054398148148149f,-0.17475046080127746f,-0.26233640464680325f,0.9490215420351269f,0.4772905341970767f,0f,0f,0f,1f],start_interpolation:0}
execute if entity @s[tag=aj.rkss_cancel.locator_origin.flame1] at @s on origin run tp @s ^0.06251 ^1.10258 ^1.06251 ~0 ~0
execute if entity @s[tag=aj.rkss_cancel.locator_origin.flame2] at @s on origin run tp @s ^0.06249 ^1.10258 ^1.06251 ~0 ~0
execute if entity @s[tag=aj.rkss_cancel.locator_origin.flame3] at @s on origin run tp @s ^0.06251 ^1.10258 ^1.06249 ~0 ~0
execute if entity @s[tag=aj.rkss_cancel.locator_origin.flame4] at @s on origin run tp @s ^0.06249 ^1.10258 ^1.06249 ~0 ~0
execute if entity @s[tag=aj.rkss_cancel.bone.flame_blast] run data modify entity @s {} merge value {transformation:[-0.00003416666666666667f,0f,4.184209897086791e-21f,0.06249999999999987f,0f,0.00003416666666666667f,0f,1.1025815217391304f,-4.184209897086791e-21f,0f,-0.00003416666666666667f,1.0625f,0f,0f,0f,1f],start_interpolation:0}
execute if entity @s[tag=aj.rkss_cancel.locator_origin.commands] at @s on origin run tp @s ^0 ^0 ^0 ~0 ~0