execute if entity @s[tag=aj.rkss_cancel.bone.black_knight_shield] run data modify entity @s {} merge value {transformation:[0.9001356264341048f,-0.14751891563135394f,0.40987074005719293f,0.5752162502210575f,0.3721445744287921f,0.7494752986961922f,-0.5475355626509265f,1.127742606896012f,-0.22641614285932615f,0.64538743881114f,0.7295277815666118f,0.219277370245759f,0f,0f,0f,1f],start_interpolation:0}
execute if entity @s[tag=aj.rkss_cancel.bone.right_arm2] run data modify entity @s {} merge value {transformation:[0.9001356264341048f,-0.14751891563135394f,0.40987074005719293f,0.35431143333568516f,0.3721445744287921f,0.7494752986961922f,-0.5475355626509265f,1.0617230922042535f,-0.22641614285932615f,0.64538743881114f,0.7295277815666118f,0.293871875117736f,0f,0f,0f,1f],start_interpolation:0}
execute if entity @s[tag=aj.rkss_cancel.bone.right_arm] run data modify entity @s {} merge value {transformation:[0.9001356264341048f,-0.14751891563135394f,0.40987074005719293f,0.3174317044278467f,0.3721445744287921f,0.7494752986961922f,-0.5475355626509265f,1.2490919168783017f,-0.22641614285932615f,0.64538743881114f,0.7295277815666118f,0.455218734820521f,0f,0f,0f,1f],start_interpolation:0}
execute if entity @s[tag=aj.rkss_cancel.bone.flame_slash] run data modify entity @s {} merge value {transformation:[-0.00000397865687392526f,1.0767201192673814f,0.000010154341824410016f,0.9068280161949184f,0.000008421562037814578f,-2.2127668790926327f,0.000004842336870340733f,-0.9637477131834196f,0.0000063095231454371875f,3.6324224387528874f,-6.013108327688438e-8f,4.349888110886042f,0f,0f,0f,1f],start_interpolation:0}
execute if entity @s[tag=aj.rkss_cancel.locator_origin.rkss1] at @s on origin run tp @s ^0.24285 ^0.39194 ^2.09804 ~89.66071 ~25.49485
execute if entity @s[tag=aj.rkss_cancel.locator_origin.rkss2] at @s on origin run tp @s ^0.51893 ^-0.17543 ^3.02943 ~89.66071 ~25.49485
execute if entity @s[tag=aj.rkss_cancel.locator_origin.rkss3] at @s on origin run tp @s ^0.79501 ^-0.74281 ^3.96082 ~89.66071 ~25.49485
execute if entity @s[tag=aj.rkss_cancel.locator_origin.rkss4] at @s on origin run tp @s ^1.07109 ^-1.31019 ^4.89221 ~89.66071 ~25.49485
execute if entity @s[tag=aj.rkss_cancel.locator_origin.rkss5] at @s on origin run tp @s ^1.4162 ^-2.01941 ^6.05645 ~89.66071 ~25.49485
execute if entity @s[tag=aj.rkss_cancel.bone.sword_body] run data modify entity @s {} merge value {transformation:[-0.35789948966329876f,1.1175715247839102f,0.913432314467866f,1.2078123538031849f,0.7575603654727898f,-2.296720578363027f,0.43559169578826057f,-1.5827239714594437f,0.5675722198036325f,3.7702387193233657f,-0.0054090826878635005f,5.310134665676203f,0f,0f,0f,1f],start_interpolation:0}
execute if entity @s[tag=aj.rkss_cancel.bone.ringed_knight_straight_sword] run data modify entity @s {} merge value {transformation:[-0.3536583887933564f,0.24540629498971658f,0.9026081621697791f,0.03943761559557922f,0.7485832922501846f,-0.5043343314171242f,0.43042994403028734f,0.8271518260389956f,0.5608465018166389f,0.8279025501431082f,-0.0053449851801675f,1.3821545433235447f,0f,0f,0f,1f],start_interpolation:0}
execute if entity @s[tag=aj.rkss_cancel.bone.left_arm2] run data modify entity @s {} merge value {transformation:[-0.9026081621697792f,-0.2511599080349555f,0.3495957754040592f,-0.0645990271529909f,-0.43042994403028767f,0.5165149390971101f,-0.7402313023451467f,1.176140473551908f,0.005344985180167822f,-0.8186153054306895f,-0.5743173450698162f,0.929784927335901f,0f,0f,0f,1f],start_interpolation:0}
execute if entity @s[tag=aj.rkss_cancel.bone.left_arm] run data modify entity @s {} merge value {transformation:[-0.9026081621697792f,-0.2511599080349555f,0.3495957754040592f,-0.2402150244329522f,-0.43042994403028767f,0.5165149390971101f,-0.7402313023451467f,1.2514654653223998f,0.005344985180167822f,-0.8186153054306895f,-0.5743173450698162f,0.7257992241257496f,0f,0f,0f,1f],start_interpolation:0}
execute if entity @s[tag=aj.rkss_cancel.bone.head] run data modify entity @s {} merge value {transformation:[0.9878663714651782f,0.1534592401728596f,0.023880823557631048f,0.06003174386252418f,-0.13568794161663206f,0.9276219520675756f,-0.34800329961392895f,1.3916741027204735f,-0.07555669810191268f,0.3405404170548764f,0.9371891003015491f,0.6434697122186854f,0f,0f,0f,1f],start_interpolation:0}
execute if entity @s[tag=aj.rkss_cancel.bone.body_top] run data modify entity @s {} merge value {transformation:[0.9085993203585255f,0.14178030875413233f,0.3928684501122585f,0.004205747290584573f,-1.734723475976807e-18f,0.9406218406604964f,-0.3394562606175644f,1.021304252960403f,-0.41766885812091054f,0.3084297276885656f,0.8546483651385123f,0.5220255069413127f,0f,0f,0f,1f],start_interpolation:0}
execute if entity @s[tag=aj.rkss_cancel.bone.body] run data modify entity @s {} merge value {transformation:[0.9085993203585255f,0.0691599136531491f,0.4119031213617035f,-0.026051714932668155f,-1.734723475976807e-18f,0.9861954353380642f,-0.1655855166322409f,0.58984375f,-0.41766885812091054f,0.15045088787326943f,0.8960565022888454f,0.4562032434967573f,0f,0f,0f,1f],start_interpolation:0}
execute if entity @s[tag=aj.rkss_cancel.bone.right_leg2] run data modify entity @s {} merge value {transformation:[0.856625986781241f,0.279449427606513f,0.4337048952703409f,0.0916515897742661f,0.2342661727636633f,0.5382905991974686f,-0.8095446813575491f,0.3299684487417883f,-0.4596860657772111f,0.7950793974352639f,0.3956481678262229f,0.2441962450797025f,0f,0f,0f,1f],start_interpolation:0}
execute if entity @s[tag=aj.rkss_cancel.bone.right_leg] run data modify entity @s {} merge value {transformation:[0.856625986781241f,-0.08003284945998188f,0.5096927130913105f,0.06288978449958511f,0.2342661727636633f,0.9405225774141542f,-0.24604195104270685f,0.66796875f,-0.4596860657772111f,0.3301696902829697f,0.8244250703057964f,0.3628509775251447f,0f,0f,0f,1f],start_interpolation:0}
execute if entity @s[tag=aj.rkss_cancel.bone.left_leg2] run data modify entity @s {} merge value {transformation:[0.9445982302349779f,-0.01914394976845396f,0.3276700972383815f,-0.08224760618801821f,-0.04132596949577749f,0.9834167513590402f,0.1765889503668508f,0.3974600649691156f,-0.32561687253915694f,-0.18034689443873142f,0.9281425806330208f,0.7230947468230855f,0f,0f,0f,1f],start_interpolation:0}
execute if entity @s[tag=aj.rkss_cancel.bone.left_leg] run data modify entity @s {} merge value {transformation:[0.9445982302349779f,-0.18487640960512275f,0.2712100599322716f,-0.1486875658898592f,-0.04132596949577749f,0.752719819216374f,0.6570426454988316f,0.66796875f,-0.32561687253915694f,-0.6318493387908134f,0.7033776122307492f,0.49602389069513697f,0f,0f,0f,1f],start_interpolation:0}
execute if entity @s[tag=aj.rkss_cancel.locator_origin.player_camera] at @s on origin run tp @s ^0.25674 ^-0.03516 ^0.90549 ~147.8125 ~0
execute if entity @s[tag=aj.rkss_cancel.locator_origin.flame1] at @s on origin run tp @s ^0.0625 ^0.96671 ^1.06249 ~0 ~0
execute if entity @s[tag=aj.rkss_cancel.locator_origin.flame2] at @s on origin run tp @s ^0.0625 ^0.96671 ^1.06251 ~0 ~0
execute if entity @s[tag=aj.rkss_cancel.locator_origin.flame3] at @s on origin run tp @s ^0.06251 ^0.96671 ^1.0625 ~0 ~0
execute if entity @s[tag=aj.rkss_cancel.locator_origin.flame4] at @s on origin run tp @s ^0.06249 ^0.96671 ^1.0625 ~0 ~0
execute if entity @s[tag=aj.rkss_cancel.bone.flame_blast] run data modify entity @s {} merge value {transformation:[-0.00003416666666666667f,0f,4.184209897086791e-21f,0.06249999999999987f,0f,0.00003416666666666667f,0f,0.9667119565217392f,-4.184209897086791e-21f,0f,-0.00003416666666666667f,1.0625f,0f,0f,0f,1f],start_interpolation:0}