execute if entity @s[tag=aj.rkss_cancel.bone.black_knight_shield] run data modify entity @s {} merge value {transformation:[0.1809384435418536f,0.2730849710389091f,0.9448205534604597f,0.05475834765342618f,0.3790571223453214f,0.8670931551662553f,-0.3232107025813229f,1.1566281441020663f,-0.9075114201198436f,0.4166222015885693f,0.05337568262381284f,-0.42855866020957745f,0f,0f,0f,1f],start_interpolation:0}
execute if entity @s[tag=aj.rkss_cancel.bone.right_arm2] run data modify entity @s {} merge value {transformation:[0.1809384435418536f,0.2730849710389091f,0.9448205534604597f,0.01983532267016641f,0.3790571223453214f,0.8670931551662553f,-0.3232107025813229f,1.0926285527977497f,-0.9075114201198436f,0.4166222015885693f,0.05337568262381284f,-0.19746065234432203f,0f,0f,0f,1f],start_interpolation:0}
execute if entity @s[tag=aj.rkss_cancel.bone.right_arm] run data modify entity @s {} merge value {transformation:[0.1809384435418536f,0.2730849710389091f,0.9448205534604597f,0.08810656542989369f,0.3790571223453214f,0.8670931551662553f,-0.3232107025813229f,1.3094018415893136f,-0.9075114201198436f,0.4166222015885693f,0.05337568262381284f,-0.09330510194717972f,0f,0f,0f,1f],start_interpolation:0}
execute if entity @s[tag=aj.rkss_cancel.bone.flame_slash] run data modify entity @s {} merge value {transformation:[0.000008462390438904001f,0.13182898972686377f,0.0000033916429246800566f,2.3960587530378077f,-0.0000025397662908757903f,-0.04515307337314192f,0.000010724508711364367f,0.5095650877519043f,0.000006964196669198624f,-0.17665592951427952f,-2.1016938725114525e-7f,-3.7764482298407884f,0f,0f,0f,1f],start_interpolation:0}
execute if entity @s[tag=aj.rkss_cancel.locator_origin.rkss1] at @s on origin run tp @s ^1.10916 ^0.97229 ^-0.73124 ~86.4541 ~72.41877
execute if entity @s[tag=aj.rkss_cancel.locator_origin.rkss2] at @s on origin run tp @s ^1.76831 ^0.74653 ^-1.61452 ~86.4541 ~72.41877
execute if entity @s[tag=aj.rkss_cancel.locator_origin.rkss3] at @s on origin run tp @s ^2.42745 ^0.52076 ^-2.4978 ~86.4541 ~72.41877
execute if entity @s[tag=aj.rkss_cancel.locator_origin.rkss4] at @s on origin run tp @s ^3.0866 ^0.295 ^-3.38108 ~86.4541 ~72.41877
execute if entity @s[tag=aj.rkss_cancel.locator_origin.rkss5] at @s on origin run tp @s ^3.91053 ^0.01279 ^-4.48518 ~86.4541 ~72.41877
execute if entity @s[tag=aj.rkss_cancel.bone.sword_body] run data modify entity @s {} merge value {transformation:[0.761233078244137f,2.66819787914835f,0.30509473682397603f,3.37715607572448f,-0.22846430043405896f,-0.9138910558357752f,0.9647215923146762f,0.19898318924531933f,0.6264632796449223f,-3.5754880428468456f,-0.01890575609397125f,-3.798202626487017f,0f,0f,0f,1f],start_interpolation:0}
execute if entity @s[tag=aj.rkss_cancel.bone.ringed_knight_straight_sword] run data modify entity @s {} merge value {transformation:[0.7522124834581334f,0.5859066210082835f,0.3014793710826717f,0.6034988137107925f,-0.22575700363340356f,-0.20068032610285302f,0.9532896632323882f,1.1533502794930985f,0.6190397039287665f,-0.7851374645079092f,-0.01868172331121291f,-0.05686094471311387f,0f,0f,0f,1f],start_interpolation:0}
execute if entity @s[tag=aj.rkss_cancel.bone.left_arm2] run data modify entity @s {} merge value {transformation:[-0.3014793710826714f,-0.7606292537084919f,-0.5749376724606412f,0.24079052220326222f,-0.9532896632323883f,0.25227252191646143f,0.16612462990233673f,1.3379930974240144f,0.018681723311212678f,0.5981652891039158f,-0.8011549663612851f,0.36816794481742476f,0f,0f,0f,1f],start_interpolation:0}
execute if entity @s[tag=aj.rkss_cancel.bone.left_arm] run data modify entity @s {} merge value {transformation:[-0.3014793710826714f,-0.7606292537084919f,-0.5749376724606412f,0.012948287390805314f,-0.9532896632323883f,0.25227252191646143f,0.16612462990233673f,1.2819000199990813f,0.018681723311212678f,0.5981652891039158f,-0.8011549663612851f,0.5200444825073053f,0f,0f,0f,1f],start_interpolation:0}
execute if entity @s[tag=aj.rkss_cancel.bone.head] run data modify entity @s {} merge value {transformation:[0.9293443390851578f,0.16042999720436044f,0.33253769020575674f,0.07810556395102068f,-0.12802686597220567f,0.984807753012208f,-0.11731500840208253f,1.443621444691398f,-0.3463065419533766f,0.06645228065352385f,0.9357648600990739f,0.22710878808614315f,0f,0f,0f,1f],start_interpolation:0}
execute if entity @s[tag=aj.rkss_cancel.bone.body_top] run data modify entity @s {} merge value {transformation:[0.1341589261378311f,0.16042999720436044f,0.9778873138222791f,0.014936252551803753f,0.044943455527547777f,0.984807753012208f,-0.16773125949652062f,1.055853391942841f,-0.9899401337165733f,0.06645228065352385f,0.12491047215168943f,0.20094320257881815f,0f,0f,0f,1f],start_interpolation:0}
execute if entity @s[tag=aj.rkss_cancel.bone.body] run data modify entity @s {} merge value {transformation:[0.3826834323650899f,0.16042999720436044f,0.9098437264664093f,-0.05525187122510394f,0f,0.984807753012208f,-0.17364817766693033f,0.625f,-0.9238795325112865f,0.06645228065352385f,0.3768696111424634f,0.17187032979290146f,0f,0f,0f,1f],start_interpolation:0}
execute if entity @s[tag=aj.rkss_cancel.bone.right_leg2] run data modify entity @s {} merge value {transformation:[0.7217368230758833f,-0.06986721642553623f,0.6886323622117088f,0.21751577959563012f,0.1071127302242447f,0.994181589231947f,-0.011394325611822076f,0.4587283928229637f,-0.6838295264466424f,0.08198499680543575f,0.7250211300773055f,0.24173185978978085f,0f,0f,0f,1f],start_interpolation:0}
execute if entity @s[tag=aj.rkss_cancel.bone.right_leg] run data modify entity @s {} merge value {transformation:[0.7217368230758833f,-0.5549146413031697f,0.41372176530091503f,0.018093330377303513f,0.1071127302242447f,0.6800601243187098f,0.7252896596088553f,0.703125f,-0.6838295264466424f,-0.47915338690130876f,0.5502628558977657f,0.06953611137212301f,0f,0f,0f,1f],start_interpolation:0}
execute if entity @s[tag=aj.rkss_cancel.bone.left_leg2] run data modify entity @s {} merge value {transformation:[0.8543561530877107f,0.48911400075829675f,0.17562191760535123f,-0.23776011312460432f,-0.2476843213712727f,0.6803195648434933f,-0.6897954527524897f,0.3553925820006938f,-0.45686764016290327f,0.5458321939510098f,0.7023810756409992f,0.2797635333804707f,0f,0f,0f,1f],start_interpolation:0}
execute if entity @s[tag=aj.rkss_cancel.bone.left_leg] run data modify entity @s {} merge value {transformation:[0.8543561530877107f,0.24196422009876248f,0.45992268901758426f,-0.15080422152661155f,-0.2476843213712727f,0.967603250085026f,-0.04895331829147823f,0.703125f,-0.45686764016290327f,-0.07209207041618565f,0.8866085341091001f,0.253855445574654f,0f,0f,0f,1f],start_interpolation:0}
execute if entity @s[tag=aj.rkss_cancel.locator_origin.player_camera] at @s on origin run tp @s ^0.34836 ^0 ^0.54172 ~132.5 ~0
execute if entity @s[tag=aj.rkss_cancel.locator_origin.flame1] at @s on origin run tp @s ^0.0625 ^0.46852 ^1.06249 ~0 ~0
execute if entity @s[tag=aj.rkss_cancel.locator_origin.flame2] at @s on origin run tp @s ^0.0625 ^0.46852 ^1.06251 ~0 ~0
execute if entity @s[tag=aj.rkss_cancel.locator_origin.flame3] at @s on origin run tp @s ^0.06251 ^0.46852 ^1.0625 ~0 ~0
execute if entity @s[tag=aj.rkss_cancel.locator_origin.flame4] at @s on origin run tp @s ^0.06249 ^0.46852 ^1.0625 ~0 ~0
execute if entity @s[tag=aj.rkss_cancel.bone.flame_blast] run data modify entity @s {} merge value {transformation:[-0.00003416666666666667f,0f,4.184209897086791e-21f,0.06249999999999987f,0f,0.00003416666666666667f,0f,0.4685235507246377f,-4.184209897086791e-21f,0f,-0.00003416666666666667f,1.0625f,0f,0f,0f,1f],start_interpolation:0}