execute if entity @s[tag=aj.rkss_cancel.bone.black_knight_shield] run data modify entity @s {} merge value {transformation:[0.7383419360476412f,-0.6698563260067433f,-0.07838168141963081f,0.6614912860698265f,0.6743960006035988f,0.7321989863847362f,0.09526110805063968f,1.3153282301128315f,-0.006420268163547849f,-0.12319556341813734f,0.9923616444173948f,0.24441089316955822f,0f,0f,0f,1f],start_interpolation:0}
execute if entity @s[tag=aj.rkss_cancel.bone.right_arm2] run data modify entity @s {} merge value {transformation:[0.7383419360476412f,-0.6698563260067433f,-0.07838168141963081f,0.4631309522415429f,0.6743960006035988f,0.7321989863847362f,0.09526110805063968f,1.176152725491817f,-0.006420268163547849f,-0.12319556341813734f,0.9923616444173948f,0.24212802711819506f,0f,0f,0f,1f],start_interpolation:0}
execute if entity @s[tag=aj.rkss_cancel.bone.right_arm] run data modify entity @s {} merge value {transformation:[0.7383419360476412f,-0.6698563260067433f,-0.07838168141963081f,0.2956668707398571f,0.6743960006035988f,0.7321989863847362f,0.09526110805063968f,1.359202472088001f,-0.006420268163547849f,-0.12319556341813734f,0.9923616444173948f,0.21132913626366073f,0f,0f,0f,1f],start_interpolation:0}
execute if entity @s[tag=aj.rkss_cancel.bone.flame_slash] run data modify entity @s {} merge value {transformation:[-0.9550299747198654f,-1.5288027054434365f,0.000010351248958555258f,-1.0488141478030608f,0.8291148878249097f,4.926254133505758f,0.000003910601749164471f,4.604773926930056f,-3.2724438922541226f,1.6942943057186484f,-0.0000020301081147171466f,3.0781094645796334f,0f,0f,0f,1f],start_interpolation:0}
execute if entity @s[tag=aj.rkss_cancel.locator_origin.rkss1] at @s on origin run tp @s ^-0.86605 ^3.0099 ^0.95855 ~78.90387 ~20.34114
execute if entity @s[tag=aj.rkss_cancel.locator_origin.rkss2] at @s on origin run tp @s ^-1.18284 ^4.03069 ^1.30963 ~78.90387 ~20.34114
execute if entity @s[tag=aj.rkss_cancel.locator_origin.rkss3] at @s on origin run tp @s ^-1.49963 ^5.05148 ^1.66072 ~78.90387 ~20.34114
execute if entity @s[tag=aj.rkss_cancel.locator_origin.rkss4] at @s on origin run tp @s ^-1.81642 ^6.07227 ^2.0118 ~78.90387 ~20.34114
execute if entity @s[tag=aj.rkss_cancel.locator_origin.rkss5] at @s on origin run tp @s ^-2.21241 ^7.34826 ^2.45065 ~78.90387 ~20.34114
execute if entity @s[tag=aj.rkss_cancel.bone.sword_body] run data modify entity @s {} merge value {transformation:[-0.2754820257755465f,-1.2823539015182874f,0.931145066548474f,-1.9535600860025824f,0.23916134042354897f,4.132123252711908f,0.3517776009976826f,6.538480209891988f,-0.9439488775621022f,1.4211676271388656f,-0.18261807470262317f,2.189210548338877f,0f,0f,0f,1f],start_interpolation:0}
execute if entity @s[tag=aj.rkss_cancel.bone.ringed_knight_straight_sword] run data modify entity @s {} merge value {transformation:[-0.27221756999141195f,-0.2815906748322526f,0.9201110185382451f,-0.615320038170524f,0.23632728394059305f,0.9073683745520974f,0.3476090443701751f,2.2294059693967827f,-0.9327631046805147f,0.31207262730044205f,-0.18045405464152411f,0.6916720699927797f,0f,0f,0f,1f],start_interpolation:0}
execute if entity @s[tag=aj.rkss_cancel.bone.left_arm2] run data modify entity @s {} merge value {transformation:[-0.9056037859866142f,0.31677650733324686f,0.2820184873522651f,-0.4043342950231622f,-0.38951967445527225f,-0.884276527158928f,-0.2575450382515731f,1.7507073334661998f,0.16779811089213414f,-0.3430855110865145f,0.924194852865745f,0.45190232560401655f,0f,0f,0f,1f],start_interpolation:0}
execute if entity @s[tag=aj.rkss_cancel.bone.left_arm] run data modify entity @s {} merge value {transformation:[-0.9056037859866142f,0.31677650733324686f,0.2820184873522651f,-0.43834064143817725f,-0.38951967445527225f,-0.884276527158928f,-0.2575450382515731f,1.4809482423695588f,0.16779811089213414f,-0.3430855110865145f,0.924194852865745f,0.3871057116939047f,0f,0f,0f,1f],start_interpolation:0}
execute if entity @s[tag=aj.rkss_cancel.bone.head] run data modify entity @s {} merge value {transformation:[0.9999779015599821f,-0.006426716814238538f,-0.0017010886762033606f,-0.0072569633317378715f,0.0064599765602444854f,0.999772502807572f,0.02032760026970286f,1.5046140985217777f,0.0015700619528591364f,-0.020338140054422766f,0.9997919258348663f,0.28811658866194684f,0f,0f,0f,1f],start_interpolation:0}
execute if entity @s[tag=aj.rkss_cancel.bone.body_top] run data modify entity @s {} merge value {transformation:[0.9679855879140509f,-0.005678430552341381f,0.2509415410352606f,-0.005021081301753452f,0f,0.9997440737845796f,0.02262270833948096f,1.1109648694690994f,-0.25100577999458323f,-0.02189845563220058f,0.9677378550259546f,0.2967391055671258f,0f,0f,0f,1f],start_interpolation:0}
execute if entity @s[tag=aj.rkss_cancel.bone.body] run data modify entity @s {} merge value {transformation:[0.9679855879140509f,0.006489465428979912f,0.2509218771433356f,-0.007860222426932163f,0f,0.9996657333896874f,-0.025853848581175926f,0.6736111111111112f,-0.25100577999458323f,0.025026152818690427f,0.9676620226527475f,0.2857901637089487f,0f,0f,0f,1f],start_interpolation:0}
execute if entity @s[tag=aj.rkss_cancel.locator_origin.player_camera] at @s on origin run tp @s ^0.13919 ^-0.13889 ^0.85288 ~165.46296 ~0
execute if entity @s[tag=aj.rkss_cancel.bone.right_leg2] run data modify entity @s {} merge value {transformation:[0.9905729840321132f,-0.10504933457890889f,0.08791928463222949f,0.15103747078883056f,0.10104115965160795f,0.9936810845611227f,0.04887316484216303f,0.4376959238902465f,-0.09249782355262642f,-0.03952897026181451f,0.9949279436964608f,0.384592282846011f,0f,0f,0f,1f],start_interpolation:0}
execute if entity @s[tag=aj.rkss_cancel.bone.right_leg] run data modify entity @s {} merge value {transformation:[0.9905729840321132f,-0.13280844328238617f,0.033572022557834424f,0.10330943648422304f,0.10104115965160795f,0.8738509557450147f,0.4755787959947148f,0.7517361111111112f,-0.09249782355262642f,-0.46770335099979077f,0.8790322679524305f,0.2165113910804612f,0f,0f,0f,1f],start_interpolation:0}
execute if entity @s[tag=aj.rkss_cancel.bone.left_leg2] run data modify entity @s {} merge value {transformation:[0.9889895205497083f,0.14032172199771978f,-0.0470057717568017f,-0.19184145021859123f,-0.14649249339313447f,0.8833034968762907f,-0.44532559075981604f,0.4017349389162139f,-0.020968491178917525f,0.44730833520258856f,0.8941339808082278f,0.2174229597099952f,0f,0f,0f,1f],start_interpolation:0}
execute if entity @s[tag=aj.rkss_cancel.bone.left_leg] run data modify entity @s {} merge value {transformation:[0.9889895205497083f,0.14790814531979557f,-0.004786312872778781f,-0.1386869604942897f,-0.14649249339313447f,0.9739163052379749f,-0.1732829471444731f,0.7517361111111112f,-0.020968491178917525f,0.17207617772274592f,0.9848604527738991f,0.279262836079107f,0f,0f,0f,1f],start_interpolation:0}
execute if entity @s[tag=aj.rkss_cancel.locator_origin.flame1] at @s on origin run tp @s ^0.06251 ^1.19316 ^1.06251 ~0 ~0
execute if entity @s[tag=aj.rkss_cancel.locator_origin.flame2] at @s on origin run tp @s ^0.06249 ^1.19316 ^1.06251 ~0 ~0
execute if entity @s[tag=aj.rkss_cancel.locator_origin.flame3] at @s on origin run tp @s ^0.06251 ^1.19316 ^1.06249 ~0 ~0
execute if entity @s[tag=aj.rkss_cancel.locator_origin.flame4] at @s on origin run tp @s ^0.06249 ^1.19316 ^1.06249 ~0 ~0
execute if entity @s[tag=aj.rkss_cancel.bone.flame_blast] run data modify entity @s {} merge value {transformation:[-0.00003416666666666667f,0f,4.184209897086791e-21f,0.06249999999999987f,0f,0.00003416666666666667f,0f,1.193161231884058f,-4.184209897086791e-21f,0f,-0.00003416666666666667f,1.0625f,0f,0f,0f,1f],start_interpolation:0}
execute if entity @s[tag=aj.rkss_cancel.locator_origin.commands] at @s on origin run tp @s ^0 ^0 ^0 ~0 ~0