execute if entity @s[tag=aj.rkss_cancel.bone.black_knight_shield] run data modify entity @s {} merge value {transformation:[0.8829861751577942f,-0.1863524865741598f,0.4308226609961888f,0.5723665840653858f,0.378293638661962f,0.8258921748141865f,-0.4180861616085686f,1.1313905843982524f,-0.27790166863137467f,0.5321417727714306f,0.799747332751774f,0.19835133109891184f,0f,0f,0f,1f],start_interpolation:0}
execute if entity @s[tag=aj.rkss_cancel.bone.right_arm2] run data modify entity @s {} merge value {transformation:[0.8829861751577942f,-0.1863524865741598f,0.4308226609961888f,0.35436978480644926f,0.378293638661962f,0.8258921748141865f,-0.4180861616085686f,1.0662846169064404f,-0.27790166863137467f,0.5321417727714306f,0.799747332751774f,0.28178072106554575f,0f,0f,0f,1f],start_interpolation:0}
execute if entity @s[tag=aj.rkss_cancel.bone.right_arm] run data modify entity @s {} merge value {transformation:[0.8829861751577942f,-0.1863524865741598f,0.4308226609961888f,0.30778166316290934f,0.378293638661962f,0.8258921748141865f,-0.4180861616085686f,1.272757660609987f,-0.27790166863137467f,0.5321417727714306f,0.799747332751774f,0.4148161642584034f,0f,0f,0f,1f],start_interpolation:0}
execute if entity @s[tag=aj.rkss_cancel.bone.flame_slash] run data modify entity @s {} merge value {transformation:[-0.000004100944592962562f,0.9275841224588918f,0.000010202346191735077f,0.7610081439564539f,0.000008175173910336077f,-2.3885259523214355f,0.000004713856552841163f,-1.1266266144700532f,0.000006550670574926786f,3.5615569237131606f,5.041711844456826e-7f,4.249339590490551f,0f,0f,0f,1f],start_interpolation:0}
execute if entity @s[tag=aj.rkss_cancel.locator_origin.rkss1] at @s on origin run tp @s ^0.18171 ^0.35313 ^2.05293 ~92.82909 ~24.77207
execute if entity @s[tag=aj.rkss_cancel.locator_origin.rkss2] at @s on origin run tp @s ^0.41955 ^-0.25931 ^2.96615 ~92.82909 ~24.77207
execute if entity @s[tag=aj.rkss_cancel.locator_origin.rkss3] at @s on origin run tp @s ^0.65739 ^-0.87175 ^3.87937 ~92.82909 ~24.77207
execute if entity @s[tag=aj.rkss_cancel.locator_origin.rkss4] at @s on origin run tp @s ^0.89524 ^-1.48419 ^4.79259 ~92.82909 ~24.77207
execute if entity @s[tag=aj.rkss_cancel.locator_origin.rkss5] at @s on origin run tp @s ^1.19254 ^-2.24975 ^5.93412 ~92.82909 ~24.77207
execute if entity @s[tag=aj.rkss_cancel.bone.sword_body] run data modify entity @s {} merge value {transformation:[-0.36889986331260016f,0.9627772190298417f,0.9177505402188337f,1.0145939567370998f,0.7353965579674061f,-2.4791480559851315f,0.42403426786170784f,-1.7770912723378387f,0.5892646010978242f,3.6966845242448607f,0.04535264420478405f,5.201977262770531f,0f,0f,0f,1f],start_interpolation:0}
execute if entity @s[tag=aj.rkss_cancel.bone.ringed_knight_straight_sword] run data modify entity @s {} merge value {transformation:[-0.3645284082633388f,0.21141518460601522f,0.9068752170431179f,0.007677522138873266f,0.7266821253632068f,-0.544393379446481f,0.4190094713636589f,0.8228757504443036f,0.5822818288823809f,0.8117508658035694f,0.04481521639517178f,1.3512734954015824f,0f,0f,0f,1f],start_interpolation:0}
execute if entity @s[tag=aj.rkss_cancel.bone.left_arm2] run data modify entity @s {} merge value {transformation:[-0.9068752170431178f,-0.21441411103328886f,0.36277255919212453f,-0.07607979326922959f,-0.41900947136365907f,0.5503675156136307f,-0.7221680279995973f,1.1914854204243315f,-0.044815216395171525f,-0.8069214253860685f,-0.5889562034925604f,0.9102456267885985f,0f,0f,0f,1f],start_interpolation:0}
execute if entity @s[tag=aj.rkss_cancel.bone.left_arm] run data modify entity @s {} merge value {transformation:[-0.9068752170431178f,-0.21441411103328886f,0.36277255919212453f,-0.24304272315794154f,-0.41900947136365907f,0.5503675156136307f,-0.7221680279995973f,1.2767011154072818f,-0.044815216395171525f,-0.8069214253860685f,-0.5889562034925604f,0.7029133683926849f,0f,0f,0f,1f],start_interpolation:0}
execute if entity @s[tag=aj.rkss_cancel.bone.head] run data modify entity @s {} merge value {transformation:[0.9888867855189476f,0.1464729345572328f,0.025467722084938693f,0.05255466523243453f,-0.131426966724649f,0.9413458503214894f,-0.3107972691322594f,1.4175949443952083f,-0.06949732256397417f,0.3039961669572574f,0.9501349654821329f,0.6032345790286525f,0f,0f,0f,1f],start_interpolation:0}
execute if entity @s[tag=aj.rkss_cancel.bone.body_top] run data modify entity @s {} merge value {transformation:[0.8947980364936463f,0.12972489782016391f,0.4272094624100262f,0.0014754867157449787f,8.673617379884035e-19f,0.9568579678660862f,-0.29055606916941856f,1.0408321195479369f,-0.4464711344388521f,0.2599890001841078f,0.8561946308498742f,0.5008639102061601f,0f,0f,0f,1f],start_interpolation:0}
execute if entity @s[tag=aj.rkss_cancel.bone.body] run data modify entity @s {} merge value {transformation:[0.8947980364936463f,0.056952888150005314f,0.4428237148329892f,-0.023441401849882346f,8.673617379884035e-19f,0.9918305589667131f,-0.12756230751980555f,0.60690625f,-0.4464711344388521f,0.1141425022993207f,0.8874880366978104f,0.45092656545020726f,0f,0f,0f,1f],start_interpolation:0}
execute if entity @s[tag=aj.rkss_cancel.locator_origin.player_camera] at @s on origin run tp @s ^0.27595 ^-0.20559 ^0.96149 ~149.6125 ~0
execute if entity @s[tag=aj.rkss_cancel.bone.right_leg2] run data modify entity @s {} merge value {transformation:[0.8692277060755467f,0.19777206414517456f,0.45313287856256934f,0.11447300588859113f,0.24096127047099486f,0.630831407226671f,-0.7375563719400857f,0.3421898568809178f,-0.43171849754631475f,0.750291907393499f,0.5006807291839559f,0.26208098908122823f,0f,0f,0f,1f],start_interpolation:0}
execute if entity @s[tag=aj.rkss_cancel.bone.right_leg] run data modify entity @s {} merge value {transformation:[0.8692277060755467f,-0.13035504880711302f,0.4769179764290066f,0.06762666022353489f,0.24096127047099486f,0.9539934417226635f,-0.1784213532152219f,0.68503125f,-0.43171849754631475f,0.2700075450809516f,0.860648049132577f,0.3591149505946952f,0f,0f,0f,1f],start_interpolation:0}
execute if entity @s[tag=aj.rkss_cancel.bone.left_leg2] run data modify entity @s {} merge value {transformation:[0.9554078349507029f,-0.02153212736974973f,0.29450337248619657f,-0.09592005935785766f,-0.048189906658410206f,0.9725979726893432f,0.2274443149802468f,0.4036786281894133f,-0.29133074298992934f,-0.23149417057781996f,0.9281900921564631f,0.7030061378298509f,0f,0f,0f,1f],start_interpolation:0}
execute if entity @s[tag=aj.rkss_cancel.bone.left_leg] run data modify entity @s {} merge value {transformation:[0.9554078349507029f,-0.14499977029278957f,0.2572371192690682f,-0.1480293518068289f,-0.048189906658410206f,0.782894251994676f,0.6202856786110339f,0.68503125f,-0.29133074298992934f,-0.6050220300193501f,0.740995776897683f,0.48557634579164694f,0f,0f,0f,1f],start_interpolation:0}
execute if entity @s[tag=aj.rkss_cancel.locator_origin.flame1] at @s on origin run tp @s ^0.06251 ^1.012 ^1.06251 ~0 ~0
execute if entity @s[tag=aj.rkss_cancel.locator_origin.flame2] at @s on origin run tp @s ^0.06249 ^1.012 ^1.06251 ~0 ~0
execute if entity @s[tag=aj.rkss_cancel.locator_origin.flame3] at @s on origin run tp @s ^0.06251 ^1.012 ^1.06249 ~0 ~0
execute if entity @s[tag=aj.rkss_cancel.locator_origin.flame4] at @s on origin run tp @s ^0.06249 ^1.012 ^1.06249 ~0 ~0
execute if entity @s[tag=aj.rkss_cancel.bone.flame_blast] run data modify entity @s {} merge value {transformation:[-0.00003416666666666667f,0f,4.184209897086791e-21f,0.06249999999999987f,0f,0.00003416666666666667f,0f,1.012001811594203f,-4.184209897086791e-21f,0f,-0.00003416666666666667f,1.0625f,0f,0f,0f,1f],start_interpolation:0}
execute if entity @s[tag=aj.rkss_cancel.locator_origin.commands] at @s on origin run tp @s ^0 ^0 ^0 ~0 ~0