execute if entity @s[tag=aj.rkss_cancel.bone.black_knight_shield] run data modify entity @s {} merge value {transformation:[0.8572225139838243f,-0.4581044443793585f,-0.235180525467419f,0.6454765044747686f,0.4519993291657098f,0.8881884142263198f,-0.0825708620996769f,1.23379890558917f,0.2467106968759166f,-0.03551983775321581f,0.9684380068816923f,0.27908165306008603f,0f,0f,0f,1f],start_interpolation:0}
execute if entity @s[tag=aj.rkss_cancel.bone.right_arm2] run data modify entity @s {} merge value {transformation:[0.8572225139838243f,-0.4581044443793585f,-0.235180525467419f,0.4251622948960074f,0.4519993291657098f,0.8881884142263198f,-0.0825708620996769f,1.1529362120721358f,0.2467106968759166f,-0.03551983775321581f,0.9684380068816923f,0.21871006657069086f,0f,0f,0f,1f],start_interpolation:0}
execute if entity @s[tag=aj.rkss_cancel.bone.right_arm] run data modify entity @s {} merge value {transformation:[0.8572225139838243f,-0.4581044443793585f,-0.235180525467419f,0.31063618380116775f,0.4519993291657098f,0.8881884142263198f,-0.0825708620996769f,1.3749833156287157f,0.2467106968759166f,-0.03551983775321581f,0.9684380068816923f,0.20983010713238692f,0f,0f,0f,1f],start_interpolation:0}
execute if entity @s[tag=aj.rkss_cancel.bone.flame_slash] run data modify entity @s {} merge value {transformation:[-0.000003273553652963871f,-1.0198830076298586f,0.0000034395074583367735f,-1.7466244346764115f,0.0000013979435716218452f,-0.3967501289211981f,-0.000010433943994993575f,0.9079177558997436f,0.000010672024187178745f,-0.26086967234403896f,0.0000024217970917034558f,-0.17041914562462412f,0f,0f,0f,1f],start_interpolation:0}
execute if entity @s[tag=aj.rkss_cancel.locator_origin.rkss1] at @s on origin run tp @s ^-1.473 ^1.02256 ^-0.08255 ~125.14982 ~-68.04253
execute if entity @s[tag=aj.rkss_cancel.locator_origin.rkss2] at @s on origin run tp @s ^-1.69964 ^0.93439 ^-0.14052 ~125.14982 ~-68.04253
execute if entity @s[tag=aj.rkss_cancel.locator_origin.rkss3] at @s on origin run tp @s ^-1.92628 ^0.84622 ^-0.1985 ~125.14982 ~-68.04253
execute if entity @s[tag=aj.rkss_cancel.locator_origin.rkss4] at @s on origin run tp @s ^-2.15292 ^0.75806 ^-0.25647 ~125.14982 ~-68.04253
execute if entity @s[tag=aj.rkss_cancel.locator_origin.rkss5] at @s on origin run tp @s ^-2.43622 ^0.64785 ^-0.32893 ~125.14982 ~-68.04253
execute if entity @s[tag=aj.rkss_cancel.bone.sword_body] run data modify entity @s {} merge value {transformation:[-0.29447203388145343f,-0.9174342485756503f,0.309400383858024f,-2.0806810488345335f,0.1257518068824917f,-0.35689599069309497f,-0.9385838863001662f,0.7778468908947407f,0.9600003547170436f,-0.2346649272834916f,0.21785239859943004f,-0.25585003520978433f,0f,0f,0f,1f],start_interpolation:0}
execute if entity @s[tag=aj.rkss_cancel.bone.ringed_knight_straight_sword] run data modify entity @s {} merge value {transformation:[-0.2909825469301218f,-0.9065626734487632f,0.3057339962966021f,-1.2867310133707417f,0.12426165081083067f,-0.3526667812632872f,-0.9274616884438732f,1.0862141016907536f,0.9486243721936661f,-0.2318841531947013f,0.21527085259586273f,-0.037732342000412644f,0f,0f,0f,1f],start_interpolation:0}
execute if entity @s[tag=aj.rkss_cancel.bone.left_arm2] run data modify entity @s {} merge value {transformation:[-0.3028719787920937f,0.9033607890931931f,0.303657453706451f,-0.5680098066859928f,0.9286139919251643f,0.35139311363304765f,-0.119159278665505f,1.2959031907876692f,-0.21434695813883917f,0.24589055374331825f,-0.9453005961684526f,0.13847010261988224f,0f,0f,0f,1f],start_interpolation:0}
execute if entity @s[tag=aj.rkss_cancel.bone.left_arm] run data modify entity @s {} merge value {transformation:[-0.3028719787920937f,0.9033607890931931f,0.303657453706451f,-0.38002860676170624f,0.9286139919251643f,0.35139311363304765f,-0.119159278665505f,1.4998282181865767f,-0.21434695813883917f,0.24589055374331825f,-0.9453005961684526f,0.1731493712883569f,0f,0f,0f,1f],start_interpolation:0}
execute if entity @s[tag=aj.rkss_cancel.bone.head] run data modify entity @s {} merge value {transformation:[0.9990479251631603f,-0.00034088867175589713f,0.043624844092532096f,-0.0026532221605834205f,-0.000266628741408696f,0.9999030852704852f,0.013919374112322634f,1.5196562436616907f,-0.043625361159519524f,-0.013917753463760275f,0.9989510118130035f,0.22143478319415807f,0f,0f,0f,1f],start_interpolation:0}
execute if entity @s[tag=aj.rkss_cancel.bone.body_top] run data modify entity @s {} merge value {transformation:[0.999108151868432f,-0.0007074436921374412f,0.04221848402617582f,-0.002374666206804303f,0f,0.9998596355767804f,0.016754376868981718f,1.1259615121533335f,-0.042224410831247894f,-0.01673943450927553f,0.9989679126289611f,0.2280259355321853f,0f,0f,0f,1f],start_interpolation:0}
execute if entity @s[tag=aj.rkss_cancel.bone.body] run data modify entity @s {} merge value {transformation:[0.999108151868432f,-0.0005600693711338002f,0.04222069625604871f,-0.002129635856933265f,0f,0.9999120277790478f,0.01326411334363307f,0.6885000000000001f,-0.042224410831247894f,-0.013252283768930643f,0.9990202581053408f,0.23382380968109245f,0f,0f,0f,1f],start_interpolation:0}
execute if entity @s[tag=aj.rkss_cancel.bone.right_leg2] run data modify entity @s {} merge value {transformation:[0.9759649664682171f,-0.16756602741707965f,0.13933416911278518f,0.18327736563173586f,0.20295518020185513f,0.9317639836844107f,-0.3010399866094038f,0.42319711262005544f,-0.07938248582605742f,0.3220830718374003f,0.9433773983829906f,0.12035069730916076f,0f,0f,0f,1f],start_interpolation:0}
execute if entity @s[tag=aj.rkss_cancel.bone.right_leg] run data modify entity @s {} merge value {transformation:[0.9759649664682171f,-0.18138131837980004f,0.1208023243546966f,0.11809345433899521f,0.20295518020185513f,0.9584080344485417f,-0.20065700668981243f,0.7676250000000001f,-0.07938248582605742f,0.22035166631384598f,0.9721849433604632f,0.19953957739069916f,0f,0f,0f,1f],start_interpolation:0}
execute if entity @s[tag=aj.rkss_cancel.bone.left_leg2] run data modify entity @s {} merge value {transformation:[0.9893243335245724f,0.13730004277668353f,0.04884732694509791f,-0.1814355925601743f,-0.14123709282750008f,0.9859458504753787f,0.08923487849500406f,0.43572546517777627f,-0.035908866673797196f,-0.0951812911443361f,0.994812080299742f,0.33944361248100685f,0f,0f,0f,1f],start_interpolation:0}
execute if entity @s[tag=aj.rkss_cancel.bone.left_leg] run data modify entity @s {} merge value {transformation:[0.9893243335245724f,0.11795210601238254f,0.08558424962225286f,-0.13904655446197434f,-0.14123709282750008f,0.9207639229835793f,0.36365626866799f,0.7666250000000001f,-0.035908866673797196f,-0.37186166624046213f,0.9275933669852704f,0.2058058261758408f,0f,0f,0f,1f],start_interpolation:0}
execute if entity @s[tag=aj.rkss_cancel.locator_origin.player_camera] at @s on origin run tp @s ^0.12728 ^0.0635 ^0.71679 ~165 ~0
execute if entity @s[tag=aj.rkss_cancel.locator_origin.flame1] at @s on origin run tp @s ^0.0625 ^0.01562 ^1.06249 ~0 ~0
execute if entity @s[tag=aj.rkss_cancel.locator_origin.flame2] at @s on origin run tp @s ^0.0625 ^0.01562 ^1.06251 ~0 ~0
execute if entity @s[tag=aj.rkss_cancel.locator_origin.flame3] at @s on origin run tp @s ^0.06251 ^0.01562 ^1.0625 ~0 ~0
execute if entity @s[tag=aj.rkss_cancel.locator_origin.flame4] at @s on origin run tp @s ^0.06249 ^0.01562 ^1.0625 ~0 ~0