execute if entity @s[tag=aj.rkss_cancel.bone.black_knight_shield] run data modify entity @s {} merge value {transformation:[0.6325762613588848f,-0.013303416959981051f,0.7743838148246671f,0.37222231609368417f,0.3605329377240068f,0.8899725526728989f,-0.2792218764799448f,1.1421059795938868f,-0.6854657353809254f,0.45582000239795634f,0.567771830080195f,-0.29361442039932745f,0f,0f,0f,1f],start_interpolation:0}
execute if entity @s[tag=aj.rkss_cancel.bone.right_arm2] run data modify entity @s {} merge value {transformation:[0.6325762613588848f,-0.013303416959981051f,0.7743838148246671f,0.2198158028739777f,0.3605329377240068f,0.8899725526728989f,-0.2792218764799448f,1.0832738495642527f,-0.6854657353809254f,0.45582000239795634f,0.567771830080195f,-0.11463707600965832f,0f,0f,0f,1f],start_interpolation:0}
execute if entity @s[tag=aj.rkss_cancel.bone.right_arm] run data modify entity @s {} merge value {transformation:[0.6325762613588848f,-0.013303416959981051f,0.7743838148246671f,0.21648994863398244f,0.3605329377240068f,0.8899725526728989f,-0.2792218764799448f,1.3057669877324773f,-0.6854657353809254f,0.45582000239795634f,0.567771830080195f,-0.0006820754101692361f,0f,0f,0f,1f],start_interpolation:0}
execute if entity @s[tag=aj.rkss_cancel.bone.flame_slash] run data modify entity @s {} merge value {transformation:[-1.883524605857974f,5.193356580003525f,0.0000027341263330229892f,3.7873037939092007f,0.05691807851396786f,-1.5635230843812127f,0.000010854240796061172f,0.3677819949525305f,4.017524317470368f,2.4569378689713592f,0.0000011280558213987081f,0.3993242909210204f,0f,0f,0f,1f],start_interpolation:0}
execute if entity @s[tag=aj.rkss_cancel.locator_origin.rkss1] at @s on origin run tp @s ^1.99621 ^0.68657 ^1.63573 ~112.42024 ~74.75743
execute if entity @s[tag=aj.rkss_cancel.locator_origin.rkss2] at @s on origin run tp @s ^2.97746 ^0.39115 ^2.09995 ~112.42024 ~74.75743
execute if entity @s[tag=aj.rkss_cancel.locator_origin.rkss3] at @s on origin run tp @s ^3.95871 ^0.09573 ^2.56417 ~112.42024 ~74.75743
execute if entity @s[tag=aj.rkss_cancel.locator_origin.rkss4] at @s on origin run tp @s ^4.93996 ^-0.19969 ^3.02839 ~112.42024 ~74.75743
execute if entity @s[tag=aj.rkss_cancel.locator_origin.rkss5] at @s on origin run tp @s ^6.16652 ^-0.56896 ^3.60867 ~112.42024 ~74.75743
execute if entity @s[tag=aj.rkss_cancel.bone.sword_body] run data modify entity @s {} merge value {transformation:[-0.42954636391928114f,3.9720690024365983f,0.2459479292313299f,4.663536503302147f,0.012980427009505505f,-1.1958396236409519f,0.9763916227740093f,-0.11038934142279078f,0.9162147163671376f,1.8791559177411896f,0.10147409429453984f,2.877678175676713f,0f,0f,0f,1f],start_interpolation:0}
execute if entity @s[tag=aj.rkss_cancel.bone.ringed_knight_straight_sword] run data modify entity @s {} merge value {transformation:[-0.4244562492074315f,0.8722222387689623f,0.24303345182426567f,0.5117780814026496f,0.01282660924258433f,-0.26259310024597016f,0.9648214040943264f,1.141748439386043f,0.9053575926693803f,0.4126417694563519f,0.10027162856877406f,0.9291706150278548f,0f,0f,0f,1f],start_interpolation:0}
execute if entity @s[tag=aj.rkss_cancel.bone.left_arm2] run data modify entity @s {} merge value {transformation:[-0.2430334518242654f,-0.732644625582946f,0.6357409801946126f,0.03912763400582411f,-0.9648214040943265f,0.25032568657682763f,-0.08035364858730265f,1.3509153896366501f,-0.10027162856877381f,-0.6329051297345157f,-0.7677087320461454f,0.6478334980742176f,0f,0f,0f,1f],start_interpolation:0}
execute if entity @s[tag=aj.rkss_cancel.bone.left_arm] run data modify entity @s {} merge value {transformation:[-0.2430334518242654f,-0.732644625582946f,0.6357409801946126f,-0.17441270386794555f,-0.9648214040943265f,0.25032568657682763f,-0.08035364858730265f,1.2928941357690662f,-0.10027162856877381f,-0.6329051297345157f,-0.7677087320461454f,0.47707326206949197f,0f,0f,0f,1f],start_interpolation:0}
execute if entity @s[tag=aj.rkss_cancel.bone.head] run data modify entity @s {} merge value {transformation:[0.9798976001129607f,0.07768183639363731f,0.1837558858577651f,0.03395008133053769f,-0.05849195282930075f,0.9924671657092096f,-0.1076457915728394f,1.4499883314957804f,-0.19073380598906575f,0.09473361221678654f,0.9770599561793967f,0.25852337980210394f,0f,0f,0f,1f],start_interpolation:0}
execute if entity @s[tag=aj.rkss_cancel.bone.body_top] run data modify entity @s {} merge value {transformation:[0.6448997205436174f,0.07768183639363731f,0.7603090705346582f,0.0033628582505429924f,0.02244263176663553f,0.9924671657092096f,-0.12043775682283164f,1.0592043849977792f,-0.7639376144176635f,0.09473361221678654f,0.638298412965447f,0.2212220199917442f,0f,0f,0f,1f],start_interpolation:0}
execute if entity @s[tag=aj.rkss_cancel.bone.body] run data modify entity @s {} merge value {transformation:[0.7732666923878384f,0.07768183639363731f,0.6293045008086974f,-0.030622945171673327f,0f,0.9924671657092096f,-0.12251091783644562f,0.625f,-0.6340809273614619f,0.09473361221678654f,0.7674418025314933f,0.1797760646469001f,0f,0f,0f,1f],start_interpolation:0}
execute if entity @s[tag=aj.rkss_cancel.bone.right_leg2] run data modify entity @s {} merge value {transformation:[0.8927354605561654f,-0.028802483662817374f,0.4496596650806296f,0.18432205472021418f,0.13927585842540263f,0.9667230010821939f,-0.21459001476887002f,0.3920488231957947f,-0.4285156154977762f,0.2541988515188252f,0.8670393942382733f,0.24118888975347455f,0f,0f,0f,1f],start_interpolation:0}
execute if entity @s[tag=aj.rkss_cancel.bone.right_leg] run data modify entity @s {} merge value {transformation:[0.8927354605561654f,-0.31993574804257535f,0.31727671611703334f,0.06934514526741364f,0.13927585842540263f,0.8656032745856148f,0.48097110753820543f,0.703125f,-0.4285156154977762f,-0.3851909762067362f,0.8173140639457168f,0.10276088267917874f,0f,0f,0f,1f],start_interpolation:0}
execute if entity @s[tag=aj.rkss_cancel.bone.left_leg2] run data modify entity @s {} merge value {transformation:[0.9595078230147956f,0.26862261782338137f,0.0847739745860766f,-0.20060634413117087f,-0.1849454693657975f,0.8277810887459126f,-0.5296920260639161f,0.35374163680861687f,-0.21246155166164066f,0.49256508027705836f,0.8439429665310224f,0.2922033853309872f,0f,0f,0f,1f],start_interpolation:0}
execute if entity @s[tag=aj.rkss_cancel.bone.left_leg] run data modify entity @s {} merge value {transformation:[0.9595078230147956f,0.1470376852851746f,0.2402595610571723f,-0.14776467598181126f,-0.1849454693657975f,0.9721971845325443f,0.14362384115479832f,0.703125f,-0.21246155166164066f,-0.1822431164488026f,0.9600247577914621f,0.22670976535719878f,0f,0f,0f,1f],start_interpolation:0}
execute if entity @s[tag=aj.rkss_cancel.locator_origin.player_camera] at @s on origin run tp @s ^0.23968 ^0 ^0.65323 ~150.27778 ~0
execute if entity @s[tag=aj.rkss_cancel.locator_origin.flame1] at @s on origin run tp @s ^0.0625 ^0.01562 ^-0.25001 ~0 ~0
execute if entity @s[tag=aj.rkss_cancel.locator_origin.flame2] at @s on origin run tp @s ^0.0625 ^0.01562 ^-0.24999 ~0 ~0
execute if entity @s[tag=aj.rkss_cancel.locator_origin.flame3] at @s on origin run tp @s ^0.06251 ^0.01562 ^-0.25 ~0 ~0
execute if entity @s[tag=aj.rkss_cancel.locator_origin.flame4] at @s on origin run tp @s ^0.06249 ^0.01562 ^-0.25 ~0 ~0