execute if entity @s[tag=aj.rkss_cancel.bone.black_knight_shield] run data modify entity @s {} merge value {transformation:[0.14118113806360455f,0.2909978598532462f,0.9462495082249163f,0.024983172856599827f,0.3790571223453214f,0.8670931551662553f,-0.3232107025813229f,1.1557127072460114f,-0.914540094394089f,0.4043138704331807f,0.012112387088914933f,-0.4322121769724462f,0f,0f,0f,1f],start_interpolation:0}
execute if entity @s[tag=aj.rkss_cancel.bone.right_arm2] run data modify entity @s {} merge value {transformation:[0.14118113806360455f,0.2909978598532462f,0.9462495082249163f,0.0001737403792474168f,0.3790571223453214f,0.8670931551662553f,-0.3232107025813229f,1.0917131159416948f,-0.914540094394089f,0.4043138704331807f,0.012112387088914933f,-0.19981080224883843f,0f,0f,0f,1f],start_interpolation:0}
execute if entity @s[tag=aj.rkss_cancel.bone.right_arm] run data modify entity @s {} merge value {transformation:[0.14118113806360455f,0.2909978598532462f,0.9462495082249163f,0.07292320534255897f,0.3790571223453214f,0.8670931551662553f,-0.3232107025813229f,1.3084864047332587f,-0.914540094394089f,0.4043138704331807f,0.012112387088914933f,-0.09873233464054326f,0f,0f,0f,1f],start_interpolation:0}
execute if entity @s[tag=aj.rkss_cancel.bone.flame_slash] run data modify entity @s {} merge value {transformation:[1.6893424225083389f,2.2227239931888385f,0.0000033792473722274598f,1.8993739159322582f,-0.4917983465959139f,-0.8146333284712344f,0.000010724508711364369f,0.6111193206087614f,1.2137391877166963f,-3.4237810736445393f,-3.579107391007284e-7f,-3.834205603231914f,0f,0f,0f,1f],start_interpolation:0}
execute if entity @s[tag=aj.rkss_cancel.locator_origin.rkss1] at @s on origin run tp @s ^1.03889 ^0.97943 ^-0.80463 ~83.9541 ~72.41877
execute if entity @s[tag=aj.rkss_cancel.locator_origin.rkss2] at @s on origin run tp @s ^1.63963 ^0.75925 ^-1.72998 ~83.9541 ~72.41877
execute if entity @s[tag=aj.rkss_cancel.locator_origin.rkss3] at @s on origin run tp @s ^2.24037 ^0.53908 ^-2.65533 ~83.9541 ~72.41877
execute if entity @s[tag=aj.rkss_cancel.locator_origin.rkss4] at @s on origin run tp @s ^2.8411 ^0.31891 ^-3.58067 ~83.9541 ~72.41877
execute if entity @s[tag=aj.rkss_cancel.locator_origin.rkss5] at @s on origin run tp @s ^3.59202 ^0.0437 ^-4.73736 ~83.9541 ~72.41877
execute if entity @s[tag=aj.rkss_cancel.bone.sword_body] run data modify entity @s {} merge value {transformation:[0.7998134070725588f,2.431761172478009f,0.3039796967394808f,3.104129074592298f,-0.23284024952116383f,-0.8912459234944562f,0.9647215923146764f,0.2255485006648037f,0.5746406779886443f,-3.745772261183539f,-0.03219580751199282f,-4.016255290875199f,0f,0f,0f,1f],start_interpolation:0}
execute if entity @s[tag=aj.rkss_cancel.bone.ringed_knight_straight_sword] run data modify entity @s {} merge value {transformation:[0.7903356362612113f,0.5339877461114326f,0.3003775441979964f,0.5778364900562422f,-0.2300810978226498f,-0.19570770653963587f,0.9532896632323883f,1.1562138671626778f,0.5678311989317877f,-0.8225299876623516f,-0.03181428792006474f,-0.09792191011654083f,0f,0f,0f,1f],start_interpolation:0}
execute if entity @s[tag=aj.rkss_cancel.bone.left_arm2] run data modify entity @s {} merge value {transformation:[-0.3003775441979961f,-0.7203464695785426f,-0.6251994039562987f,0.2433865436007305f,-0.9532896632323884f,0.24858849818503376f,0.17158839280204613f,1.3381785825746688f,0.03181428792006449f,0.6475374292933493f,-0.7613692459958572f,0.3507783322928905f,0f,0f,0f,1f],start_interpolation:0}
execute if entity @s[tag=aj.rkss_cancel.bone.left_arm] run data modify entity @s {} merge value {transformation:[-0.3003775441979961f,-0.7203464695785426f,-0.6251994039562987f,0.025752733181345338f,-0.9532896632323884f,0.24858849818503376f,0.17158839280204613f,1.2811644992168787f,0.03181428792006449f,0.6475374292933493f,-0.7613692459958572f,0.5166394756062359f,0f,0f,0f,1f],start_interpolation:0}
execute if entity @s[tag=aj.rkss_cancel.bone.head] run data modify entity @s {} merge value {transformation:[0.9287565378451681f,0.1631759111665348f,0.3328436801635689f,0.07812691936028829f,-0.13302222155948903f,0.984807753012208f,-0.11161889704894962f,1.443621444691398f,-0.3460005519955643f,0.059391174613884726f,0.9363526613390639f,0.2219655005169528f,0f,0f,0f,1f],start_interpolation:0}
execute if entity @s[tag=aj.rkss_cancel.bone.body_top] run data modify entity @s {} merge value {transformation:[0.09085065440625623f,0.1631759111665348f,0.9824051000523797f,0.01387640433846521f,0.044943455527547777f,0.984807753012208f,-0.16773125949652062f,1.055853391942841f,-0.9948498602297726f,0.059391174613884726f,0.0821367395188336f,0.1985802255127357f,0f,0f,0f,1f],start_interpolation:0}
execute if entity @s[tag=aj.rkss_cancel.bone.body] run data modify entity @s {} merge value {transformation:[0.3420201433256689f,0.1631759111665348f,0.9254165783983233f,-0.057513056796893766f,0f,0.984807753012208f,-0.17364817766693033f,0.625f,-0.9396926207859082f,0.059391174613884726f,0.33682408883346526f,0.1725965866191611f,0f,0f,0f,1f],start_interpolation:0}
execute if entity @s[tag=aj.rkss_cancel.locator_origin.player_camera] at @s on origin run tp @s ^0.40857 ^-0.1875 ^0.56369 ~130 ~0
execute if entity @s[tag=aj.rkss_cancel.bone.right_leg2] run data modify entity @s {} merge value {transformation:[0.6912216645381707f,-0.06622458298300476f,0.7196019143122172f,0.21688861540925136f,0.1071127302242447f,0.994181589231947f,-0.011394325611822076f,0.4587283928229637f,-0.714660390323256f,0.08495453043226814f,0.694293348853382f,0.22952561246860276f,0f,0f,0f,1f],start_interpolation:0}
execute if entity @s[tag=aj.rkss_cancel.bone.right_leg] run data modify entity @s {} merge value {transformation:[0.6912216645381707f,-0.5752868627143273f,0.4373301225177466f,0.01014489912128999f,0.1071127302242447f,0.6800601243187098f,0.7252896596088553f,0.703125f,-0.714660390323256f,-0.4544923023549769f,0.5316928376450857f,0.06619244130978294f,0f,0f,0f,1f],start_interpolation:0}
execute if entity @s[tag=aj.rkss_cancel.bone.left_leg2] run data modify entity @s {} merge value {transformation:[0.8336147087688422f,0.5124573385127842f,0.20609219667088785f,-0.23629503723948728f,-0.2476843213712727f,0.6803195648434933f,-0.6897954527524897f,0.3553925820006938f,-0.49369929539253987f,0.5239778295839946f,0.6940520440380218f,0.2873799438558262f,0f,0f,0f,1f],start_interpolation:0}
execute if entity @s[tag=aj.rkss_cancel.bone.left_leg] run data modify entity @s {} merge value {transformation:[0.8336147087688422f,0.23858931183065718f,0.498158265618881f,-0.15055200330034485f,-0.2476843213712727f,0.967603250085026f,-0.04895331829147823f,0.703125f,-0.49369929539253987f,-0.08257778578448369f,0.8657031333106295f,0.2577035520895274f,0f,0f,0f,1f],start_interpolation:0}
execute if entity @s[tag=aj.rkss_cancel.locator_origin.flame1] at @s on origin run tp @s ^0.06251 ^0.51381 ^1.06251 ~0 ~0
execute if entity @s[tag=aj.rkss_cancel.locator_origin.flame2] at @s on origin run tp @s ^0.06249 ^0.51381 ^1.06251 ~0 ~0
execute if entity @s[tag=aj.rkss_cancel.locator_origin.flame3] at @s on origin run tp @s ^0.06251 ^0.51381 ^1.06249 ~0 ~0
execute if entity @s[tag=aj.rkss_cancel.locator_origin.flame4] at @s on origin run tp @s ^0.06249 ^0.51381 ^1.06249 ~0 ~0
execute if entity @s[tag=aj.rkss_cancel.bone.flame_blast] run data modify entity @s {} merge value {transformation:[-0.00003416666666666667f,0f,4.184209897086791e-21f,0.06249999999999987f,0f,0.00003416666666666667f,0f,0.5138134057971016f,-4.184209897086791e-21f,0f,-0.00003416666666666667f,1.0625f,0f,0f,0f,1f],start_interpolation:0}
execute if entity @s[tag=aj.rkss_cancel.locator_origin.commands] at @s on origin run tp @s ^0 ^0 ^0 ~0 ~0