execute if entity @s[tag=aj.rkss_cancel.bone.black_knight_shield] run data modify entity @s {} merge value {transformation:[0.0290042328166029f,0.3497902450731683f,0.9363789504951362f,-0.05068116300313383f,0.384561220815961f,0.8607667416973243f,-0.33345656963435194f,1.160808703516582f,-0.9226437134253166f,0.36976668432867843f,-0.10954988469787405f,-0.4359310290222526f,0f,0f,0f,1f],start_interpolation:0}
execute if entity @s[tag=aj.rkss_cancel.bone.right_arm2] run data modify entity @s {} merge value {transformation:[0.0290042328166029f,0.3497902450731683f,0.9363789504951362f,-0.046697183264090725f,0.384561220815961f,0.8607667416973243f,-0.33345656963435194f,1.095288513425611f,-0.9226437134253166f,0.36976668432867843f,-0.10954988469787405f,-0.2026648994700338f,0f,0f,0f,1f],start_interpolation:0}
execute if entity @s[tag=aj.rkss_cancel.bone.right_arm] run data modify entity @s {} merge value {transformation:[0.0290042328166029f,0.3497902450731683f,0.9363789504951362f,0.04075037800420135f,0.384561220815961f,0.8607667416973243f,-0.33345656963435194f,1.310480198849942f,-0.9226437134253166f,0.36976668432867843f,-0.10954988469787405f,-0.11022322838786419f,0f,0f,0f,1f],start_interpolation:0}
execute if entity @s[tag=aj.rkss_cancel.bone.flame_slash] run data modify entity @s {} merge value {transformation:[0.000010277457673818188f,0.12038105996829136f,0.000003446609060140818f,0.962544327057895f,-0.00000308486607775481f,-0.06804637885466616f,0.000010684201314805761f,0.7173691736020413f,0.000003379343877913767f,-0.42822668147335013f,-7.288540671890626e-7f,-4.54588928221063f,0f,0f,0f,1f],start_interpolation:0}
execute if entity @s[tag=aj.rkss_cancel.locator_origin.rkss1] at @s on origin run tp @s ^0.8755 ^0.92456 ^-1.86236 ~78.05958 ~71.7514
execute if entity @s[tag=aj.rkss_cancel.locator_origin.rkss2] at @s on origin run tp @s ^1.17645 ^0.75445 ^-2.93293 ~78.05958 ~71.7514
execute if entity @s[tag=aj.rkss_cancel.locator_origin.rkss3] at @s on origin run tp @s ^1.47741 ^0.58433 ^-4.00349 ~78.05958 ~71.7514
execute if entity @s[tag=aj.rkss_cancel.locator_origin.rkss4] at @s on origin run tp @s ^1.77836 ^0.41422 ^-5.07406 ~78.05958 ~71.7514
execute if entity @s[tag=aj.rkss_cancel.locator_origin.rkss5] at @s on origin run tp @s ^2.15455 ^0.20157 ^-6.41227 ~78.05958 ~71.7514
execute if entity @s[tag=aj.rkss_cancel.bone.sword_body] run data modify entity @s {} merge value {transformation:[0.9245071824619929f,1.2182467967118602f,0.3100392073962176f,1.6757123062690256f,-0.27749867100723724f,-0.6886239670042285f,0.961095746428713f,0.47222243117407947f,0.3039883778941954f,-4.333620115231351f,-0.06556395963561179f,-4.7687755382265955f,0f,0f,0f,1f],start_interpolation:0}
execute if entity @s[tag=aj.rkss_cancel.bone.ringed_knight_straight_sword] run data modify entity @s {} merge value {transformation:[0.9135517932282833f,0.26751346659620284f,0.3063652497902949f,0.4180359169033358f,-0.2742103180226498f,-0.15121417523259137f,0.9497067835382899f,1.1907212907464984f,0.3003861224812237f,-0.9516148477185553f,-0.06478702819458333f,-0.24068121298631195f,0f,0f,0f,1f],start_interpolation:0}
execute if entity @s[tag=aj.rkss_cancel.bone.left_arm2] run data modify entity @s {} merge value {transformation:[-0.3063652497902947f,-0.49484276904043006f,-0.8131856907553953f,0.23303065986725902f,-0.94970678353829f,0.21703252982604115f,0.22572971957335175f,1.3487923021557655f,0.064787028194583f,0.8414437087088522f,-0.5364467597553423f,0.29512326823646595f,0f,0f,0f,1f],start_interpolation:0}
execute if entity @s[tag=aj.rkss_cancel.bone.left_arm] run data modify entity @s {} merge value {transformation:[-0.3063652497902947f,-0.49484276904043006f,-0.8131856907553953f,0.07102431138336465f,-0.94970678353829f,0.21703252982604115f,0.22572971957335175f,1.2843370866699895f,0.064787028194583f,0.8414437087088522f,-0.5364467597553423f,0.5135825739380019f,0f,0f,0f,1f],start_interpolation:0}
execute if entity @s[tag=aj.rkss_cancel.bone.head] run data modify entity @s {} merge value {transformation:[0.9044379132391873f,0.18082723517350052f,0.3863852638430347f,0.08609632916559805f,-0.14834205459215416f,0.9825075763461328f,-0.11257662839962065f,1.441709422837723f,-0.39998336957293923f,0.044501386966648966f,0.9154413856840435f,0.20808773832030786f,0f,0f,0f,1f],start_interpolation:0}
execute if entity @s[tag=aj.rkss_cancel.bone.body_top] run data modify entity @s {} merge value {transformation:[-0.034950071276663414f,0.18082723517350052f,0.9828936888276694f,0.014895605316032207f,0.05163799061752617f,0.9825075763461328f,-0.17892003897672334f,1.0548470646514332f,-0.9980541119812794f,0.044501386966648966f,-0.04367626489644172f,0.19056531720218983f,0f,0f,0f,1f],start_interpolation:0}
execute if entity @s[tag=aj.rkss_cancel.bone.body] run data modify entity @s {} merge value {transformation:[0.23896875743101864f,0.18082723517350052f,0.954041636403455f,-0.06421631007237427f,0f,0.9825075763461328f,-0.1862226152282475f,0.625f,-0.9710272565545598f,0.044501386966648966f,0.234788614685997f,0.1710959604042809f,0f,0f,0f,1f],start_interpolation:0}
execute if entity @s[tag=aj.rkss_cancel.bone.right_leg2] run data modify entity @s {} merge value {transformation:[0.6439624801524362f,-0.09432060851600133f,0.7592206181111615f,0.226487179764986f,0.09889317808415177f,0.9943079582075439f,0.03964623025662389f,0.47927763857711003f,-0.7586385591863488f,0.04955105502727686f,0.6496246835376133f,0.22639087991515844f,0f,0f,0f,1f],start_interpolation:0}
execute if entity @s[tag=aj.rkss_cancel.bone.right_leg] run data modify entity @s {} merge value {transformation:[0.6439624801524362f,-0.6346088933265961f,0.42729834620170926f,-0.0015753912742594717f,0.09889317808415177f,0.6228796143941286f,0.7760419610437554f,0.703125f,-0.7586385591863488f,-0.4574850144901078f,0.4638695916231697f,0.061982202832775946f,0f,0f,0f,1f],start_interpolation:0}
execute if entity @s[tag=aj.rkss_cancel.bone.left_leg2] run data modify entity @s {} merge value {transformation:[0.8008669890024247f,0.5444397999852338f,0.2493940057784643f,-0.23359586070305727f,-0.2476843213712727f,0.6803195648434933f,-0.6897954527524897f,0.3553925820006938f,-0.5452197198130697f,0.4906634221981484f,0.6796946838425023f,0.29825123440928225f,0f,0f,0f,1f],start_interpolation:0}
execute if entity @s[tag=aj.rkss_cancel.bone.left_leg] run data modify entity @s {} merge value {transformation:[0.8008669890024247f,0.23291497764457608f,0.5516907459030075f,-0.14989204061203776f,-0.2476843213712727f,0.967603250085026f,-0.04895331829147823f,0.703125f,-0.5452197198130697f,-0.09744005138402416f,0.8326108896196568f,0.2632337159431486f,0f,0f,0f,1f],start_interpolation:0}
execute if entity @s[tag=aj.rkss_cancel.locator_origin.player_camera] at @s on origin run tp @s ^-0.47824 ^0 ^-0.13403 ~126.38916 ~0
execute if entity @s[tag=aj.rkss_cancel.locator_origin.flame1] at @s on origin run tp @s ^0.0625 ^0.01562 ^-0.25001 ~0 ~0
execute if entity @s[tag=aj.rkss_cancel.locator_origin.flame2] at @s on origin run tp @s ^0.0625 ^0.01562 ^-0.24999 ~0 ~0
execute if entity @s[tag=aj.rkss_cancel.locator_origin.flame3] at @s on origin run tp @s ^0.06251 ^0.01562 ^-0.25 ~0 ~0
execute if entity @s[tag=aj.rkss_cancel.locator_origin.flame4] at @s on origin run tp @s ^0.06249 ^0.01562 ^-0.25 ~0 ~0