execute if entity @s[tag=aj.rkss_cancel.bone.black_knight_shield] run data modify entity @s {} merge value {transformation:[0.6147761272023076f,0.025086766025495227f,0.7883025863160122f,0.38404040678621365f,0.3790571223453214f,0.8670931551662553f,-0.3232107025813229f,1.1611444345781685f,-0.6916400880670641f,0.4975139339096046f,0.5235588545181653f,-0.2795619921237677f,0f,0f,0f,1f],start_interpolation:0}
execute if entity @s[tag=aj.rkss_cancel.bone.right_arm2] run data modify entity @s {} merge value {transformation:[0.6147761272023076f,0.025086766025495227f,0.7883025863160122f,0.23711134279301935f,0.3790571223453214f,0.8670931551662553f,-0.3232107025813229f,1.097144843273852f,-0.6916400880670641f,0.4975139339096046f,0.5235588545181653f,-0.09779907767927802f,0f,0f,0f,1f],start_interpolation:0}
execute if entity @s[tag=aj.rkss_cancel.bone.right_arm] run data modify entity @s {} merge value {transformation:[0.6147761272023076f,0.025086766025495227f,0.7883025863160122f,0.24338303429939315f,0.3790571223453214f,0.8670931551662553f,-0.3232107025813229f,1.3139181320654159f,-0.6916400880670641f,0.4975139339096046f,0.5235588545181653f,0.026579405798123124f,0f,0f,0f,1f],start_interpolation:0}
execute if entity @s[tag=aj.rkss_cancel.bone.flame_slash] run data modify entity @s {} merge value {transformation:[-0.7281167509197606f,6.991262915916216f,0.0000025576059092914624f,2.704864518263708f,1.0816556993853241f,-1.4956131189937074f,0.000010843162516729044f,0.3238192072368572f,-6.307259098502479f,-1.0635672308103608f,0.0000015642821511989824f,3.002300767391311f,0f,0f,0f,1f],start_interpolation:0}
execute if entity @s[tag=aj.rkss_cancel.locator_origin.rkss1] at @s on origin run tp @s ^2.33515 ^0.80085 ^0.27317 ~121.45078 ~74.54427
execute if entity @s[tag=aj.rkss_cancel.locator_origin.rkss2] at @s on origin run tp @s ^3.42329 ^0.56807 ^0.10764 ~121.45078 ~74.54427
execute if entity @s[tag=aj.rkss_cancel.locator_origin.rkss3] at @s on origin run tp @s ^4.51142 ^0.33529 ^-0.0579 ~121.45078 ~74.54427
execute if entity @s[tag=aj.rkss_cancel.locator_origin.rkss4] at @s on origin run tp @s ^5.59956 ^0.10251 ^-0.22343 ~121.45078 ~74.54427
execute if entity @s[tag=aj.rkss_cancel.locator_origin.rkss5] at @s on origin run tp @s ^6.95972 ^-0.18847 ^-0.43035 ~121.45078 ~74.54427
execute if entity @s[tag=aj.rkss_cancel.bone.sword_body] run data modify entity @s {} merge value {transformation:[0.11440634840146513f,4.404733213017355f,0.23006906066573435f,5.2823638464185745f,-0.16995664313173459f,-0.9422870886543857f,0.975395077797914f,0.17685881326803754f,0.9910367821782275f,-0.6700834973838702f,0.14071476916560055f,-0.192421136663406f,0f,0f,0f,1f],start_interpolation:0}
execute if entity @s[tag=aj.rkss_cancel.bone.ringed_knight_straight_sword] run data modify entity @s {} merge value {transformation:[0.11305063575658583f,0.9672304942037134f,0.22734274749257444f,0.6865042134048388f,-0.1679426607488131f,-0.2069157795408502f,0.9638366681536926f,1.1617300056452349f,0.9792930186903414f,-0.14714289401613295f,0.13904730232879842f,0.5215338324406855f,0f,0f,0f,1f],start_interpolation:0}
execute if entity @s[tag=aj.rkss_cancel.bone.left_arm2] run data modify entity @s {} merge value {transformation:[-0.22734274749257408f,-0.9635325719204583f,0.1411391441481596f,0.12988412989521844f,-0.9638366681536927f,0.2433320544122264f,0.10866640887557553f,1.3476570702596893f,-0.13904730232879836f,-0.11133056248790113f,-0.9840078015804609f,0.565180609583329f,0f,0f,0f,1f],start_interpolation:0}
execute if entity @s[tag=aj.rkss_cancel.bone.left_arm] run data modify entity @s {} merge value {transformation:[-0.22734274749257408f,-0.9635325719204583f,0.1411391441481596f,-0.13941685652146787f,-0.9638366681536927f,0.2433320544122264f,0.10866640887557553f,1.2880105003435343f,-0.13904730232879836f,-0.11133056248790113f,-0.9840078015804609f,0.519967056170254f,0f,0f,0f,1f],start_interpolation:0}
execute if entity @s[tag=aj.rkss_cancel.bone.head] run data modify entity @s {} merge value {transformation:[0.9640099414481305f,0.10484953552027462f,0.24431825083352793f,0.06817682033816624f,-0.06645228065352383f,0.984807753012208f,-0.16042999720436046f,1.443621444691398f,-0.2574275183136358f,0.13842060723833163f,0.9563319550797487f,0.29411220936137117f,0f,0f,0f,1f],start_interpolation:0}
execute if entity @s[tag=aj.rkss_cancel.bone.body_top] run data modify entity @s {} merge value {transformation:[0.6160689796115029f,0.10484953552027462f,0.7806827699274682f,0.0268923157270581f,0.044943455527547777f,0.984807753012208f,-0.16773125949652062f,1.055853391942841f,-0.7864089891180575f,0.13842060723833163f,0.6019972070749885f,0.2396090952612781f,0f,0f,0f,1f],start_interpolation:0}
execute if entity @s[tag=aj.rkss_cancel.bone.body] run data modify entity @s {} merge value {transformation:[0.7971325072229223f,0.10484953552027462f,0.5946312645914948f,-0.018979356063062044f,0f,0.984807753012208f,-0.17364817766693033f,0.625f,-0.6038044103254775f,0.13842060723833163f,0.7850222732911938f,0.17905007959450803f,0f,0f,0f,1f],start_interpolation:0}
execute if entity @s[tag=aj.rkss_cancel.bone.right_leg2] run data modify entity @s {} merge value {transformation:[0.9777822963202761f,-0.07303279756241987f,0.1964891637797211f,0.16804093324335578f,0.07734688367012392f,0.9969007950362963f,-0.014361909431572728f,0.45728190804931024f,-0.19483131316389513f,0.029240645276856936f,0.9804008078712629f,0.38767682114678187f,0f,0f,0f,1f],start_interpolation:0}
execute if entity @s[tag=aj.rkss_cancel.bone.right_leg] run data modify entity @s {} merge value {transformation:[0.9777822963202761f,-0.1942072502515088f,0.07890072846555542f,0.09824770268421981f,0.07734688367012392f,0.6840851254280064f,0.7252895978536223f,0.703125f,-0.19483131316389513f,-0.7030726030204112f,0.6839076504126382f,0.1350101044363216f,0f,0f,0f,1f],start_interpolation:0}
execute if entity @s[tag=aj.rkss_cancel.bone.left_leg2] run data modify entity @s {} merge value {transformation:[0.927245982705844f,0.3719794079359482f,0.04296751828410442f,-0.2287727129897763f,-0.21600420285017344f,0.625082786088979f,-0.7500757927611722f,0.35539258836611987f,-0.3058710053387449f,0.68622360102729f,0.6599546177474663f,0.1871082834856607f,0f,0f,0f,1f],start_interpolation:0}
execute if entity @s[tag=aj.rkss_cancel.bone.left_leg] run data modify entity @s {} merge value {transformation:[0.927245982705844f,0.24522355263293485f,0.28298462288604237f,-0.14064549876231536f,-0.21600420285017344f,0.9676032323725361f,-0.130714073661871f,0.703125f,-0.3058710053387449f,0.06007823180072913f,0.9501755280771881f,0.20869889803904773f,0f,0f,0f,1f],start_interpolation:0}
execute if entity @s[tag=aj.rkss_cancel.locator_origin.player_camera] at @s on origin run tp @s ^0.1446 ^0 ^0.70936 ~162.85714 ~0
execute if entity @s[tag=aj.rkss_cancel.locator_origin.flame1] at @s on origin run tp @s ^0.0625 ^0.01562 ^-0.25001 ~0 ~0
execute if entity @s[tag=aj.rkss_cancel.locator_origin.flame2] at @s on origin run tp @s ^0.0625 ^0.01562 ^-0.24999 ~0 ~0
execute if entity @s[tag=aj.rkss_cancel.locator_origin.flame3] at @s on origin run tp @s ^0.06251 ^0.01562 ^-0.25 ~0 ~0
execute if entity @s[tag=aj.rkss_cancel.locator_origin.flame4] at @s on origin run tp @s ^0.06249 ^0.01562 ^-0.25 ~0 ~0