execute if entity @s[tag=aj.rkss_cancel.bone.black_knight_shield] run data modify entity @s {} merge value {transformation:[0.46554083013719866f,0.12316982505943203f,0.8764136749674765f,0.2700169276456405f,0.3790571223453214f,0.8670931551662553f,-0.3232107025813229f,1.1603304873957339f,-0.7997421043526797f,0.4826786244061957f,0.35697886781557625f,-0.35674205035904083f,0f,0f,0f,1f],start_interpolation:0}
execute if entity @s[tag=aj.rkss_cancel.bone.right_arm2] run data modify entity @s {} merge value {transformation:[0.46554083013719866f,0.12316982505943203f,0.8764136749674765f,0.1620167219280309f,0.3790571223453214f,0.8670931551662553f,-0.3232107025813229f,1.0963308960914173f,-0.7997421043526797f,0.4826786244061957f,0.35697886781557625f,-0.14946961495523445f,0f,0f,0f,1f],start_interpolation:0}
execute if entity @s[tag=aj.rkss_cancel.bone.right_arm] run data modify entity @s {} merge value {transformation:[0.46554083013719866f,0.12316982505943203f,0.8764136749674765f,0.1928091781928889f,0.3790571223453214f,0.8670931551662553f,-0.3232107025813229f,1.3131041848829812f,-0.7997421043526797f,0.4826786244061957f,0.35697886781557625f,-0.028799958853685526f,0f,0f,0f,1f],start_interpolation:0}
execute if entity @s[tag=aj.rkss_cancel.bone.flame_slash] run data modify entity @s {} merge value {transformation:[-2.153828313647411f,5.829001338596319f,0.000003047378828727618f,3.75684371686713f,1.0630064829395356f,-1.400104298775495f,0.000010786426142487205f,0.17910464618843958f,-5.086419744039941f,-2.760878727360689f,9.638430094633326e-7f,1.5275463714729527f,0f,0f,0f,1f],start_interpolation:0}
execute if entity @s[tag=aj.rkss_cancel.locator_origin.rkss1] at @s on origin run tp @s ^2.21311 ^0.78482 ^-0.41397 ~107.55143 ~73.4947
execute if entity @s[tag=aj.rkss_cancel.locator_origin.rkss2] at @s on origin run tp @s ^3.20669 ^0.54616 ^-0.88458 ~107.55143 ~73.4947
execute if entity @s[tag=aj.rkss_cancel.locator_origin.rkss3] at @s on origin run tp @s ^4.20027 ^0.30751 ^-1.35518 ~107.55143 ~73.4947
execute if entity @s[tag=aj.rkss_cancel.locator_origin.rkss4] at @s on origin run tp @s ^5.19384 ^0.06886 ^-1.82578 ~107.55143 ~73.4947
execute if entity @s[tag=aj.rkss_cancel.locator_origin.rkss5] at @s on origin run tp @s ^6.43582 ^-0.22946 ^-2.41404 ~107.55143 ~73.4947
execute if entity @s[tag=aj.rkss_cancel.bone.sword_body] run data modify entity @s {} merge value {transformation:[0.38749461373695343f,4.021979460271961f,0.2741265110746626f,4.899433000557782f,-0.19124518138076796f,-0.9660644087739331f,0.9702913656583784f,0.1452709517805375f,0.9150962690628938f,-1.9049914194084718f,0.08670235512471712f,-1.7050258333370782f,0f,0f,0f,1f],start_interpolation:0}
execute if entity @s[tag=aj.rkss_cancel.bone.ringed_knight_straight_sword] run data modify entity @s {} merge value {transformation:[0.3829028113150952f,0.8831820209994421f,0.27087811810912155f,0.7071416042936179f,-0.18897893030036184f,-0.21213701496598403f,0.9587934348877515f,1.1546469577707477f,0.9042523989404335f,-0.4183149586910134f,0.08567493417451845f,0.296843707164699f,0f,0f,0f,1f],start_interpolation:0}
execute if entity @s[tag=aj.rkss_cancel.bone.left_arm2] run data modify entity @s {} merge value {transformation:[-0.27087811810912116f,-0.9521908633891789f,-0.14127138708115056f,0.18822888698382503f,-0.9587934348877516f,0.25381996775234966f,0.12763452975720624f,1.3444046877664158f,-0.08567493417451852f,0.170023479697268f,-0.9817086237809188f,0.49938117924925474f,0f,0f,0f,1f],start_interpolation:0}
execute if entity @s[tag=aj.rkss_cancel.bone.left_arm] run data modify entity @s {} merge value {transformation:[-0.27087811810912116f,-0.9521908633891789f,-0.14127138708115056f,-0.08367859362710986f,-0.9587934348877516f,0.25381996775234966f,0.12763452975720624f,1.2880105003435343f,-0.08567493417451852f,0.170023479697268f,-0.9817086237809188f,0.5311776824017569f,0f,0f,0f,1f],start_interpolation:0}
execute if entity @s[tag=aj.rkss_cancel.bone.head] run data modify entity @s {} merge value {transformation:[0.9487402405992722f,0.1301981395442659f,0.287993750499638f,0.07504675026395366f,-0.09008403090191056f,0.984807753012208f,-0.1484538884081836f,1.443621444691398f,-0.3029468983899645f,0.11490053988671108f,0.9460555177629076f,0.26866708889012403f,0f,0f,0f,1f],start_interpolation:0}
execute if entity @s[tag=aj.rkss_cancel.bone.body_top] run data modify entity @s {} merge value {transformation:[0.4480299562610409f,0.1301981395442659f,0.8844871976190172f,0.02378123281839896f,0.044943455527547777f,0.984807753012208f,-0.16773125949652062f,1.055853391942841f,-0.8928881475851125f,0.11490053988671108f,0.4353718202132163f,0.22342500130973153f,0f,0f,0f,1f],start_interpolation:0}
execute if entity @s[tag=aj.rkss_cancel.bone.body] run data modify entity @s {} merge value {transformation:[0.6616858375968596f,0.1301981395442659f,0.7383903417454448f,-0.03318045323221737f,0f,0.984807753012208f,-0.17364817766693033f,0.625f,-0.7497812029677343f,0.11490053988671108f,0.651633342923764f,0.17315601510929543f,0f,0f,0f,1f],start_interpolation:0}
execute if entity @s[tag=aj.rkss_cancel.bone.right_leg2] run data modify entity @s {} merge value {transformation:[0.9123775288511207f,-0.07922726945340791f,0.4016096171937122f,0.19792137818179725f,0.09223141624136359f,0.9956512242917896f,-0.013115083849231601f,0.45791564933182766f,-0.39882403476424944f,0.049006931562965095f,0.9157170468835599f,0.3361676387691196f,0f,0f,0f,1f],start_interpolation:0}
execute if entity @s[tag=aj.rkss_cancel.bone.right_leg] run data modify entity @s {} merge value {transformation:[0.9123775288511207f,-0.34962283642076325f,0.2129110544349992f,0.07227567134308546f,0.09223141624136359f,0.6823216714244795f,0.725210660816991f,0.703125f,-0.39882403476424944f,-0.6420288225287125f,0.6547811698092425f,0.10543853067286352f,0f,0f,0f,1f],start_interpolation:0}
execute if entity @s[tag=aj.rkss_cancel.bone.left_leg2] run data modify entity @s {} merge value {transformation:[0.9160799066049167f,0.39680025749048503f,0.05785464864824999f,-0.23836899495128644f,-0.23603258739192076f,0.6502134498510037f,-0.7221572455649335f,0.3555123422669895f,-0.32417005167628143f,0.6478981596580912f,0.6893052678660276f,0.22069213415755928f,0f,0f,0f,1f],start_interpolation:0}
execute if entity @s[tag=aj.rkss_cancel.bone.left_leg] run data modify entity @s {} merge value {transformation:[0.9160799066049167f,0.253465802996354f,0.31072928961741136f,-0.1472797219994717f,-0.23603258739192076f,0.9672700041266379f,-0.09315233118891482f,0.703125f,-0.32417005167628143f,0.011992740648720232f,0.9459228043386679f,0.2250020253281931f,0f,0f,0f,1f],start_interpolation:0}
execute if entity @s[tag=aj.rkss_cancel.locator_origin.player_camera] at @s on origin run tp @s ^-0.27663 ^0 ^-0.27389 ~151.42857 ~0
execute if entity @s[tag=aj.rkss_cancel.locator_origin.flame1] at @s on origin run tp @s ^0.0625 ^0.01562 ^-0.25001 ~0 ~0
execute if entity @s[tag=aj.rkss_cancel.locator_origin.flame2] at @s on origin run tp @s ^0.0625 ^0.01562 ^-0.24999 ~0 ~0
execute if entity @s[tag=aj.rkss_cancel.locator_origin.flame3] at @s on origin run tp @s ^0.06251 ^0.01562 ^-0.25 ~0 ~0
execute if entity @s[tag=aj.rkss_cancel.locator_origin.flame4] at @s on origin run tp @s ^0.06249 ^0.01562 ^-0.25 ~0 ~0