execute if entity @s[tag=aj.rkss_cancel.bone.black_knight_shield] run data modify entity @s {} merge value {transformation:[0.6210267776265f,-0.33390802264391745f,-0.7091058975109957f,0.4774979817381262f,0.34083516269112724f,0.9297449592067438f,-0.1393043527782353f,1.1222332740759933f,0.7058024747364937f,-0.1551764906281854f,0.691204111252358f,0.6754219442081001f,0f,0f,0f,1f],start_interpolation:0}
execute if entity @s[tag=aj.rkss_cancel.bone.right_arm2] run data modify entity @s {} merge value {transformation:[0.6210267776265f,-0.33390802264391745f,-0.7091058975109957f,0.31781178434366f,0.34083516269112724f,0.9297449592067438f,-0.1393043527782353f,1.0693808668250204f,0.7058024747364937f,-0.1551764906281854f,0.691204111252358f,0.5009834277908148f,0f,0f,0f,1f],start_interpolation:0}
execute if entity @s[tag=aj.rkss_cancel.bone.right_arm] run data modify entity @s {} merge value {transformation:[0.6210267776265f,-0.33390802264391745f,-0.7091058975109957f,0.2343347786826806f,0.34083516269112724f,0.9297449592067438f,-0.1393043527782353f,1.3018171066267064f,0.7058024747364937f,-0.1551764906281854f,0.691204111252358f,0.4621893051337685f,0f,0f,0f,1f],start_interpolation:0}
execute if entity @s[tag=aj.rkss_cancel.bone.flame_slash] run data modify entity @s {} merge value {transformation:[2.460476847068056f,-3.118353193817528f,-3.5682491175105434e-7f,-2.1981011941181814f,0.232114239234763f,0.8867457624738726f,0.000011132186556801465f,1.5560130146737996f,-1.0768909072406265f,-6.933673101066547f,0.0000015841712176790243f,-1.773737259717477f,0f,0f,0f,1f],start_interpolation:0}
execute if entity @s[tag=aj.rkss_cancel.locator_origin.rkss1] at @s on origin run tp @s ^-0.75422 ^1.56881 ^-1.56506 ~-167.30632 ~81.70076
execute if entity @s[tag=aj.rkss_cancel.locator_origin.rkss2] at @s on origin run tp @s ^-1.21255 ^1.69914 ^-2.58417 ~-167.30632 ~81.70076
execute if entity @s[tag=aj.rkss_cancel.locator_origin.rkss3] at @s on origin run tp @s ^-1.67088 ^1.82947 ^-3.60327 ~-167.30632 ~81.70076
execute if entity @s[tag=aj.rkss_cancel.locator_origin.rkss4] at @s on origin run tp @s ^-2.12922 ^1.95981 ^-4.62237 ~-167.30632 ~81.70076
execute if entity @s[tag=aj.rkss_cancel.locator_origin.rkss5] at @s on origin run tp @s ^-2.70213 ^2.12272 ^-5.89625 ~-167.30632 ~81.70076
execute if entity @s[tag=aj.rkss_cancel.bone.sword_body] run data modify entity @s {} merge value {transformation:[0.9236413318545337f,-1.8553122726156774f,-0.032098132073616205f,-2.3563752589763327f,0.08713364050739567f,0.5275830521922564f,1.0013941925042524f,2.021977655689681f,-0.40425535928575124f,-4.1252956285447375f,0.14250388719428436f,-5.082985501563453f,0f,0f,0f,1f],start_interpolation:0}
execute if entity @s[tag=aj.rkss_cancel.bone.ringed_knight_straight_sword] run data modify entity @s {} merge value {transformation:[0.9126962029309685f,-0.4074059697965199f,-0.03171776993342705f,-0.4066816881868555f,0.08610110883515212f,0.11585137887519298f,0.989527693937908f,1.4760867289456168f,-0.39946494240765346f,-0.9058691041132128f,0.1408152193492466f,-0.7815523908468915f,0f,0f,0f,1f],start_interpolation:0}
execute if entity @s[tag=aj.rkss_cancel.bone.left_arm2] run data modify entity @s {} merge value {transformation:[0.03171776993342698f,0.15233627630630509f,-0.9878196404159918f,-0.2194340955159017f,-0.9895276939379077f,-0.1344541352570621f,-0.052507413211869f,1.462042485075125f,-0.14081521934924696f,0.9791403088594633f,0.14647637886778453f,-0.2236226821245732f,0f,0f,0f,1f],start_interpolation:0}
execute if entity @s[tag=aj.rkss_cancel.bone.left_arm] run data modify entity @s {} merge value {transformation:[0.03171776993342698f,0.15233627630630509f,-0.9878196404159918f,-0.17738530519764706f,-0.9895276939379077f,-0.1344541352570621f,-0.052507413211869f,1.304737989518621f,-0.14081521934924696f,0.9791403088594633f,0.14647637886778453f,0.0035604926716367724f,0f,0f,0f,1f],start_interpolation:0}
execute if entity @s[tag=aj.rkss_cancel.bone.head] run data modify entity @s {} merge value {transformation:[0.9544698587581047f,0.0143839091742267f,-0.2979603864260333f,0.023621733400967473f,-0.009907138194135828f,0.9998142928262727f,0.016529624106510536f,1.45732170466313f,0.2981428136566197f,-0.01282509326156485f,0.9544351102341879f,0.231214923304184f,0f,0f,0f,1f],start_interpolation:0}
execute if entity @s[tag=aj.rkss_cancel.bone.body_top] run data modify entity @s {} merge value {transformation:[0.6545868324575558f,0.0143839091742267f,-0.7558499731626981f,0.01795806916361571f,0.0002801353411187961f,0.9998142928262727f,0.0192691822475915f,1.063644826862785f,0.7559867725677313f,-0.01282509326156485f,0.6544612415456379f,0.23626480377592515f,0f,0f,0f,1f],start_interpolation:0}
execute if entity @s[tag=aj.rkss_cancel.bone.body] run data modify entity @s {} merge value {transformation:[0.6677862225084062f,0.011850376472719262f,-0.7442587786552526f,0.012773529456801033f,-4.336808689942018e-19f,0.9998732628899712f,0.015920369272178735f,0.6262002743484225f,0.7443531158179924f,-0.01063140325720714f,0.6677015892124485f,0.24091604270095326f,0f,0f,0f,1f],start_interpolation:0}
execute if entity @s[tag=aj.rkss_cancel.locator_origin.player_camera] at @s on origin run tp @s ^-0.2964 ^-0.1863 ^0.76057 ~-149.24897 ~0
execute if entity @s[tag=aj.rkss_cancel.bone.right_leg2] run data modify entity @s {} merge value {transformation:[0.7805023313446644f,-0.5621453997268895f,-0.2735117188192113f,0.2696363665580672f,0.2760990706684144f,0.7024968479219762f,-0.655947773710473f,0.3743983871131505f,0.5608791437926549f,0.43645243523846156f,0.7035082500104991f,0.2562796944018757f,0f,0f,0f,1f],start_interpolation:0}
execute if entity @s[tag=aj.rkss_cancel.bone.right_leg] run data modify entity @s {} merge value {transformation:[0.7805023313446644f,-0.3869011575168968f,-0.4910433841094177f,0.13059376307543244f,0.2760990706684144f,0.9180574253503222f,-0.284499326774556f,0.7043252743484225f,0.5608791437926549f,0.086475765803045f,0.8233690108251557f,0.287356922737345f,0f,0f,0f,1f],start_interpolation:0}
execute if entity @s[tag=aj.rkss_cancel.bone.left_leg2] run data modify entity @s {} merge value {transformation:[0.695359701691034f,0.07961379844626443f,-0.7142384254302718f,-0.26180141869867196f,-0.08411626487348048f,0.996030031183716f,0.029131271237283374f,0.4250208866687969f,0.7137221723106904f,0.03982235649887245f,0.6992959607169098f,0.29959018113032015f,0f,0f,0f,1f],start_interpolation:0}
execute if entity @s[tag=aj.rkss_cancel.bone.left_leg] run data modify entity @s {} merge value {transformation:[0.695359701691034f,0.4940406932479984f,-0.5219182681983775f,-0.08425554456267254f,-0.08411626487348048f,0.7771948178911321f,0.6236125953081003f,0.7043252743484225f,0.7137221723106904f,-0.3897332529541291f,0.5819868145361216f,0.15952979334993f,0f,0f,0f,1f],start_interpolation:0}
execute if entity @s[tag=aj.rkss_cancel.locator_origin.flame1] at @s on origin run tp @s ^0.06251 ^0.62704 ^1.06251 ~0 ~0
execute if entity @s[tag=aj.rkss_cancel.locator_origin.flame2] at @s on origin run tp @s ^0.06249 ^0.62704 ^1.06251 ~0 ~0
execute if entity @s[tag=aj.rkss_cancel.locator_origin.flame3] at @s on origin run tp @s ^0.06251 ^0.62704 ^1.06249 ~0 ~0
execute if entity @s[tag=aj.rkss_cancel.locator_origin.flame4] at @s on origin run tp @s ^0.06249 ^0.62704 ^1.06249 ~0 ~0
execute if entity @s[tag=aj.rkss_cancel.bone.flame_blast] run data modify entity @s {} merge value {transformation:[-0.00003416666666666667f,0f,4.184209897086791e-21f,0.06249999999999987f,0f,0.00003416666666666667f,0f,0.6270380434782609f,-4.184209897086791e-21f,0f,-0.00003416666666666667f,1.0625f,0f,0f,0f,1f],start_interpolation:0}
execute if entity @s[tag=aj.rkss_cancel.locator_origin.commands] at @s on origin run tp @s ^0 ^0 ^0 ~0 ~0