execute if entity @s[tag=aj.nep_phase3_transition.bone.right_arm2] run data modify entity @s {} merge value {transformation:[0.9396926207859084f,-0.34202014332566866f,0f,0.46039105633850486f,0.34202014332566866f,0.9396926207859084f,0f,4.964387922169803f,0f,0f,1f,0.021197500000000008f,0f,0f,0f,1f],start_interpolation:0}
execute if entity @s[tag=aj.nep_phase3_transition.bone.right_arm] run data modify entity @s {} merge value {transformation:[0.9396926207859084f,-0.34202014332566866f,0f,0.444306875f,0.34202014332566866f,0.9396926207859084f,0f,5.210109375f,0f,0f,1f,0.00390625f,0f,0f,0f,1f],start_interpolation:0}
execute if entity @s[tag=aj.nep_phase3_transition.locator_origin.cheat_engine] at @s on origin run tp @s ^0.08868 ^5.05333 ^1.49229 ~116.55717 ~10.61728
execute if entity @s[tag=aj.nep_phase3_transition.bone.cheat_engine] run data modify entity @s {} merge value {transformation:[-0.11359930771167476f,-0.11403706985932843f,0.29698908945319824f,0.08292727699595293f,0.3017532047382833f,-0.13850270004849063f,0.0622397041956851f,5.0686980115434634f,0.10075701457723314f,0.28622425481794755f,0.1484435085691077f,1.495093161418215f,0f,0f,0f,1f],start_interpolation:0}
execute if entity @s[tag=aj.nep_phase3_transition.bone.left_arm2] run data modify entity @s {} merge value {transformation:[0.9396926207859084f,0.34202014332566866f,0f,-0.5117226792435172f,-0.34202014332566866f,0.9396926207859084f,0f,4.917698985436325f,0f,0f,1f,0.00390625f,0f,0f,0f,1f],start_interpolation:0}
execute if entity @s[tag=aj.nep_phase3_transition.bone.left_arm] run data modify entity @s {} merge value {transformation:[0.9396926207859084f,0.34202014332566866f,0f,-0.396658125f,-0.34202014332566866f,0.9396926207859084f,0f,5.23383625f,0f,0f,1f,0.00390625f,0f,0f,0f,1f],start_interpolation:0}
execute if entity @s[tag=aj.nep_phase3_transition.bone.head] run data modify entity @s {} merge value {transformation:[0.9998469425028021f,-0.00013608941672869175f,0.01749494348287568f,0.041015624999999986f,0.003936002108301485f,0.9760853039652182f,-0.21735221938257518f,5.31275f,-0.01704697789057656f,0.2173878121302993f,0.9759364424397727f,0.00390625f,0f,0f,0f,1f],start_interpolation:0}
execute if entity @s[tag=aj.nep_phase3_transition.bone.body_top] run data modify entity @s {} merge value {transformation:[1f,0f,0f,0.041015624999999986f,0f,1f,0f,4.9190000000000005f,0f,0f,1f,0.00390625f,0f,0f,0f,1f],start_interpolation:0}
execute if entity @s[tag=aj.nep_phase3_transition.bone.body] run data modify entity @s {} merge value {transformation:[1f,0f,0f,0.041015624999999986f,0f,1f,0f,4.4815000000000005f,0f,0f,1f,0.00390625f,0f,0f,0f,1f],start_interpolation:0}
execute if entity @s[tag=aj.nep_phase3_transition.bone.right_leg2] run data modify entity @s {} merge value {transformation:[0.9876883405951378f,-0.15643446504023087f,0f,0.237666891195632f,0.15643446504023087f,0.9876883405951378f,0f,4.222743791114876f,0f,0f,1f,0.00390625f,0f,0f,0f,1f],start_interpolation:0}
execute if entity @s[tag=aj.nep_phase3_transition.bone.right_leg] run data modify entity @s {} merge value {transformation:[0.9876883405951378f,-0.15643446504023087f,0f,0.166015625f,0.15643446504023087f,0.9876883405951378f,0f,4.5752500000000005f,0f,0f,1f,0.00390625f,0f,0f,0f,1f],start_interpolation:0}
execute if entity @s[tag=aj.nep_phase3_transition.bone.left_leg2] run data modify entity @s {} merge value {transformation:[0.9876883405951378f,0.15643446504023087f,0f,-0.155635641195632f,-0.15643446504023087f,0.9876883405951378f,0f,4.222743791114876f,0f,0f,1f,0.00390625f,0f,0f,0f,1f],start_interpolation:0}
execute if entity @s[tag=aj.nep_phase3_transition.bone.left_leg] run data modify entity @s {} merge value {transformation:[0.9876883405951378f,0.15643446504023087f,0f,-0.08398437500000001f,-0.15643446504023087f,0.9876883405951378f,0f,4.5752500000000005f,0f,0f,1f,0.00390625f,0f,0f,0f,1f],start_interpolation:0}
execute if entity @s[tag=aj.nep_phase3_transition.locator_origin.nep_ride] at @s on origin run tp @s ^0 ^6.58306 ^-3.06445 ~-180 ~0
execute if entity @s[tag=aj.nep_phase3_transition.bone.sword_body] run data modify entity @s {} merge value {transformation:[-0.37148261842915586f,-0.9413440608695411f,8.78457878917049e-17f,1.3286884955045681f,-0.9413440608695411f,0.37148261842915586f,-9.144641191625708e-17f,5.304336421784697f,5.281597981000225e-17f,-1.152813991040255e-16f,-1.0119920833333333f,-0.8847218749999999f,0f,0f,0f,1f],start_interpolation:0}
execute if entity @s[tag=aj.nep_phase3_transition.bone.ringed_knight_straight_sword] run data modify entity @s {} merge value {transformation:[-0.36708055779009063f,-0.930189155006935f,8.680481728903995e-17f,2.141198399459108f,-0.930189155006935f,0.36708055779009063f,-9.036277400021534e-17f,4.9684252126809145f,5.2190111642015234e-17f,-1.1391531712808244e-16f,-1f,-0.8884149999999997f,0f,0f,0f,1f],start_interpolation:0}
execute if entity @s[tag=aj.nep_phase3_transition.bone.splitleaf_greatsword] run data modify entity @s {} merge value {transformation:[-2.541163392538486e-8f,0.6729833075782942f,1.705345882462584f,-1.9559041641935486f,1.0028232568603849e-8f,1.7053458824625845f,-0.6729833075782943f,6.867873753856737f,-1.833333333333333f,-1.9353758573437014e-17f,-2.731879551675029e-8f,-0.8791600057180587f,0f,0f,0f,1f],start_interpolation:0}
execute if entity @s[tag=aj.nep_phase3_transition.bone.repeating_crossbow] run data modify entity @s {} merge value {transformation:[-0.3981779076364752f,3.935687073544627e-8f,0.917308210946701f,-1.409948222051143f,0.9173082109467018f,1.5079573785022207e-8f,0.3981779076364748f,5.133873512731773f,1.8384196454928476e-9f,0.9999999999999991f,-4.210673387607395e-8f,-0.8200889075247682f,0f,0f,0f,1f],start_interpolation:0}
execute if entity @s[tag=aj.nep_phase3_transition.bone.dragonslayer_greatbow] run data modify entity @s {} merge value {transformation:[2.3675328763762952e-8f,0.3981779076364774f,0.9173082109467005f,0.7917560258068476f,1.0276799886915345e-8f,-0.9173082109467008f,0.3981779076364773f,4.037620270974726f,0.9999999999999997f,4.8762730007820056e-17f,-2.5809568148033095e-8f,-0.8998446184766437f,0f,0f,0f,1f],start_interpolation:0}
execute if entity @s[tag=aj.nep_phase3_transition.bone.pontiff_knight_curved_sword] run data modify entity @s {} merge value {transformation:[-9.283451214648026e-9f,-0.7822203444267068f,0.623001872200208f,0.34768918612156363f,-1.165599144594307e-8f,0.623001872200208f,0.7822203444267067f,7.789470188921279f,-0.9999999999999999f,-9.579436410301067e-17f,-1.4901161117551931e-8f,-0.8581363605319259f,0f,0f,0f,1f],start_interpolation:0}
execute if entity @s[tag=aj.nep_phase3_transition.bone.murky] run data modify entity @s {} merge value {transformation:[-8.514735167304554e-10f,0.9996734324045027f,0.025554423190529307f,-0.8982108498347875f,3.330912841068902e-8f,0.02555442319052914f,-0.9996734324045019f,7.9210962094081445f,-0.9999999999999996f,6.691353568742438e-17f,-3.3320009526140096e-8f,-0.8581363369823191f,0f,0f,0f,1f],start_interpolation:0}
execute if entity @s[tag=aj.nep_phase3_transition.bone.black_knight_shield] run data modify entity @s {} merge value {transformation:[-2.0553599803128465e-8f,0.9173082120137933f,-0.3981779051781475f,1.4803842543564323f,4.7350658115472754e-8f,0.39817790517814805f,0.9173082120137921f,6.374872103671834f,0.9999999999999989f,1.6784900779868518e-16f,-5.1619136680526934e-8f,-0.8507672895038805f,0f,0f,0f,1f],start_interpolation:0}
execute if entity @s[tag=aj.nep_phase3_transition.bone.drakeblood_greatsword] run data modify entity @s {} merge value {transformation:[-2.6835640705677238e-8f,-0.9151686530718647f,0.9004546778445759f,-0.9516616789017186f,-2.7274151431772992e-8f,0.9004546778445763f,0.9151686530718643f,3.95613733419113f,-1.2838817275814578f,-7.644095979503391e-17f,-3.826265732785895e-8f,-0.8581363526293908f,0f,0f,0f,1f],start_interpolation:0}