execute if entity @s[tag=aj.nep_phase3_transition.bone.right_arm2] run data modify entity @s {} merge value {transformation:[0.9762960071199334f,-0.21643961393810288f,0f,0.4281803683527606f,0.21643961393810288f,0.9762960071199334f,0f,4.987712473660852f,0f,0f,1f,0.021197500000000008f,0f,0f,0f,1f],start_interpolation:0}
execute if entity @s[tag=aj.nep_phase3_transition.bone.right_arm] run data modify entity @s {} merge value {transformation:[0.9762960071199334f,-0.21643961393810288f,0f,0.444306875f,0.21643961393810288f,0.9762960071199334f,0f,5.23343115234375f,0f,0f,1f,0.00390625f,0f,0f,0f,1f],start_interpolation:0}
execute if entity @s[tag=aj.nep_phase3_transition.locator_origin.cheat_engine] at @s on origin run tp @s ^-0.55875 ^4.71768 ^0.31017 ~30.42911 ~54.95477
execute if entity @s[tag=aj.nep_phase3_transition.bone.cheat_engine] run data modify entity @s {} merge value {transformation:[-0.000009315738685467542f,0.000002181498036588113f,0.0000029082776793912972f,-0.5587515328154354f,0.0000036029401807618836f,0.000004471244040034969f,0.000008186989604751144f,4.717684234462816f,4.85628250758684e-7f,0.000008674620628639269f,-0.000004951274800619638f,0.31016530981316465f,0f,0f,0f,1f],start_interpolation:0}
execute if entity @s[tag=aj.nep_phase3_transition.bone.left_arm2] run data modify entity @s {} merge value {transformation:[0.968823751382289f,0.23703721465826158f,0.07206870072786001f,-0.4781359679376958f,-0.24760076014423485f,0.9162383003580119f,0.31496228430251566f,4.923881298470223f,0.008625678729567168f,-0.32298720690472377f,0.9463640218448393f,0.11496600727727051f,0f,0f,0f,1f],start_interpolation:0}
execute if entity @s[tag=aj.nep_phase3_transition.bone.left_arm] run data modify entity @s {} merge value {transformation:[0.968823751382289f,0.24218634228956817f,0.05221412036938618f,-0.396658125f,-0.24760076014423485f,0.9391517466371824f,0.2380921257923635f,5.239836598772321f,0.008625678729567168f,-0.24359756237846403f,0.969838040741713f,0.03301339285714279f,0f,0f,0f,1f],start_interpolation:0}
execute if entity @s[tag=aj.nep_phase3_transition.bone.head] run data modify entity @s {} merge value {transformation:[0.9992777038367613f,0.0000825276043743212f,-0.0380008395160503f,0.041015624999999986f,-0.00854616470100274f,0.9748690904298125f,-0.22261450894641482f,5.33607177734375f,0.03702747201245892f,0.2227784767740021f,0.9741656515206344f,0.00390625f,0f,0f,0f,1f],start_interpolation:0}
execute if entity @s[tag=aj.nep_phase3_transition.bone.body_top] run data modify entity @s {} merge value {transformation:[1f,0f,0f,0.041015624999999986f,0f,1f,0f,4.94232177734375f,0f,0f,1f,0.00390625f,0f,0f,0f,1f],start_interpolation:0}
execute if entity @s[tag=aj.nep_phase3_transition.bone.body] run data modify entity @s {} merge value {transformation:[1f,0f,0f,0.041015624999999986f,0f,1f,0f,4.50482177734375f,0f,0f,1f,0.00390625f,0f,0f,0f,1f],start_interpolation:0}
execute if entity @s[tag=aj.nep_phase3_transition.bone.right_leg2] run data modify entity @s {} merge value {transformation:[0.9876883405951378f,-0.15643446504023087f,0f,0.237666891195632f,0.15643446504023087f,0.9876883405951378f,0f,4.246065568458626f,0f,0f,1f,0.00390625f,0f,0f,0f,1f],start_interpolation:0}
execute if entity @s[tag=aj.nep_phase3_transition.bone.right_leg] run data modify entity @s {} merge value {transformation:[0.9876883405951378f,-0.15643446504023087f,0f,0.166015625f,0.15643446504023087f,0.9876883405951378f,0f,4.59857177734375f,0f,0f,1f,0.00390625f,0f,0f,0f,1f],start_interpolation:0}
execute if entity @s[tag=aj.nep_phase3_transition.bone.left_leg2] run data modify entity @s {} merge value {transformation:[0.9876883405951378f,0.15643446504023087f,0f,-0.155635641195632f,-0.15643446504023087f,0.9876883405951378f,0f,4.246065568458626f,0f,0f,1f,0.00390625f,0f,0f,0f,1f],start_interpolation:0}
execute if entity @s[tag=aj.nep_phase3_transition.bone.left_leg] run data modify entity @s {} merge value {transformation:[0.9876883405951378f,0.15643446504023087f,0f,-0.08398437500000001f,-0.15643446504023087f,0.9876883405951378f,0f,4.59857177734375f,0f,0f,1f,0.00390625f,0f,0f,0f,1f],start_interpolation:0}
execute if entity @s[tag=aj.nep_phase3_transition.locator_origin.nep_ride] at @s on origin run tp @s ^0 ^6.60638 ^-3.06445 ~-180 ~0
execute if entity @s[tag=aj.nep_phase3_transition.bone.sword_body] run data modify entity @s {} merge value {transformation:[0.37833113299854093f,0.9386125561345217f,1.6068608085556932e-16f,-1.4722122605663968f,0.9386125561345217f,-0.37833113299854093f,9.11810612144966e-17f,6.267831379638578f,1.4464168087426206e-16f,1.1494688625096576e-16f,-1.0119920833333333f,-0.8847218750000001f,0f,0f,0f,1f],start_interpolation:0}
execute if entity @s[tag=aj.nep_phase3_transition.bone.ringed_knight_straight_sword] run data modify entity @s {} merge value {transformation:[0.37384791761649083f,0.9274900185413391f,1.5878195442626006e-16f,-2.28225324271994f,0.9274900185413391f,-0.37384791761649083f,9.010056769827821e-17f,6.609653397152816f,1.4292768022239509e-16f,1.1358476824477703e-16f,-1f,-0.8884150000000002f,0f,0f,0f,1f],start_interpolation:0}
execute if entity @s[tag=aj.nep_phase3_transition.bone.splitleaf_greatsword] run data modify entity @s {} merge value {transformation:[2.5337896970812818e-8f,-0.6853901272963877f,-1.7003974489853104f,1.8009017185415832f,-1.0213108591054801e-8f,-1.7003974489853109f,0.6853901272963879f,4.680404906162208f,-1.833333333333333f,-1.857065264800445e-16f,-2.7318795933833554e-8f,-0.8791600057180583f,0f,0f,0f,1f],start_interpolation:0}
execute if entity @s[tag=aj.nep_phase3_transition.bone.repeating_crossbow] run data modify entity @s {} merge value {transformation:[0.39148408391432743f,-3.9465692031194455e-8f,-0.9201848792725071f,1.2675937160706918f,-0.9201848792725079f,-1.4792430207015675e-8f,-0.39148408391432704f,6.418336809742593f,1.8384197421985506e-9f,0.9999999999999991f,-4.210673410110195e-8f,-0.8200889075247677f,0f,0f,0f,1f],start_interpolation:0}
execute if entity @s[tag=aj.nep_phase3_transition.bone.dragonslayer_greatbow] run data modify entity @s {} merge value {transformation:[-2.3749574576209648e-8f,-0.39148408391432965f,-0.9201848792725066f,-0.9260650958974977f,-1.0104035186635682e-8f,0.9201848792725069f,-0.39148408391432954f,7.530601967775096f,0.9999999999999997f,-4.7942973028281965e-17f,-2.58095683730611e-8f,-0.8998446184766439f,0f,0f,0f,1f],start_interpolation:0}
execute if entity @s[tag=aj.nep_phase3_transition.bone.pontiff_knight_curved_sword] run data modify entity @s {} merge value {transformation:[9.368127416240329e-9f,0.7776605628587473f,-0.628684379457782f,-0.5093449899364426f,1.1588045405677932e-8f,-0.628684379457782f,-0.7776605628587472f,3.7756162796277435f,-0.9999999999999999f,9.52359519128094e-17f,-1.490116127083929e-8f,-0.8581363605319259f,0f,0f,0f,1f],start_interpolation:0}
execute if entity @s[tag=aj.nep_phase3_transition.bone.murky] run data modify entity @s {} merge value {transformation:[6.08770004972639e-10f,-0.9998330823296533f,-0.01827039898812005f,0.7355629872582234f,-3.331444794782236e-8f,-0.018270398988119885f,0.9998330823296526f,3.6349164673239214f,-0.9999999999999996f,-1.7795538962692202e-16f,-3.332000953150709e-8f,-0.8581363369823188f,0f,0f,0f,1f],start_interpolation:0}
execute if entity @s[tag=aj.nep_phase3_transition.bone.black_knight_shield] run data modify entity @s {} merge value {transformation:[2.0208070155143124e-8f,-0.9201848803216603f,0.39148408144829044f,-1.6317036220590397f,-4.7499149249819535e-8f,-0.391484081448291f,-0.9201848803216591f,5.198429324723579f,0.9999999999999989f,-5.717899559971332e-17f,-5.1619136583821235e-8f,-0.8507672895038809f,0f,0f,0f,1f],start_interpolation:0}
execute if entity @s[tag=aj.nep_phase3_transition.bone.drakeblood_greatsword] run data modify entity @s {} merge value {transformation:[2.7033640742157546e-8f,0.9085838979814226f,-0.9070984460059636f,0.8178999986177891f,2.7077910435836757e-8f,-0.9070984460059637f,-0.9085838979814223f,7.599380679528452f,-1.2838817275814578f,1.4690431261338891e-16f,-3.826265754922037e-8f,-0.8581363526293906f,0f,0f,0f,1f],start_interpolation:0}