execute if entity @s[tag=aj.rkss_cancel.bone.black_knight_shield] run data modify entity @s {} merge value {transformation:[0.8884521494412339f,-0.4082266688216031f,-0.2097707439469782f,0.5846782386233662f,0.3898163052057434f,0.9124215347435695f,-0.12462018749757957f,1.150835883647586f,0.24227262814646267f,0.028947017100323075f,0.9697762854658798f,-0.1893482340399233f,0f,0f,0f,1f],start_interpolation:0}
execute if entity @s[tag=aj.rkss_cancel.bone.right_arm2] run data modify entity @s {} merge value {transformation:[0.8884521494412339f,-0.4082266688216031f,-0.2097707439469782f,0.3584187694197053f,0.3898163052057434f,0.9124215347435695f,-0.12462018749757957f,1.0856721863095493f,0.24227262814646267f,0.028947017100323075f,0.9697762854658798f,-0.24663871968374532f,0f,0f,0f,1f],start_interpolation:0}
execute if entity @s[tag=aj.rkss_cancel.bone.right_arm] run data modify entity @s {} merge value {transformation:[0.8884521494412339f,-0.4082266688216031f,-0.2097707439469782f,0.2563621022143045f,0.3898163052057434f,0.9124215347435695f,-0.12462018749757957f,1.3137775699954417f,0.24227262814646267f,0.028947017100323075f,0.9697762854658798f,-0.23940196540866454f,0f,0f,0f,1f],start_interpolation:0}
execute if entity @s[tag=aj.rkss_cancel.bone.flame_slash] run data modify entity @s {} merge value {transformation:[0.00000835648162500847f,-0.0000030464915690194345f,-0.000006888439879304261f,-1.0285785031813601f,-0.0000058968834251852035f,0.000003754827585658047f,-0.000008814223486601496f,2.081747380566362f,0.00000468598769958606f,0.000010157886538147338f,0.0000011922081854497103f,1.0411016810513714f,0f,0f,0f,1f],start_interpolation:0}
execute if entity @s[tag=aj.rkss_cancel.locator_origin.rkss1] at @s on origin run tp @s ^-0.51147 ^1.67733 ^1.00361 ~-99.81912 ~-51.58092
execute if entity @s[tag=aj.rkss_cancel.locator_origin.rkss2] at @s on origin run tp @s ^-0.57917 ^1.76077 ^1.22934 ~-99.81912 ~-51.58092
execute if entity @s[tag=aj.rkss_cancel.locator_origin.rkss3] at @s on origin run tp @s ^-0.64687 ^1.84421 ^1.45507 ~-99.81912 ~-51.58092
execute if entity @s[tag=aj.rkss_cancel.locator_origin.rkss4] at @s on origin run tp @s ^-0.71457 ^1.92765 ^1.6808 ~-99.81912 ~-51.58092
execute if entity @s[tag=aj.rkss_cancel.locator_origin.rkss5] at @s on origin run tp @s ^-0.79919 ^2.03195 ^1.96297 ~-99.81912 ~-51.58092
execute if entity @s[tag=aj.rkss_cancel.bone.sword_body] run data modify entity @s {} merge value {transformation:[0.751706066580359f,-0.27404669775905893f,-0.6196485888332031f,-0.7106196001495418f,-0.5304532749001757f,0.33776495919711613f,-0.7928821679263506f,1.9098148747170918f,0.42152732929586395f,0.913751178666964f,0.1072449106986938f,1.6081627780210397f,0f,0f,0f,1f],start_interpolation:0}
execute if entity @s[tag=aj.rkss_cancel.bone.ringed_knight_straight_sword] run data modify entity @s {} merge value {transformation:[0.7427983666674194f,-0.27079925057950527f,-0.6123057670492676f,-0.4642718373972856f,-0.5241674155720181f,0.33376245205849303f,-0.7834865321423551f,1.6060671962936794f,0.4165322399632052f,0.9029232478353189f,0.10597406092886312f,0.8207159853820751f,0f,0f,0f,1f],start_interpolation:0}
execute if entity @s[tag=aj.rkss_cancel.bone.left_arm2] run data modify entity @s {} merge value {transformation:[0.6123057670492675f,0.2707992505795053f,-0.7427983666674195f,-0.37858577336838267f,0.7834865321423552f,-0.3337624520584929f,0.5241674155720178f,1.4008517178672635f,-0.1059740609288631f,-0.9029232478353189f,-0.4165322399632052f,0.35278315409344263f,0f,0f,0f,1f],start_interpolation:0}
execute if entity @s[tag=aj.rkss_cancel.bone.left_arm] run data modify entity @s {} merge value {transformation:[0.6123057670492675f,0.2707992505795053f,-0.7427983666674195f,-0.2343477398423479f,0.7834865321423552f,-0.3337624520584929f,0.5241674155720178f,1.4153469213704346f,-0.1059740609288631f,-0.9029232478353189f,-0.4165322399632052f,0.11380558451850502f,0f,0f,0f,1f],start_interpolation:0}
execute if entity @s[tag=aj.rkss_cancel.bone.head] run data modify entity @s {} merge value {transformation:[0.9880587826713569f,0.023424552892707458f,-0.15228634970926563f,0.003299829788650899f,-0.028961233783393034f,0.9989938990149498f,-0.034240862557065384f,1.4561646506603123f,0.1513310573667534f,0.038242385551700855f,0.9877430997094212f,-0.054995571716634654f,0f,0f,0f,1f],start_interpolation:0}
execute if entity @s[tag=aj.rkss_cancel.bone.body_top] run data modify entity @s {} merge value {transformation:[0.8136543110072456f,0.008380520098161013f,0.5812885936109607f,0f,0.0042616321676362465f,0.9997832397722218f,-0.020379204150990673f,1.0625f,-0.5813333816929768f,0.01905886548156282f,0.8134422284194271f,-0.06250000000000001f,0f,0f,0f,1f],start_interpolation:0}
execute if entity @s[tag=aj.rkss_cancel.bone.body] run data modify entity @s {} merge value {transformation:[0.7372773368101242f,0f,0.6755902076156601f,0f,0f,1f,0f,0.625f,-0.6755902076156601f,0f,0.7372773368101242f,-0.06250000000000001f,0f,0f,0f,1f],start_interpolation:0}
execute if entity @s[tag=aj.rkss_cancel.bone.right_leg2] run data modify entity @s {} merge value {transformation:[0.9308787192499934f,-0.1960674612447661f,0.30825697184090434f,0.20931860579606887f,0.25144314972089765f,0.9559796686203125f,-0.15125877046648187f,0.3554137451289462f,-0.2650304746740008f,0.2183126744502704f,0.9392009495674736f,-0.09622901684906077f,0f,0f,0f,1f],start_interpolation:0}
execute if entity @s[tag=aj.rkss_cancel.bone.right_leg] run data modify entity @s {} merge value {transformation:[0.9308787192499934f,-0.23462568569340897f,0.2800278515797841f,0.125f,0.25144314972089765f,0.9675443613803236f,-0.025184344731918017f,0.703125f,-0.2650304746740008f,0.09385465557999512f,0.9596614773554445f,-0.06250000000000001f,0f,0f,0f,1f],start_interpolation:0}
execute if entity @s[tag=aj.rkss_cancel.bone.left_leg2] run data modify entity @s {} merge value {transformation:[0.9618997685486786f,0.21600433894837087f,0.1676035823646847f,-0.1506909903953839f,-0.17958707360825324f,0.9614182206385166f,-0.2083830319797958f,0.38220692500369474f,-0.20614877700054923f,0.17034415334770386f,0.9635795510290948f,0.09719330849528444f,0f,0f,0f,1f],start_interpolation:0}
execute if entity @s[tag=aj.rkss_cancel.bone.left_leg] run data modify entity @s {} merge value {transformation:[0.9618997685486786f,0.07148797327411169f,0.2638907064357482f,-0.125f,-0.17958707360825324f,0.8929894260766755f,0.4126964597716747f,0.703125f,-0.20614877700054923f,-0.4443639888564437f,0.8718046381780543f,-0.06250000000000001f,0f,0f,0f,1f],start_interpolation:0}
execute if entity @s[tag=aj.rkss_cancel.locator_origin.player_camera] at @s on origin run tp @s ^0 ^0 ^-0.5625 ~-180 ~0
execute if entity @s[tag=aj.rkss_cancel.locator_origin.flame1] at @s on origin run tp @s ^0.0625 ^0.01562 ^1.06249 ~0 ~0
execute if entity @s[tag=aj.rkss_cancel.locator_origin.flame2] at @s on origin run tp @s ^0.0625 ^0.01562 ^1.06251 ~0 ~0
execute if entity @s[tag=aj.rkss_cancel.locator_origin.flame3] at @s on origin run tp @s ^0.06251 ^0.01562 ^1.0625 ~0 ~0
execute if entity @s[tag=aj.rkss_cancel.locator_origin.flame4] at @s on origin run tp @s ^0.06249 ^0.01562 ^1.0625 ~0 ~0