execute if entity @s[tag=aj.rkss_cancel.bone.black_knight_shield] run data modify entity @s {} merge value {transformation:[0.9078957985055509f,-0.3504708983378077f,-0.22998993124538814f,0.6279718386047126f,0.3510083087237123f,0.9355187926967966f,-0.039971936631179636f,1.1887662496734042f,0.22916890335053627f,-0.04443802346434846f,0.9723717785948413f,-0.015066942105372946f,0f,0f,0f,1f],start_interpolation:0}
execute if entity @s[tag=aj.rkss_cancel.bone.right_arm2] run data modify entity @s {} merge value {transformation:[0.9078957985055509f,-0.3504708983378077f,-0.22998993124538814f,0.3988443869067019f,0.3510083087237123f,0.9355187926967966f,-0.039971936631179636f,1.1336520635221439f,0.22916890335053627f,-0.04443802346434846f,0.9723717785948413f,-0.07150178917392283f,0f,0f,0f,1f],start_interpolation:0}
execute if entity @s[tag=aj.rkss_cancel.bone.right_arm] run data modify entity @s {} merge value {transformation:[0.9078957985055509f,-0.3504708983378077f,-0.22998993124538814f,0.31122666232224994f,0.3510083087237123f,0.9355187926967966f,-0.039971936631179636f,1.367531761696343f,0.22916890335053627f,-0.04443802346434846f,0.9723717785948413f,-0.08261129504000994f,0f,0f,0f,1f],start_interpolation:0}
execute if entity @s[tag=aj.rkss_cancel.bone.flame_slash] run data modify entity @s {} merge value {transformation:[-0.0000030497838831708322f,6.969594832475769e-7f,-0.000010806274369303364f,-0.26100390871257373f,-0.000005588586152219519f,0.0000095147360950257f,0.0000021908906547875465f,2.184794614994967f,0.000009275183183375505f,0.000005962092293878589f,-0.000002233144060310902f,0.33515967393905793f,0f,0f,0f,1f],start_interpolation:0}
execute if entity @s[tag=aj.rkss_cancel.locator_origin.rkss1] at @s on origin run tp @s ^-0.44551 ^1.4759 ^0.55143 ~-78.32404 ~11.22988
execute if entity @s[tag=aj.rkss_cancel.locator_origin.rkss2] at @s on origin run tp @s ^-0.43003 ^1.68734 ^0.68392 ~-78.32404 ~11.22988
execute if entity @s[tag=aj.rkss_cancel.locator_origin.rkss3] at @s on origin run tp @s ^-0.41454 ^1.89878 ^0.81641 ~-78.32404 ~11.22988
execute if entity @s[tag=aj.rkss_cancel.locator_origin.rkss4] at @s on origin run tp @s ^-0.39905 ^2.11022 ^0.9489 ~-78.32404 ~11.22988
execute if entity @s[tag=aj.rkss_cancel.locator_origin.rkss5] at @s on origin run tp @s ^-0.37969 ^2.37452 ^1.11451 ~-78.32404 ~11.22988
execute if entity @s[tag=aj.rkss_cancel.bone.sword_body] run data modify entity @s {} merge value {transformation:[-0.27434285739079767f,0.062694887062279f,-0.9720768099611478f,-0.3907703217424695f,-0.5027204393842175f,0.8558966758375042f,0.1970812442750204f,2.217068826905592f,0.8343477291593313f,0.5363191290229161f,-0.2008821431091101f,0.9942013961207063f,0f,0f,0f,1f],start_interpolation:0}
execute if entity @s[tag=aj.rkss_cancel.bone.ringed_knight_straight_sword] run data modify entity @s {} merge value {transformation:[-0.2710919007262962f,0.06195195406645128f,-0.9605577217158544f,-0.45263008683593614f,-0.4967632135306238f,0.8457543195578399f,0.19474583598111522f,1.467233971694656f,0.8244607274111561f,0.5299637594558746f,-0.19850169424985795f,0.5392910940045382f,0f,0f,0f,1f],start_interpolation:0}
execute if entity @s[tag=aj.rkss_cancel.bone.left_arm2] run data modify entity @s {} merge value {transformation:[0.992334004992341f,0.10410024716273887f,-0.0666060138164504f,-0.4622695545121092f,0.029328771108056356f,0.32518444074253205f,0.9451956954431489f,1.2919833334157569f,0.12005434486578048f,-0.9399033024942638f,0.3196384461219033f,0.17259638897321292f,0f,0f,0f,1f],start_interpolation:0}
execute if entity @s[tag=aj.rkss_cancel.bone.left_arm] run data modify entity @s {} merge value {transformation:[0.992334004992341f,0.09515611336515134f,-0.07885769857850895f,-0.31443877554677874f,0.029328771108056356f,0.4385316724202727f,0.8982370485955085f,1.4052823479093322f,0.12005434486578048f,-0.8936639672569984f,0.43237907894037975f,-0.03581280973281412f,0f,0f,0f,1f],start_interpolation:0}
execute if entity @s[tag=aj.rkss_cancel.bone.head] run data modify entity @s {} merge value {transformation:[0.9993830340681573f,-0.002333138117370191f,0.0350443673541064f,-0.0006596871897618205f,0.0030806475153435983f,0.9997685630838182f,-0.021291544805470783f,1.5104751550223194f,-0.0349865806790331f,0.021386367990905725f,0.9991589275168127f,-0.057824125122360064f,0f,0f,0f,1f],start_interpolation:0}
execute if entity @s[tag=aj.rkss_cancel.bone.body_top] run data modify entity @s {} merge value {transformation:[0.997265636261192f,-0.0016753960374903374f,0.07388128166645039f,0f,0.002548059675719086f,0.999928083301834f,-0.011719027954971832f,1.1167534722222223f,-0.07385633435561767f,0.011875237784482408f,0.9971981852185219f,-0.06250000000000001f,0f,0f,0f,1f],start_interpolation:0}
execute if entity @s[tag=aj.rkss_cancel.bone.body] run data modify entity @s {} merge value {transformation:[0.9989764261347736f,0f,0.04523383719070638f,0f,0f,1f,0f,0.6792534722222223f,-0.04523383719070638f,0f,0.9989764261347736f,-0.06250000000000001f,0f,0f,0f,1f],start_interpolation:0}
execute if entity @s[tag=aj.rkss_cancel.locator_origin.player_camera] at @s on origin run tp @s ^0 ^-0.13325 ^0.5625 ~-180 ~0
execute if entity @s[tag=aj.rkss_cancel.bone.right_leg2] run data modify entity @s {} merge value {transformation:[0.9858830340483975f,-0.16737245350310054f,0.004594016094748609f,0.18495138904792643f,0.16645870653726016f,0.9827219837991465f,0.0809259017608846f,0.409752976807391f,-0.0180594073399067f,-0.07901875958418025f,0.9967095331340565f,0.006149373732156141f,0f,0f,0f,1f],start_interpolation:0}
execute if entity @s[tag=aj.rkss_cancel.bone.right_leg] run data modify entity @s {} merge value {transformation:[0.9858830340483975f,-0.1668212564811866f,-0.014328697134231285f,0.125f,0.16645870653726016f,0.9673057263717045f,0.19134035315753795f,0.7573784722222223f,-0.0180594073399067f,-0.19102434429817367f,0.9814191549445039f,-0.06250000000000001f,0f,0f,0f,1f],start_interpolation:0}
execute if entity @s[tag=aj.rkss_cancel.bone.left_leg2] run data modify entity @s {} merge value {transformation:[0.988793286665008f,0.14819123218209918f,0.018088530912227917f,-0.17584145495496592f,-0.1383403936507233f,0.9550620209094972f,-0.2621420830405332f,0.40219350835541134f,-0.0561228271808751f,0.2567019573758994f,0.9648597480196837f,-0.08272816170575967f,0f,0f,0f,1f],start_interpolation:0}
execute if entity @s[tag=aj.rkss_cancel.bone.left_leg] run data modify entity @s {} merge value {transformation:[0.988793286665008f,0.14147187465729646f,0.04768170432316416f,-0.125f,-0.1383403936507233f,0.9883407690206913f,-0.06359606730098405f,0.7573784722222223f,-0.0561228271808751f,0.05628705865950514f,0.996835992175587f,-0.06250000000000001f,0f,0f,0f,1f],start_interpolation:0}
execute if entity @s[tag=aj.rkss_cancel.locator_origin.flame1] at @s on origin run tp @s ^0.06251 ^0.01562 ^1.06251 ~0 ~0
execute if entity @s[tag=aj.rkss_cancel.locator_origin.flame2] at @s on origin run tp @s ^0.06249 ^0.01562 ^1.06251 ~0 ~0
execute if entity @s[tag=aj.rkss_cancel.locator_origin.flame3] at @s on origin run tp @s ^0.06251 ^0.01562 ^1.06249 ~0 ~0
execute if entity @s[tag=aj.rkss_cancel.locator_origin.flame4] at @s on origin run tp @s ^0.06249 ^0.01562 ^1.06249 ~0 ~0
execute if entity @s[tag=aj.rkss_cancel.locator_origin.commands] at @s on origin run tp @s ^0 ^0 ^0 ~0 ~0