execute if entity @s[tag=aj.rkss_cancel.bone.black_knight_shield] run data modify entity @s {} merge value {transformation:[0.8770730843017337f,-0.2064221159102228f,-0.4337426827700849f,0.58132964741806f,0.312311504516849f,0.9311100549056022f,0.18840273299532787f,1.1881699400553427f,0.3649716823807926f,-0.3007057959481878f,0.8811195692658862f,0.10975563552623735f,0f,0f,0f,1f],start_interpolation:0}
execute if entity @s[tag=aj.rkss_cancel.bone.right_arm2] run data modify entity @s {} merge value {transformation:[0.8770730843017337f,-0.2064221159102228f,-0.4337426827700849f,0.3641055289775557f,0.312311504516849f,0.9311100549056022f,0.18840273299532787f,1.1422224862735995f,0.3649716823807926f,-0.3007057959481878f,0.8811195692658862f,0.012676448987046937f,0f,0f,0f,1f],start_interpolation:0}
execute if entity @s[tag=aj.rkss_cancel.bone.right_arm] run data modify entity @s {} merge value {transformation:[0.8770730843017337f,-0.2064221159102228f,-0.4337426827700849f,0.3125f,0.312311504516849f,0.9311100549056022f,0.18840273299532787f,1.375f,0.3649716823807926f,-0.3007057959481878f,0.8811195692658862f,-0.06250000000000001f,0f,0f,0f,1f],start_interpolation:0}
execute if entity @s[tag=aj.rkss_cancel.bone.flame_slash] run data modify entity @s {} merge value {transformation:[-0.000001440266209174301f,-0.000004911097113528208f,-0.00001001844590683633f,-0.8577210491868825f,-0.0000035674056801044953f,0.000009774009384333391f,-0.000004278417612683587f,2.742063725811113f,0.00001057174299537541f,0.000002629137823785173f,-0.0000028086267718002847f,-0.2599409767990918f,0f,0f,0f,1f],start_interpolation:0}
execute if entity @s[tag=aj.rkss_cancel.locator_origin.rkss1] at @s on origin run tp @s ^-0.71201 ^2.12818 ^0.17047 ~-74.3394 ~-22.3525
execute if entity @s[tag=aj.rkss_cancel.locator_origin.rkss2] at @s on origin run tp @s ^-0.82115 ^2.34538 ^0.2289 ~-74.3394 ~-22.3525
execute if entity @s[tag=aj.rkss_cancel.locator_origin.rkss3] at @s on origin run tp @s ^-0.93028 ^2.56258 ^0.28732 ~-74.3394 ~-22.3525
execute if entity @s[tag=aj.rkss_cancel.locator_origin.rkss4] at @s on origin run tp @s ^-1.03942 ^2.77978 ^0.34575 ~-74.3394 ~-22.3525
execute if entity @s[tag=aj.rkss_cancel.locator_origin.rkss5] at @s on origin run tp @s ^-1.17584 ^3.05128 ^0.41878 ~-74.3394 ~-22.3525
execute if entity @s[tag=aj.rkss_cancel.bone.sword_body] run data modify entity @s {} merge value {transformation:[-0.12955893347350253f,-0.4417770132774872f,-0.9012078173352536f,-1.090711171994709f,-0.32090544944925464f,0.8792195661663199f,-0.38486442250930575f,2.8838254850396687f,0.9509795749648474f,0.23650370343669538f,-0.2526496051644395f,0.35474279928066565f,0f,0f,0f,1f],start_interpolation:0}
execute if entity @s[tag=aj.rkss_cancel.bone.ringed_knight_straight_sword] run data modify entity @s {} merge value {transformation:[-0.12802366303771565f,-0.4365419656469518f,-0.8905285250521181f,-0.7120569148207748f,-0.31710272712039955f,0.868800834162968f,-0.3803037877940966f,2.114158803255858f,0.9397104884778141f,0.23370113989201535f,-0.2496557130489142f,0.16172343218502513f,0f,0f,0f,1f],start_interpolation:0}
execute if entity @s[tag=aj.rkss_cancel.bone.left_arm2] run data modify entity @s {} merge value {transformation:[0.8905285250521181f,0.4365419656469519f,0.12802366303771545f,-0.5368513126487777f,0.3803037877940968f,-0.868800834162968f,0.31710272712039944f,1.6525963981781113f,0.249655713048914f,-0.23370113989201532f,-0.9397104884778141f,0.004625462946915904f,0f,0f,0f,1f],start_interpolation:0}
execute if entity @s[tag=aj.rkss_cancel.bone.left_arm] run data modify entity @s {} merge value {transformation:[0.8905285250521181f,0.4521409880690517f,0.05027397911883172f,-0.3125f,0.3803037877940968f,-0.8005374866094934f,0.46315090577739226f,1.5f,0.249655713048914f,-0.39332970831212066f,-0.8848523975789078f,-0.06250000000000001f,0f,0f,0f,1f],start_interpolation:0}
execute if entity @s[tag=aj.rkss_cancel.bone.head] run data modify entity @s {} merge value {transformation:[0.9238795325112867f,0f,-0.3826834323650897f,0f,0f,1f,0f,1.51875f,0.3826834323650897f,0f,0.9238795325112867f,-0.06250000000000001f,0f,0f,0f,1f],start_interpolation:0}
execute if entity @s[tag=aj.rkss_cancel.bone.body_top] run data modify entity @s {} merge value {transformation:[1f,0f,0f,0f,0f,1f,0f,1.125f,0f,0f,1f,-0.06250000000000001f,0f,0f,0f,1f],start_interpolation:0}
execute if entity @s[tag=aj.rkss_cancel.bone.body] run data modify entity @s {} merge value {transformation:[1f,0f,0f,0f,0f,1f,0f,0.6875f,0f,0f,1f,-0.06250000000000001f,0f,0f,0f,1f],start_interpolation:0}
execute if entity @s[tag=aj.rkss_cancel.bone.right_leg2] run data modify entity @s {} merge value {transformation:[0.9835996751134115f,-0.17641102430850839f,0.037561011956736834f,0.18961724197439267f,0.17541952208133862f,0.9840881356058485f,0.028258319705176643f,0.41631944516779584f,-0.041948425352401654f,-0.02120593931492043f,0.9988947080389533f,-0.008088309822347643f,0f,0f,0f,1f],start_interpolation:0}
execute if entity @s[tag=aj.rkss_cancel.bone.right_leg] run data modify entity @s {} merge value {transformation:[0.9835996751134115f,-0.17980449940700569f,0.01421341302387843f,0.125f,0.17541952208133862f,0.9719806743156985f,0.15646584301231684f,0.765625f,-0.041948425352401654f,-0.15140644223346747f,0.9875810948274869f,-0.06250000000000001f,0f,0f,0f,1f],start_interpolation:0}
execute if entity @s[tag=aj.rkss_cancel.bone.left_leg2] run data modify entity @s {} merge value {transformation:[0.9908388011889404f,0.13377280434982375f,-0.018528542167350642f,-0.17331597820811454f,-0.13124478614106605f,0.9214774865154316f,-0.36558726448823176f,0.41311469233007886f,-0.031831999140006034f,0.36466982142972326f,0.9305926311599315f,-0.11302167714209954f,0f,0f,0f,1f],start_interpolation:0}
execute if entity @s[tag=aj.rkss_cancel.bone.left_leg] run data modify entity @s {} merge value {transformation:[0.9908388011889404f,0.13444446110084046f,0.012773290013466028f,-0.125f,-0.13124478614106605f,0.9808982474293457f,-0.14357379392083988f,0.765625f,-0.031831999140006034f,0.1405820581345378f,0.9895571781162562f,-0.06250000000000001f,0f,0f,0f,1f],start_interpolation:0}
execute if entity @s[tag=aj.rkss_cancel.locator_origin.player_camera] at @s on origin run tp @s ^0 ^0.0625 ^0.5 ~-180 ~0
execute if entity @s[tag=aj.rkss_cancel.locator_origin.flame1] at @s on origin run tp @s ^0.0625 ^0.01562 ^1.06249 ~0 ~0
execute if entity @s[tag=aj.rkss_cancel.locator_origin.flame2] at @s on origin run tp @s ^0.0625 ^0.01562 ^1.06251 ~0 ~0
execute if entity @s[tag=aj.rkss_cancel.locator_origin.flame3] at @s on origin run tp @s ^0.06251 ^0.01562 ^1.0625 ~0 ~0
execute if entity @s[tag=aj.rkss_cancel.locator_origin.flame4] at @s on origin run tp @s ^0.06249 ^0.01562 ^1.0625 ~0 ~0