execute if entity @s[tag=aj.rkss_cancel.bone.black_knight_shield] run data modify entity @s {} merge value {transformation:[0.7902043998445054f,-0.1630526243173896f,0.5907544736771758f,0.4224384244283209f,0.41437493334927417f,0.8523621632047178f,-0.31901748752812714f,1.1931286693467196f,-0.4515201225617409f,0.496882867927831f,0.741105251959291f,-0.5574846949978596f,0f,0f,0f,1f],start_interpolation:0}
execute if entity @s[tag=aj.rkss_cancel.bone.right_arm2] run data modify entity @s {} merge value {transformation:[0.7902043998445054f,-0.1630526243173896f,0.5907544736771758f,0.2274693367650641f,0.41437493334927417f,0.8523621632047178f,-0.31901748752812714f,1.1201818784744446f,-0.4515201225617409f,0.496882867927831f,0.741105251959291f,-0.4334376266827056f,0f,0f,0f,1f],start_interpolation:0}
execute if entity @s[tag=aj.rkss_cancel.bone.right_arm] run data modify entity @s {} merge value {transformation:[0.7902043998445054f,-0.1630526243173896f,0.5907544736771758f,0.18670618068571668f,0.41437493334927417f,0.8523621632047178f,-0.31901748752812714f,1.333272419275624f,-0.4515201225617409f,0.496882867927831f,0.741105251959291f,-0.30921690970074783f,0f,0f,0f,1f],start_interpolation:0}
execute if entity @s[tag=aj.rkss_cancel.bone.flame_slash] run data modify entity @s {} merge value {transformation:[0.000007486696204793179f,-0.0000036040536259990607f,-0.0000075843705999943366f,-0.9607244403856089f,-0.0000024654138827482387f,0.000008769854019971673f,-0.000006601052556610876f,2.5083519520478657f,0.000008027055146433697f,0.000006054994461542453f,0.000005046377685707103f,0.4688996078120199f,0f,0f,0f,1f],start_interpolation:0}
execute if entity @s[tag=aj.rkss_cancel.locator_origin.rkss1] at @s on origin run tp @s ^-0.41288 ^1.9964 ^0.61424 ~-123.63842 ~-35.92744
execute if entity @s[tag=aj.rkss_cancel.locator_origin.rkss2] at @s on origin run tp @s ^-0.49297 ^2.19129 ^0.7488 ~-123.63842 ~-35.92744
execute if entity @s[tag=aj.rkss_cancel.locator_origin.rkss3] at @s on origin run tp @s ^-0.57306 ^2.38618 ^0.88335 ~-123.63842 ~-35.92744
execute if entity @s[tag=aj.rkss_cancel.locator_origin.rkss4] at @s on origin run tp @s ^-0.65315 ^2.58106 ^1.01791 ~-123.63842 ~-35.92744
execute if entity @s[tag=aj.rkss_cancel.locator_origin.rkss5] at @s on origin run tp @s ^-0.75327 ^2.82467 ^1.1861 ~-123.63842 ~-35.92744
execute if entity @s[tag=aj.rkss_cancel.bone.sword_body] run data modify entity @s {} merge value {transformation:[0.6734646479619919f,-0.32420210999287497f,-0.6822509337120312f,-0.7045262616316212f,-0.22177594057611666f,0.7888909191289192f,-0.5937967047962193f,2.672296176514671f,0.7220725565040882f,0.5446761297518349f,0.4539461571062734f,1.0686509919274447f,0f,0f,0f,1f],start_interpolation:0}
execute if entity @s[tag=aj.rkss_cancel.bone.ringed_knight_straight_sword] run data modify entity @s {} merge value {transformation:[0.665484107092727f,-0.32036032231102757f,-0.674166275555052f,-0.415936298827534f,-0.21914790068873233f,0.7795425795530375f,-0.5867602272543001f,1.9817248419304816f,0.7135160130163286f,0.5382217299148847f,0.4485669053961869f,0.6072949593263804f,0f,0f,0f,1f],start_interpolation:0}
execute if entity @s[tag=aj.rkss_cancel.bone.left_arm2] run data modify entity @s {} merge value {transformation:[0.6741662755550519f,0.3203603223110276f,-0.6654841070927271f,-0.3065667921642925f,0.5867602272543002f,-0.7795425795530374f,0.2191479006887322f,1.5516135148685448f,-0.448566905396187f,-0.5382217299148847f,-0.7135160130163285f,0.3399764487484509f,0f,0f,0f,1f],start_interpolation:0}
execute if entity @s[tag=aj.rkss_cancel.bone.left_arm] run data modify entity @s {} merge value {transformation:[0.6741662755550519f,0.22500882798409647f,-0.7034705823511407f,-0.16604380072388686f,0.5867602272543002f,-0.7416340578252811f,0.3251020762561963f,1.439550028819012f,-0.448566905396187f,-0.6319414146919247f,-0.632010901631022f,0.12592023190094637f,0f,0f,0f,1f],start_interpolation:0}
execute if entity @s[tag=aj.rkss_cancel.bone.head] run data modify entity @s {} merge value {transformation:[0.9849959837437858f,0.07536637897032547f,0.15525083229893666f,0.017404439897490256f,-0.06326543243292457f,0.9946658962418435f,-0.08146925746860088f,1.4723789128100417f,-0.16056275118372348f,0.07042488036419664f,0.9845099995215905f,-0.044062960979188714f,0f,0f,0f,1f],start_interpolation:0}
execute if entity @s[tag=aj.rkss_cancel.bone.body_top] run data modify entity @s {} merge value {transformation:[0.5620983764978053f,0.04420175212061017f,0.8258883824391766f,0f,0.013904580406043868f,0.9979246950351747f,-0.06287261472760196f,1.0794460641399417f,-0.8269534919100732f,0.04682422608460011f,0.56031724412989f,-0.06250000000000001f,0f,0f,0f,1f],start_interpolation:0}
execute if entity @s[tag=aj.rkss_cancel.bone.body] run data modify entity @s {} merge value {transformation:[0.6855801531307624f,0f,0.7279971522150347f,0f,0f,1f,0f,0.6419460641399417f,-0.7279971522150347f,0f,0.6855801531307624f,-0.06250000000000001f,0f,0f,0f,1f],start_interpolation:0}
execute if entity @s[tag=aj.rkss_cancel.locator_origin.player_camera] at @s on origin run tp @s ^0 ^-0.17055 ^0.5625 ~-180 ~0
execute if entity @s[tag=aj.rkss_cancel.bone.right_leg2] run data modify entity @s {} merge value {transformation:[0.9256331163910905f,-0.1121072277381609f,0.3614350610123238f,0.1935310650698091f,0.2556156813675959f,0.8895081456095382f,-0.3787292995442263f,0.3779510326353588f,-0.2790411390442237f,0.4429528511965407f,0.852014562280339f,-0.1485683901830443f,0f,0f,0f,1f],start_interpolation:0}
execute if entity @s[tag=aj.rkss_cancel.bone.right_leg] run data modify entity @s {} merge value {transformation:[0.9256331163910905f,-0.19069513758555573f,0.3268618949056987f,0.125f,0.2556156813675959f,0.9519861746214482f,-0.16847239171033673f,0.7200710641399417f,-0.2790411390442237f,0.2394946509441232f,0.9299345971035032f,-0.06250000000000001f,0f,0f,0f,1f],start_interpolation:0}
execute if entity @s[tag=aj.rkss_cancel.bone.left_leg2] run data modify entity @s {} merge value {transformation:[0.9589307462112916f,0.18923008053408719f,0.21129079627782735f,-0.14609736769297f,-0.18241177117763993f,0.9818729986291306f,-0.05149136140048788f,0.40495951872263836f,-0.2172044421886712f,0.010834721228632826f,0.976066001410461f,0.10899345656947491f,0f,0f,0f,1f],start_interpolation:0}
execute if entity @s[tag=aj.rkss_cancel.bone.left_leg] run data modify entity @s {} merge value {transformation:[0.9589307462112916f,0.05870571879782955f,0.2774985811695001f,-0.125f,-0.18241177117763993f,0.8768321263785832f,0.4448498262180716f,0.7200710641399417f,-0.2172044421886712f,-0.4771991834976694f,0.8515298993944169f,-0.06250000000000001f,0f,0f,0f,1f],start_interpolation:0}
execute if entity @s[tag=aj.rkss_cancel.locator_origin.flame1] at @s on origin run tp @s ^0.06251 ^0.01562 ^1.06251 ~0 ~0
execute if entity @s[tag=aj.rkss_cancel.locator_origin.flame2] at @s on origin run tp @s ^0.06249 ^0.01562 ^1.06251 ~0 ~0
execute if entity @s[tag=aj.rkss_cancel.locator_origin.flame3] at @s on origin run tp @s ^0.06251 ^0.01562 ^1.06249 ~0 ~0
execute if entity @s[tag=aj.rkss_cancel.locator_origin.flame4] at @s on origin run tp @s ^0.06249 ^0.01562 ^1.06249 ~0 ~0
execute if entity @s[tag=aj.rkss_cancel.locator_origin.commands] at @s on origin run tp @s ^0 ^0 ^0 ~0 ~0