execute if entity @s[tag=aj.rkss_cancel.bone.black_knight_shield] run data modify entity @s {} merge value {transformation:[0.1691311283848555f,-0.07563402256099906f,-0.982687211701927f,0.3506510087345451f,0.3646295370129045f,0.9311100661129388f,-0.008907610280751738f,1.13824690034678f,0.9156636730530595f,-0.35681022885337965f,0.18505809476101936f,0.37747320848187654f,0f,0f,0f,1f],start_interpolation:0}
execute if entity @s[tag=aj.rkss_cancel.bone.right_arm2] run data modify entity @s {} merge value {transformation:[0.1691311283848555f,-0.07563402256099906f,-0.982687211701927f,0.3076208595500269f,0.3646295370129045f,0.9311100661129388f,-0.008907610280751738f,1.0797224834717654f,0.9156636730530595f,-0.35681022885337965f,0.18505809476101936f,0.14629112982743542f,0f,0f,0f,1f],start_interpolation:0}
execute if entity @s[tag=aj.rkss_cancel.bone.right_arm] run data modify entity @s {} merge value {transformation:[0.1691311283848555f,-0.07563402256099906f,-0.982687211701927f,0.2887123539097771f,0.3646295370129045f,0.9311100661129388f,-0.008907610280751738f,1.3125f,0.9156636730530595f,-0.35681022885337965f,0.18505809476101936f,0.05708857261409052f,0f,0f,0f,1f],start_interpolation:0}
execute if entity @s[tag=aj.rkss_cancel.bone.flame_slash] run data modify entity @s {} merge value {transformation:[-0.000006446373608725948f,-0.000005493744738372047f,-0.000007404426787154502f,-0.6354585458512986f,-3.700583980005955e-7f,0.000009181662374751947f,-0.0000064901951294343845f,2.460057695666016f,0.000009212481971694217f,-0.0000034753913140355905f,-0.000005441905101665694f,-1.0589653972046178f,0f,0f,0f,1f],start_interpolation:0}
execute if entity @s[tag=aj.rkss_cancel.locator_origin.rkss1] at @s on origin run tp @s ^-0.72322 ^2.03802 ^-0.42847 ~-53.68586 ~-35.23324
execute if entity @s[tag=aj.rkss_cancel.locator_origin.rkss2] at @s on origin run tp @s ^-0.8453 ^2.24206 ^-0.5057 ~-53.68586 ~-35.23324
execute if entity @s[tag=aj.rkss_cancel.locator_origin.rkss3] at @s on origin run tp @s ^-0.96738 ^2.44609 ^-0.58293 ~-53.68586 ~-35.23324
execute if entity @s[tag=aj.rkss_cancel.locator_origin.rkss4] at @s on origin run tp @s ^-1.08947 ^2.65013 ^-0.66016 ~-53.68586 ~-35.23324
execute if entity @s[tag=aj.rkss_cancel.locator_origin.rkss5] at @s on origin run tp @s ^-1.24207 ^2.90518 ^-0.7567 ~-53.68586 ~-35.23324
execute if entity @s[tag=aj.rkss_cancel.bone.sword_body] run data modify entity @s {} merge value {transformation:[-0.5798825829546301f,-0.49418899405214817f,-0.6660641146863665f,-1.137814139862895f,-0.0332885483686772f,0.8259350786745335f,-0.5838245413578805f,2.7422607295173993f,0.8287074509516092f,-0.3126283107812843f,-0.4895257672121743f,-0.7122418140269207f,0f,0f,0f,1f],start_interpolation:0}
execute if entity @s[tag=aj.rkss_cancel.bone.ringed_knight_straight_sword] run data modify entity @s {} merge value {transformation:[-0.5730109874423064f,-0.4883328656330709f,-0.658171269969289f,-0.7190934362733876f,-0.03289407982227516f,0.8161477666446174f,-0.5769062337275008f,2.022191992011793f,0.8188872863728192f,-0.30892367235871915f,-0.48372489792583945f,-0.43082342576730814f,0f,0f,0f,1f],start_interpolation:0}
execute if entity @s[tag=aj.rkss_cancel.bone.left_arm2] run data modify entity @s {} merge value {transformation:[0.658171269969289f,0.48833286563307093f,0.5730109874423063f,-0.493066979064206f,0.5769062337275009f,-0.8161477666446173f,0.03289407982227503f,1.5694236624452167f,0.4837248979258392f,0.3089236723587192f,-0.8188872863728193f,-0.31978510294450024f,0f,0f,0f,1f],start_interpolation:0}
execute if entity @s[tag=aj.rkss_cancel.bone.left_arm] run data modify entity @s {} merge value {transformation:[0.658171269969289f,0.48833286563307093f,0.5730109874423063f,-0.2887123539097771f,0.5769062337275009f,-0.8161477666446173f,0.03289407982227503f,1.4375f,0.4837248979258392f,0.3089236723587192f,-0.8188872863728193f,-0.18208857261409056f,0f,0f,0f,1f],start_interpolation:0}
execute if entity @s[tag=aj.rkss_cancel.bone.head] run data modify entity @s {} merge value {transformation:[0.984807753012208f,0f,-0.1736481776669303f,0f,0f,1f,0f,1.45625f,0.1736481776669303f,0f,0.984807753012208f,-0.06250000000000001f,0f,0f,0f,1f],start_interpolation:0}
execute if entity @s[tag=aj.rkss_cancel.bone.body_top] run data modify entity @s {} merge value {transformation:[0.9238795325112867f,0f,-0.3826834323650897f,0f,0f,1f,0f,1.0625f,0.3826834323650897f,0f,0.9238795325112867f,-0.06250000000000001f,0f,0f,0f,1f],start_interpolation:0}
execute if entity @s[tag=aj.rkss_cancel.bone.body] run data modify entity @s {} merge value {transformation:[0.984807753012208f,0f,-0.17364817766693033f,0f,0f,1f,0f,0.625f,0.17364817766693033f,0f,0.984807753012208f,-0.06250000000000001f,0f,0f,0f,1f],start_interpolation:0}
execute if entity @s[tag=aj.rkss_cancel.bone.right_leg2] run data modify entity @s {} merge value {transformation:[0.9510254793925348f,-0.2083902502606374f,0.2283069012152463f,0.2169746995265577f,0.23228882367423315f,0.9690939958696578f,-0.083058591159618f,0.35751136910790604f,-0.20394224658525353f,0.13202397799524318f,0.9700398080965911f,-0.027254242615842965f,0f,0f,0f,1f],start_interpolation:0}
execute if entity @s[tag=aj.rkss_cancel.bone.right_leg] run data modify entity @s {} merge value {transformation:[0.9510254793925348f,-0.25592959868259535f,0.17335102556479157f,0.125f,0.23228882367423315f,0.9617074946562615f,0.14546682480214473f,0.703125f,-0.20394224658525353f,-0.09807515098200222f,0.9740579165622634f,-0.06250000000000001f,0f,0f,0f,1f],start_interpolation:0}
execute if entity @s[tag=aj.rkss_cancel.bone.left_leg2] run data modify entity @s {} merge value {transformation:[0.9732021007552815f,0.21401571660571797f,0.08411268710038906f,-0.1664036251200956f,-0.16694243273941747f,0.9091237061783475f,-0.3816075353233882f,0.36202327220742886f,-0.15813884796770217f,0.3573392784319783f,0.9204894050738233f,0.042788849119160255f,0f,0f,0f,1f],start_interpolation:0}
execute if entity @s[tag=aj.rkss_cancel.bone.left_leg] run data modify entity @s {} merge value {transformation:[0.9732021007552815f,0.11521008729070079f,0.19900830855011065f,-0.125f,-0.16694243273941747f,0.9491526338575892f,0.2669072906314967f,0.703125f,-0.15813884796770217f,-0.2929776671141851f,0.9429507894560446f,-0.06250000000000001f,0f,0f,0f,1f],start_interpolation:0}
execute if entity @s[tag=aj.rkss_cancel.locator_origin.player_camera] at @s on origin run tp @s ^0 ^0 ^0.5 ~-180 ~0
execute if entity @s[tag=aj.rkss_cancel.locator_origin.flame1] at @s on origin run tp @s ^0.0625 ^0.01562 ^1.06249 ~0 ~0
execute if entity @s[tag=aj.rkss_cancel.locator_origin.flame2] at @s on origin run tp @s ^0.0625 ^0.01562 ^1.06251 ~0 ~0
execute if entity @s[tag=aj.rkss_cancel.locator_origin.flame3] at @s on origin run tp @s ^0.06251 ^0.01562 ^1.0625 ~0 ~0
execute if entity @s[tag=aj.rkss_cancel.locator_origin.flame4] at @s on origin run tp @s ^0.06249 ^0.01562 ^1.0625 ~0 ~0