execute if entity @s[tag=aj.rkss_cancel.bone.black_knight_shield] run data modify entity @s {} merge value {transformation:[0.7942141230145603f,-0.09003219948231506f,0.6009310525015241f,0.4102954532609197f,0.44917092572333933f,0.7530310151596602f,-0.4808219729717538f,1.213602308145636f,-0.40923026072011265f,0.6517963587379022f,0.6385077136941733f,-0.583903109289621f,0f,0f,0f,1f],start_interpolation:0}
execute if entity @s[tag=aj.rkss_cancel.bone.right_arm2] run data modify entity @s {} merge value {transformation:[0.7942141230145603f,-0.09003219948231506f,0.6009310525015241f,0.2166449554257957f,0.44917092572333933f,0.7530310151596602f,-0.4808219729717538f,1.1291859109551514f,-0.40923026072011265f,0.6517963587379022f,0.6385077136941733f,-0.4651798547268453f,0f,0f,0f,1f],start_interpolation:0}
execute if entity @s[tag=aj.rkss_cancel.bone.right_arm] run data modify entity @s {} merge value {transformation:[0.7942141230145603f,-0.09003219948231506f,0.6009310525015241f,0.19413690555521693f,0.44917092572333933f,0.7530310151596602f,-0.4808219729717538f,1.3174436647450665f,-0.40923026072011265f,0.6517963587379022f,0.6385077136941733f,-0.30223076504236973f,0f,0f,0f,1f],start_interpolation:0}
execute if entity @s[tag=aj.rkss_cancel.bone.flame_slash] run data modify entity @s {} merge value {transformation:[0.000001448310836201837f,0.0000104595650000966f,-0.0000038810302408631835f,0.9673310570998226f,0.0000028746598788034206f,-0.000004131323740643934f,-0.000010061361475028604f,0.7037874774709937f,-0.000010779667263090186f,3.0358550483515e-7f,-0.0000032045451375063734f,0.7087139488023564f,0f,0f,0f,1f],start_interpolation:0}
execute if entity @s[tag=aj.rkss_cancel.locator_origin.rkss1] at @s on origin run tp @s ^0.58186 ^1.03775 ^0.14018 ~-50.4537 ~-63.4242
execute if entity @s[tag=aj.rkss_cancel.locator_origin.rkss2] at @s on origin run tp @s ^0.8143 ^0.94594 ^0.14693 ~-50.4537 ~-63.4242
execute if entity @s[tag=aj.rkss_cancel.locator_origin.rkss3] at @s on origin run tp @s ^1.04673 ^0.85413 ^0.15367 ~-50.4537 ~-63.4242
execute if entity @s[tag=aj.rkss_cancel.locator_origin.rkss4] at @s on origin run tp @s ^1.27917 ^0.76233 ^0.16042 ~-50.4537 ~-63.4242
execute if entity @s[tag=aj.rkss_cancel.locator_origin.rkss5] at @s on origin run tp @s ^1.56971 ^0.64757 ^0.16885 ~-50.4537 ~-63.4242
execute if entity @s[tag=aj.rkss_cancel.bone.sword_body] run data modify entity @s {} merge value {transformation:[0.1302825867059679f,0.9408886200185045f,-0.3491175003494046f,1.3823398945328924f,0.2585896035222241f,-0.37163261504166345f,-0.9050682809141276f,0.7120868727723428f,-0.969683371663535f,0.027308989111815573f,-0.28826438309695807f,0.17964332670041622f,0f,0f,0f,1f],start_interpolation:0}
execute if entity @s[tag=aj.rkss_cancel.bone.ringed_knight_straight_sword] run data modify entity @s {} merge value {transformation:[0.12873874099571883f,0.9297391111196978f,-0.3449804658545052f,0.5655660691012383f,0.255525322560304f,-0.36722877694612743f,-0.8943432422247647f,1.0352422810410142f,-0.9581926456080165f,0.02698537820756889f,-0.2848484566672332f,0.1412581238939073f,0f,0f,0f,1f],start_interpolation:0}
execute if entity @s[tag=aj.rkss_cancel.bone.left_arm2] run data modify entity @s {} merge value {transformation:[0.34498046585450526f,-0.9297391111196978f,-0.12873874099571891f,0.0641794950146452f,0.8943432422247646f,0.36722877694612754f,-0.25552532256030425f,1.1654947512710647f,0.2848484566672334f,-0.026985378207568855f,0.9581926456080164f,0.1333571064263284f,0f,0f,0f,1f],start_interpolation:0}
execute if entity @s[tag=aj.rkss_cancel.bone.left_arm] run data modify entity @s {} merge value {transformation:[0.34498046585450526f,-0.9297391111196978f,-0.12873874099571891f,-0.12513272453346608f,0.8943432422247646f,0.36722877694612754f,-0.25552532256030425f,1.3690948507856922f,0.2848484566672334f,-0.026985378207568855f,0.9581926456080164f,0.16221681895784035f,0f,0f,0f,1f],start_interpolation:0}
execute if entity @s[tag=aj.rkss_cancel.bone.head] run data modify entity @s {} merge value {transformation:[0.9907720404032923f,0.13048318534290226f,0.03667290959096359f,0.023184614565543552f,-0.12508467475873106f,0.984448473892646f,-0.1233492050681428f,1.4547516622274386f,-0.052197587066833306f,0.1176237246188459f,0.9916854699506243f,-0.037198426387701114f,0f,0f,0f,1f],start_interpolation:0}
execute if entity @s[tag=aj.rkss_cancel.bone.body_top] run data modify entity @s {} merge value {transformation:[0.5741328491355898f,0.05888156080138044f,0.8166421697053389f,0f,0.01886396900782982f,0.9961946977204791f,-0.08508980495262039f,1.0625f,-0.8185448199193015f,0.06425796472964798f,0.5708373601579364f,-0.06250000000000001f,0f,0f,0f,1f],start_interpolation:0}
execute if entity @s[tag=aj.rkss_cancel.bone.right_leg2] run data modify entity @s {} merge value {transformation:[0.8957210157140354f,0.11680416006094617f,0.4289995923082836f,0.179044138901682f,0.2751160906976367f,0.6123732784639717f,-0.7411545752827386f,0.3700793854852157f,-0.34927782444275846f,0.781892419720094f,0.5163809110886941f,-0.18623455591646731f,0f,0f,0f,1f],start_interpolation:0}
execute if entity @s[tag=aj.rkss_cancel.bone.right_leg] run data modify entity @s {} merge value {transformation:[0.8957210157140354f,-0.15038369085685427f,0.41841200691720926f,0.125f,0.2751160906976367f,0.9267356229976608f,-0.2558754026990232f,0.703125f,-0.34927782444275846f,0.344304851245822f,0.8714695466630638f,-0.06250000000000001f,0f,0f,0f,1f],start_interpolation:0}
execute if entity @s[tag=aj.rkss_cancel.bone.left_leg2] run data modify entity @s {} merge value {transformation:[0.9418336936087723f,0.1760686374709308f,0.2862675819620294f,-0.11782351298034699f,-0.19609634234147882f,0.9796576107460508f,0.0426285142555165f,0.4235176572687126f,-0.27293867095659197f,-0.09628499678802077f,0.9572009618099953f,0.16315155117970082f,0f,0f,0f,1f],start_interpolation:0}
execute if entity @s[tag=aj.rkss_cancel.bone.left_leg] run data modify entity @s {} merge value {transformation:[0.9418336936087723f,-0.01996935518512144f,0.33548549661162363f,-0.125f,-0.19609634234147882f,0.778037823252278f,0.5968277558133088f,0.703125f,-0.27293867095659197f,-0.627899968500037f,0.728866319330302f,-0.06250000000000001f,0f,0f,0f,1f],start_interpolation:0}
execute if entity @s[tag=aj.rkss_cancel.locator_origin.player_camera] at @s on origin run tp @s ^0 ^0 ^0.5 ~-180 ~0
execute if entity @s[tag=aj.rkss_cancel.locator_origin.flame1] at @s on origin run tp @s ^0.0625 ^0.01562 ^1.06249 ~0 ~0
execute if entity @s[tag=aj.rkss_cancel.locator_origin.flame2] at @s on origin run tp @s ^0.0625 ^0.01562 ^1.06251 ~0 ~0
execute if entity @s[tag=aj.rkss_cancel.locator_origin.flame3] at @s on origin run tp @s ^0.06251 ^0.01562 ^1.0625 ~0 ~0
execute if entity @s[tag=aj.rkss_cancel.locator_origin.flame4] at @s on origin run tp @s ^0.06249 ^0.01562 ^1.0625 ~0 ~0