execute if entity @s[tag=aj.splitleaf_infinite.bone.right_arm2] run data modify entity @s {} merge value {transformation:[-0.5520606836694896f,0.49721360967218836f,-0.6693337193830359f,-0.033625531211313855f,0.3240363716416807f,0.8675851505336846f,0.3772219988637172f,0.9738274334067225f,0.7682639073909894f,-0.008639035258434624f,-0.6400749453541619f,0.5269867792841074f,0f,0f,0f,1f],start_interpolation:0}
execute if entity @s[tag=aj.splitleaf_infinite.bone.right_arm] run data modify entity @s {} merge value {transformation:[-0.5520606836694896f,-0.02894564422748447f,-0.8333013567891461f,-0.04086194226818497f,0.3240363716416807f,0.9133930461544828f,-0.24640124409168299f,1.2021756949453433f,0.7682639073909894f,-0.4060483874083119f,-0.49486894798869663f,0.42547468243202946f,0f,0f,0f,1f],start_interpolation:0}
execute if entity @s[tag=aj.splitleaf_infinite.locator_origin.splitleaf0] at @s on origin run tp @s ^-0.87215 ^-0.17647 ^0.65288 ~-171.56196 ~-42.3586
execute if entity @s[tag=aj.splitleaf_infinite.locator_origin.splitleaf1] at @s on origin run tp @s ^-0.80438 ^0.24464 ^0.19605 ~-171.56196 ~-42.3586
execute if entity @s[tag=aj.splitleaf_infinite.locator_origin.splitleaf2] at @s on origin run tp @s ^-0.73661 ^0.66574 ^-0.26079 ~-171.56196 ~-42.3586
execute if entity @s[tag=aj.splitleaf_infinite.locator_origin.splitleaf3] at @s on origin run tp @s ^-0.63812 ^1.08117 ^-0.71831 ~-171.56196 ~-42.3586
execute if entity @s[tag=aj.splitleaf_infinite.locator_origin.splitleaf4] at @s on origin run tp @s ^-0.57035 ^1.50227 ^-1.17515 ~-171.56196 ~-42.3586
execute if entity @s[tag=aj.splitleaf_infinite.locator_origin.splitleaf5] at @s on origin run tp @s ^-0.50258 ^1.92338 ^-1.63199 ~-171.56196 ~-42.3586
execute if entity @s[tag=aj.splitleaf_infinite.bone.splitleaf_greatsword] run data modify entity @s {} merge value {transformation:[0.3747708895612188f,-2.4987320041066177f,-0.27559861471941405f,-0.7102530593839315f,1.8204556877795743f,0.46192033666321464f,-1.7124952951329173f,0.7961563234530287f,1.733654323564224f,0.05511278140966767f,1.857814498855256f,-0.42757957600551155f,0f,0f,0f,1f],start_interpolation:0}
execute if entity @s[tag=aj.splitleaf_infinite.bone.left_arm2] run data modify entity @s {} merge value {transformation:[0.21169341348457912f,0.3306499274044602f,-0.9197045852852276f,-0.4361974142410681f,-0.9091992366228955f,0.41183704736455395f,-0.061212699192162566f,1.3438768351964554f,0.3585284463073902f,0.8491530321004992f,0.3878098519415637f,-0.24741439331193668f,0f,0f,0f,1f],start_interpolation:0}
execute if entity @s[tag=aj.splitleaf_infinite.bone.left_arm] run data modify entity @s {} merge value {transformation:[0.11838700473172376f,0.2794965239143823f,-0.9528201352985926f,-0.3515249076710071f,-0.9929014143011435f,0.04439402295989828f,-0.11034469721842066f,1.230862664148787f,0.011458559658165529f,0.9591198381042972f,0.28276816929305726f,-0.006202113828591677f,0f,0f,0f,1f],start_interpolation:0}
execute if entity @s[tag=aj.splitleaf_infinite.bone.head] run data modify entity @s {} merge value {transformation:[0.7966571228457f,-0.30534712696539495f,-0.5216325916516243f,-0.25450330763172024f,0.13120513426156646f,0.9297974249307404f,-0.343892368824271f,1.4183127917903584f,0.5900191872834439f,0.20552343089327582f,0.7807928521645426f,0.2846594174329923f,0f,0f,0f,1f],start_interpolation:0}
execute if entity @s[tag=aj.splitleaf_infinite.bone.body_top] run data modify entity @s {} merge value {transformation:[0.6000712399244813f,-0.3362459193332432f,-0.7258465325034196f,-0.12210647689425574f,0f,0.9073687720786265f,-0.4203354748965704f,1.0610363377843992f,0.7999465651001295f,0.2522312296054307f,0.5444859041299756f,0.18534337077585394f,0f,0f,0f,1f],start_interpolation:0}
execute if entity @s[tag=aj.splitleaf_infinite.bone.body] run data modify entity @s {} merge value {transformation:[0.6000712399244813f,-0.3362459193332432f,-0.7258465325034196f,0.025001112814038162f,0f,0.9073687720786265f,-0.4203354748965704f,0.6640625f,0.7999465651001295f,0.2522312296054307f,0.5444859041299756f,0.07499220782347801f,0f,0f,0f,1f],start_interpolation:0}
execute if entity @s[tag=aj.splitleaf_infinite.locator_origin.player_camera] at @s on origin run tp @s ^0.47497 ^-0.02344 ^-0.26255 ~-126.875 ~0
execute if entity @s[tag=aj.splitleaf_infinite.bone.right_leg2] run data modify entity @s {} merge value {transformation:[0.6949841020931344f,-0.06515783964681948f,-0.7160667243842289f,-0.002007979283062608f,0.11106448206334832f,0.9936612672722076f,0.017377190422802613f,0.43080174995333137f,0.7103955086160103f,-0.0916064509494256f,0.6978155053326421f,0.3240256714096671f,0f,0f,0f,1f],start_interpolation:0}
execute if entity @s[tag=aj.splitleaf_infinite.bone.right_leg] run data modify entity @s {} merge value {transformation:[0.6949841020931344f,0.28237141714484887f,-0.6612590117475978f,0.09946924875336745f,0.11106448206334832f,0.8664646957820344f,0.48672745123667166f,0.7421875f,0.7103955086160103f,-0.41171023031126663f,0.5708177533987919f,0.17606730739155563f,0f,0f,0f,1f],start_interpolation:0}
execute if entity @s[tag=aj.splitleaf_infinite.bone.left_leg2] run data modify entity @s {} merge value {transformation:[0.6004338188756583f,-0.2841512277738806f,-0.7474873302638578f,0.009398644964607732f,-0.15791405395918048f,0.874201264983334f,-0.4591680518761251f,0.40608716784344656f,0.7839275353708214f,0.3937387814987687f,0.48002853168462245f,-0.138873806580788f,0f,0f,0f,1f],start_interpolation:0}
execute if entity @s[tag=aj.splitleaf_infinite.bone.left_leg] run data modify entity @s {} merge value {transformation:[0.6004338188756583f,-0.16380011990232723f,-0.7827188191620134f,-0.04946702312529112f,-0.15791405395918048f,0.9352357068704096f,-0.31685536788380647f,0.7421875f,0.7839275353708214f,0.31385298041374166f,0.5356808060522993f,-0.02608289174459958f,0f,0f,0f,1f],start_interpolation:0}