execute if entity @s[tag=aj.splitleaf_infinite.bone.right_arm2] run data modify entity @s {} merge value {transformation:[0.13122214512990038f,-0.7991620793937814f,0.5866180354255351f,0.3071914546322133f,0.9285509435351077f,-0.10818357103294995f,-0.3550907774339113f,1.3598196520147714f,0.34723751797230695f,0.5913005038198138f,0.7278666225998178f,-0.29714476008166535f,0f,0f,0f,1f],start_interpolation:0}
execute if entity @s[tag=aj.splitleaf_infinite.bone.right_arm] run data modify entity @s {} merge value {transformation:[0.13122214512990038f,-0.6371244505998248f,0.7595085141559496f,0.1479103419822571f,0.9285509435351077f,-0.1893591232837235f,-0.31927459606000674f,1.3124798711938406f,0.34723751797230695f,0.7471382448229313f,0.5667543993965471f,-0.11036019887593254f,0f,0f,0f,1f],start_interpolation:0}
execute if entity @s[tag=aj.splitleaf_infinite.locator_origin.splitleaf0] at @s on origin run tp @s ^0.16852 ^0.40275 ^2.24723 ~-171.96868 ~-25.3858
execute if entity @s[tag=aj.splitleaf_infinite.locator_origin.splitleaf1] at @s on origin run tp @s ^0.24741 ^0.6707 ^1.68811 ~-171.96868 ~-25.3858
execute if entity @s[tag=aj.splitleaf_infinite.locator_origin.splitleaf2] at @s on origin run tp @s ^0.3263 ^0.93864 ^1.129 ~-171.96868 ~-25.3858
execute if entity @s[tag=aj.splitleaf_infinite.locator_origin.splitleaf3] at @s on origin run tp @s ^0.43577 ^1.20029 ^0.57119 ~-171.96868 ~-25.3858
execute if entity @s[tag=aj.splitleaf_infinite.locator_origin.splitleaf4] at @s on origin run tp @s ^0.51466 ^1.46824 ^0.01207 ~-171.96868 ~-25.3858
execute if entity @s[tag=aj.splitleaf_infinite.locator_origin.splitleaf5] at @s on origin run tp @s ^0.59355 ^1.73618 ^-0.54704 ~-171.96868 ~-25.3858
execute if entity @s[tag=aj.splitleaf_infinite.bone.splitleaf_greatsword] run data modify entity @s {} merge value {transformation:[0.41258538283573254f,-2.4873516146482113f,-0.3208187828380097f,0.35616592876396325f,2.238474093459767f,0.5118452109966752f,-1.089641068119995f,1.014122333421254f,1.1309626338762062f,-0.10566867809876317f,2.273725378248018f,0.9316945026935515f,0f,0f,0f,1f],start_interpolation:0}
execute if entity @s[tag=aj.splitleaf_infinite.bone.left_arm2] run data modify entity @s {} merge value {transformation:[-0.7749099151774541f,-0.6320712346284434f,0.000760075617980166f,0.22327524125768186f,-0.2429244078655039f,0.29671111713376835f,-0.9235530548010901f,1.1152024897506625f,0.5835257967072784f,-0.7158550602772225f,-0.3834699170112688f,0.6680733823795518f,0f,0f,0f,1f],start_interpolation:0}
execute if entity @s[tag=aj.splitleaf_infinite.bone.left_arm] run data modify entity @s {} merge value {transformation:[-0.9291122073602078f,-0.36979714495828137f,0.000760075617980166f,0.01468692909808552f,-0.14245837183229115f,0.356027200172216f,-0.9235530548010901f,1.18640199331468f,0.3412566752887536f,-0.8581926964955109f,-0.3834699170112688f,0.4961822926667683f,0f,0f,0f,1f],start_interpolation:0}
execute if entity @s[tag=aj.splitleaf_infinite.bone.head] run data modify entity @s {} merge value {transformation:[0.9952008267453973f,-0.06652852057882847f,0.07175841689216375f,0.13156369409272448f,0.078184027797943f,0.981589733638651f,-0.1742666135910509f,1.3482459287138595f,-0.058843625335015304f,0.17904063998096792f,0.9820803821442712f,0.23666809785540086f,0f,0f,0f,1f],start_interpolation:0}
execute if entity @s[tag=aj.splitleaf_infinite.bone.body_top] run data modify entity @s {} merge value {transformation:[0.29402502237987205f,0.17750903485190989f,0.9391697550285885f,0.061669511619784956f,0.2301838109432734f,0.9405319843127926f,-0.24982994148874965f,0.9779114598906973f,-0.9276662650943748f,0.2896379274725328f,0.23568023161747945f,0.12262316391309105f,0f,0f,0f,1f],start_interpolation:0}
execute if entity @s[tag=aj.splitleaf_infinite.bone.body] run data modify entity @s {} merge value {transformation:[0.29402502237987205f,0.14095888370236564f,0.9453464334940385f,-1.3877787807814457e-17f,0.2301838109432734f,0.9495119083215938f,-0.21317258063624545f,0.5625f,-0.9276662650943748f,0.28028151751563674f,0.24673380705729153f,-6.938893903907228e-18f,0f,0f,0f,1f],start_interpolation:0}
execute if entity @s[tag=aj.splitleaf_infinite.locator_origin.player_camera] at @s on origin run tp @s ^0 ^-0.125 ^-0.5625 ~-180 ~0
execute if entity @s[tag=aj.splitleaf_infinite.bone.right_leg2] run data modify entity @s {} merge value {transformation:[0.9766051608436846f,-0.0923243036419138f,0.19421272556276165f,0.11554467237156302f,0.2011961035451379f,0.7111145833437348f,-0.6736736430009123f,0.4134857460365938f,-0.0759110514466439f,0.6969880001211657f,0.7130534621999692f,-0.2757211095834999f,0f,0f,0f,1f],start_interpolation:0}
execute if entity @s[tag=aj.splitleaf_infinite.bone.right_leg] run data modify entity @s {} merge value {transformation:[0.9766051608436846f,-0.10895522360396266f,0.1853944957729095f,0.07638888888888894f,0.2011961035451379f,0.7673053636856131f,-0.6089027892673372f,0.689236111111111f,-0.0759110514466439f,0.631958256618821f,0.7712757445684166f,-0.048611111111111056f,0f,0f,0f,1f],start_interpolation:0}
execute if entity @s[tag=aj.splitleaf_infinite.bone.left_leg2] run data modify entity @s {} merge value {transformation:[0.9915244387580983f,0.10196554236188074f,-0.08051282827156071f,-0.07400905865118164f,-0.09910346600512912f,0.9943208584226713f,0.03878831694431567f,0.4178750596521124f,0.08401065629554702f,-0.030480463848996497f,0.9959985697541647f,0.37759774077806485f,0f,0f,0f,1f],start_interpolation:0}
execute if entity @s[tag=aj.splitleaf_infinite.bone.left_leg] run data modify entity @s {} merge value {transformation:[0.9915244387580983f,0.1286435641694712f,0.018169225168219588f,-0.02777777777777793f,-0.09910346600512912f,0.6584732639632043f,0.7460505771537307f,0.654513888888889f,0.08401065629554702f,-0.7415280129863062f,0.6656413565767769f,0.11111111111111105f,0f,0f,0f,1f],start_interpolation:0}