execute if entity @s[tag=aj.splitleaf_infinite.bone.right_arm2] run data modify entity @s {} merge value {transformation:[-0.6835711288377234f,0.4304391542726086f,-0.5894511398653857f,-0.139900077317436f,0.3449984642347329f,0.9022310645403526f,0.2587569629093259f,1.03353407840764f,0.6432002576921099f,-0.026480948764421974f,-0.765239954430857f,0.5408257689086584f,0f,0f,0f,1f],start_interpolation:0}
execute if entity @s[tag=aj.splitleaf_infinite.bone.right_arm] run data modify entity @s {} merge value {transformation:[-0.6835711288377234f,-0.07552493317094877f,-0.7259659057345907f,-0.1587813106101732f,0.3449984642347329f,0.8430723000596848f,-0.412559276404917f,1.2443021534225611f,0.6432002576921099f,-0.5324707328497942f,-0.5502438978882065f,0.40770808569620987f,0f,0f,0f,1f],start_interpolation:0}
execute if entity @s[tag=aj.splitleaf_infinite.locator_origin.splitleaf0] at @s on origin run tp @s ^-1.62532 ^-0.22393 ^-0.19511 ~-109.14243 ~-44.06753
execute if entity @s[tag=aj.splitleaf_infinite.locator_origin.splitleaf1] at @s on origin run tp @s ^-1.20107 ^0.21076 ^-0.34237 ~-109.14243 ~-44.06753
execute if entity @s[tag=aj.splitleaf_infinite.locator_origin.splitleaf2] at @s on origin run tp @s ^-0.77683 ^0.64545 ^-0.48963 ~-109.14243 ~-44.06753
execute if entity @s[tag=aj.splitleaf_infinite.locator_origin.splitleaf3] at @s on origin run tp @s ^-0.34833 ^1.08626 ^-0.60654 ~-109.14243 ~-44.06753
execute if entity @s[tag=aj.splitleaf_infinite.locator_origin.splitleaf4] at @s on origin run tp @s ^0.07592 ^1.52095 ^-0.7538 ~-109.14243 ~-44.06753
execute if entity @s[tag=aj.splitleaf_infinite.locator_origin.splitleaf5] at @s on origin run tp @s ^0.50016 ^1.95565 ^-0.90106 ~-109.14243 ~-44.06753
execute if entity @s[tag=aj.splitleaf_infinite.bone.splitleaf_greatsword] run data modify entity @s {} merge value {transformation:[-1.83398633771438f,-0.346469605034324f,-1.7252600877284565f,-0.6198155958784782f,1.7570261441904669f,-0.49800631511355564f,-1.7677438398089915f,0.7830965385171454f,-0.09707052154294693f,-2.4682013628022377f,0.5988562356300579f,-0.5334397392869562f,0f,0f,0f,1f],start_interpolation:0}
execute if entity @s[tag=aj.splitleaf_infinite.bone.left_arm2] run data modify entity @s {} merge value {transformation:[-0.4166403327059966f,0.1320988774633872f,-0.89942243675347f,-0.22412367346894602f,-0.8626274533804366f,0.25474627287745305f,0.4370105412108828f,1.4104618075538524f,0.28685311543892833f,0.9579427034160025f,0.007814546373381564f,-0.3390391255445463f,0f,0f,0f,1f],start_interpolation:0}
execute if entity @s[tag=aj.splitleaf_infinite.bone.left_arm] run data modify entity @s {} merge value {transformation:[-0.4141248008242171f,-0.11514222078400022f,-0.9029080342622007f,-0.3046748287679732f,-0.8815732977775103f,-0.19616887421433107f,0.42935567241526795f,1.2512229267780808f,-0.22655941822839212f,0.9737864456760582f,-0.02026791132805633f,-0.12391244140408075f,0f,0f,0f,1f],start_interpolation:0}
execute if entity @s[tag=aj.splitleaf_infinite.bone.head] run data modify entity @s {} merge value {transformation:[0.6056272397488327f,-0.3783827074352864f,-0.7000301230576814f,-0.30850196985035705f,0.1647459510019923f,0.9202740354852917f,-0.35490064981634695f,1.4402589824238732f,0.7785078150556096f,0.0996103725801619f,0.6196800429026112f,0.19619901256369363f,0f,0f,0f,1f],start_interpolation:0}
execute if entity @s[tag=aj.splitleaf_infinite.bone.body_top] run data modify entity @s {} merge value {transformation:[0.2693400539532266f,-0.38860276002005273f,-0.8811605019752478f,-0.15548963309246128f,0f,0.9149732119384941f,-0.40351458639676907f,1.0799882802230911f,0.9630451367077626f,0.10868264047101969f,0.24643893426927102f,0.1534052228782296f,0f,0f,0f,1f],start_interpolation:0}
execute if entity @s[tag=aj.splitleaf_infinite.bone.body] run data modify entity @s {} merge value {transformation:[0.2693400539532266f,-0.38860276002005273f,-0.8811605019752478f,0.014524074416311802f,0f,0.9149732119384941f,-0.40351458639676907f,0.6796875f,0.9630451367077626f,0.10868264047101969f,0.24643893426927102f,0.1058565676721585f,0f,0f,0f,1f],start_interpolation:0}
execute if entity @s[tag=aj.splitleaf_infinite.locator_origin.player_camera] at @s on origin run tp @s ^-0.28643 ^-0.00781 ^0.19003 ~-105.625 ~0
execute if entity @s[tag=aj.splitleaf_infinite.bone.right_leg2] run data modify entity @s {} merge value {transformation:[0.43707475419177344f,-0.044873157237557415f,-0.8983051035186956f,-0.07185103764184515f,0.10514537239407257f,0.9944557566480593f,0.0014828127486549159f,0.43262551170504193f,0.8932581429308734f,-0.09510072465059996f,0.4393697102197853f,0.3237755708146799f,0f,0f,0f,1f],start_interpolation:0}
execute if entity @s[tag=aj.splitleaf_infinite.bone.right_leg] run data modify entity @s {} merge value {transformation:[0.43707475419177344f,0.33054082342896624f,-0.8364857579750548f,0.046937070777939585f,0.10514537239407257f,0.9048681413424919f,0.4125022393242196f,0.7578125f,0.8932581429308734f,-0.2682469213808146f,0.3607401824823545f,0.22737433344344968f,0f,0f,0f,1f],start_interpolation:0}
execute if entity @s[tag=aj.splitleaf_infinite.bone.left_leg2] run data modify entity @s {} merge value {transformation:[0.27879852117456716f,-0.2923417093595006f,-0.9147719440164527f,0.04388352840064792f,-0.16883109390509812f,0.9227850849963158f,-0.3463578332290899f,0.4129001250417276f,0.9453927471277123f,0.2510059996834885f,0.20791474647366937f,-0.09547353175690468f,0f,0f,0f,1f],start_interpolation:0}
execute if entity @s[tag=aj.splitleaf_infinite.bone.left_leg] run data modify entity @s {} merge value {transformation:[0.27879852117456716f,-0.17188855748442125f,-0.9448416313842227f,-0.017888921945315966f,-0.16883109390509812f,0.9597561737969319f,-0.2244195815642684f,0.7578125f,0.9453927471277123f,0.222086493656409f,0.23855846875288128f,-0.015661198099132696f,0f,0f,0f,1f],start_interpolation:0}