execute if entity @s[tag=aj.splitleaf_infinite.bone.right_arm2] run data modify entity @s {} merge value {transformation:[-0.15317586421474938f,0.6343093797400974f,-0.7577524433453171f,0.1968129621185335f,0.48246745575448174f,0.7172028346490339f,0.5028371984143455f,0.9255839065842018f,0.8624165517659445f,-0.2885683710061165f,-0.41589179661904196f,0.3407545045278395f,0f,0f,0f,1f],start_interpolation:0}
execute if entity @s[tag=aj.splitleaf_infinite.bone.right_arm] run data modify entity @s {} merge value {transformation:[-0.15317586421474938f,0.21274815152586607f,-0.9650261025715274f,0.25f,0.48246745575448174f,0.8683510629706356f,0.11485462801108468f,1.1426716723268606f,0.8624165517659445f,-0.448000731539687f,-0.2356544838954769f,0.22875432164291776f,0f,0f,0f,1f],start_interpolation:0}
execute if entity @s[tag=aj.splitleaf_infinite.locator_origin.splitleaf0] at @s on origin run tp @s ^-0.03984 ^0.3024 ^2.69291 ~179.55942 ~-12.65745
execute if entity @s[tag=aj.splitleaf_infinite.locator_origin.splitleaf1] at @s on origin run tp @s ^-0.04453 ^0.43935 ^2.08311 ~179.55942 ~-12.65745
execute if entity @s[tag=aj.splitleaf_infinite.locator_origin.splitleaf2] at @s on origin run tp @s ^-0.04922 ^0.5763 ^1.47332 ~179.55942 ~-12.65745
execute if entity @s[tag=aj.splitleaf_infinite.locator_origin.splitleaf3] at @s on origin run tp @s ^-0.05314 ^0.68277 ^0.85668 ~179.55942 ~-12.65745
execute if entity @s[tag=aj.splitleaf_infinite.locator_origin.splitleaf4] at @s on origin run tp @s ^-0.05783 ^0.81972 ^0.24688 ~179.55942 ~-12.65745
execute if entity @s[tag=aj.splitleaf_infinite.locator_origin.splitleaf5] at @s on origin run tp @s ^-0.06252 ^0.95667 ^-0.36291 ~179.55942 ~-12.65745
execute if entity @s[tag=aj.splitleaf_infinite.bone.splitleaf_greatsword] run data modify entity @s {} merge value {transformation:[2.540824204965158f,-0.06259532541340264f,0.019069062483732246f,-0.06713404298182912f,0.06525303220452082f,2.479039296463943f,-0.5569341548335106f,0.6167870366324073f,-0.004883205477346742f,0.5572391194706192f,2.4798246233313193f,1.264612738217151f,0f,0f,0f,1f],start_interpolation:0}
execute if entity @s[tag=aj.splitleaf_infinite.bone.left_arm2] run data modify entity @s {} merge value {transformation:[0.8637805913952594f,-0.447510063146637f,0.23155524893931656f,-0.2726412377653338f,0.1634091594246616f,0.683515927050719f,0.7114094630268293f,0.9792441394528408f,-0.4766345943644684f,-0.5766634381079567f,0.6635350349488184f,0.3262564564137994f,0f,0f,0f,1f],start_interpolation:0}
execute if entity @s[tag=aj.splitleaf_infinite.bone.left_arm] run data modify entity @s {} merge value {transformation:[0.8637805913952594f,-0.3413253446362947f,0.3706482146696116f,-0.25f,0.1634091594246616f,0.885611239346873f,0.4347300074283129f,1.2210730942176418f,-0.4766345943644684f,-0.3149440297122809f,0.8207494877266807f,0.18794112469017066f,0f,0f,0f,1f],start_interpolation:0}
execute if entity @s[tag=aj.splitleaf_infinite.bone.head] run data modify entity @s {} merge value {transformation:[1f,0f,0f,-1.3877787807814457e-17f,0f,0.9914448613738104f,-0.13052619222005155f,1.4177772153094637f,0f,0.13052619222005155f,0.9914448613738104f,0.249961695837927f,0f,0f,0f,1f],start_interpolation:0}
execute if entity @s[tag=aj.splitleaf_infinite.bone.body_top] run data modify entity @s {} merge value {transformation:[1f,0f,0f,-1.3877787807814457e-17f,0f,0.9537169507482269f,-0.30070579950427306f,1.0422511659523492f,0f,0.30070579950427306f,0.9537169507482269f,0.13155878728311945f,0f,0f,0f,1f],start_interpolation:0}
execute if entity @s[tag=aj.splitleaf_infinite.bone.body] run data modify entity @s {} merge value {transformation:[1f,0f,0f,-1.3877787807814457e-17f,0f,0.9537169507482269f,-0.30070579950427306f,0.625f,0f,0.30070579950427306f,0.9537169507482269f,-6.938893903907228e-18f,0f,0f,0f,1f],start_interpolation:0}
execute if entity @s[tag=aj.splitleaf_infinite.locator_origin.player_camera] at @s on origin run tp @s ^0 ^-0.0625 ^0.3125 ~-180 ~0
execute if entity @s[tag=aj.splitleaf_infinite.bone.right_leg2] run data modify entity @s {} merge value {transformation:[0.9914448649590033f,-0.13040193517748405f,0.005693421501253633f,0.16660775444203954f,0.1305261649877924f,0.9905012265169093f,-0.043246277551694245f,0.3870825881462483f,5.730189403529984e-8f,0.04361944028143677f,0.9990482192714879f,0.16594089099722986f,0f,0f,0f,1f],start_interpolation:0}
execute if entity @s[tag=aj.splitleaf_infinite.bone.right_leg] run data modify entity @s {} merge value {transformation:[0.9914448649590033f,-0.11577809931697963f,-0.06027031993420383f,0.12499999999999999f,0.1305261649877924f,0.8794223634191352f,0.4577982382795746f,0.703125f,5.730189403529984e-8f,-0.46174856625316135f,0.8870108576354331f,-6.938893903907228e-18f,0f,0f,0f,1f],start_interpolation:0}
execute if entity @s[tag=aj.splitleaf_infinite.bone.left_leg2] run data modify entity @s {} merge value {transformation:[0.9914448613738104f,0.10355339059327377f,-0.07945931129894555f,-0.1683372028331408f,-0.13052619222005157f,0.7865660924854933f,-0.6035533905932737f,0.3739462633461667f,-3.469446951953614e-18f,0.6087614290087205f,0.7933533402912352f,-0.1375268585062041f,0f,0f,0f,1f],start_interpolation:0}
execute if entity @s[tag=aj.splitleaf_infinite.bone.left_leg] run data modify entity @s {} merge value {transformation:[0.9914448613738104f,0.12059047744873962f,-0.049950211252314816f,-0.125f,-0.13052619222005157f,0.9159756150367535f,-0.37940952255126037f,0.703125f,-3.469446951953614e-18f,0.3826834323650897f,0.9238795325112867f,-6.938893903907228e-18f,0f,0f,0f,1f],start_interpolation:0}