execute if entity @s[tag=aj.splitleaf_infinite.bone.right_arm2] run data modify entity @s {} merge value {transformation:[-0.1563904034880783f,0.6249679241666835f,-0.7648249050989534f,0.19735924092990742f,0.4184694782412054f,0.7433434663055694f,0.5218465165940597f,0.9037166751429117f,0.8946649302824883f,-0.2384440916936452f,-0.37778178576927607f,0.3544029822689365f,0f,0f,0f,1f],start_interpolation:0}
execute if entity @s[tag=aj.splitleaf_infinite.bone.right_arm] run data modify entity @s {} merge value {transformation:[-0.1563904034880783f,0.21056303628037035f,-0.9649897664997427f,0.25f,0.4184694782412054f,0.899113191009858f,0.12836964412431795f,1.1284949728953761f,0.8946649302824883f,-0.3837429836550268f,-0.22872687865261598f,0.2584672363551798f,0f,0f,0f,1f],start_interpolation:0}
execute if entity @s[tag=aj.splitleaf_infinite.locator_origin.splitleaf0] at @s on origin run tp @s ^-0.07121 ^0.27072 ^2.66795 ~-179.58043 ~-13.0382
execute if entity @s[tag=aj.splitleaf_infinite.locator_origin.splitleaf1] at @s on origin run tp @s ^-0.06675 ^0.41172 ^2.05908 ~-179.58043 ~-13.0382
execute if entity @s[tag=aj.splitleaf_infinite.locator_origin.splitleaf2] at @s on origin run tp @s ^-0.06229 ^0.55272 ^1.45021 ~-179.58043 ~-13.0382
execute if entity @s[tag=aj.splitleaf_infinite.locator_origin.splitleaf3] at @s on origin run tp @s ^-0.0573 ^0.66328 ^0.83429 ~-179.58043 ~-13.0382
execute if entity @s[tag=aj.splitleaf_infinite.locator_origin.splitleaf4] at @s on origin run tp @s ^-0.05284 ^0.80428 ^0.22542 ~-179.58043 ~-13.0382
execute if entity @s[tag=aj.splitleaf_infinite.locator_origin.splitleaf5] at @s on origin run tp @s ^-0.04838 ^0.94528 ^-0.38345 ~-179.58043 ~-13.0382
execute if entity @s[tag=aj.splitleaf_infinite.bone.splitleaf_greatsword] run data modify entity @s {} merge value {transformation:[2.541222618524385f,-0.043911968138502226f,-0.01813247359618293f,-0.07714224506251838f,0.03869075234296336f,2.475839895183119f,-0.5734015029167785f,0.594767085895626f,0.0275694255951875f,0.573025302162381f,2.476075801404009f,1.241569191818942f,0f,0f,0f,1f],start_interpolation:0}
execute if entity @s[tag=aj.splitleaf_infinite.bone.left_arm2] run data modify entity @s {} merge value {transformation:[0.8619013760479342f,-0.449531335543156f,0.23462224176634294f,-0.2679929682969805f,0.1991383031858665f,0.7255953406266752f,0.6586769601747984f,0.9549930226746801f,-0.46633673903192707f,-0.5209923032307153f,0.7149105299290412f,0.33722596971451063f,0f,0f,0f,1f],start_interpolation:0}
execute if entity @s[tag=aj.splitleaf_infinite.bone.left_arm] run data modify entity @s {} merge value {transformation:[0.8546253075880456f,-0.35534078060610086f,0.3786139369704785f,-0.25f,0.2182493218237588f,0.9074505617618708f,0.3590274522672806f,1.2091368283431176f,-0.47115052494240933f,-0.22420171184964666f,0.8530830998502901f,0.2222817261342978f,0f,0f,0f,1f],start_interpolation:0}
execute if entity @s[tag=aj.splitleaf_infinite.bone.head] run data modify entity @s {} merge value {transformation:[0.999869422672177f,0.003114182460087161f,-0.0158568430910011f,-1.3877787807814457e-17f,-0.005747228335190136f,0.9856290966434077f,-0.1688261034803664f,1.4019019816963467f,0.015103210641136261f,0.16889519151682642f,0.985518293747419f,0.2956346957586161f,0f,0f,0f,1f],start_interpolation:0}
execute if entity @s[tag=aj.splitleaf_infinite.bone.body_top] run data modify entity @s {} merge value {transformation:[1f,0f,0f,-1.3877787807814457e-17f,0f,0.9346189253489884f,-0.3556507618148765f,1.0338957798401824f,0f,0.3556507618148765f,0.9346189253489884f,0.15559720829400847f,0f,0f,0f,1f],start_interpolation:0}
execute if entity @s[tag=aj.splitleaf_infinite.bone.body] run data modify entity @s {} merge value {transformation:[1f,0f,0f,-1.3877787807814457e-17f,0f,0.9346189253489884f,-0.3556507618148765f,0.625f,0f,0.3556507618148765f,0.9346189253489884f,-6.938893903907228e-18f,0f,0f,0f,1f],start_interpolation:0}
execute if entity @s[tag=aj.splitleaf_infinite.locator_origin.player_camera] at @s on origin run tp @s ^0 ^-0.0625 ^0.3125 ~-180 ~0
execute if entity @s[tag=aj.splitleaf_infinite.bone.right_leg2] run data modify entity @s {} merge value {transformation:[0.9913031388116359f,-0.13140011087260145f,-0.007217883683363097f,0.16316381119991058f,0.13139523300245198f,0.9913293977885232f,-0.0011479653632264775f,0.4043043136424476f,0.007306143061141815f,0.00018958615945335877f,0.9999732918086653f,0.1959594640340162f,0f,0f,0f,1f],start_interpolation:0}
execute if entity @s[tag=aj.splitleaf_infinite.bone.right_leg] run data modify entity @s {} merge value {transformation:[0.9913031388116359f,-0.106194952904099f,-0.07772206224679523f,0.12499999999999999f,0.13139523300245198f,0.8315010402992762f,0.5397604215996694f,0.703125f,0.007306143061141815f,-0.5452785086163929f,0.8382231017543316f,-6.938893903907228e-18f,0f,0f,0f,1f],start_interpolation:0}
execute if entity @s[tag=aj.splitleaf_infinite.bone.left_leg2] run data modify entity @s {} merge value {transformation:[0.9916480472102129f,0.09583452588683927f,-0.08631276911451718f,-0.16619269001182718f,-0.12897223051048398f,0.73975196538174f,-0.6604038109149608f,0.3856905660981991f,0.0005605544771073098f,0.6660200998182393f,0.7459335844542601f,-0.16336747867318227f,0f,0f,0f,1f],start_interpolation:0}
execute if entity @s[tag=aj.splitleaf_infinite.bone.left_leg] run data modify entity @s {} merge value {transformation:[0.9916480472102129f,0.11462313742421479f,-0.05912433366390518f,-0.125f,-0.12897223051048398f,0.8832958160745765f,-0.45072681866325454f,0.703125f,0.0005605544771073098f,0.4545877667427681f,0.890701772821016f,-6.938893903907228e-18f,0f,0f,0f,1f],start_interpolation:0}