execute if entity @s[tag=aj.splitleaf_infinite.bone.right_arm2] run data modify entity @s {} merge value {transformation:[-0.6173041516890465f,0.45578961558665565f,-0.6412420842636851f,-0.08181369344747297f,0.3241929807966067f,0.8900311616123636f,0.3205361798005923f,1.0032293241968635f,0.7168224993048677f,-0.010017868152220666f,-0.6971837252891142f,0.5351004899907283f,0f,0f,0f,1f],start_interpolation:0}
execute if entity @s[tag=aj.splitleaf_infinite.bone.right_arm] run data modify entity @s {} merge value {transformation:[-0.6173041516890465f,-0.07237886717299152f,-0.7833880800051918f,-0.09990841024072085f,0.3241929807966067f,0.8838808848638562f,-0.33712533659530497f,1.2241995454128276f,0.7168224993048677f,-0.46207778669726274f,-0.5221586191295527f,0.4195810433164126f,0f,0f,0f,1f],start_interpolation:0}
execute if entity @s[tag=aj.splitleaf_infinite.locator_origin.splitleaf0] at @s on origin run tp @s ^-1.37502 ^-0.27719 ^0.13525 ~-131.30764 ~-48.65002
execute if entity @s[tag=aj.splitleaf_infinite.locator_origin.splitleaf1] at @s on origin run tp @s ^-1.06485 ^0.19199 ^-0.13731 ~-131.30764 ~-48.65002
execute if entity @s[tag=aj.splitleaf_infinite.locator_origin.splitleaf2] at @s on origin run tp @s ^-0.75468 ^0.66117 ^-0.40987 ~-131.30764 ~-48.65002
execute if entity @s[tag=aj.splitleaf_infinite.locator_origin.splitleaf3] at @s on origin run tp @s ^-0.42456 ^1.13113 ^-0.65839 ~-131.30764 ~-48.65002
execute if entity @s[tag=aj.splitleaf_infinite.locator_origin.splitleaf4] at @s on origin run tp @s ^-0.11439 ^1.60031 ^-0.93096 ~-131.30764 ~-48.65002
execute if entity @s[tag=aj.splitleaf_infinite.locator_origin.splitleaf5] at @s on origin run tp @s ^0.19577 ^2.06949 ^-1.20352 ~-131.30764 ~-48.65002
execute if entity @s[tag=aj.splitleaf_infinite.bone.splitleaf_greatsword] run data modify entity @s {} merge value {transformation:[-1.4953538998745413f,-1.6226452534323212f,-1.2613518700537125f,-0.6357474094920207f,1.6779803908665403f,-0.06317867192308557f,-1.9079988751898806f,0.8100695691878784f,1.1867467996341146f,-1.9552749886836969f,1.1084228419834166f,-0.5058095257514498f,0f,0f,0f,1f],start_interpolation:0}
execute if entity @s[tag=aj.splitleaf_infinite.bone.left_arm2] run data modify entity @s {} merge value {transformation:[-0.15887358939637428f,0.2149955478132729f,-0.9636057788394496f,-0.3231912867650705f,-0.9306279730775415f,0.29329982668720617f,0.2188761919232905f,1.3947995475477992f,0.32968281471423183f,0.9315321390514257f,0.15348327464703115f,-0.30160419669125027f,0f,0f,0f,1f],start_interpolation:0}
execute if entity @s[tag=aj.splitleaf_infinite.bone.left_arm] run data modify entity @s {} merge value {transformation:[-0.2067699270033868f,0.062114886805866965f,-0.976415863310356f,-0.3335088059390271f,-0.9717222803476662f,-0.12934753630757148f,0.197547525236569f,1.2409973784274482f,-0.1140263441619764f,0.9896519366364394f,0.08710360009091891f,-0.06844450555238746f,0f,0f,0f,1f],start_interpolation:0}
execute if entity @s[tag=aj.splitleaf_infinite.bone.head] run data modify entity @s {} merge value {transformation:[0.7129051222913836f,-0.3481014772760158f,-0.60876239053424f,-0.2859160932718095f,0.15217873063873844f,0.9242055405223565f,-0.35026526063679425f,1.4293181520128142f,0.6845494288595158f,0.1570652106165925f,0.7118445048337985f,0.2423632111299991f,0f,0f,0f,1f],start_interpolation:0}
execute if entity @s[tag=aj.splitleaf_infinite.bone.body_top] run data modify entity @s {} merge value {transformation:[0.44228869021900186f,-0.3694600694812512f,-0.8172392376552098f,-0.14044119091356683f,0f,0.9112098069327089f,-0.41194257821892527f,1.0705292905330601f,0.8968727415326878f,0.18219754336588717f,0.4030177920229774f,0.17062292842968102f,0f,0f,0f,1f],start_interpolation:0}
execute if entity @s[tag=aj.splitleaf_infinite.bone.body] run data modify entity @s {} merge value {transformation:[0.44228869021900186f,-0.3694600694812512f,-0.8172392376552098f,0.021197589484480597f,0f,0.9112098069327089f,-0.41194257821892527f,0.671875f,0.8968727415326878f,0.18219754336588717f,0.4030177920229774f,0.09091150320710537f,0f,0f,0f,1f],start_interpolation:0}
execute if entity @s[tag=aj.splitleaf_infinite.locator_origin.player_camera] at @s on origin run tp @s ^-0.25908 ^-0.01562 ^0.22913 ~-116.25 ~0
execute if entity @s[tag=aj.splitleaf_infinite.bone.right_leg2] run data modify entity @s {} merge value {transformation:[0.5753998801937817f,-0.051829033485998766f,-0.8162283560137374f,-0.038072820589005504f,0.1074091630207531f,0.9941351552092053f,0.012592254617451948f,0.4319658311450001f,0.8107886590056391f,-0.09491598635149234f,0.577592162310709f,0.32698425079453874f,0f,0f,0f,1f],start_interpolation:0}
execute if entity @s[tag=aj.splitleaf_infinite.bone.right_leg] run data modify entity @s {} merge value {transformation:[0.5753998801937817f,0.3163251448019384f,-0.7542236940318263f,0.07560652832419111f,0.1074091630207531f,0.8849646437704346f,0.4531013694257048f,0.75f,0.8107886590056391f,-0.34172500938956807f,0.4752323309556461f,0.20417682554516273f,0f,0f,0f,1f],start_interpolation:0}
execute if entity @s[tag=aj.splitleaf_infinite.bone.left_leg2] run data modify entity @s {} merge value {transformation:[0.4470942482285836f,-0.2948784679486164f,-0.8444841160976293f,0.029664083924933582f,-0.1638643299305894f,0.9011209073895313f,-0.40140950616778703f,0.409288018433467f,0.8793493131727096f,0.3178487052132578f,0.3545659120910228f,-0.11781279530311817f,0f,0f,0f,1f],start_interpolation:0}
execute if entity @s[tag=aj.splitleaf_infinite.bone.left_leg] run data modify entity @s {} merge value {transformation:[0.4470942482285836f,-0.17495772738828108f,-0.8772095113643292f,-0.03321134935522993f,-0.1638643299305894f,0.9480681226199178f,-0.27260835689381085f,0.75f,0.8793493131727096f,0.26562497717472333f,0.39520647378757734f,-0.022353819130951975f,0f,0f,0f,1f],start_interpolation:0}