execute if entity @s[tag=aj.splitleaf_infinite.bone.right_arm2] run data modify entity @s {} merge value {transformation:[-0.29851376188894163f,0.13277344353774273f,-0.9451247254484683f,0.4024836228295074f,0.8693330495172301f,-0.3708679392911145f,-0.32667571171275606f,1.368276145745023f,-0.39389031846439926f,-0.919145355369374f,-0.00471515884377971f,0.5066426009560044f,0f,0f,0f,1f],start_interpolation:0}
execute if entity @s[tag=aj.splitleaf_infinite.bone.right_arm] run data modify entity @s {} merge value {transformation:[-0.29851376188894163f,-0.30430019568147676f,-0.9045943427145273f,0.3264085739091382f,0.8693330495172301f,-0.47786173388476505f,-0.12612776183584426f,1.2488107122738317f,-0.39389031846439926f,-0.8240446311923049f,0.40718652092518137f,0.3006314431579282f,0f,0f,0f,1f],start_interpolation:0}
execute if entity @s[tag=aj.splitleaf_infinite.locator_origin.splitleaf0] at @s on origin run tp @s ^0.6615 ^1.25169 ^1.93244 ~137.03246 ~4.91682
execute if entity @s[tag=aj.splitleaf_infinite.locator_origin.splitleaf1] at @s on origin run tp @s ^0.23708 ^1.19812 ^1.47679 ~137.03246 ~4.91682
execute if entity @s[tag=aj.splitleaf_infinite.locator_origin.splitleaf2] at @s on origin run tp @s ^-0.18734 ^1.14455 ^1.02113 ~137.03246 ~4.91682
execute if entity @s[tag=aj.splitleaf_infinite.locator_origin.splitleaf3] at @s on origin run tp @s ^-0.59156 ^1.1035 ^0.54518 ~137.03246 ~4.91682
execute if entity @s[tag=aj.splitleaf_infinite.locator_origin.splitleaf4] at @s on origin run tp @s ^-1.01598 ^1.04993 ^0.08953 ~137.03246 ~4.91682
execute if entity @s[tag=aj.splitleaf_infinite.locator_origin.splitleaf5] at @s on origin run tp @s ^-1.4404 ^0.99636 ^-0.36612 ~137.03246 ~4.91682
execute if entity @s[tag=aj.splitleaf_infinite.bone.splitleaf_greatsword] run data modify entity @s {} merge value {transformation:[-0.8833649172199273f,-1.6433849746044598f,1.7259842678059891f,-0.32224800024166045f,2.318838190461512f,-1.01764556082368f,0.21784490684311372f,1.113636930287144f,0.5502047927150929f,1.6503795873145666f,1.8529952369861038f,0.8587595498936759f,0f,0f,0f,1f],start_interpolation:0}
execute if entity @s[tag=aj.splitleaf_infinite.bone.left_arm2] run data modify entity @s {} merge value {transformation:[0.8870111997943397f,0.3309882099923618f,-0.3219595258498478f,-0.598364409811716f,0.23669147046367936f,0.27276676997578336f,0.9325102878825089f,1.1528716032031523f,0.3964697709146914f,-0.9033521428784186f,0.163605093771013f,0.21070858443861754f,0f,0f,0f,1f],start_interpolation:0}
execute if entity @s[tag=aj.splitleaf_infinite.bone.left_arm] run data modify entity @s {} merge value {transformation:[0.5702578226504582f,0.755743395221222f,-0.3219595258498478f,-0.33814633317510323f,0.05306608280792388f,0.35722339487875543f,0.9325102878825089f,1.2488107122738317f,0.8197499658806835f,-0.5488564172265793f,0.163605093771013f,0.17596322586705815f,0f,0f,0f,1f],start_interpolation:0}
execute if entity @s[tag=aj.splitleaf_infinite.bone.head] run data modify entity @s {} merge value {transformation:[0.99835462828478f,-0.03049254878826877f,-0.048561720014371146f,-0.01489473047975068f,0.022150407445459305f,0.9862301493654106f,-0.16388853508613718f,1.4149742662054523f,0.05289041153516641f,0.16254321564148697f,0.9852828565526582f,0.1477093747443211f,0f,0f,0f,1f],start_interpolation:0}
execute if entity @s[tag=aj.splitleaf_infinite.bone.body_top] run data modify entity @s {} merge value {transformation:[0.9828549916653015f,-0.03049254878826877f,-0.18184133145958725f,-0.0028882893943698498f,0f,0.9862301493654106f,-0.16537863369456127f,1.0266461448928217f,0.1843802195426625f,0.16254321564148697f,0.9693212252346097f,0.08370798358548559f,0f,0f,0f,1f],start_interpolation:0}
execute if entity @s[tag=aj.splitleaf_infinite.bone.body] run data modify entity @s {} merge value {transformation:[0.9828549916653015f,-0.03049254878826877f,-0.18184133145958725f,0.010452200700497738f,0f,0.9862301493654106f,-0.16537863369456127f,0.5951704545454546f,0.1843802195426625f,0.16254321564148697f,0.9693212252346097f,0.012595326742335052f,0f,0f,0f,1f],start_interpolation:0}
execute if entity @s[tag=aj.splitleaf_infinite.locator_origin.player_camera] at @s on origin run tp @s ^-0.04717 ^-0.09233 ^0.31974 ~-169.375 ~0
execute if entity @s[tag=aj.splitleaf_infinite.bone.right_leg2] run data modify entity @s {} merge value {transformation:[0.9894377213377488f,-0.13596108877737198f,0.05027502294813468f,0.18611971782429382f,0.1449536190853952f,0.9308668859994399f,-0.33537335741491436f,0.3275366346574826f,-0.0012016272342260381f,0.33911859708393666f,0.9407428624251226f,-0.04038813078826639f,0f,0f,0f,1f],start_interpolation:0}
execute if entity @s[tag=aj.splitleaf_infinite.bone.right_leg] run data modify entity @s {} merge value {transformation:[0.9894377213377488f,-0.1406666414144222f,0.035012734642559024f,0.13556764356598583f,0.1449536190853952f,0.9621114988187046f,-0.23093270048841477f,0.6732954545454546f,-0.0012016272342260381f,0.23356874755414547f,0.9723395478216333f,0.043550637864004635f,0f,0f,0f,1f],start_interpolation:0}
execute if entity @s[tag=aj.splitleaf_infinite.bone.left_leg2] run data modify entity @s {} merge value {transformation:[0.9708271086364749f,0.16515059433184193f,-0.1738390241815164f,-0.19306929452361013f,-0.1723292081259288f,0.9846710067414823f,-0.026937938106061432f,0.3414794941108053f,0.1667254304634802f,0.0561096219427209f,0.984405577575733f,0.0952228047190524f,0f,0f,0f,1f],start_interpolation:0}
execute if entity @s[tag=aj.splitleaf_infinite.bone.left_leg] run data modify entity @s {} merge value {transformation:[0.9708271086364749f,0.21817336308485502f,-0.09947416135251651f,-0.11466324216499035f,-0.1723292081259288f,0.9233139768616327f,0.3432112238238234f,0.6732954545454546f,0.1667254304634802f,-0.3160564566215984f,0.9339758814148079f,-0.01835998437933454f,0f,0f,0f,1f],start_interpolation:0}