execute if entity @s[tag=aj.splitleaf_infinite.bone.right_arm2] run data modify entity @s {} merge value {transformation:[0.3520319803771095f,0.4547453695850405f,-0.8180954306391983f,0.27418366564364166f,0.9142643170490985f,0.02015350954784212f,0.4046166020118932f,1.285509415695959f,0.20048502029457477f,-0.8903934438740382f,-0.4086627848772313f,0.27219173839752764f,0f,0f,0f,1f],start_interpolation:0}
execute if entity @s[tag=aj.splitleaf_infinite.bone.right_arm] run data modify entity @s {} merge value {transformation:[0.3520319803771095f,-0.09673466257456664f,-0.9309757729653094f,0.25f,0.9142643170490985f,0.24858733721616377f,0.31988293850488964f,1.34765625f,0.20048502029457477f,-0.9637669535901106f,0.17595174283058945f,0.031249999999999993f,0f,0f,0f,1f],start_interpolation:0}
execute if entity @s[tag=aj.splitleaf_infinite.locator_origin.splitleaf0] at @s on origin run tp @s ^1.35023 ^2.4785 ^0.49482 ~96.34067 ~36.94535
execute if entity @s[tag=aj.splitleaf_infinite.locator_origin.splitleaf1] at @s on origin run tp @s ^0.85378 ^2.10285 ^0.43966 ~96.34067 ~36.94535
execute if entity @s[tag=aj.splitleaf_infinite.locator_origin.splitleaf2] at @s on origin run tp @s ^0.35733 ^1.72719 ^0.38449 ~96.34067 ~36.94535
execute if entity @s[tag=aj.splitleaf_infinite.locator_origin.splitleaf3] at @s on origin run tp @s ^-0.13506 ^1.34183 ^0.35875 ~96.34067 ~36.94535
execute if entity @s[tag=aj.splitleaf_infinite.locator_origin.splitleaf4] at @s on origin run tp @s ^-0.63151 ^0.96617 ^0.30359 ~96.34067 ~36.94535
execute if entity @s[tag=aj.splitleaf_infinite.locator_origin.splitleaf5] at @s on origin run tp @s ^-1.12796 ^0.59052 ^0.24842 ~96.34067 ~36.94535
execute if entity @s[tag=aj.splitleaf_infinite.bone.splitleaf_greatsword] run data modify entity @s {} merge value {transformation:[1.5082129911603621f,-0.3307823158894346f,2.018897242861652f,0.1794113159604087f,-1.8719891787764005f,0.7886257171721553f,1.5276764831610143f,1.6097026917622408f,-0.8252390758341578f,-2.3934748760231366f,0.22433887315144257f,0.37655873488423286f,0f,0f,0f,1f],start_interpolation:0}
execute if entity @s[tag=aj.splitleaf_infinite.bone.left_arm2] run data modify entity @s {} merge value {transformation:[0.9381656065569356f,-0.26534724662615217f,0.22234237873508766f,-0.28878963148008974f,-0.23331409952588683f,-0.010148942259633142f,0.9723484611667955f,1.3312202939655855f,-0.25575344696813335f,-0.9640994957362703f,-0.07143064247917419f,0.2997224059773567f,0f,0f,0f,1f],start_interpolation:0}
execute if entity @s[tag=aj.splitleaf_infinite.bone.left_arm] run data modify entity @s {} merge value {transformation:[0.9381656065569356f,-0.17329927735810896f,0.29968759590749566f,-0.21484375f,-0.23331409952588683f,0.3230258739006012f,0.9171798164772148f,1.3828125f,-0.25575344696813335f,-0.9303879004253602f,0.2626186000762476f,0.03515624999999999f,0f,0f,0f,1f],start_interpolation:0}
execute if entity @s[tag=aj.splitleaf_infinite.bone.head] run data modify entity @s {} merge value {transformation:[1f,0f,0f,-1.3877787807814457e-17f,0f,0.9999405050001497f,-0.010908091494182372f,1.51875f,0f,0.010908091494182372f,0.9999405050001497f,-6.938893903907228e-18f,0f,0f,0f,1f],start_interpolation:0}
execute if entity @s[tag=aj.splitleaf_infinite.locator_origin.player_camera] at @s on origin run tp @s ^0 ^0 ^-0.5625 ~-180 ~0
execute if entity @s[tag=aj.splitleaf_infinite.bone.right_leg2] run data modify entity @s {} merge value {transformation:[0.9961461435178112f,-0.08555764349219644f,0.019306744796952578f,0.1565203611597155f,0.08752431350848251f,0.9553916344947074f,-0.28207502420880937f,0.40834995702381655f,0.005688171890977282f,0.28267775713273546f,0.959198066263139f,-0.02261417970494089f,0f,0f,0f,1f],start_interpolation:0}
execute if entity @s[tag=aj.splitleaf_infinite.bone.right_leg] run data modify entity @s {} merge value {transformation:[0.9961461435178112f,-0.0877088310531214f,-0.0001473427549841225f,0.12499999999999999f,0.08752431350848251f,0.9941566413250322f,-0.0631828066344007f,0.765625f,0.005688171890977282f,0.06292641309200941f,0.9980019595351066f,-6.938893903907228e-18f,0f,0f,0f,1f],start_interpolation:0}
execute if entity @s[tag=aj.splitleaf_infinite.bone.left_leg2] run data modify entity @s {} merge value {transformation:[0.9940563382223196f,0.10768855531683888f,-0.015974088199501246f,-0.16382980221226184f,-0.10886687485196457f,0.983297179351124f,-0.14585835814272052f,0.4110726069648895f,0f,0.1467304744553617f,0.9891765099647809f,0.04399133639971831f,0f,0f,0f,1f],start_interpolation:0}
execute if entity @s[tag=aj.splitleaf_infinite.bone.left_leg] run data modify entity @s {} merge value {transformation:[0.9940563382223196f,0.10804814528629379f,0.013326467657457554f,-0.125f,-0.10886687485196457f,0.9865805719237857f,0.12168310754785455f,0.765625f,0f,-0.1224106751992162f,0.99247953459871f,-6.938893903907228e-18f,0f,0f,0f,1f],start_interpolation:0}