execute if entity @s[tag=aj.splitleaf_infinite.bone.right_arm2] run data modify entity @s {} merge value {transformation:[0.20177141268642917f,0.5376816314761307f,-0.8186493511850413f,0.24422218673960516f,0.9630999041487658f,0.043086736362063977f,0.26567293384593055f,1.2913660417265564f,0.17812038527681462f,-0.8420463148324042f,-0.5091474560733921f,0.28996056987070784f,0f,0f,0f,1f],start_interpolation:0}
execute if entity @s[tag=aj.splitleaf_infinite.bone.right_arm] run data modify entity @s {} merge value {transformation:[0.20177141268642917f,0.023111253041579405f,-0.97915992922779f,0.25f,0.9630999041487658f,0.17712842568636677f,0.20264277791845298f,1.3356481481481481f,0.17812038527681462f,-0.9839163535569055f,0.013481007088558483f,0.043981481481481476f,0f,0f,0f,1f],start_interpolation:0}
execute if entity @s[tag=aj.splitleaf_infinite.locator_origin.splitleaf0] at @s on origin run tp @s ^0.98374 ^2.99637 ^0.33217 ~88.52189 ~55.34673
execute if entity @s[tag=aj.splitleaf_infinite.locator_origin.splitleaf1] at @s on origin run tp @s ^0.62848 ^2.48224 ^0.34133 ~88.52189 ~55.34673
execute if entity @s[tag=aj.splitleaf_infinite.locator_origin.splitleaf2] at @s on origin run tp @s ^0.27322 ^1.96811 ^0.3505 ~88.52189 ~55.34673
execute if entity @s[tag=aj.splitleaf_infinite.locator_origin.splitleaf3] at @s on origin run tp @s ^-0.08078 ^1.45367 ^0.39089 ~88.52189 ~55.34673
execute if entity @s[tag=aj.splitleaf_infinite.locator_origin.splitleaf4] at @s on origin run tp @s ^-0.43604 ^0.93954 ^0.40006 ~88.52189 ~55.34673
execute if entity @s[tag=aj.splitleaf_infinite.locator_origin.splitleaf5] at @s on origin run tp @s ^-0.79131 ^0.42541 ^0.40922 ~88.52189 ~55.34673
execute if entity @s[tag=aj.splitleaf_infinite.bone.splitleaf_greatsword] run data modify entity @s {} merge value {transformation:[1.095664305540932f,-0.05381381509909751f,0.7578928556502987f,0.13905386516591556f,-0.7580261264831384f,0.013432165088169246f,1.0968107157973024f,1.8025015585935649f,-0.051902783261147833f,-1.3321792026688084f,-0.019556350483206288f,0.3600828943260359f,0f,0f,0f,1f],start_interpolation:0}
execute if entity @s[tag=aj.splitleaf_infinite.bone.left_arm2] run data modify entity @s {} merge value {transformation:[0.9302451299226245f,-0.36623531427334666f,0.022708871269670305f,-0.2335740974073532f,-0.18386903640021782f,-0.41168527212607003f,0.892584681790887f,1.4530997696489223f,-0.3175471236029305f,-0.8344980115575991f,-0.4503075537873182f,0.3228509709635172f,0f,0f,0f,1f],start_interpolation:0}
execute if entity @s[tag=aj.splitleaf_infinite.bone.left_arm] run data modify entity @s {} merge value {transformation:[0.9302451299226245f,-0.33638173088745515f,0.14659921343717763f,-0.2013888888888889f,-0.18386903640021782f,-0.0815756715066911f,0.9795598946830602f,1.4097222222222223f,-0.3175471236029305f,-0.9381858776081593f,-0.13773555586018094f,0.04861111111111111f,0f,0f,0f,1f],start_interpolation:0}
execute if entity @s[tag=aj.splitleaf_infinite.bone.head] run data modify entity @s {} merge value {transformation:[1f,0f,0f,-1.3877787807814457e-17f,0f,0.9999164298554373f,-0.012928004685808526f,1.51875f,0f,0.012928004685808526f,0.9999164298554373f,-6.938893903907228e-18f,0f,0f,0f,1f],start_interpolation:0}
execute if entity @s[tag=aj.splitleaf_infinite.locator_origin.player_camera] at @s on origin run tp @s ^0 ^0 ^-0.5625 ~-180 ~0
execute if entity @s[tag=aj.splitleaf_infinite.bone.right_leg2] run data modify entity @s {} merge value {transformation:[0.9944593084585217f,-0.09944167047492869f,0.03408867837500355f,0.16258665906073685f,0.10506817624865933f,0.9298392458807216f,-0.35264664348289443f,0.41139621973934876f,0.0033707803220318685f,0.35427437247580673f,0.9351354483960567f,-0.047535301836668535f,0f,0f,0f,1f],start_interpolation:0}
execute if entity @s[tag=aj.splitleaf_infinite.bone.right_leg] run data modify entity @s {} merge value {transformation:[0.9944593084585217f,-0.10458896434291998f,0.010575081932266719f,0.12499999999999999f,0.10506817624865933f,0.9856800842035514f,-0.13189181151330318f,0.765625f,0.0033707803220318685f,0.1322721442411646f,0.9912077066376478f,-6.938893903907228e-18f,0f,0f,0f,1f],start_interpolation:0}
execute if entity @s[tag=aj.splitleaf_infinite.bone.left_leg2] run data modify entity @s {} merge value {transformation:[0.9930494494080611f,0.11619477399792554f,-0.018750080690967598f,-0.16672433804138814f,-0.11769788031373714f,0.9803673272208167f,-0.15819959762137603f,0.41358526225393044f,0f,0.1593068680675227f,0.9872291131173739f,0.05897027461091329f,0f,0f,0f,1f],start_interpolation:0}
execute if entity @s[tag=aj.splitleaf_infinite.bone.left_leg] run data modify entity @s {} merge value {transformation:[0.9930494494080611f,0.11610250585429742f,0.019313186290708828f,-0.125f,-0.11769788031373714f,0.979588835467324f,0.16295067473755717f,0.765625f,0f,-0.16409119891732396f,0.9864451725452739f,-6.938893903907228e-18f,0f,0f,0f,1f],start_interpolation:0}