execute if entity @s[tag=aj.splitleaf_infinite.bone.right_arm2] run data modify entity @s {} merge value {transformation:[-0.46082476592928723f,0.33115260392786433f,-0.8233944911268306f,0.39412360319691436f,0.6401107001788442f,-0.518620079704412f,-0.5668258149060774f,1.4392442776470231f,-0.614734761196052f,-0.7882709977153697f,0.02701865166970141f,0.3515868588052995f,0f,0f,0f,1f],start_interpolation:0}
execute if entity @s[tag=aj.splitleaf_infinite.bone.right_arm] run data modify entity @s {} merge value {transformation:[-0.46082476592928723f,-0.013994412787657506f,-0.8873808041179085f,0.390625f,0.6401107001788442f,-0.6978207166747931f,-0.32141023458506673f,1.2647890984783248f,-0.614734761196052f,-0.7161357439691212f,0.33053104179036846f,0.17255292281301923f,0f,0f,0f,1f],start_interpolation:0}
execute if entity @s[tag=aj.splitleaf_infinite.locator_origin.splitleaf0] at @s on origin run tp @s ^1.23385 ^1.85323 ^1.30036 ~112.35563 ~17.82164
execute if entity @s[tag=aj.splitleaf_infinite.locator_origin.splitleaf1] at @s on origin run tp @s ^0.68356 ^1.66194 ^1.07405 ~112.35563 ~17.82164
execute if entity @s[tag=aj.splitleaf_infinite.locator_origin.splitleaf2] at @s on origin run tp @s ^0.13328 ^1.47066 ^0.84774 ~112.35563 ~17.82164
execute if entity @s[tag=aj.splitleaf_infinite.locator_origin.splitleaf3] at @s on origin run tp @s ^-0.40559 ^1.28088 ^0.59237 ~112.35563 ~17.82164
execute if entity @s[tag=aj.splitleaf_infinite.locator_origin.splitleaf4] at @s on origin run tp @s ^-0.95588 ^1.08959 ^0.36606 ~112.35563 ~17.82164
execute if entity @s[tag=aj.splitleaf_infinite.locator_origin.splitleaf5] at @s on origin run tp @s ^-1.50617 ^0.89831 ^0.13974 ~112.35563 ~17.82164
execute if entity @s[tag=aj.splitleaf_infinite.bone.splitleaf_greatsword] run data modify entity @s {} merge value {transformation:[-0.7674398088241008f,-0.9290753755500184f,2.2378392549115462f,-0.04683996429165327f,2.4165995669656803f,-0.12249079691785758f,0.7778894407665906f,1.3902009380887193f,-0.17649962384594114f,2.362601192681801f,0.920343920263084f,0.766465380717148f,0f,0f,0f,1f],start_interpolation:0}
execute if entity @s[tag=aj.splitleaf_infinite.bone.left_arm2] run data modify entity @s {} merge value {transformation:[0.943735526571442f,0.13851345391671066f,-0.3002953195955378f,-0.558661853453275f,0.3131270904675235f,-0.0821979380127037f,0.946147411454369f,1.2015278884747065f,0.10637048980928088f,-0.9869435252690619f,-0.12094542912905266f,0.2888601075151109f,0f,0f,0f,1f],start_interpolation:0}
execute if entity @s[tag=aj.splitleaf_infinite.bone.left_arm] run data modify entity @s {} merge value {transformation:[0.721515245679859f,0.6238897909731705f,-0.3002953195955378f,-0.3125f,0.3082536294537291f,0.09891802528760874f,0.946147411454369f,1.2647890984783248f,0.6199963307795747f,-0.7752269041981539f,-0.12094542912905266f,0.17255292281301923f,0f,0f,0f,1f],start_interpolation:0}
execute if entity @s[tag=aj.splitleaf_infinite.bone.head] run data modify entity @s {} merge value {transformation:[0.9977461822632737f,0f,-0.06710108627333915f,-1.3877787807814457e-17f,-0.003095651740186184f,0.9989352531483433f,-0.04603017442676824f,1.4070694746341057f,0.06702964060298687f,0.046134152397711035f,0.9966838351569564f,0.038349014180597295f,0f,0f,0f,1f],start_interpolation:0}
execute if entity @s[tag=aj.splitleaf_infinite.bone.body_top] run data modify entity @s {} merge value {transformation:[1f,0f,0f,-1.3877787807814457e-17f,0f,0.9989352531483433f,-0.046134152397711035f,1.0137387187069455f,0f,0.046134152397711035f,0.9989352531483433f,0.020183691673998572f,0f,0f,0f,1f],start_interpolation:0}
execute if entity @s[tag=aj.splitleaf_infinite.bone.body] run data modify entity @s {} merge value {transformation:[1f,0f,0f,-1.3877787807814457e-17f,0f,0.9989352531483433f,-0.046134152397711035f,0.5767045454545454f,0f,0.046134152397711035f,0.9989352531483433f,-6.938893903907228e-18f,0f,0f,0f,1f],start_interpolation:0}
execute if entity @s[tag=aj.splitleaf_infinite.locator_origin.player_camera] at @s on origin run tp @s ^0 ^-0.1108 ^-0.5625 ~-180 ~0
execute if entity @s[tag=aj.splitleaf_infinite.bone.right_leg2] run data modify entity @s {} merge value {transformation:[0.9736090990694393f,-0.06125557286574241f,0.21984784966445442f,0.1597359747034921f,0.12826126517532427f,0.9436478008605681f,-0.30508666930339445f,0.306592438610846f,-0.18877068115790643f,0.3252331205826112f,0.9266008025095148f,-0.07351014149457358f,0f,0f,0f,1f],start_interpolation:0}
execute if entity @s[tag=aj.splitleaf_infinite.bone.right_leg] run data modify entity @s {} merge value {transformation:[0.9736090990694393f,-0.08250946807125567f,0.2127851260962412f,0.1300841346153846f,0.12826126517532427f,0.9690076016520331f,-0.21112393468339796f,0.6548295454545454f,-0.18877068115790643f,0.23284427332269303f,0.9540173867996364f,0.010168269230769224f,0f,0f,0f,1f],start_interpolation:0}
execute if entity @s[tag=aj.splitleaf_infinite.bone.left_leg2] run data modify entity @s {} merge value {transformation:[0.9849231412395524f,0.17211838935811669f,0.01736853176237131f,-0.1878476523532907f,-0.1723292081259288f,0.9849727024887568f,0.011463829145852922f,0.315592380363956f,-0.015134393859783858f,-0.014284095937886432f,0.9997834339124321f,0.09342667497425827f,0f,0f,0f,1f],start_interpolation:0}
execute if entity @s[tag=aj.splitleaf_infinite.bone.left_leg] run data modify entity @s {} merge value {transformation:[0.9849231412395524f,0.16073326674895602f,0.06396266732260081f,-0.13008413461538465f,-0.1723292081259288f,0.9439642854694663f,0.2814854734880829f,0.6548295454545454f,-0.015134393859783858f,-0.28826419257051134f,0.9574313058408777f,-0.010168269230769238f,0f,0f,0f,1f],start_interpolation:0}