execute if entity @s[tag=aj.splitleaf_infinite.bone.right_arm2] run data modify entity @s {} merge value {transformation:[-0.40606556511240566f,0.24358918668735605f,-0.8807809403926355f,0.41286683331759977f,0.830157305495524f,-0.30459952173648086f,-0.4669667862817639f,1.372931509743474f,-0.38203351287858783f,-0.9208058641683923f,-0.07852996594132922f,0.43561595698892797f,0f,0f,0f,1f],start_interpolation:0}
execute if entity @s[tag=aj.splitleaf_infinite.bone.right_arm] run data modify entity @s {} merge value {transformation:[-0.40606556511240566f,-0.15146733327039918f,-0.9012038636079501f,0.375f,0.830157305495524f,-0.47340960998645165f,-0.29448631429132177f,1.254579107246861f,-0.38203351287858783f,-0.8677217227455065f,0.31797705406713894f,0.21868552630255134f,0f,0f,0f,1f],start_interpolation:0}
execute if entity @s[tag=aj.splitleaf_infinite.locator_origin.splitleaf0] at @s on origin run tp @s ^1.48924 ^2.01607 ^0.78707 ~94.41241 ~23.01619
execute if entity @s[tag=aj.splitleaf_infinite.locator_origin.splitleaf1] at @s on origin run tp @s ^0.9157 ^1.7717 ^0.74282 ~94.41241 ~23.01619
execute if entity @s[tag=aj.splitleaf_infinite.locator_origin.splitleaf2] at @s on origin run tp @s ^0.34215 ^1.52733 ^0.69856 ~94.41241 ~23.01619
execute if entity @s[tag=aj.splitleaf_infinite.locator_origin.splitleaf3] at @s on origin run tp @s ^-0.23002 ^1.28539 ^0.62318 ~94.41241 ~23.01619
execute if entity @s[tag=aj.splitleaf_infinite.locator_origin.splitleaf4] at @s on origin run tp @s ^-0.80356 ^1.04102 ^0.57892 ~94.41241 ~23.01619
execute if entity @s[tag=aj.splitleaf_infinite.locator_origin.splitleaf5] at @s on origin run tp @s ^-1.3771 ^0.79665 ^0.53466 ~94.41241 ~23.01619
execute if entity @s[tag=aj.splitleaf_infinite.bone.splitleaf_greatsword] run data modify entity @s {} merge value {transformation:[-1.00377980585875f,-0.11133463283162813f,2.332402226316648f,0.15378301291075525f,2.331011437414141f,-0.19717385697155285f,0.9937693863346087f,1.4295438000309537f,0.13740896782623485f,2.5315600949026753f,0.1799769593634709f,0.6768081905997054f,0f,0f,0f,1f],start_interpolation:0}
execute if entity @s[tag=aj.splitleaf_infinite.bone.left_arm2] run data modify entity @s {} merge value {transformation:[0.9186514697242936f,-0.005929248280549748f,-0.39502445644317163f,-0.5318936711560245f,0.3949873689506159f,-0.006534881733342601f,0.9186633081222965f,1.1608203137287834f,-0.008028420944722392f,-0.9999610689099645f,-0.003661300530620387f,0.3642901474336015f,0f,0f,0f,1f],start_interpolation:0}
execute if entity @s[tag=aj.splitleaf_infinite.bone.left_arm] run data modify entity @s {} merge value {transformation:[0.7779685740278347f,0.4885903976101806f,-0.39502445644317163f,-0.3125f,0.3366401575730054f,0.20671509528580828f,0.9186633081222965f,1.254579107246861f,0.5305075891392315f,-0.8476722790938164f,-0.003661300530620387f,0.21868552630255134f,0f,0f,0f,1f],start_interpolation:0}
execute if entity @s[tag=aj.splitleaf_infinite.bone.head] run data modify entity @s {} merge value {transformation:[1f,0f,0f,-1.3877787807814457e-17f,0f,0.9904308777370335f,-0.13800969685152314f,1.4142047580280002f,0f,0.13800969685152314f,0.9904308777370335f,0.11472056050782861f,0f,0f,0f,1f],start_interpolation:0}
execute if entity @s[tag=aj.splitleaf_infinite.bone.body_top] run data modify entity @s {} merge value {transformation:[1f,0f,0f,-1.3877787807814457e-17f,0f,0.9904308777370335f,-0.13800969685152314f,1.024222599919043f,0f,0.13800969685152314f,0.9904308777370335f,0.060379242372541365f,0f,0f,0f,1f],start_interpolation:0}
execute if entity @s[tag=aj.splitleaf_infinite.bone.body] run data modify entity @s {} merge value {transformation:[1f,0f,0f,-1.3877787807814457e-17f,0f,0.9904308777370335f,-0.13800969685152314f,0.5909090909090908f,0f,0.13800969685152314f,0.9904308777370335f,-6.938893903907228e-18f,0f,0f,0f,1f],start_interpolation:0}
execute if entity @s[tag=aj.splitleaf_infinite.locator_origin.player_camera] at @s on origin run tp @s ^0 ^-0.09659 ^-0.5625 ~-180 ~0
execute if entity @s[tag=aj.splitleaf_infinite.bone.right_leg2] run data modify entity @s {} merge value {transformation:[0.974983752338679f,-0.06331055990332432f,0.21306913357010937f,0.1647055183936969f,0.1048568278247167f,0.9762181687292406f,-0.1897449148237327f,0.31169456220342184f,-0.19598910259023908f,0.20733996249554848f,0.9584353977280979f,-0.005564991901473476f,0f,0f,0f,1f],start_interpolation:0}
execute if entity @s[tag=aj.splitleaf_infinite.bone.right_leg] run data modify entity @s {} merge value {transformation:[0.974983752338679f,-0.09934779700185889f,0.19883837131315216f,0.12900240384615386f,0.1048568278247167f,0.9943360798766442f,-0.01734375720787247f,0.6690340909090908f,-0.19598910259023908f,0.0377594423479128f,0.9798788170888517f,0.008004807692307686f,0f,0f,0f,1f],start_interpolation:0}
execute if entity @s[tag=aj.splitleaf_infinite.bone.left_leg2] run data modify entity @s {} merge value {transformation:[0.9849231412395524f,0.1728303467957346f,0.007488462945014589f,-0.19023067461685217f,-0.1723292081259288f,0.9840140979925418f,-0.04493215973681314f,0.3163217076601302f,-0.015134393859783862f,0.042964243021264586f,0.9989619732222575f,0.023546169887924913f,0f,0f,0f,1f],start_interpolation:0}
execute if entity @s[tag=aj.splitleaf_infinite.bone.left_leg] run data modify entity @s {} merge value {transformation:[0.9849231412395524f,0.17037431866629096f,0.029983285173741134f,-0.12900240384615386f,-0.1723292081259288f,0.9814605446927601f,0.08389185442032458f,0.6690340909090908f,-0.015134393859783862f,-0.08779402457108203f,0.9960236741022319f,-0.008004807692307693f,0f,0f,0f,1f],start_interpolation:0}