execute if entity @s[tag=aj.splitleaf_infinite.bone.right_arm2] run data modify entity @s {} merge value {transformation:[-0.16231001876567208f,0.628203262399426f,-0.7609310868396723f,0.1985339437323635f,0.28437608370931916f,0.768217908642693f,0.5735603611258342f,0.8585197281945538f,0.9448733781954264f,-0.12329600947056196f,-0.30333544670248735f,0.37752917650532947f,0f,0f,0f,1f],start_interpolation:0}
execute if entity @s[tag=aj.splitleaf_infinite.bone.right_arm] run data modify entity @s {} merge value {transformation:[-0.16231001876567208f,0.20586422507054608f,-0.9650261025715265f,0.25f,0.28437608370931916f,0.9462583085640253f,0.1540306998221464f,1.0950843053355601f,0.9448733781954264f,-0.24942961794793617f,-0.2121300659216158f,0.31517177201834545f,0f,0f,0f,1f],start_interpolation:0}
execute if entity @s[tag=aj.splitleaf_infinite.locator_origin.splitleaf0] at @s on origin run tp @s ^-0.03393 ^0.1007 ^2.58444 ~179.66888 ~-16.91055
execute if entity @s[tag=aj.splitleaf_infinite.locator_origin.splitleaf1] at @s on origin run tp @s ^-0.03739 ^0.2825 ^1.98647 ~179.66888 ~-16.91055
execute if entity @s[tag=aj.splitleaf_infinite.locator_origin.splitleaf2] at @s on origin run tp @s ^-0.04084 ^0.4643 ^1.38851 ~179.66888 ~-16.91055
execute if entity @s[tag=aj.splitleaf_infinite.locator_origin.splitleaf3] at @s on origin run tp @s ^-0.04346 ^0.61621 ^0.78145 ~179.66888 ~-16.91055
execute if entity @s[tag=aj.splitleaf_infinite.locator_origin.splitleaf4] at @s on origin run tp @s ^-0.04692 ^0.79801 ^0.18348 ~179.66888 ~-16.91055
execute if entity @s[tag=aj.splitleaf_infinite.locator_origin.splitleaf5] at @s on origin run tp @s ^-0.05037 ^0.97981 ^-0.41448 ~179.66888 ~-16.91055
execute if entity @s[tag=aj.splitleaf_infinite.bone.splitleaf_greatsword] run data modify entity @s {} merge value {transformation:[2.5407141798568924f,-0.06814248351780619f,0.014053563910645123f,-0.05832623715292887f,0.0692833807626587f,2.430777951939474f,-0.7393157687750744f,0.5201255303306558f,0.006380742014967193f,0.7394217975887705f,2.4317245189014267f,1.183330283696444f,0f,0f,0f,1f],start_interpolation:0}
execute if entity @s[tag=aj.splitleaf_infinite.bone.left_arm2] run data modify entity @s {} merge value {transformation:[0.8336738730301205f,-0.49526871662390015f,0.24432922821609684f,-0.2587505239626484f,0.3254080740887406f,0.7979960240423659f,0.5072592344456951f,0.9078647986559234f,-0.4462033827133265f,-0.3433820670132481f,0.826432875259022f,0.3543725321204186f,0f,0f,0f,1f],start_interpolation:0}
execute if entity @s[tag=aj.splitleaf_infinite.bone.left_arm] run data modify entity @s {} merge value {transformation:[0.8336738730301205f,-0.3818348406644667f,0.39898625024140866f,-0.25f,0.3254080740887406f,0.9233638512774912f,0.203737044917845f,1.1793817707363887f,-0.4462033827133265f,-0.04001690403742636f,0.8940364582311195f,0.2885928832718962f,0f,0f,0f,1f],start_interpolation:0}
execute if entity @s[tag=aj.splitleaf_infinite.bone.head] run data modify entity @s {} merge value {transformation:[1f,0f,0f,-1.3877787807814457e-17f,0f,0.9537169507482268f,-0.3007057995042731f,1.3623277550793969f,0f,0.3007057995042731f,0.9537169507482268f,0.38382853475162193f,0f,0f,0f,1f],start_interpolation:0}
execute if entity @s[tag=aj.splitleaf_infinite.bone.body_top] run data modify entity @s {} merge value {transformation:[1f,0f,0f,-1.3877787807814457e-17f,0f,0.8870108331782217f,-0.4617486132350339f,1.013067239515472f,0f,0.4617486132350339f,0.8870108331782217f,0.20201501829032734f,0f,0f,0f,1f],start_interpolation:0}
execute if entity @s[tag=aj.splitleaf_infinite.bone.body] run data modify entity @s {} merge value {transformation:[1f,0f,0f,-1.3877787807814457e-17f,0f,0.8870108331782217f,-0.4617486132350339f,0.625f,0f,0.4617486132350339f,0.8870108331782217f,-6.938893903907228e-18f,0f,0f,0f,1f],start_interpolation:0}
execute if entity @s[tag=aj.splitleaf_infinite.locator_origin.player_camera] at @s on origin run tp @s ^0 ^-0.0625 ^0.3125 ~-180 ~0
execute if entity @s[tag=aj.splitleaf_infinite.bone.right_leg2] run data modify entity @s {} merge value {transformation:[0.9914448649590033f,-0.13052616498779548f,-4.989815276246201e-8f,0.16342464318810399f,0.13052616498779243f,0.9914448649590031f,-5.999277397084057e-8f,0.41126070603354775f,5.7301894028360945e-8f,5.296651328645652e-8f,0.9999999999999969f,0.20612901622122787f,0f,0f,0f,1f],start_interpolation:0}
execute if entity @s[tag=aj.splitleaf_infinite.bone.right_leg] run data modify entity @s {} merge value {transformation:[0.9914448649590033f,-0.10692074626255026f,-0.07486677343844225f,0.12499999999999999f,0.13052616498779243f,0.8121441223414324f,0.5686693633385257f,0.703125f,5.7301894028360945e-8f,-0.5735763929634167f,0.8191520746693333f,-6.938893903907228e-18f,0f,0f,0f,1f],start_interpolation:0}
execute if entity @s[tag=aj.splitleaf_infinite.bone.left_leg2] run data modify entity @s {} merge value {transformation:[0.9914448613738104f,0.09623400338396597f,-0.08818221730122622f,-0.16660777140299748f,-0.13052619222005157f,0.7309698269877657f,-0.669810439735012f,0.38708259924435384f,0f,0.6755902076156602f,0.7372773368101241f,-0.1659409078813403f,0f,0f,0f,1f],start_interpolation:0}
execute if entity @s[tag=aj.splitleaf_infinite.bone.left_leg] run data modify entity @s {} merge value {transformation:[0.9914448613738104f,0.11577814651268867f,-0.06027028824845829f,-0.125f,-0.13052619222005157f,0.8794223325374502f,-0.45779828983835735f,0.703125f,0f,0.4617486132350339f,0.8870108331782217f,-6.938893903907228e-18f,0f,0f,0f,1f],start_interpolation:0}