execute if entity @s[tag=aj.splitleaf_infinite.bone.right_arm2] run data modify entity @s {} merge value {transformation:[0.2017714364560219f,0.5376816100258776f,-0.818649359414917f,0.2442221923786701f,0.9630998874601036f,0.0430867857507503f,0.2656729863347142f,1.2913660243063108f,0.17812044858693188f,-0.8420463260021084f,-0.5091474154520881f,0.2899605668671034f,0f,0f,0f,1f],start_interpolation:0}
execute if entity @s[tag=aj.splitleaf_infinite.bone.right_arm] run data modify entity @s {} merge value {transformation:[0.2017714364560219f,0.023111230485319656f,-0.9791599248620872f,0.25f,0.9630998874601036f,0.1771284953673491f,0.20264279632702292f,1.3356481481481481f,0.17812044858693188f,-0.9839163415424879f,0.01348104746808787f,0.043981481481481476f,0f,0f,0f,1f],start_interpolation:0}
execute if entity @s[tag=aj.splitleaf_infinite.locator_origin.splitleaf0] at @s on origin run tp @s ^0.98374 ^2.99637 ^0.33217 ~88.52189 ~55.34673
execute if entity @s[tag=aj.splitleaf_infinite.locator_origin.splitleaf1] at @s on origin run tp @s ^0.62848 ^2.48224 ^0.34133 ~88.52189 ~55.34673
execute if entity @s[tag=aj.splitleaf_infinite.locator_origin.splitleaf2] at @s on origin run tp @s ^0.27322 ^1.96811 ^0.3505 ~88.52189 ~55.34673
execute if entity @s[tag=aj.splitleaf_infinite.locator_origin.splitleaf3] at @s on origin run tp @s ^-0.08078 ^1.45367 ^0.39089 ~88.52189 ~55.34673
execute if entity @s[tag=aj.splitleaf_infinite.locator_origin.splitleaf4] at @s on origin run tp @s ^-0.43604 ^0.93954 ^0.40006 ~88.52189 ~55.34673
execute if entity @s[tag=aj.splitleaf_infinite.locator_origin.splitleaf5] at @s on origin run tp @s ^-0.79131 ^0.42541 ^0.40922 ~88.52189 ~55.34673
execute if entity @s[tag=aj.splitleaf_infinite.bone.splitleaf_greatsword] run data modify entity @s {} merge value {transformation:[2.088610139810872f,-0.10258257844909796f,1.444733173607635f,0.13905384910749474f,-1.4449872289939403f,0.0256048582289526f,2.0907954810846356f,1.8025015935464541f,-0.09893955916653327f,-2.5394666074351626f,-0.03727945544293979f,0.3600828678009985f,0f,0f,0f,1f],start_interpolation:0}
execute if entity @s[tag=aj.splitleaf_infinite.bone.left_arm2] run data modify entity @s {} merge value {transformation:[0.9302451375008528f,-0.36623529726178317f,0.022708835187935594f,-0.23357409926587186f,-0.18386902017174758f,-0.41168534360782283f,0.8925846521644827f,1.4530997869462892f,-0.31754711079948583f,-0.8344979837591474f,-0.4503076143313778f,0.32285096800940866f,0f,0f,0f,1f],start_interpolation:0}
execute if entity @s[tag=aj.splitleaf_infinite.bone.left_arm] run data modify entity @s {} merge value {transformation:[0.9302451375008528f,-0.3363817272424945f,0.14659917371314038f,-0.2013888888888889f,-0.18386902017174758f,-0.08157574881039387f,0.9795598912915459f,1.4097222222222223f,-0.31754711079948583f,-0.9381858721934474f,-0.13773562226061742f,0.04861111111111111f,0f,0f,0f,1f],start_interpolation:0}
execute if entity @s[tag=aj.splitleaf_infinite.bone.head] run data modify entity @s {} merge value {transformation:[1f,0f,0f,-1.3877787807814457e-17f,0f,0.9999164298554373f,-0.012928004685808526f,1.51875f,0f,0.012928004685808526f,0.9999164298554373f,-6.938893903907228e-18f,0f,0f,0f,1f],start_interpolation:0}
execute if entity @s[tag=aj.splitleaf_infinite.locator_origin.player_camera] at @s on origin run tp @s ^0 ^0 ^0.3125 ~-180 ~0
execute if entity @s[tag=aj.splitleaf_infinite.bone.right_leg2] run data modify entity @s {} merge value {transformation:[0.9944593103541932f,-0.09944166543820412f,0.03408863776595837f,0.1625866539784502f,0.10506815701267094f,0.9298392331577349f,-0.3526466827613671f,0.41139622098091505f,0.0033708206453578462f,0.3542744072827049f,0.9351354350641756f,-0.04753531510732346f,0f,0f,0f,1f],start_interpolation:0}
execute if entity @s[tag=aj.splitleaf_infinite.bone.right_leg] run data modify entity @s {} merge value {transformation:[0.9944593103541932f,-0.10458895020090495f,0.010575043533483455f,0.12499999999999999f,0.10506815701267094f,0.9856800807487581f,-0.13189185265619097f,0.765625f,0.0033708206453578462f,0.13227218116820438f,0.9912077015727746f,-6.938893903907228e-18f,0f,0f,0f,1f],start_interpolation:0}
execute if entity @s[tag=aj.splitleaf_infinite.bone.left_leg2] run data modify entity @s {} merge value {transformation:[0.9930494494080611f,0.11619477399792554f,-0.018750080690967598f,-0.16672433804138814f,-0.11769788031373714f,0.9803673272208167f,-0.15819959762137603f,0.41358526225393044f,0f,0.1593068680675227f,0.9872291131173739f,0.05897027461091329f,0f,0f,0f,1f],start_interpolation:0}
execute if entity @s[tag=aj.splitleaf_infinite.bone.left_leg] run data modify entity @s {} merge value {transformation:[0.9930494494080611f,0.11610250585429742f,0.019313186290708828f,-0.125f,-0.11769788031373714f,0.979588835467324f,0.16295067473755717f,0.765625f,0f,-0.16409119891732396f,0.9864451725452739f,-6.938893903907228e-18f,0f,0f,0f,1f],start_interpolation:0}