execute if entity @s[tag=aj.splitleaf_infinite.bone.right_arm2] run data modify entity @s {} merge value {transformation:[-0.4608168230075389f,0.6617235838940131f,-0.5914133530380438f,-0.01806844116819669f,0.6534130068791348f,0.7039185205089558f,0.27847829165960214f,1.0327607040616134f,0.6005824656734546f,-0.25810969567791486f,-0.7567562929521287f,0.5467186955151326f,0f,0f,0f,1f],start_interpolation:0}
execute if entity @s[tag=aj.splitleaf_infinite.bone.right_arm] run data modify entity @s {} merge value {transformation:[-0.4608168230075389f,0.09806105577641366f,-0.882061157161596f,0.006446822775906726f,0.6534130068791348f,0.7100597150691191f,-0.2624245481602836f,1.210275632828893f,0.6005824656734546f,-0.6972798795146584f,-0.39128183135639877f,0.3723987256364681f,0f,0f,0f,1f],start_interpolation:0}
execute if entity @s[tag=aj.splitleaf_infinite.locator_origin.splitleaf0] at @s on origin run tp @s ^-1.88684 ^0.07404 ^-0.09664 ~-107.09567 ~-32.27676
execute if entity @s[tag=aj.splitleaf_infinite.locator_origin.splitleaf1] at @s on origin run tp @s ^-1.38176 ^0.40779 ^-0.25198 ~-107.09567 ~-32.27676
execute if entity @s[tag=aj.splitleaf_infinite.locator_origin.splitleaf2] at @s on origin run tp @s ^-0.87669 ^0.74155 ^-0.40732 ~-107.09567 ~-32.27676
execute if entity @s[tag=aj.splitleaf_infinite.locator_origin.splitleaf3] at @s on origin run tp @s ^-0.36641 ^1.08149 ^-0.53247 ~-107.09567 ~-32.27676
execute if entity @s[tag=aj.splitleaf_infinite.locator_origin.splitleaf4] at @s on origin run tp @s ^0.13866 ^1.41524 ^-0.68781 ~-107.09567 ~-32.27676
execute if entity @s[tag=aj.splitleaf_infinite.locator_origin.splitleaf5] at @s on origin run tp @s ^0.64374 ^1.749 ^-0.84315 ~-107.09567 ~-32.27676
execute if entity @s[tag=aj.splitleaf_infinite.bone.splitleaf_greatsword] run data modify entity @s {} merge value {transformation:[-1.4361231063766626f,-0.4228558927262672f,-2.0539748688243877f,-0.6945777389244351f,2.089263092642774f,-0.5028485611839203f,-1.3572739217565672f,0.8427162222450157f,-0.1805535862181581f,-2.455281177980716f,0.6317152713064883f,-0.4533696107649797f,0f,0f,0f,1f],start_interpolation:0}
execute if entity @s[tag=aj.splitleaf_infinite.bone.left_arm2] run data modify entity @s {} merge value {transformation:[-0.7101241004913714f,0.3569096443622151f,-0.6069096041937033f,-0.027304743765324574f,-0.553479271132073f,0.24981149334345354f,0.7945155216989925f,1.3070773751230165f,0.43518324683796084f,0.9001165055451158f,0.020144927818680283f,-0.40733213993611783f,0f,0f,0f,1f],start_interpolation:0}
execute if entity @s[tag=aj.splitleaf_infinite.bone.left_arm] run data modify entity @s {} merge value {transformation:[-0.790680003951015f,-0.08053486008844296f,-0.6069096041937033f,-0.1462734592813122f,-0.601023300241514f,-0.08669531905573699f,0.7945155216989925f,1.210275632828893f,-0.11660241815168867f,0.992974349096873f,0.020144927818680283f,-0.17366385493086067f,0f,0f,0f,1f],start_interpolation:0}
execute if entity @s[tag=aj.splitleaf_infinite.bone.head] run data modify entity @s {} merge value {transformation:[0.7108654220489549f,-0.1152800230875865f,-0.6938161629798536f,-0.08130244477524448f,0.059784530958855435f,0.992809667009055f,-0.10370523107056333f,1.4133412175194588f,0.7007825351656469f,0.03224098897823704f,0.7126460250618917f,0.13265688976031803f,0f,0f,0f,1f],start_interpolation:0}
execute if entity @s[tag=aj.splitleaf_infinite.bone.body_top] run data modify entity @s {} merge value {transformation:[0.2693400539532266f,-0.1152800230875865f,-0.9561205214895236f,-0.03591093568450729f,0f,0.992809667009055f,-0.1197036553049625f,1.0224224111346434f,0.9630451367077626f,0.03224098897823704f,0.2674034092775038f,0.1199620003501372f,0f,0f,0f,1f],start_interpolation:0}
execute if entity @s[tag=aj.splitleaf_infinite.bone.body] run data modify entity @s {} merge value {transformation:[0.2693400539532266f,-0.1152800230875865f,-0.9561205214895236f,0.014524074416311802f,0f,0.992809667009055f,-0.1197036553049625f,0.5880681818181819f,0.9630451367077626f,0.03224098897823704f,0.2674034092775038f,0.1058565676721585f,0f,0f,0f,1f],start_interpolation:0}
execute if entity @s[tag=aj.splitleaf_infinite.locator_origin.player_camera] at @s on origin run tp @s ^-0.28643 ^-0.09943 ^0.19003 ~-105.625 ~0
execute if entity @s[tag=aj.splitleaf_infinite.bone.right_leg2] run data modify entity @s {} merge value {transformation:[0.4501782361462614f,-0.08453978138428941f,-0.8889277704424232f,-0.048119337248248364f,0.10863591503679151f,0.9932985344002158f,-0.0394494552877766f,0.3290631308190687f,0.8863056998938685f,-0.07881019554524551f,0.45634543869064825f,0.31926395275607f,0f,0f,0f,1f],start_interpolation:0}
execute if entity @s[tag=aj.splitleaf_infinite.bone.right_leg] run data modify entity @s {} merge value {transformation:[0.4501782361462614f,0.24854679212621056f,-0.8576503062577494f,0.04120216617210855f,0.10863591503679151f,0.9381010114757933f,0.3288840680729497f,0.6661931818181819f,0.8863056998938685f,-0.24122807546358255f,0.3953115504811062f,0.23257261313634506f,0f,0f,0f,1f],start_interpolation:0}
execute if entity @s[tag=aj.splitleaf_infinite.bone.left_leg2] run data modify entity @s {} merge value {transformation:[0.27985435640492706f,-0.23099004578037974f,-0.931839652489398f,0.01827526939758942f,-0.17232920812592878f,0.9427716067623949f,-0.28545462250477327f,0.31562520078534706f,0.9444491427429401f,0.2404689090777234f,0.22403240957302414f,-0.093842625218231f,0f,0f,0f,1f],start_interpolation:0}
execute if entity @s[tag=aj.splitleaf_infinite.bone.left_leg] run data modify entity @s {} merge value {transformation:[0.27985435640492706f,-0.08467279787707645f,-0.9563012373205694f,-0.01215401733948493f,-0.17232920812592878f,0.9754935124391926f,-0.1368029649376693f,0.6661931818181819f,0.9444491427429401f,0.20308354066421688f,0.25840451289288857f,-0.02085947779202805f,0f,0f,0f,1f],start_interpolation:0}