execute if entity @s[tag=aj.splitleaf_infinite.bone.right_arm2] run data modify entity @s {} merge value {transformation:[-0.46082476592928745f,0.331152603927864f,-0.8233944911268308f,0.3941236031969145f,0.750932095862386f,-0.3489939250474221f,-0.5606284221155031f,1.3818677665589287f,-0.4730132371402961f,-0.8766648123380962f,-0.08784807509711606f,0.5183111373442468f,0f,0f,0f,1f],start_interpolation:0}
execute if entity @s[tag=aj.splitleaf_infinite.bone.right_arm] run data modify entity @s {} merge value {transformation:[-0.46082476592928745f,-0.01399441278765784f,-0.8873808041179087f,0.390625f,0.750932095862386f,-0.5390601268797336f,-0.3814645029516246f,1.2471027348389954f,-0.4730132371402961f,-0.8421510173473249f,0.25892111051616434f,0.30777338300741564f,0f,0f,0f,1f],start_interpolation:0}
execute if entity @s[tag=aj.splitleaf_infinite.locator_origin.splitleaf0] at @s on origin run tp @s ^1.23385 ^1.596 ^1.53108 ~115.31023 ~13.1053
execute if entity @s[tag=aj.splitleaf_infinite.locator_origin.splitleaf1] at @s on origin run tp @s ^0.68356 ^1.45429 ^1.27084 ~115.31023 ~13.1053
execute if entity @s[tag=aj.splitleaf_infinite.locator_origin.splitleaf2] at @s on origin run tp @s ^0.13328 ^1.31258 ^1.0106 ~115.31023 ~13.1053
execute if entity @s[tag=aj.splitleaf_infinite.locator_origin.splitleaf3] at @s on origin run tp @s ^-0.40559 ^1.1782 ^0.72221 ~115.31023 ~13.1053
execute if entity @s[tag=aj.splitleaf_infinite.locator_origin.splitleaf4] at @s on origin run tp @s ^-0.95588 ^1.03648 ^0.46197 ~115.31023 ~13.1053
execute if entity @s[tag=aj.splitleaf_infinite.locator_origin.splitleaf5] at @s on origin run tp @s ^-1.50617 ^0.89477 ^0.20173 ~115.31023 ~13.1053
execute if entity @s[tag=aj.splitleaf_infinite.bone.splitleaf_greatsword] run data modify entity @s {} merge value {transformation:[-0.7674398088241009f,-0.9290753755500232f,2.2378392549115445f,-0.046839964291654046f,2.4025417450216064f,-0.596439117769808f,0.5763011249919161f,1.250163665724086f,0.31448171283081433f,2.28935553590634f,1.0583108838873578f,0.914774839241504f,0f,0f,0f,1f],start_interpolation:0}
execute if entity @s[tag=aj.splitleaf_infinite.bone.left_arm2] run data modify entity @s {} merge value {transformation:[0.943735526571442f,0.13851345391671066f,-0.3002953195955378f,-0.558661853453275f,0.2852417481396019f,0.1185275364739668f,0.9510985060526992f,1.161685680929763f,0.1673332035347045f,-0.9832422113505277f,0.07234882731141812f,0.40893300343926425f,0f,0f,0f,1f],start_interpolation:0}
execute if entity @s[tag=aj.splitleaf_infinite.bone.left_arm] run data modify entity @s {} merge value {transformation:[0.721515245679859f,0.6238897909731705f,-0.3002953195955378f,-0.3125f,0.1768856514438776f,0.2532253899149899f,0.9510985060526992f,1.2471027348389954f,0.6694230475303399f,-0.7393500054925644f,0.07234882731141812f,0.30777338300741564f,0f,0f,0f,1f],start_interpolation:0}
execute if entity @s[tag=aj.splitleaf_infinite.bone.head] run data modify entity @s {} merge value {transformation:[0.9977461822632737f,0f,-0.0671010862733392f,-1.3877787807814457e-17f,-0.016549894530340895f,0.9691068584495741f,-0.2460853467743084f,1.413524621540754f,0.0650281229169096f,0.2466412311556951f,0.9669226682232174f,0.20502052339817156f,0f,0f,0f,1f],start_interpolation:0}
execute if entity @s[tag=aj.splitleaf_infinite.bone.body_top] run data modify entity @s {} merge value {transformation:[1f,0f,0f,-1.3877787807814457e-17f,0f,0.9691068584495741f,-0.2466412311556951f,1.031938796026234f,0f,0.2466412311556951f,0.9691068584495741f,0.10790553863061661f,0f,0f,0f,1f],start_interpolation:0}
execute if entity @s[tag=aj.splitleaf_infinite.bone.body] run data modify entity @s {} merge value {transformation:[1f,0f,0f,-1.3877787807814457e-17f,0f,0.9691068584495741f,-0.2466412311556951f,0.6079545454545454f,0f,0.2466412311556951f,0.9691068584495741f,-6.938893903907228e-18f,0f,0f,0f,1f],start_interpolation:0}
execute if entity @s[tag=aj.splitleaf_infinite.locator_origin.player_camera] at @s on origin run tp @s ^0 ^-0.07955 ^0.3125 ~-180 ~0
execute if entity @s[tag=aj.splitleaf_infinite.bone.right_leg2] run data modify entity @s {} merge value {transformation:[0.9736090990694393f,-0.06125557286574246f,0.2198478496644544f,0.15735616701118443f,0.1282612651753244f,0.943647800860568f,-0.30508666930339495f,0.33784243861084606f,-0.18877068115790638f,0.3252331205826117f,0.9266008025095146f,-0.07826975687918925f,0f,0f,0f,1f],start_interpolation:0}
execute if entity @s[tag=aj.splitleaf_infinite.bone.right_leg] run data modify entity @s {} merge value {transformation:[0.9736090990694393f,-0.08250946807125566f,0.2127851260962412f,0.12770432692307693f,0.1282612651753244f,0.969007601652033f,-0.21112393468339874f,0.6860795454545454f,-0.18877068115790638f,0.2328442733226938f,0.9540173867996362f,0.005408653846153841f,0f,0f,0f,1f],start_interpolation:0}
execute if entity @s[tag=aj.splitleaf_infinite.bone.left_leg2] run data modify entity @s {} merge value {transformation:[0.9849231412395524f,0.17211838935811666f,0.01736853176237134f,-0.18546784466098298f,-0.17232920812592878f,0.9849727024887568f,0.011463829145853033f,0.34684238036395604f,-0.015134393859783855f,-0.014284095937886598f,0.999783433912432f,0.098186290358874f,0f,0f,0f,1f],start_interpolation:0}
execute if entity @s[tag=aj.splitleaf_infinite.bone.left_leg] run data modify entity @s {} merge value {transformation:[0.9849231412395524f,0.16073326674895594f,0.06396266732260096f,-0.12770432692307693f,-0.17232920812592878f,0.9439642854694661f,0.2814854734880838f,0.6860795454545454f,-0.015134393859783855f,-0.2882641925705122f,0.9574313058408773f,-0.005408653846153848f,0f,0f,0f,1f],start_interpolation:0}