execute if entity @s[tag=aj.splitleaf_infinite.bone.right_arm2] run data modify entity @s {} merge value {transformation:[-0.2745957883950262f,0.1611817256751858f,-0.9479544315546411f,0.3309979875023347f,0.9483220829001413f,-0.11762560661118077f,-0.2947022968239117f,1.293317104038179f,-0.15900433981389067f,-0.9798901305645039f,-0.12055269363489085f,0.6836613633982229f,0f,0f,0f,1f],start_interpolation:0}
execute if entity @s[tag=aj.splitleaf_infinite.bone.right_arm] run data modify entity @s {} merge value {transformation:[-0.2745957883950262f,-0.3011292717347372f,-0.913191280455645f,0.25571566956865044f,0.9483220829001413f,-0.24185345935627234f,-0.20540723278731238f,1.232853739199111f,-0.15900433981389067f,-0.9224034181972172f,0.35197947954168884f,0.4530605088489186f,0f,0f,0f,1f],start_interpolation:0}
execute if entity @s[tag=aj.splitleaf_infinite.locator_origin.splitleaf0] at @s on origin run tp @s ^0.84358 ^1.44667 ^1.83199 ~130.51195 ~12.24285
execute if entity @s[tag=aj.splitleaf_infinite.locator_origin.splitleaf1] at @s on origin run tp @s ^0.37922 ^1.31414 ^1.43522 ~130.51195 ~12.24285
execute if entity @s[tag=aj.splitleaf_infinite.locator_origin.splitleaf2] at @s on origin run tp @s ^-0.08514 ^1.1816 ^1.03845 ~130.51195 ~12.24285
execute if entity @s[tag=aj.splitleaf_infinite.locator_origin.splitleaf3] at @s on origin run tp @s ^-0.535 ^1.06531 ^0.61927 ~130.51195 ~12.24285
execute if entity @s[tag=aj.splitleaf_infinite.locator_origin.splitleaf4] at @s on origin run tp @s ^-0.99936 ^0.93278 ^0.2225 ~130.51195 ~12.24285
execute if entity @s[tag=aj.splitleaf_infinite.locator_origin.splitleaf5] at @s on origin run tp @s ^-1.46372 ^0.80025 ^-0.17427 ~130.51195 ~12.24285
execute if entity @s[tag=aj.splitleaf_infinite.bone.splitleaf_greatsword] run data modify entity @s {} merge value {transformation:[-1.2253047268870847f,-1.180090472475979f,1.8884078604697774f,-0.23248217976709262f,2.103241126427322f,-1.3213447645155079f,0.5389751588307546f,1.1259144878058902f,0.7314878910941378f,1.8224993647470318f,1.6135336919704435f,0.8945399093772628f,0f,0f,0f,1f],start_interpolation:0}
execute if entity @s[tag=aj.splitleaf_infinite.bone.left_arm2] run data modify entity @s {} merge value {transformation:[0.7888777666156848f,0.44828346184339124f,-0.4203734139751877f,-0.6386159500160636f,0.21137706545643056f,0.44437171959431937f,0.8705478223646396f,1.1184180551528573f,0.5770542483497346f,-0.7756131204811412f,0.25579812704363214f,0.22872204989183226f,0f,0f,0f,1f],start_interpolation:0}
execute if entity @s[tag=aj.splitleaf_infinite.bone.left_arm] run data modify entity @s {} merge value {transformation:[0.4158990755502031f,0.8077241601003493f,-0.4178631835262256f,-0.38469752554720094f,-0.06226348160755504f,0.4837005240590838f,0.8730160719500379f,1.2315602509666839f,0.9072768143265828f,-0.3370689606225311f,0.25146231918570766f,0.25786441152702233f,0f,0f,0f,1f],start_interpolation:0}
execute if entity @s[tag=aj.splitleaf_infinite.bone.head] run data modify entity @s {} merge value {transformation:[0.9737064500865547f,-0.10607257918244042f,-0.20160445680942923f,-0.07216222747883685f,0.026429719544489635f,0.9316061230637319f,-0.36250724323103173f,1.4127360529283102f,0.2262680246624338f,0.3476472916847588f,0.909914359486437f,0.3078726982891221f,0f,0f,0f,1f],start_interpolation:0}
execute if entity @s[tag=aj.splitleaf_infinite.bone.body_top] run data modify entity @s {} merge value {transformation:[0.9563047559630355f,-0.10550918047723022f,-0.27267017907630187f,-0.03061798766592745f,0f,0.9326148005152602f,-0.3608734319119119f,1.0455189752254264f,0.29237170472273694f,0.34510497923806405f,0.891863969214261f,0.17198761271413435f,0f,0f,0f,1f],start_interpolation:0}
execute if entity @s[tag=aj.splitleaf_infinite.bone.body] run data modify entity @s {} merge value {transformation:[0.9563047559630355f,-0.10550918047723022f,-0.27267017907630187f,0.01554227879286077f,0f,0.9326148005152602f,-0.3608734319119119f,0.6375f,0.29237170472273694f,0.34510497923806405f,0.891863969214261f,0.021004184297481333f,0f,0f,0f,1f],start_interpolation:0}
execute if entity @s[tag=aj.splitleaf_infinite.locator_origin.player_camera] at @s on origin run tp @s ^-0.07582 ^-0.05 ^0.31985 ~-163 ~0
execute if entity @s[tag=aj.splitleaf_infinite.bone.right_leg2] run data modify entity @s {} merge value {transformation:[0.9842359706868654f,-0.16805863372202365f,-0.05509854478632596f,0.19302925811350666f,0.14234240208836915f,0.937619696112526f,-0.3171875565490666f,0.367112678083246f,0.10496758820606059f,0.30434454339340633f,0.9467609013541181f,-0.005822647676444234f,0f,0f,0f,1f],start_interpolation:0}
execute if entity @s[tag=aj.splitleaf_infinite.bone.right_leg] run data modify entity @s {} merge value {transformation:[0.9842359706868654f,-0.15990697632235018f,-0.07555999556330989f,0.13556268849766206f,0.14234240208836915f,0.9697734175074894f,-0.1981871823896736f,0.715625f,0.10496758820606059f,0.18430756256672717f,0.9772474240472139f,0.06041288262097334f,0f,0f,0f,1f],start_interpolation:0}
execute if entity @s[tag=aj.splitleaf_infinite.bone.left_leg2] run data modify entity @s {} merge value {transformation:[0.9462670763727068f,0.15535068537562394f,-0.283627898356939f,-0.1932057910800945f,-0.17299534777682635f,0.9841854923734373f,-0.03809890089267148f,0.38063822052967894f,0.2732237724295327f,0.0851180424761907f,0.9581772743205698f,0.0767881880376827f,0f,0f,0f,1f],start_interpolation:0}
execute if entity @s[tag=aj.splitleaf_infinite.bone.left_leg] run data modify entity @s {} merge value {transformation:[0.9462670763727068f,0.24689435872877624f,-0.2088583151348219f,-0.10447813091194053f,-0.17299534777682635f,0.9321371254826324f,0.3181084546888845f,0.715625f,0.2732237724295327f,-0.26488404052505987f,0.9247622479613306f,-0.018404514026010683f,0f,0f,0f,1f],start_interpolation:0}