execute if entity @s[tag=aj.splitleaf_infinite.bone.right_arm2] run data modify entity @s {} merge value {transformation:[-0.16157256464167458f,0.34167729330735047f,-0.92582446154402f,0.1489452041169335f,0.93021473653813f,0.3660015778253043f,-0.027265160125795135f,1.1520317408431737f,0.3295373276010009f,-0.8656208594226174f,-0.3769690669670922f,0.6745142943438996f,0f,0f,0f,1f],start_interpolation:0}
execute if entity @s[tag=aj.splitleaf_infinite.bone.right_arm] run data modify entity @s {} merge value {transformation:[-0.16157256464167458f,-0.24854187355854807f,-0.9550503879079462f,0.08680973572729647f,0.93021473653813f,0.2848046321620463f,-0.23148836995913855f,1.2232328988836854f,0.3295373276010009f,-0.9258041145874478f,0.18518069859070752f,0.4430632656970377f,0f,0f,0f,1f],start_interpolation:0}
execute if entity @s[tag=aj.splitleaf_infinite.locator_origin.splitleaf0] at @s on origin run tp @s ^-0.93048 ^-0.15447 ^1.42766 ~-174.01086 ~-37.36318
execute if entity @s[tag=aj.splitleaf_infinite.locator_origin.splitleaf1] at @s on origin run tp @s ^-0.87865 ^0.22483 ^0.93362 ~-174.01086 ~-37.36318
execute if entity @s[tag=aj.splitleaf_infinite.locator_origin.splitleaf2] at @s on origin run tp @s ^-0.82682 ^0.60412 ^0.43957 ~-174.01086 ~-37.36318
execute if entity @s[tag=aj.splitleaf_infinite.locator_origin.splitleaf3] at @s on origin run tp @s ^-0.75032 ^0.99728 ^-0.04123 ~-174.01086 ~-37.36318
execute if entity @s[tag=aj.splitleaf_infinite.locator_origin.splitleaf4] at @s on origin run tp @s ^-0.69849 ^1.37657 ^-0.53527 ~-174.01086 ~-37.36318
execute if entity @s[tag=aj.splitleaf_infinite.locator_origin.splitleaf5] at @s on origin run tp @s ^-0.64666 ^1.75587 ^-1.02931 ~-174.01086 ~-37.36318
execute if entity @s[tag=aj.splitleaf_infinite.bone.splitleaf_greatsword] run data modify entity @s {} merge value {transformation:[-1.5457850405356361f,-2.006536748538521f,-0.21078028765789253f,-0.7945714584925113f,1.6754177842268654f,-1.128670045809847f,-1.54244890366987f,0.7248897618251582f,1.1240966600773383f,-1.0770253705927733f,2.0091024101192345f,0.2666777797751331f,0f,0f,0f,1f],start_interpolation:0}
execute if entity @s[tag=aj.splitleaf_infinite.bone.left_arm2] run data modify entity @s {} merge value {transformation:[0.20019052605561818f,0.8157545206284386f,-0.5426493484303109f,-0.5334360886375229f,-0.46311916419062576f,0.5668668670847394f,0.6813094706232319f,1.2528146795070396f,0.8633912166781355f,0.11491961136289375f,0.4912729281033613f,-0.1974118735484249f,0f,0f,0f,1f],start_interpolation:0}
execute if entity @s[tag=aj.splitleaf_infinite.bone.left_arm] run data modify entity @s {} merge value {transformation:[-0.2694656072327211f,0.7955626758256445f,-0.5426493484303109f,-0.36822862058520195f,-0.6951680871398086f,0.22925692107648765f,0.6813094706232319f,1.2232328988836854f,0.6664305043596671f,0.5608219797508558f,0.4912729281033613f,0.02609743443424742f,0f,0f,0f,1f],start_interpolation:0}
execute if entity @s[tag=aj.splitleaf_infinite.bone.head] run data modify entity @s {} merge value {transformation:[0.9772043717707342f,-0.19665589440602932f,-0.07998796776721923f,-0.13766599069840038f,0.17339044583734642f,0.9566964208274252f,-0.233811273612545f,1.4103107179946153f,0.12250456760664602f,0.2146122493506808f,0.9689861780975774f,0.23704098669809942f,0f,0f,0f,1f],start_interpolation:0}
execute if entity @s[tag=aj.splitleaf_infinite.bone.body_top] run data modify entity @s {} merge value {transformation:[0.7372773368101241f,-0.19665589440602932f,-0.6463347335719593f,-0.060232732276026324f,0f,0.9566964208274252f,-0.2910875441787129f,1.0336115022938166f,0.6755902076156602f,0.2146122493506808f,0.7053505892834218f,0.15253741351626884f,0f,0f,0f,1f],start_interpolation:0}
execute if entity @s[tag=aj.splitleaf_infinite.bone.body] run data modify entity @s {} merge value {transformation:[0.7372773368101241f,-0.19665589440602932f,-0.6463347335719593f,0.025804221526611507f,0f,0.9566964208274252f,-0.2910875441787129f,0.6150568181818181f,0.6755902076156602f,0.2146122493506808f,0.7053505892834218f,0.058644554425346f,0f,0f,0f,1f],start_interpolation:0}
execute if entity @s[tag=aj.splitleaf_infinite.locator_origin.player_camera] at @s on origin run tp @s ^0.40582 ^-0.07244 ^-0.35607 ~-137.5 ~0
execute if entity @s[tag=aj.splitleaf_infinite.bone.right_leg2] run data modify entity @s {} merge value {transformation:[0.8453515473312401f,-0.20744988117478333f,-0.4922857993333207f,0.14544939427983564f,0.12826126517532432f,0.9733826484466404f,-0.18993490347650532f,0.3373230219444446f,0.518584428304884f,0.09742056509573596f,0.8494583122296963f,0.18878994798951f,0f,0f,0f,1f],start_interpolation:0}
execute if entity @s[tag=aj.splitleaf_infinite.bone.right_leg] run data modify entity @s {} merge value {transformation:[0.8453515473312401f,-0.0801771446273837f,-0.52815943322455f,0.11663573292936961f,0.12826126517532432f,0.9902157808344307f,0.05497049428633309f,0.6931818181818181f,0.518584428304884f,-0.11421178952217777f,0.8473640645282513f,0.14774508612997736f,0f,0f,0f,1f],start_interpolation:0}
execute if entity @s[tag=aj.splitleaf_infinite.bone.left_leg2] run data modify entity @s {} merge value {transformation:[0.7363861588256274f,0.015719908798479704f,-0.6763788210443946f,-0.13720473614001666f,-0.1723292081259288f,0.9711136780026651f,-0.16504807912492214f,0.3413155498539721f,0.6542461838763206f,0.2380989476320795f,0.7178236705624635f,-0.041898708109923494f,0f,0f,0f,1f],start_interpolation:0}
execute if entity @s[tag=aj.splitleaf_infinite.bone.left_leg] run data modify entity @s {} merge value {transformation:[0.7363861588256274f,0.20084158960381226f,-0.6460635270431628f,-0.06502728987614662f,-0.1723292081259288f,0.9791061379557454f,0.10795283527575922f,0.6931818181818181f,0.6542461838763206f,0.03184064231134086f,0.755611080107004f,-0.030455977279285375f,0f,0f,0f,1f],start_interpolation:0}