execute if entity @s[tag=aj.splitleaf_infinite.bone.right_arm2] run data modify entity @s {} merge value {transformation:[-0.4322126702376402f,0.5737417854824621f,-0.6957101201487906f,0.05644952239995717f,0.3325952054019647f,0.818524730116442f,0.4683990772102679f,0.9205913907689351f,0.8381960612110233f,-0.02894183441321585f,-0.5446005262494007f,0.49542771307313865f,0f,0f,0f,1f],start_interpolation:0}
execute if entity @s[tag=aj.splitleaf_infinite.bone.right_arm] run data modify entity @s {} merge value {transformation:[-0.4322126702376402f,0.09515773882576312f,-0.8967369806290004f,0.08023895710639795f,0.3325952054019647f,0.9411311372589755f,-0.060436841622079525f,1.155874175083679f,0.8381960612110233f,-0.3243719889620482f,-0.4384178095688302f,0.4143347158326266f,0f,0f,0f,1f],start_interpolation:0}
execute if entity @s[tag=aj.splitleaf_infinite.locator_origin.splitleaf0] at @s on origin run tp @s ^-0.37577 ^-0.73263 ^0.78429 ~145.01899 ~-58.29274
execute if entity @s[tag=aj.splitleaf_infinite.locator_origin.splitleaf1] at @s on origin run tp @s ^-0.5641 ^-0.20091 ^0.51514 ~145.01899 ~-58.29274
execute if entity @s[tag=aj.splitleaf_infinite.locator_origin.splitleaf2] at @s on origin run tp @s ^-0.75242 ^0.3308 ^0.246 ~145.01899 ~-58.29274
execute if entity @s[tag=aj.splitleaf_infinite.locator_origin.splitleaf3] at @s on origin run tp @s ^-0.92184 ^0.85694 ^-0.04739 ~145.01899 ~-58.29274
execute if entity @s[tag=aj.splitleaf_infinite.locator_origin.splitleaf4] at @s on origin run tp @s ^-1.11016 ^1.38865 ^-0.31654 ~145.01899 ~-58.29274
execute if entity @s[tag=aj.splitleaf_infinite.locator_origin.splitleaf5] at @s on origin run tp @s ^-1.29848 ^1.92037 ^-0.58568 ~145.01899 ~-58.29274
execute if entity @s[tag=aj.splitleaf_infinite.bone.splitleaf_greatsword] run data modify entity @s {} merge value {transformation:[1.8733066953158575f,-1.5376177372149828f,0.7658480031514738f,-0.8251028715245081f,1.2564280175290896f,0.45373759646505724f,-2.1623090146337725f,0.5025201403913303f,1.1714009162097947f,1.9722888561771148f,1.0945163341617457f,0.1423192912948322f,0f,0f,0f,1f],start_interpolation:0}
execute if entity @s[tag=aj.splitleaf_infinite.bone.left_arm2] run data modify entity @s {} merge value {transformation:[0.892243199420388f,0.344922463345706f,-0.2914284944331972f,-0.5605399788710568f,-0.4170690721132755f,0.876864010658863f,-0.23908763225609284f,1.1053025775082035f,0.1730764633757036f,0.3348701257066439f,0.9262324420654761f,-0.02226989589972095f,0f,0f,0f,1f],start_interpolation:0}
execute if entity @s[tag=aj.splitleaf_infinite.bone.left_arm] run data modify entity @s {} merge value {transformation:[0.8225402202233986f,0.4386524840006463f,-0.36195522429563837f,-0.34805933034297043f,-0.5649400209505412f,0.7033681513274576f,-0.4314116554134772f,1.2105271127212502f,0.06534798270218574f,0.5593364300474782f,0.8263609375923439f,0.12573270944992182f,0f,0f,0f,1f],start_interpolation:0}
execute if entity @s[tag=aj.splitleaf_infinite.bone.head] run data modify entity @s {} merge value {transformation:[0.9173230963015453f,-0.19229991512011643f,-0.34862455397826236f,-0.16825033179923998f,0.07394188645711296f,0.9426756246473031f,-0.325415525325668f,1.3961095754391506f,0.39121724708773997f,0.27273322008991335f,0.8789571412989814f,0.3509163697401714f,0f,0f,0f,1f],start_interpolation:0}
execute if entity @s[tag=aj.splitleaf_infinite.bone.body_top] run data modify entity @s {} merge value {transformation:[0.849202181526579f,-0.23077258202742754f,-0.47497333638310024f,-0.07738362762594037f,0f,0.8994551283478502f,-0.43701312576254764f,1.0419491186521845f,0.5280678506503681f,0.3711124997533047f,0.7638192571782635f,0.2047908229623076f,0f,0f,0f,1f],start_interpolation:0}
execute if entity @s[tag=aj.splitleaf_infinite.bone.body] run data modify entity @s {} merge value {transformation:[0.849202181526579f,-0.23077258202742754f,-0.47497333638310024f,0.02357937701105918f,0f,0.8994551283478502f,-0.43701312576254764f,0.6484375f,0.5280678506503681f,0.3711124997533047f,0.7638192571782635f,0.04242910432023681f,0f,0f,0f,1f],start_interpolation:0}
execute if entity @s[tag=aj.splitleaf_infinite.locator_origin.player_camera] at @s on origin run tp @s ^-0.14144 ^-0.03906 ^0.3078 ~-148.125 ~0
execute if entity @s[tag=aj.splitleaf_infinite.bone.right_leg2] run data modify entity @s {} merge value {transformation:[0.8773055109416731f,-0.09973706577177516f,-0.46945453260417747f,0.07118282727854788f,0.12024253239701656f,0.9926484142762062f,0.013815174182244816f,0.42604080948946627f,0.4646254124282511f,-0.06856853029028648f,0.8828485616342747f,0.29735478527823433f,0f,0f,0f,1f],start_interpolation:0}
execute if entity @s[tag=aj.splitleaf_infinite.bone.right_leg] run data modify entity @s {} merge value {transformation:[0.8773055109416731f,0.1627260341333599f,-0.4515033535718187f,0.1296624957952241f,0.12024253239701656f,0.8362342692467026f,0.5350270837445388f,0.7265625f,0.4646254124282511f,-0.5236721156913569f,0.7140663424172966f,0.10916011870165296f,0f,0f,0f,1f],start_interpolation:0}
execute if entity @s[tag=aj.splitleaf_infinite.bone.left_leg2] run data modify entity @s {} merge value {transformation:[0.842977139008675f,-0.19930933971492454f,-0.49966521813225123f,-0.04893873989711414f,-0.1450127001288043f,0.8102584054474486f,-0.5678491289093535f,0.39992502183878764f,0.5180355778420078f,0.5511416365183808f,0.6541269269688709f,-0.17035580126079172f,0f,0f,0f,1f],start_interpolation:0}
execute if entity @s[tag=aj.splitleaf_infinite.bone.left_leg] run data modify entity @s {} merge value {transformation:[0.842977139008675f,-0.09339826608971567f,-0.5297794890331109f,-0.08250374177310571f,-0.1450127001288043f,0.9089042870572865f,-0.39097866152801636f,0.7265625f,0.5180355778420078f,0.40641082768587794f,0.7526416007832526f,-0.024301910061179342f,0f,0f,0f,1f],start_interpolation:0}