execute if entity @s[tag=aj.splitleaf_infinite.bone.right_arm2] run data modify entity @s {} merge value {transformation:[-0.16089459123485716f,0.6176787070668726f,-0.7697960413950989f,0.19823028299241982f,0.3185526718768891f,0.7707150328841457f,0.5518356035328686f,0.869974600276146f,0.9341504834615584f,-0.1564332219273995f,-0.32076708267206855f,0.37227182330491027f,0f,0f,0f,1f],start_interpolation:0}
execute if entity @s[tag=aj.splitleaf_infinite.bone.right_arm] run data modify entity @s {} merge value {transformation:[-0.16089459123485716f,0.20707886803032075f,-0.9650032502155882f,0.25f,0.3185526718768891f,0.9363100731104191f,0.1478094795067507f,1.1040521185537508f,0.9341504834615584f,-0.28362261794018206f,-0.21661275318248036f,0.3013661688198647f,0f,0f,0f,1f],start_interpolation:0}
execute if entity @s[tag=aj.splitleaf_infinite.locator_origin.splitleaf0] at @s on origin run tp @s ^-0.08182 ^0.19462 ^2.62504 ~-179.20367 ~-14.51422
execute if entity @s[tag=aj.splitleaf_infinite.locator_origin.splitleaf1] at @s on origin run tp @s ^-0.07342 ^0.35125 ^2.02005 ~-179.20367 ~-14.51422
execute if entity @s[tag=aj.splitleaf_infinite.locator_origin.splitleaf2] at @s on origin run tp @s ^-0.06501 ^0.50789 ^1.41505 ~-179.20367 ~-14.51422
execute if entity @s[tag=aj.splitleaf_infinite.locator_origin.splitleaf3] at @s on origin run tp @s ^-0.05624 ^0.63428 ^0.80223 ~-179.20367 ~-14.51422
execute if entity @s[tag=aj.splitleaf_infinite.locator_origin.splitleaf4] at @s on origin run tp @s ^-0.04783 ^0.79091 ^0.19724 ~-179.20367 ~-14.51422
execute if entity @s[tag=aj.splitleaf_infinite.locator_origin.splitleaf5] at @s on origin run tp @s ^-0.03942 ^0.94755 ^-0.40776 ~-179.20367 ~-14.51422
execute if entity @s[tag=aj.splitleaf_infinite.bone.splitleaf_greatsword] run data modify entity @s {} merge value {transformation:[1.3331256404210454f,-0.015230927369237183f,-0.01793943926737377f,-0.0785449038065924f,0.010249984553977076f,1.2907399376591386f,-0.3341603341602711f,0.5554135692851752f,0.02118354187566366f,0.3339703728789932f,1.2906559670843525f,1.207501011483042f,0f,0f,0f,1f],start_interpolation:0}
execute if entity @s[tag=aj.splitleaf_infinite.bone.left_arm2] run data modify entity @s {} merge value {transformation:[0.8511038223455978f,-0.46623323722412235f,0.24134798962541276f,-0.26104388349448376f,0.2686058339234259f,0.7816984601749747f,0.562848490574839f,0.9194495971645855f,-0.451080025683929f,-0.41421502371061925f,0.7905395148639927f,0.35064168202418483f,0f,0f,0f,1f],start_interpolation:0}
execute if entity @s[tag=aj.splitleaf_infinite.bone.left_arm] run data modify entity @s {} merge value {transformation:[0.8392339367420574f,-0.3754414343930936f,0.3933575075694944f,-0.25f,0.2990545096947568f,0.9228378861545833f,0.24276868848549832f,1.187540882415076f,-0.4541506354191933f,-0.08610438559444417f,0.8867543262537523f,0.2723467561981746f,0f,0f,0f,1f],start_interpolation:0}
execute if entity @s[tag=aj.splitleaf_infinite.bone.head] run data modify entity @s {} merge value {transformation:[0.9996812176961282f,0.004685310578719017f,-0.024809491134794196f,-1.3877787807814457e-17f,-0.011001950226117206f,0.9652698160071923f,-0.26102325451320074f,1.3731793736120508f,0.022724877927252495f,0.2612129977053632f,0.9650136526251686f,0.36222118574357226f,0f,0f,0f,1f],start_interpolation:0}
execute if entity @s[tag=aj.splitleaf_infinite.bone.body_top] run data modify entity @s {} merge value {transformation:[1f,0f,0f,-1.3877787807814457e-17f,0f,0.9000654118641211f,-0.4357548099170794f,1.0187786176905531f,0f,0.4357548099170794f,0.9000654118641211f,0.19064272933872223f,0f,0f,0f,1f],start_interpolation:0}
execute if entity @s[tag=aj.splitleaf_infinite.bone.body] run data modify entity @s {} merge value {transformation:[1f,0f,0f,-1.3877787807814457e-17f,0f,0.9000654118641211f,-0.4357548099170794f,0.625f,0f,0.4357548099170794f,0.9000654118641211f,-6.938893903907228e-18f,0f,0f,0f,1f],start_interpolation:0}
execute if entity @s[tag=aj.splitleaf_infinite.locator_origin.player_camera] at @s on origin run tp @s ^0 ^-0.0625 ^-0.5625 ~-180 ~0
execute if entity @s[tag=aj.splitleaf_infinite.bone.right_leg2] run data modify entity @s {} merge value {transformation:[0.9911998274379955f,-0.13187217326574274f,-0.011516596939110564f,0.1612890214683274f,0.13188095370957686f,0.9912655618145955f,0.0000030077732921518496f,0.4123705199154204f,0.011415609293438947f,-0.001521801092186914f,0.9999336817938954f,0.20807529852583914f,0f,0f,0f,1f],start_interpolation:0}
execute if entity @s[tag=aj.splitleaf_infinite.bone.right_leg] run data modify entity @s {} merge value {transformation:[0.9911998274379955f,-0.10097814669447636f,-0.08559390151778815f,0.12499999999999999f,0.13188095370957686f,0.809055944583178f,0.5727441772582886f,0.703125f,0.011415609293438947f,-0.578992135028422f,0.8152532069484235f,-6.938893903907228e-18f,0f,0f,0f,1f],start_interpolation:0}
execute if entity @s[tag=aj.splitleaf_infinite.bone.left_leg2] run data modify entity @s {} merge value {transformation:[0.9917611319807412f,0.09210937598319165f,-0.0890265126143094f,-0.16538914383071104f,-0.1280979701263671f,0.7178483485350435f,-0.6843132751562073f,0.3892593176842829f,0.0008758663043638495f,0.6900794239516911f,0.7237331148266736f,-0.17031571022695322f,0f,0f,0f,1f],start_interpolation:0}
execute if entity @s[tag=aj.splitleaf_infinite.bone.left_leg] run data modify entity @s {} merge value {transformation:[0.9917611319807412f,0.11238718283328292f,-0.061473394465223645f,-0.125f,-0.1280979701263671f,0.8733653768785171f,-0.4699189595231822f,0.703125f,0.0008758663043638495f,0.4739219762836959f,0.8805664047949893f,-6.938893903907228e-18f,0f,0f,0f,1f],start_interpolation:0}