execute if entity @s[tag=aj.splitleaf_infinite.bone.right_arm2] run data modify entity @s {} merge value {transformation:[-0.15333551895634723f,0.6417714300191129f,-0.7514104405966223f,0.1936970091244189f,0.5835424376898932f,0.6724662359663065f,0.4552662791161284f,0.9688518765627464f,0.797475041641633f,-0.3686713890397932f,-0.477613823985597f,0.34122490725522703f,0f,0f,0f,1f],start_interpolation:0}
execute if entity @s[tag=aj.splitleaf_infinite.bone.right_arm] run data modify entity @s {} merge value {transformation:[-0.15333551895634723f,0.22521196350232436f,-0.9621682753665364f,0.25f,0.5835424376898932f,0.8064169516168929f,0.09575971783508257f,1.1704561144669696f,0.797475041641633f,-0.5467826548459136f,-0.2550730999504454f,0.2045292435437486f,0f,0f,0f,1f],start_interpolation:0}
execute if entity @s[tag=aj.splitleaf_infinite.locator_origin.splitleaf0] at @s on origin run tp @s ^-0.01172 ^0.96819 ^2.76325 ~179.56034 ~1.65745
execute if entity @s[tag=aj.splitleaf_infinite.locator_origin.splitleaf1] at @s on origin run tp @s ^-0.01652 ^0.95011 ^2.13853 ~179.56034 ~1.65745
execute if entity @s[tag=aj.splitleaf_infinite.locator_origin.splitleaf2] at @s on origin run tp @s ^-0.02131 ^0.93203 ^1.51381 ~179.56034 ~1.65745
execute if entity @s[tag=aj.splitleaf_infinite.locator_origin.splitleaf3] at @s on origin run tp @s ^-0.02437 ^0.88277 ^0.88998 ~179.56034 ~1.65745
execute if entity @s[tag=aj.splitleaf_infinite.locator_origin.splitleaf4] at @s on origin run tp @s ^-0.02916 ^0.86469 ^0.26526 ~179.56034 ~1.65745
execute if entity @s[tag=aj.splitleaf_infinite.locator_origin.splitleaf5] at @s on origin run tp @s ^-0.03395 ^0.84661 ^-0.35946 ~179.56034 ~1.65745
execute if entity @s[tag=aj.splitleaf_infinite.bone.splitleaf_greatsword] run data modify entity @s {} merge value {transformation:[2.5376534572607574f,-0.1414366360655252f,0.01949495512785972f,-0.03906039695590896f,0.14081860239505015f,2.5366976763592715f,0.07351506252068193f,0.9191536612727953f,-0.023547749711465747f,-0.07231888533697982f,2.540528473910809f,1.3015831257273516f,0f,0f,0f,1f],start_interpolation:0}
execute if entity @s[tag=aj.splitleaf_infinite.bone.left_arm2] run data modify entity @s {} merge value {transformation:[0.8695458637001923f,-0.47128036204875157f,0.1475967861068943f,-0.25235230403478753f,0.12193013910056114f,0.494490950362969f,0.8605880205929233f,1.0491727631844316f,-0.47856350895236927f,-0.7303242569957029f,0.48744584062526375f,0.3592124469913657f,0f,0f,0f,1f],start_interpolation:0}
execute if entity @s[tag=aj.splitleaf_infinite.bone.left_arm] run data modify entity @s {} merge value {transformation:[0.8695458637001923f,-0.39237760459983506f,0.29988298773085165f,-0.24175347222222227f,0.12193013910056114f,0.759007935249038f,0.6395623467715326f,1.2541660143842612f,-0.47856350895236927f,-0.5195640188056596f,0.7078348665202271f,0.16950100367090462f,0f,0f,0f,1f],start_interpolation:0}
execute if entity @s[tag=aj.splitleaf_infinite.bone.head] run data modify entity @s {} merge value {transformation:[1f,0f,0f,-1.3877787807814457e-17f,0f,0.9949035469877721f,-0.1008312064350618f,1.4398858311744527f,0f,0.1008312064350618f,0.9949035469877721f,0.20929865230370004f,0f,0f,0f,1f],start_interpolation:0}
execute if entity @s[tag=aj.splitleaf_infinite.bone.body_top] run data modify entity @s {} merge value {transformation:[1f,0f,0f,-1.3877787807814457e-17f,0f,0.9677824535432009f,-0.2517878523954286f,1.0588214900918171f,0f,0.2517878523954286f,0.9677824535432009f,0.11015718542300001f,0f,0f,0f,1f],start_interpolation:0}
execute if entity @s[tag=aj.splitleaf_infinite.bone.body] run data modify entity @s {} merge value {transformation:[1f,0f,0f,-1.3877787807814457e-17f,0f,0.9677824535432009f,-0.2517878523954286f,0.6354166666666667f,0f,0.2517878523954286f,0.9677824535432009f,-6.938893903907228e-18f,0f,0f,0f,1f],start_interpolation:0}
execute if entity @s[tag=aj.splitleaf_infinite.locator_origin.player_camera] at @s on origin run tp @s ^0 ^-0.05208 ^-0.5625 ~-180 ~0
execute if entity @s[tag=aj.splitleaf_infinite.bone.right_leg2] run data modify entity @s {} merge value {transformation:[0.9913136426665483f,-0.13088214363591788f,0.012927735317754659f,0.16873191407154495f,0.13151898922145483f,0.9866108916224582f,-0.09644534206536393f,0.3840527497743063f,-0.00013167135529486285f,0.09730782604295074f,0.9952543241068834f,0.13665637182999643f,0f,0f,0f,1f],start_interpolation:0}
execute if entity @s[tag=aj.splitleaf_infinite.bone.right_leg] run data modify entity @s {} merge value {transformation:[0.9913136426665483f,-0.12168880437299466f,-0.049890848393768526f,0.12499999999999999f,0.13151898922145483f,0.9168387252656985f,0.3769741467625279f,0.7135416666666667f,-0.00013167135529486285f,-0.38026120857042484f,0.924879125031598f,-6.938893903907228e-18f,0f,0f,0f,1f],start_interpolation:0}
execute if entity @s[tag=aj.splitleaf_infinite.bone.left_leg2] run data modify entity @s {} merge value {transformation:[0.9913788173606466f,0.10829354850585707f,-0.07376006941845556f,-0.16973647105528444f,-0.13102686933833763f,0.8193733895015041f,-0.5580853053863815f,0.3750554463086572f,-3.469446951953614e-18f,0.5629385010183848f,0.8264987864910474f,-0.11214328963548692f,0f,0f,0f,1f],start_interpolation:0}
execute if entity @s[tag=aj.splitleaf_infinite.bone.left_leg] run data modify entity @s {} merge value {transformation:[0.9913788173606466f,0.12448409337122623f,-0.0408870515707556f,-0.125f,-0.13102686933833763f,0.9418747001266352f,-0.3093606451582927f,0.7135416666666667f,-3.469446951953614e-18f,0.31205089289874616f,0.9500653873503103f,-6.938893903907228e-18f,0f,0f,0f,1f],start_interpolation:0}