execute if entity @s[tag=aj.splitleaf_infinite.bone.right_arm2] run data modify entity @s {} merge value {transformation:[-0.49116128338578224f,0.539013493076933f,-0.6842697187395002f,0.011116576871950931f,0.33038012117663723f,0.8421310460259117f,0.42622092493284985f,0.946202676483736f,0.8059836035764882f,-0.016725896098765736f,-0.5917015085036976f,0.5148276850691471f,0f,0f,0f,1f],start_interpolation:0}
execute if entity @s[tag=aj.splitleaf_infinite.bone.right_arm] run data modify entity @s {} merge value {transformation:[-0.49116128338578224f,0.03244317707639266f,-0.8704642634617583f,0.019227371141049096f,0.33038012117663723f,0.9315777355923909f,-0.15169673061692518f,1.1790971103818337f,0.8059836035764882f,-0.36209164973766406f,-0.46827349696103326f,0.4243047726347311f,0f,0f,0f,1f],start_interpolation:0}
execute if entity @s[tag=aj.splitleaf_infinite.locator_origin.splitleaf0] at @s on origin run tp @s ^-0.49779 ^-0.46018 ^0.62812 ~159.16054 ~-52.11617
execute if entity @s[tag=aj.splitleaf_infinite.locator_origin.splitleaf1] at @s on origin run tp @s ^-0.63432 ^0.03311 ^0.26944 ~159.16054 ~-52.11617
execute if entity @s[tag=aj.splitleaf_infinite.locator_origin.splitleaf2] at @s on origin run tp @s ^-0.77086 ^0.52639 ^-0.08924 ~159.16054 ~-52.11617
execute if entity @s[tag=aj.splitleaf_infinite.locator_origin.splitleaf3] at @s on origin run tp @s ^-0.87926 ^1.01767 ^-0.4614 ~159.16054 ~-52.11617
execute if entity @s[tag=aj.splitleaf_infinite.locator_origin.splitleaf4] at @s on origin run tp @s ^-1.0158 ^1.51095 ^-0.82008 ~159.16054 ~-52.11617
execute if entity @s[tag=aj.splitleaf_infinite.locator_origin.splitleaf5] at @s on origin run tp @s ^-1.15233 ^2.00424 ^-1.17876 ~159.16054 ~-52.11617
execute if entity @s[tag=aj.splitleaf_infinite.bone.splitleaf_greatsword] run data modify entity @s {} merge value {transformation:[0.9586515456342048f,-2.287524990732189f,0.5552351531317967f,-0.8182740904650929f,1.5521481195939204f,0.16356160042910936f,-2.006029227641155f,0.683785239738803f,1.7697154780751205f,1.0956945122091317f,1.4586398140118708f,-0.2252543917126028f,0f,0f,0f,1f],start_interpolation:0}
execute if entity @s[tag=aj.splitleaf_infinite.bone.left_arm2] run data modify entity @s {} merge value {transformation:[0.607115892942756f,0.41529671532294765f,-0.6774503160957934f,-0.5317343933824177f,-0.7282085765623301f,0.6319714107399124f,-0.26518749033178407f,1.2408943081458608f,0.3179977382897323f,0.6543246703658481f,0.68610251726199f,-0.15721916682976994f,0f,0f,0f,1f],start_interpolation:0}
execute if entity @s[tag=aj.splitleaf_infinite.bone.left_arm] run data modify entity @s {} merge value {transformation:[0.5013335058604668f,0.44959860248335f,-0.7392738413786003f,-0.35666805452902184f,-0.8603878808350055f,0.3495230238630733f,-0.3708993802931759f,1.2207265790072535f,0.09163738545976598f,0.8220065403843403f,0.5620567917492557f,0.05973714144878589f,0f,0f,0f,1f],start_interpolation:0}
execute if entity @s[tag=aj.splitleaf_infinite.bone.head] run data modify entity @s {} merge value {transformation:[0.8634879923440902f,-0.25252947037192885f,-0.4365974732762955f,-0.21494281624020062f,0.10416379569290508f,0.93625582870273f,-0.3355218724420377f,1.4072431737698805f,0.49349608989780175f,0.24424145801611444f,0.8347500940052318f,0.321373843347513f,0f,0f,0f,1f],start_interpolation:0}
execute if entity @s[tag=aj.splitleaf_infinite.bone.body_top] run data modify entity @s {} merge value {transformation:[0.7372773368101241f,-0.28962049656157846f,-0.6103622666888867f,-0.10090474571907908f,0f,0.9034504346103823f,-0.42869256140305406f,1.0515095651420423f,0.6755902076156602f,0.3160653099815543f,0.6660935303694918f,0.196923127542276f,0f,0f,0f,1f],start_interpolation:0}
execute if entity @s[tag=aj.splitleaf_infinite.bone.body] run data modify entity @s {} merge value {transformation:[0.7372773368101241f,-0.28962049656157846f,-0.6103622666888867f,0.025804221526611507f,0f,0.9034504346103823f,-0.42869256140305406f,0.65625f,0.6755902076156602f,0.3160653099815543f,0.6660935303694918f,0.058644554425346f,0f,0f,0f,1f],start_interpolation:0}
execute if entity @s[tag=aj.splitleaf_infinite.locator_origin.player_camera] at @s on origin run tp @s ^-0.18532 ^-0.03125 ^0.28904 ~-137.5 ~0
execute if entity @s[tag=aj.splitleaf_infinite.bone.right_leg2] run data modify entity @s {} merge value {transformation:[0.7957496829349574f,-0.08213010664394393f,-0.6000309056136768f,0.034892172431930615f,0.11553162100261793f,0.9931535462911054f,0.017276516949561282f,0.42888476917023727f,0.5945038996149833f,-0.08307032606205073f,0.7997902439205685f,0.3142272707092543f,0f,0f,0f,1f],start_interpolation:0}
execute if entity @s[tag=aj.splitleaf_infinite.bone.right_leg] run data modify entity @s {} merge value {transformation:[0.7957496829349574f,0.23041693233042057f,-0.5600807793562935f,0.11769825748817551f,0.11553162100261793f,0.8500597727436876f,0.5138587620265492f,0.734375f,0.5945038996149833f,-0.4736099872874185f,0.6498143529379674f,0.14402368152783832f,0f,0f,0f,1f],start_interpolation:0}
execute if entity @s[tag=aj.splitleaf_infinite.bone.left_leg2] run data modify entity @s {} merge value {transformation:[0.7338619615272206f,-0.2536477371171972f,-0.6301662057574536f,-0.016948899633835196f,-0.15146713238017387f,0.8432166097598058f,-0.5157940062018035f,0.4030560045768849f,0.6621965940957014f,0.47397106924421506f,0.5803852998548021f,-0.15697774673754436f,0f,0f,0f,1f],start_interpolation:0}
execute if entity @s[tag=aj.splitleaf_infinite.bone.left_leg] run data modify entity @s {} merge value {transformation:[0.7338619615272206f,-0.1367399368378917f,-0.6653937263733327f,-0.06608981443495253f,-0.15146713238017387f,0.921931117699103f,-0.35651188202724693f,0.734375f,0.6621965940957014f,0.3624157886898033f,0.6558585723129652f,-0.026734572677146302f,0f,0f,0f,1f],start_interpolation:0}