execute if entity @s[tag=aj.splitleaf_infinite.bone.right_arm2] run data modify entity @s {} merge value {transformation:[-0.047165479267524485f,0.24803412030810074f,-0.9676024455986305f,0.30631127449407186f,0.9942645240331995f,-0.08142669249657304f,-0.06933794053837988f,1.2633528215390135f,-0.09598684188210412f,-0.965323142223398f,-0.24277099759535709f,0.563090082863712f,0f,0f,0f,1f],start_interpolation:0}
execute if entity @s[tag=aj.splitleaf_infinite.bone.right_arm] run data modify entity @s {} merge value {transformation:[-0.047165479267524485f,-0.29939482678555984f,-0.9529628299464302f,0.2314625677976819f,0.9942645240331995f,-0.10574724520481511f,-0.01598675641360927f,1.2369160102378098f,-0.09598684188210412f,-0.9482511575661994f,0.3026652744532523f,0.3260272934721622f,0f,0f,0f,1f],start_interpolation:0}
execute if entity @s[tag=aj.splitleaf_infinite.locator_origin.splitleaf0] at @s on origin run tp @s ^-0.44778 ^0.35533 ^1.81684 ~170.32155 ~-21.25581
execute if entity @s[tag=aj.splitleaf_infinite.locator_origin.splitleaf1] at @s on origin run tp @s ^-0.54571 ^0.58191 ^1.24265 ~170.32155 ~-21.25581
execute if entity @s[tag=aj.splitleaf_infinite.locator_origin.splitleaf2] at @s on origin run tp @s ^-0.64364 ^0.80849 ^0.66846 ~170.32155 ~-21.25581
execute if entity @s[tag=aj.splitleaf_infinite.locator_origin.splitleaf3] at @s on origin run tp @s ^-0.71344 ^1.04868 ^0.09484 ~170.32155 ~-21.25581
execute if entity @s[tag=aj.splitleaf_infinite.locator_origin.splitleaf4] at @s on origin run tp @s ^-0.81136 ^1.27526 ^-0.47935 ~170.32155 ~-21.25581
execute if entity @s[tag=aj.splitleaf_infinite.locator_origin.splitleaf5] at @s on origin run tp @s ^-0.90929 ^1.50185 ^-1.05354 ~170.32155 ~-21.25581
execute if entity @s[tag=aj.splitleaf_infinite.bone.splitleaf_greatsword] run data modify entity @s {} merge value {transformation:[-1.033663439959679f,-2.28757954624435f,0.3982325412866947f,-0.6650089600668422f,2.0943125982551f,-1.1067420870487852f,-0.9214369962126092f,0.8745464228477493f,1.0027283172051833f,-0.04659631749221097f,2.335044785333992f,0.4667205071816792f,0f,0f,0f,1f],start_interpolation:0}
execute if entity @s[tag=aj.splitleaf_infinite.bone.left_arm2] run data modify entity @s {} merge value {transformation:[0.4808683082964694f,0.8096793680928307f,-0.3364297712166472f,-0.5426293720634767f,-0.2063554831114941f,0.4774375427654255f,0.8540906318113638f,1.2177886871810892f,0.8521637663418418f,-0.3412809892784927f,0.3966663606750387f,-0.1665674215741692f,0f,0f,0f,1f],start_interpolation:0}
execute if entity @s[tag=aj.splitleaf_infinite.bone.left_arm] run data modify entity @s {} merge value {transformation:[-0.02948018958302595f,0.9412470066147689f,-0.3364297712166472f,-0.3110026441076627f,-0.4305654539907526f,0.2917920192222583f,0.8540906318113638f,1.2369160102378098f,0.9020777728399507f,0.170033790926786f,0.3966663606750387f,-0.011299252237478838f,0f,0f,0f,1f],start_interpolation:0}
execute if entity @s[tag=aj.splitleaf_infinite.bone.head] run data modify entity @s {} merge value {transformation:[0.9985246114108923f,-0.04381666758468058f,-0.03207335418224122f,-0.012843227918706568f,0.04142068711373472f,0.9965515915810407f,-0.07189751036246518f,1.4107698741381038f,0.03511306146937315f,0.07046293322782055f,0.9968962072127565f,0.10100141756586274f,0f,0f,0f,1f],start_interpolation:0}
execute if entity @s[tag=aj.splitleaf_infinite.bone.body_top] run data modify entity @s {} merge value {transformation:[0.8492021815265781f,-0.04381666758468058f,-0.5262468570284042f,0.004409584942761412f,0f,0.9965515915810407f,-0.08297545008793082f,1.018377684953069f,0.5280678506503688f,0.07046293322782055f,0.8462737855744032f,0.0732566376074084f,0f,0f,0f,1f],start_interpolation:0}
execute if entity @s[tag=aj.splitleaf_infinite.bone.body] run data modify entity @s {} merge value {transformation:[0.8492021815265781f,-0.04381666758468058f,-0.5262468570284042f,0.023579377011059166f,0f,0.9965515915810407f,-0.08297545008793082f,0.5823863636363638f,0.5280678506503688f,0.07046293322782055f,0.8462737855744032f,0.04242910432023691f,0f,0f,0f,1f],start_interpolation:0}
execute if entity @s[tag=aj.splitleaf_infinite.locator_origin.player_camera] at @s on origin run tp @s ^-0.14144 ^-0.10511 ^0.3078 ~-148.125 ~0
execute if entity @s[tag=aj.splitleaf_infinite.bone.right_leg2] run data modify entity @s {} merge value {transformation:[0.9249136698246148f,-0.21156376260591261f,-0.31587256563936045f,0.18122854867689744f,0.1351262656967292f,0.9595443624783274f,-0.2470131752658494f,0.30498872102316554f,0.35535277639329055f,0.18578318219927573f,0.9160835188570364f,0.11743790397634282f,0f,0f,0f,1f],start_interpolation:0}
execute if entity @s[tag=aj.splitleaf_infinite.bone.right_leg] run data modify entity @s {} merge value {transformation:[0.9249136698246148f,-0.14597965441049943f,-0.35103367911035854f,0.12876711037312422f,0.1351262656967292f,0.9892803968367255f,-0.05536414682290147f,0.6605113636363638f,0.35535277639329055f,0.0037731860227118857f,0.9347246478919968f,0.11879389270325491f,0f,0f,0f,1f],start_interpolation:0}
execute if entity @s[tag=aj.splitleaf_infinite.bone.left_leg2] run data modify entity @s {} merge value {transformation:[0.8443908670130701f,0.08718456362983595f,-0.5285857693597041f,-0.17133825326781232f,-0.1723292081259288f,0.978431431724986f,-0.1139060026481678f,0.3139593819384615f,0.5072540859683691f,0.18727195539447222f,0.8412030117582348f,-0.002302470417055391f,0f,0f,0f,1f],start_interpolation:0}
execute if entity @s[tag=aj.splitleaf_infinite.bone.left_leg] run data modify entity @s {} merge value {transformation:[0.8443908670130701f,0.24968319142067874f,-0.47398561964146124f,-0.08160835635100588f,-0.1723292081259288f,0.9643185577680757f,0.20097851420186347f,0.6605113636363638f,0.5072540859683691f,-0.0880228553620194f,0.8572894897304592f,-0.033935684062781114f,0f,0f,0f,1f],start_interpolation:0}