execute if entity @s[tag=aj.splitleaf_infinite.bone.right_arm2] run data modify entity @s {} merge value {transformation:[-0.4788837394486981f,0.7890265003151602f,-0.38484743196758037f,0.055282543850663446f,0.8748763222879559f,0.4651662703831462f,-0.13495095997337084f,1.172772832470876f,0.07253816093293083f,-0.4013197262760005f,-0.9130611658099493f,0.5792103147385819f,0f,0f,0f,1f],start_interpolation:0}
execute if entity @s[tag=aj.splitleaf_infinite.bone.right_arm] run data modify entity @s {} merge value {transformation:[-0.4788837394486981f,0.3385768612969693f,-0.8099605379806623f,0.13992675917490577f,0.8748763222879559f,0.26029881058826954f,-0.4084555666241222f,1.2378475351179432f,0.07253816093293083f,-0.9042180258104926f,-0.42086574701185075f,0.35315580828595877f,0f,0f,0f,1f],start_interpolation:0}
execute if entity @s[tag=aj.splitleaf_infinite.locator_origin.splitleaf0] at @s on origin run tp @s ^-1.0448 ^0.488 ^1.61112 ~-166.50591 ~-16.76361
execute if entity @s[tag=aj.splitleaf_infinite.locator_origin.splitleaf1] at @s on origin run tp @s ^-0.90516 ^0.66827 ^1.0292 ~-166.50591 ~-16.76361
execute if entity @s[tag=aj.splitleaf_infinite.locator_origin.splitleaf2] at @s on origin run tp @s ^-0.76552 ^0.84853 ^0.44728 ~-166.50591 ~-16.76361
execute if entity @s[tag=aj.splitleaf_infinite.locator_origin.splitleaf3] at @s on origin run tp @s ^-0.59948 ^1.04191 ^-0.12424 ~-166.50591 ~-16.76361
execute if entity @s[tag=aj.splitleaf_infinite.locator_origin.splitleaf4] at @s on origin run tp @s ^-0.45984 ^1.22217 ^-0.70616 ~-166.50591 ~-16.76361
execute if entity @s[tag=aj.splitleaf_infinite.locator_origin.splitleaf5] at @s on origin run tp @s ^-0.32019 ^1.40244 ^-1.28808 ~-166.50591 ~-16.76361
execute if entity @s[tag=aj.splitleaf_infinite.bone.splitleaf_greatsword] run data modify entity @s {} merge value {transformation:[-1.2365208328307793f,-2.146764337411662f,-0.5678807568824439f,-0.7050724341276186f,2.1876817145389826f,-1.0661690999503535f,-0.733076810864501f,0.8981324315115886f,0.3809650775224559f,-0.8454323002895947f,2.3664697927038483f,0.2487735287690357f,0f,0f,0f,1f],start_interpolation:0}
execute if entity @s[tag=aj.splitleaf_infinite.bone.left_arm2] run data modify entity @s {} merge value {transformation:[-0.03743075044059807f,0.8972005652339873f,-0.440034185791589f,-0.31949610842383797f,-0.29007874942451184f,0.411626739645657f,0.8639547131308432f,1.2353929934267471f,0.9562704941875833f,0.15998303957763665f,0.2448513201796868f,-0.4009032316480361f,0f,0f,0f,1f],start_interpolation:0}
execute if entity @s[tag=aj.splitleaf_infinite.bone.left_arm] run data modify entity @s {} merge value {transformation:[-0.5262685402191413f,0.7276065825089454f,-0.440034185791589f,-0.2033780303239943f,-0.4690486712615511f,0.18323645283287826f,0.8639547131308432f,1.2225710227272728f,0.7092494395932838f,0.6610696358500193f,0.2448513201796868f,-0.1469796427363708f,0f,0f,0f,1f],start_interpolation:0}
execute if entity @s[tag=aj.splitleaf_infinite.bone.head] run data modify entity @s {} merge value {transformation:[0.9584969127448183f,0f,-0.28510290819044976f,0.025001112814038134f,0f,1f,0f,1.4008522727272728f,0.28510290819044976f,0f,0.9584969127448183f,0.0749922078234781f,0f,0f,0f,1f],start_interpolation:0}
execute if entity @s[tag=aj.splitleaf_infinite.bone.body_top] run data modify entity @s {} merge value {transformation:[0.6000712399244804f,0f,-0.79994656510013f,0.025001112814038134f,0f,1f,0f,1.0071022727272727f,0.79994656510013f,0f,0.6000712399244804f,0.0749922078234781f,0f,0f,0f,1f],start_interpolation:0}
execute if entity @s[tag=aj.splitleaf_infinite.bone.body] run data modify entity @s {} merge value {transformation:[0.6000712399244804f,0f,-0.79994656510013f,0.025001112814038134f,0f,1f,0f,0.5696022727272727f,0.79994656510013f,0f,0.6000712399244804f,0.0749922078234781f,0f,0f,0f,1f],start_interpolation:0}
execute if entity @s[tag=aj.splitleaf_infinite.locator_origin.player_camera] at @s on origin run tp @s ^0.47497 ^-0.1179 ^-0.26255 ~-126.875 ~0
execute if entity @s[tag=aj.splitleaf_infinite.bone.right_leg2] run data modify entity @s {} merge value {transformation:[0.7410731024622463f,-0.322650756974022f,-0.5888184319729397f,0.12117775275624662f,0.13130237434277023f,0.9296788905988171f,-0.34417560469461467f,0.29168745495892057f,0.6584605859874468f,0.1777460249880239f,0.731324830223906f,0.22708014552232011f,0f,0f,0f,1f],start_interpolation:0}
execute if entity @s[tag=aj.splitleaf_infinite.bone.right_leg] run data modify entity @s {} merge value {transformation:[0.7410731024622463f,-0.07455090945238178f,-0.6672726719316502f,0.09438601967179693f,0.13130237434277023f,0.9907194929206321f,0.03513648871240141f,0.6477272727272727f,0.6584605859874468f,-0.11365319285839903f,0.743984279709027f,0.18623602933883296f,0f,0f,0f,1f],start_interpolation:0}
execute if entity @s[tag=aj.splitleaf_infinite.bone.left_leg2] run data modify entity @s {} merge value {transformation:[0.5960359247614528f,-0.08850974634553618f,-0.7980646597836596f,-0.0999537570575029f,-0.14672563861686375f,0.9651660050297272f,-0.21662449009156398f,0.2934789368169785f,0.7894382581090386f,0.2462125251420111f,0.5622869632998451f,-0.06013646957241786f,0f,0f,0f,1f],start_interpolation:0}
execute if entity @s[tag=aj.splitleaf_infinite.bone.left_leg] run data modify entity @s {} merge value {transformation:[0.5960359247614528f,0.15462946229922012f,-0.7879282364421354f,-0.04438379404372066f,-0.14672563861686375f,0.985734499924297f,0.08245654996099237f,0.6477272727272727f,0.7894382581090386f,0.06646220766759252f,0.610221280836482f,-0.0362516136918768f,0f,0f,0f,1f],start_interpolation:0}