execute if entity @s[tag=aj.splitleaf_infinite.bone.right_arm2] run data modify entity @s {} merge value {transformation:[-0.15579275311760443f,0.6628977689647164f,-0.7323217639655666f,0.18363702365181298f,0.8031770000722978f,0.5165774765966588f,0.29673964552767895f,1.0804405627738647f,0.5750089778698259f,-0.5419541111336177f,-0.6129032687092386f,0.34506829752156065f,0f,0f,0f,1f],start_interpolation:0}
execute if entity @s[tag=aj.splitleaf_infinite.bone.right_arm] run data modify entity @s {} merge value {transformation:[-0.15579275311760443f,0.2654519053927481f,-0.9514535742743295f,0.25f,0.8031770000722978f,0.5947454132077176f,0.03441801887450023f,1.229126916075794f,0.5750089778698259f,-0.7588235495764089f,-0.30586189036452066f,0.15536241012745844f,0f,0f,0f,1f],start_interpolation:0}
execute if entity @s[tag=aj.splitleaf_infinite.locator_origin.splitleaf0] at @s on origin run tp @s ^-0.15631 ^2.77493 ^2.09338 ~-171.9966 ~44.98871
execute if entity @s[tag=aj.splitleaf_infinite.locator_origin.splitleaf1] at @s on origin run tp @s ^-0.09476 ^2.33308 ^1.65566 ~-171.9966 ~44.98871
execute if entity @s[tag=aj.splitleaf_infinite.locator_origin.splitleaf2] at @s on origin run tp @s ^-0.03322 ^1.89122 ^1.21794 ~-171.9966 ~44.98871
execute if entity @s[tag=aj.splitleaf_infinite.locator_origin.splitleaf3] at @s on origin run tp @s ^0.03177 ^1.42775 ^0.80252 ~-171.9966 ~44.98871
execute if entity @s[tag=aj.splitleaf_infinite.locator_origin.splitleaf4] at @s on origin run tp @s ^0.09331 ^0.9859 ^0.36479 ~-171.9966 ~44.98871
execute if entity @s[tag=aj.splitleaf_infinite.locator_origin.splitleaf5] at @s on origin run tp @s ^0.15486 ^0.54404 ^-0.07293 ~-171.9966 ~44.98871
execute if entity @s[tag=aj.splitleaf_infinite.bone.splitleaf_greatsword] run data modify entity @s {} merge value {transformation:[2.5137558574054832f,-0.28010792586135197f,-0.2502808096393287f,-0.027925540081986666f,0.37480734570943935f,1.7580747084839594f,1.7968756822428547f,1.7344367108811296f,-0.024907577287064858f,-1.8140513536565417f,1.7800749263261355f,1.0733356450659906f,0f,0f,0f,1f],start_interpolation:0}
execute if entity @s[tag=aj.splitleaf_infinite.bone.left_arm2] run data modify entity @s {} merge value {transformation:[0.8797217312615668f,-0.4565763745447438f,-0.13276931028565805f,-0.2061961592781884f,0.0381403279932569f,-0.21056892182953454f,0.9768347068670898f,1.2992977128426906f,-0.4739567395097556f,-0.8644065845232349f,-0.16782808378265102f,0.4171842372774404f,0f,0f,0f,1f],start_interpolation:0}
execute if entity @s[tag=aj.splitleaf_infinite.bone.left_arm] run data modify entity @s {} merge value {transformation:[0.8797217312615668f,-0.4744512285180298f,0.03139597591863996f,-0.21484375f,0.0381403279932569f,0.1362270844381112f,0.9899431785946392f,1.3381220249513754f,-0.4739567395097556f,-0.8696770741046491f,0.13793765203909217f,0.1405203763125587f,0f,0f,0f,1f],start_interpolation:0}
execute if entity @s[tag=aj.splitleaf_infinite.bone.head] run data modify entity @s {} merge value {transformation:[1f,0f,0f,-1.3877787807814457e-17f,0f,0.9978589232386035f,-0.06540312923014313f,1.477825505576326f,0f,0.06540312923014313f,0.9978589232386035f,0.12645256477036831f,0f,0f,0f,1f],start_interpolation:0}
execute if entity @s[tag=aj.splitleaf_infinite.bone.body_top] run data modify entity @s {} merge value {transformation:[1f,0f,0f,-1.3877787807814457e-17f,0f,0.9883615104677607f,-0.15212338618991675f,1.0886581608296453f,0f,0.15212338618991675f,0.9883615104677607f,0.06655398145808858f,0f,0f,0f,1f],start_interpolation:0}
execute if entity @s[tag=aj.splitleaf_infinite.bone.body] run data modify entity @s {} merge value {transformation:[1f,0f,0f,-1.3877787807814457e-17f,0f,0.9883615104677607f,-0.15212338618991675f,0.65625f,0f,0.15212338618991675f,0.9883615104677607f,-6.938893903907228e-18f,0f,0f,0f,1f],start_interpolation:0}
execute if entity @s[tag=aj.splitleaf_infinite.locator_origin.player_camera] at @s on origin run tp @s ^0 ^-0.03125 ^0.3125 ~-180 ~0
execute if entity @s[tag=aj.splitleaf_infinite.bone.right_leg2] run data modify entity @s {} merge value {transformation:[0.9907242715888589f,-0.13097605494047648f,0.03620346277573647f,0.17348167611664914f,0.13588565860450025f,0.9562967869638083f,-0.2589045056161018f,0.38113685642947737f,-0.0007109643774891811f,0.2614225091206305f,0.9652242051744909f,0.044974788857438434f,0f,0f,0f,1f],start_interpolation:0}
execute if entity @s[tag=aj.splitleaf_infinite.bone.right_leg] run data modify entity @s {} merge value {transformation:[0.9907242715888589f,-0.13490553354198026f,-0.016306891318656865f,0.12499999999999999f,0.13588565860450025f,0.9829235299353674f,0.12408231979221797f,0.734375f,-0.0007109643774891811f,-0.1251472385598287f,0.9921379254975102f,-6.938893903907228e-18f,0f,0f,0f,1f],start_interpolation:0}
execute if entity @s[tag=aj.splitleaf_infinite.bone.left_leg2] run data modify entity @s {} merge value {transformation:[0.99108522018401f,0.1207468879483248f,-0.05630519854868737f,-0.17267366896704822f,-0.1332294499456198f,0.8982282526697011f,-0.4188507129910647f,0.37973367464384145f,-8.673617379884035e-19f,0.4226182617406994f,0.9063077870366499f,-0.03327374733701657f,0f,0f,0f,1f],start_interpolation:0}
execute if entity @s[tag=aj.splitleaf_infinite.bone.left_leg] run data modify entity @s {} merge value {transformation:[0.99108522018401f,0.13265716582135156f,-0.012335424153990256f,-0.125f,-0.1332294499456198f,0.9868280357736585f,-0.09176241865976813f,0.734375f,-8.673617379884035e-19f,0.09258781867691564f,0.995704522352214f,-6.938893903907228e-18f,0f,0f,0f,1f],start_interpolation:0}