execute if entity @s[tag=aj.splitleaf_infinite.bone.right_arm2] run data modify entity @s {} merge value {transformation:[-0.2818660274377306f,0.6186460452907572f,-0.7333679930448141f,0.15173758132101461f,0.3076928371886031f,0.7822727751495104f,0.5416404925803754f,0.8762056600162675f,0.9087775638291805f,-0.07298202454022476f,-0.41084907639510376f,0.4264094398158093f,0f,0f,0f,1f],start_interpolation:0}
execute if entity @s[tag=aj.splitleaf_infinite.bone.right_arm] run data modify entity @s {} merge value {transformation:[-0.2818660274377306f,0.1875172453545894f,-0.9409510217174425f,0.19861689265966198f,0.3076928371886031f,0.9465827410214376f,0.09646881539217753f,1.1128513452716269f,0.9087775638291805f,-0.26233260776153805f,-0.32450723009777577f,0.3608262878754248f,0f,0f,0f,1f],start_interpolation:0}
execute if entity @s[tag=aj.splitleaf_infinite.locator_origin.splitleaf0] at @s on origin run tp @s ^-0.24084 ^-0.35637 ^2.1985 ~175.64873 ~-32.67565
execute if entity @s[tag=aj.splitleaf_infinite.locator_origin.splitleaf1] at @s on origin run tp @s ^-0.28076 ^-0.01895 ^1.67393 ~175.64873 ~-32.67565
execute if entity @s[tag=aj.splitleaf_infinite.locator_origin.splitleaf2] at @s on origin run tp @s ^-0.32067 ^0.31848 ^1.14936 ~175.64873 ~-32.67565
execute if entity @s[tag=aj.splitleaf_infinite.locator_origin.splitleaf3] at @s on origin run tp @s ^-0.35805 ^0.6298 ^0.6078 ~175.64873 ~-32.67565
execute if entity @s[tag=aj.splitleaf_infinite.locator_origin.splitleaf4] at @s on origin run tp @s ^-0.39796 ^0.96723 ^0.08323 ~175.64873 ~-32.67565
execute if entity @s[tag=aj.splitleaf_infinite.locator_origin.splitleaf5] at @s on origin run tp @s ^-0.43788 ^1.30465 ^-0.44134 ~175.64873 ~-32.67565
execute if entity @s[tag=aj.splitleaf_infinite.bone.splitleaf_greatsword] run data modify entity @s {} merge value {transformation:[2.5280726784110836f,-0.2063252857501981f,0.16232021924563464f,-0.35015766879896215f,0.26140303783220853f,2.123393481450988f,-1.372201887182782f,0.4267162336684759f,-0.024216294678266526f,1.3815568912773712f,2.13325656489802f,0.9678804355244568f,0f,0f,0f,1f],start_interpolation:0}
execute if entity @s[tag=aj.splitleaf_infinite.bone.left_arm2] run data modify entity @s {} merge value {transformation:[0.9496886793901212f,-0.24106161390770392f,0.1999517705309462f,-0.3819291464679513f,0.1718638657774879f,0.9348268825529205f,0.3107434815026788f,0.9261998544099495f,-0.26182861546871583f,-0.26074508232486593f,0.9292242884068054f,0.26814528333877247f,0f,0f,0f,1f],start_interpolation:0}
execute if entity @s[tag=aj.splitleaf_infinite.bone.left_arm] run data modify entity @s {} merge value {transformation:[0.9565159190815254f,-0.12057947158180547f,0.2655896977984591f,-0.292509524478212f,0.12475686945539313f,0.9921866765636338f,0.0011499449121069039f,1.189841132232782f,-0.26365321933804303f,0.03203419864244261f,0.9640854682288401f,0.24319718058212772f,0f,0f,0f,1f],start_interpolation:0}
execute if entity @s[tag=aj.splitleaf_infinite.bone.head] run data modify entity @s {} merge value {transformation:[0.9885935556156745f,-0.06261715907565994f,-0.1369739872547023f,-0.05906037143996782f,0.017968179112050033f,0.9520140148256884f,-0.3055265293143483f,1.3736515750276903f,0.14953235882094262f,0.2995803848131041f,0.9422800362422399f,0.3831382118805235f,0f,0f,0f,1f],start_interpolation:0}
execute if entity @s[tag=aj.splitleaf_infinite.bone.body_top] run data modify entity @s {} merge value {transformation:[0.9828549916653011f,-0.08362414693589841f,-0.16432610081129492f,-0.02613336358395782f,0f,0.8912349774769207f,-0.4535418557550257f,1.0227278026461528f,0.18438021954266295f,0.445765876857971f,0.8759547463599037f,0.2076178978676974f,0f,0f,0f,1f],start_interpolation:0}
execute if entity @s[tag=aj.splitleaf_infinite.bone.body] run data modify entity @s {} merge value {transformation:[0.9828549916653011f,-0.08362414693589841f,-0.16432610081129492f,0.010452200700497738f,0f,0.8912349774769207f,-0.4535418557550257f,0.6328125f,0.18438021954266295f,0.445765876857971f,0.8759547463599037f,0.012595326742335107f,0f,0f,0f,1f],start_interpolation:0}
execute if entity @s[tag=aj.splitleaf_infinite.locator_origin.player_camera] at @s on origin run tp @s ^-0.04717 ^-0.05469 ^0.31974 ~-169.375 ~0
execute if entity @s[tag=aj.splitleaf_infinite.bone.right_leg2] run data modify entity @s {} merge value {transformation:[0.9776730029480266f,-0.12584302060532923f,-0.1682826000260106f,0.1366435871702022f,0.12824194434393196f,0.9917370156341168f,0.00341987310051578f,0.41723611624537804f,0.16646171637188964f,-0.024924405430470142f,0.9857328598542618f,0.24294838801582327f,0f,0f,0f,1f],start_interpolation:0}
execute if entity @s[tag=aj.splitleaf_infinite.bone.right_leg] run data modify entity @s {} merge value {transformation:[0.9776730029480266f,-0.009093798996222716f,-0.20993523317062307f,0.13337550315593466f,0.12824194434393196f,0.8172560243606872f,0.5618243447529234f,0.7109375f,0.16646171637188964f,-0.5762029967519954f,0.8001753579788272f,0.03587543605807494f,0f,0f,0f,1f],start_interpolation:0}
execute if entity @s[tag=aj.splitleaf_infinite.bone.left_leg2] run data modify entity @s {} merge value {transformation:[0.9742180565120743f,-0.0197623552662069f,-0.2247412460590372f,-0.1254929942108905f,-0.13404857390981392f,0.750547144508069f,-0.6470780197963215f,0.39221874914724664f,0.18146668619496426f,0.6605213343905825f,0.728547464902804f,-0.1762117555920827f,0f,0f,0f,1f],start_interpolation:0}
execute if entity @s[tag=aj.splitleaf_infinite.bone.left_leg] run data modify entity @s {} merge value {transformation:[0.9742180565120743f,0.03623483118177753f,-0.22267962496614854f,-0.11247110175493918f,-0.13404857390981392f,0.8868695675902702f,-0.44214629922118776f,0.7109375f,0.18146668619496426f,0.46059679448675606f,0.868861573963277f,-0.010684782573404723f,0f,0f,0f,1f],start_interpolation:0}