execute if entity @s[tag=aj.splitleaf_infinite.bone.right_arm2] run data modify entity @s {} merge value {transformation:[-0.04205196232222552f,0.6524537275146698f,-0.7566609319352118f,0.19266340288929718f,0.9799896489501114f,0.174409052981487f,0.09592585776910229f,1.2627509122007006f,0.19455570003340245f,-0.737486010504819f,-0.6467321423079254f,0.30069643762009235f,0f,0f,0f,1f],start_interpolation:0}
execute if entity @s[tag=aj.splitleaf_infinite.bone.right_arm] run data modify entity @s {} merge value {transformation:[-0.04205196232222552f,0.22934638844281124f,-0.9724360475491893f,0.25f,0.9799896489501114f,0.1989963511971975f,0.004554136673269815f,1.3125f,0.19455570003340245f,-0.9527857504803694f,-0.23312527376085135f,0.06249999999999999f,0f,0f,0f,1f],start_interpolation:0}
execute if entity @s[tag=aj.splitleaf_infinite.locator_origin.splitleaf0] at @s on origin run tp @s ^-0.01834 ^3.55969 ^0.14051 ~-9.84478 ~82.07883
execute if entity @s[tag=aj.splitleaf_infinite.locator_origin.splitleaf1] at @s on origin run tp @s ^-0.00362 ^2.94066 ^0.22537 ~-9.84478 ~82.07883
execute if entity @s[tag=aj.splitleaf_infinite.locator_origin.splitleaf2] at @s on origin run tp @s ^0.01111 ^2.32162 ^0.31023 ~-9.84478 ~82.07883
execute if entity @s[tag=aj.splitleaf_infinite.locator_origin.splitleaf3] at @s on origin run tp @s ^0.02463 ^1.7068 ^0.42604 ~-9.84478 ~82.07883
execute if entity @s[tag=aj.splitleaf_infinite.locator_origin.splitleaf4] at @s on origin run tp @s ^0.03936 ^1.08776 ^0.5109 ~-9.84478 ~82.07883
execute if entity @s[tag=aj.splitleaf_infinite.locator_origin.splitleaf5] at @s on origin run tp @s ^0.05409 ^0.46872 ^0.59576 ~-9.84478 ~82.07883
execute if entity @s[tag=aj.splitleaf_infinite.bone.splitleaf_greatsword] run data modify entity @s {} merge value {transformation:[1.3319708420326877f,0.05142394604384844f,-0.03141705787928232f,-0.0005553675582560813f,0.03808904908761912f,-0.17975624243404775f,1.3206114854200575f,2.1113287918806445f,0.04669773112381115f,-1.3201594785695587f,-0.18104157210049032f,0.34429761097494005f,0f,0f,0f,1f],start_interpolation:0}
execute if entity @s[tag=aj.splitleaf_infinite.bone.left_arm2] run data modify entity @s {} merge value {transformation:[0.9047403981479415f,-0.3244180651293412f,-0.27603936490442604f,-0.20077647851853708f,-0.10254840703451204f,-0.794863106879742f,0.5980605868439818f,1.5859131079893245f,-0.4134351656230858f,-0.5127821763080485f,-0.7524133195837202f,0.2989789303407302f,0f,0f,0f,1f],start_interpolation:0}
execute if entity @s[tag=aj.splitleaf_infinite.bone.left_arm] run data modify entity @s {} merge value {transformation:[0.9047403981479415f,-0.39926428499982247f,-0.14843464111414442f,-0.1875f,-0.10254840703451204f,-0.5423782284400422f,0.8338523139794752f,1.4375f,-0.4134351656230858f,-0.7391981385513778f,-0.5316554107581242f,0.06249999999999999f,0f,0f,0f,1f],start_interpolation:0}
execute if entity @s[tag=aj.splitleaf_infinite.bone.head] run data modify entity @s {} merge value {transformation:[1f,0f,0f,-1.3877787807814457e-17f,0f,1f,0f,1.51875f,0f,0f,1f,-6.938893903907228e-18f,0f,0f,0f,1f],start_interpolation:0}
execute if entity @s[tag=aj.splitleaf_infinite.locator_origin.player_camera] at @s on origin run tp @s ^0 ^0 ^-0.5625 ~-180 ~0
execute if entity @s[tag=aj.splitleaf_infinite.bone.right_leg2] run data modify entity @s {} merge value {transformation:[0.9914448613738104f,-0.11829690442127536f,0.055162752467670606f,0.17119521468121524f,0.13052619222005157f,0.8985541982805564f,-0.4190027039255484f,0.4147375080969379f,1.734723475976807e-18f,0.4226182617406994f,0.9063077870366499f,-0.062404813849053095f,0f,0f,0f,1f],start_interpolation:0}
execute if entity @s[tag=aj.splitleaf_infinite.bone.right_leg] run data modify entity @s {} merge value {transformation:[0.9914448613738104f,-0.12854320606946856f,0.02266563541681542f,0.12499999999999999f,0.13052619222005157f,0.9763825861650424f,-0.17216259343480453f,0.765625f,1.734723475976807e-18f,0.17364817766693033f,0.984807753012208f,-6.938893903907228e-18f,0f,0f,0f,1f],start_interpolation:0}
execute if entity @s[tag=aj.splitleaf_infinite.bone.left_leg2] run data modify entity @s {} merge value {transformation:[0.9914448613738104f,0.1274322002890053f,-0.028251038652918573f,-0.17119521468121526f,-0.13052619222005157f,0.967943659438827f,-0.21458794303666345f,0.4147375080969379f,1.734723475976807e-18f,0.21643961393810285f,0.9762960071199333f,0.06240481384905308f,0f,0f,0f,1f],start_interpolation:0}
execute if entity @s[tag=aj.splitleaf_infinite.bone.left_leg] run data modify entity @s {} merge value {transformation:[0.9914448613738104f,0.12854320606946856f,0.02266563541681542f,-0.125f,-0.13052619222005157f,0.9763825861650424f,0.17216259343480453f,0.765625f,1.734723475976807e-18f,-0.17364817766693033f,0.984807753012208f,-6.938893903907228e-18f,0f,0f,0f,1f],start_interpolation:0}