execute if entity @s[tag=aj.splitleaf_infinite.bone.right_arm2] run data modify entity @s {} merge value {transformation:[-0.46082476592928723f,0.33115260392786466f,-0.8233944911268303f,0.39412360319691425f,0.7950080169012153f,-0.25834069439205976f,-0.5488372606554925f,1.3409728494111013f,-0.3944651925950048f,-0.9075230236929652f,-0.1442191849171345f,0.5940832907375406f,0f,0f,0f,1f],start_interpolation:0}
execute if entity @s[tag=aj.splitleaf_infinite.bone.right_arm] run data modify entity @s {} merge value {transformation:[-0.46082476592928723f,-0.013994412787657062f,-0.8873808041179084f,0.390625f,0.7950080169012153f,-0.45092628986155736f,-0.40574343392652384f,1.2282412769457118f,-0.3944651925950048f,-0.8924514762845197f,0.21892367233482665f,0.3709704216664107f,0f,0f,0f,1f],start_interpolation:0}
execute if entity @s[tag=aj.splitleaf_infinite.locator_origin.splitleaf0] at @s on origin run tp @s ^1.42353 ^1.92684 ^0.99038 ~96.40128 ~23.29716
execute if entity @s[tag=aj.splitleaf_infinite.locator_origin.splitleaf1] at @s on origin run tp @s ^0.85307 ^1.67965 ^0.92638 ~96.40128 ~23.29716
execute if entity @s[tag=aj.splitleaf_infinite.locator_origin.splitleaf2] at @s on origin run tp @s ^0.28261 ^1.43246 ^0.86238 ~96.40128 ~23.29716
execute if entity @s[tag=aj.splitleaf_infinite.locator_origin.splitleaf3] at @s on origin run tp @s ^-0.28654 ^1.19021 ^0.76755 ~96.40128 ~23.29716
execute if entity @s[tag=aj.splitleaf_infinite.locator_origin.splitleaf4] at @s on origin run tp @s ^-0.857 ^0.94303 ^0.70355 ~96.40128 ~23.29716
execute if entity @s[tag=aj.splitleaf_infinite.locator_origin.splitleaf5] at @s on origin run tp @s ^-1.42746 ^0.69584 ^0.63955 ~96.40128 ~23.29716
execute if entity @s[tag=aj.splitleaf_infinite.bone.splitleaf_greatsword] run data modify entity @s {} merge value {transformation:[-1.032823082461519f,-0.10724569763510403f,2.3198802307700914f,0.09546255409554705f,2.2996119442180163f,-0.4017076165788888f,1.0052289994010257f,1.3343850959609778f,0.32423884836485295f,2.507428721931236f,0.26026874205283596f,0.8327581490638205f,0f,0f,0f,1f],start_interpolation:0}
execute if entity @s[tag=aj.splitleaf_infinite.bone.left_arm2] run data modify entity @s {} merge value {transformation:[0.9030218222049836f,0.14529017672862382f,-0.40428004299959736f,-0.5498745065503738f,0.3845026653182288f,0.14636497497017092f,0.9114466492698073f,1.115026700223838f,0.19159668312569822f,-0.9785029681345614f,0.0763063062078381f,0.46563194107981054f,0f,0f,0f,1f],start_interpolation:0}
execute if entity @s[tag=aj.splitleaf_infinite.bone.left_arm] run data modify entity @s {} merge value {transformation:[0.6835365251771173f,0.6077297636129366f,-0.40428004299959736f,-0.3125f,0.24564441509448356f,0.33003609934025346f,0.9114466492698073f,1.2282412769457118f,0.6873402651392404f,-0.7223162102232196f,0.0763063062078381f,0.3709704216664107f,0f,0f,0f,1f],start_interpolation:0}
execute if entity @s[tag=aj.splitleaf_infinite.bone.head] run data modify entity @s {} merge value {transformation:[0.9985129789397631f,0f,-0.054514501638006314f,-1.3877787807814457e-17f,-0.018731000370772074f,0.939117319183357f,-0.34308571878610017f,1.404220817025711f,0.051195512634901214f,0.34359665424719266f,0.9377208319516981f,0.2856147188429789f,0f,0f,0f,1f],start_interpolation:0}
execute if entity @s[tag=aj.splitleaf_infinite.bone.body_top] run data modify entity @s {} merge value {transformation:[1f,0f,0f,-1.3877787807814457e-17f,0f,0.939117319183357f,-0.34359665424719266f,1.0344433725972642f,0f,0.34359665424719266f,0.939117319183357f,0.1503235362331468f,0f,0f,0f,1f],start_interpolation:0}
execute if entity @s[tag=aj.splitleaf_infinite.bone.body] run data modify entity @s {} merge value {transformation:[1f,0f,0f,-1.3877787807814457e-17f,0f,0.939117319183357f,-0.34359665424719266f,0.6235795454545454f,0f,0.34359665424719266f,0.939117319183357f,-6.938893903907228e-18f,0f,0f,0f,1f],start_interpolation:0}
execute if entity @s[tag=aj.splitleaf_infinite.locator_origin.player_camera] at @s on origin run tp @s ^0 ^-0.06392 ^0.3125 ~-180 ~0
execute if entity @s[tag=aj.splitleaf_infinite.bone.right_leg2] run data modify entity @s {} merge value {transformation:[0.9736090990694393f,-0.061255572865742416f,0.21984784966445436f,0.15616626316503057f,0.1282612651753242f,0.9436478008605682f,-0.30508666930339423f,0.35346743861084595f,-0.18877068115790643f,0.325233120582611f,0.9266008025095148f,-0.08064956457149654f,0f,0f,0f,1f],start_interpolation:0}
execute if entity @s[tag=aj.splitleaf_infinite.bone.right_leg] run data modify entity @s {} merge value {transformation:[0.9736090990694393f,-0.0825094680712557f,0.21278512609624115f,0.12651442307692307f,0.1282612651753242f,0.9690076016520333f,-0.2111239346833976f,0.7017045454545454f,-0.18877068115790643f,0.23284427332269267f,0.9540173867996364f,0.003028846153846146f,0f,0f,0f,1f],start_interpolation:0}
execute if entity @s[tag=aj.splitleaf_infinite.bone.left_leg2] run data modify entity @s {} merge value {transformation:[0.9849231412395524f,0.17211838935811669f,0.017368531762371305f,-0.18427794081482918f,-0.1723292081259288f,0.9849727024887568f,0.011463829145852866f,0.3624673803639559f,-0.015134393859783858f,-0.014284095937886376f,0.9997834339124319f,0.10056609805118122f,0f,0f,0f,1f],start_interpolation:0}
execute if entity @s[tag=aj.splitleaf_infinite.bone.left_leg] run data modify entity @s {} merge value {transformation:[0.9849231412395524f,0.16073326674895602f,0.06396266732260075f,-0.1265144230769231f,-0.1723292081259288f,0.9439642854694664f,0.2814854734880825f,0.7017045454545454f,-0.015134393859783858f,-0.28826419257051095f,0.9574313058408777f,-0.0030288461538461667f,0f,0f,0f,1f],start_interpolation:0}