execute if entity @s[tag=aj.splitleaf_infinite.bone.right_arm2] run data modify entity @s {} merge value {transformation:[-0.478283338906795f,0.6598323921310861f,-0.5795396983975609f,0.15305238590242598f,0.8682684210141085f,0.25629529193310996f,-0.4247619008369141f,1.2710363416713366f,-0.1317383649277388f,-0.7063525590153191f,-0.6954933972214797f,0.6081077814222431f,0f,0f,0f,1f],start_interpolation:0}
execute if entity @s[tag=aj.splitleaf_infinite.bone.right_arm] run data modify entity @s {} merge value {transformation:[-0.478283338906795f,0.13293999993049493f,-0.8680852516559923f,0.18628738588504973f,0.8682684210141085f,-0.07669810274195574f,-0.49012993186036996f,1.2518618159858477f,-0.1317383649277388f,-0.9881519910693211f,-0.07874417916202736f,0.36106978365491277f,0f,0f,0f,1f],start_interpolation:0}
execute if entity @s[tag=aj.splitleaf_infinite.locator_origin.splitleaf0] at @s on origin run tp @s ^-0.27877 ^0.58882 ^1.89068 ~169.07778 ~-14.01178
execute if entity @s[tag=aj.splitleaf_infinite.locator_origin.splitleaf1] at @s on origin run tp @s ^-0.39367 ^0.74015 ^1.29526 ~169.07778 ~-14.01178
execute if entity @s[tag=aj.splitleaf_infinite.locator_origin.splitleaf2] at @s on origin run tp @s ^-0.50857 ^0.89147 ^0.69985 ~169.07778 ~-14.01178
execute if entity @s[tag=aj.splitleaf_infinite.locator_origin.splitleaf3] at @s on origin run tp @s ^-0.59482 ^1.05505 ^0.10201 ~169.07778 ~-14.01178
execute if entity @s[tag=aj.splitleaf_infinite.locator_origin.splitleaf4] at @s on origin run tp @s ^-0.70972 ^1.20638 ^-0.49341 ~169.07778 ~-14.01178
execute if entity @s[tag=aj.splitleaf_infinite.locator_origin.splitleaf5] at @s on origin run tp @s ^-0.82462 ^1.3577 ^-1.08882 ~169.07778 ~-14.01178
execute if entity @s[tag=aj.splitleaf_infinite.bone.splitleaf_greatsword] run data modify entity @s {} merge value {transformation:[-0.9019912851424577f,-2.3298396434972184f,0.46725624828380347f,-0.5364736337995399f,2.25565369309407f,-0.9966890092605983f,-0.615391647729036f,0.930624494512206f,0.7473336489163238f,0.19628473922423326f,2.4213703068282495f,0.4919807024858842f,0f,0f,0f,1f],start_interpolation:0}
execute if entity @s[tag=aj.splitleaf_infinite.bone.left_arm2] run data modify entity @s {} merge value {transformation:[0.38589761041243376f,0.8653241696236424f,-0.3198392029491176f,-0.4605175136526507f,-0.24368209741986144f,0.4299901206531234f,0.8693259063997629f,1.2396540024894964f,0.8897764155533853f,-0.25753170213755383f,0.37679616866298365f,-0.2797649665469325f,0f,0f,0f,1f],start_interpolation:0}
execute if entity @s[tag=aj.splitleaf_infinite.bone.left_arm] run data modify entity @s {} merge value {transformation:[-0.16243238982202102f,0.9334444830805846f,-0.3198392029491176f,-0.24746044161025715f,-0.44210812426864193f,0.2209363594293468f,0.8693259063997629f,1.2396245768132528f,0.8821315804302495f,0.28261019459412007f,0.37679616866298365f,-0.09884597034462128f,0f,0f,0f,1f],start_interpolation:0}
execute if entity @s[tag=aj.splitleaf_infinite.bone.head] run data modify entity @s {} merge value {transformation:[0.9812777433152254f,0.014393946226772817f,-0.19205937828234038f,0.032831417643596796f,-0.01065416628066278f,0.999733276574762f,0.020490594182561946f,1.3992394400878458f,0.1923030920579344f,-0.0180607314666717f,0.9811693690509534f,0.06642471882299811f,0f,0f,0f,1f],start_interpolation:0}
execute if entity @s[tag=aj.splitleaf_infinite.bone.body_top] run data modify entity @s {} merge value {transformation:[0.7288040454231668f,-0.004124411033040985f,-0.684709903980114f,0.03445540448785668f,-0.012571695343027123f,0.9997326970735461f,-0.01940326978257577f,1.005594690615137f,0.6846069060789766f,0.02274914582316966f,0.7285573831300368f,0.057467242655125046f,0f,0f,0f,1f],start_interpolation:0}
execute if entity @s[tag=aj.splitleaf_infinite.bone.body] run data modify entity @s {} merge value {transformation:[0.7288040454231668f,0.01977413248284615f,-0.6844367370760992f,0.025804221526611493f,-0.012571695343027123f,0.999800851276157f,0.015498718130017465f,0.5681818181818181f,0.6846069060789766f,-0.002690998331933831f,0.7289074993968361f,0.0586445544253461f,0f,0f,0f,1f],start_interpolation:0}
execute if entity @s[tag=aj.splitleaf_infinite.locator_origin.player_camera] at @s on origin run tp @s ^0.40582 ^-0.11932 ^-0.35607 ~-137.5 ~0
execute if entity @s[tag=aj.splitleaf_infinite.bone.right_leg2] run data modify entity @s {} merge value {transformation:[0.8488736682906831f,-0.3589772333667046f,-0.388006238618795f,0.1834509385889044f,0.14309047515729922f,0.8626796316386401f,-0.48508655833271497f,0.2937793549254682f,0.508860109658811f,0.3562572091624344f,0.7836722463618422f,0.1380459225626005f,0f,0f,0f,1f],start_interpolation:0}
execute if entity @s[tag=aj.splitleaf_infinite.bone.right_leg] run data modify entity @s {} merge value {transformation:[0.8488736682906831f,-0.1899119688735246f,-0.49330207719134966f,0.1152013247749815f,0.14309047515729922f,0.9809459847133215f,-0.13141571821540377f,0.6463068181818181f,0.508860109658811f,0.040968514171171616f,0.8598738103027844f,0.15276898234286532f,0f,0f,0f,1f],start_interpolation:0}
execute if entity @s[tag=aj.splitleaf_infinite.bone.left_leg2] run data modify entity @s {} merge value {transformation:[0.7288956128766404f,-0.0171455841911132f,-0.6844101215440431f,-0.15796016236162264f,-0.1352601536236842f,0.9763751973748802f,-0.16851161619562322f,0.3106228749718654f,0.6711302976105936f,0.21540079594539363f,0.7093564835364561f,-0.0031192968091384513f,0f,0f,0f,1f],start_interpolation:0}
execute if entity @s[tag=aj.splitleaf_infinite.bone.left_leg] run data modify entity @s {} merge value {transformation:[0.7288956128766404f,0.23908842586342513f,-0.641519999803074f,-0.07203775931695425f,-0.1352601536236842f,0.9688596680624769f,0.20740210809816875f,0.6588068181818181f,0.6711302976105936f,-0.06440239296809225f,0.7385366987557891f,-0.026263906782046605f,0f,0f,0f,1f],start_interpolation:0}