execute if entity @s[tag=aj.splitleaf_infinite.bone.right_arm2] run data modify entity @s {} merge value {transformation:[-0.2792157454352618f,0.620439904477776f,-0.7328662172815982f,0.06121610645009622f,0.7661446518370082f,0.6040309769721004f,0.21947426117811455f,1.0634548147051979f,0.5788444868551312f,-0.5002008634436148f,-0.644001674103167f,0.5676918377655218f,0f,0f,0f,1f],start_interpolation:0}
execute if entity @s[tag=aj.splitleaf_infinite.bone.right_arm] run data modify entity @s {} merge value {transformation:[-0.2792157454352618f,0.0012612863717263445f,-0.9602275650374338f,0.0615314280430278f,0.7661446518370082f,0.6031116980222269f,-0.22198795501174282f,1.2142327392107546f,0.5788444868551312f,-0.7976557458361562f,-0.16936461015213566f,0.3682779013064827f,0f,0f,0f,1f],start_interpolation:0}
execute if entity @s[tag=aj.splitleaf_infinite.locator_origin.splitleaf0] at @s on origin run tp @s ^-1.77116 ^0.03449 ^0.4838 ~-126.86818 ~-33.15127
execute if entity @s[tag=aj.splitleaf_infinite.locator_origin.splitleaf1] at @s on origin run tp @s ^-1.35254 ^0.37628 ^0.16986 ~-126.86818 ~-33.15127
execute if entity @s[tag=aj.splitleaf_infinite.locator_origin.splitleaf2] at @s on origin run tp @s ^-0.93391 ^0.71806 ^-0.14409 ~-126.86818 ~-33.15127
execute if entity @s[tag=aj.splitleaf_infinite.locator_origin.splitleaf3] at @s on origin run tp @s ^-0.50163 ^1.06785 ^-0.4311 ~-126.86818 ~-33.15127
execute if entity @s[tag=aj.splitleaf_infinite.locator_origin.splitleaf4] at @s on origin run tp @s ^-0.083 ^1.40964 ^-0.74505 ~-126.86818 ~-33.15127
execute if entity @s[tag=aj.splitleaf_infinite.locator_origin.splitleaf5] at @s on origin run tp @s ^0.33562 ^1.75142 ^-1.059 ~-126.86818 ~-33.15127
execute if entity @s[tag=aj.splitleaf_infinite.bone.splitleaf_greatsword] run data modify entity @s {} merge value {transformation:[-1.5256501487020075f,-1.1109802892887237f,-1.7024053174910871f,-0.7790546480925817f,2.0256484286614707f,-0.6518871617155009f,-1.389914031980494f,0.8227073750101372f,0.17090790406327971f,-2.1910808678930365f,1.2767241531067877f,-0.2469881302354411f,0f,0f,0f,1f],start_interpolation:0}
execute if entity @s[tag=aj.splitleaf_infinite.bone.left_arm2] run data modify entity @s {} merge value {transformation:[-0.5038429279844445f,0.6206359758315872f,-0.6007938826449841f,-0.1629792245358505f,-0.5312047977875676f,0.32583691712989643f,0.7820816877045227f,1.2947704583006623f,0.6811488579800536f,0.7131909203984992f,0.16551418166915624f,-0.4168822784496473f,0f,0f,0f,1f],start_interpolation:0}
execute if entity @s[tag=aj.splitleaf_infinite.bone.left_arm] run data modify entity @s {} merge value {transformation:[-0.7584042822356589f,0.25272446510573454f,-0.6007938826449841f,-0.19459864353887424f,-0.623085630387628f,-0.010608061165817043f,0.7820816877045227f,1.2142327392107546f,0.19127791793896895f,0.967480136114082f,0.16551418166915624f,-0.1511025046787557f,0f,0f,0f,1f],start_interpolation:0}
execute if entity @s[tag=aj.splitleaf_infinite.bone.head] run data modify entity @s {} merge value {transformation:[0.8704582327378418f,-0.09913578122758418f,-0.4821561592879527f,-0.06120902866094879f,0.06281024103335103f,0.9938722379780748f,-0.09095519884968324f,1.412804025092002f,0.48821853578110436f,0.048888357068423156f,0.8713510141515328f,0.13154995002023218f,0f,0f,0f,1f],start_interpolation:0}
execute if entity @s[tag=aj.splitleaf_infinite.bone.body_top] run data modify entity @s {} merge value {transformation:[0.4422886902190012f,-0.09913578122758418f,-0.8913769188086242f,-0.02217431480258751f,0f,0.9938722379780748f,-0.11053494730831998f,1.021466831388135f,0.8968727415326883f,0.048888357068423156f,0.43957845038035015f,0.11230015942454057f,0f,0f,0f,1f],start_interpolation:0}
execute if entity @s[tag=aj.splitleaf_infinite.bone.body] run data modify entity @s {} merge value {transformation:[0.4422886902190012f,-0.09913578122758418f,-0.8913769188086242f,0.02119758948448057f,0f,0.9938722379780748f,-0.11053494730831998f,0.5866477272727273f,0.8968727415326883f,0.048888357068423156f,0.43957845038035015f,0.09091150320710543f,0f,0f,0f,1f],start_interpolation:0}
execute if entity @s[tag=aj.splitleaf_infinite.locator_origin.player_camera] at @s on origin run tp @s ^0.52569 ^-0.10085 ^-0.15788 ~-116.25 ~0
execute if entity @s[tag=aj.splitleaf_infinite.bone.right_leg2] run data modify entity @s {} merge value {transformation:[0.6041829318106681f,-0.13304862015269717f,-0.7856596270549535f,0.02043958532026103f,0.11428421893140811f,0.9902373253777327f,-0.07980699676088698f,0.32007816590482047f,0.7886076985497309f,-0.04157047154191956f,0.6134898480691257f,0.29913901531318593f,0f,0f,0f,1f],start_interpolation:0}
execute if entity @s[tag=aj.splitleaf_infinite.bone.right_leg] run data modify entity @s {} merge value {transformation:[0.6041829318106681f,0.1396770528199326f,-0.7845083210675353f,0.0706360261774243f,0.11428421893140811f,0.9591500838063494f,0.25878607775054485f,0.6647727272727273f,0.7886076985497309f,-0.24601105188550132f,0.5635392267964011f,0.2107287935418339f,0f,0f,0f,1f],start_interpolation:0}
execute if entity @s[tag=aj.splitleaf_infinite.bone.left_leg2] run data modify entity @s {} merge value {transformation:[0.44919399141768573f,-0.155291851476876f,-0.8798347566100874f,-0.03322113596019203f,-0.1723292081259288f,0.9512261034871612f,-0.2558740785451367f,0.31170568024796064f,0.8766569466450023f,0.26655832553029807f,0.40052372837267114f,-0.09575821905167967f,0f,0f,0f,1f],start_interpolation:0}
execute if entity @s[tag=aj.splitleaf_infinite.bone.left_leg] run data modify entity @s {} merge value {transformation:[0.44919399141768573f,0.013858194787419537f,-0.8933267646899884f,-0.028240847208463135f,-0.1723292081259288f,0.9824474351993506f,-0.07141205148228184f,0.6647727272727273f,0.8766569466450023f,0.18602415839737507f,0.44369765650903537f,-0.028905787127623005f,0f,0f,0f,1f],start_interpolation:0}