execute if entity @s[tag=aj.thunder_bullet.bone.bone2] run data modify entity @s {} merge value {transformation:[-1f,-4.686520405326296e-17f,-1.1314261122877003e-16f,0f,0f,-0.9238795325112867f,0.3826834323650896f,-0.3125f,-1.2246467991473532e-16f,0.3826834323650896f,0.9238795325112867f,0f,0f,0f,0f,1f],start_interpolation:0}
execute if entity @s[tag=aj.thunder_bullet.bone.bone1] run data modify entity @s {} merge value {transformation:[0.9238795325112867f,0f,0.3826834323650895f,0f,0f,1f,0f,-0.3125f,-0.3826834323650895f,0f,0.9238795325112867f,0f,0f,0f,0f,1f],start_interpolation:0}
execute if entity @s[tag=aj.thunder_bullet.bone.bone4] run data modify entity @s {} merge value {transformation:[-0.9924038765061041f,-0.07925687088279589f,0.09408982045644089f,0f,-0.08682408883346521f,0.9930659222912175f,-0.0792568708827959f,-0.3125f,-0.08715574274765835f,-0.08682408883346522f,-0.9924038765061041f,0f,0f,0f,0f,1f],start_interpolation:0}
execute if entity @s[tag=aj.thunder_bullet.bone.bone3] run data modify entity @s {} merge value {transformation:[0.9238795325112867f,0.3826834323650896f,1.2246467991473532e-16f,0f,0.3826834323650896f,-0.9238795325112867f,0f,-0.3125f,1.1314261122877003e-16f,4.686520405326296e-17f,-1f,0f,0f,0f,0f,1f],start_interpolation:0}