execute if entity @s[tag=aj.thunder_bullet.bone.bone2] run data modify entity @s {} merge value {transformation:[-1f,1.0031719290535246e-16f,-7.024285468436541e-17f,0f,0f,-0.573576436351046f,-0.8191520442889917f,-0.3125f,-1.2246467991473532e-16f,-0.8191520442889917f,0.573576436351046f,0f,0f,0f,0f,1f],start_interpolation:0}
execute if entity @s[tag=aj.thunder_bullet.bone.bone1] run data modify entity @s {} merge value {transformation:[0.5735764363510459f,0f,-0.8191520442889918f,0f,0f,1f,0f,-0.3125f,0.8191520442889918f,0f,0.5735764363510459f,0f,0f,0f,0f,1f],start_interpolation:0}
execute if entity @s[tag=aj.thunder_bullet.bone.bone4] run data modify entity @s {} merge value {transformation:[-0.28081442660546097f,-0.06828673324921383f,0.9573297132505585f,0f,-0.4493970231495834f,0.8907183829058675f,-0.06828673324921389f,-0.3125f,-0.8480480961564261f,-0.4493970231495834f,-0.28081442660546097f,0f,0f,0f,0f,1f],start_interpolation:0}
execute if entity @s[tag=aj.thunder_bullet.bone.bone3] run data modify entity @s {} merge value {transformation:[0.573576436351046f,-0.8191520442889917f,1.2246467991473532e-16f,0f,-0.8191520442889917f,-0.573576436351046f,0f,-0.3125f,7.024285468436541e-17f,-1.0031719290535246e-16f,-1f,0f,0f,0f,0f,1f],start_interpolation:0}