execute if entity @s[tag=aj.thunder_bullet.bone.bone2] run data modify entity @s {} merge value {transformation:[-1f,-7.133294470438763e-17f,-9.954500904826594e-17f,0f,0f,-0.8128466845916149f,0.5824776968678023f,-0.3125f,-1.2246467991473532e-16f,0.5824776968678023f,0.8128466845916149f,0f,0f,0f,0f,1f],start_interpolation:0}
execute if entity @s[tag=aj.thunder_bullet.bone.bone1] run data modify entity @s {} merge value {transformation:[0.812846684591615f,0f,0.5824776968678022f,0f,0f,1f,0f,-0.3125f,-0.5824776968678022f,0f,0.812846684591615f,0f,0f,0f,0f,1f],start_interpolation:0}
execute if entity @s[tag=aj.thunder_bullet.bone.bone4] run data modify entity @s {} merge value {transformation:[-0.030153689607045907f,-0.3394221160795662f,0.9401507230860119f,0f,-0.17101007166283388f,-0.9249584760982199f,-0.3394221160795662f,-0.3125f,0.984807753012208f,-0.1710100716628339f,-0.03015368960704567f,0f,0f,0f,0f,1f],start_interpolation:0}
execute if entity @s[tag=aj.thunder_bullet.bone.bone3] run data modify entity @s {} merge value {transformation:[0.8128466845916149f,0.5824776968678023f,1.2246467991473532e-16f,0f,0.5824776968678023f,-0.8128466845916149f,0f,-0.3125f,9.954500904826594e-17f,7.133294470438763e-17f,-1f,0f,0f,0f,0f,1f],start_interpolation:0}