execute if entity @s[tag=aj.thunder_bullet.bone.bone2] run data modify entity @s {} merge value {transformation:[-1f,8.734798795470805e-17f,8.583662870175385e-17f,0f,0f,0.7009092642998509f,-0.7132504491541816f,-0.3125f,-1.2246467991473532e-16f,-0.7132504491541816f,-0.7009092642998509f,0f,0f,0f,0f,1f],start_interpolation:0}
execute if entity @s[tag=aj.thunder_bullet.bone.bone1] run data modify entity @s {} merge value {transformation:[-0.700909264299851f,0f,-0.7132504491541815f,0f,0f,1f,0f,-0.3125f,0.7132504491541815f,0f,-0.700909264299851f,0f,0f,0f,0f,1f],start_interpolation:0}
execute if entity @s[tag=aj.thunder_bullet.bone.bone4] run data modify entity @s {} merge value {transformation:[-1f,0f,1.2246467991473532e-16f,0f,0f,1f,0f,-0.3125f,-1.2246467991473532e-16f,0f,-1f,0f,0f,0f,0f,1f],start_interpolation:0}
execute if entity @s[tag=aj.thunder_bullet.bone.bone3] run data modify entity @s {} merge value {transformation:[-0.7009092642998509f,-0.7132504491541816f,1.2246467991473532e-16f,0f,-0.7132504491541816f,0.7009092642998509f,0f,-0.3125f,-8.583662870175385e-17f,-8.734798795470805e-17f,-1f,0f,0f,0f,0f,1f],start_interpolation:0}