execute if entity @s[tag=aj.thunder_bullet.bone.bone2] run data modify entity @s {} merge value {transformation:[-1f,1.0399727334354744e-16f,-6.466966030315954e-17f,0f,0f,-0.5280678506503678f,-0.8492021815265789f,-0.3125f,-1.2246467991473532e-16f,-0.8492021815265789f,0.5280678506503678f,0f,0f,0f,0f,1f],start_interpolation:0}
execute if entity @s[tag=aj.thunder_bullet.bone.bone1] run data modify entity @s {} merge value {transformation:[0.5280678506503677f,0f,-0.849202181526579f,0f,0f,1f,0f,-0.3125f,0.849202181526579f,0f,0.5280678506503677f,0f,0f,0f,0f,1f],start_interpolation:0}
execute if entity @s[tag=aj.thunder_bullet.bone.bone4] run data modify entity @s {} merge value {transformation:[-0.01936915203084043f,-0.0013412418995331602f,0.9998115007439018f,0f,-0.1378186779084996f,0.9904565679976686f,-0.001341241899533177f,-0.3125f,-0.9902680687415703f,-0.1378186779084996f,-0.01936915203084043f,0f,0f,0f,0f,1f],start_interpolation:0}
execute if entity @s[tag=aj.thunder_bullet.bone.bone3] run data modify entity @s {} merge value {transformation:[0.5280678506503678f,-0.8492021815265789f,1.2246467991473532e-16f,0f,-0.8492021815265789f,-0.5280678506503678f,0f,-0.3125f,6.466966030315954e-17f,-1.0399727334354744e-16f,-1f,0f,0f,0f,0f,1f],start_interpolation:0}