execute if entity @s[tag=aj.thunder_bullet.bone.bone2] run data modify entity @s {} merge value {transformation:[-1f,-6.803773075690051e-17f,-1.0182565992946027e-16f,0f,0f,-0.8314696123025451f,0.5555702330196023f,-0.3125f,-1.2246467991473532e-16f,0.5555702330196023f,0.8314696123025451f,0f,0f,0f,0f,1f],start_interpolation:0}
execute if entity @s[tag=aj.thunder_bullet.bone.bone1] run data modify entity @s {} merge value {transformation:[0.8314696123025452f,0f,0.5555702330196022f,0f,0f,1f,0f,-0.3125f,-0.5555702330196022f,0f,0.8314696123025452f,0f,0f,0f,0f,1f],start_interpolation:0}
execute if entity @s[tag=aj.thunder_bullet.bone.bone4] run data modify entity @s {} merge value {transformation:[-0.007596123493896057f,-0.17331778579600948f,0.984836658555435f,0f,-0.08682408883346493f,-0.9810313566471807f,-0.17331778579600948f,-0.3125f,0.9961946980917457f,-0.08682408883346496f,-0.007596123493895592f,0f,0f,0f,0f,1f],start_interpolation:0}
execute if entity @s[tag=aj.thunder_bullet.bone.bone3] run data modify entity @s {} merge value {transformation:[0.8314696123025451f,0.5555702330196023f,1.2246467991473532e-16f,0f,0.5555702330196023f,-0.8314696123025451f,0f,-0.3125f,1.0182565992946027e-16f,6.803773075690051e-17f,-1f,0f,0f,0f,0f,1f],start_interpolation:0}