execute if entity @s[tag=aj.thunder_bullet.bone.bone2] run data modify entity @s {} merge value {transformation:[-1f,-8.605414880741202e-17f,-8.713369784216875e-17f,0f,0f,-0.7115006375947304f,0.7026854507546688f,-0.3125f,-1.2246467991473532e-16f,0.7026854507546688f,0.7115006375947304f,0f,0f,0f,0f,1f],start_interpolation:0}
execute if entity @s[tag=aj.thunder_bullet.bone.bone1] run data modify entity @s {} merge value {transformation:[0.7115006375947305f,0f,0.7026854507546687f,0f,0f,1f,0f,-0.3125f,-0.7026854507546687f,0f,0.7115006375947305f,0f,0f,0f,0f,1f],start_interpolation:0}
execute if entity @s[tag=aj.thunder_bullet.bone.bone4] run data modify entity @s {} merge value {transformation:[-0.9768584753741139f,-0.17322509198590313f,-0.1254614944763421f,0f,-0.15035289975213542f,0.9733381082864268f,-0.17322509198590316f,-0.3125f,0.15212338618991542f,-0.15035289975213545f,-0.9768584753741139f,0f,0f,0f,0f,1f],start_interpolation:0}
execute if entity @s[tag=aj.thunder_bullet.bone.bone3] run data modify entity @s {} merge value {transformation:[0.7115006375947304f,0.7026854507546688f,1.2246467991473532e-16f,0f,0.7026854507546688f,-0.7115006375947304f,0f,-0.3125f,8.713369784216875e-17f,8.605414880741202e-17f,-1f,0f,0f,0f,0f,1f],start_interpolation:0}