execute if entity @s[tag=aj.thunder_bullet.bone.bone2] run data modify entity @s {} merge value {transformation:[-1f,-4.188538737676991e-17f,-1.15079156022785e-16f,0f,0f,-0.9396926207859082f,0.34202014332566866f,-0.3125f,-1.2246467991473532e-16f,0.34202014332566866f,0.9396926207859082f,0f,0f,0f,0f,1f],start_interpolation:0}
execute if entity @s[tag=aj.thunder_bullet.bone.bone1] run data modify entity @s {} merge value {transformation:[0.9396926207859082f,0f,0.34202014332566855f,0f,0f,1f,0f,-0.3125f,-0.34202014332566855f,0f,0.9396926207859082f,0f,0f,0f,0f,1f],start_interpolation:0}
execute if entity @s[tag=aj.thunder_bullet.bone.bone4] run data modify entity @s {} merge value {transformation:[-0.9924038765061042f,0.09439130678413372f,-0.07889757346864812f,0f,0.08682408883346454f,0.9917418307209908f,0.09439130678413374f,-0.3125f,0.08715574274765739f,0.08682408883346455f,-0.9924038765061042f,0f,0f,0f,0f,1f],start_interpolation:0}
execute if entity @s[tag=aj.thunder_bullet.bone.bone3] run data modify entity @s {} merge value {transformation:[0.9396926207859082f,0.34202014332566866f,1.2246467991473532e-16f,0f,0.34202014332566866f,-0.9396926207859082f,0f,-0.3125f,1.15079156022785e-16f,4.188538737676991e-17f,-1f,0f,0f,0f,0f,1f],start_interpolation:0}