execute if entity @s[tag=aj.thunder_bullet.bone.bone2] run data modify entity @s {} merge value {transformation:[-1f,3.1696191514317625e-17f,-1.1829179713786696e-16f,0f,0f,-0.9659258262890682f,-0.2588190451025206f,-0.3125f,-1.2246467991473532e-16f,-0.2588190451025206f,0.9659258262890682f,0f,0f,0f,0f,1f],start_interpolation:0}
execute if entity @s[tag=aj.thunder_bullet.bone.bone1] run data modify entity @s {} merge value {transformation:[0.9659258262890682f,0f,-0.2588190451025207f,0f,0f,1f,0f,-0.3125f,0.2588190451025207f,0f,0.9659258262890682f,0f,0f,0f,0f,1f],start_interpolation:0}
execute if entity @s[tag=aj.thunder_bullet.bone.bone4] run data modify entity @s {} merge value {transformation:[-0.5868240888334654f,0.8089149872858484f,0.035972657798790345f,0f,0.49240387650610407f,0.3212397325146703f,0.8089149872858487f,-0.3125f,0.6427876096865394f,0.4924038765061043f,-0.586824088833465f,0f,0f,0f,0f,1f],start_interpolation:0}
execute if entity @s[tag=aj.thunder_bullet.bone.bone3] run data modify entity @s {} merge value {transformation:[0.9659258262890682f,-0.2588190451025206f,1.2246467991473532e-16f,0f,-0.2588190451025206f,-0.9659258262890682f,0f,-0.3125f,1.1829179713786696e-16f,-3.1696191514317625e-17f,-1f,0f,0f,0f,0f,1f],start_interpolation:0}