execute if entity @s[tag=aj.thunder_bullet.bone.bone2] run data modify entity @s {} merge value {transformation:[-1f,9.550830359243858e-17f,-7.665351767214052e-17f,0f,0f,-0.625923472184059f,-0.7798844830928817f,-0.3125f,-1.2246467991473532e-16f,-0.7798844830928817f,0.625923472184059f,0f,0f,0f,0f,1f],start_interpolation:0}
execute if entity @s[tag=aj.thunder_bullet.bone.bone1] run data modify entity @s {} merge value {transformation:[0.6259234721840589f,0f,-0.7798844830928818f,0f,0f,1f,0f,-0.3125f,0.7798844830928818f,0f,0.6259234721840589f,0f,0f,0f,0f,1f],start_interpolation:0}
execute if entity @s[tag=aj.thunder_bullet.bone.bone4] run data modify entity @s {} merge value {transformation:[-0.49999999999999967f,-0.14644660940672616f,0.8535533905932741f,0f,-0.5f,0.8535533905932737f,-0.1464466094067262f,-0.3125f,-0.7071067811865478f,-0.5f,-0.49999999999999967f,0f,0f,0f,0f,1f],start_interpolation:0}
execute if entity @s[tag=aj.thunder_bullet.bone.bone3] run data modify entity @s {} merge value {transformation:[0.625923472184059f,-0.7798844830928817f,1.2246467991473532e-16f,0f,-0.7798844830928817f,-0.625923472184059f,0f,-0.3125f,7.665351767214052e-17f,-9.550830359243858e-17f,-1f,0f,0f,0f,0f,1f],start_interpolation:0}