execute if entity @s[tag=aj.thunder_bullet.bone.bone2] run data modify entity @s {} merge value {transformation:[-1f,7.871877887341988e-17f,-9.381338752702727e-17f,0f,0f,-0.7660444431189777f,-0.6427876096865395f,-0.3125f,-1.2246467991473532e-16f,-0.6427876096865395f,0.7660444431189777f,0f,0f,0f,0f,1f],start_interpolation:0}
execute if entity @s[tag=aj.thunder_bullet.bone.bone1] run data modify entity @s {} merge value {transformation:[0.7660444431189776f,0f,-0.6427876096865396f,0f,0f,1f,0f,-0.3125f,0.6427876096865396f,0f,0.7660444431189776f,0f,0f,0f,0f,1f],start_interpolation:0}
execute if entity @s[tag=aj.thunder_bullet.bone.bone4] run data modify entity @s {} merge value {transformation:[-1f,-1.0106430996148592e-15f,1.1331077795295971e-15f,0f,-1.0106430996148606e-15f,1f,-1.0106430996148594e-15f,-0.3125f,-1.133107779529596e-15f,-1.0106430996148608e-15f,-1f,0f,0f,0f,0f,1f],start_interpolation:0}
execute if entity @s[tag=aj.thunder_bullet.bone.bone3] run data modify entity @s {} merge value {transformation:[0.7660444431189777f,-0.6427876096865395f,1.2246467991473532e-16f,0f,-0.6427876096865395f,-0.7660444431189777f,0f,-0.3125f,9.381338752702727e-17f,-7.871877887341988e-17f,-1f,0f,0f,0f,0f,1f],start_interpolation:0}