execute if entity @s[tag=aj.thunder_bullet.bone.bone2] run data modify entity @s {} merge value {transformation:[-1f,-7.623605571806382e-17f,-9.584185742759187e-17f,0f,0f,-0.7826081568524141f,0.6225146366376194f,-0.3125f,-1.2246467991473532e-16f,0.6225146366376194f,0.7826081568524141f,0f,0f,0f,0f,1f],start_interpolation:0}
execute if entity @s[tag=aj.thunder_bullet.bone.bone1] run data modify entity @s {} merge value {transformation:[0.7826081568524142f,0f,0.6225146366376193f,0f,0f,1f,0f,-0.3125f,-0.6225146366376193f,0f,0.7826081568524142f,0f,0f,0f,0f,1f],start_interpolation:0}
execute if entity @s[tag=aj.thunder_bullet.bone.bone4] run data modify entity @s {} merge value {transformation:[-0.11697777844051094f,-0.6234051916207954f,0.7730990663630126f,0f,-0.32139380484326896f,-0.712791687148921f,-0.6234051916207956f,-0.3125f,0.9396926207859084f,-0.3213938048432691f,-0.1169777784405104f,0f,0f,0f,0f,1f],start_interpolation:0}
execute if entity @s[tag=aj.thunder_bullet.bone.bone3] run data modify entity @s {} merge value {transformation:[0.7826081568524141f,0.6225146366376194f,1.2246467991473532e-16f,0f,0.6225146366376194f,-0.7826081568524141f,0f,-0.3125f,9.584185742759187e-17f,7.623605571806382e-17f,-1f,0f,0f,0f,0f,1f],start_interpolation:0}