execute if entity @s[tag=aj.thunder_bullet.bone.bone2] run data modify entity @s {} merge value {transformation:[-1f,1.0943843525856647e-16f,-5.496204794924523e-17f,0f,0f,-0.4487991802004623f,-0.8936326403234123f,-0.3125f,-1.2246467991473532e-16f,-0.8936326403234123f,0.4487991802004623f,0f,0f,0f,0f,1f],start_interpolation:0}
execute if entity @s[tag=aj.thunder_bullet.bone.bone1] run data modify entity @s {} merge value {transformation:[0.44879918020046217f,0f,-0.8936326403234123f,0f,0f,1f,0f,-0.3125f,0.8936326403234123f,0f,0.44879918020046217f,0f,0f,0f,0f,1f],start_interpolation:0}
execute if entity @s[tag=aj.thunder_bullet.bone.bone4] run data modify entity @s {} merge value {transformation:[-0.024471741852422946f,0.0019022559925293509f,0.9996987122492694f,0f,0.15450849718747373f,0.9879896283458685f,0.001902255992529217f,-0.3125f,-0.9876883405951379f,0.15450849718747375f,-0.024471741852422946f,0f,0f,0f,0f,1f],start_interpolation:0}
execute if entity @s[tag=aj.thunder_bullet.bone.bone3] run data modify entity @s {} merge value {transformation:[0.4487991802004623f,-0.8936326403234123f,1.2246467991473532e-16f,0f,-0.8936326403234123f,-0.4487991802004623f,0f,-0.3125f,5.496204794924523e-17f,-1.0943843525856647e-16f,-1f,0f,0f,0f,0f,1f],start_interpolation:0}