execute if entity @s[tag=aj.thunder_bullet.bone.bone2] run data modify entity @s {} merge value {transformation:[-1f,9.029043306084033e-17f,-8.27359385291814e-17f,0f,0f,-0.6755902076156601f,-0.737277336810124f,-0.3125f,-1.2246467991473532e-16f,-0.737277336810124f,0.6755902076156601f,0f,0f,0f,0f,1f],start_interpolation:0}
execute if entity @s[tag=aj.thunder_bullet.bone.bone1] run data modify entity @s {} merge value {transformation:[0.67559020761566f,0f,-0.7372773368101241f,0f,0f,1f,0f,-0.3125f,0.7372773368101241f,0f,0.67559020761566f,0f,0f,0f,0f,1f],start_interpolation:0}
execute if entity @s[tag=aj.thunder_bullet.bone.bone4] run data modify entity @s {} merge value {transformation:[-0.7499999999999999f,-0.21650635094610976f,0.6250000000000001f,0f,-0.4330127018922194f,0.875f,-0.21650635094610965f,-0.3125f,-0.5000000000000001f,-0.43301270189221935f,-0.7499999999999999f,0f,0f,0f,0f,1f],start_interpolation:0}
execute if entity @s[tag=aj.thunder_bullet.bone.bone3] run data modify entity @s {} merge value {transformation:[0.6755902076156601f,-0.737277336810124f,1.2246467991473532e-16f,0f,-0.737277336810124f,-0.6755902076156601f,0f,-0.3125f,8.27359385291814e-17f,-9.029043306084033e-17f,-1f,0f,0f,0f,0f,1f],start_interpolation:0}