execute if entity @s[tag=aj.thunder_bullet.bone.bone2] run data modify entity @s {} merge value {transformation:[-1f,-2.3891673840167802e-17f,-1.2011155542966558e-16f,0f,0f,-0.9807852804032307f,0.19509032201612836f,-0.3125f,-1.2246467991473532e-16f,0.19509032201612836f,0.9807852804032307f,0f,0f,0f,0f,1f],start_interpolation:0}
execute if entity @s[tag=aj.thunder_bullet.bone.bone1] run data modify entity @s {} merge value {transformation:[0.9807852804032307f,0f,0.19509032201612825f,0f,0f,1f,0f,-0.3125f,-0.19509032201612825f,0f,0.9807852804032307f,0f,0f,0f,0f,1f],start_interpolation:0}
execute if entity @s[tag=aj.thunder_bullet.bone.bone4] run data modify entity @s {} merge value {transformation:[-0.8213938048432701f,0.5448944070430207f,-0.16852982685071177f,0f,0.38302222155948884f,0.7459115651100129f,0.5448944070430206f,-0.3125f,0.4226182617406989f,0.38302222155948873f,-0.8213938048432701f,0f,0f,0f,0f,1f],start_interpolation:0}
execute if entity @s[tag=aj.thunder_bullet.bone.bone3] run data modify entity @s {} merge value {transformation:[0.9807852804032307f,0.19509032201612836f,1.2246467991473532e-16f,0f,0.19509032201612836f,-0.9807852804032307f,0f,-0.3125f,1.2011155542966558e-16f,2.3891673840167802e-17f,-1f,0f,0f,0f,0f,1f],start_interpolation:0}