execute if entity @s[tag=aj.thunder_bullet.bone.bone2] run data modify entity @s {} merge value {transformation:[-1f,1.1314261122877005e-16f,-4.686520405326299e-17f,0f,0f,-0.38268343236508984f,-0.9238795325112868f,-0.3125f,-1.2246467991473532e-16f,-0.9238795325112868f,0.38268343236508984f,0f,0f,0f,0f,1f],start_interpolation:0}
execute if entity @s[tag=aj.thunder_bullet.bone.bone1] run data modify entity @s {} merge value {transformation:[0.3826834323650897f,0f,-0.9238795325112868f,0f,0f,1f,0f,-0.3125f,0.9238795325112868f,0f,0.3826834323650897f,0f,0f,0f,0f,1f],start_interpolation:0}
execute if entity @s[tag=aj.thunder_bullet.bone.bone4] run data modify entity @s {} merge value {transformation:[-0.06698729810778058f,0.008518543427732905f,0.9977174631678495f,0f,0.24999999999999994f,0.9682083631212188f,0.008518543427732936f,-0.3125f,-0.9659258262890683f,0.24999999999999994f,-0.06698729810778058f,0f,0f,0f,0f,1f],start_interpolation:0}
execute if entity @s[tag=aj.thunder_bullet.bone.bone3] run data modify entity @s {} merge value {transformation:[0.38268343236508984f,-0.9238795325112868f,1.2246467991473532e-16f,0f,-0.9238795325112868f,-0.38268343236508984f,0f,-0.3125f,4.686520405326299e-17f,-1.1314261122877005e-16f,-1f,0f,0f,0f,0f,1f],start_interpolation:0}