execute if entity @s[tag=aj.thunder_bullet.bone.bone2] run data modify entity @s {} merge value {transformation:[-1f,1.0031719290535246e-16f,7.024285468436544e-17f,0f,0f,0.5735764363510463f,-0.8191520442889917f,-0.3125f,-1.2246467991473532e-16f,-0.8191520442889917f,-0.5735764363510463f,0f,0f,0f,0f,1f],start_interpolation:0}
execute if entity @s[tag=aj.thunder_bullet.bone.bone1] run data modify entity @s {} merge value {transformation:[-0.5735764363510464f,0f,-0.8191520442889916f,0f,0f,1f,0f,-0.3125f,0.8191520442889916f,0f,-0.5735764363510464f,0f,0f,0f,0f,1f],start_interpolation:0}
execute if entity @s[tag=aj.thunder_bullet.bone.bone4] run data modify entity @s {} merge value {transformation:[-0.8516507396391466f,0.2911133904562197f,0.4358256664873916f,0f,0.3971312619671028f,0.9010876850259639f,0.17414862808235243f,-0.3125f,-0.34202014332566877f,0.3213938048432696f,-0.8830222215594891f,0f,0f,0f,0f,1f],start_interpolation:0}
execute if entity @s[tag=aj.thunder_bullet.bone.bone3] run data modify entity @s {} merge value {transformation:[-0.5735764363510463f,-0.8191520442889917f,1.2246467991473532e-16f,0f,-0.8191520442889917f,0.5735764363510463f,0f,-0.3125f,-7.024285468436544e-17f,-1.0031719290535246e-16f,-1f,0f,0f,0f,0f,1f],start_interpolation:0}