execute if entity @s[tag=aj.thunder_bullet.bone.bone2] run data modify entity @s {} merge value {transformation:[-1f,9.530729808007497e-17f,7.690329485330463e-17f,0f,0f,0.6279630576493378f,-0.778243148526021f,-0.3125f,-1.2246467991473532e-16f,-0.778243148526021f,-0.6279630576493378f,0f,0f,0f,0f,1f],start_interpolation:0}
execute if entity @s[tag=aj.thunder_bullet.bone.bone1] run data modify entity @s {} merge value {transformation:[-0.6279630576493379f,0f,-0.7782431485260208f,0f,0f,1f,0f,-0.3125f,0.7782431485260208f,0f,-0.6279630576493379f,0f,0f,0f,0f,1f],start_interpolation:0}
execute if entity @s[tag=aj.thunder_bullet.bone.bone4] run data modify entity @s {} merge value {transformation:[-0.9396926207859084f,0.34202014332566866f,1.2246467991473532e-16f,0f,0.34202014332566866f,0.9396926207859084f,0f,-0.3125f,-1.1507915602278503e-16f,4.188538737676991e-17f,-1f,0f,0f,0f,0f,1f],start_interpolation:0}
execute if entity @s[tag=aj.thunder_bullet.bone.bone3] run data modify entity @s {} merge value {transformation:[-0.6279630576493378f,-0.778243148526021f,1.2246467991473532e-16f,0f,-0.778243148526021f,0.6279630576493378f,0f,-0.3125f,-7.690329485330463e-17f,-9.530729808007497e-17f,-1f,0f,0f,0f,0f,1f],start_interpolation:0}