execute if entity @s[tag=aj.thunder_bullet.bone.bone2] run data modify entity @s {} merge value {transformation:[-1f,1.2060416625018976e-16f,2.1265768495757738e-17f,0f,0f,0.17364817766693053f,-0.9848077530122079f,-0.3125f,-1.2246467991473532e-16f,-0.9848077530122079f,-0.17364817766693053f,0f,0f,0f,0f,1f],start_interpolation:0}
execute if entity @s[tag=aj.thunder_bullet.bone.bone1] run data modify entity @s {} merge value {transformation:[-0.0871557427476586f,0f,-0.9961946980917454f,0f,0f,1f,0f,-0.3125f,0.9961946980917454f,0f,-0.0871557427476586f,0f,0f,0f,0f,1f],start_interpolation:0}
execute if entity @s[tag=aj.thunder_bullet.bone.bone4] run data modify entity @s {} merge value {transformation:[-0.41317591116653485f,0.11520062313835946f,0.9033351996132095f,0f,0.49240387650610395f,0.8627092435057684f,0.11520062313835952f,-0.3125f,-0.7660444431189779f,0.49240387650610395f,-0.41317591116653485f,0f,0f,0f,0f,1f],start_interpolation:0}
execute if entity @s[tag=aj.thunder_bullet.bone.bone3] run data modify entity @s {} merge value {transformation:[-0.17364817766693053f,-0.9848077530122079f,1.2246467991473532e-16f,0f,-0.9848077530122079f,0.17364817766693053f,0f,-0.3125f,-2.1265768495757738e-17f,-1.2060416625018976e-16f,-1f,0f,0f,0f,0f,1f],start_interpolation:0}