execute if entity @s[tag=aj.rakshasa_great_katana.bone.right_arm2] run data modify entity @s {} merge value {transformation:[0.2193954280643361f,0.9748527715335641f,0.039086058611675856f,-0.11871319288339102f,-0.5051467267432642f,0.07922914526660141f,0.8593890428676001f,1.1676927136833497f,0.8346810352494134f,-0.20829022150272053f,0.5098261988377166f,0.05207255537568012f,0f,0f,0f,1f],start_interpolation:0}
execute if entity @s[tag=aj.rakshasa_great_katana.bone.right_arm] run data modify entity @s {} merge value {transformation:[0.2193954280643361f,0.9748527715335641f,0.039086058611675856f,0.125f,-0.5051467267432642f,0.07922914526660141f,0.8593890428676001f,1.1875f,0.8346810352494134f,-0.20829022150272053f,0.5098261988377166f,-1.3877787807814457e-17f,0f,0f,0f,1f],start_interpolation:0}
execute if entity @s[tag=aj.rakshasa_great_katana.bone.slash] run data modify entity @s {} merge value {transformation:[0.000017282350661753925f,-0.000004866638975361061f,0.000037599831007582765f,0.31119660927354453f,-0.00003643944227865406f,0.000009277966170320643f,0.0000179498607591852f,1.7237181492957978f,-0.000010468930849705937f,-0.000040327983831788486f,-4.078210860083004e-7f,-0.7661983867604611f,0f,0f,0f,1f],start_interpolation:0}
execute if entity @s[tag=aj.rakshasa_great_katana.bone.bone0] run data modify entity @s {} merge value {transformation:[-0.0951875854686389f,0.1433684698554092f,0.9850811161645368f,-0.18873416189861603f,0.9952119028655593f,0.03576894373503381f,0.09096071162206687f,1.2276565646786608f,-0.02219441297631864f,0.9890227826068512f,-0.14608676708462667f,2.0543496566434105f,0f,0f,0f,1f],start_interpolation:0}
execute if entity @s[tag=aj.rakshasa_great_katana.bone.bone1] run data modify entity @s {} merge value {transformation:[-0.08884334315651618f,0.14738403900288632f,0.9850811161645368f,-0.06991741613539343f,0.9958249010673609f,-0.0076756338753389275f,0.09096071162206687f,1.2378282847403788f,0.020967279054626295f,0.9890495587642752f,-0.14608676708462667f,2.8618790570467265f,0f,0f,0f,1f],start_interpolation:0}
execute if entity @s[tag=aj.rakshasa_great_katana.bone.bone2] run data modify entity @s {} merge value {transformation:[-0.08232998249116952f,0.1511190542553603f,0.9850811161645368f,0.024153777436717927f,0.9945422899709934f,-0.05110560048037539f,0.09096071162206687f,1.2243518677741134f,0.0640890586781885f,0.9871936228726894f,-0.14608676708462667f,3.48782166437821f,0f,0f,0f,1f],start_interpolation:0}
execute if entity @s[tag=aj.rakshasa_great_katana.bone.bone3] run data modify entity @s {} merge value {transformation:[-0.04041216704697907f,0.16727836480130315f,0.9850811161645368f,0.06862485186659162f,0.9474269805039324f,-0.30677070517637245f,0.09096071162206687f,1.1878715013808268f,0.31740978776302525f,0.9369683469119933f,-0.14608676708462667f,3.7649811659338432f,0f,0f,0f,1f],start_interpolation:0}
execute if entity @s[tag=aj.rakshasa_great_katana.bone.bone7] run data modify entity @s {} merge value {transformation:[0.026678684803451272f,0.2552186607624473f,0.9665152264583219f,0.09049356784274201f,0.7579123294305998f,-0.6355978727909025f,0.14691577519368676f,1.1174452575451483f,0.6518106693467363f,0.7286142870561231f,-0.2103902850025569f,3.974601027457438f,0f,0f,0f,1f],start_interpolation:0}
execute if entity @s[tag=aj.rakshasa_great_katana.bone.bone10] run data modify entity @s {} merge value {transformation:[0.10311945910088548f,0.17016397255553697f,0.9800054079436804f,0.07167048090886256f,0.921111872969824f,-0.3881770522115595f,-0.029521070616885095f,1.1558058195967524f,0.3753921877567031f,0.905738813665652f,-0.19676866313204847f,3.9158699141932125f,0f,0f,0f,1f],start_interpolation:0}
execute if entity @s[tag=aj.rakshasa_great_katana.bone.bone4] run data modify entity @s {} merge value {transformation:[-0.1540383151407851f,0.17016397255553697f,0.9733018133717346f,0.06584836671957675f,0.8973663623105148f,-0.3881770522115595f,0.20988613086609154f,1.157064028134405f,0.4135284866392908f,0.905738813665652f,-0.09290528594948319f,3.9175029697032753f,0f,0f,0f,1f],start_interpolation:0}
execute if entity @s[tag=aj.rakshasa_great_katana.bone.bone11] run data modify entity @s {} merge value {transformation:[-0.1871642830315471f,0.12764633323474617f,0.9739999716473361f,0.09049356784274201f,0.7202592796630468f,-0.6563979749656261f,0.22442876045706456f,1.1174452575451483f,0.667979117350652f,0.7435375660131434f,0.030915800340513416f,3.974601027457438f,0f,0f,0f,1f],start_interpolation:0}
execute if entity @s[tag=aj.rakshasa_great_katana.bone.bone5] run data modify entity @s {} merge value {transformation:[-0.02567911642072719f,0.17016397255553697f,0.9850811161645368f,0.08057519532438978f,0.9170849061442193f,-0.3881770522115595f,0.09096071162206687f,1.183966501572657f,0.3978641198981122f,0.905738813665652f,-0.14608676708462667f,3.889607314310278f,0f,0f,0f,1f],start_interpolation:0}
execute if entity @s[tag=aj.rakshasa_great_katana.bone.bone8] run data modify entity @s {} merge value {transformation:[-0.04041216704697907f,-0.22242916521999812f,0.974110939890371f,0.11377562186543105f,0.9474269805039324f,-0.3182283330204084f,-0.0333593266756641f,1.1703279340982715f,0.31740978776302525f,0.9215508637739899f,0.22359568893349555f,3.8906951228393f,0f,0f,0f,1f],start_interpolation:0}
execute if entity @s[tag=aj.rakshasa_great_katana.bone.bone9] run data modify entity @s {} merge value {transformation:[-0.9850811161645366f,0.14738403900288632f,-0.08884334315651594f,0.07871087298518503f,-0.09096071162206663f,-0.0076756338753389145f,0.9958249010673608f,1.1760718660831815f,0.14608676708462662f,0.9890495587642752f,0.020967279054626264f,3.912793977104479f,0f,0f,0f,1f],start_interpolation:0}
execute if entity @s[tag=aj.rakshasa_great_katana.bone.bone6] run data modify entity @s {} merge value {transformation:[-0.04041216704697908f,-0.13668339260837037f,0.9897901327754453f,0.07144791765523612f,0.9474269805039323f,-0.3199248350314844f,-0.005496957638464292f,1.1664194660207607f,0.3174097877630252f,0.9375317328576904f,0.14242638981975142f,3.8969722886124676f,0f,0f,0f,1f],start_interpolation:0}
execute if entity @s[tag=aj.rakshasa_great_katana.locator_origin.rakshasa0] at @s on origin run tp @s ^-0.50124 ^1.06171 ^-0.15627 ~81.56456 ~5.21888
execute if entity @s[tag=aj.rakshasa_great_katana.locator_origin.rakshasa1] at @s on origin run tp @s ^-0.39693 ^1.12107 ^0.58406 ~81.56456 ~5.21888
execute if entity @s[tag=aj.rakshasa_great_katana.locator_origin.rakshasa2] at @s on origin run tp @s ^-0.29262 ^1.18043 ^1.3244 ~81.56456 ~5.21888
execute if entity @s[tag=aj.rakshasa_great_katana.locator_origin.rakshasa3] at @s on origin run tp @s ^-0.18831 ^1.23979 ^2.06473 ~81.56456 ~5.21888
execute if entity @s[tag=aj.rakshasa_great_katana.locator_origin.rakshasa4] at @s on origin run tp @s ^-0.07767 ^1.23711 ^2.80915 ~81.56456 ~5.21888
execute if entity @s[tag=aj.rakshasa_great_katana.locator_origin.rakshasa5] at @s on origin run tp @s ^0.03298 ^1.23442 ^3.55357 ~81.56456 ~5.21888
execute if entity @s[tag=aj.rakshasa_great_katana.bone.rakshasa_great_katana] run data modify entity @s {} merge value {transformation:[-0.15413742071927242f,0.2115174858213182f,1.4981441975002332f,-0.4220239035919083f,1.5097380363271449f,0.1203670128822169f,0.13833608225856003f,1.1100834097779737f,-0.09933149036858768f,1.5012348794174146f,-0.22217362494120307f,0.4080285231552562f,0f,0f,0f,1f],start_interpolation:0}
execute if entity @s[tag=aj.rakshasa_great_katana.bone.left_arm2] run data modify entity @s {} merge value {transformation:[0.41477641588209413f,-0.11679933540866544f,0.9023959441819862f,-0.48792591741186697f,-0.8745466146876972f,0.22267118808769537f,0.4307966582204448f,1.2359868266804097f,-0.2512543403929425f,-0.9678716119629236f,-0.009787706064199209f,-0.12653889132697585f,0f,0f,0f,1f],start_interpolation:0}
execute if entity @s[tag=aj.rakshasa_great_katana.bone.left_arm] run data modify entity @s {} merge value {transformation:[0.41477641588209413f,0.8543669094572366f,-0.31307779999944807f,-0.25f,-0.8745466146876972f,0.27930319043161966f,-0.39643151559002837f,1.1875f,-0.2512543403929425f,0.43823157330252777f,0.8630320646386777f,-0.06250000000000001f,0f,0f,0f,1f],start_interpolation:0}
execute if entity @s[tag=aj.rakshasa_great_katana.bone.head] run data modify entity @s {} merge value {transformation:[1f,0f,0f,0f,0f,0.9990482215818578f,-0.043619387365336f,1.39375f,0f,0.043619387365336f,0.9990482215818578f,-0.06250000000000001f,0f,0f,0f,1f],start_interpolation:0}
execute if entity @s[tag=aj.rakshasa_great_katana.bone.body_top] run data modify entity @s {} merge value {transformation:[1f,0f,0f,0f,0f,1f,0f,1f,0f,0f,1f,-0.06250000000000001f,0f,0f,0f,1f],start_interpolation:0}
execute if entity @s[tag=aj.rakshasa_great_katana.locator_origin.player_camera] at @s on origin run tp @s ^0 ^0 ^0 ~-180 ~0
execute if entity @s[tag=aj.rakshasa_great_katana.bone.body] run data modify entity @s {} merge value {transformation:[1f,0f,0f,0f,0f,1f,0f,0.5625f,0f,0f,1f,-0.06250000000000001f,0f,0f,0f,1f],start_interpolation:0}
execute if entity @s[tag=aj.rakshasa_great_katana.bone.right_leg2] run data modify entity @s {} merge value {transformation:[0.9775813900812615f,-0.17554319911203925f,0.11627214203023531f,0.1930002053342533f,0.20174764505424753f,0.6228472838077916f,-0.7558830258501124f,0.38324735534630167f,0.06027033666617115f,0.762394809989396f,0.6442993405393017f,-0.3039189527191558f,0f,0f,0f,1f],start_interpolation:0}
execute if entity @s[tag=aj.rakshasa_great_katana.bone.right_leg] run data modify entity @s {} merge value {transformation:[0.9775813900812615f,-0.18921796266922658f,0.09236443238658182f,0.125f,0.20174764505424753f,0.7161812720798563f,-0.6681184574887482f,0.640625f,0.06027033666617115f,0.6717744771315639f,0.7382997618804711f,-0.06250000000000001f,0f,0f,0f,1f],start_interpolation:0}
execute if entity @s[tag=aj.rakshasa_great_katana.bone.left_leg2] run data modify entity @s {} merge value {transformation:[0.9914773818843698f,0.11556884308424183f,-0.06013687487627961f,-0.16742912228625412f,-0.12424600092451943f,0.977640739615175f,-0.16965115825999533f,0.3783735063080035f,0.03918587074418198f,0.17567705243674708f,0.9836676475218429f,0.1795213095232211f,0f,0f,0f,1f],start_interpolation:0}
execute if entity @s[tag=aj.rakshasa_great_katana.bone.left_leg] run data modify entity @s {} merge value {transformation:[0.9914773818843698f,0.11806364462262015f,0.05507791780867426f,-0.125f,-0.12424600092451943f,0.7297432867951208f,0.6723374648431534f,0.640625f,0.03918587074418198f,-0.6734506004124413f,0.7381928991382554f,-0.06250000000000001f,0f,0f,0f,1f],start_interpolation:0}