execute if entity @s[tag=aj.rakshasa_great_katana.bone.right_arm2] run data modify entity @s {} merge value {transformation:[0.036394876692749434f,0.9115604877063609f,-0.40955206043073517f,-0.03710061102693532f,-0.5918759771354802f,0.3498737610900209f,0.7261344083505774f,1.175770670953577f,0.8052069551614911f,0.21597645370100899f,0.5522643667721974f,0.7700304792944692f,0f,0f,0f,1f],start_interpolation:0}
execute if entity @s[tag=aj.rakshasa_great_katana.bone.right_arm] run data modify entity @s {} merge value {transformation:[0.30125723958914924f,0.8611104373958459f,-0.40955206043073517f,0.17817699832202616f,-0.4637570831226104f,0.5076004224416729f,0.7261344083505774f,1.302670776563995f,0.8331707168694383f,-0.028820578498182065f,0.5522643667721974f,0.7628253346699237f,0f,0f,0f,1f],start_interpolation:0}
execute if entity @s[tag=aj.rakshasa_great_katana.bone.slash] run data modify entity @s {} merge value {transformation:[-0.00000866754313373324f,0.000025324819730274843f,0.00003193177590997825f,0.7671642580763853f,-0.000019177469583069514f,0.000026271485975810317f,-0.000026041213414976612f,1.0261749784407923f,-0.0000359612217190466f,-0.000020114016042625494f,0.000006190961332595054f,0.21485301838835272f,0f,0f,0f,1f],start_interpolation:0}
execute if entity @s[tag=aj.rakshasa_great_katana.bone.bone0] run data modify entity @s {} merge value {transformation:[-0.011819360179257235f,-0.7937068686659857f,0.6081855879231184f,-1.9603849040545303f,0.13285320199857753f,-0.6040823004471266f,-0.7857700687893586f,-0.09786333575997008f,0.9910652498416433f,0.07151210330387267f,0.11258636523743944f,0.7992582799940859f,0f,0f,0f,1f],start_interpolation:0}
execute if entity @s[tag=aj.rakshasa_great_katana.bone.bone1] run data modify entity @s {} merge value {transformation:[-0.04642911812619187f,-0.7924358823479887f,0.6081855879231184f,-2.607874152988578f,0.10637705532438768f,-0.6093023232314805f,-0.7857700687893586f,-0.5933715391679295f,0.9932412894611949f,0.028214380590145943f,0.11258636523743944f,0.8386779241928202f,0f,0f,0f,1f],start_interpolation:0}
execute if entity @s[tag=aj.rakshasa_great_katana.bone.bone2] run data modify entity @s {} merge value {transformation:[-0.0809504956079147f,-0.789656449288831f,0.6081855879231184f,-3.109128902916523f,0.07969841387931129f,-0.613362504413083f,-0.7857700687893586f,-0.9800147358902846f,0.9935266378341125f,-0.01513704980063467f,0.11258636523743944f,0.8479442638292456f,0f,0f,0f,1f],start_interpolation:0}
execute if entity @s[tag=aj.rakshasa_great_katana.bone.bone3] run data modify entity @s {} merge value {transformation:[-0.28257030252256693f,-0.7417980282899896f,0.6081855879231184f,-3.3301704461664823f,-0.08176714141358293f,-0.6130901512663685f,-0.7857700687893586f,-1.15487017339013f,0.9557552818150455f,-0.2717648830243998f,0.11258636523743944f,0.8216365647638135f,0f,0f,0f,1f],start_interpolation:0}
execute if entity @s[tag=aj.rakshasa_great_katana.bone.bone7] run data modify entity @s {} merge value {transformation:[-0.5449347345837912f,-0.5219937666900542f,0.6561772950817657f,-3.503720422981184f,-0.3101624318198113f,-0.6015785528241191f,-0.7361402792061172f,-1.278517602369388f,0.7790028247264029f,-0.6046699532131296f,0.16591819294314214f,0.7586262341913222f,0f,0f,0f,1f],start_interpolation:0}
execute if entity @s[tag=aj.rakshasa_great_katana.bone.bone10] run data modify entity @s {} merge value {transformation:[-0.2638015108506717f,-0.7143476382426135f,0.6481637251575434f,-3.460988644110635f,-0.23629988990963796f,-0.6036306822015689f,-0.7614409770517754f,-1.2320577827975463f,0.9351850752132418f,-0.35403029706801814f,-0.009561582313343947f,0.7945520637266448f,0f,0f,0f,1f],start_interpolation:0}
execute if entity @s[tag=aj.rakshasa_great_katana.bone.bone4] run data modify entity @s {} merge value {transformation:[-0.42256980876010775f,-0.7143476382426135f,0.5578012266584276f,-3.4652282998901365f,-0.03117273983051201f,-0.6036306822015689f,-0.7966544167933349f,-1.2277171189574898f,0.9057941361125639f,-0.35403029706801814f,0.2328079288641726f,0.7957057226689734f,0f,0f,0f,1f],start_interpolation:0}
execute if entity @s[tag=aj.rakshasa_great_katana.bone.bone11] run data modify entity @s {} merge value {transformation:[-0.6636530593679139f,-0.5974028168316227f,0.4501938374003482f,-3.503720422981184f,-0.13273857341140494f,-0.49823059499939304f,-0.8568236372412099f,-1.278517602369388f,0.7361691978888508f,-0.6283917159290007f,0.2513538609838588f,0.7586262341913222f,0f,0f,0f,1f],start_interpolation:0}
execute if entity @s[tag=aj.rakshasa_great_katana.bone.bone5] run data modify entity @s {} merge value {transformation:[-0.3461469953355242f,-0.7143476382426135f,0.6081855879231184f,-3.433287372769534f,-0.13489032025922376f,-0.6036306822015689f,-0.7857700687893586f,-1.2259788251786836f,0.9284324741846084f,-0.35403029706801814f,0.11258636523743944f,0.822078922267641f,0f,0f,0f,1f],start_interpolation:0}
execute if entity @s[tag=aj.rakshasa_great_katana.bone.bone8] run data modify entity @s {} merge value {transformation:[-0.28257030252256693f,-0.9180745638957488f,0.2780164010628435f,-3.4182943623124435f,-0.08176714141358293f,-0.26572025536518207f,-0.9605763272503203f,-1.2560347458616414f,0.9557552818150455f,-0.29416294976813995f,0.00001632025063612319f,0.809377999388196f,0f,0f,0f,1f],start_interpolation:0}
execute if entity @s[tag=aj.rakshasa_great_katana.bone.bone9] run data modify entity @s {} merge value {transformation:[-0.6081855879231183f,-0.7924358823479887f,-0.04642911812619173f,-3.4545694079306615f,0.7857700687893585f,-0.6093023232314805f,0.10637705532438747f,-1.235919329290748f,-0.1125863652374392f,0.028214380590145957f,0.9932412894611948f,0.8148897876725258f,0f,0f,0f,1f],start_interpolation:0}
execute if entity @s[tag=aj.rakshasa_great_katana.bone.bone6] run data modify entity @s {} merge value {transformation:[-0.28257030252256693f,-0.8903502870751736f,0.3569739352354194f,-3.444427336793515f,-0.0817671414135829f,-0.3484288528376983f,-0.9337619980997607f,-1.2222711882183486f,0.9557552818150455f,-0.2930421485304833f,0.025654248523039533f,0.8045403040068997f,0f,0f,0f,1f],start_interpolation:0}
execute if entity @s[tag=aj.rakshasa_great_katana.locator_origin.rakshasa0] at @s on origin run tp @s ^-0.18376 ^1.24205 ^0.55371 ~100.48778 ~-51.79196
execute if entity @s[tag=aj.rakshasa_great_katana.locator_origin.rakshasa1] at @s on origin run tp @s ^-0.77887 ^0.79377 ^0.63972 ~100.48778 ~-51.79196
execute if entity @s[tag=aj.rakshasa_great_katana.locator_origin.rakshasa2] at @s on origin run tp @s ^-1.37397 ^0.34549 ^0.72572 ~100.48778 ~-51.79196
execute if entity @s[tag=aj.rakshasa_great_katana.locator_origin.rakshasa3] at @s on origin run tp @s ^-1.96907 ^-0.1028 ^0.81173 ~100.48778 ~-51.79196
execute if entity @s[tag=aj.rakshasa_great_katana.locator_origin.rakshasa4] at @s on origin run tp @s ^-2.56559 ^-0.56103 ^0.83605 ~100.48778 ~-51.79196
execute if entity @s[tag=aj.rakshasa_great_katana.locator_origin.rakshasa5] at @s on origin run tp @s ^-3.16212 ^-1.01925 ^0.86036 ~100.48778 ~-51.79196
execute if entity @s[tag=aj.rakshasa_great_katana.bone.rakshasa_great_katana] run data modify entity @s {} merge value {transformation:[0.03469461356631126f,-1.2067310455398608f,0.9249489149664093f,-0.6374580693231512f,0.24192877539140187f,-0.9090209001024107f,-1.195025312950483f,0.9007358175821767f,1.5010665472272977f,0.17439958338556066f,0.17122509713193915f,0.6223822053137927f,0f,0f,0f,1f],start_interpolation:0}
execute if entity @s[tag=aj.rakshasa_great_katana.bone.left_arm2] run data modify entity @s {} merge value {transformation:[-0.20802103520959772f,0.6077956735265961f,0.766362621839478f,-0.32321757178432947f,-0.4602592699936683f,0.6305156634194475f,-0.6249891219594386f,1.2423252286113797f,-0.8630693212571183f,-0.48273638502301175f,0.14858307198228127f,0.4384362473552075f,0f,0f,0f,1f],start_interpolation:0}
execute if entity @s[tag=aj.rakshasa_great_katana.bone.left_arm] run data modify entity @s {} merge value {transformation:[0.6386574767091802f,0.05075306176111814f,0.7678155730156397f,-0.23382771988676954f,0.726632814774716f,0.28858309003333377f,-0.623477788409007f,1.3874994491527048f,-0.25322199733837575f,0.956108742177732f,0.14742690797571079f,0.5868350837752392f,0f,0f,0f,1f],start_interpolation:0}
execute if entity @s[tag=aj.rakshasa_great_katana.bone.head] run data modify entity @s {} merge value {transformation:[0.9995142873369927f,-0.0027100173990834177f,0.0310458566465823f,-0.00313350269485332f,0.0032978076394775957f,0.9998159887354061f,-0.018897437228770436f,1.4436044743106027f,-0.03098893147555229f,0.018990641767433314f,0.9993393025650819f,0.7566805125728466f,0f,0f,0f,1f],start_interpolation:0}
execute if entity @s[tag=aj.rakshasa_great_katana.bone.body_top] run data modify entity @s {} merge value {transformation:[0.9911851475425012f,-0.0037696273020790816f,-0.1324303333876097f,-0.0016492119446596815f,-0.017289693116962053f,0.9873658001339631f,-0.15751140669088096f,1.0548291905078546f,0.13135094138631556f,0.1584126467041765f,0.9785971405849837f,0.6943055329330772f,0f,0f,0f,1f],start_interpolation:0}
execute if entity @s[tag=aj.rakshasa_great_katana.locator_origin.player_camera] at @s on origin run tp @s ^-0.00616 ^0.05762 ^0.59706 ~-172.29317 ~-9.06248
execute if entity @s[tag=aj.rakshasa_great_katana.bone.body] run data modify entity @s {} merge value {transformation:[0.9911851475425012f,-0.0037696273020790816f,-0.1324303333876097f,-8.326672684688674e-17f,-0.017289693116962053f,0.9873658001339631f,-0.15751140669088096f,0.6228566529492456f,0.13135094138631556f,0.1584126467041765f,0.9785971405849837f,0.625f,0f,0f,0f,1f],start_interpolation:0}
execute if entity @s[tag=aj.rakshasa_great_katana.bone.right_leg2] run data modify entity @s {} merge value {transformation:[0.9914699136771088f,-0.07868233632534649f,-0.1039062087822063f,0.12998763273388356f,0.07728518983867133f,0.99685699142206f,-0.017410861109071307f,0.38800789596443924f,0.10494955790620045f,0.009231933889705612f,0.9944346945335069f,0.8090793383963532f,0f,0f,0f,1f],start_interpolation:0}
execute if entity @s[tag=aj.rakshasa_great_katana.bone.right_leg] run data modify entity @s {} merge value {transformation:[0.9914699136771088f,-0.013878630216024049f,-0.12959472943153688f,0.12499999999999992f,0.07728518983867133f,0.8632494546360787f,0.49882600022664536f,0.69823816872428f,0.10494955790620045f,-0.5045867246508171f,0.8569584748407904f,0.6277434842249657f,0f,0f,0f,1f],start_interpolation:0}
execute if entity @s[tag=aj.rakshasa_great_katana.bone.left_leg2] run data modify entity @s {} merge value {transformation:[0.9963489880245138f,-0.02122282860055283f,-0.08269392727836058f,-0.12834789963974846f,-0.03798146951453997f,0.7572866159929961f,-0.6519772919445833f,0.36366928656736275f,0.0764598066701931f,0.6527377519219092f,0.7537156792716262f,0.498322865466264f,0f,0f,0f,1f],start_interpolation:0}
execute if entity @s[tag=aj.rakshasa_great_katana.bone.left_leg] run data modify entity @s {} merge value {transformation:[0.9963489880245138f,0.00931589464973461f,-0.0848640569935369f,-0.12500000000000008f,-0.03798146951453997f,0.9386083238452394f,-0.3428874777269451f,0.7009816529492456f,0.0764598066701931f,0.3448588530331f,0.935535284983229f,0.6222565157750343f,0f,0f,0f,1f],start_interpolation:0}