execute if entity @s[tag=aj.rakshasa_great_katana.bone.right_arm2] run data modify entity @s {} merge value {transformation:[0.9180487662953962f,0.068557074030277f,-0.3904950579762929f,0.11870545445431971f,0.025261293258759435f,0.9728197672960508f,0.2301815966165683f,0.9879096845430239f,0.39566188819040454f,-0.2211823409733804f,0.8913641468418724f,0.15959528144225843f,0f,0f,0f,1f],start_interpolation:0}
execute if entity @s[tag=aj.rakshasa_great_katana.bone.right_arm] run data modify entity @s {} merge value {transformation:[0.9179031672947673f,0.07047967910203812f,-0.3904950579762929f,0.13632537422982924f,0.023223770387983914f,0.9728705407545309f,0.2301815966165683f,1.2311273197316566f,0.39612426328009853f,-0.22035318415139837f,0.8913641468418724f,0.10450698540440885f,0f,0f,0f,1f],start_interpolation:0}
execute if entity @s[tag=aj.rakshasa_great_katana.bone.slash] run data modify entity @s {} merge value {transformation:[0.00003838922372722808f,-0.000012143156783914982f,0.000010720184515818715f,-0.17427593565209504f,0.000010726868268370947f,0.00003972086252545279f,0.000006580158698557921f,1.8172635450140475f,-0.000012137252979358884f,-0.0000033027162558189275f,0.0000397226669114714f,0.9636869747917015f,0f,0f,0f,1f],start_interpolation:0}
execute if entity @s[tag=aj.rakshasa_great_katana.bone.bone0] run data modify entity @s {} merge value {transformation:[0.09148528323528471f,0.7714387315576438f,-0.6296925649903238f,1.5915269830382213f,-0.5013095079596882f,-0.5106930590133394f,-0.6984850583260983f,-0.2824548802932588f,-0.8604180496599165f,0.3795719733177506f,0.34000867178807925f,0.8985116693077677f,0f,0f,0f,1f],start_interpolation:0}
execute if entity @s[tag=aj.rakshasa_great_katana.bone.bone1] run data modify entity @s {} merge value {transformation:[0.12504789437756006f,0.7667139608143608f,-0.6296925649903238f,2.2193216444905564f,-0.5231084907550939f,-0.48834017876385577f,-0.6984850583260983f,-0.6896330091779657f,-0.8430424253924983f,0.41674161310965796f,0.34000867178807925f,1.2247086188465577f,0f,0f,0f,1f],start_interpolation:0}
execute if entity @s[tag=aj.rakshasa_great_katana.bone.bone2] run data modify entity @s {} merge value {transformation:[0.15837246974563002f,0.7605297064694949f,-0.6296925649903238f,2.7036126474720126f,-0.5439117068068043f,-0.46505771522865386f,-0.6984850583260983f,-0.9942531453439623f,-0.8240620219529462f,0.4531179615549661f,0.34000867178807925f,1.495824734230152f,0f,0f,0f,1f],start_interpolation:0}
execute if entity @s[tag=aj.rakshasa_great_katana.bone.bone3] run data modify entity @s {} merge value {transformation:[0.3498156311010232f,0.6936254737488377f,-0.6296925649903238f,2.9147175788290993f,-0.6457441585987f,-0.3084365492785244f,-0.6984850583260983f,-1.1134262602165466f,-0.6787072313398829f,0.650961287048513f,0.34000867178807925f,1.6419697291632271f,0f,0f,0f,1f],start_interpolation:0}
execute if entity @s[tag=aj.rakshasa_great_katana.bone.bone7] run data modify entity @s {} merge value {transformation:[0.5886264787968207f,0.45014728159082545f,-0.6714806723470497f,3.0778501126105624f,-0.7146233687128112f,-0.09857560536213708f,-0.6925289098059673f,-1.1702881944042747f,-0.37793161993779933f,0.8874966337422795f,0.2636615553077706f,1.7817305239766845f,0f,0f,0f,1f],start_interpolation:0}
execute if entity @s[tag=aj.rakshasa_great_katana.bone.bone10] run data modify entity @s {} merge value {transformation:[0.32324802699003463f,0.6604975782566168f,-0.6776825674046765f,3.0398685474666713f,-0.755606130603643f,-0.2509825433213482f,-0.6050348240739023f,-1.1561151461534847f,-0.5697105303934973f,0.7076374156763416f,0.4179464074419925f,1.7214668500064416f,0f,0f,0f,1f],start_interpolation:0}
execute if entity @s[tag=aj.rakshasa_great_katana.bone.bone4] run data modify entity @s {} merge value {transformation:[0.48763077254496323f,0.6604975782566168f,-0.5709283482052248f,3.044356859215376f,-0.5732649406318304f,-0.2509825433213482f,-0.7799840195736905f,-1.1533313839438837f,-0.6584706048940878f,0.7076374156763416f,0.2562532934916587f,1.718264866517557f,0f,0f,0f,1f],start_interpolation:0}
execute if entity @s[tag=aj.rakshasa_great_katana.bone.bone11] run data modify entity @s {} merge value {transformation:[0.7109640966006017f,0.5277337505610623f,-0.4647872006237313f,3.0778501126105624f,-0.5465041051032795f,-0.0013145839262966516f,-0.8374553928266055f,-1.1702881944042747f,-0.4425644771670607f,0.8494088299446003f,0.2874740391096056f,1.7817305239766845f,0f,0f,0f,1f],start_interpolation:0}
execute if entity @s[tag=aj.rakshasa_great_katana.bone.bone5] run data modify entity @s {} merge value {transformation:[0.40893792036573345f,0.6604975782566168f,-0.6296925649903238f,3.0145801703376565f,-0.6701689236626348f,-0.2509825433213482f,-0.6984850583260983f,-1.1685295623563319f,-0.6193895309446344f,0.7076374156763416f,0.34000867178807925f,1.6937464179516475f,0f,0f,0f,1f],start_interpolation:0}
execute if entity @s[tag=aj.rakshasa_great_katana.bone.bone8] run data modify entity @s {} merge value {transformation:[0.3498156311010232f,0.8817992905302703f,-0.3163210954990267f,2.9974597664443703f,-0.6457441585987f,-0.017659555380876324f,-0.7633496064971844f,-1.1847264391323882f,-0.6787072313398829f,0.4712941240075682f,0.5632391524058755f,1.720839131471859f,0f,0f,0f,1f],start_interpolation:0}
execute if entity @s[tag=aj.rakshasa_great_katana.bone.bone9] run data modify entity @s {} merge value {transformation:[0.6296925649903237f,0.7667139608143608f,0.12504789437755992f,3.0348387996426873f,0.6984850583260981f,-0.4883401787638558f,-0.523108490755094f,-1.1717020987816542f,-0.3400086717880794f,0.41674161310965796f,-0.8430424253924981f,1.7072721434456626f,0f,0f,0f,1f],start_interpolation:0}
execute if entity @s[tag=aj.rakshasa_great_katana.bone.bone6] run data modify entity @s {} merge value {transformation:[0.34981563110102315f,0.8508745779823476f,-0.3919712703512269f,3.0245168688462982f,-0.6457441585987f,-0.08412265737148136f,-0.7589056991171017f,-1.1547134092824387f,-0.678707231339883f,0.5185902342506286f,0.5200198679539354f,1.7062293838559652f,0f,0f,0f,1f],start_interpolation:0}
execute if entity @s[tag=aj.rakshasa_great_katana.locator_origin.rakshasa0] at @s on origin run tp @s ^-0.14216 ^0.90329 ^0.12366 ~-118.36726 ~-44.30559
execute if entity @s[tag=aj.rakshasa_great_katana.locator_origin.rakshasa1] at @s on origin run tp @s ^0.43887 ^0.50424 ^0.37992 ~-118.36726 ~-44.30559
execute if entity @s[tag=aj.rakshasa_great_katana.locator_origin.rakshasa2] at @s on origin run tp @s ^1.01989 ^0.10518 ^0.63618 ~-118.36726 ~-44.30559
execute if entity @s[tag=aj.rakshasa_great_katana.locator_origin.rakshasa3] at @s on origin run tp @s ^1.60091 ^-0.29387 ^0.89244 ~-118.36726 ~-44.30559
execute if entity @s[tag=aj.rakshasa_great_katana.locator_origin.rakshasa4] at @s on origin run tp @s ^2.17832 ^-0.66302 ^1.20346 ~-118.36726 ~-44.30559
execute if entity @s[tag=aj.rakshasa_great_katana.locator_origin.rakshasa5] at @s on origin run tp @s ^2.75573 ^-1.03216 ^1.51448 ~-118.36726 ~-44.30559
execute if entity @s[tag=aj.rakshasa_great_katana.bone.rakshasa_great_katana] run data modify entity @s {} merge value {transformation:[0.08782588124871213f,1.1781820169284953f,-0.9576574425894508f,0.3010549013085561f,-0.7278043029937862f,-0.8091955799569571f,-1.0622793595376079f,0.5975165627370402f,-1.3324869751349893f,0.5196380241496996f,0.5170965216777039f,0.31631506108179963f,0f,0f,0f,1f],start_interpolation:0}
execute if entity @s[tag=aj.rakshasa_great_katana.bone.left_arm2] run data modify entity @s {} merge value {transformation:[0.9213413694534739f,-0.2914357628139595f,0.2572844283796491f,-0.2910684135329625f,0.2574448384409027f,0.953300700610867f,0.15792380876539008f,1.0475637741013362f,-0.2912940715046132f,-0.07926519013965425f,0.9533440058753134f,0.13932982793008805f,0f,0f,0f,1f],start_interpolation:0}
execute if entity @s[tag=aj.rakshasa_great_katana.bone.left_arm] run data modify entity @s {} merge value {transformation:[0.9213413694534739f,-0.2856157289992396f,0.26373042350443787f,-0.24235169439036458f,0.2574448384409027f,0.956590579670106f,0.1365892310782517f,1.302303391862172f,-0.2912940715046132f,-0.05794927294318253f,0.9548767698879378f,0.08943567301003942f,0f,0f,0f,1f],start_interpolation:0}
execute if entity @s[tag=aj.rakshasa_great_katana.bone.head] run data modify entity @s {} merge value {transformation:[0.9831699949639762f,0.045413945778954225f,0.17695856727302423f,0.007906001507984095f,0.056303159069944556f,0.846146334466066f,-0.5299682395657168f,1.445563233068422f,-0.17380079194664144f,0.5310121977868557f,0.8293487387826025f,0.09286583936310312f,0f,0f,0f,1f],start_interpolation:0}
execute if entity @s[tag=aj.rakshasa_great_katana.bone.body_top] run data modify entity @s {} merge value {transformation:[0.9955619705202027f,0.009510979257725228f,0.09362640721233649f,0.004161053425254787f,0.008198632176166487f,0.9823317089544927f,-0.1869684358735071f,1.0587701226675905f,-0.093750441515606f,0.1869062729180188f,0.9778941148506437f,0.019271494401633213f,0f,0f,0f,1f],start_interpolation:0}
execute if entity @s[tag=aj.rakshasa_great_katana.locator_origin.player_camera] at @s on origin run tp @s ^0.0005 ^0.06475 ^-0.10652 ~174.53101 ~-10.77592
execute if entity @s[tag=aj.rakshasa_great_katana.bone.body] run data modify entity @s {} merge value {transformation:[0.9955619705202027f,0.009510979257725228f,0.09362640721233649f,0f,0.008198632176166487f,0.9823317089544927f,-0.1869684358735071f,0.629f,-0.093750441515606f,0.1869062729180188f,0.9778941148506437f,-0.06250000000000001f,0f,0f,0f,1f],start_interpolation:0}
execute if entity @s[tag=aj.rakshasa_great_katana.bone.right_leg2] run data modify entity @s {} merge value {transformation:[0.9775813900812615f,-0.18902410019454793f,0.09276052669336099f,0.19670057775749977f,0.2017476450542475f,0.7147803983169563f,-0.6696169575936072f,0.42103809676901494f,0.06027033666617115f,0.6733192940407209f,0.7368911824622761f,-0.2678380178484874f,0f,0f,0f,1f],start_interpolation:0}
execute if entity @s[tag=aj.rakshasa_great_katana.bone.right_leg] run data modify entity @s {} merge value {transformation:[0.9775813900812615f,-0.1995146511513037f,0.06729435149224508f,0.125f,0.2017476450542475f,0.796067904642741f,-0.5705907280291025f,0.707125f,0.06027033666617115f,0.5713753540131823f,0.8184727798433232f,-0.06250000000000001f,0f,0f,0f,1f],start_interpolation:0}
execute if entity @s[tag=aj.rakshasa_great_katana.bone.left_leg2] run data modify entity @s {} merge value {transformation:[0.9914773818843698f,0.12242957290040227f,-0.04453763454810447f,-0.17109494524116148f,-0.12424600092451944f,0.9914208072545552f,-0.040592045981823366f,0.39150472814382387f,0.03918587074418198f,0.04577971845862788f,0.9981826911502067f,0.10305811862197449f,0f,0f,0f,1f],start_interpolation:0}
execute if entity @s[tag=aj.rakshasa_great_katana.bone.left_leg] run data modify entity @s {} merge value {transformation:[0.9914773818843698f,0.12826419545366674f,0.02282317629820619f,-0.125f,-0.12424600092451944f,0.8782477129910988f,0.46178337549133225f,0.707125f,0.03918587074418198f,-0.4606834605133204f,0.8866990564692692f,-0.06250000000000001f,0f,0f,0f,1f],start_interpolation:0}