execute if entity @s[tag=aj.rakshasa_great_katana.bone.right_arm2] run data modify entity @s {} merge value {transformation:[0.28572201516999607f,0.9203245460945447f,-0.2671435192982737f,-0.06528512460134486f,-0.6420436157238089f,0.3907885271965399f,0.6595940588876295f,1.148970449367637f,0.7114372253090887f,-0.016942752652083864f,0.7025453847098246f,0.9123453607928861f,0f,0f,0f,1f],start_interpolation:0}
execute if entity @s[tag=aj.rakshasa_great_katana.bone.right_arm] run data modify entity @s {} merge value {transformation:[0.4584852309948446f,0.8475999251159341f,-0.2671435192982737f,0.14661485667763866f,-0.5542433841654406f,0.50769080018155f,0.6595940588876295f,1.2758931494130243f,0.6946981819959256f,-0.15435160625818112f,0.7025453847098246f,0.8737574592283408f,0f,0f,0f,1f],start_interpolation:0}
execute if entity @s[tag=aj.rakshasa_great_katana.bone.slash] run data modify entity @s {} merge value {transformation:[0.0000063225207621895335f,0.00003273152766651016f,0.000024995678405261858f,0.6938170883145125f,-0.000025711489315459328f,0.000022891956816249314f,-0.00002347314937146503f,0.9003496971851941f,-0.000032172288689240234f,-0.00001186239945586761f,0.000023671468707216476f,0.9980127384531445f,0f,0f,0f,1f],start_interpolation:0}
execute if entity @s[tag=aj.rakshasa_great_katana.bone.bone0] run data modify entity @s {} merge value {transformation:[-0.27992233559842816f,-0.8033145166519476f,0.5256703086244913f,-2.1314719410345844f,0.4549776077055215f,-0.5931698814783101f,-0.6641873743105688f,-0.15206268045964988f,0.8453631542240774f,0.05324733836779232f,0.5315316156514724f,0.9487886651176113f,0f,0f,0f,1f],start_interpolation:0}
execute if entity @s[tag=aj.rakshasa_great_katana.bone.bone1] run data modify entity @s {} merge value {transformation:[-0.3146959986386885f,-0.7903398984433405f,0.5256703086244913f,-2.781678324985984f,0.4286708630041165f,-0.6124511596998881f,-0.6641873743105688f,-0.6448212957287128f,0.8468811720968321f,0.01632243581182803f,0.5315316156514724f,0.976087398155517f,0f,0f,0f,1f],start_interpolation:0}
execute if entity @s[tag=aj.rakshasa_great_katana.bone.bone2] run data modify entity @s {} merge value {transformation:[-0.34887061995938884f,-0.7758608233180633f,0.5256703086244913f,-3.27928476840329f,0.4015481189509241f,-0.6305666023295289f,-0.6641873743105688f,-1.036246832545011f,0.8467871035249213f,-0.02063353742841066f,0.5315316156514724f,0.9790919854680351f,0f,0f,0f,1f],start_interpolation:0}
execute if entity @s[tag=aj.rakshasa_great_katana.bone.bone3] run data modify entity @s {} merge value {transformation:[-0.5377906992758889f,-0.6591296461266036f,0.5256703086244913f,-3.4904908745908987f,0.22466305270402287f,-0.7130088670950321f,-0.6641873743105688f,-1.2230957011595356f,0.812593180208928f,-0.23909509622925346f,0.5315316156514724f,0.9544878414625354f,0f,0f,0f,1f],start_interpolation:0}
execute if entity @s[tag=aj.rakshasa_great_katana.bone.bone7] run data modify entity @s {} merge value {transformation:[-0.7490918151892418f,-0.3558034943323359f,0.5588070560017878f,-3.6441642757967134f,-0.06529508446191978f,-0.7997630278123605f,-0.5967542637380279f,-1.3711034972858023f,0.659240475366612f,-0.48351108856499253f,0.5758637190109299f,0.892385015825523f,0f,0f,0f,1f],start_interpolation:0}
execute if entity @s[tag=aj.rakshasa_great_katana.bone.bone10] run data modify entity @s {} merge value {transformation:[-0.5195026006763833f,-0.6097499109882384f,0.5986001118779621f,-3.6113927234586263f,0.07358840641143867f,-0.7298763283188485f,-0.6796067184788721f,-1.3127842810408639f,0.8512941878882404f,-0.30900742937610876f,0.42404317499291316f,0.920670689970198f,0f,0f,0f,1f],start_interpolation:0}
execute if entity @s[tag=aj.rakshasa_great_katana.bone.bone4] run data modify entity @s {} merge value {transformation:[-0.6567300881721717f,-0.6097499109882384f,0.4437461406471116f,-3.615631399441147f,0.24697610419022398f,-0.7298763283188485f,-0.6374036000202821f,-1.3085768055574747f,0.7125365922171231f,-0.30900742937610876f,0.6299254029978298f,0.9190966033689792f,0f,0f,0f,1f],start_interpolation:0}
execute if entity @s[tag=aj.rakshasa_great_katana.bone.bone11] run data modify entity @s {} merge value {transformation:[-0.8451112267928882f,-0.41808283620559084f,0.33315725478954794f,-3.6441642757967134f,0.08000912863361065f,-0.715099172962743f,-0.6944290548092664f,-1.3711034972858023f,0.5285693461447694f,-0.5602141687768077f,0.637788782762602f,0.892385015825523f,0f,0f,0f,1f],start_interpolation:0}
execute if entity @s[tag=aj.rakshasa_great_katana.bone.bone5] run data modify entity @s {} merge value {transformation:[-0.5931911771768581f,-0.6097499109882384f,0.5256703086244913f,-3.592158436464284f,0.16166532456352017f,-0.7298763283188485f,-0.6641873743105688f,-1.2961769020007896f,0.788662507130461f,-0.30900742937610876f,0.5315316156514724f,0.95094079512396f,0f,0f,0f,1f],start_interpolation:0}
execute if entity @s[tag=aj.rakshasa_great_katana.bone.bone8] run data modify entity @s {} merge value {transformation:[-0.5377906992758889f,-0.8101217073246127f,0.23341804363374313f,-3.575307216471117f,0.22466305270402287f,-0.40456079467343536f,-0.8864858014446184f,-1.3277662982010017f,0.812593180208928f,-0.4243034088180909f,0.39957344849637916f,0.9536991651325257f,0f,0f,0f,1f],start_interpolation:0}
execute if entity @s[tag=aj.rakshasa_great_katana.bone.bone9] run data modify entity @s {} merge value {transformation:[-0.5256703086244912f,-0.7903398984433405f,-0.3146959986386884f,-3.6109683861479f,0.6641873743105688f,-0.612451159699888f,0.4286708630041163f,-1.3092350723088977f,-0.5315316156514721f,0.016322435811828025f,0.8468811720968321f,0.9420474110699354f,0f,0f,0f,1f],start_interpolation:0}
execute if entity @s[tag=aj.rakshasa_great_katana.bone.bone6] run data modify entity @s {} merge value {transformation:[-0.5377906992758889f,-0.7866952266822079f,0.3031365766247603f,-3.5978946125448257f,0.2246630527040229f,-0.48028364716961836f,-0.8478526587863946f,-1.2992269969610941f,0.812593180208928f,-0.38786368556089146f,0.43503342963623204f,0.9308599160225015f,0f,0f,0f,1f],start_interpolation:0}
execute if entity @s[tag=aj.rakshasa_great_katana.locator_origin.rakshasa0] at @s on origin run tp @s ^-0.31021 ^1.13563 ^0.75668 ~135.31765 ~-41.62001
execute if entity @s[tag=aj.rakshasa_great_katana.locator_origin.rakshasa1] at @s on origin run tp @s ^-0.92128 ^0.70606 ^0.82424 ~135.31765 ~-41.62001
execute if entity @s[tag=aj.rakshasa_great_katana.locator_origin.rakshasa2] at @s on origin run tp @s ^-1.53235 ^0.27649 ^0.89179 ~135.31765 ~-41.62001
execute if entity @s[tag=aj.rakshasa_great_katana.locator_origin.rakshasa3] at @s on origin run tp @s ^-2.14342 ^-0.15308 ^0.95934 ~135.31765 ~-41.62001
execute if entity @s[tag=aj.rakshasa_great_katana.locator_origin.rakshasa4] at @s on origin run tp @s ^-2.7392 ^-0.61267 ^0.97426 ~135.31765 ~-41.62001
execute if entity @s[tag=aj.rakshasa_great_katana.locator_origin.rakshasa5] at @s on origin run tp @s ^-3.33498 ^-1.07227 ^0.98917 ~135.31765 ~-41.62001
execute if entity @s[tag=aj.rakshasa_great_katana.bone.rakshasa_great_katana] run data modify entity @s {} merge value {transformation:[-0.3720198997339703f,-1.2391141362814744f,0.7994569276997472f,-0.7769189087430737f,0.7306361291044547f,-0.8710716949830192f,-1.010118298430657f,0.8095891823150824f,1.2809004913836837f,0.1369827990829555f,0.8083709988032811f,0.8108299668267751f,0f,0f,0f,1f],start_interpolation:0}
execute if entity @s[tag=aj.rakshasa_great_katana.bone.left_arm2] run data modify entity @s {} merge value {transformation:[0.1517404982925488f,0.7855566639962437f,0.5998962817262845f,-0.3768812583968957f,-0.6170757435710238f,0.5494069635899834f,-0.5633555849151607f,1.1204638780441865f,-0.7721349285417656f,-0.2846975869408226f,0.5681152489731953f,0.6966861323449458f,0f,0f,0f,1f],start_interpolation:0}
execute if entity @s[tag=aj.rakshasa_great_katana.bone.left_arm] run data modify entity @s {} merge value {transformation:[0.7731096663657211f,0.14043575293618193f,0.6185299047492621f,-0.25336552470397167f,0.2983728494966517f,0.7800177219841773f,-0.550041813023213f,1.3070426697554103f,-0.5597098234399072f,0.6097951727325024f,0.5611370250277607f,0.7434268760467269f,0f,0f,0f,1f],start_interpolation:0}
execute if entity @s[tag=aj.rakshasa_great_katana.bone.head] run data modify entity @s {} merge value {transformation:[0.9998385381700815f,-0.01598629614032725f,0.008205847039064365f,-0.01289999168497859f,0.016525065784567448f,0.9973793332204884f,-0.07043711994019716f,1.3931078779103832f,-0.0070583135896955945f,0.07056134919605606f,0.997482469123594f,0.8701583372873825f,0f,0f,0f,1f],start_interpolation:0}
execute if entity @s[tag=aj.rakshasa_great_katana.bone.body_top] run data modify entity @s {} merge value {transformation:[0.9957271467556708f,-0.015518786989447827f,-0.09103085446257811f,-0.006789469307883508f,-0.012087198223637947f,0.9553936578015726f,-0.29508788228531885f,1.0169216251510138f,0.09154970700615822f,0.2949273230524901f,0.9511238222566917f,0.7540307038354644f,0f,0f,0f,1f],start_interpolation:0}
execute if entity @s[tag=aj.rakshasa_great_katana.locator_origin.player_camera] at @s on origin run tp @s ^0.00304 ^0.04308 ^0.51855 ~-174.53295 ~-17.16281
execute if entity @s[tag=aj.rakshasa_great_katana.bone.body] run data modify entity @s {} merge value {transformation:[0.9957271467556708f,-0.015518786989447827f,-0.09103085446257811f,-8.326672684688674e-17f,-0.012087198223637947f,0.9553936578015726f,-0.29508788228531885f,0.5989368998628257f,0.09154970700615822f,0.2949273230524901f,0.9511238222566917f,0.625f,0f,0f,0f,1f],start_interpolation:0}
execute if entity @s[tag=aj.rakshasa_great_katana.bone.right_leg2] run data modify entity @s {} merge value {transformation:[0.9907486321540393f,-0.0793388842968312f,-0.11010217674248854f,0.12421292614582138f,0.07786486910453942f,0.9968080246575004f,-0.01763020526668141f,0.3817738498777743f,0.11114949412495359f,0.008894010172380784f,0.9937638987902612f,0.8401610216373375f,0f,0f,0f,1f],start_interpolation:0}
execute if entity @s[tag=aj.rakshasa_great_katana.bone.right_leg] run data modify entity @s {} merge value {transformation:[0.9907486321540393f,0.0021901185507576387f,-0.13569211939399348f,0.12499999999999992f,0.07786486910453942f,0.8097429033281183f,0.5815956436125383f,0.6727752057613168f,0.11114949412495359f,-0.5867807374910013f,0.8020811405744954f,0.629286694101509f,0f,0f,0f,1f],start_interpolation:0}
execute if entity @s[tag=aj.rakshasa_great_katana.bone.left_leg2] run data modify entity @s {} merge value {transformation:[0.9957270512525135f,-0.03629885753550227f,-0.08491190932720598f,-0.12377388444267635f,-0.036743646934813454f,0.6878476107563287f,-0.7249245262692801f,0.35284563567021243f,0.0847203860585167f,0.7249469341396152f,0.6835747207640642f,0.4656884649902493f,0f,0f,0f,1f],start_interpolation:0}
execute if entity @s[tag=aj.rakshasa_great_katana.bone.left_leg] run data modify entity @s {} merge value {transformation:[0.9957270512525135f,-0.003411799811683422f,-0.09228217068328712f,-0.12500000000000008f,-0.036743646934813454f,0.9021669960142283f,-0.42981928262072316f,0.6770618998628257f,0.0847203860585167f,0.4313734703533683f,0.8981867207108929f,0.620713305898491f,0f,0f,0f,1f],start_interpolation:0}