execute if entity @s[tag=aj.rakshasa_great_katana.bone.right_arm2] run data modify entity @s {} merge value {transformation:[0.02482801197970902f,0.9342145512390035f,-0.3558465147706837f,-0.03498165759109115f,-0.5677234910678852f,0.30616336225050456f,0.7641688513052327f,1.1877461545498054f,0.8228448259002592f,0.18304963225522558f,0.5379769740615284f,0.7572151922683517f,0f,0f,0f,1f],start_interpolation:0}
execute if entity @s[tag=aj.rakshasa_great_katana.bone.right_arm] run data modify entity @s {} merge value {transformation:[0.3046026294172788f,0.8835103259598256f,-0.3558465147706837f,0.18589592389886525f,-0.44938241814494745f,0.46271093455530143f,0.7641688513052327f,1.3034238881886306f,0.8398051443128217f,-0.07285667413025379f,0.5379769740615284f,0.7390010237357882f,0f,0f,0f,1f],start_interpolation:0}
execute if entity @s[tag=aj.rakshasa_great_katana.bone.slash] run data modify entity @s {} merge value {transformation:[-0.000015102295950641911f,0.00001758590561543248f,0.000034623224746049235f,0.6864752754873009f,-0.000023665138287444258f,0.000025286481443846573f,-0.000023166057004532606f,1.054450010049679f,-0.00003078949492873301f,-0.000028061377211145838f,8.229350876103913e-7f,-0.007144144121782825f,0f,0f,0f,1f],start_interpolation:0}
execute if entity @s[tag=aj.rakshasa_great_katana.bone.bone0] run data modify entity @s {} merge value {transformation:[0.1997851257105581f,-0.7166715529413767f,0.668182451692209f,-1.7496313831539498f,0.21437500606359428f,-0.6334388153065572f,-0.7435042864962237f,-0.1498031351090554f,0.9561010722303629f,0.29178271447709153f,0.027084815161445727f,1.2737850804942266f,0f,0f,0f,1f],start_interpolation:0}
execute if entity @s[tag=aj.rakshasa_great_katana.bone.bone1] run data modify entity @s {} merge value {transformation:[0.1683342004581741f,-0.7247039452125918f,0.668182451692209f,-2.3382985884697347f,0.18654075550233756f,-0.642186828343869f,-0.7435042864962237f,-0.6708259564786982f,0.9679184591135368f,0.24980045895663594f,0.027084815161445727f,1.4936276525230205f,0f,0f,0f,1f],start_interpolation:0}
execute if entity @s[tag=aj.rakshasa_great_katana.bone.bone2] run data modify entity @s {} merge value {transformation:[0.13656284148772752f,-0.7313568223346151f,0.668182451692209f,-2.7985336503950715f,0.15835141401069874f,-0.6497124022539149f,-0.7435042864962237f,-1.0789805876525558f,0.9778933581968993f,0.20734269406482653f,0.027084815161445727f,1.6433895828430427f,0f,0f,0f,1f],start_interpolation:0}
execute if entity @s[tag=aj.rakshasa_great_katana.bone.bone3] run data modify entity @s {} merge value {transformation:[-0.05737949888144278f,-0.7417815071560511f,0.668182451692209f,-3.0079477138384836f,-0.015202223120296593f,-0.6685583507622512f,-0.7435042864962237f,-1.2658382780995392f,0.9982366881257743f,-0.052819762091049716f,0.027084815161445727f,1.6802112673324963f,0f,0f,0f,1f],start_interpolation:0}
execute if entity @s[tag=aj.rakshasa_great_katana.bone.bone7] run data modify entity @s {} merge value {transformation:[-0.33687923782574625f,-0.6025983509828406f,0.7234553244774032f,-3.1826645796509556f,-0.26989122719555386f,-0.6743221329869473f,-0.6873488098824433f,-1.40250724750319f,0.9020371969075452f,-0.4268077885379953f,0.06452911775689843f,1.667013066423681f,0f,0f,0f,1f],start_interpolation:0}
execute if entity @s[tag=aj.rakshasa_great_katana.bone.bone10] run data modify entity @s {} merge value {transformation:[-0.03355424392008542f,-0.7339578517278617f,0.6783656717449469f,-3.1361646971379993f,-0.1698317980956196f,-0.6646893233468512f,-0.7275611752865275f,-1.3512122858264355f,0.984901656547779f,-0.13962082694113537f,-0.10234623399868407f,1.688962390348398f,0f,0f,0f,1f],start_interpolation:0}
execute if entity @s[tag=aj.rakshasa_great_katana.bone.bone4] run data modify entity @s {} merge value {transformation:[-0.2079848661753706f,-0.7339578517278617f,0.646566444635843f,-3.1403177421103705f,0.02426176873565715f,-0.6646893233468512f,-0.7467258332256371f,-1.3469992003073217f,0.9778311009677642f,-0.13962082694113537f,0.15605243562483373f,1.6907369608661136f,0f,0f,0f,1f],start_interpolation:0}
execute if entity @s[tag=aj.rakshasa_great_katana.bone.bone11] run data modify entity @s {} merge value {transformation:[-0.4735150066553593f,-0.6880015730748902f,0.5499430642517923f,-3.1826645796509556f,-0.10256994673715072f,-0.5770569065610192f,-0.8102374544641617f,-1.40250724750319f,0.8747930866773652f,-0.44006722445179086f,0.20267682024539482f,1.667013066423681f,0f,0f,0f,1f],start_interpolation:0}
execute if entity @s[tag=aj.rakshasa_great_katana.bone.bone5] run data modify entity @s {} merge value {transformation:[-0.12181167077751745f,-0.7339578517278617f,0.668182451692209f,-3.1035038934655734f,-0.07341307370248062f,-0.6646893233468512f,-0.7435042864962237f,-1.3415335535804116f,0.9898345505547597f,-0.13962082694113537f,0.027084815161445727f,1.7090032522650493f,0f,0f,0f,1f],start_interpolation:0}
execute if entity @s[tag=aj.rakshasa_great_katana.bone.bone8] run data modify entity @s {} merge value {transformation:[-0.05737949888144278f,-0.9410191061165455f,0.3334525978782166f,-3.0897666641279473f,-0.015202223120296593f,-0.3331406042242137f,-0.942754597034311f,-1.3717894299730722f,0.9982366881257743f,-0.05916400713899245f,0.004809858515800732f,1.695389558919973f,0f,0f,0f,1f],start_interpolation:0}
execute if entity @s[tag=aj.rakshasa_great_katana.bone.bone9] run data modify entity @s {} merge value {transformation:[-0.6681824516922089f,-0.7247039452125918f,0.1683342004581742f,-3.1251520667324684f,0.7435042864962236f,-0.642186828343869f,0.1865407555023374f,-1.3530502557840605f,-0.027084815161445515f,0.24980045895663594f,0.9679184591135368f,1.7075388536215386f,0f,0f,0f,1f],start_interpolation:0}
execute if entity @s[tag=aj.rakshasa_great_katana.bone.bone6] run data modify entity @s {} merge value {transformation:[-0.057379498881442725f,-0.9083759354771241f,0.414198929204523f,-3.118477628849097f,-0.015202223120296565f,-0.4140393807805367f,-0.9101320143666356f,-1.3398419801626875f,0.9982366881257743f,-0.05851966343827063f,0.009948038538138772f,1.6942257582685047f,0f,0f,0f,1f],start_interpolation:0}
execute if entity @s[tag=aj.rakshasa_great_katana.locator_origin.rakshasa0] at @s on origin run tp @s ^-0.16362 ^1.24875 ^0.53849 ~92.32122 ~-48.03079
execute if entity @s[tag=aj.rakshasa_great_katana.locator_origin.rakshasa1] at @s on origin run tp @s ^-0.69407 ^0.78114 ^0.7884 ~92.32122 ~-48.03079
execute if entity @s[tag=aj.rakshasa_great_katana.locator_origin.rakshasa2] at @s on origin run tp @s ^-1.22453 ^0.31352 ^1.03831 ~92.32122 ~-48.03079
execute if entity @s[tag=aj.rakshasa_great_katana.locator_origin.rakshasa3] at @s on origin run tp @s ^-1.75498 ^-0.15409 ^1.28821 ~92.32122 ~-48.03079
execute if entity @s[tag=aj.rakshasa_great_katana.locator_origin.rakshasa4] at @s on origin run tp @s ^-2.29987 ^-0.63682 ^1.47922 ~92.32122 ~-48.03079
execute if entity @s[tag=aj.rakshasa_great_katana.locator_origin.rakshasa5] at @s on origin run tp @s ^-2.84475 ^-1.11955 ^1.67022 ~92.32122 ~-48.03079
execute if entity @s[tag=aj.rakshasa_great_katana.bone.rakshasa_great_katana] run data modify entity @s {} merge value {transformation:[0.3510931176946014f,-1.0756472979467049f,1.0161941452819012f,-0.5673667329154838f,0.36773929704180613f,-0.9482167943788761f,-1.1307461023796737f,0.8929512936678055f,1.4333301991852607f,0.5067561830462229f,0.041191489724698716f,0.7319970011079208f,0f,0f,0f,1f],start_interpolation:0}
execute if entity @s[tag=aj.rakshasa_great_katana.bone.left_arm2] run data modify entity @s {} merge value {transformation:[-0.3624551028154058f,0.42206173477037945f,0.8309573939051815f,-0.3365035006648096f,-0.5679633188986621f,0.6068755546523177f,-0.5559853681087825f,1.2279747052837822f,-0.7389478782895922f,-0.6734730530674999f,0.01975044210264939f,0.4500719202293011f,0f,0f,0f,1f],start_interpolation:0}
execute if entity @s[tag=aj.rakshasa_great_katana.bone.left_arm] run data modify entity @s {} merge value {transformation:[0.5115197821892232f,0.21876316404595658f,0.8309573939051815f,-0.23154543463253988f,0.7495773673651699f,0.35918524577555055f,-0.5559853681087825f,1.389019109787344f,-0.4200967540495768f,0.907264370111468f,0.01975044210264939f,0.5676718953690042f,0f,0f,0f,1f],start_interpolation:0}
execute if entity @s[tag=aj.rakshasa_great_katana.bone.head] run data modify entity @s {} merge value {transformation:[0.999026650457771f,0.0018595022133167417f,0.044071463858662174f,1.3878645038311981e-8f,-0.0018375839859750727f,0.999998167004516f,-0.0005378407781075067f,1.449138542874627f,-0.0440723831919852f,0.0004563322548072346f,0.9990282362379213f,0.7334998831726857f,0f,0f,0f,1f],start_interpolation:0}
execute if entity @s[tag=aj.rakshasa_great_katana.bone.body_top] run data modify entity @s {} merge value {transformation:[0.9914448662415288f,1.6696114431974385e-8f,-0.1305261552460527f,7.3045499807220665e-9f,-0.01703709622540763f,0.9914448636085738f,-0.12940950419649505f,1.058757127828751f,0.12940948402463837f,0.1305261752453361f,0.9829629204707065f,0.6821052016698346f,0f,0f,0f,1f],start_interpolation:0}
execute if entity @s[tag=aj.rakshasa_great_katana.locator_origin.player_camera] at @s on origin run tp @s ^-0.00816 ^0.05922 ^0.61301 ~-172.43603 ~-7.43547
execute if entity @s[tag=aj.rakshasa_great_katana.bone.body] run data modify entity @s {} merge value {transformation:[0.9914448662415288f,1.6696114431974385e-8f,-0.1305261552460527f,-8.326672684688674e-17f,-0.01703709622540763f,0.9914448636085738f,-0.12940950419649505f,0.625f,0.12940948402463837f,0.1305261752453361f,0.9829629204707065f,0.625f,0f,0f,0f,1f],start_interpolation:0}
execute if entity @s[tag=aj.rakshasa_great_katana.bone.right_leg2] run data modify entity @s {} merge value {transformation:[0.9926561223101344f,-0.0771707049844309f,-0.09315849468735195f,0.13227825785653582f,0.07624513985043829f,0.9969982569412625f,-0.01345935753560712f,0.39041286833471767f,0.09391752493222208f,0.006257631204388048f,0.9955603148791716f,0.80194219478951f,0f,0f,0f,1f],start_interpolation:0}
execute if entity @s[tag=aj.rakshasa_great_katana.bone.right_leg] run data modify entity @s {} merge value {transformation:[0.9926561223101344f,-0.020252543600795602f,-0.1192629754697799f,0.12499999999999992f,0.07624513985043829f,0.8701554968077421f,0.48684298292617795f,0.703125f,0.09391752493222208f,-0.4923608898490715f,0.8653093392871916f,0.625f,0f,0f,0f,1f],start_interpolation:0}
execute if entity @s[tag=aj.rakshasa_great_katana.bone.left_leg2] run data modify entity @s {} merge value {transformation:[0.9972818699528891f,-0.00867854800990861f,-0.0731679893649434f,-0.13106256952756629f,-0.0401791077931659f,0.7683425058463239f,-0.6387765125665916f,0.365139921885876f,0.061761728928308945f,0.6399800594660989f,0.7659053546787322f,0.5030175305713442f,0f,0f,0f,1f],start_interpolation:0}
execute if entity @s[tag=aj.rakshasa_great_katana.bone.left_leg] run data modify entity @s {} merge value {transformation:[0.9972818699528891f,0.016869758685401588f,-0.07172365791818677f,-0.12500000000000008f,-0.0401791077931659f,0.9404802173610407f,-0.3374649612174201f,0.703125f,0.061761728928308945f,0.33942948014930285f,0.9386016816761837f,0.625f,0f,0f,0f,1f],start_interpolation:0}