execute if entity @s[tag=aj.rakshasa_great_katana.bone.right_arm2] run data modify entity @s {} merge value {transformation:[0.921173869051022f,0.06225430500346116f,-0.384139433651515f,0.12030333794530682f,0.03625110232526251f,0.9691012015928717f,0.243985078747565f,0.9857299893704163f,0.38745910823953283f,-0.23867815689708216f,0.8904539161924314f,0.1688188858014095f,0f,0f,0f,1f],start_interpolation:0}
execute if entity @s[tag=aj.rakshasa_great_katana.bone.right_arm] run data modify entity @s {} merge value {transformation:[0.9207645331066856f,0.06804094419333714f,-0.384139433651515f,0.1373135739936411f,0.030161384392734344f,0.9693098432596556f,0.243985078747565f,1.2280574501853303f,0.3889511093496729f,-0.23623898423677017f,0.8904539161924314f,0.10975913974221695f,0f,0f,0f,1f],start_interpolation:0}
execute if entity @s[tag=aj.rakshasa_great_katana.bone.slash] run data modify entity @s {} merge value {transformation:[0.00003815238784213085f,-0.000012098928770204259f,0.000011581119793364618f,-0.15315187328886973f,0.00001101297620208246f,0.00003982984768652568f,0.000005329981196180907f,1.787720789271259f,-0.00001261827120595779f,-0.0000018194139146440264f,0.000039668376269910615f,0.9823958078228059f,0f,0f,0f,1f],start_interpolation:0}
execute if entity @s[tag=aj.rakshasa_great_katana.bone.bone0] run data modify entity @s {} merge value {transformation:[0.07175360652902618f,0.7778987623625063f,-0.6242795331139399f,1.6049546033047097f,-0.47475639120419566f,-0.5238075275213956f,-0.7072708414198133f,-0.312793730268041f,-0.8771874309181854f,0.3471299319085046f,0.3317273299147215f,0.8149873138941877f,0f,0f,0f,1f],start_interpolation:0}
execute if entity @s[tag=aj.rakshasa_great_katana.bone.bone1] run data modify entity @s {} merge value {transformation:[0.1056167804414136f,0.7740285267509405f,-0.6242795331139399f,2.2383981218797104f,-0.49715269176500704f,-0.5026003958893354f,-0.7072708414198133f,-0.7311815135393045f,-0.8612109478867521f,0.38506191947224716f,0.3317273299147215f,1.115029955968938f,0f,0f,0f,1f],start_interpolation:0}
execute if entity @s[tag=aj.rakshasa_great_katana.bone.bone2] run data modify entity @s {} merge value {transformation:[0.1392789068093654f,0.7686848838457988f,-0.6242795331139399f,2.7274878027833025f,-0.5186026339207319f,-0.4804365358377608f,-0.7072708414198133f,-1.045053776770286f,-0.8435951008679858f,0.4222609197867854f,0.3317273299147215f,1.3662482621393879f,0f,0f,0f,1f],start_interpolation:0}
execute if entity @s[tag=aj.rakshasa_great_katana.bone.bone3] run data modify entity @s {} merge value {transformation:[0.3334833807661861f,0.7064445479213468f,-0.6242795331139399f,2.941317572446035f,-0.6252778031234624f,-0.3298418193595307f,-0.7072708414198133f,-1.1691280630244099f,-0.7055611268159911f,0.6262112063144495f,0.3317273299147215f,1.504118795583686f,0f,0f,0f,1f],start_interpolation:0}
execute if entity @s[tag=aj.rakshasa_great_katana.bone.bone7] run data modify entity @s {} merge value {transformation:[0.5784430942966926f,0.46864356957018405f,-0.6676651790837856f,3.107225393074745f,-0.7039063640094401f,-0.12684430601596172f,-0.6988750623239739f,-1.2306207873713004f,-0.4122128301829978f,0.8742332221620525f,0.25650897820676394f,1.6385502755690227f,0f,0f,0f,1f],start_interpolation:0}
execute if entity @s[tag=aj.rakshasa_great_katana.bone.bone10] run data modify entity @s {} merge value {transformation:[0.30893135886038114f,0.6746913213903888f,-0.6703380015732134f,3.0680106113195253f,-0.7383884886438772f,-0.2740901203000505f,-0.6161631649101675f,-1.2145157953747978f,-0.5994529634182226f,0.6853219876776131f,0.4135092717880897f,1.5795755766501332f,0f,0f,0f,1f],start_interpolation:0}
execute if entity @s[tag=aj.rakshasa_great_katana.bone.bone4] run data modify entity @s {} merge value {transformation:[0.4719010195369294f,0.6746913213903888f,-0.567539468760101f,3.0724376106836795f,-0.5537537490462767f,-0.2740901203000505f,-0.7862769177402427f,-1.211644376462302f,-0.6860511738764095f,0.6853219876776131f,0.24426944145432083f,1.576365654109792f,0f,0f,0f,1f],start_interpolation:0}
execute if entity @s[tag=aj.rakshasa_great_katana.bone.bone11] run data modify entity @s {} merge value {transformation:[0.6998505044446004f,0.5456755162096079f,-0.46092027774661476f,3.107225393074745f,-0.534139544702145f,-0.02862336574504904f,-0.8449116224308966f,-1.2306207873713004f,-0.4742406754107279f,0.8375075724689317f,0.27143479482773303f,1.6385502755690227f,0f,0f,0f,1f],start_interpolation:0}
execute if entity @s[tag=aj.rakshasa_great_katana.bone.bone5] run data modify entity @s {} merge value {transformation:[0.39378507510510397f,0.6746913213903888f,-0.6242795331139399f,3.042103536062473f,-0.6516460410615663f,-0.2740901203000505f,-0.7072708414198133f,-1.2260156611993045f,-0.6482983509104854f,0.6853219876776131f,0.3317273299147215f,1.5520325441659453f,0f,0f,0f,1f],start_interpolation:0}
execute if entity @s[tag=aj.rakshasa_great_katana.bone.bone8] run data modify entity @s {} merge value {transformation:[0.3334833807661861f,0.8915710931660394f,-0.3064144588355261f,3.025517795326051f,-0.6252778031234624f,-0.0340732726662763f,-0.7796580538998528f,-1.2430026861331829f,-0.7055611268159911f,0.4515971633220504f,0.5461167443007271f,1.5789735233756224f,0f,0f,0f,1f],start_interpolation:0}
execute if entity @s[tag=aj.rakshasa_great_katana.bone.bone9] run data modify entity @s {} merge value {transformation:[0.6242795331139398f,0.7740285267509405f,0.10561678044141344f,3.0626362744005697f,0.7072708414198131f,-0.5026003958893354f,-0.49715269176500715f,-1.2296471037497625f,-0.33172732991472165f,0.3850619194722471f,-0.8612109478867519f,1.565018751471009f,0f,0f,0f,1f],start_interpolation:0}
execute if entity @s[tag=aj.rakshasa_great_katana.bone.bone6] run data modify entity @s {} merge value {transformation:[0.33348338076618605f,0.8614726162354382f,-0.3829540001478301f,3.0523423065145403f,-0.6252778031234624f,-0.10189529035361425f,-0.7737215382324889f,-1.2126121421659253f,-0.7055611268159913f,0.49747591025116134f,0.5046793190194411f,1.564719614668349f,0f,0f,0f,1f],start_interpolation:0}
execute if entity @s[tag=aj.rakshasa_great_katana.locator_origin.rakshasa0] at @s on origin run tp @s ^-0.14148 ^0.9 ^0.11416 ~-117.98512 ~-45.0133
execute if entity @s[tag=aj.rakshasa_great_katana.locator_origin.rakshasa1] at @s on origin run tp @s ^0.44374 ^0.49199 ^0.34556 ~-117.98512 ~-45.0133
execute if entity @s[tag=aj.rakshasa_great_katana.locator_origin.rakshasa2] at @s on origin run tp @s ^1.02896 ^0.08397 ^0.57697 ~-117.98512 ~-45.0133
execute if entity @s[tag=aj.rakshasa_great_katana.locator_origin.rakshasa3] at @s on origin run tp @s ^1.61417 ^-0.32404 ^0.80837 ~-117.98512 ~-45.0133
execute if entity @s[tag=aj.rakshasa_great_katana.locator_origin.rakshasa4] at @s on origin run tp @s ^2.19703 ^-0.70384 ^1.09549 ~-117.98512 ~-45.0133
execute if entity @s[tag=aj.rakshasa_great_katana.locator_origin.rakshasa5] at @s on origin run tp @s ^2.77989 ^-1.08363 ^1.38261 ~-117.98512 ~-45.0133
execute if entity @s[tag=aj.rakshasa_great_katana.bone.rakshasa_great_katana] run data modify entity @s {} merge value {transformation:[0.05741730677152859f,1.1866883398561228f,-0.9494251232774503f,0.304870422042723f,-0.6865898882387845f,-0.8273600418335164f,-1.0756410713259663f,0.5874779904541225f,-1.355814001266079f,0.4692336017428188f,0.5045019809119723f,0.2878129827639182f,0f,0f,0f,1f],start_interpolation:0}
execute if entity @s[tag=aj.rakshasa_great_katana.bone.left_arm2] run data modify entity @s {} merge value {transformation:[0.9156573082111403f,-0.29037429048490215f,0.2779468750407508f,-0.28961569210333477f,0.264311428849979f,0.9559163444766161f,0.12791954870834177f,1.0440400169592041f,-0.3028385089429869f,-0.043665933951456626f,0.9520410304778546f,0.13743458926755686f,0f,0f,0f,1f],start_interpolation:0}
execute if entity @s[tag=aj.rakshasa_great_katana.bone.left_arm] run data modify entity @s {} merge value {transformation:[0.9156573082111403f,-0.28329775567416143f,0.2851562300731166f,-0.24156061475994567f,0.264311428849979f,0.958829086318871f,0.1038568813714407f,1.3018186420484161f,-0.3028385089429869f,-0.019727261819678266f,0.9528376948055142f,0.09495590795829385f,0f,0f,0f,1f],start_interpolation:0}
execute if entity @s[tag=aj.rakshasa_great_katana.bone.head] run data modify entity @s {} merge value {transformation:[0.981933374881008f,0.050178185076362035f,0.18245272548590852f,0.00876136151436605f,0.05895119628612577f,0.8350968770765831f,-0.5469350622819612f,1.444963507791178f,-0.17980991004732916f,0.547809597980339f,0.8170514308226813f,0.09849400145757653f,0f,0f,0f,1f],start_interpolation:0}
execute if entity @s[tag=aj.rakshasa_great_katana.bone.body_top] run data modify entity @s {} merge value {transformation:[0.9952274144256553f,0.010539983776680962f,0.09701186689066611f,0.004611242902297921f,0.008499442544066465f,0.9810087311773569f,-0.19377726603044154f,1.0586913198900936f,-0.09721189768780945f,0.19367699423467855f,0.9762371990721083f,0.02223368497767185f,0f,0f,0f,1f],start_interpolation:0}
execute if entity @s[tag=aj.rakshasa_great_katana.locator_origin.player_camera] at @s on origin run tp @s ^0.00013 ^0.06557 ^-0.11043 ~174.32496 ~-11.1733
execute if entity @s[tag=aj.rakshasa_great_katana.bone.body] run data modify entity @s {} merge value {transformation:[0.9952274144256553f,0.010539983776680962f,0.09701186689066611f,0f,0.008499442544066465f,0.9810087311773569f,-0.19377726603044154f,0.6295f,-0.09721189768780945f,0.19367699423467855f,0.9762371990721083f,-0.06250000000000001f,0f,0f,0f,1f],start_interpolation:0}
execute if entity @s[tag=aj.rakshasa_great_katana.bone.right_leg2] run data modify entity @s {} merge value {transformation:[0.9775813900812615f,-0.18863388864265795f,0.09355149289208363f,0.19659864771166932f,0.20174764505424753f,0.7119692508202458f,-0.6726051394403133f,0.4223995408325698f,0.060270336666171154f,0.6764000605721494f,0.7340643327230516f,-0.26906829793941983f,0f,0f,0f,1f],start_interpolation:0}
execute if entity @s[tag=aj.rakshasa_great_katana.bone.right_leg] run data modify entity @s {} merge value {transformation:[0.9775813900812615f,-0.1992310197194277f,0.06812948369351748f,0.125f,0.20174764505424753f,0.7936708429006751f,-0.5739202739443843f,0.707625f,0.060270336666171154f,0.5747987420922986f,0.8160722349199595f,-0.06250000000000001f,0f,0f,0f,1f],start_interpolation:0}
execute if entity @s[tag=aj.rakshasa_great_katana.bone.left_leg2] run data modify entity @s {} merge value {transformation:[0.9914773818843698f,0.12242957290040225f,-0.0445376345481045f,-0.17107186101670968f,-0.12424600092451943f,0.9914208072545551f,-0.04059204598182359f,0.39246938749580973f,0.03918587074418198f,0.045779718458628105f,0.9981826911502066f,0.10394733147324918f,0f,0f,0f,1f],start_interpolation:0}
execute if entity @s[tag=aj.rakshasa_great_katana.bone.left_leg] run data modify entity @s {} merge value {transformation:[0.9914773818843698f,0.12819996108997472f,0.023181268046515244f,-0.125f,-0.12424600092451943f,0.8769547478377466f,0.46423410204238386f,0.707625f,0.03918587074418198f,-0.463157791925563f,0.8854091299013451f,-0.06250000000000001f,0f,0f,0f,1f],start_interpolation:0}