execute if entity @s[tag=aj.rakshasa_great_katana.bone.right_arm2] run data modify entity @s {} merge value {transformation:[0.9197303694873618f,0.12705352488244567f,-0.3714208519423575f,0.10288919767563225f,0.017443640313205604f,0.9320103735341762f,0.36201157859564226f,0.9915884689282554f,0.3921629340660134f,-0.33943197468658004f,0.8549819692280676f,0.1909136302678034f,0f,0f,0f,1f],start_interpolation:0}
execute if entity @s[tag=aj.rakshasa_great_katana.bone.right_arm] run data modify entity @s {} merge value {transformation:[0.9186337058949255f,0.1347540913522433f,-0.3714208519423575f,0.13657772051369307f,0.009635127671171098f,0.9321238014756684f,0.36201157859564226f,1.2246194192971724f,0.39499275779248866f,-0.3361347253503867f,0.8549819692280676f,0.1068799489302067f,0f,0f,0f,1f],start_interpolation:0}
execute if entity @s[tag=aj.rakshasa_great_katana.bone.slash] run data modify entity @s {} merge value {transformation:[0.000038755557891168224f,-0.000010139811506292314f,0.000011458711370493728f,-0.14958389050903684f,0.000007470232313463529f,0.000039771177083568975f,0.0000099277496786228f,1.884056966900956f,-0.000013353406787719212f,-0.00000717974979476108f,0.000038810421682293456f,0.8710517182397537f,0f,0f,0f,1f],start_interpolation:0}
execute if entity @s[tag=aj.rakshasa_great_katana.bone.bone0] run data modify entity @s {} merge value {transformation:[0.05678984114441671f,0.7483982211334814f,-0.6608139046259789f,1.5062758102131137f,-0.5882987853105176f,-0.5096838253552045f,-0.6277952989418245f,-0.300218176726573f,-0.8066470437217018f,0.42440841270588137f,0.41133690094557873f,1.0059442018348164f,0f,0f,0f,1f],start_interpolation:0}
execute if entity @s[tag=aj.rakshasa_great_katana.bone.bone1] run data modify entity @s {} merge value {transformation:[0.08938046171039545f,0.7452087737791364f,-0.6608139046259789f,2.1159309674849194f,-0.6099709514352547f,-0.48353748668713903f,-0.6277952989418245f,-0.7049103850998898f,-0.787366859519504f,0.4591899198053899f,0.41133690094557873f,1.3677029904942395f,0f,0f,0f,1f],start_interpolation:0}
execute if entity @s[tag=aj.rakshasa_great_katana.bone.bone2] run data modify entity @s {} merge value {transformation:[0.12180094148745507f,0.7406007791690048f,-0.6608139046259789f,2.586916622404053f,-0.6304820031854521f,-0.45647070693069053f,-0.6277952989418245f,-1.0057384879441083f,-0.7665878777492041f,0.4930973327939f,0.41133690094557873f,1.665209488485139f,0f,0f,0f,1f],start_interpolation:0}
execute if entity @s[tag=aj.rakshasa_great_katana.bone.bone3] run data modify entity @s {} merge value {transformation:[0.30933226151576115f,0.6838410162007776f,-0.6608139046259789f,2.7932088574420963f,-0.7271421623723688f,-0.2777360947499992f,-0.6277952989418245f,-1.1205682917961322f,-0.6128440484217661f,0.6747029911261004f,0.41133690094557873f,1.8213616988634023f,0f,0f,0f,1f],start_interpolation:0}
execute if entity @s[tag=aj.rakshasa_great_katana.bone.bone7] run data modify entity @s {} merge value {transformation:[0.5474803724315851f,0.45386297858131597f,-0.7030459718080095f,2.954697824723577f,-0.7780767630724358f,-0.03312786348073171f,-0.6272950624928609f,-1.1716323080969813f,-0.30799641648709675f,0.8904554684735769f,0.335003382216671f,1.965210100279638f,0f,0f,0f,1f],start_interpolation:0}
execute if entity @s[tag=aj.rakshasa_great_katana.bone.bone10] run data modify entity @s {} merge value {transformation:[0.2783561057111074f,0.6542787116686671f,-0.7031623182953817f,2.9168546618550004f,-0.8241209742195903f,-0.21330460981395383f,-0.5247149352586318f,-1.1615670364584025f,-0.4932975757741972f,0.7255484207751441f,0.479830168753481f,1.9040400886821678f,0f,0f,0f,1f],start_interpolation:0}
execute if entity @s[tag=aj.rakshasa_great_katana.bone.bone4] run data modify entity @s {} merge value {transformation:[0.4508631511848941f,0.6542787116686671f,-0.6071587818361983f,2.9214448914339792f,-0.6602335144905396f,-0.21330460981395383f,-0.7201339110023823f,-1.1593506215476888f,-0.6006780545742431f,0.7255484207751441f,0.33580554471836316f,1.9005523573261016f,0f,0f,0f,1f],start_interpolation:0}
execute if entity @s[tag=aj.rakshasa_great_katana.bone.bone11] run data modify entity @s {} merge value {transformation:[0.6775292079836679f,0.5358940384536638f,-0.5037576320799981f,2.954697824723577f,-0.623753464885297f,0.05573066886277381f,-0.7796317769252957f,-1.1716323080969813f,-0.3897252716627573f,0.8424438688114068f,0.3720249192318427f,1.965210100279638f,0f,0f,0f,1f],start_interpolation:0}
execute if entity @s[tag=aj.rakshasa_great_katana.bone.bone5] run data modify entity @s {} merge value {transformation:[0.3677558305590227f,0.6542787116686671f,-0.6608139046259789f,2.8906768283642377f,-0.7485814625400912f,-0.21330460981395383f,-0.6277952989418245f,-1.1753479170878611f,-0.5517077514691824f,0.7255484207751441f,0.41133690094557873f,1.8778322565782384f,0f,0f,0f,1f],start_interpolation:0}
execute if entity @s[tag=aj.rakshasa_great_katana.bone.bone8] run data modify entity @s {} merge value {transformation:[0.30933226151576115f,0.8846692515364643f,-0.3488178140110628f,2.873040347561012f,-0.7271421623723688f,-0.01634783355741473f,-0.6862922293297619f,-1.1878686712997188f,-0.6128440484217661f,0.46593246691327556f,0.6382234002213716f,1.9064966496731561f,0f,0f,0f,1f],start_interpolation:0}
execute if entity @s[tag=aj.rakshasa_great_katana.bone.bone9] run data modify entity @s {} merge value {transformation:[0.6608139046259788f,0.7452087737791364f,0.08938046171039528f,2.910888967326204f,0.6277952989418243f,-0.48353748668713903f,-0.6099709514352547f,-1.17820510488299f,-0.41133690094557884f,0.45918991980538987f,-0.7873668595195038f,1.8914971098637159f,0f,0f,0f,1f],start_interpolation:0}
execute if entity @s[tag=aj.rakshasa_great_katana.bone.bone6] run data modify entity @s {} merge value {transformation:[0.30933226151576115f,0.85090134228167f,-0.42459446262144884f,2.9014346950254097f,-0.7271421623723688f,-0.07609993410436452f,-0.6822558726238616f,-1.1608930920483123f,-0.6128440484217661f,0.5197842876930423f,0.5951860772745413f,1.888822017210651f,0f,0f,0f,1f],start_interpolation:0}
execute if entity @s[tag=aj.rakshasa_great_katana.locator_origin.rakshasa0] at @s on origin run tp @s ^-0.17287 ^0.89078 ^0.12615 ~-121.90103 ~-38.88765
execute if entity @s[tag=aj.rakshasa_great_katana.locator_origin.rakshasa1] at @s on origin run tp @s ^0.38975 ^0.48964 ^0.41776 ~-121.90103 ~-38.88765
execute if entity @s[tag=aj.rakshasa_great_katana.locator_origin.rakshasa2] at @s on origin run tp @s ^0.95238 ^0.08849 ^0.70938 ~-121.90103 ~-38.88765
execute if entity @s[tag=aj.rakshasa_great_katana.locator_origin.rakshasa3] at @s on origin run tp @s ^1.515 ^-0.31265 ^1.00099 ~-121.90103 ~-38.88765
execute if entity @s[tag=aj.rakshasa_great_katana.locator_origin.rakshasa4] at @s on origin run tp @s ^2.07612 ^-0.67845 ^1.34413 ~-121.90103 ~-38.88765
execute if entity @s[tag=aj.rakshasa_great_katana.locator_origin.rakshasa5] at @s on origin run tp @s ^2.63723 ^-1.04425 ^1.68727 ~-121.90103 ~-38.88765
execute if entity @s[tag=aj.rakshasa_great_katana.bone.rakshasa_great_katana] run data modify entity @s {} merge value {transformation:[0.03663857512147935f,1.14087297178029f,-1.004987813285343f,0.2562084012503476f,-0.8600415293295711f,-0.8134328435041981f,-0.9547720171406915f,0.5831405270475872f,-1.2537624218404766f,0.5913289263579637f,0.6255748701880677f,0.34592170341685f,0f,0f,0f,1f],start_interpolation:0}
execute if entity @s[tag=aj.rakshasa_great_katana.bone.left_arm2] run data modify entity @s {} merge value {transformation:[0.9301333893880372f,-0.2433554761510155f,0.27500907289184945f,-0.31407115807940944f,0.17928557552312469f,0.9545082500056552f,0.23826599228694717f,1.0434001014920284f,-0.32048176290526104f,-0.1723139950742659f,0.9314501203750428f,0.128163503726613f,0f,0f,0f,1f],start_interpolation:0}
execute if entity @s[tag=aj.rakshasa_great_katana.bone.left_arm] run data modify entity @s {} merge value {transformation:[0.9301333893880372f,-0.1874031951803245f,0.3158036104634132f,-0.24235169439036458f,0.17928557552312469f,0.9822670841774543f,0.05484576329000987f,1.299303391862172f,-0.32048176290526104f,0.005605156351702861f,0.9472381019930569f,0.08943567301003942f,0f,0f,0f,1f],start_interpolation:0}
execute if entity @s[tag=aj.rakshasa_great_katana.bone.head] run data modify entity @s {} merge value {transformation:[0.9831699949639762f,0.045784467060730735f,0.1768630644835153f,0.007906001507984093f,0.056303159069944556f,0.8450345165862726f,-0.5317392406589428f,1.442563233068422f,-0.17380079194664144f,0.5327480158140145f,0.8282347712846586f,0.09286583936310312f,0f,0f,0f,1f],start_interpolation:0}
execute if entity @s[tag=aj.rakshasa_great_katana.bone.body_top] run data modify entity @s {} merge value {transformation:[0.9955619705202027f,0.009510979257725226f,0.09362640721233649f,0.004161053425254786f,0.008198632176166488f,0.9823317089544927f,-0.1869684358735071f,1.0557701226675904f,-0.093750441515606f,0.1869062729180188f,0.9778941148506437f,0.019271494401633213f,0f,0f,0f,1f],start_interpolation:0}
execute if entity @s[tag=aj.rakshasa_great_katana.locator_origin.player_camera] at @s on origin run tp @s ^0.0005 ^0.06175 ^-0.10652 ~174.53101 ~-10.77592
execute if entity @s[tag=aj.rakshasa_great_katana.bone.body] run data modify entity @s {} merge value {transformation:[0.9955619705202027f,0.009510979257725226f,0.09362640721233649f,0f,0.008198632176166488f,0.9823317089544927f,-0.1869684358735071f,0.6259999999999999f,-0.093750441515606f,0.1869062729180188f,0.9778941148506437f,-0.06250000000000001f,0f,0f,0f,1f],start_interpolation:0}
execute if entity @s[tag=aj.rakshasa_great_katana.bone.right_leg2] run data modify entity @s {} merge value {transformation:[0.9775813900812615f,-0.18843754127710524f,0.09394636131446238f,0.19654721147658383f,0.2017476450542475f,0.7105589894175034f,-0.6740948080745331f,0.41933214051801215f,0.060270336666171154f,0.6779359966806716f,0.7326460748019679f,-0.26968208016862316f,0f,0f,0f,1f],start_interpolation:0}
execute if entity @s[tag=aj.rakshasa_great_katana.bone.right_leg] run data modify entity @s {} merge value {transformation:[0.9775813900812615f,-0.19908789280440722f,0.06854660243578173f,0.125f,0.2017476450542475f,0.7924670872542268f,-0.5755812743078662f,0.7041249999999999f,0.060270336666171154f,0.5765066578605166f,0.814866590283737f,-0.06250000000000001f,0f,0f,0f,1f],start_interpolation:0}
execute if entity @s[tag=aj.rakshasa_great_katana.bone.left_leg2] run data modify entity @s {} merge value {transformation:[0.9914773818843698f,0.12242957290040225f,-0.04453763454810449f,-0.1710601841640132f,-0.12424600092451944f,0.9914208072545551f,-0.04059204598182353f,0.38920263901656127f,0.039185870744181964f,0.045779718458628105f,0.9981826911502067f,0.10439145158573564f,0f,0f,0f,1f],start_interpolation:0}
execute if entity @s[tag=aj.rakshasa_great_katana.bone.left_leg] run data modify entity @s {} merge value {transformation:[0.9914773818843698f,0.12816746897812364f,0.023360246305575122f,-0.125f,-0.12424600092451944f,0.8763057001278293f,0.4654581089397189f,0.7041249999999999f,0.039185870744181964f,-0.46439360441248184f,0.8847615767622392f,-0.06250000000000001f,0f,0f,0f,1f],start_interpolation:0}