execute if entity @s[tag=aj.rakshasa_great_katana.bone.right_arm2] run data modify entity @s {} merge value {transformation:[0.5289957909654902f,0.7877020713133271f,0.31573549054467964f,-0.06765426402607735f,-0.6780372204898371f,0.1685800065447855f,0.7154343499048508f,1.1503940503939662f,0.5103224282463114f,-0.5925421742307078f,0.6232694369105021f,1.1816086175833889f,0f,0f,0f,1f],start_interpolation:0}
execute if entity @s[tag=aj.rakshasa_great_katana.bone.right_arm] run data modify entity @s {} merge value {transformation:[0.5476547157167877f,0.7748454119136764f,0.31573549054467964f,0.12605708895234174f,-0.6738183061805616f,0.18472298512145902f,0.7154343499048508f,1.196574796674331f,0.49602742122701593f,-0.6045593489510708f,0.6232694369105021f,1.0304687803456212f,0f,0f,0f,1f],start_interpolation:0}
execute if entity @s[tag=aj.rakshasa_great_katana.bone.slash] run data modify entity @s {} merge value {transformation:[0.0000034226590486723125f,0.00001275781622194505f,0.00003951752321938621f,0.766255037662378f,-0.00003559021836329139f,0.000021330238810784523f,-0.0000038037324089963686f,1.3225969141586833f,-0.0000213946926362799f,-0.00003344204163374432f,0.000012649430401292125f,0.9813061284353594f,0f,0f,0f,1f],start_interpolation:0}
execute if entity @s[tag=aj.rakshasa_great_katana.bone.bone0] run data modify entity @s {} merge value {transformation:[0.02671974983766473f,-0.2797252449908825f,0.9597082068438317f,-0.954267813976633f,0.8873403285879385f,-0.4354711219672506f,-0.15163127379941693f,0.17805560397396036f,0.4603403048072834f,0.8556393453128337f,0.23657581136405903f,3.1279595442583883f,0f,0f,0f,1f],start_interpolation:0}
execute if entity @s[tag=aj.rakshasa_great_katana.bone.bone1] run data modify entity @s {} merge value {transformation:[0.014492874739310258f,-0.28062450765816466f,0.9597082068438317f,-1.1830519443967635f,0.8675007936581343f,-0.4737618914691998f,-0.15163127379941693f,-0.194273065202887f,0.49722462688838975f,0.8347452041749859f,0.23657581136405903f,3.817418607042697f,0f,0f,0f,1f],start_interpolation:0}
execute if entity @s[tag=aj.rakshasa_great_katana.bone.bone2] run data modify entity @s {} merge value {transformation:[0.0022384116301683715f,-0.28098958562546505f,0.9597082068438317f,-1.3608284678739315f,0.84600992166208f,-0.5111508282838717f,-0.15163127379941693f,-0.5016978755428465f,0.5331624536318137f,0.812262078097175f,0.23657581136405903f,4.341556608560501f,0f,0f,0f,1f],start_interpolation:0}
execute if entity @s[tag=aj.rakshasa_great_katana.bone.bone3] run data modify entity @s {} merge value {transformation:[-0.07056331663189042f,-0.2719944412345668f,0.9597082068438317f,-1.4401719347653896f,0.6848872633504002f,-0.7126972662402783f,-0.15163127379941693f,-0.6647062451255401f,0.7252242789967167f,0.6465923218157865f,0.23657581136405903f,4.558947428521555f,0f,0f,0f,1f],start_interpolation:0}
execute if entity @s[tag=aj.rakshasa_great_katana.bone.bone7] run data modify entity @s {} merge value {transformation:[-0.16927977033818553f,-0.13978912486675818f,0.9756040999930436f,-1.51525158623915f,0.3600158886050563f,-0.9302540241254449f,-0.0708237993214737f,-0.8210759423574052f,0.9174600368986996f,0.3392439405021147f,0.20779949356635724f,4.697836400821779f,0f,0f,0f,1f],start_interpolation:0}
execute if entity @s[tag=aj.rakshasa_great_katana.bone.bone10] run data modify entity @s {} merge value {transformation:[0.032070567267882585f,-0.2648094219965117f,0.9637673208492749f,-1.5037418205980015f,0.5950679471800562f,-0.7696770961087616f,-0.23128187556420937f,-0.7575993872715765f,0.8030352526222186f,0.5809243821251244f,0.13289561805609668f,4.6644681938395f,0f,0f,0f,1f],start_interpolation:0}
execute if entity @s[tag=aj.rakshasa_great_katana.bone.bone4] run data modify entity @s {} merge value {transformation:[-0.21846354849543537f,-0.2648094219965117f,0.939228219337907f,-1.5095487059495425f,0.6346516527610842f,-0.7696770961087616f,-0.06938621889978502f,-0.7554996622279337f,0.741276572964779f,0.5809243821251244f,0.33620812694837576f,4.664603137944256f,0f,0f,0f,1f],start_interpolation:0}
execute if entity @s[tag=aj.rakshasa_great_katana.bone.bone11] run data modify entity @s {} merge value {transformation:[-0.3729860376498578f,-0.26334463990079304f,0.8896802888418851f,-1.51525158623915f,0.3843010889069398f,-0.9166068876700214f,-0.11020202602864194f,-0.8210759423574052f,0.8445081934375768f,0.3008012867515672f,0.44308520298629017f,4.697836400821779f,0f,0f,0f,1f],start_interpolation:0}
execute if entity @s[tag=aj.rakshasa_great_katana.bone.bone5] run data modify entity @s {} merge value {transformation:[-0.09400067945749126f,-0.2648094219965117f,0.9597082068438317f,-1.4818144808029596f,0.6201654009468368f,-0.7696770961087616f,-0.15163127379941693f,-0.7249496058491596f,0.7788188157267257f,0.5809243821251244f,0.23657581136405903f,4.660566188795626f,0f,0f,0f,1f],start_interpolation:0}
execute if entity @s[tag=aj.rakshasa_great_katana.bone.bone8] run data modify entity @s {} merge value {transformation:[-0.07056331663189042f,-0.6185545278774032f,0.7825670031302558f,-1.4537139260151373f,0.6848872633504002f,-0.6004196408446888f,-0.41282646643394216f,-0.7468951464608247f,0.7252242789967167f,0.5068397684972021f,0.46600771905988303f,4.664834003287212f,0f,0f,0f,1f],start_interpolation:0}
execute if entity @s[tag=aj.rakshasa_great_katana.bone.bone9] run data modify entity @s {} merge value {transformation:[-0.9597082068438316f,-0.28062450765816466f,0.014492874739310475f,-1.4939968302351745f,0.1516312737994171f,-0.4737618914691998f,0.8675007936581343f,-0.7410664081730312f,-0.23657581136405892f,0.8347452041749859f,0.4972246268883897f,4.674539783322187f,0f,0f,0f,1f],start_interpolation:0}
execute if entity @s[tag=aj.rakshasa_great_katana.bone.bone6] run data modify entity @s {} merge value {transformation:[-0.07056331663189039f,-0.5479955327444856f,0.8334996787269895f,-1.4949513880279581f,0.6848872633504002f,-0.6341150601475705f,-0.3589255173353421f,-0.740379740164756f,0.7252242789967166f,0.5455263390397669f,0.4200604225198584f,4.654668636392662f,0f,0f,0f,1f],start_interpolation:0}
execute if entity @s[tag=aj.rakshasa_great_katana.locator_origin.rakshasa0] at @s on origin run tp @s ^-0.3308 ^1.07563 ^1.17407 ~103.84779 ~-8.72147
execute if entity @s[tag=aj.rakshasa_great_katana.locator_origin.rakshasa1] at @s on origin run tp @s ^-0.53952 ^0.77837 ^1.83025 ~103.84779 ~-8.72147
execute if entity @s[tag=aj.rakshasa_great_katana.locator_origin.rakshasa2] at @s on origin run tp @s ^-0.74824 ^0.48111 ^2.48643 ~103.84779 ~-8.72147
execute if entity @s[tag=aj.rakshasa_great_katana.locator_origin.rakshasa3] at @s on origin run tp @s ^-0.95696 ^0.18384 ^3.1426 ~103.84779 ~-8.72147
execute if entity @s[tag=aj.rakshasa_great_katana.locator_origin.rakshasa4] at @s on origin run tp @s ^-1.16811 ^-0.17001 ^3.77237 ~103.84779 ~-8.72147
execute if entity @s[tag=aj.rakshasa_great_katana.locator_origin.rakshasa5] at @s on origin run tp @s ^-1.37926 ^-0.52387 ^4.40214 ~103.84779 ~-8.72147
execute if entity @s[tag=aj.rakshasa_great_katana.bone.rakshasa_great_katana] run data modify entity @s {} merge value {transformation:[0.05915397194311019f,-0.4232380455781004f,1.459556231241661f,-0.4898282782123003f,1.3771005320030798f,-0.6027844336601575f,-0.2306058955699466f,0.8518063905399638f,0.6426732919127478f,1.330584274328391f,0.3597923797828398f,1.6757279442292994f,0f,0f,0f,1f],start_interpolation:0}
execute if entity @s[tag=aj.rakshasa_great_katana.bone.left_arm2] run data modify entity @s {} merge value {transformation:[0.08214381716813549f,0.30618758932668116f,0.9484205572652689f,-0.32251695128785873f,-0.8541652407189932f,0.5119257314588285f,-0.09128957781591283f,1.139487291956598f,-0.5134726232707175f,-0.8026089992098636f,0.30358632963101095f,1.2395489369486026f,0f,0f,0f,1f],start_interpolation:0}
execute if entity @s[tag=aj.rakshasa_great_katana.bone.left_arm] run data modify entity @s {} merge value {transformation:[0.12335522170170496f,0.27286676345120875f,0.9541106951934797f,-0.25342395623122543f,-0.7699175943175748f,0.632921629698368f,-0.0814684516865287f,1.1677449008344976f,-0.6261073288495844f,-0.7245370522365464f,0.28815911003682404f,1.0187672240445476f,0f,0f,0f,1f],start_interpolation:0}
execute if entity @s[tag=aj.rakshasa_great_katana.bone.head] run data modify entity @s {} merge value {transformation:[0.9999900332670844f,-0.004287364831051184f,0.0012457404628991343f,-0.0032372087816383704f,0.004407525848985048f,0.9924852004883966f,-0.12228532425192162f,1.2960714840363154f,-0.0007120971745255746f,0.12228959610004675f,0.9924942053247976f,1.0199417215300703f,0f,0f,0f,1f],start_interpolation:0}
execute if entity @s[tag=aj.rakshasa_great_katana.bone.body_top] run data modify entity @s {} merge value {transformation:[0.9999400085927929f,-0.003894386504226511f,-0.01023782052982863f,-0.0017037940955991818f,-0.0014376753170810086f,0.8799135482533064f,-0.4751316456414568f,0.949605524411576f,0.010858743257299078f,0.47511786048730265f,0.8798551621379738f,0.8328640639631949f,0f,0f,0f,1f],start_interpolation:0}
execute if entity @s[tag=aj.rakshasa_great_katana.locator_origin.player_camera] at @s on origin run tp @s ^0.00155 ^0.04 ^0.41274 ~-179.33335 ~-28.36792
execute if entity @s[tag=aj.rakshasa_great_katana.bone.body] run data modify entity @s {} merge value {transformation:[0.9999400085927929f,-0.003894386504226511f,-0.01023782052982863f,-8.326672684688674e-17f,-0.0014376753170810086f,0.8799135482533064f,-0.4751316456414568f,0.5646433470507544f,0.010858743257299078f,0.47511786048730265f,0.8798551621379738f,0.625f,0f,0f,0f,1f],start_interpolation:0}
execute if entity @s[tag=aj.rakshasa_great_katana.bone.right_leg2] run data modify entity @s {} merge value {transformation:[0.9925145756724996f,-0.07717779440859587f,-0.09464885169859534f,0.1211513426212464f,0.07637580111465767f,0.9970060162959149f,-0.012072301928144569f,0.38263990471715476f,0.0952971882152482f,0.004753053752540148f,0.995437519083088f,0.8736312133730513f,0f,0f,0f,1f],start_interpolation:0}
execute if entity @s[tag=aj.rakshasa_great_katana.bone.right_leg] run data modify entity @s {} merge value {transformation:[0.9925145756724996f,0.010709307488705445f,-0.1216557759037792f,0.12499999999999992f,0.07637580111465767f,0.7228814102413327f,0.686738089617575f,0.6424254115226337f,0.0952971882152482f,-0.6908891209598067f,0.7166524042083813f,0.6253429355281207f,0f,0f,0f,1f],start_interpolation:0}
execute if entity @s[tag=aj.rakshasa_great_katana.bone.left_leg2] run data modify entity @s {} merge value {transformation:[0.997177359500826f,-0.028168612834780477f,-0.06959772230414309f,-0.12408063762858189f,-0.03990464580124076f,0.5863634357874237f,-0.8090646083070532f,0.34501862426248153f,0.06359978728296106f,0.8095581822343172f,0.5835842840884511f,0.4234242441434431f,0f,0f,0f,1f],start_interpolation:0}
execute if entity @s[tag=aj.rakshasa_great_katana.bone.left_leg] run data modify entity @s {} merge value {transformation:[0.997177359500826f,-0.0025582257291636677f,-0.0750384513438212f,-0.12500000000000008f,-0.03990464580124076f,0.8285209677586722f,-0.5585343545635404f,0.6427683470507544f,0.06359978728296106f,0.5599521956965181f,0.8260802658290599f,0.6246570644718793f,0f,0f,0f,1f],start_interpolation:0}