execute if entity @s[tag=aj.rakshasa_great_katana.bone.right_arm2] run data modify entity @s {} merge value {transformation:[0.47638917099740125f,0.6166854926827836f,0.6266995778449204f,-0.03237072547133926f,-0.7510581895328046f,-0.08516049465533423f,0.654720769554292f,1.1730118832084275f,0.4571268463918026f,-0.7825897349599285f,0.4225971521948937f,1.3335734928794207f,0f,0f,0f,1f],start_interpolation:0}
execute if entity @s[tag=aj.rakshasa_great_katana.bone.right_arm] run data modify entity @s {} merge value {transformation:[0.46310196722858166f,0.6267249852032519f,0.6266995778449204f,0.12431052082947372f,-0.7490668198378312f,-0.10119097455936227f,0.654720769554292f,1.147714139568587f,0.4737462056492441f,-0.7726423361360092f,0.4225971521948937f,1.1404129088454185f,0f,0f,0f,1f],start_interpolation:0}
execute if entity @s[tag=aj.rakshasa_great_katana.bone.slash] run data modify entity @s {} merge value {transformation:[-0.000004374152749240254f,-0.0000029412324465068582f,0.000041331913221299614f,0.6436608215822547f,-0.00004055225075672499f,0.000008843846263398973f,-0.0000036623015911001807f,1.221308617906344f,-0.000008514273744784419f,-0.000040610917818686306f,-0.0000037909903236352124f,0.6582486030730551f,0f,0f,0f,1f],start_interpolation:0}
execute if entity @s[tag=aj.rakshasa_great_katana.bone.bone0] run data modify entity @s {} merge value {transformation:[0.18043211254835487f,0.13936083455610787f,0.9736646294043774f,0.046751489929667295f,0.981706350388249f,-0.08670889181650157f,-0.16951168009119194f,1.0252399615397303f,0.060802091812062f,0.9864381003751729f,-0.15245648480631585f,3.5605795480963183f,0f,0f,0f,1f],start_interpolation:0}
execute if entity @s[tag=aj.rakshasa_great_katana.bone.bone1] run data modify entity @s {} merge value {transformation:[0.1863392153837509f,0.13135785571105046f,0.9736646294043774f,0.15703079575953013f,0.9769897947308332f,-0.1294477937412049f,-0.16951168009119194f,0.9357200893813037f,0.10377204730548825f,0.9828470798850295f,-0.15245648480631585f,4.36441366199852f,0f,0f,0f,1f],start_interpolation:0}
execute if entity @s[tag=aj.rakshasa_great_katana.bone.bone2] run data modify entity @s {} merge value {transformation:[0.19189161093183532f,0.12310482972175465f,0.9736646294043774f,0.23857523806046152f,0.9704134834706775f,-0.1719402844331902f,-0.16951168009119194f,0.8453180288270279f,0.14654446680885086f,0.9773851541169487f,-0.15245648480631585f,4.985713205153541f,0f,0f,0f,1f],start_interpolation:0}
execute if entity @s[tag=aj.rakshasa_great_katana.bone.bone3] run data modify entity @s {} merge value {transformation:[0.21721493732336636f,0.06924493086459885f,0.9736646294043774f,0.2690586952950479f,0.8928460256318133f,-0.4172430524599982f,-0.16951168009119194f,0.7752739036479352f,0.39451697747635894f,0.9061530636285573f,-0.15245648480631585f,5.258275972711081f,0f,0f,0f,1f],start_interpolation:0}
execute if entity @s[tag=aj.rakshasa_great_katana.bone.bone7] run data modify entity @s {} merge value {transformation:[0.22717932256592824f,0.06578275429458208f,0.9716286248541185f,0.2690969345236908f,0.6652101653194007f,-0.7391665521093153f,-0.10549049340373091f,0.684451505706331f,0.7112559253561422f,0.6703024969968748f,-0.21168271343105205f,5.46108098614595f,0f,0f,0f,1f],start_interpolation:0}
execute if entity @s[tag=aj.rakshasa_great_katana.bone.bone10] run data modify entity @s {} merge value {transformation:[0.34760933531078536f,0.05004990379873883f,0.9363027059314373f,0.26196126108821494f,0.8236593883554151f,-0.4934719751995016f,-0.2794112053348715f,0.7312175024002466f,0.4480546417333246f,0.8683204574478477f,-0.21275953844371623f,5.405970109671904f,0f,0f,0f,1f],start_interpolation:0}
execute if entity @s[tag=aj.rakshasa_great_katana.bone.bone4] run data modify entity @s {} merge value {transformation:[0.09343186215978327f,0.05004990379873883f,0.9943668811173736f,0.25669061572508167f,0.8679108166336686f,-0.4934719751995016f,-0.056711763003635465f,0.7338769133164122f,0.48785377061536966f,0.8683204574478477f,-0.08954485844495627f,5.407785269083997f,0f,0f,0f,1f],start_interpolation:0}
execute if entity @s[tag=aj.rakshasa_great_katana.bone.bone11] run data modify entity @s {} merge value {transformation:[0.01105466902785765f,-0.06274107850763078f,0.9979686124124267f,0.2690969345236908f,0.6861310708938584f,-0.7255290993872293f,-0.05321352738169956f,0.684451505706331f,0.7273939426794342f,0.6853255306860055f,0.03502811932167044f,5.46108098614595f,0f,0f,0f,1f],start_interpolation:0}
execute if entity @s[tag=aj.rakshasa_great_katana.bone.bone5] run data modify entity @s {} merge value {transformation:[0.22242346228888277f,0.05004990379873883f,0.9736646294043774f,0.27843923871389664f,0.8530833488032478f,-0.4934719751995016f,-0.16951168009119194f,0.7579534350928994f,0.47199216457274223f,0.8683204574478477f,-0.15245648480631585f,5.381976188416663f,0f,0f,0f,1f],start_interpolation:0}
execute if entity @s[tag=aj.rakshasa_great_katana.bone.bone8] run data modify entity @s {} merge value {transformation:[0.21721493732336636f,-0.3086313479969882f,0.9260477104540394f,0.3066420867615053f,0.8928460256318133f,-0.3206130046870551f,-0.31628037520373253f,0.735731936046857f,0.39451697747635894f,0.8955188397008189f,0.20591833872634469f,5.381459937696086f,0f,0f,0f,1f],start_interpolation:0}
execute if entity @s[tag=aj.rakshasa_great_katana.bone.bone9] run data modify entity @s {} merge value {transformation:[-0.9736646294043773f,0.1313578557110505f,0.1863392153837511f,0.2742946260966892f,0.16951168009119214f,-0.1294477937412049f,0.9769897947308331f,0.7489758018747155f,0.15245648480631582f,0.9828470798850295f,0.1037720473054882f,5.404462775238169f,0f,0f,0f,1f],start_interpolation:0}
execute if entity @s[tag=aj.rakshasa_great_katana.bone.bone6] run data modify entity @s {} merge value {transformation:[0.21721493732336636f,-0.22674653651511806f,0.9494228137042025f,0.2648049347167858f,0.8928460256318133f,-0.3469586264258975f,-0.28713356833036763f,0.7430156410507753f,0.3945169774763589f,0.910058085908286f,0.12708514766039886f,5.3880108022776065f,0f,0f,0f,1f],start_interpolation:0}
execute if entity @s[tag=aj.rakshasa_great_katana.locator_origin.rakshasa0] at @s on origin run tp @s ^-0.28059 ^1.13446 ^1.34857 ~81.10088 ~-9.75943
execute if entity @s[tag=aj.rakshasa_great_katana.locator_origin.rakshasa1] at @s on origin run tp @s ^-0.17026 ^1.1016 ^2.08969 ~81.10088 ~-9.75943
execute if entity @s[tag=aj.rakshasa_great_katana.locator_origin.rakshasa2] at @s on origin run tp @s ^-0.05994 ^1.06875 ^2.8308 ~81.10088 ~-9.75943
execute if entity @s[tag=aj.rakshasa_great_katana.locator_origin.rakshasa3] at @s on origin run tp @s ^0.05038 ^1.0359 ^3.57191 ~81.10088 ~-9.75943
execute if entity @s[tag=aj.rakshasa_great_katana.locator_origin.rakshasa4] at @s on origin run tp @s ^0.14982 ^0.94151 ^4.31192 ~81.10088 ~-9.75943
execute if entity @s[tag=aj.rakshasa_great_katana.locator_origin.rakshasa5] at @s on origin run tp @s ^0.24926 ^0.84712 ^5.05193 ~81.10088 ~-9.75943
execute if entity @s[tag=aj.rakshasa_great_katana.bone.rakshasa_great_katana] run data modify entity @s {} merge value {transformation:[0.26490110262519057f,0.22371235095050007f,1.480781623885824f,-0.19592087204768086f,1.4973428035711382f,-0.06662000468593841f,-0.2577990134720211f,1.1124891613343146f,0.026943685706682825f,1.502813556894409f,-0.23186090397627204f,1.9137284538045833f,0f,0f,0f,1f],start_interpolation:0}
execute if entity @s[tag=aj.rakshasa_great_katana.bone.left_arm2] run data modify entity @s {} merge value {transformation:[-0.10497966598176608f,-0.07058957871616459f,0.9919659173111907f,-0.23463584085084857f,-0.9732540181613994f,0.21225231032157532f,-0.08789523818640432f,1.2329380039724949f,-0.20434256987482602f,-0.9746620276484711f,-0.09098376776724508f,1.3752581259896275f,0f,0f,0f,1f],start_interpolation:0}
execute if entity @s[tag=aj.rakshasa_great_katana.bone.left_arm] run data modify entity @s {} merge value {transformation:[-0.10714871333891168f,0.009526255098394327f,0.9941973665694437f,-0.24609454983095733f,-0.9914522415314038f,0.07384581593058626f,-0.10756043990195344f,1.1240053169445146f,-0.07444196391936253f,-0.9972241703515552f,0.001532342808278242f,1.163406416066851f,0f,0f,0f,1f],start_interpolation:0}
execute if entity @s[tag=aj.rakshasa_great_katana.bone.head] run data modify entity @s {} merge value {transformation:[0.9999863901361339f,0.004759308217742059f,-0.002137411470100439f,0.0032900390012062086f,-0.005017608117665849f,0.9895540955341313f,-0.14407468764638937f,1.2831067735951727f,0.0014293884291954363f,0.144083451502647f,0.9895645081811509f,1.1155444384031985f,0f,0f,0f,1f],start_interpolation:0}
execute if entity @s[tag=aj.rakshasa_great_katana.bone.body_top] run data modify entity @s {} merge value {transformation:[0.9999580511486302f,0.003957941655586516f,0.008260184070851734f,0.0017315994743190176f,0.0012022184197634604f,0.8373024339617938f,-0.5467386841559019f,0.9534189402227163f,-0.0090802320402378f,0.5467256796415427f,0.8372625517760774f,0.9002712020443411f,0f,0f,0f,1f],start_interpolation:0}
execute if entity @s[tag=aj.rakshasa_great_katana.locator_origin.player_camera] at @s on origin run tp @s ^-0.00171 ^0.08195 ^0.40587 ~179.43476 ~-33.14356
execute if entity @s[tag=aj.rakshasa_great_katana.bone.body] run data modify entity @s {} merge value {transformation:[0.9999580511486302f,0.003957941655586516f,0.008260184070851734f,-8.326672684688674e-17f,0.0012022184197634604f,0.8373024339617938f,-0.5467386841559019f,0.5870991253644315f,-0.0090802320402378f,0.5467256796415427f,0.8372625517760774f,0.6610787172011662f,0f,0f,0f,1f],start_interpolation:0}
execute if entity @s[tag=aj.rakshasa_great_katana.bone.right_leg2] run data modify entity @s {} merge value {transformation:[0.992974220403014f,-0.06814052886941266f,-0.09674226553282417f,0.11806784990230375f,0.06962335460277415f,0.9975007914589635f,0.01203160557022348f,0.41275223888927226f,0.09568064646982215f,-0.018682595219556897f,0.9952367429546494f,0.9167352885223378f,0f,0f,0f,1f],start_interpolation:0}
execute if entity @s[tag=aj.rakshasa_great_katana.bone.right_leg] run data modify entity @s {} merge value {transformation:[0.992974220403014f,0.019289461141415425f,-0.11674808051484421f,0.12499999999999992f,0.06962335460277415f,0.7025304667134867f,0.7082397417775896f,0.6652241253644315f,0.09568064646982215f,-0.7113921984589122f,0.6962516455010448f,0.6610787172011662f,0f,0f,0f,1f],start_interpolation:0}
execute if entity @s[tag=aj.rakshasa_great_katana.bone.left_leg2] run data modify entity @s {} merge value {transformation:[0.9973761205334436f,-0.029421001449624076f,-0.06614589075187545f,-0.12242302885263372f,-0.035759102818615426f,0.5942312220378596f,-0.8034989367267387f,0.37182493158769303f,0.06294569687647851f,0.8037559700736867f,0.5916199623201042f,0.45356808389321857f,0f,0f,0f,1f],start_interpolation:0}
execute if entity @s[tag=aj.rakshasa_great_katana.bone.left_leg] run data modify entity @s {} merge value {transformation:[0.9973761205334436f,-0.007170702323106421f,-0.07203787349617714f,-0.12500000000000008f,-0.035759102818615426f,0.8164151479004897f,-0.5763571747139349f,0.6652241253644315f,0.06294569687647851f,0.5774208926829847f,0.8140165550760744f,0.6610787172011662f,0f,0f,0f,1f],start_interpolation:0}