execute if entity @s[tag=aj.rakshasa_great_katana.bone.right_arm2] run data modify entity @s {} merge value {transformation:[0.6538553681315284f,0.7558755156773933f,-0.03354642104633815f,-0.015625286097945557f,-0.1096585585538849f,0.138540632197775f,0.9842669829706394f,1.3414773532559148f,0.7486308556968966f,-0.639889598313393f,0.17347375556220823f,0.12053279726672998f,0f,0f,0f,1f],start_interpolation:0}
execute if entity @s[tag=aj.rakshasa_great_katana.bone.right_arm] run data modify entity @s {} merge value {transformation:[0.746923097669423f,0.6640636443917822f,-0.03354642104633815f,0.150390625f,-0.09063723319537403f,0.15166871197634124f,0.9842669829706394f,1.37939453125f,0.6587038622375012f,-0.73213118906692f,0.17347375556220823f,-0.06250000000000001f,0f,0f,0f,1f],start_interpolation:0}
execute if entity @s[tag=aj.rakshasa_great_katana.bone.slash] run data modify entity @s {} merge value {transformation:[0.00004100443490157554f,0.000004216839002227584f,0.000006079942297658567f,-0.15108644223282486f,-3.4760219771416343e-7f,-0.000033102203189799204f,0.000025302854143446004f,1.4598304084058031f,0.000007390981140938581f,-0.000024951423284487216f,-0.000032540912478966386f,-0.9421746584825718f,0f,0f,0f,1f],start_interpolation:0}
execute if entity @s[tag=aj.rakshasa_great_katana.bone.bone0] run data modify entity @s {} merge value {transformation:[0.142589692672135f,-0.41191302524559975f,-0.8999976884285227f,-1.13100353007248f,0.49737956924794346f,0.815962552011614f,-0.29465009385612617f,3.153591865057389f,0.8557346222038679f,-0.4056263962659626f,0.32122497258758065f,-0.40661932326230593f,0f,0f,0f,1f],start_interpolation:0}
execute if entity @s[tag=aj.rakshasa_great_katana.bone.bone1] run data modify entity @s {} merge value {transformation:[0.1244865850709849f,-0.4177406503569893f,-0.8999976884285227f,-1.469875484470245f,0.5324979607401111f,0.7934905443659672f,-0.29465009385612617f,3.80996434779474f,0.8372269775544667f,-0.44256694978400773f,0.32122497258758065f,-0.7539888353187909f,0f,0f,0f,1f],start_interpolation:0}
execute if entity @s[tag=aj.rakshasa_great_katana.bone.bone2] run data modify entity @s {} merge value {transformation:[0.10614651017979722f,-0.422773082397598f,-0.8999976884285227f,-1.7354060685402748f,0.5666027120988043f,0.7695080823700653f,-0.29465009385612617f,4.30768059174852f,0.8171256237684201f,-0.478665051959278f,0.32122497258758065f,-1.041403518964628f,0f,0f,0f,1f],start_interpolation:0}
execute if entity @s[tag=aj.rakshasa_great_katana.bone.bone3] run data modify entity @s {} merge value {transformation:[-0.006892069928074007f,-0.4358401773533763f,-0.8999976884285227f,-1.8570647591030673f,0.7464595399393568f,0.5966401574015107f,-0.29465009385612617f,4.512264759258258f,0.6653951116484327f,-0.6738426095020096f,0.32122497258758065f,-1.1946039246775277f,0f,0f,0f,1f],start_interpolation:0}
execute if entity @s[tag=aj.rakshasa_great_katana.bone.bone7] run data modify entity @s {} merge value {transformation:[-0.17315625737538365f,-0.47694408434427477f,-0.8617083328718317f,-1.9397324934337996f,0.9179629941190208f,0.2388749245078495f,-0.31667445724183635f,4.6482847640057505f,0.35687652200697156f,-0.8458505251227137f,0.39645433178341866f,-1.3496625810419316f,0f,0f,0f,1f],start_interpolation:0}
execute if entity @s[tag=aj.rakshasa_great_katana.bone.bone10] run data modify entity @s {} merge value {transformation:[-0.16194137565540123f,-0.43358099042114945f,-0.8864437464364286f,-1.90354875823183f,0.7503534608932505f,0.5293115258375197f,-0.39597852510089177f,4.622241252004115f,0.6408936530941443f,-0.7292714401105885f,0.2396215600956454f,-1.2923244804687084f,0f,0f,0f,1f],start_interpolation:0}
execute if entity @s[tag=aj.rakshasa_great_katana.bone.bone4] run data modify entity @s {} merge value {transformation:[0.07300516689944564f,-0.43358099042114945f,-0.8981524204451042f,-1.8983629354830258f,0.8272725704698924f,0.5293115258375197f,-0.1882801178130427f,4.62552166203081f,0.5570371080584495f,-0.7292714401105885f,0.3973321367381545f,-1.2930267091572407f,0f,0f,0f,1f],start_interpolation:0}
execute if entity @s[tag=aj.rakshasa_great_katana.bone.bone11] run data modify entity @s {} merge value {transformation:[0.02574338954523589f,-0.35968404810274085f,-0.932718962729475f,-1.9397324934337996f,0.9599775584033046f,0.26919451795744725f,-0.07731363957082443f,4.6482847640057505f,0.2788913144161218f,-0.8933989573768725f,0.3522185936335065f,-1.3496625810419316f,0f,0f,0f,1f],start_interpolation:0}
execute if entity @s[tag=aj.rakshasa_great_katana.bone.bone5] run data modify entity @s {} merge value {transformation:[-0.04485181789772949f,-0.43358099042114945f,-0.8999976884285227f,-1.9034849002867056f,0.7956196520989992f,0.5293115258375197f,-0.29465009385612617f,4.612248759266446f,0.6041338292341659f,-0.7292714401105885f,0.32122497258758065f,-1.254085912087665f,0f,0f,0f,1f],start_interpolation:0}
execute if entity @s[tag=aj.rakshasa_great_katana.bone.bone8] run data modify entity @s {} merge value {transformation:[-0.006892069928074007f,-0.05824961477439994f,-0.9982782586787817f,-1.9362522421571362f,0.7464595399393568f,0.6639813389611265f,-0.04389688764494709f,4.599053334271726f,0.6653951116484327f,-0.7454768701240995f,0.03890477482708704f,-1.260539146827799f,0f,0f,0f,1f],start_interpolation:0}
execute if entity @s[tag=aj.rakshasa_great_katana.bone.bone9] run data modify entity @s {} merge value {transformation:[0.8999976884285226f,-0.4177406503569893f,0.12448658507098469f,-1.9085252358350524f,0.2946500938561262f,0.7934905443659672f,0.5324979607401109f,4.628187267750997f,-0.3212249725875804f,-0.44256694978400773f,0.8372269775544667f,-1.2720853916266988f,0f,0f,0f,1f],start_interpolation:0}
execute if entity @s[tag=aj.rakshasa_great_katana.bone.bone6] run data modify entity @s {} merge value {transformation:[-0.0068920699280739794f,-0.1450336405081319f,-0.9894027200756347f,-1.8975804664824731f,0.7464595399393568f,0.6576288236579266f,-0.10159963350236689f,4.611714080492106f,0.6653951116484327f,-0.7392493310211714f,0.10372932073006269f,-1.2743417823686716f,0f,0f,0f,1f],start_interpolation:0}
execute if entity @s[tag=aj.rakshasa_great_katana.locator_origin.rakshasa0] at @s on origin run tp @s ^-0.22183 ^1.28526 ^0.42692 ~-109.64237 ~-17.13656
execute if entity @s[tag=aj.rakshasa_great_katana.locator_origin.rakshasa1] at @s on origin run tp @s ^-0.5258 ^1.91292 ^0.15099 ~-109.64237 ~-17.13656
execute if entity @s[tag=aj.rakshasa_great_katana.locator_origin.rakshasa2] at @s on origin run tp @s ^-0.82978 ^2.54058 ^-0.12495 ~-109.64237 ~-17.13656
execute if entity @s[tag=aj.rakshasa_great_katana.locator_origin.rakshasa3] at @s on origin run tp @s ^-1.13376 ^3.16825 ^-0.40088 ~-109.64237 ~-17.13656
execute if entity @s[tag=aj.rakshasa_great_katana.locator_origin.rakshasa4] at @s on origin run tp @s ^-1.44776 ^3.76707 ^-0.73135 ~-109.64237 ~-17.13656
execute if entity @s[tag=aj.rakshasa_great_katana.locator_origin.rakshasa5] at @s on origin run tp @s ^-1.76176 ^4.3659 ^-1.06183 ~-109.64237 ~-17.13656
execute if entity @s[tag=aj.rakshasa_great_katana.bone.rakshasa_great_katana] run data modify entity @s {} merge value {transformation:[0.24397417096454424f,-0.6163957275077208f,-1.368746484485045f,-0.45310686728263727f,0.701582297620519f,1.2727570205232415f,-0.4481136844061919f,1.765298792627671f,1.3270994353647563f,-0.5595354337276653f,0.48852964581027897f,0.21925549211565137f,0f,0f,0f,1f],start_interpolation:0}
execute if entity @s[tag=aj.rakshasa_great_katana.bone.left_arm2] run data modify entity @s {} merge value {transformation:[0.9841064376378128f,0.101204136053462f,0.14591861514380558f,-0.4166738559094818f,-0.008342452745139922f,-0.7944528765551808f,0.607268499442704f,1.3950455132162816f,0.1773835473825259f,-0.5988341588276931f,-0.7809818994951931f,0.15823852249368298f,0f,0f,0f,1f],start_interpolation:0}
execute if entity @s[tag=aj.rakshasa_great_katana.bone.left_arm] run data modify entity @s {} merge value {transformation:[0.9841064376378128f,0.1765946595215853f,0.018677409570630216f,-0.25f,-0.008342452745139922f,-0.05908596398961952f,0.998218038477372f,1.37939453125f,0.1773835473825259f,-0.9825086132385163f,-0.05667364493411764f,-0.06250000000000001f,0f,0f,0f,1f],start_interpolation:0}
execute if entity @s[tag=aj.rakshasa_great_katana.bone.head] run data modify entity @s {} merge value {transformation:[1f,0f,0f,0f,0f,1f,0f,1.52314453125f,0f,0f,1f,-0.06250000000000001f,0f,0f,0f,1f],start_interpolation:0}
execute if entity @s[tag=aj.rakshasa_great_katana.bone.body_top] run data modify entity @s {} merge value {transformation:[1f,0f,0f,0f,0f,1f,0f,1.12939453125f,0f,0f,1f,-0.06250000000000001f,0f,0f,0f,1f],start_interpolation:0}
execute if entity @s[tag=aj.rakshasa_great_katana.locator_origin.player_camera] at @s on origin run tp @s ^0 ^0.12939 ^0 ~-180 ~0
execute if entity @s[tag=aj.rakshasa_great_katana.bone.body] run data modify entity @s {} merge value {transformation:[1f,0f,0f,0f,0f,1f,0f,0.69189453125f,0f,0f,1f,-0.06250000000000001f,0f,0f,0f,1f],start_interpolation:0}
execute if entity @s[tag=aj.rakshasa_great_katana.bone.right_leg2] run data modify entity @s {} merge value {transformation:[0.9827250479765383f,-0.17791890409316352f,0.050954329019213526f,0.19078275200334288f,0.1787282223256602f,0.8408988073755339f,-0.5108281690536595f,0.4464450169102729f,0.04803855351506714f,0.5111106135864255f,0.858171450268236f,-0.2043539877256767f,0f,0f,0f,1f],start_interpolation:0}
execute if entity @s[tag=aj.rakshasa_great_katana.bone.right_leg] run data modify entity @s {} merge value {transformation:[0.9827250479765383f,-0.1830476577484324f,0.027295330595604503f,0.125f,0.1787282223256602f,0.9003812572931537f,-0.39669864388413173f,0.77001953125f,0.04803855351506714f,0.39472413975840465f,0.9175429967408435f,-0.06250000000000001f,0f,0f,0f,1f],start_interpolation:0}
execute if entity @s[tag=aj.rakshasa_great_katana.bone.left_leg2] run data modify entity @s {} merge value {transformation:[0.9925884196778505f,0.11409607175744345f,-0.04183677247288012f,-0.16863698464944113f,-0.11612901102288557f,0.9919803459724512f,-0.049890339778584314f,0.43372010342485257f,0.03580896424463775f,0.05437903652968107f,0.997878067935071f,0.056449144764402895f,0f,0f,0f,1f],start_interpolation:0}
execute if entity @s[tag=aj.rakshasa_great_katana.bone.left_leg] run data modify entity @s {} merge value {transformation:[0.9925884196778505f,0.12142465293757533f,0.004927756123896534f,-0.125f,-0.11612901102288557f,0.9357897122091059f,0.3328838646171442f,0.77001953125f,0.03580896424463775f,-0.3309889245618168f,0.9429549564518648f,-0.06250000000000001f,0f,0f,0f,1f],start_interpolation:0}