execute if entity @s[tag=aj.rakshasa_great_katana.bone.right_arm2] run data modify entity @s {} merge value {transformation:[0.878007652864479f,-0.24462412719343185f,0.4114141440279617f,0.24233943368933625f,-0.45774550175347767f,-0.6803576895192077f,0.5723482068955414f,1.418098756327157f,0.13989859590383905f,-0.6908490795441043f,-0.7093348519262235f,0.8496489069074401f,0f,0f,0f,1f],start_interpolation:0}
execute if entity @s[tag=aj.rakshasa_great_katana.bone.right_arm] run data modify entity @s {} merge value {transformation:[0.880718681970343f,-0.23467638424469056f,0.4114141440279617f,0.1836703376281636f,-0.45001995432538694f,-0.685492210584799f,0.5723482068955414f,1.2467257036809571f,0.14770458333240266f,-0.6892223327094119f,-0.7093348519262235f,0.6773433237300871f,0f,0f,0f,1f],start_interpolation:0}
execute if entity @s[tag=aj.rakshasa_great_katana.bone.slash] run data modify entity @s {} merge value {transformation:[-0.000002706770059971301f,-0.000031366044163703786f,0.000027293878076853393f,0.05752432748191119f,-0.00002015357230173496f,-0.000022934068357327646f,-0.00002835442016990076f,0.2974641402786211f,0.000036367815860074634f,-0.00001504363297920809f,-0.000013681454142951984f,0.35063243203519473f,0f,0f,0f,1f],start_interpolation:0}
execute if entity @s[tag=aj.rakshasa_great_katana.bone.bone0] run data modify entity @s {} merge value {transformation:[0.40980066113057295f,0.6329849442749378f,0.656805510374418f,1.3728717424865224f,0.30321292006166317f,0.5845715407063055f,-0.7525543428244473f,2.5775147840291055f,-0.86030537790056f,0.5075491839393607f,0.04762859055088897f,1.8034721631517723f,0f,0f,0f,1f],start_interpolation:0}
execute if entity @s[tag=aj.rakshasa_great_katana.bone.bone1] run data modify entity @s {} merge value {transformation:[0.43702103718632257f,0.6145072290855426f,0.656805510374418f,1.8815964893756845f,0.32842298102506623f,0.5707891963156567f,-0.7525543428244473f,3.048767963886122f,-0.8373475733476514f,0.5445921031110678f,0.04762859055088897f,2.2341044748234875f,0f,0f,0f,1f],start_interpolation:0}
execute if entity @s[tag=aj.rakshasa_great_katana.bone.bone2] run data modify entity @s {} merge value {transformation:[0.463409518859136f,0.5948597644592754f,0.656805510374418f,2.2668324230111963f,0.35300787017774604f,0.5559203222482839f,-0.7525543428244473f,3.4072676683013885f,-0.8127958300971507f,0.5805983602619113f,0.04762859055088897f,2.5861078673034577f,0f,0f,0f,1f],start_interpolation:0}
execute if entity @s[tag=aj.rakshasa_great_katana.bone.bone3] run data modify entity @s {} merge value {transformation:[0.6015802586214907f,0.45465120034890605f,0.656805510374418f,2.424420522952701f,0.48486218564537f,0.4456126367454799f,-0.7525543428244473f,3.5563159304600718f,-0.6348305705998223f,0.77118199148712f,0.04762859055088897f,2.767977296290315f,0f,0f,0f,1f],start_interpolation:0}
execute if entity @s[tag=aj.rakshasa_great_katana.bone.bone7] run data modify entity @s {} merge value {transformation:[0.7297751699816692f,0.24635015893490336f,0.63776155455701f,2.5143866732409053f,0.6184828227414633f,0.15969369144835516f,-0.7694003657949151f,3.6662293332369855f,-0.29138839930920074f,0.955933849230346f,-0.03582285085914313f,2.938868251570983f,0f,0f,0f,1f],start_interpolation:0}
execute if entity @s[tag=aj.rakshasa_great_katana.bone.bone10] run data modify entity @s {} merge value {transformation:[0.7191808300107058f,0.4004899410061439f,0.5677911067443802f,2.489440939136911f,0.41916224568064153f,0.40165842220835485f,-0.8142318611213002f,3.648883842284963f,-0.5541497501046756f,0.8235765410828497f,0.12099477441995263f,2.8728983396297294f,0f,0f,0f,1f],start_interpolation:0}
execute if entity @s[tag=aj.rakshasa_great_katana.bone.bone4] run data modify entity @s {} merge value {transformation:[0.5477201854140651f,0.4004899410061439f,0.7345817896210591f,2.4868403531916954f,0.6156183512957184f,0.40165842220835485f,-0.678000411074386f,3.6543125881198297f,-0.5665833072355065f,0.8235765410828497f,-0.026552531707640457f,2.8715153558777584f,0f,0f,0f,1f],start_interpolation:0}
execute if entity @s[tag=aj.rakshasa_great_katana.bone.bone11] run data modify entity @s {} merge value {transformation:[0.5703178534505167f,0.15478733772516032f,0.8067083897639546f,2.5143866732409053f,0.7667048817431223f,0.2521372098432131f,-0.5904154907552346f,3.6662293332369855f,-0.2947900445178917f,0.9552317559066161f,0.02512214482688236f,2.938868251570983f,0f,0f,0f,1f],start_interpolation:0}
execute if entity @s[tag=aj.rakshasa_great_katana.bone.bone5] run data modify entity @s {} merge value {transformation:[0.6389165271729134f,0.4004899410061439f,0.656805510374418f,2.4957855485750025f,0.5218548389783879f,0.40165842220835485f,-0.7525543428244473f,3.632036400437129f,-0.5652019093564223f,0.8235765410828497f,0.04762859055088897f,2.837713801334575f,0f,0f,0f,1f],start_interpolation:0}
execute if entity @s[tag=aj.rakshasa_great_katana.bone.bone8] run data modify entity @s {} merge value {transformation:[0.6015802586214907f,0.16869435132765576f,0.7807966497539818f,2.512865104479248f,0.48486218564537f,0.6996824734708498f,-0.5247409811029708f,3.6065223169272755f,-0.6348305705998223f,0.6942525852655179f,0.3391216514527633f,2.856335898032377f,0f,0f,0f,1f],start_interpolation:0}
execute if entity @s[tag=aj.rakshasa_great_katana.bone.bone9] run data modify entity @s {} merge value {transformation:[-0.6568055103744178f,0.6145072290855426f,0.4370210371863227f,2.502692756616245f,0.7525543428244473f,0.5707891963156567f,0.32842298102506606f,3.6471076158088698f,-0.04762859055088916f,0.5445921031110678f,-0.8373475733476513f,2.855840335562654f,0f,0f,0f,1f],start_interpolation:0}
execute if entity @s[tag=aj.rakshasa_great_katana.bone.bone6] run data modify entity @s {} merge value {transformation:[0.6015802586214906f,0.23610333033482836f,0.7631228012854181f,2.4846429927053473f,0.4848621856453699f,0.6512857804612147f,-0.583725528909111f,3.638858636345514f,-0.6348305705998223f,0.7211671439921744f,0.2773230914620616f,2.8542893570321435f,0f,0f,0f,1f],start_interpolation:0}
execute if entity @s[tag=aj.rakshasa_great_katana.locator_origin.rakshasa0] at @s on origin run tp @s ^-0.07855 ^1.24359 ^0.74231 ~94.14757 ~-48.81213
execute if entity @s[tag=aj.rakshasa_great_katana.locator_origin.rakshasa1] at @s on origin run tp @s ^0.40914 ^1.69152 ^1.09447 ~94.14757 ~-48.81213
execute if entity @s[tag=aj.rakshasa_great_katana.locator_origin.rakshasa2] at @s on origin run tp @s ^0.89683 ^2.13945 ^1.44662 ~94.14757 ~-48.81213
execute if entity @s[tag=aj.rakshasa_great_katana.locator_origin.rakshasa3] at @s on origin run tp @s ^1.38453 ^2.58738 ^1.79878 ~94.14757 ~-48.81213
execute if entity @s[tag=aj.rakshasa_great_katana.locator_origin.rakshasa4] at @s on origin run tp @s ^1.84836 ^3.01798 ^2.20603 ~94.14757 ~-48.81213
execute if entity @s[tag=aj.rakshasa_great_katana.locator_origin.rakshasa5] at @s on origin run tp @s ^2.31219 ^3.44857 ^2.61329 ~94.14757 ~-48.81213
execute if entity @s[tag=aj.rakshasa_great_katana.bone.rakshasa_great_katana] run data modify entity @s {} merge value {transformation:[0.5806544803002385f,0.9889336411497229f,0.9988917136944275f,0.2945057943771118f,0.4219182156919619f,0.908304203248692f,-1.1445097297121805f,1.5860084411074886f,-1.3408055122024038f,0.7140922598242399f,0.07243514812947699f,1.0080710826856722f,0f,0f,0f,1f],start_interpolation:0}
execute if entity @s[tag=aj.rakshasa_great_katana.bone.left_arm2] run data modify entity @s {} merge value {transformation:[-0.06496248143931121f,-0.7527850599288907f,0.6550530738444813f,-0.07477555978014486f,-0.48368573524163894f,-0.5504176405758634f,-0.6805060840776181f,1.3163535313165895f,0.872827580641791f,-0.3610471915009941f,-0.32835489943084756f,0.8302198322816745f,0f,0f,0f,1f],start_interpolation:0}
execute if entity @s[tag=aj.rakshasa_great_katana.bone.left_arm] run data modify entity @s {} merge value {transformation:[-0.012536783138482221f,-0.7554788544462612f,0.6550530738444813f,-0.21799494288112908f,-0.4443006559974452f,-0.5826734905704781f,-0.6805060840776181f,1.1515646698349442f,0.8957900178885554f,-0.29957186762274474f,-0.32835489943084756f,0.8860238593384793f,0f,0f,0f,1f],start_interpolation:0}
execute if entity @s[tag=aj.rakshasa_great_katana.bone.head] run data modify entity @s {} merge value {transformation:[0.9472219489317935f,-0.06930684435068098f,0.3129970299986973f,-0.000020645559814706815f,-0.004240459507946914f,0.9735564493953887f,0.22840722042835102f,1.3843390362493766f,-0.32055046087163314f,-0.2176795837160535f,0.9218801445243244f,0.7333835404931179f,0f,0f,0f,1f],start_interpolation:0}
execute if entity @s[tag=aj.rakshasa_great_katana.bone.body_top] run data modify entity @s {} merge value {transformation:[0.9796662021503912f,-0.00002483676368676517f,0.20063432345280313f,-0.000010866084113043029f,0.026184073899814787f,0.9914632794757191f,-0.12773002671753098f,0.9939503699558122f,-0.1989183919054191f,0.13038621412705909f,0.9713037159032054f,0.6820439686805884f,0f,0f,0f,1f],start_interpolation:0}
execute if entity @s[tag=aj.rakshasa_great_katana.locator_origin.player_camera] at @s on origin run tp @s ^0.01255 ^-0.0055 ^0.61236 ~168.32902 ~-7.33844
execute if entity @s[tag=aj.rakshasa_great_katana.bone.body] run data modify entity @s {} merge value {transformation:[0.9796662021503912f,-0.00002483676368676517f,0.20063432345280313f,-8.326672684688674e-17f,0.026184073899814787f,0.9914632794757191f,-0.12773002671753098f,0.5601851851851851f,-0.1989183919054191f,0.13038621412705909f,0.9713037159032054f,0.625f,0f,0f,0f,1f],start_interpolation:0}
execute if entity @s[tag=aj.rakshasa_great_katana.bone.right_leg2] run data modify entity @s {} merge value {transformation:[0.9847164861372326f,-0.0614267247307071f,0.16297300211507187f,0.1751474430098521f,0.04914413750221832f,0.9957131930631571f,0.07835873218177364f,0.41681041495258997f,-0.16708768859106388f,-0.06915196778711213f,0.9835139600801128f,0.7715133257006002f,0f,0f,0f,1f],start_interpolation:0}
execute if entity @s[tag=aj.rakshasa_great_katana.bone.right_leg] run data modify entity @s {} merge value {transformation:[0.9847164861372326f,-0.1395407109839365f,0.10422011277886234f,0.12499999999999992f,0.04914413750221832f,0.7967014540449671f,0.602371684985108f,0.703125f,-0.16708768859106388f,-0.5880435214341984f,0.7913826642153359f,0.5601851851851851f,0f,0f,0f,1f],start_interpolation:0}
execute if entity @s[tag=aj.rakshasa_great_katana.bone.left_leg2] run data modify entity @s {} merge value {transformation:[0.955297218256682f,0.26693793730648896f,0.12708801051870436f,-0.21710309809332312f,-0.0875643697476017f,0.6660404798141926f,-0.74075809843672f,0.37904239945080986f,-0.28238219834428413f,0.696515769294161f,0.6596408698548115f,0.45862739035793443f,0f,0f,0f,1f],start_interpolation:0}
execute if entity @s[tag=aj.rakshasa_great_katana.bone.left_leg] run data modify entity @s {} merge value {transformation:[0.955297218256682f,0.2562868816509859f,0.14739151632525832f,-0.12500000000000008f,-0.0875643697476017f,0.7214407950869572f,-0.6869175062079902f,0.6383101851851851f,-0.28238219834428413f,0.6433041376191455f,0.711631983949806f,0.6898148148148149f,0f,0f,0f,1f],start_interpolation:0}