execute if entity @s[tag=aj.rakshasa_great_katana.bone.right_arm2] run data modify entity @s {} merge value {transformation:[0.3951892872015679f,0.9033540154317328f,-0.16666418356828017f,-0.0707569104139539f,-0.6428863090562122f,0.401579673484467f,0.6522506875980959f,1.135421347623487f,0.656142226128754f,-0.15061636248254523f,0.7394539136709803f,0.9785564721597104f,0f,0f,0f,1f],start_interpolation:0}
execute if entity @s[tag=aj.rakshasa_great_katana.bone.right_arm] run data modify entity @s {} merge value {transformation:[0.524342711499907f,0.8350375864668872f,-0.16666418356828017f,0.1380024862027679f,-0.5764851782712845f,0.4921726117545918f,0.6522506875980959f,1.2584645005621349f,0.6266813864560289f,-0.24592346253706618f,0.7394539136709803f,0.9170756065254438f,0f,0f,0f,1f],start_interpolation:0}
execute if entity @s[tag=aj.rakshasa_great_katana.bone.slash] run data modify entity @s {} merge value {transformation:[0.000010254625693965473f,0.000027932232203591542f,0.000029167519042805447f,0.7184134563342481f,-0.00002312886171611763f,0.000028731108622728877f,-0.000019382731080443066f,1.0356566086881656f,-0.00003310603447567351f,-0.000011420372697276965f,0.00002257602001819452f,1.091920284529349f,0f,0f,0f,1f],start_interpolation:0}
execute if entity @s[tag=aj.rakshasa_great_katana.bone.bone0] run data modify entity @s {} merge value {transformation:[-0.2852472681721959f,-0.686012422949663f,0.6693436722335042f,-1.8832399950314764f,0.4322003483123042f,-0.7153892323694974f,-0.5490183103763526f,-0.47724382245250196f,0.8554746372155186f,0.13268459506858785f,0.5005576323586148f,1.1984891436647604f,0f,0f,0f,1f],start_interpolation:0}
execute if entity @s[tag=aj.rakshasa_great_katana.bone.bone1] run data modify entity @s {} merge value {transformation:[-0.31489921759258965f,-0.6729171800456152f,0.6693436722335042f,-2.4376186789415604f,0.40058414930475145f,-0.7335606547500242f,-0.5490183103763526f,-1.0693059123621569f,0.8604480356682582f,0.09524302915265764f,0.5005576323586148f,1.2904204875929937f,0f,0f,0f,1f],start_interpolation:0}
execute if entity @s[tag=aj.rakshasa_great_katana.bone.bone2] run data modify entity @s {} merge value {transformation:[-0.34395173845459437f,-0.6585410010432381f,0.6693436722335042f,-2.8608881730993936f,0.36820541560128256f,-0.7503357027313723f,-0.5490183103763526f,-1.5371575304282667f,0.8637835223804341f,0.05762016271747544f,0.5005576323586148f,1.3432688530886399f,0f,0f,0f,1f],start_interpolation:0}
execute if entity @s[tag=aj.rakshasa_great_katana.bone.bone3] run data modify entity @s {} merge value {transformation:[-0.5026748202211846f,-0.54708050006975f,0.6693436722335042f,-3.0390963264785897f,0.161457950221516f,-0.8200672077224902f,-0.5490183103763526f,-1.7570650943482593f,0.8492640080833916f,-0.16790682315400776f,0.5005576323586148f,1.3403705267346586f,0f,0f,0f,1f],start_interpolation:0}
execute if entity @s[tag=aj.rakshasa_great_katana.bone.bone7] run data modify entity @s {} merge value {transformation:[-0.6737696214578448f,-0.2535426759291359f,0.6940825661859302f,-3.1701943972588897f,-0.1646584382504129f,-0.8641625089029197f,-0.4755110481571876f,-1.9305202931958467f,0.7203624753646516f,-0.43467145028090537f,0.5404985054532588f,1.2944883653334531f,0f,0f,0f,1f],start_interpolation:0}
execute if entity @s[tag=aj.rakshasa_great_katana.bone.bone10] run data modify entity @s {} merge value {transformation:[-0.45638430968338645f,-0.5011876962819428f,0.7352035466252992f,-3.1455418928084713f,0.016944145239786018f,-0.8310185919861177f,-0.5559865067746736f,-1.8666252366886786f,0.8896214126339993f,-0.24128612241281205f,0.38775604355583865f,1.3186722601016352f,0f,0f,0f,1f],start_interpolation:0}
execute if entity @s[tag=aj.rakshasa_great_katana.bone.bone4] run data modify entity @s {} merge value {transformation:[-0.6311180713298375f,-0.5011876962819428f,0.5920311420326684f,-3.1505350065092435f,0.1602666842648095f,-0.8310185919861177f,-0.5326562584708594f,-1.863233781769709f,0.7589496491570903f,-0.24128612241281205f,0.6047945412909407f,1.3173631299476756f,0f,0f,0f,1f],start_interpolation:0}
execute if entity @s[tag=aj.rakshasa_great_katana.bone.bone11] run data modify entity @s {} merge value {transformation:[-0.8026710771581345f,-0.334916432997792f,0.4935079784581361f,-3.1701943972588897f,-0.041926064659674966f,-0.7937159575710608f,-0.6068419759700274f,-1.9305202931958467f,0.5949465076760714f,-0.5077853499315339f,0.6230511145957099f,1.2944883653334531f,0f,0f,0f,1f],start_interpolation:0}
execute if entity @s[tag=aj.rakshasa_great_katana.bone.bone5] run data modify entity @s {} merge value {transformation:[-0.5484431980949047f,-0.5011876962819428f,0.6693436722335042f,-3.127054837692719f,0.08936998738338342f,-0.8310185919861177f,-0.5490183103763526f,-1.846007642529917f,0.8313982582484327f,-0.24128612241281205f,0.5005576323586148f,1.3468712974084829f,0f,0f,0f,1f],start_interpolation:0}
execute if entity @s[tag=aj.rakshasa_great_katana.bone.bone8] run data modify entity @s {} merge value {transformation:[-0.5026748202211846f,-0.7615832105726525f,0.4090342754457762f,-3.104989277004414f,0.161457950221516f,-0.5475430970523858f,-0.8210529137519387f,-1.8742635251361892f,0.8492640080833916f,-0.3466807901285174f,0.3981997919763398f,1.3489153870120907f,0f,0f,0f,1f],start_interpolation:0}
execute if entity @s[tag=aj.rakshasa_great_katana.bone.bone9] run data modify entity @s {} merge value {transformation:[-0.6693436722335042f,-0.6729171800456152f,-0.3148992175925895f,-3.1440493335170725f,0.5490183103763526f,-0.7335606547500242f,0.4005841493047513f,-1.862299067349205f,-0.5005576323586145f,0.09524302915265764f,0.8604480356682583f,1.3398571055190593f,0f,0f,0f,1f],start_interpolation:0}
execute if entity @s[tag=aj.rakshasa_great_katana.bone.bone6] run data modify entity @s {} merge value {transformation:[-0.5026748202211846f,-0.7230354704424391f,0.4738541269184866f,-3.133750137920697f,0.16145795022151604f,-0.6170190067935f,-0.7702070342225069f,-1.850672894612205f,0.8492640080833916f,-0.3106561664246253f,0.4268997433080617f,1.3274070512466816f,0f,0f,0f,1f],start_interpolation:0}
execute if entity @s[tag=aj.rakshasa_great_katana.locator_origin.rakshasa0] at @s on origin run tp @s ^-0.32394 ^1.08583 ^0.8278 ~126.79037 ~-33.29969
execute if entity @s[tag=aj.rakshasa_great_katana.locator_origin.rakshasa1] at @s on origin run tp @s ^-0.84729 ^0.56394 ^0.95521 ~126.79037 ~-33.29969
execute if entity @s[tag=aj.rakshasa_great_katana.locator_origin.rakshasa2] at @s on origin run tp @s ^-1.37064 ^0.04205 ^1.08261 ~126.79037 ~-33.29969
execute if entity @s[tag=aj.rakshasa_great_katana.locator_origin.rakshasa3] at @s on origin run tp @s ^-1.89399 ^-0.47984 ^1.21002 ~126.79037 ~-33.29969
execute if entity @s[tag=aj.rakshasa_great_katana.locator_origin.rakshasa4] at @s on origin run tp @s ^-2.4014 ^-1.03067 ^1.28437 ~126.79037 ~-33.29969
execute if entity @s[tag=aj.rakshasa_great_katana.locator_origin.rakshasa5] at @s on origin run tp @s ^-2.90881 ^-1.5815 ^1.35872 ~126.79037 ~-33.29969
execute if entity @s[tag=aj.rakshasa_great_katana.bone.rakshasa_great_katana] run data modify entity @s {} merge value {transformation:[-0.38789209184592155f,-1.0612402408705148f,1.0179601681884545f,-0.7237901089092356f,0.7041364488672776f,-1.0582810394277398f,-0.834965347030703f,0.6893407035077299f,1.2909940411317766f,0.25834941556468566f,0.7612647325453935f,0.9276066409747373f,0f,0f,0f,1f],start_interpolation:0}
execute if entity @s[tag=aj.rakshasa_great_katana.bone.left_arm2] run data modify entity @s {} merge value {transformation:[0.24611101665517127f,0.6703735728861969f,0.7000204570273306f,-0.3792755022454483f,-0.5550926811868231f,0.689546606945493f,-0.4651855459306335f,1.070767427334372f,-0.794544827416164f,-0.2740889447346471f,0.5418244804366684f,0.8099821593304546f,0f,0f,0f,1f],start_interpolation:0}
execute if entity @s[tag=aj.rakshasa_great_katana.bone.left_arm] run data modify entity @s {} merge value {transformation:[0.6637601109562793f,0.20336970042514968f,0.7197661287198035f,-0.25713813532233354f,0.2154080044061124f,0.86957312680782f,-0.44434442583591294f,1.2651661516605375f,-0.7162554758890741f,0.44998149082229566f,0.533380493809307f,0.807113006378484f,0f,0f,0f,1f],start_interpolation:0}
execute if entity @s[tag=aj.rakshasa_great_katana.bone.head] run data modify entity @s {} merge value {transformation:[0.9998567230472856f,-0.016234104189146944f,0.004794500841578786f,-0.01300606584936458f,0.016585764263675792f,0.9961737588183512f,-0.0858064954738689f,1.3681553309936905f,-0.0033831643373849196f,0.08587372184139458f,0.9963002851029267f,0.9131724454892979f,0f,0f,0f,1f],start_interpolation:0}
execute if entity @s[tag=aj.rakshasa_great_katana.bone.body_top] run data modify entity @s {} merge value {transformation:[0.9974983126965757f,-0.01564639500675428f,-0.06893697477244778f,-0.006845297815455081f,-0.009263553483330253f,0.9378553153161097f,-0.34690285976074337f,0.9988748005879722f,0.070080687384942f,0.34667361863374185f,0.935364153364368f,0.776669708152262f,0f,0f,0f,1f],start_interpolation:0}
execute if entity @s[tag=aj.rakshasa_great_katana.locator_origin.player_camera] at @s on origin run tp @s ^0.00449 ^0.03934 ^0.48846 ~-175.78488 ~-20.298
execute if entity @s[tag=aj.rakshasa_great_katana.bone.body] run data modify entity @s {} merge value {transformation:[0.9974983126965757f,-0.01564639500675428f,-0.06893697477244778f,-8.326672684688674e-17f,-0.009263553483330253f,0.9378553153161097f,-0.34690285976074337f,0.5885631001371743f,0.070080687384942f,0.34667361863374185f,0.935364153364368f,0.625f,0f,0f,0f,1f],start_interpolation:0}
execute if entity @s[tag=aj.rakshasa_great_katana.bone.right_leg2] run data modify entity @s {} merge value {transformation:[0.9911541446832473f,-0.07878300681853664f,-0.10680215032409687f,0.12291805261962137f,0.07754330710874349f,0.9968650846395279f,-0.01571746001317431f,0.3809702171712493f,0.10770560338190242f,0.007296633693495369f,0.9941560552231643f,0.8508236970655692f,0f,0f,0f,1f],start_interpolation:0}
execute if entity @s[tag=aj.rakshasa_great_katana.bone.right_leg] run data modify entity @s {} merge value {transformation:[0.9911541446832473f,0.005793244884531611f,-0.13258921445927804f,0.12499999999999992f,0.07754330710874349f,0.7854985118183453f,0.6139862567303961f,0.6632587448559671f,0.10770560338190242f,-0.6188364293130072f,0.7781008782640383f,0.6284293552812071f,0f,0f,0f,1f],start_interpolation:0}
execute if entity @s[tag=aj.rakshasa_great_katana.bone.left_leg2] run data modify entity @s {} merge value {transformation:[0.9960812075371088f,-0.0357118555900957f,-0.08091286277055851f,-0.12334108396560087f,-0.037431449719904766f,0.6586601526725097f,-0.7515089419649592f,0.3494365574601537f,0.08013185735574414f,0.7515926201418814f,0.6547422537036847f,0.45275388817003853f,0f,0f,0f,1f],start_interpolation:0}
execute if entity @s[tag=aj.rakshasa_great_katana.bone.left_leg] run data modify entity @s {} merge value {transformation:[0.9960812075371088f,-0.004616114182676094f,-0.08832281404749047f,-0.12500000000000008f,-0.037431449719904766f,0.8827869013621443f,-0.4682800159683199f,0.6666881001371743f,0.08013185735574414f,0.4697509747443599f,0.8791546548608171f,0.6215706447187929f,0f,0f,0f,1f],start_interpolation:0}