execute if entity @s[tag=aj.giant_hunt.bone.right_arm2] run data modify entity @s {} merge value {transformation:[0.39125945183847416f,0.9201989544175241f,0.012244412438008667f,0.034685770404943306f,0.060373358010079814f,-0.03894203426577454f,0.9974159491455056f,1.3241222960742096f,0.918297935851782f,-0.3895091812218789f,-0.07079193989585231f,0.06400970226765458f,0f,0f,0f,1f],start_interpolation:0}
execute if entity @s[tag=aj.giant_hunt.bone.right_arm] run data modify entity @s {} merge value {transformation:[0.5080222385941813f,0.8612569183802268f,0.012244412438008667f,0.25f,0.05477390011296068f,-0.04648918429683868f,0.9974159491455056f,1.3125f,0.8596006194507844f,-0.5060388090706184f,-0.07079193989585231f,-0.06250000000000001f,0f,0f,0f,1f],start_interpolation:0}
execute if entity @s[tag=aj.giant_hunt.bone.vfx0] run data modify entity @s {} merge value {transformation:[0.000009914448613738104f,0f,0.0000013052619222005157f,-0.4375f,-0.0000011303899832181542f,-0.000004999999999999996f,0.00000858616436401261f,2.1825127770194572f,6.526309611002573e-7f,-0.000008660254037844388f,-0.000004957224306869048f,-0.24265199339538934f,0f,0f,0f,1f],start_interpolation:0}
execute if entity @s[tag=aj.giant_hunt.bone.vfx1] run data modify entity @s {} merge value {transformation:[0.000009914448613738104f,0f,-0.0000013052619222005157f,-0.4375f,0.0000011303899832181542f,-0.000004999999999999996f,0.00000858616436401261f,2.1825127770194572f,-6.526309611002573e-7f,-0.000008660254037844388f,-0.000004957224306869048f,-0.24265199339538934f,0f,0f,0f,1f],start_interpolation:0}
execute if entity @s[tag=aj.giant_hunt.locator_origin.zweihander0] at @s on origin run tp @s ^-0.3125 ^1.60435 ^0.08284 ~0 ~60
execute if entity @s[tag=aj.giant_hunt.locator_origin.zweihander1] at @s on origin run tp @s ^-0.3125 ^2.14561 ^-0.22966 ~0 ~60
execute if entity @s[tag=aj.giant_hunt.locator_origin.zweihander2] at @s on origin run tp @s ^-0.3125 ^2.741 ^-0.57341 ~0 ~60
execute if entity @s[tag=aj.giant_hunt.locator_origin.zweihander3] at @s on origin run tp @s ^-0.3125 ^3.17402 ^-0.82341 ~0 ~60
execute if entity @s[tag=aj.giant_hunt.bone.zweihander] run data modify entity @s {} merge value {transformation:[1.3333333333333333f,0f,0f,-0.3125f,0f,-0.6666666666666661f,1.1547005383792515f,2.1825127770194572f,0f,-1.1547005383792515f,-0.6666666666666661f,-0.24265199339538934f,0f,0f,0f,1f],start_interpolation:0}
execute if entity @s[tag=aj.giant_hunt.bone.left_arm2] run data modify entity @s {} merge value {transformation:[1f,0f,0f,-0.375f,0f,-0.4999999999999996f,0.8660254037844387f,1.170211988927752f,0f,-0.8660254037844387f,-0.4999999999999996f,0.0808941090877615f,0f,0f,0f,1f],start_interpolation:0}
execute if entity @s[tag=aj.giant_hunt.bone.left_arm] run data modify entity @s {} merge value {transformation:[1f,0f,0f,-0.25f,0f,0.8191520442889918f,0.573576436351046f,1.375f,0f,-0.573576436351046f,0.8191520442889918f,-0.06250000000000001f,0f,0f,0f,1f],start_interpolation:0}
execute if entity @s[tag=aj.giant_hunt.bone.head] run data modify entity @s {} merge value {transformation:[1f,0f,0f,0f,0f,1f,0f,1.51875f,0f,0f,1f,-0.06250000000000001f,0f,0f,0f,1f],start_interpolation:0}
execute if entity @s[tag=aj.giant_hunt.bone.body_top] run data modify entity @s {} merge value {transformation:[1f,0f,0f,0f,0f,1f,0f,1.125f,0f,0f,1f,-0.06250000000000001f,0f,0f,0f,1f],start_interpolation:0}
execute if entity @s[tag=aj.giant_hunt.locator_origin.player_camera] at @s on origin run tp @s ^0 ^0.0625 ^0.3125 ~-180 ~0
execute if entity @s[tag=aj.giant_hunt.bone.body] run data modify entity @s {} merge value {transformation:[1f,0f,0f,0f,0f,1f,0f,0.6875f,0f,0f,1f,-0.06250000000000001f,0f,0f,0f,1f],start_interpolation:0}
execute if entity @s[tag=aj.giant_hunt.bone.right_leg2] run data modify entity @s {} merge value {transformation:[0.9971954110328887f,-0.07479487783903248f,-0.00265301036422475f,0.15557914818388355f,0.07378992837632538f,0.9884833760624997f,-0.13211987631805944f,0.4161037368843214f,0.012504346650875024f,0.13155356892584388f,0.99123019517048f,0.015282986259005704f,0f,0f,0f,1f],start_interpolation:0}
execute if entity @s[tag=aj.giant_hunt.bone.right_leg] run data modify entity @s {} merge value {transformation:[0.9961946980917455f,-0.08508980364211077f,-0.018863955312791746f,0.125f,0.0871557427476582f,0.9725809060610187f,0.21561599586216237f,0.765625f,0f,-0.21643961393810288f,0.9762960071199334f,-0.06250000000000001f,0f,0f,0f,1f],start_interpolation:0}
execute if entity @s[tag=aj.giant_hunt.bone.left_leg2] run data modify entity @s {} merge value {transformation:[0.9961946980917455f,0.08052140686538041f,-0.03335305878500261f,-0.15557914818388355f,-0.0871557427476582f,0.9203638919632243f,-0.3812272063696535f,0.4161037368843214f,0f,0.3826834323650897f,0.9238795325112867f,-0.14028298625900573f,0f,0f,0f,1f],start_interpolation:0}
execute if entity @s[tag=aj.giant_hunt.bone.left_leg] run data modify entity @s {} merge value {transformation:[0.9961946980917455f,0.08508980364211077f,-0.018863955312791746f,-0.125f,-0.0871557427476582f,0.9725809060610187f,-0.21561599586216237f,0.765625f,0f,0.21643961393810288f,0.9762960071199334f,-0.06250000000000001f,0f,0f,0f,1f],start_interpolation:0}