execute if entity @s[tag=aj.giant_hunt.bone.right_arm2] run data modify entity @s {} merge value {transformation:[0.8227724091693372f,-0.32064224769003935f,0.4692910735417456f,0.4218231146110569f,0.5666806529508897f,0.3991492242525662f,-0.7208002041826348f,1.1780238902251914f,0.04380182965171754f,0.858992692503757f,0.5101107271409884f,4.007773093244781f,0f,0f,0f,1f],start_interpolation:0}
execute if entity @s[tag=aj.giant_hunt.bone.right_arm] run data modify entity @s {} merge value {transformation:[0.7738812654952302f,-0.4252924584442299f,0.4692910735417456f,0.31549999999999945f,0.61393204977739f,0.32176777947209734f,-0.7208002041826348f,1.2584658350932156f,0.15554814422433139f,0.8459266049037935f,0.5101107271409884f,4.21925474447073f,0f,0f,0f,1f],start_interpolation:0}
execute if entity @s[tag=aj.giant_hunt.bone.vfx0] run data modify entity @s {} merge value {transformation:[0.9914448613738104f,0f,0.22189452677408766f,-0.5250000000000006f,-0.11118063076226038f,0.628664159393327f,1.4356512467252867f,1.4715171565684464f,-0.06838094909235878f,-1.022145476287148f,0.8829882880105668f,4.645060920361029f,0f,0f,0f,1f],start_interpolation:0}
execute if entity @s[tag=aj.giant_hunt.bone.vfx1] run data modify entity @s {} merge value {transformation:[0.9914448613738104f,0f,-0.22189452677408766f,-0.2750000000000006f,0.11118063076226038f,0.628664159393327f,1.4356512467252867f,1.4715171565684464f,0.06838094909235878f,-1.022145476287148f,0.8829882880105668f,4.645060920361029f,0f,0f,0f,1f],start_interpolation:0}
execute if entity @s[tag=aj.giant_hunt.locator_origin.zweihander0] at @s on origin run tp @s ^-0.275 ^1.76196 ^4.81524 ~-180 ~58.40667
execute if entity @s[tag=aj.giant_hunt.locator_origin.zweihander1] at @s on origin run tp @s ^-0.275 ^2.29433 ^5.14267 ~-180 ~58.40667
execute if entity @s[tag=aj.giant_hunt.locator_origin.zweihander2] at @s on origin run tp @s ^-0.275 ^2.87993 ^5.50284 ~-180 ~58.40667
execute if entity @s[tag=aj.giant_hunt.locator_origin.zweihander3] at @s on origin run tp @s ^-0.275 ^3.30582 ^5.76479 ~-180 ~58.40667
execute if entity @s[tag=aj.giant_hunt.bone.zweihander] run data modify entity @s {} merge value {transformation:[1.3333333333333333f,0f,0f,-0.2750000000000006f,0f,0.6985157326592522f,1.1357171958746088f,2.323305053474403f,0f,-1.1357171958746088f,0.6985157326592522f,5.168947719855468f,0f,0f,0f,1f],start_interpolation:0}
execute if entity @s[tag=aj.giant_hunt.bone.left_arm2] run data modify entity @s {} merge value {transformation:[1f,0f,0f,-0.37500000000000056f,0f,-0.802886843670801f,0.5961314588749183f,1.3791855633887338f,0f,-0.5961314588749183f,-0.802886843670801f,4.593688475519925f,0f,0f,0f,1f],start_interpolation:0}
execute if entity @s[tag=aj.giant_hunt.bone.left_arm] run data modify entity @s {} merge value {transformation:[1f,0f,0f,-0.25000000000000056f,0f,-0.37179993223869673f,0.9283128838852234f,1.2862355803290595f,0f,-0.9283128838852234f,-0.37179993223869673f,4.361610254548619f,0f,0f,0f,1f],start_interpolation:0}
execute if entity @s[tag=aj.giant_hunt.bone.head] run data modify entity @s {} merge value {transformation:[1f,0f,0f,-5.273559366969494e-16f,0f,0.9579895123154889f,0.2868032327110902f,1.395343656562992f,0f,-0.2868032327110902f,0.9579895123154889f,4.289832889031833f,0f,0f,0f,1f],start_interpolation:0}
execute if entity @s[tag=aj.giant_hunt.bone.body_top] run data modify entity @s {} merge value {transformation:[1f,0f,0f,-5.273559366969494e-16f,0f,0.9983081582712682f,-0.05814482891047583f,1.00225981924368f,0f,0.05814482891047583f,0.9983081582712682f,4.266938362648333f,0f,0f,0f,1f],start_interpolation:0}
execute if entity @s[tag=aj.giant_hunt.locator_origin.player_camera] at @s on origin run tp @s ^0 ^-0.08025 ^4.57953 ~-180 ~-3.33333
execute if entity @s[tag=aj.giant_hunt.bone.body] run data modify entity @s {} merge value {transformation:[1f,0f,0f,-5.273559366969494e-16f,0f,0.9983081582712682f,-0.05814482891047583f,0.5655000000000001f,0f,0.05814482891047583f,0.9983081582712682f,4.2415f,0f,0f,0f,1f],start_interpolation:0}
execute if entity @s[tag=aj.giant_hunt.bone.right_leg2] run data modify entity @s {} merge value {transformation:[0.9961946980917455f,-0.039242246931551324f,0.07782139519219068f,0.1458605540102292f,0.08715574274765818f,0.4485409349055075f,-0.8895026173205999f,0.4051877765984965f,-6.938893903907228e-18f,0.8929003728131468f,0.45025428840838755f,3.9674274008631847f,0f,0f,0f,1f],start_interpolation:0}
execute if entity @s[tag=aj.giant_hunt.bone.right_leg] run data modify entity @s {} merge value {transformation:[0.9961946980917455f,-0.05804675898498706f,0.06501305457548348f,0.12499999999999947f,0.08715574274765818f,0.6634774912041841f,-0.743102614160054f,0.6436250000000001f,-6.938893903907228e-18f,0.7459411454241821f,0.6660118674342517f,4.2355f,0f,0f,0f,1f],start_interpolation:0}
execute if entity @s[tag=aj.giant_hunt.bone.left_leg2] run data modify entity @s {} merge value {transformation:[0.9961946980917455f,0.08713466887577043f,0.00191650040589985f,-0.13787932066768133f,-0.08715574274765817f,0.9959538226338469f,0.021905699877698748f,0.4964136911443733f,6.938893903907228e-18f,-0.021989376092504787f,0.9997582044369839f,4.563087155226135f,0f,0f,0f,1f],start_interpolation:0}
execute if entity @s[tag=aj.giant_hunt.bone.left_leg] run data modify entity @s {} merge value {transformation:[0.9961946980917455f,0.03583810968398139f,0.07944654421795128f,-0.12500000000000053f,-0.08715574274765817f,0.40963146812000506f,0.908078155684825f,0.6436250000000001f,6.938893903907228e-18f,-0.9115468667162034f,0.41119619378086636f,4.2355f,0f,0f,0f,1f],start_interpolation:0}