execute if entity @s[tag=aj.giant_hunt.bone.right_arm2] run data modify entity @s {} merge value {transformation:[0.2942038729591926f,0.9538133127429831f,-0.0606979865404737f,0.023187000911198352f,-0.15989326477170135f,0.11173383229061844f,0.9807903418174031f,1.2190616901086204f,0.9422729036836713f,-0.27884711789062516f,0.18538085075766028f,0.1783974928881092f,0f,0f,0f,1f],start_interpolation:0}
execute if entity @s[tag=aj.giant_hunt.bone.right_arm] run data modify entity @s {} merge value {transformation:[0.41618453784279963f,0.9072519963552066f,-0.0606979865404737f,0.25f,-0.14394116405513713f,0.13164819287841947f,0.9807903418174031f,1.2519737383282252f,0.8978147758591563f,-0.39945283629151845f,0.18538085075766028f,0.07853428381522959f,0f,0f,0f,1f],start_interpolation:0}
execute if entity @s[tag=aj.giant_hunt.bone.vfx0] run data modify entity @s {} merge value {transformation:[0.000009914448613738104f,0f,0.0000013052619222005157f,-0.436875f,-0.0000012913591679374106f,0.0000014556502677906157f,0.000009808846710865915f,2.1761779563381842f,-1.9000048665880743e-7f,-0.000009893486862470739f,0.0000014431969779584169f,0.4801111108347455f,0f,0f,0f,1f],start_interpolation:0}
execute if entity @s[tag=aj.giant_hunt.bone.vfx1] run data modify entity @s {} merge value {transformation:[0.000009914448613738104f,0f,-0.0000013052619222005157f,-0.436875f,0.0000012913591679374106f,0.0000014556502677906157f,0.000009808846710865915f,2.1761779563381842f,1.9000048665880743e-7f,-0.000009893486862470739f,0.0000014431969779584169f,0.4801111108347455f,0f,0f,0f,1f],start_interpolation:0}
execute if entity @s[tag=aj.giant_hunt.locator_origin.zweihander0] at @s on origin run tp @s ^-0.3125 ^1.40284 ^0.35905 ~-180 ~81.63
execute if entity @s[tag=aj.giant_hunt.locator_origin.zweihander1] at @s on origin run tp @s ^-0.3125 ^2.02118 ^0.45003 ~-180 ~81.63
execute if entity @s[tag=aj.giant_hunt.locator_origin.zweihander2] at @s on origin run tp @s ^-0.3125 ^2.70136 ^0.5501 ~-180 ~81.63
execute if entity @s[tag=aj.giant_hunt.locator_origin.zweihander3] at @s on origin run tp @s ^-0.3125 ^3.19604 ^0.62289 ~-180 ~81.63
execute if entity @s[tag=aj.giant_hunt.bone.zweihander] run data modify entity @s {} merge value {transformation:[1.3333333333333333f,0f,0f,-0.3125f,0f,0.19408670237208206f,1.3191315816627651f,2.0581775140722574f,0f,-1.3191315816627651f,0.19408670237208206f,0.46274944878661783f,0f,0f,0f,1f],start_interpolation:0}
execute if entity @s[tag=aj.giant_hunt.bone.left_arm2] run data modify entity @s {} merge value {transformation:[1f,0f,0f,-0.375f,0f,0.14556502677906155f,0.9893486862470738f,1.063677733910138f,0f,-0.9893486862470738f,0.14556502677906155f,0.0880426924282337f,0f,0f,0f,1f],start_interpolation:0}
execute if entity @s[tag=aj.giant_hunt.bone.left_arm] run data modify entity @s {} merge value {transformation:[1f,0f,0f,-0.25f,0f,0.9999967977110836f,-0.002530724714017718f,1.3136769333379088f,0f,0.002530724714017718f,0.9999967977110836f,0.08867537360673813f,0f,0f,0f,1f],start_interpolation:0}
execute if entity @s[tag=aj.giant_hunt.bone.head] run data modify entity @s {} merge value {transformation:[1f,0f,0f,0f,0f,0.9860069499475987f,-0.16670421306923677f,1.4547196103085627f,0f,0.16670421306923677f,0.9860069499475987f,0.11644272445178339f,0f,0f,0f,1f],start_interpolation:0}
execute if entity @s[tag=aj.giant_hunt.bone.body_top] run data modify entity @s {} merge value {transformation:[1f,0f,0f,0f,0f,0.9811664484915039f,-0.1931641797916191f,1.068385321215033f,0f,0.1931641797916191f,0.9811664484915039f,0.04038432865883337f,0f,0f,0f,1f],start_interpolation:0}
execute if entity @s[tag=aj.giant_hunt.locator_origin.player_camera] at @s on origin run tp @s ^0 ^-0.04654 ^0.20308 ~-180 ~-11.1375
execute if entity @s[tag=aj.giant_hunt.bone.body] run data modify entity @s {} merge value {transformation:[1f,0f,0f,0f,0f,0.9811664484915039f,-0.1931641797916191f,0.6391249999999999f,0f,0.1931641797916191f,0.9811664484915039f,-0.04412499999999999f,0f,0f,0f,1f],start_interpolation:0}
execute if entity @s[tag=aj.giant_hunt.bone.right_leg2] run data modify entity @s {} merge value {transformation:[0.9971263211555231f,-0.07198286398392606f,0.023612855641033655f,0.15632131451210055f,0.07544594443694663f,0.9153546289071419f,-0.3955171460332481f,0.35924573693545286f,0.006856320213485636f,0.3961620509727554f,0.918155008831401f,-0.013396022631217462f,0f,0f,0f,1f],start_interpolation:0}
execute if entity @s[tag=aj.giant_hunt.bone.right_leg] run data modify entity @s {} merge value {transformation:[0.9961946980917455f,-0.0871549621206276f,0.00036887890687932153f,0.125f,0.08715574274765817f,0.996185775483957f,-0.004216305199016077f,0.7172499999999999f,0f,0.004232410799909489f,0.9999910433092992f,-0.01187499999999999f,0f,0f,0f,1f],start_interpolation:0}
execute if entity @s[tag=aj.giant_hunt.bone.left_leg2] run data modify entity @s {} merge value {transformation:[0.9961946980917455f,0.08289003707270438f,-0.026932605666397453f,-0.15619892768383395f,-0.08715574274765818f,0.9474374591188379f,-0.30784109141656935f,0.3606446247837092f,0f,0.3090169943749474f,0.9510565162951536f,0.019899579512991122f,0f,0f,0f,1f],start_interpolation:0}
execute if entity @s[tag=aj.giant_hunt.bone.left_leg] run data modify entity @s {} merge value {transformation:[0.9961946980917455f,0.08681440746805967f,0.007705981434293603f,-0.125f,-0.08715574274765818f,0.9922932179931568f,0.08807977083808374f,0.7172499999999999f,0f,-0.08841622125354048f,0.9960836168812561f,-0.01187499999999999f,0f,0f,0f,1f],start_interpolation:0}