execute if entity @s[tag=aj.giant_hunt.bone.right_arm2] run data modify entity @s {} merge value {transformation:[0.0915031594161042f,0.9552493990713823f,-0.2812930098502884f,0.01621661273373648f,-0.6866986513103351f,0.2651001687665508f,0.6768802425898642f,0.8902132029477092f,0.7211602693614216f,0.131226849743906f,0.6802259770112078f,0.6326416009968908f,0f,0f,0f,1f],start_interpolation:0}
execute if entity @s[tag=aj.giant_hunt.bone.right_arm] run data modify entity @s {} merge value {transformation:[0.2154054038838451f,0.9351335490650539f,-0.2812930098502884f,0.24999999999999994f,-0.6462213335679668f,0.35246436023110966f,0.6768802425898642f,0.9783292930054867f,0.7321191842994393f,0.03597388191273565f,0.6802259770112078f,0.6416350714750747f,0f,0f,0f,1f],start_interpolation:0}
execute if entity @s[tag=aj.giant_hunt.bone.vfx0] run data modify entity @s {} merge value {transformation:[0.000009914448613738104f,0f,0.0000013052619222005157f,-0.43562500000000004f,4.1340947295228064e-7f,0.000009485173086421745f,-0.000003140156704416823f,0.3779569816456796f,-0.0000012380635255187443f,0.0000031672529928347386f,0.000009404026115774004f,1.6840980742200076f,0f,0f,0f,1f],start_interpolation:0}
execute if entity @s[tag=aj.giant_hunt.bone.vfx1] run data modify entity @s {} merge value {transformation:[0.000009914448613738104f,0f,-0.0000013052619222005157f,-0.43562500000000004f,-4.1340947295228064e-7f,0.000009485173086421745f,-0.000003140156704416823f,0.3779569816456796f,0.0000012380635255187443f,0.0000031672529928347386f,0.000009404026115774004f,1.6840980742200076f,0f,0f,0f,1f],start_interpolation:0}
execute if entity @s[tag=aj.giant_hunt.locator_origin.zweihander0] at @s on origin run tp @s ^-0.3125 ^0.70825 ^0.71769 ~-180 ~-18.465
execute if entity @s[tag=aj.giant_hunt.locator_origin.zweihander1] at @s on origin run tp @s ^-0.3125 ^0.51029 ^1.31052 ~-180 ~-18.465
execute if entity @s[tag=aj.giant_hunt.locator_origin.zweihander2] at @s on origin run tp @s ^-0.3125 ^0.29255 ^1.96262 ~-180 ~-18.465
execute if entity @s[tag=aj.giant_hunt.locator_origin.zweihander3] at @s on origin run tp @s ^-0.3125 ^0.13418 ^2.43688 ~-180 ~-18.465
execute if entity @s[tag=aj.giant_hunt.bone.zweihander] run data modify entity @s {} merge value {transformation:[1.3333333333333333f,0f,0f,-0.31250000000000006f,0f,1.2646897448562324f,-0.42230039904463174f,0.4912852527955476f,0f,0.42230039904463174f,1.2646897448562324f,1.3447067247214795f,0f,0f,0f,1f],start_interpolation:0}
execute if entity @s[tag=aj.giant_hunt.bone.left_arm2] run data modify entity @s {} merge value {transformation:[1f,0f,0f,-0.37500000000000006f,0f,0.9485173086421744f,-0.3167252992834738f,1.0345077072774302f,0f,0.3167252992834738f,0.9485173086421744f,0.43128221719510257f,0f,0f,0f,1f],start_interpolation:0}
execute if entity @s[tag=aj.giant_hunt.bone.left_arm] run data modify entity @s {} merge value {transformation:[1f,0f,0f,-0.25000000000000006f,0f,-0.03080018944246099f,-0.9995255616192658f,1.026807659916815f,0f,0.9995255616192658f,-0.03080018944246099f,0.681163607599919f,0f,0f,0f,1f],start_interpolation:0}
execute if entity @s[tag=aj.giant_hunt.bone.head] run data modify entity @s {} merge value {transformation:[1f,0f,0f,-4.163336342344337e-17f,0f,0.8191645575907048f,-0.5735585650892374f,1.1344492615357855f,0f,0.5735585650892374f,0.8191645575907048f,0.7764387255526295f,0f,0f,0f,1f],start_interpolation:0}
execute if entity @s[tag=aj.giant_hunt.bone.body_top] run data modify entity @s {} merge value {transformation:[1f,0f,0f,-4.163336342344337e-17f,0f,0.7488111416971854f,-0.6627834292362459f,0.8396048744925186f,0f,0.6627834292362459f,0.7488111416971854f,0.5154677502908576f,0f,0f,0f,1f],start_interpolation:0}
execute if entity @s[tag=aj.giant_hunt.locator_origin.player_camera] at @s on origin run tp @s ^0 ^-0.20455 ^0.09206 ~-180 ~-41.5125
execute if entity @s[tag=aj.giant_hunt.bone.body] run data modify entity @s {} merge value {transformation:[1f,0f,0f,-4.163336342344337e-17f,0f,0.7488111416971854f,-0.6627834292362459f,0.512f,0f,0.6627834292362459f,0.7488111416971854f,0.22550000000000003f,0f,0f,0f,1f],start_interpolation:0}
execute if entity @s[tag=aj.giant_hunt.bone.right_leg2] run data modify entity @s {} merge value {transformation:[0.9962960616577198f,-0.037536691348958526f,0.07736377917275168f,0.1509369366575083f,0.08598925599495255f,0.4356778460748873f,-0.8959858605430004f,0.2936644574312718f,-0.0000733399739640861f,0.899319637972017f,0.4372918743575377f,0.14103334608010268f,0f,0f,0f,1f],start_interpolation:0}
execute if entity @s[tag=aj.giant_hunt.bone.right_leg] run data modify entity @s {} merge value {transformation:[0.9961946980917455f,-0.07217234548176234f,0.0488597589183278f,0.12499999999999996f,0.08715574274765818f,0.8249336836695046f,-0.5584695999367968f,0.590125f,0f,0.5606028630814535f,0.8280847963251572f,0.3425f,0f,0f,0f,1f],start_interpolation:0}
execute if entity @s[tag=aj.giant_hunt.bone.left_leg2] run data modify entity @s {} merge value {transformation:[0.9961946980917455f,0.08638003461869792f,-0.011602289134844117f,-0.1447611954807599f,-0.0871557427476582f,0.9873283136060527f,-0.13261477164302782f,0.3642535020898238f,-6.938893903907228e-18f,0.13312133852655222f,0.9910997473659748f,0.6213224384980243f,0f,0f,0f,1f],start_interpolation:0}
execute if entity @s[tag=aj.giant_hunt.bone.left_leg] run data modify entity @s {} merge value {transformation:[0.9961946980917455f,0.05498767438124481f,0.06762010913950203f,-0.12500000000000006f,-0.0871557427476582f,0.628511994184838f,0.7729013841829385f,0.590125f,-6.938893903907228e-18f,-0.7758537419075456f,0.6309128078966694f,0.3425f,0f,0f,0f,1f],start_interpolation:0}