execute if entity @s[tag=aj.giant_hunt.bone.right_arm2] run data modify entity @s {} merge value {transformation:[0.11928690967582685f,0.9682290224074603f,-0.21977987475627675f,0.013906094300704608f,-0.5504484732927556f,0.2487191208220919f,0.7969600223268167f,0.9946728508909621f,0.8263032805390921f,0.025910598321521774f,0.5626291224820796f,0.399904735517257f,0f,0f,0f,1f],start_interpolation:0}
execute if entity @s[tag=aj.giant_hunt.bone.right_arm] run data modify entity @s {} merge value {transformation:[0.24464564111904918f,0.9443756227971816f,-0.21977987475627675f,0.25f,-0.513274950523935f,0.31843923749671904f,0.7969600223268167f,1.0742826602651419f,0.8226161531638565f,-0.0821652912667111f,0.5626291224820796f,0.37936341270057927f,0f,0f,0f,1f],start_interpolation:0}
execute if entity @s[tag=aj.giant_hunt.bone.vfx0] run data modify entity @s {} merge value {transformation:[0.000009914448613738104f,0f,0.0000013052619222005157f,-0.43604166666666666f,-2.226169383889721e-7f,0.000009853484241266428f,0.0000016909435253303164f,1.0294454818677574f,-0.0000012861377781127908f,-0.0000017055346103536564f,0.000009769186317631419f,1.516642167789682f,0f,0f,0f,1f],start_interpolation:0}
execute if entity @s[tag=aj.giant_hunt.bone.vfx1] run data modify entity @s {} merge value {transformation:[0.000009914448613738104f,0f,-0.0000013052619222005157f,-0.43604166666666666f,2.226169383889721e-7f,0.000009853484241266428f,0.0000016909435253303164f,1.0294454818677574f,0.0000012861377781127908f,-0.0000017055346103536564f,0.000009769186317631419f,1.516642167789682f,0f,0f,0f,1f],start_interpolation:0}
execute if entity @s[tag=aj.giant_hunt.locator_origin.zweihander0] at @s on origin run tp @s ^-0.3125 ^0.87592 ^0.58746 ~-180 ~9.82
execute if entity @s[tag=aj.giant_hunt.locator_origin.zweihander1] at @s on origin run tp @s ^-0.3125 ^0.98252 ^1.2033 ~-180 ~9.82
execute if entity @s[tag=aj.giant_hunt.locator_origin.zweihander2] at @s on origin run tp @s ^-0.3125 ^1.09977 ^1.88073 ~-180 ~9.82
execute if entity @s[tag=aj.giant_hunt.locator_origin.zweihander3] at @s on origin run tp @s ^-0.3125 ^1.18505 ^2.37341 ~-180 ~9.82
execute if entity @s[tag=aj.giant_hunt.bone.zweihander] run data modify entity @s {} merge value {transformation:[1.3333333333333333f,0f,0f,-0.3125f,0f,1.3137978988355234f,0.2274046147138208f,0.9819806905414221f,0f,-0.2274046147138208f,1.3137978988355234f,1.2424210698947153f,0f,0f,0f,1f],start_interpolation:0}
execute if entity @s[tag=aj.giant_hunt.bone.left_arm2] run data modify entity @s {} merge value {transformation:[1f,0f,0f,-0.375f,0f,0.9853484241266427f,0.17055346103536562f,1.0275099438543656f,0f,-0.17055346103536562f,0.9853484241266427f,0.1806479994621057f,0f,0f,0f,1f],start_interpolation:0}
execute if entity @s[tag=aj.giant_hunt.bone.left_arm] run data modify entity @s {} merge value {transformation:[1f,0f,0f,-0.25f,0f,0.40825079901709177f,-0.9128698073120318f,1.1295726436086384f,0f,0.9128698073120318f,0.40825079901709177f,0.40886545129011365f,0f,0f,0f,1f],start_interpolation:0}
execute if entity @s[tag=aj.giant_hunt.bone.head] run data modify entity @s {} merge value {transformation:[1f,0f,0f,-1.3877787807814457e-17f,0f,0.8858698003885463f,-0.46393393577055453f,1.2510957872722628f,0f,0.46393393577055453f,0.8858698003885463f,0.48565209110531926f,0f,0f,0f,1f],start_interpolation:0}
execute if entity @s[tag=aj.giant_hunt.bone.body_top] run data modify entity @s {} merge value {transformation:[1f,0f,0f,-1.3877787807814457e-17f,0f,0.8453783907034738f,-0.5341679291492564f,0.9182280459327699f,0f,0.5341679291492564f,0.8453783907034738f,0.2753234690027996f,0f,0f,0f,1f],start_interpolation:0}
execute if entity @s[tag=aj.giant_hunt.locator_origin.player_camera] at @s on origin run tp @s ^0 ^-0.1803 ^0.02479 ~-180 ~-32.2875
execute if entity @s[tag=aj.giant_hunt.bone.body] run data modify entity @s {} merge value {transformation:[1f,0f,0f,-1.3877787807814457e-17f,0f,0.8453783907034738f,-0.5341679291492564f,0.5483750000000001f,0f,0.5341679291492564f,0.8453783907034738f,0.041624999999999926f,0f,0f,0f,1f],start_interpolation:0}
execute if entity @s[tag=aj.giant_hunt.bone.right_leg2] run data modify entity @s {} merge value {transformation:[0.9965932729709465f,-0.05030715170204901f,0.06535318474782743f,0.1535617693767926f,0.08247169547179307f,0.6029195585566969f,-0.7935278352747343f,0.300037482163853f,0.0005174118905302491f,0.7962142905006322f,0.6050144922954412f,-0.013127001353033546f,0f,0f,0f,1f],start_interpolation:0}
execute if entity @s[tag=aj.giant_hunt.bone.right_leg] run data modify entity @s {} merge value {transformation:[0.9961946980917455f,-0.07947622783107515f,0.03577223369652789f,0.12499999999999999f,0.08715574274765818f,0.9084174409353657f,-0.40887850213791554f,0.6265000000000001f,-3.469446951953614e-18f,0.41044035159104963f,0.9118874479812822f,0.1343749999999999f,0f,0f,0f,1f],start_interpolation:0}
execute if entity @s[tag=aj.giant_hunt.bone.left_leg2] run data modify entity @s {} merge value {transformation:[0.9961946980917455f,0.08585793500866437f,-0.014984608434788549f,-0.14969773186225496f,-0.08715574274765817f,0.9813606877561178f,-0.17127485814603183f,0.34420363305485047f,-3.469446951953614e-18f,0.17192910027940944f,0.9851093261547739f,0.35539349215717125f,0f,0f,0f,1f],start_interpolation:0}
execute if entity @s[tag=aj.giant_hunt.bone.left_leg] run data modify entity @s {} merge value {transformation:[0.9961946980917455f,0.06872412344279644f,0.053601477133706374f,-0.125f,-0.08715574274765817f,0.7855203254125902f,0.6126676871435301f,0.6265000000000001f,-3.469446951953614e-18f,-0.6150079781764768f,0.7885208854426636f,0.1343749999999999f,0f,0f,0f,1f],start_interpolation:0}