execute if entity @s[tag=aj.blind_spot.bone.right_arm2] run data modify entity @s {} merge value {transformation:[0.8422381462184333f,-0.512699580114234f,0.16665546977289752f,-1.2091629796822354f,0.5156525676648295f,0.6759505962384916f,-0.5264914252915198f,1.1183297470013085f,0.15728106852131093f,0.5293674829412135f,0.8336862320377366f,0.7491716080184344f,0f,0f,0f,1f],start_interpolation:0}
execute if entity @s[tag=aj.blind_spot.bone.right_arm] run data modify entity @s {} merge value {transformation:[0.8422381462184333f,-0.512699580114234f,0.16665546977289752f,-1.3373378747107938f,0.5156525676648295f,0.6759505962384916f,-0.5264914252915198f,1.2873173960609314f,0.15728106852131093f,0.5293674829412135f,0.8336862320377366f,0.8815134787537378f,0f,0f,0f,1f],start_interpolation:0}
execute if entity @s[tag=aj.blind_spot.bone.steel_slash] run data modify entity @s {} merge value {transformation:[0.000004594572677265157f,0.000005481789110451862f,0.000006988554218281482f,-2.258921109348739f,-0.00000831284820910976f,0.000005425238076522588f,0.0000012096885819706553f,1.2479707907091104f,-0.000003128331274917855f,-0.0000063652792524429664f,0.00000704959314235864f,0.7564135588279866f,0f,0f,0f,1f],start_interpolation:0}
execute if entity @s[tag=aj.blind_spot.locator_origin.corvian_greatknife] at @s on origin run tp @s ^-2.6803 ^0.97782 ^0.85541 ~135.24912 ~6.94802
execute if entity @s[tag=aj.blind_spot.bone.corvian_greatknife] run data modify entity @s {} merge value {transformation:[0.45945726772651563f,0.5481789110451861f,0.6988554218281481f,-2.1788639525335745f,-0.8312848209109759f,0.5425238076522587f,0.12096885819706552f,1.2334504386515641f,-0.3128331274917855f,-0.6365279252442966f,0.7049593142358639f,1.1123649623279064f,0f,0f,0f,1f],start_interpolation:0}
execute if entity @s[tag=aj.blind_spot.bone.left_arm2] run data modify entity @s {} merge value {transformation:[0.45945726772651563f,0.47357946361718417f,0.7514130094517562f,-2.1962952666098627f,-0.8312848209109759f,0.5272484084609668f,0.1759961996702892f,1.2140437005850344f,-0.3128331274917855f,-0.7055009620230419f,0.6359275327647567f,1.1383327455510577f,0f,0f,0f,1f],start_interpolation:0}
execute if entity @s[tag=aj.blind_spot.bone.left_arm] run data modify entity @s {} merge value {transformation:[0.45945726772651563f,0.7707107891102929f,0.441479216591534f,-1.946185410866475f,-0.8312848209109759f,0.5482000594336153f,-0.09188167042445114f,1.2471831128295663f,-0.3128331274917855f,-0.3247792702528447f,0.8925546817745891f,1.0180337870513734f,0f,0f,0f,1f],start_interpolation:0}
execute if entity @s[tag=aj.blind_spot.bone.head] run data modify entity @s {} merge value {transformation:[0.8579374663825265f,-0.03369509046497534f,0.5126479734239551f,-1.6457494430801396f,0.1823869674920293f,0.9528261781607118f,-0.24260516956716463f,1.4130749210704299f,-0.48028980612354505f,0.3016403737734862f,0.8236108225634234f,0.9948292676884432f,0f,0f,0f,1f],start_interpolation:0}
execute if entity @s[tag=aj.blind_spot.bone.body_top] run data modify entity @s {} merge value {transformation:[0.9734098028237789f,-0.026118925885882206f,0.22757670679825673f,-1.6354651160125735f,0.09150367967314219f,0.9551089276035247f,-0.28176943237036883f,1.037000780826542f,-0.21000102945663598f,0.2951012336853452f,0.9321023707214462f,0.8786331569248385f,0f,0f,0f,1f],start_interpolation:0}
execute if entity @s[tag=aj.blind_spot.locator_origin.player_camera] at @s on origin run tp @s ^-1.54124 ^-0.08509 ^0.91821 ~169.33858 ~-16.62449
execute if entity @s[tag=aj.blind_spot.bone.body] run data modify entity @s {} merge value {transformation:[0.983815296518508f,-0.026118925885882206f,0.17727172376543296f,-1.6240380859375f,0.0769082399442786f,0.9551089276035247f,-0.28609798852966123f,0.619140625f,-0.16184123382152474f,0.2951012336853452f,0.9416595334368542f,0.7495263671874999f,0f,0f,0f,1f],start_interpolation:0}
execute if entity @s[tag=aj.blind_spot.bone.right_leg2] run data modify entity @s {} merge value {transformation:[0.9740475930541151f,-0.03067251374728283f,0.2242553976293716f,-1.4448317625085116f,0.10443478695559912f,0.939911478858527f,-0.3250535143380478f,0.3519123475093615f,-0.20081001404069332f,0.3400376579298233f,0.9187217911046721f,0.8328521066188783f,0f,0f,0f,1f],start_interpolation:0}
execute if entity @s[tag=aj.blind_spot.bone.right_leg] run data modify entity @s {} merge value {transformation:[0.9740475930541151f,-0.15083498693283715f,0.16876046095710828f,-1.4990380859375f,0.10443478695559912f,0.9609830330174288f,0.25613470191710064f,0.697265625f,-0.20081001404069332f,-0.23186292711340084f,0.9517956300022512f,0.7495263671874999f,0f,0f,0f,1f],start_interpolation:0}
execute if entity @s[tag=aj.blind_spot.bone.left_leg2] run data modify entity @s {} merge value {transformation:[0.9823925283930673f,0.18628260629176197f,-0.014272727511757226f,-1.8146901669276012f,-0.1650923366656433f,0.8297977837022308f,-0.5330855077162985f,0.35697426827352036f,-0.08746108009711726f,0.5260555377106245f,0.845940973539071f,0.6901512874400213f,0f,0f,0f,1f],start_interpolation:0}
execute if entity @s[tag=aj.blind_spot.bone.left_leg] run data modify entity @s {} merge value {transformation:[0.9823925283930673f,0.18268405145071628f,0.03913384089287055f,-1.7490380859375f,-0.1650923366656433f,0.9468976882823781f,-0.27591536437785796f,0.697265625f,-0.08746108009711726f,0.26459649519795286f,0.9603849510468213f,0.7852406529017856f,0f,0f,0f,1f],start_interpolation:0}