# This file was generated by Animated Java via MC-Build. It is not recommended to edit this file directly.
$data merge entity $(bone_right_arm2) { transformation: [0.8788140353968223f,-0.38729681865597554f,0.27872399510719065f,0.3956543161001293f,0.4769407781747073f,0.7308488876818503f,-0.48824931898396606f,1.086354295398687f,-0.01460771384089509f,0.5620151934184364f,0.8269979063233355f,1.2633489262960615f,0f,0f,0f,1f], start_interpolation: 0, interpolation_duration: 1 }
$data merge entity $(bone_right_arm) { transformation: [0.8788140353968223f,-0.3492968799521144f,0.32508088354326686f,0.3083300961121007f,0.4769407781747073f,0.6638697193004048f,-0.5760247302938531f,1.2523217252237884f,-0.01460771384089509f,0.6612629472847544f,0.7500119527345034f,1.4286646631172502f,0f,0f,0f,1f], start_interpolation: 0, interpolation_duration: 1 }
$data merge entity $(bone_crystal_effect) { transformation: [0.02663057438089045f,-0.16593136019164062f,0.20985359166390424f,-0.911577414542491f,-0.382059435690233f,-0.06722583681973536f,-0.014474603995031799f,1.200820557558279f,0.08357870606921775f,-0.25443583479067666f,-0.13303245813444203f,2.2282206606030774f,0f,0f,0f,1f], start_interpolation: 0, interpolation_duration: 1 }
$data merge entity $(bone_crystal_slash) { transformation: [6.793513872676134e-7f,0.657799320759718f,-0.7588455769989393f,-0.8061821955148605f,-0.000009746414175771248f,0.26650242453537937f,0.05234120194632034f,1.1935509461768457f,0.0000021321098487045337f,1.0086563450630393f,0.4810548709325805f,2.1614074840846635f,0f,0f,0f,1f], start_interpolation: 0, interpolation_duration: 1 }
$data merge entity $(bone_aquamarine_dagger) { transformation: [0.06793513872676134f,0.5333508006159877f,-0.8431617522210436f,-0.8061821955148605f,-0.9746414175771246f,0.21608304692057795f,0.05815689105146704f,1.1935509461768457f,0.21321098487045337f,0.8178294689700322f,0.5345054121473116f,2.1614074840846635f,0f,0f,0f,1f], start_interpolation: 0, interpolation_duration: 1 }
$data merge entity $(bone_left_arm2) { transformation: [0.7752749277540514f,0.6182870663242346f,-0.1291119282333057f,-0.5188023049753107f,0.1873412236160332f,-0.02987875750081744f,0.9818403769372368f,1.211230678423257f,0.6032015022610588f,-0.7853842139146798f,-0.13899490711397672f,1.6708101166338072f,0f,0f,0f,1f], start_interpolation: 0, interpolation_duration: 1 }
$data merge entity $(bone_left_arm) { transformation: [0.7266785116930468f,0.6747358376664578f,-0.1291119282333057f,-0.25928353159706535f,0.18905545472762747f,-0.01573242681455117f,0.9818403769372368f,1.2309295035605725f,0.660451645225681f,-0.7378916181357997f,-0.13899490711397672f,1.5688936677530674f,0f,0f,0f,1f], start_interpolation: 0, interpolation_duration: 1 }
$data merge entity $(bone_head) { transformation: [0.997859189240627f,-0.006178762426725673f,0.06510653840370187f,0.004323387562613829f,0.009342240972333458f,0.9987844669427391f,-0.04839742893504967f,1.3647513299713865f,-0.06472836303857432f,0.04890206016910137f,0.9967039818971148f,1.5438159446264295f,0f,0f,0f,1f], start_interpolation: 0, interpolation_duration: 1 }
$data merge entity $(bone_body_top) { transformation: [0.97627561575823f,0.007509018260590989f,0.21640133252974936f,0.001366711622506127f,0.07012712861140076f,0.93456926913851f,-0.3488014722082338f,0.9967646802480981f,-0.20486119180706017f,0.35570197613546284f,0.911870602807612f,1.4037582915230908f,0f,0f,0f,1f], start_interpolation: 0, interpolation_duration: 1 }
$data merge entity $(bone_body) { transformation: [0.97627561575823f,0.007509018260590989f,0.21640133252974936f,-0.001918483866502431f,0.07012712861140076f,0.93456926913851f,-0.3488014722082338f,0.587890625f,-0.20486119180706017f,0.35570197613546284f,0.911870602807612f,1.2481386769638259f,0f,0f,0f,1f], start_interpolation: 0, interpolation_duration: 1 }
$data merge entity $(bone_right_leg2) { transformation: [0.9947614927254138f,-0.08920775041073226f,0.04991542704778744f,0.15735702413131245f,0.09909517212933124f,0.7216716595680988f,-0.6851059499353982f,0.3086099600702896f,0.02509421151111751f,0.6864633952680089f,0.7267312347118106f,1.2260487468787402f,0f,0f,0f,1f], start_interpolation: 0, interpolation_duration: 1 }
$data merge entity $(bone_right_leg) { transformation: [0.9947614927254138f,-0.09816381371495556f,-0.02852083918193845f,0.1220794035775003f,0.09909517212933124f,0.9945201111087594f,0.03331509358953039f,0.666015625f,0.02509421151111751f,-0.03596684969741528f,0.9990378702889491f,1.2131231602687316f,0f,0f,0f,1f], start_interpolation: 0, interpolation_duration: 1 }
$data merge entity $(bone_left_leg2) { transformation: [0.9955007742074272f,0.05777515101401777f,0.07510153445649784f,-0.13540866499461496f,-0.07261499057911444f,0.9743555658934054f,0.21297486789698128f,0.411976144731117f,-0.06087094294988547f,-0.21747014309520496f,0.974167062246791f,1.5359889042041242f,0f,0f,0f,1f], start_interpolation: 0, interpolation_duration: 1 }
$data merge entity $(bone_left_leg) { transformation: [0.9955007742074272f,0.032578343061794496f,0.08897673918368282f,-0.12370082295678257f,-0.07261499057911444f,0.8655546741930122f,0.4955221176958941f,0.7230348557692308f,-0.06087094294988547f,-0.4997536968807499f,0.8640260243525166f,1.3563899193876048f,0f,0f,0f,1f], start_interpolation: 0, interpolation_duration: 1 }
data modify entity @s data merge value {"locators":{"aquamarine_dagger":{"posx":-1.1223678525977518,"posy":1.2153597803211458,"posz":2.3618470136399052,"roty":237.62816922279117,"rotx":3.3340256145775},"player_camera":{"posx":0.016980550646879367,"posy":-0.224609375,"posz":1.8728528728121852,"roty":178.2672,"rotx":0}},"cameras":{}}