# This file was generated by Animated Java via MC-Build. It is not recommended to edit this file directly.
$data merge entity $(bone_right_arm2) { transformation: [0.9762603724017441f,-0.18957436813402728f,-0.10477234475085734f,0.36473703060026497f,0.21198976234711545f,0.9355330744954427f,0.28255655572843763f,1.0657941098464412f,0.044452513292520396f,-0.29805943278428293f,0.9535116929489064f,0.2599150095464744f,0f,0f,0f,1f], start_interpolation: 0, interpolation_duration: 1 }
$data merge entity $(bone_right_arm) { transformation: [0.9762603724017441f,-0.2058267989687207f,-0.06746120443853668f,0.31328033085808477f,0.21198976234711545f,0.971874517200368f,0.10256833564295018f,1.308762739146533f,0.044452513292520396f,-0.11443448624798915f,0.992435752287843f,0.2313063879844771f,0f,0f,0f,1f], start_interpolation: 0, interpolation_duration: 1 }
$data merge entity $(bone_crystal_effect) { transformation: [0.3179725435573745f,-0.385730388148737f,-0.331066320259154f,-0.6820220813504192f,-0.2004770431239678f,-0.6448246911249091f,-0.49856032143482865f,0.8580007773007556f,-0.008855321785480801f,0.7476718433740105f,-0.6007800741376699f,0.4970543104551721f,0f,0f,0f,1f], start_interpolation: 0, interpolation_duration: 1 }
$data merge entity $(bone_crystal_slash) { transformation: [0.000008456716583972724f,0.11521623893765569f,-0.08502480239341689f,-0.6332210317839165f,-0.000005331836253297015f,0.192606748050402f,-0.12804078886071055f,0.9314913907198047f,-2.355138772734255e-7f,-0.22332681167945861f,-0.15429297382310617f,0.5856126940249937f,0f,0f,0f,1f], start_interpolation: 0, interpolation_duration: 1 }
$data merge entity $(bone_aquamarine_dagger) { transformation: [0.8456716583972723f,-0.3638965925931481f,-0.3904083965320212f,-0.6332210317839165f,-0.5331836253297014f,-0.608325180306518f,-0.5879249073523922f,0.9314913907198047f,-0.023551387727342547f,0.7053507956358589f,-0.7084670685585729f,0.5856126940249937f,0f,0f,0f,1f], start_interpolation: 0, interpolation_duration: 1 }
$data merge entity $(bone_left_arm2) { transformation: [0.8114309234365632f,0.5134559762202267f,0.27918240806795225f,-0.5579168438490237f,-0.5813727725602175f,0.7580570046061356f,0.29555926155886014f,1.180060083977609f,-0.059879510824085845f,-0.402134975165438f,0.9136202197478778f,0.23646282074480207f,0f,0f,0f,1f], start_interpolation: 0, interpolation_duration: 1 }
$data merge entity $(bone_left_arm) { transformation: [0.8114309234365632f,0.5796664457985198f,0.07461010726569298f,-0.3115713669698234f,-0.5813727725602175f,0.8136360789674408f,0.0014248958325937394f,1.310797507149442f,-0.059879510824085845f,-0.044532489463313604f,0.9972117636518674f,0.21784475952596294f,0f,0f,0f,1f], start_interpolation: 0, interpolation_duration: 1 }
$data merge entity $(bone_head) { transformation: [0.9999945596160573f,0.0030754528047345587f,0.0011926140757239113f,-0.010376267073076172f,-0.0029358801555002065f,0.9946510391582601f,-0.10325062183399045f,1.452722712902476f,-0.0015037772442434809f,0.10324655873896729f,0.9946546570355767f,0.23988834757962813f,0f,0f,0f,1f], start_interpolation: 0, interpolation_duration: 1 }
$data merge entity $(bone_body_top) { transformation: [0.999762716524653f,0.0009056761273084589f,-0.02176442965021408f,0.0006280629123035439f,-0.0032556288046543267f,0.99412587111386f,-0.10818111324623705f,1.0612486553695226f,0.021538605533622628f,0.1082263005598052f,0.9938929300175173f,0.19751899861526873f,0f,0f,0f,1f], start_interpolation: 0, interpolation_duration: 1 }
$data merge entity $(bone_body) { transformation: [0.999762716524653f,0.0016191990890178007f,-0.021723002590728985f,-0.00008033668914174397f,-0.0032556288046543267f,0.9971397837017661f,-0.07550928843712698f,0.625f,0.021538605533622628f,0.0755620933637036f,0.9969084504196772f,0.1644605827686484f,0f,0f,0f,1f], start_interpolation: 0, interpolation_duration: 1 }
$data merge entity $(bone_right_leg2) { transformation: [0.9936178316832479f,-0.11089218309552318f,-0.020652561327593563f,0.1545985118683477f,0.09909517212933122f,0.9456157345301133f,-0.30982419122743254f,0.3564645090400928f,0.05388646789073544f,0.305800271970748f,0.9505695357210211f,0.24290964701259232f,0f,0f,0f,1f], start_interpolation: 0, interpolation_duration: 1 }
$data merge entity $(bone_right_leg) { transformation: [0.9936178316832479f,-0.08262552760746544f,-0.07678949634337377f,0.1249049628844148f,0.09909517212933122f,0.9646204965840897f,0.24431013984385178f,0.703125f,0.05388646789073544f,-0.25036037976775033f,0.9666519170936396f,0.15293638553355707f,0f,0f,0f,1f], start_interpolation: 0, interpolation_duration: 1 }
$data merge entity $(bone_left_leg2) { transformation: [0.9845503802499851f,0.13421182535903378f,-0.1124621477805133f,-0.18388058718454614f,-0.16435041489132576f,0.9298899691840408f,-0.3290799087394317f,0.3486427944674013f,0.06041100789308918f,0.34247894992933486f,0.9375812919318737f,0.17677066547554016f,0f,0f,0f,1f], start_interpolation: 0, interpolation_duration: 1 }
$data merge entity $(bone_left_leg) { transformation: [0.9845503802499851f,0.16368220447549653f,-0.06219875149592271f,-0.12505729495116458f,-0.16435041489132576f,0.9863852675689703f,-0.005748482229253523f,0.703125f,0.06041100789308918f,0.015882060978749203f,0.9980472284738877f,0.18247828113977815f,0f,0f,0f,1f], start_interpolation: 0, interpolation_duration: 1 }
data modify entity @s data merge value {"locators":{"aquamarine_dagger":{"posx":-0.7796241804834245,"posy":0.7110195504626576,"posz":0.31993754331552887,"roty":331.1425655917784,"rotx":-36.00989119815128},"player_camera":{"posx":0.000722514545978159,"posy":-0.1875,"posz":0.7894600671123511,"roty":179.9264,"rotx":0}},"cameras":{}}