# This file was generated by Animated Java via MC-Build. It is not recommended to edit this file directly.
$data merge entity $(bone_right_arm2) { transformation: [0.8485987860288043f,-0.5289626839398766f,-0.008864499397145724f,0.4488149355660977f,0.5047650915547501f,0.8145690649025134f,-0.2858136470702014f,1.0600326230477355f,0.1584055008456602f,0.23806662408445065f,0.9582442172008492f,1.3812714800523844f,0f,0f,0f,1f], start_interpolation: 0, interpolation_duration: 1 }
$data merge entity $(bone_right_arm) { transformation: [0.8485987860288043f,-0.5260807239077863f,0.05584955042880271f,0.31729475458915113f,0.5047650915547501f,0.7735317457338425f,-0.38322426944242277f,1.2534155594811962f,0.1584055008456602f,0.35339455326110153f,0.9219652851529834f,1.4696201183676598f,0f,0f,0f,1f], start_interpolation: 0, interpolation_duration: 1 }
$data merge entity $(bone_crystal_effect) { transformation: [-0.06180236619132768f,0.11938330721476208f,0.21470418157456753f,-1.1625113658273076f,-0.2975967852654293f,-0.030043018441553365f,-0.04269980727848569f,1.3429679060270967f,0.005711473788335596f,-0.27357822099243606f,0.09838110018075279f,1.6455310930806673f,0f,0f,0f,1f], start_interpolation: 0, interpolation_duration: 1 }
$data merge entity $(bone_crystal_slash) { transformation: [-0.0000020329725720831484f,-0.5969165360738102f,-0.8051406809046282f,-1.0506862712572205f,-0.000009789367936362812f,0.1502150922077668f,0.16012427729432135f,1.320728423069552f,1.8787742724788157e-7f,1.36789110496218f,-0.368929125677823f,1.6967712494248093f,0f,0f,0f,1f], start_interpolation: 0, interpolation_duration: 1 }
$data merge entity $(bone_aquamarine_dagger) { transformation: [-0.20329725720831485f,-0.3979443573825402f,-0.894600756560698f,-1.0506862712572205f,-0.9789367936362812f,0.10014339480517787f,0.17791586366035705f,1.320728423069552f,0.018787742724788156f,0.91192740330812f,-0.4099212507531366f,1.6967712494248093f,0f,0f,0f,1f], start_interpolation: 0, interpolation_duration: 1 }
$data merge entity $(bone_left_arm2) { transformation: [0.30998324707549374f,0.9435951640043839f,0.116355287804523f,-0.5387325906075927f,-0.045369536798172926f,-0.10756298825641641f,0.9931625288380894f,1.302063978520484f,0.9496588817376755f,-0.31314273107464885f,0.009467751151008064f,1.4497957894991662f,0f,0f,0f,1f], start_interpolation: 0, interpolation_duration: 1 }
$data merge entity $(bone_left_arm) { transformation: [0.18719033421949383f,0.9754082354454062f,0.116355287804523f,-0.2714817399688044f,-0.031290207667789505f,-0.11246828093305841f,0.9931625288380894f,1.2700356323287456f,0.9818251889613041f,-0.18955120682612844f,0.009467751151008064f,1.525136136412797f,0f,0f,0f,1f], start_interpolation: 0, interpolation_duration: 1 }
$data merge entity $(bone_head) { transformation: [0.9988491516521497f,-0.00449601596350175f,0.04775100087157415f,0.0066021119100841226f,0.006663560600262344f,0.9989498001027555f,-0.04533093683999484f,1.3863265335379609f,-0.047497044159692386f,0.04559695949425696f,0.9978301198505543f,1.5338468048801965f,0f,0f,0f,1f], start_interpolation: 0, interpolation_duration: 1 }
$data merge entity $(bone_body_top) { transformation: [0.9988491516521497f,0.010071076258989703f,0.04689291702130239f,0.0026366256331069263f,0.006663560600262344f,0.9390840816998024f,-0.3436228811621332f,1.0165621763686636f,-0.047497044159692386f,0.3435398971313587f,0.9379362291089239f,1.398577970384724f,0f,0f,0f,1f], start_interpolation: 0, interpolation_duration: 1 }
$data merge entity $(bone_body) { transformation: [0.9988491516521497f,0.010071076258989703f,0.04689291702130239f,-0.0017694702302010687f,0.006663560600262344f,0.9390840816998024f,-0.3436228811621332f,0.605712890625f,-0.047497044159692386f,0.3435398971313587f,0.9379362291089239f,1.2482792653897548f,0f,0f,0f,1f], start_interpolation: 0, interpolation_duration: 1 }
$data merge entity $(bone_right_leg2) { transformation: [0.9947006574634146f,-0.09323754380710049f,0.04332854101709471f,0.15765311158475598f,0.09909517212933124f,0.757121919502692f,-0.6457139814726155f,0.3269367374363219f,0.02739979749029638f,0.6465857711343316f,0.762349061561771f,1.2526949782343706f,0f,0f,0f,1f], start_interpolation: 0, interpolation_duration: 1 }
$data merge entity $(bone_right_leg) { transformation: [0.9947006574634146f,-0.09713417193730374f,-0.03369799228300338f,0.12274551854478746f,0.09909517212933124f,0.9931162523511042f,0.0624520310058531f,0.683837890625f,0.02739979749029638f,-0.06546038464714472f,0.9974789166390129f,1.229170152501803f,0f,0f,0f,1f], start_interpolation: 0, interpolation_duration: 1 }
$data merge entity $(bone_left_leg2) { transformation: [0.9956391865795671f,0.05814548162570053f,0.07295007274632123f,-0.13712205218012907f,-0.07261499057911443f,0.9739637063491611f,0.2147597770947824f,0.42197907135713303f,-0.05856341255744372f,-0.2191205186218781f,0.9739386659479673f,1.516415457539639f,0f,0f,0f,1f], start_interpolation: 0, interpolation_duration: 1 }
$data merge entity $(bone_left_leg) { transformation: [0.9956391865795671f,0.03626779116929756f,0.08594915631277865f,-0.12408831472866275f,-0.07261499057911443f,0.8796874168256366f,0.4699756502435355f,0.7381167367788461f,-0.05856341255744372f,-0.474167371296612f,0.8784848494466412f,1.346011558479919f,0f,0f,0f,1f], start_interpolation: 0, interpolation_duration: 1 }
data modify entity @s data merge value {"locators":{"aquamarine_dagger":{"posx":-1.3861615549674822,"posy":1.3874468719421857,"posz":1.543050780392383,"roty":294.61805498058817,"rotx":10.248388230230795},"player_camera":{"posx":0.0156815539720295,"posy":-0.206787109375,"posz":1.8730355872899764,"roty":178.4,"rotx":0}},"cameras":{}}