# This file was generated by Animated Java via MC-Build. It is not recommended to edit this file directly.
$data merge entity $(bone_right_arm2) { transformation: [0.4712187293536848f,-0.10908507983861743f,0.8752447397516315f,0.10553736619820799f,0.5369758649829317f,0.8227097954955862f,-0.18656235638907173f,1.1715485397933565f,-0.6997212513080701f,0.5578969777227808f,0.44625231956333367f,0.8186864649054049f,0f,0f,0f,1f], start_interpolation: 0, interpolation_duration: 1 }
$data merge entity $(bone_right_arm) { transformation: [0.4712187293536848f,-0.07053082275836658f,0.8791918517293746f,0.08790466050861634f,0.5369758649829317f,0.8137200168253707f,-0.222523379993094f,1.374978543999699f,-0.6997212513080701f,0.5769619894401592f,0.4213134619367418f,0.9629269622654446f,0f,0f,0f,1f], start_interpolation: 0, interpolation_duration: 1 }
$data merge entity $(bone_crystal_effect) { transformation: [-0.5707253485660458f,0.18082979275033695f,-0.1629202724794388f,-0.78994994203781f,-0.8005492160179315f,-0.188750006249063f,0.05676836434821048f,1.4962021389400608f,-0.23806645411745833f,0.20120232060864887f,0.1996789505768362f,2.2747004032060953f,0f,0f,0f,1f], start_interpolation: 0, interpolation_duration: 1 }
$data merge entity $(bone_crystal_slash) { transformation: [-0.000005641953102529333f,0.5481997927589162f,-0.5556438766667173f,-0.7127771813896548f,-0.000007913896140039965f,-0.5722105452603172f,0.19361000051389668f,1.4693118610909086f,-0.000002353425816447186f,0.6099607193188512f,0.6810103156515251f,2.1801156371433836f,0f,0f,0f,1f], start_interpolation: 0, interpolation_duration: 1 }
$data merge entity $(bone_aquamarine_dagger) { transformation: [-0.5641953102529332f,0.5481997927589162f,-0.6173820851852414f,-0.7127771813896548f,-0.7913896140039964f,-0.5722105452603172f,0.21512222279321852f,1.4693118610909086f,-0.23534258164471855f,0.6099607193188512f,0.7566781285016946f,2.1801156371433836f,0f,0f,0f,1f], start_interpolation: 0, interpolation_duration: 1 }
$data merge entity $(bone_left_arm2) { transformation: [0.5202877281936046f,0.5829955145660329f,-0.624032779497218f,-0.407554062132883f,0.8173917307414842f,-0.12833462200193121f,0.5616057187307322f,1.3182380658559736f,0.24732860410105975f,-0.8022757972115993f,-0.5433066415956216f,1.7164057138391953f,0f,0f,0f,1f], start_interpolation: 0, interpolation_duration: 1 }
$data merge entity $(bone_left_arm) { transformation: [0.3103490806407331f,0.7171237956297556f,-0.624032779497218f,-0.18947947814535243f,0.8162413684296478f,0.13545864739112606f,0.5616057187307322f,1.454132898757461f,0.48727146090197737f,-0.683655188372427f,-0.5433066415956216f,1.6064008493588358f,0f,0f,0f,1f], start_interpolation: 0, interpolation_duration: 1 }
$data merge entity $(bone_head) { transformation: [0.8153435746566672f,0.07563709713610572f,0.5740155788852002f,-0.08291844790743876f,-0.031745035594193276f,0.9957788169513733f,-0.08612084780148702f,1.5187460834093207f,-0.5781064849845672f,0.05199593491559503f,0.8143029625213466f,1.224595975989232f,0f,0f,0f,1f], start_interpolation: 0, interpolation_duration: 1 }
$data merge entity $(bone_body_top) { transformation: [0.5454652719924623f,-0.002540597693291257f,0.8381295737614501f,-0.08191808756570532f,-0.00005829348728554071f,0.9999952883119646f,0.003069194640323305f,1.1249979386364846f,-0.8381334223451888f,-0.0017229965849334574f,0.545462553829967f,1.2252744058945495f,0f,0f,0f,1f], start_interpolation: 0, interpolation_duration: 1 }
$data merge entity $(bone_body) { transformation: [0.5454652719924623f,-0.002540597693291257f,0.8381295737614501f,-0.08080657607489039f,-0.00005829348728554071f,0.9999952883119646f,0.003069194640323305f,0.6875f,-0.8381334223451888f,-0.0017229965849334574f,0.545462553829967f,1.226028216900458f,0f,0f,0f,1f], start_interpolation: 0, interpolation_duration: 1 }
$data merge entity $(bone_right_leg2) { transformation: [0.5880420576854639f,0.4770156727504638f,0.6531941413878942f,-0.11891902215929151f,0.09909517212933124f,0.7590055359371021f,-0.6434988292743746f,0.4431187902270658f,-0.8027369963155453f,0.4431327615593944f,0.3990572269475159f,1.0035842479136086f,0f,0f,0f,1f], start_interpolation: 0, interpolation_duration: 1 }
$data merge entity $(bone_right_leg) { transformation: [0.5880420576854639f,0.2957291216947561f,0.7528285495215321f,-0.012641369050238521f,0.09909517212933124f,0.8974085837159909f,-0.4299278785255938f,0.765625f,-0.8027369963155453f,0.3274173490432473f,0.49840866193495137f,1.1212498577260255f,0f,0f,0f,1f], start_interpolation: 0, interpolation_duration: 1 }
$data merge entity $(bone_left_leg2) { transformation: [0.516337239832357f,-0.09945258243564249f,0.8505909937268235f,-0.08181531313582163f,-0.06607734229419576f,0.9856463449293057f,0.15535465092116135f,0.4481394497796746f,-0.8538323252241267f,-0.1364201838965992f,0.5023543508600075f,1.397755636036612f,0f,0f,0f,1f], start_interpolation: 0, interpolation_duration: 1 }
$data merge entity $(bone_left_leg) { transformation: [0.516337239832357f,-0.20582139355842435f,0.8312841925093796f,-0.1557823764458804f,-0.06607734229419576f,0.9582206614826444f,0.27829291895968017f,0.7925f,-0.8538323252241267f,-0.1986220477727275f,0.48116488082665565f,1.326375837618288f,0f,0f,0f,1f], start_interpolation: 0, interpolation_duration: 1 }
data modify entity @s data merge value {"locators":{"aquamarine_dagger":{"posx":-0.9442954633341204,"posy":1.5499826946383655,"posz":2.463869935331519,"roty":219.21138740410328,"rotx":12.42269794382344},"player_camera":{"posx":0.4430852197972713,"posy":-0.125,"posz":1.5668542520237172,"roty":123.04664723032073,"rotx":0}},"cameras":{}}