# This file was generated by Animated Java via MC-Build. It is not recommended to edit this file directly.
$data merge entity $(bone_right_arm2) { transformation: [0.840317127430535f,-0.5272748744320531f,0.12589015902586165f,0.4420570453543035f,0.542090920167877f,0.8164227364272945f,-0.19897575157820838f,1.1726903407892988f,0.0021353263072619935f,0.2354466441409415f,0.9718849305058344f,1.176563179007942f,0f,0f,0f,1f], start_interpolation: 0, interpolation_duration: 1 }
$data merge entity $(bone_right_arm) { transformation: [0.840317127430535f,-0.5227234401692609f,0.14362217950061634f,0.3113761853119883f,0.542090920167877f,0.8092386368428044f,-0.2264293773173969f,1.375f,0.0021353263072619935f,0.2681287633552448f,0.9633807173922202f,1.2435953698467532f,0f,0f,0f,1f], start_interpolation: 0, interpolation_duration: 1 }
$data merge entity $(bone_crystal_effect) { transformation: [-0.15727161317138477f,0.000003436590296572634f,-0.000009258315781099166f,-1.2387408721658257f,-0.8247801809078283f,-0.000005613195081921787f,-6.82500029636643e-7f,1.4600240025942317f,-0.5431420558860454f,0.0000075287374841862994f,0.0000037172278120927885f,1.6773834256919735f,0f,0f,0f,1f], start_interpolation: 0, interpolation_duration: 1 }
$data merge entity $(bone_crystal_slash) { transformation: [-0.0000015727161317138478f,0.19116033524685297f,-0.8332484202989249f,-1.1230119249020862f,-0.000008247801809078284f,-0.31223397643189976f,-0.06142500266729786f,1.4685552529646897f,-0.000005431420558860454f,0.4187860225578634f,0.33455050308835094f,1.6309180780408137f,0f,0f,0f,1f], start_interpolation: 0, interpolation_duration: 1 }
$data merge entity $(bone_aquamarine_dagger) { transformation: [-0.15727161317138477f,0.34365902965726336f,-0.9258315781099166f,-1.1230119249020862f,-0.8247801809078283f,-0.5613195081921787f,-0.06825000296366429f,1.4685552529646897f,-0.5431420558860454f,0.7528737484186299f,0.3717227812092788f,1.6309180780408137f,0f,0f,0f,1f], start_interpolation: 0, interpolation_duration: 1 }
$data merge entity $(bone_left_arm2) { transformation: [0.3445868277097801f,0.9034184610645154f,-0.25513722264054883f,-0.6409231876122226f,0.7735292090766588f,-0.11925891761272f,0.6224386502098671f,1.3423606730337923f,0.531895178464845f,-0.41184025395493473f,-0.7399156197487559f,1.3739196306246293f,0f,0f,0f,1f], start_interpolation: 0, interpolation_duration: 1 }
$data merge entity $(bone_left_arm) { transformation: [0.16121832890643498f,0.9533696282386406f,-0.25513722264054883f,-0.3824284894392581f,0.7819144443858623f,0.034350085671900676f,0.6224386502098671f,1.4486875000000001f,0.6021780900077359f,-0.2998439987167486f,-0.7399156197487559f,1.374230892196409f,0f,0f,0f,1f], start_interpolation: 0, interpolation_duration: 1 }
$data merge entity $(bone_head) { transformation: [0.9197923069995262f,0.004412146242275654f,-0.3923807397796513f,-0.0010781041508735323f,-0.03569181008381993f,0.9967325917871142f,-0.07245850648669616f,1.51875f,0.3907789742008009f,0.08065155568790247f,0.916944447547228f,1.2489401800639819f,0f,0f,0f,1f], start_interpolation: 0, interpolation_duration: 1 }
$data merge entity $(bone_body_top) { transformation: [0.9998537262811578f,0f,0.017103392695131656f,-0.0010781041508735323f,0f,1f,0f,1.125f,-0.017103392695131656f,0f,0.9998537262811578f,1.2489401800639819f,0f,0f,0f,1f], start_interpolation: 0, interpolation_duration: 1 }
$data merge entity $(bone_body) { transformation: [0.9998537262811578f,0f,0.017103392695131656f,-0.0010781041508735323f,0f,1f,0f,0.6875f,-0.017103392695131656f,0f,0.9998537262811578f,1.2489401800639819f,0f,0f,0f,1f], start_interpolation: 0, interpolation_duration: 1 }
$data merge entity $(bone_right_leg2) { transformation: [0.9944528241403046f,-0.09965867708228171f,0.033641174794921215f,0.1616423000668912f,0.09780873342818215f,0.7585058347641175f,-0.6442843706733574f,0.4413900186565291f,0.03869150067582991f,0.6440008126633063f,0.7640457584886219f,1.0964764135760423f,0f,0f,0f,1f], start_interpolation: 0, interpolation_duration: 1 }
$data merge entity $(bone_right_leg) { transformation: [0.9944528241403046f,-0.10501200259511656f,0.006004987122065866f,0.12390361163427119f,0.09780873342818215f,0.9022190785209625f,-0.4200406956688365f,0.765625f,0.03869150067582991f,0.4182979962463944f,0.9074854015970195f,1.2468022559770904f,0f,0f,0f,1f], start_interpolation: 0, interpolation_duration: 1 }
$data merge entity $(bone_left_leg2) { transformation: [0.9947896720988499f,0.08720940839259203f,0.05280177433834066f,-0.15446061153514823f,-0.09291284450590236f,0.9887192840937523f,0.1174792772660776f,0.44155541469473975f,-0.04196083425392013f,-0.12177313475866522f,0.9916706066228661f,1.3390869898501272f,0f,0f,0f,1f], start_interpolation: 0, interpolation_duration: 1 }
$data merge entity $(bone_left_leg) { transformation: [0.9947896720988499f,0.07871894134709327f,0.0647829959067643f,-0.1261709919885366f,-0.09291284450590236f,0.961584933023333f,0.2583052843213511f,0.7871250000000001f,-0.04196083425392013f,-0.26297860151674873f,0.9638887609745277f,1.2445790549300457f,0f,0f,0f,1f], start_interpolation: 0, interpolation_duration: 1 }
data modify entity @s data merge value {"locators":{"aquamarine_dagger":{"posx":-1.470198766693305,"posy":1.4429615018533155,"posz":1.7703141209942932,"roty":248.12446473630234,"rotx":-3.913479346473937},"player_camera":{"posx":0.009611516283583754,"posy":-0.125,"posz":1.8738487589897055,"roty":179.01999999999995,"rotx":0}},"cameras":{}}