# This file was generated by Animated Java via MC-Build. It is not recommended to edit this file directly.
$data merge entity $(bone_right_arm2) { transformation: [0.9758308107417175f,-0.16517913938083645f,-0.14307368982649707f,0.36356131763783667f,0.20828702287105866f,0.9011132869125551f,0.3802780039039366f,1.0594459193637722f,0.06611160949994759f,-0.40088738576195876f,0.9137387805200505f,0.5225107617207189f,0f,0f,0f,1f], start_interpolation: 0, interpolation_duration: 1 }
$data merge entity $(bone_right_arm) { transformation: [0.9758308107417175f,-0.20415170228452983f,-0.07795069763312693f,0.3125233920667042f,0.20828702287105866f,0.9768322436026866f,0.04914553857322765f,1.3036539802644438f,0.06611160949994759f,-0.06419384949097715f,0.9957451505163639f,0.5064622993479746f,0f,0f,0f,1f], start_interpolation: 0, interpolation_duration: 1 }
$data merge entity $(bone_crystal_effect) { transformation: [0.7282684477269141f,0.8839783649545774f,0.6107851702889091f,-0.6561164556756454f,-0.4301579939895375f,1.675787077242536f,0.8207367916170002f,0.8709283367607243f,-0.060771442736931885f,-1.2683532323604303f,1.510069069493638f,0.9009141478690631f,0f,0f,0f,1f], start_interpolation: 0, interpolation_duration: 1 }
$data merge entity $(bone_crystal_slash) { transformation: [0.000008588071317534365f,-0.29841221465399265f,0.1774857167768332f,-0.6979739920167164f,-0.000005072617853650207f,-0.5657099232673898f,0.2384947520522778f,0.814682668475568f,-7.166443718977817e-7f,0.42816895982705944f,0.4388051711452475f,0.7974280548390714f,0f,0f,0f,1f], start_interpolation: 0, interpolation_duration: 1 }
$data merge entity $(bone_aquamarine_dagger) { transformation: [0.8588071317534364f,0.38770980919060405f,0.3348602907285686f,-0.6979739920167164f,-0.5072617853650206f,0.7349943321239193f,0.44996534628125007f,0.814682668475568f,-0.07166443718977816f,-0.5562952773510659f,0.8278887442399331f,0.7974280548390714f,0f,0f,0f,1f], start_interpolation: 0, interpolation_duration: 1 }
$data merge entity $(bone_left_arm2) { transformation: [0.80992056733683f,0.44711469011900523f,0.3796276181794121f,-0.5595195586364468f,-0.5763201853714802f,0.7269320363171246f,0.3733963825604384f,1.184559171256797f,-0.10901246964531186f,-0.5212084692861627f,0.8464384283609797f,0.4439804030323633f,0f,0f,0f,1f], start_interpolation: 0, interpolation_duration: 1 }
$data merge entity $(bone_left_arm) { transformation: [0.80992056733683f,0.5840633193045247f,-0.0538397032659763f,-0.31226365789321187f,-0.5763201853714802f,0.7753892108689743f,-0.25812131954058337f,1.3063664508026056f,-0.10901246964531186f,0.24008667333063338f,0.9646111500241223f,0.49037551265935764f,0f,0f,0f,1f], start_interpolation: 0, interpolation_duration: 1 }
$data merge entity $(bone_head) { transformation: [0.9999872881248644f,0.0019839232840434553f,0.004635475928363199f,-0.022677697903510773f,-0.0013957579737021927f,0.9923305331027633f,-0.12360487422292186f,1.4462583337587107f,-0.004845146887169794f,0.12359683297070573f,0.9923206877976763f,0.5250530101312494f,0f,0f,0f,1f], start_interpolation: 0, interpolation_duration: 1 }
$data merge entity $(bone_body_top) { transformation: [0.9996592799358657f,-0.0006124236577771216f,-0.026094999049054823f,0.00028297300119046423f,-0.004339952861058734f,0.9819094464896634f,-0.1893013568454453f,1.0595328539111089f,0.025738858701787177f,0.18935010914078249f,0.9815722323502756f,0.4510813787184705f,0f,0f,0f,1f], start_interpolation: 0, interpolation_duration: 1 }
$data merge entity $(bone_body) { transformation: [0.9996592799358657f,0.0013185715209942405f,-0.026068858955673534f,-0.000293902039244516f,-0.004339952861058734f,0.99321795179682f,-0.11618633756898174f,0.625f,0.025738858701787177f,0.11625988817160292f,0.9928852650508295f,0.4002176776433942f,0f,0f,0f,1f], start_interpolation: 0, interpolation_duration: 1 }
$data merge entity $(bone_right_leg2) { transformation: [0.9937956498224694f,-0.10979227456613189f,0.017772530476302784f,0.16033247660367084f,0.09909517212933125f,0.8015105375245517f,-0.5897126462081022f,0.34553429733879126f,0.050501022312367236f,0.5878150344136318f,0.8074175698253702f,0.37537640045961196f,0f,0f,0f,1f], start_interpolation: 0, interpolation_duration: 1 }
$data merge entity $(bone_right_leg) { transformation: [0.9937956498224694f,-0.09943478985311627f,-0.04982899718841037f,0.12459809900020719f,0.09909517212933125f,0.9950349987094503f,-0.009246523884269026f,0.703125f,0.050501022312367236f,0.004251342158748632f,0.9987149607546966f,0.3769042265479122f,0f,0f,0f,1f], start_interpolation: 0, interpolation_duration: 1 }
$data merge entity $(bone_left_leg2) { transformation: [0.9847504793108875f,0.0962527639740601f,-0.14492031922519144f,-0.18047422344417152f,-0.16435041489132576f,0.7878871332545048f,-0.5934836192996797f,0.35234431854798814f,0.057056416133740746f,0.6082509931593635f,0.7916914138088283f,0.3813839359145482f,0f,0f,0f,1f], start_interpolation: 0, interpolation_duration: 1 }
$data merge entity $(bone_left_leg) { transformation: [0.9847504793108875f,0.15401529878121592f,-0.0809060024862822f,-0.12512497544467205f,-0.16435041489132576f,0.9760853744751634f,-0.14228943341207403f,0.703125f,0.057056416133740746f,0.15341652282923365f,0.9865130186170686f,0.4365179988063041f,0f,0f,0f,1f], start_interpolation: 0, interpolation_duration: 1 }
data modify entity @s data merge value {"locators":{"aquamarine_dagger":{"posx":-0.5724013829935032,"posy":0.9834196733310367,"posz":1.1078863339290463,"roty":157.97789941056024,"rotx":26.741460625732767},"player_camera":{"posx":0.002638240348170534,"posy":-0.1875,"posz":1.0252107996383646,"roty":179.7312,"rotx":0}},"cameras":{}}