# This file was generated by Animated Java via MC-Build. It is not recommended to edit this file directly.
$data merge entity $(bone_right_arm2) { transformation: [0.8707760567072227f,-0.49056501905179944f,0.03309110376109476f,0.43864068138912726f,0.48740591938343053f,0.8523950415390652f,-0.1893625171717152f,1.1624800184017536f,0.06468793407902726f,0.1810211458430288f,0.981349487156469f,1.229855378687221f,0f,0f,0f,1f], start_interpolation: 0, interpolation_duration: 1 }
$data merge entity $(bone_right_arm) { transformation: [0.8707760567072227f,-0.4901362367335945f,0.03892978944265765f,0.3161066222057286f,0.48740591938343053f,0.8500799263929855f,-0.1994983420825577f,1.375f,0.06468793407902726f,0.1926929894529801f,0.9791245492787225f,1.278028626050466f,0f,0f,0f,1f], start_interpolation: 0, interpolation_duration: 1 }
$data merge entity $(bone_crystal_effect) { transformation: [0.00003467638927020242f,0.000006599361220925389f,-0.000007513217110898704f,-0.9995070720413635f,-0.2503054394170516f,-0.000007273991001051165f,-0.000006389348450073012f,0.7957422951049233f,-0.9681669204201235f,0.0000018808206699132484f,0.0000016516037745320798f,1.3894620079760298f,0f,0f,0f,1f], start_interpolation: 0, interpolation_duration: 1 }
$data merge entity $(bone_crystal_slash) { transformation: [3.4676389270202425e-10f,0.000006599361220925389f,-0.6761895399808833f,-0.9055918581551297f,-0.000002503054394170516f,-0.000007273991001051165f,-0.5750413605065711f,0.875609150730836f,-0.000009681669204201237f,0.0000018808206699132484f,0.14864433970788718f,1.3688169607943788f,0f,0f,0f,1f], start_interpolation: 0, interpolation_duration: 1 }
$data merge entity $(bone_aquamarine_dagger) { transformation: [0.00003467638927020242f,0.6599361220925388f,-0.7513217110898703f,-0.9055918581551297f,-0.2503054394170516f,-0.7273991001051164f,-0.6389348450073011f,0.875609150730836f,-0.9681669204201235f,0.18808206699132482f,0.16516037745320797f,1.3688169607943788f,0f,0f,0f,1f], start_interpolation: 0, interpolation_duration: 1 }
$data merge entity $(bone_left_arm2) { transformation: [-0.01889712500745889f,0.7057024850074431f,-0.7082562398742228f,-0.5553294906589428f,0.22984452993493593f,0.6924768322183871f,0.6838474456337291f,1.2054410314721302f,0.973043879136723f,-0.14986607186120401f,-0.1752876772036519f,1.234176473708856f,0f,0f,0f,1f], start_interpolation: 0, interpolation_duration: 1 }
$data merge entity $(bone_left_arm) { transformation: [-0.007070867132215358f,0.7059200390392857f,-0.7082562398742228f,-0.37973333929064823f,0.24141428576008667f,0.6885287312314361f,0.6838474456337291f,1.40775f,0.9703963857460242f,-0.16614777985757923f,-0.1752876772036519f,1.3139390769627144f,0f,0f,0f,1f], start_interpolation: 0, interpolation_duration: 1 }
$data merge entity $(bone_head) { transformation: [0.9989138747940599f,-0.004463138306794503f,-0.04638050388225517f,0.0044699860997952645f,0.0025986107956511365f,0.9991889386693165f,-0.04018347997396094f,1.51875f,0.04652223087783074f,0.04001931080540267f,0.9981152923369178f,1.2548153316574222f,0f,0f,0f,1f], start_interpolation: 0, interpolation_duration: 1 }
$data merge entity $(bone_body_top) { transformation: [0.9972372355389867f,0f,-0.07428254205774028f,0.0044699860997952645f,0f,1f,0f,1.125f,0.07428254205774028f,0f,0.9972372355389867f,1.2548153316574222f,0f,0f,0f,1f], start_interpolation: 0, interpolation_duration: 1 }
$data merge entity $(bone_body) { transformation: [0.9972372355389867f,0f,-0.07428254205774028f,0.0044699860997952645f,0f,1f,0f,0.6875f,0.07428254205774028f,0f,0.9972372355389867f,1.2548153316574222f,0f,0f,0f,1f], start_interpolation: 0, interpolation_duration: 1 }
$data merge entity $(bone_right_leg2) { transformation: [0.9860569091471051f,-0.11379821101955082f,-0.1214155636317186f,0.15485650690226674f,0.11130999799651994f,0.9934160261570466f,-0.027105042341907692f,0.42248562458718036f,0.12370067206475821f,0.01321234812937f,0.9922316148902108f,1.3677521362342993f,0f,0f,0f,1f], start_interpolation: 0, interpolation_duration: 1 }
$data merge entity $(bone_right_leg) { transformation: [0.9860569091471051f,-0.07160171508896872f,-0.1502163983045003f,0.1291246405421686f,0.11130999799651994f,0.9548226098443676f,0.2755428606877797f,0.765625f,0.12370067206475821f,-0.28842152854166175f,0.9494794182100098f,1.2641006494146396f,0f,0f,0f,1f], start_interpolation: 0, interpolation_duration: 1 }
$data merge entity $(bone_left_leg2) { transformation: [0.9777990218365661f,0.1425440091429873f,-0.1535912704319447f,-0.1823820088851736f,-0.19120528042597065f,0.9068157352812619f,-0.37566709063149284f,0.41790562930646225f,0.08572988762783214f,0.39669437568958343f,0.9139387061852513f,1.179400438830358f,0f,0f,0f,1f], start_interpolation: 0, interpolation_duration: 1 }
$data merge entity $(bone_left_leg) { transformation: [0.9777990218365661f,0.17307086064026586f,-0.11813361118958687f,-0.12018466834257807f,-0.19120528042597065f,0.9675669445385399f,-0.1650901225803046f,0.765625f,0.08572988762783214f,0.1840127306291382f,0.9791780743734654f,1.2455300139002046f,0f,0f,0f,1f], start_interpolation: 0, interpolation_duration: 1 }
data modify entity @s data merge value {"locators":{"aquamarine_dagger":{"posx":-1.187337499813831,"posy":0.6360085838530981,"posz":1.4307521023393317,"roty":257.60206696129586,"rotx":-39.71243935339331},"player_camera":{"posx":-0.04195660268629241,"posy":-0.125,"posz":1.8780886038692888,"roty":184.26000000000002,"rotx":0}},"cameras":{}}