execute if entity @s[tag=aj.rakshasa_great_katana.bone.right_arm2] run data modify entity @s {} merge value {transformation:[0.2425196726162539f,-0.9411805161547002f,-0.23529437818375043f,1.179497029269668f,0.13916045426163406f,-0.20627773578355343f,0.9685472955357971f,1.2190804250339542f,-0.9601138351069634f,-0.26763544557995883f,0.08094869922003767f,1.0838422002340897f,0f,0f,0f,1f],start_interpolation:0}
execute if entity @s[tag=aj.rakshasa_great_katana.bone.right_arm] run data modify entity @s {} merge value {transformation:[-0.404977672710004f,-0.8835324782946645f,-0.23529437818375043f,0.9586139096960019f,-0.021988423925546757f,-0.24785609841915182f,0.9685472955357971f,1.1571164004291663f,-0.9140621389269221f,0.3974137821904578f,0.08094869922003767f,1.183195645781704f,0f,0f,0f,1f],start_interpolation:0}
execute if entity @s[tag=aj.rakshasa_great_katana.bone.slash] run data modify entity @s {} merge value {transformation:[-0.000008949460472741214f,0.000013841120335711319f,0.00003826802393918862f,4.766280475910208f,0.000040426994910256104f,-0.0000014588862318460458f,0.000009982026076892853f,2.01841791501949f,0.000004655786816863669f,0.00003927347896387587f,-0.000013115967760749871f,-0.9139302979925983f,0f,0f,0f,1f],start_interpolation:0}
execute if entity @s[tag=aj.rakshasa_great_katana.bone.bone0] run data modify entity @s {} merge value {transformation:[0.11661491507707536f,0.8249676940242412f,0.5530183228410188f,3.0493881346257727f,-0.9605779744242069f,0.23517471173802804f,-0.14826601097360043f,1.6869882295126566f,-0.2523705938350483f,-0.5139271920955949f,0.8198706755288198f,0.17062885885355206f,0f,0f,0f,1f],start_interpolation:0}
execute if entity @s[tag=aj.rakshasa_great_katana.bone.bone1] run data modify entity @s {} merge value {transformation:[0.15248850892720286f,0.8190958364240817f,0.5530183228410188f,3.720385607406408f,-0.9494055401893748f,0.2768507002839223f,-0.14826601097360043f,1.8972618679200757f,-0.27454758222005954f,-0.502429796593551f,0.8198706755288198f,-0.2439456266028288f,0f,0f,0f,1f],start_interpolation:0}
execute if entity @s[tag=aj.rakshasa_great_katana.bone.bone2] run data modify entity @s {} merge value {transformation:[0.18807183223370716f,0.8116647833449249f,0.5530183228410188f,4.237599830688681f,-0.9364258585481089f,0.3179996877866609f,-0.14826601097360043f,2.080739567309236f,-0.29620195367805036f,-0.4899759974174484f,0.8198706755288198f,-0.5596361903019085f,0f,0f,0f,1f],start_interpolation:0}
execute if entity @s[tag=aj.rakshasa_great_katana.bone.bone3] run data modify entity @s {} merge value {transformation:[0.3917377441207204f,0.7353314044927745f,0.5530183228410188f,4.462476096119736f,-0.8222135456406889f,0.5495289577037258f,-0.14826601097360043f,2.1912470722695447f,-0.4129242366296463f,-0.39661776335880516f,0.8198706755288198f,-0.6913352392313978f,0f,0f,0f,1f],start_interpolation:0}
execute if entity @s[tag=aj.rakshasa_great_katana.bone.bone7] run data modify entity @s {} merge value {transformation:[0.6433176297024145f,0.5756301101813347f,0.5047696539677207f,4.616492884750941f,-0.5493306384528953f,0.8062945489919462f,-0.21937399554826276f,2.3162387533930113f,-0.5332712977190901f,-0.13615827745127862f,0.8349147540380987f,-0.7915075476508382f,0f,0f,0f,1f],start_interpolation:0}
execute if entity @s[tag=aj.rakshasa_great_katana.bone.bone10] run data modify entity @s {} merge value {transformation:[0.5226318918803755f,0.6983910524449253f,0.4889845022640389f,4.568712324769153f,-0.7839451294295992f,0.6190984663798346f,-0.04633705827678708f,2.263580994887422f,-0.3350909423323004f,-0.3591197944850817f,0.8710608667457425f,-0.7766966211138379f,0f,0f,0f,1f],start_interpolation:0}
execute if entity @s[tag=aj.rakshasa_great_katana.bone.bone4] run data modify entity @s {} merge value {transformation:[0.37826514006366085f,0.6983910524449253f,0.6075898465885432f,4.5663593568979355f,-0.7452399337335183f,0.6190984663798346f,-0.24765809111555115f,2.2629435102439146f,-0.5491201371116169f,-0.3591197944850817f,0.7546522697425035f,-0.782371489234117f,0f,0f,0f,1f],start_interpolation:0}
execute if entity @s[tag=aj.rakshasa_great_katana.bone.bone11] run data modify entity @s {} merge value {transformation:[0.5083733608919198f,0.49931811105087087f,0.7015967145818492f,4.616492884750941f,-0.5042186707349368f,0.8330635499109614f,-0.22752725966802548f,2.3162387533930113f,-0.6980831311654423f,-0.23808936512649623f,0.6752728309327383f,-0.7915075476508382f,0f,0f,0f,1f],start_interpolation:0}
execute if entity @s[tag=aj.rakshasa_great_katana.bone.bone5] run data modify entity @s {} merge value {transformation:[0.454335418459729f,0.6983910524449253f,0.5530183228410188f,4.560795177024196f,-0.7711901703964552f,0.6190984663798346f,-0.14826601097360043f,2.2290937106344977f,-0.4459204509964866f,-0.3591197944850817f,0.8198706755288198f,-0.7590901422715544f,0f,0f,0f,1f],start_interpolation:0}
execute if entity @s[tag=aj.rakshasa_great_katana.bone.bone8] run data modify entity @s {} merge value {transformation:[0.3917377441207204f,0.4677266842780661f,0.7923214553736734f,4.580565431286459f,-0.8222135456406889f,0.5644375025271904f,0.07331569481246877f,2.2418069019766587f,-0.4129242366296463f,-0.6801779580044586f,0.6056826894081664f,-0.7319428774929562f,0f,0f,0f,1f],start_interpolation:0}
execute if entity @s[tag=aj.rakshasa_great_katana.bone.bone9] run data modify entity @s {} merge value {transformation:[-0.5530183228410187f,0.8190958364240817f,0.15248850892720295f,4.575018484533245f,0.14826601097360018f,0.2768507002839222f,-0.9494055401893747f,2.2431094452374265f,-0.8198706755288196f,-0.502429796593551f,-0.2745475822200593f,-0.7733967493421146f,0f,0f,0f,1f],start_interpolation:0}
execute if entity @s[tag=aj.rakshasa_great_katana.bone.bone6] run data modify entity @s {} merge value {transformation:[0.3917377441207204f,0.5350022079718393f,0.7485413664564349f,4.556802925226884f,-0.822213545640689f,0.5686795312581746f,0.02384273669170342f,2.2481777071356803f,-0.4129242366296463f,-0.6248009508581438f,0.6626592990448288f,-0.7671716955820851f,0f,0f,0f,1f],start_interpolation:0}
execute if entity @s[tag=aj.rakshasa_great_katana.locator_origin.rakshasa0] at @s on origin run tp @s ^1.19379 ^1.24381 ^1.34212 ~145.99959 ~-8.52645
execute if entity @s[tag=aj.rakshasa_great_katana.locator_origin.rakshasa1] at @s on origin run tp @s ^1.81574 ^1.3886 ^0.94879 ~145.99959 ~-8.52645
execute if entity @s[tag=aj.rakshasa_great_katana.locator_origin.rakshasa2] at @s on origin run tp @s ^2.43769 ^1.53339 ^0.55545 ~145.99959 ~-8.52645
execute if entity @s[tag=aj.rakshasa_great_katana.locator_origin.rakshasa3] at @s on origin run tp @s ^3.05965 ^1.67818 ^0.16212 ~145.99959 ~-8.52645
execute if entity @s[tag=aj.rakshasa_great_katana.locator_origin.rakshasa4] at @s on origin run tp @s ^3.67657 ^1.88359 ^-0.21686 ~145.99959 ~-8.52645
execute if entity @s[tag=aj.rakshasa_great_katana.locator_origin.rakshasa5] at @s on origin run tp @s ^4.29348 ^2.08899 ^-0.59584 ~145.99959 ~-8.52645
execute if entity @s[tag=aj.rakshasa_great_katana.bone.rakshasa_great_katana] run data modify entity @s {} merge value {transformation:[0.12245649337279649f,1.2611802093196476f,0.8410486993207162f,1.6682801474237376f,-1.4750895469562475f,0.29359847911703146f,-0.22548789168901734f,1.3511780402795053f,-0.3493554972646491f,-0.7975954115078626f,1.2468866523667468f,1.0414865219629061f,0f,0f,0f,1f],start_interpolation:0}
execute if entity @s[tag=aj.rakshasa_great_katana.bone.left_arm2] run data modify entity @s {} merge value {transformation:[-0.16604614689497413f,-0.8379639294822442f,0.5198510651984948f,0.9618243216997561f,0.9819774891531186f,-0.188765095400342f,0.00937814240864133f,1.094499055398436f,0.0902711908521741f,0.5120392481491793f,0.8542054322333439f,1.4115249168183013f,0f,0f,0f,1f],start_interpolation:0}
execute if entity @s[tag=aj.rakshasa_great_katana.bone.left_arm] run data modify entity @s {} merge value {transformation:[-0.16604614689497413f,-0.833167447542301f,0.5275042004166226f,0.7327766914523091f,0.9819774891531186f,-0.1886712829528599f,0.011106655007645128f,1.1700784208043609f,0.0902711908521741f,0.5198414675117498f,0.8494798177457551f,1.5527691825527605f,0f,0f,0f,1f],start_interpolation:0}
execute if entity @s[tag=aj.rakshasa_great_katana.bone.head] run data modify entity @s {} merge value {transformation:[0.9973869946718119f,-0.07141333497309348f,-0.010923298382454594f,0.7179153065997729f,0.07085941471693062f,0.9964850935965447f,-0.04468110994435901f,1.2839698914148125f,0.014075731082449305f,0.04379033943584591f,0.9989415798566943f,1.3475870216240282f,0f,0f,0f,1f],start_interpolation:0}
execute if entity @s[tag=aj.rakshasa_great_katana.bone.body_top] run data modify entity @s {} merge value {transformation:[0.5218936651710478f,0.026482580634526676f,0.8525993638147207f,0.707487790474928f,0.11485459427602501f,0.9882344558373684f,-0.1010004082640769f,0.8948525744288486f,-0.8452428198027006f,0.15063642726364807f,0.5127116561511195f,1.2882739283889668f,0f,0f,0f,1f],start_interpolation:0}
execute if entity @s[tag=aj.rakshasa_great_katana.locator_origin.player_camera] at @s on origin run tp @s ^0.73429 ^-0.09969 ^1.16968 ~121.02065 ~-5.79678
execute if entity @s[tag=aj.rakshasa_great_katana.bone.body] run data modify entity @s {} merge value {transformation:[0.5218936651710478f,0.026482580634526676f,0.8525993638147207f,0.6959016614473226f,0.11485459427602501f,0.9882344558373684f,-0.1010004082640769f,0.4624999999999999f,-0.8452428198027006f,0.15063642726364807f,0.5127116561511195f,1.2223704914611209f,0f,0f,0f,1f],start_interpolation:0}
execute if entity @s[tag=aj.rakshasa_great_katana.bone.right_leg2] run data modify entity @s {} merge value {transformation:[0.7369605552594034f,0.04027346023723022f,0.6747349023077678f,1.0489155066601499f,0.08356798820504979f,0.9851364079506464f,-0.1500754779351321f,0.4748452995158766f,-0.6707499767716084f,0.16698594590748617f,0.7226411021594813f,1.3930462057246067f,0f,0f,0f,1f],start_interpolation:0}
execute if entity @s[tag=aj.rakshasa_great_katana.bone.right_leg] run data modify entity @s {} merge value {transformation:[0.7369605552594034f,-0.608112022435865f,0.29510829903734415f,0.830375248597261f,0.08356798820504979f,0.5152130796079952f,0.8529782376756199f,0.6599999999999999f,-0.6707499767716084f,-0.6039497088084472f,0.4305104155430847f,1.176001779121571f,0f,0f,0f,1f],start_interpolation:0}
execute if entity @s[tag=aj.rakshasa_great_katana.bone.left_leg2] run data modify entity @s {} merge value {transformation:[0.8900591425055221f,0.3903667094790572f,0.23539021851561415f,0.4734983367309983f,0.018099049399996125f,0.4857118246711425f,-0.8739316036083405f,0.3455017523834385f,-0.45548561695530176f,0.7821111529093052f,0.42524698381261405f,1.0606342131621664f,0f,0f,0f,1f],start_interpolation:0}
execute if entity @s[tag=aj.rakshasa_great_katana.bone.left_leg] run data modify entity @s {} merge value {transformation:[0.8900591425055221f,0.37378747138522594f,0.2609169390395613f,0.6078282092600639f,0.018099049399996125f,0.542951645541736f,-0.8395688983129005f,0.5406249999999999f,-0.45548561695530176f,0.7519883222756587f,0.4764938781431388f,1.3308800164799812f,0f,0f,0f,1f],start_interpolation:0}