execute if entity @s[tag=aj.rakshasa_great_katana.bone.right_arm2] run data modify entity @s {} merge value {transformation:[0.2651646101837738f,0.9640780690107472f,0.015530819636986836f,-0.09956600522609774f,-0.2559355749665929f,0.05484586170591539f,0.9651367327587609f,1.170291021822928f,0.9296153564634178f,-0.2598949947695129f,0.26128505644439015f,0.5437379119571623f,0f,0f,0f,1f],start_interpolation:0}
execute if entity @s[tag=aj.rakshasa_great_katana.bone.right_arm] run data modify entity @s {} merge value {transformation:[0.38873352953572504f,0.9212193206050888f,0.015530819636986836f,0.13073882492517447f,-0.2465871891558795f,0.0877829438099874f,0.9651367327587609f,1.192236757775425f,0.8877392641755238f,-0.3790107097694627f,0.26128505644439015f,0.44898523451479655f,0f,0f,0f,1f],start_interpolation:0}
execute if entity @s[tag=aj.rakshasa_great_katana.bone.slash] run data modify entity @s {} merge value {transformation:[0.00003303028157410113f,0.00002473373137865969f,0.00000577530452314098f,0.051791718819456545f,0.000004801104085406093f,-0.00001538354120886541f,0.00003842404417220224f,1.6975278287738216f,0.00002494115093189976f,-0.000029794299841992543f,-0.000015044925996120769f,-0.3270952943625966f,0f,0f,0f,1f],start_interpolation:0}
execute if entity @s[tag=aj.rakshasa_great_katana.bone.bone0] run data modify entity @s {} merge value {transformation:[-0.5914047013972558f,0.14773207731337792f,-0.792726757778427f,-0.33569248481787206f,0.3833621419435147f,0.9163821922493215f,-0.11522649804974594f,3.0390889830305117f,0.709418034229257f,-0.37204692051003696f,-0.598587622365594f,-0.07218260988011116f,0f,0f,0f,1f],start_interpolation:0}
execute if entity @s[tag=aj.rakshasa_great_katana.bone.bone1] run data modify entity @s {} merge value {transformation:[-0.5843978324594601f,0.17338817987045146f,-0.792726757778427f,-0.20383229619944626f,0.42296929594889904f,0.8987879776853296f,-0.11522649804974594f,3.7795890733327733f,0.692514366711029f,-0.40263719431956035f,-0.598587622365594f,-0.3893531040916186f,0f,0f,0f,1f],start_interpolation:0}
execute if entity @s[tag=aj.rakshasa_great_katana.bone.bone2] run data modify entity @s {} merge value {transformation:[-0.5762785290325761f,0.1987142281724017f,-0.792726757778427f,-0.08901076777808092f,0.46177130385944143f,0.8794828691220444f,-0.11522649804974594f,4.34491231945774f,0.674292458735823f,-0.4324610253452944f,-0.598587622365594f,-0.6502377432503432f,0f,0f,0f,1f],start_interpolation:0}
execute if entity @s[tag=aj.rakshasa_great_katana.bone.bone3] run data modify entity @s {} merge value {transformation:[-0.5052112875445746f,0.3410950636401182f,-0.792726757778427f,-0.020152959537838244f,0.673663744607204f,0.7300000091431447f,-0.11522649804974594f,4.58285593455557f,0.5393873507409611f,-0.5922450035343078f,-0.598587622365594f,-0.7872316160119683f,0f,0f,0f,1f],start_interpolation:0}
execute if entity @s[tag=aj.rakshasa_great_katana.bone.bone7] run data modify entity @s {} merge value {transformation:[-0.33622293843951767f,0.437441178708175f,-0.8340259893057883f,0.06827559585403117f,0.9017430545629521f,0.4050040511373127f,-0.15109990770957327f,4.745737268844893f,0.27168658269147705f,-0.8028803981495423f,-0.5306311968332239f,-0.9098229877958582f,0f,0f,0f,1f],start_interpolation:0}
execute if entity @s[tag=aj.rakshasa_great_katana.bone.bone10] run data modify entity @s {} merge value {transformation:[-0.5729806426362847f,0.3838291589540004f,-0.7241328330498314f,0.04022129707101898f,0.7133982024535747f,0.668508474691917f,-0.21014143808657798f,4.707860360137326f,0.4034305242543239f,-0.6370020376747246f,-0.6568654474838284f,-0.8545646753492884f,0f,0f,0f,1f],start_interpolation:0}
execute if entity @s[tag=aj.rakshasa_great_katana.bone.bone4] run data modify entity @s {} merge value {transformation:[-0.3660374323087542f,0.3838291589540004f,-0.8477569078960542f,0.043941257736812706f,0.7434783545201437f,0.668508474691917f,-0.018340000684461996f,4.7099705231018305f,0.5596932503691943f,-0.6370020376747246f,-0.530067797068842f,-0.8501086594646183f,0f,0f,0f,1f],start_interpolation:0}
execute if entity @s[tag=aj.rakshasa_great_katana.bone.bone11] run data modify entity @s {} merge value {transformation:[-0.15667563888866542f,0.5449156711005876f,-0.8237230454271781f,0.06827559585403117f,0.905307722371269f,0.41262921893616555f,0.10077229527541373f,4.745737268844893f,0.3948045997626847f,-0.7299342703758512f,-0.5579653115894393f,-0.9098229877958582f,0f,0f,0f,1f],start_interpolation:0}
execute if entity @s[tag=aj.rakshasa_great_katana.bone.bone5] run data modify entity @s {} merge value {transformation:[-0.47356041244889524f,0.3838291589540004f,-0.792726757778427f,0.008277752289298279f,0.7347239436769966f,0.668508474691917f,-0.11522649804974594f,4.695045493852469f,0.4857172658542762f,-0.6370020376747246f,-0.598587622365594f,-0.8351370854405871f,0f,0f,0f,1f],start_interpolation:0}
execute if entity @s[tag=aj.rakshasa_great_katana.bone.bone8] run data modify entity @s {} merge value {transformation:[-0.5052112875445746f,0.6184941445320375f,-0.6018525966689321f,-0.005838425697121785f,0.673663744607204f,0.7185273389534897f,0.17290350597433357f,4.689914740480957f,0.5393873507409611f,-0.318093471099298f,-0.7796652034717513f,-0.8677541218104459f,0f,0f,0f,1f],start_interpolation:0}
execute if entity @s[tag=aj.rakshasa_great_katana.bone.bone9] run data modify entity @s {} merge value {transformation:[0.7927267577784268f,0.17338817987045146f,-0.5843978324594602f,0.021140608130238325f,0.115226498049746f,0.8987879776853296f,0.422969295948899f,4.713099786909924f,0.598587622365594f,-0.40263719431956035f,0.6925143667110287f,-0.8457206453633561f,0f,0f,0f,1f],start_interpolation:0}
execute if entity @s[tag=aj.rakshasa_great_katana.bone.bone6] run data modify entity @s {} merge value {transformation:[-0.5052112875445746f,0.5636856774963181f,-0.6534676823861071f,0.028224052176169967f,0.673663744607204f,0.7308626589863042f,0.10962177202211583f,4.694865879069033f,0.5393873507409611f,-0.38483532930980496f,-0.7489746692483406f,-0.8420335599119242f,0f,0f,0f,1f],start_interpolation:0}
execute if entity @s[tag=aj.rakshasa_great_katana.locator_origin.rakshasa0] at @s on origin run tp @s ^-0.61513 ^0.95596 ^0.69887 ~-52.94356 ~-6.61669
execute if entity @s[tag=aj.rakshasa_great_katana.locator_origin.rakshasa1] at @s on origin run tp @s ^-0.52378 ^1.65513 ^0.44331 ~-52.94356 ~-6.61669
execute if entity @s[tag=aj.rakshasa_great_katana.locator_origin.rakshasa2] at @s on origin run tp @s ^-0.43243 ^2.3543 ^0.18775 ~-52.94356 ~-6.61669
execute if entity @s[tag=aj.rakshasa_great_katana.locator_origin.rakshasa3] at @s on origin run tp @s ^-0.34109 ^3.05348 ^-0.06781 ~-52.94356 ~-6.61669
execute if entity @s[tag=aj.rakshasa_great_katana.locator_origin.rakshasa4] at @s on origin run tp @s ^-0.21241 ^3.73121 ^-0.36869 ~-52.94356 ~-6.61669
execute if entity @s[tag=aj.rakshasa_great_katana.locator_origin.rakshasa5] at @s on origin run tp @s ^-0.08373 ^4.40895 ^-0.66956 ~-52.94356 ~-6.61669
execute if entity @s[tag=aj.rakshasa_great_katana.bone.rakshasa_great_katana] run data modify entity @s {} merge value {transformation:[-0.9083721509313919f,0.1852295283248647f,-1.2056052774546913f,-0.5473429142916946f,0.5216842135579263f,1.4177695322821329f,-0.17524029911732197f,1.4901502718765471f,1.1025604947187717f,-0.5182215770757029f,-0.910352009014341f,0.50627550415632f,0f,0f,0f,1f],start_interpolation:0}
execute if entity @s[tag=aj.rakshasa_great_katana.bone.left_arm2] run data modify entity @s {} merge value {transformation:[0.792726757778427f,0.5936095530878325f,0.1386073085553835f,-0.5067506724993953f,0.11522649804974622f,-0.36920498901276977f,0.9221770601328536f,1.0596400154420063f,0.5985876223655942f,-0.715063196207821f,-0.3610782239068984f,0.42574762452355924f,0f,0f,0f,1f],start_interpolation:0}
execute if entity @s[tag=aj.rakshasa_great_katana.bone.left_arm] run data modify entity @s {} merge value {transformation:[0.5747768700150282f,0.6823985931485761f,-0.4516234158727509f,-0.2643039154603728f,0.14666287110674425f,0.4570555337803029f,0.8772629259689075f,1.192236757775425f,0.8050599679119899f,-0.5704668255995667f,0.16262241221891724f,0.3837634141126663f,0f,0f,0f,1f],start_interpolation:0}
execute if entity @s[tag=aj.rakshasa_great_katana.bone.head] run data modify entity @s {} merge value {transformation:[0.9996636414378086f,-0.0028284291531871994f,0.02577991419353373f,-0.023286290884400793f,0.004588120005378352f,0.9976435252752162f,-0.06845688885170861f,1.3317498980375593f,-0.02552553901716484f,0.06855214413105065f,0.9973209365058567f,0.4586676919474726f,0f,0f,0f,1f],start_interpolation:0}
execute if entity @s[tag=aj.rakshasa_great_katana.bone.body_top] run data modify entity @s {} merge value {transformation:[0.9866433320848791f,-0.03925710222781051f,-0.15809432367141588f,-0.007828806882200404f,0f,0.970526193127891f,-0.24099566065114855f,0.9496052094934522f,0.16289547339458876f,0.237776761642846f,0.9575631970633552f,0.365043092050602f,0f,0f,0f,1f],start_interpolation:0}
execute if entity @s[tag=aj.rakshasa_great_katana.locator_origin.player_camera] at @s on origin run tp @s ^0.02155 ^-0.03598 ^0.18711 ~-170.625 ~-13.94531
execute if entity @s[tag=aj.rakshasa_great_katana.bone.body] run data modify entity @s {} merge value {transformation:[0.9866433320848791f,-0.03925710222781051f,-0.15809432367141588f,0.009346175342466692f,0f,0.970526193127891f,-0.24099566065114855f,0.5249999999999999f,0.16289547339458876f,0.237776761642846f,0.9575631970633552f,0.26101575883185685f,0f,0f,0f,1f],start_interpolation:0}
execute if entity @s[tag=aj.rakshasa_great_katana.bone.right_leg2] run data modify entity @s {} merge value {transformation:[0.9828888563305299f,-0.1821479344439785f,-0.027415799806956746f,0.18479876167743192f,0.08715574274765818f,0.5910052575763486f,-0.801945548041273f,0.35493199122311875f,0.16227560693883433f,0.7858338981584506f,0.5967677202209642f,0.016904525052263253f,0f,0f,0f,1f],start_interpolation:0}
execute if entity @s[tag=aj.rakshasa_great_katana.bone.right_leg] run data modify entity @s {} merge value {transformation:[0.9828888563305299f,-0.1770111536588669f,-0.05095633014278046f,0.12118537833127664f,0.08715574274765818f,0.6906240244226258f,-0.7179431268536529f,0.6031249999999999f,0.16227560693883433f,0.7012171620622626f,0.6942341960909012f,0.26890444266838887f,0f,0f,0f,1f],start_interpolation:0}
execute if entity @s[tag=aj.rakshasa_great_katana.bone.left_leg2] run data modify entity @s {} merge value {transformation:[0.9561457136692268f,0.1888875579182281f,-0.223845626929929f,-0.22153839792742624f,-0.05101395000581849f,0.8599794630802707f,0.5077724884089065f,0.5878427421208142f,0.288414547373687f,-0.4740852386901086f,0.8319015779041258f,0.5854532082524554f,0f,0f,0f,1f],start_interpolation:0}
execute if entity @s[tag=aj.rakshasa_great_katana.bone.left_leg] run data modify entity @s {} merge value {transformation:[0.9561457136692268f,0.2906082763403518f,0.03649936923365424f,-0.11710104861761234f,-0.05101395000581849f,0.04252454366382097f,0.9977921828171373f,0.6031249999999999f,0.288414547373687f,-0.9558966957305971f,0.05548473623040607f,0.24192783322427208f,0f,0f,0f,1f],start_interpolation:0}