execute if entity @s[tag=aj.rakshasa_great_katana.bone.right_arm2] run data modify entity @s {} merge value {transformation:[0.4629313489058545f,-0.8430979950451871f,-0.2736427177013706f,1.1593260364062523f,0.21428563402606696f,-0.19311046374785523f,0.9574915225949179f,1.2274310123277057f,-0.8601024550890745f,-0.50189054538004f,0.09126690094373421f,1.1783207810605423f,0f,0f,0f,1f],start_interpolation:0}
execute if entity @s[tag=aj.rakshasa_great_katana.bone.right_arm] run data modify entity @s {} merge value {transformation:[-0.16553694047951495f,-0.9474793846758303f,-0.2736427177013706f,0.9224561902372947f,0.04658973177427306f,-0.28467416646416394f,0.9574915225949179f,1.1562624707116647f,-0.9851024912311833f,0.14575127636574553f,0.09126690094373421f,1.2147586001519786f,0f,0f,0f,1f],start_interpolation:0}
execute if entity @s[tag=aj.rakshasa_great_katana.bone.slash] run data modify entity @s {} merge value {transformation:[-0.000009797410978920068f,0.000010625407666008179f,0.00003907969499820059f,4.830706286283667f,0.00004016070977613732f,-0.000002632496622511415f,0.000010784176506365493f,2.0310868631701346f,0.0000052191224835326525f,0.000040203007158354626f,-0.000009622374293192062f,-0.6752999978182952f,0f,0f,0f,1f],start_interpolation:0}
execute if entity @s[tag=aj.rakshasa_great_katana.bone.bone0] run data modify entity @s {} merge value {transformation:[0.1829092981512715f,0.9828601976121475f,-0.023022176257247895f,3.3093032166233027f,-0.7655400605178878f,0.1570806846812463f,0.6239183233744133f,1.5784665462923437f,0.6168408258149565f,-0.09649606442690475f,0.7811503729487952f,1.0774515821443105f,0f,0f,0f,1f],start_interpolation:0}
execute if entity @s[tag=aj.rakshasa_great_katana.bone.bone1] run data modify entity @s {} merge value {transformation:[0.2256069687144285f,0.9739463409592272f,-0.023022176257247895f,4.107884127040085f,-0.7579596727773401f,0.19032356711907222f,0.6239183233744133f,1.721283431264307f,0.6120446308160492f,-0.12331044047932392f,0.7811503729487952f,0.9869171557457063f,0f,0f,0f,1f],start_interpolation:0}
execute if entity @s[tag=aj.rakshasa_great_katana.bone.bone2] run data modify entity @s {} merge value {transformation:[0.26787518358997575f,0.9631785220907996f,-0.023022176257247895f,4.722494710523435f,-0.748936465720049f,0.2232041578296025f,0.6239183233744133f,1.8483279196981102f,0.6060833740760407f,-0.14989008809978338f,0.7811503729487952f,0.9035584154954175f,0f,0f,0f,1f],start_interpolation:0}
execute if entity @s[tag=aj.rakshasa_great_katana.bone.bone3] run data modify entity @s {} merge value {transformation:[0.5080365034022811f,0.8610278105910193f,-0.023022176257247895f,4.9883573631279745f,-0.6656475874962828f,0.4094376814828343f,0.6239183233744133f,1.9279261579597677f,0.5466371744321474f,-0.30164862733119924f,0.7811503729487952f,0.8478174672488966f,0f,0f,0f,1f],start_interpolation:0}
execute if entity @s[tag=aj.rakshasa_great_katana.bone.bone7] run data modify entity @s {} merge value {transformation:[0.798865605180738f,0.596775055046898f,-0.07532116922210771f,5.179033304407897f,-0.4582931646638764f,0.6849726931414184f,0.5663742445353257f,2.0097377069014772f,0.38959096509234203f,-0.417937726610513f,0.8206990536086016f,0.7682678677452356f,0f,0f,0f,1f],start_interpolation:0}
execute if entity @s[tag=aj.rakshasa_great_katana.bone.bone10] run data modify entity @s {} merge value {transformation:[0.5731700011351862f,0.8134730410233683f,-0.0986800959002588f,5.12833677978953f,-0.5406243207079996f,0.4658946573886017f,0.7004766320697435f,1.9647709247568024f,0.6157933855261069f,-0.3481433321851085f,0.7068201515218319f,0.7944028229405937f,0f,0f,0f,1f],start_interpolation:0}
execute if entity @s[tag=aj.rakshasa_great_katana.bone.bone4] run data modify entity @s {} merge value {transformation:[0.5791799951421411f,0.8134730410233683f,0.05302965920447765f,5.12960672767675f,-0.7034996867207616f,0.4658946573886017f,0.5366845991833074f,1.95988970459597f,0.411872218061548f,-0.3481433321851085f,0.8421148949188052f,0.7908380095146932f,0f,0f,0f,1f],start_interpolation:0}
execute if entity @s[tag=aj.rakshasa_great_katana.bone.bone11] run data modify entity @s {} merge value {transformation:[0.7849122115045373f,0.5939350823619984f,0.1765047822884772f,5.179033304407897f,-0.582470427791767f,0.6101578148884047f,0.5370620463956493f,2.0097377069014772f,0.2112842184810125f,-0.5243553745984235f,0.8248699413547662f,0.7682678677452356f,0f,0f,0f,1f],start_interpolation:0}
execute if entity @s[tag=aj.rakshasa_great_katana.bone.bone5] run data modify entity @s {} merge value {transformation:[0.5811467894848718f,0.8134730410233683f,-0.023022176257247895f,5.109780970520944f,-0.6274297522228428f,0.4658946573886017f,0.6239183233744133f,1.9492622228608956f,0.5182666447852958f,-0.3481433321851085f,0.7811503729487952f,0.8256630885932239f,0f,0f,0f,1f],start_interpolation:0}
execute if entity @s[tag=aj.rakshasa_great_katana.bone.bone8] run data modify entity @s {} merge value {transformation:[0.5080365034022811f,0.8042961765586855f,0.308231360480831f,5.111251374321825f,-0.6656475874962828f,0.13950788825647362f,0.7331103862138342f,1.9824631041884324f,0.5466371744321474f,-0.5776202987147346f,0.606252909305629f,0.8392646166100839f,0f,0f,0f,1f],start_interpolation:0}
execute if entity @s[tag=aj.rakshasa_great_katana.bone.bone9] run data modify entity @s {} merge value {transformation:[0.023022176257247923f,0.9739463409592272f,0.22560696871442848f,5.130417847424971f,-0.6239183233744134f,0.19032356711907222f,-0.7579596727773399f,1.95534365889183f,-0.781150372948795f,-0.12331044047932392f,0.6120446308160493f,0.8138073833726199f,0f,0f,0f,1f],start_interpolation:0}
execute if entity @s[tag=aj.rakshasa_great_katana.bone.bone6] run data modify entity @s {} merge value {transformation:[0.5080365034022811f,0.828099719944053f,0.23695941643953558f,5.1122406084578795f,-0.6656475874962828f,0.20287179884956386f,0.7181617662420632f,1.955654113730938f,0.5466371744321475f,-0.5225838564863281f,0.6542888601135705f,0.8056995615224403f,0f,0f,0f,1f],start_interpolation:0}
execute if entity @s[tag=aj.rakshasa_great_katana.locator_origin.rakshasa0] at @s on origin run tp @s ^1.09476 ^1.29316 ^1.24007 ~-178.31186 ~38.60284
execute if entity @s[tag=aj.rakshasa_great_katana.locator_origin.rakshasa1] at @s on origin run tp @s ^1.83719 ^1.38581 ^1.18795 ~-178.31186 ~38.60284
execute if entity @s[tag=aj.rakshasa_great_katana.locator_origin.rakshasa2] at @s on origin run tp @s ^2.57961 ^1.47847 ^1.13582 ~-178.31186 ~38.60284
execute if entity @s[tag=aj.rakshasa_great_katana.locator_origin.rakshasa3] at @s on origin run tp @s ^3.32204 ^1.57112 ^1.0837 ~-178.31186 ~38.60284
execute if entity @s[tag=aj.rakshasa_great_katana.locator_origin.rakshasa4] at @s on origin run tp @s ^4.05573 ^1.712 ^0.9928 ~-178.31186 ~38.60284
execute if entity @s[tag=aj.rakshasa_great_katana.locator_origin.rakshasa5] at @s on origin run tp @s ^4.78941 ^1.85289 ^0.90189 ~-178.31186 ~38.60284
execute if entity @s[tag=aj.rakshasa_great_katana.bone.rakshasa_great_katana] run data modify entity @s {} merge value {transformation:[0.21270899587611458f,1.5054776677755368f,-0.03501289305789784f,1.6612982465949235f,-1.173571115515072f,0.18788191014487596f,0.9488757834652537f,1.3613908781873425f,0.9436205528070388f,-0.1056948790018771f,1.1879995255262927f,1.202265836061373f,0f,0f,0f,1f],start_interpolation:0}
execute if entity @s[tag=aj.rakshasa_great_katana.bone.left_arm2] run data modify entity @s {} merge value {transformation:[-0.16559623589212497f,-0.8630442380990309f,0.4772132958567102f,0.912026770664885f,0.9812138113442177f,-0.19275301040717288f,-0.00810761409578729f,1.089060626828305f,0.09898152901280946f,0.46690568647537006f,0.87875009920412f,1.4440848347399318f,0f,0f,0f,1f],start_interpolation:0}
execute if entity @s[tag=aj.rakshasa_great_katana.bone.left_arm] run data modify entity @s {} merge value {transformation:[-0.16559623589212497f,-0.8623147538115187f,0.4785301996920786f,0.6757485527254897f,0.9812138113442177f,-0.1927651623098713f,-0.007813362080620806f,1.1635210626688643f,0.09898152901280946f,0.46824657773296097f,0.8780363314554002f,1.5735191702997733f,0f,0f,0f,1f],start_interpolation:0}
execute if entity @s[tag=aj.rakshasa_great_katana.bone.head] run data modify entity @s {} merge value {transformation:[0.99733848758834f,-0.03219750369611625f,0.06541606783307685f,0.675306377778689f,0.0358818458634346f,0.9977885871734395f,-0.055950231848171675f,1.2813862954963662f,-0.0634699481048776f,0.05814856887465091f,0.9962882663292765f,1.3688138934848648f,0f,0f,0f,1f],start_interpolation:0}
execute if entity @s[tag=aj.rakshasa_great_katana.bone.body_top] run data modify entity @s {} merge value {transformation:[0.5696028603717925f,0.023230032053867852f,0.8215917155540514f,0.6661595526574785f,0.12691261607134255f,0.9851263705219444f,-0.1158413656005003f,0.8934927871033506f,-0.812062663430724f,0.17025392715892654f,0.5581826143376043f,1.3017764096660376f,0f,0f,0f,1f],start_interpolation:0}
execute if entity @s[tag=aj.rakshasa_great_katana.locator_origin.player_camera] at @s on origin run tp @s ^0.69428 ^-0.09887 ^1.16641 ~124.19186 ~-6.65216
execute if entity @s[tag=aj.rakshasa_great_katana.bone.body] run data modify entity @s {} merge value {transformation:[0.5696028603717925f,0.023230032053867852f,0.8215917155540514f,0.6559964136339114f,0.12691261607134255f,0.9851263705219444f,-0.1158413656005003f,0.4624999999999999f,-0.812062663430724f,0.17025392715892654f,0.5581826143376043f,1.2272903165340072f,0f,0f,0f,1f],start_interpolation:0}
execute if entity @s[tag=aj.rakshasa_great_katana.bone.right_leg2] run data modify entity @s {} merge value {transformation:[0.7369605552594034f,0.08273845404262195f,0.670852806668042f,1.0090102588467387f,0.08356798820504979f,0.9737131163510002f,-0.21189421510127193f,0.4748452995158766f,-0.6707499767716084f,0.21221949785224828f,0.7106738727378594f,1.397966030797493f,0f,0f,0f,1f],start_interpolation:0}
execute if entity @s[tag=aj.rakshasa_great_katana.bone.right_leg] run data modify entity @s {} merge value {transformation:[0.7369605552594034f,-0.608112022435865f,0.29510829903734415f,0.7904700007838498f,0.08356798820504979f,0.5152130796079952f,0.8529782376756199f,0.6599999999999999f,-0.6707499767716084f,-0.6039497088084472f,0.4305104155430847f,1.1809216041944572f,0f,0f,0f,1f],start_interpolation:0}
execute if entity @s[tag=aj.rakshasa_great_katana.bone.left_leg2] run data modify entity @s {} merge value {transformation:[0.871325149148642f,0.4006540015547359f,0.283317587698461f,0.43285365389177377f,0.06814285022131905f,0.47297985890149125f,-0.878434177976495f,0.34511691321911475f,-0.4859516811626565f,0.7847078590862357f,0.3848175404831289f,1.0662015092417727f,0f,0f,0f,1f],start_interpolation:0}
execute if entity @s[tag=aj.rakshasa_great_katana.bone.left_leg] run data modify entity @s {} merge value {transformation:[0.871325149148642f,0.3758450297179238f,0.3154885070766136f,0.5679229614466527f,0.06814285022131905f,0.5440225023468108f,-0.8362990307922336f,0.5406249999999999f,-0.4859516811626565f,0.7501866638221768f,0.44840933643105657f,1.3357998415528676f,0f,0f,0f,1f],start_interpolation:0}