execute if entity @s[tag=aj.rakshasa_great_katana.bone.right_arm2] run data modify entity @s {} merge value {transformation:[0.4211149442352595f,-0.8985931975998471f,-0.12325773391157493f,0.9830563932180202f,0.14765858703532084f,-0.06616155847865009f,0.9868229779724471f,1.1779159411246614f,-0.8949073390114015f,-0.4337659661694985f,0.10482338086788964f,1.290651625433499f,0f,0f,0f,1f],start_interpolation:0}
execute if entity @s[tag=aj.rakshasa_great_katana.bone.right_arm] run data modify entity @s {} merge value {transformation:[-0.2432760668669926f,-0.9620936993457083f,-0.12325773391157493f,0.7425329683815931f,0.07235868631572617f,-0.14472259899633366f,0.9868229779724471f,1.1417352913755778f,-0.9672543490749419f,0.23115164507101504f,0.10482338086788964f,1.3484395367012527f,0f,0f,0f,1f],start_interpolation:0}
execute if entity @s[tag=aj.rakshasa_great_katana.bone.slash] run data modify entity @s {} merge value {transformation:[-0.000006945835123134669f,0.10798393698671573f,0.6234282683754097f,4.561320574880142f,0.00004075573629065019f,-0.11617734283773383f,0.11275755322227601f,1.8842437139283315f,0.0000051803904254717f,1.0587873344315344f,-0.05120987394399674f,0.8173885031709315f,0f,0f,0f,1f],start_interpolation:0}
execute if entity @s[tag=aj.rakshasa_great_katana.bone.bone0] run data modify entity @s {} merge value {transformation:[-0.22966582084026935f,0.9543583898746666f,0.19092845365109942f,3.0548252669030482f,-0.008599015299330052f,0.1941748569203889f,-0.9809292440720834f,1.622053731821022f,-0.9732315591233406f,-0.22692771672006323f,-0.036388785505587065f,0.8164988671456123f,0f,0f,0f,1f],start_interpolation:0}
execute if entity @s[tag=aj.rakshasa_great_katana.bone.bone1] run data modify entity @s {} merge value {transformation:[-0.18781870157530722f,0.9634679345598205f,0.19092845365109942f,3.8380310013077388f,-0.00012104264153173575f,0.19436512926152816f,-0.9809292440720834f,1.780677045041563f,-0.9822037063090556f,-0.18425996744323986f,-0.036388785505587065f,0.6499094389784442f,0f,0f,0f,1f],start_interpolation:0}
execute if entity @s[tag=aj.rakshasa_great_katana.bone.bone2] run data modify entity @s {} merge value {transformation:[-0.14561405873697933f,0.9707434632716021f,0.19092845365109942f,4.449585716930422f,0.008357160427814345f,0.19418541653212631f,-0.9809292440720834f,1.903722160519966f,-0.9893061729150022f,-0.14124146884573638f,-0.036388785505587065f,0.5417619456934354f,0f,0f,0f,1f],start_interpolation:0}
execute if entity @s[tag=aj.rakshasa_great_katana.bone.bone3] run data modify entity @s {} merge value {transformation:[0.1105945161986483f,0.9753538735111413f,0.19092845365109942f,4.726754215526543f,0.058331281171347046f,0.18540571663538552f,-0.9809292440720834f,1.958334929801613f,-0.9921523646213304f,0.11962249648679055f,-0.036388785505587065f,0.5238468204339004f,0f,0f,0f,1f],start_interpolation:0}
execute if entity @s[tag=aj.rakshasa_great_katana.bone.bone7] run data modify entity @s {} merge value {transformation:[0.47542777800974834f,0.8721593598055299f,0.11535371255543787f,4.939885621143238f,0.1248427728015071f,0.06290963873985744f,-0.9901801146422061f,2.0145622027833903f,-0.8708517152626766f,0.4851602090621507f,-0.07897380304142357f,0.5519907472619682f,0f,0f,0f,1f],start_interpolation:0}
execute if entity @s[tag=aj.rakshasa_great_katana.bone.bone10] run data modify entity @s {} merge value {transformation:[0.21843272239548456f,0.962003410351935f,0.16381875429310444f,4.872469695599006f,-0.05440385028031494f,0.17961628577216035f,-0.9822312410833262f,2.009020483774801f,-0.974334319862323f,0.2056390730300566f,0.09157076379371704f,0.5255414122734462f,0f,0f,0f,1f],start_interpolation:0}
execute if entity @s[tag=aj.rakshasa_great_katana.bone.bone4] run data modify entity @s {} merge value {transformation:[0.16859039431240336f,0.962003410351935f,0.21477131423175605f,4.871732187788478f,0.20167006785173033f,0.17961628577216035f,-0.9628432757298006f,2.014913171700963f,-0.9648349406392099f,0.2056390730300566f,-0.1637257125960132f,0.5238445669974939f,0f,0f,0f,1f],start_interpolation:0}
execute if entity @s[tag=aj.rakshasa_great_katana.bone.bone11] run data modify entity @s {} merge value {transformation:[0.42283376054677646f,0.8453501496577663f,0.3264884920107662f,4.939885621143238f,0.33419544749144925f,0.18942300662191214f,-0.9232726181569048f,2.0145622027833903f,-0.8423330777179905f,0.4995018008334984f,-0.2024177293278211f,0.5519907472619682f,0f,0f,0f,1f],start_interpolation:0}
execute if entity @s[tag=aj.rakshasa_great_katana.bone.bone5] run data modify entity @s {} merge value {transformation:[0.19518136196278407f,0.962003410351935f,0.19092845365109942f,4.846381192425234f,0.07426848597881366f,0.17961628577216035f,-0.9809292440720834f,1.9893009934628667f,-0.9779511378043223f,0.2056390730300566f,-0.036388785505587065f,0.5033474084712732f,0f,0f,0f,1f],start_interpolation:0}
execute if entity @s[tag=aj.rakshasa_great_katana.bone.bone8] run data modify entity @s {} merge value {transformation:[0.1105945161986483f,0.8280443247131845f,0.5496466585881098f,4.8613108292297404f,0.058331281171347046f,0.5466779168388177f,-0.8353087554178277f,1.9597749224095624f,-0.9921523646213304f,0.12444216146892416f,0.012158693402090644f,0.5173037420047276f,0f,0f,0f,1f],start_interpolation:0}
execute if entity @s[tag=aj.rakshasa_great_katana.bone.bone9] run data modify entity @s {} merge value {transformation:[-0.19092845365109945f,0.9634679345598205f,-0.1878187015753071f,4.8684894966590395f,0.9809292440720833f,0.19436512926152816f,-0.00012104264153195356f,1.9995461255523699f,0.03638878550558684f,-0.18425996744323986f,-0.9822037063090555f,0.5064590722066818f,0f,0f,0f,1f],start_interpolation:0}
execute if entity @s[tag=aj.rakshasa_great_katana.bone.bone6] run data modify entity @s {} merge value {transformation:[0.11059451619864824f,0.8727982288422492f,0.47538626896095815f,4.8531068722369195f,0.058331281171347046f,0.4717956873166078f,-0.8797762733026843f,2.0019242258657846f,-0.9921523646213304f,0.12502832142871936f,0.0012665768909376693f,0.5188673226319208f,0f,0f,0f,1f],start_interpolation:0}
execute if entity @s[tag=aj.rakshasa_great_katana.locator_origin.rakshasa0] at @s on origin run tp @s ^0.93966 ^1.18841 ^1.40818 ~79.20949 ~-78.79236
execute if entity @s[tag=aj.rakshasa_great_katana.locator_origin.rakshasa1] at @s on origin run tp @s ^1.64724 ^1.33362 ^1.20631 ~79.20949 ~-78.79236
execute if entity @s[tag=aj.rakshasa_great_katana.locator_origin.rakshasa2] at @s on origin run tp @s ^2.35481 ^1.47883 ^1.00444 ~79.20949 ~-78.79236
execute if entity @s[tag=aj.rakshasa_great_katana.locator_origin.rakshasa3] at @s on origin run tp @s ^3.06239 ^1.62404 ^0.80257 ~79.20949 ~-78.79236
execute if entity @s[tag=aj.rakshasa_great_katana.locator_origin.rakshasa4] at @s on origin run tp @s ^3.7869 ^1.77032 ^0.66084 ~79.20949 ~-78.79236
execute if entity @s[tag=aj.rakshasa_great_katana.locator_origin.rakshasa5] at @s on origin run tp @s ^4.51142 ^1.91659 ^0.51912 ~79.20949 ~-78.79236
execute if entity @s[tag=aj.rakshasa_great_katana.bone.rakshasa_great_katana] run data modify entity @s {} merge value {transformation:[-0.4122610488712383f,1.4348030914981398f,0.2903703565943804f,1.4783404877173467f,-0.025946358431712727f,0.2944560875898641f,-1.4918298920262936f,1.29907682998438f,-1.4636603574072435f,-0.40935281712287214f,-0.055341277956413665f,1.2512430295884918f,0f,0f,0f,1f],start_interpolation:0}
execute if entity @s[tag=aj.rakshasa_great_katana.bone.left_arm2] run data modify entity @s {} merge value {transformation:[-0.16670004295523203f,-0.9513044585307258f,0.2592892648342518f,0.651683327307492f,0.9781376709756046f,-0.19270792451267282f,-0.07816874342368461f,1.0585207088507231f,0.12432937021132079f,0.24058986472746713f,0.9626311467500291f,1.5437129009730473f,0f,0f,0f,1f],start_interpolation:0}
execute if entity @s[tag=aj.rakshasa_great_katana.bone.left_arm] run data modify entity @s {} merge value {transformation:[-0.16670004295523203f,-0.9596160507437665f,0.2266012595588579f,0.39094180925214633f,0.9781376709756046f,-0.1899216700309409f,-0.08471396502984765f,1.1333075002149384f,0.12432937021132079f,0.20752540665565616f,0.970296559457603f,1.6111354239133764f,0f,0f,0f,1f],start_interpolation:0}
execute if entity @s[tag=aj.rakshasa_great_katana.bone.head] run data modify entity @s {} merge value {transformation:[0.9612564023167299f,-0.16950607059911235f,-0.21737944023100803f,0.45929140027821175f,0.15244019495236988f,0.983914662830463f,-0.09313389946791481f,1.2665937444891868f,0.2296695799795459f,0.05638819288880392f,0.9716338074268283f,1.4260194521717813f,0f,0f,0f,1f],start_interpolation:0}
execute if entity @s[tag=aj.rakshasa_great_katana.bone.body_top] run data modify entity @s {} merge value {transformation:[0.8074976579048992f,-0.011734828316289393f,0.5897540388013379f,0.4639119889277507f,0.15854077661224847f,0.9673308204381195f,-0.1978279706757866f,0.8857072339416772f,-0.5681657809383526f,0.253245686310551f,0.7829778207176821f,1.3263039631870017f,0f,0f,0f,1f],start_interpolation:0}
execute if entity @s[tag=aj.rakshasa_great_katana.locator_origin.player_camera] at @s on origin run tp @s ^0.51251 ^-0.09399 ^1.12199 ~143.01223 ~-11.40997
execute if entity @s[tag=aj.rakshasa_great_katana.bone.body] run data modify entity @s {} merge value {transformation:[0.8074976579048992f,-0.011734828316289393f,0.5897540388013379f,0.4690459763161273f,0.15854077661224847f,0.9673308204381195f,-0.1978279706757866f,0.4624999999999999f,-0.5681657809383526f,0.253245686310551f,0.7829778207176821f,1.2155089754261357f,0f,0f,0f,1f],start_interpolation:0}
execute if entity @s[tag=aj.rakshasa_great_katana.bone.right_leg2] run data modify entity @s {} merge value {transformation:[0.8386351078183889f,-0.054780009609721264f,0.5419320127853662f,0.7638355457658685f,0.05852336279904585f,0.99823249079661f,0.010339744904350245f,0.44989838970175455f,-0.541540554290379f,0.023044410713980834f,0.8403587229235588f,1.4425087152833687f,0f,0f,0f,1f],start_interpolation:0}
execute if entity @s[tag=aj.rakshasa_great_katana.bone.right_leg] run data modify entity @s {} merge value {transformation:[0.8386351078183889f,-0.505994159656989f,0.20164589340588385f,0.5819938946391381f,0.05852336279904585f,0.45176100256903073f,0.8902173962378602f,0.61225f,-0.541540554290379f,-0.734766566299013f,0.40847511687742694f,1.1784519805196607f,0f,0f,0f,1f],start_interpolation:0}
execute if entity @s[tag=aj.rakshasa_great_katana.bone.left_leg2] run data modify entity @s {} merge value {transformation:[0.9415847119602128f,0.3011711215958043f,0.1507122613443544f,0.254855894581331f,-0.018964127179265045f,0.4942202272543732f,-0.8691298688072827f,0.3237650735714863f,-0.3362418654527308f,0.8155012706853136f,0.47106165777688447f,1.0359865173813192f,0f,0f,0f,1f],start_interpolation:0}
execute if entity @s[tag=aj.rakshasa_great_katana.bone.left_leg] run data modify entity @s {} merge value {transformation:[0.9415847119602128f,0.2789226633061953f,0.1887336167644294f,0.35509372670699496f,-0.018964127179265045f,0.6034363170184727f,-0.7971856579138326f,0.5406249999999999f,-0.3362418654527308f,0.7470386597742853f,0.5734759356062882f,1.304453535737703f,0f,0f,0f,1f],start_interpolation:0}