execute if entity @s[tag=aj.rakshasa_great_katana.bone.right_arm2] run data modify entity @s {} merge value {transformation:[0.29598477235985815f,0.9551590464496175f,0.008013146481914809f,-0.07107317860870951f,-0.23300392630815034f,0.06406257694166201f,0.9703634146857455f,1.1985123011618508f,0.9263380510677888f,-0.28907988899446335f,0.24151735532437338f,0.4597167290861748f,0f,0f,0f,1f],start_interpolation:0}
execute if entity @s[tag=aj.rakshasa_great_katana.bone.right_arm] run data modify entity @s {} merge value {transformation:[0.41812585489868237f,0.908353763105931f,0.008013146481914809f,0.15601526216777323f,-0.22264870118613844f,0.09392762798849952f,0.9703634146857455f,1.2219942081589756f,0.8806806034683471f,-0.4075181489844944f,0.24151735532437338f,0.3578371918400512f,0f,0f,0f,1f],start_interpolation:0}
execute if entity @s[tag=aj.rakshasa_great_katana.bone.slash] run data modify entity @s {} merge value {transformation:[0.0000354652284608711f,0.00002095659207943801f,0.000006256990470295333f,0.029355850628361657f,0.0000062756221832264435f,-0.00002117023368064139f,0.000035334811209790636f,1.5649187845925467f,0.00002095102020290961f,-0.000029133375455552442f,-0.00002117574787662057f,-0.50468843656093f,0f,0f,0f,1f],start_interpolation:0}
execute if entity @s[tag=aj.rakshasa_great_katana.bone.bone0] run data modify entity @s {} merge value {transformation:[-0.5009896977965792f,0.15660984371164635f,-0.8511654830609059f,-0.26673851669879445f,0.518926567342931f,0.8414453992057946f,-0.15061493239743412f,2.9461508419843137f,0.6926214986609751f,-0.5171489118310268f,-0.5028244848698306f,-0.41719666045979065f,0f,0f,0f,1f],start_interpolation:0}
execute if entity @s[tag=aj.rakshasa_great_katana.bone.bone1] run data modify entity @s {} merge value {transformation:[-0.4936816411764218f,0.1783136495365646f,-0.8511654830609059f,-0.12936129382139067f,0.5551359970502707f,0.8180092706796901f,-0.15061493239743412f,3.622907190738607f,0.6694045577558887f,-0.546868426105433f,-0.5028244848698306f,-0.8524586028964868f,0f,0f,0f,1f],start_interpolation:0}
execute if entity @s[tag=aj.rakshasa_great_katana.bone.bone2] run data modify entity @s {} merge value {transformation:[-0.48543383349325486f,0.19967802519490463f,-0.8511654830609059f,-0.012206672737271551f,0.5902886938353578f,0.7930160150142391f,-0.15061493239743412f,4.135949271824837f,0.6449133672286461f,-0.5755469452487779f,-0.5028244848698306f,-1.2044497515644794f,0f,0f,0f,1f],start_interpolation:0}
execute if entity @s[tag=aj.rakshasa_great_katana.bone.bone3] run data modify entity @s {} merge value {transformation:[-0.41721260091673995f,0.31851368272333797f,-0.8511654830609059f,0.05490820795153528f,0.7754227420990043f,0.6132166934898116f,-0.15061493239743412f,4.34664190987925f,0.4739759663442338f,-0.7228515205375444f,-0.5028244848698306f,-1.381170118119957f,0f,0f,0f,1f],start_interpolation:0}
execute if entity @s[tag=aj.rakshasa_great_katana.bone.bone7] run data modify entity @s {} merge value {transformation:[-0.2635642733329636f,0.37801732710715436f,-0.8874890276669504f,0.13914180178003316f,0.9510650695173006f,0.2556433006092161f,-0.1735561476804509f,4.484074820476682f,0.16127339323806436f,-0.8898030137397768f,-0.4268975162414182f,-1.5341259276201937f,0f,0f,0f,1f],start_interpolation:0}
execute if entity @s[tag=aj.rakshasa_great_katana.bone.bone10] run data modify entity @s {} merge value {transformation:[-0.49564583772696696f,0.35366411611524645f,-0.7932571440058727f,0.1146699484640951f,0.7991923495409313f,0.5433006738048367f,-0.2571302515816766f,4.45647423044547f,0.34003939768676655f,-0.761410579658329f,-0.5519303735120845f,-1.4715597961023927f,0f,0f,0f,1f],start_interpolation:0}
execute if entity @s[tag=aj.rakshasa_great_katana.bone.bone4] run data modify entity @s {} merge value {transformation:[-0.2734470588208053f,0.35366411611524645f,-0.8945101447131116f,0.11889969800465261f,0.8385107367755665f,0.5433006738048367f,-0.04152254996152316f,4.458969859699449f,0.4713029284169024f,-0.761410579658329f,-0.44511512988216906f,-1.4678143954419713f,0f,0f,0f,1f],start_interpolation:0}
execute if entity @s[tag=aj.rakshasa_great_katana.bone.bone11] run data modify entity @s {} merge value {transformation:[-0.07309081912329773f,0.49223213488117773f,-0.867389910911006f,0.13914180178003316f,0.9611200677023964f,0.26697516049224945f,0.07051580773045582f,4.484074820476682f,0.2662817072568566f,-0.8285117917510024f,-0.49260761596824504f,-1.5341259276201937f,0f,0f,0f,1f],start_interpolation:0}
execute if entity @s[tag=aj.rakshasa_great_katana.bone.bone5] run data modify entity @s {} merge value {transformation:[-0.3878646844172792f,0.35366411611524645f,-0.8511654830609059f,0.08413959150803363f,0.8259173808451588f,0.5433006738048367f,-0.15061493239743412f,4.44866122146079f,0.4091716835263135f,-0.761410579658329f,-0.5028244848698306f,-1.447708249076633f,0f,0f,0f,1f],start_interpolation:0}
execute if entity @s[tag=aj.rakshasa_great_katana.bone.bone8] run data modify entity @s {} merge value {transformation:[-0.41721260091673995f,0.6199952008613229f,-0.6644844592202411f,0.06672628495593436f,0.7754227420990043f,0.6241761914047703f,0.09551781571569176f,4.43975010994189f,0.4739759663442338f,-0.4754051251221044f,-0.7411725509863993f,-1.4778218841789688f,0f,0f,0f,1f],start_interpolation:0}
execute if entity @s[tag=aj.rakshasa_great_katana.bone.bone9] run data modify entity @s {} merge value {transformation:[0.8511654830609057f,0.1783136495365646f,-0.493681641176422f,0.09680752972309414f,0.1506149323974342f,0.8180092706796901f,0.5551359970502706f,4.464137704211271f,0.5028244848698306f,-0.546868426105433f,0.6694045577558886f,-1.4619709319196894f,0f,0f,0f,1f],start_interpolation:0}
execute if entity @s[tag=aj.rakshasa_great_katana.bone.bone6] run data modify entity @s {} merge value {transformation:[-0.41721260091673995f,0.5597222953527605f,-0.715992037470617f,0.10329980180620768f,0.7754227420990043f,0.6301259387268658f,0.04075380202198936f,4.446221845318343f,0.4739759663442338f,-0.5381935092776795f,-0.6969178788777246f,-1.4562161445947184f,0f,0f,0f,1f],start_interpolation:0}
execute if entity @s[tag=aj.rakshasa_great_katana.locator_origin.rakshasa0] at @s on origin run tp @s ^-0.57384 ^1.01895 ^0.67991 ~-59.42761 ~-8.66256
execute if entity @s[tag=aj.rakshasa_great_katana.locator_origin.rakshasa1] at @s on origin run tp @s ^-0.47288 ^1.66641 ^0.31508 ~-59.42761 ~-8.66256
execute if entity @s[tag=aj.rakshasa_great_katana.locator_origin.rakshasa2] at @s on origin run tp @s ^-0.37193 ^2.31387 ^-0.04975 ~-59.42761 ~-8.66256
execute if entity @s[tag=aj.rakshasa_great_katana.locator_origin.rakshasa3] at @s on origin run tp @s ^-0.27097 ^2.96133 ^-0.41459 ~-59.42761 ~-8.66256
execute if entity @s[tag=aj.rakshasa_great_katana.locator_origin.rakshasa4] at @s on origin run tp @s ^-0.13831 ^3.57869 ^-0.82408 ~-59.42761 ~-8.66256
execute if entity @s[tag=aj.rakshasa_great_katana.locator_origin.rakshasa5] at @s on origin run tp @s ^-0.00564 ^4.19604 ^-1.23357 ~-59.42761 ~-8.66256
execute if entity @s[tag=aj.rakshasa_great_katana.bone.rakshasa_great_katana] run data modify entity @s {} merge value {transformation:[-0.7715858066633109f,0.20471621493357084f,-1.2944808388217945f,-0.4984465461268379f,0.7326300248691273f,1.3129046784804441f,-0.22906020968776442f,1.5141507085690777f,1.0866658259988529f,-0.7398017331320693f,-0.7647122374062008f,0.40396582766278855f,0f,0f,0f,1f],start_interpolation:0}
execute if entity @s[tag=aj.rakshasa_great_katana.bone.left_arm2] run data modify entity @s {} merge value {transformation:[0.8511654830609061f,0.5029582099065122f,0.15016777128708797f,-0.486352884284727f,0.15061493239743462f,-0.5080856083353933f,0.8480354690349751f,1.0823184480567825f,0.5028244848698306f,-0.6992010109332585f,-0.5082179490388936f,0.38232021149407225f,0f,0f,0f,1f],start_interpolation:0}
execute if entity @s[tag=aj.rakshasa_great_katana.bone.left_arm] run data modify entity @s {} merge value {transformation:[0.6930599618623142f,0.5656181020453321f,-0.4469273452162484f,-0.2583158635406047f,0.17118114792528383f,0.47311246644613114f,0.8642115532022474f,1.2219942081589756f,0.7002605971053846f,-0.675455962096638f,0.23107215195630076f,0.30098879560808584f,0f,0f,0f,1f],start_interpolation:0}
execute if entity @s[tag=aj.rakshasa_great_katana.bone.head] run data modify entity @s {} merge value {transformation:[0.9997449244866016f,0.0043980727650663f,0.02215271810032704f,-0.014515351734340414f,-0.0031447401376611013f,0.9984090977082347f,-0.05629728432966505f,1.3628832433497917f,-0.022365074843289895f,0.05621325972919328f,0.9981682587910078f,0.36324353603806886f,0f,0f,0f,1f],start_interpolation:0}
execute if entity @s[tag=aj.rakshasa_great_katana.bone.body_top] run data modify entity @s {} merge value {transformation:[0.9907182083488126f,-0.026984628041313775f,-0.13322635435825245f,-0.0038901544430731145f,0f,0.9800976361100252f,-0.1985160539894462f,0.9769697991314693f,0.13593171685121433f,0.19667346933690028f,0.9710005740538307f,0.28580335748666436f,0f,0f,0f,1f],start_interpolation:0}
execute if entity @s[tag=aj.rakshasa_great_katana.locator_origin.player_camera] at @s on origin run tp @s ^0.01477 ^-0.01554 ^0.14982 ~-172.1875 ~-11.4502
execute if entity @s[tag=aj.rakshasa_great_katana.bone.body] run data modify entity @s {} merge value {transformation:[0.9907182083488126f,-0.026984628041313775f,-0.13322635435825245f,0.007915620325001663f,0f,0.9800976361100252f,-0.1985160539894462f,0.5481770833333333f,0.13593171685121433f,0.19667346933690028f,0.9710005740538307f,0.1997587146517705f,0f,0f,0f,1f],start_interpolation:0}
execute if entity @s[tag=aj.rakshasa_great_katana.bone.right_leg2] run data modify entity @s {} merge value {transformation:[0.9869482264600404f,-0.15899930489379024f,-0.02554250047807122f,0.1773529057913911f,0.08715574274765818f,0.6607614890823251f,-0.7455186993307494f,0.3559017567719593f,0.1354144556296881f,0.7335621824964806f,0.6659950822772758f,-0.023507390917723303f,0f,0f,0f,1f],start_interpolation:0}
execute if entity @s[tag=aj.rakshasa_great_katana.bone.right_leg] run data modify entity @s {} merge value {transformation:[0.9869482264600404f,-0.1543050784717746f,-0.04607755467904326f,0.12189951821559711f,0.08715574274765818f,0.7524182999968667f,-0.6528940023739912f,0.6263020833333333f,0.1354144556296881f,0.6403566542073603f,0.7560464804619293f,0.20662078168804682f,0f,0f,0f,1f],start_interpolation:0}
execute if entity @s[tag=aj.rakshasa_great_katana.bone.left_leg2] run data modify entity @s {} merge value {transformation:[0.9688436543148757f,0.1626599879860095f,-0.18677179070242017f,-0.20743997861161118f,-0.0579027693145706f,0.8819646315260805f,0.46774529184457664f,0.5576907937076223f,0.24080955711827773f,-0.44235745392776615f,0.8639043003452653f,0.5252658176361674f,0f,0f,0f,1f],start_interpolation:0}
execute if entity @s[tag=aj.rakshasa_great_katana.bone.left_leg] run data modify entity @s {} merge value {transformation:[0.9688436543148757f,0.24750858623766592f,0.009026252402260522f,-0.11849158043244998f,-0.0579027693145706f,0.19091837113241295f,0.9798966500962484f,0.6263020833333333f,0.24080955711827773f,-0.9498892963407776f,0.1993014849360658f,0.18389935176370048f,0f,0f,0f,1f],start_interpolation:0}