execute if entity @s[tag=aj.rakshasa_great_katana.bone.right_arm2] run data modify entity @s {} merge value {transformation:[0.3328930782616659f,0.9420577177357868f,-0.04134555477815592f,-0.1349627160247755f,-0.21178116181175177f,0.11741903228851508f,0.9702378627728837f,1.084023003335176f,0.9188748216961533f,-0.3142292591578159f,0.2385980610608421f,0.9489631899319888f,0f,0f,0f,1f],start_interpolation:0}
execute if entity @s[tag=aj.rakshasa_great_katana.bone.right_arm] run data modify entity @s {} merge value {transformation:[0.3798056675718895f,0.9241418722146283f,-0.04134555477815592f,0.09607275202888158f,-0.2056140337956907f,0.12791152703400618f,0.9702378627728837f,1.1160008850936776f,0.9019260080441945f,-0.3600006128765212f,0.2385980610608421f,0.8589630367128585f,0f,0f,0f,1f],start_interpolation:0}
execute if entity @s[tag=aj.rakshasa_great_katana.bone.slash] run data modify entity @s {} merge value {transformation:[0.000031953438295420144f,0.00001656470578107253f,-0.00002099284198479073f,-0.6718471005710975f,0.0000222750932785705f,0.0000016103258040949806f,0.000035175818133296645f,1.926104158163687f,0.000014795577435263325f,-0.000038198540342561286f,-0.00000762059808453108f,0.1981051045541976f,0f,0f,0f,1f],start_interpolation:0}
execute if entity @s[tag=aj.rakshasa_great_katana.bone.bone0] run data modify entity @s {} merge value {transformation:[-0.41539659532880957f,-0.4892206766923097f,-0.7668825190900833f,-1.5338900971403502f,-0.008293844142971532f,0.8450631092063947f,-0.5346022386856915f,2.7948262432703004f,0.9096025949493362f,-0.21571154571589368f,-0.3550938584463196f,0.7519496828293393f,0f,0f,0f,1f],start_interpolation:0}
execute if entity @s[tag=aj.rakshasa_great_katana.bone.bone1] run data modify entity @s {} merge value {transformation:[-0.4363407360181794f,-0.47063570200863586f,-0.7668825190900833f,-1.9251871541873793f,0.028575184867516146f,0.8446205687775038f,-0.5346022386856915f,3.484609792856358f,0.8993276493586202f,-0.2551825440597471f,-0.3550938584463196f,0.5585333356781526f,0f,0f,0f,1f],start_interpolation:0}
execute if entity @s[tag=aj.rakshasa_great_katana.bone.bone2] run data modify entity @s {} merge value {transformation:[-0.4564542773165525f,-0.4511548455170041f,-0.7668825190900833f,-2.2193501992968137f,0.06538981938950117f,0.84257024509085f,-0.5346022386856915f,4.019054884777106f,0.887340782472908f,-0.2941677879273551f,-0.3550938584463196f,0.38920614482850036f,0f,0f,0f,1f],start_interpolation:0}
execute if entity @s[tag=aj.rakshasa_great_katana.bone.bone3] run data modify entity @s {} merge value {transformation:[-0.5576684412902568f,-0.31764305675229776f,-0.7668825190900833f,-2.336539773311425f,0.2812349415909075f,0.7969362295821452f,-0.5346022386856915f,4.2553735605583665f,0.7809691525388532f,-0.5138049576215195f,-0.3550938584463196f,0.2865125709547248f,0f,0f,0f,1f],start_interpolation:0}
execute if entity @s[tag=aj.rakshasa_great_katana.bone.bone7] run data modify entity @s {} merge value {transformation:[-0.6367751940604488f,-0.1465870335655277f,-0.7569871820709626f,-2.3944777193587474f,0.5648014980754352f,0.5796632636012742f,-0.5873582966153316f,4.440007926511479f,0.5248967708045289f,-0.8015626877678248f,-0.28632261101317047f,0.17727920507539052f,0f,0f,0f,1f],start_interpolation:0}
execute if entity @s[tag=aj.rakshasa_great_katana.bone.bone10] run data modify entity @s {} merge value {transformation:[-0.678339396131465f,-0.26783032181471333f,-0.6841948424042866f,-2.3775918553436095f,0.2768516647027003f,0.7693924064060093f,-0.5756635134487105f,4.3929184942508055f,0.6805944603119711f,-0.5799157211883447f,-0.44775990989732395f,0.22993504951568355f,0f,0f,0f,1f],start_interpolation:0}
execute if entity @s[tag=aj.rakshasa_great_katana.bone.bone4] run data modify entity @s {} merge value {transformation:[-0.4781428859375658f,-0.26783032181471333f,-0.8364486232542457f,-2.3742375256634847f,0.4164108538386172f,0.7693924064060093f,-0.4843937713990177f,4.3967337853500235f,0.7732925587594193f,-0.5799157211883447f,-0.2563520526266816f,0.23344774063240706f,0f,0f,0f,1f],start_interpolation:0}
execute if entity @s[tag=aj.rakshasa_great_katana.bone.bone11] run data modify entity @s {} merge value {transformation:[-0.45569732302649935f,-0.041307456438630236f,-0.8891758227870644f,-2.3944777193587474f,0.6671225495379807f,0.645484781766148f,-0.37188291222675507f,4.440007926511479f,0.5893109991205211f,-0.7626552894662697f,-0.26658855145091f,0.17727920507539052f,0f,0f,0f,1f],start_interpolation:0}
execute if entity @s[tag=aj.rakshasa_great_katana.bone.bone5] run data modify entity @s {} merge value {transformation:[-0.5832307610463248f,-0.26783032181471333f,-0.7668825190900833f,-2.389167511976377f,0.34962232674275395f,0.7693924064060093f,-0.5346022386856915f,4.364558468754284f,0.7332162764234766f,-0.5799157211883447f,-0.3550938584463196f,0.254910141670432f,0f,0f,0f,1f],start_interpolation:0}
execute if entity @s[tag=aj.rakshasa_great_katana.bone.bone8] run data modify entity @s {} merge value {transformation:[-0.5576684412902568f,0.000009315848410518246f,-0.8300637984529324f,-2.4088304821164384f,0.2812349415909075f,0.940856490877961f,-0.18893377464383548f,4.352480730907094f,0.7809691525388532f,-0.33880534748735003f,-0.5246885926878173f,0.22739727147443367f,0f,0f,0f,1f],start_interpolation:0}
execute if entity @s[tag=aj.rakshasa_great_katana.bone.bone9] run data modify entity @s {} merge value {transformation:[0.7668825190900831f,-0.47063570200863586f,-0.4363407360181796f,-2.392157003768919f,0.5346022386856913f,0.8446205687775038f,0.028575184867516035f,4.386717567742118f,0.35509385844631974f,-0.2551825440597471f,0.89932764935862f,0.24473863393077933f,0f,0f,0f,1f],start_interpolation:0}
execute if entity @s[tag=aj.rakshasa_great_katana.bone.bone6] run data modify entity @s {} merge value {transformation:[-0.5576684412902568f,-0.07233554648331297f,-0.8269059670263941f,-2.3758784988742865f,0.28123494159090745f,0.9208095844186275f,-0.2702158708720736f,4.37545192085062f,0.7809691525388532f,-0.3832457148589598f,-0.4931631624776846f,0.24265521070454898f,0f,0f,0f,1f],start_interpolation:0}
execute if entity @s[tag=aj.rakshasa_great_katana.locator_origin.rakshasa0] at @s on origin run tp @s ^-0.4036 ^0.90505 ^1.15598 ~-65.15419 ~-32.31694
execute if entity @s[tag=aj.rakshasa_great_katana.locator_origin.rakshasa1] at @s on origin run tp @s ^-0.78375 ^1.53798 ^1.02411 ~-65.15419 ~-32.31694
execute if entity @s[tag=aj.rakshasa_great_katana.locator_origin.rakshasa2] at @s on origin run tp @s ^-1.16391 ^2.1709 ^0.89224 ~-65.15419 ~-32.31694
execute if entity @s[tag=aj.rakshasa_great_katana.locator_origin.rakshasa3] at @s on origin run tp @s ^-1.54406 ^2.80382 ^0.76037 ~-65.15419 ~-32.31694
execute if entity @s[tag=aj.rakshasa_great_katana.locator_origin.rakshasa4] at @s on origin run tp @s ^-1.89961 ^3.43957 ^0.57111 ~-65.15419 ~-32.31694
execute if entity @s[tag=aj.rakshasa_great_katana.locator_origin.rakshasa5] at @s on origin run tp @s ^-2.25517 ^4.07531 ^0.38185 ~-65.15419 ~-32.31694
execute if entity @s[tag=aj.rakshasa_great_katana.bone.rakshasa_great_katana] run data modify entity @s {} merge value {transformation:[-0.598693871324503f,-0.7708714711855464f,-1.166300497782835f,-0.6946953422496822f,-0.0686611923027323f,1.2834267239645096f,-0.8130409046678225f,1.387517027130974f,1.3963471333761623f,-0.2674080157806353f,-0.5400385763871111f,1.058305290637733f,0f,0f,0f,1f],start_interpolation:0}
execute if entity @s[tag=aj.rakshasa_great_katana.bone.left_arm2] run data modify entity @s {} merge value {transformation:[0.7668825190900832f,0.3975529387457407f,-0.5038282076349775f,-0.5020374102448515f,0.5346022386856919f,0.03864781929827953f,0.8442196351991195f,1.0750458160203693f,0.35509385844631974f,-0.9167649682214706f,-0.18289435402874588f,0.9278360776902062f,0f,0f,0f,1f],start_interpolation:0}
execute if entity @s[tag=aj.rakshasa_great_katana.bone.left_arm] run data modify entity @s {} merge value {transformation:[0.7817936035472651f,0.3743821214383868f,-0.49863492517058533f,-0.31071767944184664f,0.5242692793397221f,0.038236841112622794f,0.8506936385810915f,1.1501386862159904f,0.3375507135130815f,-0.9264858180938454f,-0.16638372720247782f,0.73840846235588f,0f,0f,0f,1f],start_interpolation:0}
execute if entity @s[tag=aj.rakshasa_great_katana.bone.head] run data modify entity @s {} merge value {transformation:[0.977545866783554f,0.0008682897752836233f,-0.21072096337872237f,-0.053738356888628214f,-0.019797645817362146f,0.9959467921794241f,-0.08773847712153177f,1.2553240332590754f,0.20979068509941287f,0.08994016466730195f,0.973600860324773f,0.862963602946362f,0f,0f,0f,1f],start_interpolation:0}
execute if entity @s[tag=aj.rakshasa_great_katana.bone.body_top] run data modify entity @s {} merge value {transformation:[0.9535762634720385f,-0.06470295723880351f,-0.2941187465416979f,-0.028261567475849327f,-0.027586186363794497f,0.9537732730936246f,-0.2992583262904749f,0.8797758069784607f,0.2998854982565979f,0.293479251152152f,0.9077106461194364f,0.7474061478052021f,0f,0f,0f,1f],start_interpolation:0}
execute if entity @s[tag=aj.rakshasa_great_katana.locator_origin.player_camera] at @s on origin run tp @s ^0.01806 ^-0.0927 ^0.51066 ~-162.0465 ~-17.41306
execute if entity @s[tag=aj.rakshasa_great_katana.bone.body] run data modify entity @s {} merge value {transformation:[0.9535762634720385f,-0.06470295723880351f,-0.2941187465416979f,0.00004597631612721087f,-0.027586186363794497f,0.9537732730936246f,-0.2992583262904749f,0.4624999999999999f,0.2998854982565979f,0.293479251152152f,0.9077106461194364f,0.6190089754261355f,0f,0f,0f,1f],start_interpolation:0}
execute if entity @s[tag=aj.rakshasa_great_katana.bone.right_leg2] run data modify entity @s {} merge value {transformation:[0.9295049335508118f,-0.36715395019941366f,-0.03490781227272709f,0.22745155718249138f,0.12527823777523606f,0.4033412705627695f,-0.9064332201550989f,0.37056305935975975f,0.3468802987265678f,0.8381609608623974f,0.4209041007659464f,0.32712362608674417f,0f,0f,0f,1f],start_interpolation:0}
execute if entity @s[tag=aj.rakshasa_great_katana.bone.right_leg] run data modify entity @s {} merge value {transformation:[0.9295049335508118f,-0.36328330171762957f,-0.06360677006293587f,0.09689662062771827f,0.12527823777523606f,0.47321583482501606f,-0.8719931976860796f,0.5406249999999999f,0.3468802987265678f,0.8025534352079f,0.4853679449565725f,0.6155412668645832f,0f,0f,0f,1f],start_interpolation:0}
execute if entity @s[tag=aj.rakshasa_great_katana.bone.left_leg2] run data modify entity @s {} merge value {transformation:[0.8740812053345082f,-0.025136037910014453f,-0.4851290818732271f,-0.29015433574032207f,-0.002110705530725898f,0.9984544557880591f,-0.055535976079774674f,0.3991468670529513f,0.48577524782880455f,0.049566917547463674f,0.8726772194125998f,0.883138261051895f,0f,0f,0f,1f],start_interpolation:0}
execute if entity @s[tag=aj.rakshasa_great_katana.bone.left_leg] run data modify entity @s {} merge value {transformation:[0.8740812053345082f,0.44727518707629166f,-0.18954406745356672f,-0.12941481538477975f,-0.002110705530725898f,0.3936782829830917f,0.9192458617963136f,0.5406249999999999f,0.48577524782880455f,-0.80309545916619f,0.34505085431499877f,0.5945258304140454f,0f,0f,0f,1f],start_interpolation:0}