execute if entity @s[tag=aj.rakshasa_great_katana.bone.right_arm2] run data modify entity @s {} merge value {transformation:[0.34749610010614473f,0.9371310711563985f,-0.03212189104461552f,-0.13125428528168537f,-0.2523839569764186f,0.12646879034678182f,0.9593268386369409f,1.0795150309877561f,0.9030774045849813f,-0.32525528518608826f,0.2804642593746499f,0.9699678247961381f,0f,0f,0f,1f],start_interpolation:0}
execute if entity @s[tag=aj.rakshasa_great_katana.bone.right_arm] run data modify entity @s {} merge value {transformation:[0.4397936795392564f,0.8975242077810717f,-0.03212189104461552f,0.09312676666358255f,-0.23841704998909058f,0.151159938295014f,0.9593268386369409f,1.1173050155615096f,0.8658746039189634f,-0.41424747374197435f,0.2804642593746499f,0.8664059563606444f,0f,0f,0f,1f],start_interpolation:0}
execute if entity @s[tag=aj.rakshasa_great_katana.bone.slash] run data modify entity @s {} merge value {transformation:[0.00003854608632512673f,0.00001292988707005384f,-0.000009117475554266389f,-0.40417658813237356f,0.000008771616559148444f,0.000002518154176375682f,0.00004065499666208799f,1.9755134177445646f,0.000013166969395660623f,-0.000039529584250416405f,-3.924245584571579e-7f,0.3694506975488433f,0f,0f,0f,1f],start_interpolation:0}
execute if entity @s[tag=aj.rakshasa_great_katana.bone.bone0] run data modify entity @s {} merge value {transformation:[-0.3174444656934345f,-0.20834530739557425f,-0.9251060718030414f,-0.9083324300480667f,-0.027851656413036337f,0.9771929805151444f,-0.21051879741956242f,2.9857014956934766f,0.9478677631587967f,-0.041062290707805385f,-0.31600726549585473f,1.1723940278411211f,0f,0f,0f,1f],start_interpolation:0}
execute if entity @s[tag=aj.rakshasa_great_katana.bone.bone1] run data modify entity @s {} merge value {transformation:[-0.32623022357106635f,-0.19430027571240988f,-0.9251060718030414f,-1.0722892000331226f,0.01479941134022443f,0.9774777815157764f,-0.21051879741956242f,3.783685134913196f,0.9451744911140775f,-0.08236861963804833f,-0.31600726549585473f,1.120771313923344f,0f,0f,0f,1f],start_interpolation:0}
execute if entity @s[tag=aj.rakshasa_great_katana.bone.bone2] run data modify entity @s {} merge value {transformation:[-0.33439498367641685f,-0.1798853824111212f,-0.9251060718030414f,-1.1924691992451173f,0.05742230757285549f,0.9759018980030879f,-0.21051879741956242f,4.402355529105175f,0.9406820257053164f,-0.12351815521928393f,-0.31600726549585473f,1.0604483325065417f,0f,0f,0f,1f],start_interpolation:0}
execute if entity @s[tag=aj.rakshasa_great_katana.bone.bone3] run data modify entity @s {} merge value {transformation:[-0.3695585138181106f,-0.08720814628058406f,-0.9251060718030414f,-1.2358151582038066f,0.3080476872446323f,0.927786860392113f,-0.21051879741956242f,4.676476430222136f,0.8766602119680024f,-0.3627757997800431f,-0.31600726549585473f,1.004728117965678f,0f,0f,0f,1f],start_interpolation:0}
execute if entity @s[tag=aj.rakshasa_great_katana.bone.bone7] run data modify entity @s {} merge value {transformation:[-0.3748006597306927f,-0.020005775917059675f,-0.9268895481099105f,-1.2404239681709892f,0.6396476135208381f,0.7181174443544761f,-0.2741500804867512f,4.8850688787444545f,0.671100138565426f,-0.6956343184775695f,-0.2563542450861968f,0.9282654983756526f,0f,0f,0f,1f],start_interpolation:0}
execute if entity @s[tag=aj.rakshasa_great_katana.bone.bone10] run data modify entity @s {} merge value {transformation:[-0.49328887747080935f,-0.054667146194589095f,-0.8681460628779748f,-1.2351588402894238f,0.35694206127598993f,0.8974082262983053f,-0.2593276696848543f,4.827224198863506f,0.7932581220861445f,-0.4378013002482623f,-0.4231684927369886f,0.9718711909599008f,0f,0f,0f,1f],start_interpolation:0}
execute if entity @s[tag=aj.rakshasa_great_katana.bone.bone4] run data modify entity @s {} merge value {transformation:[-0.2517877315666081f,-0.054667146194589095f,-0.9662372593516985f,-1.2304721893274195f,0.41189849531182976f,0.8974082262983053f,-0.15810789016358434f,4.829215007101749f,0.8757525722442341f,-0.4378013002482623f,-0.2034390663283206f,0.9753667535720051f,0f,0f,0f,1f],start_interpolation:0}
execute if entity @s[tag=aj.rakshasa_great_katana.bone.bone11] run data modify entity @s {} merge value {transformation:[-0.16568678652814686f,0.10373070209169302f,-0.9807078210219092f,-1.2404239681709892f,0.6700500182843925f,0.7415010598088613f,-0.034772852908855845f,4.8850688787444545f,0.723588876204618f,-0.6628846956642613f,-0.19236168664013725f,0.9282654983756526f,0f,0f,0f,1f],start_interpolation:0}
execute if entity @s[tag=aj.rakshasa_great_katana.bone.bone5] run data modify entity @s {} merge value {transformation:[-0.3757529228629976f,-0.054667146194589095f,-0.9251060718030414f,-1.2530695315548277f,0.38773742572151937f,0.8974082262983053f,-0.21051879741956242f,4.800107366184848f,0.8417062609098044f,-0.4378013002482623f,-0.31600726549585473f,0.9943640036931787f,0f,0f,0f,1f],start_interpolation:0}
execute if entity @s[tag=aj.rakshasa_great_katana.bone.bone8] run data modify entity @s {} merge value {transformation:[-0.3695585138181106f,0.2734529454424911f,-0.8880596778895975f,-1.2778251386914423f,0.3080476872446323f,0.937725346823069f,0.16055465209326053f,4.799209627099215f,0.8766602119680024f,-0.21423039129493454f,-0.43078093295529785f,0.9683675394626727f,0f,0f,0f,1f],start_interpolation:0}
execute if entity @s[tag=aj.rakshasa_great_katana.bone.bone9] run data modify entity @s {} merge value {transformation:[0.9251060718030412f,-0.19430027571240988f,-0.3262302235710665f,-1.2496348129600852f,0.21051879741956236f,0.9774777815157764f,0.014799411340224384f,4.823458451251376f,0.3160072654958549f,-0.08236861963804831f,0.9451744911140773f,0.9875557856283105f,0f,0f,0f,1f],start_interpolation:0}
execute if entity @s[tag=aj.rakshasa_great_katana.bone.bone6] run data modify entity @s {} merge value {transformation:[-0.3695585138181106f,0.19501287359666705f,-0.9085133372692555f,-1.2380744871686553f,0.3080476872446322f,0.9481502787261646f,0.07821554407360096f,4.808255356675836f,0.8766602119680024f,-0.25096021215138187f,-0.4104702725766519f,0.9819459766519477f,0f,0f,0f,1f],start_interpolation:0}
execute if entity @s[tag=aj.rakshasa_great_katana.locator_origin.rakshasa0] at @s on origin run tp @s ^-0.41484 ^0.80203 ^1.18242 ~-71.14033 ~-12.15276
execute if entity @s[tag=aj.rakshasa_great_katana.locator_origin.rakshasa1] at @s on origin run tp @s ^-0.58134 ^1.53332 ^1.18266 ~-71.14033 ~-12.15276
execute if entity @s[tag=aj.rakshasa_great_katana.locator_origin.rakshasa2] at @s on origin run tp @s ^-0.74783 ^2.2646 ^1.1829 ~-71.14033 ~-12.15276
execute if entity @s[tag=aj.rakshasa_great_katana.locator_origin.rakshasa3] at @s on origin run tp @s ^-0.91433 ^2.99589 ^1.18314 ~-71.14033 ~-12.15276
execute if entity @s[tag=aj.rakshasa_great_katana.locator_origin.rakshasa4] at @s on origin run tp @s ^-1.06157 ^3.73158 ^1.12409 ~-71.14033 ~-12.15276
execute if entity @s[tag=aj.rakshasa_great_katana.locator_origin.rakshasa5] at @s on origin run tp @s ^-1.20881 ^4.46727 ^1.06503 ~-71.14033 ~-12.15276
execute if entity @s[tag=aj.rakshasa_great_katana.bone.rakshasa_great_katana] run data modify entity @s {} merge value {transformation:[-0.4684994520626742f,-0.3376154825406515f,-1.4069321508671255f,-0.5427556815696031f,-0.10714226266123136f,1.4828855564777936f,-0.3201640044089179f,1.3594171382390225f,1.4429008374613224f,0.0004900164946632533f,-0.48059438294161244f,1.1855718339260017f,0f,0f,0f,1f],start_interpolation:0}
execute if entity @s[tag=aj.rakshasa_great_katana.bone.left_arm2] run data modify entity @s {} merge value {transformation:[0.9251060718030414f,0.31031728968129213f,-0.21881941330239332f,-0.45660648201094456f,0.21051879741956264f,0.060435700233016365f,0.9757199198901116f,1.0086218349132707f,0.3160072654958549f,-0.9487100220099935f,-0.009418189402971788f,0.9593784042149482f,0f,0f,0f,1f],start_interpolation:0}
execute if entity @s[tag=aj.rakshasa_great_katana.bone.left_arm] run data modify entity @s {} merge value {transformation:[0.9327010102554631f,0.19987988084544117f,-0.3001947013217439f,-0.29004888551765134f,0.2072507883193095f,0.3841528425885419f,0.8997075659747268f,1.13056639410032f,0.2951540889255366f,-0.9013737442173226f,0.3168744815004536f,0.7709292292763097f,0f,0f,0f,1f],start_interpolation:0}
execute if entity @s[tag=aj.rakshasa_great_katana.bone.head] run data modify entity @s {} merge value {transformation:[0.9751507991844975f,-0.011273113562120261f,-0.22125513725211376f,-0.04599420812045435f,-0.008288280598353482f,0.9961489923875417f,-0.08728395826272128f,1.2552085053485487f,0.22138704400790737f,0.08694884631725172f,0.9713020513051233f,0.8772822783352545f,0f,0f,0f,1f],start_interpolation:0}
execute if entity @s[tag=aj.rakshasa_great_katana.bone.body_top] run data modify entity @s {} merge value {transformation:[0.9685013925908537f,-0.06501074819438382f,-0.24037191010761627f,-0.02039622601891572f,-0.010637601932654145f,0.95363429214863f,-0.30077978366789165f,0.8797150028150256f,0.24878081512588535f,0.29386262004104535f,0.9229045815077054f,0.7615738716940929f,0f,0f,0f,1f],start_interpolation:0}
execute if entity @s[tag=aj.rakshasa_great_katana.locator_origin.player_camera] at @s on origin run tp @s ^0.02959 ^-0.09272 ^0.52539 ~-165.40155 ~-17.50444
execute if entity @s[tag=aj.rakshasa_great_katana.bone.body] run data modify entity @s {} merge value {transformation:[0.9685013925908537f,-0.06501074819438382f,-0.24037191010761627f,0.008045976316127204f,-0.010637601932654145f,0.95363429214863f,-0.30077978366789165f,0.4624999999999999f,0.24878081512588535f,0.29386262004104535f,0.9229045815077054f,0.6330089754261355f,0f,0f,0f,1f],start_interpolation:0}
execute if entity @s[tag=aj.rakshasa_great_katana.bone.right_leg2] run data modify entity @s {} merge value {transformation:[0.9583292713206614f,-0.28399561777119164f,-0.030846342032239564f,0.20684560549985226f,0.1023245070510165f,0.44207860296198587f,-0.8911207572826172f,0.3465213186870414f,0.2667108977653091f,0.8508307692425905f,0.452716577036102f,0.34633726468656634f,0f,0f,0f,1f],start_interpolation:0}
execute if entity @s[tag=aj.rakshasa_great_katana.bone.right_leg] run data modify entity @s {} merge value {transformation:[0.9583292713206614f,-0.27867814790190815f,-0.06279727392150791f,0.10669564609760401f,0.1023245070510165f,0.5401145914795367f,-0.8353477858518927f,0.5406249999999999f,0.2667108977653091f,0.7941125348166063f,0.5461232269921941f,0.6317214568862842f,0f,0f,0f,1f],start_interpolation:0}
execute if entity @s[tag=aj.rakshasa_great_katana.bone.left_leg2] run data modify entity @s {} merge value {transformation:[0.8740812053345082f,-0.025136037910014453f,-0.4851290818732271f,-0.2816240649681139f,-0.002110705530725898f,0.9984544557880591f,-0.055535976079774674f,0.3991468670529513f,0.48577524782880455f,0.049566917547463674f,0.8726772194125998f,0.8969545605711684f,0f,0f,0f,1f],start_interpolation:0}
execute if entity @s[tag=aj.rakshasa_great_katana.bone.left_leg] run data modify entity @s {} merge value {transformation:[0.8740812053345082f,0.44727518707629166f,-0.18954406745356672f,-0.12088454461257153f,-0.002110705530725898f,0.3936782829830917f,0.9192458617963136f,0.5406249999999999f,0.48577524782880455f,-0.80309545916619f,0.34505085431499877f,0.6083421299333188f,0f,0f,0f,1f],start_interpolation:0}