execute if entity @s[tag=aj.rakshasa_great_katana.bone.right_arm2] run data modify entity @s {} merge value {transformation:[0.3574987406995447f,0.933649395221385f,-0.02221389657358741f,-0.1197789093786569f,-0.12276535035933658f,0.07056024699464152f,0.9899241992674007f,1.0944888302682085f,0.9258095479899686f,-0.3511695578303985f,0.13984499456116922f,0.9546543148513691f,0f,0f,0f,1f],start_interpolation:0}
execute if entity @s[tag=aj.rakshasa_great_katana.bone.right_arm] run data modify entity @s {} merge value {transformation:[0.3368819314001968f,0.9412848172020473f,-0.02221389657358741f,0.11554229492185492f,-0.12428724205067282f,0.0678436523798133f,0.9899241992674007f,1.1114497433631618f,0.9333076908284381f,-0.33072667224866525f,0.13984499456116922f,0.8719726467892027f,0f,0f,0f,1f],start_interpolation:0}
execute if entity @s[tag=aj.rakshasa_great_katana.bone.slash] run data modify entity @s {} merge value {transformation:[0.000007396511420984714f,0.00002480194774607747f,-0.00003265373053590044f,-0.9411668913653373f,0.00004005693102717312f,0.000002723077693172504f,0.000011141733961657558f,1.4527746893659985f,0.000008766128369733697f,-0.00003337003666448242f,-0.000023360367238713553f,-0.2707409730630286f,0f,0f,0f,1f],start_interpolation:0}
execute if entity @s[tag=aj.rakshasa_great_katana.bone.bone0] run data modify entity @s {} merge value {transformation:[-0.626919281857839f,-0.7585909216852096f,-0.17751627410363324f,-2.190041017385234f,-0.05432058294597212f,0.2698592700623129f,-0.9613663446521549f,1.6727758674522624f,0.7771881936206069f,-0.5930563108999183f,-0.2103870808736086f,-0.22227968809634746f,0f,0f,0f,1f],start_interpolation:0}
execute if entity @s[tag=aj.rakshasa_great_katana.bone.bone1] run data modify entity @s {} merge value {transformation:[-0.6594118648802639f,-0.7305230762155955f,-0.17751627410363324f,-2.7971191739240684f,-0.04249778575248838f,0.2719718543825632f,-0.9613663446521549f,1.894036175222441f,0.7505797297164831f,-0.6263923255757636f,-0.2103870808736086f,-0.7211029068195465f,0f,0f,0f,1f],start_interpolation:0}
execute if entity @s[tag=aj.rakshasa_great_katana.bone.bone2] run data modify entity @s {} merge value {transformation:[-0.6906492199393688f,-0.7010646385501879f,-0.17751627410363324f,-3.2538752244172486f,-0.03059409160840855f,0.2735667248201266f,-0.9613663446521549f,2.066577420850198f,0.722542494636681f,-0.6585359668580631f,-0.2103870808736086f,-1.124139604704937f,0f,0f,0f,1f],start_interpolation:0}
execute if entity @s[tag=aj.rakshasa_great_katana.bone.bone3] run data modify entity @s {} merge value {transformation:[-0.8485647987505389f,-0.4984232686681289f,-0.17751627410363324f,-3.4363936915379405f,0.04125265527335374f,0.2721634982929423f,-0.9613663446521549f,2.144455114361609f,0.5274808060530316f,-0.8231046564363041f,-0.2103870808736086f,-1.326000836517682f,0f,0f,0f,1f],start_interpolation:0}
execute if entity @s[tag=aj.rakshasa_great_katana.bone.bone7] run data modify entity @s {} merge value {transformation:[-0.9747099767997288f,-0.15070635446443484f,-0.16500925989505189f,-3.5432204015347604f,0.14226494556002872f,0.15097422419326806f,-0.9782471410099001f,2.219629342724709f,0.17234020538421874f,-0.9769822814940308f,-0.12571585124734408f,-1.5057658840816806f,0f,0f,0f,1f],start_interpolation:0}
execute if entity @s[tag=aj.rakshasa_great_katana.bone.bone10] run data modify entity @s {} merge value {transformation:[-0.9043431233717075f,-0.42256932234812744f,-0.05998902416733734f,-3.522875492118983f,-0.061221712319622035f,0.2675324282028687f,-0.9616019456097885f,2.207577332138496f,0.4223924918259775f,-0.8659454761531593f,-0.267811529212094f,-1.437092609151878f,0f,0f,0f,1f],start_interpolation:0}
execute if entity @s[tag=aj.rakshasa_great_katana.bone.bone4] run data modify entity @s {} merge value {transformation:[-0.858002076740031f,-0.42256932234812744f,-0.2920061713732066f,-3.5235712487232314f,0.189745264272289f,0.2675324282028687f,-0.9446814989964164f,2.2133369323772936f,0.47731454094342585f,-0.8659454761531593f,-0.14936285125105703f,-1.4349736706220633f,0f,0f,0f,1f],start_interpolation:0}
execute if entity @s[tag=aj.rakshasa_great_katana.bone.bone11] run data modify entity @s {} merge value {transformation:[-0.9131839046148172f,-0.11886035275497835f,-0.38982992816791134f,-3.5432204015347604f,0.3469704587929883f,0.2750323667651433f,-0.8966430158968213f,2.219629342724709f,0.21379115294469028f,-0.9540594393299227f,-0.20991409945035672f,-1.5057658840816806f,0f,0f,0f,1f],start_interpolation:0}
execute if entity @s[tag=aj.rakshasa_great_katana.bone.bone5] run data modify entity @s {} merge value {transformation:[-0.8887762036860621f,-0.42256932234812744f,-0.17751627410363324f,-3.5250010849965068f,0.06481628830804387f,0.2675324282028687f,-0.9613663446521549f,2.1850923372722755f,0.45373528464442836f,-0.8659454761531593f,-0.2103870808736086f,-1.4046588464721286f,0f,0f,0f,1f],start_interpolation:0}
execute if entity @s[tag=aj.rakshasa_great_katana.bone.bone8] run data modify entity @s {} merge value {transformation:[-0.8485647987505389f,-0.3925505193752179f,-0.354741979556557f,-3.524109519515813f,0.04125265527335374f,0.6193452581012864f,-0.784034227378084f,2.157349636783411f,0.5274808060530316f,-0.6799378949622517f,-0.5093608330446566f,-1.427440634225398f,0f,0f,0f,1f],start_interpolation:0}
execute if entity @s[tag=aj.rakshasa_great_katana.bone.bone9] run data modify entity @s {} merge value {transformation:[0.17751627410363308f,-0.7305230762155955f,-0.6594118648802638f,-3.5357884741414156f,0.9613663446521548f,0.2719718543825632f,-0.04249778575248859f,2.19728987519417f,0.21038708087360874f,-0.6263923255757636f,0.7505797297164831f,-1.423051089481299f,0f,0f,0f,1f],start_interpolation:0}
execute if entity @s[tag=aj.rakshasa_great_katana.bone.bone6] run data modify entity @s {} merge value {transformation:[-0.8485647987505388f,-0.42197454684677954f,-0.31917904714268636f,-3.5164818671129225f,0.04125265527335373f,0.5486553769820419f,-0.8350302364235631f,2.198658346905183f,0.5274808060530316f,-0.7217442477236302f,-0.4481620690369675f,-1.41840056434411f,0f,0f,0f,1f],start_interpolation:0}
execute if entity @s[tag=aj.rakshasa_great_katana.locator_origin.rakshasa0] at @s on origin run tp @s ^-0.43888 ^1.07376 ^1.03734 ~-40.15635 ~-74.02177
execute if entity @s[tag=aj.rakshasa_great_katana.locator_origin.rakshasa1] at @s on origin run tp @s ^-1.02779 ^1.27419 ^0.6184 ~-40.15635 ~-74.02177
execute if entity @s[tag=aj.rakshasa_great_katana.locator_origin.rakshasa2] at @s on origin run tp @s ^-1.6167 ^1.47461 ^0.19946 ~-40.15635 ~-74.02177
execute if entity @s[tag=aj.rakshasa_great_katana.locator_origin.rakshasa3] at @s on origin run tp @s ^-2.20561 ^1.67504 ^-0.21949 ~-40.15635 ~-74.02177
execute if entity @s[tag=aj.rakshasa_great_katana.locator_origin.rakshasa4] at @s on origin run tp @s ^-2.75744 ^1.87959 ^-0.68858 ~-40.15635 ~-74.02177
execute if entity @s[tag=aj.rakshasa_great_katana.locator_origin.rakshasa5] at @s on origin run tp @s ^-3.30928 ^2.08414 ^-1.15766 ~-40.15635 ~-74.02177
execute if entity @s[tag=aj.rakshasa_great_katana.bone.rakshasa_great_katana] run data modify entity @s {} merge value {transformation:[-0.9022090110749242f,-1.1941807598761076f,-0.26997266686594223f,-0.8897766813564484f,-0.10043579960495792f,0.40641684395229494f,-1.462077982491819f,1.226380222379205f,1.2201907958473952f,-0.849524390156844f,-0.31996368549527976f,0.7204102977493576f,0f,0f,0f,1f],start_interpolation:0}
execute if entity @s[tag=aj.rakshasa_great_katana.bone.left_arm2] run data modify entity @s {} merge value {transformation:[0.1775162741036331f,0.5952467459058592f,-0.7836895328616106f,-0.5957190923706156f,0.9613663446521546f,0.06535386463614008f,0.26740161507978133f,1.0975320775486848f,0.2103870808736087f,-0.800880879947578f,-0.5606488137291252f,0.7491175616040933f,0f,0f,0f,1f],start_interpolation:0}
execute if entity @s[tag=aj.rakshasa_great_katana.bone.left_arm] run data modify entity @s {} merge value {transformation:[0.1827984493378983f,0.9494250631436153f,-0.2552974273164581f,-0.3355130204174745f,0.960074353586318f,-0.11645395597970148f,0.254353517220602f,1.1884278827520491f,0.21175920878552895f,-0.2915999410346649f,-0.9328062563486093f,0.7026874774436181f,0f,0f,0f,1f],start_interpolation:0}
execute if entity @s[tag=aj.rakshasa_great_katana.bone.head] run data modify entity @s {} merge value {transformation:[0.9842371753454879f,0.019311182827283883f,-0.17579607756075438f,-0.057323461074767185f,-0.035896081447707145f,0.9951434821904416f,-0.09165653926797551f,1.2557485766172807f,0.17317232459211004f,0.09652216362936333f,0.9801504057662129f,0.8546712125938445f,0f,0f,0f,1f],start_interpolation:0}
execute if entity @s[tag=aj.rakshasa_great_katana.bone.body_top] run data modify entity @s {} merge value {transformation:[0.9229948703365014f,-0.06420383445521131f,-0.37941841939177545f,-0.03204320125802773f,-0.0544352315170526f,0.9542840019456009f,-0.29390278869104514f,0.8799992508512003f,0.3809426136601027f,0.2919244958408529f,0.8773042880471258f,0.7397259423565087f,0f,0f,0f,1f],start_interpolation:0}
execute if entity @s[tag=aj.rakshasa_great_katana.locator_origin.player_camera] at @s on origin run tp @s ^0.00845 ^-0.09265 ^0.50263 ~-156.61238 ~-17.09176
execute if entity @s[tag=aj.rakshasa_great_katana.bone.body] run data modify entity @s {} merge value {transformation:[0.9229948703365014f,-0.06420383445521131f,-0.37941841939177545f,-0.003954023683872779f,-0.0544352315170526f,0.9542840019456009f,-0.29390278869104514f,0.4624999999999999f,0.3809426136601027f,0.2919244958408529f,0.8773042880471258f,0.6120089754261355f,0f,0f,0f,1f],start_interpolation:0}
execute if entity @s[tag=aj.rakshasa_great_katana.bone.right_leg2] run data modify entity @s {} merge value {transformation:[0.8674380671547008f,-0.4953533507867416f,-0.04665037529607473f,0.2659606639387979f,0.16146676375005958f,0.36895322688888976f,-0.9153152465529883f,0.38819835286610305f,0.4706162809072798f,0.7864468031803697f,0.40002717646727154f,0.33085505137304416f,0f,0f,0f,1f],start_interpolation:0}
execute if entity @s[tag=aj.rakshasa_great_katana.bone.right_leg] run data modify entity @s {} merge value {transformation:[0.8674380671547008f,-0.49158147965454235f,-0.07680396156168025f,0.08929856968794675f,0.16146676375005958f,0.4241437137638868f,-0.8910839434523891f,0.5406249999999999f,0.4706162809072798f,0.7605588464643807f,0.44729247390244736f,0.604180886821181f,0f,0f,0f,1f],start_interpolation:0}
execute if entity @s[tag=aj.rakshasa_great_katana.bone.left_leg2] run data modify entity @s {} merge value {transformation:[0.8740812053345082f,-0.025136037910014453f,-0.4851290818732271f,-0.2952148772847385f,-0.002110705530725898f,0.9984544557880591f,-0.055535976079774674f,0.3991468670529513f,0.48577524782880455f,0.049566917547463674f,0.8726772194125998f,0.8765056620133482f,0f,0f,0f,1f],start_interpolation:0}
execute if entity @s[tag=aj.rakshasa_great_katana.bone.left_leg] run data modify entity @s {} merge value {transformation:[0.8740812053345082f,0.44727518707629166f,-0.18954406745356672f,-0.1344753569291962f,-0.002110705530725898f,0.3936782829830917f,0.9192458617963136f,0.5406249999999999f,0.48577524782880455f,-0.80309545916619f,0.34505085431499877f,0.5878932313754986f,0f,0f,0f,1f],start_interpolation:0}