execute if entity @s[tag=aj.rakshasa_great_katana.bone.right_arm2] run data modify entity @s {} merge value {transformation:[0.21486719987141423f,0.9764882723819719f,0.01739943447039811f,-0.14568483831519172f,-0.28892567078782266f,0.0465371350390246f,0.9562197717168193f,1.0972175608793913f,0.9329276730696892f,-0.21048740808616434f,0.29213183301027656f,0.9515132527162609f,0f,0f,0f,1f],start_interpolation:0}
execute if entity @s[tag=aj.rakshasa_great_katana.bone.right_arm] run data modify entity @s {} merge value {transformation:[0.3404862771318484f,0.9400884824126954f,0.01739943447039811f,0.08933728228798213f,-0.2803795565880938f,0.08385137104005873f,0.9562197717168193f,1.1181804036394059f,0.8974722276106144f,-0.33045815591341954f,0.29213183301027656f,0.868898713737906f,0f,0f,0f,1f],start_interpolation:0}
execute if entity @s[tag=aj.rakshasa_great_katana.bone.slash] run data modify entity @s {} merge value {transformation:[0.00002941142450477551f,0.00002935082915150637f,0.000003099685117892955f,0.032900499433436314f,0.0000016446978941497445f,-0.0000059991169748841015f,0.000041199716934340084f,1.8384956083611206f,0.00002946818943450688f,-0.00002895946364751691f,-0.000005393179749579661f,0.2632007011193086f,0f,0f,0f,1f],start_interpolation:0}
execute if entity @s[tag=aj.rakshasa_great_katana.bone.bone0] run data modify entity @s {} merge value {transformation:[-0.7027439936531288f,0.08883979929057091f,-0.7058741881146122f,-0.5182582581707795f,0.16425020296103826f,0.9856286181302562f,-0.03947274945959362f,3.059810633351097f,0.6922230494657842f,-0.1436792162584875f,-0.7072365464281649f,0.74513557181407f,0f,0f,0f,1f],start_interpolation:0}
execute if entity @s[tag=aj.rakshasa_great_katana.bone.bone1] run data modify entity @s {} merge value {transformation:[-0.6981999994677764f,0.11940850596475311f,-0.7058741881146122f,-0.4323302625212743f,0.20708638965526893f,0.977526024855424f,-0.03947274945959362f,3.861007316417363f,0.6852970071164352f,-0.17373681081917927f,-0.7072365464281649f,0.6146561861403607f,0f,0f,0f,1f],start_interpolation:0}
execute if entity @s[tag=aj.rakshasa_great_katana.bone.bone2] run data modify entity @s {} merge value {transformation:[-0.6923269419003435f,0.14974991176109553f,-0.7058741881146122f,-0.3506961263599337f,0.24952837563676983f,0.9675626552333321f,-0.03947274945959362f,4.478044307990196f,0.6770664629643044f,-0.2034636874859219f,-0.7072365464281649f,0.49874082999111957f,0f,0f,0f,1f],start_interpolation:0}
execute if entity @s[tag=aj.rakshasa_great_katana.bone.bone3] run data modify entity @s {} merge value {transformation:[-0.6299783442510796f,0.32383470525594654f,-0.7058741881146122f,-0.29308188056279644f,0.4914495449238664f,0.8700110613344093f,-0.03947274945959362f,4.745551066777004f,0.6013357053832685f,-0.37176852587002235f,-0.7072365464281649f,0.4263073047399851f,0f,0f,0f,1f],start_interpolation:0}
execute if entity @s[tag=aj.rakshasa_great_katana.bone.bone7] run data modify entity @s {} merge value {transformation:[-0.4580979216526391f,0.4766896647828163f,-0.7502754545277216f,-0.2096906887135933f,0.7869789949641927f,0.6099325525803863f,-0.09298571281613188f,4.938490866069844f,0.41329209484658913f,-0.6330475849349883f,-0.6545535879859626f,0.3542051142377071f,0f,0f,0f,1f],start_interpolation:0}
execute if entity @s[tag=aj.rakshasa_great_katana.bone.bone10] run data modify entity @s {} merge value {transformation:[-0.6863645196555319f,0.3775086469422198f,-0.6216035453903764f,-0.23940344032144065f,0.5554165378186368f,0.8238677564716728f,-0.11293533266383851f,4.886966247777696f,0.4694850537297115f,-0.4227636944324659f,-0.7751481426116061f,0.3958890570650054f,0f,0f,0f,1f],start_interpolation:0}
execute if entity @s[tag=aj.rakshasa_great_katana.bone.bone4] run data modify entity @s {} merge value {transformation:[-0.5020943797334905f,0.3775086469422198f,-0.7780671277749088f,-0.2364380779539556f,0.5657209931854704f,0.8238677564716728f,0.034665223431818624f,4.888301841800471f,0.6541108405379676f,-0.4227636944324659f,-0.6272239368523226f,0.40113975104695493f,0f,0f,0f,1f],start_interpolation:0}
execute if entity @s[tag=aj.rakshasa_great_katana.bone.bone11] run data modify entity @s {} merge value {transformation:[-0.29446003501501306f,0.5741371613174274f,-0.7639763136206018f,-0.2096906887135933f,0.7768679171249093f,0.6093809132141279f,0.158528047841134f,4.938490866069844f,0.5565694270447868f,-0.5468285129770414f,-0.6254670656991907f,0.3542051142377071f,0f,0f,0f,1f],start_interpolation:0}
execute if entity @s[tag=aj.rakshasa_great_katana.bone.bone5] run data modify entity @s {} merge value {transformation:[-0.599357032191491f,0.3775086469422198f,-0.7058741881146122f,-0.27172515379140844f,0.5654058912820357f,0.8238677564716728f,-0.03947274945959362f,4.8675773011836725f,0.5666456794736682f,-0.4227636944324659f,-0.7072365464281649f,0.4077809740307702f,0f,0f,0f,1f],start_interpolation:0}
execute if entity @s[tag=aj.rakshasa_great_katana.bone.bone8] run data modify entity @s {} merge value {transformation:[-0.6299783442510796f,0.5693106132284151f,-0.5282165384008293f,-0.28157152143491665f,0.4914495449238664f,0.818890979873367f,0.2964707538293819f,4.868860197892186f,0.6013357053832685f,-0.07282162280204418f,-0.7956710254141998f,0.37327205644530526f,0f,0f,0f,1f],start_interpolation:0}
execute if entity @s[tag=aj.rakshasa_great_katana.bone.bone9] run data modify entity @s {} merge value {transformation:[0.705874188114612f,0.11940850596475311f,-0.6981999994677766f,-0.2597842067432892f,0.03947274945959364f,0.977526024855424f,0.20708638965526893f,4.888526781851512f,0.7072365464281649f,-0.17373681081917924f,0.6852970071164349f,0.4030953212299394f,0f,0f,0f,1f],start_interpolation:0}
execute if entity @s[tag=aj.rakshasa_great_katana.bone.bone6] run data modify entity @s {} merge value {transformation:[-0.6299783442510796f,0.5211071097295863f,-0.5758252043493284f,-0.2512409899143669f,0.49144954492386633f,0.8416139812179604f,0.22397154152387236f,4.870556292595528f,0.6013357053832685f,-0.14189181374459864f,-0.7862964343194464f,0.4036611267996405f,0f,0f,0f,1f],start_interpolation:0}
execute if entity @s[tag=aj.rakshasa_great_katana.locator_origin.rakshasa0] at @s on origin run tp @s ^-0.65633 ^0.84068 ^1.00679 ~-44.94476 ~-2.26221
execute if entity @s[tag=aj.rakshasa_great_katana.locator_origin.rakshasa1] at @s on origin run tp @s ^-0.61275 ^1.58458 ^0.92178 ~-44.94476 ~-2.26221
execute if entity @s[tag=aj.rakshasa_great_katana.locator_origin.rakshasa2] at @s on origin run tp @s ^-0.56918 ^2.32847 ^0.83677 ~-44.94476 ~-2.26221
execute if entity @s[tag=aj.rakshasa_great_katana.locator_origin.rakshasa3] at @s on origin run tp @s ^-0.5256 ^3.07236 ^0.75176 ~-44.94476 ~-2.26221
execute if entity @s[tag=aj.rakshasa_great_katana.locator_origin.rakshasa4] at @s on origin run tp @s ^-0.4379 ^3.80868 ^0.62313 ~-44.94476 ~-2.26221
execute if entity @s[tag=aj.rakshasa_great_katana.locator_origin.rakshasa5] at @s on origin run tp @s ^-0.3502 ^4.545 ^0.49451 ~-44.94476 ~-2.26221
execute if entity @s[tag=aj.rakshasa_great_katana.bone.rakshasa_great_katana] run data modify entity @s {} merge value {transformation:[-1.073632709447499f,0.08836342945136243f,-1.0735169944243061f,-0.6253126618397522f,0.18417497993577708f,1.508446163035493f,-0.060031473136465306f,1.4082808862200955f,1.061285263135156f,-0.17238359938483766f,-1.075588914359501f,0.944157364336489f,0f,0f,0f,1f],start_interpolation:0}
execute if entity @s[tag=aj.rakshasa_great_katana.bone.left_arm2] run data modify entity @s {} merge value {transformation:[0.7058741881146121f,0.7044198996361528f,0.07439244282943092f,-0.5300356606976155f,0.039472749459593864f,-0.1439788073972184f,0.9887932064241619f,1.0002491480550855f,0.707236546428165f,-0.6950271275404057f,-0.12943631398991184f,0.7790385411579813f,0f,0f,0f,1f],start_interpolation:0}
execute if entity @s[tag=aj.rakshasa_great_katana.bone.left_arm] run data modify entity @s {} merge value {transformation:[0.42237902004405004f,0.8018582512404655f,-0.42263377567843663f,-0.27677372038199294f,0.086335894753861f,0.4285570749603509f,0.8993803126478135f,1.1181804036394059f,0.9022982193840785f,-0.4163678402794951f,0.11178436776808551f,0.7877338585111173f,0f,0f,0f,1f],start_interpolation:0}
execute if entity @s[tag=aj.rakshasa_great_katana.bone.head] run data modify entity @s {} merge value {transformation:[0.9998217380027307f,-0.018863872001001078f,0.0008040835337672914f,-0.042055636630347254f,0.018863871331564065f,0.9961947004552346f,-0.08508979458954752f,1.2552772153094636f,0.0008040992386663948f,0.0850897944411376f,0.9963729624525044f,0.884045581005631f,0f,0f,0f,1f],start_interpolation:0}
execute if entity @s[tag=aj.rakshasa_great_katana.bone.body_top] run data modify entity @s {} merge value {transformation:[0.9762960071199336f,-0.06508464715365349f,-0.2064221286261711f,-0.016428556813596194f,0f,0.9537169507482269f,-0.30070579950427306f,0.8797511659523491f,0.21643961393810307f,0.29357787137382907f,0.9311100509380923f,0.7684492941521858f,0f,0f,0f,1f],start_interpolation:0}
execute if entity @s[tag=aj.rakshasa_great_katana.locator_origin.player_camera] at @s on origin run tp @s ^0.03575 ^-0.09276 ^0.53307 ~-167.5 ~-17.5
execute if entity @s[tag=aj.rakshasa_great_katana.bone.body] run data modify entity @s {} merge value {transformation:[0.9762960071199336f,-0.06508464715365349f,-0.2064221286261711f,0.012045976316127208f,0f,0.9537169507482269f,-0.30070579950427306f,0.4624999999999999f,0.21643961393810307f,0.29357787137382907f,0.9311100509380923f,0.6400089754261356f,0f,0f,0f,1f],start_interpolation:0}
execute if entity @s[tag=aj.rakshasa_great_katana.bone.right_leg2] run data modify entity @s {} merge value {transformation:[0.9725809060610189f,-0.2312743811241954f,-0.02446511396148529f,0.20094634449396248f,0.08715574274765817f,0.45999152035595703f,-0.883635489162086f,0.3352803513844498f,0.21561599586216254f,0.8572747294982139f,0.4675358601135665f,0.36610609691053086f,0f,0f,0f,1f],start_interpolation:0}
execute if entity @s[tag=aj.rakshasa_great_katana.bone.right_leg] run data modify entity @s {} merge value {transformation:[0.9725809060610189f,-0.22610245856536942f,-0.05444317584622946f,0.11969077344703283f,0.08715574274765817f,0.5713938048432698f,-0.8160349234517081f,0.5406249999999999f,0.21561599586216254f,0.788914949799677f,0.5754328321454568f,0.6496224069947898f,0f,0f,0f,1f],start_interpolation:0}
execute if entity @s[tag=aj.rakshasa_great_katana.bone.left_leg2] run data modify entity @s {} merge value {transformation:[0.8740812053345082f,0.01724139776216091f,-0.4854737693060056f,-0.2777909619244736f,-0.002110705530725926f,0.9994953143865923f,0.03169639476989522f,0.41369136117688143f,0.48577524782880455f,-0.026680530775331834f,0.8736764606388397f,0.9081702827430878f,0f,0f,0f,1f],start_interpolation:0}
execute if entity @s[tag=aj.rakshasa_great_katana.bone.left_leg] run data modify entity @s {} merge value {transformation:[0.8740812053345082f,0.4551172763073203f,-0.1698537938568937f,-0.11423319075153036f,-0.002110705530725926f,0.35320664715998185f,0.935542948946849f,0.5406249999999999f,0.48577524782880455f,-0.8173819971155534f,0.309691910433988f,0.6144236275296857f,0f,0f,0f,1f],start_interpolation:0}