execute if entity @s[tag=aj.rakshasa_great_katana.bone.right_arm2] run data modify entity @s {} merge value {transformation:[0.2679108875690065f,-0.9532042033690188f,-0.1400910525394901f,1.03262463501248f,0.11952783718264734f,-0.11139860608935921f,0.9865614257104252f,1.1903041576777589f,-0.9560004458473995f,-0.28105532772211034f,0.0840895373907567f,1.220760499569412f,0f,0f,0f,1f],start_interpolation:0}
execute if entity @s[tag=aj.rakshasa_great_katana.bone.right_arm] run data modify entity @s {} merge value {transformation:[-0.377332729620845f,-0.9154203996827145f,-0.1400910525394901f,0.8037695350918013f,0.025323704780510464f,-0.16141642814906798f,0.9865614257104252f,1.1499500506404918f,-0.9257314519519539f,0.3687142912450462f,0.0840895373907567f,1.3129390723806735f,0f,0f,0f,1f],start_interpolation:0}
execute if entity @s[tag=aj.rakshasa_great_katana.bone.slash] run data modify entity @s {} merge value {transformation:[-0.000006890741127293159f,0.00000903382516696959f,0.00004008763900107326f,4.950149354671684f,0.00004079649671597083f,-0.0000033695812761665184f,0.0000077719295440837f,2.025188366287656f,0.0000049269314518799224f,0.00004053575009774764f,-0.000008287908155411807f,0.06569436254752326f,0f,0f,0f,1f],start_interpolation:0}
execute if entity @s[tag=aj.rakshasa_great_katana.bone.bone0] run data modify entity @s {} merge value {transformation:[-0.3619243990635821f,0.9133966512999474f,0.18632575441014015f,3.0114912391743474f,-0.0061331796880371645f,0.1975383978912963f,-0.9802759639333477f,1.6387446086131225f,-0.9321872738186139f,-0.3559285584953571f,-0.06589194015991598f,0.49640016041328616f,0f,0f,0f,1f],start_interpolation:0}
execute if entity @s[tag=aj.rakshasa_great_katana.bone.bone1] run data modify entity @s {} merge value {transformation:[-0.3217381248803012f,0.9283142206397574f,0.18632575441014015f,3.7637969944249137f,0.0024891616371728233f,0.19761791064802264f,-0.9802759639333477f,1.8000656635579855f,-0.9468254237571211f,-0.3149283555812501f,-0.06589194015991598f,0.22375353320717806f,0f,0f,0f,1f],start_interpolation:0}
execute if entity @s[tag=aj.rakshasa_great_katana.bone.bone2] run data modify entity @s {} merge value {transformation:[-0.28093940388991095f,0.9414646910986487f,0.18632575441014015f,4.354256293633387f,0.011106764701731749f,0.19732124647996271f,-0.9802759639333477f,1.9251473855200691f,-0.9596612376874675f,-0.27332866864293653f,-0.06589194015991598f,0.03257945087250369f,0f,0f,0f,1f],start_interpolation:0}
execute if entity @s[tag=aj.rakshasa_great_katana.bone.bone3] run data modify entity @s {} merge value {transformation:[-0.027697633491628626f,0.9820975279179028f,0.18632575441014015f,4.626163945545153f,0.061798807464301574f,0.1877230458162663f,-0.9802759639333477f,1.9805840845884046f,-0.9977042389881652f,-0.015636614947245997f,-0.06589194015991598f,-0.023267519716236196f,0f,0f,0f,1f],start_interpolation:0}
execute if entity @s[tag=aj.rakshasa_great_katana.bone.bone7] run data modify entity @s {} merge value {transformation:[0.3502431762189778f,0.93068555403968f,0.10561305323631281f,4.84100975752959f,0.12893315285687176f,0.06377744659777025f,-0.9896002624291562f,2.037311205678063f,-0.9277423993794984f,0.36021776303692005f,-0.09765860733314095f,-0.02464364109389209f,0f,0f,0f,1f],start_interpolation:0}
execute if entity @s[tag=aj.rakshasa_great_katana.bone.bone10] run data modify entity @s {} merge value {transformation:[0.08182736964815415f,0.9807743581401401f,0.17716077441482592f,4.770598691502202f,-0.05069356040898132f,0.1816225819863276f,-0.9820607927443598f,2.031667190333324f,-0.9953564409343646f,0.07137854108495206f,0.06458064232460467f,-0.04154369611054352f,0f,0f,0f,1f],start_interpolation:0}
execute if entity @s[tag=aj.rakshasa_great_katana.bone.bone4] run data modify entity @s {} merge value {transformation:[0.033186587176786006f,0.9807743581401401f,0.1923026490882382f,4.769620226542499f,0.20520981738513966f,0.1816225819863276f,-0.9617183415955927f,2.037563191656827f,-0.978155192840234f,0.07137854108495206f,-0.19523709327960329f,-0.04310149820713279f,0f,0f,0f,1f],start_interpolation:0}
execute if entity @s[tag=aj.rakshasa_great_katana.bone.bone11] run data modify entity @s {} merge value {transformation:[0.30161274011233474f,0.9058241596188888f,0.297510246634739f,4.84100975752959f,0.33804747350608344f,0.1901697626950246f,-0.9217154479624781f,2.037311205678063f,-0.891489574060226f,0.37857370908087634f,-0.24885394538697758f,-0.02464364109389209f,0f,0f,0f,1f],start_interpolation:0}
execute if entity @s[tag=aj.rakshasa_great_katana.bone.bone5] run data modify entity @s {} merge value {transformation:[0.05800320386227498f,0.9807743581401401f,0.18632575441014015f,4.741739119368988f,0.07792478583329918f,0.1816225819863276f,-0.9802759639333477f,2.0119463810643414f,-0.9952704939334562f,0.07137854108495206f,-0.06589194015991598f,-0.05998974931564649f,0f,0f,0f,1f],start_interpolation:0}
execute if entity @s[tag=aj.rakshasa_great_katana.bone.bone8] run data modify entity @s {} merge value {transformation:[-0.027697633491628626f,0.8360360257375953f,0.5479750037801457f,4.758521951961864f,0.061798807464301574f,0.5485688503533374f,-0.8338183997837945f,1.9824174276424125f,-0.9977042389881652f,0.010769405318071166f,-0.06686008834978822f,-0.048334724106692706f,0f,0f,0f,1f],start_interpolation:0}
execute if entity @s[tag=aj.rakshasa_great_katana.bone.bone9] run data modify entity @s {} merge value {transformation:[-0.1863257544101402f,0.9283142206397574f,-0.32173812488030107f,4.764041672750175f,0.9802759639333476f,0.19761791064802264f,0.002489161637172604f,2.022242710769146f,0.06589194015991576f,-0.3149283555812501f,-0.946825423757121f,-0.05992645541871777f,0f,0f,0f,1f],start_interpolation:0}
execute if entity @s[tag=aj.rakshasa_great_katana.bone.bone6] run data modify entity @s {} merge value {transformation:[-0.02769763349162868f,0.880613824715096f,0.47302445266562504f,4.750515767202053f,0.061798807464301574f,0.4738093183104586f,-0.8784563946367336f,2.0245386604676736f,-0.9977042389881651f,0.004901183819163591f,-0.06754428104745178f,-0.045503429802946194f,0f,0f,0f,1f],start_interpolation:0}
execute if entity @s[tag=aj.rakshasa_great_katana.locator_origin.rakshasa0] at @s on origin run tp @s ^0.99938 ^1.19736 ^1.37313 ~70.52445 ~-78.60139
execute if entity @s[tag=aj.rakshasa_great_katana.locator_origin.rakshasa1] at @s on origin run tp @s ^1.67194 ^1.34517 ^1.07594 ~70.52445 ~-78.60139
execute if entity @s[tag=aj.rakshasa_great_katana.locator_origin.rakshasa2] at @s on origin run tp @s ^2.34449 ^1.49298 ^0.77875 ~70.52445 ~-78.60139
execute if entity @s[tag=aj.rakshasa_great_katana.locator_origin.rakshasa3] at @s on origin run tp @s ^3.01705 ^1.6408 ^0.48156 ~70.52445 ~-78.60139
execute if entity @s[tag=aj.rakshasa_great_katana.locator_origin.rakshasa4] at @s on origin run tp @s ^3.71469 ^1.78953 ^0.24161 ~70.52445 ~-78.60139
execute if entity @s[tag=aj.rakshasa_great_katana.locator_origin.rakshasa5] at @s on origin run tp @s ^4.41234 ^1.93826 ^0.00166 ~70.52445 ~-78.60139
execute if entity @s[tag=aj.rakshasa_great_katana.bone.rakshasa_great_katana] run data modify entity @s {} merge value {transformation:[-0.610495547073853f,1.3637926605204804f,0.2833704181654215f,1.5109506689633072f,-0.022422932697292487f,0.2997301822578953f,-1.4908363618152998f,1.3100207104560424f,-1.3927406172256298f,-0.6026320807357487f,-0.10021065899320557f,1.143655458447599f,0f,0f,0f,1f],start_interpolation:0}
execute if entity @s[tag=aj.rakshasa_great_katana.bone.left_arm2] run data modify entity @s {} merge value {transformation:[-0.16537778705503578f,-0.9255727894079092f,0.34053663394184447f,0.7467550210951288f,0.9791159211832998f,-0.19548619734708192f,-0.05583152811947847f,1.0708552143476031f,0.11824635484511811f,0.32419154547032886f,0.9385721290403858f,1.5340195840598185f,0f,0f,0f,1f],start_interpolation:0}
execute if entity @s[tag=aj.rakshasa_great_katana.bone.left_arm] run data modify entity @s {} merge value {transformation:[-0.16537778705503578f,-0.9309212442781625f,0.3256314243134059f,0.4933524866437088f,0.9791159211832998f,-0.19456454701299586f,-0.058963123484141275f,1.1446035677422666f,0.11824635484511811f,0.3090797211031903f,0.9436564658648914f,1.6260703086912558f,0f,0f,0f,1f],start_interpolation:0}
execute if entity @s[tag=aj.rakshasa_great_katana.bone.head] run data modify entity @s {} merge value {transformation:[0.9658483665228508f,-0.1638717555168944f,-0.20070620475947576f,0.536874257811928f,0.14839606049116036f,0.9848270273102782f,-0.08996852510686429f,1.2727606029631306f,0.2124041951465302f,0.05711194291049651f,0.9755114985796648f,1.4290361942395209f,0f,0f,0f,1f],start_interpolation:0}
execute if entity @s[tag=aj.rakshasa_great_katana.bone.body_top] run data modify entity @s {} merge value {transformation:[0.7121541010353082f,0.007011466461113565f,0.7019881592424884f,0.5341134928928645f,0.1518174862430176f,0.9747495975496309f,-0.16375186395178465f,0.8889529489279634f,-0.6854108164082645f,0.22319063917399698f,0.6931074601644824f,1.3411548800647595f,0f,0f,0f,1f],start_interpolation:0}
execute if entity @s[tag=aj.rakshasa_great_katana.locator_origin.player_camera] at @s on origin run tp @s ^0.57098 ^-0.09603 ^1.16128 ~134.63528 ~-9.42474
execute if entity @s[tag=aj.rakshasa_great_katana.bone.body] run data modify entity @s {} merge value {transformation:[0.7121541010353082f,0.007011466461113565f,0.7019881592424884f,0.5310459763161273f,0.1518174862430176f,0.9747495975496309f,-0.16375186395178465f,0.4624999999999999f,-0.6854108164082645f,0.22319063917399698f,0.6931074601644824f,1.2435089754261357f,0f,0f,0f,1f],start_interpolation:0}
execute if entity @s[tag=aj.rakshasa_great_katana.bone.right_leg2] run data modify entity @s {} merge value {transformation:[0.790465861512731f,-0.0676354371749538f,0.608760354672583f,0.8563731659692808f,0.07320024928899266f,0.9971930121809005f,0.015742298485662942f,0.4618413227996577f,-0.6081163090124828f,0.03211766018462864f,0.7931979643300275f,1.4428903001889768f,0f,0f,0f,1f],start_interpolation:0}
execute if entity @s[tag=aj.rakshasa_great_katana.bone.right_leg] run data modify entity @s {} merge value {transformation:[0.790465861512731f,-0.5610196505507588f,0.24580617054671522f,0.6547567290526018f,0.07320024928899266f,0.484963275687909f,0.8714656302678164f,0.636125f,-0.6081163090124828f,-0.6708707572475925f,0.4244136917950182f,1.2017961218031232f,0f,0f,0f,1f],start_interpolation:0}
execute if entity @s[tag=aj.rakshasa_great_katana.bone.left_leg2] run data modify entity @s {} merge value {transformation:[0.9290297889208815f,0.3483843907767218f,0.1246273146655883f,0.31174959324080853f,-0.05564689412307594f,0.4645521044524882f,-0.8837956581830552f,0.33364789981952614f,-0.3657964932473769f,0.814137370786956f,0.45096925284993095f,1.0733124664236207f,0f,0f,0f,1f],start_interpolation:0}
execute if entity @s[tag=aj.rakshasa_great_katana.bone.left_leg] run data modify entity @s {} merge value {transformation:[0.9290297889208815f,0.32913678518851686f,0.16903439866900238f,0.43003312541793176f,-0.05564689412307594f,0.5759362787630575f,-0.8155984465280798f,0.5406249999999999f,-0.3657964932473769f,0.748309013336289f,0.5533773993285163f,1.3422360180913495f,0f,0f,0f,1f],start_interpolation:0}