execute if entity @s[tag=aj.rakshasa_great_katana.bone.right_arm2] run data modify entity @s {} merge value {transformation:[0.45266253168185844f,0.890993444897022f,-0.03503303529395896f,0.0439283610400549f,-0.1355644083595291f,0.10759817160394855f,0.9849085869529304f,1.3439069099115786f,0.8813165853412162f,-0.44108198174265106f,0.16949265997226592f,0.07558584056707383f,0f,0f,0f,1f],start_interpolation:0}
execute if entity @s[tag=aj.rakshasa_great_katana.bone.right_arm] run data modify entity @s {} merge value {transformation:[0.5650879226278729f,0.8242865558397804f,-0.03503303529395896f,0.25f,-0.12036025642393289f,0.12437236035368571f,0.9849085869529304f,1.375f,0.8162040482463195f,-0.5523433622682954f,0.16949265997226592f,-0.06250000000000001f,0f,0f,0f,1f],start_interpolation:0}
execute if entity @s[tag=aj.rakshasa_great_katana.bone.slash] run data modify entity @s {} merge value {transformation:[0.00004166666666666667f,0f,0f,-0.309369375f,0f,-0.00003776282445986042f,0.00001760909423919581f,1.035568187286069f,0f,-0.00001760909423919581f,-0.00003776282445986042f,-0.9887497664741371f,0f,0f,0f,1f],start_interpolation:0}
execute if entity @s[tag=aj.rakshasa_great_katana.bone.bone0] run data modify entity @s {} merge value {transformation:[1.1818072105705532e-16f,1.6153222592934508e-16f,-1f,-0.30936749999999974f,0.9063077870366498f,0.4226182617406995f,1.978506183659328e-16f,2.3212970874906f,0.4226182617406994f,-0.9063077870366498f,-3.0240298534778365e-17f,-1.537711679425795f,0f,0f,0f,1f],start_interpolation:0}
execute if entity @s[tag=aj.rakshasa_great_katana.bone.bone1] run data modify entity @s {} merge value {transformation:[1.251141759321098e-16f,1.5622351239196867e-16f,-1f,-0.30936749999999963f,0.9238795325112866f,0.3826834323650899f,1.978506183659328e-16f,2.648861283564856f,0.3826834323650898f,-0.9238795325112866f,-3.0240298534778365e-17f,-2.2853923017029425f,0f,0f,0f,1f],start_interpolation:0}
execute if entity @s[tag=aj.rakshasa_great_katana.bone.bone2] run data modify entity @s {} merge value {transformation:[1.318094688622526e-16f,1.506174185195901e-16f,-1f,-0.3093674999999995f,0.9396926207859082f,0.3420201433256689f,1.978506183659328e-16f,2.8831267044172835f,0.34202014332566877f,-0.9396926207859082f,-3.0240298534778365e-17f,-2.8735715801037554f,0f,0f,0f,1f],start_interpolation:0}
execute if entity @s[tag=aj.rakshasa_great_katana.bone.bone3] run data modify entity @s {} merge value {transformation:[1.6630082656054161e-16f,1.1137045357066282e-16f,-1f,-0.30936749999999946f,0.9961946980917454f,0.08715574274765836f,1.978506183659328e-16f,2.9588009542875815f,0.08715574274765825f,-0.9961946980917453f,-3.0240298534778365e-17f,-3.1463339140178617f,0f,0f,0f,1f],start_interpolation:0}
execute if entity @s[tag=aj.rakshasa_great_katana.bone.bone7] run data modify entity @s {} merge value {transformation:[1.9452683385949508e-16f,-0.08715574274765812f,-0.9961946980917455f,-0.2938812499999994f,0.9537169507482269f,-0.29956152315159623f,0.026208237304323492f,2.977052761484174f,-0.30070579950427306f,-0.95008776981561f,0.08312190921349341f,-3.367253878030657f,0f,0f,0f,1f],start_interpolation:0}
execute if entity @s[tag=aj.rakshasa_great_katana.bone.bone10] run data modify entity @s {} merge value {transformation:[-0.1305261922200514f,9.645258331273373e-17f,-0.9914448613738104f,-0.28740812499999946f,0.9914448613738104f,1.1102230246251565e-16f,-0.13052619222005138f,2.989349011484174f,5.1089094617832814e-17f,-1f,-3.722724778468349e-17f,-3.295965128030657f,0f,0f,0f,1f],start_interpolation:0}
execute if entity @s[tag=aj.rakshasa_great_katana.bone.bone4] run data modify entity @s {} merge value {transformation:[0.13052619222005174f,9.645258331273373e-17f,-0.9914448613738104f,-0.28154874999999946f,0.9914448613738104f,1.1102230246251565e-16f,0.13052619222005177f,2.991302136484174f,5.898339665651726e-17f,-1f,-2.2735929392748465e-17f,-3.295965128030657f,0f,0f,0f,1f],start_interpolation:0}
execute if entity @s[tag=aj.rakshasa_great_katana.bone.bone11] run data modify entity @s {} merge value {transformation:[0.2164396139381031f,0.04258543371779524f,-0.9753667896506382f,-0.2938812499999994f,0.9311100509380921f,-0.30942360100341687f,0.1931090577475378f,2.977052761484174f,-0.29357787137382907f,-0.9499702711017569f,-0.1066232501027142f,-3.367253878030657f,0f,0f,0f,1f],start_interpolation:0}
execute if entity @s[tag=aj.rakshasa_great_katana.bone.bone5] run data modify entity @s {} merge value {transformation:[1.753745763089812e-16f,9.645258331273373e-17f,-1f,-0.3025781249999994f,1f,1.1102230246251565e-16f,1.978506183659328e-16f,3.004497136484174f,5.551115123125783e-17f,-1f,-3.0240298534778365e-17f,-3.262762003030657f,0f,0f,0f,1f],start_interpolation:0}
execute if entity @s[tag=aj.rakshasa_great_katana.bone.bone8] run data modify entity @s {} merge value {transformation:[1.6630082656054161e-16f,0.38268343236508984f,-0.9238795325112867f,-0.3338837499999995f,0.9961946980917454f,0.08052140686538044f,0.033353058785002845f,2.9915696544766375f,0.08715574274765825f,-0.9203638919632241f,-0.3812272063696535f,-3.2746909688265857f,0f,0f,0f,1f],start_interpolation:0}
execute if entity @s[tag=aj.rakshasa_great_katana.bone.bone9] run data modify entity @s {} merge value {transformation:[0.9999999999999999f,1.7010130019978312e-16f,-9.693042899292151e-17f,-0.29663624999999944f,-8.946483486517075e-19f,0.3826834323650899f,0.9238795325112865f,3.0065301007736487f,1.3276908693523254e-16f,-0.9238795325112866f,0.3826834323650897f,-3.2865103393199684f,0f,0f,0f,1f],start_interpolation:0}
execute if entity @s[tag=aj.rakshasa_great_katana.bone.bone6] run data modify entity @s {} merge value {transformation:[1.6630082656054161e-16f,0.30070579950427323f,-0.9537169507482269f,-0.2909149999999994f,0.9961946980917453f,0.08312190921349366f,0.02620823730432354f,2.9915696544766375f,0.08715574274765825f,-0.9500877698156099f,-0.29956152315159634f,-3.2746909688265857f,0f,0f,0f,1f],start_interpolation:0}
execute if entity @s[tag=aj.rakshasa_great_katana.locator_origin.rakshasa0] at @s on origin run tp @s ^-0.30937 ^1.29761 ^0.4533 ~-90 ~0
execute if entity @s[tag=aj.rakshasa_great_katana.locator_origin.rakshasa1] at @s on origin run tp @s ^-0.30937 ^1.64392 ^-0.21196 ~-90 ~0
execute if entity @s[tag=aj.rakshasa_great_katana.locator_origin.rakshasa2] at @s on origin run tp @s ^-0.30937 ^1.99023 ^-0.87722 ~-90 ~0
execute if entity @s[tag=aj.rakshasa_great_katana.locator_origin.rakshasa3] at @s on origin run tp @s ^-0.30937 ^2.33655 ^-1.54248 ~-90 ~0
execute if entity @s[tag=aj.rakshasa_great_katana.locator_origin.rakshasa4] at @s on origin run tp @s ^-0.30937 ^2.62742 ^-2.23659 ~-90 ~0
execute if entity @s[tag=aj.rakshasa_great_katana.locator_origin.rakshasa5] at @s on origin run tp @s ^-0.30937 ^2.91829 ^-2.93071 ~-90 ~0
execute if entity @s[tag=aj.rakshasa_great_katana.bone.rakshasa_great_katana] run data modify entity @s {} merge value {transformation:[1.6884641832840924e-16f,2.5326962749261384e-16f,-1.5208333333333335f,-0.309369375f,1.348995642125212f,0.7022426826282809f,3.008978154315228e-16f,1.5644510873552004f,0.7022426826282808f,-1.348995642125212f,-4.59904540216421e-17f,-0.052516420553119f,0f,0f,0f,1f],start_interpolation:0}
execute if entity @s[tag=aj.rakshasa_great_katana.bone.left_arm2] run data modify entity @s {} merge value {transformation:[1f,0f,0f,-0.375f,0f,-0.9063077870366499f,0.42261826174069944f,1.214303097578365f,0f,-0.42261826174069944f,-0.9063077870366499f,0.12901111077974448f,0f,0f,0f,1f],start_interpolation:0}
execute if entity @s[tag=aj.rakshasa_great_katana.bone.left_arm] run data modify entity @s {} merge value {transformation:[1f,0f,0f,-0.25f,0f,0.6427876096865393f,0.766044443118978f,1.375f,0f,-0.766044443118978f,0.6427876096865393f,-0.06250000000000001f,0f,0f,0f,1f],start_interpolation:0}
execute if entity @s[tag=aj.rakshasa_great_katana.bone.head] run data modify entity @s {} merge value {transformation:[1f,0f,0f,0f,0f,1f,0f,1.51875f,0f,0f,1f,-0.06250000000000001f,0f,0f,0f,1f],start_interpolation:0}
execute if entity @s[tag=aj.rakshasa_great_katana.bone.body_top] run data modify entity @s {} merge value {transformation:[1f,0f,0f,0f,0f,1f,0f,1.125f,0f,0f,1f,-0.06250000000000001f,0f,0f,0f,1f],start_interpolation:0}
execute if entity @s[tag=aj.rakshasa_great_katana.locator_origin.player_camera] at @s on origin run tp @s ^0 ^0.125 ^0 ~-180 ~0
execute if entity @s[tag=aj.rakshasa_great_katana.bone.body] run data modify entity @s {} merge value {transformation:[1f,0f,0f,0f,0f,1f,0f,0.6875f,0f,0f,1f,-0.06250000000000001f,0f,0f,0f,1f],start_interpolation:0}
execute if entity @s[tag=aj.rakshasa_great_katana.bone.right_leg2] run data modify entity @s {} merge value {transformation:[0.9961946980917455f,-0.08418598282936918f,0.02255756611314983f,0.15605363446229403f,0.08715574274765817f,0.9622501868990582f,-0.2578341604962995f,0.4106803339051469f,0f,0.25881904510252074f,0.9659258262890682f,-0.10940785032908106f,0f,0f,0f,1f],start_interpolation:0}
execute if entity @s[tag=aj.rakshasa_great_katana.bone.right_leg] run data modify entity @s {} merge value {transformation:[0.9961946980917455f,-0.08641011328638343f,0.011376107230962197f,0.125f,0.08715574274765817f,0.9876721143508955f,-0.13002950065171945f,0.765625f,0f,0.1305261922200516f,0.9914448613738104f,-0.06250000000000001f,0f,0f,0f,1f],start_interpolation:0}
execute if entity @s[tag=aj.rakshasa_great_katana.bone.left_leg2] run data modify entity @s {} merge value {transformation:[0.9961946983606114f,0.08189962385593236f,-0.029808967953744984f,-0.15605363589425594f,-0.08418599352884862f,0.9927407268478525f,-0.08589858992531801f,0.4106341358833167f,0.022557514308346613f,0.08808121746350966f,0.9958578501364412f,-0.01594305941712363f,0f,0f,0f,1f],start_interpolation:0}
execute if entity @s[tag=aj.rakshasa_great_katana.bone.left_leg] run data modify entity @s {} merge value {transformation:[0.9961946983606114f,0.08641011727097306f,-0.011376053420553435f,-0.125f,-0.08418599352884862f,0.9878006653681621f,0.13100596929826033f,0.765625f,0.022557514308346613f,-0.12954974770887343f,0.9913163074502487f,-0.06250000000000001f,0f,0f,0f,1f],start_interpolation:0}