execute if entity @s[tag=aj.rakshasa_great_katana.bone.right_arm2] run data modify entity @s {} merge value {transformation:[0.3404862499827602f,0.9399526884201211f,-0.023623232303473112f,-0.13252994000079116f,-0.2803795747850579f,0.1254813037772122f,0.951652108937778f,1.0779292356140624f,0.8974722322256146f,-0.31740098603211253f,0.3062681936633564f,0.9768560161609454f,0f,0f,0f,1f],start_interpolation:0}
execute if entity @s[tag=aj.rakshasa_great_katana.bone.right_arm] run data modify entity @s {} merge value {transformation:[0.46026178820032526f,0.8874688891550931f,-0.023623232303473112f,0.08933728228798213f,-0.26160229187797257f,0.16100467210137395f,0.951652108937778f,1.1181804036394059f,0.8483650907521072f,-0.4318292096921579f,0.3062681936633564f,0.868898713737906f,0f,0f,0f,1f],start_interpolation:0}
execute if entity @s[tag=aj.rakshasa_great_katana.bone.slash] run data modify entity @s {} merge value {transformation:[0.00003989645062248971f,0.000012016001816438064f,6.2598491155953235e-9f,-0.21136164178163633f,-4.889660480370987e-7f,0.0000016018134669816091f,0.00004163299433060243f,1.9376837637870916f,0.000012006050601351839f,-0.00003986428232234296f,0.0000016747701315182747f,0.3977034847897969f,0f,0f,0f,1f],start_interpolation:0}
execute if entity @s[tag=aj.rakshasa_great_katana.bone.bone0] run data modify entity @s {} merge value {transformation:[-0.28824264218957474f,0.009030968633779897f,-0.9575148149397525f,-0.46553008868290535f,-0.007655118243641824f,0.9999018374791111f,0.011735185152890695f,3.007291652026468f,0.9575268029607571f,0.010712469903455604f,-0.2881452144324439f,1.2858805642244302f,0f,0f,0f,1f],start_interpolation:0}
execute if entity @s[tag=aj.rakshasa_great_katana.bone.bone1] run data modify entity @s {} merge value {transformation:[-0.28757437374442935f,0.02159534061761435f,-0.9575148149397525f,-0.4526520721701041f,0.0359672733090034f,0.9992840640579345f,0.011735185152890695f,3.8234212120344186f,0.9570827209892647f,-0.03106445852524052f,-0.2881452144324439f,1.2763247570664698f,0f,0f,0f,1f],start_interpolation:0}
execute if entity @s[tag=aj.rakshasa_great_katana.bone.bone2] run data modify entity @s {} merge value {transformation:[-0.28635869113420254f,0.03411860464318424f,-0.9575148149397525f,-0.43649249901248993f,0.07952119911265873f,0.9967640966252304f,0.011735185152890695f,4.4557130358242265f,0.9548167776613433f,-0.07278225399154543f,-0.2881452144324439f,1.2483771505287455f,0f,0f,0f,1f],start_interpolation:0}
execute if entity @s[tag=aj.rakshasa_great_katana.bone.bone3] run data modify entity @s {} merge value {transformation:[-0.26777071067488134f,0.10707112437795976f,-0.9575148149397525f,-0.4205130601411969f,0.33479311164141123f,0.9422185828282567f,0.011735185152890695f,4.735230996067028f,0.9034447514386977f,-0.3174270254681391f,-0.2881452144324439f,1.2066608427970484f,0f,0f,0f,1f],start_interpolation:0}
execute if entity @s[tag=aj.rakshasa_great_katana.bone.bone7] run data modify entity @s {} merge value {transformation:[-0.2064135336143773f,0.1171729618396187f,-0.9714236718108931f,-0.38166321090208666f,0.669879944786154f,0.7405745080873106f,-0.053011862300211564f,4.943551970935795f,0.7132000509773715f,-0.6616796014575097f,-0.23135641832658527f,1.1397904939999637f,0f,0f,0f,1f],start_interpolation:0}
execute if entity @s[tag=aj.rakshasa_great_katana.bone.bone10] run data modify entity @s {} merge value {transformation:[-0.3801983987746752f,0.13000144159898291f,-0.9157231037553653f,-0.3878980375173494f,0.41361478396071755f,0.9094540143451206f,-0.042616971744523835f,4.8837529673677045f,0.8272677849755191f,-0.39495951814550684f,-0.39954347819476094f,1.180538390844239f,0f,0f,0f,1f],start_interpolation:0}
execute if entity @s[tag=aj.rakshasa_great_katana.bone.bone4] run data modify entity @s {} merge value {transformation:[-0.13023687319792873f,0.13000144159898291f,-0.9829231821672602f,-0.38279037238861374f,0.4105512858947093f,0.9094540143451206f,0.06588654977873126f,4.884496001210933f,0.9024887802681135f,-0.39495951814550684f,-0.17181670616224148f,1.1839305332788612f,0f,0f,0f,1f],start_interpolation:0}
execute if entity @s[tag=aj.rakshasa_great_katana.bone.bone11] run data modify entity @s {} merge value {transformation:[0.005723428202341396f,0.24392548049444066f,-0.9697770889927071f,-0.38166321090208666f,0.6514611564004598f,0.7348460486582588f,0.1886786857933859f,4.943551970935795f,0.7586604010168108f,-0.6328519927573114f,-0.15470213699917662f,1.1397904939999637f,0f,0f,0f,1f],start_interpolation:0}
execute if entity @s[tag=aj.rakshasa_great_katana.bone.bone5] run data modify entity @s {} merge value {transformation:[-0.25741989890658756f,0.13000144159898291f,-0.9575148149397525f,-0.410639420181701f,0.4156388831918544f,0.9094540143451206f,0.011735185152890695f,4.860030424563871f,0.8723412832291901f,-0.39495951814550684f,-0.2881452144324439f,1.2024954529932401f,0f,0f,0f,1f],start_interpolation:0}
execute if entity @s[tag=aj.rakshasa_great_katana.bone.bone8] run data modify entity @s {} merge value {transformation:[-0.26777071067488134f,0.4653458762573355f,-0.8436539942150227f,-0.4357364460483968f,0.33479311164141123f,0.8660056028930687f,0.37141333868787385f,4.865873483515571f,0.9034447514386977f,-0.18299593221737026f,-0.387685529636799f,1.1774862521385623f,0f,0f,0f,1f],start_interpolation:0}
execute if entity @s[tag=aj.rakshasa_great_katana.bone.bone9] run data modify entity @s {} merge value {transformation:[0.9575148149397523f,0.02159534061761436f,-0.28757437374442957f,-0.40238599434937034f,-0.011735185152890706f,0.9992840640579345f,0.03596727330900339f,4.882403694339769f,0.28814521443244406f,-0.031064458525240504f,0.9570827209892645f,1.1966013830587017f,0f,0f,0f,1f],start_interpolation:0}
execute if entity @s[tag=aj.rakshasa_great_katana.bone.bone6] run data modify entity @s {} merge value {transformation:[-0.26777071067488134f,0.3900458042185763f,-0.8810012015406977f,-0.3945932313439543f,0.3347931116414112f,0.8950809955195499f,0.29452263725763483f,4.865369237278532f,0.9034447514386977f,-0.21608859773531508f,-0.37026112275886447f,1.1898674918212064f,0f,0f,0f,1f],start_interpolation:0}
execute if entity @s[tag=aj.rakshasa_great_katana.locator_origin.rakshasa0] at @s on origin run tp @s ^-0.46085 ^0.77108 ^1.17924 ~-73.25187 ~0.67239
execute if entity @s[tag=aj.rakshasa_great_katana.locator_origin.rakshasa1] at @s on origin run tp @s ^-0.46351 ^1.52004 ^1.2186 ~-73.25187 ~0.67239
execute if entity @s[tag=aj.rakshasa_great_katana.locator_origin.rakshasa2] at @s on origin run tp @s ^-0.46618 ^2.269 ^1.25795 ~-73.25187 ~0.67239
execute if entity @s[tag=aj.rakshasa_great_katana.locator_origin.rakshasa3] at @s on origin run tp @s ^-0.46884 ^3.01796 ^1.2973 ~-73.25187 ~0.67239
execute if entity @s[tag=aj.rakshasa_great_katana.locator_origin.rakshasa4] at @s on origin run tp @s ^-0.45348 ^3.77013 ^1.27689 ~-73.25187 ~0.67239
execute if entity @s[tag=aj.rakshasa_great_katana.locator_origin.rakshasa5] at @s on origin run tp @s ^-0.43812 ^4.5223 ^1.25648 ~-73.25187 ~0.67239
execute if entity @s[tag=aj.rakshasa_great_katana.bone.rakshasa_great_katana] run data modify entity @s {} merge value {transformation:[-0.43855088291531286f,-0.005399862183039644f,-1.4562204477208738f,-0.4637821878898961f,-0.0779623846371748f,1.5187288664021183f,0.0178472607533546f,1.3420002575173449f,1.454142021074167f,0.07979661410810099f,-0.4382208469493418f,1.2122440167835022f,0f,0f,0f,1f],start_interpolation:0}
execute if entity @s[tag=aj.rakshasa_great_katana.bone.left_arm2] run data modify entity @s {} merge value {transformation:[0.9575148149397528f,0.2883840435945135f,0.00015023637877428775f,-0.4572884116054665f,-0.01173518515289037f,0.038443523207558616f,0.9991918639344582f,0.9773252178396468f,0.28814521443244406f,-0.956742775736231f,0.04019448315643859f,0.9480437549174507f,0f,0f,0f,1f],start_interpolation:0}
execute if entity @s[tag=aj.rakshasa_great_katana.bone.left_arm] run data modify entity @s {} merge value {transformation:[0.9575148149397528f,0.24330135742401784f,-0.15482192560009733f,-0.27677372038199294f,-0.01173518515289037f,0.5692883357754814f,0.8220541808052616f,1.1181804036394059f,0.28814521443244406f,-0.7853121928415557f,0.5479572019547404f,0.7877338585111173f,0f,0f,0f,1f],start_interpolation:0}
execute if entity @s[tag=aj.rakshasa_great_katana.bone.head] run data modify entity @s {} merge value {transformation:[0.9762960071199336f,-0.018863955312791746f,-0.21561599586216257f,-0.042055636630347254f,0f,0.9961946980917455f,-0.08715574274765811f,1.2552772153094636f,0.21643961393810307f,0.08508980364211069f,0.9725809060610189f,0.884045581005631f,0f,0f,0f,1f],start_interpolation:0}
execute if entity @s[tag=aj.rakshasa_great_katana.bone.body_top] run data modify entity @s {} merge value {transformation:[0.9762960071199336f,-0.06508464715365349f,-0.2064221286261711f,-0.016428556813596194f,0f,0.9537169507482269f,-0.30070579950427306f,0.8797511659523491f,0.21643961393810307f,0.29357787137382907f,0.9311100509380923f,0.7684492941521858f,0f,0f,0f,1f],start_interpolation:0}
execute if entity @s[tag=aj.rakshasa_great_katana.locator_origin.player_camera] at @s on origin run tp @s ^0.03575 ^-0.09276 ^0.53307 ~-167.5 ~-17.5
execute if entity @s[tag=aj.rakshasa_great_katana.bone.body] run data modify entity @s {} merge value {transformation:[0.9762960071199336f,-0.06508464715365349f,-0.2064221286261711f,0.012045976316127208f,0f,0.9537169507482269f,-0.30070579950427306f,0.4624999999999999f,0.21643961393810307f,0.29357787137382907f,0.9311100509380923f,0.6400089754261356f,0f,0f,0f,1f],start_interpolation:0}
execute if entity @s[tag=aj.rakshasa_great_katana.bone.right_leg2] run data modify entity @s {} merge value {transformation:[0.9725809060610189f,-0.2312743811241954f,-0.02446511396148529f,0.19375024261441942f,0.08715574274765817f,0.45999152035595703f,-0.883635489162086f,0.3352803513844498f,0.21561599586216254f,0.8572747294982139f,0.4675358601135665f,0.3573853368237264f,0f,0f,0f,1f],start_interpolation:0}
execute if entity @s[tag=aj.rakshasa_great_katana.bone.right_leg] run data modify entity @s {} merge value {transformation:[0.9725809060610189f,-0.22610245856536942f,-0.05444317584622946f,0.1124946715674898f,0.08715574274765817f,0.5713938048432698f,-0.8160349234517081f,0.5406249999999999f,0.21561599586216254f,0.788914949799677f,0.5754328321454568f,0.6409016469079853f,0f,0f,0f,1f],start_interpolation:0}
execute if entity @s[tag=aj.rakshasa_great_katana.bone.left_leg2] run data modify entity @s {} merge value {transformation:[0.8740812053345082f,-0.025136037910014453f,-0.4851290818732271f,-0.27709379419590563f,-0.002110705530725898f,0.9984544557880591f,-0.055535976079774674f,0.3991468670529513f,0.48577524782880455f,0.049566917547463674f,0.8726772194125998f,0.9037708600904417f,0f,0f,0f,1f],start_interpolation:0}
execute if entity @s[tag=aj.rakshasa_great_katana.bone.left_leg] run data modify entity @s {} merge value {transformation:[0.8740812053345082f,0.44727518707629166f,-0.18954406745356672f,-0.11635427384036329f,-0.002110705530725898f,0.3936782829830917f,0.9192458617963136f,0.5406249999999999f,0.48577524782880455f,-0.80309545916619f,0.34505085431499877f,0.6151584294525921f,0f,0f,0f,1f],start_interpolation:0}