execute if entity @s[tag=aj.rakshasa_great_katana.bone.right_arm2] run data modify entity @s {} merge value {transformation:[-0.4602599135041185f,0.8697769339491203f,0.177901369278735f,-1.1200517005323936f,0.04536982590350182f,-0.17708193991439486f,0.983149818417132f,1.1417351247278291f,0.8866241542607936f,0.46057580453843006f,0.04204209027998794f,2.3212971915823633f,0f,0f,0f,1f],start_interpolation:0}
execute if entity @s[tag=aj.rakshasa_great_katana.bone.right_arm] run data modify entity @s {} merge value {transformation:[-0.2472691829943296f,0.9524752248484303f,0.177901369278735f,-0.8819328943202861f,0.0033089706083834214f,-0.18277167521219548f,0.983149818417132f,1.0960422059247803f,0.9689411756421696f,0.24369132276316235f,0.04204209027998794f,2.3822200222731538f,0f,0f,0f,1f],start_interpolation:0}
execute if entity @s[tag=aj.rakshasa_great_katana.bone.slash] run data modify entity @s {} merge value {transformation:[0.000007170509036326747f,-4.872396605467287f,-2.3328649760437776f,-3.2612091911143333f,0.00004102929708215386f,0.7570214501574044f,0.5030845594372051f,1.5316431350274522f,0.0000011365263813167445f,3.4117165916619627f,-3.443278149696362f,1.6643349765154705f,0f,0f,0f,1f],start_interpolation:0}
execute if entity @s[tag=aj.rakshasa_great_katana.bone.bone0] run data modify entity @s {} merge value {transformation:[0.8121057611091668f,-0.5590713888111467f,0.16710300711261028f,-2.7447443078616276f,-0.1261452511168206f,0.11139269416390862f,0.9857378167178029f,1.473193522921198f,-0.5697118643612542f,-0.8216026106942956f,0.019938447942169635f,0.22547087249000342f,0f,0f,0f,1f],start_interpolation:0}
execute if entity @s[tag=aj.rakshasa_great_katana.bone.bone1] run data modify entity @s {} merge value {transformation:[0.7869464648990643f,-0.5939628325045172f,0.16710300711261028f,-3.2165009335205164f,-0.12116630771285253f,0.11678905157442687f,0.9857378167178029f,1.5665075946655163f,-0.6050074274404413f,-0.7959701445629461f,0.019938447942169635f,-0.4341220213770782f,0f,0f,0f,1f],start_interpolation:0}
execute if entity @s[tag=aj.rakshasa_great_katana.bone.bone2] run data modify entity @s {} merge value {transformation:[0.7602891713659133f,-0.6277236341875748f,0.16710300711261028f,-3.5993226340413593f,-0.11595671735551033f,0.12196309438741744f,0.9857378167178029f,1.6414901436963376f,-0.6391513244951215f,-0.7688225040214356f,0.019938447942169635f,-0.9327805356916707f,0f,0f,0f,1f],start_interpolation:0}
execute if entity @s[tag=aj.rakshasa_great_katana.bone.bone3] run data modify entity @s {} merge value {transformation:[0.5719161144815388f,-0.8031117873685225f,0.16710300711261028f,-3.793325992784508f,-0.08043921639828927f,0.1478191095821139f,0.9857378167178029f,1.6784793859792284f,-0.8163586775808594f,-0.577200976984697f,0.019938447942169635f,-1.1355621316204378f,0f,0f,0f,1f],start_interpolation:0}
execute if entity @s[tag=aj.rakshasa_great_katana.bone.bone7] run data modify entity @s {} merge value {transformation:[0.2210440171198273f,-0.9426210862053521f,0.2502099724962463f,-3.9745527646537986f,-0.017748221417591054f,0.2526257003221115f,0.9674012901445167f,1.6960673107129325f,-0.9751023244419237f,-0.2182790493332f,0.03911155187604611f,-1.2629438609453947f,0f,0f,0f,1f],start_interpolation:0}
execute if entity @s[tag=aj.rakshasa_great_katana.bone.bone10] run data modify entity @s {} merge value {transformation:[0.5172799367201155f,-0.8499014782985006f,0.10044373675275668f,-3.9089010521767045f,0.06199009881153711f,0.1542673528935771f,0.9860825581463983f,1.677862059051124f,-0.8535682132765782f,-0.5038542061124749f,0.13248488316256452f,-1.2377723204950017f,0f,0f,0f,1f],start_interpolation:0}
execute if entity @s[tag=aj.rakshasa_great_katana.bone.bone4] run data modify entity @s {} merge value {transformation:[0.47365729826625713f,-0.8499014782985006f,0.2309030986910608f,-3.908904108865524f,-0.1953391086754267f,0.1542673528935771f,0.968526827947011f,1.6719549041941706f,-0.8587731926539165f,-0.5038542061124749f,-0.0929491396504979f,-1.2395757851630438f,0f,0f,0f,1f],start_interpolation:0}
execute if entity @s[tag=aj.rakshasa_great_katana.bone.bone11] run data modify entity @s {} merge value {transformation:[0.1796366809644881f,-0.9691298788095182f,0.16887255801554021f,-3.9745527646537986f,-0.23068023019806433f,0.12538001320323938f,0.9649178636987318f,1.6960673107129325f,-0.9563039758611439f,-0.21229020299534493f,-0.20103625410448844f,-1.2629438609453947f,0f,0f,0f,1f],start_interpolation:0}
execute if entity @s[tag=aj.rakshasa_great_katana.bone.bone5] run data modify entity @s {} merge value {transformation:[0.4997439966622378f,-0.8499014782985006f,0.16710300711261028f,-3.870576530007737f,-0.06724983660670375f,0.1542673528935771f,0.9857378167178029f,1.6866748345980405f,-0.8635585662110161f,-0.5038542061124749f,0.019938447942169635f,-1.233821613158176f,0f,0f,0f,1f],start_interpolation:0}
execute if entity @s[tag=aj.rakshasa_great_katana.bone.bone8] run data modify entity @s {} merge value {transformation:[0.5719161144815388f,-0.8059260949887163f,-0.15295452727061967f,-3.881944143120455f,-0.08043921639828927f,-0.2406584812566805f,0.9672709175119749f,1.7202435940653658f,-0.8163586775808594f,-0.540894282476222f,-0.20246452707317472f,-1.2280442493475197f,0f,0f,0f,1f],start_interpolation:0}
execute if entity @s[tag=aj.rakshasa_great_katana.bone.bone9] run data modify entity @s {} merge value {transformation:[-0.16710300711261006f,-0.5939628325045172f,0.7869464648990643f,-3.8907372196084458f,-0.9857378167178028f,0.11678905157442686f,-0.12116630771285229f,1.6843445801670145f,-0.01993844794216975f,-0.7959701445629461f,-0.6050074274404413f,-1.2476613677780626f,0f,0f,0f,1f],start_interpolation:0}
execute if entity @s[tag=aj.rakshasa_great_katana.bone.bone6] run data modify entity @s {} merge value {transformation:[0.5719161144815388f,-0.8161901683124313f,-0.0821314017076594f,-3.8891243504573247f,-0.08043921639828927f,-0.1554394878247519f,0.9845649283262169f,1.6778876722532727f,-0.8163586775808593f,-0.5564819626680672f,-0.15455204548477255f,-1.228900979532535f,0f,0f,0f,1f],start_interpolation:0}
execute if entity @s[tag=aj.rakshasa_great_katana.locator_origin.rakshasa0] at @s on origin run tp @s ^-1.56416 ^1.23489 ^2.11266 ~96.80427 ~80.31169
execute if entity @s[tag=aj.rakshasa_great_katana.locator_origin.rakshasa1] at @s on origin run tp @s ^-1.9565 ^1.31423 ^1.47841 ~96.80427 ~80.31169
execute if entity @s[tag=aj.rakshasa_great_katana.locator_origin.rakshasa2] at @s on origin run tp @s ^-2.34884 ^1.39357 ^0.84415 ~96.80427 ~80.31169
execute if entity @s[tag=aj.rakshasa_great_katana.locator_origin.rakshasa3] at @s on origin run tp @s ^-2.74117 ^1.47291 ^0.2099 ~96.80427 ~80.31169
execute if entity @s[tag=aj.rakshasa_great_katana.locator_origin.rakshasa4] at @s on origin run tp @s ^-3.18574 ^1.56042 ^-0.39102 ~96.80427 ~80.31169
execute if entity @s[tag=aj.rakshasa_great_katana.locator_origin.rakshasa5] at @s on origin run tp @s ^-3.63031 ^1.64794 ^-0.99194 ~96.80427 ~80.31169
execute if entity @s[tag=aj.rakshasa_great_katana.bone.rakshasa_great_katana] run data modify entity @s {} merge value {transformation:[1.2709895677656762f,-0.7955718256169846f,0.25413582331709483f,-1.8607035934311704f,-0.19905285625402522f,0.16088028111062258f,1.4991429295916587f,1.2949759999087687f,-0.8111088131845903f,-1.286124812454843f,0.03032305624538299f,1.6273736346753656f,0f,0f,0f,1f],start_interpolation:0}
execute if entity @s[tag=aj.rakshasa_great_katana.bone.left_arm2] run data modify entity @s {} merge value {transformation:[0.1671030071126101f,0.8902229057940837f,0.42376852527466174f,-1.5258575007464903f,0.9857378167178029f,-0.15954152850034561f,-0.053548644951979446f,1.1664400141657587f,0.019938447942169688f,0.42667280049624906f,-0.9041862527213883f,1.8840820787484807f,0f,0f,0f,1f],start_interpolation:0}
execute if entity @s[tag=aj.rakshasa_great_katana.bone.left_arm] run data modify entity @s {} merge value {transformation:[0.1671030071126101f,0.8902229057940837f,0.42376852527466174f,-1.282413898408893f,0.9857378167178029f,-0.15954152850034561f,-0.053548644951979446f,1.2497718591303977f,0.019938447942169688f,0.42667280049624906f,-0.9041862527213883f,1.9932425848653141f,0f,0f,0f,1f],start_interpolation:0}
execute if entity @s[tag=aj.rakshasa_great_katana.bone.head] run data modify entity @s {} merge value {transformation:[0.994239549377003f,0.06585489631273045f,-0.08456270505520896f,-1.035910336305754f,-0.06675204800546339f,0.9977389262860505f,-0.00782298284768964f,1.2791635952102907f,0.08385632082133704f,0.013422652688588096f,0.9963874496665998f,2.2209522309204273f,0f,0f,0f,1f],start_interpolation:0}
execute if entity @s[tag=aj.rakshasa_great_katana.bone.body_top] run data modify entity @s {} merge value {transformation:[0.6127613495578537f,0.04534356153535894f,-0.7889660892049338f,-1.0537643636603016f,-0.17038534490198998f,0.9824524453657633f,-0.075868483822084f,0.8923229448475214f,0.7716815163852689f,0.18091753376088518f,0.6097347646700254f,2.1497159520020785f,0f,0f,0f,1f],start_interpolation:0}
execute if entity @s[tag=aj.rakshasa_great_katana.locator_origin.player_camera] at @s on origin run tp @s ^-1.14842 ^-0.09487 ^2.00691 ~-127.69784 ~-4.35112
execute if entity @s[tag=aj.rakshasa_great_katana.bone.body] run data modify entity @s {} merge value {transformation:[0.6127613495578537f,0.04534356153535894f,-0.7889660892049338f,-1.073602171832021f,-0.17038534490198998f,0.9824524453657633f,-0.075868483822084f,0.4624999999999999f,0.7716815163852689f,0.18091753376088518f,0.6097347646700254f,2.070564530981691f,0f,0f,0f,1f],start_interpolation:0}
execute if entity @s[tag=aj.rakshasa_great_katana.bone.right_leg2] run data modify entity @s {} merge value {transformation:[0.7622959306158869f,-0.5884129777045609f,-0.26958316311541286f,-0.8193532739853742f,-0.006726537578911895f,0.4092942378628814f,-0.9123776523701369f,0.3341855749704591f,0.6471936865101968f,0.6973151328639695f,0.30804534994095617f,2.0118660635233745f,0f,0f,0f,1f],start_interpolation:0}
execute if entity @s[tag=aj.rakshasa_great_katana.bone.right_leg] run data modify entity @s {} merge value {transformation:[0.7622959306158869f,-0.44045769659641987f,-0.474238264668126f,-0.9776427586997126f,-0.006726537578911895f,0.7272903807585289f,-0.6862969151528465f,0.5955555555555554f,0.6471936865101968f,0.5263513271238996f,0.5514477423802288f,2.201023571708526f,0f,0f,0f,1f],start_interpolation:0}
execute if entity @s[tag=aj.rakshasa_great_katana.bone.left_leg2] run data modify entity @s {} merge value {transformation:[0.5849534216333933f,0.04521793622334763f,-0.8098054289538242f,-1.4557982970859116f,0.004399119567784826f,0.9982531247283881f,0.058918135722694165f,0.4420883580945531f,0.8110549563786751f,-0.03802679599585973f,0.5837326618580421f,2.2320163976811664f,0f,0f,0f,1f],start_interpolation:0}
execute if entity @s[tag=aj.rakshasa_great_katana.bone.left_leg] run data modify entity @s {} merge value {transformation:[0.5849534216333933f,0.72392104170824f,-0.3657428330007886f,-1.1956391727220128f,0.004399119567784826f,0.4481019600847216f,0.8939716332833268f,0.6031249999999999f,0.8110549563786751f,-0.5245407121857059f,0.25893415957207816f,2.043509579239428f,0f,0f,0f,1f],start_interpolation:0}