execute if entity @s[tag=aj.rakshasa_great_katana.bone.right_arm2] run data modify entity @s {} merge value {transformation:[0.9226252936347294f,0.38414751681722115f,-0.03454349242031899f,0.25759448171023147f,0.042997202243385345f,-0.013437237981721115f,0.9989848253275246f,1.1070814164817508f,0.38329337085928233f,-0.9231739413342356f,-0.028914804110409476f,1.4025346929465448f,0f,0f,0f,1f],start_interpolation:0}
execute if entity @s[tag=aj.rakshasa_great_katana.bone.right_arm] run data modify entity @s {} merge value {transformation:[0.9965587780792392f,0.07534818487940842f,-0.03454349242031899f,0.2764315279300836f,0.03661203902049215f,-0.02624647336496755f,0.9989848253275246f,1.100519798140509f,0.0743650484567589f,-0.9968118045404969f,-0.028914804110409476f,1.1533317418114206f,0f,0f,0f,1f],start_interpolation:0}
execute if entity @s[tag=aj.rakshasa_great_katana.bone.slash] run data modify entity @s {} merge value {transformation:[-0.000007329095284421429f,-5.926098406741862f,-2.5630486352024384f,-1.8073409360196508f,0.00004093240054141453f,-0.7899485020300478f,-0.6991911598694913f,0.7818671307371199f,0.0000026332602112571207f,-4.21471882962391f,3.73481697811174f,1.4977515370633006f,0f,0f,0f,1f],start_interpolation:0}
execute if entity @s[tag=aj.rakshasa_great_katana.bone.bone0] run data modify entity @s {} merge value {transformation:[0.8237278725861897f,-0.5390103527074463f,0.17589835587300087f,-1.1100376697780994f,0.11173152297483009f,-0.14983429311633106f,-0.982377601220658f,0.7927037048666841f,0.5558673031383977f,0.828865202720276f,-0.0631982359019674f,3.270121456319239f,0f,0f,0f,1f],start_interpolation:0}
execute if entity @s[tag=aj.rakshasa_great_katana.bone.bone1] run data modify entity @s {} merge value {transformation:[0.7994325648059675f,-0.5744278394445452f,0.17589835587300087f,-1.5656453112582724f,0.10508949925058395f,-0.15456534465140342f,-0.982377601220658f,0.6682942910821781f,0.5914928329870232f,0.8038297154894593f,-0.0631982359019674f,3.9359056482802575f,0f,0f,0f,1f],start_interpolation:0}
execute if entity @s[tag=aj.rakshasa_great_katana.bone.bone2] run data modify entity @s {} merge value {transformation:[0.7736154917018603f,-0.6087518701409174f,0.17589835587300087f,-1.9362083091928672f,0.09824743169161762f,-0.15900217226801186f,-0.982377601220658f,0.5695363416857331f,0.6259924226098028f,0.777264092708514f,-0.0631982359019674f,4.439656661122912f,0f,0f,0f,1f],start_interpolation:0}
execute if entity @s[tag=aj.rakshasa_great_katana.bone.bone3] run data modify entity @s {} merge value {transformation:[0.5896986053178974f,-0.7882355760096738f,0.17589835587300087f,-2.12515350694219f,0.05374694124187122f,-0.17901261108393574f,-0.982377601220658f,0.5224876478880957f,0.8058329983273642f,0.5887606999330116f,-0.0631982359019674f,4.64511229028675f,0f,0f,0f,1f],start_interpolation:0}
execute if entity @s[tag=aj.rakshasa_great_katana.bone.bone7] run data modify entity @s {} merge value {transformation:[0.24316577606400125f,-0.934942162571357f,0.2583670992939828f,-2.303237939745558f,-0.018849461497785873f,-0.2708663892013118f,-0.9624323856782286f,0.49796163760464424f,0.9698015792688914f,0.22916053728213817f,-0.083488592035836f,4.775737680303767f,0f,0f,0f,1f],start_interpolation:0}
execute if entity @s[tag=aj.rakshasa_great_katana.bone.bone10] run data modify entity @s {} merge value {transformation:[0.5372766855346186f,-0.8366317216118696f,0.10668235830583225f,-2.2383553764648556f,-0.09061015251680266f,-0.18301576863772648f,-0.9789254459308041f,0.5178341811364954f,0.8385246349641831f,0.5162873142182575f,-0.17413743346989477f,4.749843279681414f,0f,0f,0f,1f],start_interpolation:0}
execute if entity @s[tag=aj.rakshasa_great_katana.bone.bone4] run data modify entity @s {} merge value {transformation:[0.4913580003148779f,-0.8366317216118696f,0.24210468380294478f,-2.238372836817622f,0.16584186270239887f,-0.18301576863772648f,-0.9690210033870992f,0.5236644023171313f,0.8550226851387999f,0.5162873142182575f,0.048822301004103896f,4.751881707697606f,0f,0f,0f,1f],start_interpolation:0}
execute if entity @s[tag=aj.rakshasa_great_katana.bone.bone11] run data modify entity @s {} merge value {transformation:[0.1993304040020049f,-0.9627811248648297f,0.18253738149872517f,-2.303237939745558f,0.19422277475298955f,-0.14376423094933843f,-0.9703655804215205f,0.49796163760464424f,0.9604920113190152f,0.2288762799058891f,0.1583374393148828f,4.775737680303767f,0f,0f,0f,1f],start_interpolation:0}
execute if entity @s[tag=aj.rakshasa_great_katana.bone.bone5] run data modify entity @s {} merge value {transformation:[0.5187553670025349f,-0.8366317216118696f,0.17589835587300087f,-2.2000500396308427f,0.0379404408235826f,-0.18301576863772648f,-0.982377601220658f,0.5095829349091783f,0.8540804365843875f,0.5162873142182575f,-0.0631982359019674f,4.744679927426313f,0f,0f,0f,1f],start_interpolation:0}
execute if entity @s[tag=aj.rakshasa_great_katana.bone.bone8] run data modify entity @s {} merge value {transformation:[0.5896986053178974f,-0.7955481020454382f,-0.1391358049462036f,-2.2112297835279007f,0.05374694124187122f,0.2105535448718534f,-0.9761037194115382f,0.47615532690666484f,0.8058329983273642f,0.5681288780495123f,0.16692140885138987f,4.737819131387751f,0f,0f,0f,1f],start_interpolation:0}
execute if entity @s[tag=aj.rakshasa_great_katana.bone.bone9] run data modify entity @s {} merge value {transformation:[-0.17589835587300065f,-0.5744278394445452f,0.7994325648059674f,-2.2199092060131997f,0.9823776012206579f,-0.1545653446514034f,0.10508949925058371f,0.5111509113598971f,0.06319823590196749f,0.8038297154894593f,0.591492832987023f,4.759052723232138f,0f,0f,0f,1f],start_interpolation:0}
execute if entity @s[tag=aj.rakshasa_great_katana.bone.bone6] run data modify entity @s {} merge value {transformation:[0.5896986053178974f,-0.8046472857574961f,-0.06926976547687533f,-2.2187879160068187f,0.053746941241871224f,0.12467928040169846f,-0.990740300656866f,0.5183668644591151f,0.8058329983273641f,0.5805151355146645f,0.11677052815296021f,4.740534680586665f,0f,0f,0f,1f],start_interpolation:0}
execute if entity @s[tag=aj.rakshasa_great_katana.locator_origin.rakshasa0] at @s on origin run tp @s ^0.02466 ^1.11825 ^1.36788 ~70.23723 ~-79.22766
execute if entity @s[tag=aj.rakshasa_great_katana.locator_origin.rakshasa1] at @s on origin run tp @s ^-0.35226 ^1.00963 ^2.00712 ~70.23723 ~-79.22766
execute if entity @s[tag=aj.rakshasa_great_katana.locator_origin.rakshasa2] at @s on origin run tp @s ^-0.72919 ^0.90102 ^2.64636 ~70.23723 ~-79.22766
execute if entity @s[tag=aj.rakshasa_great_katana.locator_origin.rakshasa3] at @s on origin run tp @s ^-1.10611 ^0.79241 ^3.28561 ~70.23723 ~-79.22766
execute if entity @s[tag=aj.rakshasa_great_katana.locator_origin.rakshasa4] at @s on origin run tp @s ^-1.53594 ^0.67641 ^3.8924 ~70.23723 ~-79.22766
execute if entity @s[tag=aj.rakshasa_great_katana.locator_origin.rakshasa5] at @s on origin run tp @s ^-1.96577 ^0.56041 ^4.49919 ~70.23723 ~-79.22766
execute if entity @s[tag=aj.rakshasa_great_katana.bone.rakshasa_great_katana] run data modify entity @s {} merge value {transformation:[1.287317233972121f,-0.7643203859664475f,0.26751208289018885f,-0.2600937981728886f,0.17970297366275625f,-0.22024407738843693f,-1.4940326018564174f,1.0358009439076694f,0.7895917984331581f,1.296241073932313f,-0.09611398376757542f,1.8569265043066938f,0f,0f,0f,1f],start_interpolation:0}
execute if entity @s[tag=aj.rakshasa_great_katana.bone.left_arm2] run data modify entity @s {} merge value {transformation:[-0.17589828682611425f,-0.28865220972586125f,-0.941137447194625f,-0.24733444007304867f,0.9823776129939485f,0.009906050115988344f,-0.18664430250991051f,1.006349929845359f,0.06319824507017088f,-0.9573827719316224f,0.2818230115313043f,1.3117490419230815f,0f,0f,0f,1f],start_interpolation:0}
execute if entity @s[tag=aj.rakshasa_great_katana.bone.left_arm] run data modify entity @s {} merge value {transformation:[-0.17589828682611425f,0.29313075247572246f,-0.939752177249223f,-0.19603903780738233f,0.9823776129939485f,0.11355672275160536f,-0.14845570452571533f,1.157536312157504f,0.06319824507017088f,-0.9493046047875949f,-0.30793952190181556f,1.082322671359954f,0f,0f,0f,1f],start_interpolation:0}
execute if entity @s[tag=aj.rakshasa_great_katana.bone.head] run data modify entity @s {} merge value {transformation:[0.98033189986957f,-0.02407093732410924f,-0.19588250578971728f,0.05882535317213028f,0.005366988845320141f,0.9954186583075185f,-0.0954614588406971f,1.2536095462665622f,0.19728294789173753f,0.09253261408605457f,0.9759698529163428f,1.0953903931045146f,0f,0f,0f,1f],start_interpolation:0}
execute if entity @s[tag=aj.rakshasa_great_katana.bone.body_top] run data modify entity @s {} merge value {transformation:[0.9815754176801164f,-0.0706037571657107f,-0.1775522708392971f,0.08662558255612887f,0.012974220177147881f,0.9517107323507514f,-0.3067219449912107f,0.8788734454034537f,0.1906341234325603f,0.2987671190115836f,0.93509188830864f,0.9777508399937036f,0f,0f,0f,1f],start_interpolation:0}
execute if entity @s[tag=aj.rakshasa_great_katana.locator_origin.player_camera] at @s on origin run tp @s ^0.14613 ^-0.09201 ^0.73743 ~-169.24885 ~-17.86179
execute if entity @s[tag=aj.rakshasa_great_katana.bone.body] run data modify entity @s {} merge value {transformation:[0.9815754176801164f,-0.0706037571657107f,-0.1775522708392971f,0.1175147263161273f,0.012974220177147881f,0.9517107323507514f,-0.3067219449912107f,0.4624999999999999f,0.1906341234325603f,0.2987671190115836f,0.93509188830864f,0.8470402254261358f,0f,0f,0f,1f],start_interpolation:0}
execute if entity @s[tag=aj.rakshasa_great_katana.bone.right_leg2] run data modify entity @s {} merge value {transformation:[0.9902319155723524f,-0.12280363901321466f,-0.06603044469804811f,0.2225057442832981f,0.075632665091932f,0.8709370987812878f,-0.48553915386663216f,0.18815740256988306f,0.11713433891477583f,0.4758023079090155f,0.8717176781707787f,0.8980077976556063f,0f,0f,0f,1f],start_interpolation:0}
execute if entity @s[tag=aj.rakshasa_great_katana.bone.right_leg] run data modify entity @s {} merge value {transformation:[0.9902319155723524f,-0.05268737801709717f,-0.12909219023470564f,0.20357121780840381f,0.075632665091932f,0.9807794015446729f,0.17986513135336948f,0.5406249999999999f,0.11713433891477583f,-0.18787177995472534f,0.975183952361626f,0.8304913767343769f,0f,0f,0f,1f],start_interpolation:0}
execute if entity @s[tag=aj.rakshasa_great_katana.bone.left_leg2] run data modify entity @s {} merge value {transformation:[0.9902380212140625f,-0.11184472884848187f,-0.0831830389614855f,-0.011760762699007775f,0.05453301049301883f,0.860074832164711f,-0.5072449446208532f,0.185470667868063f,0.12827631156463282f,0.4977570086956626f,0.8577780296706834f,0.918315572938847f,0f,0f,0f,1f],start_interpolation:0}
execute if entity @s[tag=aj.rakshasa_great_katana.bone.left_leg] run data modify entity @s {} merge value {transformation:[0.9902380212140625f,-0.035159751971066994f,-0.13487940236889953f,-0.024396298563609975f,0.05453301049301883f,0.988255532888868f,0.1427485638495458f,0.5406249999999999f,0.12827631156463282f,-0.14871043526219876f,0.9805255704648916f,0.8648727602664944f,0f,0f,0f,1f],start_interpolation:0}