execute if entity @s[tag=aj.rakshasa_great_katana.bone.right_arm2] run data modify entity @s {} merge value {transformation:[-0.4735897852058423f,0.859389824458879f,0.19277407752398054f,-1.1421527926012764f,0.03197512851573929f,-0.20195512915865949f,0.9788726765840954f,1.1431966302396646f,0.8801649314219959f,0.46974807655066225f,0.06816478615727646f,2.3072880475775888f,0f,0f,0f,1f],start_interpolation:0}
execute if entity @s[tag=aj.rakshasa_great_katana.bone.right_arm] run data modify entity @s {} merge value {transformation:[-0.23935376514903067f,0.9516028216350356f,0.19277407752398054f,-0.9042520871925175f,-0.02045976423360031f,-0.20344454056227304f,0.9788726765840954f,1.0923354950990962f,0.9707168346930473f,0.23035274856542237f,0.06816478615727646f,2.3648762347189445f,0f,0f,0f,1f],start_interpolation:0}
execute if entity @s[tag=aj.rakshasa_great_katana.bone.slash] run data modify entity @s {} merge value {transformation:[0.000006836648335824164f,-2.442271683049216f,-0.6832475772174778f,-2.954616103001044f,0.000041034366902428606f,0.3484966614336838f,0.2122165729034633f,1.5888812755169401f,0.000002356285967418947f,1.0171145612826005f,-1.713310421306417f,-0.5671158650475228f,0f,0f,0f,1f],start_interpolation:0}
execute if entity @s[tag=aj.rakshasa_great_katana.bone.bone0] run data modify entity @s {} merge value {transformation:[0.9301298179791077f,-0.3299902513772797f,0.16113645056942336f,-2.194394172108195f,-0.135362885421243f,0.09980952891963553f,0.9857560282277129f,1.4451360514539575f,-0.341372832774648f,-0.9386929700028657f,0.04816738637929133f,-0.16858100561460843f,0f,0f,0f,1f],start_interpolation:0}
execute if entity @s[tag=aj.rakshasa_great_katana.bone.bone1] run data modify entity @s {} merge value {transformation:[0.9148505678906744f,-0.37024786660830167f,0.16113645056942336f,-2.4814614512520823f,-0.13088041944358433f,0.10561897849816367f,0.9857560282277129f,1.5291736706152776f,-0.3819931337555458f,-0.9229090684639557f,0.04816738637929133f,-0.9280904994915038f,0f,0f,0f,1f],start_interpolation:0}
execute if entity @s[tag=aj.rakshasa_great_katana.bone.bone2] run data modify entity @s {} merge value {transformation:[0.897829847749554f,-0.40980069398172153f,0.16113645056942336f,-2.723765795150331f,-0.126148815148758f,0.11122737634813025f,0.9857560282277129f,1.5971689950617134f,-0.4218862890952694f,-0.9053683570585022f,0.04816738637929133f,-1.5090383385689283f,0f,0f,0f,1f],start_interpolation:0}
execute if entity @s[tag=aj.rakshasa_great_katana.bone.bone3] run data modify entity @s {} merge value {transformation:[0.7611728132557768f,-0.6282125378072092f,0.16113645056942336f,-2.8593230260323432f,-0.09306263517226923f,0.14008711128264884f,0.9857560282277129f,1.6313547302368585f,-0.6418374360342964f,-0.7653264719022264f,0.04816738637929133f,-1.7551713423734543f,0f,0f,0f,1f],start_interpolation:0}
execute if entity @s[tag=aj.rakshasa_great_katana.bone.bone7] run data modify entity @s {} merge value {transformation:[0.4628254526482015f,-0.8543199544052678f,0.23649527666735537f,-3.0018903737160363f,-0.03236964730147021f,0.2503234261862743f,0.9676209941066507f,1.6472419539596383f,-0.8858582314990171f,-0.4554948932834996f,0.08820201742640463f,-1.9248791218098678f,0f,0f,0f,1f],start_interpolation:0}
execute if entity @s[tag=aj.rakshasa_great_katana.bone.bone10] run data modify entity @s {} merge value {transformation:[0.7185377726155866f,-0.6921625813369339f,0.06792959827368635f,-2.9449393180134096f,0.04885655433075972f,0.14766498062125658f,0.9878299907357789f,1.6293443429313614f,-0.6937697791224099f,-0.7064743551574375f,0.13991954502972842f,-1.8835095948397969f,0f,0f,0f,1f],start_interpolation:0}
execute if entity @s[tag=aj.rakshasa_great_katana.bone.bone4] run data modify entity @s {} merge value {transformation:[0.6764727179742238f,-0.6921625813369339f,0.25158621352045324f,-2.9445094066094004f,-0.20847740731429035f,0.14766498062125658f,0.9668155067734666f,1.6234112038840978f,-0.7063439901889715f,-0.7064743551574375f,-0.044408929606617915f,-1.8851709225879516f,0f,0f,0f,1f],start_interpolation:0}
execute if entity @s[tag=aj.rakshasa_great_katana.bone.bone11] run data modify entity @s {} merge value {transformation:[0.41697833026131276f,-0.8820828672260639f,0.2192233733859922f,-3.0018903737160363f,-0.24495901159906974f,0.12320681739611736f,0.9616731059895177f,1.6472419539596383f,-0.8752851847991573f,-0.4546975868567664f,-0.16469957430952648f,-1.9248791218098678f,0f,0f,0f,1f],start_interpolation:0}
execute if entity @s[tag=aj.rakshasa_great_katana.bone.bone5] run data modify entity @s {} merge value {transformation:[0.7035239905610047f,-0.6921625813369339f,0.16113645056942336f,-2.9088558480003015f,-0.08049910751584793f,0.14766498062125658f,0.9857560282277129f,1.6381759125268471f,-0.7060976479172492f,-0.7064743551574375f,0.04816738637929133f,-1.8700177946976928f,0f,0f,0f,1f],start_interpolation:0}
execute if entity @s[tag=aj.rakshasa_great_katana.bone.bone8] run data modify entity @s {} merge value {transformation:[0.7611728132557768f,-0.642056955730088f,-0.0915358616002396f,-2.921162948192782f,-0.09306263517226923f,-0.24780888547408922f,0.9643288351049565f,1.6718377623551546f,-0.6418374360342964f,-0.7255023238272239f,-0.24837689873701818f,-1.8678093283418322f,0f,0f,0f,1f],start_interpolation:0}
execute if entity @s[tag=aj.rakshasa_great_katana.bone.bone9] run data modify entity @s {} merge value {transformation:[-0.1611364505694231f,-0.37024786660830167f,0.9148505678906743f,-2.9248207712463965f,-0.9857560282277128f,0.10561897849816365f,-0.13088041944358408f,1.6356618192336554f,-0.04816738637929139f,-0.9229090684639557f,-0.3819931337555457f,-1.8885170611557864f,0f,0f,0f,1f],start_interpolation:0}
execute if entity @s[tag=aj.rakshasa_great_katana.bone.bone6] run data modify entity @s {} merge value {transformation:[0.7611728132557769f,-0.647591611177056f,-0.035228589148462386f,-2.928086780053187f,-0.09306263517226925f,-0.16281910197275584f,0.9822572402215104f,1.6294810580172452f,-0.6418374360342963f,-0.744389041540706f,-0.18420005575197418f,-1.8698790207253175f,0f,0f,0f,1f],start_interpolation:0}
execute if entity @s[tag=aj.rakshasa_great_katana.locator_origin.rakshasa0] at @s on origin run tp @s ^-1.53648 ^1.23354 ^1.96084 ~106.64261 ~80.31789
execute if entity @s[tag=aj.rakshasa_great_katana.locator_origin.rakshasa1] at @s on origin run tp @s ^-1.75331 ^1.3039 ^1.24632 ~106.64261 ~80.31789
execute if entity @s[tag=aj.rakshasa_great_katana.locator_origin.rakshasa2] at @s on origin run tp @s ^-1.97014 ^1.37426 ^0.5318 ~106.64261 ~80.31789
execute if entity @s[tag=aj.rakshasa_great_katana.locator_origin.rakshasa3] at @s on origin run tp @s ^-2.18696 ^1.44462 ^-0.18271 ~106.64261 ~80.31789
execute if entity @s[tag=aj.rakshasa_great_katana.locator_origin.rakshasa4] at @s on origin run tp @s ^-2.46277 ^1.5237 ^-0.87848 ~106.64261 ~80.31789
execute if entity @s[tag=aj.rakshasa_great_katana.locator_origin.rakshasa5] at @s on origin run tp @s ^-2.73858 ^1.60278 ^-1.57424 ~106.64261 ~80.31789
execute if entity @s[tag=aj.rakshasa_great_katana.bone.rakshasa_great_katana] run data modify entity @s {} merge value {transformation:[1.4351169053302983f,-0.4396797314407483f,0.24506168524099806f,-1.698856604062054f,-0.2122895973555721f,0.1426695061414676f,1.4991706262629803f,1.2867519981641335f,-0.456406203581388f,-1.448882732851531f,0.07325456678517224f,1.4150786280253822f,0f,0f,0f,1f],start_interpolation:0}
execute if entity @s[tag=aj.rakshasa_great_katana.bone.left_arm2] run data modify entity @s {} merge value {transformation:[0.1611364505694232f,0.7508448496834909f,0.6405209254986632f,-1.461368860814694f,0.9857560282277129f,-0.15411903029478335f,-0.06732293304454072f,1.163788006013431f,0.04816738637929134f,0.6422455419890216f,-0.764984030346135f,1.7745322089305327f,0f,0f,0f,1f],start_interpolation:0}
execute if entity @s[tag=aj.rakshasa_great_katana.bone.left_arm] run data modify entity @s {} merge value {transformation:[0.1611364505694232f,0.7508448496834909f,0.6405209254986632f,-1.2535155920726433f,0.9857560282277129f,-0.15411903029478335f,-0.06732293304454072f,1.248477751968199f,0.04816738637929134f,0.6422455419890216f,-0.764984030346135f,1.9411145177251994f,0f,0f,0f,1f],start_interpolation:0}
execute if entity @s[tag=aj.rakshasa_great_katana.bone.head] run data modify entity @s {} merge value {transformation:[0.9759388021170826f,0.07447136228014287f,-0.20493284442083493f,-1.0338525574353705f,-0.0798619568427556f,0.9966407103753375f,-0.018148340744770605f,1.2775651928107132f,0.2028928839844324f,0.03407800790366393f,0.9786077697452634f,2.1858236368298085f,0f,0f,0f,1f],start_interpolation:0}
execute if entity @s[tag=aj.rakshasa_great_katana.bone.body_top] run data modify entity @s {} merge value {transformation:[0.5265688419425759f,0.022756428346847837f,-0.8498278647256454f,-1.0428129010969418f,-0.17759917718997964f,0.9805295552610085f,-0.0837873708925815f,0.8914816804266912f,0.831374636945762f,0.1950485483887117f,0.5203578353544412f,2.109023270901753f,0f,0f,0f,1f],start_interpolation:0}
execute if entity @s[tag=aj.rakshasa_great_katana.locator_origin.player_camera] at @s on origin run tp @s ^-1.11868 ^-0.09428 ^1.9465 ~-121.47954 ~-4.8063
execute if entity @s[tag=aj.rakshasa_great_katana.bone.body] run data modify entity @s {} merge value {transformation:[0.5265688419425759f,0.022756428346847837f,-0.8498278647256454f,-1.0527688384986877f,-0.17759917718997964f,0.9805295552610085f,-0.0837873708925815f,0.4624999999999999f,0.831374636945762f,0.1950485483887117f,0.5203578353544412f,2.0236895309816916f,0f,0f,0f,1f],start_interpolation:0}
execute if entity @s[tag=aj.rakshasa_great_katana.bone.right_leg2] run data modify entity @s {} merge value {transformation:[0.630747081088584f,-0.7196324914103739f,-0.29032257405294865f,-0.7636879012312756f,0.05820520326553774f,0.4169536459960365f,-0.9070621871754048f,0.3361235235857589f,0.773802477387511f,0.5552285424913873f,0.30487865060026886f,2.0380876567663773f,0f,0f,0f,1f],start_interpolation:0}
execute if entity @s[tag=aj.rakshasa_great_katana.bone.right_leg] run data modify entity @s {} merge value {transformation:[0.630747081088584f,-0.5537520906124985f,-0.5436145158478745f,-0.9626925587951423f,0.05820520326553774f,0.7323326106985641f,-0.6784549370593765f,0.5993055555555554f,0.773802477387511f,0.39629227780731824f,0.49414790957691856f,2.1805051941033824f,0f,0f,0f,1f],start_interpolation:0}
execute if entity @s[tag=aj.rakshasa_great_katana.bone.left_leg2] run data modify entity @s {} merge value {transformation:[0.477718403663222f,0.0478413414543572f,-0.8772094007985273f,-1.456414352106121f,0.013733199933298745f,0.9979874179187439f,0.061907292748677456f,0.4430664112895556f,0.8784056728078751f,-0.04162114515154547f,0.4760999414568533f,2.1522889539614116f,0f,0f,0f,1f],start_interpolation:0}
execute if entity @s[tag=aj.rakshasa_great_katana.bone.left_leg] run data modify entity @s {} merge value {transformation:[0.477718403663222f,0.7836062962572286f,-0.39717288334866485f,-1.1748058393886796f,0.013733199933298745f,0.44538042075949724f,0.8952361029492082f,0.6031249999999999f,0.8784056728078751f,-0.4331252166176917f,0.20200500169258884f,1.9966345792394284f,0f,0f,0f,1f],start_interpolation:0}