execute if entity @s[tag=aj.dimension_slash.locator_origin.dimension_slash_locator] at @s on origin run tp @s ^0 ^1.125 ^0.5 ~0 ~0
execute if entity @s[tag=aj.dimension_slash.bone.right_arm2] run data modify entity @s {} merge value {transformation:[0.8963797100474757f,-0.4417674551720297f,-0.036673300451855795f,0.4229418637930049f,0.43861100369004563f,0.8958685084483748f,-0.07099297861404899f,3.5788640015189315f,0.06421684247309392f,0.04755135246565281f,0.9968024207542201f,9.724327274464384f,0f,0f,0f,1f],start_interpolation:0}
execute if entity @s[tag=aj.dimension_slash.bone.right_arm] run data modify entity @s {} merge value {transformation:[0.8963797100474757f,-0.4417674551720297f,-0.036673300451855795f,0.3124999999999975f,0.43861100369004563f,0.8958685084483748f,-0.07099297861404899f,3.8028311286310252f,0.06421684247309392f,0.04755135246565281f,0.9968024207542201f,9.736215112580798f,0f,0f,0f,1f],start_interpolation:0}
execute if entity @s[tag=aj.dimension_slash.bone.left_arm2] run data modify entity @s {} merge value {transformation:[0.9998201711821622f,-0.018960291254752522f,-0.0003642153305778578f,-0.43273744858408464f,-0.0013575682966607055f,-0.0907178768245149f,0.9958757070200941f,3.8121528180031055f,-0.018915134300130535f,-0.9956961254218012f,-0.09072730302627152f,10.04852203616876f,0f,0f,0f,1f],start_interpolation:0}
execute if entity @s[tag=aj.dimension_slash.locator_origin.moonveil] at @s on origin run tp @s ^-0.3473 ^3.95444 ^10.52239 ~-174.93128 ~-83.83973
execute if entity @s[tag=aj.dimension_slash.locator_origin.moonveil2] at @s on origin run tp @s ^-0.32933 ^4.0127 ^11.06585 ~-174.93128 ~-83.83973
execute if entity @s[tag=aj.dimension_slash.locator_origin.moonveil3] at @s on origin run tp @s ^-0.30776 ^4.08261 ^11.71801 ~-174.93128 ~-83.83973
execute if entity @s[tag=aj.dimension_slash.locator_origin.moonveil4] at @s on origin run tp @s ^-0.28624 ^4.5137 ^12.22139 ~-174.93128 ~-83.83973
execute if entity @s[tag=aj.dimension_slash.locator_origin.moonveil5] at @s on origin run tp @s ^-0.26832 ^5.11373 ^12.54169 ~-174.93128 ~-83.83973
execute if entity @s[tag=aj.dimension_slash.locator_origin.moonveil6] at @s on origin run tp @s ^-0.26301 ^5.85358 ^12.40718 ~-174.93128 ~-83.83973
execute if entity @s[tag=aj.dimension_slash.locator_origin.moonveil7] at @s on origin run tp @s ^-0.27446 ^6.47885 ^11.79023 ~-174.93128 ~-83.83973
execute if entity @s[tag=aj.dimension_slash.locator_origin.moonveil8] at @s on origin run tp @s ^-0.30142 ^6.39146 ^10.97503 ~-174.93128 ~-83.83973
execute if entity @s[tag=aj.dimension_slash.locator_origin.moonveil9] at @s on origin run tp @s ^-0.32414 ^5.83609 ^10.48501 ~-174.93128 ~-83.83973
execute if entity @s[tag=aj.dimension_slash.bone.spinning_slash] run data modify entity @s {} merge value {transformation:[0.000019988297040121042f,5.751263562747022e-7f,-1.8961774194197667e-7f,-0.22303841449737472f,-2.5869339298657794e-7f,0.0000018642321490577426f,-0.000019884512316063146f,4.247792356501938f,-6.332923213758213e-7f,0.000017390913379369633f,0.0000021378061334634293f,12.559137858237017f,0f,0f,0f,1f],start_interpolation:0}
execute if entity @s[tag=aj.dimension_slash.bone.moonveil_slash] run data modify entity @s {} merge value {transformation:[1.8739028475113477f,0.03235085754045199f,-1.7776663307060313e-7f,-0.22346707162676482f,-0.024252505592491678f,0.104863058384498f,-0.0000186417302963092f,4.202840666425731f,-0.05937115512898324f,0.9782388775895419f,0.000002004193250121965f,12.563970664655752f,0f,0f,0f,1f],start_interpolation:0}
execute if entity @s[tag=aj.dimension_slash.bone.moonveil] run data modify entity @s {} merge value {transformation:[1.9988297040121041f,0.057512635627470214f,-0.018961774194197666f,-0.35661658591724554f,-0.02586933929865779f,0.18642321490577424f,-1.9884512316063145f,3.9143060677336923f,-0.06332923213758213f,1.7390913379369632f,0.2137806133463429f,10.453112846022892f,0f,0f,0f,1f],start_interpolation:0}
execute if entity @s[tag=aj.dimension_slash.bone.left_arm] run data modify entity @s {} merge value {transformation:[0.9998201711821622f,-0.018960291254752522f,-0.0003642153305778578f,-0.3125000000000025f,-0.0013575682966607055f,-0.0907178768245149f,0.9958757070200941f,3.789303652759894f,-0.018915134300130535f,-0.9956961254218012f,-0.09072730302627152f,9.797233613025794f,0f,0f,0f,1f],start_interpolation:0}
execute if entity @s[tag=aj.dimension_slash.bone.head] run data modify entity @s {} merge value {transformation:[0.9659258481109182f,-0.02255754676674019f,-0.25783408043753575f,-2.4722557257787194e-15f,0.02255756253207014f,0.9997411686344866f,-0.002958396518833367f,3.943173679654516f,0.25783407905824834f,-0.0029585167258660006f,0.9661846794764278f,9.767328307084401f,0f,0f,0f,1f],start_interpolation:0}
execute if entity @s[tag=aj.dimension_slash.bone.body_top] run data modify entity @s {} merge value {transformation:[1f,0f,0f,-2.4722557257787194e-15f,0f,0.9762960071199334f,-0.21643961393810285f,3.558757126851042f,0f,0.21643961393810285f,0.9762960071199334f,9.682105209096273f,0f,0f,0f,1f],start_interpolation:0}
execute if entity @s[tag=aj.dimension_slash.bone.body] run data modify entity @s {} merge value {transformation:[1f,0f,0f,-2.4722557257787194e-15f,0f,0.9914448613738104f,-0.13052619222005157f,3.125f,0f,0.13052619222005157f,0.9914448613738104f,9.625f,0f,0f,0f,1f],start_interpolation:0}
execute if entity @s[tag=aj.dimension_slash.locator_origin.player_camera] at @s on origin run tp @s ^0 ^2.625 ^10.125 ~-180 ~0
execute if entity @s[tag=aj.dimension_slash.bone.right_leg2] run data modify entity @s {} merge value {transformation:[0.9740719633584837f,-0.2120383914002093f,-0.07888935778266036f,0.17681682744833027f,0.21256903585335113f,0.9771445609210397f,-0.0017064755507117946f,2.898703738028693f,0.07744814520261721f,-0.015107204732845048f,0.9968819173652586f,9.80882900282052f,0f,0f,0f,1f],start_interpolation:0}
execute if entity @s[tag=aj.dimension_slash.bone.right_leg] run data modify entity @s {} merge value {transformation:[0.9740719633584837f,-0.14418595463883893f,-0.17433938362812812f,0.12499999999999753f,0.21256903585335113f,0.8470852507027674f,0.48709442928266633f,3.203125f,0.07744814520261721f,-0.5115241817614455f,0.855771462645231f,9.625f,0f,0f,0f,1f],start_interpolation:0}
execute if entity @s[tag=aj.dimension_slash.bone.left_leg2] run data modify entity @s {} merge value {transformation:[0.9914448682873245f,0.10355338133383668f,-0.07945923710342884f,-0.16973679973544725f,-0.13002944334398386f,0.730515899045459f,-0.6704020175278849f,2.855508324327237f,-0.011376159737960934f,0.6749986803365868f,0.7377312278421475f,9.469210172271906f,0f,0f,0f,1f],start_interpolation:0}
execute if entity @s[tag=aj.dimension_slash.bone.left_leg] run data modify entity @s {} merge value {transformation:[0.9914448682873245f,0.12448500795949857f,-0.03924991643371349f,-0.12500000000000247f,-0.13002944334398386f,0.9157513938205061f,-0.38012067633773106f,3.1846064814814814f,-0.011376159737960934f,0.38197233867012415f,0.9241037363199504f,9.606481481481481f,0f,0f,0f,1f],start_interpolation:0}