execute if entity @s[tag=aj.dimension_slash.locator_origin.dimension_slash_locator] at @s on origin run tp @s ^0 ^1.125 ^0.5 ~0 ~0
execute if entity @s[tag=aj.dimension_slash.bone.right_arm2] run data modify entity @s {} merge value {transformation:[0.7669064370149085f,-0.263636990611873f,-0.5851068740377381f,0.3148541640046028f,0.31966692083445436f,0.9474967843119094f,-0.007931169069535338f,3.496036318186353f,0.5564778311750764f,-0.1809568481702365f,0.8109174079466891f,10.438762045483152f,0f,0f,0f,1f],start_interpolation:0}
execute if entity @s[tag=aj.dimension_slash.bone.right_arm] run data modify entity @s {} merge value {transformation:[0.7669064370149085f,-0.263636990611873f,-0.5851068740377381f,0.24894491635163457f,0.31966692083445436f,0.9474967843119094f,-0.007931169069535338f,3.73291051426433f,0.5564778311750764f,-0.1809568481702365f,0.8109174079466891f,10.393522833440592f,0f,0f,0f,1f],start_interpolation:0}
execute if entity @s[tag=aj.dimension_slash.bone.left_arm2] run data modify entity @s {} merge value {transformation:[0.962774620510903f,-0.24592092747638536f,0.11219593365733596f,-0.4275354856192187f,-0.027723469244910218f,-0.5027196488756505f,-0.86400484019904f,3.8535067101855294f,0.2688799720193258f,0.828731471626061f,-0.4908235004392002f,10.041355976011204f,0f,0f,0f,1f],start_interpolation:0}
execute if entity @s[tag=aj.dimension_slash.locator_origin.moonveil] at @s on origin run tp @s ^-0.25355 ^4.02492 ^9.73338 ~-165.92717 ~60.87416
execute if entity @s[tag=aj.dimension_slash.locator_origin.moonveil2] at @s on origin run tp @s ^-0.03697 ^4.42903 ^9.03997 ~-165.92717 ~60.87416
execute if entity @s[tag=aj.dimension_slash.locator_origin.moonveil3] at @s on origin run tp @s ^0.22292 ^4.91395 ^8.20788 ~-165.92717 ~60.87416
execute if entity @s[tag=aj.dimension_slash.locator_origin.moonveil4] at @s on origin run tp @s ^0.48387 ^4.99047 ^7.33742 ~-165.92717 ~60.87416
execute if entity @s[tag=aj.dimension_slash.locator_origin.moonveil5] at @s on origin run tp @s ^0.70205 ^4.78197 ^6.58647 ~-165.92717 ~60.87416
execute if entity @s[tag=aj.dimension_slash.locator_origin.moonveil6] at @s on origin run tp @s ^0.76915 ^4.0864 ^6.30172 ~-165.92717 ~60.87416
execute if entity @s[tag=aj.dimension_slash.locator_origin.moonveil7] at @s on origin run tp @s ^0.63394 ^3.08173 ^6.67055 ~-165.92717 ~60.87416
execute if entity @s[tag=aj.dimension_slash.locator_origin.moonveil8] at @s on origin run tp @s ^0.30908 ^2.47557 ^7.71066 ~-165.92717 ~60.87416
execute if entity @s[tag=aj.dimension_slash.locator_origin.moonveil9] at @s on origin run tp @s ^0.03333 ^2.50824 ^8.64013 ~-165.92717 ~60.87416
execute if entity @s[tag=aj.dimension_slash.bone.spinning_slash] run data modify entity @s {} merge value {transformation:[0.00001916367098380594f,0.3465198946736909f,-0.0000023670144471099783f,0.6191229391912954f,-4.856169191078147e-7f,0.646564784159405f,0.000017471056816414633f,5.519184737489058f,0.000005702446021867342f,-1.109455561371691f,0.000009442426400284199f,7.123998795778187f,0f,0f,0f,1f],start_interpolation:0}
execute if entity @s[tag=aj.dimension_slash.bone.moonveil_slash] run data modify entity @s {} merge value {transformation:[1.7965941547318067f,0.38983488150790224f,-0.0000022190760441656047f,0.6191229391912954f,-0.04552658616635763f,0.7273853821793306f,0.000016379115765388717f,5.519184737489058f,0.5346043145500632f,-1.2481375065431524f,0.000008852274750266437f,7.123998795778187f,0f,0f,0f,1f],start_interpolation:0}
execute if entity @s[tag=aj.dimension_slash.bone.moonveil] run data modify entity @s {} merge value {transformation:[1.9163670983805938f,0.6930397893473818f,-0.2367014447109978f,-0.2928027700166402f,-0.04856169191078147f,1.29312956831881f,1.7471056816414632f,3.9992982274945437f,0.5702446021867341f,-2.218911122743382f,0.9442426400284197f,9.839984460380062f,0f,0f,0f,1f],start_interpolation:0}
execute if entity @s[tag=aj.dimension_slash.bone.left_arm] run data modify entity @s {} merge value {transformation:[0.962774620510903f,-0.2542671530370197f,0.091723742763451f,-0.37075544631461077f,-0.027723469244910218f,-0.4304307683578348f,-0.902197740467083f,3.742433584440457f,0.2688799720193258f,0.8660701868424594f,-0.4214569872591435f,10.291483519224235f,0f,0f,0f,1f],start_interpolation:0}
execute if entity @s[tag=aj.dimension_slash.bone.head] run data modify entity @s {} merge value {transformation:[0.8573839737170519f,-0.27740790356516887f,-0.43351767743972786f,-0.06595878125790466f,-0.277713762379336f,0.4598080585207101f,-0.8434759128182197f,3.8708583015849323f,0.43332180628058814f,0.8435765551264409f,0.31719206774876213f,10.404764795244024f,0f,0f,0f,1f],start_interpolation:0}
execute if entity @s[tag=aj.dimension_slash.bone.body_top] run data modify entity @s {} merge value {transformation:[0.9679337029949654f,-0.086430715990348f,-0.23586877271027212f,-0.03192668683670514f,-0.07530576548472212f,0.7959285955243581f,-0.6006885320291896f,3.5574614170972163f,0.23965264090181485f,0.5991889536365123f,0.7638973815564283f,10.168834144749647f,0f,0f,0f,1f],start_interpolation:0}
execute if entity @s[tag=aj.dimension_slash.bone.body] run data modify entity @s {} merge value {transformation:[0.9848077535288207f,-0.07297528419817743f,-0.15756997329984185f,-2.510525938252074e-15f,-0.02266570106587784f,0.8456260962222082f,-0.5332942634073434f,3.1875f,0.1721625818367914f,0.5287637594277657f,0.8311251001691058f,9.9375f,0f,0f,0f,1f],start_interpolation:0}
execute if entity @s[tag=aj.dimension_slash.locator_origin.player_camera] at @s on origin run tp @s ^0 ^2.6875 ^10.4375 ~-180 ~0
execute if entity @s[tag=aj.dimension_slash.bone.right_leg2] run data modify entity @s {} merge value {transformation:[0.9867362488246003f,-0.12525714040892535f,-0.10325804584697107f,0.13905038822561383f,0.09826581828010286f,0.9672014823634667f,-0.2342330494863068f,2.9362951947731335f,0.12921069697706228f,0.22097950423170837f,0.9666812579626286f,10.080660247991347f,0f,0f,0f,1f],start_interpolation:0}
execute if entity @s[tag=aj.dimension_slash.bone.right_leg] run data modify entity @s {} merge value {transformation:[0.9867362488246003f,-0.03909673245388898f,-0.1575532315345688f,0.12499999999999749f,0.09826581828010286f,0.9163959797617152f,0.3880235008788875f,3.265625f,0.12921069697706228f,-0.39835895093244134f,0.9080830039146788f,9.9375f,0f,0f,0f,1f],start_interpolation:0}
execute if entity @s[tag=aj.dimension_slash.bone.left_leg2] run data modify entity @s {} merge value {transformation:[0.9491699543949118f,-0.2775910975563854f,-0.1483899600087635f,-0.04995658014365746f,-0.05549153022037552f,0.3164757682659935f,-0.946976123339047f,2.974419374587064f,0.30983396803411056f,0.9070756697530202f,0.28498533575317037f,9.600938023473208f,0f,0f,0f,1f],start_interpolation:0}
execute if entity @s[tag=aj.dimension_slash.bone.left_leg] run data modify entity @s {} merge value {transformation:[0.9491699543949118f,-0.2088164726437427f,-0.23552511209335225f,-0.1250000000000025f,-0.05549153022037552f,0.6255286968012124f,-0.7782252498807642f,3.19921875f,0.30983396803411056f,0.7517376738136794f,0.5821454990132928f,9.87109375f,0f,0f,0f,1f],start_interpolation:0}