execute if entity @s[tag=aj.dimension_slash.locator_origin.commands] at @s on origin run tp @s ^0 ^0 ^0 ~0 ~0
execute if entity @s[tag=aj.dimension_slash.locator_origin.dimension_slash_locator] at @s on origin run tp @s ^0 ^1.125 ^0.5 ~0 ~0
execute if entity @s[tag=aj.dimension_slash.bone.right_arm2] run data modify entity @s {} merge value {transformation:[0.888554518251128f,0.32706800623671806f,0.3217100983678379f,0.15020296634091826f,-0.4506825287965945f,0.4912031669006891f,0.7453889636050701f,0.9083457971893532f,0.0857678630549498f,-0.8073078521376289f,0.5838646294680947f,0.28745943270956065f,0f,0f,0f,1f],start_interpolation:0}
execute if entity @s[tag=aj.dimension_slash.bone.right_arm] run data modify entity @s {} merge value {transformation:[0.888554518251128f,0.39918813463632186f,0.22609666353371863f,0.24999999999999872f,-0.4506825287965945f,0.6673866846545771f,0.5928577159684091f,1.0751924683529974f,0.0857678630549498f,-0.6286842182776229f,0.7729165720539581f,0.1302883781401549f,0f,0f,0f,1f],start_interpolation:0}
execute if entity @s[tag=aj.dimension_slash.bone.left_arm2] run data modify entity @s {} merge value {transformation:[0.9448076705333158f,-0.32478989257375146f,0.04301152616846286f,-0.22750427602446438f,0.14455504216517281f,0.531073230663288f,0.8349042241224338f,0.8901269300774184f,-0.29401072342014073f,-0.7826063821326714f,0.548712078561404f,0.33589821361143957f,0f,0f,0f,1f],start_interpolation:0}
execute if entity @s[tag=aj.dimension_slash.bone.spinning_slash] run data modify entity @s {} merge value {transformation:[0.00001991776072127593f,-0.0000014186439295876154f,9.999893036578784e-7f,-0.09751776459349655f,0.0000012702280233693403f,0.0000035425389879664075f,-0.00001959978500896393f,1.2348903389577965f,0.000001292025006973599f,0.00001838693362249196f,0.000003853368525713894f,2.8609221207269178f,0f,0f,0f,1f],start_interpolation:0}
execute if entity @s[tag=aj.dimension_slash.bone.moonveil_slash] run data modify entity @s {} merge value {transformation:[1.867290067619618f,-0.13299786839883893f,9.37489972179261e-7f,-0.0961879915833132f,0.11908387719087565f,0.33211303012185067f,-0.000018374798445903683f,1.208826795062898f,0.1211273444037749f,1.723775027108621f,0.0000036125329928567755f,2.8660462810004734f,0f,0f,0f,1f],start_interpolation:0}
execute if entity @s[tag=aj.dimension_slash.bone.moonveil] run data modify entity @s {} merge value {transformation:[1.9917760721275926f,-0.14186439295876152f,0.09999893036578784f,0.01759123290478684f,0.12702280233693403f,0.3542538987966407f,-1.9599785008963928f,0.7118604526851671f,0.1292025006973599f,1.8386933622491957f,0.3853368525713894f,0.633143064673096f,0f,0f,0f,1f],start_interpolation:0}
execute if entity @s[tag=aj.dimension_slash.bone.left_arm] run data modify entity @s {} merge value {transformation:[0.9448076705333158f,-0.31238673116880555f,0.09875725740965971f,-0.18750000000000128f,0.14455504216517281f,0.6679846320197298f,0.7300002542260456f,1.0751924683529974f,-0.29401072342014073f,-0.6754339801750683f,0.6762740812265622f,0.1302883781401549f,0f,0f,0f,1f],start_interpolation:0}
execute if entity @s[tag=aj.dimension_slash.bone.head] run data modify entity @s {} merge value {transformation:[1f,0f,0f,-1.2782250966100499e-15f,0f,0.9914448613738105f,-0.13052619222005157f,1.205474212739516f,0f,0.13052619222005157f,0.9914448613738105f,0.19103975326538045f,0f,0f,0f,1f],start_interpolation:0}
execute if entity @s[tag=aj.dimension_slash.bone.body_top] run data modify entity @s {} merge value {transformation:[1f,0f,0f,-1.2782250966100499e-15f,0f,0.90630778703665f,-0.4226182617406994f,0.8486155215938349f,0f,0.4226182617406994f,0.90630778703665f,0.02463381270498005f,0f,0f,0f,1f],start_interpolation:0}
execute if entity @s[tag=aj.dimension_slash.bone.body] run data modify entity @s {} merge value {transformation:[1f,0f,0f,-1.2782250966100499e-15f,0f,0.9396926207859084f,-0.34202014332566866f,0.4375f,0f,0.34202014332566866f,0.9396926207859084f,-0.125f,0f,0f,0f,1f],start_interpolation:0}
execute if entity @s[tag=aj.dimension_slash.locator_origin.player_camera] at @s on origin run tp @s ^0 ^0.3125 ^0.375 ~-180 ~0
execute if entity @s[tag=aj.dimension_slash.bone.right_leg2] run data modify entity @s {} merge value {transformation:[1f,0f,0f,0.12499999999999872f,0f,0.9914448613738103f,-0.13052619222005146f,0.28462320276889996f,0f,0.13052619222005146f,0.9914448613738103f,0.15029722174588273f,0f,0f,0f,1f],start_interpolation:0}
execute if entity @s[tag=aj.dimension_slash.bone.right_leg] run data modify entity @s {} merge value {transformation:[1f,0f,0f,0.12499999999999872f,0f,0.6427876096865393f,0.766044443118978f,0.515625f,0f,-0.766044443118978f,0.6427876096865393f,-0.125f,0f,0f,0f,1f],start_interpolation:0}
execute if entity @s[tag=aj.dimension_slash.bone.left_leg2] run data modify entity @s {} merge value {transformation:[1f,0f,0f,-0.12500000000000128f,0f,0.38268343236508984f,-0.9238795325112867f,0.2635740963953612f,0f,0.9238795325112867f,0.38268343236508984f,-0.39921971565889874f,0f,0f,0f,1f],start_interpolation:0}
execute if entity @s[tag=aj.dimension_slash.bone.left_leg] run data modify entity @s {} merge value {transformation:[1f,0f,0f,-0.12500000000000128f,0f,0.6755902076156602f,-0.737277336810124f,0.5063643272572391f,0f,0.737277336810124f,0.6755902076156602f,-0.13426067274276043f,0f,0f,0f,1f],start_interpolation:0}