execute if entity @s[tag=aj.dimension_slash.locator_origin.commands] at @s on origin run tp @s ^0 ^0 ^0 ~0 ~0
execute if entity @s[tag=aj.dimension_slash.locator_origin.dimension_slash_locator] at @s on origin run tp @s ^0 ^1.125 ^0.5 ~0 ~0
execute if entity @s[tag=aj.dimension_slash.bone.right_arm2] run data modify entity @s {} merge value {transformation:[0.7481760023203889f,0.06612983749897344f,-0.6601965723511755f,0.24232336057029813f,0.35877206467776435f,0.7966884622301238f,0.48638472401613797f,3.5690179354306233f,0.5581355347572269f,-0.6007614657597139f,0.5723376504298003f,10.491665309017492f,0f,0f,0f,1f],start_interpolation:0}
execute if entity @s[tag=aj.dimension_slash.bone.right_arm] run data modify entity @s {} merge value {transformation:[0.7481760023203889f,0.06612983749897344f,-0.6601965723511755f,0.2588558199450415f,0.35877206467776435f,0.7966884622301238f,0.48638472401613797f,3.7681900509881543f,0.5581355347572269f,-0.6007614657597139f,0.5723376504298003f,10.341474942577563f,0f,0f,0f,1f],start_interpolation:0}
execute if entity @s[tag=aj.dimension_slash.bone.left_arm2] run data modify entity @s {} merge value {transformation:[0.962881577823338f,-0.26216987660188573f,0.06423412559528757f,-0.41469229138668917f,-0.01793499212865732f,-0.29958538685729025f,-0.953900902630306f,3.8371838650890266f,0.26932768729891876f,0.9173415676748325f,-0.29316726466318865f,9.971951725216584f,0f,0f,0f,1f],start_interpolation:0}
execute if entity @s[tag=aj.dimension_slash.bone.spinning_slash] run data modify entity @s {} merge value {transformation:[0.00001917236279750922f,1.2699569420770302f,-0.20088371305025848f,0.8981879288572041f,-2.189330828529571e-7f,1.2964222411550494f,2.7504064148154033f,4.944399911671352f,0.0000056896900676501795f,-4.229447514127855f,0.7827439331934798f,6.04906346712312f,0f,0f,0f,1f],start_interpolation:0}
execute if entity @s[tag=aj.dimension_slash.bone.moonveil_slash] run data modify entity @s {} merge value {transformation:[1.7974090122664892f,0.510250557084521f,-0.0000013139196347763998f,0.8956852247909635f,-0.020524976517464724f,0.520883936178368f,0.000017989576841089116f,4.978665772321046f,0.5334084438422043f,-1.6993315904977986f,0.0000051196914235038645f,6.058815260310746f,0f,0f,0f,1f],start_interpolation:0}
execute if entity @s[tag=aj.dimension_slash.bone.moonveil] run data modify entity @s {} merge value {transformation:[1.917236279750922f,0.9071121014835929f,-0.14015142770948263f,-0.2741510585476243f,-0.021893308285295707f,0.9260158865393209f,1.918888196382839f,3.9107339322746912f,0.5689690067650179f,-3.0210339386627534f,0.5461004185070788f,9.739985900329298f,0f,0f,0f,1f],start_interpolation:0}
execute if entity @s[tag=aj.dimension_slash.bone.left_arm] run data modify entity @s {} merge value {transformation:[0.962881577823338f,-0.2662792401709611f,0.044208973550793784f,-0.3609019042015122f,-0.01793499212865732f,-0.22653528647611892f,-0.9738378201931406f,3.778308169453915f,0.26932768729891876f,0.9368976092589617f,-0.22290237015127834f,10.23984208844369f,0f,0f,0f,1f],start_interpolation:0}
execute if entity @s[tag=aj.dimension_slash.bone.head] run data modify entity @s {} merge value {transformation:[0.8537065320333268f,-0.26152710950964986f,-0.4503206947889006f,-0.05378682342009705f,-0.24995421008656082f,0.5528343637240491f,-0.7949195299813869f,3.9116262762199083f,0.4568457617441951f,0.791187548737563f,0.40658850537000263f,10.340505746558005f,0f,0f,0f,1f],start_interpolation:0}
execute if entity @s[tag=aj.dimension_slash.bone.body_top] run data modify entity @s {} merge value {transformation:[0.9672919150602144f,-0.07209683414832366f,-0.24320443574271455f,-0.025398694974194613f,-0.06864807535700061f,0.8485822725752444f,-0.5245908581178413f,3.577497006393406f,0.24420031287638144f,0.5241280122039107f,0.8158774626218417f,10.134130341752716f,0f,0f,0f,1f],start_interpolation:0}
execute if entity @s[tag=aj.dimension_slash.bone.body] run data modify entity @s {} merge value {transformation:[0.9848077535288207f,-0.058054159941010514f,-0.1636563567450443f,-2.510525938252074e-15f,-0.022665701065877838f,0.891421728899214f,-0.4526075200894573f,3.1875f,0.1721625818367914f,0.4494407811490629f,0.8765631920491587f,9.9375f,0f,0f,0f,1f],start_interpolation:0}
execute if entity @s[tag=aj.dimension_slash.locator_origin.player_camera] at @s on origin run tp @s ^0 ^3.0625 ^10.4375 ~-180 ~0
execute if entity @s[tag=aj.dimension_slash.bone.right_leg2] run data modify entity @s {} merge value {transformation:[0.9709907318720545f,-0.16303093392665122f,-0.17492259202737598f,0.14014223576564527f,0.15195483110676983f,0.9855348536020656f,-0.07503853435981034f,2.953413085964488f,0.18462591346256074f,0.04628138846836016f,0.9817185468144909f,10.11482688475045f,0f,0f,0f,1f],start_interpolation:0}
execute if entity @s[tag=aj.dimension_slash.bone.right_leg] run data modify entity @s {} merge value {transformation:[0.9709907318720545f,-0.04213491691310692f,-0.23537554544875194f,0.12499999999999749f,0.15195483110676983f,0.8687635868814257f,0.4713380521581432f,3.265625f,0.18462591346256074f,-0.493431331479513f,0.8499639952330157f,9.9375f,0f,0f,0f,1f],start_interpolation:0}
execute if entity @s[tag=aj.dimension_slash.bone.left_leg2] run data modify entity @s {} merge value {transformation:[0.9888330364749971f,-0.08636577403152286f,-0.12145031515633443f,-0.11447664832475538f,0.00038104374650698575f,0.8164143881105149f,-0.5774663641215796f,2.8469614078428953f,0.14902711424871742f,0.5709715404134162f,0.8073304275553042f,9.802459388676526f,0f,0f,0f,1f],start_interpolation:0}
execute if entity @s[tag=aj.dimension_slash.bone.left_leg] run data modify entity @s {} merge value {transformation:[0.9888330364749971f,-0.029282369878948514f,-0.14612244451113413f,-0.1250000000000025f,0.00038104374650698575f,0.9809994963727475f,-0.1940099041855309f,3.1995081018518516f,0.14902711424871742f,0.19178772361829652f,0.9700558686426322f,9.871383101851851f,0f,0f,0f,1f],start_interpolation:0}