execute if entity @s[tag=aj.dimension_slash.locator_origin.commands] at @s on origin run tp @s ^0 ^0 ^0 ~0 ~0
execute if entity @s[tag=aj.dimension_slash.locator_origin.dimension_slash_locator] at @s on origin run tp @s ^0 ^1.125 ^0.5 ~0 ~0
execute if entity @s[tag=aj.dimension_slash.bone.right_arm2] run data modify entity @s {} merge value {transformation:[0.7769996998701562f,-0.6197821328590478f,0.11018881154807283f,0.4982718970772361f,0.5994069434796419f,0.6749575324347518f,-0.430283215473233f,3.686389328688612f,0.19230908067504449f,0.4003778680175524f,0.8959435140072385f,9.773257628760922f,0f,0f,0f,1f],start_interpolation:0}
execute if entity @s[tag=aj.dimension_slash.bone.right_arm] run data modify entity @s {} merge value {transformation:[0.7769996998701562f,-0.6197821328590478f,0.11018881154807283f,0.34332636386247417f,0.5994069434796419f,0.6749575324347518f,-0.430283215473233f,3.8551287117973f,0.19230908067504449f,0.4003778680175524f,0.8959435140072385f,9.87335209576531f,0f,0f,0f,1f],start_interpolation:0}
execute if entity @s[tag=aj.dimension_slash.bone.left_arm2] run data modify entity @s {} merge value {transformation:[0.851400448442858f,-0.21252320308944161f,0.47953223514160553f,-0.493769016879538f,0.4650984390881109f,-0.11676872235440627f,-0.8775240779816368f,4.035088412881357f,0.24248859426600455f,0.9701540875697647f,-0.0005727325497361935f,9.710799318809219f,0f,0f,0f,1f],start_interpolation:0}
execute if entity @s[tag=aj.dimension_slash.bone.spinning_slash] run data modify entity @s {} merge value {transformation:[0.000017086672943323057f,0.000013917047367836511f,-0.000009516206747055631f,1.5046247171724947f,0.000009062653973908342f,0.000009896792054707103f,0.000017579103534841293f,5.20424253275409f,0.00000509057076142893f,-0.00006433212578751528f,6.456996659615067e-7f,1.4244930599165055f,0f,0f,0f,1f],start_interpolation:0}
execute if entity @s[tag=aj.dimension_slash.bone.moonveil_slash] run data modify entity @s {} merge value {transformation:[1.6018755884365365f,0.7828339144408037f,-0.000008921443825364653f,1.451475690127769f,0.8496238100539071f,0.5566945530772746f,0.000016480409563913713f,5.302423696113577f,0.47724100888396215f,-3.618682075547734f,6.053434368389125e-7f,1.4280993612423538f,0f,0f,0f,1f],start_interpolation:0}
execute if entity @s[tag=aj.dimension_slash.bone.moonveil] run data modify entity @s {} merge value {transformation:[1.7086672943323056f,1.391704736783651f,-0.9516206747055631f,-0.32779875424120086f,0.9062653973908342f,0.9896792054707103f,1.7579103534841292f,4.122866618671051f,0.509057076142893f,-6.433212578751528f,0.06456996659615066f,9.254686989600557f,0f,0f,0f,1f],start_interpolation:0}
execute if entity @s[tag=aj.dimension_slash.bone.left_arm] run data modify entity @s {} merge value {transformation:[0.851400448442858f,0.4389847991006516f,0.2870707622692716f,-0.27759776104901784f,0.4650984390881109f,-0.884869147699486f,-0.026268486964177995f,3.8720084308424987f,0.24248859426600455f,0.1558811650204889f,-0.957549134009713f,9.780080684347592f,0f,0f,0f,1f],start_interpolation:0}
execute if entity @s[tag=aj.dimension_slash.bone.head] run data modify entity @s {} merge value {transformation:[0.8521121420959166f,-0.15615239264202474f,-0.4995210982179624f,0.04749015059080239f,0.01591999297415435f,0.9617436976031121f,-0.2734878680022143f,4.000536167860026f,0.5231170529780226f,0.22508996066654025f,0.8219994273055937f,9.775077383155988f,0f,0f,0f,1f],start_interpolation:0}
execute if entity @s[tag=aj.dimension_slash.bone.body_top] run data modify entity @s {} merge value {transformation:[0.9694582242079013f,0.04952682986641657f,-0.24020375650485878f,0.027988961330900862f,-0.011151885259064038f,0.9872869003079541f,0.15855665213254455f,3.611791950863769f,0.24500283053636573f,-0.15103532568142825f,0.9576857226801879f,9.834547542643051f,0f,0f,0f,1f],start_interpolation:0}
execute if entity @s[tag=aj.dimension_slash.bone.body] run data modify entity @s {} merge value {transformation:[0.9845643624489159f,0.06397476875635057f,-0.1629117710852449f,-2.510525938252074e-15f,-0.0228428107318583f,0.9698101734028998f,0.24278886622352744f,3.1875f,0.17352585453882158f,-0.23531990253017035f,0.9563018986072144f,9.9375f,0f,0f,0f,1f],start_interpolation:0}
execute if entity @s[tag=aj.dimension_slash.locator_origin.player_camera] at @s on origin run tp @s ^0 ^3.0625 ^10.4375 ~-180 ~0
execute if entity @s[tag=aj.dimension_slash.bone.right_leg2] run data modify entity @s {} merge value {transformation:[0.9722536634909194f,-0.20604681412086495f,-0.11075885616567158f,0.14391137991354322f,0.20798620978437282f,0.9781125823139798f,0.006124774167989011f,3.0354673664088594f,0.10707264061382382f,-0.028991148816832346f,0.993828437368474f,10.212854705851365f,0f,0f,0f,1f],start_interpolation:0}
execute if entity @s[tag=aj.dimension_slash.bone.right_leg] run data modify entity @s {} merge value {transformation:[0.9722536634909194f,-0.05262297019421423f,-0.227933404389144f,0.12499999999999749f,0.20798620978437282f,0.6404386326014351f,0.739310553428757f,3.265625f,0.10707264061382382f,-0.7662043988907548f,0.6336136589061507f,9.9375f,0f,0f,0f,1f],start_interpolation:0}
execute if entity @s[tag=aj.dimension_slash.bone.left_leg2] run data modify entity @s {} merge value {transformation:[0.9264812539822426f,0.25550334615673786f,-0.2763159896245627f,-0.2448993312085414f,-0.3271012979208161f,0.9097948024035326f,-0.2554959068518215f,2.872434944063117f,0.186110792051425f,0.327095487009875f,0.926483305548332f,9.8845352510192f,0f,0f,0f,1f],start_interpolation:0}
execute if entity @s[tag=aj.dimension_slash.bone.left_leg] run data modify entity @s {} merge value {transformation:[0.9264812539822426f,0.33363292162376046f,-0.17413086925724847f,-0.1250000000000025f,-0.3271012979208161f,0.9426944987862365f,0.06581658496673867f,3.2112157795644207f,0.186110792051425f,-0.004019398830686961f,0.98252054304988f,9.883090779564421f,0f,0f,0f,1f],start_interpolation:0}