execute if entity @s[tag=aj.dimension_slash.locator_origin.commands] at @s on origin run tp @s ^0 ^0 ^0 ~0 ~0
execute if entity @s[tag=aj.dimension_slash.locator_origin.dimension_slash_locator] at @s on origin run tp @s ^0 ^1.125 ^0.5 ~0 ~0
execute if entity @s[tag=aj.dimension_slash.bone.right_arm2] run data modify entity @s {} merge value {transformation:[0.863459399416187f,0.2962892880629264f,0.4082285185273095f,0.15076687570456376f,-0.4974528455023123f,0.36615148767539274f,0.7864310234055809f,0.8044144641507568f,0.08353760866514215f,-0.8821256973086437f,0.46354689308229513f,-0.25976592849485075f,0f,0f,0f,1f],start_interpolation:0}
execute if entity @s[tag=aj.dimension_slash.bone.right_arm] run data modify entity @s {} merge value {transformation:[0.863459399416187f,0.3969324971817401f,0.311259470925634f,0.24999999999999878f,-0.4974528455023123f,0.5678898318805178f,0.6557757279347642f,0.9463869221208863f,0.08353760866514215f,-0.7210726256957651f,0.6878050133655065f,-0.44003408491879203f,0f,0f,0f,1f],start_interpolation:0}
execute if entity @s[tag=aj.dimension_slash.bone.left_arm2] run data modify entity @s {} merge value {transformation:[0.936887737160306f,-0.34499476818610386f,0.0567448489544013f,-0.21311333038362346f,0.1561074646260358f,0.5579911001261717f,0.8150315280208588f,0.752692803234595f,-0.312844733768482f,-0.75473474950091f,0.5766312777235785f,-0.24156118802739662f,0f,0f,0f,1f],start_interpolation:0}
execute if entity @s[tag=aj.dimension_slash.bone.spinning_slash] run data modify entity @s {} merge value {transformation:[0.000019925584036507097f,-0.0000014909670406788381f,7.39746595614288e-7f,-0.08009704993497588f,0.0000010538792965297063f,0.000004033329927456828f,-0.00001952310057496495f,1.1557021703240409f,0.000001363979190618262f,0.0000186643215183867f,0.00000427800408065263f,2.319709357363255f,0f,0f,0f,1f],start_interpolation:0}
execute if entity @s[tag=aj.dimension_slash.bone.moonveil_slash] run data modify entity @s {} merge value {transformation:[1.8680235034225403f,-0.13977816006364108f,6.93512433388395e-7f,-0.07931008547155642f,0.09880118404965996f,0.3781246806990776f,-0.000018302906789029642f,1.134932914393227f,0.12787304912046205f,1.749780142348753f,0.000004010628825611841f,2.3242604255341623f,0f,0f,0f,1f],start_interpolation:0}
execute if entity @s[tag=aj.dimension_slash.bone.moonveil] run data modify entity @s {} merge value {transformation:[1.9925584036507096f,-0.1490967040678838f,0.07397465956142879f,0.042445803725468134f,0.10538792965297061f,0.4033329927456828f,-1.9523100574964949f,0.5790671572891104f,0.1363979190618262f,1.8664321518386697f,0.427800408065263f,0.058652701949768904f,0f,0f,0f,1f],start_interpolation:0}
execute if entity @s[tag=aj.dimension_slash.bone.left_arm] run data modify entity @s {} merge value {transformation:[0.936887737160306f,-0.32895351000862705f,0.11845233729920857f,-0.17824074074074198f,0.1561074646260358f,0.6967227432321473f,0.7001484689343416f,0.9463869221208863f,-0.312844733768482f,-0.6374692206813406f,0.7041030927621695f,-0.44003408491879203f,0f,0f,0f,1f],start_interpolation:0}
execute if entity @s[tag=aj.dimension_slash.bone.head] run data modify entity @s {} merge value {transformation:[0.9998116031712697f,-0.00033135764004917903f,0.0194074306957366f,-1.2079212988812204e-15f,0.0025043229717011985f,0.9936995384533702f,-0.1120488984506875f,1.0763726055870244f,-0.019248026666358498f,0.11207639126806968f,0.9935131584381648f,-0.37865180250895547f,0f,0f,0f,1f],start_interpolation:0}
execute if entity @s[tag=aj.dimension_slash.bone.body_top] run data modify entity @s {} merge value {transformation:[1f,0f,0f,-1.2079212988812204e-15f,0f,0.904248232807918f,-0.4270071819814714f,0.7203248639189067f,0f,0.4270071819814714f,0.904248232807918f,-0.5467858804141599f,0f,0f,0f,1f],start_interpolation:0}
execute if entity @s[tag=aj.dimension_slash.bone.body] run data modify entity @s {} merge value {transformation:[1f,0f,0f,-1.2079212988812204e-15f,0f,0.937462122819935f,-0.3480872997940905f,0.3101851851851851f,0f,0.3480872997940905f,0.937462122819935f,-0.6990740740740744f,0f,0f,0f,1f],start_interpolation:0}
execute if entity @s[tag=aj.dimension_slash.locator_origin.player_camera] at @s on origin run tp @s ^0 ^0.18519 ^-0.19907 ~-180 ~0
execute if entity @s[tag=aj.dimension_slash.bone.right_leg2] run data modify entity @s {} merge value {transformation:[0.9998568648007643f,0.016582718070182908f,0.003356094782784448f,0.12323326763893346f,-0.015914529210362113f,0.9891396965197949f,-0.14611429953546895f,0.17338378308011976f,-0.005742618810154013f,0.14603997476764036f,0.9892620219633768f,-0.41105686806037783f,0f,0f,0f,1f],start_interpolation:0}
execute if entity @s[tag=aj.dimension_slash.bone.right_leg] run data modify entity @s {} merge value {transformation:[0.9998568648007643f,0.004916124830790502f,0.01618893533974019f,0.12499999999999879f,-0.015914529210362113f,0.5980560754227906f,0.8012962363632453f,0.3883101851851851f,-0.005742618810154013f,-0.8014391819511556f,0.5980487103595022f,-0.6990740740740744f,0f,0f,0f,1f],start_interpolation:0}
execute if entity @s[tag=aj.dimension_slash.bone.left_leg2] run data modify entity @s {} merge value {transformation:[0.9999529895412707f,-0.004432867834332756f,0.008623710932008272f,-0.12243159379609868f,0.00965963611919802f,0.3781237429889282f,-0.925704664792226f,0.13858048593311614f,0.0008426965765837391f,0.9257444489008866f,0.37814878710855804f,-0.971013912923501f,0f,0f,0f,1f],start_interpolation:0}
execute if entity @s[tag=aj.dimension_slash.bone.left_leg] run data modify entity @s {} merge value {transformation:[0.9999529895412707f,-0.007146869436946199f,0.006552935580848119f,-0.12500000000000122f,0.00965963611919802f,0.6755121194029304f,-0.7372856081396174f,0.38134265384354427f,0.0008426965765837391f,0.7373142469781878f,0.6755493994264724f,-0.7060416054157148f,0f,0f,0f,1f],start_interpolation:0}