execute if entity @s[tag=aj.dimension_slash.locator_origin.commands] at @s on origin run tp @s ^0 ^0 ^0 ~0 ~0
execute if entity @s[tag=aj.dimension_slash.locator_origin.dimension_slash_locator] at @s on origin run tp @s ^0 ^1.125 ^0.5 ~0 ~0
execute if entity @s[tag=aj.dimension_slash.bone.right_arm2] run data modify entity @s {} merge value {transformation:[0.888554518251128f,0.32706800623671806f,0.3217100983678379f,0.15020296634091826f,-0.44651243725016115f,0.45552137640204127f,0.7701473359180764f,1.0508888840891604f,0.1053447268562917f,-0.8279654551592884f,0.5507955097733144f,0.2665288575062056f,0f,0f,0f,1f],start_interpolation:0}
execute if entity @s[tag=aj.dimension_slash.bone.right_arm] run data modify entity @s {} merge value {transformation:[0.888554518251128f,0.39918813463632186f,0.22609666353371863f,0.24999999999999872f,-0.44651243725016115f,0.6393286599640422f,0.6260075941468303f,1.210721049080171f,0.1053447268562917f,-0.6571968485272548f,0.7463208363762983f,0.10222964537439189f,0f,0f,0f,1f],start_interpolation:0}
execute if entity @s[tag=aj.dimension_slash.bone.left_arm2] run data modify entity @s {} merge value {transformation:[0.9448076705333158f,-0.32478989257375146f,0.04301152616846286f,-0.22750427602446438f,0.1315928901613806f,0.4964309556870605f,0.8580440650075066f,1.0348002272494095f,-0.3000362927387021f,-0.8050266032359195f,0.5117718154823037f,0.31571623124373405f,0f,0f,0f,1f],start_interpolation:0}
execute if entity @s[tag=aj.dimension_slash.bone.spinning_slash] run data modify entity @s {} merge value {transformation:[0.00001991776072127593f,-0.0000014924515478622804f,9.999893036578784e-7f,-0.09830840995888687f,0.0000013253763870154599f,0.000004567052840567338f,-0.000019413048782207662f,1.5583232071413158f,0.0000012353887172626123f,0.000019162574900096486f,0.000004704631587297274f,2.990832986024678f,0f,0f,0f,1f],start_interpolation:0}
execute if entity @s[tag=aj.dimension_slash.bone.moonveil_slash] run data modify entity @s {} merge value {transformation:[1.867290067619618f,-0.13991733261208877f,9.37489972179261e-7f,-0.09777650075481353f,0.12425403628269935f,0.42816120380318795f,-0.000018199733233319682f,1.5479971173635456f,0.11581769224336988f,1.7964913968840452f,0.000004410592113091194f,2.9933354496349422f,0f,0f,0f,1f],start_interpolation:0}
execute if entity @s[tag=aj.dimension_slash.bone.moonveil] run data modify entity @s {} merge value {transformation:[1.9917760721275926f,-0.14924515478622802f,0.09999893036578784f,0.02499802721051131f,0.13253763870154597f,0.45670528405673383f,-1.941304878220766f,0.9265793671078028f,0.12353887172626121f,1.9162574900096483f,0.4704631587297273f,0.6687381646742794f,0f,0f,0f,1f],start_interpolation:0}
execute if entity @s[tag=aj.dimension_slash.bone.left_arm] run data modify entity @s {} merge value {transformation:[0.9448076705333158f,-0.31238673116880555f,0.09875725740965971f,-0.18750000000000128f,0.1315928901613806f,0.6378868422423558f,0.7588041168529929f,1.210721049080171f,-0.3000362927387021f,-0.7039281971080177f,0.6437882542854222f,0.10222964537439189f,0f,0f,0f,1f],start_interpolation:0}
execute if entity @s[tag=aj.dimension_slash.bone.head] run data modify entity @s {} merge value {transformation:[1f,0f,0f,-1.2782250966100499e-15f,0f,0.9990482215818578f,-0.04361938736533605f,1.3435287318786684f,0f,0.04361938736533605f,0.9990482215818578f,0.15724038877687355f,0f,0f,0f,1f],start_interpolation:0}
execute if entity @s[tag=aj.dimension_slash.bone.body_top] run data modify entity @s {} merge value {transformation:[1f,0f,0f,-1.2782250966100499e-15f,0f,0.9238795325112867f,-0.3826834323650897f,0.9797511659523492f,0f,0.3826834323650897f,0.9238795325112867f,0.006558787283119455f,0f,0f,0f,1f],start_interpolation:0}
execute if entity @s[tag=aj.dimension_slash.bone.body] run data modify entity @s {} merge value {transformation:[1f,0f,0f,-1.2782250966100499e-15f,0f,0.9537169507482269f,-0.30070579950427306f,0.5625f,0f,0.30070579950427306f,0.9537169507482269f,-0.125f,0f,0f,0f,1f],start_interpolation:0}
execute if entity @s[tag=aj.dimension_slash.locator_origin.player_camera] at @s on origin run tp @s ^0 ^0.4375 ^0.375 ~-180 ~0
execute if entity @s[tag=aj.dimension_slash.bone.right_leg2] run data modify entity @s {} merge value {transformation:[1f,0f,0f,0.12499999999999872f,0f,0.9914448613738105f,-0.13052619222005146f,0.421851361449991f,0f,0.13052619222005146f,0.9914448613738105f,0.16011135666716264f,0f,0f,0f,1f],start_interpolation:0}
execute if entity @s[tag=aj.dimension_slash.bone.right_leg] run data modify entity @s {} merge value {transformation:[1f,0f,0f,0.12499999999999872f,0f,0.6087614290087207f,0.7933533402912352f,0.640625f,0f,-0.7933533402912352f,0.6087614290087207f,-0.125f,0f,0f,0f,1f],start_interpolation:0}
execute if entity @s[tag=aj.dimension_slash.bone.left_leg2] run data modify entity @s {} merge value {transformation:[1f,0f,0f,-0.12500000000000128f,0f,0.46174861323503424f,-0.8870108331782216f,0.3726684297376677f,0f,0.8870108331782216f,0.46174861323503424f,-0.37078775820807186f,0f,0f,0f,1f],start_interpolation:0}
execute if entity @s[tag=aj.dimension_slash.bone.left_leg] run data modify entity @s {} merge value {transformation:[1f,0f,0f,-0.12500000000000128f,0f,0.7372773368101242f,-0.6755902076156601f,0.637627472653806f,0f,0.6755902076156601f,0.7372773368101242f,-0.12799752734619396f,0f,0f,0f,1f],start_interpolation:0}