execute if entity @s[tag=aj.dimension_slash.locator_origin.dimension_slash_locator] at @s on origin run tp @s ^0 ^1.125 ^0.5 ~0 ~0
execute if entity @s[tag=aj.dimension_slash.bone.right_arm2] run data modify entity @s {} merge value {transformation:[0.8887465534282207f,-0.45085440363330737f,0.08282433515527829f,0.41740297832493095f,0.4120450265605706f,0.7065528467471156f,-0.5753277073462095f,3.6826229555311025f,0.20086926060539428f,0.5454478723746219f,0.8137187220814329f,9.964690880096924f,0f,0f,0f,1f],start_interpolation:0}
execute if entity @s[tag=aj.dimension_slash.bone.right_arm] run data modify entity @s {} merge value {transformation:[0.8887465534282207f,-0.45085440363330737f,0.08282433515527829f,0.3046893774166041f,0.4120450265605706f,0.7065528467471156f,-0.5753277073462095f,3.8592611672178814f,0.20086926060539428f,0.5454478723746219f,0.8137187220814329f,10.10105284819058f,0f,0f,0f,1f],start_interpolation:0}
execute if entity @s[tag=aj.dimension_slash.bone.left_arm2] run data modify entity @s {} merge value {transformation:[0.8578826578181292f,-0.10489765781894386f,0.5030246781212652f,-0.5388821444818981f,0.010026259467466533f,-0.9753376667501525f,-0.22049015837324631f,3.9917843782294886f,0.5137478170620229f,0.19419813902936342f,-0.8356735386869314f,10.176356037163663f,0f,0f,0f,1f],start_interpolation:0}
execute if entity @s[tag=aj.dimension_slash.locator_origin.moonveil] at @s on origin run tp @s ^-0.37691 ^4.49423 ^10.04972 ~-149.49802 ~10.91081
execute if entity @s[tag=aj.dimension_slash.locator_origin.moonveil2] at @s on origin run tp @s ^-0.3203 ^5.04226 ^9.96046 ~-149.49802 ~10.91081
execute if entity @s[tag=aj.dimension_slash.locator_origin.moonveil3] at @s on origin run tp @s ^-0.25237 ^5.6999 ^9.85335 ~-149.49802 ~10.91081
execute if entity @s[tag=aj.dimension_slash.locator_origin.moonveil4] at @s on origin run tp @s ^-0.00886 ^6.17695 ^9.44682 ~-149.49802 ~10.91081
execute if entity @s[tag=aj.dimension_slash.locator_origin.moonveil5] at @s on origin run tp @s ^0.31112 ^6.45411 ^8.90845 ~-149.49802 ~10.91081
execute if entity @s[tag=aj.dimension_slash.locator_origin.moonveil6] at @s on origin run tp @s ^0.67925 ^6.25734 ^8.28284 ~-149.49802 ~10.91081
execute if entity @s[tag=aj.dimension_slash.locator_origin.moonveil7] at @s on origin run tp @s ^0.96528 ^5.57918 ^7.79045 ~-149.49802 ~10.91081
execute if entity @s[tag=aj.dimension_slash.locator_origin.moonveil8] at @s on origin run tp @s ^0.88037 ^4.75713 ^7.92435 ~-149.49802 ~10.91081
execute if entity @s[tag=aj.dimension_slash.locator_origin.moonveil9] at @s on origin run tp @s ^0.57456 ^4.30373 ^8.43662 ~-149.49802 ~10.91081
execute if entity @s[tag=aj.dimension_slash.bone.spinning_slash] run data modify entity @s {} merge value {transformation:[0.000017219949709283216f,0.000001811551020907853f,-0.000009967857687669367f,-0.06224518041425947f,-1.2212468798827108e-7f,0.000017537069592414346f,0.0000037856154778709065f,6.537375085250041f,0.000010171451104456081f,-0.0000028563385917377725f,0.000016920724824075205f,9.651461753127395f,0f,0f,0f,1f],start_interpolation:0}
execute if entity @s[tag=aj.dimension_slash.bone.moonveil_slash] run data modify entity @s {} merge value {transformation:[1.6143702852453015f,0.10189974492606671f,-0.000009344866582190032f,-0.10068505713532488f,-0.011449189498900413f,0.9864601645733067f,0.000003549014510503975f,6.551973868342895f,0.9535735410427575f,-0.16066904578524968f,0.000015863179522570506f,9.716714548326621f,0f,0f,0f,1f],start_interpolation:0}
execute if entity @s[tag=aj.dimension_slash.bone.moonveil] run data modify entity @s {} merge value {transformation:[1.7219949709283215f,0.18115510209078528f,-0.9967857687669366f,-0.40643004741949995f,-0.012212468798827108f,1.7537069592414343f,0.3785615477870906f,4.42685531808619f,1.017145110445608f,-0.2856338591737772f,1.6920724824075202f,10.085922823341123f,0f,0f,0f,1f],start_interpolation:0}
execute if entity @s[tag=aj.dimension_slash.bone.left_arm] run data modify entity @s {} merge value {transformation:[0.8578826578181292f,0.4381780467428068f,0.2683977361446278f,-0.3221023005689302f,0.010026259467466533f,-0.5365062104139289f,0.8438368090504087f,3.8589111080594396f,0.5137478170620229f,-0.7212219391698672f,-0.4646526605154248f,10.06026902950395f,0f,0f,0f,1f],start_interpolation:0}
execute if entity @s[tag=aj.dimension_slash.bone.head] run data modify entity @s {} merge value {transformation:[0.866328996881516f,-0.23196790193300718f,-0.4423403233202522f,-0.0057274231807962084f,-0.02648568150808954f,0.8630314953712628f,-0.5044552970009274f,4.006161080225437f,0.4987710675623824f,0.4487399363440262f,0.7415253816914433f,10.08150449876546f,0f,0f,0f,1f],start_interpolation:0}
execute if entity @s[tag=aj.dimension_slash.bone.body_top] run data modify entity @s {} merge value {transformation:[0.986640576804778f,-0.014550402406311135f,-0.16226107972076848f,0.0000017977666888014258f,-0.020911308531028353f,0.9764530719416241f,-0.21471403184534893f,3.6216826831484217f,0.1615645053155405f,0.21523866772859335f,0.9631039541693124f,9.996754273347326f,0f,0f,0f,1f],start_interpolation:0}
execute if entity @s[tag=aj.dimension_slash.bone.body] run data modify entity @s {} merge value {transformation:[0.9859544077632101f,0.0000041091810087136305f,-0.16701468736435224f,-2.5107875510326536e-15f,-0.021808707244382854f,0.9914409989821064f,-0.12872111647158682f,3.18792724609375f,0.16558467954683034f,0.13055552657960387f,0.9775157125994937f,9.93963623046875f,0f,0f,0f,1f],start_interpolation:0}
execute if entity @s[tag=aj.dimension_slash.locator_origin.player_camera] at @s on origin run tp @s ^0 ^2.68793 ^10.43964 ~-180 ~0
execute if entity @s[tag=aj.dimension_slash.bone.right_leg2] run data modify entity @s {} merge value {transformation:[0.9723839371704917f,-0.22800519638682984f,-0.049830805265582964f,0.1690002470112982f,0.20647549735223458f,0.9399568928461467f,-0.27175155672813545f,2.9612400737488276f,0.10879957594568401f,0.25395800836284094f,0.9610764705591426f,10.124849373842308f,0f,0f,0f,1f],start_interpolation:0}
execute if entity @s[tag=aj.dimension_slash.bone.right_leg] run data modify entity @s {} merge value {transformation:[0.9723839371704917f,-0.12243546994448895f,-0.19869331753303993f,0.12499999999999749f,0.20647549735223458f,0.8481730013076105f,0.4878221282865175f,3.26605224609375f,0.10879957594568401f,-0.5153757033003324f,0.8500297269635498f,9.93963623046875f,0f,0f,0f,1f],start_interpolation:0}
execute if entity @s[tag=aj.dimension_slash.bone.left_leg2] run data modify entity @s {} merge value {transformation:[0.9430821243807677f,0.07133092944624014f,-0.32481995809647196f,-0.18901335442383654f,-0.2932348773807145f,0.6390997807090919f,-0.711030784836429f,2.9262403560711148f,0.15687387724211957f,0.7658089636468918f,0.6236402952320337f,9.721083470568288f,0f,0f,0f,1f],start_interpolation:0}
execute if entity @s[tag=aj.dimension_slash.bone.left_leg] run data modify entity @s {} merge value {transformation:[0.9430821243807677f,0.17812411665762515f,-0.2808343029944865f,-0.1250000000000025f,-0.2932348773807145f,0.843744198816944f,-0.44956538306487837f,3.229460927520954f,0.15687387724211957f,0.5063274889117657f,0.8479522749608791f,9.903044911895954f,0f,0f,0f,1f],start_interpolation:0}