execute if entity @s[tag=aj.dimension_slash.locator_origin.dimension_slash_locator] at @s on origin run tp @s ^0 ^1.125 ^0.5 ~0 ~0
execute if entity @s[tag=aj.dimension_slash.bone.right_arm2] run data modify entity @s {} merge value {transformation:[0.8763034648271236f,0.3105669081861643f,0.36829394927376247f,0.1509514947631531f,-0.4727631600007117f,0.40731257310968033f,0.7814035208091357f,0.9242989893046707f,0.09266731936405403f,-0.8588624239809646f,0.5037540119894058f,0.0095150730049742f,0f,0f,0f,1f],start_interpolation:0}
execute if entity @s[tag=aj.dimension_slash.bone.right_arm] run data modify entity @s {} merge value {transformation:[0.8763034648271236f,0.39619402094738265f,0.2740849052712006f,0.24999999999999875f,-0.4727631600007117f,0.5977715148028969f,0.6474289232312623f,1.073741868005395f,0.09266731936405403f,-0.6969214545813576f,0.7111351869132095f,-0.1647152906403652f,0f,0f,0f,1f],start_interpolation:0}
execute if entity @s[tag=aj.dimension_slash.bone.left_arm2] run data modify entity @s {} merge value {transformation:[0.9409120457382422f,-0.33510217781234913f,0.0488983906698036f,-0.22001883999039457f,0.1451492570444314f,0.5295146153282098f,0.8357906229034089f,0.8895389569179264f,-0.3059676704557617f,-0.7793078997284957f,0.5468665121001977f,0.042200824613600474f,0f,0f,0f,1f],start_interpolation:0}
execute if entity @s[tag=aj.dimension_slash.locator_origin.moonveil] at @s on origin run tp @s ^0.03287 ^0.79958 ^0.44376 ~167.89102 ~-77.04018
execute if entity @s[tag=aj.dimension_slash.locator_origin.moonveil2] at @s on origin run tp @s ^-0.01494 ^0.93065 ^1.03653 ~167.89102 ~-77.04018
execute if entity @s[tag=aj.dimension_slash.locator_origin.moonveil3] at @s on origin run tp @s ^-0.07233 ^1.08794 ^1.74786 ~167.89102 ~-77.04018
execute if entity @s[tag=aj.dimension_slash.locator_origin.moonveil4] at @s on origin run tp @s ^-0.13779 ^1.58445 ^2.2584 ~167.89102 ~-77.04018
execute if entity @s[tag=aj.dimension_slash.locator_origin.moonveil5] at @s on origin run tp @s ^-0.19772 ^2.22438 ^2.55 ~167.89102 ~-77.04018
execute if entity @s[tag=aj.dimension_slash.locator_origin.moonveil6] at @s on origin run tp @s ^-0.22822 ^2.94216 ^2.32627 ~167.89102 ~-77.04018
execute if entity @s[tag=aj.dimension_slash.locator_origin.moonveil7] at @s on origin run tp @s ^-0.21275 ^3.48108 ^1.58274 ~167.89102 ~-77.04018
execute if entity @s[tag=aj.dimension_slash.locator_origin.moonveil8] at @s on origin run tp @s ^-0.14102 ^3.28447 ^0.69358 ~167.89102 ~-77.04018
execute if entity @s[tag=aj.dimension_slash.locator_origin.moonveil9] at @s on origin run tp @s ^-0.06968 ^2.66614 ^0.21045 ~167.89102 ~-77.04018
execute if entity @s[tag=aj.dimension_slash.bone.spinning_slash] run data modify entity @s {} merge value {transformation:[0.000019916033721833635f,-0.0000015301719149769409f,9.409005485911404e-7f,-0.09368360905798392f,0.0000012602375705816121f,0.000004194273131352427f,-0.000019490551607946834f,1.3413812556665694f,0.0000013279314954017713f,0.000018968730664717886f,0.000004385556313128605f,2.669642007249893f,0f,0f,0f,1f],start_interpolation:0}
execute if entity @s[tag=aj.dimension_slash.bone.moonveil_slash] run data modify entity @s {} merge value {transformation:[1.8671281614219033f,-0.1434536170290882f,8.820942643041941e-7f,-0.09293289053517184f,0.11814727224202613f,0.39321310606429005f,-0.00001827239213245016f,1.3258302836389522f,0.12449357769391606f,1.7783184998173018f,0.000004111459043558068f,2.673141121329517f,0f,0f,0f,1f],start_interpolation:0}
execute if entity @s[tag=aj.dimension_slash.bone.moonveil] run data modify entity @s {} merge value {transformation:[1.9916033721833635f,-0.15301719149769408f,0.09409005485911404f,0.03425954983940224f,0.1260237570581612f,0.41942731313524273f,-1.9490551607946833f,0.749806420492734f,0.13279314954017712f,1.8968730664717885f,0.43855563131286046f,0.37088228617105623f,0f,0f,0f,1f],start_interpolation:0}
execute if entity @s[tag=aj.dimension_slash.bone.left_arm] run data modify entity @s {} merge value {transformation:[0.9409120457382422f,-0.3218621443890294f,0.10530566078787788f,-0.18287037037037163f,0.1451492570444314f,0.6642370158276585f,0.7332945383567349f,1.073741868005395f,-0.3059676704557617f,-0.6746806257879818f,0.6717066605462625f,-0.1647152906403652f,0f,0f,0f,1f],start_interpolation:0}
execute if entity @s[tag=aj.dimension_slash.bone.head] run data modify entity @s {} merge value {transformation:[0.9999528993052497f,-0.0003576022403023575f,0.009699035604787874f,-1.2430731977456352e-15f,0.0010651051767511504f,0.9973285148151727f,-0.07303902441520188f,1.2048933945248907f,-0.009647005856102198f,0.07304591471944022f,0.997281920833228f,-0.10586514542723938f,0f,0f,0f,1f],start_interpolation:0}
execute if entity @s[tag=aj.dimension_slash.bone.body_top] run data modify entity @s {} merge value {transformation:[1f,0f,0f,-1.2430731977456352e-15f,0f,0.9123584453530142f,-0.4093923145260926f,0.8456522566671414f,0f,0.4093923145260926f,0.9123584453530142f,-0.26706336927188834f,0f,0f,0f,1f],start_interpolation:0}
execute if entity @s[tag=aj.dimension_slash.bone.body] run data modify entity @s {} merge value {transformation:[1f,0f,0f,-1.2430731977456352e-15f,0f,0.9435014543926198f,-0.33136838346319536f,0.43287037037037024f,0f,0.33136838346319536f,0.9435014543926198f,-0.4120370370370363f,0f,0f,0f,1f],start_interpolation:0}
execute if entity @s[tag=aj.dimension_slash.locator_origin.player_camera] at @s on origin run tp @s ^0 ^-0.06713 ^0.08796 ~-180 ~0
execute if entity @s[tag=aj.dimension_slash.bone.right_leg2] run data modify entity @s {} merge value {transformation:[0.9999642152988811f,0.008290706633371213f,0.00168294539791241f,0.12418907674135815f,-0.007957614970690172f,0.9893254922535617f,-0.1455051433497327f,0.3032768129325264f,-0.0028713212413848206f,0.1454865442601735f,0.9893560637877354f,-0.11877480979934757f,0f,0f,0f,1f],start_interpolation:0}
execute if entity @s[tag=aj.dimension_slash.bone.right_leg] run data modify entity @s {} merge value {transformation:[0.9999642152988811f,0.002256482110999919f,0.008153306701928816f,0.12499999999999875f,-0.007957614970690172f,0.5779994641748698f,0.8159983429992623f,0.5109953703703702f,-0.0028713212413848206f,-0.8160340236179164f,0.5779967368526251f,-0.4120370370370363f,0f,0f,0f,1f],start_interpolation:0}
execute if entity @s[tag=aj.dimension_slash.bone.left_leg2] run data modify entity @s {} merge value {transformation:[0.9999882473141841f,-0.0023410584870353418f,0.004245548099648922f,-0.1236765347620346f,0.0048298756810696295f,0.4049325432437008f,-0.9143338054141354f,0.25449299926067287f,0.0004213483256937842f,0.9143435650057088f,0.4049390912201979f,-0.6734847131777881f,0f,0f,0f,1f],start_interpolation:0}
execute if entity @s[tag=aj.dimension_slash.bone.left_leg] run data modify entity @s {} merge value {transformation:[0.9999882473141841f,-0.003682685879559363f,0.0031532615208141007f,-0.12500000000000125f,0.0048298756810696295f,0.7001880862022174f,-0.7139420958602887f,0.5061230927395948f,0.0004213483256937842f,0.7139489349842807f,0.7001976440265989f,-0.4169093146678122f,0f,0f,0f,1f],start_interpolation:0}