execute if entity @s[tag=aj.dimension_slash.locator_origin.dimension_slash_locator] at @s on origin run tp @s ^0 ^1.125 ^0.5 ~0 ~0
execute if entity @s[tag=aj.dimension_slash.bone.right_arm2] run data modify entity @s {} merge value {transformation:[0.77756016730706f,-0.5726002992217837f,-0.2598635864228399f,0.4264404474751252f,-0.6282528764730586f,-0.7247993361974051f,-0.2827794997009642f,2.677445556283787f,-0.02642932879859297f,0.3831381207592428f,-0.9233128781731198f,9.937573688085259f,0f,0f,0f,1f],start_interpolation:0}
execute if entity @s[tag=aj.dimension_slash.bone.right_arm] run data modify entity @s {} merge value {transformation:[0.77756016730706f,-0.5726002992217837f,-0.2598635864228399f,0.28329037266967927f,-0.6282528764730586f,-0.7247993361974051f,-0.2827794997009642f,2.496245722234436f,-0.02642932879859297f,0.3831381207592428f,-0.9233128781731198f,10.033358218275069f,0f,0f,0f,1f],start_interpolation:0}
execute if entity @s[tag=aj.dimension_slash.bone.left_arm2] run data modify entity @s {} merge value {transformation:[0.9435297360605915f,0.041654712694499774f,-0.32865867108562496f,-0.410708367532858f,-0.3181321256418442f,0.39071671462680757f,-0.8637895574419934f,2.6039833279677955f,0.09243153035643259f,0.9195680147882328f,0.38190454091879467f,9.668867017269308f,0f,0f,0f,1f],start_interpolation:0}
execute if entity @s[tag=aj.dimension_slash.locator_origin.moonveil] at @s on origin run tp @s ^-0.36276 ^2.35943 ^9.22007 ~41.14016 ~60.00157
execute if entity @s[tag=aj.dimension_slash.locator_origin.moonveil2] at @s on origin run tp @s ^-0.39761 ^1.77894 ^7.85447 ~41.14016 ~60.00157
execute if entity @s[tag=aj.dimension_slash.locator_origin.moonveil3] at @s on origin run tp @s ^-0.43943 ^1.08234 ^6.21576 ~41.14016 ~60.00157
execute if entity @s[tag=aj.dimension_slash.locator_origin.moonveil4] at @s on origin run tp @s ^-0.59763 ^0.17709 ^4.99136 ~41.14016 ~60.00157
execute if entity @s[tag=aj.dimension_slash.locator_origin.moonveil5] at @s on origin run tp @s ^-0.80706 ^-0.7164 ^4.24724 ~41.14016 ~60.00157
execute if entity @s[tag=aj.dimension_slash.locator_origin.moonveil6] at @s on origin run tp @s ^-1.05027 ^-1.30788 ^4.6662 ~41.14016 ~60.00157
execute if entity @s[tag=aj.dimension_slash.locator_origin.moonveil7] at @s on origin run tp @s ^-1.24157 ^-1.32279 ^6.29067 ~41.14016 ~60.00157
execute if entity @s[tag=aj.dimension_slash.locator_origin.moonveil8] at @s on origin run tp @s ^-1.18929 ^-0.45206 ^8.33906 ~41.14016 ~60.00157
execute if entity @s[tag=aj.dimension_slash.locator_origin.moonveil9] at @s on origin run tp @s ^-0.98997 ^0.56146 ^9.51639 ~41.14016 ~60.00157
execute if entity @s[tag=aj.dimension_slash.bone.spinning_slash] run data modify entity @s {} merge value {transformation:[0.000018881205095445816f,-0.3568630790042384f,2.8288502783116294f,-0.48630284550075265f,-0.000006229566662104918f,-5.9442427120300145f,7.447935944029913f,0.03733684169663931f,0.0000021662394480070677f,-13.983704004891786f,-3.2381871898522703f,4.135249676169332f,0f,0f,0f,1f],start_interpolation:0}
execute if entity @s[tag=aj.dimension_slash.bone.moonveil_slash] run data modify entity @s {} merge value {transformation:[1.770112977698045f,-0.06272983810621378f,0.0000061675514788771f,-0.4510596941928835f,-0.584021874572336f,-1.044886414224026f,0.000016238232436111732f,0.13012674133156388f,0.20308494825066256f,-2.458072969609884f,-0.000007060001140666288f,4.094906812508381f,0f,0f,0f,1f],start_interpolation:0}
execute if entity @s[tag=aj.dimension_slash.bone.moonveil] run data modify entity @s {} merge value {transformation:[1.8881205095445814f,-0.1115197121888245f,0.6578721577468906f,-0.35359010037138155f,-0.6229566662104917f,-1.8575758475093795f,1.7320781265185845f,2.46764268403082f,0.21662394480070674f,-4.369907501528683f,-0.7530667883377373f,9.390428509252516f,0f,0f,0f,1f],start_interpolation:0}
execute if entity @s[tag=aj.dimension_slash.bone.left_arm] run data modify entity @s {} merge value {transformation:[0.9435297360605915f,-0.167027816811139f,-0.2861002369463103f,-0.3345241047280688f,-0.3181321256418442f,-0.21586535469440316f,-0.923143596239101f,2.510250473588964f,0.09243153035643259f,0.9620311102318693f,-0.2568122955428805f,9.92092873612183f,0f,0f,0f,1f],start_interpolation:0}
execute if entity @s[tag=aj.dimension_slash.bone.head] run data modify entity @s {} merge value {transformation:[0.9758591238228318f,-0.08677991729288154f,-0.20042009980632103f,-0.03260260448383635f,-0.0019107251856722816f,-0.9210276918830834f,0.3894924131658837f,2.361326813032327f,-0.21839258133233325f,-0.37970677731528474f,-0.898959088991173f,10.015224618941195f,0f,0f,0f,1f],start_interpolation:0}
execute if entity @s[tag=aj.dimension_slash.bone.body_top] run data modify entity @s {} merge value {transformation:[0.9963892936547857f,-0.03145268094883535f,0.0788612981838877f,-0.020218111360232438f,-0.0274907457282813f,-0.9983288155978929f,-0.050831435610360215f,2.754418784173997f,0.08032829133885684f,0.04847994232709009f,-0.9955888010632404f,9.996135641649904f,0f,0f,0f,1f],start_interpolation:0}
execute if entity @s[tag=aj.dimension_slash.bone.body] run data modify entity @s {} merge value {transformation:[0.9848077535288207f,-0.04621282596623983f,0.16738597105412287f,-2.510525938252074e-15f,-0.022665701065877834f,-0.9898999218880071f,-0.13994431264366694f,3.1875f,0.17216258183679137f,0.13402432377121012f,-0.9759085643916436f,9.9375f,0f,0f,0f,1f],start_interpolation:0}
execute if entity @s[tag=aj.dimension_slash.locator_origin.player_camera] at @s on origin run tp @s ^0 ^2.6875 ^10.4375 ~-180 ~0
execute if entity @s[tag=aj.dimension_slash.bone.right_leg2] run data modify entity @s {} merge value {transformation:[0.9692874274967592f,0.13737646780028934f,0.20398428613849343f,0.13334210558666246f,0.19167408523564344f,-0.9416738818694752f,-0.27660684238455413f,3.464160364330779f,0.15408740359222742f,0.30721003613096737f,-0.9390841632966751f,9.638059673708725f,0f,0f,0f,1f],start_interpolation:0}
execute if entity @s[tag=aj.dimension_slash.bone.right_leg] run data modify entity @s {} merge value {transformation:[0.9692874274967592f,-0.02321281554550253f,0.24483269408141792f,0.12499999999999749f,0.19167408523564344f,-0.5524462311812983f,-0.8112115671652244f,3.265625f,0.15408740359222742f,0.8332252557670287f,-0.5310298910665727f,9.9375f,0f,0f,0f,1f],start_interpolation:0}
execute if entity @s[tag=aj.dimension_slash.bone.left_leg2] run data modify entity @s {} merge value {transformation:[0.9842311683684171f,-0.16860289489201977f,0.0534983275081681f,-0.06172608774611646f,-0.16432516859969928f,-0.9834545848057266f,-0.07625167925544801f,3.519543767864672f,0.06546942933019255f,0.0662581576760618f,-0.9956523541701452f,9.71472488992758f,0f,0f,0f,1f],start_interpolation:0}
execute if entity @s[tag=aj.dimension_slash.bone.left_leg] run data modify entity @s {} merge value {transformation:[0.9842311683684171f,-0.17606653844559592f,-0.017017087057607f,-0.1250000000000025f,-0.16432516859969928f,-0.8744872611016428f,-0.45636528037924506f,3.205274908406269f,0.06546942933019255f,0.45196526881026167f,-0.8896297823322048f,9.877149908406269f,0f,0f,0f,1f],start_interpolation:0}