execute if entity @s[tag=aj.dimension_slash.locator_origin.commands] at @s on origin run tp @s ^0 ^0 ^0 ~0 ~0
execute if entity @s[tag=aj.dimension_slash.locator_origin.dimension_slash_locator] at @s on origin run tp @s ^0 ^1.125 ^0.5 ~0 ~0
execute if entity @s[tag=aj.dimension_slash.bone.right_arm2] run data modify entity @s {} merge value {transformation:[0.8720387437276083f,-0.479816228173155f,0.09656509006707054f,0.42864055587030403f,0.4350684370986566f,0.6695560427909186f,-0.6020051167579041f,3.694565791229989f,0.22419608488666098f,0.5669842085489264f,0.7926317068964884f,9.934004751323135f,0f,0f,0f,1f],start_interpolation:0}
execute if entity @s[tag=aj.dimension_slash.bone.right_arm] run data modify entity @s {} merge value {transformation:[0.8720387437276083f,-0.479816228173155f,0.09656509006707054f,0.30868649882701527f,0.4350684370986566f,0.6695560427909186f,-0.6020051167579041f,3.861954801927719f,0.22419608488666098f,0.5669842085489264f,0.7926317068964884f,10.075750803460366f,0f,0f,0f,1f],start_interpolation:0}
execute if entity @s[tag=aj.dimension_slash.bone.left_arm2] run data modify entity @s {} merge value {transformation:[0.8362981569045771f,-0.1733719266806317f,0.52014187275882f,-0.5403063178258425f,0.08599726132343162f,-0.8954665658718416f,-0.43674260205590243f,4.0077114100657f,0.5414885629474331f,0.4099778096979598f,-0.7339675277233912f,10.112751697298801f,0f,0f,0f,1f],start_interpolation:0}
execute if entity @s[tag=aj.dimension_slash.bone.spinning_slash] run data modify entity @s {} merge value {transformation:[0.000016797281095958808f,0.000003241125869050181f,-0.00001030338669787086f,0.14661428650904396f,0.0000013888307206491133f,0.000017203513232886272f,0.000008287183303738611f,6.479586550032483f,0.000010766731027230408f,-0.000007275641025361086f,0.000015005426200024242f,8.96009967674399f,0f,0f,0f,1f],start_interpolation:0}
execute if entity @s[tag=aj.dimension_slash.bone.moonveil_slash] run data modify entity @s {} merge value {transformation:[1.574745102746138f,0.18231333013407267f,-0.000009659425029253932f,0.10277008779469993f,0.13020288006085437f,0.9676976193498527f,0.000007769234347254948f,6.514851159835626f,1.0093810338028506f,-0.4092548076765611f,0.000014067587062522727f,9.023952554190902f,0f,0f,0f,1f],start_interpolation:0}
execute if entity @s[tag=aj.dimension_slash.bone.moonveil] run data modify entity @s {} merge value {transformation:[1.6797281095958807f,0.3241125869050181f,-1.030338669787086f,-0.37693203633234396f,0.13888307206491132f,1.720351323288627f,0.828718330373861f,4.439730595374245f,1.0766731027230407f,-0.7275641025361086f,1.500542620002424f,9.923917695491335f,0f,0f,0f,1f],start_interpolation:0}
execute if entity @s[tag=aj.dimension_slash.bone.left_arm] run data modify entity @s {} merge value {transformation:[0.8362981569045771f,0.4749297836377217f,0.2739472456000128f,-0.31703660230333996f,0.08599726132343162f,-0.6070947049452284f,0.7899623347175078f,3.866687391494822f,0.5414885629474331f,-0.6370853316795899f,-0.5485548435259966f,10.021166434747332f,0f,0f,0f,1f],start_interpolation:0}
execute if entity @s[tag=aj.dimension_slash.bone.head] run data modify entity @s {} merge value {transformation:[0.8711327478721641f,-0.22837928359919824f,-0.43470753203436585f,0.0005441567324956115f,-0.03246072661839351f,0.8565466543090093f,-0.5150476970334383f,4.01124707778475f,0.48997350623487623f,0.4627858379582932f,0.7387524831586977f,10.042880971122308f,0f,0f,0f,1f],start_interpolation:0}
execute if entity @s[tag=aj.dimension_slash.bone.body_top] run data modify entity @s {} merge value {transformation:[0.9825973427937625f,-0.007517721540652918f,-0.18559619014805795f,0.0035042595891276985f,-0.024571196920646264f,0.9851393170040307f,-0.16999053613280612f,3.623348471714413f,0.1841160455162007f,0.17159256964003208f,0.9678105557534528f,9.975316396826546f,0f,0f,0f,1f],start_interpolation:0}
execute if entity @s[tag=aj.dimension_slash.bone.body] run data modify entity @s {} merge value {transformation:[0.9840396386164514f,0.008009736203726192f,-0.17776904611756922f,-2.510525938252074e-15f,-0.0232195421358643f,0.9962250782043719f,-0.08364476325325958f,3.1875f,0.17642800938231024f,0.0864374784606755f,0.9805109483441558f,9.9375f,0f,0f,0f,1f],start_interpolation:0}
execute if entity @s[tag=aj.dimension_slash.locator_origin.player_camera] at @s on origin run tp @s ^0 ^3.0625 ^10.4375 ~-180 ~0
execute if entity @s[tag=aj.dimension_slash.bone.right_leg2] run data modify entity @s {} merge value {transformation:[0.972068976875246f,-0.22949903018402087f,-0.049113127993504674f,0.16644174903021558f,0.20583227957483408f,0.934189295114335f,-0.2914162548294266f,2.9647050539520325f,0.11276070628432514f,0.2731676335849029f,0.9553347408525896f,10.129542073860925f,0f,0f,0f,1f],start_interpolation:0}
execute if entity @s[tag=aj.dimension_slash.bone.right_leg] run data modify entity @s {} merge value {transformation:[0.972068976875246f,-0.11531617121451992f,-0.2044115575331689f,0.12499999999999749f,0.20583227957483408f,0.8373424585682572f,0.5064490890147735f,3.265625f,0.11276070628432514f,-0.5343779446564858f,0.8376904173875752f,9.9375f,0f,0f,0f,1f],start_interpolation:0}
execute if entity @s[tag=aj.dimension_slash.bone.left_leg2] run data modify entity @s {} merge value {transformation:[0.9305215745811213f,0.09002670093329182f,-0.3549997075465532f,-0.19896328004933717f,-0.31748862968399966f,0.6814877984521832f,-0.6593749696357702f,2.9134548447774415f,0.1825666159527715f,0.7262710056720317f,0.6627215531878294f,9.732406073414197f,0f,0f,0f,1f],start_interpolation:0}
execute if entity @s[tag=aj.dimension_slash.bone.left_leg] run data modify entity @s {} merge value {transformation:[0.9305215745811213f,0.20581086622423556f,-0.30293809034702196f,-0.1250000000000025f,-0.31748862968399966f,0.865648528737345f,-0.3871092800699128f,3.224547284792425f,0.1825666159527715f,0.4563929360089833f,0.8708472418861148f,9.896422284792425f,0f,0f,0f,1f],start_interpolation:0}