execute if entity @s[tag=aj.dimension_slash.locator_origin.commands] at @s on origin run tp @s ^0 ^0 ^0 ~0 ~0
execute if entity @s[tag=aj.dimension_slash.locator_origin.dimension_slash_locator] at @s on origin run tp @s ^0 ^1.125 ^0.5 ~0 ~0
execute if entity @s[tag=aj.dimension_slash.bone.right_arm2] run data modify entity @s {} merge value {transformation:[0.8928201253593926f,-0.4501107616244815f,-0.01650836221639934f,0.4207598733389337f,0.42221324292094f,0.8491238119795773f,-0.3173715951868642f,3.6530698803101385f,0.1568700138822647f,0.276385698253547f,0.9481575525963379f,10.035216276573985f,0f,0f,0f,1f],start_interpolation:0}
execute if entity @s[tag=aj.dimension_slash.bone.right_arm] run data modify entity @s {} merge value {transformation:[0.8928201253593926f,-0.4501107616244815f,-0.01650836221639934f,0.30823218293281335f,0.42221324292094f,0.8491238119795773f,-0.3173715951868642f,3.865350833305033f,0.1568700138822647f,0.276385698253547f,0.9481575525963379f,10.104312701137372f,0f,0f,0f,1f],start_interpolation:0}
execute if entity @s[tag=aj.dimension_slash.bone.left_arm2] run data modify entity @s {} merge value {transformation:[0.9748457672029902f,0.06997642979450489f,0.21161056079418222f,-0.483552008462191f,0.015691213435255646f,-0.9686267631683521f,0.24802415103156827f,4.0361428666878325f,0.22232749714631073f,-0.2384648673226636f,-0.9453597151695441f,10.240741085663105f,0f,0f,0f,1f],start_interpolation:0}
execute if entity @s[tag=aj.dimension_slash.bone.spinning_slash] run data modify entity @s {} merge value {transformation:[0.00001950957258239452f,-0.0000011571350598412057f,-0.00000418787495166765f,-0.4893747655738756f,-2.754668301521067e-8f,0.00001620673685887471f,-0.000006276270141254198f,6.4502103051678485f,0.000004401797227557746f,0.0000052300574266436456f,0.000018522152588271035f,10.858952539439072f,0f,0f,0f,1f],start_interpolation:0}
execute if entity @s[tag=aj.dimension_slash.bone.moonveil_slash] run data modify entity @s {} merge value {transformation:[1.829022429599486f,-0.06508884711606781f,-0.000003926132767188421f,-0.5027403239302617f,-0.002582501532676f,0.9116289483117022f,-0.000005884003257425811f,6.430179655780867f,0.4126684900835386f,0.294190730248705f,0.000017364518051504095f,10.918065792380363f,0f,0f,0f,1f],start_interpolation:0}
execute if entity @s[tag=aj.dimension_slash.bone.moonveil] run data modify entity @s {} merge value {transformation:[1.9509572582394517f,-0.11571350598412056f,-0.4187874951667649f,-0.4357691429271517f,-0.002754668301521067f,1.6206736858874706f,-0.6276270141254198f,4.435456144165072f,0.44017972275577455f,0.5230057426643645f,1.8522152588271035f,10.324779232827668f,0f,0f,0f,1f],start_interpolation:0}
execute if entity @s[tag=aj.dimension_slash.bone.left_arm] run data modify entity @s {} merge value {transformation:[0.9748457672029902f,0.16746378930591746f,0.14707688274408331f,-0.31983034023533785f,0.015691213435255646f,-0.7098204121114327f,0.7042079013834515f,3.8606491653393813f,0.22232749714631073f,-0.6841862771360288f,-0.6945931342817883f,10.097485453522387f,0f,0f,0f,1f],start_interpolation:0}
execute if entity @s[tag=aj.dimension_slash.bone.head] run data modify entity @s {} merge value {transformation:[0.8176858315380433f,-0.174475755334083f,-0.5485873601374168f,-0.003798209263575346f,0.004124527625011393f,0.9547144858704205f,-0.29749493901753843f,4.010092186711847f,0.5756499536817572f,0.24099473286729656f,0.7813761383331406f,10.10161317159845f,0f,0f,0f,1f],start_interpolation:0}
execute if entity @s[tag=aj.dimension_slash.bone.body_top] run data modify entity @s {} merge value {transformation:[0.9940553816458989f,-0.0096562464837935f,-0.10844655423142997f,0.000003937789418345299f,-0.0140461077440134f,0.9763613546908531f,-0.21568776489056035f,3.6256499033023237f,0.1079657588222758f,0.21592883542983854f,0.9704216263830088f,10.016591192647951f,0f,0f,0f,1f],start_interpolation:0}
execute if entity @s[tag=aj.dimension_slash.bone.body] run data modify entity @s {} merge value {transformation:[0.993831498144081f,0.000009000661533390894f,-0.11090064569550379f,-2.5132168125666067e-15f,-0.014487685876944281f,0.9914408504053114f,-0.12975032603243797f,3.19189453125f,0.10995026264007995f,0.13055665462388755f,0.9853252760783092f,9.95947265625f,0f,0f,0f,1f],start_interpolation:0}
execute if entity @s[tag=aj.dimension_slash.locator_origin.player_camera] at @s on origin run tp @s ^0 ^3.06689 ^10.45947 ~-180 ~0
execute if entity @s[tag=aj.dimension_slash.bone.right_leg2] run data modify entity @s {} merge value {transformation:[0.9737841815673657f,-0.20614743973314867f,-0.09616444675993122f,0.16763679548833138f,0.21123365772287545f,0.9763526536890267f,0.04599823343793197f,2.9867503865797347f,0.08440799472911856f,-0.06510551993389818f,0.9943020475187335f,10.176477462586778f,0f,0f,0f,1f],start_interpolation:0}
execute if entity @s[tag=aj.dimension_slash.bone.right_leg] run data modify entity @s {} merge value {transformation:[0.9737841815673657f,-0.11864151788058126f,-0.19408389413902308f,0.12499999999999749f,0.21123365772287545f,0.7882271851694336f,0.5779950228201679f,3.27001953125f,0.08440799472911856f,-0.6038394611110333f,0.7926242461790745f,9.95947265625f,0f,0f,0f,1f],start_interpolation:0}
execute if entity @s[tag=aj.dimension_slash.bone.left_leg2] run data modify entity @s {} merge value {transformation:[0.9855295699389078f,0.10146124366092032f,-0.1357832199161986f,-0.17595325782688376f,-0.16748613463343787f,0.7061206826094067f,-0.6879985292838753f,2.918043043639404f,0.02607415351610328f,0.7007847013355848f,0.7128961641728856f,9.78148699488256f,0f,0f,0f,1f],start_interpolation:0}
execute if entity @s[tag=aj.dimension_slash.bone.left_leg] run data modify entity @s {} merge value {transformation:[0.9855295699389078f,0.14178297830088687f,-0.09289270068289346f,-0.12500000000000253f,-0.16748613463343787f,0.8988457504258883f,-0.40499964400832705f,3.2410657351987076f,0.02607415351610328f,0.41469736435797605f,0.9095857488510727f,9.930518860198708f,0f,0f,0f,1f],start_interpolation:0}