execute if entity @s[tag=aj.dimension_slash.locator_origin.dimension_slash_locator] at @s on origin run tp @s ^0 ^1.125 ^0.5 ~0 ~0
execute if entity @s[tag=aj.dimension_slash.bone.right_arm2] run data modify entity @s {} merge value {transformation:[0.7347463528997034f,-0.673757250021717f,0.07873350585206984f,0.4870008703863031f,0.5908343283781871f,0.578614652545614f,-0.5622453915057155f,3.7212559153027893f,0.333260548685981f,0.45962620889445804f,0.8232139179987344f,9.898512079577518f,0f,0f,0f,1f],start_interpolation:0}
execute if entity @s[tag=aj.dimension_slash.bone.right_arm] run data modify entity @s {} merge value {transformation:[0.7347463528997034f,-0.673757250021717f,0.07873350585206984f,0.3185615578808738f,0.5908343283781871f,0.578614652545614f,-0.5622453915057155f,3.865909578439193f,0.333260548685981f,0.45962620889445804f,0.8232139179987344f,10.013418631801132f,0f,0f,0f,1f],start_interpolation:0}
execute if entity @s[tag=aj.dimension_slash.bone.left_arm2] run data modify entity @s {} merge value {transformation:[0.8315536280268384f,-0.13766086823935925f,0.5381152748909738f,-0.5292543672557817f,0.4668537226656112f,-0.3516796266443393f,-0.811399434210155f,4.038558031322867f,0.30094212956756816f,0.9259432626024585f,-0.2281729806362994f,9.882113503755663f,0f,0f,0f,1f],start_interpolation:0}
execute if entity @s[tag=aj.dimension_slash.locator_origin.moonveil] at @s on origin run tp @s ^-0.33536 ^4.29701 ^9.21535 ~-115.83815 ~53.69471
execute if entity @s[tag=aj.dimension_slash.locator_origin.moonveil2] at @s on origin run tp @s ^-0.07996 ^5.02713 ^7.46267 ~-115.83815 ~53.69471
execute if entity @s[tag=aj.dimension_slash.locator_origin.moonveil3] at @s on origin run tp @s ^0.22652 ^5.90327 ^5.35945 ~-115.83815 ~53.69471
execute if entity @s[tag=aj.dimension_slash.locator_origin.moonveil4] at @s on origin run tp @s ^0.68176 ^6.33118 ^3.51 ~-115.83815 ~53.69471
execute if entity @s[tag=aj.dimension_slash.locator_origin.moonveil5] at @s on origin run tp @s ^1.1603 ^6.38896 ^2.13798 ~-115.83815 ~53.69471
execute if entity @s[tag=aj.dimension_slash.locator_origin.moonveil6] at @s on origin run tp @s ^1.53443 ^5.71154 ^2.11971 ~-115.83815 ~53.69471
execute if entity @s[tag=aj.dimension_slash.locator_origin.moonveil7] at @s on origin run tp @s ^1.64539 ^4.42739 ^3.69498 ~-115.83815 ~53.69471
execute if entity @s[tag=aj.dimension_slash.locator_origin.moonveil8] at @s on origin run tp @s ^1.26229 ^3.33221 ^6.32399 ~-115.83815 ~53.69471
execute if entity @s[tag=aj.dimension_slash.locator_origin.moonveil9] at @s on origin run tp @s ^0.74044 ^3.00503 ^8.2057 ~-115.83815 ~53.69471
execute if entity @s[tag=aj.dimension_slash.bone.spinning_slash] run data modify entity @s {} merge value {transformation:[0.000016712259017269904f,0.000008172861948766137f,-0.000010657917163622686f,0.7514319857285803f,0.000009062548964284184f,0.00002336370438910578f,0.00001611747258528889f,6.953361206877275f,0.000006210523714601899f,-0.00005608572107929373f,0.000005160995949990519f,2.594659075139819f,0f,0f,0f,1f],start_interpolation:0}
execute if entity @s[tag=aj.dimension_slash.bone.moonveil_slash] run data modify entity @s {} merge value {transformation:[1.5667742828690532f,0.4597234846180952f,-0.000009991797340896268f,0.6890718321116389f,0.8496139654016422f,1.3142083718872f,0.000015110130548708335f,7.047665567748647f,0.582236598243928f,-3.1548218107102723f,0.000004838433703116112f,2.6248563918684864f,0f,0f,0f,1f],start_interpolation:0}
execute if entity @s[tag=aj.dimension_slash.bone.moonveil] run data modify entity @s {} merge value {transformation:[1.6712259017269901f,0.8172861948766137f,-1.0657917163622685f,-0.39252785151943564f,0.9062548964284184f,2.3363704389105777f,1.6117472585288888f,4.222261235313039f,0.6210523714601899f,-5.608572107929373f,0.5160995949990519f,9.457024035424123f,0f,0f,0f,1f],start_interpolation:0}
execute if entity @s[tag=aj.dimension_slash.bone.left_arm] run data modify entity @s {} merge value {transformation:[0.8315536280268384f,0.4946727566604471f,0.2526211145833944f,-0.30164197458731506f,0.4668537226656112f,-0.8688721237351967f,0.16464760620534558f,3.879696715722269f,0.30094212956756816f,-0.01897620651879578f,-0.9534535847315769f,9.91498721832191f,0f,0f,0f,1f],start_interpolation:0}
execute if entity @s[tag=aj.dimension_slash.bone.head] run data modify entity @s {} merge value {transformation:[0.8463254173204543f,-0.1881027853180145f,-0.4983479007209357f,0.018489402379804898f,-0.06873099132593866f,0.8891882351947452f,-0.45234979078430904f,4.017746915553754f,0.5282133459396047f,0.417087070702101f,0.7396141133215538f,9.941152200791283f,0f,0f,0f,1f],start_interpolation:0}
execute if entity @s[tag=aj.dimension_slash.bone.body_top] run data modify entity @s {} merge value {transformation:[0.9668199746867201f,0.014324080615868418f,-0.2550567726238215f,0.01284929563730671f,-0.026493540157951218f,0.9986650839318388f,-0.044341205050295034f,3.624522538755593f,0.25408114624400746f,0.04962731959237156f,0.965908846772514f,9.921611443701787f,0f,0f,0f,1f],start_interpolation:0}
execute if entity @s[tag=aj.dimension_slash.bone.body] run data modify entity @s {} merge value {transformation:[0.9847763110499027f,0.02936981859956393f,-0.1713272627177996f,-2.510525938252074e-15f,-0.022688667227304695f,0.9989086600127833f,0.04082540056036455f,3.1875f,0.17233932103380775f,-0.03631670011020128f,0.9843679473239221f,9.9375f,0f,0f,0f,1f],start_interpolation:0}
execute if entity @s[tag=aj.dimension_slash.locator_origin.player_camera] at @s on origin run tp @s ^0 ^2.6875 ^10.4375 ~-180 ~0
execute if entity @s[tag=aj.dimension_slash.bone.right_leg2] run data modify entity @s {} merge value {transformation:[0.9722284895585815f,-0.22151906756322254f,-0.07550540905497859f,0.1581413534138678f,0.20688625363974367f,0.9643163149200726f,-0.16520327730975126f,2.98950957442057f,0.10940677376447422f,0.14499430156006599f,0.983365044309364f,10.165123182202489f,0f,0f,0f,1f],start_interpolation:0}
execute if entity @s[tag=aj.dimension_slash.bone.right_leg] run data modify entity @s {} merge value {transformation:[0.9722284895585815f,-0.09221941819511746f,-0.21509844954902219f,0.12499999999999749f,0.20688625363974367f,0.7683211842210218f,0.6057067243576864f,3.265625f,0.10940677376447422f,-0.6333862461286641f,0.7660626743742893f,9.9375f,0f,0f,0f,1f],start_interpolation:0}
execute if entity @s[tag=aj.dimension_slash.bone.left_leg2] run data modify entity @s {} merge value {transformation:[0.9321953462116678f,0.20449423241259998f,-0.29865355415814226f,-0.23057445606806498f,-0.3154187223701751f,0.8636838192407232f,-0.39314283658757443f,2.869096925321316f,0.1775467996886322f,0.4606868451472642f,0.8696233464141734f,9.83131982509164f,0f,0f,0f,1f],start_interpolation:0}
execute if entity @s[tag=aj.dimension_slash.bone.left_leg] run data modify entity @s {} merge value {transformation:[0.9321953462116678f,0.2937723994937391f,-0.21144647974605732f,-0.1250000000000025f,-0.3154187223701751f,0.9458694392211717f,-0.07643319649074257f,3.2090187550414244f,0.1775467996886322f,0.1379448485559247f,0.9743964042817521f,9.880893755041425f,0f,0f,0f,1f],start_interpolation:0}