execute if entity @s[tag=aj.dimension_slash.locator_origin.commands] at @s on origin run tp @s ^0 ^0 ^0 ~0 ~0
execute if entity @s[tag=aj.dimension_slash.locator_origin.dimension_slash_locator] at @s on origin run tp @s ^0 ^1.125 ^0.5 ~0 ~0
execute if entity @s[tag=aj.dimension_slash.bone.right_arm2] run data modify entity @s {} merge value {transformation:[0.9323875769317418f,-0.3160366880658335f,0.17542581959259687f,0.3425734750578868f,0.3574212538338147f,0.7337601002154351f,-0.5777942217084716f,3.313868708684021f,0.05388370524768258f,0.6014290707375339f,0.7971070311950379f,8.548078914933601f,0f,0f,0f,1f],start_interpolation:0}
execute if entity @s[tag=aj.dimension_slash.bone.right_arm] run data modify entity @s {} merge value {transformation:[0.9323875769317418f,-0.3192121613774329f,0.1695788973077224f,0.2627704347135286f,0.3574212538338147f,0.7442710900770828f,-0.5641902088687244f,3.499936481203292f,0.05388370524768258f,0.5866550438752051f,0.8080423292158413f,8.694742675902402f,0f,0f,0f,1f],start_interpolation:0}
execute if entity @s[tag=aj.dimension_slash.bone.left_arm2] run data modify entity @s {} merge value {transformation:[0.9999708722984824f,-0.0014488789331094992f,0.007493684304101002f,-0.445784716291068f,-0.007583124585651484f,-0.07713785540491729f,0.9969915985027401f,3.521825836353721f,-0.000866473387257944f,-0.9970193839707269f,-0.07714659558594865f,8.957197680619194f,0f,0f,0f,1f],start_interpolation:0}
execute if entity @s[tag=aj.dimension_slash.bone.spinning_slash] run data modify entity @s {} merge value {transformation:[0.000019974571589998174f,6.712174809473708e-7f,-6.786775709870632e-7f,-0.22779167412410845f,-7.100276711228865e-7f,7.602438635001828e-7f,-0.0000199695452121016f,3.7867789070371107f,-7.157866318098934e-7f,0.000017976708245052123f,8.698625043473729e-7f,11.534151893840296f,0f,0f,0f,1f],start_interpolation:0}
execute if entity @s[tag=aj.dimension_slash.bone.moonveil_slash] run data modify entity @s {} merge value {transformation:[1.8726160865623287f,0.10194115491888193f,-0.019087806684011152f,-0.2290551696020099f,-0.06656509416777061f,0.11546203676909027f,-0.5616434590903575f,3.749601562227347f,-0.0671049967321775f,2.730212564717291f,0.024464882934769866f,11.53577131871541f,0f,0f,0f,1f],start_interpolation:0}
execute if entity @s[tag=aj.dimension_slash.bone.moonveil] run data modify entity @s {} merge value {transformation:[1.9974571589998174f,0.06712174809473707f,-0.06786775709870631f,-0.37540122492922373f,-0.07100276711228865f,0.07602438635001828f,-1.9969545212101596f,3.596760224999414f,-0.07157866318098934f,1.7976708245052122f,0.08698625043473729f,9.349815182083377f,0f,0f,0f,1f],start_interpolation:0}
execute if entity @s[tag=aj.dimension_slash.bone.left_arm] run data modify entity @s {} merge value {transformation:[0.9999708722984824f,-0.0015942017322237855f,0.007464119201172562f,-0.3211869076868136f,-0.007583124585651484f,-0.09649404436643122f,0.9953046747721664f,3.496754434688907f,-0.000866473387257944f,-0.9953322851805052f,-0.0965033227470588f,8.70825630015066f,0f,0f,0f,1f],start_interpolation:0}
execute if entity @s[tag=aj.dimension_slash.bone.head] run data modify entity @s {} merge value {transformation:[0.9632289206685486f,-0.024482214856070914f,-0.267564324123087f,0.00010778129854163056f,0.0179343860472932f,0.9994775365335078f,-0.026888878035671304f,3.6394736818608853f,0.26808283082810397f,0.021101543086981395f,0.963164742240152f,8.7295362075299f,0f,0f,0f,1f],start_interpolation:0}
execute if entity @s[tag=aj.dimension_slash.bone.body_top] run data modify entity @s {} merge value {transformation:[0.9999979082673487f,0.0002233711071343624f,0.0020331173787745153f,0.000019828925107475346f,0.00026763205198260205f,0.971182652821732f,-0.23833628181883676f,3.2570705123123282f,-0.002027765768556361f,0.2383363274104301f,0.9711805615859989f,8.635691278612043f,0f,0f,0f,1f],start_interpolation:0}
execute if entity @s[tag=aj.dimension_slash.bone.body] run data modify entity @s {} merge value {transformation:[0.9999979082673487f,0.00004532325739387031f,0.0020448488280840216f,-2.342914367060178e-15f,0.00026763205198260205f,0.9882593852853216f,-0.15278519486050618f,2.82470703125f,-0.002027765768556361f,0.15278542254181332f,0.9882573059809411f,8.56884765625f,0f,0f,0f,1f],start_interpolation:0}
execute if entity @s[tag=aj.dimension_slash.locator_origin.player_camera] at @s on origin run tp @s ^0 ^2.69971 ^9.06885 ~-180 ~0
execute if entity @s[tag=aj.dimension_slash.bone.right_leg2] run data modify entity @s {} merge value {transformation:[0.9703241184128221f,-0.22608361293672008f,-0.0857747351372129f,0.1821910388567314f,0.22716016652868562f,0.9738531631809247f,0.002876683014705117f,2.5944964135779554f,0.08288162624514256f,-0.022275918027920116f,0.9963104031911811f,8.744371792978503f,0f,0f,0f,1f],start_interpolation:0}
execute if entity @s[tag=aj.dimension_slash.bone.right_leg] run data modify entity @s {} merge value {transformation:[0.9703241184128221f,-0.1591402820361287f,-0.18205899005498494f,0.12499999999999765f,0.22716016652868562f,0.857977370913515f,0.46073103839766705f,2.90283203125f,0.08288162624514256f,-0.4884149891575751f,0.8686664690185563f,8.56884765625f,0f,0f,0f,1f],start_interpolation:0}
execute if entity @s[tag=aj.dimension_slash.bone.left_leg2] run data modify entity @s {} merge value {transformation:[0.990201606255f,0.09597832788423015f,-0.10143441007155898f,-0.1698797339468343f,-0.1391133487686018f,0.6146407593065777f,-0.7764433097100001f,2.5854810837877893f,-0.012176007736665464f,0.7829462929062126f,0.6219701337363521f,8.36654346289851f,0f,0f,0f,1f],start_interpolation:0}
execute if entity @s[tag=aj.dimension_slash.bone.left_leg] run data modify entity @s {} merge value {transformation:[0.990201606255f,0.12488273793901071f,-0.0624906451788934f,-0.12500000000000233f,-0.1391133487686018f,0.8431326380259094f,-0.5193985280012412f,2.8884818755783503f,-0.012176007736665464f,0.523002539630858f,0.8522441483373585f,8.55449750057835f,0f,0f,0f,1f],start_interpolation:0}