execute if entity @s[tag=aj.favor_incantations.bone.slash_left] run data modify entity @s {} merge value {transformation:[0.000011128698527522416f,-0.000003462404972127103f,5.243395880735223e-7f,-0.1679340372645467f,0.0000035007672190747636f,0.000010955657122311081f,-0.000001956864074818988f,0.6090360049906477f,8.83689565579563e-8f,0.000002023966387679188f,0.00001148942392377324f,0.01935990585751521f,0f,0f,0f,1f],start_interpolation:0}
execute if entity @s[tag=aj.favor_incantations.locator_origin.twinaxe_left0] at @s on origin run tp @s ^0.5177 ^0.93471 ^-0.21032 ~177.38702 ~-9.65593
execute if entity @s[tag=aj.favor_incantations.locator_origin.twinaxe_left1] at @s on origin run tp @s ^0.5885 ^0.69153 ^0.5066 ~177.38702 ~-9.65593
execute if entity @s[tag=aj.favor_incantations.bone.twinaxe_left] run data modify entity @s {} merge value {transformation:[0.9538884452162069f,-0.29677756903946595f,0.044943393263444764f,-0.1679340372645467f,0.30006576163497967f,0.9390563247695212f,-0.16773120641305608f,0.6090360049906477f,0.007574481990681968f,0.17348283322964467f,0.984807764894849f,0.01935990585751521f,0f,0f,0f,1f],start_interpolation:0}
execute if entity @s[tag=aj.favor_incantations.bone.right_arm2] run data modify entity @s {} merge value {transformation:[0.9538884452162069f,-0.29677756903946595f,0.044943393263444764f,0.38669439225986646f,0.30006576163497967f,0.9390563247695212f,-0.16773120641305608f,1.1402359188076197f,0.007574481990681968f,0.17348283322964467f,0.984807764894849f,-0.10587070830741119f,0f,0f,0f,1f],start_interpolation:0}
execute if entity @s[tag=aj.favor_incantations.bone.right_arm] run data modify entity @s {} merge value {transformation:[0.9538884452162069f,-0.29677756903946595f,0.044943393263444764f,0.3125f,0.30006576163497967f,0.9390563247695212f,-0.16773120641305608f,1.375f,0.007574481990681968f,0.17348283322964467f,0.984807764894849f,-0.06250000000000001f,0f,0f,0f,1f],start_interpolation:0}
execute if entity @s[tag=aj.favor_incantations.locator_origin.messermers_orb] at @s on origin run tp @s ^-0.55293 ^0.93257 ^-0.08141 ~-178.57455 ~-1.67343
execute if entity @s[tag=aj.favor_incantations.bone.messermers_orb] run data modify entity @s {} merge value {transformation:[0.000009308712943447601f,0.000003645001198413402f,-2.4865558520971586e-7f,-0.5529295158172175f,-0.000003651336199345787f,0.000009304969845097182f,-2.9202763769754667e-7f,0.9325723589910522f,1.249291632814006e-7f,3.626326590325325e-7f,0.000009992641805787137f,-0.0814124402221354f,0f,0f,0f,1f],start_interpolation:0}
execute if entity @s[tag=aj.favor_incantations.bone.slash_right] run data modify entity @s {} merge value {transformation:[0.000010860165100688869f,0.000004252501398148969f,-2.9009818274466855e-7f,-0.5803730655299835f,-0.000004259892232570085f,0.00001085579815261338f,-3.406989106471378e-7f,0.8689407792523658f,1.457506904949674e-7f,4.230714355379546e-7f,0.00001165808210675166f,0.10368313951742009f,0f,0f,0f,1f],start_interpolation:0}
execute if entity @s[tag=aj.favor_incantations.locator_origin.twinaxe_right0] at @s on origin run tp @s ^-0.61559 ^0.79618 ^0.60105 ~-178.57455 ~-1.67343
execute if entity @s[tag=aj.favor_incantations.locator_origin.twinaxe_right1] at @s on origin run tp @s ^-0.55138 ^0.9344 ^-0.14387 ~-178.57455 ~-1.67343
execute if entity @s[tag=aj.favor_incantations.bone.twinaxe_right] run data modify entity @s {} merge value {transformation:[0.93087129434476f,0.3645001198413402f,-0.02486555852097158f,-0.5803730655299835f,-0.36513361993457866f,0.9304969845097181f,-0.029202763769754662f,0.8689407792523658f,0.012492916328140058f,0.036263265903253246f,0.9992641805787137f,0.10368313951742009f,0f,0f,0f,1f],start_interpolation:0}
execute if entity @s[tag=aj.favor_incantations.bone.left_arm2] run data modify entity @s {} merge value {transformation:[0.93087129434476f,0.3645001198413402f,-0.02486555852097158f,-0.51998394175343f,-0.36513361993457866f,0.9304969845097181f,-0.029202763769754662f,1.1880174563643928f,0.012492916328140058f,0.036263265903253246f,0.9992641805787137f,-0.07312743101683084f,0f,0f,0f,1f],start_interpolation:0}
execute if entity @s[tag=aj.favor_incantations.bone.left_arm] run data modify entity @s {} merge value {transformation:[0.93087129434476f,0.3645001198413402f,-0.02486555852097158f,-0.3125f,-0.36513361993457866f,0.9304969845097181f,-0.029202763769754662f,1.375f,0.012492916328140058f,0.036263265903253246f,0.9992641805787137f,-0.06250000000000001f,0f,0f,0f,1f],start_interpolation:0}
execute if entity @s[tag=aj.favor_incantations.bone.head] run data modify entity @s {} merge value {transformation:[1f,0f,0f,0f,0f,1f,0f,1.51875f,0f,0f,1f,-0.06250000000000001f,0f,0f,0f,1f],start_interpolation:0}
execute if entity @s[tag=aj.favor_incantations.bone.body_top] run data modify entity @s {} merge value {transformation:[1f,0f,0f,0f,0f,1f,0f,1.125f,0f,0f,1f,-0.06250000000000001f,0f,0f,0f,1f],start_interpolation:0}
execute if entity @s[tag=aj.favor_incantations.locator_origin.player_camera] at @s on origin run tp @s ^0 ^0 ^0.25 ~-180 ~0
execute if entity @s[tag=aj.favor_incantations.bone.body] run data modify entity @s {} merge value {transformation:[1f,0f,0f,0f,0f,1f,0f,0.6875f,0f,0f,1f,-0.06250000000000001f,0f,0f,0f,1f],start_interpolation:0}
execute if entity @s[tag=aj.favor_incantations.bone.right_leg2] run data modify entity @s {} merge value {transformation:[0.9990482187409293f,-0.03777552861508376f,0.021809770022339005f,0.14043758783688895f,0.04213314171660907f,0.9651296654694803f,-0.25835929865181406f,0.40794290454303f,-0.011289596966431774f,0.2590323112444084f,0.9658026748418724f,-0.03126556233435053f,0f,0f,0f,1f],start_interpolation:0}
execute if entity @s[tag=aj.favor_incantations.bone.right_leg] run data modify entity @s {} merge value {transformation:[0.9990482187409293f,-0.04295676615482139f,0.007574488239895837f,0.125f,0.04213314171660907f,0.9952893090976557f,0.08731546005719394f,0.765625f,-0.011289596966431774f,-0.08691321785224206f,0.9961519149019914f,-0.06250000000000001f,0f,0f,0f,1f],start_interpolation:0}
execute if entity @s[tag=aj.favor_incantations.bone.left_leg2] run data modify entity @s {} merge value {transformation:[0.9762960088878984f,0.20906460144661185f,-0.05601870626433637f,-0.2027089509989232f,-0.21561598653836467f,0.9619985846572637f,-0.16753647204865335f,0.4150701742672883f,0.01886397038399943f,0.175643717620047f,0.9842730490478547f,-0.047566021455918525f,0f,0f,0f,1f],start_interpolation:0}
execute if entity @s[tag=aj.favor_incantations.bone.left_leg] run data modify entity @s {} merge value {transformation:[0.9762960088878984f,0.21623360277961234f,-0.009440977624667977f,-0.125f,-0.21561598653836467f,0.975456906386676f,0.044649413564158934f,0.765625f,0.01886397038399943f,-0.04155541855744415f,0.9989581061335191f,-0.06250000000000001f,0f,0f,0f,1f],start_interpolation:0}
execute if entity @s[tag=aj.favor_incantations.bone.shockwave] run data modify entity @s {} merge value {transformation:[-0.00001f,0f,1.2246467991473532e-21f,-0.376705f,0f,0.00001f,0f,0.868068125f,-1.2246467991473532e-21f,0f,-0.00001f,-0.06250000000000004f,0f,0f,0f,1f],start_interpolation:0}
execute if entity @s[tag=aj.favor_incantations.locator_origin.lightning_spear_locator0] at @s on origin run tp @s ^0.00001 ^-0.00001 ^0.00001 ~0 ~0
execute if entity @s[tag=aj.favor_incantations.locator_origin.lightning_spear_locator1] at @s on origin run tp @s ^0.00001 ^-0.00001 ^0 ~0 ~0
execute if entity @s[tag=aj.favor_incantations.locator_origin.lightning_spear_locator2] at @s on origin run tp @s ^0.00001 ^-0.00001 ^-0.00001 ~0 ~0
execute if entity @s[tag=aj.favor_incantations.bone.main_lightning_spear] run data modify entity @s {} merge value {transformation:[-0.000018750000000000002f,0f,2.2962127484012874e-21f,0f,0f,0.000018750000000000002f,0f,0f,-2.2962127484012874e-21f,0f,-0.000018750000000000002f,0f,0f,0f,0f,1f],start_interpolation:0}
execute if entity @s[tag=aj.favor_incantations.locator_origin.lightning_spear0_locator0] at @s on origin run tp @s ^0.00001 ^0.00002 ^0.00001 ~0 ~0
execute if entity @s[tag=aj.favor_incantations.locator_origin.lightning_spear0_locator1] at @s on origin run tp @s ^0.00001 ^0.00002 ^0 ~0 ~0
execute if entity @s[tag=aj.favor_incantations.bone.lightning_spear0] run data modify entity @s {} merge value {transformation:[-0.000018750000000000002f,0f,2.2962127484012874e-21f,0.000009375000000000001f,0f,0.000018750000000000002f,0f,0.0000221875f,-2.2962127484012874e-21f,0f,-0.000018750000000000002f,3.125000000000012e-7f,0f,0f,0f,1f],start_interpolation:0}
execute if entity @s[tag=aj.favor_incantations.locator_origin.lightning_spear1_locator0] at @s on origin run tp @s ^-0.00001 ^0.00002 ^0 ~0 ~0
execute if entity @s[tag=aj.favor_incantations.locator_origin.lightning_spear1_locator1] at @s on origin run tp @s ^-0.00001 ^0.00002 ^0.00001 ~0 ~0
execute if entity @s[tag=aj.favor_incantations.bone.lightning_spear1] run data modify entity @s {} merge value {transformation:[-0.000018750000000000002f,0f,2.2962127484012874e-21f,-0.000008750000000000001f,0f,0.000018750000000000002f,0f,0.0000221875f,-2.2962127484012874e-21f,0f,-0.000018750000000000002f,3.1249999999999897e-7f,0f,0f,0f,1f],start_interpolation:0}
execute if entity @s[tag=aj.favor_incantations.locator_origin.lightning_spear2_locator0] at @s on origin run tp @s ^0.00002 ^0.00001 ^0 ~0 ~0
execute if entity @s[tag=aj.favor_incantations.locator_origin.lightning_spear2_locator1] at @s on origin run tp @s ^0.00002 ^0.00001 ^0.00001 ~0 ~0
execute if entity @s[tag=aj.favor_incantations.bone.lightning_spear2] run data modify entity @s {} merge value {transformation:[-0.000018750000000000002f,0f,2.2962127484012874e-21f,0.000016875f,0f,0.000018750000000000002f,0f,0.000013437500000000001f,-2.2962127484012874e-21f,0f,-0.000018750000000000002f,3.125000000000021e-7f,0f,0f,0f,1f],start_interpolation:0}
execute if entity @s[tag=aj.favor_incantations.locator_origin.lightning_spear3_locator0] at @s on origin run tp @s ^-0.00002 ^0.00001 ^0.00001 ~0 ~0
execute if entity @s[tag=aj.favor_incantations.locator_origin.lightning_spear3_locator1] at @s on origin run tp @s ^-0.00002 ^0.00001 ^0 ~0 ~0
execute if entity @s[tag=aj.favor_incantations.bone.lightning_spear3] run data modify entity @s {} merge value {transformation:[-0.000018750000000000002f,0f,2.2962127484012874e-21f,-0.000016250000000000002f,0f,0.000018750000000000002f,0f,0.000013437500000000001f,-2.2962127484012874e-21f,0f,-0.000018750000000000002f,3.12499999999998e-7f,0f,0f,0f,1f],start_interpolation:0}
execute if entity @s[tag=aj.favor_incantations.locator_origin.lightning_spear4_locator0] at @s on origin run tp @s ^-0.00001 ^0.00001 ^0.00001 ~0 ~0
execute if entity @s[tag=aj.favor_incantations.locator_origin.lightning_spear4_locator1] at @s on origin run tp @s ^-0.00001 ^0.00001 ^0 ~0 ~0
execute if entity @s[tag=aj.favor_incantations.bone.lightning_spear4] run data modify entity @s {} merge value {transformation:[-0.000018750000000000002f,0f,2.2962127484012874e-21f,-0.000011875f,0f,0.000018750000000000002f,0f,0.0000071875f,-2.2962127484012874e-21f,0f,-0.000018750000000000002f,3.124999999999986e-7f,0f,0f,0f,1f],start_interpolation:0}
execute if entity @s[tag=aj.favor_incantations.locator_origin.lightning_spear5_locator1] at @s on origin run tp @s ^0.00001 ^0.00001 ^0.00001 ~0 ~0
execute if entity @s[tag=aj.favor_incantations.locator_origin.lightning_spear5_locator0] at @s on origin run tp @s ^0.00001 ^0.00001 ^0 ~0 ~0
execute if entity @s[tag=aj.favor_incantations.bone.lightning_spear5] run data modify entity @s {} merge value {transformation:[-0.000018750000000000002f,0f,2.2962127484012874e-21f,0.00001125f,0f,0.000018750000000000002f,0f,0.0000071875f,-2.2962127484012874e-21f,0f,-0.000018750000000000002f,3.125000000000014e-7f,0f,0f,0f,1f],start_interpolation:0}
execute if entity @s[tag=aj.favor_incantations.locator_origin.blackhole0] at @s on origin run tp @s ^0 ^1.1875 ^-0.625 ~0 ~0
execute if entity @s[tag=aj.favor_incantations.locator_origin.blackhole1] at @s on origin run tp @s ^0 ^1.1875 ^-0.625 ~0 ~0
execute if entity @s[tag=aj.favor_incantations.locator_origin.blackhole2] at @s on origin run tp @s ^0 ^1.1875 ^-0.625 ~0 ~0
execute if entity @s[tag=aj.favor_incantations.locator_origin.blackhole3] at @s on origin run tp @s ^0 ^1.1875 ^-0.625 ~0 ~0
execute if entity @s[tag=aj.favor_incantations.bone.black_hole] run data modify entity @s {} merge value {transformation:[-0.000009428090415820634f,0.000009428090415820635f,1.6328623988631376e-21f,7.654042494670958e-17f,0.000009428090415820635f,0.000009428090415820634f,0f,1.1875f,-1.1546080749806577e-21f,1.1546080749806577e-21f,-0.000013333333333333333f,-0.625f,0f,0f,0f,1f],start_interpolation:0}