execute if entity @s[tag=aj.favor_incantations.bone.slash_left] run data modify entity @s {} merge value {transformation:[0.000004613839647070133f,-0.47185024968083505f,1.0080521168273096f,0.7279496012405654f,0.000010696927920231701f,0.1380887338119816f,-0.463580714876968f,1.1912430968804713f,6.319239603008977e-7f,1.1075955356104445f,0.4872400615589708f,6.723834532291158f,0f,0f,0f,1f],start_interpolation:0}
execute if entity @s[tag=aj.favor_incantations.locator_origin.twinaxe_left0] at @s on origin run tp @s ^0.54764 ^1.27009 ^6.70557 ~115.79671 ~-22.4919
execute if entity @s[tag=aj.favor_incantations.locator_origin.twinaxe_left1] at @s on origin run tp @s ^1.22021 ^0.96894 ^6.89288 ~115.79671 ~-22.4919
execute if entity @s[tag=aj.favor_incantations.bone.twinaxe_left] run data modify entity @s {} merge value {transformation:[0.39547196974886845f,-0.3893770182331332f,0.8318578356996011f,0.48333673866013915f,0.9168795360198598f,0.11395263531102914f,-0.38255288959002476f,0.4796738892661997f,0.054164910882934084f,0.9140023712100237f,0.40207689295891896f,6.7083406549388895f,0f,0f,0f,1f],start_interpolation:0}
execute if entity @s[tag=aj.favor_incantations.bone.right_arm2] run data modify entity @s {} merge value {transformation:[0.39547196974886845f,-0.8204919206394767f,-0.41278920686991427f,0.4431878466839398f,0.9168795360198598f,0.37917076895611823f,0.12474551854568595f,1.2453315536825675f,0.054164910882934084f,-0.42781133240549946f,0.9022436623742365f,6.7334845584500815f,0f,0f,0f,1f],start_interpolation:0}
execute if entity @s[tag=aj.favor_incantations.bone.right_arm] run data modify entity @s {} merge value {transformation:[0.39547196974886845f,-0.8204919206394767f,-0.41278920686991427f,0.2380648665240706f,0.9168795360198598f,0.37917076895611823f,0.12474551854568595f,1.3401242459215972f,0.054164910882934084f,-0.42781133240549946f,0.9022436623742365f,6.626531725348706f,0f,0f,0f,1f],start_interpolation:0}
execute if entity @s[tag=aj.favor_incantations.locator_origin.messermers_orb] at @s on origin run tp @s ^-0.61026 ^1.29163 ^7.34397 ~131.90491 ~-4.94891
execute if entity @s[tag=aj.favor_incantations.bone.messermers_orb] run data modify entity @s {} merge value {transformation:[0.0000014911610997201947f,0.0000065419583842156385f,0.0000074147973049755025f,-0.6102578490492554f,-0.000009457140524337712f,0.000003133414700250063f,-8.626734139790119e-7f,1.2916324710122764f,-0.000002887720844820471f,-0.000006883639503594557f,0.000006654064585420091f,7.3439663840843075f,0f,0f,0f,1f],start_interpolation:0}
execute if entity @s[tag=aj.favor_incantations.bone.slash_right] run data modify entity @s {} merge value {transformation:[-0.0000028081680409911f,-0.9462466668128505f,-0.6985826141832637f,-0.5893097181333525f,0.00001040077374283551f,0.06906720654476106f,-0.5446244037981574f,1.2787353839392306f,0.000004477634298936295f,-0.7538739905047286f,0.8269495855142733f,7.410237275291228f,0f,0f,0f,1f],start_interpolation:0}
execute if entity @s[tag=aj.favor_incantations.locator_origin.twinaxe_right0] at @s on origin run tp @s ^-0.84424 ^1.03838 ^7.80866 ~-139.80986 ~-26.7072
execute if entity @s[tag=aj.favor_incantations.locator_origin.twinaxe_right1] at @s on origin run tp @s ^-0.50949 ^1.38258 ^7.21909 ~-139.80986 ~-26.7072
execute if entity @s[tag=aj.favor_incantations.bone.twinaxe_right] run data modify entity @s {} merge value {transformation:[-0.24070011779923708f,-0.7808551672609062f,-0.5764795408801386f,-0.6048026057945063f,0.8914948922430436f,0.056995165225157476f,-0.4494312052422715f,1.2666569202983446f,0.3837972256231109f,-0.6221067102217266f,0.6824096502110032f,7.428577034640649f,0f,0f,0f,1f],start_interpolation:0}
execute if entity @s[tag=aj.favor_incantations.bone.left_arm2] run data modify entity @s {} merge value {transformation:[0.14911610997201946f,0.6541958384215638f,0.7414797304975502f,-0.4560286463171157f,-0.9457140524337712f,0.3133414700250063f,-0.08626734139790118f,1.4290749667956386f,-0.28877208448204705f,-0.6883639503594556f,0.6654064585420091f,7.1899236517745715f,0f,0f,0f,1f],start_interpolation:0}
execute if entity @s[tag=aj.favor_incantations.bone.left_arm] run data modify entity @s {} merge value {transformation:[0.14911610997201946f,0.6541958384215638f,0.7414797304975502f,-0.2738401729652223f,-0.9457140524337712f,0.3133414700250063f,-0.08626734139790118f,1.3891960777476688f,-0.28877208448204705f,-0.6883639503594556f,0.6654064585420091f,6.9817361536244515f,0f,0f,0f,1f],start_interpolation:0}
execute if entity @s[tag=aj.favor_incantations.bone.head] run data modify entity @s {} merge value {transformation:[0.950275817381032f,0.06519388138462122f,0.30450883194222744f,0.003926100644088035f,-0.06601218546096468f,0.9977897297335344f,-0.0076188325186409f,1.5062481956727836f,-0.30433248638861893f,-0.012861301189531424f,0.9524790415858154f,6.816010442177969f,0f,0f,0f,1f],start_interpolation:0}
execute if entity @s[tag=aj.favor_incantations.bone.body_top] run data modify entity @s {} merge value {transformation:[0.8190480631828686f,0.1517478529715746f,0.5532927428720796f,-0.055824616463469465f,-0.0785149309217147f,0.9849602353958299f,-0.15391146907020817f,1.1184201029856755f,-0.568327085241193f,0.08261914915749657f,0.8186442453066786f,6.783479152197205f,0f,0f,0f,1f],start_interpolation:0}
execute if entity @s[tag=aj.favor_incantations.locator_origin.player_camera] at @s on origin run tp @s ^-0.05364 ^-0.03776 ^6.94636 ~145.94663 ~-8.85367
execute if entity @s[tag=aj.favor_incantations.bone.body] run data modify entity @s {} merge value {transformation:[0.8190480631828686f,0.1517478529715746f,0.5532927428720796f,-0.12221430213853335f,-0.0785149309217147f,0.9849602353958299f,-0.15391146907020817f,0.6875f,-0.568327085241193f,0.08261914915749657f,0.8186442453066786f,6.7473332744408f,0f,0f,0f,1f],start_interpolation:0}
execute if entity @s[tag=aj.favor_incantations.bone.right_leg2] run data modify entity @s {} merge value {transformation:[0.851026311828437f,0.11509457939058129f,0.5123548129671398f,0.045721779437892296f,0.21928867748378966f,0.8086483174698347f,-0.5458941056474378f,0.41933517253492447f,-0.4771443099347387f,0.5769238567160407f,0.6629420570825109f,6.6031251719249635f,0f,0f,0f,1f],start_interpolation:0}
execute if entity @s[tag=aj.favor_incantations.bone.right_leg] run data modify entity @s {} merge value {transformation:[0.851026311828437f,-0.11221938690326214f,0.5129922277956496f,0.005392937269532466f,0.21928867748378966f,0.9635890851202101f,-0.15299853255703763f,0.765625f,-0.4771443099347387f,0.24269916406994974f,0.8446481061700484f,6.690345184012601f,0f,0f,0f,1f],start_interpolation:0}
execute if entity @s[tag=aj.favor_incantations.bone.left_leg2] run data modify entity @s {} merge value {transformation:[0.8611943887954773f,0.24200286975033333f,0.4469662579432453f,-0.22294529573664426f,-0.25483289978353324f,0.9664466070032666f,-0.03226684056100593f,0.47343824904576637f,-0.43977769144773615f,-0.08611368558177529f,0.893968688076055f,7.01647967033607f,0f,0f,0f,1f],start_interpolation:0}
execute if entity @s[tag=aj.favor_incantations.bone.left_leg] run data modify entity @s {} merge value {transformation:[0.8611943887954773f,-0.0553772938984252f,0.5052500173455434f,-0.24284651073139082f,-0.25483289978353324f,0.8130413939596066f,0.5234729075092001f,0.765625f,-0.43977769144773615f,-0.5795662576692222f,0.6860747299501655f,6.808198046486193f,0f,0f,0f,1f],start_interpolation:0}
execute if entity @s[tag=aj.favor_incantations.locator_origin.lightning_spear_locator0] at @s on origin run tp @s ^0.00001 ^-0.00001 ^0.00001 ~0 ~0
execute if entity @s[tag=aj.favor_incantations.locator_origin.lightning_spear_locator1] at @s on origin run tp @s ^0.00001 ^-0.00001 ^0 ~0 ~0
execute if entity @s[tag=aj.favor_incantations.locator_origin.lightning_spear_locator2] at @s on origin run tp @s ^0.00001 ^-0.00001 ^-0.00001 ~0 ~0
execute if entity @s[tag=aj.favor_incantations.locator_origin.lightning_spear0_locator0] at @s on origin run tp @s ^0.00001 ^0.00002 ^0.00001 ~0 ~0
execute if entity @s[tag=aj.favor_incantations.locator_origin.lightning_spear0_locator1] at @s on origin run tp @s ^0.00001 ^0.00002 ^0 ~0 ~0
execute if entity @s[tag=aj.favor_incantations.locator_origin.lightning_spear1_locator0] at @s on origin run tp @s ^-0.00001 ^0.00002 ^0 ~0 ~0
execute if entity @s[tag=aj.favor_incantations.locator_origin.lightning_spear1_locator1] at @s on origin run tp @s ^-0.00001 ^0.00002 ^0.00001 ~0 ~0
execute if entity @s[tag=aj.favor_incantations.locator_origin.lightning_spear2_locator0] at @s on origin run tp @s ^0.00002 ^0.00001 ^0 ~0 ~0
execute if entity @s[tag=aj.favor_incantations.locator_origin.lightning_spear2_locator1] at @s on origin run tp @s ^0.00002 ^0.00001 ^0.00001 ~0 ~0
execute if entity @s[tag=aj.favor_incantations.locator_origin.lightning_spear3_locator0] at @s on origin run tp @s ^-0.00002 ^0.00001 ^0.00001 ~0 ~0
execute if entity @s[tag=aj.favor_incantations.locator_origin.lightning_spear3_locator1] at @s on origin run tp @s ^-0.00002 ^0.00001 ^0 ~0 ~0
execute if entity @s[tag=aj.favor_incantations.locator_origin.lightning_spear4_locator0] at @s on origin run tp @s ^-0.00001 ^0.00001 ^0.00001 ~0 ~0
execute if entity @s[tag=aj.favor_incantations.locator_origin.lightning_spear4_locator1] at @s on origin run tp @s ^-0.00001 ^0.00001 ^0 ~0 ~0
execute if entity @s[tag=aj.favor_incantations.locator_origin.lightning_spear5_locator1] at @s on origin run tp @s ^0.00001 ^0.00001 ^0.00001 ~0 ~0
execute if entity @s[tag=aj.favor_incantations.locator_origin.lightning_spear5_locator0] at @s on origin run tp @s ^0.00001 ^0.00001 ^0 ~0 ~0
execute if entity @s[tag=aj.favor_incantations.locator_origin.blackhole0] at @s on origin run tp @s ^0 ^1.1875 ^6 ~0 ~0
execute if entity @s[tag=aj.favor_incantations.locator_origin.blackhole1] at @s on origin run tp @s ^0 ^1.1875 ^6 ~0 ~0
execute if entity @s[tag=aj.favor_incantations.locator_origin.blackhole2] at @s on origin run tp @s ^0 ^1.1875 ^6 ~0 ~0
execute if entity @s[tag=aj.favor_incantations.locator_origin.blackhole3] at @s on origin run tp @s ^0 ^1.1875 ^6 ~0 ~0