execute if entity @s[tag=aj.favor_incantations.bone.slash_left] run data modify entity @s {} merge value {transformation:[0.0000019168880474031425f,-0.01012345493368673f,0.025575934500480114f,-0.8725428145525929f,0.000009244751622499786f,-0.01717504766191433f,-0.008515610659322716f,1.2689234182381828f,0.0000068535551915135f,0.025998853809544198f,0.004333298774771482f,7.343758155364227f,0f,0f,0f,1f],start_interpolation:0}
execute if entity @s[tag=aj.favor_incantations.locator_origin.twinaxe_left0] at @s on origin run tp @s ^-0.15795 ^1.1355 ^7.4551 ~-80.38377 ~18.17375
execute if entity @s[tag=aj.favor_incantations.locator_origin.twinaxe_left1] at @s on origin run tp @s ^-0.89915 ^1.30389 ^7.43526 ~-80.38377 ~18.17375
execute if entity @s[tag=aj.favor_incantations.bone.twinaxe_left] run data modify entity @s {} merge value {transformation:[0.1643046897774122f,0.30899150666884656f,-0.9367647611453284f,-0.5346795809674689f,0.7924072819285529f,0.5242225987992315f,0.31189960957779694f,0.5864007301870476f,0.5874475878440142f,-0.7935457867789958f,-0.15871488846845264f,7.024435752173522f,0f,0f,0f,1f],start_interpolation:0}
execute if entity @s[tag=aj.favor_incantations.bone.right_arm2] run data modify entity @s {} merge value {transformation:[0.1643046897774122f,0.9849438245591573f,0.05375529164582726f,-0.11002999092786658f,0.7924072819285529f,-0.16424844793120313f,0.5874633153642813f,1.122421368228703f,0.5874475878440142f,-0.05392689324419164f,-0.8074634491549934f,7.352944078685679f,0f,0f,0f,1f],start_interpolation:0}
execute if entity @s[tag=aj.favor_incantations.bone.right_arm] run data modify entity @s {} merge value {transformation:[0.1643046897774122f,0.9429116391943164f,-0.28969226705080564f,0.12569791887071252f,0.7924072819285529f,0.04873102462098028f,0.6080427507881264f,1.134604124383948f,0.5874475878440142f,-0.32945853746909687f,-0.7391633132298793f,7.270579444318405f,0f,0f,0f,1f],start_interpolation:0}
execute if entity @s[tag=aj.favor_incantations.locator_origin.messermers_orb] at @s on origin run tp @s ^-0.77448 ^1.51631 ^6.93455 ~-167.45051 ~-30.86981
execute if entity @s[tag=aj.favor_incantations.bone.messermers_orb] run data modify entity @s {} merge value {transformation:[-9.765052621974003e-7f,0.0000097758967036128f,-0.000001865015043690847f,-0.7744813846947005f,-0.00000838887074504328f,-0.00000181681188161864f,-0.00000513089097621128f,1.5163101693189722f,-0.000005354744167171555f,0.0000010635028101052287f,0.000008378286022632586f,6.934553279457843f,0f,0f,0f,1f],start_interpolation:0}
execute if entity @s[tag=aj.favor_incantations.bone.slash_right] run data modify entity @s {} merge value {transformation:[0.000011457427253316123f,-0.004838422125193322f,0.0032001623922652098f,-0.9076456899856677f,-0.0000014160154533394122f,-0.03181004916662842f,-0.005634408448104963f,1.5493654259065799f,0.0000016832623330853806f,0.006173932680924651f,-0.026522328910721836f,7.436684317142206f,0f,0f,0f,1f],start_interpolation:0}
execute if entity @s[tag=aj.favor_incantations.locator_origin.twinaxe_right0] at @s on origin run tp @s ^-0.92673 ^1.50603 ^7.53013 ~-173.12 ~11.90973
execute if entity @s[tag=aj.favor_incantations.locator_origin.twinaxe_right1] at @s on origin run tp @s ^-0.82036 ^1.47262 ^6.778 ~-173.12 ~11.90973
execute if entity @s[tag=aj.favor_incantations.bone.twinaxe_right] run data modify entity @s {} merge value {transformation:[0.9820651931413817f,0.14767995236374415f,-0.11721172334720777f,-0.8588934271384161f,-0.12137275314337817f,0.9709170518949592f,0.20637037852850243f,1.4635291063764477f,0.14427962855017545f,-0.18844285608492367f,0.9714281644959553f,7.0326349621775925f,0f,0f,0f,1f],start_interpolation:0}
execute if entity @s[tag=aj.favor_incantations.bone.left_arm2] run data modify entity @s {} merge value {transformation:[-0.09765052621974002f,0.97758967036128f,-0.1865015043690847f,-0.5239808092156468f,-0.838887074504328f,-0.181681188161864f,-0.513089097621128f,1.5233203144350267f,-0.5354744167171555f,0.10635028101052285f,0.8378286022632585f,6.994608000755296f,0f,0f,0f,1f],start_interpolation:0}
execute if entity @s[tag=aj.favor_incantations.bone.left_arm] run data modify entity @s {} merge value {transformation:[-0.09765052621974002f,0.980610684779448f,-0.16990308892244965f,-0.29103445379825227f,-0.838887074504328f,-0.17295744977891256f,-0.5160951431621352f,1.3752200676772575f,-0.5354744167171555f,0.09213254290616785f,0.8395110145668523f,6.950706834392193f,0f,0f,0f,1f],start_interpolation:0}
execute if entity @s[tag=aj.favor_incantations.bone.head] run data modify entity @s {} merge value {transformation:[0.996170384527216f,0.02575395692851687f,-0.08355416622421002f,-0.05200404052888004f,-0.03163103406373202f,0.9970597430547377f,-0.06979503179797031f,1.4552885176409314f,0.08151099726391425f,0.07217064834227804f,0.9940560119243269f,7.18474490256207f,0f,0f,0f,1f],start_interpolation:0}
execute if entity @s[tag=aj.favor_incantations.bone.body_top] run data modify entity @s {} merge value {transformation:[0.7997721321245043f,-0.0758148036141586f,-0.5954969791946649f,-0.022151961605805084f,-0.1686624255175413f,0.9236553595680375f,-0.3441130089952706f,1.0915992198110165f,0.576122836637782f,0.37564995979526733f,0.725926707602255f,7.036832730892683f,0f,0f,0f,1f],start_interpolation:0}
execute if entity @s[tag=aj.favor_incantations.locator_origin.player_camera] at @s on origin run tp @s ^-0.12295 ^-0.05505 ^6.84108 ~-140.63706 ~-20.12766
execute if entity @s[tag=aj.favor_incantations.bone.body] run data modify entity @s {} merge value {transformation:[0.7997721321245043f,-0.0758148036141586f,-0.5954969791946649f,0.011017014975389303f,-0.1686624255175413f,0.9236553595680375f,-0.3441130089952706f,0.6875f,0.576122836637782f,0.37564995979526733f,0.725926707602255f,6.872485873482253f,0f,0f,0f,1f],start_interpolation:0}
execute if entity @s[tag=aj.favor_incantations.bone.right_leg2] run data modify entity @s {} merge value {transformation:[0.9574094000092479f,-0.2436774402533457f,0.15488236144089962f,0.21702888307044016f,0.28030807572331234f,0.6557858942341824f,-0.7009794887211518f,0.42635114050437734f,0.06924321958304709f,0.7145391284142883f,0.6961603339078744f,7.022578377611592f,0f,0f,0f,1f],start_interpolation:0}
execute if entity @s[tag=aj.favor_incantations.bone.right_leg] run data modify entity @s {} merge value {transformation:[0.9574094000092479f,-0.26191134815497247f,-0.12153059895177477f,0.12290449232724694f,0.28030807572331234f,0.9440663916399935f,0.17368370925373544f,0.765625f,0.06924321958304709f,-0.2003524242016731f,0.9772739036003606f,6.950576725164115f,0f,0f,0f,1f],start_interpolation:0}
execute if entity @s[tag=aj.favor_incantations.bone.left_leg2] run data modify entity @s {} merge value {transformation:[0.9080885410373315f,0.03644625087234446f,-0.4171892525389898f,-0.21122037230434293f,-0.16289020411482724f,0.9484971684393313f,-0.2716981834057792f,0.5264708890786589f,0.3858004445825858f,0.3146820494720356f,0.8672561471099289f,7.0247510380693425f,0f,0f,0f,1f],start_interpolation:0}
execute if entity @s[tag=aj.favor_incantations.bone.left_leg] run data modify entity @s {} merge value {transformation:[0.9080885410373315f,0.3898081263589763f,-0.15305171106915216f,-0.07113307689408581f,-0.16289020411482724f,0.6654723086506881f,0.7284321435951004f,0.765625f,0.3858004445825858f,-0.6365502580657931f,0.6678037031315801f,6.795990789076948f,0f,0f,0f,1f],start_interpolation:0}
execute if entity @s[tag=aj.favor_incantations.locator_origin.lightning_spear_locator0] at @s on origin run tp @s ^0.00001 ^-0.00001 ^0.00001 ~0 ~0
execute if entity @s[tag=aj.favor_incantations.locator_origin.lightning_spear_locator1] at @s on origin run tp @s ^0.00001 ^-0.00001 ^0 ~0 ~0
execute if entity @s[tag=aj.favor_incantations.locator_origin.lightning_spear_locator2] at @s on origin run tp @s ^0.00001 ^-0.00001 ^-0.00001 ~0 ~0
execute if entity @s[tag=aj.favor_incantations.locator_origin.lightning_spear0_locator0] at @s on origin run tp @s ^0.00001 ^0.00002 ^0.00001 ~0 ~0
execute if entity @s[tag=aj.favor_incantations.locator_origin.lightning_spear0_locator1] at @s on origin run tp @s ^0.00001 ^0.00002 ^0 ~0 ~0
execute if entity @s[tag=aj.favor_incantations.locator_origin.lightning_spear1_locator0] at @s on origin run tp @s ^-0.00001 ^0.00002 ^0 ~0 ~0
execute if entity @s[tag=aj.favor_incantations.locator_origin.lightning_spear1_locator1] at @s on origin run tp @s ^-0.00001 ^0.00002 ^0.00001 ~0 ~0
execute if entity @s[tag=aj.favor_incantations.locator_origin.lightning_spear2_locator0] at @s on origin run tp @s ^0.00002 ^0.00001 ^0 ~0 ~0
execute if entity @s[tag=aj.favor_incantations.locator_origin.lightning_spear2_locator1] at @s on origin run tp @s ^0.00002 ^0.00001 ^0.00001 ~0 ~0
execute if entity @s[tag=aj.favor_incantations.locator_origin.lightning_spear3_locator0] at @s on origin run tp @s ^-0.00002 ^0.00001 ^0.00001 ~0 ~0
execute if entity @s[tag=aj.favor_incantations.locator_origin.lightning_spear3_locator1] at @s on origin run tp @s ^-0.00002 ^0.00001 ^0 ~0 ~0
execute if entity @s[tag=aj.favor_incantations.locator_origin.lightning_spear4_locator0] at @s on origin run tp @s ^-0.00001 ^0.00001 ^0.00001 ~0 ~0
execute if entity @s[tag=aj.favor_incantations.locator_origin.lightning_spear4_locator1] at @s on origin run tp @s ^-0.00001 ^0.00001 ^0 ~0 ~0
execute if entity @s[tag=aj.favor_incantations.locator_origin.lightning_spear5_locator1] at @s on origin run tp @s ^0.00001 ^0.00001 ^0.00001 ~0 ~0
execute if entity @s[tag=aj.favor_incantations.locator_origin.lightning_spear5_locator0] at @s on origin run tp @s ^0.00001 ^0.00001 ^0 ~0 ~0
execute if entity @s[tag=aj.favor_incantations.locator_origin.blackhole0] at @s on origin run tp @s ^-0.09029 ^2.25381 ^6 ~0 ~0
execute if entity @s[tag=aj.favor_incantations.locator_origin.blackhole1] at @s on origin run tp @s ^-1.02048 ^0.86535 ^6 ~0 ~0
execute if entity @s[tag=aj.favor_incantations.locator_origin.blackhole2] at @s on origin run tp @s ^0.22913 ^0.02817 ^6 ~0 ~0
execute if entity @s[tag=aj.favor_incantations.locator_origin.blackhole3] at @s on origin run tp @s ^1.15933 ^1.41663 ^6 ~0 ~0
execute if entity @s[tag=aj.favor_incantations.bone.black_hole] run data modify entity @s {} merge value {transformation:[-1.984413370455528f,-2.9620441173174834f,4.3662740545600295e-16f,-7.347880794884119e-16f,-2.9620441173174834f,1.984413370455528f,0f,1.1875f,-2.4302054823135734e-16f,-3.6274578472061036e-16f,-3.5653333333333332f,6f,0f,0f,0f,1f],start_interpolation:0}