execute if entity @s[tag=aj.favor_incantations.bone.slash_left] run data modify entity @s {} merge value {transformation:[0.00000743963551667584f,0.02382294740845382f,-0.026450602688846928f,0.8517865328016547f,0.000007922882310098285f,0.00206137483823553f,0.03146845194797919f,0.5051423942274025f,0.00000424156461585323f,-0.04563553627562364f,-0.012386466509794391f,6.702453884807665f,0f,0f,0f,1f],start_interpolation:0}
execute if entity @s[tag=aj.favor_incantations.locator_origin.twinaxe_left0] at @s on origin run tp @s ^0.5592 ^1.12357 ^6.64821 ~115.09307 ~-47.13433
execute if entity @s[tag=aj.favor_incantations.locator_origin.twinaxe_left1] at @s on origin run tp @s ^1.07906 ^0.57886 ^6.75386 ~115.09307 ~-47.13433
execute if entity @s[tag=aj.favor_incantations.bone.twinaxe_left] run data modify entity @s {} merge value {transformation:[0.6376830442865006f,-0.46239549609376507f,0.6160768947312514f,0.2638556369861618f,0.6791041980084243f,-0.04001060089747249f,-0.7329506395816556f,0.433508993858999f,0.3635626813588483f,0.8857706006681548f,0.2885006407534312f,6.392302821512838f,0f,0f,0f,1f],start_interpolation:0}
execute if entity @s[tag=aj.favor_incantations.bone.right_arm2] run data modify entity @s {} merge value {transformation:[0.6376830442865006f,-0.7668669218304517f,-0.07263235664487572f,0.46147676073304805f,0.6791041980084243f,0.6041870217303754f,-0.41686392386474713f,1.0826583710454292f,0.3635626813588483f,0.21650211771450795f,0.9060623652642777f,6.724130864371922f,0f,0f,0f,1f],start_interpolation:0}
execute if entity @s[tag=aj.favor_incantations.bone.right_arm] run data modify entity @s {} merge value {transformation:[0.6376830442865006f,-0.7595352023132058f,0.12832229532134304f,0.2715929601547466f,0.6791041980084243f,0.4757075254856804f,-0.5590347381367509f,1.2015852524168493f,0.3635626813588483f,0.4436311831277509f,0.8191541674677826f,6.8350386601538595f,0f,0f,0f,1f],start_interpolation:0}
execute if entity @s[tag=aj.favor_incantations.locator_origin.messermers_orb] at @s on origin run tp @s ^-0.71459 ^1.04847 ^6.82955 ~165.9871 ~-14.01326
execute if entity @s[tag=aj.favor_incantations.bone.messermers_orb] run data modify entity @s {} merge value {transformation:[0.000006360873425586811f,0.000007349821852356091f,0.000002349342036037395f,-0.7145887984989607f,-0.000006940066640101583f,0.000006780264259641172f,-0.000002421464763398734f,1.0484732096201184f,-0.0000033726494473355263f,-9.019594259935954e-8f,0.00000941366561958337f,6.829545534720781f,0f,0f,0f,1f],start_interpolation:0}
execute if entity @s[tag=aj.favor_incantations.bone.slash_right] run data modify entity @s {} merge value {transformation:[0.000005590587370690036f,-0.04448734694336599f,-0.006756902226574299f,-0.6603723938337497f,-0.000009493766488445954f,-0.025980222552954468f,0.012408049756275435f,0.8590952938601847f,-0.000003837296160664798f,-0.0005368972461912058f,-0.04054265626164715f,7.339715118073034f,0f,0f,0f,1f],start_interpolation:0}
execute if entity @s[tag=aj.favor_incantations.locator_origin.twinaxe_right0] at @s on origin run tp @s ^-0.68998 ^0.78285 ^7.4852 ~170.53796 ~-16.7983
execute if entity @s[tag=aj.favor_incantations.locator_origin.twinaxe_right1] at @s on origin run tp @s ^-0.70008 ^1.06264 ^6.77828 ~170.53796 ~-16.7983
execute if entity @s[tag=aj.favor_incantations.bone.twinaxe_right] run data modify entity @s {} merge value {transformation:[0.479193203202003f,0.8634846271151745f,0.15737907338897167f,-0.7147058181589926f,-0.8137514132953673f,0.5042674900812995f,-0.2890033491274777f,0.9588705769484883f,-0.3289110994855541f,0.01042099721111174f,0.9443033895164886f,7.013704577729111f,0f,0f,0f,1f],start_interpolation:0}
execute if entity @s[tag=aj.favor_incantations.bone.left_arm2] run data modify entity @s {} merge value {transformation:[0.636087342558681f,0.7349821852356091f,0.23493420360373948f,-0.570598711099976f,-0.6940066640101582f,0.6780264259641171f,-0.2421464763398734f,1.2613552326117825f,-0.3372649447335526f,-0.009019594259935954f,0.9413665619583369f,6.848369695201644f,0f,0f,0f,1f],start_interpolation:0}
execute if entity @s[tag=aj.favor_incantations.bone.left_arm] run data modify entity @s {} merge value {transformation:[0.636087342558681f,0.7707437208200918f,0.03670162738946192f,-0.2984018630751178f,-0.6940066640101582f,0.5922511159639875f,-0.4093816873638863f,1.3226671786015096f,-0.3372649447335526f,0.2349313356191789f,0.9116247169740748f,6.864944411014744f,0f,0f,0f,1f],start_interpolation:0}
execute if entity @s[tag=aj.favor_incantations.bone.head] run data modify entity @s {} merge value {transformation:[0.9977230666441914f,0.008803198009040513f,0.06686692748230333f,0.017096735404366344f,0f,0.9914448613738105f,-0.13052619222005157f,1.455474861400007f,-0.06744391956366405f,0.13022899277917907f,0.9891874074985034f,6.898753673757f,0f,0f,0f,1f],start_interpolation:0}
execute if entity @s[tag=aj.favor_incantations.bone.body_top] run data modify entity @s {} merge value {transformation:[0.9977230666441914f,0.025809670630777985f,0.06231005687720677f,0.006934177593497511f,0f,0.9238795325112867f,-0.3826834323650897f,1.0916972954736879f,-0.06744391956366405f,0.38181208769322234f,0.921775920386963f,6.748415164227794f,0f,0f,0f,1f],start_interpolation:0}
execute if entity @s[tag=aj.favor_incantations.locator_origin.player_camera] at @s on origin run tp @s ^-0.00263 ^-0.06726 ^6.60693 ~176.13281 ~-22.5
execute if entity @s[tag=aj.favor_incantations.bone.body] run data modify entity @s {} merge value {transformation:[0.9977230666441914f,0.025809670630777985f,0.06231005687720677f,-0.004357553307467857f,0f,0.9238795325112867f,-0.3826834323650897f,0.6875f,-0.06744391956366405f,0.38181208769322234f,0.921775920386963f,6.581372375862009f,0f,0f,0f,1f],start_interpolation:0}
execute if entity @s[tag=aj.favor_incantations.bone.right_leg2] run data modify entity @s {} merge value {transformation:[0.9442305034637546f,-0.12320216585981175f,0.30536860129364235f,0.2397530355972214f,0.27957917494451673f,0.7898975626641824f,-0.5457997118307478f,0.449154410553037f,-0.17396620725280937f,0.6007354382959568f,0.7802901331616573f,6.738808898066613f,0f,0f,0f,1f],start_interpolation:0}
execute if entity @s[tag=aj.favor_incantations.bone.right_leg] run data modify entity @s {} merge value {transformation:[0.9442305034637546f,-0.3243787853093421f,0.056631792924291366f,0.12317940962667655f,0.27957917494451673f,0.8806138141132883f,0.38256345268489805f,0.765625f,-0.17396620725280937f,-0.34539501159409147f,0.9221919782236179f,6.614682565774986f,0f,0f,0f,1f],start_interpolation:0}
execute if entity @s[tag=aj.favor_incantations.bone.left_leg2] run data modify entity @s {} merge value {transformation:[0.9525744763015423f,0.17593522103233475f,-0.24829149220048857f,-0.22145531088357642f,-0.2995928047195562f,0.39916367505047584f,-0.8665520826127348f,0.4240587748422335f,-0.053348087679987916f,0.899841740819185f,0.4329420550378383f,6.525219439736625f,0f,0f,0f,1f],start_interpolation:0}
execute if entity @s[tag=aj.favor_incantations.bone.left_leg] run data modify entity @s {} merge value {transformation:[0.9525744763015423f,0.30285623024343206f,0.02966430349054304f,-0.11261635313984303f,-0.2995928047195562f,0.9504451482650895f,-0.08305523162102299f,0.765625f,-0.053348087679987916f,0.07022908188271537f,0.9961033368073811f,6.550458016038226f,0f,0f,0f,1f],start_interpolation:0}
execute if entity @s[tag=aj.favor_incantations.locator_origin.lightning_spear_locator0] at @s on origin run tp @s ^0.00001 ^-0.00001 ^0.00001 ~0 ~0
execute if entity @s[tag=aj.favor_incantations.locator_origin.lightning_spear_locator1] at @s on origin run tp @s ^0.00001 ^-0.00001 ^0 ~0 ~0
execute if entity @s[tag=aj.favor_incantations.locator_origin.lightning_spear_locator2] at @s on origin run tp @s ^0.00001 ^-0.00001 ^-0.00001 ~0 ~0
execute if entity @s[tag=aj.favor_incantations.locator_origin.lightning_spear0_locator0] at @s on origin run tp @s ^0.00001 ^0.00002 ^0.00001 ~0 ~0
execute if entity @s[tag=aj.favor_incantations.locator_origin.lightning_spear0_locator1] at @s on origin run tp @s ^0.00001 ^0.00002 ^0 ~0 ~0
execute if entity @s[tag=aj.favor_incantations.locator_origin.lightning_spear1_locator0] at @s on origin run tp @s ^-0.00001 ^0.00002 ^0 ~0 ~0
execute if entity @s[tag=aj.favor_incantations.locator_origin.lightning_spear1_locator1] at @s on origin run tp @s ^-0.00001 ^0.00002 ^0.00001 ~0 ~0
execute if entity @s[tag=aj.favor_incantations.locator_origin.lightning_spear2_locator0] at @s on origin run tp @s ^0.00002 ^0.00001 ^0 ~0 ~0
execute if entity @s[tag=aj.favor_incantations.locator_origin.lightning_spear2_locator1] at @s on origin run tp @s ^0.00002 ^0.00001 ^0.00001 ~0 ~0
execute if entity @s[tag=aj.favor_incantations.locator_origin.lightning_spear3_locator0] at @s on origin run tp @s ^-0.00002 ^0.00001 ^0.00001 ~0 ~0
execute if entity @s[tag=aj.favor_incantations.locator_origin.lightning_spear3_locator1] at @s on origin run tp @s ^-0.00002 ^0.00001 ^0 ~0 ~0
execute if entity @s[tag=aj.favor_incantations.locator_origin.lightning_spear4_locator0] at @s on origin run tp @s ^-0.00001 ^0.00001 ^0.00001 ~0 ~0
execute if entity @s[tag=aj.favor_incantations.locator_origin.lightning_spear4_locator1] at @s on origin run tp @s ^-0.00001 ^0.00001 ^0 ~0 ~0
execute if entity @s[tag=aj.favor_incantations.locator_origin.lightning_spear5_locator1] at @s on origin run tp @s ^0.00001 ^0.00001 ^0.00001 ~0 ~0
execute if entity @s[tag=aj.favor_incantations.locator_origin.lightning_spear5_locator0] at @s on origin run tp @s ^0.00001 ^0.00001 ^0 ~0 ~0
execute if entity @s[tag=aj.favor_incantations.locator_origin.blackhole0] at @s on origin run tp @s ^-0.07734 ^0.49144 ^6 ~0 ~0
execute if entity @s[tag=aj.favor_incantations.locator_origin.blackhole1] at @s on origin run tp @s ^0.69606 ^1.26484 ^6 ~0 ~0
execute if entity @s[tag=aj.favor_incantations.locator_origin.blackhole2] at @s on origin run tp @s ^0 ^1.9609 ^6 ~0 ~0
execute if entity @s[tag=aj.favor_incantations.locator_origin.blackhole3] at @s on origin run tp @s ^-0.7734 ^1.1875 ^6 ~0 ~0
execute if entity @s[tag=aj.favor_incantations.bone.black_hole] run data modify entity @s {} merge value {transformation:[1.6499158227686106f,1.6499158227686106f,2.8575091980104907e-16f,-7.347880794884119e-16f,1.6499158227686106f,-1.6499158227686106f,0f,1.1875f,2.0205641312161505e-16f,2.0205641312161505e-16f,-2.333333333333333f,6f,0f,0f,0f,1f],start_interpolation:0}