execute if entity @s[tag=aj.favor_incantations.bone.slash_left] run data modify entity @s {} merge value {transformation:[0.000010838971874403033f,0.00043989558129157546f,-0.00006505007936585725f,-0.08897698092069393f,0.0000042968391975838385f,-0.0010799718463139593f,0.00025589085975161245f,0.5735635764824972f,4.0616834824766627e-7f,-0.0003140335092949534f,-0.0009711389317057932f,0.01767161995443217f,0f,0f,0f,1f],start_interpolation:0}
execute if entity @s[tag=aj.favor_incantations.locator_origin.twinaxe_left0] at @s on origin run tp @s ^0.54375 ^0.96435 ^-0.19959 ~176.16786 ~-14.73009
execute if entity @s[tag=aj.favor_incantations.locator_origin.twinaxe_left1] at @s on origin run tp @s ^0.63776 ^0.66187 ^0.49164 ~176.16786 ~-14.73009
execute if entity @s[tag=aj.favor_incantations.bone.twinaxe_left] run data modify entity @s {} merge value {transformation:[0.9290547320916884f,-0.36425178582660106f,0.06463699637338577f,-0.11411648427299453f,0.36830050265004327f,0.8942614802069734f,-0.2542658938311592f,0.5686679070015447f,0.03481442984979996f,0.26003277012746834f,0.9649719757247196f,-0.0007072188045668532f,0f,0f,0f,1f],start_interpolation:0}
execute if entity @s[tag=aj.favor_incantations.bone.right_arm2] run data modify entity @s {} merge value {transformation:[0.9290547320916884f,-0.36698475141366577f,0.04668508335529754f,0.4016283921131903f,0.36830050265004327f,0.9056611499182704f,-0.21007765534782968f,1.1422315111921066f,0.03481442984979996f,0.21236777947364327f,0.9765694454137235f,-0.08397676239006649f,0f,0f,0f,1f],start_interpolation:0}
execute if entity @s[tag=aj.favor_incantations.bone.right_arm] run data modify entity @s {} merge value {transformation:[0.9290547320916884f,-0.36726429731573496f,0.04443242841912375f,0.30981231778425655f,0.36830050265004327f,0.9069331133636432f,-0.20451666834821686f,1.3689647895330175f,0.03481442984979996f,0.2063716642412627f,0.9778541259679405f,-0.032383846329750825f,0f,0f,0f,1f],start_interpolation:0}
execute if entity @s[tag=aj.favor_incantations.locator_origin.messermers_orb] at @s on origin run tp @s ^-0.57388 ^0.94531 ^-0.07268 ~-178.43254 ~-4.29136
execute if entity @s[tag=aj.favor_incantations.bone.messermers_orb] run data modify entity @s {} merge value {transformation:[0.000009122850124002064f,0.000004086465593519274f,-2.7277200732244226e-7f,-0.5738810122262888f,-0.000004095151781006121f,0.000009092293645416736f,-7.482834730480468e-7f,0.9453133979209688f,-5.7771147798454124e-8f,7.943520746480184e-7f,0.000009968232906387393f,-0.07268025411665295f,0f,0f,0f,1f],start_interpolation:0}
execute if entity @s[tag=aj.favor_incantations.bone.slash_right] run data modify entity @s {} merge value {transformation:[0.000010605911515673546f,-0.0005019457079941121f,0.000028943266777531886f,-0.6049972738303862f,-0.000004860060259186614f,-0.0010938379978362965f,0.00007855745890366186f,0.8732037502933353f,-7.460770663533769e-8f,-0.00010016634637696725f,-0.0010029025289445812f,0.12526169455733066f,0f,0f,0f,1f],start_interpolation:0}
execute if entity @s[tag=aj.favor_incantations.locator_origin.twinaxe_right0] at @s on origin run tp @s ^-0.6449 ^0.7788 ^0.60264 ~-178.34693 ~-4.47698
execute if entity @s[tag=aj.favor_incantations.locator_origin.twinaxe_right1] at @s on origin run tp @s ^-0.57138 ^0.95056 ^-0.1344 ~-178.34693 ~-4.47698
execute if entity @s[tag=aj.favor_incantations.bone.twinaxe_right] run data modify entity @s {} merge value {transformation:[0.9090781299148752f,0.4156318642438577f,-0.02875947036453875f,-0.604543974118122f,-0.41657659364456684f,0.90574322876131f,-0.07805860093882572f,0.8744340908001947f,-0.006394946283028944f,0.08294188916472064f,0.9965338668022398f,0.10955457236915675f,0f,0f,0f,1f],start_interpolation:0}
execute if entity @s[tag=aj.favor_incantations.bone.left_arm2] run data modify entity @s {} merge value {transformation:[0.9122850124002063f,0.4086465593519274f,-0.027277200732244225f,-0.5287371856633198f,-0.40951517810061205f,0.9092293645416736f,-0.07482834730480467f,1.1982154376876755f,-0.005777114779845412f,0.07943520746480183f,0.9968232906387392f,-0.05246038257671215f,0f,0f,0f,1f],start_interpolation:0}
execute if entity @s[tag=aj.favor_incantations.bone.left_arm] run data modify entity @s {} merge value {transformation:[0.9122850124002063f,0.4088062364531765f,-0.024769279096191723f,-0.3125f,-0.40951517810061205f,0.9096713866633845f,-0.06924801218186151f,1.374443887090945f,-0.005777114779845412f,0.0733173193925199f,0.997291930992082f,-0.034853192076062856f,0f,0f,0f,1f],start_interpolation:0}
execute if entity @s[tag=aj.favor_incantations.bone.head] run data modify entity @s {} merge value {transformation:[1f,0f,0f,0f,0f,0.9999767596252533f,-0.006817639575278998f,1.5180776089372336f,0f,0.006817639575278998f,0.9999767596252533f,-0.029072495873785083f,0f,0f,0f,1f],start_interpolation:0}
execute if entity @s[tag=aj.favor_incantations.bone.body_top] run data modify entity @s {} merge value {transformation:[1f,0f,0f,0f,0f,0.99919110849592f,-0.04021353879845405f,1.1246461099669651f,0f,0.04021353879845405f,0.99919110849592f,-0.04490657677567637f,0f,0f,0f,1f],start_interpolation:0}
execute if entity @s[tag=aj.favor_incantations.locator_origin.player_camera] at @s on origin run tp @s ^0 ^-0.01201 ^0.2221 ~-180 ~-2.30469
execute if entity @s[tag=aj.favor_incantations.bone.body] run data modify entity @s {} merge value {transformation:[1f,0f,0f,0f,0f,0.99919110849592f,-0.04021353879845405f,0.6875f,0f,0.04021353879845405f,0.99919110849592f,-0.06250000000000001f,0f,0f,0f,1f],start_interpolation:0}
execute if entity @s[tag=aj.favor_incantations.bone.right_leg2] run data modify entity @s {} merge value {transformation:[0.99929541095176f,-0.033049591993857264f,0.017787808178433485f,0.13843135575231102f,0.03644387130707104f,0.9677328448709102f,-0.24932907011058378f,0.4105077412121331f,-0.00897362217317085f,0.24980165217046574f,0.9682554459841674f,-0.01023540525208437f,0f,0f,0f,1f],start_interpolation:0}
execute if entity @s[tag=aj.favor_incantations.bone.right_leg] run data modify entity @s {} merge value {transformation:[0.99929541095176f,-0.037374207310778534f,0.0034424233679382884f,0.125f,0.03644387130707104f,0.9881523722792818f,0.14908632869240987f,0.765625f,-0.00897362217317085f,-0.14885582886376528f,0.9888181917412192f,-0.06373046875000002f,0f,0f,0f,1f],start_interpolation:0}
execute if entity @s[tag=aj.favor_incantations.bone.left_leg2] run data modify entity @s {} merge value {transformation:[0.9767298424575181f,0.19687141755480728f,-0.0850908914213068f,-0.20334231361432115f,-0.21362582940431055f,0.9282619147841141f,-0.3044566021170348f,0.4146105612945165f,0.019047830958728813f,0.3155494612755515f,0.94871793364755f,-0.05417503006672933f,0f,0f,0f,1f],start_interpolation:0}
execute if entity @s[tag=aj.favor_incantations.bone.left_leg] run data modify entity @s {} merge value {transformation:[0.9767298424575181f,0.21391991614419795f,-0.015397542978385172f,-0.12646484375f,-0.21362582940431055f,0.9767358294413454f,0.018738316275680393f,0.765625f,0.019047830958728813f,-0.015012959814318409f,0.9997058523252634f,-0.05957031250000001f,0f,0f,0f,1f],start_interpolation:0}
execute if entity @s[tag=aj.favor_incantations.locator_origin.lightning_spear_locator0] at @s on origin run tp @s ^0.00001 ^-0.00001 ^0.00001 ~0 ~0
execute if entity @s[tag=aj.favor_incantations.locator_origin.lightning_spear_locator1] at @s on origin run tp @s ^0.00001 ^-0.00001 ^0 ~0 ~0
execute if entity @s[tag=aj.favor_incantations.locator_origin.lightning_spear_locator2] at @s on origin run tp @s ^0.00001 ^-0.00001 ^-0.00001 ~0 ~0
execute if entity @s[tag=aj.favor_incantations.locator_origin.lightning_spear0_locator0] at @s on origin run tp @s ^0.00001 ^0.00002 ^0.00001 ~0 ~0
execute if entity @s[tag=aj.favor_incantations.locator_origin.lightning_spear0_locator1] at @s on origin run tp @s ^0.00001 ^0.00002 ^0 ~0 ~0
execute if entity @s[tag=aj.favor_incantations.locator_origin.lightning_spear1_locator0] at @s on origin run tp @s ^-0.00001 ^0.00002 ^0 ~0 ~0
execute if entity @s[tag=aj.favor_incantations.locator_origin.lightning_spear1_locator1] at @s on origin run tp @s ^-0.00001 ^0.00002 ^0.00001 ~0 ~0
execute if entity @s[tag=aj.favor_incantations.locator_origin.lightning_spear2_locator0] at @s on origin run tp @s ^0.00002 ^0.00001 ^0 ~0 ~0
execute if entity @s[tag=aj.favor_incantations.locator_origin.lightning_spear2_locator1] at @s on origin run tp @s ^0.00002 ^0.00001 ^0.00001 ~0 ~0
execute if entity @s[tag=aj.favor_incantations.locator_origin.lightning_spear3_locator0] at @s on origin run tp @s ^-0.00002 ^0.00001 ^0.00001 ~0 ~0
execute if entity @s[tag=aj.favor_incantations.locator_origin.lightning_spear3_locator1] at @s on origin run tp @s ^-0.00002 ^0.00001 ^0 ~0 ~0
execute if entity @s[tag=aj.favor_incantations.locator_origin.lightning_spear4_locator0] at @s on origin run tp @s ^-0.00001 ^0.00001 ^0.00001 ~0 ~0
execute if entity @s[tag=aj.favor_incantations.locator_origin.lightning_spear4_locator1] at @s on origin run tp @s ^-0.00001 ^0.00001 ^0 ~0 ~0
execute if entity @s[tag=aj.favor_incantations.locator_origin.lightning_spear5_locator1] at @s on origin run tp @s ^0.00001 ^0.00001 ^0.00001 ~0 ~0
execute if entity @s[tag=aj.favor_incantations.locator_origin.lightning_spear5_locator0] at @s on origin run tp @s ^0.00001 ^0.00001 ^0 ~0 ~0
execute if entity @s[tag=aj.favor_incantations.locator_origin.blackhole0] at @s on origin run tp @s ^-0.02486 ^1.19026 ^-0.625 ~-180 ~0
execute if entity @s[tag=aj.favor_incantations.locator_origin.blackhole1] at @s on origin run tp @s ^0.00276 ^1.16264 ^-0.625 ~-180 ~0
execute if entity @s[tag=aj.favor_incantations.locator_origin.blackhole2] at @s on origin run tp @s ^0.02762 ^1.1875 ^-0.625 ~-180 ~0
execute if entity @s[tag=aj.favor_incantations.locator_origin.blackhole3] at @s on origin run tp @s ^0 ^1.21512 ^-0.625 ~-180 ~0
execute if entity @s[tag=aj.favor_incantations.bone.black_hole] run data modify entity @s {} merge value {transformation:[0.05892556509887895f,-0.05892556509887896f,-1.020538999289461e-17f,7.654042494670958e-17f,-0.05892556509887896f,-0.05892556509887895f,0f,1.1875f,7.216300468629109e-18f,-7.21630046862911e-18f,0.08333333333333333f,-0.625f,0f,0f,0f,1f],start_interpolation:0}