execute if entity @s[tag=aj.favor_incantations.bone.slash_left] run data modify entity @s {} merge value {transformation:[0.0000073448474326784265f,0.000008217001875792674f,0.000003826905731136838f,0.6317308175031547f,0.000008786904335008042f,-0.0000052447624558220345f,-0.000005603025084766946f,0.7809388402438566f,-0.0000022259019540862943f,0.000006409715911515149f,-0.00000949062766815639f,5.515163304730283f,0f,0f,0f,1f],start_interpolation:0}
execute if entity @s[tag=aj.favor_incantations.locator_origin.twinaxe_left0] at @s on origin run tp @s ^0.38748 ^1.23634 ^6.50694 ~21.96077 ~-28.70234
execute if entity @s[tag=aj.favor_incantations.locator_origin.twinaxe_left1] at @s on origin run tp @s ^0.54545 ^0.93234 ^5.82815 ~21.96077 ~-28.70234
execute if entity @s[tag=aj.favor_incantations.bone.twinaxe_left] run data modify entity @s {} merge value {transformation:[0.6295583513724364f,0.7043144464965149f,0.3280204912403003f,-0.04670726543246018f,0.753163228714975f,-0.4495510676418886f,-0.4802592929800239f,0.5795044447439838f,-0.1907915960645395f,0.5494042209870127f,-0.8134823715562619f,6.412323676783267f,0f,0f,0f,1f],start_interpolation:0}
execute if entity @s[tag=aj.favor_incantations.bone.right_arm2] run data modify entity @s {} merge value {transformation:[0.6295583513724364f,-0.32802049124030014f,0.704314446496515f,0.3251027823610439f,0.753163228714975f,0.4802592929800238f,-0.44955106764188874f,1.220899637639239f,-0.1907915960645395f,0.813482371556262f,0.5494042209870125f,6.567736156617072f,0f,0f,0f,1f],start_interpolation:0}
execute if entity @s[tag=aj.favor_incantations.bone.right_arm] run data modify entity @s {} merge value {transformation:[0.6295583513724364f,-0.32802049124030014f,0.704314446496515f,0.24309765955096885f,0.753163228714975f,0.4802592929800238f,-0.44955106764188874f,1.3409644608842448f,-0.1907915960645395f,0.813482371556262f,0.5494042209870125f,6.771106749506138f,0f,0f,0f,1f],start_interpolation:0}
execute if entity @s[tag=aj.favor_incantations.locator_origin.messermers_orb] at @s on origin run tp @s ^-0.70662 ^1.1335 ^7.28171 ~153.65651 ~-13.23066
execute if entity @s[tag=aj.favor_incantations.bone.messermers_orb] run data modify entity @s {} merge value {transformation:[0.000003840574859308785f,0.000008160265533084014f,0.0000043197281372334535f,-0.7066211966696566f,-0.000008284993803775897f,0.000005110836134832024f,-0.0000022887183475234053f,1.1334958291918324f,-0.000004075397210265559f,-0.0000026998926705438427f,0.000008723629814824984f,7.28170959370554f,0f,0f,0f,1f],start_interpolation:0}
execute if entity @s[tag=aj.favor_incantations.bone.slash_right] run data modify entity @s {} merge value {transformation:[0.000004480670669193582f,0.000006239217427018279f,-0.000008781051609216911f,-1.4639109716472198f,-0.000009665826104405213f,-0.0000018690467425510652f,-0.000006260158233197395f,0.6945569165813401f,-0.000004754630078643152f,0.00000967935644987113f,0.000004451366379294245f,7.460386189544936f,0f,0f,0f,1f],start_interpolation:0}
execute if entity @s[tag=aj.favor_incantations.locator_origin.twinaxe_right0] at @s on origin run tp @s ^-1.17037 ^0.90383 ^7.31158 ~-116.88175 ~-32.45147
execute if entity @s[tag=aj.favor_incantations.locator_origin.twinaxe_right1] at @s on origin run tp @s ^-0.53903 ^1.28624 ^7.12913 ~-116.88175 ~-32.45147
execute if entity @s[tag=aj.favor_incantations.bone.twinaxe_right] run data modify entity @s {} merge value {transformation:[0.38405748593087846f,0.5347900651729953f,-0.7526615665043066f,-0.7606177983850748f,-0.8284993803775896f,-0.160204006504377f,-0.5365849914169195f,1.162104808535875f,-0.40753972102655583f,0.8296591242746683f,0.3815456896537924f,7.172664221020227f,0f,0f,0f,1f],start_interpolation:0}
execute if entity @s[tag=aj.favor_incantations.bone.left_arm2] run data modify entity @s {} merge value {transformation:[0.38405748593087846f,0.8160265533084013f,0.43197281372334534f,-0.5266181512132362f,-0.8284993803775896f,0.5110836134832023f,-0.22887183475234052f,1.3130479438362324f,-0.40753972102655583f,-0.26998926705438425f,0.8723629814824984f,7.239683509506103f,0f,0f,0f,1f],start_interpolation:0}
execute if entity @s[tag=aj.favor_incantations.bone.left_arm] run data modify entity @s {} merge value {transformation:[0.38405748593087846f,0.8160265533084013f,0.43197281372334534f,-0.274604327144776f,-0.8284993803775896f,0.5110836134832023f,-0.22887183475234052f,1.3372564246598342f,-0.40753972102655583f,-0.26998926705438425f,0.8723629814824984f,7.121243727614188f,0f,0f,0f,1f],start_interpolation:0}
execute if entity @s[tag=aj.favor_incantations.bone.head] run data modify entity @s {} merge value {transformation:[0.8938182520280609f,0.08634804424526286f,0.4400374388577866f,0.00925297414473382f,-0.013489584696351496f,0.986019180556396f,-0.16608493814796432f,1.475356262624375f,-0.4482264644643623f,0.14251382680256422f,0.8824867396872698f,6.98459168862902f,0f,0f,0f,1f],start_interpolation:0}
execute if entity @s[tag=aj.favor_incantations.bone.body_top] run data modify entity @s {} merge value {transformation:[0.8283231787131917f,0.17395692481139044f,0.5325595740540567f,-0.05924256499975117f,0.005932857959056764f,0.947797007668421f,-0.3188191234089085f,1.1021611908549342f,-0.5602191649728808f,0.2672448700442188f,0.7840501684408576f,6.879364021049108f,0f,0f,0f,1f],start_interpolation:0}
execute if entity @s[tag=aj.favor_incantations.locator_origin.player_camera] at @s on origin run tp @s ^-0.08852 ^-0.06374 ^6.82373 ~145.81402 ~-18.59153
execute if entity @s[tag=aj.favor_incantations.bone.body] run data modify entity @s {} merge value {transformation:[0.8283231787131917f,0.17395692481139044f,0.5325595740540567f,-0.1353487196047345f,0.005932857959056764f,0.947797007668421f,-0.3188191234089085f,0.6875f,-0.5602191649728808f,0.2672448700442188f,0.7840501684408576f,6.762444390404762f,0f,0f,0f,1f],start_interpolation:0}
execute if entity @s[tag=aj.favor_incantations.bone.right_leg2] run data modify entity @s {} merge value {transformation:[0.8973217688526833f,0.1803455805280364f,0.4028512315074845f,-0.03177818979354008f,0.17483861546848256f,0.6928179705364255f,-0.6995961107974034f,0.4550757439507031f,-0.40527163937802946f,0.6981967711797256f,0.59014927520929f,6.567023863441818f,0f,0f,0f,1f],start_interpolation:0}
execute if entity @s[tag=aj.favor_incantations.bone.right_leg] run data modify entity @s {} merge value {transformation:[0.8973217688526833f,0.05743584143543129f,0.4376240021544697f,-0.011137184277681962f,0.17483861546848256f,0.8641370603110871f,-0.4719095247375038f,0.765625f,-0.40527163937802946f,0.4999682641083498f,0.7653669924946644f,6.746699958355756f,0f,0f,0f,1f],start_interpolation:0}
execute if entity @s[tag=aj.favor_incantations.bone.left_leg2] run data modify entity @s {} merge value {transformation:[0.8515729473280935f,0.07750451728919619f,0.5184752310175603f,-0.19605581937818084f,-0.13838219404972607f,0.9871651902110319f,0.07971985703450135f,0.46121833917175564f,-0.5056420510093358f,-0.13963501364409314f,0.8513684156789504f,7.026308666283271f,0f,0f,0f,1f],start_interpolation:0}
execute if entity @s[tag=aj.favor_incantations.bone.left_leg] run data modify entity @s {} merge value {transformation:[0.8515729473280935f,-0.16279083254485693f,0.498319837271502f,-0.2545587748239888f,-0.13838219404972607f,0.8470446214351147f,0.513191755260962f,0.765625f,-0.5056420510093358f,-0.505978807992188f,0.6987929322151711f,6.844472532161079f,0f,0f,0f,1f],start_interpolation:0}
execute if entity @s[tag=aj.favor_incantations.locator_origin.lightning_spear_locator0] at @s on origin run tp @s ^0.00001 ^-0.00001 ^0.00001 ~0 ~0
execute if entity @s[tag=aj.favor_incantations.locator_origin.lightning_spear_locator1] at @s on origin run tp @s ^0.00001 ^-0.00001 ^0 ~0 ~0
execute if entity @s[tag=aj.favor_incantations.locator_origin.lightning_spear_locator2] at @s on origin run tp @s ^0.00001 ^-0.00001 ^-0.00001 ~0 ~0
execute if entity @s[tag=aj.favor_incantations.locator_origin.lightning_spear0_locator0] at @s on origin run tp @s ^0.00001 ^0.00002 ^0.00001 ~0 ~0
execute if entity @s[tag=aj.favor_incantations.locator_origin.lightning_spear0_locator1] at @s on origin run tp @s ^0.00001 ^0.00002 ^0 ~0 ~0
execute if entity @s[tag=aj.favor_incantations.locator_origin.lightning_spear1_locator0] at @s on origin run tp @s ^-0.00001 ^0.00002 ^0 ~0 ~0
execute if entity @s[tag=aj.favor_incantations.locator_origin.lightning_spear1_locator1] at @s on origin run tp @s ^-0.00001 ^0.00002 ^0.00001 ~0 ~0
execute if entity @s[tag=aj.favor_incantations.locator_origin.lightning_spear2_locator0] at @s on origin run tp @s ^0.00002 ^0.00001 ^0 ~0 ~0
execute if entity @s[tag=aj.favor_incantations.locator_origin.lightning_spear2_locator1] at @s on origin run tp @s ^0.00002 ^0.00001 ^0.00001 ~0 ~0
execute if entity @s[tag=aj.favor_incantations.locator_origin.lightning_spear3_locator0] at @s on origin run tp @s ^-0.00002 ^0.00001 ^0.00001 ~0 ~0
execute if entity @s[tag=aj.favor_incantations.locator_origin.lightning_spear3_locator1] at @s on origin run tp @s ^-0.00002 ^0.00001 ^0 ~0 ~0
execute if entity @s[tag=aj.favor_incantations.locator_origin.lightning_spear4_locator0] at @s on origin run tp @s ^-0.00001 ^0.00001 ^0.00001 ~0 ~0
execute if entity @s[tag=aj.favor_incantations.locator_origin.lightning_spear4_locator1] at @s on origin run tp @s ^-0.00001 ^0.00001 ^0 ~0 ~0
execute if entity @s[tag=aj.favor_incantations.locator_origin.lightning_spear5_locator1] at @s on origin run tp @s ^0.00001 ^0.00001 ^0.00001 ~0 ~0
execute if entity @s[tag=aj.favor_incantations.locator_origin.lightning_spear5_locator0] at @s on origin run tp @s ^0.00001 ^0.00001 ^0 ~0 ~0
execute if entity @s[tag=aj.favor_incantations.locator_origin.blackhole0] at @s on origin run tp @s ^0 ^1.1875 ^6 ~0 ~0
execute if entity @s[tag=aj.favor_incantations.locator_origin.blackhole1] at @s on origin run tp @s ^0 ^1.1875 ^6 ~0 ~0
execute if entity @s[tag=aj.favor_incantations.locator_origin.blackhole2] at @s on origin run tp @s ^0 ^1.1875 ^6 ~0 ~0
execute if entity @s[tag=aj.favor_incantations.locator_origin.blackhole3] at @s on origin run tp @s ^0 ^1.1875 ^6 ~0 ~0