execute if entity @s[tag=aj.favor_incantations.bone.slash_left] run data modify entity @s {} merge value {transformation:[0.000004087006918928515f,0.013060053228876264f,0.03141846851016376f,-0.5215600476429908f,0.000008935627973341057f,-0.027164051139121737f,-0.002920787653721764f,0.9799342172490756f,0.0000062898361089766404f,0.03010433404612487f,-0.016265674422642033f,7.796721794267713f,0f,0f,0f,1f],start_interpolation:0}
execute if entity @s[tag=aj.favor_incantations.locator_origin.twinaxe_left0] at @s on origin run tp @s ^0.12701 ^1.05221 ^7.49213 ~-117.37108 ~4.71944
execute if entity @s[tag=aj.favor_incantations.locator_origin.twinaxe_left1] at @s on origin run tp @s ^-0.49845 ^1.03421 ^7.92411 ~-117.37108 ~4.71944
execute if entity @s[tag=aj.favor_incantations.bone.twinaxe_left] run data modify entity @s {} merge value {transformation:[0.35031487876530126f,-0.30657726362670845f,-0.8850366473445105f,-0.33782886498376474f,0.7659109691435191f,0.637660530267569f,0.08227657919796152f,0.4584928060212664f,0.5391288093408548f,-0.7066819861621225f,0.45819286045580154f,7.2465020099468545f,0f,0f,0f,1f],start_interpolation:0}
execute if entity @s[tag=aj.favor_incantations.bone.right_arm2] run data modify entity @s {} merge value {transformation:[0.35031487876530126f,0.7242575496882054f,-0.5939111780689841f,0.09685652751753587f,0.7659109691435191f,0.14347659915393474f,0.6267334783150305f,1.0641749648176337f,0.5391288093408548f,-0.6744371484540701f,-0.5044548143529354f,7.37879809383708f,0f,0f,0f,1f],start_interpolation:0}
execute if entity @s[tag=aj.favor_incantations.bone.right_arm] run data modify entity @s {} merge value {transformation:[0.35031487876530126f,0.4847433758253865f,-0.8014382978801675f,0.2180423714738825f,0.7659109691435191f,0.3442654034689837f,0.5430117119546995f,1.1502413156848796f,0.5391288093408548f,-0.8040554654796805f,-0.2506689756849983f,7.17778422746716f,0f,0f,0f,1f],start_interpolation:0}
execute if entity @s[tag=aj.favor_incantations.locator_origin.messermers_orb] at @s on origin run tp @s ^-0.78488 ^1.43439 ^7.05413 ~175.80103 ~-26.07996
execute if entity @s[tag=aj.favor_incantations.bone.messermers_orb] run data modify entity @s {} merge value {transformation:[-5.171426848460258e-7f,0.00000996494147675624f,6.576509775963017e-7f,-0.784876591671529f,-0.000008980091098419942f,-1.7589561632043477e-7f,-0.000004396251198036593f,1.4343856826596137f,-0.000004369270798152612f,-8.179254837589918e-7f,0.0000089577045382971f,7.054132567970359f,0f,0f,0f,1f],start_interpolation:0}
execute if entity @s[tag=aj.favor_incantations.bone.slash_right] run data modify entity @s {} merge value {transformation:[-0.0000012361376406688787f,-0.04232382517221036f,-0.0014535983698879603f,-0.818439617863906f,-0.000010450011527791945f,0.003300574848692361f,0.015542639498761663f,1.1783849825140393f,-0.0000050378898274424546f,0.0035385903197357044f,-0.031883173268297337f,7.585496530786839f,0f,0f,0f,1f],start_interpolation:0}
execute if entity @s[tag=aj.favor_incantations.locator_origin.twinaxe_right0] at @s on origin run tp @s ^-0.87631 ^1.13807 ^7.68332 ~177.38961 ~-25.96522
execute if entity @s[tag=aj.favor_incantations.locator_origin.twinaxe_right1] at @s on origin run tp @s ^-0.78283 ^1.45676 ^6.99934 ~177.38961 ~-25.96522
execute if entity @s[tag=aj.favor_incantations.bone.twinaxe_right] run data modify entity @s {} merge value {transformation:[-0.10595465491447528f,0.9935275362294917f,0.0409468662501774f,-0.8346900212435793f,-0.8957152738107381f,-0.07747910270916311f,-0.4378254639757005f,1.3521428558523183f,-0.431819128066496f,-0.08306637946328464f,0.8981270607429399f,7.229060779779644f,0f,0f,0f,1f],start_interpolation:0}
execute if entity @s[tag=aj.favor_incantations.bone.left_arm2] run data modify entity @s {} merge value {transformation:[-0.051714268484602574f,0.996494147675624f,0.06576509775963016f,-0.5325209129723354f,-0.8980091098419942f,-0.017589561632043477f,-0.4396251198036592f,1.4861138616167275f,-0.43692707981526113f,-0.08179254837589917f,0.8957704538297099f,7.060992373364837f,0f,0f,0f,1f],start_interpolation:0}
execute if entity @s[tag=aj.favor_incantations.bone.left_arm] run data modify entity @s {} merge value {transformation:[-0.051714268484602574f,0.9984220403414368f,0.02188752602613553f,-0.2893796864475516f,-0.8980091098419942f,-0.03690204065999486f,-0.43842659366867476f,1.3646372127214796f,-0.43692707981526113f,-0.04232810833914502f,0.898500449731962f,6.995794461303143f,0f,0f,0f,1f],start_interpolation:0}
execute if entity @s[tag=aj.favor_incantations.bone.head] run data modify entity @s {} merge value {transformation:[0.9988900330137868f,0.01512038095735771f,-0.04461026816126512f,0.005253444967269025f,-0.01861973330618491f,0.9966927436426838f,-0.07910044438323893f,1.4530805039494337f,0.04326670171531627f,0.07984327679725878f,0.9958679850627563f,7.149708120896645f,0f,0f,0f,1f],start_interpolation:0}
execute if entity @s[tag=aj.favor_incantations.bone.body_top] run data modify entity @s {} merge value {transformation:[0.9391617087281252f,0.00796589521587086f,-0.3433829194533088f,0.0021168737260198736f,-0.14064105521850445f,0.9209991024955593f,-0.3632915451664131f,1.090437107341807f,0.3133614182471949f,0.38948324446089344f,0.8660874227457194f,6.996349093390168f,0f,0f,0f,1f],start_interpolation:0}
execute if entity @s[tag=aj.favor_incantations.locator_origin.player_camera] at @s on origin run tp @s ^-0.11415 ^-0.05922 ^6.82883 ~-158.37286 ~-21.30248
execute if entity @s[tag=aj.favor_incantations.bone.body] run data modify entity @s {} merge value {transformation:[0.9391617087281252f,0.00796589521587086f,-0.3433829194533088f,-0.0013682054309236275f,-0.14064105521850445f,0.9209991024955593f,-0.3632915451664131f,0.6875f,0.3133614182471949f,0.38948324446089344f,0.8660874227457194f,6.825950173938527f,0f,0f,0f,1f],start_interpolation:0}
execute if entity @s[tag=aj.favor_incantations.bone.right_leg2] run data modify entity @s {} merge value {transformation:[0.9499144129006882f,-0.08963202989822629f,0.29938053941407766f,0.23403775794562998f,0.2832353334228456f,0.6517561943504203f,-0.7035564007431861f,0.4296935357369096f,-0.1320619326845935f,0.7531135122557426f,0.6444995605843569f,6.940161666206432f,0f,0f,0f,1f],start_interpolation:0}
execute if entity @s[tag=aj.favor_incantations.bone.right_leg] run data modify entity @s {} merge value {transformation:[0.9499144129006882f,-0.3042249650273978f,0.07148271691548375f,0.1247069111389089f,0.2832353334228456f,0.9347658136016428f,0.21445423666252986f,0.765625f,-0.1320619326845935f,-0.18346673915382433f,0.9741147784321271f,6.874228306823026f,0f,0f,0f,1f],start_interpolation:0}
execute if entity @s[tag=aj.favor_incantations.bone.left_leg2] run data modify entity @s {} merge value {transformation:[0.9801857834553449f,0.04736806540859071f,-0.1923332948074225f,-0.1705804382817408f,-0.12394767878492567f,0.9040693761793454f,-0.4090177697588677f,0.48373570551887285f,0.15450826138385065f,0.42475266854269045f,0.8920271115442641f,6.988165335830344f,0f,0f,0f,1f],start_interpolation:0}
execute if entity @s[tag=aj.favor_incantations.bone.left_leg] run data modify entity @s {} merge value {transformation:[0.9801857834553449f,0.19215272032472105f,-0.048095342641891636f,-0.10152555441504418f,-0.12394767878492567f,0.7843876020344408f,0.6077606952563555f,0.765625f,0.15450826138385065f,-0.5897570871523878f,0.7926624598892459f,6.776221382634955f,0f,0f,0f,1f],start_interpolation:0}
execute if entity @s[tag=aj.favor_incantations.locator_origin.lightning_spear_locator0] at @s on origin run tp @s ^0.00001 ^-0.00001 ^0.00001 ~0 ~0
execute if entity @s[tag=aj.favor_incantations.locator_origin.lightning_spear_locator1] at @s on origin run tp @s ^0.00001 ^-0.00001 ^0 ~0 ~0
execute if entity @s[tag=aj.favor_incantations.locator_origin.lightning_spear_locator2] at @s on origin run tp @s ^0.00001 ^-0.00001 ^-0.00001 ~0 ~0
execute if entity @s[tag=aj.favor_incantations.locator_origin.lightning_spear0_locator0] at @s on origin run tp @s ^0.00001 ^0.00002 ^0.00001 ~0 ~0
execute if entity @s[tag=aj.favor_incantations.locator_origin.lightning_spear0_locator1] at @s on origin run tp @s ^0.00001 ^0.00002 ^0 ~0 ~0
execute if entity @s[tag=aj.favor_incantations.locator_origin.lightning_spear1_locator0] at @s on origin run tp @s ^-0.00001 ^0.00002 ^0 ~0 ~0
execute if entity @s[tag=aj.favor_incantations.locator_origin.lightning_spear1_locator1] at @s on origin run tp @s ^-0.00001 ^0.00002 ^0.00001 ~0 ~0
execute if entity @s[tag=aj.favor_incantations.locator_origin.lightning_spear2_locator0] at @s on origin run tp @s ^0.00002 ^0.00001 ^0 ~0 ~0
execute if entity @s[tag=aj.favor_incantations.locator_origin.lightning_spear2_locator1] at @s on origin run tp @s ^0.00002 ^0.00001 ^0.00001 ~0 ~0
execute if entity @s[tag=aj.favor_incantations.locator_origin.lightning_spear3_locator0] at @s on origin run tp @s ^-0.00002 ^0.00001 ^0.00001 ~0 ~0
execute if entity @s[tag=aj.favor_incantations.locator_origin.lightning_spear3_locator1] at @s on origin run tp @s ^-0.00002 ^0.00001 ^0 ~0 ~0
execute if entity @s[tag=aj.favor_incantations.locator_origin.lightning_spear4_locator0] at @s on origin run tp @s ^-0.00001 ^0.00001 ^0.00001 ~0 ~0
execute if entity @s[tag=aj.favor_incantations.locator_origin.lightning_spear4_locator1] at @s on origin run tp @s ^-0.00001 ^0.00001 ^0 ~0 ~0
execute if entity @s[tag=aj.favor_incantations.locator_origin.lightning_spear5_locator1] at @s on origin run tp @s ^0.00001 ^0.00001 ^0.00001 ~0 ~0
execute if entity @s[tag=aj.favor_incantations.locator_origin.lightning_spear5_locator0] at @s on origin run tp @s ^0.00001 ^0.00001 ^0 ~0 ~0
execute if entity @s[tag=aj.favor_incantations.locator_origin.blackhole0] at @s on origin run tp @s ^0.23933 ^2.15894 ^6 ~0 ~0
execute if entity @s[tag=aj.favor_incantations.locator_origin.blackhole1] at @s on origin run tp @s ^-1.00028 ^1.20775 ^6 ~0 ~0
execute if entity @s[tag=aj.favor_incantations.locator_origin.blackhole2] at @s on origin run tp @s ^-0.14421 ^0.0921 ^6 ~0 ~0
execute if entity @s[tag=aj.favor_incantations.locator_origin.blackhole3] at @s on origin run tp @s ^1.0954 ^1.04329 ^6 ~0 ~0
execute if entity @s[tag=aj.favor_incantations.bone.black_hole] run data modify entity @s {} merge value {transformation:[-2.6445111343041168f,-2.0292047633624017f,4.082155997157844e-16f,-7.347880794884119e-16f,-2.0292047633624017f,2.6445111343041168f,0f,1.1875f,-3.238592095935073e-16f,-2.4850591182663273e-16f,-3.333333333333333f,6f,0f,0f,0f,1f],start_interpolation:0}