execute if entity @s[tag=aj.favor_incantations.bone.slash_left] run data modify entity @s {} merge value {transformation:[-0.000001887340040663108f,1.4926299497688966f,-0.3348665698889186f,-0.5757647110316452f,0.000011485429829227506f,0.22063505168794204f,-0.15936888469236168f,1.3424239893764607f,-7.962162519767741e-7f,-0.35544598010820005f,-1.5051351356998688f,6.712830628830078f,0f,0f,0f,1f],start_interpolation:0}
execute if entity @s[tag=aj.favor_incantations.locator_origin.twinaxe_left0] at @s on origin run tp @s ^-0.55703 ^1.3427 ^6.67243 ~-12.54303 ~-5.90093
execute if entity @s[tag=aj.favor_incantations.locator_origin.twinaxe_left1] at @s on origin run tp @s ^-0.83941 ^1.2478 ^5.97287 ~-12.54303 ~-5.90093
execute if entity @s[tag=aj.favor_incantations.bone.twinaxe_left] run data modify entity @s {} merge value {transformation:[-0.16177200348540924f,0.9628937177474374f,-0.21602200631147478f,-0.5498874659194033f,0.9844654139337861f,0.1423313964845029f,-0.10280866861773089f,0.5697545563579379f,-0.06824710731229491f,-0.2292977581601909f,-0.9709607975846475f,6.495201668688371f,0f,0f,0f,1f],start_interpolation:0}
execute if entity @s[tag=aj.favor_incantations.bone.right_arm2] run data modify entity @s {} merge value {transformation:[-0.16177200348540924f,0.15360634895204342f,0.9747999325245872f,-0.47426845779953525f,0.9844654139337861f,0.09343568918741163f,0.14865268498837345f,1.2969449478726287f,-0.06824710731229491f,0.9837046617494992f,-0.16633541654081865f,6.731999270557428f,0f,0f,0f,1f],start_interpolation:0}
execute if entity @s[tag=aj.favor_incantations.bone.right_arm] run data modify entity @s {} merge value {transformation:[-0.16177200348540924f,0.15360634895204342f,0.9747999325245872f,-0.4358668705615244f,0.9844654139337861f,0.09343568918741163f,0.14865268498837345f,1.3203038701694816f,-0.06824710731229491f,0.9837046617494992f,-0.16633541654081865f,6.977925435994803f,0f,0f,0f,1f],start_interpolation:0}
execute if entity @s[tag=aj.favor_incantations.locator_origin.messermers_orb] at @s on origin run tp @s ^0.54075 ^1.42329 ^6.45749 ~-38.64366 ~0.11724
execute if entity @s[tag=aj.favor_incantations.bone.messermers_orb] run data modify entity @s {} merge value {transformation:[-7.864736366530881e-7f,-0.000007770760719557563f,-0.000006244736748513174f,0.5407465875312332f,-0.000009950786736891235f,9.906687703624495e-7f,2.0462266200039354e-8f,1.423286536990353f,6.027458301466348e-7f,0.000006215613664539469f,-0.00000781043175742744f,6.4574866245599445f,0f,0f,0f,1f],start_interpolation:0}
execute if entity @s[tag=aj.favor_incantations.bone.slash_right] run data modify entity @s {} merge value {transformation:[0.0000021984238087318987f,1.0428023451941004f,1.109145615775246f,0.3325013521240798f,0.000011326600989511227f,-0.027464338303944912f,-0.37052625156643393f,1.4899762919247637f,-0.0000017280491580725221f,1.146636305344781f,-1.017581514013593f,6.569627937558351f,0f,0f,0f,1f],start_interpolation:0}
execute if entity @s[tag=aj.favor_incantations.locator_origin.twinaxe_right0] at @s on origin run tp @s ^0.86599 ^1.29882 ^5.99537 ~47.46529 ~-13.82906
execute if entity @s[tag=aj.favor_incantations.locator_origin.twinaxe_right1] at @s on origin run tp @s ^0.41345 ^1.47587 ^6.58016 ~47.46529 ~-13.82906
execute if entity @s[tag=aj.favor_incantations.bone.twinaxe_right] run data modify entity @s {} merge value {transformation:[0.18843632646273414f,0.6727104914350401f,0.7155084524884776f,0.5502842373502607f,0.9708515133866765f,-0.017717210363528732f,-0.23902602245725102f,1.4172227463393376f,-0.14811849926335902f,0.7396936495402412f,-0.6564405647168746f,6.369823840672652f,0f,0f,0f,1f],start_interpolation:0}
execute if entity @s[tag=aj.favor_incantations.bone.left_arm2] run data modify entity @s {} merge value {transformation:[-0.0786473636653088f,-0.7770760719557561f,-0.6244736748513173f,0.351393029771376f,-0.9950786736891234f,0.09906687703624495f,0.0020462266200039353f,1.5102456733549843f,0.06027458301466348f,0.6215613664539469f,-0.781043175742744f,6.609109804735015f,0f,0f,0f,1f],start_interpolation:0}
execute if entity @s[tag=aj.favor_incantations.bone.left_arm] run data modify entity @s {} merge value {transformation:[-0.0786473636653088f,-0.7770760719557561f,-0.6244736748513173f,0.14729309132427337f,-0.9950786736891234f,0.09906687703624495f,0.0020462266200039353f,1.410627558402905f,0.06027458301466348f,0.6215613664539469f,-0.781043175742744f,6.772034469225335f,0f,0f,0f,1f],start_interpolation:0}
execute if entity @s[tag=aj.favor_incantations.bone.head] run data modify entity @s {} merge value {transformation:[-0.9845781933487023f,-0.09616829672210686f,0.14614184851634465f,-0.16775606400133136f,-0.08341381054419222f,0.9923475235603284f,0.09104135705371097f,1.507222181818761f,-0.1537787937028478f,0.07744708638323645f,-0.9850654960042224f,6.870694597726021f,0f,0f,0f,1f],start_interpolation:0}
execute if entity @s[tag=aj.favor_incantations.bone.body_top] run data modify entity @s {} merge value {transformation:[-0.9330559390172765f,-0.1632638217927364f,-0.32054880932272717f,-0.10347093417044138f,-0.14451790117347754f,0.9861319480526447f,-0.08159875777430134f,1.118932727273032f,0.32942554683114894f,-0.02981116441076624f,-0.9437108156482434f,6.88243274371276f,0f,0f,0f,1f],start_interpolation:0}
execute if entity @s[tag=aj.favor_incantations.locator_origin.player_camera] at @s on origin run tp @s ^-0.01997 ^-0.01597 ^6.62106 ~-18.761 ~-4.68047
execute if entity @s[tag=aj.favor_incantations.bone.body] run data modify entity @s {} merge value {transformation:[-0.9330559390172765f,-0.1632638217927364f,-0.32054880932272717f,-0.03204301213611921f,-0.14451790117347754f,0.9861319480526447f,-0.08159875777430134f,0.6875f,0.32942554683114894f,-0.02981116441076624f,-0.9437108156482434f,6.89547512814247f,0f,0f,0f,1f],start_interpolation:0}
execute if entity @s[tag=aj.favor_incantations.bone.right_leg2] run data modify entity @s {} merge value {transformation:[-0.939346239103888f,-0.0009662038784035987f,-0.3429689629273273f,-0.24762878899168422f,0.1867020591788234f,0.8374026511188338f,-0.5137111454869709f,0.4128003726191497f,0.2876994685079697f,-0.5465856441118939f,-0.7864306386904173f,6.965421384591185f,0f,0f,0f,1f],start_interpolation:0}
execute if entity @s[tag=aj.favor_incantations.bone.right_leg] run data modify entity @s {} merge value {transformation:[-0.939346239103888f,0.16780039739746141f,-0.29911815343545284f,-0.18732552117697154f,0.1867020591788234f,0.9817728761901922f,-0.03555784970473735f,0.765625f,0.2876994685079697f,-0.08924710757493265f,-0.953553338628595f,6.9333482053064435f,0f,0f,0f,1f],start_interpolation:0}
execute if entity @s[tag=aj.favor_incantations.bone.left_leg2] run data modify entity @s {} merge value {transformation:[-0.9328293418488947f,-0.33606204732622513f,-0.12996814737720996f,0.1603581241422414f,-0.32492597928460243f,0.9404709696225233f,-0.09968682602637469f,0.48643441720166686f,0.15573222842976436f,-0.0507607687508429f,-0.9864942054488324f,6.663117891688923f,0f,0f,0f,1f],start_interpolation:0}
execute if entity @s[tag=aj.favor_incantations.bone.left_leg] run data modify entity @s {} merge value {transformation:[-0.9328293418488947f,-0.16936070367405526f,-0.3180351726409943f,0.09949412125937779f,-0.32492597928460243f,0.7768781434388401f,0.5393361273203966f,0.765625f,0.15573222842976436f,0.6064464546009398f,-0.7797244197344662f,6.881059586311136f,0f,0f,0f,1f],start_interpolation:0}
execute if entity @s[tag=aj.favor_incantations.locator_origin.lightning_spear_locator0] at @s on origin run tp @s ^0.00001 ^-0.00001 ^0.00001 ~0 ~0
execute if entity @s[tag=aj.favor_incantations.locator_origin.lightning_spear_locator1] at @s on origin run tp @s ^0.00001 ^-0.00001 ^0 ~0 ~0
execute if entity @s[tag=aj.favor_incantations.locator_origin.lightning_spear_locator2] at @s on origin run tp @s ^0.00001 ^-0.00001 ^-0.00001 ~0 ~0
execute if entity @s[tag=aj.favor_incantations.locator_origin.lightning_spear0_locator0] at @s on origin run tp @s ^0.00001 ^0.00002 ^0.00001 ~0 ~0
execute if entity @s[tag=aj.favor_incantations.locator_origin.lightning_spear0_locator1] at @s on origin run tp @s ^0.00001 ^0.00002 ^0 ~0 ~0
execute if entity @s[tag=aj.favor_incantations.locator_origin.lightning_spear1_locator0] at @s on origin run tp @s ^-0.00001 ^0.00002 ^0 ~0 ~0
execute if entity @s[tag=aj.favor_incantations.locator_origin.lightning_spear1_locator1] at @s on origin run tp @s ^-0.00001 ^0.00002 ^0.00001 ~0 ~0
execute if entity @s[tag=aj.favor_incantations.locator_origin.lightning_spear2_locator0] at @s on origin run tp @s ^0.00002 ^0.00001 ^0 ~0 ~0
execute if entity @s[tag=aj.favor_incantations.locator_origin.lightning_spear2_locator1] at @s on origin run tp @s ^0.00002 ^0.00001 ^0.00001 ~0 ~0
execute if entity @s[tag=aj.favor_incantations.locator_origin.lightning_spear3_locator0] at @s on origin run tp @s ^-0.00002 ^0.00001 ^0.00001 ~0 ~0
execute if entity @s[tag=aj.favor_incantations.locator_origin.lightning_spear3_locator1] at @s on origin run tp @s ^-0.00002 ^0.00001 ^0 ~0 ~0
execute if entity @s[tag=aj.favor_incantations.locator_origin.lightning_spear4_locator0] at @s on origin run tp @s ^-0.00001 ^0.00001 ^0.00001 ~0 ~0
execute if entity @s[tag=aj.favor_incantations.locator_origin.lightning_spear4_locator1] at @s on origin run tp @s ^-0.00001 ^0.00001 ^0 ~0 ~0
execute if entity @s[tag=aj.favor_incantations.locator_origin.lightning_spear5_locator1] at @s on origin run tp @s ^0.00001 ^0.00001 ^0.00001 ~0 ~0
execute if entity @s[tag=aj.favor_incantations.locator_origin.lightning_spear5_locator0] at @s on origin run tp @s ^0.00001 ^0.00001 ^0 ~0 ~0
execute if entity @s[tag=aj.favor_incantations.locator_origin.blackhole0] at @s on origin run tp @s ^0 ^1.1875 ^6 ~0 ~0
execute if entity @s[tag=aj.favor_incantations.locator_origin.blackhole1] at @s on origin run tp @s ^0 ^1.1875 ^6 ~0 ~0
execute if entity @s[tag=aj.favor_incantations.locator_origin.blackhole2] at @s on origin run tp @s ^0 ^1.1875 ^6 ~0 ~0
execute if entity @s[tag=aj.favor_incantations.locator_origin.blackhole3] at @s on origin run tp @s ^0 ^1.1875 ^6 ~0 ~0