execute if entity @s[tag=aj.messemers_assault.bone.right_arm2] run data modify entity @s {} merge value {transformation:[0.7171422931714696f,-0.6933806845233507f,-0.0702150815330671f,0.6427025473497021f,0.6066964619854024f,0.67069838541725f,-0.4267119389155741f,1.5845010222366596f,0.3429669581157356f,0.26341393685343056f,0.9016577862538625f,4.9308241482408635f,0f,0f,0f,1f],start_interpolation:0}
execute if entity @s[tag=aj.messemers_assault.bone.right_arm] run data modify entity @s {} merge value {transformation:[0.5943130978566126f,-0.8011627700045609f,-0.0702150815330671f,0.4424118548485619f,0.7080589123273169f,0.562645090497347f,-0.4267119389155741f,1.7251622948609964f,0.38137188987906945f,0.20388408005003916f,0.9016577862538625f,4.981795168253373f,0f,0f,0f,1f],start_interpolation:0}
execute if entity @s[tag=aj.messemers_assault.bone.flame_slash2] run data modify entity @s {} merge value {transformation:[-3.098083736235028e-8f,0.0000020931969827236596f,-0.000011583181080357161f,-0.09689644066740805f,-0.000011670526008850172f,-0.0000015141270060248498f,-2.424034807691895e-7f,1.7359966140443284f,-0.0000015330949825692898f,0.000011483834863069652f,0.0000020793446018585035f,6.832914117556859f,0f,0f,0f,1f],start_interpolation:0}
execute if entity @s[tag=aj.messemers_assault.bone.flame_slash] run data modify entity @s {} merge value {transformation:[-3.098083736235028e-8f,0.0000020931969827236596f,-0.000011583181080357161f,-0.09689644066740805f,-0.000011670526008850172f,-0.0000015141270060248498f,-2.424034807691895e-7f,1.7359966140443284f,-0.0000015330949825692898f,0.000011483834863069652f,0.0000020793446018585035f,6.832914117556859f,0f,0f,0f,1f],start_interpolation:0}
execute if entity @s[tag=aj.messemers_assault.bone.impaling_thrust] run data modify entity @s {} merge value {transformation:[-1.3924110107543752f,-0.8182191150355217f,-0.17850161888752744f,0.16919505439296412f,0.7274464794313803f,-1.01010409249978f,-1.0443491336249036f,1.7887346746827688f,0.4149300756969424f,-0.9748645922027761f,1.2319195713099313f,4.263182947492521f,0f,0f,0f,1f],start_interpolation:0}
execute if entity @s[tag=aj.messemers_assault.locator_origin.spear_head2] at @s on origin run tp @s ^0.16301 ^1.86661 ^6.86029 ~88.72675 ~45.25292
execute if entity @s[tag=aj.messemers_assault.locator_origin.spear_body2] at @s on origin run tp @s ^0.16302 ^1.86661 ^6.8603 ~88.72675 ~45.25292
execute if entity @s[tag=aj.messemers_assault.locator_origin.spear_body3] at @s on origin run tp @s ^0.16302 ^1.86661 ^6.86031 ~88.72675 ~45.25292
execute if entity @s[tag=aj.messemers_assault.bone.spear_effects0] run data modify entity @s {} merge value {transformation:[0.000014173351833684663f,-0.000006002116491964901f,0.000015249102919841375f,0.1630150400600561f,-0.000014224538706855801f,0.0000055056797442000275f,0.000015388126382893763f,1.8666100530835898f,-0.000008137754040286116f,-0.00002007751310834169f,-3.38926258378814e-7f,6.860303712368633f,0f,0f,0f,1f],start_interpolation:0}
execute if entity @s[tag=aj.messemers_assault.locator_origin.spear_head3] at @s on origin run tp @s ^0.16303 ^1.86661 ^6.86029 ~88.72675 ~45.25292
execute if entity @s[tag=aj.messemers_assault.locator_origin.spear_body4] at @s on origin run tp @s ^0.16303 ^1.8666 ^6.8603 ~88.72675 ~45.25292
execute if entity @s[tag=aj.messemers_assault.locator_origin.spear_body5] at @s on origin run tp @s ^0.16303 ^1.8666 ^6.86031 ~88.72675 ~45.25292
execute if entity @s[tag=aj.messemers_assault.bone.spear_effects1] run data modify entity @s {} merge value {transformation:[0.000014173351833684663f,-0.000006002116491964901f,0.000015249102919841375f,0.16302855800455004f,-0.000014224538706855801f,0.0000055056797442000275f,0.000015388126382893763f,1.8666027467233526f,-0.000008137754040286116f,-0.00002007751310834169f,-3.38926258378814e-7f,6.86029766765799f,0f,0f,0f,1f],start_interpolation:0}
execute if entity @s[tag=aj.messemers_assault.locator_origin.spear_head4] at @s on origin run tp @s ^0.16302 ^1.86662 ^6.86029 ~60.13733 ~-41.03479
execute if entity @s[tag=aj.messemers_assault.locator_origin.spear_body6] at @s on origin run tp @s ^0.16303 ^1.86662 ^6.8603 ~60.13733 ~-41.03479
execute if entity @s[tag=aj.messemers_assault.locator_origin.spear_body7] at @s on origin run tp @s ^0.16303 ^1.86661 ^6.86031 ~60.13733 ~-41.03479
execute if entity @s[tag=aj.messemers_assault.bone.spear_effects2] run data modify entity @s {} merge value {transformation:[-0.000015249102919841377f,-0.000006002116491964901f,0.000014173351833684662f,0.16302606198562827f,-0.00001538812638289376f,0.0000055056797442000275f,-0.000014224538706855804f,1.8666165204840568f,3.389262583788144e-7f,-0.00002007751310834169f,-0.000008137754040286116f,6.860302190893073f,0f,0f,0f,1f],start_interpolation:0}
execute if entity @s[tag=aj.messemers_assault.locator_origin.spear_head5] at @s on origin run tp @s ^0.16301 ^1.8666 ^6.86029 ~60.13733 ~-41.03479
execute if entity @s[tag=aj.messemers_assault.locator_origin.spear_body8] at @s on origin run tp @s ^0.16302 ^1.8666 ^6.8603 ~60.13733 ~-41.03479
execute if entity @s[tag=aj.messemers_assault.locator_origin.spear_body9] at @s on origin run tp @s ^0.16302 ^1.8666 ^6.86031 ~60.13733 ~-41.03479
execute if entity @s[tag=aj.messemers_assault.bone.spear_effects3] run data modify entity @s {} merge value {transformation:[-0.000015249102919841377f,-0.000006002116491964901f,0.000014173351833684662f,0.16301586731667503f,-0.00001538812638289376f,0.0000055056797442000275f,-0.000014224538706855804f,1.8665998322331419f,3.389262583788144e-7f,-0.00002007751310834169f,-0.000008137754040286116f,6.860300662288697f,0f,0f,0f,1f],start_interpolation:0}
execute if entity @s[tag=aj.messemers_assault.locator_origin.spear_head6] at @s on origin run tp @s ^0.16304 ^1.86661 ^6.86029 ~68.0006 ~-19.55751
execute if entity @s[tag=aj.messemers_assault.locator_origin.spear_body10] at @s on origin run tp @s ^0.16304 ^1.86661 ^6.8603 ~68.0006 ~-19.55751
execute if entity @s[tag=aj.messemers_assault.locator_origin.spear_body11] at @s on origin run tp @s ^0.16304 ^1.86661 ^6.86031 ~68.0006 ~-19.55751
execute if entity @s[tag=aj.messemers_assault.bone.spear_effects4] run data modify entity @s {} merge value {transformation:[-0.00000866442714896706f,-0.000006002116491964901f,0.000018930048712075982f,0.16303962381498116f,-0.00001966027030500214f,0.0000055056797442000275f,-0.000007252979148805062f,1.8666104221612982f,-0.0000028010566147327505f,-0.00002007751310834169f,-0.000007648005862306434f,6.860296464332662f,0f,0f,0f,1f],start_interpolation:0}
execute if entity @s[tag=aj.messemers_assault.locator_origin.spear_head7] at @s on origin run tp @s ^0.16303 ^1.86663 ^6.86029 ~68.0006 ~-19.55751
execute if entity @s[tag=aj.messemers_assault.locator_origin.spear_body12] at @s on origin run tp @s ^0.16304 ^1.86663 ^6.8603 ~68.0006 ~-19.55751
execute if entity @s[tag=aj.messemers_assault.locator_origin.spear_body13] at @s on origin run tp @s ^0.16304 ^1.86662 ^6.86031 ~68.0006 ~-19.55751
execute if entity @s[tag=aj.messemers_assault.bone.spear_effects5] run data modify entity @s {} merge value {transformation:[-0.00000866442714896706f,-0.000006002116491964901f,0.000018930048712075982f,0.16303601528785747f,-0.00001966027030500214f,0.0000055056797442000275f,-0.000007252979148805062f,1.86662656452884f,-0.0000028010566147327505f,-0.00002007751310834169f,-0.000007648005862306434f,6.860301969671175f,0f,0f,0f,1f],start_interpolation:0}
execute if entity @s[tag=aj.messemers_assault.locator_origin.spear_head8] at @s on origin run tp @s ^0.16303 ^1.8666 ^6.86028 ~80.03766 ~23.88615
execute if entity @s[tag=aj.messemers_assault.locator_origin.spear_body14] at @s on origin run tp @s ^0.16303 ^1.8666 ^6.86029 ~80.03766 ~23.88615
execute if entity @s[tag=aj.messemers_assault.locator_origin.spear_body15] at @s on origin run tp @s ^0.16304 ^1.86659 ^6.8603 ~80.03766 ~23.88615
execute if entity @s[tag=aj.messemers_assault.bone.spear_effects6] run data modify entity @s {} merge value {transformation:[0.000007258890620369164f,-0.000006002116491964901f,0.00001951224100463203f,0.16303429608499523f,-0.00001903054119255222f,0.0000055056797442000275f,0.000008773279712702833f,1.8665957358390786f,-0.000007388602934556311f,-0.00002007751310834169f,-0.000003427310681026387f,6.86029402974176f,0f,0f,0f,1f],start_interpolation:0}
execute if entity @s[tag=aj.messemers_assault.locator_origin.spear_head9] at @s on origin run tp @s ^0.16301 ^1.86663 ^6.8603 ~80.03766 ~23.88615
execute if entity @s[tag=aj.messemers_assault.locator_origin.spear_body16] at @s on origin run tp @s ^0.16301 ^1.86662 ^6.86031 ~80.03766 ~23.88615
execute if entity @s[tag=aj.messemers_assault.locator_origin.spear_body17] at @s on origin run tp @s ^0.16301 ^1.86662 ^6.86032 ~80.03766 ~23.88615
execute if entity @s[tag=aj.messemers_assault.bone.spear_effects7] run data modify entity @s {} merge value {transformation:[0.000007258890620369164f,-0.000006002116491964901f,0.00001951224100463203f,0.16300949946147605f,-0.00001903054119255222f,0.0000055056797442000275f,0.000008773279712702833f,1.866622500136517f,-0.000007388602934556311f,-0.00002007751310834169f,-0.000003427310681026387f,6.860308781960904f,0f,0f,0f,1f],start_interpolation:0}
execute if entity @s[tag=aj.messemers_assault.locator_origin.spear_head10] at @s on origin run tp @s ^0.16302 ^1.86659 ^6.86029 ~80.03766 ~23.88615
execute if entity @s[tag=aj.messemers_assault.locator_origin.spear_body18] at @s on origin run tp @s ^0.16302 ^1.86659 ^6.8603 ~80.03766 ~23.88615
execute if entity @s[tag=aj.messemers_assault.locator_origin.spear_body19] at @s on origin run tp @s ^0.16302 ^1.86659 ^6.86031 ~80.03766 ~23.88615
execute if entity @s[tag=aj.messemers_assault.bone.spear_effects8] run data modify entity @s {} merge value {transformation:[0.000007258890620369164f,-0.000006002116491964901f,0.00001951224100463203f,0.16301856081746194f,-0.00001903054119255222f,0.0000055056797442000275f,0.000008773279712702833f,1.8665914946410909f,-0.000007388602934556311f,-0.00002007751310834169f,-0.000003427310681026387f,6.8602975707296565f,0f,0f,0f,1f],start_interpolation:0}
execute if entity @s[tag=aj.messemers_assault.locator_origin.spear_head11] at @s on origin run tp @s ^0.163 ^1.8666 ^6.86029 ~60.13733 ~-41.03479
execute if entity @s[tag=aj.messemers_assault.locator_origin.spear_body20] at @s on origin run tp @s ^0.16301 ^1.86659 ^6.8603 ~60.13733 ~-41.03479
execute if entity @s[tag=aj.messemers_assault.locator_origin.spear_body21] at @s on origin run tp @s ^0.16301 ^1.86659 ^6.86031 ~60.13733 ~-41.03479
execute if entity @s[tag=aj.messemers_assault.bone.spear_effects9] run data modify entity @s {} merge value {transformation:[-0.000015249102919841377f,-0.000006002116491964901f,0.000014173351833684662f,0.16300542358763326f,-0.00001538812638289376f,0.0000055056797442000275f,-0.000014224538706855804f,1.8665927845479953f,3.389262583788144e-7f,-0.00002007751310834169f,-0.000008137754040286116f,6.860301851787658f,0f,0f,0f,1f],start_interpolation:0}
execute if entity @s[tag=aj.messemers_assault.locator_origin.spear_head12] at @s on origin run tp @s ^0.16301 ^1.86661 ^6.8603 ~80.03766 ~23.88615
execute if entity @s[tag=aj.messemers_assault.locator_origin.spear_body22] at @s on origin run tp @s ^0.16301 ^1.86661 ^6.86031 ~80.03766 ~23.88615
execute if entity @s[tag=aj.messemers_assault.locator_origin.spear_body23] at @s on origin run tp @s ^0.16301 ^1.86661 ^6.86031 ~80.03766 ~23.88615
execute if entity @s[tag=aj.messemers_assault.bone.spear_effects10] run data modify entity @s {} merge value {transformation:[0.000007258890620369164f,-0.000006002116491964901f,0.00001951224100463203f,0.1630078822773966f,-0.00001903054119255222f,0.0000055056797442000275f,0.000008773279712702833f,1.866610976312352f,-0.000007388602934556311f,-0.00002007751310834169f,-0.000003427310681026387f,6.860306105336675f,0f,0f,0f,1f],start_interpolation:0}
execute if entity @s[tag=aj.messemers_assault.locator_origin.spear_head13] at @s on origin run tp @s ^0.16302 ^1.86663 ^6.8603 ~60.13733 ~-41.03479
execute if entity @s[tag=aj.messemers_assault.locator_origin.spear_body24] at @s on origin run tp @s ^0.16302 ^1.86662 ^6.86031 ~60.13733 ~-41.03479
execute if entity @s[tag=aj.messemers_assault.locator_origin.spear_body25] at @s on origin run tp @s ^0.16302 ^1.86662 ^6.86031 ~60.13733 ~-41.03479
execute if entity @s[tag=aj.messemers_assault.bone.spear_effects11] run data modify entity @s {} merge value {transformation:[-0.000015249102919841377f,-0.000006002116491964901f,0.000014173351833684662f,0.16302156806796175f,-0.00001538812638289376f,0.0000055056797442000275f,-0.000014224538706855804f,1.8666247868739287f,3.389262583788144e-7f,-0.00002007751310834169f,-0.000008137754040286116f,6.860305801156566f,0f,0f,0f,1f],start_interpolation:0}
execute if entity @s[tag=aj.messemers_assault.locator_origin.flame1] at @s on origin run tp @s ^-0.32992 ^2.08586 ^5.20133 ~73.92818 ~2.1763
execute if entity @s[tag=aj.messemers_assault.locator_origin.flame2] at @s on origin run tp @s ^-0.32992 ^2.08584 ^5.20132 ~73.92818 ~2.1763
execute if entity @s[tag=aj.messemers_assault.locator_origin.flame3] at @s on origin run tp @s ^-0.32991 ^2.08586 ^5.20132 ~73.92818 ~2.1763
execute if entity @s[tag=aj.messemers_assault.locator_origin.flame4] at @s on origin run tp @s ^-0.32991 ^2.08584 ^5.20132 ~73.92818 ~2.1763
execute if entity @s[tag=aj.messemers_assault.bone.flame_blast] run data modify entity @s {} merge value {transformation:[-0.0000011995194770576304f,-0.000009464876006560037f,0.000032807596472703f,-0.32991581609199233f,-0.00003301969107894964f,0.000008682033442776969f,0.0000012974619302112708f,2.0858481680730057f,-0.000008696106323292328f,-0.0000316606937477696f,-0.000009451947806407372f,5.201323384260825f,0f,0f,0f,1f],start_interpolation:0}
execute if entity @s[tag=aj.messemers_assault.locator_origin.spear0] at @s on origin run tp @s ^-0.22263 ^1.79252 ^6.47238 ~-100.17701 ~-1.18001
execute if entity @s[tag=aj.messemers_assault.locator_origin.spear1] at @s on origin run tp @s ^-0.4338 ^1.94527 ^5.31383 ~-100.17701 ~-1.18001
execute if entity @s[tag=aj.messemers_assault.locator_origin.spear2] at @s on origin run tp @s ^-0.63386 ^2.08998 ^4.21626 ~-100.17701 ~-1.18001
execute if entity @s[tag=aj.messemers_assault.bone.spear_of_the_impaler] run data modify entity @s {} merge value {transformation:[-0.005702667408291025f,0.3852964357579834f,-2.1321253670037956f,-0.3461594645405187f,-2.1482030175582616f,-0.2787065639408573f,-0.044619401769903894f,1.899430689276866f,-0.2821980144906303f,2.113838629662378f,0.3827466169792644f,5.616447132780182f,0f,0f,0f,1f],start_interpolation:0}
execute if entity @s[tag=aj.messemers_assault.bone.left_arm2] run data modify entity @s {} merge value {transformation:[-0.0026320003422881655f,0.37875434151553433f,0.9254935015208549f,-0.30088177681978145f,-0.9914783157961208f,0.1195535626224277f,-0.051746448867270686f,2.0344025202666507f,-0.130245237457214f,-0.9177429348392826f,0.37521205160854654f,5.11249730827461f,0f,0f,0f,1f],start_interpolation:0}
execute if entity @s[tag=aj.messemers_assault.bone.left_arm] run data modify entity @s {} merge value {transformation:[-0.0026320003422881655f,0.6395256989836857f,0.7687652131266259f,-0.14132935211664605f,-0.9914783157961208f,0.09845980191720932f,-0.08530191505770374f,1.935082681271438f,-0.130245237457214f,-0.7624385534230628f,0.6338167167043338f,4.905607015236693f,0f,0f,0f,1f],start_interpolation:0}
execute if entity @s[tag=aj.messemers_assault.bone.head] run data modify entity @s {} merge value {transformation:[0.9487424165933758f,0.23597742110445213f,-0.210243867176794f,0.1826326997678575f,-0.2572752798551967f,0.9630134696717404f,-0.08009049635397486f,1.9472664976936096f,0.18356812722254234f,0.13007580082278153f,0.9743628834824942f,5.02058725726189f,0f,0f,0f,1f],start_interpolation:0}
execute if entity @s[tag=aj.messemers_assault.bone.body_top] run data modify entity @s {} merge value {transformation:[0.9339859311443327f,0.22324485844799713f,-0.2789838948774417f,0.09473003675395864f,-0.3358726182567064f,0.814914849581861f,-0.4723381968847718f,1.6263937756707518f,0.12190104482668898f,0.5348602818563989f,0.836100839709335f,4.809986021280933f,0f,0f,0f,1f],start_interpolation:0}
execute if entity @s[tag=aj.messemers_assault.bone.body] run data modify entity @s {} merge value {transformation:[0.9339859311443327f,0.22324485844799713f,-0.2789838948774417f,-0.002939588817040109f,-0.3358726182567064f,0.814914849581861f,-0.4723381968847718f,1.2698685289786875f,0.12190104482668898f,0.5348602818563989f,0.836100839709335f,4.575984647968759f,0f,0f,0f,1f],start_interpolation:0}
execute if entity @s[tag=aj.messemers_assault.locator_origin.player_camera] at @s on origin run tp @s ^-0.1787 ^0.80149 ^4.45207 ~-156.21423 ~-20.59852
execute if entity @s[tag=aj.messemers_assault.bone.right_leg2] run data modify entity @s {} merge value {transformation:[0.901101511595024f,-0.22344020671882214f,-0.37160535494340313f,0.07765926753157398f,-0.22754959840860886f,0.48583827707144756f,-0.8439089694963124f,0.9422948532916076f,0.36910329999235103f,0.8450062973455862f,0.38694587655259916f,4.552151660858619f,0f,0f,0f,1f],start_interpolation:0}
execute if entity @s[tag=aj.messemers_assault.bone.right_leg] run data modify entity @s {} merge value {transformation:[0.901101511595024f,0.14104162080299154f,-0.4100284465770976f,0.12834610000764907f,-0.22754959840860886f,0.9587626013938957f,-0.1702805168904844f,1.2868501631675389f,0.36910329999235103f,0.24674183951992174f,0.8960363935494371f,4.640824509436091f,0f,0f,0f,1f],start_interpolation:0}
execute if entity @s[tag=aj.messemers_assault.bone.left_leg2] run data modify entity @s {} merge value {transformation:[0.7585509179235753f,0.4695906855080951f,-0.4517577813401099f,-0.3016899679381682f,-0.6165033952052236f,0.741703999971932f,-0.264194511915119f,1.162576434564948f,0.21100727148070764f,0.4789151955301412f,0.8521245019787858f,4.604638010198645f,0f,0f,0f,1f],start_interpolation:0}
execute if entity @s[tag=aj.messemers_assault.bone.left_leg] run data modify entity @s {} merge value {transformation:[0.7585509179235753f,0.6251305542571991f,-0.18388119819978394f,-0.07703367500198728f,-0.6165033952052236f,0.779890932487836f,0.10813739928297394f,1.442849738427764f,0.21100727148070764f,0.031335659516603276f,0.9769820918650078f,4.6158992628374245f,0f,0f,0f,1f],start_interpolation:0}