execute if entity @s[tag=aj.messemers_assault.bone.right_arm2] run data modify entity @s {} merge value {transformation:[0.7901024156787303f,-0.3837158294057238f,0.4780170865169071f,0.6106043342229968f,0.5395882075972067f,0.8053794221589636f,-0.2453743111756556f,0.8416820659032073f,-0.2908311175934732f,0.45180321891988684f,0.8433807636014474f,-0.09245114186511824f,0f,0f,0f,1f],start_interpolation:0}
execute if entity @s[tag=aj.messemers_assault.bone.right_arm] run data modify entity @s {} merge value {transformation:[0.7726129638503058f,-0.41781440028837413f,0.4780170865169071f,0.5061507341509032f,0.5742047961777539f,0.781076372361587f,-0.2453743111756556f,1.036951158993604f,-0.27084693119345127f,0.46405907754307496f,0.8433807636014474f,0.0235636275206505f,0f,0f,0f,1f],start_interpolation:0}
execute if entity @s[tag=aj.messemers_assault.bone.flame_slash2] run data modify entity @s {} merge value {transformation:[0.04962467339143689f,-0.07230199787838082f,0.09232595932891316f,1.0555909419167473f,-0.9833716870012079f,0.024123929538915154f,0.07866921020028032f,0.4235608481486078f,-0.6450137135025128f,-0.04234135142606995f,-0.11283392406845374f,1.120389571134653f,0f,0f,0f,1f],start_interpolation:0}
execute if entity @s[tag=aj.messemers_assault.bone.flame_slash] run data modify entity @s {} merge value {transformation:[0.04962467339143689f,-0.07230199787838082f,0.09232595932891316f,1.0555909419167473f,-0.9833716870012079f,0.024123929538915154f,0.07866921020028032f,0.4235608481486078f,-0.6450137135025128f,-0.04234135142606995f,-0.11283392406845374f,1.120389571134653f,0f,0f,0f,1f],start_interpolation:0}
execute if entity @s[tag=aj.messemers_assault.bone.impaling_thrust] run data modify entity @s {} merge value {transformation:[-0.000006535240437554677f,0.000011166532382610001f,-0.000009829270780376954f,0.47334657213539305f,-0.000011306300288854178f,-0.00001070556475600813f,-0.0000046447641636225545f,0.6545795284865312f,-0.000009668173731584779f,0.000004971399692796653f,0.000012075884186793752f,0.7000102696335777f,0f,0f,0f,1f],start_interpolation:0}
execute if entity @s[tag=aj.messemers_assault.locator_origin.spear_head] at @s on origin run tp @s ^1.296 ^0.31163 ^1.3255 ~-140.70837 ~-28.3511
execute if entity @s[tag=aj.messemers_assault.locator_origin.spear_body] at @s on origin run tp @s ^0.46677 ^0.58831 ^0.83989 ~-140.70837 ~-28.3511
execute if entity @s[tag=aj.messemers_assault.locator_origin.spear_body1] at @s on origin run tp @s ^-0.31064 ^0.84769 ^0.38463 ~-140.70837 ~-28.3511
execute if entity @s[tag=aj.messemers_assault.bone.spear_of_the_impaler] run data modify entity @s {} merge value {transformation:[0.09134453155237941f,1.7966726552433068f,-1.2075048616468933f,0.488254344840161f,-1.8101000964270022f,-0.5994689747369368f,-1.0288921389957475f,0.5974122616734072f,-1.1872818797214395f,1.0521638478265893f,1.4757226771505259f,0.8170681606406944f,0f,0f,0f,1f],start_interpolation:0}
execute if entity @s[tag=aj.messemers_assault.bone.left_arm2] run data modify entity @s {} merge value {transformation:[0.042159014562636654f,0.44186331327146383f,0.8960911950665909f,-0.2424627580846927f,-0.8354308137355395f,0.5075015602550143f,-0.21094435711793724f,1.0143319480289084f,-0.5479762521791259f,-0.7397289900520935f,0.39054199303561304f,0.24987183674576868f,0f,0f,0f,1f],start_interpolation:0}
execute if entity @s[tag=aj.messemers_assault.bone.left_arm] run data modify entity @s {} merge value {transformation:[0.042159014562636654f,0.4751331863724712f,0.8789033352415097f,-0.11840958467124532f,-0.8354308137355395f,0.4992401337291337f,-0.22981436929680965f,1.0347131297442493f,-0.5479762521791259f,-0.7245741812138071f,0.417988376592053f,0.00023125991992618833f,0f,0f,0f,1f],start_interpolation:0}
execute if entity @s[tag=aj.messemers_assault.bone.head] run data modify entity @s {} merge value {transformation:[0.9801929389474957f,-0.018342414822491795f,0.19719370744511694f,0.19225044333214306f,0.05822800719586546f,0.9783842968042018f,-0.19842798931840683f,1.1764328050564556f,-0.18929157830043308f,0.20597991063554522f,0.9600734215668635f,0.04177874035300115f,0f,0f,0f,1f],start_interpolation:0}
execute if entity @s[tag=aj.messemers_assault.bone.body_top] run data modify entity @s {} merge value {transformation:[0.9992965101154375f,-0.011270479357814481f,-0.03576955641537086f,0.19668819457928252f,0.0035808467989676684f,0.9780915526088972f,-0.20814440240208026f,0.7913092562167023f,0.037331788161158896f,0.20786988961887168f,0.9774438329553923f,-0.040070028684429576f,0f,0f,0f,1f],start_interpolation:0}
execute if entity @s[tag=aj.messemers_assault.bone.body] run data modify entity @s {} merge value {transformation:[0.9988480370634258f,-0.005375201775941571f,-0.047683393969066415f,0.19903984535625696f,0.0012073616437502702f,0.9962068713524626f,-0.08700811311595805f,0.35546875f,0.047970210885532764f,0.08685031189354514f,0.9950657677719558f,-0.07806704013785558f,0f,0f,0f,1f],start_interpolation:0}
execute if entity @s[tag=aj.messemers_assault.locator_origin.player_camera] at @s on origin run tp @s ^0.16058 ^-0.14453 ^0.54575 ~-176.47222 ~0
execute if entity @s[tag=aj.messemers_assault.bone.right_leg2] run data modify entity @s {} merge value {transformation:[0.9677510711950921f,-0.15675750457375123f,0.19719266964205998f,0.4129500374892828f,0.22187326874718602f,0.15972092000932697f,-0.9619051306271389f,0.1404274459461713f,0.11929005329947338f,0.9746365027389363f,0.18935039137172188f,-0.19917179401531504f,0f,0f,0f,1f],start_interpolation:0}
execute if entity @s[tag=aj.messemers_assault.bone.right_leg] run data modify entity @s {} merge value {transformation:[0.9677510711950921f,-0.2516284730675388f,-0.011873320616033842f,0.322521054980636f,0.22187326874718602f,0.8737381214251465f,-0.4328440224652468f,0.4544270833333333f,0.11929005329947338f,0.41625089394517223f,0.9013906347825309f,-0.049581629003768786f,0f,0f,0f,1f],start_interpolation:0}
execute if entity @s[tag=aj.messemers_assault.bone.left_leg2] run data modify entity @s {} merge value {transformation:[0.9903495136060595f,0.08645991226135873f,-0.10831677834943193f,0.02601008573635625f,-0.0734459643325985f,0.9901907749628021f,0.11886092504191692f,0.24750241903209372f,0.11753097984572611f,-0.10975842906275418f,0.9869850839937654f,0.19266952115986757f,0f,0f,0f,1f],start_interpolation:0}
execute if entity @s[tag=aj.messemers_assault.bone.left_leg] run data modify entity @s {} merge value {transformation:[0.9903495136060595f,0.13858764568895562f,0.0011425246755819643f,0.07581502090582468f,-0.0734459643325985f,0.5178193557367827f,0.8523313939704427f,0.43359375f,0.11753097984572611f,-0.8441898952763743f,0.5230008503719358f,-0.11071122245507946f,0f,0f,0f,1f],start_interpolation:0}
execute if entity @s[tag=aj.messemers_assault.locator_origin.flame1] at @s on origin run tp @s ^0.18751 ^0.06249 ^9.68751 ~0 ~0
execute if entity @s[tag=aj.messemers_assault.locator_origin.flame2] at @s on origin run tp @s ^0.18749 ^0.06249 ^9.68751 ~0 ~0
execute if entity @s[tag=aj.messemers_assault.locator_origin.flame3] at @s on origin run tp @s ^0.18751 ^0.06249 ^9.68749 ~0 ~0
execute if entity @s[tag=aj.messemers_assault.locator_origin.flame4] at @s on origin run tp @s ^0.18749 ^0.06249 ^9.68749 ~0 ~0
execute if entity @s[tag=aj.messemers_assault.locator_origin.spear_head2] at @s on origin run tp @s ^0.8692 ^0.06673 ^11.03184 ~45 ~0
execute if entity @s[tag=aj.messemers_assault.locator_origin.spear_body2] at @s on origin run tp @s ^0.8692 ^0.06672 ^11.03184 ~45 ~0
execute if entity @s[tag=aj.messemers_assault.locator_origin.spear_body3] at @s on origin run tp @s ^0.8692 ^0.06671 ^11.03184 ~45 ~0
execute if entity @s[tag=aj.messemers_assault.locator_origin.spear_head3] at @s on origin run tp @s ^0.86919 ^0.06673 ^11.03183 ~45 ~0
execute if entity @s[tag=aj.messemers_assault.locator_origin.spear_body4] at @s on origin run tp @s ^0.86919 ^0.06672 ^11.03183 ~45 ~0
execute if entity @s[tag=aj.messemers_assault.locator_origin.spear_body5] at @s on origin run tp @s ^0.86919 ^0.06671 ^11.03183 ~45 ~0
execute if entity @s[tag=aj.messemers_assault.locator_origin.spear_head4] at @s on origin run tp @s ^0.8692 ^0.06673 ^11.03183 ~-45 ~0
execute if entity @s[tag=aj.messemers_assault.locator_origin.spear_body6] at @s on origin run tp @s ^0.8692 ^0.06672 ^11.03183 ~-45 ~0
execute if entity @s[tag=aj.messemers_assault.locator_origin.spear_body7] at @s on origin run tp @s ^0.8692 ^0.06671 ^11.03183 ~-45 ~0
execute if entity @s[tag=aj.messemers_assault.locator_origin.spear_head5] at @s on origin run tp @s ^0.86919 ^0.06673 ^11.03184 ~-45 ~0
execute if entity @s[tag=aj.messemers_assault.locator_origin.spear_body8] at @s on origin run tp @s ^0.86919 ^0.06672 ^11.03184 ~-45 ~0
execute if entity @s[tag=aj.messemers_assault.locator_origin.spear_body9] at @s on origin run tp @s ^0.86919 ^0.06671 ^11.03184 ~-45 ~0
execute if entity @s[tag=aj.messemers_assault.locator_origin.spear_head6] at @s on origin run tp @s ^0.8692 ^0.06673 ^11.03182 ~-22.5 ~0
execute if entity @s[tag=aj.messemers_assault.locator_origin.spear_body10] at @s on origin run tp @s ^0.8692 ^0.06672 ^11.03182 ~-22.5 ~0
execute if entity @s[tag=aj.messemers_assault.locator_origin.spear_body11] at @s on origin run tp @s ^0.8692 ^0.06671 ^11.03182 ~-22.5 ~0
execute if entity @s[tag=aj.messemers_assault.locator_origin.spear_head7] at @s on origin run tp @s ^0.86921 ^0.06673 ^11.03182 ~-22.5 ~0
execute if entity @s[tag=aj.messemers_assault.locator_origin.spear_body12] at @s on origin run tp @s ^0.86921 ^0.06672 ^11.03182 ~-22.5 ~0
execute if entity @s[tag=aj.messemers_assault.locator_origin.spear_body13] at @s on origin run tp @s ^0.86921 ^0.06671 ^11.03182 ~-22.5 ~0
execute if entity @s[tag=aj.messemers_assault.locator_origin.spear_head8] at @s on origin run tp @s ^0.86918 ^0.06673 ^11.03182 ~22.5 ~0
execute if entity @s[tag=aj.messemers_assault.locator_origin.spear_body14] at @s on origin run tp @s ^0.86918 ^0.06672 ^11.03182 ~22.5 ~0
execute if entity @s[tag=aj.messemers_assault.locator_origin.spear_body15] at @s on origin run tp @s ^0.86918 ^0.06671 ^11.03182 ~22.5 ~0
execute if entity @s[tag=aj.messemers_assault.locator_origin.spear_head9] at @s on origin run tp @s ^0.86921 ^0.06673 ^11.03185 ~22.5 ~0
execute if entity @s[tag=aj.messemers_assault.locator_origin.spear_body16] at @s on origin run tp @s ^0.86921 ^0.06672 ^11.03185 ~22.5 ~0
execute if entity @s[tag=aj.messemers_assault.locator_origin.spear_body17] at @s on origin run tp @s ^0.86921 ^0.06671 ^11.03185 ~22.5 ~0
execute if entity @s[tag=aj.messemers_assault.locator_origin.spear_head10] at @s on origin run tp @s ^0.86918 ^0.06673 ^11.03184 ~22.5 ~0
execute if entity @s[tag=aj.messemers_assault.locator_origin.spear_body18] at @s on origin run tp @s ^0.86918 ^0.06672 ^11.03184 ~22.5 ~0
execute if entity @s[tag=aj.messemers_assault.locator_origin.spear_body19] at @s on origin run tp @s ^0.86918 ^0.06671 ^11.03184 ~22.5 ~0
execute if entity @s[tag=aj.messemers_assault.locator_origin.spear_head11] at @s on origin run tp @s ^0.86918 ^0.06673 ^11.03185 ~-45 ~0
execute if entity @s[tag=aj.messemers_assault.locator_origin.spear_body20] at @s on origin run tp @s ^0.86918 ^0.06672 ^11.03185 ~-45 ~0
execute if entity @s[tag=aj.messemers_assault.locator_origin.spear_body21] at @s on origin run tp @s ^0.86918 ^0.06671 ^11.03185 ~-45 ~0
execute if entity @s[tag=aj.messemers_assault.locator_origin.spear_head12] at @s on origin run tp @s ^0.8692 ^0.06673 ^11.03185 ~22.5 ~0
execute if entity @s[tag=aj.messemers_assault.locator_origin.spear_body22] at @s on origin run tp @s ^0.8692 ^0.06672 ^11.03185 ~22.5 ~0
execute if entity @s[tag=aj.messemers_assault.locator_origin.spear_body23] at @s on origin run tp @s ^0.8692 ^0.06671 ^11.03185 ~22.5 ~0
execute if entity @s[tag=aj.messemers_assault.locator_origin.spear_head13] at @s on origin run tp @s ^0.86921 ^0.06673 ^11.03184 ~-45 ~0
execute if entity @s[tag=aj.messemers_assault.locator_origin.spear_body24] at @s on origin run tp @s ^0.86921 ^0.06672 ^11.03184 ~-45 ~0
execute if entity @s[tag=aj.messemers_assault.locator_origin.spear_body25] at @s on origin run tp @s ^0.86921 ^0.06671 ^11.03184 ~-45 ~0