execute if entity @s[tag=aj.messemers_assault.bone.right_arm2] run data modify entity @s {} merge value {transformation:[0.577451904670225f,-0.7314545483414058f,0.3626617452991134f,0.5622734155543028f,0.7203371569176776f,0.24738715673740302f,-0.64800769674838f,6.459820685819222f,0.3842703191198692f,0.6354320092598841f,0.6697480746157172f,6.457486807098359f,0f,0f,0f,1f],start_interpolation:0}
execute if entity @s[tag=aj.messemers_assault.bone.right_arm] run data modify entity @s {} merge value {transformation:[0.494964745964462f,-0.7896115239463873f,0.3626617452991134f,0.36487053456770596f,0.7428655891624277f,0.16803791653438982f,-0.64800769674838f,6.50183016495282f,0.4507334208716883f,0.5901498960923783f,0.6697480746157172f,6.6050242811214535f,0f,0f,0f,1f],start_interpolation:0}
execute if entity @s[tag=aj.messemers_assault.bone.flame_slash2] run data modify entity @s {} merge value {transformation:[4.558209968559577e-8f,0.0000034771754950283172f,-0.000011245429747683005f,0.03148474889575198f,-0.000009589404544777745f,-0.000006510406017827761f,-0.000002051938430055597f,5.5743463985648205f,-0.000006825962211285322f,0.000009169317391219355f,0.0000028075569148813634f,7.92823901014334f,0f,0f,0f,1f],start_interpolation:0}
execute if entity @s[tag=aj.messemers_assault.bone.flame_slash] run data modify entity @s {} merge value {transformation:[4.558209968559577e-8f,0.0000034771754950283172f,-0.000011245429747683005f,0.03148474889575198f,-0.000009589404544777745f,-0.000006510406017827761f,-0.000002051938430055597f,5.5743463985648205f,-0.000006825962211285322f,0.000009169317391219355f,0.0000028075569148813634f,7.92823901014334f,0f,0f,0f,1f],start_interpolation:0}
execute if entity @s[tag=aj.messemers_assault.bone.impaling_thrust] run data modify entity @s {} merge value {transformation:[-0.000013489587210736634f,-0.000009057634663575486f,-7.528803109601683e-8f,-0.011169918440018856f,0.0000034440444603848967f,-0.000005003969122245773f,-0.000015070309481925143f,6.834052310053096f,0.000008377647148294242f,-0.00001252736701894323f,0.000006074165040058654f,5.6724850632112815f,0f,0f,0f,1f],start_interpolation:0}
execute if entity @s[tag=aj.messemers_assault.locator_origin.spear_head2] at @s on origin run tp @s ^0.28985 ^5.69648 ^7.98904 ~110.40504 ~43.39553
execute if entity @s[tag=aj.messemers_assault.locator_origin.spear_body2] at @s on origin run tp @s ^0.28985 ^5.69647 ^7.98904 ~110.40504 ~43.39553
execute if entity @s[tag=aj.messemers_assault.locator_origin.spear_body3] at @s on origin run tp @s ^0.28985 ^5.69647 ^7.98905 ~110.40504 ~43.39553
execute if entity @s[tag=aj.messemers_assault.bone.spear_effects0] run data modify entity @s {} merge value {transformation:[0.00001341668782743682f,-0.000008467915879806922f,0.000014755722037164641f,0.2898497194069977f,-0.000007706666279034553f,0.00001372838818995614f,0.000014885667503135645f,5.696471612972512f,-0.000015167208940643774f,-0.000014466174435656109f,0.00000548908139787244f,7.9890420708735155f,0f,0f,0f,1f],start_interpolation:0}
execute if entity @s[tag=aj.messemers_assault.locator_origin.spear_head3] at @s on origin run tp @s ^0.28986 ^5.69648 ^7.98903 ~110.40504 ~43.39553
execute if entity @s[tag=aj.messemers_assault.locator_origin.spear_body4] at @s on origin run tp @s ^0.28986 ^5.69647 ^7.98903 ~110.40504 ~43.39553
execute if entity @s[tag=aj.messemers_assault.locator_origin.spear_body5] at @s on origin run tp @s ^0.28987 ^5.69646 ^7.98904 ~110.40504 ~43.39553
execute if entity @s[tag=aj.messemers_assault.bone.spear_effects1] run data modify entity @s {} merge value {transformation:[0.00001341668782743682f,-0.000008467915879806922f,0.000014755722037164641f,0.28986258109426066f,-0.000007706666279034553f,0.00001372838818995614f,0.000014885667503135645f,5.696468990218729f,-0.000015167208940643774f,-0.000014466174435656109f,0.00000548908139787244f,7.989032053168522f,0f,0f,0f,1f],start_interpolation:0}
execute if entity @s[tag=aj.messemers_assault.locator_origin.spear_head4] at @s on origin run tp @s ^0.28986 ^5.69649 ^7.98904 ~41.4955 ~-20.83588
execute if entity @s[tag=aj.messemers_assault.locator_origin.spear_body6] at @s on origin run tp @s ^0.28986 ^5.69648 ^7.98904 ~41.4955 ~-20.83588
execute if entity @s[tag=aj.messemers_assault.locator_origin.spear_body7] at @s on origin run tp @s ^0.28986 ^5.69647 ^7.98905 ~41.4955 ~-20.83588
execute if entity @s[tag=aj.messemers_assault.bone.spear_effects2] run data modify entity @s {} merge value {transformation:[-0.000014755722037164643f,-0.000008467915879806922f,0.000013416687827436814f,0.289860336079269f,-0.000014885667503135643f,0.00001372838818995614f,-0.000007706666279034556f,5.696478856982866f,-0.000005489081397872438f,-0.000014466174435656109f,-0.000015167208940643774f,7.9890427308613035f,0f,0f,0f,1f],start_interpolation:0}
execute if entity @s[tag=aj.messemers_assault.locator_origin.spear_head5] at @s on origin run tp @s ^0.28985 ^5.69647 ^7.98903 ~41.4955 ~-20.83588
execute if entity @s[tag=aj.messemers_assault.locator_origin.spear_body8] at @s on origin run tp @s ^0.28985 ^5.69646 ^7.98903 ~41.4955 ~-20.83588
execute if entity @s[tag=aj.messemers_assault.locator_origin.spear_body9] at @s on origin run tp @s ^0.28985 ^5.69646 ^7.98904 ~41.4955 ~-20.83588
execute if entity @s[tag=aj.messemers_assault.bone.spear_effects3] run data modify entity @s {} merge value {transformation:[-0.000014755722037164643f,-0.000008467915879806922f,0.000013416687827436814f,0.28985040437395615f,-0.000014885667503135643f,0.00001372838818995614f,-0.000007706666279034556f,5.696464071848562f,-0.000005489081397872438f,-0.000014466174435656109f,-0.000015167208940643774f,7.989034513400734f,0f,0f,0f,1f],start_interpolation:0}
execute if entity @s[tag=aj.messemers_assault.locator_origin.spear_head6] at @s on origin run tp @s ^0.28987 ^5.69648 ^7.98903 ~56.56577 ~-3.76713
execute if entity @s[tag=aj.messemers_assault.locator_origin.spear_body10] at @s on origin run tp @s ^0.28987 ^5.69648 ^7.98903 ~56.56577 ~-3.76713
execute if entity @s[tag=aj.messemers_assault.locator_origin.spear_body11] at @s on origin run tp @s ^0.28988 ^5.69647 ^7.98904 ~56.56577 ~-3.76713
execute if entity @s[tag=aj.messemers_assault.bone.spear_effects4] run data modify entity @s {} merge value {transformation:[-0.000008498165428787721f,-0.000008467915879806922f,0.00001804217363406956f,0.28987325239192635f,-0.00001670177703766865f,0.00001372838818995614f,-0.0000014235329059495176f,5.696477155874798f,-0.000010875489532586825f,-0.000014466174435656109f,-0.000011912093395713788f,7.989033555821866f,0f,0f,0f,1f],start_interpolation:0}
execute if entity @s[tag=aj.messemers_assault.locator_origin.spear_head7] at @s on origin run tp @s ^0.28987 ^5.69649 ^7.98904 ~56.56577 ~-3.76713
execute if entity @s[tag=aj.messemers_assault.locator_origin.spear_body12] at @s on origin run tp @s ^0.28987 ^5.69649 ^7.98905 ~56.56577 ~-3.76713
execute if entity @s[tag=aj.messemers_assault.locator_origin.spear_body13] at @s on origin run tp @s ^0.28987 ^5.69648 ^7.98905 ~56.56577 ~-3.76713
execute if entity @s[tag=aj.messemers_assault.bone.spear_effects5] run data modify entity @s {} merge value {transformation:[-0.000008498165428787721f,-0.000008467915879806922f,0.00001804217363406956f,0.28986996734491244f,-0.00001670177703766865f,0.00001372838818995614f,-0.0000014235329059495176f,5.696488573065728f,-0.000010875489532586825f,-0.000014466174435656109f,-0.000011912093395713788f,7.989046313661315f,0f,0f,0f,1f],start_interpolation:0}
execute if entity @s[tag=aj.messemers_assault.locator_origin.spear_head8] at @s on origin run tp @s ^0.28986 ^5.69647 ^7.98902 ~87.7633 ~29.90849
execute if entity @s[tag=aj.messemers_assault.locator_origin.spear_body14] at @s on origin run tp @s ^0.28987 ^5.69647 ^7.98903 ~87.7633 ~29.90849
execute if entity @s[tag=aj.messemers_assault.locator_origin.spear_body15] at @s on origin run tp @s ^0.28987 ^5.69646 ^7.98903 ~87.7633 ~29.90849
execute if entity @s[tag=aj.messemers_assault.bone.spear_effects6] run data modify entity @s {} merge value {transformation:[0.000006748632921654838f,-0.000008467915879806922f,0.000018766853726336603f,0.28986799975594923f,-0.000012816529572240364f,0.00001372838818995614f,0.000010803350030162173f,5.6964649246676355f,-0.000016113254415452166f,-0.000014466174435656109f,-7.329896210212473e-7f,7.989025023097412f,0f,0f,0f,1f],start_interpolation:0}
execute if entity @s[tag=aj.messemers_assault.locator_origin.spear_head9] at @s on origin run tp @s ^0.28984 ^5.69649 ^7.98905 ~87.7633 ~29.90849
execute if entity @s[tag=aj.messemers_assault.locator_origin.spear_body16] at @s on origin run tp @s ^0.28984 ^5.69648 ^7.98905 ~87.7633 ~29.90849
execute if entity @s[tag=aj.messemers_assault.locator_origin.spear_body17] at @s on origin run tp @s ^0.28985 ^5.69647 ^7.98906 ~87.7633 ~29.90849
execute if entity @s[tag=aj.messemers_assault.bone.spear_effects7] run data modify entity @s {} merge value {transformation:[0.000006748632921654838f,-0.000008467915879806922f,0.000018766853726336603f,0.289844546559584f,-0.000012816529572240364f,0.00001372838818995614f,0.000010803350030162173f,5.696479825929329f,-0.000016113254415452166f,-0.000014466174435656109f,-7.329896210212473e-7f,7.989052892939628f,0f,0f,0f,1f],start_interpolation:0}
execute if entity @s[tag=aj.messemers_assault.locator_origin.spear_head10] at @s on origin run tp @s ^0.28985 ^5.69646 ^7.98902 ~87.7633 ~29.90849
execute if entity @s[tag=aj.messemers_assault.locator_origin.spear_body18] at @s on origin run tp @s ^0.28985 ^5.69646 ^7.98903 ~87.7633 ~29.90849
execute if entity @s[tag=aj.messemers_assault.locator_origin.spear_body19] at @s on origin run tp @s ^0.28986 ^5.69645 ^7.98903 ~87.7633 ~29.90849
execute if entity @s[tag=aj.messemers_assault.bone.spear_effects8] run data modify entity @s {} merge value {transformation:[0.000006748632921654838f,-0.000008467915879806922f,0.000018766853726336603f,0.28985289520322277f,-0.000012816529572240364f,0.00001372838818995614f,0.000010803350030162173f,5.69645835249015f,-0.000016113254415452166f,-0.000014466174435656109f,-7.329896210212473e-7f,7.989027627702955f,0f,0f,0f,1f],start_interpolation:0}
execute if entity @s[tag=aj.messemers_assault.locator_origin.spear_head11] at @s on origin run tp @s ^0.28984 ^5.69646 ^7.98903 ~41.4955 ~-20.83588
execute if entity @s[tag=aj.messemers_assault.locator_origin.spear_body20] at @s on origin run tp @s ^0.28984 ^5.69646 ^7.98903 ~41.4955 ~-20.83588
execute if entity @s[tag=aj.messemers_assault.locator_origin.spear_body21] at @s on origin run tp @s ^0.28984 ^5.69645 ^7.98904 ~41.4955 ~-20.83588
execute if entity @s[tag=aj.messemers_assault.bone.spear_effects9] run data modify entity @s {} merge value {transformation:[-0.000014755722037164643f,-0.000008467915879806922f,0.000013416687827436814f,0.2898403350303932f,-0.000014885667503135643f,0.00001372838818995614f,-0.000007706666279034556f,5.6964565134476715f,-0.000005489081397872438f,-0.000014466174435656109f,-0.000015167208940643774f,7.98903323467239f,0f,0f,0f,1f],start_interpolation:0}
execute if entity @s[tag=aj.messemers_assault.locator_origin.spear_head12] at @s on origin run tp @s ^0.28984 ^5.69648 ^7.98904 ~87.7633 ~29.90849
execute if entity @s[tag=aj.messemers_assault.locator_origin.spear_body22] at @s on origin run tp @s ^0.28984 ^5.69647 ^7.98905 ~87.7633 ~29.90849
execute if entity @s[tag=aj.messemers_assault.locator_origin.spear_body23] at @s on origin run tp @s ^0.28985 ^5.69647 ^7.98905 ~87.7633 ~29.90849
execute if entity @s[tag=aj.messemers_assault.bone.spear_effects10] run data modify entity @s {} merge value {transformation:[0.000006748632921654838f,-0.000008467915879806922f,0.000018766853726336603f,0.289842878335526f,-0.000012816529572240364f,0.00001372838818995614f,0.000010803350030162173f,5.696470777430381f,-0.000016113254415452166f,-0.000014466174435656109f,-7.329896210212473e-7f,7.989045282432399f,0f,0f,0f,1f],start_interpolation:0}
execute if entity @s[tag=aj.messemers_assault.locator_origin.spear_head13] at @s on origin run tp @s ^0.28985 ^5.69649 ^7.98904 ~41.4955 ~-20.83588
execute if entity @s[tag=aj.messemers_assault.locator_origin.spear_body24] at @s on origin run tp @s ^0.28986 ^5.69648 ^7.98905 ~41.4955 ~-20.83588
execute if entity @s[tag=aj.messemers_assault.locator_origin.spear_body25] at @s on origin run tp @s ^0.28986 ^5.69648 ^7.98906 ~41.4955 ~-20.83588
execute if entity @s[tag=aj.messemers_assault.bone.spear_effects11] run data modify entity @s {} merge value {transformation:[-0.000014755722037164643f,-0.000008467915879806922f,0.000013416687827436814f,0.2898561213257858f,-0.000014885667503135643f,0.00001372838818995614f,-0.000007706666279034556f,5.696484137044316f,-0.000005489081397872438f,-0.000014466174435656109f,-0.000015167208940643774f,7.989050208782415f,0f,0f,0f,1f],start_interpolation:0}
execute if entity @s[tag=aj.messemers_assault.locator_origin.flame1] at @s on origin run tp @s ^-0.40163 ^6.62307 ^6.6827 ~71.04076 ~13.54988
execute if entity @s[tag=aj.messemers_assault.locator_origin.flame2] at @s on origin run tp @s ^-0.40163 ^6.62306 ^6.68269 ~71.04076 ~13.54988
execute if entity @s[tag=aj.messemers_assault.locator_origin.flame3] at @s on origin run tp @s ^-0.40162 ^6.62308 ^6.6827 ~71.04076 ~13.54988
execute if entity @s[tag=aj.messemers_assault.locator_origin.flame4] at @s on origin run tp @s ^-0.40162 ^6.62307 ^6.68269 ~71.04076 ~13.54988
execute if entity @s[tag=aj.messemers_assault.bone.flame_blast] run data modify entity @s {} merge value {transformation:[-0.0000014930941141350734f,-0.000013353251964310917f,0.0000314137301677956f,-0.4016253843537424f,-0.000025191649585703895f,0.00002164861214570007f,0.000008004966859847872f,6.6230700092838815f,-0.000023032858533593934f,-0.00002281204430238079f,-0.000010791625161613782f,6.682696212422599f,0f,0f,0f,1f],start_interpolation:0}
execute if entity @s[tag=aj.messemers_assault.locator_origin.spear0] at @s on origin run tp @s ^-0.13746 ^5.78215 ^7.65027 ~-104.01802 ~-10.03932
execute if entity @s[tag=aj.messemers_assault.locator_origin.spear1] at @s on origin run tp @s ^-0.48825 ^6.43895 ^6.72522 ~-104.01802 ~-10.03932
execute if entity @s[tag=aj.messemers_assault.locator_origin.spear2] at @s on origin run tp @s ^-0.82058 ^7.06118 ^5.84886 ~-104.01802 ~-10.03932
execute if entity @s[tag=aj.messemers_assault.bone.spear_of_the_impaler] run data modify entity @s {} merge value {transformation:[0.008390333393454796f,0.6400464628016724f,-2.069955210192978f,-0.36424648304492613f,-1.7651293321360806f,-1.198375620980685f,-0.3777019411075789f,6.26459749593134f,-1.2564603008383601f,1.687803555197899f,0.5167892374294898f,6.96098263682747f,0f,0f,0f,1f],start_interpolation:0}
execute if entity @s[tag=aj.messemers_assault.bone.left_arm2] run data modify entity @s {} merge value {transformation:[0.003872461566209906f,-0.008085454147639188f,0.9999598139288619f,-0.5048251424099128f,-0.8146750763704987f,0.579864637791529f,0.00784358206564175f,6.606660069441135f,-0.5799047542330893f,-0.8146727117500163f,-0.004341514451766244f,6.597284137869781f,0f,0f,0f,1f],start_interpolation:0}
execute if entity @s[tag=aj.messemers_assault.bone.left_arm] run data modify entity @s {} merge value {transformation:[0.003872461566209906f,0.9997528960054698f,0.02188951735634903f,-0.25440286071276913f,-0.8146750763704987f,0.015848091199159316f,-0.5797010936215875f,6.508787707694613f,-0.5799047542330893f,-0.015587974019057607f,0.8145351380289503f,6.52089905008588f,0f,0f,0f,1f],start_interpolation:0}
execute if entity @s[tag=aj.messemers_assault.bone.head] run data modify entity @s {} merge value {transformation:[0.9963452299628596f,-0.08427447315298778f,-0.01392824127600363f,0.04978457292496733f,0.0659575734985028f,0.8626676194146276f,-0.5014520684090241f,6.639516086710427f,0.054275051620849016f,0.4987007034166739f,0.8650733074042157f,6.614175031114146f,0f,0f,0f,1f],start_interpolation:0}
execute if entity @s[tag=aj.messemers_assault.bone.body_top] run data modify entity @s {} merge value {transformation:[0.9908374324487601f,-0.03790792349565998f,-0.12963090601625735f,0.06471081780138345f,-0.011132068386868713f,0.9336149592118982f,-0.35810499157257725f,6.271905196520742f,0.13460036965691669f,0.35626689050768207f,0.9246386554845133f,6.473894942976746f,0f,0f,0f,1f],start_interpolation:0}
execute if entity @s[tag=aj.messemers_assault.bone.body] run data modify entity @s {} merge value {transformation:[0.9908374324487601f,-0.03790792349565998f,-0.12963090601625735f,0.08129553433073469f,-0.011132068386868713f,0.9336149592118982f,-0.35810499157257725f,5.863448651865537f,0.13460036965691669f,0.35626689050768207f,0.9246386554845133f,6.3180281783796355f,0f,0f,0f,1f],start_interpolation:0}
execute if entity @s[tag=aj.messemers_assault.locator_origin.player_camera] at @s on origin run tp @s ^0.05642 ^5.34915 ^6.2956 ~-164.31912 ~-15.71622
execute if entity @s[tag=aj.messemers_assault.bone.right_leg2] run data modify entity @s {} merge value {transformation:[0.9811800516663531f,0.012485326229965829f,0.19269100352881996f,0.2509441950281922f,0.1917010947447941f,0.05670706157152339f,-0.9798137575282206f,5.648455555078118f,-0.02316023500873593f,0.9983127895588909f,0.05324638689606398f,6.155447044907611f,0f,0f,0f,1f],start_interpolation:0}
execute if entity @s[tag=aj.messemers_assault.bone.right_leg] run data modify entity @s {} merge value {transformation:[0.9811800516663531f,-0.13958445948875556f,0.13342370434538364f,0.2007810298994207f,0.1917010947447941f,0.7870314808059261f,-0.5863720137370801f,5.931294993492748f,-0.02316023500873593f,0.6009139929221676f,0.7989780826935599f,6.371400511114015f,0f,0f,0f,1f],start_interpolation:0}
execute if entity @s[tag=aj.messemers_assault.bone.left_leg2] run data modify entity @s {} merge value {transformation:[0.9463502653231068f,0.22580145630609053f,-0.23115985303017864f,-0.15085684933727858f,-0.30196653677016483f,0.8726413263744437f,-0.383814181830849f,5.6001243688851945f,0.1150538395444402f,0.43302519307021853f,0.8940088345047728f,6.317103053916224f,0f,0f,0f,1f],start_interpolation:0}
execute if entity @s[tag=aj.messemers_assault.bone.left_leg] run data modify entity @s {} merge value {transformation:[0.9463502653231068f,0.3070260794632204f,-0.10077778451786562f,-0.040519352030183746f,-0.30196653677016483f,0.9512679761734775f,0.06249358509358116f,5.941986297822538f,0.1150538395444402f,-0.0287093022600729f,0.9929443035587756f,6.30678564841651f,0f,0f,0f,1f],start_interpolation:0}