execute if entity @s[tag=aj.messemers_assault.bone.right_arm2] run data modify entity @s {} merge value {transformation:[0.7456975447767649f,-0.6611497544360523f,0.08256012308040814f,0.6178991087196525f,0.6370715851307103f,0.6712191765621748f,-0.37895199225527254f,1.867515092604754f,0.19512807879172295f,0.33518027869244243f,0.9217262140368514f,1.8489600475835972f,0f,0f,0f,1f],start_interpolation:0}
execute if entity @s[tag=aj.messemers_assault.bone.right_arm] run data modify entity @s {} merge value {transformation:[0.5763927883451496f,-0.8129915003372735f,0.08256012308040814f,0.4146512336353341f,0.7726553418641864f,0.5093123896534396f,-0.37895199225527254f,1.9948431900181138f,0.2660358551632482f,0.28221571558800806f,0.9217262140368514f,1.9195139764805993f,0f,0f,0f,1f],start_interpolation:0}
execute if entity @s[tag=aj.messemers_assault.bone.flame_slash2] run data modify entity @s {} merge value {transformation:[0.0000026965778015376817f,-0.000007911801767870268f,-0.000008287603894207915f,-1.8515450948157224f,-0.00001144965173655777f,-0.0000021815796049403808f,-0.0000016427729301272593f,1.7015158364030527f,-4.318108763161627e-7f,0.000008437808991340359f,-0.000008195696197020849f,3.116288094230772f,0f,0f,0f,1f],start_interpolation:0}
execute if entity @s[tag=aj.messemers_assault.bone.flame_slash] run data modify entity @s {} merge value {transformation:[0.0000026965778015376817f,-0.000007911801767870268f,-0.000008287603894207915f,-1.8515450948157224f,-0.00001144965173655777f,-0.0000021815796049403808f,-0.0000016427729301272593f,1.7015158364030527f,-4.318108763161627e-7f,0.000008437808991340359f,-0.000008195696197020849f,3.116288094230772f,0f,0f,0f,1f],start_interpolation:0}
execute if entity @s[tag=aj.messemers_assault.bone.impaling_thrust] run data modify entity @s {} merge value {transformation:[-0.000012253383606363386f,0.000004484583218416722f,-0.000009682896294750873f,0.3756274675049913f,0.000005394078541900105f,-0.000010118527967584418f,-0.000011512370978887223f,1.9846898835274214f,-0.000009207273428198921f,-0.000011896187718290557f,0.0000061418410018556415f,1.8369839435830118f,0f,0f,0f,1f],start_interpolation:0}
execute if entity @s[tag=aj.messemers_assault.locator_origin.spear0] at @s on origin run tp @s ^-1.63866 ^1.77249 ^2.80223 ~-45.31947 ~-8.02256
execute if entity @s[tag=aj.messemers_assault.locator_origin.spear1] at @s on origin run tp @s ^-0.96651 ^1.95783 ^2.08539 ~-45.31947 ~-8.02256
execute if entity @s[tag=aj.messemers_assault.locator_origin.spear2] at @s on origin run tp @s ^-0.25235 ^2.15475 ^1.32375 ~-45.31947 ~-8.02256
execute if entity @s[tag=aj.messemers_assault.locator_origin.spear_head2] at @s on origin run tp @s ^-1.74135 ^1.85661 ^3.33802 ~148.55897 ~51.29954
execute if entity @s[tag=aj.messemers_assault.locator_origin.spear_body2] at @s on origin run tp @s ^-1.74135 ^1.85661 ^3.33803 ~148.55897 ~51.29954
execute if entity @s[tag=aj.messemers_assault.locator_origin.spear_body3] at @s on origin run tp @s ^-1.74136 ^1.85661 ^3.33803 ~148.55897 ~51.29954
execute if entity @s[tag=aj.messemers_assault.bone.spear_effects0] run data modify entity @s {} merge value {transformation:[0.00001650363189095261f,0.000012130135332330412f,0.000007066427362658253f,-1.7413529758971895f,-0.000011941700180065606f,0.000006396769343450005f,0.000016909215925659104f,1.8566090531580959f,0.000007380404844031067f,-0.000016774552251267142f,0.000011558047653135683f,3.3380262939627436f,0f,0f,0f,1f],start_interpolation:0}
execute if entity @s[tag=aj.messemers_assault.locator_origin.spear_head3] at @s on origin run tp @s ^-1.74133 ^1.85661 ^3.33803 ~148.55897 ~51.29954
execute if entity @s[tag=aj.messemers_assault.locator_origin.spear_body4] at @s on origin run tp @s ^-1.74134 ^1.8566 ^3.33803 ~148.55897 ~51.29954
execute if entity @s[tag=aj.messemers_assault.locator_origin.spear_body5] at @s on origin run tp @s ^-1.74134 ^1.8566 ^3.33804 ~148.55897 ~51.29954
execute if entity @s[tag=aj.messemers_assault.bone.spear_effects1] run data modify entity @s {} merge value {transformation:[0.00001650363189095261f,0.000012130135332330412f,0.000007066427362658253f,-1.7413394158663835f,-0.000011941700180065606f,0.000006396769343450005f,0.000016909215925659104f,1.8566037333548493f,0.000007380404844031067f,-0.000016774552251267142f,0.000011558047653135683f,3.3380340709485323f,0f,0f,0f,1f],start_interpolation:0}
execute if entity @s[tag=aj.messemers_assault.locator_origin.spear_head4] at @s on origin run tp @s ^-1.74134 ^1.85662 ^3.33803 ~114.09414 ~-33.44631
execute if entity @s[tag=aj.messemers_assault.locator_origin.spear_body6] at @s on origin run tp @s ^-1.74135 ^1.85662 ^3.33803 ~114.09414 ~-33.44631
execute if entity @s[tag=aj.messemers_assault.locator_origin.spear_body7] at @s on origin run tp @s ^-1.74135 ^1.85661 ^3.33804 ~114.09414 ~-33.44631
execute if entity @s[tag=aj.messemers_assault.bone.spear_effects2] run data modify entity @s {} merge value {transformation:[-0.0000070664273626582545f,0.000012130135332330412f,0.00001650363189095261f,-1.7413462470482284f,-0.000016909215925659104f,0.000006396769343450005f,-0.00001194170018006561f,1.856616761800523f,-0.000011558047653135683f,-0.000016774552251267142f,0.000007380404844031067f,3.3380340993726363f,0f,0f,0f,1f],start_interpolation:0}
execute if entity @s[tag=aj.messemers_assault.locator_origin.spear_head5] at @s on origin run tp @s ^-1.74134 ^1.8566 ^3.33802 ~114.09414 ~-33.44631
execute if entity @s[tag=aj.messemers_assault.locator_origin.spear_body8] at @s on origin run tp @s ^-1.74135 ^1.8566 ^3.33803 ~114.09414 ~-33.44631
execute if entity @s[tag=aj.messemers_assault.locator_origin.spear_body9] at @s on origin run tp @s ^-1.74135 ^1.8566 ^3.33803 ~114.09414 ~-33.44631
execute if entity @s[tag=aj.messemers_assault.bone.spear_effects3] run data modify entity @s {} merge value {transformation:[-0.0000070664273626582545f,0.000012130135332330412f,0.00001650363189095261f,-1.7413487419744051f,-0.000016909215925659104f,0.000006396769343450005f,-0.00001194170018006561f,1.8565992516271816f,-0.000011558047653135683f,-0.000016774552251267142f,0.000007380404844031067f,3.338025617934201f,0f,0f,0f,1f],start_interpolation:0}
execute if entity @s[tag=aj.messemers_assault.locator_origin.spear_head6] at @s on origin run tp @s ^-1.74133 ^1.85662 ^3.33803 ~122.05572 ~-12.15431
execute if entity @s[tag=aj.messemers_assault.locator_origin.spear_body10] at @s on origin run tp @s ^-1.74133 ^1.85661 ^3.33804 ~122.05572 ~-12.15431
execute if entity @s[tag=aj.messemers_assault.locator_origin.spear_body11] at @s on origin run tp @s ^-1.74134 ^1.85661 ^3.33805 ~122.05572 ~-12.15431
execute if entity @s[tag=aj.messemers_assault.bone.spear_effects4] run data modify entity @s {} merge value {transformation:[-2.1286110981797012e-7f,0.000012130135332330412f,0.00001795157239385231f,-1.7413330720046136f,-0.000020191969317712657f,0.000006396769343450005f,-0.000004561815590715296f,1.8566126189594927f,-0.000007853885004564427f,-0.000016774552251267142f,0.000011241678324388693f,3.338042046783784f,0f,0f,0f,1f],start_interpolation:0}
execute if entity @s[tag=aj.messemers_assault.locator_origin.spear_head7] at @s on origin run tp @s ^-1.74134 ^1.85663 ^3.33803 ~122.05572 ~-12.15431
execute if entity @s[tag=aj.messemers_assault.locator_origin.spear_body12] at @s on origin run tp @s ^-1.74134 ^1.85663 ^3.33804 ~122.05572 ~-12.15431
execute if entity @s[tag=aj.messemers_assault.locator_origin.spear_body13] at @s on origin run tp @s ^-1.74135 ^1.85663 ^3.33805 ~122.05572 ~-12.15431
execute if entity @s[tag=aj.messemers_assault.bone.spear_effects5] run data modify entity @s {} merge value {transformation:[-2.1286110981797012e-7f,0.000012130135332330412f,0.00001795157239385231f,-1.7413416346924988f,-0.000020191969317712657f,0.000006396769343450005f,-0.000004561815590715296f,1.8566277986816726f,-0.000007853885004564427f,-0.000016774552251267142f,0.000011241678324388693f,3.338041643471596f,0f,0f,0f,1f],start_interpolation:0}
execute if entity @s[tag=aj.messemers_assault.locator_origin.spear_head8] at @s on origin run tp @s ^-1.74133 ^1.8566 ^3.33803 ~136.43153 ~30.67056
execute if entity @s[tag=aj.messemers_assault.locator_origin.spear_body14] at @s on origin run tp @s ^-1.74133 ^1.8566 ^3.33804 ~136.43153 ~30.67056
execute if entity @s[tag=aj.messemers_assault.locator_origin.spear_body15] at @s on origin run tp @s ^-1.74134 ^1.8566 ^3.33804 ~136.43153 ~30.67056
execute if entity @s[tag=aj.messemers_assault.bone.spear_effects6] run data modify entity @s {} merge value {transformation:[0.000012543163038451009f,0.000012130135332330412f,0.000012844194106857374f,-1.7413322982849473f,-0.000017503569168782626f,0.000006396769343450005f,0.00001105218769134802f,1.8565976848211847f,0.0000023955316297062244f,-0.000016774552251267142f,0.000013502602320479912f,3.3380369113314305f,0f,0f,0f,1f],start_interpolation:0}
execute if entity @s[tag=aj.messemers_assault.locator_origin.spear_head9] at @s on origin run tp @s ^-1.74136 ^1.85662 ^3.33802 ~136.43153 ~30.67056
execute if entity @s[tag=aj.messemers_assault.locator_origin.spear_body16] at @s on origin run tp @s ^-1.74136 ^1.85662 ^3.33802 ~136.43153 ~30.67056
execute if entity @s[tag=aj.messemers_assault.locator_origin.spear_body17] at @s on origin run tp @s ^-1.74137 ^1.85662 ^3.33803 ~136.43153 ~30.67056
execute if entity @s[tag=aj.messemers_assault.bone.spear_effects7] run data modify entity @s {} merge value {transformation:[0.000012543163038451009f,0.000012130135332330412f,0.000012844194106857374f,-1.7413618259209869f,-0.000017503569168782626f,0.000006396769343450005f,0.00001105218769134802f,1.8566203980217353f,0.0000023955316297062244f,-0.000016774552251267142f,0.000013502602320479912f,3.3380242204939616f,0f,0f,0f,1f],start_interpolation:0}
execute if entity @s[tag=aj.messemers_assault.locator_origin.spear_head10] at @s on origin run tp @s ^-1.74134 ^1.85659 ^3.33802 ~136.43153 ~30.67056
execute if entity @s[tag=aj.messemers_assault.locator_origin.spear_body18] at @s on origin run tp @s ^-1.74134 ^1.85659 ^3.33803 ~136.43153 ~30.67056
execute if entity @s[tag=aj.messemers_assault.locator_origin.spear_body19] at @s on origin run tp @s ^-1.74135 ^1.85659 ^3.33803 ~136.43153 ~30.67056
execute if entity @s[tag=aj.messemers_assault.bone.spear_effects8] run data modify entity @s {} merge value {transformation:[0.000012543163038451009f,0.000012130135332330412f,0.000012844194106857374f,-1.7413436432349214f,-0.000017503569168782626f,0.000006396769343450005f,0.00001105218769134802f,1.8565915195114828f,0.0000023955316297062244f,-0.000016774552251267142f,0.000013502602320479912f,3.3380263564242134f,0f,0f,0f,1f],start_interpolation:0}
execute if entity @s[tag=aj.messemers_assault.locator_origin.spear_head11] at @s on origin run tp @s ^-1.74135 ^1.85659 ^3.33801 ~114.09414 ~-33.44631
execute if entity @s[tag=aj.messemers_assault.locator_origin.spear_body20] at @s on origin run tp @s ^-1.74135 ^1.85659 ^3.33802 ~114.09414 ~-33.44631
execute if entity @s[tag=aj.messemers_assault.locator_origin.spear_body21] at @s on origin run tp @s ^-1.74136 ^1.85659 ^3.33803 ~114.09414 ~-33.44631
execute if entity @s[tag=aj.messemers_assault.bone.spear_effects9] run data modify entity @s {} merge value {transformation:[-0.0000070664273626582545f,0.000012130135332330412f,0.00001650363189095261f,-1.7413547975639418f,-0.000016909215925659104f,0.000006396769343450005f,-0.00001194170018006561f,1.85659105582761f,-0.000011558047653135683f,-0.000016774552251267142f,0.000007380404844031067f,3.338018113605134f,0f,0f,0f,1f],start_interpolation:0}
execute if entity @s[tag=aj.messemers_assault.locator_origin.spear_head12] at @s on origin run tp @s ^-1.74135 ^1.85661 ^3.33801 ~136.43153 ~30.67056
execute if entity @s[tag=aj.messemers_assault.locator_origin.spear_body22] at @s on origin run tp @s ^-1.74136 ^1.85661 ^3.33802 ~136.43153 ~30.67056
execute if entity @s[tag=aj.messemers_assault.locator_origin.spear_body23] at @s on origin run tp @s ^-1.74136 ^1.85661 ^3.33803 ~136.43153 ~30.67056
execute if entity @s[tag=aj.messemers_assault.bone.spear_effects10] run data modify entity @s {} merge value {transformation:[0.000012543163038451009f,0.000012130135332330412f,0.000012844194106857374f,-1.7413591300743263f,-0.000017503569168782626f,0.000006396769343450005f,0.00001105218769134802f,1.8566090142327503f,0.0000023955316297062244f,-0.000016774552251267142f,0.000013502602320479912f,3.3380218288660384f,0f,0f,0f,1f],start_interpolation:0}
execute if entity @s[tag=aj.messemers_assault.locator_origin.spear_head13] at @s on origin run tp @s ^-1.74135 ^1.85663 ^3.33802 ~114.09414 ~-33.44631
execute if entity @s[tag=aj.messemers_assault.locator_origin.spear_body24] at @s on origin run tp @s ^-1.74135 ^1.85662 ^3.33803 ~114.09414 ~-33.44631
execute if entity @s[tag=aj.messemers_assault.locator_origin.spear_body25] at @s on origin run tp @s ^-1.74136 ^1.85662 ^3.33804 ~114.09414 ~-33.44631
execute if entity @s[tag=aj.messemers_assault.bone.spear_effects11] run data modify entity @s {} merge value {transformation:[-0.0000070664273626582545f,0.000012130135332330412f,0.00001650363189095261f,-1.7413527880851984f,-0.000016909215925659104f,0.000006396769343450005f,-0.00001194170018006561f,1.856624189944331f,-0.000011558047653135683f,-0.000016774552251267142f,0.000007380404844031067f,3.338032202002108f,0f,0f,0f,1f],start_interpolation:0}
execute if entity @s[tag=aj.messemers_assault.locator_origin.flame1] at @s on origin run tp @s ^-0.7076 ^2.15189 ^1.96419 ~128.78174 ~9.32987
execute if entity @s[tag=aj.messemers_assault.locator_origin.flame2] at @s on origin run tp @s ^-0.70759 ^2.15188 ^1.96419 ~128.78174 ~9.32987
execute if entity @s[tag=aj.messemers_assault.locator_origin.flame3] at @s on origin run tp @s ^-0.70758 ^2.1519 ^1.9642 ~128.78174 ~9.32987
execute if entity @s[tag=aj.messemers_assault.locator_origin.flame4] at @s on origin run tp @s ^-0.70758 ^2.15188 ^1.9642 ~128.78174 ~9.32987
execute if entity @s[tag=aj.messemers_assault.bone.flame_blast] run data modify entity @s {} merge value {transformation:[0.000010522983231286718f,0.000019128290331751808f,0.000026281865306887546f,-0.707588559409118f,-0.000032170300588226434f,0.000010087213195440394f,0.000005539043340144791f,2.151887760923276f,-0.000004658293151823723f,-0.000026452178550075112f,0.000021117378293190868f,1.9641982388542476f,0f,0f,0f,1f],start_interpolation:0}
execute if entity @s[tag=aj.messemers_assault.bone.spear_of_the_impaler] run data modify entity @s {} merge value {transformation:[0.4963612236458741f,-1.4563316528469166f,-1.5255058495533154f,-1.0296119747420134f,-2.1075465143398366f,-0.4015650954226541f,-0.3023865216517433f,1.9326808494545398f,-0.07948377192368304f,1.5531542214148624f,-1.5085883265312712f,2.199978452277821f,0f,0f,0f,1f],start_interpolation:0}
execute if entity @s[tag=aj.messemers_assault.bone.left_arm2] run data modify entity @s {} merge value {transformation:[0.229089795528865f,0.8202403482049692f,0.5241408558404251f,-0.44286381548743425f,-0.9727137758491555f,0.21319849900560117f,0.0915112577502735f,2.160380781732534f,-0.03668481781093064f,-0.5308033262879476f,0.846700686750536f,1.6884563519673237f,0f,0f,0f,1f],start_interpolation:0}
execute if entity @s[tag=aj.messemers_assault.bone.left_arm] run data modify entity @s {} merge value {transformation:[0.229089795528865f,0.9228512854942827f,-0.30961810419626973f,-0.18351476967275543f,-0.9727137758491555f,0.2050502648736741f,-0.1085462995615899f,2.0900541259698078f,-0.03668481781093064f,0.32603664477599037f,0.9446450817134407f,1.765379910934955f,0f,0f,0f,1f],start_interpolation:0}
execute if entity @s[tag=aj.messemers_assault.bone.head] run data modify entity @s {} merge value {transformation:[0.9832055751438449f,-0.09076705597500545f,-0.15832920942040726f,0.10460740536800942f,0.013806373790955631f,0.9020570975959704f,-0.43139584689641863f,2.14142152113381f,0.18197851809706922f,0.42196484951517443f,0.8881607313571291f,1.9461209285923868f,0f,0f,0f,1f],start_interpolation:0}
execute if entity @s[tag=aj.messemers_assault.bone.body_top] run data modify entity @s {} merge value {transformation:[0.9570656052929433f,-0.07624922861412123f,-0.27966315864089675f,0.13463053913481965f,-0.15233749752271003f,0.6885068740163436f,-0.709049766434459f,1.870321939489875f,0.24661450487303094f,0.7212103296320664f,0.647330631453692f,1.6621443612997606f,0f,0f,0f,1f],start_interpolation:0}
execute if entity @s[tag=aj.messemers_assault.bone.body] run data modify entity @s {} merge value {transformation:[0.9570656052929433f,-0.07624922861412123f,-0.27966315864089675f,0.16798957665349767f,-0.15233749752271003f,0.6885068740163436f,-0.709049766434459f,1.5691001821077246f,0.24661450487303094f,0.7212103296320664f,0.647330631453692f,1.3466148420857316f,0f,0f,0f,1f],start_interpolation:0}
execute if entity @s[tag=aj.messemers_assault.locator_origin.player_camera] at @s on origin run tp @s ^-0.06613 ^0.80858 ^1.43279 ~-148.709 ~-38.35215
execute if entity @s[tag=aj.messemers_assault.bone.right_leg2] run data modify entity @s {} merge value {transformation:[0.8593786486408981f,-0.4998917748317566f,0.10759438514950548f,0.4204894956134937f,-0.11672760745707675f,-0.3966459579487663f,-0.9105199886330075f,1.4283385302627867f,0.4978383311050791f,0.7699222022376428f,-0.39922023819446795f,1.1556821063138962f,0f,0f,0f,1f],start_interpolation:0}
execute if entity @s[tag=aj.messemers_assault.bone.right_leg] run data modify entity @s {} merge value {transformation:[0.8593786486408981f,-0.3941533917579497f,-0.3257475126932637f,0.27884062045048047f,-0.11672760745707675f,0.46900823838095707f,-0.8754461365430417f,1.5968883659309432f,0.4978383311050791f,0.7903634455720328f,0.35704708371027766f,1.4397189695663455f,0f,0f,0f,1f],start_interpolation:0}
execute if entity @s[tag=aj.messemers_assault.bone.left_leg2] run data modify entity @s {} merge value {transformation:[0.8460484370512226f,0.04046050252558897f,-0.5315684244747424f,-0.04789038846596494f,-0.4765114807796915f,0.5044876747642384f,-0.7200201349240989f,1.433261558859269f,0.23903734195378107f,0.8624703668801315f,0.44610090271744846f,1.1938039298102128f,0f,0f,0f,1f],start_interpolation:0}
execute if entity @s[tag=aj.messemers_assault.bone.left_leg] run data modify entity @s {} merge value {transformation:[0.8460484370512226f,0.2613201920541153f,-0.4646652551977428f,0.04602155555348274f,-0.4765114807796915f,0.7615147659427687f,-0.4393541509264205f,1.7069309278699516f,0.23903734195378107f,0.5931332215244146f,0.768800449190647f,1.4069611812955494f,0f,0f,0f,1f],start_interpolation:0}