execute if entity @s[tag=aj.messemers_assault.bone.right_arm2] run data modify entity @s {} merge value {transformation:[0.6228976006300145f,-0.7276228298328067f,0.28733881853218163f,0.5616074912115651f,0.5799159087149209f,0.18295069472262832f,-0.7938681138072338f,6.01743630511736f,0.5250677270112102f,0.6611308953653632f,0.535919603340534f,6.513315865080019f,0f,0f,0f,1f],start_interpolation:0}
execute if entity @s[tag=aj.messemers_assault.bone.right_arm] run data modify entity @s {} merge value {transformation:[0.548734882638478f,-0.7850646036730138f,0.28733881853218163f,0.3653413402933116f,0.5950308309329196f,0.12534643241602095f,-0.7938681138072338f,6.048772913221365f,0.5872208603370755f,0.6065985822109299f,0.535919603340534f,6.664965510632751f,0f,0f,0f,1f],start_interpolation:0}
execute if entity @s[tag=aj.messemers_assault.bone.flame_slash2] run data modify entity @s {} merge value {transformation:[2.923348751018511e-7f,6.855092855560266e-7f,-0.000011747218168627278f,-0.36210766573952563f,-0.000008679378642381002f,-0.000007922173176325237f,-6.782889558326006e-7f,4.952357032319095f,-0.000007945781526325197f,0.00000867881135552793f,3.087179168429804e-7f,7.850120835716279f,0f,0f,0f,1f],start_interpolation:0}
execute if entity @s[tag=aj.messemers_assault.bone.flame_slash] run data modify entity @s {} merge value {transformation:[2.923348751018511e-7f,6.855092855560266e-7f,-0.000011747218168627278f,-0.36210766573952563f,-0.000008679378642381002f,-0.000007922173176325237f,-6.782889558326006e-7f,4.952357032319095f,-0.000007945781526325197f,0.00000867881135552793f,3.087179168429804e-7f,7.850120835716279f,0f,0f,0f,1f],start_interpolation:0}
execute if entity @s[tag=aj.messemers_assault.bone.impaling_thrust] run data modify entity @s {} merge value {transformation:[-0.000014411228181441027f,-0.000006806699454830674f,-0.000003162391806299134f,0.2166885011624642f,0.00000443825938721552f,-0.000002207528345186382f,-0.000015473979750519645f,6.446013515619997f,0.000006052580690642084f,-0.00001458804435965653f,0.000003817146296182548f,5.822538635099903f,0f,0f,0f,1f],start_interpolation:0}
execute if entity @s[tag=aj.messemers_assault.locator_origin.spear_head2] at @s on origin run tp @s ^-0.10905 ^5.02782 ^7.97514 ~124.19336 ~33.19756
execute if entity @s[tag=aj.messemers_assault.locator_origin.spear_body2] at @s on origin run tp @s ^-0.10905 ^5.02781 ^7.97515 ~124.19336 ~33.19756
execute if entity @s[tag=aj.messemers_assault.locator_origin.spear_body3] at @s on origin run tp @s ^-0.10905 ^5.0278 ^7.97516 ~124.19336 ~33.19756
execute if entity @s[tag=aj.messemers_assault.bone.spear_effects0] run data modify entity @s {} merge value {transformation:[0.000015228374520737347f,-0.000003556206447605131f,0.000014996481240698211f,-0.10904949064562627f,-0.000007868007604961797f,0.000016334191482110952f,0.000011863097799413158f,5.027811065338408f,-0.000013252754816598144f,-0.000013783759602234428f,0.000010189058123467031f,7.975149980697857f,0f,0f,0f,1f],start_interpolation:0}
execute if entity @s[tag=aj.messemers_assault.locator_origin.spear_head3] at @s on origin run tp @s ^-0.10904 ^5.02782 ^7.97514 ~124.19336 ~33.19756
execute if entity @s[tag=aj.messemers_assault.locator_origin.spear_body4] at @s on origin run tp @s ^-0.10904 ^5.02781 ^7.97514 ~124.19336 ~33.19756
execute if entity @s[tag=aj.messemers_assault.locator_origin.spear_body5] at @s on origin run tp @s ^-0.10903 ^5.0278 ^7.97515 ~124.19336 ~33.19756
execute if entity @s[tag=aj.messemers_assault.bone.spear_effects1] run data modify entity @s {} merge value {transformation:[0.000015228374520737347f,-0.000003556206447605131f,0.000014996481240698211f,-0.10903524952263104f,-0.000007868007604961797f,0.000016334191482110952f,0.000011863097799413158f,5.027807707588231f,-0.000013252754816598144f,-0.000013783759602234428f,0.000010189058123467031f,7.975142327451515f,0f,0f,0f,1f],start_interpolation:0}
execute if entity @s[tag=aj.messemers_assault.locator_origin.spear_head4] at @s on origin run tp @s ^-0.10904 ^5.02782 ^7.97515 ~48.96802 ~-21.29309
execute if entity @s[tag=aj.messemers_assault.locator_origin.spear_body6] at @s on origin run tp @s ^-0.10904 ^5.02782 ^7.97515 ~48.96802 ~-21.29309
execute if entity @s[tag=aj.messemers_assault.locator_origin.spear_body7] at @s on origin run tp @s ^-0.10904 ^5.02781 ^7.97516 ~48.96802 ~-21.29309
execute if entity @s[tag=aj.messemers_assault.bone.spear_effects2] run data modify entity @s {} merge value {transformation:[-0.000014996481240698213f,-0.000003556206447605131f,0.000015228374520737345f,-0.10903844084152994f,-0.000011863097799413157f,0.000016334191482110952f,-0.000007868007604961799f,5.02781655675709f,-0.00001018905812346703f,-0.000013783759602234428f,-0.000013252754816598148f,7.975153637356209f,0f,0f,0f,1f],start_interpolation:0}
execute if entity @s[tag=aj.messemers_assault.locator_origin.spear_head5] at @s on origin run tp @s ^-0.10905 ^5.02781 ^7.97514 ~48.96802 ~-21.29309
execute if entity @s[tag=aj.messemers_assault.locator_origin.spear_body8] at @s on origin run tp @s ^-0.10905 ^5.0278 ^7.97514 ~48.96802 ~-21.29309
execute if entity @s[tag=aj.messemers_assault.locator_origin.spear_body9] at @s on origin run tp @s ^-0.10905 ^5.0278 ^7.97515 ~48.96802 ~-21.29309
execute if entity @s[tag=aj.messemers_assault.bone.spear_effects3] run data modify entity @s {} merge value {transformation:[-0.000014996481240698213f,-0.000003556206447605131f,0.000015228374520737345f,-0.10904817722407177f,-0.000011863097799413157f,0.000016334191482110952f,-0.000007868007604961799f,5.027804386471218f,-0.00001018905812346703f,-0.000013783759602234428f,-0.000013252754816598148f,7.9751417271663785f,0f,0f,0f,1f],start_interpolation:0}
execute if entity @s[tag=aj.messemers_assault.locator_origin.spear_head6] at @s on origin run tp @s ^-0.10903 ^5.02782 ^7.97514 ~67.15525 ~-7.23659
execute if entity @s[tag=aj.messemers_assault.locator_origin.spear_body10] at @s on origin run tp @s ^-0.10902 ^5.02781 ^7.97515 ~67.15525 ~-7.23659
execute if entity @s[tag=aj.messemers_assault.locator_origin.spear_body11] at @s on origin run tp @s ^-0.10902 ^5.02781 ^7.97515 ~67.15525 ~-7.23659
execute if entity @s[tag=aj.messemers_assault.bone.spear_effects4] run data modify entity @s {} merge value {transformation:[-0.0000080272954470337f,-0.000003556206447605131f,0.00001980808844771468f,-0.10902420917853342f,-0.000013971029405198912f,0.000016334191482110952f,-0.0000027292802035051837f,5.027814003929898f,-0.000014485071957347801f,-0.000013783759602234428f,-0.000008344765189189633f,7.975146940409764f,0f,0f,0f,1f],start_interpolation:0}
execute if entity @s[tag=aj.messemers_assault.locator_origin.spear_head7] at @s on origin run tp @s ^-0.10903 ^5.02783 ^7.97515 ~67.15525 ~-7.23659
execute if entity @s[tag=aj.messemers_assault.locator_origin.spear_body12] at @s on origin run tp @s ^-0.10903 ^5.02782 ^7.97516 ~67.15525 ~-7.23659
execute if entity @s[tag=aj.messemers_assault.locator_origin.spear_body13] at @s on origin run tp @s ^-0.10903 ^5.02782 ^7.97517 ~67.15525 ~-7.23659
execute if entity @s[tag=aj.messemers_assault.bone.spear_effects5] run data modify entity @s {} merge value {transformation:[-0.0000080272954470337f,-0.000003556206447605131f,0.00001980808844771468f,-0.10902865242899527f,-0.000013971029405198912f,0.000016334191482110952f,-0.0000027292802035051837f,5.027824299966535f,-0.000014485071957347801f,-0.000013783759602234428f,-0.000008344765189189633f,7.975160287896602f,0f,0f,0f,1f],start_interpolation:0}
execute if entity @s[tag=aj.messemers_assault.locator_origin.spear_head8] at @s on origin run tp @s ^-0.10903 ^5.02781 ^7.97513 ~102.43985 ~21.52347
execute if entity @s[tag=aj.messemers_assault.locator_origin.spear_body14] at @s on origin run tp @s ^-0.10903 ^5.0278 ^7.97514 ~102.43985 ~21.52347
execute if entity @s[tag=aj.messemers_assault.locator_origin.spear_body15] at @s on origin run tp @s ^-0.10903 ^5.0278 ^7.97514 ~102.43985 ~21.52347
execute if entity @s[tag=aj.messemers_assault.bone.spear_effects6] run data modify entity @s {} merge value {transformation:[0.000008330278618536537f,-0.000003556206447605131f,0.000019682588708907394f,-0.10902902770481115f,-0.000011808902172229525f,0.000016334191482110952f,0.000007949117092916092f,5.0278036929412835f,-0.00001614313265970116f,-0.000013783759602234428f,0.000004341852554330294f,7.975135964740386f,0f,0f,0f,1f],start_interpolation:0}
execute if entity @s[tag=aj.messemers_assault.locator_origin.spear_head9] at @s on origin run tp @s ^-0.10906 ^5.02783 ^7.97515 ~102.43985 ~21.52347
execute if entity @s[tag=aj.messemers_assault.locator_origin.spear_body16] at @s on origin run tp @s ^-0.10906 ^5.02782 ^7.97516 ~102.43985 ~21.52347
execute if entity @s[tag=aj.messemers_assault.locator_origin.spear_body17] at @s on origin run tp @s ^-0.10905 ^5.02781 ^7.97517 ~102.43985 ~21.52347
execute if entity @s[tag=aj.messemers_assault.bone.spear_effects7] run data modify entity @s {} merge value {transformation:[0.000008330278618536537f,-0.000003556206447605131f,0.000019682588708907394f,-0.10905575503344031f,-0.000011808902172229525f,0.000016334191482110952f,0.000007949117092916092f,5.027818702138795f,-0.00001614313265970116f,-0.000013783759602234428f,0.000004341852554330294f,7.975160646758526f,0f,0f,0f,1f],start_interpolation:0}
execute if entity @s[tag=aj.messemers_assault.locator_origin.spear_head10] at @s on origin run tp @s ^-0.10905 ^5.02781 ^7.97513 ~102.43985 ~21.52347
execute if entity @s[tag=aj.messemers_assault.locator_origin.spear_body18] at @s on origin run tp @s ^-0.10904 ^5.0278 ^7.97513 ~102.43985 ~21.52347
execute if entity @s[tag=aj.messemers_assault.locator_origin.spear_body19] at @s on origin run tp @s ^-0.10904 ^5.02779 ^7.97514 ~102.43985 ~21.52347
execute if entity @s[tag=aj.messemers_assault.bone.spear_effects8] run data modify entity @s {} merge value {transformation:[0.000008330278618536537f,-0.000003556206447605131f,0.000019682588708907394f,-0.10904502847516702f,-0.000011808902172229525f,0.000016334191482110952f,0.000007949117092916092f,5.027799159455799f,-0.00001614313265970116f,-0.000013783759602234428f,0.000004341852554330294f,7.975134720611223f,0f,0f,0f,1f],start_interpolation:0}
execute if entity @s[tag=aj.messemers_assault.locator_origin.spear_head11] at @s on origin run tp @s ^-0.10906 ^5.02781 ^7.97513 ~48.96802 ~-21.29309
execute if entity @s[tag=aj.messemers_assault.locator_origin.spear_body20] at @s on origin run tp @s ^-0.10906 ^5.0278 ^7.97514 ~48.96802 ~-21.29309
execute if entity @s[tag=aj.messemers_assault.locator_origin.spear_body21] at @s on origin run tp @s ^-0.10906 ^5.02779 ^7.97514 ~48.96802 ~-21.29309
execute if entity @s[tag=aj.messemers_assault.bone.spear_effects9] run data modify entity @s {} merge value {transformation:[-0.000014996481240698213f,-0.000003556206447605131f,0.000015228374520737345f,-0.10905860579238597f,-0.000011863097799413157f,0.000016334191482110952f,-0.000007868007604961799f,5.0277985740801405f,-0.00001018905812346703f,-0.000013783759602234428f,-0.000013252754816598148f,7.975137529866903f,0f,0f,0f,1f],start_interpolation:0}
execute if entity @s[tag=aj.messemers_assault.locator_origin.spear_head12] at @s on origin run tp @s ^-0.10906 ^5.02782 ^7.97515 ~102.43985 ~21.52347
execute if entity @s[tag=aj.messemers_assault.locator_origin.spear_body22] at @s on origin run tp @s ^-0.10906 ^5.02781 ^7.97515 ~102.43985 ~21.52347
execute if entity @s[tag=aj.messemers_assault.locator_origin.spear_body23] at @s on origin run tp @s ^-0.10906 ^5.0278 ^7.97516 ~102.43985 ~21.52347
execute if entity @s[tag=aj.messemers_assault.bone.spear_effects10] run data modify entity @s {} merge value {transformation:[0.000008330278618536537f,-0.000003556206447605131f,0.000019682588708907394f,-0.1090568981750182f,-0.000011808902172229525f,0.000016334191482110952f,0.000007949117092916092f,5.027810892392229f,-0.00001614313265970116f,-0.000013783759602234428f,0.000004341852554330294f,7.975151686891846f,0f,0f,0f,1f],start_interpolation:0}
execute if entity @s[tag=aj.messemers_assault.locator_origin.spear_head13] at @s on origin run tp @s ^-0.10904 ^5.02783 ^7.97515 ~48.96802 ~-21.29309
execute if entity @s[tag=aj.messemers_assault.locator_origin.spear_body24] at @s on origin run tp @s ^-0.10904 ^5.02782 ^7.97516 ~48.96802 ~-21.29309
execute if entity @s[tag=aj.messemers_assault.locator_origin.spear_body25] at @s on origin run tp @s ^-0.10904 ^5.02781 ^7.97517 ~48.96802 ~-21.29309
execute if entity @s[tag=aj.messemers_assault.bone.spear_effects11] run data modify entity @s {} merge value {transformation:[-0.000014996481240698213f,-0.000003556206447605131f,0.000015228374520737345f,-0.10904343910778301f,-0.000011863097799413157f,0.000016334191482110952f,-0.000007868007604961799f,5.027821539305218f,-0.00001018905812346703f,-0.000013783759602234428f,-0.000013252754816598148f,7.975160831384887f,0f,0f,0f,1f],start_interpolation:0}
execute if entity @s[tag=aj.messemers_assault.locator_origin.flame1] at @s on origin run tp @s ^-0.39718 ^6.18431 ^6.70128 ~84.21207 ~7.4917
execute if entity @s[tag=aj.messemers_assault.locator_origin.flame2] at @s on origin run tp @s ^-0.39718 ^6.1843 ^6.70127 ~84.21207 ~7.4917
execute if entity @s[tag=aj.messemers_assault.locator_origin.flame3] at @s on origin run tp @s ^-0.39717 ^6.18432 ^6.70128 ~84.21207 ~7.4917
execute if entity @s[tag=aj.messemers_assault.locator_origin.flame4] at @s on origin run tp @s ^-0.39717 ^6.1843 ^6.70127 ~84.21207 ~7.4917
execute if entity @s[tag=aj.messemers_assault.bone.flame_blast] run data modify entity @s {} merge value {transformation:[2.585732978429898e-7f,-0.000005607864013531169f,0.000033702316124659677f,-0.3971755193491692f,-0.000022001228296205492f,0.00002575776349102112f,0.000004454737310995617f,6.184308933926335f,-0.000026138863870088175f,-0.000021735928603523524f,-0.0000034161841921417046f,6.701274798195779f,0f,0f,0f,1f],start_interpolation:0}
execute if entity @s[tag=aj.messemers_assault.locator_origin.spear0] at @s on origin run tp @s ^-0.44329 ^5.21209 ^7.57638 ~-91.50539 ~-3.30347
execute if entity @s[tag=aj.messemers_assault.locator_origin.spear1] at @s on origin run tp @s ^-0.51245 ^6.01132 ^6.70082 ~-91.50539 ~-3.30347
execute if entity @s[tag=aj.messemers_assault.locator_origin.spear2] at @s on origin run tp @s ^-0.57797 ^6.76849 ^5.87134 ~-91.50539 ~-3.30347
execute if entity @s[tag=aj.messemers_assault.bone.spear_of_the_impaler] run data modify entity @s {} merge value {transformation:[0.05381031329308408f,0.1261822401731447f,-2.1623198044906844f,-0.462081501726769f,-1.5976201394825207f,-1.4582407262616364f,-0.12485318833024858f,5.795715745526189f,-1.4625863340492398f,1.5975157185396542f,0.056825952834814085f,6.929585127530652f,0f,0f,0f,1f],start_interpolation:0}
execute if entity @s[tag=aj.messemers_assault.bone.left_arm2] run data modify entity @s {} merge value {transformation:[0.024835529212192654f,0.20204624418567585f,0.9790610357374115f,-0.49269298802874856f,-0.737363141299625f,0.6650154283496689f,-0.11853302455288747f,6.191411200392613f,-0.6750398464842645f,-0.7189796904415099f,0.16549746339787802f,6.597415482689102f,0f,0f,0f,1f],start_interpolation:0}
execute if entity @s[tag=aj.messemers_assault.bone.left_arm] run data modify entity @s {} merge value {transformation:[0.024835529212192654f,0.9443127059472585f,-0.3281108195035902f,-0.25351037039040986f,-0.737363141299625f,-0.20432088972612455f,-0.6438544648243685f,6.048160585298629f,-0.6750398464842645f,0.25792729093310784f,0.6912269658009657f,6.577517324611846f,0f,0f,0f,1f],start_interpolation:0}
execute if entity @s[tag=aj.messemers_assault.bone.head] run data modify entity @s {} merge value {transformation:[0.9946100975418195f,-0.10348640029719465f,0.006427971793776202f,0.046737988434834975f,0.0816031931797985f,0.7430298586422169f,-0.6642646671538295f,6.176832052860849f,0.0639661842750782f,0.6612088884154963f,0.7474698208955538f,6.6852897188421485f,0f,0f,0f,1f],start_interpolation:0}
execute if entity @s[tag=aj.messemers_assault.bone.body_top] run data modify entity @s {} merge value {transformation:[0.9901627370939543f,-0.06384345402863231f,-0.12450609402074742f,0.07187634845860895f,0.0009797246763765463f,0.8929760250494023f,-0.4501031646484256f,5.825222742997647f,0.13991709763344784f,0.4455533997902643f,0.8842541341295329f,6.509853067674732f,0f,0f,0f,1f],start_interpolation:0}
execute if entity @s[tag=aj.messemers_assault.bone.body] run data modify entity @s {} merge value {transformation:[0.9901627370939543f,-0.06384345402863231f,-0.12450609402074742f,0.09980785959613558f,0.0009797246763765463f,0.8929760250494023f,-0.4501031646484256f,5.434545732038533f,0.13991709763344784f,0.4455533997902643f,0.8842541341295329f,6.3149234552664915f,0f,0f,0f,1f],start_interpolation:0}
execute if entity @s[tag=aj.messemers_assault.locator_origin.player_camera] at @s on origin run tp @s ^0.08844 ^4.92445 ^6.24215 ~-163.94448 ~-21.52171
execute if entity @s[tag=aj.messemers_assault.bone.right_leg2] run data modify entity @s {} merge value {transformation:[0.9759511176620593f,0.027746310330925242f,0.21621646143898948f,0.27035399961393236f,0.21797305002060408f,-0.13639215212523054f,-0.9663772194662719f,5.265326931427394f,0.0026768262725178626f,0.9902662889857801f,-0.1391600211966021f,6.108458445483005f,0f,0f,0f,1f],start_interpolation:0}
execute if entity @s[tag=aj.messemers_assault.bone.right_leg] run data modify entity @s {} merge value {transformation:[0.9759511176620593f,-0.14779643430095035f,0.16023616926930984f,0.21723965603702836f,0.21797305002060408f,0.6526167134843269f,-0.7256577531768202f,5.499861062835824f,0.0026768262725178626f,0.7431336617923057f,0.669137650496717f,6.3755221051896145f,0f,0f,0f,1f],start_interpolation:0}
execute if entity @s[tag=aj.messemers_assault.bone.left_leg2] run data modify entity @s {} merge value {transformation:[0.9533546562837265f,0.14822209649300422f,-0.26295457678724043f,-0.1150040613469657f,-0.2875815892669349f,0.71069220587684f,-0.6420384864014113f,5.181218341379516f,0.09171547773872249f,0.6877112756216303f,0.7201676697311737f,6.212271378814862f,0f,0f,0f,1f],start_interpolation:0}
execute if entity @s[tag=aj.messemers_assault.bone.left_leg] run data modify entity @s {} merge value {transformation:[0.9533546562837265f,0.25289351648099595f,-0.16480221073764273f,-0.02412045386160777f,-0.2875815892669349f,0.9268520664074559f,-0.24133395225482207f,5.514305802744696f,0.09171547773872249f,0.2774709287801246f,0.9563462525806508f,6.311987493845219f,0f,0f,0f,1f],start_interpolation:0}