execute if entity @s[tag=aj.messemers_assault.bone.right_arm2] run data modify entity @s {} merge value {transformation:[0.8328764982965078f,-0.541343159289311f,-0.11517084038946124f,0.4046155061173441f,0.5509775463432972f,0.7913090143900671f,0.2650543098509064f,2.0133835964142155f,-0.05234961328287742f,-0.28421405249510123f,0.957330606610613f,-0.17474048076106477f,0f,0f,0f,1f],start_interpolation:0}
execute if entity @s[tag=aj.messemers_assault.bone.right_arm] run data modify entity @s {} merge value {transformation:[0.6631900684555254f,-0.7395367540737514f,-0.11517084038946124f,0.2197313175989062f,0.738015332691622f,0.6205478076196338f,0.2650543098509064f,2.168520548319124f,-0.12454839145500685f,-0.2607792319808565f,0.957330606610613f,-0.2399352887562789f,0f,0f,0f,1f],start_interpolation:0}
execute if entity @s[tag=aj.messemers_assault.bone.flame_slash2] run data modify entity @s {} merge value {transformation:[0.000002414704398652039f,-0.000011472166880656383f,-0.0000010540906462977274f,-2.4173877405580226f,-0.000010287962578092387f,-0.0000026319990925596123f,0.000005077688857112759f,1.9399166317047079f,-0.000005184548776895842f,-1.2035447747073001e-7f,-0.000010566857912400051f,-0.8484557007972391f,0f,0f,0f,1f],start_interpolation:0}
execute if entity @s[tag=aj.messemers_assault.bone.flame_slash] run data modify entity @s {} merge value {transformation:[0.000002414704398652039f,-0.000011472166880656383f,-0.0000010540906462977274f,-2.4173877405580226f,-0.000010287962578092387f,-0.0000026319990925596123f,0.000005077688857112759f,1.9399166317047079f,-0.000005184548776895842f,-1.2035447747073001e-7f,-0.000010566857912400051f,-0.8484557007972391f,0f,0f,0f,1f],start_interpolation:0}
execute if entity @s[tag=aj.messemers_assault.bone.impaling_thrust] run data modify entity @s {} merge value {transformation:[3.929446584648265e-7f,0.000008126428316495669f,-0.000014064925681095547f,-0.08825335684113034f,0.00001436517041065439f,-0.000006741671970263898f,-0.00000349386823173362f,1.9782826068346173f,-0.000007583063409384318f,-0.00001235015785181368f,-0.000007347525261408858f,-0.38037078287611126f,0f,0f,0f,1f],start_interpolation:0}
execute if entity @s[tag=aj.messemers_assault.locator_origin.spear_head2] at @s on origin run tp @s ^-2.47682 ^1.93486 ^-0.56244 ~-174.03911 ~17.75121
execute if entity @s[tag=aj.messemers_assault.locator_origin.spear_body2] at @s on origin run tp @s ^-2.47683 ^1.93486 ^-0.56244 ~-174.03911 ~17.75121
execute if entity @s[tag=aj.messemers_assault.locator_origin.spear_body3] at @s on origin run tp @s ^-2.47684 ^1.93486 ^-0.56244 ~-174.03911 ~17.75121
execute if entity @s[tag=aj.messemers_assault.bone.spear_effects0] run data modify entity @s {} merge value {transformation:[0.000007952561217471444f,0.000020040184293131453f,-0.000002142948441783057f,-2.4768299538390046f,-0.000018928213515832916f,0.000008217675405237222f,0.000006605829885611916f,1.9348594576637477f,0.000006922712447144779f,-5.525114260633843e-7f,0.000020523528642576542f,-0.5624398158423357f,0f,0f,0f,1f],start_interpolation:0}
execute if entity @s[tag=aj.messemers_assault.locator_origin.spear_head3] at @s on origin run tp @s ^-2.47682 ^1.93485 ^-0.56243 ~-174.03911 ~17.75121
execute if entity @s[tag=aj.messemers_assault.locator_origin.spear_body4] at @s on origin run tp @s ^-2.47682 ^1.93485 ^-0.56243 ~-174.03911 ~17.75121
execute if entity @s[tag=aj.messemers_assault.locator_origin.spear_body5] at @s on origin run tp @s ^-2.47683 ^1.93484 ^-0.56243 ~-174.03911 ~17.75121
execute if entity @s[tag=aj.messemers_assault.bone.spear_effects1] run data modify entity @s {} merge value {transformation:[0.000007952561217471444f,0.000020040184293131453f,-0.000002142948441783057f,-2.4768245513517453f,-0.000018928213515832916f,0.000008217675405237222f,0.000006605829885611916f,1.934846906027737f,0.000006922712447144779f,-5.525114260633843e-7f,0.000020523528642576542f,-0.5624305462244973f,0f,0f,0f,1f],start_interpolation:0}
execute if entity @s[tag=aj.messemers_assault.locator_origin.spear_head4] at @s on origin run tp @s ^-2.47682 ^1.93486 ^-0.56243 ~131.0396 ~-60.88088
execute if entity @s[tag=aj.messemers_assault.locator_origin.spear_body6] at @s on origin run tp @s ^-2.47683 ^1.93486 ^-0.56243 ~131.0396 ~-60.88088
execute if entity @s[tag=aj.messemers_assault.locator_origin.spear_body7] at @s on origin run tp @s ^-2.47684 ^1.93486 ^-0.56243 ~131.0396 ~-60.88088
execute if entity @s[tag=aj.messemers_assault.bone.spear_effects2] run data modify entity @s {} merge value {transformation:[0.0000021429484417830562f,0.000020040184293131453f,0.000007952561217471444f,-2.4768298800428923f,-0.000006605829885611914f,0.000008217675405237222f,-0.000018928213515832916f,1.93486014173915f,-0.000020523528642576545f,-5.525114260633843e-7f,0.000006922712447144774f,-0.5624269647102852f,0f,0f,0f,1f],start_interpolation:0}
execute if entity @s[tag=aj.messemers_assault.locator_origin.spear_head5] at @s on origin run tp @s ^-2.47682 ^1.93485 ^-0.56244 ~131.0396 ~-60.88088
execute if entity @s[tag=aj.messemers_assault.locator_origin.spear_body8] at @s on origin run tp @s ^-2.47683 ^1.93485 ^-0.56244 ~131.0396 ~-60.88088
execute if entity @s[tag=aj.messemers_assault.locator_origin.spear_body9] at @s on origin run tp @s ^-2.47683 ^1.93485 ^-0.56244 ~131.0396 ~-60.88088
execute if entity @s[tag=aj.messemers_assault.bone.spear_effects3] run data modify entity @s {} merge value {transformation:[0.0000021429484417830562f,0.000020040184293131453f,0.000007952561217471444f,-2.476826216176794f,-0.000006605829885611914f,0.000008217675405237222f,-0.000018928213515832916f,1.9348501009377532f,-0.000020523528642576545f,-5.525114260633843e-7f,0.000006922712447144774f,-0.5624434123246268f,0f,0f,0f,1f],start_interpolation:0}
execute if entity @s[tag=aj.messemers_assault.locator_origin.spear_head6] at @s on origin run tp @s ^-2.47682 ^1.93485 ^-0.56242 ~155.38975 ~-43.66463
execute if entity @s[tag=aj.messemers_assault.locator_origin.spear_body10] at @s on origin run tp @s ^-2.47682 ^1.93485 ^-0.56242 ~155.38975 ~-43.66463
execute if entity @s[tag=aj.messemers_assault.locator_origin.spear_body11] at @s on origin run tp @s ^-2.47683 ^1.93484 ^-0.56242 ~155.38975 ~-43.66463
execute if entity @s[tag=aj.messemers_assault.bone.spear_effects4] run data modify entity @s {} merge value {transformation:[0.00000502313962738579f,0.000020040184293131453f,0.000006527137674781947f,-2.4768248893981335f,-0.00001334650474334645f,0.000008217675405237222f,-0.00001495944740003568f,1.9348486317547877f,-0.000016312060687235726f,-5.525114260633843e-7f,0.000014249766724562606f,-0.5624171402522914f,0f,0f,0f,1f],start_interpolation:0}
execute if entity @s[tag=aj.messemers_assault.locator_origin.spear_head7] at @s on origin run tp @s ^-2.47682 ^1.93487 ^-0.56241 ~155.38975 ~-43.66463
execute if entity @s[tag=aj.messemers_assault.locator_origin.spear_body12] at @s on origin run tp @s ^-2.47683 ^1.93486 ^-0.56241 ~155.38975 ~-43.66463
execute if entity @s[tag=aj.messemers_assault.locator_origin.spear_body13] at @s on origin run tp @s ^-2.47684 ^1.93486 ^-0.56241 ~155.38975 ~-43.66463
execute if entity @s[tag=aj.messemers_assault.bone.spear_effects5] run data modify entity @s {} merge value {transformation:[0.00000502313962738579f,0.000020040184293131453f,0.000006527137674781947f,-2.4768312787752382f,-0.00001334650474334645f,0.000008217675405237222f,-0.00001495944740003568f,1.9348644534564798f,-0.000016312060687235726f,-5.525114260633843e-7f,0.000014249766724562606f,-0.5624135687167987f,0f,0f,0f,1f],start_interpolation:0}
execute if entity @s[tag=aj.messemers_assault.locator_origin.spear_head8] at @s on origin run tp @s ^-2.47681 ^1.93484 ^-0.56243 ~177.18265 ~-3.01742
execute if entity @s[tag=aj.messemers_assault.locator_origin.spear_body14] at @s on origin run tp @s ^-2.47682 ^1.93484 ^-0.56243 ~177.18265 ~-3.01742
execute if entity @s[tag=aj.messemers_assault.locator_origin.spear_body15] at @s on origin run tp @s ^-2.47683 ^1.93483 ^-0.56243 ~177.18265 ~-3.01742
execute if entity @s[tag=aj.messemers_assault.bone.spear_effects6] run data modify entity @s {} merge value {transformation:[0.000008167279404947868f,0.000020040184293131453f,0.0000010634872182051487f,-2.476820895291958f,-0.00002001533070852739f,0.000008217675405237222f,-0.0000011405226902100018f,1.9348381426829349f,-0.0000014582620458062436f,-5.525114260633843e-7f,0.000021610475408335516f,-0.5624282769702784f,0f,0f,0f,1f],start_interpolation:0}
execute if entity @s[tag=aj.messemers_assault.locator_origin.spear_head9] at @s on origin run tp @s ^-2.47683 ^1.93488 ^-0.56244 ~177.18265 ~-3.01742
execute if entity @s[tag=aj.messemers_assault.locator_origin.spear_body16] at @s on origin run tp @s ^-2.47684 ^1.93487 ^-0.56244 ~177.18265 ~-3.01742
execute if entity @s[tag=aj.messemers_assault.locator_origin.spear_body17] at @s on origin run tp @s ^-2.47684 ^1.93487 ^-0.56244 ~177.18265 ~-3.01742
execute if entity @s[tag=aj.messemers_assault.bone.spear_effects7] run data modify entity @s {} merge value {transformation:[0.000008167279404947868f,0.000020040184293131453f,0.0000010634872182051487f,-2.4768354631900436f,-0.00002001533070852739f,0.000008217675405237222f,-0.0000011405226902100018f,1.9348729084409677f,-0.0000014582620458062436f,-5.525114260633843e-7f,0.000021610475408335516f,-0.5624395883158549f,0f,0f,0f,1f],start_interpolation:0}
execute if entity @s[tag=aj.messemers_assault.locator_origin.spear_head10] at @s on origin run tp @s ^-2.47681 ^1.93485 ^-0.56244 ~177.18265 ~-3.01742
execute if entity @s[tag=aj.messemers_assault.locator_origin.spear_body18] at @s on origin run tp @s ^-2.47682 ^1.93484 ^-0.56244 ~177.18265 ~-3.01742
execute if entity @s[tag=aj.messemers_assault.locator_origin.spear_body19] at @s on origin run tp @s ^-2.47683 ^1.93484 ^-0.56244 ~177.18265 ~-3.01742
execute if entity @s[tag=aj.messemers_assault.bone.spear_effects8] run data modify entity @s {} merge value {transformation:[0.000008167279404947868f,0.000020040184293131453f,0.0000010634872182051487f,-2.4768227407768992f,-0.00002001533070852739f,0.000008217675405237222f,-0.0000011405226902100018f,1.9348415526587583f,-0.0000014582620458062436f,-5.525114260633843e-7f,0.000021610475408335516f,-0.5624444970581393f,0f,0f,0f,1f],start_interpolation:0}
execute if entity @s[tag=aj.messemers_assault.locator_origin.spear_head11] at @s on origin run tp @s ^-2.47682 ^1.93485 ^-0.56246 ~131.0396 ~-60.88088
execute if entity @s[tag=aj.messemers_assault.locator_origin.spear_body20] at @s on origin run tp @s ^-2.47683 ^1.93485 ^-0.56246 ~131.0396 ~-60.88088
execute if entity @s[tag=aj.messemers_assault.locator_origin.spear_body21] at @s on origin run tp @s ^-2.47683 ^1.93484 ^-0.56246 ~131.0396 ~-60.88088
execute if entity @s[tag=aj.messemers_assault.bone.spear_effects9] run data modify entity @s {} merge value {transformation:[0.0000021429484417830562f,0.000020040184293131453f,0.000007952561217471444f,-2.4768259655511775f,-0.000006605829885611914f,0.000008217675405237222f,-0.000018928213515832916f,1.9348486446930355f,-0.000020523528642576545f,-5.525114260633843e-7f,0.000006922712447144774f,-0.5624559810472398f,0f,0f,0f,1f],start_interpolation:0}
execute if entity @s[tag=aj.messemers_assault.locator_origin.spear_head12] at @s on origin run tp @s ^-2.47682 ^1.93487 ^-0.56245 ~177.18265 ~-3.01742
execute if entity @s[tag=aj.messemers_assault.locator_origin.spear_body22] at @s on origin run tp @s ^-2.47683 ^1.93486 ^-0.56245 ~177.18265 ~-3.01742
execute if entity @s[tag=aj.messemers_assault.locator_origin.spear_body23] at @s on origin run tp @s ^-2.47684 ^1.93486 ^-0.56245 ~177.18265 ~-3.01742
execute if entity @s[tag=aj.messemers_assault.bone.spear_effects10] run data modify entity @s {} merge value {transformation:[0.000008167279404947868f,0.000020040184293131453f,0.0000010634872182051487f,-2.4768317876872477f,-0.00002001533070852739f,0.000008217675405237222f,-0.0000011405226902100018f,1.9348635154372895f,-0.0000014582620458062436f,-5.525114260633843e-7f,0.000021610475408335516f,-0.5624459789563623f,0f,0f,0f,1f],start_interpolation:0}
execute if entity @s[tag=aj.messemers_assault.locator_origin.spear_head13] at @s on origin run tp @s ^-2.47682 ^1.93487 ^-0.56243 ~131.0396 ~-60.88088
execute if entity @s[tag=aj.messemers_assault.locator_origin.spear_body24] at @s on origin run tp @s ^-2.47683 ^1.93487 ^-0.56243 ~131.0396 ~-60.88088
execute if entity @s[tag=aj.messemers_assault.locator_origin.spear_body25] at @s on origin run tp @s ^-2.47684 ^1.93487 ^-0.56243 ~131.0396 ~-60.88088
execute if entity @s[tag=aj.messemers_assault.bone.spear_effects11] run data modify entity @s {} merge value {transformation:[0.0000021429484417830562f,0.000020040184293131453f,0.000007952561217471444f,-2.476833710944223f,-0.000006605829885611914f,0.000008217675405237222f,-0.000018928213515832916f,1.9348694440486183f,-0.000020523528642576545f,-5.525114260633843e-7f,0.000006922712447144774f,-0.5624275594653183f,0f,0f,0f,1f],start_interpolation:0}
execute if entity @s[tag=aj.messemers_assault.locator_origin.flame1] at @s on origin run tp @s ^-0.80324 ^2.40357 ^-0.71303 ~168.04848 ~-23.71263
execute if entity @s[tag=aj.messemers_assault.locator_origin.flame2] at @s on origin run tp @s ^-0.80324 ^2.40355 ^-0.71304 ~168.04848 ~-23.71263
execute if entity @s[tag=aj.messemers_assault.locator_origin.flame3] at @s on origin run tp @s ^-0.80324 ^2.40356 ^-0.71301 ~168.04848 ~-23.71263
execute if entity @s[tag=aj.messemers_assault.locator_origin.flame4] at @s on origin run tp @s ^-0.80323 ^2.40354 ^-0.71302 ~168.04848 ~-23.71263
execute if entity @s[tag=aj.messemers_assault.bone.flame_blast] run data modify entity @s {} merge value {transformation:[0.000011257028343204583f,0.00003160182907763037f,0.000006478026160771065f,-0.8032376858280537f,-0.0000284718117250463f,0.000012958641985181777f,-0.000013740110847606405f,2.4035547336335616f,-0.000015165630916151023f,-8.712680180230292e-7f,0.00003060401349605904f,-0.7130239046337179f,0f,0f,0f,1f],start_interpolation:0}
execute if entity @s[tag=aj.messemers_assault.locator_origin.spear0] at @s on origin run tp @s ^-2.05276 ^2.05824 ^-0.89356 ~-5.69666 ~25.5551
execute if entity @s[tag=aj.messemers_assault.locator_origin.spear1] at @s on origin run tp @s ^-0.89539 ^2.32377 ^-0.88141 ~-5.69666 ~25.5551
execute if entity @s[tag=aj.messemers_assault.locator_origin.spear2] at @s on origin run tp @s ^0.20107 ^2.57532 ^-0.86991 ~-5.69666 ~25.5551
execute if entity @s[tag=aj.messemers_assault.bone.spear_of_the_impaler] run data modify entity @s {} merge value {transformation:[0.4444765618757736f,-2.1116908948464843f,-0.19402730480524538f,-1.2000281292674337f,-1.8937134657019616f,-0.4844741692499109f,0.9346542321057114f,2.234139171085628f,-0.9543240226498539f,-0.0221537445255857f,-1.9450499520170004f,-0.8586218794209308f,0f,0f,0f,1f],start_interpolation:0}
execute if entity @s[tag=aj.messemers_assault.bone.left_arm2] run data modify entity @s {} merge value {transformation:[0.20514302855804936f,0.9746265668522236f,0.08955106375626698f,-0.2500012913608413f,-0.8740215995547516f,0.22360346273072806f,-0.4313788763564822f,2.5476969778172034f,-0.44045724122300955f,0.010224805165655049f,0.8977153624693849f,-0.8832807158216388f,0f,0f,0f,1f],start_interpolation:0}
execute if entity @s[tag=aj.messemers_assault.bone.left_arm] run data modify entity @s {} merge value {transformation:[0.20514302855804936f,0.36719144461548037f,-0.9072413024301901f,-0.13256055163721506f,-0.8740215995547516f,-0.3484268598071733f,-0.33865168961141423f,2.351337562921066f,-0.44045724122300955f,0.8624205275653568f,0.2494559125138277f,-0.7227327390831758f,0f,0f,0f,1f],start_interpolation:0}
execute if entity @s[tag=aj.messemers_assault.bone.head] run data modify entity @s {} merge value {transformation:[0.9547298978674325f,0.03348162416681055f,-0.2955838340660634f,0.0592666577978034f,-0.13375140175567501f,0.9358578687990385f,-0.32600707344368085f,2.3969757702501466f,0.26570921069175174f,0.35078345207559875f,0.8979697016623066f,-0.44088209024205394f,0f,0f,0f,1f],start_interpolation:0}
execute if entity @s[tag=aj.messemers_assault.bone.body_top] run data modify entity @s {} merge value {transformation:[0.563666990777794f,0.10908712916144564f,-0.8187670741784991f,0.016313600690484174f,-0.29250722336310814f,0.9533684496003572f,-0.07435135228774273f,2.0215869432200058f,0.7724759205230352f,0.28140468645338035f,0.5692910983443914f,-0.5516851855330724f,0f,0f,0f,1f],start_interpolation:0}
execute if entity @s[tag=aj.messemers_assault.bone.body] run data modify entity @s {} merge value {transformation:[0.563666990777794f,0.10908712916144564f,-0.8187670741784991f,-0.03141201831764829f,-0.29250722336310814f,0.9533684496003572f,-0.07435135228774273f,1.6044882465198493f,0.7724759205230352f,0.28140468645338035f,0.5692910983443914f,-0.6747997358564264f,0f,0f,0f,1f],start_interpolation:0}
execute if entity @s[tag=aj.messemers_assault.locator_origin.player_camera] at @s on origin run tp @s ^-0.23339 ^1.13403 ^-0.73397 ~-119.13758 ~2.73355
execute if entity @s[tag=aj.messemers_assault.bone.right_leg2] run data modify entity @s {} merge value {transformation:[0.4312377925336398f,-0.64012632513953f,-0.6358240748462374f,0.012432766976600194f,-0.09072899964982689f,0.6703792704890278f,-0.7364508689119326f,1.2838632959792f,0.8976648678171908f,0.37527312928313844f,0.23101485563657065f,-0.5741244513046434f,0f,0f,0f,1f],start_interpolation:0}
execute if entity @s[tag=aj.messemers_assault.bone.right_leg] run data modify entity @s {} merge value {transformation:[0.4312377925336398f,0.07560422890335833f,-0.8990650515188774f,0.039603036738744594f,-0.09072899964982689f,0.9950655846211771f,0.040158821260798006f,1.6414649904524357f,0.8976648678171908f,0.06425327131316833f,0.4359693821959303f,-0.5510334319264736f,0f,0f,0f,1f],start_interpolation:0}
execute if entity @s[tag=aj.messemers_assault.bone.left_leg2] run data modify entity @s {} merge value {transformation:[0.29693649637986047f,0.14978923812809541f,-0.9430757664465019f,-0.3500790918894237f,-0.5042881614712114f,0.8632635608008195f,-0.021667367017600414f,1.5642018849068418f,0.8108774058497611f,0.4820157764373428f,0.3318713967003884f,-0.7727894073912602f,0f,0f,0f,1f],start_interpolation:0}
execute if entity @s[tag=aj.messemers_assault.bone.left_leg] run data modify entity @s {} merge value {transformation:[0.29693649637986047f,0.796504531981395f,-0.5266965422809905f,-0.06383527570860986f,-0.5042881614712114f,0.5991872669188838f,0.6218263980905474f,1.7795348089558156f,0.8108774058497611f,0.08096387895460955f,0.5795883737507028f,-0.7436930133919474f,0f,0f,0f,1f],start_interpolation:0}