execute if entity @s[tag=aj.messemers_assault.bone.right_arm2] run data modify entity @s {} merge value {transformation:[0.9479675589430041f,-0.22054210292155677f,-0.22960550522707301f,0.3970439728355867f,0.10646632411905568f,0.8992802400542976f,-0.4242168922573227f,1.118190881539378f,0.30003737937166797f,0.37769859767653663f,0.875968800981496f,9.291315201775014f,0f,0f,0f,1f],start_interpolation:0}
execute if entity @s[tag=aj.messemers_assault.bone.right_arm] run data modify entity @s {} merge value {transformation:[0.9025044263622554f,-0.36437216189763577f,-0.22960550522707301f,0.3059509323611777f,0.2441433446298697f,0.8720287011311495f,-0.4242168922573227f,1.3361980568221654f,0.354795416641023f,0.3268009670083052f,0.875968800981496f,9.37301544352709f,0f,0f,0f,1f],start_interpolation:0}
execute if entity @s[tag=aj.messemers_assault.bone.flame_slash2] run data modify entity @s {} merge value {transformation:[0.0000061718321357221025f,-0.000008373175094122082f,0.000005509169110923412f,-1.2082027077020097f,-0.000003711729245745491f,-0.000007919214089092357f,-0.000007877920511055556f,0.6922249642661509f,0.000009310428102716683f,0.0000023934294256162704f,-0.000006792638772218691f,9.563974373727374f,0f,0f,0f,1f],start_interpolation:0}
execute if entity @s[tag=aj.messemers_assault.bone.flame_slash] run data modify entity @s {} merge value {transformation:[0.0000061718321357221025f,-0.000008373175094122082f,0.000005509169110923412f,-1.2082027077020097f,-0.000003711729245745491f,-0.000007919214089092357f,-0.000007877920511055556f,0.6922249642661509f,0.000009310428102716683f,0.0000023934294256162704f,-0.000006792638772218691f,9.563974373727374f,0f,0f,0f,1f],start_interpolation:0}
execute if entity @s[tag=aj.messemers_assault.bone.impaling_thrust] run data modify entity @s {} merge value {transformation:[-0.00001155434886718576f,0.000008740174608697175f,-0.0000073567484099531534f,0.5205918497528472f,0.000009240840687905693f,9.981269844332856e-7f,-0.000013327639813792719f,1.4324879779179494f,-0.000006717087370178365f,-0.00001366120300101464f,-0.000005680461858771605f,9.619412487126148f,0f,0f,0f,1f],start_interpolation:0}
execute if entity @s[tag=aj.messemers_assault.locator_origin.spear0] at @s on origin run tp @s ^-1.50539 ^0.46864 ^9.59741 ~-33.54018 ~18.3809
execute if entity @s[tag=aj.messemers_assault.locator_origin.spear1] at @s on origin run tp @s ^-0.79404 ^1.14142 ^9.39407 ~-33.54018 ~18.3809
execute if entity @s[tag=aj.messemers_assault.locator_origin.spear2] at @s on origin run tp @s ^-0.03823 ^1.85626 ^9.17803 ~-33.54018 ~18.3809
execute if entity @s[tag=aj.messemers_assault.locator_origin.spear_head2] at @s on origin run tp @s ^-0.64763 ^0.36157 ^10.09234 ~-101.01872 ~6.40493
execute if entity @s[tag=aj.messemers_assault.locator_origin.spear_body2] at @s on origin run tp @s ^-0.64763 ^0.36156 ^10.09234 ~-101.01872 ~6.40493
execute if entity @s[tag=aj.messemers_assault.locator_origin.spear_body3] at @s on origin run tp @s ^-0.64763 ^0.36156 ^10.09234 ~-101.01872 ~6.40493
execute if entity @s[tag=aj.messemers_assault.bone.spear_effects0] run data modify entity @s {} merge value {transformation:[0.0000041624037571410955f,0.00000233495694405971f,-0.00002113449349940446f,-0.647627836215583f,1.9446552430679516e-7f,0.000021530552090834725f,0.000002417013501855741f,0.36156495514122766f,0.000021262197030571374f,-6.540238357156251e-7f,0.000004115297644147027f,10.09234424538443f,0f,0f,0f,1f],start_interpolation:0}
execute if entity @s[tag=aj.messemers_assault.locator_origin.spear_head3] at @s on origin run tp @s ^-0.64763 ^0.36158 ^10.09236 ~-101.01872 ~6.40493
execute if entity @s[tag=aj.messemers_assault.locator_origin.spear_body4] at @s on origin run tp @s ^-0.64763 ^0.36157 ^10.09236 ~-101.01872 ~6.40493
execute if entity @s[tag=aj.messemers_assault.locator_origin.spear_body5] at @s on origin run tp @s ^-0.64763 ^0.36156 ^10.09236 ~-101.01872 ~6.40493
execute if entity @s[tag=aj.messemers_assault.bone.spear_effects1] run data modify entity @s {} merge value {transformation:[0.0000041624037571410955f,0.00000233495694405971f,-0.00002113449349940446f,-0.6476290906175681f,1.9446552430679516e-7f,0.000021530552090834725f,0.000002417013501855741f,0.36156559094364443f,0.000021262197030571374f,-6.540238357156251e-7f,0.000004115297644147027f,10.092360697693719f,0f,0f,0f,1f],start_interpolation:0}
execute if entity @s[tag=aj.messemers_assault.locator_origin.spear_head4] at @s on origin run tp @s ^-0.64764 ^0.36158 ^10.09235 ~168.92355 ~0.51426
execute if entity @s[tag=aj.messemers_assault.locator_origin.spear_body6] at @s on origin run tp @s ^-0.64764 ^0.36157 ^10.09235 ~168.92355 ~0.51426
execute if entity @s[tag=aj.messemers_assault.locator_origin.spear_body7] at @s on origin run tp @s ^-0.64764 ^0.36156 ^10.09235 ~168.92355 ~0.51426
execute if entity @s[tag=aj.messemers_assault.bone.spear_effects2] run data modify entity @s {} merge value {transformation:[0.00002113449349940446f,0.00000233495694405971f,0.000004162403757141099f,-0.6476392274322575f,-0.000002417013501855741f,0.000021530552090834725f,1.944655243067947e-7f,0.36156636728994807f,-0.000004115297644147031f,-6.540238357156251e-7f,0.000021262197030571374f,10.092350065265757f,0f,0f,0f,1f],start_interpolation:0}
execute if entity @s[tag=aj.messemers_assault.locator_origin.spear_head5] at @s on origin run tp @s ^-0.64762 ^0.36157 ^10.09235 ~168.92355 ~0.51426
execute if entity @s[tag=aj.messemers_assault.locator_origin.spear_body8] at @s on origin run tp @s ^-0.64762 ^0.36156 ^10.09235 ~168.92355 ~0.51426
execute if entity @s[tag=aj.messemers_assault.locator_origin.spear_body9] at @s on origin run tp @s ^-0.64762 ^0.36155 ^10.09235 ~168.92355 ~0.51426
execute if entity @s[tag=aj.messemers_assault.bone.spear_effects3] run data modify entity @s {} merge value {transformation:[0.00002113449349940446f,0.00000233495694405971f,0.000004162403757141099f,-0.6476197567779987f,-0.000002417013501855741f,0.000021530552090834725f,1.944655243067947e-7f,0.36156429099748827f,-0.000004115297644147031f,-6.540238357156251e-7f,0.000021262197030571374f,10.092351226410601f,0f,0f,0f,1f],start_interpolation:0}
execute if entity @s[tag=aj.messemers_assault.locator_origin.spear_head6] at @s on origin run tp @s ^-0.64764 ^0.36158 ^10.09237 ~-168.69384 ~2.92233
execute if entity @s[tag=aj.messemers_assault.locator_origin.spear_body10] at @s on origin run tp @s ^-0.64764 ^0.36157 ^10.09237 ~-168.69384 ~2.92233
execute if entity @s[tag=aj.messemers_assault.locator_origin.spear_body11] at @s on origin run tp @s ^-0.64764 ^0.36156 ^10.09237 ~-168.69384 ~2.92233
execute if entity @s[tag=aj.messemers_assault.bone.spear_effects4] run data modify entity @s {} merge value {transformation:[0.000021118608930764722f,0.00000233495694405971f,-0.000004242260876379036f,-0.647641513811604f,-0.0000021586105698495487f,0.000021530552090834725f,0.0000011046137406490443f,0.36156709376036944f,0.000004334651275662516f,-6.540238357156251e-7f,0.0000212185648804333f,10.092365818073768f,0f,0f,0f,1f],start_interpolation:0}
execute if entity @s[tag=aj.messemers_assault.locator_origin.spear_head7] at @s on origin run tp @s ^-0.64765 ^0.36158 ^10.09235 ~-168.69384 ~2.92233
execute if entity @s[tag=aj.messemers_assault.locator_origin.spear_body12] at @s on origin run tp @s ^-0.64765 ^0.36157 ^10.09235 ~-168.69384 ~2.92233
execute if entity @s[tag=aj.messemers_assault.locator_origin.spear_body13] at @s on origin run tp @s ^-0.64765 ^0.36156 ^10.09235 ~-168.69384 ~2.92233
execute if entity @s[tag=aj.messemers_assault.bone.spear_effects5] run data modify entity @s {} merge value {transformation:[0.000021118608930764722f,0.00000233495694405971f,-0.000004242260876379036f,-0.6476530222110303f,-0.0000021586105698495487f,0.000021530552090834725f,0.0000011046137406490443f,0.36156794490838257f,0.000004334651275662516f,-6.540238357156251e-7f,0.0000212185648804333f,10.092352751377945f,0f,0f,0f,1f],start_interpolation:0}
execute if entity @s[tag=aj.messemers_assault.locator_origin.spear_head8] at @s on origin run tp @s ^-0.64763 ^0.36158 ^10.09237 ~-123.65356 ~6.11346
execute if entity @s[tag=aj.messemers_assault.locator_origin.spear_body14] at @s on origin run tp @s ^-0.64763 ^0.36157 ^10.09237 ~-123.65356 ~6.11346
execute if entity @s[tag=aj.messemers_assault.locator_origin.spear_body15] at @s on origin run tp @s ^-0.64763 ^0.36156 ^10.09237 ~-123.65356 ~6.11346
execute if entity @s[tag=aj.messemers_assault.bone.spear_effects6] run data modify entity @s {} merge value {transformation:[0.000011933380150920517f,0.00000233495694405971f,-0.00001793284301742052f,-0.6476263606033285f,-7.452883052767962e-7f,0.000021530552090834725f,0.000002307448038486351f,0.3615655796071154f,0.000018068852425100992f,-6.540238357156251e-7f,0.000011938729802901229f,10.092370071027903f,0f,0f,0f,1f],start_interpolation:0}
execute if entity @s[tag=aj.messemers_assault.locator_origin.spear_head9] at @s on origin run tp @s ^-0.64763 ^0.36158 ^10.09233 ~-123.65356 ~6.11346
execute if entity @s[tag=aj.messemers_assault.locator_origin.spear_body16] at @s on origin run tp @s ^-0.64764 ^0.36157 ^10.09233 ~-123.65356 ~6.11346
execute if entity @s[tag=aj.messemers_assault.locator_origin.spear_body17] at @s on origin run tp @s ^-0.64764 ^0.36156 ^10.09233 ~-123.65356 ~6.11346
execute if entity @s[tag=aj.messemers_assault.bone.spear_effects7] run data modify entity @s {} merge value {transformation:[0.000011933380150920517f,0.00000233495694405971f,-0.00001793284301742052f,-0.6476352101279477f,-7.452883052767962e-7f,0.000021530552090834725f,0.000002307448038486351f,0.36156537448377746f,0.000018068852425100992f,-6.540238357156251e-7f,0.000011938729802901229f,10.09233172429449f,0f,0f,0f,1f],start_interpolation:0}
execute if entity @s[tag=aj.messemers_assault.locator_origin.spear_head10] at @s on origin run tp @s ^-0.64761 ^0.36157 ^10.09236 ~-123.65356 ~6.11346
execute if entity @s[tag=aj.messemers_assault.locator_origin.spear_body18] at @s on origin run tp @s ^-0.64761 ^0.36156 ^10.09236 ~-123.65356 ~6.11346
execute if entity @s[tag=aj.messemers_assault.locator_origin.spear_body19] at @s on origin run tp @s ^-0.64762 ^0.36155 ^10.09236 ~-123.65356 ~6.11346
execute if entity @s[tag=aj.messemers_assault.bone.spear_effects8] run data modify entity @s {} merge value {transformation:[0.000011933380150920517f,0.00000233495694405971f,-0.00001793284301742052f,-0.6476142638614343f,-7.452883052767962e-7f,0.000021530552090834725f,0.000002307448038486351f,0.3615639226572053f,0.000018068852425100992f,-6.540238357156251e-7f,0.000011938729802901229f,10.09235871108281f,0f,0f,0f,1f],start_interpolation:0}
execute if entity @s[tag=aj.messemers_assault.locator_origin.spear_head11] at @s on origin run tp @s ^-0.64761 ^0.36157 ^10.09235 ~168.92355 ~0.51426
execute if entity @s[tag=aj.messemers_assault.locator_origin.spear_body20] at @s on origin run tp @s ^-0.64761 ^0.36156 ^10.09235 ~168.92355 ~0.51426
execute if entity @s[tag=aj.messemers_assault.locator_origin.spear_body21] at @s on origin run tp @s ^-0.64761 ^0.36155 ^10.09235 ~168.92355 ~0.51426
execute if entity @s[tag=aj.messemers_assault.bone.spear_effects9] run data modify entity @s {} merge value {transformation:[0.00002113449349940446f,0.00000233495694405971f,0.000004162403757141099f,-0.6476081957576362f,-0.000002417013501855741f,0.000021530552090834725f,1.944655243067947e-7f,0.3615628867819154f,-0.000004115297644147031f,-6.540238357156251e-7f,0.000021262197030571374f,10.092346273912565f,0f,0f,0f,1f],start_interpolation:0}
execute if entity @s[tag=aj.messemers_assault.locator_origin.spear_head12] at @s on origin run tp @s ^-0.64762 ^0.36157 ^10.09234 ~-123.65356 ~6.11346
execute if entity @s[tag=aj.messemers_assault.locator_origin.spear_body22] at @s on origin run tp @s ^-0.64763 ^0.36156 ^10.09234 ~-123.65356 ~6.11346
execute if entity @s[tag=aj.messemers_assault.locator_origin.spear_body23] at @s on origin run tp @s ^-0.64763 ^0.36156 ^10.09234 ~-123.65356 ~6.11346
execute if entity @s[tag=aj.messemers_assault.bone.spear_effects10] run data modify entity @s {} merge value {transformation:[0.000011933380150920517f,0.00000233495694405971f,-0.00001793284301742052f,-0.6476247139730315f,-7.452883052767962e-7f,0.000021530552090834725f,0.000002307448038486351f,0.36156440660343403f,0.000018068852425100992f,-6.540238357156251e-7f,0.000011938729802901229f,10.092337334291337f,0f,0f,0f,1f],start_interpolation:0}
execute if entity @s[tag=aj.messemers_assault.locator_origin.spear_head13] at @s on origin run tp @s ^-0.64764 ^0.36158 ^10.09234 ~168.92355 ~0.51426
execute if entity @s[tag=aj.messemers_assault.locator_origin.spear_body24] at @s on origin run tp @s ^-0.64764 ^0.36157 ^10.09234 ~168.92355 ~0.51426
execute if entity @s[tag=aj.messemers_assault.locator_origin.spear_body25] at @s on origin run tp @s ^-0.64764 ^0.36156 ^10.09234 ~168.92355 ~0.51426
execute if entity @s[tag=aj.messemers_assault.bone.spear_effects11] run data modify entity @s {} merge value {transformation:[0.00002113449349940446f,0.00000233495694405971f,0.000004162403757141099f,-0.6476436817938438f,-0.000002417013501855741f,0.000021530552090834725f,1.944655243067947e-7f,0.36156657582878143f,-0.000004115297644147031f,-6.540238357156251e-7f,0.000021262197030571374f,10.092341027695596f,0f,0f,0f,1f],start_interpolation:0}
execute if entity @s[tag=aj.messemers_assault.locator_origin.flame1] at @s on origin run tp @s ^-1.12816 ^0.27294 ^8.77101 ~-146.22599 ~4.8891
execute if entity @s[tag=aj.messemers_assault.locator_origin.flame2] at @s on origin run tp @s ^0.31661 ^0.146 ^9.75031 ~-146.22599 ~4.8891
execute if entity @s[tag=aj.messemers_assault.locator_origin.flame3] at @s on origin run tp @s ^-2.09748 ^0.42209 ^10.22038 ~-146.22599 ~4.8891
execute if entity @s[tag=aj.messemers_assault.locator_origin.flame4] at @s on origin run tp @s ^-0.65271 ^0.29515 ^11.19968 ~-146.22599 ~4.8891
execute if entity @s[tag=aj.messemers_assault.bone.flame_blast] run data modify entity @s {} merge value {transformation:[2.820738120447662f,0.000003682047488709544f,-1.8924779602080914f,-0.8904321640236699f,-0.2478258792458829f,0.000033952024450931686f,0.2911937525437106f,0.2840447553092703f,1.9119701620424163f,-0.0000010313452793977167f,2.8297251597491306f,9.985346176584804f,0f,0f,0f,1f],start_interpolation:0}
execute if entity @s[tag=aj.messemers_assault.bone.spear_of_the_impaler] run data modify entity @s {} merge value {transformation:[1.0140771460814777f,-1.541257008475569f,-1.1360540568408821f,-0.866546810649901f,-1.4500951029199607f,-1.457696044717885f,0.6832209585089042f,1.0405629330508293f,-1.2503264288685727f,0.44056046064441085f,-1.7137779162522748f,9.442186814503847f,0f,0f,0f,1f],start_interpolation:0}
execute if entity @s[tag=aj.messemers_assault.bone.left_arm2] run data modify entity @s {} merge value {transformation:[0.29375249897555356f,0.8184527079948155f,0.4938062718532142f,-0.5290428225306903f,-0.7433194411692305f,0.5203864356450685f,-0.42032626134525997f,1.3903650759265782f,-0.6009872525482385f,-0.24358391238457058f,0.7612366254338696f,9.288159681573042f,0f,0f,0f,1f],start_interpolation:0}
execute if entity @s[tag=aj.messemers_assault.bone.left_arm] run data modify entity @s {} merge value {transformation:[0.29375249897555356f,0.9558354733208574f,-0.009381752880450081f,-0.25336489182853184f,-0.7433194411692305f,0.22224812818173661f,-0.630937380331501f,1.3530121778258586f,-0.6009872525482385f,0.19231307147775167f,0.775777032924611f,9.26111454287395f,0f,0f,0f,1f],start_interpolation:0}
execute if entity @s[tag=aj.messemers_assault.bone.head] run data modify entity @s {} merge value {transformation:[0.9890353761058331f,-0.027830289692385837f,-0.14503275418618655f,0.04402454959816618f,-0.06073615876194966f,0.8185255883023467f,-0.5712503657006623f,1.4752845357009323f,0.1346110836076887f,0.5737955526752846f,0.8078604581857121f,9.383300070362218f,0f,0f,0f,1f],start_interpolation:0}
execute if entity @s[tag=aj.messemers_assault.bone.body_top] run data modify entity @s {} merge value {transformation:[0.9897678544849319f,-0.08287313460760466f,-0.11615350958367339f,0.07665584634991052f,0.006008405866195547f,0.8375285637696522f,-0.5463605072924751f,1.1455076637166317f,0.14256048992354692f,0.5400721696498104f,0.8294567850602614f,9.170646653562605f,0f,0f,0f,1f],start_interpolation:0}
execute if entity @s[tag=aj.messemers_assault.bone.body] run data modify entity @s {} merge value {transformation:[0.9897678544849319f,-0.06700306813369758f,-0.12597691490493704f,0.10596968865840321f,0.006008405866195547f,0.9016777473995119f,-0.43236690310833137f,0.7510236492293452f,0.14256048992354692f,0.4271859416053076f,0.8928542311080488f,8.983752804110283f,0f,0f,0f,1f],start_interpolation:0}
execute if entity @s[tag=aj.messemers_assault.locator_origin.player_camera] at @s on origin run tp @s ^-0.02717 ^0.04085 ^9.32806 ~-163.77454 ~-24.0168
execute if entity @s[tag=aj.messemers_assault.bone.right_leg2] run data modify entity @s {} merge value {transformation:[0.9840411796694957f,-0.1331807257544837f,0.1180078429689151f,0.2864407926356248f,0.15985468400582786f,0.9529634376225684f,-0.2575017797141881f,0.5026820728343865f,-0.07816288579667474f,0.2722564615249498f,0.9590448281711599f,9.213233942179434f,0f,0f,0f,1f],start_interpolation:0}
execute if entity @s[tag=aj.messemers_assault.bone.right_leg] run data modify entity @s {} merge value {transformation:[0.9840411796694957f,-0.17784483011041158f,-0.005845777763990395f,0.2225278068146956f,0.15985468400582786f,0.8691136444414957f,0.4680683209180238f,0.815019788805549f,-0.07816288579667474f,-0.46153297763932305f,0.8836729450624343f,9.047370528340302f,0f,0f,0f,1f],start_interpolation:0}
execute if entity @s[tag=aj.messemers_assault.bone.left_leg2] run data modify entity @s {} merge value {transformation:[0.9736565114778353f,0.12675001429217536f,-0.18954532844083838f,-0.08382117112038305f,-0.21775421228252065f,0.7634760900106585f,-0.6080192127024077f,0.49951060364076744f,0.06764688233784993f,0.6332761592377927f,0.7709638159155064f,8.857118731954449f,0f,0f,0f,1f],start_interpolation:0}
execute if entity @s[tag=aj.messemers_assault.bone.left_leg] run data modify entity @s {} merge value {transformation:[0.9736565114778353f,0.18083858931879684f,-0.13888989261281576f,-0.01883230308394043f,-0.21775421228252065f,0.9181326610745149f,-0.3310823458015376f,0.8294645287144212f,0.06764688233784993f,0.35260434098493115f,0.9333242084230706f,8.983835916995908f,0f,0f,0f,1f],start_interpolation:0}