execute if entity @s[tag=aj.messemers_assault.bone.right_arm2] run data modify entity @s {} merge value {transformation:[-0.7678257267118455f,-0.6293991626279776f,-0.11958406032004185f,-0.8790253421154053f,-0.592158305808005f,0.6259822738090133f,0.5074393892274142f,2.326689087451978f,-0.24452442467373278f,0.4604377123565125f,-0.853349236114899f,-1.6487173049113146f,0f,0f,0f,1f],start_interpolation:0}
execute if entity @s[tag=aj.messemers_assault.bone.right_arm] run data modify entity @s {} merge value {transformation:[-0.9924447432678342f,0.02744237740093779f,-0.11958406032004185f,-0.8721647477651708f,-0.03733922915009927f,0.8608780681530838f,0.5074393892274142f,2.5419086044902492f,0.11687263805749955f,0.5080707309967769f,-0.853349236114899f,-1.5216996221621204f,0f,0f,0f,1f],start_interpolation:0}
execute if entity @s[tag=aj.messemers_assault.bone.flame_slash2] run data modify entity @s {} merge value {transformation:[0.1884762135860906f,-0.535347443655344f,3.887831418754117f,-0.16671826887733096f,-1.0594772179062462f,-1.0599226448500323f,0.2080108558198718f,2.114492272938728f,0.47697999461298346f,-2.142780928700546f,-1.0742190193222236f,-2.7988181423555254f,0f,0f,0f,1f],start_interpolation:0}
execute if entity @s[tag=aj.messemers_assault.bone.flame_slash] run data modify entity @s {} merge value {transformation:[0.1884762135860906f,-0.535347443655344f,3.887831418754117f,-0.16671826887733096f,-1.0594772179062462f,-1.0599226448500323f,0.2080108558198718f,2.114492272938728f,0.47697999461298346f,-2.142780928700546f,-1.0742190193222236f,-2.7988181423555254f,0f,0f,0f,1f],start_interpolation:0}
execute if entity @s[tag=aj.messemers_assault.bone.impaling_thrust] run data modify entity @s {} merge value {transformation:[0.000009468984572948554f,0.000004705229122855561f,0.000012337525163548576f,-0.20414844014612316f,-8.265383836487796e-7f,-0.000014940949487172794f,0.000006332475015711181f,2.345426488734232f,0.000013178411989314864f,-0.000004317895833120923f,-0.00000846762127853504f,-2.0959819291510424f,0f,0f,0f,1f],start_interpolation:0}
execute if entity @s[tag=aj.messemers_assault.locator_origin.spear_head2] at @s on origin run tp @s ^-0.63572 ^1.81901 ^-3.59989 ~-81.98657 ~36.09042
execute if entity @s[tag=aj.messemers_assault.locator_origin.spear_body2] at @s on origin run tp @s ^-0.63572 ^1.81901 ^-3.5999 ~-81.98657 ~36.09042
execute if entity @s[tag=aj.messemers_assault.locator_origin.spear_body3] at @s on origin run tp @s ^-0.63573 ^1.819 ^-3.59991 ~-81.98657 ~36.09042
execute if entity @s[tag=aj.messemers_assault.bone.spear_effects0] run data modify entity @s {} merge value {transformation:[-0.000011321335014873314f,0.000006377993162725288f,-0.000017337618669865744f,-0.6357220900024401f,-0.000012839049991106891f,0.000011904169785544309f,0.000012762992654046164f,1.81900797053358f,0.000013282718594147275f,0.000016942738544214376f,-0.0000024407871303190075f,-3.5998997242042554f,0f,0f,0f,1f],start_interpolation:0}
execute if entity @s[tag=aj.messemers_assault.locator_origin.spear_head3] at @s on origin run tp @s ^-0.63573 ^1.81901 ^-3.59988 ~-81.98657 ~36.09042
execute if entity @s[tag=aj.messemers_assault.locator_origin.spear_body4] at @s on origin run tp @s ^-0.63573 ^1.819 ^-3.59989 ~-81.98657 ~36.09042
execute if entity @s[tag=aj.messemers_assault.locator_origin.spear_body5] at @s on origin run tp @s ^-0.63574 ^1.819 ^-3.5999 ~-81.98657 ~36.09042
execute if entity @s[tag=aj.messemers_assault.bone.spear_effects1] run data modify entity @s {} merge value {transformation:[-0.000011321335014873314f,0.000006377993162725288f,-0.000017337618669865744f,-0.6357339397029221f,-0.000012839049991106891f,0.000011904169785544309f,0.000012762992654046164f,1.819001146085444f,0.000013282718594147275f,0.000016942738544214376f,-0.0000024407871303190075f,-3.599890468516484f,0f,0f,0f,1f],start_interpolation:0}
execute if entity @s[tag=aj.messemers_assault.locator_origin.spear_head4] at @s on origin run tp @s ^-0.63573 ^1.81902 ^-3.59989 ~-139.55786 ~-36.33971
execute if entity @s[tag=aj.messemers_assault.locator_origin.spear_body6] at @s on origin run tp @s ^-0.63573 ^1.81901 ^-3.5999 ~-139.55786 ~-36.33971
execute if entity @s[tag=aj.messemers_assault.locator_origin.spear_body7] at @s on origin run tp @s ^-0.63574 ^1.81901 ^-3.59991 ~-139.55786 ~-36.33971
execute if entity @s[tag=aj.messemers_assault.bone.spear_effects2] run data modify entity @s {} merge value {transformation:[0.000017337618669865744f,0.000006377993162725288f,-0.000011321335014873311f,-0.6357338393431677f,-0.00001276299265404616f,0.000011904169785544309f,-0.000012839049991106896f,1.819013164737267f,0.000002440787130319005f,0.000016942738544214376f,0.000013282718594147275f,-3.5998989507441563f,0f,0f,0f,1f],start_interpolation:0}
execute if entity @s[tag=aj.messemers_assault.locator_origin.spear_head5] at @s on origin run tp @s ^-0.63572 ^1.819 ^-3.59989 ~-139.55786 ~-36.33971
execute if entity @s[tag=aj.messemers_assault.locator_origin.spear_body8] at @s on origin run tp @s ^-0.63572 ^1.819 ^-3.59989 ~-139.55786 ~-36.33971
execute if entity @s[tag=aj.messemers_assault.locator_origin.spear_body9] at @s on origin run tp @s ^-0.63572 ^1.81899 ^-3.5999 ~-139.55786 ~-36.33971
execute if entity @s[tag=aj.messemers_assault.bone.spear_effects3] run data modify entity @s {} merge value {transformation:[0.000017337618669865744f,0.000006377993162725288f,-0.000011321335014873311f,-0.6357211729614736f,-0.00001276299265404616f,0.000011904169785544309f,-0.000012839049991106896f,1.8189990898128083f,0.000002440787130319005f,0.000016942738544214376f,0.000013282718594147275f,-3.599893829718744f,0f,0f,0f,1f],start_interpolation:0}
execute if entity @s[tag=aj.messemers_assault.locator_origin.spear_head6] at @s on origin run tp @s ^-0.63574 ^1.81901 ^-3.59988 ~-123.55373 ~-18.78639
execute if entity @s[tag=aj.messemers_assault.locator_origin.spear_body10] at @s on origin run tp @s ^-0.63575 ^1.81901 ^-3.59989 ~-123.55373 ~-18.78639
execute if entity @s[tag=aj.messemers_assault.locator_origin.spear_body11] at @s on origin run tp @s ^-0.63575 ^1.819 ^-3.5999 ~-123.55373 ~-18.78639
execute if entity @s[tag=aj.messemers_assault.bone.spear_effects4] run data modify entity @s {} merge value {transformation:[0.000011685383689127725f,0.000006377993162725288f,-0.000017094369122566103f,-0.6357459344756673f,-0.000016704759405568917f,0.000011904169785544309f,-0.000006977549667572066f,1.8190073847147827f,0.000007338069615666568f,0.000016942738544214376f,0.000011337583048536746f,-3.599890336490857f,0f,0f,0f,1f],start_interpolation:0}
execute if entity @s[tag=aj.messemers_assault.locator_origin.spear_head7] at @s on origin run tp @s ^-0.63574 ^1.81903 ^-3.59989 ~-123.55373 ~-18.78639
execute if entity @s[tag=aj.messemers_assault.locator_origin.spear_body12] at @s on origin run tp @s ^-0.63575 ^1.81902 ^-3.5999 ~-123.55373 ~-18.78639
execute if entity @s[tag=aj.messemers_assault.locator_origin.spear_body13] at @s on origin run tp @s ^-0.63575 ^1.81902 ^-3.59991 ~-123.55373 ~-18.78639
execute if entity @s[tag=aj.messemers_assault.bone.spear_effects5] run data modify entity @s {} merge value {transformation:[0.000011685383689127725f,0.000006377993162725288f,-0.000017094369122566103f,-0.6357451558487657f,-0.000016704759405568917f,0.000011904169785544309f,-0.000006977549667572066f,1.8190214953206396f,0.000007338069615666568f,0.000016942738544214376f,0.000011337583048536746f,-3.59990054387997f,0f,0f,0f,1f],start_interpolation:0}
execute if entity @s[tag=aj.messemers_assault.locator_origin.spear_head8] at @s on origin run tp @s ^-0.63574 ^1.819 ^-3.59988 ~-97.9117 ~18.50904
execute if entity @s[tag=aj.messemers_assault.locator_origin.spear_body14] at @s on origin run tp @s ^-0.63574 ^1.81899 ^-3.59988 ~-97.9117 ~18.50904
execute if entity @s[tag=aj.messemers_assault.locator_origin.spear_body15] at @s on origin run tp @s ^-0.63574 ^1.81899 ^-3.59989 ~-97.9117 ~18.50904
execute if entity @s[tag=aj.messemers_assault.bone.spear_effects6] run data modify entity @s {} merge value {transformation:[-0.000003824730279323533f,0.000006377993162725288f,-0.000020350358374021312f,-0.6357383127667283f,-0.00001674592133977369f,0.000011904169785544309f,0.000006878175967761392f,1.8189948640178808f,0.000013205680641942772f,0.000016942738544214376f,0.00000282808306982919f,-3.599884408447171f,0f,0f,0f,1f],start_interpolation:0}
execute if entity @s[tag=aj.messemers_assault.locator_origin.spear_head9] at @s on origin run tp @s ^-0.63572 ^1.81902 ^-3.5999 ~-97.9117 ~18.50904
execute if entity @s[tag=aj.messemers_assault.locator_origin.spear_body16] at @s on origin run tp @s ^-0.63572 ^1.81902 ^-3.59991 ~-97.9117 ~18.50904
execute if entity @s[tag=aj.messemers_assault.locator_origin.spear_body17] at @s on origin run tp @s ^-0.63572 ^1.81901 ^-3.59992 ~-97.9117 ~18.50904
execute if entity @s[tag=aj.messemers_assault.bone.spear_effects7] run data modify entity @s {} merge value {transformation:[-0.000003824730279323533f,0.000006377993162725288f,-0.000020350358374021312f,-0.6357188213827126f,-0.00001674592133977369f,0.000011904169785544309f,0.000006878175967761392f,1.8190189525165767f,0.000013205680641942772f,0.000016942738544214376f,0.00000282808306982919f,-3.5999086707286945f,0f,0f,0f,1f],start_interpolation:0}
execute if entity @s[tag=aj.messemers_assault.locator_origin.spear_head10] at @s on origin run tp @s ^-0.63572 ^1.819 ^-3.59988 ~-97.9117 ~18.50904
execute if entity @s[tag=aj.messemers_assault.locator_origin.spear_body18] at @s on origin run tp @s ^-0.63572 ^1.81899 ^-3.59989 ~-97.9117 ~18.50904
execute if entity @s[tag=aj.messemers_assault.locator_origin.spear_body19] at @s on origin run tp @s ^-0.63573 ^1.81899 ^-3.5999 ~-97.9117 ~18.50904
execute if entity @s[tag=aj.messemers_assault.bone.spear_effects8] run data modify entity @s {} merge value {transformation:[-0.000003824730279323533f,0.000006377993162725288f,-0.000020350358374021312f,-0.6357223777653067f,-0.00001674592133977369f,0.000011904169785544309f,0.000006878175967761392f,1.8189917710764192f,0.000013205680641942772f,0.000016942738544214376f,0.00000282808306982919f,-3.5998882339461984f,0f,0f,0f,1f],start_interpolation:0}
execute if entity @s[tag=aj.messemers_assault.locator_origin.spear_head11] at @s on origin run tp @s ^-0.63571 ^1.819 ^-3.59989 ~-139.55786 ~-36.33971
execute if entity @s[tag=aj.messemers_assault.locator_origin.spear_body20] at @s on origin run tp @s ^-0.63571 ^1.81899 ^-3.59989 ~-139.55786 ~-36.33971
execute if entity @s[tag=aj.messemers_assault.locator_origin.spear_body21] at @s on origin run tp @s ^-0.63571 ^1.81899 ^-3.5999 ~-139.55786 ~-36.33971
execute if entity @s[tag=aj.messemers_assault.bone.spear_effects9] run data modify entity @s {} merge value {transformation:[0.000017337618669865744f,0.000006377993162725288f,-0.000011321335014873311f,-0.6357098854703284f,-0.00001276299265404616f,0.000011904169785544309f,-0.000012839049991106896f,1.8189933718449305f,0.000002440787130319005f,0.000016942738544214376f,0.000013282718594147275f,-3.59989406131536f,0f,0f,0f,1f],start_interpolation:0}
execute if entity @s[tag=aj.messemers_assault.locator_origin.spear_head12] at @s on origin run tp @s ^-0.63571 ^1.81901 ^-3.5999 ~-97.9117 ~18.50904
execute if entity @s[tag=aj.messemers_assault.locator_origin.spear_body22] at @s on origin run tp @s ^-0.63572 ^1.81901 ^-3.5999 ~-97.9117 ~18.50904
execute if entity @s[tag=aj.messemers_assault.locator_origin.spear_body23] at @s on origin run tp @s ^-0.63572 ^1.819 ^-3.59991 ~-97.9117 ~18.50904
execute if entity @s[tag=aj.messemers_assault.bone.spear_effects10] run data modify entity @s {} merge value {transformation:[-0.000003824730279323533f,0.000006377993162725288f,-0.000020350358374021312f,-0.6357153206473641f,-0.00001674592133977369f,0.000011904169785544309f,0.000006878175967761392f,1.819009033575614f,0.000013205680641942772f,0.000016942738544214376f,0.00000282808306982919f,-3.5999030193937025f,0f,0f,0f,1f],start_interpolation:0}
execute if entity @s[tag=aj.messemers_assault.locator_origin.spear_head13] at @s on origin run tp @s ^-0.63573 ^1.81903 ^-3.5999 ~-139.55786 ~-36.33971
execute if entity @s[tag=aj.messemers_assault.locator_origin.spear_body24] at @s on origin run tp @s ^-0.63573 ^1.81902 ^-3.59991 ~-139.55786 ~-36.33971
execute if entity @s[tag=aj.messemers_assault.locator_origin.spear_body25] at @s on origin run tp @s ^-0.63573 ^1.81902 ^-3.59991 ~-139.55786 ~-36.33971
execute if entity @s[tag=aj.messemers_assault.bone.spear_effects11] run data modify entity @s {} merge value {transformation:[0.000017337618669865744f,0.000006377993162725288f,-0.000011321335014873311f,-0.6357308808425614f,-0.00001276299265404616f,0.000011904169785544309f,-0.000012839049991106896f,1.8190204881277514f,0.000002440787130319005f,0.000016942738544214376f,0.000013282718594147275f,-3.599905209955446f,0f,0f,0f,1f],start_interpolation:0}
execute if entity @s[tag=aj.messemers_assault.locator_origin.flame1] at @s on origin run tp @s ^-0.07622 ^2.57906 ^-2.13275 ~-110.72207 ~-0.14222
execute if entity @s[tag=aj.messemers_assault.locator_origin.flame2] at @s on origin run tp @s ^-0.07622 ^2.57905 ^-2.13274 ~-110.72207 ~-0.14222
execute if entity @s[tag=aj.messemers_assault.locator_origin.flame3] at @s on origin run tp @s ^-0.07624 ^2.57906 ^-2.13274 ~-110.72207 ~-0.14222
execute if entity @s[tag=aj.messemers_assault.locator_origin.flame4] at @s on origin run tp @s ^-0.07623 ^2.57905 ^-2.13273 ~-110.72207 ~-0.14222
execute if entity @s[tag=aj.messemers_assault.bone.flame_blast] run data modify entity @s {} merge value {transformation:[0.000006708475144979398f,0.00001005760460275911f,-0.0000319562523146076f,-0.07622810436235435f,-0.00002854763448581581f,0.00001877196004643526f,-8.480796194538694e-8f,2.579056790905973f,0.000017532542245908457f,0.000026717395396645748f,0.00001208932821648243f,-2.132741184801408f,0f,0f,0f,1f],start_interpolation:0}
execute if entity @s[tag=aj.messemers_assault.locator_origin.spear0] at @s on origin run tp @s ^-0.21929 ^1.91188 ^-3.24968 ~74.55437 ~2.95217
execute if entity @s[tag=aj.messemers_assault.locator_origin.spear1] at @s on origin run tp @s ^0.04021 ^2.42566 ^-2.211 ~74.55437 ~2.95217
execute if entity @s[tag=aj.messemers_assault.locator_origin.spear2] at @s on origin run tp @s ^0.28605 ^2.9124 ^-1.22699 ~74.55437 ~2.95217
execute if entity @s[tag=aj.messemers_assault.bone.spear_of_the_impaler] run data modify entity @s {} merge value {transformation:[0.34692966748590126f,-0.47347425987535807f,2.0856429165842485f,-0.05872368246507417f,-1.9501881533141523f,-0.9374212873211905f,0.11158826638434052f,2.281768077840631f,0.8779808750398279f,-1.8951274099007194f,-0.5762691452366104f,-2.477206096509967f,0f,0f,0f,1f],start_interpolation:0}
execute if entity @s[tag=aj.messemers_assault.bone.left_arm2] run data modify entity @s {} merge value {transformation:[0.1601213849934929f,-0.7529362053469478f,-0.6383167025431067f,-0.06626615084178109f,-0.9000868399911472f,0.15409522075341808f,-0.40755164509017283f,2.6954196307099103f,0.40522194232607445f,0.639798197573809f,-0.6530340296177444f,-1.7239737374471427f,0f,0f,0f,1f],start_interpolation:0}
execute if entity @s[tag=aj.messemers_assault.bone.left_arm] run data modify entity @s {} merge value {transformation:[0.1601213849934929f,-0.818875805602311f,-0.5511837779424683f,-0.25096992911817223f,-0.9000868399911472f,0.10810447460644851f,-0.42208660609502235f,2.609934894362629f,0.40522194232607445f,0.5636983568977564f,-0.7197494980118107f,-1.5323964054319443f,0f,0f,0f,1f],start_interpolation:0}
execute if entity @s[tag=aj.messemers_assault.bone.head] run data modify entity @s {} merge value {transformation:[-0.6686878432418771f,-0.3169016890252882f,-0.6726290863421284f,-0.5773996550910747f,0.01146767210659258f,0.9001235871700732f,-0.4354836625139171f,2.716395425411065f,0.7434548142267845f,-0.2989161208650331f,-0.5982675754961307f,-1.5531353019826477f,0f,0f,0f,1f],start_interpolation:0}
execute if entity @s[tag=aj.messemers_assault.bone.body_top] run data modify entity @s {} merge value {transformation:[-0.9939117098351977f,-0.11013785495237052f,0.003027533478689226f,-0.5340328747035789f,-0.10884206379580798f,0.9772081807626155f,-0.18225689726122513f,2.331619704235785f,0.01711485323171813f,-0.18147678737819364f,-0.9832462852417734f,-1.481678816952484f,0f,0f,0f,1f],start_interpolation:0}
execute if entity @s[tag=aj.messemers_assault.bone.body] run data modify entity @s {} merge value {transformation:[-0.9366390964262077f,-0.0654704716193497f,-0.3441232633691558f,-0.5053895433701133f,-0.040805432556559454f,0.9960831334913196f,-0.07844302294013246f,1.895833333333333f,0.3479110801911453f,-0.059430703513032715f,-0.9356419570328046f,-1.4556778841655322f,0f,0f,0f,1f],start_interpolation:0}
execute if entity @s[tag=aj.messemers_assault.locator_origin.player_camera] at @s on origin run tp @s ^-0.59756 ^1.39583 ^-1.54011 ~-47.50926 ~0
execute if entity @s[tag=aj.messemers_assault.bone.right_leg2] run data modify entity @s {} merge value {transformation:[-0.7007671643401072f,-0.29921680152135366f,-0.6476068923892457f,-0.7524811614950341f,0.20906465570934085f,0.7817949032926187f,-0.5874425069049906f,1.687444133167966f,0.6820684358008806f,-0.5470521317690079f,-0.4853005398834048f,-1.4239079064726259f,0f,0f,0f,1f],start_interpolation:0}
execute if entity @s[tag=aj.messemers_assault.bone.right_leg] run data modify entity @s {} merge value {transformation:[-0.7007671643401072f,0.3528697303390074f,-0.6200067215709855f,-0.6256686021544533f,0.20906465570934085f,0.93252260529107f,0.29443770199193253f,2.022569444444444f,0.6820684358008806f,0.07671078171698892f,-0.7272538104764448f,-1.396339969293083f,0f,0f,0f,1f],start_interpolation:0}
execute if entity @s[tag=aj.messemers_assault.bone.left_leg2] run data modify entity @s {} merge value {transformation:[-0.8749762401448633f,-0.28477106805803837f,-0.39156355547859995f,-0.43104235346949976f,-0.20882494079775354f,0.9516132740126892f,-0.22544250003862432f,1.7065860738811853f,0.4368165785347131f,-0.11548859476127726f,-0.8921063059956994f,-1.7426340294511193f,0f,0f,0f,1f],start_interpolation:0}
execute if entity @s[tag=aj.messemers_assault.bone.left_leg] run data modify entity @s {} merge value {transformation:[-0.8749762401448633f,0.14775903820586822f,-0.46106815744576773f,-0.37794144911426586f,-0.20882494079775354f,0.7439923741277155f,0.6347184346941721f,1.973958333333333f,0.4368165785347131f,0.6516460802216815f,-0.6201198778050456f,-1.5084487193714526f,0f,0f,0f,1f],start_interpolation:0}