execute if entity @s[tag=aj.messemers_assault.bone.right_arm2] run data modify entity @s {} merge value {transformation:[0.25647926146119965f,-0.9565469757467591f,0.13869488682012499f,0.6310546437818603f,0.6134650006770426f,0.05021426210520459f,-0.7881238613476603f,1.6882599571060428f,0.7469130346865249f,0.2872218847354071f,0.5996870079836707f,4.480044899478858f,0f,0f,0f,1f],start_interpolation:0}
execute if entity @s[tag=aj.messemers_assault.bone.right_arm] run data modify entity @s {} merge value {transformation:[0.07032512585572209f,-0.9878350596346184f,0.13869488682012499f,0.3840958788732056f,0.6118486904835756f,-0.0670966402138565f,-0.7881238613476603f,1.6714857970525787f,0.7878423424943031f,0.14028519461683306f,0.5996870079836707f,4.515116198133066f,0f,0f,0f,1f],start_interpolation:0}
execute if entity @s[tag=aj.messemers_assault.bone.flame_slash2] run data modify entity @s {} merge value {transformation:[0.00000606514669755598f,0.0000013004990736123705f,-0.000010003760045991226f,-0.19663129981951824f,-0.000009676486761722352f,-0.0000025496412750948465f,-0.0000061981812396586135f,1.0636290320441988f,-0.000002851686667298678f,0.00001141755441804318f,-2.4464591491553495e-7f,6.373518504789988f,0f,0f,0f,1f],start_interpolation:0}
execute if entity @s[tag=aj.messemers_assault.bone.flame_slash] run data modify entity @s {} merge value {transformation:[0.00000606514669755598f,0.0000013004990736123705f,-0.000010003760045991226f,-0.19663129981951824f,-0.000009676486761722352f,-0.0000025496412750948465f,-0.0000061981812396586135f,1.0636290320441988f,-0.000002851686667298678f,0.00001141755441804318f,-2.4464591491553495e-7f,6.373518504789988f,0f,0f,0f,1f],start_interpolation:0}
execute if entity @s[tag=aj.messemers_assault.bone.impaling_thrust] run data modify entity @s {} merge value {transformation:[-1.6046400112621773f,-0.07984704650258238f,0.24271105134776336f,0.2852713014334938f,-0.13167276259313937f,-1.0643209586371964f,-1.2206706974535315f,1.7438057062679029f,0.21896686706580293f,-1.225152691379901f,1.044609096723255f,3.927657951133839f,0f,0f,0f,1f],start_interpolation:0}
execute if entity @s[tag=aj.messemers_assault.locator_origin.spear0] at @s on origin run tp @s ^-0.29331 ^1.12243 ^6.00449 ~-88.59909 ~-31.77407
execute if entity @s[tag=aj.messemers_assault.locator_origin.spear1] at @s on origin run tp @s ^-0.4038 ^1.33903 ^5.0345 ~-88.59909 ~-31.77407
execute if entity @s[tag=aj.messemers_assault.locator_origin.spear2] at @s on origin run tp @s ^-0.52119 ^1.56918 ^4.00389 ~-88.59909 ~-31.77407
execute if entity @s[tag=aj.messemers_assault.locator_origin.spear_head2] at @s on origin run tp @s ^-0.0438 ^1.29497 ^6.46564 ~129.95036 ~71.54324
execute if entity @s[tag=aj.messemers_assault.locator_origin.spear_body2] at @s on origin run tp @s ^-0.0438 ^1.29497 ^6.46565 ~129.95036 ~71.54324
execute if entity @s[tag=aj.messemers_assault.locator_origin.spear_body3] at @s on origin run tp @s ^-0.0438 ^1.29497 ^6.46566 ~129.95036 ~71.54324
execute if entity @s[tag=aj.messemers_assault.bone.spear_effects0] run data modify entity @s {} merge value {transformation:[0.00002022373094105868f,-0.00000572659829911977f,0.0000052584430384505495f,-0.043801639067821765f,-0.0000037101605528836084f,0.000005769438908144788f,0.000020552195206387468f,1.2949710796802045f,-0.000006832266091125034f,-0.000020083926186135718f,0.0000044045991252734276f,6.465648792782919f,0f,0f,0f,1f],start_interpolation:0}
execute if entity @s[tag=aj.messemers_assault.locator_origin.spear_head3] at @s on origin run tp @s ^-0.04379 ^1.29498 ^6.46564 ~129.95036 ~71.54324
execute if entity @s[tag=aj.messemers_assault.locator_origin.spear_body4] at @s on origin run tp @s ^-0.04379 ^1.29497 ^6.46564 ~129.95036 ~71.54324
execute if entity @s[tag=aj.messemers_assault.locator_origin.spear_body5] at @s on origin run tp @s ^-0.04378 ^1.29497 ^6.46565 ~129.95036 ~71.54324
execute if entity @s[tag=aj.messemers_assault.bone.spear_effects1] run data modify entity @s {} merge value {transformation:[0.00002022373094105868f,-0.00000572659829911977f,0.0000052584430384505495f,-0.043785716136579694f,-0.0000037101605528836084f,0.000005769438908144788f,0.000020552195206387468f,1.2949725473926261f,-0.000006832266091125034f,-0.000020083926186135718f,0.0000044045991252734276f,6.4656446742478755f,0f,0f,0f,1f],start_interpolation:0}
execute if entity @s[tag=aj.messemers_assault.locator_origin.spear_head4] at @s on origin run tp @s ^-0.0438 ^1.29498 ^6.46564 ~71.33328 ~-9.85982
execute if entity @s[tag=aj.messemers_assault.locator_origin.spear_body6] at @s on origin run tp @s ^-0.0438 ^1.29498 ^6.46565 ~71.33328 ~-9.85982
execute if entity @s[tag=aj.messemers_assault.locator_origin.spear_body7] at @s on origin run tp @s ^-0.04379 ^1.29498 ^6.46566 ~71.33328 ~-9.85982
execute if entity @s[tag=aj.messemers_assault.bone.spear_effects2] run data modify entity @s {} merge value {transformation:[-0.000005258443038450553f,-0.00000572659829911977f,0.00002022373094105868f,-0.04379533576324152f,-0.000020552195206387468f,0.000005769438908144788f,-0.0000037101605528836118f,1.294982212128299f,-0.000004404599125273427f,-0.000020083926186135718f,-0.0000068322660911250345f,6.4656501934794575f,0f,0f,0f,1f],start_interpolation:0}
execute if entity @s[tag=aj.messemers_assault.locator_origin.spear_head5] at @s on origin run tp @s ^-0.0438 ^1.29497 ^6.46564 ~71.33328 ~-9.85982
execute if entity @s[tag=aj.messemers_assault.locator_origin.spear_body8] at @s on origin run tp @s ^-0.0438 ^1.29496 ^6.46564 ~71.33328 ~-9.85982
execute if entity @s[tag=aj.messemers_assault.locator_origin.spear_body9] at @s on origin run tp @s ^-0.04379 ^1.29496 ^6.46565 ~71.33328 ~-9.85982
execute if entity @s[tag=aj.messemers_assault.bone.spear_effects3] run data modify entity @s {} merge value {transformation:[-0.000005258443038450553f,-0.00000572659829911977f,0.00002022373094105868f,-0.043795410254431406f,-0.000020552195206387468f,0.000005769438908144788f,-0.0000037101605528836118f,1.2949633536687712f,-0.000004404599125273427f,-0.000020083926186135718f,-0.0000068322660911250345f,6.465644797315978f,0f,0f,0f,1f],start_interpolation:0}
execute if entity @s[tag=aj.messemers_assault.locator_origin.spear_head6] at @s on origin run tp @s ^-0.04378 ^1.29499 ^6.46564 ~77.39899 ~11.81755
execute if entity @s[tag=aj.messemers_assault.locator_origin.spear_body10] at @s on origin run tp @s ^-0.04378 ^1.29498 ^6.46565 ~77.39899 ~11.81755
execute if entity @s[tag=aj.messemers_assault.locator_origin.spear_body11] at @s on origin run tp @s ^-0.04378 ^1.29498 ^6.46566 ~77.39899 ~11.81755
execute if entity @s[tag=aj.messemers_assault.bone.spear_effects4] run data modify entity @s {} merge value {transformation:[0.000002881118875651476f,-0.00000572659829911977f,0.0000206966101183099f,-0.04378002333526244f,-0.00002040756947436102f,0.000005769438908144788f,0.000004437243207077774f,1.2949846696143523f,-0.00000668391401934058f,-0.000020083926186135718f,-0.000004626623690809406f,6.465646533348083f,0f,0f,0f,1f],start_interpolation:0}
execute if entity @s[tag=aj.messemers_assault.locator_origin.spear_head7] at @s on origin run tp @s ^-0.04379 ^1.295 ^6.46564 ~77.39899 ~11.81755
execute if entity @s[tag=aj.messemers_assault.locator_origin.spear_body12] at @s on origin run tp @s ^-0.04379 ^1.295 ^6.46565 ~77.39899 ~11.81755
execute if entity @s[tag=aj.messemers_assault.locator_origin.spear_body13] at @s on origin run tp @s ^-0.04379 ^1.29499 ^6.46566 ~77.39899 ~11.81755
execute if entity @s[tag=aj.messemers_assault.bone.spear_effects5] run data modify entity @s {} merge value {transformation:[0.000002881118875651476f,-0.00000572659829911977f,0.0000206966101183099f,-0.043791903504105244f,-0.00002040756947436102f,0.000005769438908144788f,0.000004437243207077774f,1.2949956268328515f,-0.00000668391401934058f,-0.000020083926186135718f,-0.000004626623690809406f,6.4656530684227596f,0f,0f,0f,1f],start_interpolation:0}
execute if entity @s[tag=aj.messemers_assault.locator_origin.spear_head8] at @s on origin run tp @s ^-0.04378 ^1.29497 ^6.46563 ~96.5872 ~54.17689
execute if entity @s[tag=aj.messemers_assault.locator_origin.spear_body14] at @s on origin run tp @s ^-0.04378 ^1.29497 ^6.46564 ~96.5872 ~54.17689
execute if entity @s[tag=aj.messemers_assault.locator_origin.spear_body15] at @s on origin run tp @s ^-0.04377 ^1.29497 ^6.46565 ~96.5872 ~54.17689
execute if entity @s[tag=aj.messemers_assault.bone.spear_effects6] run data modify entity @s {} merge value {transformation:[0.000016671972056608766f,-0.00000572659829911977f,0.000012597454667853327f,-0.043776855438726725f,-0.000011292726001357628f,0.000005769438908144788f,0.000017567935524354903f,1.2949700440730214f,-0.00000799775791371322f,-0.000020083926186135718f,0.000001454723942173893f,6.465641428647081f,0f,0f,0f,1f],start_interpolation:0}
execute if entity @s[tag=aj.messemers_assault.locator_origin.spear_head9] at @s on origin run tp @s ^-0.04382 ^1.29498 ^6.46564 ~96.5872 ~54.17689
execute if entity @s[tag=aj.messemers_assault.locator_origin.spear_body16] at @s on origin run tp @s ^-0.04381 ^1.29498 ^6.46565 ~96.5872 ~54.17689
execute if entity @s[tag=aj.messemers_assault.locator_origin.spear_body17] at @s on origin run tp @s ^-0.04381 ^1.29498 ^6.46566 ~96.5872 ~54.17689
execute if entity @s[tag=aj.messemers_assault.bone.spear_effects7] run data modify entity @s {} merge value {transformation:[0.000016671972056608766f,-0.00000572659829911977f,0.000012597454667853327f,-0.04381324703035815f,-0.000011292726001357628f,0.000005769438908144788f,0.000017567935524354903f,1.2949780369811523f,-0.00000799775791371322f,-0.000020083926186135718f,0.000001454723942173893f,6.465654101200223f,0f,0f,0f,1f],start_interpolation:0}
execute if entity @s[tag=aj.messemers_assault.locator_origin.spear_head10] at @s on origin run tp @s ^-0.04379 ^1.29496 ^6.46563 ~96.5872 ~54.17689
execute if entity @s[tag=aj.messemers_assault.locator_origin.spear_body18] at @s on origin run tp @s ^-0.04379 ^1.29496 ^6.46564 ~96.5872 ~54.17689
execute if entity @s[tag=aj.messemers_assault.locator_origin.spear_body19] at @s on origin run tp @s ^-0.04379 ^1.29496 ^6.46565 ~96.5872 ~54.17689
execute if entity @s[tag=aj.messemers_assault.bone.spear_effects8] run data modify entity @s {} merge value {transformation:[0.000016671972056608766f,-0.00000572659829911977f,0.000012597454667853327f,-0.043788537892452996f,-0.000011292726001357628f,0.000005769438908144788f,0.000017567935524354903f,1.2949581429144417f,-0.00000799775791371322f,-0.000020083926186135718f,0.000001454723942173893f,6.4656413409009055f,0f,0f,0f,1f],start_interpolation:0}
execute if entity @s[tag=aj.messemers_assault.locator_origin.spear_head11] at @s on origin run tp @s ^-0.0438 ^1.29495 ^6.46563 ~71.33328 ~-9.85982
execute if entity @s[tag=aj.messemers_assault.locator_origin.spear_body20] at @s on origin run tp @s ^-0.0438 ^1.29495 ^6.46564 ~71.33328 ~-9.85982
execute if entity @s[tag=aj.messemers_assault.locator_origin.spear_body21] at @s on origin run tp @s ^-0.0438 ^1.29495 ^6.46565 ~71.33328 ~-9.85982
execute if entity @s[tag=aj.messemers_assault.bone.spear_effects9] run data modify entity @s {} merge value {transformation:[-0.000005258443038450553f,-0.00000572659829911977f,0.00002022373094105868f,-0.04380088853955265f,-0.000020552195206387468f,0.000005769438908144788f,-0.0000037101605528836118f,1.2949520698660795f,-0.000004404599125273427f,-0.000020083926186135718f,-0.0000068322660911250345f,6.4656431178997265f,0f,0f,0f,1f],start_interpolation:0}
execute if entity @s[tag=aj.messemers_assault.locator_origin.spear_head12] at @s on origin run tp @s ^-0.04381 ^1.29497 ^6.46564 ~96.5872 ~54.17689
execute if entity @s[tag=aj.messemers_assault.locator_origin.spear_body22] at @s on origin run tp @s ^-0.04381 ^1.29497 ^6.46565 ~96.5872 ~54.17689
execute if entity @s[tag=aj.messemers_assault.locator_origin.spear_body23] at @s on origin run tp @s ^-0.04381 ^1.29497 ^6.46566 ~96.5872 ~54.17689
execute if entity @s[tag=aj.messemers_assault.bone.spear_effects10] run data modify entity @s {} merge value {transformation:[0.000016671972056608766f,-0.00000572659829911977f,0.000012597454667853327f,-0.043808486785014845f,-0.000011292726001357628f,0.000005769438908144788f,0.000017567935524354903f,1.2949679470672129f,-0.00000799775791371322f,-0.000020083926186135718f,0.000001454723942173893f,6.465649845401125f,0f,0f,0f,1f],start_interpolation:0}
execute if entity @s[tag=aj.messemers_assault.locator_origin.spear_head13] at @s on origin run tp @s ^-0.04381 ^1.29499 ^6.46564 ~71.33328 ~-9.85982
execute if entity @s[tag=aj.messemers_assault.locator_origin.spear_body24] at @s on origin run tp @s ^-0.0438 ^1.29499 ^6.46565 ~71.33328 ~-9.85982
execute if entity @s[tag=aj.messemers_assault.locator_origin.spear_body25] at @s on origin run tp @s ^-0.0438 ^1.29498 ^6.46566 ~71.33328 ~-9.85982
execute if entity @s[tag=aj.messemers_assault.bone.spear_effects11] run data modify entity @s {} merge value {transformation:[-0.000005258443038450553f,-0.00000572659829911977f,0.00002022373094105868f,-0.043803767428702456f,-0.000020552195206387468f,0.000005769438908144788f,-0.0000037101605528836118f,1.2949863922859726f,-0.000004404599125273427f,-0.000020083926186135718f,-0.0000068322660911250345f,6.465653798448165f,0f,0f,0f,1f],start_interpolation:0}
execute if entity @s[tag=aj.messemers_assault.locator_origin.flame1] at @s on origin run tp @s ^-0.39478 ^1.57192 ^4.77942 ~84.5579 ~33.34311
execute if entity @s[tag=aj.messemers_assault.locator_origin.flame2] at @s on origin run tp @s ^-0.39478 ^1.57191 ^4.77941 ~84.5579 ~33.34311
execute if entity @s[tag=aj.messemers_assault.locator_origin.flame3] at @s on origin run tp @s ^-0.39477 ^1.57193 ^4.77942 ~84.5579 ~33.34311
execute if entity @s[tag=aj.messemers_assault.locator_origin.flame4] at @s on origin run tp @s ^-0.39476 ^1.57192 ^4.77941 ~84.5579 ~33.34311
execute if entity @s[tag=aj.messemers_assault.bone.flame_blast] run data modify entity @s {} merge value {transformation:[0.000016687089188156604f,-0.000009030405010150407f,0.000028413974570451582f,-0.394772135012581f,-0.0000270538126031763f,0.000009097961355151397f,0.000018779761285051062f,1.5719205583925155f,-0.000012529700282522245f,-0.000031670806678137096f,-0.00000270697733594869f,4.7794161260738255f,0f,0f,0f,1f],start_interpolation:0}
execute if entity @s[tag=aj.messemers_assault.bone.spear_of_the_impaler] run data modify entity @s {} merge value {transformation:[1.1164163832669414f,0.23938390027555134f,-1.841400079262102f,-0.35946750847315445f,-1.7811586251665918f,-0.4693145001944496f,-1.140904157388488f,1.3230422834275823f,-0.5249122361045353f,2.1016383353566206f,-0.0450321684092312f,5.15909526257698f,0f,0f,0f,1f],start_interpolation:0}
execute if entity @s[tag=aj.messemers_assault.bone.left_arm2] run data modify entity @s {} merge value {transformation:[0.5152690999693575f,0.25904021896430707f,0.8169430332499892f,-0.349486342579566f,-0.8220732116153502f,0.4188509159555553f,0.38569358945621113f,1.5804975057701207f,-0.24226718589440094f,-0.8703229717536571f,0.42877095922729114f,4.588649435993272f,0f,0f,0f,1f],start_interpolation:0}
execute if entity @s[tag=aj.messemers_assault.bone.left_arm] run data modify entity @s {} merge value {transformation:[0.5152690999693575f,0.2944282246972098f,0.8048663088478846f,-0.21147064890909387f,-0.8220732116153502f,0.435275980776147f,0.36705647427035976f,1.5865573495122387f,-0.24226718589440094f,-0.8507918905707867f,0.46632581911984555f,4.345668065113775f,0f,0f,0f,1f],start_interpolation:0}
execute if entity @s[tag=aj.messemers_assault.bone.head] run data modify entity @s {} merge value {transformation:[0.929597874619835f,-0.35432550043167726f,-0.10149498138394737f,0.042722508349833516f,0.31026171880209563f,0.9009172172823945f,-0.30345647702778794f,1.692167295730834f,0.19896094427865885f,0.250602488710684f,0.9474243691734747f,4.551951100195295f,0f,0f,0f,1f],start_interpolation:0}
execute if entity @s[tag=aj.messemers_assault.bone.body_top] run data modify entity @s {} merge value {transformation:[0.952906444451679f,-0.30323552439806845f,-0.004186271072008113f,0.16212149608157297f,0.13588551606454413f,0.43927459094556587f,-0.8880163063105758f,1.5192029255460173f,0.27111701283086675f,0.8456276074565178f,0.45979290431783926f,4.218985229759291f,0f,0f,0f,1f],start_interpolation:0}
execute if entity @s[tag=aj.messemers_assault.bone.body] run data modify entity @s {} merge value {transformation:[0.952906444451679f,-0.30323552439806845f,-0.004186271072008113f,0.2947870380057279f,0.13588551606454413f,0.43927459094556587f,-0.8880163063105758f,1.3270202920073322f,0.27111701283086675f,0.8456276074565178f,0.45979290431783926f,3.8490231514970645f,0f,0f,0f,1f],start_interpolation:0}
execute if entity @s[tag=aj.messemers_assault.locator_origin.player_camera] at @s on origin run tp @s ^0.34368 ^0.5338 ^3.754 ~-162.58873 ~-58.92061
execute if entity @s[tag=aj.messemers_assault.bone.right_leg2] run data modify entity @s {} merge value {transformation:[0.8523604697895992f,-0.3228692765067872f,0.41138432132014713f,0.577924393968553f,0.07824294016537708f,-0.6990644083547682f,-0.7107650774242321f,1.3354887822554113f,0.5170683435043489f,0.6380159741413861f,-0.5705926260354992f,3.648609579148881f,0f,0f,0f,1f],start_interpolation:0}
execute if entity @s[tag=aj.messemers_assault.bone.right_leg] run data modify entity @s {} merge value {transformation:[0.8523604697895992f,-0.5226750438205909f,0.017100529442027473f,0.39008805009552816f,0.07824294016537708f,0.0951276978605669f,-0.9923853905686166f,1.3696752986740526f,0.5170683435043489f,0.8472080734193298f,0.12197872141802646f,3.9530749805339527f,0f,0f,0f,1f],start_interpolation:0}
execute if entity @s[tag=aj.messemers_assault.bone.left_leg2] run data modify entity @s {} merge value {transformation:[0.9626365127355974f,-0.24924011420532113f,-0.1058787505553742f,0.1950916669545042f,-0.19615256567122957f,-0.37222160155595424f,-0.9071798335036524f,1.3666289771629916f,0.18669524720474973f,0.8940528199195165f,-0.4072031923562467f,3.5761845279803066f,0f,0f,0f,1f],start_interpolation:0}
execute if entity @s[tag=aj.messemers_assault.bone.left_leg] run data modify entity @s {} merge value {transformation:[0.9626365127355974f,-0.17218931512269492f,-0.20900187584284008f,0.1332111318322857f,-0.19615256567122957f,0.08872443715202138f,-0.9765511482931403f,1.3985143217644993f,0.18669524720474973f,0.9810600460775246f,0.051634006831962176f,3.928752982039417f,0f,0f,0f,1f],start_interpolation:0}