execute if entity @s[tag=aj.messemers_assault.bone.right_arm2] run data modify entity @s {} merge value {transformation:[0.5629392380015382f,-0.7381548985456567f,0.3717885959403531f,0.5647031264052412f,0.7637414754015819f,0.2926529498626737f,-0.5753722357640231f,6.397405821825938f,0.31590880498913404f,0.6078499787692083f,0.7285053398847604f,6.538964294516728f,0f,0f,0f,1f],start_interpolation:0}
execute if entity @s[tag=aj.messemers_assault.bone.right_arm] run data modify entity @s {} merge value {transformation:[0.4767492900605354f,-0.7965446342518897f,0.3717885959403531f,0.36556696784226883f,0.7917067825253835f,0.20529773699486992f,-0.5753722357640231f,6.448730256074655f,0.38198230970829117f,0.5686558579926078f,0.7285053398847604f,6.68112825901488f,0f,0f,0f,1f],start_interpolation:0}
execute if entity @s[tag=aj.messemers_assault.bone.flame_slash2] run data modify entity @s {} merge value {transformation:[-7.084055182343739e-8f,0.000004354421552922681f,-0.000010935561801607218f,0.16149698741333268f,-0.00000989178235187161f,-0.00000594919621774795f,-0.000002304826159831999f,5.591351552139537f,-0.000006379666204475728f,0.000009175979220948957f,0.0000036951024095814057f,8.03799304662298f,0f,0f,0f,1f],start_interpolation:0}
execute if entity @s[tag=aj.messemers_assault.bone.flame_slash] run data modify entity @s {} merge value {transformation:[-7.084055182343739e-8f,0.000004354421552922681f,-0.000010935561801607218f,0.16149698741333268f,-0.00000989178235187161f,-0.00000594919621774795f,-0.000002304826159831999f,5.591351552139537f,-0.000006379666204475728f,0.000009175979220948957f,0.0000036951024095814057f,8.03799304662298f,0f,0f,0f,1f],start_interpolation:0}
execute if entity @s[tag=aj.messemers_assault.bone.impaling_thrust] run data modify entity @s {} merge value {transformation:[-0.000012989785980869782f,-0.000009717785259005005f,9.195036343397018e-7f,-0.0866401167941655f,0.0000033656923169261334f,-0.000005895754467209105f,-0.000014762370121110915f,6.741622796550259f,0.000009162584378955714f,-0.000011611206053840787f,0.000006726241043574624f,5.737469559461651f,0f,0f,0f,1f],start_interpolation:0}
execute if entity @s[tag=aj.messemers_assault.locator_origin.spear_head2] at @s on origin run tp @s ^0.41869 ^5.72504 ^8.07463 ~104.47403 ~46.15797
execute if entity @s[tag=aj.messemers_assault.locator_origin.spear_body2] at @s on origin run tp @s ^0.41869 ^5.72504 ^8.07463 ~104.47403 ~46.15797
execute if entity @s[tag=aj.messemers_assault.locator_origin.spear_body3] at @s on origin run tp @s ^0.4187 ^5.72503 ^8.07464 ~104.47403 ~46.15797
execute if entity @s[tag=aj.messemers_assault.bone.spear_effects0] run data modify entity @s {} merge value {transformation:[0.000012602293744863895f,-0.000009972974081669436f,0.000014531566494323937f,0.4186922968666602f,-0.000007942114454964745f,0.00001273420346012641f,0.000015627134243513388f,5.725038164408982f,-0.000015733704420664845f,-0.000014416112327770553f,0.000003751092507616602f,8.074633197696425f,0f,0f,0f,1f],start_interpolation:0}
execute if entity @s[tag=aj.messemers_assault.locator_origin.spear_head3] at @s on origin run tp @s ^0.4187 ^5.72504 ^8.07462 ~104.47403 ~46.15797
execute if entity @s[tag=aj.messemers_assault.locator_origin.spear_body4] at @s on origin run tp @s ^0.4187 ^5.72504 ^8.07462 ~104.47403 ~46.15797
execute if entity @s[tag=aj.messemers_assault.locator_origin.spear_body5] at @s on origin run tp @s ^0.41871 ^5.72503 ^8.07463 ~104.47403 ~46.15797
execute if entity @s[tag=aj.messemers_assault.bone.spear_effects1] run data modify entity @s {} merge value {transformation:[0.000012602293744863895f,-0.000009972974081669436f,0.000014531566494323937f,0.41870451482004245f,-0.000007942114454964745f,0.00001273420346012641f,0.000015627134243513388f,5.725035520004128f,-0.000015733704420664845f,-0.000014416112327770553f,0.000003751092507616602f,8.074622409508992f,0f,0f,0f,1f],start_interpolation:0}
execute if entity @s[tag=aj.messemers_assault.locator_origin.spear_head4] at @s on origin run tp @s ^0.4187 ^5.72505 ^8.07463 ~38.69383 ~-21.50357
execute if entity @s[tag=aj.messemers_assault.locator_origin.spear_body6] at @s on origin run tp @s ^0.4187 ^5.72505 ^8.07463 ~38.69383 ~-21.50357
execute if entity @s[tag=aj.messemers_assault.locator_origin.spear_body7] at @s on origin run tp @s ^0.41871 ^5.72504 ^8.07464 ~38.69383 ~-21.50357
execute if entity @s[tag=aj.messemers_assault.bone.spear_effects2] run data modify entity @s {} merge value {transformation:[-0.000014531566494323939f,-0.000009972974081669436f,0.000012602293744863893f,0.41870265262656753f,-0.000015627134243513385f,0.00001273420346012641f,-0.000007942114454964747f,5.725045793469234f,-0.000003751092507616599f,-0.000014416112327770553f,-0.000015733704420664845f,8.07463277263594f,0f,0f,0f,1f],start_interpolation:0}
execute if entity @s[tag=aj.messemers_assault.locator_origin.spear_head5] at @s on origin run tp @s ^0.41869 ^5.72504 ^8.07462 ~38.69383 ~-21.50357
execute if entity @s[tag=aj.messemers_assault.locator_origin.spear_body8] at @s on origin run tp @s ^0.41869 ^5.72503 ^8.07463 ~38.69383 ~-21.50357
execute if entity @s[tag=aj.messemers_assault.locator_origin.spear_body9] at @s on origin run tp @s ^0.4187 ^5.72502 ^8.07463 ~38.69383 ~-21.50357
execute if entity @s[tag=aj.messemers_assault.bone.spear_effects3] run data modify entity @s {} merge value {transformation:[-0.000014531566494323939f,-0.000009972974081669436f,0.000012602293744863893f,0.4186927347986353f,-0.000015627134243513385f,0.00001273420346012641f,-0.000007942114454964747f,5.725030305178434f,-0.000003751092507616599f,-0.000014416112327770553f,-0.000015733704420664845f,8.074625952433436f,0f,0f,0f,1f],start_interpolation:0}
execute if entity @s[tag=aj.messemers_assault.locator_origin.spear_head6] at @s on origin run tp @s ^0.41871 ^5.72505 ^8.07462 ~52.7113 ~-3.59165
execute if entity @s[tag=aj.messemers_assault.locator_origin.spear_body10] at @s on origin run tp @s ^0.41872 ^5.72504 ^8.07462 ~52.7113 ~-3.59165
execute if entity @s[tag=aj.messemers_assault.locator_origin.spear_body11] at @s on origin run tp @s ^0.41872 ^5.72504 ^8.07463 ~52.7113 ~-3.59165
execute if entity @s[tag=aj.messemers_assault.bone.spear_effects4] run data modify entity @s {} merge value {transformation:[-0.000008602727833475062f,-0.000009972974081669436f,0.000017203990997264187f,0.41871494928390235f,-0.00001747690509925057f,0.00001273420346012641f,-0.0000013573116194662288f,5.725044110562971f,-0.000009486585603861227f,-0.000014416112327770553f,-0.00001310056652890091f,8.074622779323432f,0f,0f,0f,1f],start_interpolation:0}
execute if entity @s[tag=aj.messemers_assault.locator_origin.spear_head7] at @s on origin run tp @s ^0.41871 ^5.72506 ^8.07463 ~52.7113 ~-3.59165
execute if entity @s[tag=aj.messemers_assault.locator_origin.spear_body12] at @s on origin run tp @s ^0.41871 ^5.72506 ^8.07464 ~52.7113 ~-3.59165
execute if entity @s[tag=aj.messemers_assault.locator_origin.spear_body13] at @s on origin run tp @s ^0.41872 ^5.72505 ^8.07464 ~52.7113 ~-3.59165
execute if entity @s[tag=aj.messemers_assault.bone.spear_effects5] run data modify entity @s {} merge value {transformation:[-0.000008602727833475062f,-0.000009972974081669436f,0.000017203990997264187f,0.4187121375827608f,-0.00001747690509925057f,0.00001273420346012641f,-0.0000013573116194662288f,5.725055993517782f,-0.000009486585603861227f,-0.000014416112327770553f,-0.00001310056652890091f,8.074635221026355f,0f,0f,0f,1f],start_interpolation:0}
execute if entity @s[tag=aj.messemers_assault.locator_origin.spear_head8] at @s on origin run tp @s ^0.41871 ^5.72504 ^8.07461 ~82.02812 ~31.74058
execute if entity @s[tag=aj.messemers_assault.locator_origin.spear_body14] at @s on origin run tp @s ^0.41871 ^5.72503 ^8.07462 ~82.02812 ~31.74058
execute if entity @s[tag=aj.messemers_assault.locator_origin.spear_body15] at @s on origin run tp @s ^0.41871 ^5.72503 ^8.07462 ~82.02812 ~31.74058
execute if entity @s[tag=aj.messemers_assault.bone.spear_effects6] run data modify entity @s {} merge value {transformation:[0.000006082011509885348f,-0.000009972974081669436f,0.000018248105885390295f,0.41870957717418544f,-0.000013317802360141694f,0.00001273420346012641f,0.000011398273859525965f,5.725031318549966f,-0.000015971528440768296f,-0.000014416112327770553f,-0.0000025554704191743942f,8.074615196128823f,0f,0f,0f,1f],start_interpolation:0}
execute if entity @s[tag=aj.messemers_assault.locator_origin.spear_head9] at @s on origin run tp @s ^0.41868 ^5.72505 ^8.07464 ~82.02812 ~31.74058
execute if entity @s[tag=aj.messemers_assault.locator_origin.spear_body16] at @s on origin run tp @s ^0.41869 ^5.72505 ^8.07464 ~82.02812 ~31.74058
execute if entity @s[tag=aj.messemers_assault.locator_origin.spear_body17] at @s on origin run tp @s ^0.41869 ^5.72504 ^8.07465 ~82.02812 ~31.74058
execute if entity @s[tag=aj.messemers_assault.bone.spear_effects7] run data modify entity @s {} merge value {transformation:[0.000006082011509885348f,-0.000009972974081669436f,0.000018248105885390295f,0.41868758868030365f,-0.000013317802360141694f,0.00001273420346012641f,0.000011398273859525965f,5.725046692606804f,-0.000015971528440768296f,-0.000014416112327770553f,-0.0000025554704191743942f,8.074643988013758f,0f,0f,0f,1f],start_interpolation:0}
execute if entity @s[tag=aj.messemers_assault.locator_origin.spear_head10] at @s on origin run tp @s ^0.41869 ^5.72503 ^8.07461 ~82.02812 ~31.74058
execute if entity @s[tag=aj.messemers_assault.locator_origin.spear_body18] at @s on origin run tp @s ^0.4187 ^5.72502 ^8.07462 ~82.02812 ~31.74058
execute if entity @s[tag=aj.messemers_assault.locator_origin.spear_body19] at @s on origin run tp @s ^0.4187 ^5.72502 ^8.07463 ~82.02812 ~31.74058
execute if entity @s[tag=aj.messemers_assault.bone.spear_effects8] run data modify entity @s {} merge value {transformation:[0.000006082011509885348f,-0.000009972974081669436f,0.000018248105885390295f,0.41869495115989663f,-0.000013317802360141694f,0.00001273420346012641f,0.000011398273859525965f,5.725024358456988f,-0.000015971528440768296f,-0.000014416112327770553f,-0.0000025554704191743942f,8.074619166243652f,0f,0f,0f,1f],start_interpolation:0}
execute if entity @s[tag=aj.messemers_assault.locator_origin.spear_head11] at @s on origin run tp @s ^0.41868 ^5.72503 ^8.07462 ~38.69383 ~-21.50357
execute if entity @s[tag=aj.messemers_assault.locator_origin.spear_body20] at @s on origin run tp @s ^0.41868 ^5.72502 ^8.07463 ~38.69383 ~-21.50357
execute if entity @s[tag=aj.messemers_assault.locator_origin.spear_body21] at @s on origin run tp @s ^0.41869 ^5.72502 ^8.07463 ~38.69383 ~-21.50357
execute if entity @s[tag=aj.messemers_assault.bone.spear_effects9] run data modify entity @s {} merge value {transformation:[-0.000014531566494323939f,-0.000009972974081669436f,0.000012602293744863893f,0.41868289314453755f,-0.000015627134243513385f,0.00001273420346012641f,-0.000007942114454964747f,5.7250223521226244f,-0.000003751092507616599f,-0.000014416112327770553f,-0.000015733704420664845f,8.074625735643398f,0f,0f,0f,1f],start_interpolation:0}
execute if entity @s[tag=aj.messemers_assault.locator_origin.spear_head12] at @s on origin run tp @s ^0.41868 ^5.72504 ^8.07463 ~82.02812 ~31.74058
execute if entity @s[tag=aj.messemers_assault.locator_origin.spear_body22] at @s on origin run tp @s ^0.41869 ^5.72504 ^8.07464 ~82.02812 ~31.74058
execute if entity @s[tag=aj.messemers_assault.locator_origin.spear_body23] at @s on origin run tp @s ^0.41869 ^5.72503 ^8.07464 ~82.02812 ~31.74058
execute if entity @s[tag=aj.messemers_assault.bone.spear_effects10] run data modify entity @s {} merge value {transformation:[0.000006082011509885348f,-0.000009972974081669436f,0.000018248105885390295f,0.41868573407718296f,-0.000013317802360141694f,0.00001273420346012641f,0.000011398273859525965f,5.72503724486271f,-0.000015971528440768296f,-0.000014416112327770553f,-0.0000025554704191743942f,8.074636925528091f,0f,0f,0f,1f],start_interpolation:0}
execute if entity @s[tag=aj.messemers_assault.locator_origin.spear_head13] at @s on origin run tp @s ^0.41869 ^5.72506 ^8.07463 ~38.69383 ~-21.50357
execute if entity @s[tag=aj.messemers_assault.locator_origin.spear_body24] at @s on origin run tp @s ^0.4187 ^5.72505 ^8.07464 ~38.69383 ~-21.50357
execute if entity @s[tag=aj.messemers_assault.locator_origin.spear_body25] at @s on origin run tp @s ^0.4187 ^5.72505 ^8.07465 ~38.69383 ~-21.50357
execute if entity @s[tag=aj.messemers_assault.bone.spear_effects11] run data modify entity @s {} merge value {transformation:[-0.000014531566494323939f,-0.000009972974081669436f,0.000012602293744863893f,0.41869877589194876f,-0.000015627134243513385f,0.00001273420346012641f,-0.000007942114454964747f,5.725051269929464f,-0.000003751092507616599f,-0.000014416112327770553f,-0.000015733704420664845f,8.074640292064911f,0f,0f,0f,1f],start_interpolation:0}
execute if entity @s[tag=aj.messemers_assault.locator_origin.flame1] at @s on origin run tp @s ^-0.39711 ^6.56492 ^6.78145 ~66.17322 ~14.52521
execute if entity @s[tag=aj.messemers_assault.locator_origin.flame2] at @s on origin run tp @s ^-0.39711 ^6.56491 ^6.78144 ~66.17322 ~14.52521
execute if entity @s[tag=aj.messemers_assault.locator_origin.flame3] at @s on origin run tp @s ^-0.3971 ^6.56492 ^6.78145 ~66.17322 ~14.52521
execute if entity @s[tag=aj.messemers_assault.locator_origin.flame4] at @s on origin run tp @s ^-0.3971 ^6.56491 ^6.78143 ~66.17322 ~14.52521
execute if entity @s[tag=aj.messemers_assault.bone.flame_blast] run data modify entity @s {} merge value {transformation:[-0.000002151241369229466f,-0.000015726612974940264f,0.00003025569229118492f,-0.39710604010956846f,-0.00002628096149495423f,0.000020080859302507037f,0.00000856920437874837f,6.564916089885652f,-0.0000217265812907406f,-0.000022733100209176644f,-0.000013361247374683388f,6.781443322719276f,0f,0f,0f,1f],start_interpolation:0}
execute if entity @s[tag=aj.messemers_assault.locator_origin.spear0] at @s on origin run tp @s ^-0.03423 ^5.77993 ^7.76392 ~-108.67 ~-11.29194
execute if entity @s[tag=aj.messemers_assault.locator_origin.spear1] at @s on origin run tp @s ^-0.47353 ^6.38011 ^6.8382 ~-108.67 ~-11.29194
execute if entity @s[tag=aj.messemers_assault.locator_origin.spear2] at @s on origin run tp @s ^-0.8897 ^6.94871 ^5.9612 ~-108.67 ~-11.29194
execute if entity @s[tag=aj.messemers_assault.bone.spear_of_the_impaler] run data modify entity @s {} merge value {transformation:[-0.013039676795818562f,0.8015218433698386f,-2.0129175705613283f,-0.3268130604445238f,-1.82078825591973f,-1.0950732860987376f,-0.4242511869425272f,6.221397268327942f,-1.1743102394079215f,1.6890298035021087f,0.6801604435335684f,7.071954553734193f,0f,0f,0f,1f],start_interpolation:0}
execute if entity @s[tag=aj.messemers_assault.bone.left_arm2] run data modify entity @s {} merge value {transformation:[-0.006018312367300875f,-0.07183239803163224f,0.9973985595083215f,-0.4994558190888533f,-0.8403638104244908f,0.5409622794645879f,0.03388920661962082f,6.542326658747488f,-0.5419893412651946f,-0.8379736981489945f,-0.06362102769853624f,6.702289207746012f,0f,0f,0f,1f],start_interpolation:0}
execute if entity @s[tag=aj.messemers_assault.bone.left_arm] run data modify entity @s {} merge value {transformation:[-0.006018312367300875f,0.9855550065894565f,0.16924865997314675f,-0.2538193564874017f,-0.8403638104244908f,0.08674959648616423f,-0.5350356751080416f,6.458968581565967f,-0.5419893412651946f,-0.14545046062472258f,0.8277026745510588f,6.598177924931682f,0f,0f,0f,1f],start_interpolation:0}
execute if entity @s[tag=aj.messemers_assault.bone.head] run data modify entity @s {} merge value {transformation:[0.9973066843190127f,-0.07059684867612112f,-0.019886235682460784f,0.05201335008645639f,0.055410630752020074f,0.9028670856787943f,-0.4263340094310375f,6.590105874594011f,0.04805246520503191f,0.4240838484956501f,0.9043471955133369f,6.685296685637889f,0f,0f,0f,1f],start_interpolation:0}
execute if entity @s[tag=aj.messemers_assault.bone.body_top] run data modify entity @s {} merge value {transformation:[0.9910181189274729f,-0.026855343241579992f,-0.1310033529984258f,0.06258764148782851f,-0.016381320786099288f,0.9478709966866086f,-0.318232974359412f,6.216881669648659f,0.13272053453311639f,0.317520651579881f,0.9389174061298106f,6.560272929078311f,0f,0f,0f,1f],start_interpolation:0}
execute if entity @s[tag=aj.messemers_assault.bone.body] run data modify entity @s {} merge value {transformation:[0.9910181189274729f,-0.026855343241579992f,-0.1310033529984258f,0.07433685415601976f,-0.016381320786099288f,0.9478709966866086f,-0.318232974359412f,5.802188108598268f,0.13272053453311639f,0.317520651579881f,0.9389174061298106f,6.4213576440121125f,0f,0f,0f,1f],start_interpolation:0}
execute if entity @s[tag=aj.messemers_assault.locator_origin.player_camera] at @s on origin run tp @s ^0.04384 ^5.2877 ^6.42023 ~-164.4701 ~-13.27161
execute if entity @s[tag=aj.messemers_assault.bone.right_leg2] run data modify entity @s {} merge value {transformation:[0.9831287788175848f,0.003020773664854426f,0.1828898006645272f,0.24434322229344407f,0.17986658479326034f,0.16580924726067603f,-0.9696160607156096f,5.565635290445498f,-0.033253810841069986f,0.9861532175323029f,0.16246850653352057f,6.288540345025057f,0f,0f,0f,1f],start_interpolation:0}
execute if entity @s[tag=aj.messemers_assault.bone.right_leg] run data modify entity @s {} merge value {transformation:[0.9831287788175848f,-0.13815999961876282f,0.11987334468508098f,0.1946919724304512f,0.17986658479326034f,0.8493491249807207f,-0.4962399374992836f,5.870870132235445f,-0.033253810841069986f,0.509428972870436f,0.859869935318545f,6.47161638215037f,0f,0f,0f,1f],start_interpolation:0}
execute if entity @s[tag=aj.messemers_assault.bone.left_leg2] run data modify entity @s {} merge value {transformation:[0.9433376405834201f,0.2539589222426549f,-0.213585958508174f,-0.16304589310621065f,-0.30727177394906474f,0.9115405573896582f,-0.2732725181351865f,5.5448983999725465f,0.12529226948499705f,0.32341718885535464f,0.937924927251749f,6.459530554707664f,0f,0f,0f,1f],start_interpolation:0}
execute if entity @s[tag=aj.messemers_assault.bone.left_leg] run data modify entity @s {} merge value {transformation:[0.9433376405834201f,0.3238873353591254f,-0.0721878788472948f,-0.04664888196152496f,-0.30727177394906474f,0.9347295555701094f,0.17850690428636207f,5.880816834005555f,0.12529226948499705f,-0.1462109843263188f,0.98128700963053f,6.406985982215393f,0f,0f,0f,1f],start_interpolation:0}