execute if entity @s[tag=aj.messemers_assault.bone.right_arm2] run data modify entity @s {} merge value {transformation:[-0.16462599453153254f,-0.7772095048198334f,0.6073250098112319f,1.6189542125491148f,-0.17544555946092366f,0.6289806877786784f,0.757365268590331f,3.1406615797556254f,-0.9706271877450925f,0.01812953444438209f,-0.23990452765815531f,-1.6490409987816472f,0f,0f,0f,1f],start_interpolation:0}
execute if entity @s[tag=aj.messemers_assault.bone.right_arm] run data modify entity @s {} merge value {transformation:[-0.5166997205743905f,-0.6034714004956105f,0.6073250098112319f,1.468086362425212f,0.1471730959658883f,0.6361901679190832f,0.757365268590331f,3.2997091217353964f,-0.8434224792962077f,0.4807123246048048f,-0.23990452765815531f,-1.528862917630446f,0f,0f,0f,1f],start_interpolation:0}
execute if entity @s[tag=aj.messemers_assault.bone.flame_slash2] run data modify entity @s {} merge value {transformation:[-0.5258543938064881f,1.2132549519282443f,-3.727658948465294f,2.09616785657576f,-1.0514314404563403f,-0.4547848069065712f,1.9770616552917968f,3.2122071902970437f,0.05911223346675413f,2.7036772810385905f,2.0053200577942896f,0.8075435072176441f,0f,0f,0f,1f],start_interpolation:0}
execute if entity @s[tag=aj.messemers_assault.bone.flame_slash] run data modify entity @s {} merge value {transformation:[-0.5258543938064881f,1.2132549519282443f,-3.727658948465294f,2.09616785657576f,-1.0514314404563403f,-0.4547848069065712f,1.9770616552917968f,3.2122071902970437f,0.05911223346675413f,2.7036772810385905f,2.0053200577942896f,0.8075435072176441f,0f,0f,0f,1f],start_interpolation:0}
execute if entity @s[tag=aj.messemers_assault.bone.impaling_thrust] run data modify entity @s {} merge value {transformation:[-0.000013002842185763533f,-0.00000786359994884656f,-0.000005753717758035114f,1.9209013415203862f,0.0000011203060613538147f,-0.000010737689543448f,0.000012143406223128734f,3.1468343079540237f,-0.000009679172822277849f,0.000009321008326116224f,0.000009134976429277188f,-0.06743681430859677f,0f,0f,0f,1f],start_interpolation:0}
execute if entity @s[tag=aj.messemers_assault.locator_origin.spear0] at @s on origin run tp @s ^2.23176 ^3.17797 ^1.23052 ~-118.27834 ~25.0363
execute if entity @s[tag=aj.messemers_assault.locator_origin.spear1] at @s on origin run tp @s ^1.82709 ^3.32966 ^0.32873 ~-118.27834 ~25.0363
execute if entity @s[tag=aj.messemers_assault.locator_origin.spear2] at @s on origin run tp @s ^1.39713 ^3.49083 ^-0.62943 ~-118.27834 ~25.0363
execute if entity @s[tag=aj.messemers_assault.locator_origin.spear_head2] at @s on origin run tp @s ^2.714 ^3.09102 ^1.48464 ~69.99998 ~18.99994
execute if entity @s[tag=aj.messemers_assault.locator_origin.spear_body2] at @s on origin run tp @s ^2.714 ^3.09101 ^1.48465 ~69.99998 ~18.99994
execute if entity @s[tag=aj.messemers_assault.locator_origin.spear_body3] at @s on origin run tp @s ^2.714 ^3.09101 ^1.48466 ~69.99998 ~18.99994
execute if entity @s[tag=aj.messemers_assault.bone.spear_effects0] run data modify entity @s {} merge value {transformation:[0.000003832232083890689f,-0.000009174222864645948f,0.00001925076820621583f,2.7139998857195065f,-0.000019353640184494743f,0.000006717347231300289f,0.000007053956494599118f,3.091013216188945f,-0.000008955169083202917f,-0.000018443300286239274f,-0.000007006715756136876f,1.484653197217082f,0f,0f,0f,1f],start_interpolation:0}
execute if entity @s[tag=aj.messemers_assault.locator_origin.spear_head3] at @s on origin run tp @s ^2.714 ^3.091 ^1.48464 ~69.99998 ~18.99994
execute if entity @s[tag=aj.messemers_assault.locator_origin.spear_body4] at @s on origin run tp @s ^2.71401 ^3.091 ^1.48465 ~69.99998 ~18.99994
execute if entity @s[tag=aj.messemers_assault.locator_origin.spear_body5] at @s on origin run tp @s ^2.71401 ^3.091 ^1.48465 ~69.99998 ~18.99994
execute if entity @s[tag=aj.messemers_assault.bone.spear_effects1] run data modify entity @s {} merge value {transformation:[0.000003832232083890689f,-0.000009174222864645948f,0.00001925076820621583f,2.714006626378833f,-0.000019353640184494743f,0.000006717347231300289f,0.000007053956494599118f,3.0910004435665503f,-0.000008955169083202917f,-0.000018443300286239274f,-0.000007006715756136876f,1.4846451922262014f,0f,0f,0f,1f],start_interpolation:0}
execute if entity @s[tag=aj.messemers_assault.locator_origin.spear_head4] at @s on origin run tp @s ^2.71401 ^3.09102 ^1.48464 ~23.16779 ~-63.28388
execute if entity @s[tag=aj.messemers_assault.locator_origin.spear_body6] at @s on origin run tp @s ^2.71401 ^3.09101 ^1.48465 ~23.16779 ~-63.28388
execute if entity @s[tag=aj.messemers_assault.locator_origin.spear_body7] at @s on origin run tp @s ^2.71402 ^3.09101 ^1.48466 ~23.16779 ~-63.28388
execute if entity @s[tag=aj.messemers_assault.bone.spear_effects2] run data modify entity @s {} merge value {transformation:[-0.000019250768206215834f,-0.000009174222864645948f,0.000003832232083890686f,2.714011505646712f,-0.000007053956494599115f,0.000006717347231300289f,-0.000019353640184494743f,3.0910140867800457f,0.000007006715756136877f,-0.000018443300286239274f,-0.000008955169083202915f,1.484647734217642f,0f,0f,0f,1f],start_interpolation:0}
execute if entity @s[tag=aj.messemers_assault.locator_origin.spear_head5] at @s on origin run tp @s ^2.71399 ^3.09101 ^1.48464 ~23.16779 ~-63.28388
execute if entity @s[tag=aj.messemers_assault.locator_origin.spear_body8] at @s on origin run tp @s ^2.714 ^3.091 ^1.48465 ~23.16779 ~-63.28388
execute if entity @s[tag=aj.messemers_assault.locator_origin.spear_body9] at @s on origin run tp @s ^2.714 ^3.091 ^1.48466 ~23.16779 ~-63.28388
execute if entity @s[tag=aj.messemers_assault.bone.spear_effects3] run data modify entity @s {} merge value {transformation:[-0.000019250768206215834f,-0.000009174222864645948f,0.000003832232083890686f,2.713995480938279f,-0.000007053956494599115f,0.000006717347231300289f,-0.000019353640184494743f,3.0910035574806427f,0.000007006715756136877f,-0.000018443300286239274f,-0.000008955169083202915f,1.4846518704234797f,0f,0f,0f,1f],start_interpolation:0}
execute if entity @s[tag=aj.messemers_assault.locator_origin.spear_head6] at @s on origin run tp @s ^2.71401 ^3.09101 ^1.48463 ~44.87583 ~-44.4801
execute if entity @s[tag=aj.messemers_assault.locator_origin.spear_body10] at @s on origin run tp @s ^2.71402 ^3.091 ^1.48464 ~44.87583 ~-44.4801
execute if entity @s[tag=aj.messemers_assault.locator_origin.spear_body11] at @s on origin run tp @s ^2.71402 ^3.091 ^1.48465 ~44.87583 ~-44.4801
execute if entity @s[tag=aj.messemers_assault.bone.spear_effects4] run data modify entity @s {} merge value {transformation:[-0.000016318859003358918f,-0.000009174222864645948f,0.0000109074708389591f,2.714018875299391f,-0.000013923323483146567f,0.000006717347231300289f,-0.000015180999762935449f,3.091002391445575f,0.0000030463664350493787f,-0.000018443300286239274f,-0.000010954851461314053f,1.4846398087131785f,0f,0f,0f,1f],start_interpolation:0}
execute if entity @s[tag=aj.messemers_assault.locator_origin.spear_head7] at @s on origin run tp @s ^2.71402 ^3.09102 ^1.48463 ~44.87583 ~-44.4801
execute if entity @s[tag=aj.messemers_assault.locator_origin.spear_body12] at @s on origin run tp @s ^2.71402 ^3.09102 ^1.48464 ~44.87583 ~-44.4801
execute if entity @s[tag=aj.messemers_assault.locator_origin.spear_body13] at @s on origin run tp @s ^2.71403 ^3.09102 ^1.48465 ~44.87583 ~-44.4801
execute if entity @s[tag=aj.messemers_assault.bone.spear_effects5] run data modify entity @s {} merge value {transformation:[-0.000016318859003358918f,-0.000009174222864645948f,0.0000109074708389591f,2.7140240708917043f,-0.000013923323483146567f,0.000006717347231300289f,-0.000015180999762935449f,3.091018690995866f,0.0000030463664350493787f,-0.000018443300286239274f,-0.000010954851461314053f,1.4846431608365112f,0f,0f,0f,1f],start_interpolation:0}
execute if entity @s[tag=aj.messemers_assault.locator_origin.spear_head8] at @s on origin run tp @s ^2.714 ^3.09099 ^1.48463 ~62.78538 ~-2.35237
execute if entity @s[tag=aj.messemers_assault.locator_origin.spear_body14] at @s on origin run tp @s ^2.71401 ^3.09099 ^1.48464 ~62.78538 ~-2.35237
execute if entity @s[tag=aj.messemers_assault.locator_origin.spear_body15] at @s on origin run tp @s ^2.71401 ^3.09099 ^1.48465 ~62.78538 ~-2.35237
execute if entity @s[tag=aj.messemers_assault.bone.spear_effects6] run data modify entity @s {} merge value {transformation:[-0.000003826429266679734f,-0.000009174222864645948f,0.000019251922458324735f,2.7140075607300727f,-0.000020579864329149865f,0.000006717347231300289f,-8.893114259761906e-7f,3.0909914710342714f,-0.000005592143390984022f,-0.000018443300286239274f,-0.000009900356119389029f,1.4846414595124082f,0f,0f,0f,1f],start_interpolation:0}
execute if entity @s[tag=aj.messemers_assault.locator_origin.spear_head9] at @s on origin run tp @s ^2.714 ^3.09103 ^1.48465 ~62.78538 ~-2.35237
execute if entity @s[tag=aj.messemers_assault.locator_origin.spear_body16] at @s on origin run tp @s ^2.714 ^3.09103 ^1.48466 ~62.78538 ~-2.35237
execute if entity @s[tag=aj.messemers_assault.locator_origin.spear_body17] at @s on origin run tp @s ^2.71401 ^3.09102 ^1.48467 ~62.78538 ~-2.35237
execute if entity @s[tag=aj.messemers_assault.bone.spear_effects7] run data modify entity @s {} merge value {transformation:[-0.000003826429266679734f,-0.000009174222864645948f,0.000019251922458324735f,2.714001781838354f,-0.000020579864329149865f,0.000006717347231300289f,-8.893114259761906e-7f,3.0910270365168837f,-0.000005592143390984022f,-0.000018443300286239274f,-0.000009900356119389029f,1.4846572876197512f,0f,0f,0f,1f],start_interpolation:0}
execute if entity @s[tag=aj.messemers_assault.locator_origin.spear_head10] at @s on origin run tp @s ^2.71399 ^3.091 ^1.48464 ~62.78538 ~-2.35237
execute if entity @s[tag=aj.messemers_assault.locator_origin.spear_body18] at @s on origin run tp @s ^2.71399 ^3.09099 ^1.48465 ~62.78538 ~-2.35237
execute if entity @s[tag=aj.messemers_assault.locator_origin.spear_body19] at @s on origin run tp @s ^2.714 ^3.09099 ^1.48466 ~62.78538 ~-2.35237
execute if entity @s[tag=aj.messemers_assault.bone.spear_effects8] run data modify entity @s {} merge value {transformation:[-0.000003826429266679734f,-0.000009174222864645948f,0.000019251922458324735f,2.713993432140488f,-0.000020579864329149865f,0.000006717347231300289f,-8.893114259761906e-7f,3.0909947620628064f,-0.000005592143390984022f,-0.000018443300286239274f,-0.000009900356119389029f,1.4846496861209153f,0f,0f,0f,1f],start_interpolation:0}
execute if entity @s[tag=aj.messemers_assault.locator_origin.spear_head11] at @s on origin run tp @s ^2.71398 ^3.091 ^1.48465 ~23.16779 ~-63.28388
execute if entity @s[tag=aj.messemers_assault.locator_origin.spear_body20] at @s on origin run tp @s ^2.71398 ^3.091 ^1.48466 ~23.16779 ~-63.28388
execute if entity @s[tag=aj.messemers_assault.locator_origin.spear_body21] at @s on origin run tp @s ^2.71399 ^3.091 ^1.48466 ~23.16779 ~-63.28388
execute if entity @s[tag=aj.messemers_assault.bone.spear_effects9] run data modify entity @s {} merge value {transformation:[-0.000019250768206215834f,-0.000009174222864645948f,0.000003832232083890686f,2.7139840173455334f,-0.000007053956494599115f,0.000006717347231300289f,-0.000019353640184494743f,3.091001897365107f,0.000007006715756136877f,-0.000018443300286239274f,-0.000008955169083202915f,1.484656968100182f,0f,0f,0f,1f],start_interpolation:0}
execute if entity @s[tag=aj.messemers_assault.locator_origin.spear_head12] at @s on origin run tp @s ^2.71399 ^3.09102 ^1.48465 ~62.78538 ~-2.35237
execute if entity @s[tag=aj.messemers_assault.locator_origin.spear_body22] at @s on origin run tp @s ^2.714 ^3.09102 ^1.48466 ~62.78538 ~-2.35237
execute if entity @s[tag=aj.messemers_assault.locator_origin.spear_body23] at @s on origin run tp @s ^2.714 ^3.09101 ^1.48467 ~62.78538 ~-2.35237
execute if entity @s[tag=aj.messemers_assault.bone.spear_effects10] run data modify entity @s {} merge value {transformation:[-0.000003826429266679734f,-0.000009174222864645948f,0.000019251922458324735f,2.713994864739232f,-0.000020579864329149865f,0.000006717347231300289f,-8.893114259761906e-7f,3.09101730404255f,-0.000005592143390984022f,-0.000018443300286239274f,-0.000009900356119389029f,1.4846571836578486f,0f,0f,0f,1f],start_interpolation:0}
execute if entity @s[tag=aj.messemers_assault.locator_origin.spear_head13] at @s on origin run tp @s ^2.71401 ^3.09103 ^1.48464 ~23.16779 ~-63.28388
execute if entity @s[tag=aj.messemers_assault.locator_origin.spear_body24] at @s on origin run tp @s ^2.71401 ^3.09102 ^1.48465 ~23.16779 ~-63.28388
execute if entity @s[tag=aj.messemers_assault.locator_origin.spear_body25] at @s on origin run tp @s ^2.71402 ^3.09102 ^1.48466 ~23.16779 ~-63.28388
execute if entity @s[tag=aj.messemers_assault.bone.spear_effects11] run data modify entity @s {} merge value {transformation:[-0.000019250768206215834f,-0.000009174222864645948f,0.000003832232083890686f,2.714012141951096f,-0.000007053956494599115f,0.000006717347231300289f,-0.000019353640184494743f,3.0910236348393023f,0.000007006715756136877f,-0.000018443300286239274f,-0.000008955169083202915f,1.4846508952587938f,0f,0f,0f,1f],start_interpolation:0}
execute if entity @s[tag=aj.messemers_assault.locator_origin.flame1] at @s on origin run tp @s ^1.86253 ^3.43346 ^0.00108 ~55.33616 ~-23.66628
execute if entity @s[tag=aj.messemers_assault.locator_origin.flame2] at @s on origin run tp @s ^1.86252 ^3.43344 ^0.00108 ~55.33616 ~-23.66628
execute if entity @s[tag=aj.messemers_assault.locator_origin.flame3] at @s on origin run tp @s ^1.86255 ^3.43345 ^0.00107 ~55.33616 ~-23.66628
execute if entity @s[tag=aj.messemers_assault.locator_origin.flame4] at @s on origin run tp @s ^1.86254 ^3.43344 ^0.00107 ~55.33616 ~-23.66628
execute if entity @s[tag=aj.messemers_assault.bone.flame_blast] run data modify entity @s {} merge value {transformation:[-0.000017192484975796143f,-0.000014467043748095536f,0.000025738768747918462f,1.8625348201269598f,-0.000029445869928911215f,0.000010592739864742766f,-0.000013714799211021762f,3.4334480875662123f,-0.0000021726287298518976f,-0.000029083665835992705f,-0.000017798347593348173f,0.0010739071217042984f,0f,0f,0f,1f],start_interpolation:0}
execute if entity @s[tag=aj.messemers_assault.bone.spear_of_the_impaler] run data modify entity @s {} merge value {transformation:[-0.9679443709004383f,0.8767908927158273f,-1.7288047517684522f,1.9021970587208346f,-1.935378226680697f,-0.3286623114189367f,0.916916926001199f,3.2913962697173185f,0.10880835894765362f,1.9538841470127615f,0.9300225403288749f,0.43187693284916795f,0f,0f,0f,1f],start_interpolation:0}
execute if entity @s[tag=aj.messemers_assault.bone.left_arm2] run data modify entity @s {} merge value {transformation:[-0.4467435558002023f,-0.010756271939780127f,0.8945973943428122f,1.5021682069516427f,-0.8932514892372448f,-0.05076541888124108f,-0.4466818210105007f,3.5061562841020617f,0.05021924259122475f,-0.9986526797940161f,0.01307106781384304f,-0.6668923065319668f,0f,0f,0f,1f],start_interpolation:0}
execute if entity @s[tag=aj.messemers_assault.bone.left_arm] run data modify entity @s {} merge value {transformation:[-0.4467435558002023f,0.11156572747658385f,0.8876785926243868f,1.4742166943457633f,-0.8932514892372448f,-0.11131570089857579f,-0.43555779376439085f,3.3666709227227622f,0.05021924259122475f,-0.9875028623685499f,0.14938582425211666f,-0.9074906168002013f,0f,0f,0f,1f],start_interpolation:0}
execute if entity @s[tag=aj.messemers_assault.bone.head] run data modify entity @s {} merge value {transformation:[-0.745820042265063f,0.2684741473875661f,0.6096507990155176f,1.4967215465796688f,0.012103774155957078f,0.9204994043482038f,-0.39055645590078736f,3.473806172322282f,-0.6660375088588639f,-0.28390575686153574f,-0.6897764551026349f,-1.2335824480673747f,0f,0f,0f,1f],start_interpolation:0}
execute if entity @s[tag=aj.messemers_assault.bone.body_top] run data modify entity @s {} merge value {transformation:[-0.009808531072882154f,0.17787838743778123f,0.9840035934897426f,1.4266819315260424f,-0.10713888157978524f,0.9781993049961899f,-0.17789710441377013f,3.088640195980032f,-0.9941956813283915f,-0.10716995375339888f,0.009462993208772863f,-1.191384278776974f,0f,0f,0f,1f],start_interpolation:0}
execute if entity @s[tag=aj.messemers_assault.bone.body] run data modify entity @s {} merge value {transformation:[-0.31430319060899176f,0.0544967932910267f,0.9477571439424779f,1.4028395844612183f,-0.04666705465995458f,0.9962569558908673f,-0.0727616921767729f,2.6527777777777777f,-0.9481749260460184f,-0.06709826644599509f,-0.3105835350715965f,-1.162028787206851f,0f,0f,0f,1f],start_interpolation:0}
execute if entity @s[tag=aj.messemers_assault.locator_origin.player_camera] at @s on origin run tp @s ^1.79601 ^2.15278 ^-1.64787 ~38.98148 ~0
execute if entity @s[tag=aj.messemers_assault.bone.right_leg2] run data modify entity @s {} merge value {transformation:[-0.7236833500089077f,0.4593481478215792f,0.5150550339650798f,1.4232229827254375f,0.20906465570934082f,0.8571626800677807f,-0.4707059694035695f,2.491492524792013f,-0.6577038685100002f,-0.23296226945989323f,-0.7163478221891071f,-1.4698993081906067f,0f,0f,0f,1f],start_interpolation:0}
execute if entity @s[tag=aj.messemers_assault.bone.right_leg] run data modify entity @s {} merge value {transformation:[-0.7236833500089077f,-0.2237760223044199f,0.652845081747191f,1.3428034747097866f,0.20906465570934082f,0.830436259515944f,0.5163986721655104f,2.7899305555555554f,-0.6577038685100002f,0.5101959532599013f,-0.5541892371962857f,-1.2865476374878297f,0f,0f,0f,1f],start_interpolation:0}
execute if entity @s[tag=aj.messemers_assault.bone.left_leg2] run data modify entity @s {} merge value {transformation:[-0.6423516448522893f,0.38769583432883203f,0.6611174664154843f,1.6155932253404384f,-0.13325590225878584f,0.7929796445189525f,-0.5944965499410342f,2.4195424982904576f,-0.7547365294384227f,-0.4699736411998723f,-0.45770902078567155f,-1.1121272841909853f,0f,0f,0f,1f],start_interpolation:0}
execute if entity @s[tag=aj.messemers_assault.bone.left_leg] run data modify entity @s {} merge value {transformation:[-0.6423516448522893f,-0.4188751670268842f,0.641816140965431f,1.4650599621901519f,-0.13325590225878584f,0.8857174926796931f,0.4446879666399741f,2.7378472222222223f,-0.7547365294384227f,0.2001202578686068f,-0.6247596766132134f,-1.0402090665194548f,0f,0f,0f,1f],start_interpolation:0}