execute if entity @s[tag=aj.messemers_assault.bone.right_arm2] run data modify entity @s {} merge value {transformation:[0.4515564988716944f,0.8897805320868012f,-0.0662369462314379f,0.007380403854380629f,-0.6656549691861919f,0.38538641976544f,0.6390467662527569f,0.8941370182950998f,0.5941381912690575f,-0.24447476798169768f,0.7663105750906926f,9.726778809137711f,0f,0f,0f,1f],start_interpolation:0}
execute if entity @s[tag=aj.messemers_assault.bone.right_arm] run data modify entity @s {} merge value {transformation:[0.8359496653102471f,0.5447942951441576f,-0.0662369462314379f,0.14357897764042002f,-0.38378090358787004f,0.6665819143835003f,0.6390467662527569f,1.060782496890975f,0.3923013830066928f,-0.5087904552909854f,0.7663105750906926f,9.599581195314965f,0f,0f,0f,1f],start_interpolation:0}
execute if entity @s[tag=aj.messemers_assault.bone.flame_slash2] run data modify entity @s {} merge value {transformation:[0.000011693692574966572f,-0.0000012567417724240218f,4.802826675273036e-7f,-0.10875013372174254f,-0.0000011659592570410236f,-0.000011562980443980313f,-0.0000018682985907397695f,0.27166119151430834f,6.712751553595337e-7f,0.0000018084802267883331f,-0.000011611688348221534f,10.045200832512915f,0f,0f,0f,1f],start_interpolation:0}
execute if entity @s[tag=aj.messemers_assault.bone.flame_slash] run data modify entity @s {} merge value {transformation:[0.000011693692574966572f,-0.0000012567417724240218f,4.802826675273036e-7f,-0.10875013372174254f,-0.0000011659592570410236f,-0.000011562980443980313f,-0.0000018682985907397695f,0.27166119151430834f,6.712751553595337e-7f,0.0000018084802267883331f,-0.000011611688348221534f,10.045200832512915f,0f,0f,0f,1f],start_interpolation:0}
execute if entity @s[tag=aj.messemers_assault.bone.impaling_thrust] run data modify entity @s {} merge value {transformation:[-0.000014574465024747059f,-0.000005001392337981874f,-0.000005156202190226897f,0.7982011523460668f,0.0000020147328891462167f,0.00000834898609018561f,-0.000013793138140168817f,1.8421665067739903f,0.000006895012525754907f,-0.00001301137514062074f,-0.000006868645887088631f,9.544455632711037f,0f,0f,0f,1f],start_interpolation:0}
execute if entity @s[tag=aj.messemers_assault.locator_origin.spear_head2] at @s on origin run tp @s ^-0.46081 ^2.18935 ^10.32293 ~137.56145 ~1.32949
execute if entity @s[tag=aj.messemers_assault.locator_origin.spear_body2] at @s on origin run tp @s ^-0.45823 ^1.3417 ^10.34723 ~137.56145 ~1.32949
execute if entity @s[tag=aj.messemers_assault.locator_origin.spear_body3] at @s on origin run tp @s ^-0.45581 ^0.54703 ^10.37 ~137.56145 ~1.32949
execute if entity @s[tag=aj.messemers_assault.bone.spear_effects0] run data modify entity @s {} merge value {transformation:[2.053564678530634f,-0.005600693505405862f,1.8767856019487323f,-0.4803229829304995f,-0.047507697807100124f,1.8365707286925204f,0.0645478735247281f,1.3441978937361443f,-1.8762033817634083f,-0.05263429034289974f,2.0525675083517654f,10.31193007879737f,0f,0f,0f,1f],start_interpolation:0}
execute if entity @s[tag=aj.messemers_assault.locator_origin.spear_head3] at @s on origin run tp @s ^1.42994 ^2.16763 ^9.3639 ~137.56145 ~1.32949
execute if entity @s[tag=aj.messemers_assault.locator_origin.spear_body4] at @s on origin run tp @s ^1.43252 ^1.31998 ^9.38819 ~137.56145 ~1.32949
execute if entity @s[tag=aj.messemers_assault.locator_origin.spear_body5] at @s on origin run tp @s ^1.43495 ^0.52531 ^9.41097 ~137.56145 ~1.32949
execute if entity @s[tag=aj.messemers_assault.bone.spear_effects1] run data modify entity @s {} merge value {transformation:[2.053564678530634f,-0.005600693505405862f,1.8767856019487323f,1.410429919347468f,-0.047507697807100124f,1.8365707286925204f,0.0645478735247281f,1.3224788699130225f,-1.8762033817634083f,-0.05263429034289974f,2.0525675083517654f,9.352896517585036f,0f,0f,0f,1f],start_interpolation:0}
execute if entity @s[tag=aj.messemers_assault.locator_origin.spear_head4] at @s on origin run tp @s ^0.95929 ^2.21686 ^11.13178 ~47.58416 ~-0.97848
execute if entity @s[tag=aj.messemers_assault.locator_origin.spear_body6] at @s on origin run tp @s ^0.96187 ^1.36921 ^11.15607 ~47.58416 ~-0.97848
execute if entity @s[tag=aj.messemers_assault.locator_origin.spear_body7] at @s on origin run tp @s ^0.9643 ^0.57454 ^11.17885 ~47.58416 ~-0.97848
execute if entity @s[tag=aj.messemers_assault.bone.spear_effects2] run data modify entity @s {} merge value {transformation:[-1.8767856019487326f,-0.005600693505405862f,2.0535646785306336f,0.9266532249218404f,-0.0645478735247281f,1.8365707286925204f,-0.04750769780710013f,1.3733105448524086f,-2.0525675083517654f,-0.05263429034289974f,-1.8762033817634085f,11.178046066458627f,0f,0f,0f,1f],start_interpolation:0}
execute if entity @s[tag=aj.messemers_assault.locator_origin.spear_head5] at @s on origin run tp @s ^-0.22605 ^2.14958 ^8.91054 ~47.58416 ~-0.97848
execute if entity @s[tag=aj.messemers_assault.locator_origin.spear_body8] at @s on origin run tp @s ^-0.22347 ^1.30194 ^8.93483 ~47.58416 ~-0.97848
execute if entity @s[tag=aj.messemers_assault.locator_origin.spear_body9] at @s on origin run tp @s ^-0.22104 ^0.50727 ^8.95761 ~47.58416 ~-0.97848
execute if entity @s[tag=aj.messemers_assault.bone.spear_effects3] run data modify entity @s {} merge value {transformation:[-1.8767856019487326f,-0.005600693505405862f,2.0535646785306336f,-0.2586869263000829f,-0.0645478735247281f,1.8365707286925204f,-0.04750769780710013f,1.3060372915297342f,-2.0525675083517654f,-0.05263429034289974f,-1.8762033817634085f,8.956806638168967f,0f,0f,0f,1f],start_interpolation:0}
execute if entity @s[tag=aj.messemers_assault.locator_origin.spear_head6] at @s on origin run tp @s ^2.8486 ^2.20016 ^10.34817 ~70.07834 ~-0.39522
execute if entity @s[tag=aj.messemers_assault.locator_origin.spear_body10] at @s on origin run tp @s ^2.85118 ^1.35251 ^10.37246 ~70.07834 ~-0.39522
execute if entity @s[tag=aj.messemers_assault.locator_origin.spear_body11] at @s on origin run tp @s ^2.85361 ^0.55784 ^10.39523 ~70.07834 ~-0.39522
execute if entity @s[tag=aj.messemers_assault.bone.spear_effects4] run data modify entity @s {} merge value {transformation:[-0.9480586247884938f,-0.005600693505405862f,2.615461131149695f,2.810194491594637f,-0.077814868077208f,1.8365707286925204f,-0.01918998784840049f,1.3561627857038139f,-2.6143170600120955f,-0.05263429034289974f,-0.9479023239825591f,10.379285228599873f,0f,0f,0f,1f],start_interpolation:0}
execute if entity @s[tag=aj.messemers_assault.locator_origin.spear_head7] at @s on origin run tp @s ^2.19006 ^2.25944 ^12.48667 ~70.07834 ~-0.39522
execute if entity @s[tag=aj.messemers_assault.locator_origin.spear_body12] at @s on origin run tp @s ^2.19265 ^1.41179 ^12.51096 ~70.07834 ~-0.39522
execute if entity @s[tag=aj.messemers_assault.locator_origin.spear_body13] at @s on origin run tp @s ^2.19507 ^0.61712 ^12.53373 ~70.07834 ~-0.39522
execute if entity @s[tag=aj.messemers_assault.bone.spear_effects5] run data modify entity @s {} merge value {transformation:[-0.9480586247884938f,-0.005600693505405862f,2.615461131149695f,2.151657371972202f,-0.077814868077208f,1.8365707286925204f,-0.01918998784840049f,1.415441842465184f,-2.6143170600120955f,-0.05263429034289974f,-0.9479023239825591f,12.51778551630359f,0f,0f,0f,1f],start_interpolation:0}
execute if entity @s[tag=aj.messemers_assault.locator_origin.spear_head8] at @s on origin run tp @s ^2.28669 ^2.14339 ^8.42711 ~115.06228 ~0.85379
execute if entity @s[tag=aj.messemers_assault.locator_origin.spear_body14] at @s on origin run tp @s ^2.28927 ^1.29574 ^8.4514 ~115.06228 ~0.85379
execute if entity @s[tag=aj.messemers_assault.locator_origin.spear_body15] at @s on origin run tp @s ^2.2917 ^0.50107 ^8.47418 ~115.06228 ~0.85379
execute if entity @s[tag=aj.messemers_assault.bone.spear_effects6] run data modify entity @s {} merge value {transformation:[1.1790316192154506f,-0.005600693505405862f,2.5197889843161243f,2.2553855029108214f,-0.0685927914330218f,1.8365707286925204f,0.041454050356038934f,1.2985270195012097f,-2.5188694824967865f,-0.05263429034289974f,1.1783331601156757f,8.427233716848738f,0f,0f,0f,1f],start_interpolation:0}
execute if entity @s[tag=aj.messemers_assault.locator_origin.spear_head9] at @s on origin run tp @s ^-1.32643 ^2.23359 ^11.9587 ~115.06228 ~0.85379
execute if entity @s[tag=aj.messemers_assault.locator_origin.spear_body16] at @s on origin run tp @s ^-1.32384 ^1.38594 ^11.98299 ~115.06228 ~0.85379
execute if entity @s[tag=aj.messemers_assault.locator_origin.spear_body17] at @s on origin run tp @s ^-1.32142 ^0.59127 ^12.00576 ~115.06228 ~0.85379
execute if entity @s[tag=aj.messemers_assault.bone.spear_effects7] run data modify entity @s {} merge value {transformation:[1.1790316192154506f,-0.005600693505405862f,2.5197889843161243f,-1.3577309267171211f,-0.0685927914330218f,1.8365707286925204f,0.041454050356038934f,1.3887204351833284f,-2.5188694824967865f,-0.05263429034289974f,1.1783331601156757f,11.958820134624784f,0f,0f,0f,1f],start_interpolation:0}
execute if entity @s[tag=aj.messemers_assault.locator_origin.spear_head10] at @s on origin run tp @s ^0.22394 ^2.12064 ^7.85276 ~115.06228 ~0.85379
execute if entity @s[tag=aj.messemers_assault.locator_origin.spear_body18] at @s on origin run tp @s ^0.22652 ^1.27299 ^7.87705 ~115.06228 ~0.85379
execute if entity @s[tag=aj.messemers_assault.locator_origin.spear_body19] at @s on origin run tp @s ^0.22895 ^0.47832 ^7.89983 ~115.06228 ~0.85379
execute if entity @s[tag=aj.messemers_assault.bone.spear_effects8] run data modify entity @s {} merge value {transformation:[1.1790316192154506f,-0.005600693505405862f,2.5197889843161243f,0.19263740790227668f,-0.0685927914330218f,1.8365707286925204f,0.041454050356038934f,1.2757763076257198f,-2.5188694824967865f,-0.05263429034289974f,1.1783331601156757f,7.85288434438649f,0f,0f,0f,1f],start_interpolation:0}
execute if entity @s[tag=aj.messemers_assault.locator_origin.spear_head11] at @s on origin run tp @s ^-1.54925 ^2.11853 ^7.96788 ~47.58416 ~-0.97848
execute if entity @s[tag=aj.messemers_assault.locator_origin.spear_body20] at @s on origin run tp @s ^-1.54667 ^1.27089 ^7.99218 ~47.58416 ~-0.97848
execute if entity @s[tag=aj.messemers_assault.locator_origin.spear_body21] at @s on origin run tp @s ^-1.54425 ^0.47622 ^8.01495 ~47.58416 ~-0.97848
execute if entity @s[tag=aj.messemers_assault.bone.spear_effects9] run data modify entity @s {} merge value {transformation:[-1.8767856019487326f,-0.005600693505405862f,2.0535646785306336f,-1.5818887393566046f,-0.0645478735247281f,1.8365707286925204f,-0.04750769780710013f,1.2749865818397415f,-2.0525675083517654f,-0.05263429034289974f,-1.8762033817634085f,8.014151642769438f,0f,0f,0f,1f],start_interpolation:0}
execute if entity @s[tag=aj.messemers_assault.locator_origin.spear_head12] at @s on origin run tp @s ^-1.41826 ^2.18946 ^10.42891 ~115.06228 ~0.85379
execute if entity @s[tag=aj.messemers_assault.locator_origin.spear_body22] at @s on origin run tp @s ^-1.41567 ^1.34182 ^10.4532 ~115.06228 ~0.85379
execute if entity @s[tag=aj.messemers_assault.locator_origin.spear_body23] at @s on origin run tp @s ^-1.41325 ^0.54715 ^10.47598 ~115.06228 ~0.85379
execute if entity @s[tag=aj.messemers_assault.bone.spear_effects10] run data modify entity @s {} merge value {transformation:[1.1790316192154506f,-0.005600693505405862f,2.5197889843161243f,-1.4495575424544656f,-0.0685927914330218f,1.8365707286925204f,0.041454050356038934f,1.3445982732482518f,-2.5188694824967865f,-0.05263429034289974f,1.1783331601156757f,10.429034554888721f,0f,0f,0f,1f],start_interpolation:0}
execute if entity @s[tag=aj.messemers_assault.locator_origin.spear_head13] at @s on origin run tp @s ^0.26746 ^2.24608 ^12.22491 ~47.58416 ~-0.97848
execute if entity @s[tag=aj.messemers_assault.locator_origin.spear_body24] at @s on origin run tp @s ^0.27004 ^1.39843 ^12.2492 ~47.58416 ~-0.97848
execute if entity @s[tag=aj.messemers_assault.locator_origin.spear_body25] at @s on origin run tp @s ^0.27247 ^0.60376 ^12.27198 ~47.58416 ~-0.97848
execute if entity @s[tag=aj.messemers_assault.bone.spear_effects11] run data modify entity @s {} merge value {transformation:[-1.8767856019487326f,-0.005600693505405862f,2.0535646785306336f,0.234823159739782f,-0.0645478735247281f,1.8365707286925204f,-0.04750769780710013f,1.4025288074658182f,-2.0525675083517654f,-0.05263429034289974f,-1.8762033817634085f,12.271176298425544f,0f,0f,0f,1f],start_interpolation:0}
execute if entity @s[tag=aj.messemers_assault.locator_origin.flame1] at @s on origin run tp @s ^-0.6101 ^0.23984 ^10.67255 ~92.56927 ~0.24816
execute if entity @s[tag=aj.messemers_assault.locator_origin.flame2] at @s on origin run tp @s ^-0.55297 ^0.20362 ^9.40286 ~92.56927 ~0.24816
execute if entity @s[tag=aj.messemers_assault.locator_origin.flame3] at @s on origin run tp @s ^0.66009 ^0.24534 ^10.72954 ~92.56927 ~0.24816
execute if entity @s[tag=aj.messemers_assault.locator_origin.flame4] at @s on origin run tp @s ^0.71722 ^0.20913 ^9.45986 ~92.56927 ~0.24816
execute if entity @s[tag=aj.messemers_assault.bone.flame_blast] run data modify entity @s {} merge value {transformation:[0.11154094692090072f,-0.6493059535936817f,2.4799031677959307f,0.05059033248447503f,-0.0707028499966398f,212.9194013535864f,0.010751709828975064f,1.1981984782790027f,-2.478906631892553f,-6.10205826293409f,0.11127912908533082f,10.038296506265242f,0f,0f,0f,1f],start_interpolation:0}
execute if entity @s[tag=aj.messemers_assault.locator_origin.spear0] at @s on origin run tp @s ^-0.20695 ^-0.08323 ^10.10711 ~-86.71455 ~5.68475
execute if entity @s[tag=aj.messemers_assault.locator_origin.spear1] at @s on origin run tp @s ^-0.08017 ^1.0833 ^9.92466 ~-86.71455 ~5.68475
execute if entity @s[tag=aj.messemers_assault.locator_origin.spear2] at @s on origin run tp @s ^0.03995 ^2.18843 ^9.75182 ~-86.71455 ~5.68475
execute if entity @s[tag=aj.messemers_assault.bone.spear_of_the_impaler] run data modify entity @s {} merge value {transformation:[0.08840601313776963f,-0.23132945899486418f,-2.1524673058345547f,-0.08211113051823044f,-0.34389920962289566f,-2.128407019776907f,0.21461904908365734f,0.7680954942275302f,-2.1373727225044945f,0.33288839572740997f,-0.1235621524909589f,9.969413969092525f,0f,0f,0f,1f],start_interpolation:0}
execute if entity @s[tag=aj.messemers_assault.bone.left_arm2] run data modify entity @s {} merge value {transformation:[0.10604207138841128f,-0.40226523246132684f,0.9093611833856166f,-0.3910944991957427f,-0.7191170826261398f,0.6005819758404258f,0.34953098828412804f,1.0756487894159628f,-0.6867501005248736f,-0.6910021512618065f,-0.22558884365285198f,9.699114314698269f,0f,0f,0f,1f],start_interpolation:0}
execute if entity @s[tag=aj.messemers_assault.bone.left_arm] run data modify entity @s {} merge value {transformation:[0.10604207138841128f,0.3986849395699405f,0.9109365499615037f,-0.27816800537970615f,-0.7191170826261398f,0.6634485779229894f,-0.20665576674081046f,1.1516212985684426f,-0.6867501005248736f,-0.633155828696282f,0.35705461209316425f,9.45498159495859f,0f,0f,0f,1f],start_interpolation:0}
execute if entity @s[tag=aj.messemers_assault.bone.head] run data modify entity @s {} merge value {transformation:[0.977543970314866f,0.07044094673754832f,-0.19860981628249452f,0.01524278641486082f,-0.20291284640518775f,0.5689831364349948f,-0.7969219329497345f,1.2489438420347556f,0.056869700762295444f,0.8193267135125732f,0.5704994072388619f,9.605841603879885f,0f,0f,0f,1f],start_interpolation:0}
execute if entity @s[tag=aj.messemers_assault.bone.body_top] run data modify entity @s {} merge value {transformation:[0.9897678544849319f,-0.11055069726590781f,-0.09021162653625235f,0.05877212346331203f,0.00600840586619554f,0.6639646374478398f,-0.7477398339514257f,0.9875077660396687f,0.14256048992354692f,0.7395468230969424f,0.6578350881185786f,9.314645042285463f,0f,0f,0f,1f],start_interpolation:0}
execute if entity @s[tag=aj.messemers_assault.bone.body] run data modify entity @s {} merge value {transformation:[0.9897678544849319f,-0.10788014901735128f,-0.09338879845189543f,0.10596968865840321f,0.00600840586619554f,0.6854315500260438f,-0.7281122779405947f,0.6876314629032745f,0.14256048992354692f,0.7201010093569435f,0.6790663023857606f,8.9996008506918f,0f,0f,0f,1f],start_interpolation:0}
execute if entity @s[tag=aj.messemers_assault.locator_origin.player_camera] at @s on origin run tp @s ^0.10045 ^0.18096 ^8.90539 ~-163.77454 ~-24.0168
execute if entity @s[tag=aj.messemers_assault.bone.right_leg2] run data modify entity @s {} merge value {transformation:[0.9985190564022965f,-0.047426391515007306f,0.02665391883631335f,0.23976410338963072f,0.05227179068646971f,0.9721564978104281f,-0.2284281148707244f,0.49467676900164415f,-0.015078259179939796f,0.2294830737828571f,0.9731958512793168f,9.313876848035688f,0f,0f,0f,1f],start_interpolation:0}
execute if entity @s[tag=aj.messemers_assault.bone.right_leg] run data modify entity @s {} merge value {transformation:[0.9985190564022965f,-0.04796186873025418f,-0.025677872757870798f,0.2225278068146956f,0.05227179068646971f,0.7149936235904952f,0.6971741375892849f,0.7516276024794784f,-0.015078259179939796f,-0.6974838904038109f,0.7164418111244398f,9.06321857492182f,0f,0f,0f,1f],start_interpolation:0}
execute if entity @s[tag=aj.messemers_assault.bone.left_leg2] run data modify entity @s {} merge value {transformation:[0.956286506130995f,0.1273627618333525f,-0.26323914049767555f,-0.10311381127088266f,-0.28065471881184956f,0.6526044411821651f,-0.7038042143650146f,0.44125202881243153f,0.08215258365027786f,0.7469177801120379f,0.6598217810531033f,8.871080768083782f,0f,0f,0f,1f],start_interpolation:0}
execute if entity @s[tag=aj.messemers_assault.bone.left_leg] run data modify entity @s {} merge value {transformation:[0.956286506130995f,0.23452245756366535f,-0.17468639068362776f,-0.01883230308394043f,-0.28065471881184956f,0.9038478290808181f,-0.32294276687136636f,0.7660723423883505f,0.08215258365027786f,0.35785237006926596f,0.9301573169283749f,8.999683963577425f,0f,0f,0f,1f],start_interpolation:0}