execute if entity @s[tag=aj.messemers_assault.bone.right_arm2] run data modify entity @s {} merge value {transformation:[0.32745657216531576f,-0.8193601600079433f,0.4705540580395615f,0.5956441467087162f,-0.44752794545511176f,-0.5731029527255515f,-0.6864923478189549f,1.8288835422549392f,0.8321604000326306f,0.01421034021450411f,-0.5543528973934566f,5.030929360868495f,0f,0f,0f,1f],start_interpolation:0}
execute if entity @s[tag=aj.messemers_assault.bone.right_arm] run data modify entity @s {} merge value {transformation:[0.20687000913907902f,-0.8577783383726232f,0.4705540580395615f,0.38119956211556044f,-0.5249131916414701f,-0.5031842581269652f,-0.6864923478189549f,1.703087477723198f,0.8256336600209335f,-0.10498535417817695f,-0.5543528973934566f,5.004683022323951f,0f,0f,0f,1f],start_interpolation:0}
execute if entity @s[tag=aj.messemers_assault.bone.flame_slash2] run data modify entity @s {} merge value {transformation:[0.0000020384439842230557f,0.000004628394472355102f,-0.000010628980576356731f,0.20284544603541654f,0.000008751475496859052f,-0.000007692279960249145f,-0.0000016712339758801188f,0.442847967648617f,-0.000007603219062487377f,-0.000007613101272315596f,-0.00000477328673624436f,3.4790754728889817f,0f,0f,0f,1f],start_interpolation:0}
execute if entity @s[tag=aj.messemers_assault.bone.flame_slash] run data modify entity @s {} merge value {transformation:[0.0000020384439842230557f,0.000004628394472355102f,-0.000010628980576356731f,0.20284544603541654f,0.000008751475496859052f,-0.000007692279960249145f,-0.0000016712339758801188f,0.442847967648617f,-0.000007603219062487377f,-0.000007613101272315596f,-0.00000477328673624436f,3.4790754728889817f,0f,0f,0f,1f],start_interpolation:0}
execute if entity @s[tag=aj.messemers_assault.bone.impaling_thrust] run data modify entity @s {} merge value {transformation:[-0.000013985623935187886f,-0.000007746477080102615f,0.0000028999643262365684f,-0.07089307317932014f,-0.000008180993262310845f,0.000013795003468748085f,-0.000002604727556147249f,2.365969912225682f,-0.0000012202661545844271f,-0.000003702073641511361f,-0.0000157740603006107f,5.183121681936099f,0f,0f,0f,1f],start_interpolation:0}
execute if entity @s[tag=aj.messemers_assault.locator_origin.spear0] at @s on origin run tp @s ^-0.00179 ^0.67721 ^3.70752 ~-65.816 ~-8.16249
execute if entity @s[tag=aj.messemers_assault.locator_origin.spear1] at @s on origin run tp @s ^-0.395 ^1.33072 ^4.35429 ~-65.816 ~-8.16249
execute if entity @s[tag=aj.messemers_assault.locator_origin.spear2] at @s on origin run tp @s ^-0.81279 ^2.02506 ^5.04149 ~-65.816 ~-8.16249
execute if entity @s[tag=aj.messemers_assault.locator_origin.spear_head2] at @s on origin run tp @s ^0.43077 ^0.34273 ^3.63201 ~144.22493 ~-25.76717
execute if entity @s[tag=aj.messemers_assault.locator_origin.spear_body2] at @s on origin run tp @s ^0.43077 ^0.34273 ^3.63201 ~144.22493 ~-25.76717
execute if entity @s[tag=aj.messemers_assault.locator_origin.spear_body3] at @s on origin run tp @s ^0.43078 ^0.34272 ^3.632 ~144.22493 ~-25.76717
execute if entity @s[tag=aj.messemers_assault.bone.spear_effects0] run data modify entity @s {} merge value {transformation:[0.000014836172405941948f,-0.000010918475352391167f,0.000011406985963208568f,0.43077395013137876f,0.00001573424209560145f,0.00001153966046797246f,-0.000009418827230890318f,0.3427262763808091f,-0.0000013289313235129876f,0.000014733213387024045f,0.00001583069200238087f,3.632007752456801f,0f,0f,0f,1f],start_interpolation:0}
execute if entity @s[tag=aj.messemers_assault.locator_origin.spear_head3] at @s on origin run tp @s ^0.43078 ^0.34274 ^3.63202 ~144.22493 ~-25.76717
execute if entity @s[tag=aj.messemers_assault.locator_origin.spear_body4] at @s on origin run tp @s ^0.43079 ^0.34274 ^3.63201 ~144.22493 ~-25.76717
execute if entity @s[tag=aj.messemers_assault.locator_origin.spear_body5] at @s on origin run tp @s ^0.43079 ^0.34273 ^3.632 ~144.22493 ~-25.76717
execute if entity @s[tag=aj.messemers_assault.bone.spear_effects1] run data modify entity @s {} merge value {transformation:[0.000014836172405941948f,-0.000010918475352391167f,0.000011406985963208568f,0.43078717109859277f,0.00001573424209560145f,0.00001153966046797246f,-0.000009418827230890318f,0.3427359088975817f,-0.0000013289313235129876f,0.000014733213387024045f,0.00001583069200238087f,3.6320100056537634f,0f,0f,0f,1f],start_interpolation:0}
execute if entity @s[tag=aj.messemers_assault.locator_origin.spear_head4] at @s on origin run tp @s ^0.43078 ^0.34273 ^3.63202 ~84.88146 ~46.56841
execute if entity @s[tag=aj.messemers_assault.locator_origin.spear_body6] at @s on origin run tp @s ^0.43078 ^0.34272 ^3.63202 ~84.88146 ~46.56841
execute if entity @s[tag=aj.messemers_assault.locator_origin.spear_body7] at @s on origin run tp @s ^0.43079 ^0.34272 ^3.63201 ~84.88146 ~46.56841
execute if entity @s[tag=aj.messemers_assault.bone.spear_effects2] run data modify entity @s {} merge value {transformation:[-0.000011406985963208571f,-0.000010918475352391167f,0.000014836172405941946f,0.43078288588708524f,0.000009418827230890315f,0.00001153966046797246f,0.000015734242095601452f,0.34272346454569275f,-0.00001583069200238087f,0.000014733213387024045f,-0.0000013289313235129912f,3.6320165769031423f,0f,0f,0f,1f],start_interpolation:0}
execute if entity @s[tag=aj.messemers_assault.locator_origin.spear_head5] at @s on origin run tp @s ^0.43077 ^0.34274 ^3.63201 ~84.88146 ~46.56841
execute if entity @s[tag=aj.messemers_assault.locator_origin.spear_body8] at @s on origin run tp @s ^0.43078 ^0.34274 ^3.632 ~84.88146 ~46.56841
execute if entity @s[tag=aj.messemers_assault.locator_origin.spear_body9] at @s on origin run tp @s ^0.43078 ^0.34273 ^3.632 ~84.88146 ~46.56841
execute if entity @s[tag=aj.messemers_assault.bone.spear_effects3] run data modify entity @s {} merge value {transformation:[-0.000011406985963208571f,-0.000010918475352391167f,0.000014836172405941946f,0.430776209796204f,0.000009418827230890315f,0.00001153966046797246f,0.000015734242095601452f,0.3427352559503896f,-0.00001583069200238087f,0.000014733213387024045f,-0.0000013289313235129912f,3.6320023938776957f,0f,0f,0f,1f],start_interpolation:0}
execute if entity @s[tag=aj.messemers_assault.locator_origin.spear_head6] at @s on origin run tp @s ^0.43079 ^0.34274 ^3.63203 ~104.9644 ~30.30209
execute if entity @s[tag=aj.messemers_assault.locator_origin.spear_body10] at @s on origin run tp @s ^0.4308 ^0.34273 ^3.63202 ~104.9644 ~30.30209
execute if entity @s[tag=aj.messemers_assault.locator_origin.spear_body11] at @s on origin run tp @s ^0.4308 ^0.34273 ^3.63201 ~104.9644 ~30.30209
execute if entity @s[tag=aj.messemers_assault.bone.spear_effects4] run data modify entity @s {} merge value {transformation:[-0.000004861123479585846f,-0.000010918475352391167f,0.000018072100567999555f,0.43079596696193456f,0.000014723095469687568f,0.00001153966046797246f,0.000010932115098132795f,0.34273207095251024f,-0.000015134212326749237f,0.000014733213387024045f,0.000004830371102278902f,3.632019530120452f,0f,0f,0f,1f],start_interpolation:0}
execute if entity @s[tag=aj.messemers_assault.locator_origin.spear_head7] at @s on origin run tp @s ^0.43079 ^0.34272 ^3.63203 ~104.9644 ~30.30209
execute if entity @s[tag=aj.messemers_assault.locator_origin.spear_body12] at @s on origin run tp @s ^0.43079 ^0.34272 ^3.63203 ~104.9644 ~30.30209
execute if entity @s[tag=aj.messemers_assault.locator_origin.spear_body13] at @s on origin run tp @s ^0.4308 ^0.34271 ^3.63202 ~104.9644 ~30.30209
execute if entity @s[tag=aj.messemers_assault.bone.spear_effects5] run data modify entity @s {} merge value {transformation:[-0.000004861123479585846f,-0.000010918475352391167f,0.000018072100567999555f,0.4307903313859721f,0.000014723095469687568f,0.00001153966046797246f,0.000010932115098132795f,0.34271731674574896f,-0.000015134212326749237f,0.000014733213387024045f,0.000004830371102278902f,3.63202690981668f,0f,0f,0f,1f],start_interpolation:0}
execute if entity @s[tag=aj.messemers_assault.locator_origin.spear_head8] at @s on origin run tp @s ^0.43079 ^0.34275 ^3.63202 ~131.04129 ~-7.10692
execute if entity @s[tag=aj.messemers_assault.locator_origin.spear_body14] at @s on origin run tp @s ^0.43079 ^0.34274 ^3.63201 ~131.04129 ~-7.10692
execute if entity @s[tag=aj.messemers_assault.locator_origin.spear_body15] at @s on origin run tp @s ^0.4308 ^0.34274 ^3.632 ~131.04129 ~-7.10692
execute if entity @s[tag=aj.messemers_assault.bone.spear_effects6] run data modify entity @s {} merge value {transformation:[0.000009341571485317444f,-0.000010918475352391167f,0.00001621623823851804f,0.43079336335140844f,0.000018140973365274557f,0.00001153966046797246f,-0.0000026806279280714768f,0.34274335373212295f,-0.000007285916002092474f,0.000014733213387024045f,0.000014117092326230371f,3.6320087635009064f,0f,0f,0f,1f],start_interpolation:0}
execute if entity @s[tag=aj.messemers_assault.locator_origin.spear_head9] at @s on origin run tp @s ^0.43076 ^0.34272 ^3.63202 ~131.04129 ~-7.10692
execute if entity @s[tag=aj.messemers_assault.locator_origin.spear_body16] at @s on origin run tp @s ^0.43077 ^0.34271 ^3.63201 ~131.04129 ~-7.10692
execute if entity @s[tag=aj.messemers_assault.locator_origin.spear_body17] at @s on origin run tp @s ^0.43077 ^0.34271 ^3.63201 ~131.04129 ~-7.10692
execute if entity @s[tag=aj.messemers_assault.bone.spear_effects7] run data modify entity @s {} merge value {transformation:[0.000009341571485317444f,-0.000010918475352391167f,0.00001621623823851804f,0.4307671283629221f,0.000018140973365274557f,0.00001153966046797246f,-0.0000026806279280714768f,0.34271421405146996f,-0.000007285916002092474f,0.000014733213387024045f,0.000014117092326230371f,3.63201214470122f,0f,0f,0f,1f],start_interpolation:0}
execute if entity @s[tag=aj.messemers_assault.locator_origin.spear_head10] at @s on origin run tp @s ^0.43078 ^0.34275 ^3.63201 ~131.04129 ~-7.10692
execute if entity @s[tag=aj.messemers_assault.locator_origin.spear_body18] at @s on origin run tp @s ^0.43078 ^0.34274 ^3.632 ~131.04129 ~-7.10692
execute if entity @s[tag=aj.messemers_assault.locator_origin.spear_body19] at @s on origin run tp @s ^0.43078 ^0.34274 ^3.63199 ~131.04129 ~-7.10692
execute if entity @s[tag=aj.messemers_assault.bone.spear_effects8] run data modify entity @s {} merge value {transformation:[0.000009341571485317444f,-0.000010918475352391167f,0.00001621623823851804f,0.43077986549207054f,0.000018140973365274557f,0.00001153966046797246f,-0.0000026806279280714768f,0.3427430828074806f,-0.000007285916002092474f,0.000014733213387024045f,0.000014117092326230371f,3.6319989727198787f,0f,0f,0f,1f],start_interpolation:0}
execute if entity @s[tag=aj.messemers_assault.locator_origin.spear_head11] at @s on origin run tp @s ^0.43076 ^0.34274 ^3.632 ~84.88146 ~46.56841
execute if entity @s[tag=aj.messemers_assault.locator_origin.spear_body20] at @s on origin run tp @s ^0.43077 ^0.34274 ^3.63199 ~84.88146 ~46.56841
execute if entity @s[tag=aj.messemers_assault.locator_origin.spear_body21] at @s on origin run tp @s ^0.43077 ^0.34273 ^3.63199 ~84.88146 ~46.56841
execute if entity @s[tag=aj.messemers_assault.bone.spear_effects9] run data modify entity @s {} merge value {transformation:[-0.000011406985963208571f,-0.000010918475352391167f,0.000014836172405941946f,0.43076787927654264f,0.000009418827230890315f,0.00001153966046797246f,0.000015734242095601452f,0.3427387096579646f,-0.00001583069200238087f,0.000014733213387024045f,-0.0000013289313235129912f,3.6319935152181033f,0f,0f,0f,1f],start_interpolation:0}
execute if entity @s[tag=aj.messemers_assault.locator_origin.spear_head12] at @s on origin run tp @s ^0.43076 ^0.34273 ^3.63201 ~131.04129 ~-7.10692
execute if entity @s[tag=aj.messemers_assault.locator_origin.spear_body22] at @s on origin run tp @s ^0.43077 ^0.34272 ^3.63201 ~131.04129 ~-7.10692
execute if entity @s[tag=aj.messemers_assault.locator_origin.spear_body23] at @s on origin run tp @s ^0.43077 ^0.34272 ^3.632 ~131.04129 ~-7.10692
execute if entity @s[tag=aj.messemers_assault.bone.spear_effects10] run data modify entity @s {} merge value {transformation:[0.000009341571485317444f,-0.000010918475352391167f,0.00001621623823851804f,0.4307673867606609f,0.000018140973365274557f,0.00001153966046797246f,-0.0000026806279280714768f,0.34272370446108125f,-0.000007285916002092474f,0.000014733213387024045f,0.000014117092326230371f,3.6320049029140775f,0f,0f,0f,1f],start_interpolation:0}
execute if entity @s[tag=aj.messemers_assault.locator_origin.spear_head13] at @s on origin run tp @s ^0.43077 ^0.34272 ^3.63203 ~84.88146 ~46.56841
execute if entity @s[tag=aj.messemers_assault.locator_origin.spear_body24] at @s on origin run tp @s ^0.43078 ^0.34272 ^3.63202 ~84.88146 ~46.56841
execute if entity @s[tag=aj.messemers_assault.locator_origin.spear_body25] at @s on origin run tp @s ^0.43078 ^0.34271 ^3.63201 ~84.88146 ~46.56841
execute if entity @s[tag=aj.messemers_assault.bone.spear_effects11] run data modify entity @s {} merge value {transformation:[-0.000011406985963208571f,-0.000010918475352391167f,0.000014836172405941946f,0.4307776243216304f,0.000009418827230890315f,0.00001153966046797246f,0.000015734242095601452f,0.34271525123615854f,-0.00001583069200238087f,0.000014733213387024045f,-0.0000013289313235129912f,3.632019110670192f,0f,0f,0f,1f],start_interpolation:0}
execute if entity @s[tag=aj.messemers_assault.locator_origin.flame1] at @s on origin run tp @s ^-0.42052 ^1.44953 ^4.67774 ~118.92469 ~11.89437
execute if entity @s[tag=aj.messemers_assault.locator_origin.flame2] at @s on origin run tp @s ^-0.42052 ^1.44954 ^4.67773 ~118.92469 ~11.89437
execute if entity @s[tag=aj.messemers_assault.locator_origin.flame3] at @s on origin run tp @s ^-0.4205 ^1.44953 ^4.67775 ~118.92469 ~11.89437
execute if entity @s[tag=aj.messemers_assault.locator_origin.flame4] at @s on origin run tp @s ^-0.4205 ^1.44955 ^4.67774 ~118.92469 ~11.89437
execute if entity @s[tag=aj.messemers_assault.bone.flame_blast] run data modify entity @s {} merge value {transformation:[0.000003823724634307677f,-0.00001721759574800146f,0.000029262512497912773f,-0.4205095117733915f,0.000028047005439427874f,0.00001819715689180273f,0.000007042022298099468f,1.4495365473336088f,-0.000019133889487315493f,0.00002323314418723023f,0.00001617023176623263f,4.6777368763987575f,0f,0f,0f,1f],start_interpolation:0}
execute if entity @s[tag=aj.messemers_assault.bone.spear_of_the_impaler] run data modify entity @s {} merge value {transformation:[0.3752180077153943f,0.8519522568582844f,-1.9564849202497345f,-0.3144331470348205f,1.6108910649085688f,-1.4159240988777184f,-0.3076253690115617f,1.2551078591625018f,-1.3995305884932516f,-1.4013496147271185f,-0.8786226912732981f,4.279882192927138f,0f,0f,0f,1f],start_interpolation:0}
execute if entity @s[tag=aj.messemers_assault.bone.left_arm2] run data modify entity @s {} merge value {transformation:[0.1731775420224897f,0.163727954033691f,0.9711862313722277f,-0.38903358932599197f,0.7434881838039549f,0.6249881244086744f,-0.237939414330672f,1.5494489867148737f,-0.6459371946891931f,0.763271250222402f,-0.013495892004106558f,4.704418481234385f,0f,0f,0f,1f],start_interpolation:0}
execute if entity @s[tag=aj.messemers_assault.bone.left_arm] run data modify entity @s {} merge value {transformation:[0.1731775420224897f,0.6629614442605302f,0.7283485857493242f,-0.20164603550804822f,0.7434881838039549f,0.3970141772638837f,-0.5381496665383871f,1.741638554006339f,-0.6459371946891931f,0.6347140036862846f,-0.4241500607586687f,4.7823548328198076f,0f,0f,0f,1f],start_interpolation:0}
execute if entity @s[tag=aj.messemers_assault.bone.head] run data modify entity @s {} merge value {transformation:[0.9168601282871526f,-0.3243915238743574f,0.23267497586921246f,0.04963309871442055f,-0.07471642250817662f,-0.7119818069224372f,-0.698211545893536f,1.6148793698603319f,0.3921542571040712f,0.6227776857353944f,-0.6770251049888922f,4.980120397160633f,0f,0f,0f,1f],start_interpolation:0}
execute if entity @s[tag=aj.messemers_assault.bone.body_top] run data modify entity @s {} merge value {transformation:[0.9325529561977738f,-0.2792602754040734f,0.22882019680970958f,0.15959183215477446f,-0.061681722053025925f,-0.7477123200308623f,-0.6611517614274643f,1.909291095872484f,0.35572510320662837f,0.6024450058348119f,-0.7145065891182021f,4.742907676113176f,0f,0f,0f,1f],start_interpolation:0}
execute if entity @s[tag=aj.messemers_assault.bone.body] run data modify entity @s {} merge value {transformation:[0.9325529561977738f,-0.2792602754040734f,0.22882019680970958f,0.28176820264405655f,-0.061681722053025925f,-0.7477123200308623f,-0.6611517614274643f,2.2364152358859863f,0.35572510320662837f,0.6024450058348119f,-0.7145065891182021f,4.479337986060446f,0f,0f,0f,1f],start_interpolation:0}
execute if entity @s[tag=aj.messemers_assault.locator_origin.player_camera] at @s on origin run tp @s ^0.4757 ^2.13679 ^3.70921 ~6.55732 ~-45.24697
execute if entity @s[tag=aj.messemers_assault.bone.right_leg2] run data modify entity @s {} merge value {transformation:[0.8689049901273296f,-0.3517012714517744f,0.3482963304300383f,0.5557519875581475f,-0.21354907678000562f,-0.9011641067322034f,-0.37722678131855536f,2.268520556530116f,0.4465432901054863f,0.2533958728881652f,-0.8581314710841295f,4.269015917912646f,0f,0f,0f,1f],start_interpolation:0}
execute if entity @s[tag=aj.messemers_assault.bone.right_leg] run data modify entity @s {} merge value {transformation:[0.8689049901273296f,-0.49287968808486504f,-0.045538238933793634f,0.3786233496526491f,-0.21354907678000562f,-0.2902846424769611f,-0.9328084573739831f,2.164199513139958f,0.4465432901054863f,0.8202465723277292f,-0.3574837767596994f,4.563792029842924f,0f,0f,0f,1f],start_interpolation:0}
execute if entity @s[tag=aj.messemers_assault.bone.left_leg2] run data modify entity @s {} merge value {transformation:[0.9985828692122624f,-0.03260644875267376f,0.04206034730652028f,0.1386406932305533f,-0.006313526078779115f,-0.8573275746683436f,-0.5147325219002081f,2.343773769425559f,0.05284309514268092f,0.5137375294963712f,-0.8563184910316411f,4.2363723887856155f,0f,0f,0f,1f],start_interpolation:0}
execute if entity @s[tag=aj.messemers_assault.bone.left_leg] run data modify entity @s {} merge value {transformation:[0.9985828692122624f,-0.04834358031606177f,0.022252001214055614f,0.12126721905446862f,-0.006313526078779115f,-0.5227818181388387f,-0.8524431418058935f,2.155899053531914f,0.05284309514268092f,0.8510946297948746f,-0.5223461863841519f,4.542234521368148f,0f,0f,0f,1f],start_interpolation:0}