execute if entity @s[tag=aj.messemers_assault.bone.right_arm2] run data modify entity @s {} merge value {transformation:[0.7666476577917267f,0.5111063398833573f,-0.3886150770794891f,0.1596825269900018f,-0.4768843183479404f,0.8585434240542846f,0.18837339495524574f,0.953770210102538f,0.4299217553419219f,0.04090841410006964f,0.9019389036622925f,9.543376709911701f,0f,0f,0f,1f],start_interpolation:0}
execute if entity @s[tag=aj.messemers_assault.bone.right_arm] run data modify entity @s {} merge value {transformation:[0.8992822258573078f,0.20067336675211472f,-0.3886150770794891f,0.20985086867803046f,-0.135649392507103f,0.9726842788826644f,0.18837339495524574f,1.1969412798232042f,0.4158012993841888f,-0.1166854467827172f,0.9019389036622925f,9.514205348216022f,0f,0f,0f,1f],start_interpolation:0}
execute if entity @s[tag=aj.messemers_assault.bone.flame_slash2] run data modify entity @s {} merge value {transformation:[0.000010121778627254135f,-0.0000038121310493891546f,0.0000046443268235833255f,-0.6095851666421428f,-0.0000022310691836884093f,-0.00001083243046266499f,-0.000004029056704767828f,0.3438591653228401f,0.0000055789286677254075f,0.0000025843034835177125f,-0.000010037402442196932f,9.99082409716211f,0f,0f,0f,1f],start_interpolation:0}
execute if entity @s[tag=aj.messemers_assault.bone.flame_slash] run data modify entity @s {} merge value {transformation:[0.000010121778627254135f,-0.0000038121310493891546f,0.0000046443268235833255f,-0.6095851666421428f,-0.0000022310691836884093f,-0.00001083243046266499f,-0.000004029056704767828f,0.3438591653228401f,0.0000055789286677254075f,0.0000025843034835177125f,-0.000010037402442196932f,9.99082409716211f,0f,0f,0f,1f],start_interpolation:0}
execute if entity @s[tag=aj.messemers_assault.bone.impaling_thrust] run data modify entity @s {} merge value {transformation:[-0.00001553459080427837f,0.0000019699271311415932f,-0.000004337194109573847f,0.6739398162194962f,0.0000047633241136425875f,0.000006265136047125645f,-0.000014215280187245623f,1.6912470192542475f,-5.107870907635046e-8f,-0.000014862127523053326f,-0.000006567338392109853f,9.713510330587605f,0f,0f,0f,1f],start_interpolation:0}
execute if entity @s[tag=aj.messemers_assault.locator_origin.spear_head2] at @s on origin run tp @s ^-0.51675 ^1.52755 ^9.34128 ~-158.76013 ~-0.62078
execute if entity @s[tag=aj.messemers_assault.locator_origin.spear_body2] at @s on origin run tp @s ^-0.52715 ^0.86107 ^9.32949 ~-158.76013 ~-0.62078
execute if entity @s[tag=aj.messemers_assault.locator_origin.spear_body3] at @s on origin run tp @s ^-0.53689 ^0.23624 ^9.31844 ~-158.76013 ~-0.62078
execute if entity @s[tag=aj.messemers_assault.bone.spear_effects0] run data modify entity @s {} merge value {transformation:[2.5053338474388815f,0.02252973023335254f,-0.9738318038112513f,-0.5060792338078021f,-0.056300845515233906f,1.4440428335978581f,-0.029125805270609845f,0.8641542567413747f,0.9731067513838147f,0.02554327850376272f,2.5055154214792736f,9.295324727082502f,0f,0f,0f,1f],start_interpolation:0}
execute if entity @s[tag=aj.messemers_assault.locator_origin.spear_head3] at @s on origin run tp @s ^1.12429 ^1.48026 ^10.56689 ~-158.76013 ~-0.62078
execute if entity @s[tag=aj.messemers_assault.locator_origin.spear_body4] at @s on origin run tp @s ^1.11389 ^0.81378 ^10.55511 ~-158.76013 ~-0.62078
execute if entity @s[tag=aj.messemers_assault.locator_origin.spear_body5] at @s on origin run tp @s ^1.10414 ^0.18896 ^10.54405 ~-158.76013 ~-0.62078
execute if entity @s[tag=aj.messemers_assault.bone.spear_effects1] run data modify entity @s {} merge value {transformation:[2.5053338474388815f,0.02252973023335254f,-0.9738318038112513f,1.1349599154325967f,-0.056300845515233906f,1.4440428335978581f,-0.029125805270609845f,0.8168714848695509f,0.9731067513838147f,0.02554327850376272f,2.5055154214792736f,10.520937897090482f,0f,0f,0f,1f],start_interpolation:0}
execute if entity @s[tag=aj.messemers_assault.locator_origin.spear_head4] at @s on origin run tp @s ^-0.60887 ^1.5011 ^10.91783 ~111.22687 ~-1.20004
execute if entity @s[tag=aj.messemers_assault.locator_origin.spear_body6] at @s on origin run tp @s ^-0.61927 ^0.83462 ^10.90604 ~111.22687 ~-1.20004
execute if entity @s[tag=aj.messemers_assault.locator_origin.spear_body7] at @s on origin run tp @s ^-0.62902 ^0.20979 ^10.89499 ~111.22687 ~-1.20004
execute if entity @s[tag=aj.messemers_assault.bone.spear_effects2] run data modify entity @s {} merge value {transformation:[0.973831803811251f,0.02252973023335254f,2.5053338474388815f,-0.6534420492097263f,0.02912580527060985f,1.4440428335978581f,-0.0563008455152339f,0.8383327028719956f,-2.5055154214792736f,0.02554327850376272f,0.9731067513838144f,10.885076578587741f,0f,0f,0f,1f],start_interpolation:0}
execute if entity @s[tag=aj.messemers_assault.locator_origin.spear_head5] at @s on origin run tp @s ^0.80738 ^1.51401 ^8.93862 ~111.22687 ~-1.20004
execute if entity @s[tag=aj.messemers_assault.locator_origin.spear_body8] at @s on origin run tp @s ^0.79698 ^0.84753 ^8.92683 ~111.22687 ~-1.20004
execute if entity @s[tag=aj.messemers_assault.locator_origin.spear_body9] at @s on origin run tp @s ^0.78723 ^0.2227 ^8.91578 ~111.22687 ~-1.20004
execute if entity @s[tag=aj.messemers_assault.bone.spear_effects3] run data modify entity @s {} merge value {transformation:[0.973831803811251f,0.02252973023335254f,2.5053338474388815f,0.76281341764494f,0.02912580527060985f,1.4440428335978581f,-0.0563008455152339f,0.8512462471122988f,-2.5055154214792736f,0.02554327850376272f,0.9731067513838144f,8.905864527994549f,0f,0f,0f,1f],start_interpolation:0}
execute if entity @s[tag=aj.messemers_assault.locator_origin.spear_head6] at @s on origin run tp @s ^0.87958 ^1.45489 ^12.21745 ~133.73203 ~-1.34629
execute if entity @s[tag=aj.messemers_assault.locator_origin.spear_body10] at @s on origin run tp @s ^0.86919 ^0.7884 ^12.20566 ~133.73203 ~-1.34629
execute if entity @s[tag=aj.messemers_assault.locator_origin.spear_body11] at @s on origin run tp @s ^0.85944 ^0.16358 ^12.19461 ~133.73203 ~-1.34629
execute if entity @s[tag=aj.messemers_assault.bone.spear_effects4] run data modify entity @s {} merge value {transformation:[1.858453027608109f,0.02252973023335254f,1.9419573665277603f,0.8456658524420023f,0.005363334550599412f,1.4440428335978581f,-0.06316116196595867f,0.7921585264945558f,-1.9424025846188904f,0.02554327850376272f,1.8578526518874086f,12.17320378102881f,0f,0f,0f,1f],start_interpolation:0}
execute if entity @s[tag=aj.messemers_assault.locator_origin.spear_head7] at @s on origin run tp @s ^-1.25516 ^1.48205 ^12.56471 ~133.73203 ~-1.34629
execute if entity @s[tag=aj.messemers_assault.locator_origin.spear_body12] at @s on origin run tp @s ^-1.26556 ^0.81557 ^12.55292 ~133.73203 ~-1.34629
execute if entity @s[tag=aj.messemers_assault.locator_origin.spear_body13] at @s on origin run tp @s ^-1.2753 ^0.19074 ^12.54187 ~133.73203 ~-1.34629
execute if entity @s[tag=aj.messemers_assault.bone.spear_effects5] run data modify entity @s {} merge value {transformation:[1.858453027608109f,0.02252973023335254f,1.9419573665277603f,-1.289075654326708f,0.005363334550599412f,1.4440428335978581f,-0.06316116196595867f,0.8193218834125797f,-1.9424025846188904f,0.02554327850376272f,1.8578526518874086f,12.52046145079894f,0f,0f,0f,1f],start_interpolation:0}
execute if entity @s[tag=aj.messemers_assault.locator_origin.spear_head8] at @s on origin run tp @s ^2.30296 ^1.45586 ^10.90679 ~178.74122 ~-1.03277
execute if entity @s[tag=aj.messemers_assault.locator_origin.spear_body14] at @s on origin run tp @s ^2.29256 ^0.78938 ^10.895 ~178.74122 ~-1.03277
execute if entity @s[tag=aj.messemers_assault.locator_origin.spear_body15] at @s on origin run tp @s ^2.28281 ^0.16455 ^10.88395 ~178.74122 ~-1.03277
execute if entity @s[tag=aj.messemers_assault.bone.spear_effects6] run data modify entity @s {} merge value {transformation:[2.6872959609853133f,0.02252973023335254f,0.05904648430858543f,2.298932635709853f,-0.04086923570325028f,1.4440428335978581f,-0.048454136164252176f,0.7927951722691908f,-0.05978583078329753f,0.02554327850376272f,2.687186247973291f,10.855399085458492f,0f,0f,0f,1f],start_interpolation:0}
execute if entity @s[tag=aj.messemers_assault.locator_origin.spear_head9] at @s on origin run tp @s ^-2.30472 ^1.55629 ^9.29357 ~178.74122 ~-1.03277
execute if entity @s[tag=aj.messemers_assault.locator_origin.spear_body16] at @s on origin run tp @s ^-2.31512 ^0.88981 ^9.28178 ~178.74122 ~-1.03277
execute if entity @s[tag=aj.messemers_assault.locator_origin.spear_body17] at @s on origin run tp @s ^-2.32487 ^0.26498 ^9.27073 ~178.74122 ~-1.03277
execute if entity @s[tag=aj.messemers_assault.bone.spear_effects7] run data modify entity @s {} merge value {transformation:[2.6872959609853133f,0.02252973023335254f,0.05904648430858543f,-2.3087425682340736f,-0.04086923570325028f,1.4440428335978581f,-0.048454136164252176f,0.8932192490664631f,-0.05978583078329753f,0.02554327850376272f,2.687186247973291f,9.242176684663397f,0f,0f,0f,1f],start_interpolation:0}
execute if entity @s[tag=aj.messemers_assault.locator_origin.spear_head10] at @s on origin run tp @s ^1.91655 ^1.49784 ^8.87443 ~178.74122 ~-1.03277
execute if entity @s[tag=aj.messemers_assault.locator_origin.spear_body18] at @s on origin run tp @s ^1.90615 ^0.83136 ^8.86264 ~178.74122 ~-1.03277
execute if entity @s[tag=aj.messemers_assault.locator_origin.spear_body19] at @s on origin run tp @s ^1.8964 ^0.20653 ^8.85159 ~178.74122 ~-1.03277
execute if entity @s[tag=aj.messemers_assault.bone.spear_effects8] run data modify entity @s {} merge value {transformation:[2.6872959609853133f,0.02252973023335254f,0.05904648430858543f,1.9125247681382485f,-0.04086923570325028f,1.4440428335978581f,-0.048454136164252176f,0.8347737088345825f,-0.05978583078329753f,0.02554327850376272f,2.687186247973291f,8.823038992446193f,0f,0f,0f,1f],start_interpolation:0}
execute if entity @s[tag=aj.messemers_assault.locator_origin.spear_head11] at @s on origin run tp @s ^1.05695 ^1.53754 ^7.38856 ~111.22687 ~-1.20004
execute if entity @s[tag=aj.messemers_assault.locator_origin.spear_body20] at @s on origin run tp @s ^1.04655 ^0.87105 ^7.37677 ~111.22687 ~-1.20004
execute if entity @s[tag=aj.messemers_assault.locator_origin.spear_body21] at @s on origin run tp @s ^1.0368 ^0.24623 ^7.36572 ~111.22687 ~-1.20004
execute if entity @s[tag=aj.messemers_assault.bone.spear_effects9] run data modify entity @s {} merge value {transformation:[0.973831803811251f,0.02252973023335254f,2.5053338474388815f,1.0123803803157232f,0.02912580527060985f,1.4440428335978581f,-0.0563008455152339f,0.8747710292710804f,-2.5055154214792736f,0.02554327850376272f,0.9731067513838144f,7.355810198569419f,0f,0f,0f,1f],start_interpolation:0}
execute if entity @s[tag=aj.messemers_assault.locator_origin.spear_head12] at @s on origin run tp @s ^-1.01885 ^1.54924 ^8.55778 ~178.74122 ~-1.03277
execute if entity @s[tag=aj.messemers_assault.locator_origin.spear_body22] at @s on origin run tp @s ^-1.02925 ^0.88276 ^8.54599 ~178.74122 ~-1.03277
execute if entity @s[tag=aj.messemers_assault.locator_origin.spear_body23] at @s on origin run tp @s ^-1.039 ^0.25793 ^8.53494 ~178.74122 ~-1.03277
execute if entity @s[tag=aj.messemers_assault.bone.spear_effects10] run data modify entity @s {} merge value {transformation:[2.6872959609853133f,0.02252973023335254f,0.05904648430858543f,-1.022872763090756f,-0.04086923570325028f,1.4440428335978581f,-0.048454136164252176f,0.8861725397966252f,-0.05978583078329753f,0.02554327850376272f,2.687186247973291f,8.506384299955732f,0f,0f,0f,1f],start_interpolation:0}
execute if entity @s[tag=aj.messemers_assault.locator_origin.spear_head13] at @s on origin run tp @s ^-1.8523 ^1.5228 ^10.78779 ~111.22687 ~-1.20004
execute if entity @s[tag=aj.messemers_assault.locator_origin.spear_body24] at @s on origin run tp @s ^-1.8627 ^0.85632 ^10.776 ~111.22687 ~-1.20004
execute if entity @s[tag=aj.messemers_assault.locator_origin.spear_body25] at @s on origin run tp @s ^-1.87245 ^0.23149 ^10.76495 ~111.22687 ~-1.20004
execute if entity @s[tag=aj.messemers_assault.bone.spear_effects11] run data modify entity @s {} merge value {transformation:[0.973831803811251f,0.02252973023335254f,2.5053338474388815f,-1.8968689701266053f,0.02912580527060985f,1.4440428335978581f,-0.0563008455152339f,0.8600326630399285f,-2.5055154214792736f,0.02554327850376272f,0.9731067513838144f,10.755038499246131f,0f,0f,0f,1f],start_interpolation:0}
execute if entity @s[tag=aj.messemers_assault.locator_origin.flame1] at @s on origin run tp @s ^-1.8672 ^0.1238 ^9.45916 ~156.23797 ~-1.28755
execute if entity @s[tag=aj.messemers_assault.locator_origin.flame2] at @s on origin run tp @s ^0.26812 ^0.10713 ^8.51865 ~156.23797 ~-1.28755
execute if entity @s[tag=aj.messemers_assault.locator_origin.flame3] at @s on origin run tp @s ^-0.92725 ^0.07137 ^11.59415 ~156.23797 ~-1.28755
execute if entity @s[tag=aj.messemers_assault.locator_origin.flame4] at @s on origin run tp @s ^1.20808 ^0.0547 ^10.65364 ~156.23797 ~-1.28755
execute if entity @s[tag=aj.messemers_assault.bone.flame_blast] run data modify entity @s {} merge value {transformation:[4.168965600813471f,1.7763825760912573f,1.8351466924735094f,-0.3214379963886914f,-0.032562924372356306f,113.85722341829252f,-0.10236384358155502f,0.6099389620482507f,-1.836233072064492f,2.013989266642824f,4.168314369188568f,10.06560998228483f,0f,0f,0f,1f],start_interpolation:0}
execute if entity @s[tag=aj.messemers_assault.locator_origin.spear0] at @s on origin run tp @s ^-0.78305 ^0.01878 ^10.05131 ~-61.1373 ~10.92607
execute if entity @s[tag=aj.messemers_assault.locator_origin.spear1] at @s on origin run tp @s ^-0.39846 ^1.11161 ^9.7906 ~-61.1373 ~10.92607
execute if entity @s[tag=aj.messemers_assault.locator_origin.spear2] at @s on origin run tp @s ^-0.03412 ^2.14692 ^9.5436 ~-61.1373 ~10.92607
execute if entity @s[tag=aj.messemers_assault.bone.spear_of_the_impaler] run data modify entity @s {} merge value {transformation:[0.854884937438347f,-0.701701998471632f,-1.8631238535122652f,-0.47136288588579f,-0.7416316766298303f,-1.9939341028622277f,0.4106746815992822f,0.81211430878115f,-1.8475926619265146f,0.47569480050591517f,-1.0269178432627302f,9.870275253134096f,0f,0f,0f,1f],start_interpolation:0}
execute if entity @s[tag=aj.messemers_assault.bone.left_arm2] run data modify entity @s {} merge value {transformation:[0.1902854464733997f,0.1926761223979378f,0.9626356323750505f,-0.4871052528519553f,-0.708576674582972f,0.7056328550642432f,-0.0011705087873455366f,1.2104722239435872f,-0.6794928587537591f,-0.6818784244361886f,0.27079746895247186f,9.550979888434856f,0f,0f,0f,1f],start_interpolation:0}
execute if entity @s[tag=aj.messemers_assault.bone.left_arm] run data modify entity @s {} merge value {transformation:[0.1902854464733997f,0.7752113989029723f,0.6023609680841839f,-0.26951672231703727f,-0.708576674582972f,0.5331268994950014f,-0.46227135458709034f,1.2551818644944661f,-0.6794928587537591f,-0.33885542056420304f,0.6507430052308677f,9.381329425949586f,0f,0f,0f,1f],start_interpolation:0}
execute if entity @s[tag=aj.messemers_assault.bone.head] run data modify entity @s {} merge value {transformation:[0.9849089194505608f,0.02569811476736215f,-0.1711549803077091f,0.024912490086216488f,-0.1456126323804945f,0.6575605842063135f,-0.7391962116985411f,1.3603047253182288f,0.09354881975712868f,0.7529632693535957f,0.6513792546024113f,9.524789997242982f,0f,0f,0f,1f],start_interpolation:0}
execute if entity @s[tag=aj.messemers_assault.bone.body_top] run data modify entity @s {} merge value {transformation:[0.9897678544849319f,-0.10346603216199965f,-0.0982566761952934f,0.06565224025000385f,0.00600840586619554f,0.7182277147170532f,-0.6957821849338097f,1.077502562648389f,0.14256048992354692f,0.6880724743811306f,0.7115003701417075f,9.253861460455411f,0f,0f,0f,1f],start_interpolation:0}
execute if entity @s[tag=aj.messemers_assault.bone.body] run data modify entity @s {} merge value {transformation:[0.9897678544849319f,-0.0921541677906271f,-0.10893669531939926f,0.10596968865840321f,0.00600840586619554f,0.7897064441528342f,-0.6134554842223139f,0.7320059933315239f,0.14256048992354692f,0.6065239825615337f,0.782179752544423f,8.98850721808474f,0f,0f,0f,1f],start_interpolation:0}
execute if entity @s[tag=aj.messemers_assault.locator_origin.player_camera] at @s on origin run tp @s ^0.10045 ^0.22533 ^8.8943 ~-163.77454 ~-24.0168
execute if entity @s[tag=aj.messemers_assault.bone.right_leg2] run data modify entity @s {} merge value {transformation:[0.9893310923444742f,-0.10445646567839273f,0.10155213684836031f,0.27444927590534224f,0.13205681975635175f,0.937370163862182f,-0.32233239405437486f,0.49588918116427994f,-0.06152224050152727f,0.33230411173948043f,0.9411636368053682f,9.242878101838537f,0f,0f,0f,1f],start_interpolation:0}
execute if entity @s[tag=aj.messemers_assault.bone.right_leg] run data modify entity @s {} merge value {transformation:[0.9893310923444742f,-0.14447713138266882f,-0.018717591402859224f,0.2225278068146956f,0.13205681975635175f,0.8350969091991594f,0.5340169928025226f,0.7960021329077278f,-0.06152224050152727f,-0.5307914004139913f,0.8452665278894144f,9.052124942314759f,0f,0f,0f,1f],start_interpolation:0}
execute if entity @s[tag=aj.messemers_assault.bone.left_leg2] run data modify entity @s {} merge value {transformation:[0.964129461600413f,0.12948475656585734f,-0.23170688183819294f,-0.09500802464603457f,-0.25428132328887487f,0.7009323328558872f,-0.6663594175695746f,0.4833401921442705f,0.07612745825624509f,0.7013754790226734f,0.708715067939972f,8.860727633012653f,0f,0f,0f,1f],start_interpolation:0}
execute if entity @s[tag=aj.messemers_assault.bone.left_leg] run data modify entity @s {} merge value {transformation:[0.964129461600413f,0.21196722521626196f,-0.15976318946558407f,-0.01883230308394043f,-0.25428132328887487f,0.910209894044743f,-0.32689288369359865f,0.8104468728166f,0.07612745825624509f,0.35579185518667567f,0.931459481610589f,8.988590330970364f,0f,0f,0f,1f],start_interpolation:0}