execute if entity @s[tag=aj.messemers_assault.bone.right_arm2] run data modify entity @s {} merge value {transformation:[0.7723230624085309f,-0.39915292924717155f,0.4941599198086701f,0.6102701649319449f,0.5757029072682169f,0.7686129952670439f,-0.27892691886862875f,0.8698290359262075f,-0.2684832393927627f,0.4999109946580755f,0.8234110441238582f,-0.0822613177139914f,0f,0f,0f,1f],start_interpolation:0}
execute if entity @s[tag=aj.messemers_assault.bone.right_arm] run data modify entity @s {} merge value {transformation:[0.7420131675949317f,-0.4530148262147991f,0.4941599198086701f,0.49701645837824504f,0.6288550824391167f,0.7257692878738708f,-0.27892691886862875f,1.0512713578946753f,-0.2322880634174463f,0.5177224237065943f,0.8234110441238582f,0.04716928821265717f,0f,0f,0f,1f],start_interpolation:0}
execute if entity @s[tag=aj.messemers_assault.bone.flame_slash2] run data modify entity @s {} merge value {transformation:[0.1193726439445763f,-0.04010383891599164f,0.06109336791213362f,0.8875613040159249f,-0.9712460976530884f,0.01466530323748766f,0.04795337954847761f,0.4770563090141423f,-0.654183738167222f,-0.02909109278282571f,-0.06004682416997811f,1.1122891421174916f,0f,0f,0f,1f],start_interpolation:0}
execute if entity @s[tag=aj.messemers_assault.bone.flame_slash] run data modify entity @s {} merge value {transformation:[0.1193726439445763f,-0.04010383891599164f,0.06109336791213362f,0.8875613040159249f,-0.9712460976530884f,0.01466530323748766f,0.04795337954847761f,0.4770563090141423f,-0.654183738167222f,-0.02909109278282571f,-0.06004682416997811f,1.1122891421174916f,0f,0f,0f,1f],start_interpolation:0}
execute if entity @s[tag=aj.messemers_assault.bone.impaling_thrust] run data modify entity @s {} merge value {transformation:[-0.000007651327757358861f,0.00000951220731937761f,-0.000010723361066622212f,0.3988531082956687f,-0.00000987086757541294f,-0.00001231055028373295f,-0.000003877073912481444f,0.7104193045374366f,-0.000010394158646116168f,0.000004688671531186808f,0.000011575543288092658f,0.6274413275091519f,0f,0f,0f,1f],start_interpolation:0}
execute if entity @s[tag=aj.messemers_assault.locator_origin.spear_head2] at @s on origin run tp @s ^1.60295 ^0.50246 ^1.44578 ~85.16199 ~67.28186
execute if entity @s[tag=aj.messemers_assault.locator_origin.spear_body2] at @s on origin run tp @s ^1.60296 ^0.50245 ^1.44579 ~85.16199 ~67.28186
execute if entity @s[tag=aj.messemers_assault.locator_origin.spear_body3] at @s on origin run tp @s ^1.60296 ^0.50245 ^1.44579 ~85.16199 ~67.28186
execute if entity @s[tag=aj.messemers_assault.bone.spear_effects0] run data modify entity @s {} merge value {transformation:[0.00000814019491006185f,-0.000018266431880126602f,0.000008337813720594993f,1.602955016292262f,-0.000004090163172885487f,0.000007299845113903543f,0.00001998567664545372f,0.5024522656837156f,-0.000019658388450984965f,-0.00000908263024273021f,-7.057165354928068e-7f,1.44578838501545f,0f,0f,0f,1f],start_interpolation:0}
execute if entity @s[tag=aj.messemers_assault.locator_origin.spear_head3] at @s on origin run tp @s ^1.60295 ^0.50246 ^1.44577 ~85.16199 ~67.28186
execute if entity @s[tag=aj.messemers_assault.locator_origin.spear_body4] at @s on origin run tp @s ^1.60296 ^0.50245 ^1.44577 ~85.16199 ~67.28186
execute if entity @s[tag=aj.messemers_assault.locator_origin.spear_body5] at @s on origin run tp @s ^1.60297 ^0.50245 ^1.44578 ~85.16199 ~67.28186
execute if entity @s[tag=aj.messemers_assault.bone.spear_effects1] run data modify entity @s {} merge value {transformation:[0.00000814019491006185f,-0.000018266431880126602f,0.000008337813720594993f,1.602962694353194f,-0.000004090163172885487f,0.000007299845113903543f,0.00001998567664545372f,0.5024533388044462f,-0.000019658388450984965f,-0.00000908263024273021f,-7.057165354928068e-7f,1.4457738058507887f,0f,0f,0f,1f],start_interpolation:0}
execute if entity @s[tag=aj.messemers_assault.locator_origin.spear_head4] at @s on origin run tp @s ^1.60295 ^0.50247 ^1.44578 ~22.49359 ~-10.88141
execute if entity @s[tag=aj.messemers_assault.locator_origin.spear_body6] at @s on origin run tp @s ^1.60296 ^0.50246 ^1.44578 ~22.49359 ~-10.88141
execute if entity @s[tag=aj.messemers_assault.locator_origin.spear_body7] at @s on origin run tp @s ^1.60297 ^0.50246 ^1.44579 ~22.49359 ~-10.88141
execute if entity @s[tag=aj.messemers_assault.bone.spear_effects2] run data modify entity @s {} merge value {transformation:[-0.000008337813720594995f,-0.000018266431880126602f,0.000008140194910061849f,1.6029611065283846f,-0.00001998567664545372f,0.000007299845113903543f,-0.00000409016317288549f,0.5024630125708094f,7.057165354928105e-7f,-0.00000908263024273021f,-0.000019658388450984965f,1.4457847741371965f,0f,0f,0f,1f],start_interpolation:0}
execute if entity @s[tag=aj.messemers_assault.locator_origin.spear_head5] at @s on origin run tp @s ^1.60295 ^0.50245 ^1.44578 ~22.49359 ~-10.88141
execute if entity @s[tag=aj.messemers_assault.locator_origin.spear_body8] at @s on origin run tp @s ^1.60296 ^0.50244 ^1.44578 ~22.49359 ~-10.88141
execute if entity @s[tag=aj.messemers_assault.locator_origin.spear_body9] at @s on origin run tp @s ^1.60296 ^0.50244 ^1.44578 ~22.49359 ~-10.88141
execute if entity @s[tag=aj.messemers_assault.bone.spear_effects3] run data modify entity @s {} merge value {transformation:[-0.000008337813720594995f,-0.000018266431880126602f,0.000008140194910061849f,1.6029556199812254f,-0.00001998567664545372f,0.000007299845113903543f,-0.00000409016317288549f,0.5024445657345107f,7.057165354928105e-7f,-0.00000908263024273021f,-0.000019658388450984965f,1.4457809823492493f,0f,0f,0f,1f],start_interpolation:0}
execute if entity @s[tag=aj.messemers_assault.locator_origin.spear_head6] at @s on origin run tp @s ^1.60296 ^0.50247 ^1.44577 ~30.16189 ~10.28743
execute if entity @s[tag=aj.messemers_assault.locator_origin.spear_body10] at @s on origin run tp @s ^1.60297 ^0.50247 ^1.44577 ~30.16189 ~10.28743
execute if entity @s[tag=aj.messemers_assault.locator_origin.spear_body11] at @s on origin run tp @s ^1.60298 ^0.50246 ^1.44577 ~30.16189 ~10.28743
execute if entity @s[tag=aj.messemers_assault.bone.spear_effects4] run data modify entity @s {} merge value {transformation:[-0.000004588017714046194f,-0.000018266431880126602f,0.00001071130264107673f,1.6029687926511014f,-0.000020029595278056625f,0.000007299845113903543f,0.000003869369296760717f,0.5024650678563245f,-0.000006870942504292586f,-0.00000908263024273021f,-0.000018432048758100455f,1.4457709681396218f,0f,0f,0f,1f],start_interpolation:0}
execute if entity @s[tag=aj.messemers_assault.locator_origin.spear_head7] at @s on origin run tp @s ^1.60296 ^0.50248 ^1.44578 ~30.16189 ~10.28743
execute if entity @s[tag=aj.messemers_assault.locator_origin.spear_body12] at @s on origin run tp @s ^1.60297 ^0.50248 ^1.44578 ~30.16189 ~10.28743
execute if entity @s[tag=aj.messemers_assault.locator_origin.spear_body13] at @s on origin run tp @s ^1.60297 ^0.50247 ^1.44579 ~30.16189 ~10.28743
execute if entity @s[tag=aj.messemers_assault.bone.spear_effects5] run data modify entity @s {} merge value {transformation:[-0.000004588017714046194f,-0.000018266431880126602f,0.00001071130264107673f,1.602966548735728f,-0.000020029595278056625f,0.000007299845113903543f,0.000003869369296760717f,0.5024760575007934f,-0.000006870942504292586f,-0.00000908263024273021f,-0.000018432048758100455f,1.4457843135061679f,0f,0f,0f,1f],start_interpolation:0}
execute if entity @s[tag=aj.messemers_assault.locator_origin.spear_head8] at @s on origin run tp @s ^1.60296 ^0.50245 ^1.44576 ~52.92307 ~51.25686
execute if entity @s[tag=aj.messemers_assault.locator_origin.spear_body14] at @s on origin run tp @s ^1.60297 ^0.50245 ^1.44576 ~52.92307 ~51.25686
execute if entity @s[tag=aj.messemers_assault.locator_origin.spear_body15] at @s on origin run tp @s ^1.60297 ^0.50245 ^1.44577 ~52.92307 ~51.25686
execute if entity @s[tag=aj.messemers_assault.bone.spear_effects6] run data modify entity @s {} merge value {transformation:[0.000004329816295040665f,-0.000018266431880126602f,0.000010818253170652798f,1.6029660070531524f,-0.00001142700537688137f,0.000007299845113903543f,0.000016899119914190423f,0.5024506880730564f,-0.00001789191670594208f,-0.00000908263024273021f,-0.000008174936630085746f,1.445765013118444f,0f,0f,0f,1f],start_interpolation:0}
execute if entity @s[tag=aj.messemers_assault.locator_origin.spear_head9] at @s on origin run tp @s ^1.60294 ^0.50246 ^1.4458 ~52.92307 ~51.25686
execute if entity @s[tag=aj.messemers_assault.locator_origin.spear_body16] at @s on origin run tp @s ^1.60295 ^0.50246 ^1.4458 ~52.92307 ~51.25686
execute if entity @s[tag=aj.messemers_assault.locator_origin.spear_body17] at @s on origin run tp @s ^1.60296 ^0.50246 ^1.4458 ~52.92307 ~51.25686
execute if entity @s[tag=aj.messemers_assault.bone.spear_effects7] run data modify entity @s {} merge value {transformation:[0.000004329816295040665f,-0.000018266431880126602f,0.000010818253170652798f,1.6029517398703348f,-0.00001142700537688137f,0.000007299845113903543f,0.000016899119914190423f,0.5024593361566356f,-0.00001789191670594208f,-0.00000908263024273021f,-0.000008174936630085746f,1.4458006569996842f,0f,0f,0f,1f],start_interpolation:0}
execute if entity @s[tag=aj.messemers_assault.locator_origin.spear_head10] at @s on origin run tp @s ^1.60295 ^0.50244 ^1.44577 ~52.92307 ~51.25686
execute if entity @s[tag=aj.messemers_assault.locator_origin.spear_body18] at @s on origin run tp @s ^1.60296 ^0.50244 ^1.44577 ~52.92307 ~51.25686
execute if entity @s[tag=aj.messemers_assault.locator_origin.spear_body19] at @s on origin run tp @s ^1.60297 ^0.50244 ^1.44578 ~52.92307 ~51.25686
execute if entity @s[tag=aj.messemers_assault.bone.spear_effects8] run data modify entity @s {} merge value {transformation:[0.000004329816295040665f,-0.000018266431880126602f,0.000010818253170652798f,1.6029572440840658f,-0.00001142700537688137f,0.000007299845113903543f,0.000016899119914190423f,0.5024393117096777f,-0.00001789191670594208f,-0.00000908263024273021f,-0.000008174936630085746f,1.445773493314731f,0f,0f,0f,1f],start_interpolation:0}
execute if entity @s[tag=aj.messemers_assault.locator_origin.spear_head11] at @s on origin run tp @s ^1.60294 ^0.50244 ^1.44578 ~22.49359 ~-10.88141
execute if entity @s[tag=aj.messemers_assault.locator_origin.spear_body20] at @s on origin run tp @s ^1.60295 ^0.50243 ^1.44578 ~22.49359 ~-10.88141
execute if entity @s[tag=aj.messemers_assault.locator_origin.spear_body21] at @s on origin run tp @s ^1.60296 ^0.50243 ^1.44579 ~22.49359 ~-10.88141
execute if entity @s[tag=aj.messemers_assault.bone.spear_effects9] run data modify entity @s {} merge value {transformation:[-0.000008337813720594995f,-0.000018266431880126602f,0.000008140194910061849f,1.602949861821277f,-0.00001998567664545372f,0.000007299845113903543f,-0.00000409016317288549f,0.5024336519907563f,7.057165354928105e-7f,-0.00000908263024273021f,-0.000019658388450984965f,1.445783791270977f,0f,0f,0f,1f],start_interpolation:0}
execute if entity @s[tag=aj.messemers_assault.locator_origin.spear_head12] at @s on origin run tp @s ^1.60294 ^0.50245 ^1.44579 ~52.92307 ~51.25686
execute if entity @s[tag=aj.messemers_assault.locator_origin.spear_body22] at @s on origin run tp @s ^1.60295 ^0.50245 ^1.44579 ~52.92307 ~51.25686
execute if entity @s[tag=aj.messemers_assault.locator_origin.spear_body23] at @s on origin run tp @s ^1.60296 ^0.50245 ^1.4458 ~52.92307 ~51.25686
execute if entity @s[tag=aj.messemers_assault.bone.spear_effects10] run data modify entity @s {} merge value {transformation:[0.000004329816295040665f,-0.000018266431880126602f,0.000010818253170652798f,1.602950991069247f,-0.00001142700537688137f,0.000007299845113903543f,0.000016899119914190423f,0.5024493571397193f,-0.00001789191670594208f,-0.00000908263024273021f,-0.000008174936630085746f,1.4457941426583272f,0f,0f,0f,1f],start_interpolation:0}
execute if entity @s[tag=aj.messemers_assault.locator_origin.spear_head13] at @s on origin run tp @s ^1.60295 ^0.50247 ^1.44579 ~22.49359 ~-10.88141
execute if entity @s[tag=aj.messemers_assault.locator_origin.spear_body24] at @s on origin run tp @s ^1.60296 ^0.50247 ^1.44579 ~22.49359 ~-10.88141
execute if entity @s[tag=aj.messemers_assault.locator_origin.spear_body25] at @s on origin run tp @s ^1.60297 ^0.50246 ^1.4458 ~22.49359 ~-10.88141
execute if entity @s[tag=aj.messemers_assault.bone.spear_effects11] run data modify entity @s {} merge value {transformation:[-0.000008337813720594995f,-0.000018266431880126602f,0.000008140194910061849f,1.6029584741043443f,-0.00001998567664545372f,0.000007299845113903543f,-0.00000409016317288549f,0.5024672939184471f,7.057165354928105e-7f,-0.00000908263024273021f,-0.000019658388450984965f,1.4457935092906626f,0f,0f,0f,1f],start_interpolation:0}
execute if entity @s[tag=aj.messemers_assault.locator_origin.flame1] at @s on origin run tp @s ^0.14009 ^0.90314 ^0.58397 ~38.97872 ~31.24919
execute if entity @s[tag=aj.messemers_assault.locator_origin.flame2] at @s on origin run tp @s ^0.14009 ^0.90313 ^0.58396 ~38.97872 ~31.24919
execute if entity @s[tag=aj.messemers_assault.locator_origin.flame3] at @s on origin run tp @s ^0.1401 ^0.90315 ^0.58396 ~38.97872 ~31.24919
execute if entity @s[tag=aj.messemers_assault.locator_origin.flame4] at @s on origin run tp @s ^0.1401 ^0.90314 ^0.58395 ~38.97872 ~31.24919
execute if entity @s[tag=aj.messemers_assault.bone.flame_blast] run data modify entity @s {} merge value {transformation:[-2.203554477591646e-7f,-0.00002880475796481503f,0.000018373852975796323f,0.14009467193240777f,-0.000026845837443486882f,0.000011511294218078666f,0.000017724340001642314f,0.9031408327361163f,-0.000021133233698268534f,-0.000014322609228920719f,-0.000022707056379925466f,0.5839588228673093f,0f,0f,0f,1f],start_interpolation:0}
execute if entity @s[tag=aj.messemers_assault.locator_origin.spear0] at @s on origin run tp @s ^1.08158 ^0.37085 ^1.32112 ~-134.50503 ~-29.23993
execute if entity @s[tag=aj.messemers_assault.locator_origin.spear1] at @s on origin run tp @s ^0.15988 ^0.7079 ^0.65253 ~-134.50503 ~-29.23993
execute if entity @s[tag=aj.messemers_assault.locator_origin.spear2] at @s on origin run tp @s ^-0.71331 ^1.02721 ^0.01912 ~-134.50503 ~-29.23993
execute if entity @s[tag=aj.messemers_assault.bone.spear_of_the_impaler] run data modify entity @s {} merge value {transformation:[0.21973017646435283f,1.681699475251563f,-1.3483508330304876f,0.4261076604713314f,-1.7877804275384284f,-0.6149693751401359f,-1.058346944529397f,0.628768106821022f,-1.2041612171573643f,1.219895072136458f,1.3252532665553878f,0.8081445422192447f,0f,0f,0f,1f],start_interpolation:0}
execute if entity @s[tag=aj.messemers_assault.bone.left_arm2] run data modify entity @s {} merge value {transformation:[0.10141392759893209f,0.46249739174119514f,0.8808015542229423f,-0.2646790231258631f,-0.8251294280946593f,0.5337108927041834f,-0.18524068101009683f,1.0216429852800093f,-0.5557667156110913f,-0.7079892976885283f,0.43574592617414715f,0.2217037652938284f,0f,0f,0f,1f],start_interpolation:0}
execute if entity @s[tag=aj.messemers_assault.bone.left_arm] run data modify entity @s {} merge value {transformation:[0.10141392759893209f,0.5099463478203216f,0.8542071983035936f,-0.12451569522091621f,-0.8251294280946593f,0.5227888140617841f,-0.21413379645458602f,1.0491990102836228f,-0.5557667156110913f,-0.6831153476804553f,0.47378980527473524f,-0.018545911077671846f,0f,0f,0f,1f],start_interpolation:0}
execute if entity @s[tag=aj.messemers_assault.bone.head] run data modify entity @s {} merge value {transformation:[0.9503858030424261f,-0.03436231851721027f,0.3091699475070707f,0.18254253650297939f,0.09555132658102071f,0.9780791482573952f,-0.1850165498886399f,1.190632588309767f,-0.29603508130627054f,0.20537870096533922f,0.9328359018743756f,0.04495289077966272f,0f,0f,0f,1f],start_interpolation:0}
execute if entity @s[tag=aj.messemers_assault.bone.body_top] run data modify entity @s {} merge value {transformation:[0.9944514457586581f,-0.02579370487433077f,-0.10198532648068045f,0.19269880779724713f,0.0033157561776837553f,0.9766775945782128f,-0.21468554215383634f,0.8060657854445958f,0.10514431886452644f,0.21315618930205243f,0.9713439716046744f,-0.03897735875802044f,0f,0f,0f,1f],start_interpolation:0}
execute if entity @s[tag=aj.messemers_assault.bone.body] run data modify entity @s {} merge value {transformation:[0.9933713334816464f,-0.011108786909602689f,-0.11441148836674078f,0.1975589020701983f,0.00111794219919217f,0.9962059222860606f,-0.08702017356578115f,0.3702256944444443f,0.11494409085348879f,0.08631544042392678f,0.9896148244252855f,-0.0767403639434884f,0f,0f,0f,1f],start_interpolation:0}
execute if entity @s[tag=aj.messemers_assault.locator_origin.player_camera] at @s on origin run tp @s ^0.18163 ^-0.12977 ^0.04724 ~-172.67901 ~0
execute if entity @s[tag=aj.messemers_assault.bone.right_leg2] run data modify entity @s {} merge value {transformation:[0.9605715698001531f,-0.22104423973648596f,0.1686466820633858f,0.41407675027101837f,0.21144001837772367f,0.18688995105353545f,-0.9593566932187605f,0.15961241588593028f,0.18054190073248277f,0.957189422358253f,0.22625877177554082f,-0.17374996051347052f,0f,0f,0f,1f],start_interpolation:0}
execute if entity @s[tag=aj.messemers_assault.bone.right_leg] run data modify entity @s {} merge value {transformation:[0.9605715698001531f,-0.26734339916625627f,-0.07635290573319112f,0.318000216195645f,0.21144001837772367f,0.880740330674899f,-0.42378011816400424f,0.4761284722222221f,0.18054190073248277f,0.3909270735634734f,0.90254121525557f,-0.03326054345159726f,0f,0f,0f,1f],start_interpolation:0}
execute if entity @s[tag=aj.messemers_assault.bone.left_leg2] run data modify entity @s {} merge value {transformation:[0.9811466702108786f,0.08884135527307864f,-0.1716345685674891f,0.009787539653584323f,-0.06994200988556816f,0.9911080762329443f,0.11319406556440648f,0.256033271065217f,0.18016472126160712f,-0.09905551382469663f,0.9786361317638198f,0.1701330866117789f,0f,0f,0f,1f],start_interpolation:0}
execute if entity @s[tag=aj.messemers_assault.bone.left_leg] run data modify entity @s {} merge value {transformation:[0.9811466702108786f,0.1893230782926132f,-0.038832764000448675f,0.07782552091499219f,-0.06994200988556816f,0.5351441346204586f,0.8418603627885608f,0.4483506944444443f,0.18016472126160712f,-0.8232724501689154f,0.5382965223792533f,-0.1257304501676751f,0f,0f,0f,1f],start_interpolation:0}