execute if entity @s[tag=aj.messemers_assault.bone.right_arm2] run data modify entity @s {} merge value {transformation:[0.9345012194767853f,0.003065242041265237f,-0.3559467306882161f,0.3252478673701826f,-0.09668916242615182f,0.964552108657636f,-0.24554110766516696f,1.0548365629676175f,0.3425765267290364f,0.2638746558033499f,0.901671497475069f,9.377484466192172f,0f,0f,0f,1f],start_interpolation:0}
execute if entity @s[tag=aj.messemers_assault.bone.right_arm] run data modify entity @s {} merge value {transformation:[0.9115214937319237f,-0.20598662912211801f,-0.3559467306882161f,0.2737512100896531f,0.12145364257697454f,0.9617476681288847f,-0.24554110766516696f,1.2952734799998387f,0.39290912329635075f,0.18058497022609493f,0.901671497475069f,9.422630708748695f,0f,0f,0f,1f],start_interpolation:0}
execute if entity @s[tag=aj.messemers_assault.bone.flame_slash2] run data modify entity @s {} merge value {transformation:[0.000007548576438851768f,-0.0000069499575484559715f,0.000005767980685004326f,-1.0467551014963874f,-0.000003146889857775527f,-0.000009070137694104946f,-0.000006810448134602982f,0.5563906431829181f,0.000008465730643656965f,0.0000028254574223915734f,-0.000007674679953223517f,9.754102453835557f,0f,0f,0f,1f],start_interpolation:0}
execute if entity @s[tag=aj.messemers_assault.bone.flame_slash] run data modify entity @s {} merge value {transformation:[0.000007548576438851768f,-0.0000069499575484559715f,0.000005767980685004326f,-1.0467551014963874f,-0.000003146889857775527f,-0.000009070137694104946f,-0.000006810448134602982f,0.5563906431829181f,0.000008465730643656965f,0.0000028254574223915734f,-0.000007674679953223517f,9.754102453835557f,0f,0f,0f,1f],start_interpolation:0}
execute if entity @s[tag=aj.messemers_assault.bone.impaling_thrust] run data modify entity @s {} merge value {transformation:[-0.000013317920542341032f,0.000007055312396419984f,-0.0000060721443098228006f,0.5645341461044104f,0.000007793356359021891f,0.000002654927749269532f,-0.000014008223742143459f,1.5244408678261363f,-0.000005090379768905642f,-0.000014394071791455721f,-0.000005560045698844117f,9.673983424773386f,0f,0f,0f,1f],start_interpolation:0}
execute if entity @s[tag=aj.messemers_assault.locator_origin.spear0] at @s on origin run tp @s ^-1.30645 ^0.29315 ^9.80595 ~-41.7222 ~15.50642
execute if entity @s[tag=aj.messemers_assault.locator_origin.spear1] at @s on origin run tp @s ^-0.71601 ^1.06371 ^9.56591 ~-41.7222 ~15.50642
execute if entity @s[tag=aj.messemers_assault.locator_origin.spear2] at @s on origin run tp @s ^-0.08867 ^1.88243 ^9.31087 ~-41.7222 ~15.50642
execute if entity @s[tag=aj.messemers_assault.locator_origin.spear_head2] at @s on origin run tp @s ^-0.44358 ^0.29179 ^9.45839 ~-106.89757 ~-1.71134
execute if entity @s[tag=aj.messemers_assault.locator_origin.spear_body2] at @s on origin run tp @s ^-0.44358 ^0.29178 ^9.45839 ~-106.89757 ~-1.71134
execute if entity @s[tag=aj.messemers_assault.locator_origin.spear_body3] at @s on origin run tp @s ^-0.44358 ^0.29177 ^9.45839 ~-106.89757 ~-1.71134
execute if entity @s[tag=aj.messemers_assault.bone.spear_effects0] run data modify entity @s {} merge value {transformation:[0.6296659187313299f,-6.292975754903429e-7f,-2.0721981374490945f,-0.41143827206091665f,0.003499973307221294f,0.00002165697432451879f,-0.06470568524195025f,0.2927408266239246f,2.0731505071797183f,1.5457073804616067e-7f,0.6294858996787139f,9.454691294996648f,0f,0f,0f,1f],start_interpolation:0}
execute if entity @s[tag=aj.messemers_assault.locator_origin.spear_head3] at @s on origin run tp @s ^-0.40389 ^0.28116 ^11.10911 ~-106.89757 ~-1.71134
execute if entity @s[tag=aj.messemers_assault.locator_origin.spear_body4] at @s on origin run tp @s ^-0.40389 ^0.28115 ^11.10911 ~-106.89757 ~-1.71134
execute if entity @s[tag=aj.messemers_assault.locator_origin.spear_body5] at @s on origin run tp @s ^-0.40389 ^0.28114 ^11.10911 ~-106.89757 ~-1.71134
execute if entity @s[tag=aj.messemers_assault.bone.spear_effects1] run data modify entity @s {} merge value {transformation:[0.6296659187313299f,-6.292975754903429e-7f,-2.0721981374490945f,-0.3717452741641637f,0.003499973307221294f,0.00002165697432451879f,-0.06470568524195025f,0.28211264835805644f,2.0731505071797183f,1.5457073804616067e-7f,0.6294858996787139f,11.105410534523685f,0f,0f,0f,1f],start_interpolation:0}
execute if entity @s[tag=aj.messemers_assault.locator_origin.spear_head4] at @s on origin run tp @s ^-1.48847 ^0.25625 ^10.18466 ~163.1052 ~0.09255
execute if entity @s[tag=aj.messemers_assault.locator_origin.spear_body6] at @s on origin run tp @s ^-1.48847 ^0.25624 ^10.18466 ~163.1052 ~0.09255
execute if entity @s[tag=aj.messemers_assault.locator_origin.spear_body7] at @s on origin run tp @s ^-1.48847 ^0.25623 ^10.18466 ~163.1052 ~0.09255
execute if entity @s[tag=aj.messemers_assault.bone.spear_effects2] run data modify entity @s {} merge value {transformation:[2.072198137449094f,-6.292975754903429e-7f,0.6296659187313302f,-1.4921738954416193f,0.06470568524195025f,0.00002165697432451879f,0.003499973307221309f,0.25635693139404137f,-0.6294858996787143f,1.5457073804616067e-7f,2.0731505071797183f,10.152499810653934f,0f,0f,0f,1f],start_interpolation:0}
execute if entity @s[tag=aj.messemers_assault.locator_origin.spear_head5] at @s on origin run tp @s ^0.4703 ^0.31378 ^10.0977 ~163.1052 ~0.09255
execute if entity @s[tag=aj.messemers_assault.locator_origin.spear_body8] at @s on origin run tp @s ^0.4703 ^0.31377 ^10.0977 ~163.1052 ~0.09255
execute if entity @s[tag=aj.messemers_assault.locator_origin.spear_body9] at @s on origin run tp @s ^0.4703 ^0.31376 ^10.0977 ~163.1052 ~0.09255
execute if entity @s[tag=aj.messemers_assault.bone.spear_effects3] run data modify entity @s {} merge value {transformation:[2.072198137449094f,-6.292975754903429e-7f,0.6296659187313302f,0.4665971155431736f,0.06470568524195025f,0.00002165697432451879f,0.003499973307221309f,0.31389456723649867f,-0.6294858996787143f,1.5457073804616067e-7f,2.0731505071797183f,10.065541217132218f,0f,0f,0f,1f],start_interpolation:0}
execute if entity @s[tag=aj.messemers_assault.locator_origin.spear_head6] at @s on origin run tp @s ^-1.57158 ^0.24248 ^11.77545 ~-174.40422 ~-0.56931
execute if entity @s[tag=aj.messemers_assault.locator_origin.spear_body10] at @s on origin run tp @s ^-1.57158 ^0.24247 ^11.77545 ~-174.40422 ~-0.56931
execute if entity @s[tag=aj.messemers_assault.locator_origin.spear_body11] at @s on origin run tp @s ^-1.57158 ^0.24246 ^11.77545 ~-174.40422 ~-0.56931
execute if entity @s[tag=aj.messemers_assault.bone.spear_effects4] run data modify entity @s {} merge value {transformation:[2.1554241615206515f,-6.292975754903429e-7f,-0.21126044114377454f,-1.5627024203892528f,0.0611196400305491f,0.00002165697432451879f,-0.021528240019047056f,0.24294632906997632f,0.21179121317934418f,1.5457073804616067e-7f,2.156235146113212f,11.744325298235415f,0f,0f,0f,1f],start_interpolation:0}
execute if entity @s[tag=aj.messemers_assault.locator_origin.spear_head7] at @s on origin run tp @s ^-2.85361 ^0.21365 ^10.5945 ~-174.40422 ~-0.56931
execute if entity @s[tag=aj.messemers_assault.locator_origin.spear_body12] at @s on origin run tp @s ^-2.85361 ^0.21364 ^10.5945 ~-174.40422 ~-0.56931
execute if entity @s[tag=aj.messemers_assault.locator_origin.spear_body13] at @s on origin run tp @s ^-2.8536 ^0.21363 ^10.5945 ~-174.40422 ~-0.56931
execute if entity @s[tag=aj.messemers_assault.bone.spear_effects5] run data modify entity @s {} merge value {transformation:[2.1554241615206515f,-6.292975754903429e-7f,-0.21126044114377454f,-2.844726530782285f,0.0611196400305491f,0.00002165697432451879f,-0.021528240019047056f,0.21412262787166722f,0.21179121317934418f,1.5457073804616067e-7f,2.156235146113212f,10.563374039876212f,0f,0f,0f,1f],start_interpolation:0}
execute if entity @s[tag=aj.messemers_assault.locator_origin.spear_head8] at @s on origin run tp @s ^-0.03293 ^0.2854 ^12.02576 ~-129.40618 ~-1.54561
execute if entity @s[tag=aj.messemers_assault.locator_origin.spear_body14] at @s on origin run tp @s ^-0.03293 ^0.28539 ^12.02576 ~-129.40618 ~-1.54561
execute if entity @s[tag=aj.messemers_assault.locator_origin.spear_body15] at @s on origin run tp @s ^-0.03293 ^0.28538 ^12.02576 ~-129.40618 ~-1.54561
execute if entity @s[tag=aj.messemers_assault.bone.spear_effects6] run data modify entity @s {} merge value {transformation:[1.3747313504153564f,-6.292975754903429e-7f,-1.6734987314738052f,-0.004653919963826136f,0.027995347424802256f,0.00002165697432451879f,-0.05844087643376182f,0.28632287329673883f,1.6744474966842582f,1.5457073804616067e-7f,1.3749294906145784f,12.010038199188726f,0f,0f,0f,1f],start_interpolation:0}
execute if entity @s[tag=aj.messemers_assault.locator_origin.spear_head9] at @s on origin run tp @s ^-1.3028 ^0.27509 ^8.30076 ~-129.40618 ~-1.54561
execute if entity @s[tag=aj.messemers_assault.locator_origin.spear_body16] at @s on origin run tp @s ^-1.3028 ^0.27508 ^8.30076 ~-129.40618 ~-1.54561
execute if entity @s[tag=aj.messemers_assault.locator_origin.spear_body17] at @s on origin run tp @s ^-1.3028 ^0.27507 ^8.30076 ~-129.40618 ~-1.54561
execute if entity @s[tag=aj.messemers_assault.bone.spear_effects7] run data modify entity @s {} merge value {transformation:[1.3747313504153564f,-6.292975754903429e-7f,-1.6734987314738052f,-1.2745264790609938f,0.027995347424802256f,0.00002165697432451879f,-0.05844087643376182f,0.276009693423356f,1.6744474966842582f,1.5457073804616067e-7f,1.3749294906145784f,8.285041746576603f,0f,0f,0f,1f],start_interpolation:0}
execute if entity @s[tag=aj.messemers_assault.locator_origin.spear_head10] at @s on origin run tp @s ^1.06275 ^0.32621 ^10.76915 ~-129.40618 ~-1.54561
execute if entity @s[tag=aj.messemers_assault.locator_origin.spear_body18] at @s on origin run tp @s ^1.06275 ^0.3262 ^10.76915 ~-129.40618 ~-1.54561
execute if entity @s[tag=aj.messemers_assault.locator_origin.spear_body19] at @s on origin run tp @s ^1.06275 ^0.32619 ^10.76915 ~-129.40618 ~-1.54561
execute if entity @s[tag=aj.messemers_assault.bone.spear_effects8] run data modify entity @s {} merge value {transformation:[1.3747313504153564f,-6.292975754903429e-7f,-1.6734987314738052f,1.0910288840208893f,0.027995347424802256f,0.00002165697432451879f,-0.05844087643376182f,0.32712937593862756f,1.6744474966842582f,1.5457073804616067e-7f,1.3749294906145784f,10.753430057246964f,0f,0f,0f,1f],start_interpolation:0}
execute if entity @s[tag=aj.messemers_assault.locator_origin.spear_head11] at @s on origin run tp @s ^1.57672 ^0.35031 ^9.48446 ~163.1052 ~0.09255
execute if entity @s[tag=aj.messemers_assault.locator_origin.spear_body20] at @s on origin run tp @s ^1.57672 ^0.3503 ^9.48446 ~163.1052 ~0.09255
execute if entity @s[tag=aj.messemers_assault.locator_origin.spear_body21] at @s on origin run tp @s ^1.57672 ^0.35029 ^9.48446 ~163.1052 ~0.09255
execute if entity @s[tag=aj.messemers_assault.bone.spear_effects9] run data modify entity @s {} merge value {transformation:[2.072198137449094f,-6.292975754903429e-7f,0.6296659187313302f,1.5730197220594715f,0.06470568524195025f,0.00002165697432451879f,0.003499973307221309f,0.3504212425544304f,-0.6294858996787143f,1.5457073804616067e-7f,2.0731505071797183f,9.452306092746879f,0f,0f,0f,1f],start_interpolation:0}
execute if entity @s[tag=aj.messemers_assault.locator_origin.spear_head12] at @s on origin run tp @s ^-0.19685 ^0.30402 ^8.75 ~-129.40618 ~-1.54561
execute if entity @s[tag=aj.messemers_assault.locator_origin.spear_body22] at @s on origin run tp @s ^-0.19685 ^0.30401 ^8.75 ~-129.40618 ~-1.54561
execute if entity @s[tag=aj.messemers_assault.locator_origin.spear_body23] at @s on origin run tp @s ^-0.19685 ^0.304 ^8.75 ~-129.40618 ~-1.54561
execute if entity @s[tag=aj.messemers_assault.bone.spear_effects10] run data modify entity @s {} merge value {transformation:[1.3747313504153564f,-6.292975754903429e-7f,-1.6734987314738052f,-0.16857445546612393f,0.027995347424802256f,0.00002165697432451879f,-0.05844087643376182f,0.3049395858583267f,1.6744474966842582f,1.5457073804616067e-7f,1.3749294906145784f,8.734279359461047f,0f,0f,0f,1f],start_interpolation:0}
execute if entity @s[tag=aj.messemers_assault.locator_origin.spear_head13] at @s on origin run tp @s ^-2.02463 ^0.24676 ^9.33139 ~163.1052 ~0.09255
execute if entity @s[tag=aj.messemers_assault.locator_origin.spear_body24] at @s on origin run tp @s ^-2.02463 ^0.24675 ^9.33139 ~163.1052 ~0.09255
execute if entity @s[tag=aj.messemers_assault.locator_origin.spear_body25] at @s on origin run tp @s ^-2.02463 ^0.24674 ^9.33139 ~163.1052 ~0.09255
execute if entity @s[tag=aj.messemers_assault.bone.spear_effects11] run data modify entity @s {} merge value {transformation:[2.072198137449094f,-6.292975754903429e-7f,0.6296659187313302f,-2.0283343290595397f,0.06470568524195025f,0.00002165697432451879f,0.003499973307221309f,0.24686741851506222f,-0.6294858996787143f,1.5457073804616067e-7f,2.0731505071797183f,9.299231424641677f,0f,0f,0f,1f],start_interpolation:0}
execute if entity @s[tag=aj.messemers_assault.locator_origin.flame1] at @s on origin run tp @s ^-0.99491 ^0.17946 ^8.93787 ~-151.90893 ~-1.14455
execute if entity @s[tag=aj.messemers_assault.locator_origin.flame2] at @s on origin run tp @s ^0.54819 ^0.21841 ^9.76238 ~-151.90893 ~-1.14455
execute if entity @s[tag=aj.messemers_assault.locator_origin.flame3] at @s on origin run tp @s ^-1.81878 ^0.1445 ^10.48141 ~-151.90893 ~-1.14455
execute if entity @s[tag=aj.messemers_assault.locator_origin.flame4] at @s on origin run tp @s ^-0.27568 ^0.18346 ^11.30592 ~-151.90893 ~-1.14455
execute if entity @s[tag=aj.messemers_assault.bone.flame_blast] run data modify entity @s {} merge value {transformation:[3.012721624413236f,-9.92353869042464e-7f,-1.608499879667373f,-0.6352965911512891f,0.07605292425738272f,0.00003415138258866425f,-0.06824761277739567f,0.18145959086139662f,1.6097625531785387f,2.437461638420226e-7f,3.013582836354652f,10.121895871295278f,0f,0f,0f,1f],start_interpolation:0}
execute if entity @s[tag=aj.messemers_assault.bone.spear_of_the_impaler] run data modify entity @s {} merge value {transformation:[1.0617167986556637f,-1.2792842213087097f,-1.3894724772399711f,-0.7690416686573929f,-1.2536046123870976f,-1.6695474693573702f,0.5792505224931941f,0.9522638847443581f,-1.4126844515668062f,0.5200841981039356f,-1.5582937821952647f,9.616044756094505f,0f,0f,0f,1f],start_interpolation:0}
execute if entity @s[tag=aj.messemers_assault.bone.left_arm2] run data modify entity @s {} merge value {transformation:[0.2603836087643391f,0.6630376367807003f,0.7018414838830234f,-0.5276633514290594f,-0.7338748489947583f,0.6082737686598072f,-0.3023751450984622f,1.3339293851655953f,-0.6273978660306236f,-0.43633028152153264f,0.6449711645706031f,9.378651528870016f,0f,0f,0f,1f],start_interpolation:0}
execute if entity @s[tag=aj.messemers_assault.bone.left_arm] run data modify entity @s {} merge value {transformation:[0.2603836087643391f,0.9446263168055024f,0.19970352496971747f,-0.25895882113214147f,-0.7338748489947583f,0.3280423973421812f,-0.5948242526653693f,1.3242056283767958f,-0.6273978660306236f,0.008325091258687578f,0.7786543588497751f,9.30230806843086f,0f,0f,0f,1f],start_interpolation:0}
execute if entity @s[tag=aj.messemers_assault.bone.head] run data modify entity @s {} merge value {transformation:[0.9880867213947291f,-0.01033533006511572f,-0.15355068204296674f,0.03740119542549801f,-0.09003591130865667f,0.770355381392512f,-0.6312258874875277f,1.4412845024176264f,0.12481252212111912f,0.6375309932168337f,0.7602473722478248f,9.431859565293253f,0f,0f,0f,1f],start_interpolation:0}
execute if entity @s[tag=aj.messemers_assault.bone.body_top] run data modify entity @s {} merge value {transformation:[0.9897678544849319f,-0.09003435108801228f,-0.11069512117729133f,0.07285222116640284f,0.006008405866195554f,0.801399980574918f,-0.5980986291519719f,1.1257332600662524f,0.14256048992354692f,0.5913136957306854f,0.793740902281139f,9.199029797599296f,0f,0f,0f,1f],start_interpolation:0}
execute if entity @s[tag=aj.messemers_assault.bone.body] run data modify entity @s {} merge value {transformation:[0.9897678544849319f,-0.0756970685531437f,-0.12095266859708112f,0.10596968865840321f,0.006008405866195554f,0.8690368007280002f,-0.49471096413905075f,0.7455296597477523f,0.14256048992354692f,0.48892227684254974f,0.8605995084357505f,8.985126301480681f,0f,0f,0f,1f],start_interpolation:0}
execute if entity @s[tag=aj.messemers_assault.locator_origin.player_camera] at @s on origin run tp @s ^-0.02717 ^0.03535 ^9.32944 ~-163.77454 ~-24.0168
execute if entity @s[tag=aj.messemers_assault.bone.right_leg2] run data modify entity @s {} merge value {transformation:[0.9857550625085895f,-0.1237899182336145f,0.11385522773417868f,0.2828568283828544f,0.15148823070206544f,0.9475831666566238f,-0.2813138073891199f,0.5005951624855699f,-0.07306348402207818f,0.2945542367930227f,0.952837619371651f,9.222158735018352f,0f,0f,0f,1f],start_interpolation:0}
execute if entity @s[tag=aj.messemers_assault.bone.right_leg] run data modify entity @s {} merge value {transformation:[0.9857550625085895f,-0.1678720600157463f,-0.010292142865133747f,0.2225278068146956f,0.15148823070206544f,0.8596330764198574f,0.4879367683252507f,0.8095257993239562f,-0.07306348402207818f,-0.48254527807346853f,0.872818298336804f,9.0487440257107f,0f,0f,0f,1f],start_interpolation:0}
execute if entity @s[tag=aj.messemers_assault.bone.left_leg2] run data modify entity @s {} merge value {transformation:[0.9706744556289376f,0.12836413862639734f,-0.20325783897347827f,-0.08751709771338954f,-0.22983662767824073f,0.7433924965432217f,-0.6281263572409056f,0.49491812293685344f,0.0704714535607086f,0.6564223061398349f,0.7510948876374421f,8.858098057904773f,0f,0f,0f,1f],start_interpolation:0}
execute if entity @s[tag=aj.messemers_assault.bone.left_leg] run data modify entity @s {} merge value {transformation:[0.9706744556289376f,0.19112290679498883f,-0.14581884544769713f,-0.01883230308394043f,-0.22983662767824073f,0.915624114910539f,-0.32985997752347257f,0.8239705392328284f,0.0704714535607086f,0.35370116580600375f,0.9326999836713383f,8.985209414366306f,0f,0f,0f,1f],start_interpolation:0}