execute if entity @s[tag=aj.messemers_assault.bone.right_arm2] run data modify entity @s {} merge value {transformation:[0.9688133993519402f,-0.058826869645569255f,-0.24070728415201895f,0.4534044097022056f,0.1962809475215086f,0.7751022357146885f,0.6005749860176917f,1.0499025393413903f,0.15124280768418835f,-0.6290913475782309f,0.7624760255417927f,0.1500761303264945f,0f,0f,0f,1f],start_interpolation:0}
execute if entity @s[tag=aj.messemers_assault.bone.right_arm] run data modify entity @s {} merge value {transformation:[0.9683931264706657f,-0.06538161790999221f,-0.24070728415201895f,0.43705900522470753f,0.2015216780206484f,0.7737562274111867f,0.6005749860176917f,1.243341596194187f,0.14698219583375105f,-0.6301004242038565f,0.7624760255417927f,-0.00744897572446962f,0f,0f,0f,1f],start_interpolation:0}
execute if entity @s[tag=aj.messemers_assault.bone.flame_slash2] run data modify entity @s {} merge value {transformation:[0.36779676393453437f,-0.005980968842389027f,0.002597577530439775f,1.0064441606623111f,-0.719293800590574f,-0.00016368874213810826f,0.00970864515608624f,0.9331016069114697f,-0.8560765984900898f,-0.002432072891198944f,-0.007041411567345284f,0.8351104331789551f,0f,0f,0f,1f],start_interpolation:0}
execute if entity @s[tag=aj.messemers_assault.bone.flame_slash] run data modify entity @s {} merge value {transformation:[0.36779676393453437f,-0.005980968842389027f,0.002597577530439775f,1.0064441606623111f,-0.719293800590574f,-0.00016368874213810826f,0.00970864515608624f,0.9331016069114697f,-0.8560765984900898f,-0.002432072891198944f,-0.007041411567345284f,0.8351104331789551f,0f,0f,0f,1f],start_interpolation:0}
execute if entity @s[tag=aj.messemers_assault.bone.impaling_thrust] run data modify entity @s {} merge value {transformation:[0.00000384863446106901f,0.00001529800986154933f,-0.000003895418355390257f,0.2646361482721301f,-0.000010250127936693898f,-6.276489177968317e-7f,-0.00001259191451765361f,0.9150676040326602f,-0.000012005759749760916f,0.000005439883106687841f,0.000009501830440451606f,0.5639075815289527f,0f,0f,0f,1f],start_interpolation:0}
execute if entity @s[tag=aj.messemers_assault.locator_origin.spear0] at @s on origin run tp @s ^1.0039 ^0.89221 ^0.8804 ~-159.75098 ~-52.29422
execute if entity @s[tag=aj.messemers_assault.locator_origin.spear1] at @s on origin run tp @s ^0.07785 ^0.86687 ^0.50384 ~-159.75098 ~-52.29422
execute if entity @s[tag=aj.messemers_assault.locator_origin.spear2] at @s on origin run tp @s ^-0.90607 ^0.83994 ^0.10374 ~-159.75098 ~-52.29422
execute if entity @s[tag=aj.messemers_assault.locator_origin.spear_head2] at @s on origin run tp @s ^1.43614 ^1.22692 ^0.95675 ~-154.79667 ~82.91565
execute if entity @s[tag=aj.messemers_assault.locator_origin.spear_body2] at @s on origin run tp @s ^1.43615 ^1.22692 ^0.95675 ~-154.79667 ~82.91565
execute if entity @s[tag=aj.messemers_assault.locator_origin.spear_body3] at @s on origin run tp @s ^1.43615 ^1.22692 ^0.95676 ~-154.79667 ~82.91565
execute if entity @s[tag=aj.messemers_assault.bone.spear_effects0] run data modify entity @s {} merge value {transformation:[0.000004597248294687836f,-0.000021142728215484707f,-0.0000011378911053260844f,1.4361452481912274f,0.0000026060945156268324f,-5.905209596839542e-7f,0.00002150125579626078f,1.2269234861831155f,-0.000021012330283361084f,-0.000004699018306706663f,0.000002417777380286729f,0.95675314565194f,0f,0f,0f,1f],start_interpolation:0}
execute if entity @s[tag=aj.messemers_assault.locator_origin.spear_head3] at @s on origin run tp @s ^1.43614 ^1.22693 ^0.95674 ~-154.79667 ~82.91565
execute if entity @s[tag=aj.messemers_assault.locator_origin.spear_body4] at @s on origin run tp @s ^1.43615 ^1.22693 ^0.95674 ~-154.79667 ~82.91565
execute if entity @s[tag=aj.messemers_assault.locator_origin.spear_body5] at @s on origin run tp @s ^1.43616 ^1.22693 ^0.95674 ~-154.79667 ~82.91565
execute if entity @s[tag=aj.messemers_assault.bone.spear_effects1] run data modify entity @s {} merge value {transformation:[0.000004597248294687836f,-0.000021142728215484707f,-0.0000011378911053260844f,1.4361483918661546f,0.0000026060945156268324f,-5.905209596839542e-7f,0.00002150125579626078f,1.22692978552466f,-0.000021012330283361084f,-0.000004699018306706663f,0.000002417777380286729f,0.9567382093922322f,0f,0f,0f,1f],start_interpolation:0}
execute if entity @s[tag=aj.messemers_assault.locator_origin.spear_head4] at @s on origin run tp @s ^1.43614 ^1.22694 ^0.95675 ~12.34117 ~6.90834
execute if entity @s[tag=aj.messemers_assault.locator_origin.spear_body6] at @s on origin run tp @s ^1.43615 ^1.22694 ^0.95675 ~12.34117 ~6.90834
execute if entity @s[tag=aj.messemers_assault.locator_origin.spear_body7] at @s on origin run tp @s ^1.43615 ^1.22694 ^0.95675 ~12.34117 ~6.90834
execute if entity @s[tag=aj.messemers_assault.bone.spear_effects2] run data modify entity @s {} merge value {transformation:[0.0000011378911053260837f,-0.000021142728215484707f,0.000004597248294687836f,1.4361453484855276f,-0.00002150125579626078f,-5.905209596839542e-7f,0.000002606094515626829f,1.226936191340114f,-0.0000024177773802867254f,-0.000004699018306706663f,-0.000021012330283361084f,0.9567510977440559f,0f,0f,0f,1f],start_interpolation:0}
execute if entity @s[tag=aj.messemers_assault.locator_origin.spear_head5] at @s on origin run tp @s ^1.43614 ^1.22692 ^0.95674 ~12.34117 ~6.90834
execute if entity @s[tag=aj.messemers_assault.locator_origin.spear_body8] at @s on origin run tp @s ^1.43615 ^1.22692 ^0.95674 ~12.34117 ~6.90834
execute if entity @s[tag=aj.messemers_assault.locator_origin.spear_body9] at @s on origin run tp @s ^1.43616 ^1.22692 ^0.95675 ~12.34117 ~6.90834
execute if entity @s[tag=aj.messemers_assault.bone.spear_effects3] run data modify entity @s {} merge value {transformation:[0.0000011378911053260837f,-0.000021142728215484707f,0.000004597248294687836f,1.4361473779985692f,-0.00002150125579626078f,-5.905209596839542e-7f,0.000002606094515626829f,1.2269179176551825f,-0.0000024177773802867254f,-0.000004699018306706663f,-0.000021012330283361084f,0.9567442626039078f,0f,0f,0f,1f],start_interpolation:0}
execute if entity @s[tag=aj.messemers_assault.locator_origin.spear_head6] at @s on origin run tp @s ^1.43614 ^1.22694 ^0.95673 ~11.65021 ~29.39892
execute if entity @s[tag=aj.messemers_assault.locator_origin.spear_body10] at @s on origin run tp @s ^1.43615 ^1.22694 ^0.95674 ~11.65021 ~29.39892
execute if entity @s[tag=aj.messemers_assault.locator_origin.spear_body11] at @s on origin run tp @s ^1.43616 ^1.22694 ^0.95674 ~11.65021 ~29.39892
execute if entity @s[tag=aj.messemers_assault.bone.spear_effects4] run data modify entity @s {} merge value {transformation:[0.000002810565059283111f,-0.000021142728215484707f,0.0000038118515314906175f,1.436148258197611f,-0.000018867260959147094f,-5.905209596839542e-7f,0.0000106358917510504f,1.2269432615026201f,-0.000010274805710641206f,-0.000004699018306706663f,-0.00001848761853258159f,0.9567371173067334f,0f,0f,0f,1f],start_interpolation:0}
execute if entity @s[tag=aj.messemers_assault.locator_origin.spear_head7] at @s on origin run tp @s ^1.43613 ^1.22695 ^0.95675 ~11.65021 ~29.39892
execute if entity @s[tag=aj.messemers_assault.locator_origin.spear_body12] at @s on origin run tp @s ^1.43614 ^1.22695 ^0.95675 ~11.65021 ~29.39892
execute if entity @s[tag=aj.messemers_assault.locator_origin.spear_body13] at @s on origin run tp @s ^1.43615 ^1.22695 ^0.95675 ~11.65021 ~29.39892
execute if entity @s[tag=aj.messemers_assault.bone.spear_effects5] run data modify entity @s {} merge value {transformation:[0.000002810565059283111f,-0.000021142728215484707f,0.0000038118515314906175f,1.4361446057681275f,-0.000018867260959147094f,-5.905209596839542e-7f,0.0000106358917510504f,1.2269502255097546f,-0.000010274805710641206f,-0.000004699018306706663f,-0.00001848761853258159f,0.9567526758610845f,0f,0f,0f,1f],start_interpolation:0}
execute if entity @s[tag=aj.messemers_assault.locator_origin.spear_head8] at @s on origin run tp @s ^1.43614 ^1.22693 ^0.95673 ~6.95106 ~74.33481
execute if entity @s[tag=aj.messemers_assault.locator_origin.spear_body14] at @s on origin run tp @s ^1.43615 ^1.22693 ^0.95673 ~6.95106 ~74.33481
execute if entity @s[tag=aj.messemers_assault.locator_origin.spear_body15] at @s on origin run tp @s ^1.43616 ^1.22693 ^0.95673 ~6.95106 ~74.33481
execute if entity @s[tag=aj.messemers_assault.bone.spear_effects6] run data modify entity @s {} merge value {transformation:[0.0000046827556791784005f,-0.000021142728215484707f,7.080164544082838e-7f,1.4361505012590623f,-0.000005820456985495313f,-5.905209596839542e-7f,0.00002086187934776292f,1.2269300778501044f,-0.00002033810522574719f,-0.000004699018306706663f,-0.000005807335639009874f,0.9567286816691362f,0f,0f,0f,1f],start_interpolation:0}
execute if entity @s[tag=aj.messemers_assault.locator_origin.spear_head9] at @s on origin run tp @s ^1.43613 ^1.22693 ^0.95676 ~6.95106 ~74.33481
execute if entity @s[tag=aj.messemers_assault.locator_origin.spear_body16] at @s on origin run tp @s ^1.43614 ^1.22693 ^0.95677 ~6.95106 ~74.33481
execute if entity @s[tag=aj.messemers_assault.locator_origin.spear_body17] at @s on origin run tp @s ^1.43615 ^1.22693 ^0.95677 ~6.95106 ~74.33481
execute if entity @s[tag=aj.messemers_assault.bone.spear_effects7] run data modify entity @s {} merge value {transformation:[0.0000046827556791784005f,-0.000021142728215484707f,7.080164544082838e-7f,1.436142085965522f,-0.000005820456985495313f,-5.905209596839542e-7f,0.00002086187934776292f,1.2269266625519997f,-0.00002033810522574719f,-0.000004699018306706663f,-0.000005807335639009874f,0.9567669745757703f,0f,0f,0f,1f],start_interpolation:0}
execute if entity @s[tag=aj.messemers_assault.locator_origin.spear_head10] at @s on origin run tp @s ^1.43614 ^1.22692 ^0.95673 ~6.95106 ~74.33481
execute if entity @s[tag=aj.messemers_assault.locator_origin.spear_body18] at @s on origin run tp @s ^1.43615 ^1.22692 ^0.95674 ~6.95106 ~74.33481
execute if entity @s[tag=aj.messemers_assault.locator_origin.spear_body19] at @s on origin run tp @s ^1.43616 ^1.22692 ^0.95674 ~6.95106 ~74.33481
execute if entity @s[tag=aj.messemers_assault.bone.spear_effects8] run data modify entity @s {} merge value {transformation:[0.0000046827556791784005f,-0.000021142728215484707f,7.080164544082838e-7f,1.4361493685463986f,-0.000005820456985495313f,-5.905209596839542e-7f,0.00002086187934776292f,1.2269149805340571f,-0.00002033810522574719f,-0.000004699018306706663f,-0.000005807335639009874f,0.9567356754528182f,0f,0f,0f,1f],start_interpolation:0}
execute if entity @s[tag=aj.messemers_assault.locator_origin.spear_head11] at @s on origin run tp @s ^1.43614 ^1.22691 ^0.95674 ~12.34117 ~6.90834
execute if entity @s[tag=aj.messemers_assault.locator_origin.spear_body20] at @s on origin run tp @s ^1.43615 ^1.22691 ^0.95675 ~12.34117 ~6.90834
execute if entity @s[tag=aj.messemers_assault.locator_origin.spear_body21] at @s on origin run tp @s ^1.43616 ^1.22691 ^0.95675 ~12.34117 ~6.90834
execute if entity @s[tag=aj.messemers_assault.bone.spear_effects9] run data modify entity @s {} merge value {transformation:[0.0000011378911053260837f,-0.000021142728215484707f,0.000004597248294687836f,1.4361474652472752f,-0.00002150125579626078f,-5.905209596839542e-7f,0.000002606094515626829f,1.226905318812825f,-0.0000024177773802867254f,-0.000004699018306706663f,-0.000021012330283361084f,0.9567454533217209f,0f,0f,0f,1f],start_interpolation:0}
execute if entity @s[tag=aj.messemers_assault.locator_origin.spear_head12] at @s on origin run tp @s ^1.43613 ^1.22692 ^0.95676 ~6.95106 ~74.33481
execute if entity @s[tag=aj.messemers_assault.locator_origin.spear_body22] at @s on origin run tp @s ^1.43614 ^1.22692 ^0.95676 ~6.95106 ~74.33481
execute if entity @s[tag=aj.messemers_assault.locator_origin.spear_body23] at @s on origin run tp @s ^1.43615 ^1.22692 ^0.95676 ~6.95106 ~74.33481
execute if entity @s[tag=aj.messemers_assault.bone.spear_effects10] run data modify entity @s {} merge value {transformation:[0.0000046827556791784005f,-0.000021142728215484707f,7.080164544082838e-7f,1.43614416748937f,-0.000005820456985495313f,-5.905209596839542e-7f,0.00002086187934776292f,1.2269183563026185f,-0.00002033810522574719f,-0.000004699018306706663f,-0.000005807335639009874f,0.9567586528208661f,0f,0f,0f,1f],start_interpolation:0}
execute if entity @s[tag=aj.messemers_assault.locator_origin.spear_head13] at @s on origin run tp @s ^1.43613 ^1.22694 ^0.95676 ~12.34117 ~6.90834
execute if entity @s[tag=aj.messemers_assault.locator_origin.spear_body24] at @s on origin run tp @s ^1.43614 ^1.22694 ^0.95676 ~12.34117 ~6.90834
execute if entity @s[tag=aj.messemers_assault.locator_origin.spear_body25] at @s on origin run tp @s ^1.43615 ^1.22694 ^0.95676 ~12.34117 ~6.90834
execute if entity @s[tag=aj.messemers_assault.bone.spear_effects11] run data modify entity @s {} merge value {transformation:[0.0000011378911053260837f,-0.000021142728215484707f,0.000004597248294687836f,1.4361431462529448f,-0.00002150125579626078f,-5.905209596839542e-7f,0.000002606094515626829f,1.2269376532858745f,-0.0000024177773802867254f,-0.000004699018306706663f,-0.000021012330283361084f,0.9567608227317805f,0f,0f,0f,1f],start_interpolation:0}
execute if entity @s[tag=aj.messemers_assault.locator_origin.flame1] at @s on origin run tp @s ^-0.20967 ^1.03463 ^0.41124 ~10.5389 ~51.88377
execute if entity @s[tag=aj.messemers_assault.locator_origin.flame2] at @s on origin run tp @s ^-0.20966 ^1.03461 ^0.41123 ~10.5389 ~51.88377
execute if entity @s[tag=aj.messemers_assault.locator_origin.flame3] at @s on origin run tp @s ^-0.20967 ^1.03464 ^0.41123 ~10.5389 ~51.88377
execute if entity @s[tag=aj.messemers_assault.locator_origin.flame4] at @s on origin run tp @s ^-0.20966 ^1.03463 ^0.41122 ~10.5389 ~51.88377
execute if entity @s[tag=aj.messemers_assault.bone.flame_blast] run data modify entity @s {} merge value {transformation:[0.000006394984399723063f,-0.00003334045603211051f,0.0000038573666158811305f,-0.20966474278731845f,-0.000021069106292274618f,-9.312061287323895e-7f,0.00002688097331388423f,1.0346267485501133f,-0.000026125811866490266f,-0.0000074099904067297396f,-0.000020733912018720432f,0.41123197525569216f,0f,0f,0f,1f],start_interpolation:0}
execute if entity @s[tag=aj.messemers_assault.bone.spear_of_the_impaler] run data modify entity @s {} merge value {transformation:[0.6770064327290545f,2.00642979537417f,-0.45863516080070393f,0.20606888340383522f,-1.3240098276357468f,0.05491250298204736f,-1.714184073483548f,0.8917923313547891f,-1.5757870131498997f,0.8158851253059182f,1.2432502547504678f,0.5300046169658802f,0f,0f,0f,1f],start_interpolation:0}
execute if entity @s[tag=aj.messemers_assault.bone.left_arm2] run data modify entity @s {} merge value {transformation:[0.31246450741340975f,0.1979876788179209f,0.9290677104728085f,-0.2774671770082806f,-0.6110814589088063f,0.7907016695181445f,0.03701783893076322f,1.1220136069533302f,-0.7272863137614922f,-0.5793028127477979f,0.368052807294971f,0.2227417747131113f,0f,0f,0f,1f],start_interpolation:0}
execute if entity @s[tag=aj.messemers_assault.bone.left_arm] run data modify entity @s {} merge value {transformation:[0.31246450741340975f,0.20195738449992745f,0.9282128777671871f,-0.18791976745662256f,-0.6110814589088063f,0.7908526864178305f,0.03363746369133282f,1.243341596194187f,-0.7272863137614922f,-0.5777241930468628f,0.3705258082557416f,-0.012600062768790943f,0f,0f,0f,1f],start_interpolation:0}
execute if entity @s[tag=aj.messemers_assault.bone.head] run data modify entity @s {} merge value {transformation:[0.9996685379962528f,-0.0001489339579324279f,-0.02574474624288073f,0.12420788390210748f,-0.005427342244779069f,0.9762915697149257f,-0.21639157760810518f,1.380227229711584f,0.025166606775490877f,0.21645957757106227f,0.9759671578394247f,0.03386460223402446f,0f,0f,0f,1f],start_interpolation:0}
execute if entity @s[tag=aj.messemers_assault.bone.body_top] run data modify entity @s {} merge value {transformation:[0.9999660362901281f,-0.0025164172656348504f,-0.007848178792238552f,0.1251987232004512f,0f,0.9522478853384154f,-0.30532599769511315f,1.005279624859583f,0.008241739270914128f,0.3053156276915111f,0.9522155434675116f,-0.08635342616950806f,0f,0f,0f,1f],start_interpolation:0}
execute if entity @s[tag=aj.messemers_assault.bone.body] run data modify entity @s {} merge value {transformation:[0.9999660362901281f,-0.0007183149076890636f,-0.008210376964739183f,0.12551298597256516f,0f,0.9961946980917455f,-0.08715574274765818f,0.5694444444444444f,0.008241739270914128f,0.08715278261529784f,0.9961608636240437f,-0.12448276856370087f,0f,0f,0f,1f],start_interpolation:0}
execute if entity @s[tag=aj.messemers_assault.locator_origin.player_camera] at @s on origin run tp @s ^0.12036 ^0.06944 ^0.5005 ~-179.52778 ~0
execute if entity @s[tag=aj.messemers_assault.bone.right_leg2] run data modify entity @s {} merge value {transformation:[0.9977388167062509f,-0.054621081829258705f,0.0391636445879512f,0.27455796805736615f,0.062455770408038076f,0.5382149584682027f,-0.8404902945446838f,0.30837358911044127f,0.024830029809655322f,0.8410357875268282f,0.5404093575418352f,-0.22557039261260847f,0f,0f,0f,1f],start_interpolation:0}
execute if entity @s[tag=aj.messemers_assault.bone.right_leg] run data modify entity @s {} merge value {transformation:[0.9977388167062509f,-0.06699922003139121f,-0.005325237346368866f,0.25048012335858494f,0.062455770408038076f,0.9535111723303662f,-0.2948147231464352f,0.6510416666666666f,0.024830029809655322f,0.29381550121863215f,0.9555395967008877f,-0.11998044686216255f,0f,0f,0f,1f],start_interpolation:0}
execute if entity @s[tag=aj.messemers_assault.bone.left_leg2] run data modify entity @s {} merge value {transformation:[0.9995019799851396f,0.021543881430493f,-0.02305760565830713f,-0.010691924272754224f,-0.02052884692497304f,0.9988473550597229f,0.0433881059061908f,0.38027167197404804f,0.023965776634946825f,-0.042893151704026966f,0.9987921801291693f,0.11027022371366146f,0f,0f,0f,1f],start_interpolation:0}
execute if entity @s[tag=aj.messemers_assault.bone.left_leg] run data modify entity @s {} merge value {transformation:[0.9995019799851396f,0.03128625054427503f,-0.004118559537749637f,0.0005515720165946147f,-0.02052884692497304f,0.7437851060045813f,0.6681034968698224f,0.6475694444444444f,0.023965776634946825f,-0.6676862186780813f,0.7440569567833157f,-0.12967951112377402f,0f,0f,0f,1f],start_interpolation:0}