execute if entity @s[tag=aj.messemers_assault.bone.right_arm2] run data modify entity @s {} merge value {transformation:[0.577451904670225f,-0.7314545483414058f,0.3626617452991134f,0.5622734155543028f,0.7203371569176776f,0.24738715673740302f,-0.64800769674838f,6.459820685819222f,0.3842703191198692f,0.6354320092598841f,0.6697480746157172f,6.457486807098359f,0f,0f,0f,1f],start_interpolation:0}
execute if entity @s[tag=aj.messemers_assault.bone.right_arm] run data modify entity @s {} merge value {transformation:[0.494964745964462f,-0.7896115239463873f,0.3626617452991134f,0.36487053456770596f,0.7428655891624277f,0.16803791653438982f,-0.64800769674838f,6.50183016495282f,0.4507334208716883f,0.5901498960923783f,0.6697480746157172f,6.6050242811214535f,0f,0f,0f,1f],start_interpolation:0}
execute if entity @s[tag=aj.messemers_assault.bone.flame_slash2] run data modify entity @s {} merge value {transformation:[4.558209968559577e-8f,0.0000034771754950283172f,-0.000011245429747683005f,0.03148474889575198f,-0.000009589404544777745f,-0.000006510406017827761f,-0.000002051938430055597f,5.5743463985648205f,-0.000006825962211285322f,0.000009169317391219355f,0.0000028075569148813634f,7.92823901014334f,0f,0f,0f,1f],start_interpolation:0}
execute if entity @s[tag=aj.messemers_assault.bone.flame_slash] run data modify entity @s {} merge value {transformation:[4.558209968559577e-8f,0.0000034771754950283172f,-0.000011245429747683005f,0.03148474889575198f,-0.000009589404544777745f,-0.000006510406017827761f,-0.000002051938430055597f,5.5743463985648205f,-0.000006825962211285322f,0.000009169317391219355f,0.0000028075569148813634f,7.92823901014334f,0f,0f,0f,1f],start_interpolation:0}
execute if entity @s[tag=aj.messemers_assault.bone.impaling_thrust] run data modify entity @s {} merge value {transformation:[-0.000013489587210736634f,-0.000009057634663575486f,-7.528803109601683e-8f,-0.011169918440018856f,0.0000034440444603848967f,-0.000005003969122245773f,-0.000015070309481925143f,6.834052310053096f,0.000008377647148294242f,-0.00001252736701894323f,0.000006074165040058654f,5.6724850632112815f,0f,0f,0f,1f],start_interpolation:0}
execute if entity @s[tag=aj.messemers_assault.locator_origin.spear_head] at @s on origin run tp @s ^-0.10053 ^5.71301 ^7.74764 ~-104.01802 ~-10.03932
execute if entity @s[tag=aj.messemers_assault.locator_origin.spear_body] at @s on origin run tp @s ^-0.39594 ^6.26611 ^6.96866 ~-104.01802 ~-10.03932
execute if entity @s[tag=aj.messemers_assault.locator_origin.spear_body1] at @s on origin run tp @s ^-0.67288 ^6.78464 ^6.23836 ~-104.01802 ~-10.03932
execute if entity @s[tag=aj.messemers_assault.bone.spear_of_the_impaler] run data modify entity @s {} merge value {transformation:[0.008390333393454796f,0.6400464628016724f,-2.069955210192978f,-0.36424648304492613f,-1.7651293321360806f,-1.198375620980685f,-0.3777019411075789f,6.26459749593134f,-1.2564603008383601f,1.687803555197899f,0.5167892374294898f,6.96098263682747f,0f,0f,0f,1f],start_interpolation:0}
execute if entity @s[tag=aj.messemers_assault.bone.left_arm2] run data modify entity @s {} merge value {transformation:[0.003872461566209906f,-0.008085454147639188f,0.9999598139288619f,-0.5048251424099128f,-0.8146750763704987f,0.579864637791529f,0.00784358206564175f,6.606660069441135f,-0.5799047542330893f,-0.8146727117500163f,-0.004341514451766244f,6.597284137869781f,0f,0f,0f,1f],start_interpolation:0}
execute if entity @s[tag=aj.messemers_assault.bone.left_arm] run data modify entity @s {} merge value {transformation:[0.003872461566209906f,0.9997528960054698f,0.02188951735634903f,-0.25440286071276913f,-0.8146750763704987f,0.015848091199159316f,-0.5797010936215875f,6.508787707694613f,-0.5799047542330893f,-0.015587974019057607f,0.8145351380289503f,6.52089905008588f,0f,0f,0f,1f],start_interpolation:0}
execute if entity @s[tag=aj.messemers_assault.bone.head] run data modify entity @s {} merge value {transformation:[0.9963452299628596f,-0.08427447315298778f,-0.01392824127600363f,0.04978457292496733f,0.0659575734985028f,0.8626676194146276f,-0.5014520684090241f,6.639516086710427f,0.054275051620849016f,0.4987007034166739f,0.8650733074042157f,6.614175031114146f,0f,0f,0f,1f],start_interpolation:0}
execute if entity @s[tag=aj.messemers_assault.bone.body_top] run data modify entity @s {} merge value {transformation:[0.9908374324487601f,-0.03790792349565998f,-0.12963090601625735f,0.06471081780138345f,-0.011132068386868713f,0.9336149592118982f,-0.35810499157257725f,6.271905196520742f,0.13460036965691669f,0.35626689050768207f,0.9246386554845133f,6.473894942976746f,0f,0f,0f,1f],start_interpolation:0}
execute if entity @s[tag=aj.messemers_assault.bone.body] run data modify entity @s {} merge value {transformation:[0.9908374324487601f,-0.03790792349565998f,-0.12963090601625735f,0.08129553433073469f,-0.011132068386868713f,0.9336149592118982f,-0.35810499157257725f,5.863448651865537f,0.13460036965691669f,0.35626689050768207f,0.9246386554845133f,6.3180281783796355f,0f,0f,0f,1f],start_interpolation:0}
execute if entity @s[tag=aj.messemers_assault.locator_origin.player_camera] at @s on origin run tp @s ^-0.07367 ^5.21371 ^6.759 ~-164.31912 ~-15.71622
execute if entity @s[tag=aj.messemers_assault.bone.right_leg2] run data modify entity @s {} merge value {transformation:[0.9811800516663531f,0.012485326229965829f,0.19269100352881996f,0.2509441950281922f,0.1917010947447941f,0.05670706157152339f,-0.9798137575282206f,5.648455555078118f,-0.02316023500873593f,0.9983127895588909f,0.05324638689606398f,6.155447044907611f,0f,0f,0f,1f],start_interpolation:0}
execute if entity @s[tag=aj.messemers_assault.bone.right_leg] run data modify entity @s {} merge value {transformation:[0.9811800516663531f,-0.13958445948875556f,0.13342370434538364f,0.2007810298994207f,0.1917010947447941f,0.7870314808059261f,-0.5863720137370801f,5.931294993492748f,-0.02316023500873593f,0.6009139929221676f,0.7989780826935599f,6.371400511114015f,0f,0f,0f,1f],start_interpolation:0}
execute if entity @s[tag=aj.messemers_assault.bone.left_leg2] run data modify entity @s {} merge value {transformation:[0.9463502653231068f,0.22580145630609053f,-0.23115985303017864f,-0.15085684933727858f,-0.30196653677016483f,0.8726413263744437f,-0.383814181830849f,5.6001243688851945f,0.1150538395444402f,0.43302519307021853f,0.8940088345047728f,6.317103053916224f,0f,0f,0f,1f],start_interpolation:0}
execute if entity @s[tag=aj.messemers_assault.bone.left_leg] run data modify entity @s {} merge value {transformation:[0.9463502653231068f,0.3070260794632204f,-0.10077778451786562f,-0.040519352030183746f,-0.30196653677016483f,0.9512679761734775f,0.06249358509358116f,5.941986297822538f,0.1150538395444402f,-0.0287093022600729f,0.9929443035587756f,6.30678564841651f,0f,0f,0f,1f],start_interpolation:0}
execute if entity @s[tag=aj.messemers_assault.locator_origin.flame1] at @s on origin run tp @s ^0.18751 ^0.06249 ^9.68751 ~0 ~0
execute if entity @s[tag=aj.messemers_assault.locator_origin.flame2] at @s on origin run tp @s ^0.18749 ^0.06249 ^9.68751 ~0 ~0
execute if entity @s[tag=aj.messemers_assault.locator_origin.flame3] at @s on origin run tp @s ^0.18751 ^0.06249 ^9.68749 ~0 ~0
execute if entity @s[tag=aj.messemers_assault.locator_origin.flame4] at @s on origin run tp @s ^0.18749 ^0.06249 ^9.68749 ~0 ~0
execute if entity @s[tag=aj.messemers_assault.locator_origin.spear_head2] at @s on origin run tp @s ^0.8692 ^0.06673 ^11.03184 ~45 ~0
execute if entity @s[tag=aj.messemers_assault.locator_origin.spear_body2] at @s on origin run tp @s ^0.8692 ^0.06672 ^11.03184 ~45 ~0
execute if entity @s[tag=aj.messemers_assault.locator_origin.spear_body3] at @s on origin run tp @s ^0.8692 ^0.06671 ^11.03184 ~45 ~0
execute if entity @s[tag=aj.messemers_assault.locator_origin.spear_head3] at @s on origin run tp @s ^0.86919 ^0.06673 ^11.03183 ~45 ~0
execute if entity @s[tag=aj.messemers_assault.locator_origin.spear_body4] at @s on origin run tp @s ^0.86919 ^0.06672 ^11.03183 ~45 ~0
execute if entity @s[tag=aj.messemers_assault.locator_origin.spear_body5] at @s on origin run tp @s ^0.86919 ^0.06671 ^11.03183 ~45 ~0
execute if entity @s[tag=aj.messemers_assault.locator_origin.spear_head4] at @s on origin run tp @s ^0.8692 ^0.06673 ^11.03183 ~-45 ~0
execute if entity @s[tag=aj.messemers_assault.locator_origin.spear_body6] at @s on origin run tp @s ^0.8692 ^0.06672 ^11.03183 ~-45 ~0
execute if entity @s[tag=aj.messemers_assault.locator_origin.spear_body7] at @s on origin run tp @s ^0.8692 ^0.06671 ^11.03183 ~-45 ~0
execute if entity @s[tag=aj.messemers_assault.locator_origin.spear_head5] at @s on origin run tp @s ^0.86919 ^0.06673 ^11.03184 ~-45 ~0
execute if entity @s[tag=aj.messemers_assault.locator_origin.spear_body8] at @s on origin run tp @s ^0.86919 ^0.06672 ^11.03184 ~-45 ~0
execute if entity @s[tag=aj.messemers_assault.locator_origin.spear_body9] at @s on origin run tp @s ^0.86919 ^0.06671 ^11.03184 ~-45 ~0
execute if entity @s[tag=aj.messemers_assault.locator_origin.spear_head6] at @s on origin run tp @s ^0.8692 ^0.06673 ^11.03182 ~-22.5 ~0
execute if entity @s[tag=aj.messemers_assault.locator_origin.spear_body10] at @s on origin run tp @s ^0.8692 ^0.06672 ^11.03182 ~-22.5 ~0
execute if entity @s[tag=aj.messemers_assault.locator_origin.spear_body11] at @s on origin run tp @s ^0.8692 ^0.06671 ^11.03182 ~-22.5 ~0
execute if entity @s[tag=aj.messemers_assault.locator_origin.spear_head7] at @s on origin run tp @s ^0.86921 ^0.06673 ^11.03182 ~-22.5 ~0
execute if entity @s[tag=aj.messemers_assault.locator_origin.spear_body12] at @s on origin run tp @s ^0.86921 ^0.06672 ^11.03182 ~-22.5 ~0
execute if entity @s[tag=aj.messemers_assault.locator_origin.spear_body13] at @s on origin run tp @s ^0.86921 ^0.06671 ^11.03182 ~-22.5 ~0
execute if entity @s[tag=aj.messemers_assault.locator_origin.spear_head8] at @s on origin run tp @s ^0.86918 ^0.06673 ^11.03182 ~22.5 ~0
execute if entity @s[tag=aj.messemers_assault.locator_origin.spear_body14] at @s on origin run tp @s ^0.86918 ^0.06672 ^11.03182 ~22.5 ~0
execute if entity @s[tag=aj.messemers_assault.locator_origin.spear_body15] at @s on origin run tp @s ^0.86918 ^0.06671 ^11.03182 ~22.5 ~0
execute if entity @s[tag=aj.messemers_assault.locator_origin.spear_head9] at @s on origin run tp @s ^0.86921 ^0.06673 ^11.03185 ~22.5 ~0
execute if entity @s[tag=aj.messemers_assault.locator_origin.spear_body16] at @s on origin run tp @s ^0.86921 ^0.06672 ^11.03185 ~22.5 ~0
execute if entity @s[tag=aj.messemers_assault.locator_origin.spear_body17] at @s on origin run tp @s ^0.86921 ^0.06671 ^11.03185 ~22.5 ~0
execute if entity @s[tag=aj.messemers_assault.locator_origin.spear_head10] at @s on origin run tp @s ^0.86918 ^0.06673 ^11.03184 ~22.5 ~0
execute if entity @s[tag=aj.messemers_assault.locator_origin.spear_body18] at @s on origin run tp @s ^0.86918 ^0.06672 ^11.03184 ~22.5 ~0
execute if entity @s[tag=aj.messemers_assault.locator_origin.spear_body19] at @s on origin run tp @s ^0.86918 ^0.06671 ^11.03184 ~22.5 ~0
execute if entity @s[tag=aj.messemers_assault.locator_origin.spear_head11] at @s on origin run tp @s ^0.86918 ^0.06673 ^11.03185 ~-45 ~0
execute if entity @s[tag=aj.messemers_assault.locator_origin.spear_body20] at @s on origin run tp @s ^0.86918 ^0.06672 ^11.03185 ~-45 ~0
execute if entity @s[tag=aj.messemers_assault.locator_origin.spear_body21] at @s on origin run tp @s ^0.86918 ^0.06671 ^11.03185 ~-45 ~0
execute if entity @s[tag=aj.messemers_assault.locator_origin.spear_head12] at @s on origin run tp @s ^0.8692 ^0.06673 ^11.03185 ~22.5 ~0
execute if entity @s[tag=aj.messemers_assault.locator_origin.spear_body22] at @s on origin run tp @s ^0.8692 ^0.06672 ^11.03185 ~22.5 ~0
execute if entity @s[tag=aj.messemers_assault.locator_origin.spear_body23] at @s on origin run tp @s ^0.8692 ^0.06671 ^11.03185 ~22.5 ~0
execute if entity @s[tag=aj.messemers_assault.locator_origin.spear_head13] at @s on origin run tp @s ^0.86921 ^0.06673 ^11.03184 ~-45 ~0
execute if entity @s[tag=aj.messemers_assault.locator_origin.spear_body24] at @s on origin run tp @s ^0.86921 ^0.06672 ^11.03184 ~-45 ~0
execute if entity @s[tag=aj.messemers_assault.locator_origin.spear_body25] at @s on origin run tp @s ^0.86921 ^0.06671 ^11.03184 ~-45 ~0