execute if entity @s[tag=aj.messemers_assault.bone.right_arm2] run data modify entity @s {} merge value {transformation:[0.5625306370398698f,-0.7441720037965287f,0.3602323016568292f,0.5690768327584435f,0.7896226016819123f,0.3544274560841621f,-0.5008765569347378f,6.231314592902193f,0.24506209275325738f,0.5662059758949637f,0.7869913363921011f,6.576885400989275f,0f,0f,0f,1f],start_interpolation:0}
execute if entity @s[tag=aj.messemers_assault.bone.right_arm] run data modify entity @s {} merge value {transformation:[0.47243312362394346f,-0.8043877376899441f,0.3602323016568292f,0.36797989833595746f,0.8253978539906747f,0.2604631592774525f,-0.5008765569347378f,6.296430382721557f,0.3090717171313361f,0.5339656450683523f,0.7869913363921011f,6.710376812256364f,0f,0f,0f,1f],start_interpolation:0}
execute if entity @s[tag=aj.messemers_assault.bone.flame_slash2] run data modify entity @s {} merge value {transformation:[-2.024995998069861e-7f,0.000004795548595112745f,-0.000010747754414067213f,0.22950284418470362f,-0.000010106828454729476f,-0.000005578581473167355f,-0.0000022986876027454612f,5.486449538410538f,-0.000006030218060722159f,0.000009188833428692525f,0.000004213588461275512f,8.097521240154157f,0f,0f,0f,1f],start_interpolation:0}
execute if entity @s[tag=aj.messemers_assault.bone.flame_slash] run data modify entity @s {} merge value {transformation:[-2.024995998069861e-7f,0.000004795548595112745f,-0.000010747754414067213f,0.22950284418470362f,-0.000010106828454729476f,-0.000005578581473167355f,-0.0000022986876027454612f,5.486449538410538f,-0.000006030218060722159f,0.000009188833428692525f,0.000004213588461275512f,8.097521240154157f,0f,0f,0f,1f],start_interpolation:0}
execute if entity @s[tag=aj.messemers_assault.bone.impaling_thrust] run data modify entity @s {} merge value {transformation:[-0.000012651706289506718f,-0.000010102207286777054f,0.0000013766310331910946f,-0.1256600833435077f,0.0000035341472551728627f,-0.000006403265534574496f,-0.000014509423516287086f,6.55353917937158f,0.000009563446462719928f,-0.000010998135093333735f,0.0000071830977527784396f,5.771089795592159f,0f,0f,0f,1f],start_interpolation:0}
execute if entity @s[tag=aj.messemers_assault.locator_origin.spear_head] at @s on origin run tp @s ^0.07145 ^5.60397 ^7.92294 ~-111.40735 ~-11.26147
execute if entity @s[tag=aj.messemers_assault.locator_origin.spear_body] at @s on origin run tp @s ^-0.33596 ^6.0779 ^7.1423 ~-111.40735 ~-11.26147
execute if entity @s[tag=aj.messemers_assault.locator_origin.spear_body1] at @s on origin run tp @s ^-0.71791 ^6.52221 ^6.41044 ~-111.40735 ~-11.26147
execute if entity @s[tag=aj.messemers_assault.bone.spear_of_the_impaler] run data modify entity @s {} merge value {transformation:[-0.03727426261933903f,0.8827204493658856f,-1.9783477151557345f,-0.30526910497961274f,-1.8603719633484346f,-1.0268539348839025f,-0.423121257850492f,6.0771379687245055f,-1.1099870412656716f,1.6913958877593318f,0.775598584022395f,7.131218586867227f,0f,0f,0f,1f],start_interpolation:0}
execute if entity @s[tag=aj.messemers_assault.bone.left_arm2] run data modify entity @s {} merge value {transformation:[-0.017203505824310322f,-0.09359433896594732f,0.9954617717928095f,-0.4891515031507949f,-0.8586332138531237f,0.5115106852101046f,0.033253916824120766f,6.384751718658586f,-0.512301711353387f,-0.8541644564306198f,-0.08916298511699905f,6.755150721869434f,0f,0f,0f,1f],start_interpolation:0}
execute if entity @s[tag=aj.messemers_assault.bone.left_arm] run data modify entity @s {} merge value {transformation:[-0.017203505824310322f,0.9592848682605984f,0.2819159110685286f,-0.25148072431368407f,-0.8586332138531237f,0.13029448786851888f,-0.4957543247409312f,6.3099961888940745f,-0.512301711353387f,-0.2505910771702098f,0.8214323274543462f,6.628465238657708f,0f,0f,0f,1f],start_interpolation:0}
execute if entity @s[tag=aj.messemers_assault.bone.head] run data modify entity @s {} merge value {transformation:[0.9981090488575158f,-0.056582528988153274f,-0.024015495040687132f,0.055984991583913096f,0.044556006029731005f,0.9351381966737504f,-0.35147021986001165f,6.4412701520475775f,0.042344880628277196f,0.34973557230437835f,0.935890987535143f,6.709411471711203f,0f,0f,0f,1f],start_interpolation:0}
execute if entity @s[tag=aj.messemers_assault.bone.body_top] run data modify entity @s {} merge value {transformation:[0.9911369962394264f,-0.015753707319816027f,-0.13190631293144456f,0.062188013841090656f,-0.0217052898760284f,0.9603955912331282f,-0.27779342816446895f,6.0631143879995335f,0.13105851775784802f,0.2781944087246398f,0.9515416627123918f,6.599872423275876f,0f,0f,0f,1f],start_interpolation:0}
execute if entity @s[tag=aj.messemers_assault.bone.body] run data modify entity @s {} merge value {transformation:[0.9911369962394264f,-0.015753707319816027f,-0.13190631293144456f,0.06908026079351016f,-0.0217052898760284f,0.9603955912331282f,-0.27779342816446895f,5.6429413168350395f,0.13105851775784802f,0.2781944087246398f,0.9515416627123918f,6.478162369458846f,0f,0f,0f,1f],start_interpolation:0}
execute if entity @s[tag=aj.messemers_assault.locator_origin.player_camera] at @s on origin run tp @s ^-0.09724 ^5.03529 ^6.97185 ~-164.61807 ~-10.8269
execute if entity @s[tag=aj.messemers_assault.bone.right_leg2] run data modify entity @s {} merge value {transformation:[0.9849222921578404f,-0.007134880821246498f,0.17285014285852213f,0.23953892972425977f,0.1676053314192741f,0.2868632737807819f,-0.9431955868406126f,5.386395314147321f,-0.04285476975063801f,0.957944964823887f,0.2837338772127517f,6.382097874934487f,0f,0f,0f,1f],start_interpolation:0}
execute if entity @s[tag=aj.messemers_assault.bone.right_leg] run data modify entity @s {} merge value {transformation:[0.9849222921578404f,-0.13699710441757976f,0.10564029435657424f,0.19030559532419206f,0.1676053314192741f,0.906921896133999f,-0.3865244199174841f,5.712320370570477f,-0.04285476975063801f,0.39840239418697143f,0.9162090378378224f,6.52527373534543f,0f,0f,0f,1f],start_interpolation:0}
execute if entity @s[tag=aj.messemers_assault.bone.left_leg2] run data modify entity @s {} merge value {transformation:[0.9402954338221308f,0.2751923535467749f,-0.20028396261966902f,-0.17203799553580323f,-0.31211708459439713f,0.9318712155317237f,-0.1849296167943951f,5.395479221391745f,0.1357476432117485f,0.23640052075411042f,0.9621264839664483f,6.545327612992302f,0f,0f,0f,1f],start_interpolation:0}
execute if entity @s[tag=aj.messemers_assault.bone.left_leg] run data modify entity @s {} merge value {transformation:[0.9402954338221308f,0.33657944079665014f,-0.05058435693239993f,-0.05107975899950708f,-0.31211708459439713f,0.9119708574044946f,0.26625566801329315f,5.723218748271485f,0.1357476432117485f,-0.2345707468503376f,0.9625742267921626f,6.461028750842962f,0f,0f,0f,1f],start_interpolation:0}
execute if entity @s[tag=aj.messemers_assault.locator_origin.flame1] at @s on origin run tp @s ^0.18751 ^0.06249 ^9.68751 ~0 ~0
execute if entity @s[tag=aj.messemers_assault.locator_origin.flame2] at @s on origin run tp @s ^0.18749 ^0.06249 ^9.68751 ~0 ~0
execute if entity @s[tag=aj.messemers_assault.locator_origin.flame3] at @s on origin run tp @s ^0.18751 ^0.06249 ^9.68749 ~0 ~0
execute if entity @s[tag=aj.messemers_assault.locator_origin.flame4] at @s on origin run tp @s ^0.18749 ^0.06249 ^9.68749 ~0 ~0
execute if entity @s[tag=aj.messemers_assault.locator_origin.spear_head2] at @s on origin run tp @s ^0.8692 ^0.06673 ^11.03184 ~45 ~0
execute if entity @s[tag=aj.messemers_assault.locator_origin.spear_body2] at @s on origin run tp @s ^0.8692 ^0.06672 ^11.03184 ~45 ~0
execute if entity @s[tag=aj.messemers_assault.locator_origin.spear_body3] at @s on origin run tp @s ^0.8692 ^0.06671 ^11.03184 ~45 ~0
execute if entity @s[tag=aj.messemers_assault.locator_origin.spear_head3] at @s on origin run tp @s ^0.86919 ^0.06673 ^11.03183 ~45 ~0
execute if entity @s[tag=aj.messemers_assault.locator_origin.spear_body4] at @s on origin run tp @s ^0.86919 ^0.06672 ^11.03183 ~45 ~0
execute if entity @s[tag=aj.messemers_assault.locator_origin.spear_body5] at @s on origin run tp @s ^0.86919 ^0.06671 ^11.03183 ~45 ~0
execute if entity @s[tag=aj.messemers_assault.locator_origin.spear_head4] at @s on origin run tp @s ^0.8692 ^0.06673 ^11.03183 ~-45 ~0
execute if entity @s[tag=aj.messemers_assault.locator_origin.spear_body6] at @s on origin run tp @s ^0.8692 ^0.06672 ^11.03183 ~-45 ~0
execute if entity @s[tag=aj.messemers_assault.locator_origin.spear_body7] at @s on origin run tp @s ^0.8692 ^0.06671 ^11.03183 ~-45 ~0
execute if entity @s[tag=aj.messemers_assault.locator_origin.spear_head5] at @s on origin run tp @s ^0.86919 ^0.06673 ^11.03184 ~-45 ~0
execute if entity @s[tag=aj.messemers_assault.locator_origin.spear_body8] at @s on origin run tp @s ^0.86919 ^0.06672 ^11.03184 ~-45 ~0
execute if entity @s[tag=aj.messemers_assault.locator_origin.spear_body9] at @s on origin run tp @s ^0.86919 ^0.06671 ^11.03184 ~-45 ~0
execute if entity @s[tag=aj.messemers_assault.locator_origin.spear_head6] at @s on origin run tp @s ^0.8692 ^0.06673 ^11.03182 ~-22.5 ~0
execute if entity @s[tag=aj.messemers_assault.locator_origin.spear_body10] at @s on origin run tp @s ^0.8692 ^0.06672 ^11.03182 ~-22.5 ~0
execute if entity @s[tag=aj.messemers_assault.locator_origin.spear_body11] at @s on origin run tp @s ^0.8692 ^0.06671 ^11.03182 ~-22.5 ~0
execute if entity @s[tag=aj.messemers_assault.locator_origin.spear_head7] at @s on origin run tp @s ^0.86921 ^0.06673 ^11.03182 ~-22.5 ~0
execute if entity @s[tag=aj.messemers_assault.locator_origin.spear_body12] at @s on origin run tp @s ^0.86921 ^0.06672 ^11.03182 ~-22.5 ~0
execute if entity @s[tag=aj.messemers_assault.locator_origin.spear_body13] at @s on origin run tp @s ^0.86921 ^0.06671 ^11.03182 ~-22.5 ~0
execute if entity @s[tag=aj.messemers_assault.locator_origin.spear_head8] at @s on origin run tp @s ^0.86918 ^0.06673 ^11.03182 ~22.5 ~0
execute if entity @s[tag=aj.messemers_assault.locator_origin.spear_body14] at @s on origin run tp @s ^0.86918 ^0.06672 ^11.03182 ~22.5 ~0
execute if entity @s[tag=aj.messemers_assault.locator_origin.spear_body15] at @s on origin run tp @s ^0.86918 ^0.06671 ^11.03182 ~22.5 ~0
execute if entity @s[tag=aj.messemers_assault.locator_origin.spear_head9] at @s on origin run tp @s ^0.86921 ^0.06673 ^11.03185 ~22.5 ~0
execute if entity @s[tag=aj.messemers_assault.locator_origin.spear_body16] at @s on origin run tp @s ^0.86921 ^0.06672 ^11.03185 ~22.5 ~0
execute if entity @s[tag=aj.messemers_assault.locator_origin.spear_body17] at @s on origin run tp @s ^0.86921 ^0.06671 ^11.03185 ~22.5 ~0
execute if entity @s[tag=aj.messemers_assault.locator_origin.spear_head10] at @s on origin run tp @s ^0.86918 ^0.06673 ^11.03184 ~22.5 ~0
execute if entity @s[tag=aj.messemers_assault.locator_origin.spear_body18] at @s on origin run tp @s ^0.86918 ^0.06672 ^11.03184 ~22.5 ~0
execute if entity @s[tag=aj.messemers_assault.locator_origin.spear_body19] at @s on origin run tp @s ^0.86918 ^0.06671 ^11.03184 ~22.5 ~0
execute if entity @s[tag=aj.messemers_assault.locator_origin.spear_head11] at @s on origin run tp @s ^0.86918 ^0.06673 ^11.03185 ~-45 ~0
execute if entity @s[tag=aj.messemers_assault.locator_origin.spear_body20] at @s on origin run tp @s ^0.86918 ^0.06672 ^11.03185 ~-45 ~0
execute if entity @s[tag=aj.messemers_assault.locator_origin.spear_body21] at @s on origin run tp @s ^0.86918 ^0.06671 ^11.03185 ~-45 ~0
execute if entity @s[tag=aj.messemers_assault.locator_origin.spear_head12] at @s on origin run tp @s ^0.8692 ^0.06673 ^11.03185 ~22.5 ~0
execute if entity @s[tag=aj.messemers_assault.locator_origin.spear_body22] at @s on origin run tp @s ^0.8692 ^0.06672 ^11.03185 ~22.5 ~0
execute if entity @s[tag=aj.messemers_assault.locator_origin.spear_body23] at @s on origin run tp @s ^0.8692 ^0.06671 ^11.03185 ~22.5 ~0
execute if entity @s[tag=aj.messemers_assault.locator_origin.spear_head13] at @s on origin run tp @s ^0.86921 ^0.06673 ^11.03184 ~-45 ~0
execute if entity @s[tag=aj.messemers_assault.locator_origin.spear_body24] at @s on origin run tp @s ^0.86921 ^0.06672 ^11.03184 ~-45 ~0
execute if entity @s[tag=aj.messemers_assault.locator_origin.spear_body25] at @s on origin run tp @s ^0.86921 ^0.06671 ^11.03184 ~-45 ~0