execute if entity @s[tag=aj.messemers_assault.bone.right_arm2] run data modify entity @s {} merge value {transformation:[-0.42693680841464954f,-0.6812843821365488f,0.5946230337596534f,2.3668856029440946f,0.23401433541192418f,0.5519251075470978f,0.8003848864645305f,3.4949992151470655f,-0.8734771047041978f,0.48086408299637595f,-0.07620683198786231f,-1.5123190810816298f,0f,0f,0f,1f],start_interpolation:0}
execute if entity @s[tag=aj.messemers_assault.bone.right_arm] run data modify entity @s {} merge value {transformation:[-0.612043035903545f,-0.5213700892115293f,0.5946230337596534f,2.236543080641212f,0.3891505191318651f,0.4560108627857016f,0.8003848864645305f,3.609001930843491f,-0.6884513023165629f,0.7212678580783994f,-0.07620683198786231f,-1.33200211656203f,0f,0f,0f,1f],start_interpolation:0}
execute if entity @s[tag=aj.messemers_assault.bone.flame_slash2] run data modify entity @s {} merge value {transformation:[-0.6349315832911119f,0.010577742588262629f,-0.4450893920039127f,2.2862199651576365f,-0.9910180697706122f,-0.0031549200890084814f,0.2855887333134833f,3.719000470861081f,0.016439085700921615f,0.21835521133152058f,0.025687734289029176f,1.9970427164605002f,0f,0f,0f,1f],start_interpolation:0}
execute if entity @s[tag=aj.messemers_assault.bone.flame_slash] run data modify entity @s {} merge value {transformation:[-0.6349315832911119f,0.010577742588262629f,-0.4450893920039127f,2.2862199651576365f,-0.9910180697706122f,-0.0031549200890084814f,0.2855887333134833f,3.719000470861081f,0.016439085700921615f,0.21835521133152058f,0.025687734289029176f,1.9970427164605002f,0f,0f,0f,1f],start_interpolation:0}
execute if entity @s[tag=aj.messemers_assault.bone.impaling_thrust] run data modify entity @s {} merge value {transformation:[-0.000006949577307574031f,-0.00001357262125873948f,-0.000005612727012367979f,2.435120412757035f,0.00000671441600490237f,-0.000008458400989876236f,0.000012140323204514424f,3.431605978207396f,-0.000013062747416285087f,0.00000287311363572236f,0.000009226333241167008f,0.1862668013945219f,0f,0f,0f,1f],start_interpolation:0}
execute if entity @s[tag=aj.messemers_assault.locator_origin.spear0] at @s on origin run tp @s ^2.22585 ^3.76278 ^1.67777 ~-93.30308 ~32.64271
execute if entity @s[tag=aj.messemers_assault.locator_origin.spear1] at @s on origin run tp @s ^2.17747 ^3.77721 ^0.67905 ~-93.30308 ~32.64271
execute if entity @s[tag=aj.messemers_assault.locator_origin.spear2] at @s on origin run tp @s ^2.12606 ^3.79254 ^-0.3821 ~-93.30308 ~32.64271
execute if entity @s[tag=aj.messemers_assault.locator_origin.spear_head2] at @s on origin run tp @s ^2.57714 ^3.69315 ^2.09781 ~88.49016 ~12.09168
execute if entity @s[tag=aj.messemers_assault.locator_origin.spear_body2] at @s on origin run tp @s ^2.57714 ^3.69315 ^2.09782 ~88.49016 ~12.09168
execute if entity @s[tag=aj.messemers_assault.locator_origin.spear_body3] at @s on origin run tp @s ^2.57714 ^3.69315 ^2.09783 ~88.49016 ~12.09168
execute if entity @s[tag=aj.messemers_assault.bone.spear_effects0] run data modify entity @s {} merge value {transformation:[0.000004354395262674285f,-0.0000013965200129884225f,0.00002117860756032291f,2.5771413140725965f,-0.000020823741484246907f,0.000003900874420382081f,0.000004538657708850407f,3.6931469112315f,-0.000004105542222179446f,-0.00002126681346732922f,-5.582225829991884e-7f,2.0978233583059933f,0f,0f,0f,1f],start_interpolation:0}
execute if entity @s[tag=aj.messemers_assault.locator_origin.spear_head3] at @s on origin run tp @s ^2.57715 ^3.69313 ^2.09781 ~88.49016 ~12.09168
execute if entity @s[tag=aj.messemers_assault.locator_origin.spear_body4] at @s on origin run tp @s ^2.57715 ^3.69313 ^2.09782 ~88.49016 ~12.09168
execute if entity @s[tag=aj.messemers_assault.locator_origin.spear_body5] at @s on origin run tp @s ^2.57715 ^3.69313 ^2.09783 ~88.49016 ~12.09168
execute if entity @s[tag=aj.messemers_assault.bone.spear_effects1] run data modify entity @s {} merge value {transformation:[0.000004354395262674285f,-0.0000013965200129884225f,0.00002117860756032291f,2.5771488313854025f,-0.000020823741484246907f,0.000003900874420382081f,0.000004538657708850407f,3.6931325460557063f,-0.000004105542222179446f,-0.00002126681346732922f,-5.582225829991884e-7f,2.097820229730823f,0f,0f,0f,1f],start_interpolation:0}
execute if entity @s[tag=aj.messemers_assault.locator_origin.spear_head4] at @s on origin run tp @s ^2.57715 ^3.69315 ^2.09781 ~46.6849 ~-73.96554
execute if entity @s[tag=aj.messemers_assault.locator_origin.spear_body6] at @s on origin run tp @s ^2.57715 ^3.69315 ^2.09782 ~46.6849 ~-73.96554
execute if entity @s[tag=aj.messemers_assault.locator_origin.spear_body7] at @s on origin run tp @s ^2.57715 ^3.69314 ^2.09783 ~46.6849 ~-73.96554
execute if entity @s[tag=aj.messemers_assault.bone.spear_effects2] run data modify entity @s {} merge value {transformation:[-0.00002117860756032291f,-0.0000013965200129884225f,0.000004354395262674279f,2.577154120242288f,-0.000004538657708850404f,0.000003900874420382081f,-0.000020823741484246907f,3.693146105384409f,5.58222582999189e-7f,-0.00002126681346732922f,-0.000004105542222179446f,2.0978223695551117f,0f,0f,0f,1f],start_interpolation:0}
execute if entity @s[tag=aj.messemers_assault.locator_origin.spear_head5] at @s on origin run tp @s ^2.57714 ^3.69314 ^2.09781 ~46.6849 ~-73.96554
execute if entity @s[tag=aj.messemers_assault.locator_origin.spear_body8] at @s on origin run tp @s ^2.57714 ^3.69314 ^2.09782 ~46.6849 ~-73.96554
execute if entity @s[tag=aj.messemers_assault.locator_origin.spear_body9] at @s on origin run tp @s ^2.57714 ^3.69314 ^2.09783 ~46.6849 ~-73.96554
execute if entity @s[tag=aj.messemers_assault.bone.spear_effects3] run data modify entity @s {} merge value {transformation:[-0.00002117860756032291f,-0.0000013965200129884225f,0.000004354395262674279f,2.5771365218140567f,-0.000004538657708850404f,0.000003900874420382081f,-0.000020823741484246907f,3.6931374523670164f,5.58222582999189e-7f,-0.00002126681346732922f,-0.000004105542222179446f,2.097821938001179f,0f,0f,0f,1f],start_interpolation:0}
execute if entity @s[tag=aj.messemers_assault.locator_origin.spear_head6] at @s on origin run tp @s ^2.57716 ^3.69313 ^2.09781 ~71.71782 ~-53.87896
execute if entity @s[tag=aj.messemers_assault.locator_origin.spear_body10] at @s on origin run tp @s ^2.57716 ^3.69313 ^2.09782 ~71.71782 ~-53.87896
execute if entity @s[tag=aj.messemers_assault.locator_origin.spear_body11] at @s on origin run tp @s ^2.57716 ^3.69313 ^2.09783 ~71.71782 ~-53.87896
execute if entity @s[tag=aj.messemers_assault.bone.spear_effects4] run data modify entity @s {} merge value {transformation:[-0.000017900127127076655f,-0.0000013965200129884225f,0.000012127638893546487f,2.5771623238924746f,-0.000012162073828156374f,0.000003900874420382081f,-0.000017501759437248772f,3.6931327748581033f,-0.0000010553925702848947f,-0.00002126681346732922f,-0.000004006648963018331f,2.097819385691505f,0f,0f,0f,1f],start_interpolation:0}
execute if entity @s[tag=aj.messemers_assault.locator_origin.spear_head7] at @s on origin run tp @s ^2.57717 ^3.69315 ^2.09781 ~71.71782 ~-53.87896
execute if entity @s[tag=aj.messemers_assault.locator_origin.spear_body12] at @s on origin run tp @s ^2.57717 ^3.69315 ^2.09782 ~71.71782 ~-53.87896
execute if entity @s[tag=aj.messemers_assault.locator_origin.spear_body13] at @s on origin run tp @s ^2.57717 ^3.69315 ^2.09783 ~71.71782 ~-53.87896
execute if entity @s[tag=aj.messemers_assault.bone.spear_effects5] run data modify entity @s {} merge value {transformation:[-0.000017900127127076655f,-0.0000013965200129884225f,0.000012127638893546487f,2.5771679438149233f,-0.000012162073828156374f,0.000003900874420382081f,-0.000017501759437248772f,3.6931490678296184f,-0.0000010553925702848947f,-0.00002126681346732922f,-0.000004006648963018331f,2.0978220051954435f,0f,0f,0f,1f],start_interpolation:0}
execute if entity @s[tag=aj.messemers_assault.locator_origin.spear_head8] at @s on origin run tp @s ^2.57715 ^3.69312 ^2.09781 ~84.38676 ~-10.03585
execute if entity @s[tag=aj.messemers_assault.locator_origin.spear_body14] at @s on origin run tp @s ^2.57715 ^3.69312 ^2.09782 ~84.38676 ~-10.03585
execute if entity @s[tag=aj.messemers_assault.locator_origin.spear_body15] at @s on origin run tp @s ^2.57715 ^3.69312 ^2.09783 ~84.38676 ~-10.03585
execute if entity @s[tag=aj.messemers_assault.bone.spear_effects6] run data modify entity @s {} merge value {transformation:[-0.000004081765574248736f,-0.0000013965200129884225f,0.000021232836977065616f,2.5771499214071087f,-0.000020975497657955066f,0.000003900874420382081f,-0.000003775727903593456f,3.6931230164395954f,-0.0000035794038948466593f,-0.00002126681346732922f,-0.0000020868534083219617f,2.0978184101788284f,0f,0f,0f,1f],start_interpolation:0}
execute if entity @s[tag=aj.messemers_assault.locator_origin.spear_head9] at @s on origin run tp @s ^2.57714 ^3.69316 ^2.09782 ~84.38676 ~-10.03585
execute if entity @s[tag=aj.messemers_assault.locator_origin.spear_body16] at @s on origin run tp @s ^2.57714 ^3.69316 ^2.09783 ~84.38676 ~-10.03585
execute if entity @s[tag=aj.messemers_assault.locator_origin.spear_body17] at @s on origin run tp @s ^2.57714 ^3.69316 ^2.09784 ~84.38676 ~-10.03585
execute if entity @s[tag=aj.messemers_assault.bone.spear_effects7] run data modify entity @s {} merge value {transformation:[-0.000004081765574248736f,-0.0000013965200129884225f,0.000021232836977065616f,2.5771433125691043f,-0.000020975497657955066f,0.000003900874420382081f,-0.000003775727903593456f,3.6931610967703064f,-0.0000035794038948466593f,-0.00002126681346732922f,-0.0000020868534083219617f,2.0978258290600245f,0f,0f,0f,1f],start_interpolation:0}
execute if entity @s[tag=aj.messemers_assault.locator_origin.spear_head10] at @s on origin run tp @s ^2.57713 ^3.69313 ^2.09781 ~84.38676 ~-10.03585
execute if entity @s[tag=aj.messemers_assault.locator_origin.spear_body18] at @s on origin run tp @s ^2.57713 ^3.69313 ^2.09782 ~84.38676 ~-10.03585
execute if entity @s[tag=aj.messemers_assault.locator_origin.spear_body19] at @s on origin run tp @s ^2.57714 ^3.69313 ^2.09783 ~84.38676 ~-10.03585
execute if entity @s[tag=aj.messemers_assault.bone.spear_effects8] run data modify entity @s {} merge value {transformation:[-0.000004081765574248736f,-0.0000013965200129884225f,0.000021232836977065616f,2.577134321475386f,-0.000020975497657955066f,0.000003900874420382081f,-0.000003775727903593456f,3.6931285489610093f,-0.0000035794038948466593f,-0.00002126681346732922f,-0.0000020868534083219617f,2.097820449378927f,0f,0f,0f,1f],start_interpolation:0}
execute if entity @s[tag=aj.messemers_assault.locator_origin.spear_head11] at @s on origin run tp @s ^2.57712 ^3.69314 ^2.09781 ~46.6849 ~-73.96554
execute if entity @s[tag=aj.messemers_assault.locator_origin.spear_body20] at @s on origin run tp @s ^2.57712 ^3.69314 ^2.09782 ~46.6849 ~-73.96554
execute if entity @s[tag=aj.messemers_assault.locator_origin.spear_body21] at @s on origin run tp @s ^2.57712 ^3.69314 ^2.09783 ~46.6849 ~-73.96554
execute if entity @s[tag=aj.messemers_assault.bone.spear_effects9] run data modify entity @s {} merge value {transformation:[-0.00002117860756032291f,-0.0000013965200129884225f,0.000004354395262674279f,2.577123893280274f,-0.000004538657708850404f,0.000003900874420382081f,-0.000020823741484246907f,3.693137408717445f,5.58222582999189e-7f,-0.00002126681346732922f,-0.000004105542222179446f,2.0978227592680176f,0f,0f,0f,1f],start_interpolation:0}
execute if entity @s[tag=aj.messemers_assault.locator_origin.spear_head12] at @s on origin run tp @s ^2.57714 ^3.69315 ^2.09781 ~84.38676 ~-10.03585
execute if entity @s[tag=aj.messemers_assault.locator_origin.spear_body22] at @s on origin run tp @s ^2.57714 ^3.69315 ^2.09782 ~84.38676 ~-10.03585
execute if entity @s[tag=aj.messemers_assault.locator_origin.spear_body23] at @s on origin run tp @s ^2.57714 ^3.69315 ^2.09783 ~84.38676 ~-10.03585
execute if entity @s[tag=aj.messemers_assault.bone.spear_effects10] run data modify entity @s {} merge value {transformation:[-0.000004081765574248736f,-0.0000013965200129884225f,0.000021232836977065616f,2.5771357507547865f,-0.000020975497657955066f,0.000003900874420382081f,-0.000003775727903593456f,3.693151931944008f,-0.0000035794038948466593f,-0.00002126681346732922f,-0.0000020868534083219617f,2.097824644556691f,0f,0f,0f,1f],start_interpolation:0}
execute if entity @s[tag=aj.messemers_assault.locator_origin.spear_head13] at @s on origin run tp @s ^2.57715 ^3.69316 ^2.09781 ~46.6849 ~-73.96554
execute if entity @s[tag=aj.messemers_assault.locator_origin.spear_body24] at @s on origin run tp @s ^2.57715 ^3.69316 ^2.09782 ~46.6849 ~-73.96554
execute if entity @s[tag=aj.messemers_assault.locator_origin.spear_body25] at @s on origin run tp @s ^2.57716 ^3.69315 ^2.09783 ~46.6849 ~-73.96554
execute if entity @s[tag=aj.messemers_assault.bone.spear_effects11] run data modify entity @s {} merge value {transformation:[-0.00002117860756032291f,-0.0000013965200129884225f,0.000004354395262674279f,2.5771547581671608f,-0.000004538657708850404f,0.000003900874420382081f,-0.000020823741484246907f,3.6931560053061707f,5.58222582999189e-7f,-0.00002126681346732922f,-0.000004105542222179446f,2.097824143562147f,0f,0f,0f,1f],start_interpolation:0}
execute if entity @s[tag=aj.messemers_assault.locator_origin.flame1] at @s on origin run tp @s ^2.33561 ^3.81932 ^0.37474 ~79.64867 ~-32.10517
execute if entity @s[tag=aj.messemers_assault.locator_origin.flame2] at @s on origin run tp @s ^2.3356 ^3.8193 ^0.37474 ~79.64867 ~-32.10517
execute if entity @s[tag=aj.messemers_assault.locator_origin.flame3] at @s on origin run tp @s ^2.33562 ^3.81931 ^0.37474 ~79.64867 ~-32.10517
execute if entity @s[tag=aj.messemers_assault.locator_origin.flame4] at @s on origin run tp @s ^2.33561 ^3.8193 ^0.37474 ~79.64867 ~-32.10517
execute if entity @s[tag=aj.messemers_assault.bone.flame_blast] run data modify entity @s {} merge value {transformation:[-0.000018759888413667985f,-0.0000022022046358663587f,0.000028470651424925375f,2.335610825639282f,-0.000028280419335406643f,0.000006151378893679435f,-0.000018158731536951137f,3.8193073627099197f,-0.000003955449409535525f,-0.000033536128929249925f,-0.000005200344942447684f,0.37474225960532137f,0f,0f,0f,1f],start_interpolation:0}
execute if entity @s[tag=aj.messemers_assault.bone.spear_of_the_impaler] run data modify entity @s {} merge value {transformation:[-1.1687236223411617f,0.10482559343026188f,-1.8214118518303846f,2.207356733799342f,-1.8241748540910383f,-0.03126530711026578f,1.1686971492725053f,3.753279947247031f,0.030259555980457487f,2.1639035375861226f,0.10512032980623405f,0.806638459442729f,0f,0f,0f,1f],start_interpolation:0}
execute if entity @s[tag=aj.messemers_assault.bone.left_arm2] run data modify entity @s {} merge value {transformation:[-0.5394109026189977f,0.16417626409616903f,0.8258825778784676f,2.2153794068071297f,-0.8419268557343255f,-0.12142401823668336f,-0.5257522015061558f,3.8079573890666962f,0.013965948914057303f,-0.9789291915673382f,0.20372184509337074f,-0.47804517723920015f,0f,0f,0f,1f],start_interpolation:0}
execute if entity @s[tag=aj.messemers_assault.bone.left_arm] run data modify entity @s {} merge value {transformation:[-0.5394109026189977f,0.30509506235794964f,0.7848266566959592f,2.2242268095692426f,-0.8419268557343255f,-0.2108752262573022f,-0.4966797847147027f,3.64999772553558f,0.013965948914057303f,-0.9286811303540792f,0.3706161226865332f,-0.7084697162134628f,0f,0f,0f,1f],start_interpolation:0}
execute if entity @s[tag=aj.messemers_assault.bone.head] run data modify entity @s {} merge value {transformation:[-0.6890778787743813f,0.29227525802865306f,0.6631341120226615f,2.260001274729571f,0.03991903389119361f,0.928981806538203f,-0.36796640315959583f,3.7698999083500784f,-0.7235870007932653f,-0.22708583545721386f,-0.6518081586001407f,-1.0288818987203252f,0f,0f,0f,1f],start_interpolation:0}
execute if entity @s[tag=aj.messemers_assault.bone.body_top] run data modify entity @s {} merge value {transformation:[0.019706033715151144f,0.2060266408650011f,0.9783479419353328f,2.178878284888977f,-0.06559327150734258f,0.976696209812474f,-0.20435761906743688f,3.385325775736417f,-0.9976518405577074f,-0.06014596405272321f,0.03276076983202858f,-1.0051994253745655f,0f,0f,0f,1f],start_interpolation:0}
execute if entity @s[tag=aj.messemers_assault.bone.body] run data modify entity @s {} merge value {transformation:[-0.17862617000580902f,0.07916827154874036f,0.98072681016124f,2.144242166086403f,-0.022859290198990814f,0.9961546831647198f,-0.08457718404271398f,2.949508101851852f,-0.9836514343204374f,-0.03752641721483279f,-0.17612956529317902f,-0.9887816178430763f,0f,0f,0f,1f],start_interpolation:0}
execute if entity @s[tag=aj.messemers_assault.locator_origin.player_camera] at @s on origin run tp @s ^2.70953 ^2.44951 ^-1.25538 ~64.75116 ~0
execute if entity @s[tag=aj.messemers_assault.bone.right_leg2] run data modify entity @s {} merge value {transformation:[-0.3657725694685147f,0.3549351183658259f,0.8603670665332546f,2.332421499493652f,0.2090646557093408f,0.9321353077719914f,-0.2956615256301529f,2.807909794927114f,-0.9069191789556197f,0.07172746862570818f,-0.4151539149363916f,-1.2590240801122103f,0f,0f,0f,1f],start_interpolation:0}
execute if entity @s[tag=aj.messemers_assault.bone.right_leg] run data modify entity @s {} merge value {transformation:[-0.3657725694685147f,-0.5933458073087012f,0.7170433601767652f,2.1191878499920875f,0.2090646557093408f,0.6983605062253588f,0.6845323754781765f,3.058883101851852f,-0.9069191789556197f,0.40029158908706297f,-0.13139347985580774f,-1.115169290284047f,0f,0f,0f,1f],start_interpolation:0}
execute if entity @s[tag=aj.messemers_assault.bone.left_leg2] run data modify entity @s {} merge value {transformation:[-0.3845734087304666f,0.7925789599897806f,0.47320385192741965f,2.1946676535269116f,-0.0573420780689201f,0.49112600619513846f,-0.8691991326051531f,2.6973192670116077f,-0.921311662457481f,-0.3614053655112644f,-0.14342587771912715f,-0.8505267111286199f,0f,0f,0f,1f],start_interpolation:0}
execute if entity @s[tag=aj.messemers_assault.bone.left_leg] run data modify entity @s {} merge value {transformation:[-0.3845734087304666f,-0.0793368223179248f,0.9196787275575767f,2.166155983006407f,-0.0573420780689201f,0.9964288351110179f,0.061979534057927735f,3.0554108796296298f,-0.921311662457481f,-0.028900608709748345f,-0.38774937193506664f,-0.8609128673836857f,0f,0f,0f,1f],start_interpolation:0}