execute if entity @s[tag=aj.messemers_assault.bone.right_arm2] run data modify entity @s {} merge value {transformation:[0.7535836295634648f,-0.6466295601974328f,0.11824519073869405f,0.565460308594832f,0.6563690803860289f,0.7303494591193446f,-0.1891277290015389f,1.7904758057299142f,0.03593526912593528f,0.22013604757730185f,0.9748070460300803f,1.4361557198530663f,0f,0f,0f,1f],start_interpolation:0}
execute if entity @s[tag=aj.messemers_assault.bone.right_arm] run data modify entity @s {} merge value {transformation:[0.5790138614807143f,-0.8066976032444643f,0.11824519073869405f,0.36378590778371594f,0.8106578087405616f,0.5541341166637113f,-0.1891277290015389f,1.929009334895842f,0.08704519137289146f,0.20536396390059822f,0.9748070460300803f,1.487496710828216f,0f,0f,0f,1f],start_interpolation:0}
execute if entity @s[tag=aj.messemers_assault.bone.flame_slash2] run data modify entity @s {} merge value {transformation:[0.0000022027242840591535f,-0.000005348376608898899f,-0.000010251604300738036f,-1.5375810766862472f,-0.000011122149964660496f,-0.000003833862887136709f,-3.896060668797221e-7f,1.3965216170213268f,-0.0000031620093695512363f,0.000009759553287580852f,-0.000005771077346115825f,2.8744080883678014f,0f,0f,0f,1f],start_interpolation:0}
execute if entity @s[tag=aj.messemers_assault.bone.flame_slash] run data modify entity @s {} merge value {transformation:[0.0000022027242840591535f,-0.000005348376608898899f,-0.000010251604300738036f,-1.5375810766862472f,-0.000011122149964660496f,-0.000003833862887136709f,-3.896060668797221e-7f,1.3965216170213268f,-0.0000031620093695512363f,0.000009759553287580852f,-0.000005771077346115825f,2.8744080883678014f,0f,0f,0f,1f],start_interpolation:0}
execute if entity @s[tag=aj.messemers_assault.bone.impaling_thrust] run data modify entity @s {} merge value {transformation:[-0.9207495678697506f,0.030277220486839458f,-0.5698290964827745f,0.22980944226835476f,0.4776587228672817f,-0.5509080293849152f,-0.8010893605829131f,1.9537900673708f,-0.3121923345432745f,-0.9321938151961402f,0.45492011735424454f,1.1238368269555363f,0f,0f,0f,1f],start_interpolation:0}
execute if entity @s[tag=aj.messemers_assault.locator_origin.spear_head] at @s on origin run tp @s ^-1.47401 ^1.48634 ^2.63532 ~-60.62293 ~-1.8968
execute if entity @s[tag=aj.messemers_assault.locator_origin.spear_body] at @s on origin run tp @s ^-1.01963 ^1.81205 ^1.80619 ~-60.62293 ~-1.8968
execute if entity @s[tag=aj.messemers_assault.locator_origin.spear_body1] at @s on origin run tp @s ^-0.59365 ^2.1174 ^1.02889 ~-60.62293 ~-1.8968
execute if entity @s[tag=aj.messemers_assault.bone.spear_of_the_impaler] run data modify entity @s {} merge value {transformation:[0.4054572133489415f,-0.9844799421690007f,-1.887020968631426f,-0.9927264216130318f,-2.047263002344587f,-0.7057021951543676f,-0.07171509903626742f,1.8062489567117075f,-0.5820335830678381f,1.796448746740546f,-1.0622868035328243f,1.8237456359005808f,0f,0f,0f,1f],start_interpolation:0}
execute if entity @s[tag=aj.messemers_assault.bone.left_arm2] run data modify entity @s {} merge value {transformation:[0.18713409846874227f,0.743826340907255f,0.6416410240647157f,-0.42938695967952384f,-0.9448906164667323f,0.3149170353819107f,-0.08949292563877484f,2.1491827128859877f,-0.2686308844928484f,-0.589533404820112f,0.7617662453126924f,1.2642004584287168f,0f,0f,0f,1f],start_interpolation:0}
execute if entity @s[tag=aj.messemers_assault.bone.left_arm] run data modify entity @s {} merge value {transformation:[0.18713409846874227f,0.9629040794222143f,0.1944133817985551f,-0.16526917751537745f,-0.9448906164667323f,0.23056141475698338f,-0.23242882123002118f,2.088711739516892f,-0.2686308844928484f,-0.1402040222579864f,0.9529849316958129f,1.195570592302614f,0f,0f,0f,1f],start_interpolation:0}
execute if entity @s[tag=aj.messemers_assault.bone.head] run data modify entity @s {} merge value {transformation:[0.9558907246847874f,-0.22159724048480955f,-0.1927889661549918f,0.0760159787012874f,0.08849736312516299f,0.8431478145596047f,-0.5303489224305593f,2.111280926415531f,0.2800734531894912f,0.48989430065360007f,0.8255679469344935f,1.4396861749519692f,0f,0f,0f,1f],start_interpolation:0}
execute if entity @s[tag=aj.messemers_assault.bone.body_top] run data modify entity @s {} merge value {transformation:[0.8464881364785494f,-0.16168616648961293f,-0.5072626719629258f,0.1396799067565725f,-0.2555238473936806f,0.7124896640637463f,-0.6535029013060776f,1.8307381211904306f,0.4670817896409629f,0.6828001626890721f,0.5617993766617873f,1.170833610893147f,0f,0f,0f,1f],start_interpolation:0}
execute if entity @s[tag=aj.messemers_assault.bone.body] run data modify entity @s {} merge value {transformation:[0.8464881364785494f,-0.16168616648961293f,-0.5072626719629258f,0.21041760459577813f,-0.2555238473936806f,0.7124896640637463f,-0.6535029013060776f,1.5190238931625415f,0.4670817896409629f,0.6828001626890721f,0.5617993766617873f,0.8721085397166779f,0f,0f,0f,1f],start_interpolation:0}
execute if entity @s[tag=aj.messemers_assault.locator_origin.player_camera] at @s on origin run tp @s ^-0.12651 ^0.79353 ^0.89965 ~-131.52805 ~-33.37548
execute if entity @s[tag=aj.messemers_assault.bone.right_leg2] run data modify entity @s {} merge value {transformation:[0.6971928179612024f,-0.716487574262316f,0.023827096151667004f,0.47070954013347094f,-0.20183970780284446f,-0.22807974748051218f,-0.9524916593562842f,1.3267987771836651f,0.6878829165907385f,0.6592610899461068f,-0.30363120449929215f,0.7530444492342472f,0f,0f,0f,1f],start_interpolation:0}
execute if entity @s[tag=aj.messemers_assault.bone.right_leg] run data modify entity @s {} merge value {transformation:[0.6971928179612024f,-0.4788019498328271f,-0.533545562646342f,0.2986400894122987f,-0.20183970780284446f,0.5830441070661483f,-0.7869690601094176f,1.5363302531605623f,0.6878829165907385f,0.6563598571300054f,0.3098529183514311f,0.9889237728903428f,0f,0f,0f,1f],start_interpolation:0}
execute if entity @s[tag=aj.messemers_assault.bone.left_leg2] run data modify entity @s {} merge value {transformation:[0.7025136300874756f,-0.12285679867510171f,-0.7009855965429133f,-0.006843825406031873f,-0.5646981532365254f,0.503225029749371f,-0.6541258022467867f,1.3907525209076124f,0.433117299669011f,0.8553775636834593f,0.2841454350757271f,0.7010480690740971f,0f,0f,0f,1f],start_interpolation:0}
execute if entity @s[tag=aj.messemers_assault.bone.left_leg] run data modify entity @s {} merge value {transformation:[0.7025136300874756f,0.28360771347730623f,-0.6527183652981526f,0.09507769662487506f,-0.5646981532365254f,0.7803216733619899f,-0.26872677911365955f,1.6711806222720775f,0.433117299669011f,0.5573730805642825f,0.7083393634337334f,0.9013540199018861f,0f,0f,0f,1f],start_interpolation:0}
execute if entity @s[tag=aj.messemers_assault.locator_origin.flame1] at @s on origin run tp @s ^0.18751 ^0.06249 ^9.68751 ~0 ~0
execute if entity @s[tag=aj.messemers_assault.locator_origin.flame2] at @s on origin run tp @s ^0.18749 ^0.06249 ^9.68751 ~0 ~0
execute if entity @s[tag=aj.messemers_assault.locator_origin.flame3] at @s on origin run tp @s ^0.18751 ^0.06249 ^9.68749 ~0 ~0
execute if entity @s[tag=aj.messemers_assault.locator_origin.flame4] at @s on origin run tp @s ^0.18749 ^0.06249 ^9.68749 ~0 ~0
execute if entity @s[tag=aj.messemers_assault.locator_origin.spear_head2] at @s on origin run tp @s ^0.8692 ^0.06673 ^11.03184 ~45 ~0
execute if entity @s[tag=aj.messemers_assault.locator_origin.spear_body2] at @s on origin run tp @s ^0.8692 ^0.06672 ^11.03184 ~45 ~0
execute if entity @s[tag=aj.messemers_assault.locator_origin.spear_body3] at @s on origin run tp @s ^0.8692 ^0.06671 ^11.03184 ~45 ~0
execute if entity @s[tag=aj.messemers_assault.locator_origin.spear_head3] at @s on origin run tp @s ^0.86919 ^0.06673 ^11.03183 ~45 ~0
execute if entity @s[tag=aj.messemers_assault.locator_origin.spear_body4] at @s on origin run tp @s ^0.86919 ^0.06672 ^11.03183 ~45 ~0
execute if entity @s[tag=aj.messemers_assault.locator_origin.spear_body5] at @s on origin run tp @s ^0.86919 ^0.06671 ^11.03183 ~45 ~0
execute if entity @s[tag=aj.messemers_assault.locator_origin.spear_head4] at @s on origin run tp @s ^0.8692 ^0.06673 ^11.03183 ~-45 ~0
execute if entity @s[tag=aj.messemers_assault.locator_origin.spear_body6] at @s on origin run tp @s ^0.8692 ^0.06672 ^11.03183 ~-45 ~0
execute if entity @s[tag=aj.messemers_assault.locator_origin.spear_body7] at @s on origin run tp @s ^0.8692 ^0.06671 ^11.03183 ~-45 ~0
execute if entity @s[tag=aj.messemers_assault.locator_origin.spear_head5] at @s on origin run tp @s ^0.86919 ^0.06673 ^11.03184 ~-45 ~0
execute if entity @s[tag=aj.messemers_assault.locator_origin.spear_body8] at @s on origin run tp @s ^0.86919 ^0.06672 ^11.03184 ~-45 ~0
execute if entity @s[tag=aj.messemers_assault.locator_origin.spear_body9] at @s on origin run tp @s ^0.86919 ^0.06671 ^11.03184 ~-45 ~0
execute if entity @s[tag=aj.messemers_assault.locator_origin.spear_head6] at @s on origin run tp @s ^0.8692 ^0.06673 ^11.03182 ~-22.5 ~0
execute if entity @s[tag=aj.messemers_assault.locator_origin.spear_body10] at @s on origin run tp @s ^0.8692 ^0.06672 ^11.03182 ~-22.5 ~0
execute if entity @s[tag=aj.messemers_assault.locator_origin.spear_body11] at @s on origin run tp @s ^0.8692 ^0.06671 ^11.03182 ~-22.5 ~0
execute if entity @s[tag=aj.messemers_assault.locator_origin.spear_head7] at @s on origin run tp @s ^0.86921 ^0.06673 ^11.03182 ~-22.5 ~0
execute if entity @s[tag=aj.messemers_assault.locator_origin.spear_body12] at @s on origin run tp @s ^0.86921 ^0.06672 ^11.03182 ~-22.5 ~0
execute if entity @s[tag=aj.messemers_assault.locator_origin.spear_body13] at @s on origin run tp @s ^0.86921 ^0.06671 ^11.03182 ~-22.5 ~0
execute if entity @s[tag=aj.messemers_assault.locator_origin.spear_head8] at @s on origin run tp @s ^0.86918 ^0.06673 ^11.03182 ~22.5 ~0
execute if entity @s[tag=aj.messemers_assault.locator_origin.spear_body14] at @s on origin run tp @s ^0.86918 ^0.06672 ^11.03182 ~22.5 ~0
execute if entity @s[tag=aj.messemers_assault.locator_origin.spear_body15] at @s on origin run tp @s ^0.86918 ^0.06671 ^11.03182 ~22.5 ~0
execute if entity @s[tag=aj.messemers_assault.locator_origin.spear_head9] at @s on origin run tp @s ^0.86921 ^0.06673 ^11.03185 ~22.5 ~0
execute if entity @s[tag=aj.messemers_assault.locator_origin.spear_body16] at @s on origin run tp @s ^0.86921 ^0.06672 ^11.03185 ~22.5 ~0
execute if entity @s[tag=aj.messemers_assault.locator_origin.spear_body17] at @s on origin run tp @s ^0.86921 ^0.06671 ^11.03185 ~22.5 ~0
execute if entity @s[tag=aj.messemers_assault.locator_origin.spear_head10] at @s on origin run tp @s ^0.86918 ^0.06673 ^11.03184 ~22.5 ~0
execute if entity @s[tag=aj.messemers_assault.locator_origin.spear_body18] at @s on origin run tp @s ^0.86918 ^0.06672 ^11.03184 ~22.5 ~0
execute if entity @s[tag=aj.messemers_assault.locator_origin.spear_body19] at @s on origin run tp @s ^0.86918 ^0.06671 ^11.03184 ~22.5 ~0
execute if entity @s[tag=aj.messemers_assault.locator_origin.spear_head11] at @s on origin run tp @s ^0.86918 ^0.06673 ^11.03185 ~-45 ~0
execute if entity @s[tag=aj.messemers_assault.locator_origin.spear_body20] at @s on origin run tp @s ^0.86918 ^0.06672 ^11.03185 ~-45 ~0
execute if entity @s[tag=aj.messemers_assault.locator_origin.spear_body21] at @s on origin run tp @s ^0.86918 ^0.06671 ^11.03185 ~-45 ~0
execute if entity @s[tag=aj.messemers_assault.locator_origin.spear_head12] at @s on origin run tp @s ^0.8692 ^0.06673 ^11.03185 ~22.5 ~0
execute if entity @s[tag=aj.messemers_assault.locator_origin.spear_body22] at @s on origin run tp @s ^0.8692 ^0.06672 ^11.03185 ~22.5 ~0
execute if entity @s[tag=aj.messemers_assault.locator_origin.spear_body23] at @s on origin run tp @s ^0.8692 ^0.06671 ^11.03185 ~22.5 ~0
execute if entity @s[tag=aj.messemers_assault.locator_origin.spear_head13] at @s on origin run tp @s ^0.86921 ^0.06673 ^11.03184 ~-45 ~0
execute if entity @s[tag=aj.messemers_assault.locator_origin.spear_body24] at @s on origin run tp @s ^0.86921 ^0.06672 ^11.03184 ~-45 ~0
execute if entity @s[tag=aj.messemers_assault.locator_origin.spear_body25] at @s on origin run tp @s ^0.86921 ^0.06671 ^11.03184 ~-45 ~0