execute if entity @s[tag=aj.messemers_assault.bone.right_arm2] run data modify entity @s {} merge value {transformation:[-0.7920222253906933f,0.5433432138825607f,0.2783504022180386f,1.0814363582084736f,0.6100756655169262f,0.6875844173059582f,0.3937452874919337f,1.757222838614103f,0.022549430841010937f,0.4816698257165334f,-0.876062613152137f,-0.25662545390194014f,0f,0f,0f,1f],start_interpolation:0}
execute if entity @s[tag=aj.messemers_assault.bone.right_arm] run data modify entity @s {} merge value {transformation:[-0.5977668671582155f,0.7517950692262545f,0.2783504022180386f,1.2693851255150372f,0.7849515152985752f,0.47834691094263915f,0.3937452874919337f,1.8768095663497628f,0.16286771060686983f,0.45385945696738117f,-0.876062613152137f,-0.14316058966009487f,0f,0f,0f,1f],start_interpolation:0}
execute if entity @s[tag=aj.messemers_assault.bone.flame_slash2] run data modify entity @s {} merge value {transformation:[-0.460957990994248f,0.29696927698738745f,-3.4807426622062603f,2.083215737810696f,-0.7841878267604628f,-0.5973046072984189f,1.6402826301683873f,1.0355297258524854f,0.22888686869626182f,-1.448351504358941f,-1.3901473488901852f,-1.6862716135046218f,0f,0f,0f,1f],start_interpolation:0}
execute if entity @s[tag=aj.messemers_assault.bone.flame_slash] run data modify entity @s {} merge value {transformation:[-0.460957990994248f,0.29696927698738745f,-3.4807426622062603f,2.083215737810696f,-0.7841878267604628f,-0.5973046072984189f,1.6402826301683873f,1.0355297258524854f,0.22888686869626182f,-1.448351504358941f,-1.3901473488901852f,-1.6862716135046218f,0f,0f,0f,1f],start_interpolation:0}
execute if entity @s[tag=aj.messemers_assault.bone.impaling_thrust] run data modify entity @s {} merge value {transformation:[0.000009980652377630266f,-7.929116009227021e-7f,0.00001279739217233439f,1.3210231329010793f,0.0000050693591215672024f,-0.000014652088740406892f,-0.000004861406251520735f,1.656973086708236f,0.00001177724727243114f,0.000006978750879553132f,-0.000008752648738961805f,-0.38442725629096f,0f,0f,0f,1f],start_interpolation:0}
execute if entity @s[tag=aj.messemers_assault.locator_origin.spear_head] at @s on origin run tp @s ^2.17394 ^0.94615 ^-1.84563 ~111.7709 ~-23.63578
execute if entity @s[tag=aj.messemers_assault.locator_origin.spear_body] at @s on origin run tp @s ^1.98771 ^1.32073 ^-0.93734 ~111.7709 ~-23.63578
execute if entity @s[tag=aj.messemers_assault.locator_origin.spear_body1] at @s on origin run tp @s ^1.81311 ^1.67191 ^-0.08581 ~111.7709 ~-23.63578
execute if entity @s[tag=aj.messemers_assault.bone.spear_of_the_impaler] run data modify entity @s {} merge value {transformation:[-1.064770566738751f,0.40351277574548566f,1.8433354346025728f,1.9585499843390177f,-1.8114017612068836f,-0.8115992418528486f,-0.8686626356445435f,1.3270684649939253f,0.5287076168809013f,-1.9679757505819273f,0.7361957249387303f,-0.9505723224826051f,0f,0f,0f,1f],start_interpolation:0}
execute if entity @s[tag=aj.messemers_assault.bone.left_arm2] run data modify entity @s {} merge value {transformation:[-0.491432569264039f,-0.1862366657286858f,-0.8507702005858029f,1.7861878330283645f,-0.8360315820954848f,0.3745842654705456f,0.4009212164513277f,1.8385321047110377f,0.24401890009887753f,0.9082965002685819f,-0.3397826422794141f,0.17471605035767643f,0f,0f,0f,1f],start_interpolation:0}
execute if entity @s[tag=aj.messemers_assault.bone.left_arm] run data modify entity @s {} merge value {transformation:[-0.491432569264039f,-0.4867805409239334f,-0.7221763876258682f,1.6030636266393763f,-0.8360315820954848f,0.49600918501409197f,0.2345763886681198f,1.858030453202625f,0.24401890009887753f,0.7190407452707108f,-0.6507189739319692f,0.3849785991877138f,0f,0f,0f,1f],start_interpolation:0}
execute if entity @s[tag=aj.messemers_assault.bone.head] run data modify entity @s {} merge value {transformation:[0.16176802896865677f,0.31857016775371055f,0.9339936579126052f,1.4645141260188475f,-0.14188180355415397f,0.9441345395413794f,-0.2974550807520492f,2.0077687859523072f,-0.9765759871222599f,-0.08439798257281034f,0.19793009350228508f,0.10802593160145002f,0f,0f,0f,1f],start_interpolation:0}
execute if entity @s[tag=aj.messemers_assault.bone.body_top] run data modify entity @s {} merge value {transformation:[-0.5338856017989427f,0.19679826046358728f,0.8223360680830477f,1.38702481096131f,0.03004658103542019f,0.9763393125294835f,-0.2141465614422456f,1.623335181643823f,-0.845022702156494f,-0.08962137852076144f,-0.5271666163104183f,0.14331434939399984f,0f,0f,0f,1f],start_interpolation:0}
execute if entity @s[tag=aj.messemers_assault.bone.body] run data modify entity @s {} merge value {transformation:[-0.38297753754797936f,0.07730806025631619f,0.9205170664105539f,1.3532025345991716f,-0.00759612619088661f,0.9961947009001669f,-0.08682405637448173f,1.1875f,-0.9237264230282569f,-0.040244027107545266f,-0.3809329516878121f,0.1609211112535509f,0f,0f,0f,1f],start_interpolation:0}
execute if entity @s[tag=aj.messemers_assault.locator_origin.player_camera] at @s on origin run tp @s ^1.90758 ^0.6875 ^-0.12767 ~62.5 ~0
execute if entity @s[tag=aj.messemers_assault.bone.right_leg2] run data modify entity @s {} merge value {transformation:[-0.40111406794227533f,0.24816709385962119f,0.8817712844179435f,1.3485768984121977f,0.2090646557093408f,0.9619985671288254f,-0.17564374903543156f,0.9256213732276823f,-0.8918517108981373f,0.11389403130698653f,-0.43775412665183255f,-0.05353643848054662f,0f,0f,0f,1f],start_interpolation:0}
execute if entity @s[tag=aj.messemers_assault.bone.right_leg] run data modify entity @s {} merge value {transformation:[-0.40111406794227533f,-0.1477368778223453f,0.904036127281485f,1.2954839579447923f,0.2090646557093408f,0.9460970484099276f,0.24737086474190506f,1.265625f,-0.8918517108981373f,0.28822593554593334f,-0.3486062762583843f,0.05004475710627318f,0f,0f,0f,1f],start_interpolation:0}
execute if entity @s[tag=aj.messemers_assault.bone.left_leg2] run data modify entity @s {} merge value {transformation:[-0.3476508260167652f,0.5618985626930222f,0.7506056943651419f,1.2980268939661208f,-0.23077070736426045f,0.7246372165258967f,-0.6493425791122892f,0.9862394638403198f,-0.9087814829718197f,-0.3989622910365297f,-0.12225099810808754f,0.3995180154771247f,0f,0f,0f,1f],start_interpolation:0}
execute if entity @s[tag=aj.messemers_assault.bone.left_leg] run data modify entity @s {} merge value {transformation:[-0.3476508260167652f,0.2712896658250121f,0.8975192590615614f,1.3955216176219845f,-0.23077070736426045f,0.9030244870916702f,-0.3623419052986073f,1.3107638888888888f,-0.9087814829718197f,-0.3330896169642328f,-0.2513315007677329f,0.27981393438060354f,0f,0f,0f,1f],start_interpolation:0}
execute if entity @s[tag=aj.messemers_assault.locator_origin.flame1] at @s on origin run tp @s ^0.18751 ^0.06249 ^9.68751 ~0 ~0
execute if entity @s[tag=aj.messemers_assault.locator_origin.flame2] at @s on origin run tp @s ^0.18749 ^0.06249 ^9.68751 ~0 ~0
execute if entity @s[tag=aj.messemers_assault.locator_origin.flame3] at @s on origin run tp @s ^0.18751 ^0.06249 ^9.68749 ~0 ~0
execute if entity @s[tag=aj.messemers_assault.locator_origin.flame4] at @s on origin run tp @s ^0.18749 ^0.06249 ^9.68749 ~0 ~0
execute if entity @s[tag=aj.messemers_assault.locator_origin.spear_head2] at @s on origin run tp @s ^0.8692 ^0.06673 ^11.03184 ~45 ~0
execute if entity @s[tag=aj.messemers_assault.locator_origin.spear_body2] at @s on origin run tp @s ^0.8692 ^0.06672 ^11.03184 ~45 ~0
execute if entity @s[tag=aj.messemers_assault.locator_origin.spear_body3] at @s on origin run tp @s ^0.8692 ^0.06671 ^11.03184 ~45 ~0
execute if entity @s[tag=aj.messemers_assault.locator_origin.spear_head3] at @s on origin run tp @s ^0.86919 ^0.06673 ^11.03183 ~45 ~0
execute if entity @s[tag=aj.messemers_assault.locator_origin.spear_body4] at @s on origin run tp @s ^0.86919 ^0.06672 ^11.03183 ~45 ~0
execute if entity @s[tag=aj.messemers_assault.locator_origin.spear_body5] at @s on origin run tp @s ^0.86919 ^0.06671 ^11.03183 ~45 ~0
execute if entity @s[tag=aj.messemers_assault.locator_origin.spear_head4] at @s on origin run tp @s ^0.8692 ^0.06673 ^11.03183 ~-45 ~0
execute if entity @s[tag=aj.messemers_assault.locator_origin.spear_body6] at @s on origin run tp @s ^0.8692 ^0.06672 ^11.03183 ~-45 ~0
execute if entity @s[tag=aj.messemers_assault.locator_origin.spear_body7] at @s on origin run tp @s ^0.8692 ^0.06671 ^11.03183 ~-45 ~0
execute if entity @s[tag=aj.messemers_assault.locator_origin.spear_head5] at @s on origin run tp @s ^0.86919 ^0.06673 ^11.03184 ~-45 ~0
execute if entity @s[tag=aj.messemers_assault.locator_origin.spear_body8] at @s on origin run tp @s ^0.86919 ^0.06672 ^11.03184 ~-45 ~0
execute if entity @s[tag=aj.messemers_assault.locator_origin.spear_body9] at @s on origin run tp @s ^0.86919 ^0.06671 ^11.03184 ~-45 ~0
execute if entity @s[tag=aj.messemers_assault.locator_origin.spear_head6] at @s on origin run tp @s ^0.8692 ^0.06673 ^11.03182 ~-22.5 ~0
execute if entity @s[tag=aj.messemers_assault.locator_origin.spear_body10] at @s on origin run tp @s ^0.8692 ^0.06672 ^11.03182 ~-22.5 ~0
execute if entity @s[tag=aj.messemers_assault.locator_origin.spear_body11] at @s on origin run tp @s ^0.8692 ^0.06671 ^11.03182 ~-22.5 ~0
execute if entity @s[tag=aj.messemers_assault.locator_origin.spear_head7] at @s on origin run tp @s ^0.86921 ^0.06673 ^11.03182 ~-22.5 ~0
execute if entity @s[tag=aj.messemers_assault.locator_origin.spear_body12] at @s on origin run tp @s ^0.86921 ^0.06672 ^11.03182 ~-22.5 ~0
execute if entity @s[tag=aj.messemers_assault.locator_origin.spear_body13] at @s on origin run tp @s ^0.86921 ^0.06671 ^11.03182 ~-22.5 ~0
execute if entity @s[tag=aj.messemers_assault.locator_origin.spear_head8] at @s on origin run tp @s ^0.86918 ^0.06673 ^11.03182 ~22.5 ~0
execute if entity @s[tag=aj.messemers_assault.locator_origin.spear_body14] at @s on origin run tp @s ^0.86918 ^0.06672 ^11.03182 ~22.5 ~0
execute if entity @s[tag=aj.messemers_assault.locator_origin.spear_body15] at @s on origin run tp @s ^0.86918 ^0.06671 ^11.03182 ~22.5 ~0
execute if entity @s[tag=aj.messemers_assault.locator_origin.spear_head9] at @s on origin run tp @s ^0.86921 ^0.06673 ^11.03185 ~22.5 ~0
execute if entity @s[tag=aj.messemers_assault.locator_origin.spear_body16] at @s on origin run tp @s ^0.86921 ^0.06672 ^11.03185 ~22.5 ~0
execute if entity @s[tag=aj.messemers_assault.locator_origin.spear_body17] at @s on origin run tp @s ^0.86921 ^0.06671 ^11.03185 ~22.5 ~0
execute if entity @s[tag=aj.messemers_assault.locator_origin.spear_head10] at @s on origin run tp @s ^0.86918 ^0.06673 ^11.03184 ~22.5 ~0
execute if entity @s[tag=aj.messemers_assault.locator_origin.spear_body18] at @s on origin run tp @s ^0.86918 ^0.06672 ^11.03184 ~22.5 ~0
execute if entity @s[tag=aj.messemers_assault.locator_origin.spear_body19] at @s on origin run tp @s ^0.86918 ^0.06671 ^11.03184 ~22.5 ~0
execute if entity @s[tag=aj.messemers_assault.locator_origin.spear_head11] at @s on origin run tp @s ^0.86918 ^0.06673 ^11.03185 ~-45 ~0
execute if entity @s[tag=aj.messemers_assault.locator_origin.spear_body20] at @s on origin run tp @s ^0.86918 ^0.06672 ^11.03185 ~-45 ~0
execute if entity @s[tag=aj.messemers_assault.locator_origin.spear_body21] at @s on origin run tp @s ^0.86918 ^0.06671 ^11.03185 ~-45 ~0
execute if entity @s[tag=aj.messemers_assault.locator_origin.spear_head12] at @s on origin run tp @s ^0.8692 ^0.06673 ^11.03185 ~22.5 ~0
execute if entity @s[tag=aj.messemers_assault.locator_origin.spear_body22] at @s on origin run tp @s ^0.8692 ^0.06672 ^11.03185 ~22.5 ~0
execute if entity @s[tag=aj.messemers_assault.locator_origin.spear_body23] at @s on origin run tp @s ^0.8692 ^0.06671 ^11.03185 ~22.5 ~0
execute if entity @s[tag=aj.messemers_assault.locator_origin.spear_head13] at @s on origin run tp @s ^0.86921 ^0.06673 ^11.03184 ~-45 ~0
execute if entity @s[tag=aj.messemers_assault.locator_origin.spear_body24] at @s on origin run tp @s ^0.86921 ^0.06672 ^11.03184 ~-45 ~0
execute if entity @s[tag=aj.messemers_assault.locator_origin.spear_body25] at @s on origin run tp @s ^0.86921 ^0.06671 ^11.03184 ~-45 ~0