execute if entity @s[tag=aj.messemers_assault.bone.right_arm2] run data modify entity @s {} merge value {transformation:[0.4596802028967265f,-0.886558361708428f,0.05204212091847116f,0.6506384000048403f,0.5292316561538671f,0.22640562814694004f,-0.8177128748332291f,1.7864670058326424f,0.7131675575833907f,0.40342875805804645f,0.5732689351275569f,4.953484947986983f,0f,0f,0f,1f],start_interpolation:0}
execute if entity @s[tag=aj.messemers_assault.bone.right_arm] run data modify entity @s {} merge value {transformation:[0.323417849666945f,-0.9448240641342265f,0.05204212091847116f,0.4144323839712837f,0.5569098221441265f,0.14559225367914666f,-0.8177128748332291f,1.822865069252429f,0.7650178720240505f,0.29344570792824753f,0.5732689351275569f,5.026846374969044f,0f,0f,0f,1f],start_interpolation:0}
execute if entity @s[tag=aj.messemers_assault.bone.flame_slash2] run data modify entity @s {} merge value {transformation:[1.7297947307165007e-7f,0.0000012524116948394212f,-0.000011702737304136858f,-0.31721309050604096f,-0.000006539910242841663f,-0.000009720567725195597f,-0.000001136949636778807f,0.30870668617649333f,-0.000009785303749939579f,0.0000065187840436408245f,5.529941002426972e-7f,6.006431420731893f,0f,0f,0f,1f],start_interpolation:0}
execute if entity @s[tag=aj.messemers_assault.bone.flame_slash] run data modify entity @s {} merge value {transformation:[1.7297947307165007e-7f,0.0000012524116948394212f,-0.000011702737304136858f,-0.31721309050604096f,-0.000006539910242841663f,-0.000009720567725195597f,-0.000001136949636778807f,0.30870668617649333f,-0.000009785303749939579f,0.0000065187840436408245f,5.529941002426972e-7f,6.006431420731893f,0f,0f,0f,1f],start_interpolation:0}
execute if entity @s[tag=aj.messemers_assault.bone.impaling_thrust] run data modify entity @s {} merge value {transformation:[-0.000014248358964129447f,-0.000007362200000514073f,-0.0000026072313062409005f,0.13722496334498568f,0.0000023818999171755993f,0.0000010696546368650276f,-0.000016037386596477998f,2.258348005724522f,0.000007438158153492767f,-0.000014445387748785552f,1.4125570206303236e-7f,4.372574311463549f,0f,0f,0f,1f],start_interpolation:0}
execute if entity @s[tag=aj.messemers_assault.locator_origin.spear0] at @s on origin run tp @s ^-0.41645 ^0.62283 ^5.80526 ~-92.70541 ~-5.54286
execute if entity @s[tag=aj.messemers_assault.locator_origin.spear1] at @s on origin run tp @s ^-0.52285 ^1.44865 ^5.25145 ~-92.70541 ~-5.54286
execute if entity @s[tag=aj.messemers_assault.locator_origin.spear2] at @s on origin run tp @s ^-0.6359 ^2.32608 ^4.66303 ~-92.70541 ~-5.54286
execute if entity @s[tag=aj.messemers_assault.locator_origin.spear_head2] at @s on origin run tp @s ^-0.06106 ^0.36116 ^6.13679 ~128.86713 ~26.38521
execute if entity @s[tag=aj.messemers_assault.locator_origin.spear_body2] at @s on origin run tp @s ^-0.06105 ^0.36116 ^6.1368 ~128.86713 ~26.38521
execute if entity @s[tag=aj.messemers_assault.locator_origin.spear_body3] at @s on origin run tp @s ^-0.06105 ^0.36115 ^6.1368 ~128.86713 ~26.38521
execute if entity @s[tag=aj.messemers_assault.bone.spear_effects0] run data modify entity @s {} merge value {transformation:[0.000014845108343283f,-0.00000454794556747909f,0.000015112358976542367f,-0.0610532765822372f,-0.000003982280424245479f,0.000018996658325153606f,0.000009628751712682566f,0.36115512099235064f,-0.000015271170398607462f,-0.000009374839093929212f,0.000012179827218153617f,6.136797634113458f,0f,0f,0f,1f],start_interpolation:0}
execute if entity @s[tag=aj.messemers_assault.locator_origin.spear_head3] at @s on origin run tp @s ^-0.06104 ^0.36116 ^6.13678 ~128.86713 ~26.38521
execute if entity @s[tag=aj.messemers_assault.locator_origin.spear_body4] at @s on origin run tp @s ^-0.06104 ^0.36115 ^6.13679 ~128.86713 ~26.38521
execute if entity @s[tag=aj.messemers_assault.locator_origin.spear_body5] at @s on origin run tp @s ^-0.06104 ^0.36115 ^6.13679 ~128.86713 ~26.38521
execute if entity @s[tag=aj.messemers_assault.bone.spear_effects1] run data modify entity @s {} merge value {transformation:[0.000014845108343283f,-0.00000454794556747909f,0.000015112358976542367f,-0.061039293256878784f,-0.000003982280424245479f,0.000018996658325153606f,0.000009628751712682566f,0.3611541607975402f,-0.000015271170398607462f,-0.000009374839093929212f,0.000012179827218153617f,6.136788904801467f,0f,0f,0f,1f],start_interpolation:0}
execute if entity @s[tag=aj.messemers_assault.locator_origin.spear_head4] at @s on origin run tp @s ^-0.06104 ^0.36117 ^6.1368 ~44.18948 ~-10.59104
execute if entity @s[tag=aj.messemers_assault.locator_origin.spear_body6] at @s on origin run tp @s ^-0.06104 ^0.36116 ^6.1368 ~44.18948 ~-10.59104
execute if entity @s[tag=aj.messemers_assault.locator_origin.spear_body7] at @s on origin run tp @s ^-0.06104 ^0.36115 ^6.13681 ~44.18948 ~-10.59104
execute if entity @s[tag=aj.messemers_assault.bone.spear_effects2] run data modify entity @s {} merge value {transformation:[-0.00001511235897654237f,-0.00000454794556747909f,0.000014845108343282999f,-0.06104222313829817f,-0.000009628751712682566f,0.000018996658325153606f,-0.0000039822804242454796f,0.3611599703878615f,-0.000012179827218153615f,-0.000009374839093929212f,-0.000015271170398607462f,6.136802098387226f,0f,0f,0f,1f],start_interpolation:0}
execute if entity @s[tag=aj.messemers_assault.locator_origin.spear_head5] at @s on origin run tp @s ^-0.06105 ^0.36116 ^6.13678 ~44.18948 ~-10.59104
execute if entity @s[tag=aj.messemers_assault.locator_origin.spear_body8] at @s on origin run tp @s ^-0.06105 ^0.36115 ^6.13679 ~44.18948 ~-10.59104
execute if entity @s[tag=aj.messemers_assault.locator_origin.spear_body9] at @s on origin run tp @s ^-0.06105 ^0.36114 ^6.13679 ~44.18948 ~-10.59104
execute if entity @s[tag=aj.messemers_assault.bone.spear_effects3] run data modify entity @s {} merge value {transformation:[-0.00001511235897654237f,-0.00000454794556747909f,0.000014845108343282999f,-0.06105214714898483f,-0.000009628751712682566f,0.000018996658325153606f,-0.0000039822804242454796f,0.36115063165426947f,-0.000012179827218153615f,-0.000009374839093929212f,-0.000015271170398607462f,6.136787989252178f,0f,0f,0f,1f],start_interpolation:0}
execute if entity @s[tag=aj.messemers_assault.locator_origin.spear_head6] at @s on origin run tp @s ^-0.06103 ^0.36117 ^6.13679 ~64.14801 ~0.01485
execute if entity @s[tag=aj.messemers_assault.locator_origin.spear_body10] at @s on origin run tp @s ^-0.06103 ^0.36116 ^6.13679 ~64.14801 ~0.01485
execute if entity @s[tag=aj.messemers_assault.locator_origin.spear_body11] at @s on origin run tp @s ^-0.06103 ^0.36115 ^6.1368 ~64.14801 ~0.01485
execute if entity @s[tag=aj.messemers_assault.bone.spear_effects4] run data modify entity @s {} merge value {transformation:[-0.000008281022131751543f,-0.00000454794556747909f,0.00001949834116054831f,-0.061028228910551194f,-0.000010419759372370985f,0.000018996658325153606f,5.616378119839714e-9f,0.36115956544996203f,-0.00001709671698074727f,-0.000009374839093929212f,-0.000009447703683308891f,6.136794488928305f,0f,0f,0f,1f],start_interpolation:0}
execute if entity @s[tag=aj.messemers_assault.locator_origin.spear_head7] at @s on origin run tp @s ^-0.06103 ^0.36118 ^6.13681 ~64.14801 ~0.01485
execute if entity @s[tag=aj.messemers_assault.locator_origin.spear_body12] at @s on origin run tp @s ^-0.06103 ^0.36117 ^6.13681 ~64.14801 ~0.01485
execute if entity @s[tag=aj.messemers_assault.locator_origin.spear_body13] at @s on origin run tp @s ^-0.06103 ^0.36116 ^6.13681 ~64.14801 ~0.01485
execute if entity @s[tag=aj.messemers_assault.bone.spear_effects5] run data modify entity @s {} merge value {transformation:[-0.000008281022131751543f,-0.00000454794556747909f,0.00001949834116054831f,-0.0610323590907486f,-0.000010419759372370985f,0.000018996658325153606f,5.616378119839714e-9f,0.3611662552084434f,-0.00001709671698074727f,-0.000009374839093929212f,-0.000009447703683308891f,6.136810048330382f,0f,0f,0f,1f],start_interpolation:0}
execute if entity @s[tag=aj.messemers_assault.locator_origin.spear_head8] at @s on origin run tp @s ^-0.06104 ^0.36116 ^6.13678 ~105.39483 ~19.89146
execute if entity @s[tag=aj.messemers_assault.locator_origin.spear_body14] at @s on origin run tp @s ^-0.06103 ^0.36115 ^6.13678 ~105.39483 ~19.89146
execute if entity @s[tag=aj.messemers_assault.locator_origin.spear_body15] at @s on origin run tp @s ^-0.06103 ^0.36114 ^6.13679 ~105.39483 ~19.89146
execute if entity @s[tag=aj.messemers_assault.bone.spear_effects6] run data modify entity @s {} merge value {transformation:[0.00000793184235199509f,-0.00000454794556747909f,0.00001964297616102988f,-0.061033248153434465f,-0.000007363911131481363f,0.000018996658325153606f,0.000007371853889589854f,0.36115198098438356f,-0.00001876973985422243f,-0.000009374839093929212f,0.000005408669172004749f,6.136781555132158f,0f,0f,0f,1f],start_interpolation:0}
execute if entity @s[tag=aj.messemers_assault.locator_origin.spear_head9] at @s on origin run tp @s ^-0.06106 ^0.36117 ^6.13681 ~105.39483 ~19.89146
execute if entity @s[tag=aj.messemers_assault.locator_origin.spear_body16] at @s on origin run tp @s ^-0.06106 ^0.36116 ^6.13681 ~105.39483 ~19.89146
execute if entity @s[tag=aj.messemers_assault.locator_origin.spear_body17] at @s on origin run tp @s ^-0.06106 ^0.36115 ^6.13681 ~105.39483 ~19.89146
execute if entity @s[tag=aj.messemers_assault.bone.spear_effects7] run data modify entity @s {} merge value {transformation:[0.00000793184235199509f,-0.00000454794556747909f,0.00001964297616102988f,-0.06105927262493299f,-0.000007363911131481363f,0.000018996658325153606f,0.000007371853889589854f,0.36115979946160653f,-0.00001876973985422243f,-0.000009374839093929212f,0.000005408669172004749f,6.136810023121587f,0f,0f,0f,1f],start_interpolation:0}
execute if entity @s[tag=aj.messemers_assault.locator_origin.spear_head10] at @s on origin run tp @s ^-0.06105 ^0.36116 ^6.13678 ~105.39483 ~19.89146
execute if entity @s[tag=aj.messemers_assault.locator_origin.spear_body18] at @s on origin run tp @s ^-0.06105 ^0.36115 ^6.13678 ~105.39483 ~19.89146
execute if entity @s[tag=aj.messemers_assault.locator_origin.spear_body19] at @s on origin run tp @s ^-0.06105 ^0.36114 ^6.13678 ~105.39483 ~19.89146
execute if entity @s[tag=aj.messemers_assault.bone.spear_effects8] run data modify entity @s {} merge value {transformation:[0.00000793184235199509f,-0.00000454794556747909f,0.00001964297616102988f,-0.06104916820681692f,-0.000007363911131481363f,0.000018996658325153606f,0.000007371853889589854f,0.36114732072004735f,-0.00001876973985422243f,-0.000009374839093929212f,0.000005408669172004749f,6.13677983500524f,0f,0f,0f,1f],start_interpolation:0}
execute if entity @s[tag=aj.messemers_assault.locator_origin.spear_head11] at @s on origin run tp @s ^-0.06106 ^0.36115 ^6.13678 ~44.18948 ~-10.59104
execute if entity @s[tag=aj.messemers_assault.locator_origin.spear_body20] at @s on origin run tp @s ^-0.06106 ^0.36115 ^6.13678 ~44.18948 ~-10.59104
execute if entity @s[tag=aj.messemers_assault.locator_origin.spear_body21] at @s on origin run tp @s ^-0.06106 ^0.36114 ^6.13679 ~44.18948 ~-10.59104
execute if entity @s[tag=aj.messemers_assault.bone.spear_effects9] run data modify entity @s {} merge value {transformation:[-0.00001511235897654237f,-0.00000454794556747909f,0.000014845108343282999f,-0.06106259499234057f,-0.000009628751712682566f,0.000018996658325153606f,-0.0000039822804242454796f,0.361145619803134f,-0.000012179827218153615f,-0.000009374839093929212f,-0.000015271170398607462f,6.136782901996788f,0f,0f,0f,1f],start_interpolation:0}
execute if entity @s[tag=aj.messemers_assault.locator_origin.spear_head12] at @s on origin run tp @s ^-0.06106 ^0.36116 ^6.1368 ~105.39483 ~19.89146
execute if entity @s[tag=aj.messemers_assault.locator_origin.spear_body22] at @s on origin run tp @s ^-0.06106 ^0.36115 ^6.1368 ~105.39483 ~19.89146
execute if entity @s[tag=aj.messemers_assault.locator_origin.spear_body23] at @s on origin run tp @s ^-0.06106 ^0.36115 ^6.1368 ~105.39483 ~19.89146
execute if entity @s[tag=aj.messemers_assault.bone.spear_effects10] run data modify entity @s {} merge value {transformation:[0.00000793184235199509f,-0.00000454794556747909f,0.00001964297616102988f,-0.06106059830117946f,-0.000007363911131481363f,0.000018996658325153606f,0.000007371853889589854f,0.3611542941752908f,-0.00001876973985422243f,-0.000009374839093929212f,0.000005408669172004749f,6.136799510627589f,0f,0f,0f,1f],start_interpolation:0}
execute if entity @s[tag=aj.messemers_assault.locator_origin.spear_head13] at @s on origin run tp @s ^-0.06105 ^0.36117 ^6.13681 ~44.18948 ~-10.59104
execute if entity @s[tag=aj.messemers_assault.locator_origin.spear_body24] at @s on origin run tp @s ^-0.06105 ^0.36116 ^6.13681 ~44.18948 ~-10.59104
execute if entity @s[tag=aj.messemers_assault.locator_origin.spear_body25] at @s on origin run tp @s ^-0.06104 ^0.36115 ^6.13681 ~44.18948 ~-10.59104
execute if entity @s[tag=aj.messemers_assault.bone.spear_effects11] run data modify entity @s {} merge value {transformation:[-0.00001511235897654237f,-0.00000454794556747909f,0.000014845108343282999f,-0.06104703523579879f,-0.000009628751712682566f,0.000018996658325153606f,-0.0000039822804242454796f,0.36116293580359093f,-0.000012179827218153615f,-0.000009374839093929212f,-0.000015271170398607462f,6.136810441799429f,0f,0f,0f,1f],start_interpolation:0}
execute if entity @s[tag=aj.messemers_assault.locator_origin.flame1] at @s on origin run tp @s ^-0.43201 ^1.77534 ^5.18509 ~84.10844 ~10.61896
execute if entity @s[tag=aj.messemers_assault.locator_origin.flame2] at @s on origin run tp @s ^-0.43201 ^1.77533 ^5.18508 ~84.10844 ~10.61896
execute if entity @s[tag=aj.messemers_assault.locator_origin.flame3] at @s on origin run tp @s ^-0.43199 ^1.77534 ^5.18509 ~84.10844 ~10.61896
execute if entity @s[tag=aj.messemers_assault.locator_origin.flame4] at @s on origin run tp @s ^-0.43199 ^1.77533 ^5.18508 ~84.10844 ~10.61896
execute if entity @s[tag=aj.messemers_assault.bone.flame_blast] run data modify entity @s {} merge value {transformation:[-2.979986206622341e-7f,-0.000007171760317947797f,0.00003340416384038228f,-0.4320018161928414f,-0.000015177022232375528f,0.000029956268897357613f,0.00000629611475580728f,1.7753343496305025f,-0.000030609317275809545f,-0.000014783400109657605f,-0.0000034470114908008393f,5.18508538804916f,0f,0f,0f,1f],start_interpolation:0}
execute if entity @s[tag=aj.messemers_assault.bone.spear_of_the_impaler] run data modify entity @s {} merge value {transformation:[0.031840469379560365f,0.2305324181651324f,-2.1541321763366956f,-0.4773607750938279f,-1.2038064871779344f,-1.7892726432218444f,-0.20927922517698389f,1.3417859607174256f,-1.8011886548561347f,1.1999177708648596f,0.10179006446945221f,5.316696247854438f,0f,0f,0f,1f],start_interpolation:0}
execute if entity @s[tag=aj.messemers_assault.bone.left_arm2] run data modify entity @s {} merge value {transformation:[0.014695601252104784f,0.44757855776376115f,0.8941238582735339f,-0.3903170041812711f,-0.5556029940821235f,0.7471169062107177f,-0.36485838543345184f,1.8047634612836665f,-0.8313178407028314f,-0.4914160793912191f,0.2596553189228832f,5.090971782709067f,0f,0f,0f,1f],start_interpolation:0}
execute if entity @s[tag=aj.messemers_assault.bone.left_arm] run data modify entity @s {} merge value {transformation:[0.014695601252104784f,0.7701132403090775f,0.6377379057296909f,-0.1959517439474886f,-0.5556029940821235f,0.5365666890820742f,-0.6351389620661612f,1.8694547592939197f,-0.8313178407028314f,-0.3449953409368795f,0.4357623922059216f,4.900808217386993f,0f,0f,0f,1f],start_interpolation:0}
execute if entity @s[tag=aj.messemers_assault.bone.head] run data modify entity @s {} merge value {transformation:[0.9691502076762792f,-0.1678190763726328f,-0.18051213966506946f,0.08884551168903718f,-0.0631256467133328f,0.5389510241778828f,-0.8399684198019797f,1.915346408047627f,0.23824992694237832f,0.8254505140485695f,0.5117308092824818f,5.088170946489048f,0f,0f,0f,1f],start_interpolation:0}
execute if entity @s[tag=aj.messemers_assault.bone.body_top] run data modify entity @s {} merge value {transformation:[0.9766146046700356f,-0.1418769274633763f,-0.16153900890726816f,0.1447095518777416f,-0.07454350406638507f,0.48129734799619156f,-0.8733820062340062f,1.7258355772741265f,0.2016610521312815f,0.864999306511505f,0.4594660159227448f,4.7475774695501425f,0f,0f,0f,1f],start_interpolation:0}
execute if entity @s[tag=aj.messemers_assault.bone.body] run data modify entity @s {} merge value {transformation:[0.9766146046700356f,-0.1418769274633763f,-0.16153900890726816f,0.20678070764296871f,-0.07454350406638507f,0.48129734799619156f,-0.8733820062340062f,1.5152679875257926f,0.2016610521312815f,0.864999306511505f,0.4594660159227448f,4.369140272951359f,0f,0f,0f,1f],start_interpolation:0}
execute if entity @s[tag=aj.messemers_assault.locator_origin.player_camera] at @s on origin run tp @s ^0.0781 ^0.73137 ^4.27135 ~-149.27808 ~-54.19124
execute if entity @s[tag=aj.messemers_assault.bone.right_leg2] run data modify entity @s {} merge value {transformation:[0.9046089440044508f,-0.42014710429931357f,-0.0718266606216271f,0.3933751048441025f,-0.06831051048035473f,0.023431829902376522f,-0.9973889028384761f,1.255076700133091f,0.4207330894819969f,0.9071534380116342f,-0.007503820267448058f,4.254407325746419f,0f,0f,0f,1f],start_interpolation:0}
execute if entity @s[tag=aj.messemers_assault.bone.right_leg] run data modify entity @s {} merge value {transformation:[0.9046089440044508f,-0.21504293865228674f,-0.36802064203376084f,0.31609404876593694f,-0.06831051048035473f,0.7791059165814793f,-0.6231594056945995f,1.53506788890456f,0.4207330894819969f,0.5888552498564666f,0.6900964875518584f,4.466027181163587f,0f,0f,0f,1f],start_interpolation:0}
execute if entity @s[tag=aj.messemers_assault.bone.left_leg2] run data modify entity @s {} merge value {transformation:[0.9184910833935828f,0.08157312053085977f,-0.3869366301260981f,-0.01874174887194932f,-0.38292537230493673f,0.42770623614013453f,-0.8188012791953644f,1.3460726431925545f,0.09870303425735524f,0.9002295271616552f,0.4240807817558986f,4.239194275891491f,0f,0f,0f,1f],start_interpolation:0}
execute if entity @s[tag=aj.messemers_assault.bone.left_leg] run data modify entity @s {} merge value {transformation:[0.9184910833935828f,0.25102369397758845f,-0.3055507073929449f,0.07146989115124652f,-0.38292537230493673f,0.7574604200577133f,-0.5287928434567908f,1.6182849816507952f,0.09870303425735524f,0.6026946300638811f,0.7918439833202957f,4.455787658570698f,0f,0f,0f,1f],start_interpolation:0}