execute if entity @s[tag=aj.messemers_assault.bone.right_arm2] run data modify entity @s {} merge value {transformation:[-0.31251769270256025f,-0.74701320002283f,0.586774207629749f,2.5332444475990616f,0.2503642197286726f,0.5310976790181843f,0.8094769995627734f,3.5376011756310826f,-0.9163244235681602f,0.39988315084928144f,0.02104795570428683f,-1.493940241593336f,0f,0f,0f,1f],start_interpolation:0}
execute if entity @s[tag=aj.messemers_assault.bone.right_arm] run data modify entity @s {} merge value {transformation:[-0.5226846224922677f,-0.6184632686510946f,0.586774207629749f,2.378628630436288f,0.3984807524001156f,0.43123088612190935f,0.8094769995627734f,3.64540889716156f,-0.7536669525571315f,0.6569194076779258f,0.02104795570428683f,-1.3297103896738547f,0f,0f,0f,1f],start_interpolation:0}
execute if entity @s[tag=aj.messemers_assault.bone.flame_slash2] run data modify entity @s {} merge value {transformation:[-0.6321919310360057f,-0.07601963871677986f,-1.0077694965521173f,1.8985241858688842f,-0.9906316166685515f,0.008084299453954497f,0.6524318132111501f,3.820709923371348f,-0.06713818586116777f,0.596537410798314f,-0.13726670902230034f,1.8735640991464146f,0f,0f,0f,1f],start_interpolation:0}
execute if entity @s[tag=aj.messemers_assault.bone.flame_slash] run data modify entity @s {} merge value {transformation:[-0.6321919310360057f,-0.07601963871677986f,-1.0077694965521173f,1.8985241858688842f,-0.9906316166685515f,0.008084299453954497f,0.6524318132111501f,3.820709923371348f,-0.06713818586116777f,0.596537410798314f,-0.13726670902230034f,1.8735640991464146f,0f,0f,0f,1f],start_interpolation:0}
execute if entity @s[tag=aj.messemers_assault.bone.impaling_thrust] run data modify entity @s {} merge value {transformation:[-0.000004747447737755006f,-0.000013821620023788283f,-0.000007102107926369457f,2.331736198004409f,0.000005312511099168445f,-0.000008422292130257691f,0.000012839688399502204f,3.500416409073243f,-0.000014603230563851174f,0.0000014294027749778266f,0.000006979816753209834f,0.2570487210089548f,0f,0f,0f,1f],start_interpolation:0}
execute if entity @s[tag=aj.messemers_assault.locator_origin.spear_head] at @s on origin run tp @s ^1.86591 ^3.85861 ^1.77484 ~-82.24356 ~32.6793
execute if entity @s[tag=aj.messemers_assault.locator_origin.spear_body] at @s on origin run tp @s ^1.99231 ^3.84517 ^0.78296 ~-82.24356 ~32.6793
execute if entity @s[tag=aj.messemers_assault.locator_origin.spear_body1] at @s on origin run tp @s ^2.11081 ^3.83256 ^-0.14694 ~-82.24356 ~32.6793
execute if entity @s[tag=aj.messemers_assault.bone.spear_of_the_impaler] run data modify entity @s {} merge value {transformation:[-1.1636807226149486f,-0.2738690240041616f,-1.8070106192133473f,2.0152215240395175f,-1.8234635067881302f,0.029124568842803355f,1.1698619761946696f,3.823145572036069f,-0.12358179344356543f,2.1490909616917504f,-0.24613009395143728f,0.790425443616386f,0f,0f,0f,1f],start_interpolation:0}
execute if entity @s[tag=aj.messemers_assault.bone.left_arm2] run data modify entity @s {} merge value {transformation:[-0.5370834104376686f,0.31785574980641457f,0.7813508383227377f,2.2315989005859485f,-0.8415985415945216f,-0.1392849964538851f,-0.5218348249674555f,3.853081520682575f,-0.057037750820107126f,-0.9378525534847377f,0.342314596392763f,-0.49123449227102567f,0f,0f,0f,1f],start_interpolation:0}
execute if entity @s[tag=aj.messemers_assault.bone.left_arm] run data modify entity @s {} merge value {transformation:[-0.5370834104376686f,0.44564947868774574f,0.7161968670540129f,2.2758758439531763f,-0.8415985415945216f,-0.22568910657812835f,-0.49068963913856994f,3.6914594263387275f,-0.057037750820107126f,-0.8662915036621948f,0.4962718263855775f,-0.7149370870390878f,0f,0f,0f,1f],start_interpolation:0}
execute if entity @s[tag=aj.messemers_assault.bone.head] run data modify entity @s {} merge value {transformation:[-0.5743691703559295f,0.31937416127306684f,0.7537242209560248f,2.357528895825537f,0.030480789612701606f,0.9284574823674073f,-0.3701859328777387f,3.8088535254541314f,-0.8180287144160817f,-0.18964927773946458f,-0.5430121304756199f,-1.0277816444678725f,0f,0f,0f,1f],start_interpolation:0}
execute if entity @s[tag=aj.messemers_assault.bone.body_top] run data modify entity @s {} merge value {transformation:[0.16440445837297912f,0.21062023395342538f,0.9636442762329323f,2.274597178706376f,-0.07368084668346815f,0.9768303562016549f,-0.20093179946179524f,3.42422657269973f,-0.9836372842156271f,-0.037968042514095815f,0.1761139427999759f,-1.0128317277279473f,0f,0f,0f,1f],start_interpolation:0}
execute if entity @s[tag=aj.messemers_assault.bone.body] run data modify entity @s {} merge value {transformation:[-0.051203380244527974f,0.0820825672382793f,0.9953093318195644f,2.238686055539629f,-0.027722896746657635f,0.9961157640544085f,-0.08357526905895102f,2.988425925925926f,-0.9983033881779168f,-0.031872194117682794f,-0.048728927698198976f,-0.998887642801461f,0f,0f,0f,1f],start_interpolation:0}
execute if entity @s[tag=aj.messemers_assault.locator_origin.player_camera] at @s on origin run tp @s ^2.8221 ^2.48843 ^-1.22306 ~68.98148 ~0
execute if entity @s[tag=aj.messemers_assault.bone.right_leg2] run data modify entity @s {} merge value {transformation:[-0.29787623114853923f,0.32803153990864525f,0.8964736804513029f,2.4606009862497396f,0.20906465570934082f,0.9387239202984644f,-0.27402439890020225f,2.8613380133795845f,-0.9314299333014141f,0.10579560616890113f,-0.3482033444202941f,-1.2576119644773855f,0f,0f,0f,1f],start_interpolation:0}
execute if entity @s[tag=aj.messemers_assault.bone.right_leg] run data modify entity @s {} merge value {transformation:[-0.29787623114853923f,-0.6448520880791194f,0.7038718174616323f,2.228857267096306f,0.20906465570934082f,0.6753750609985164f,0.707220260395858f,3.104050925925926f,-0.9314299333014141f,0.35781882493973083f,-0.0663623980042422f,-1.1290208242646698f,0f,0f,0f,1f],start_interpolation:0}
execute if entity @s[tag=aj.messemers_assault.bone.left_leg2] run data modify entity @s {} merge value {transformation:[-0.32605342821917715f,0.8326099107915318f,0.4477163146438145f,2.26449298881929f,-0.0496164834698032f,0.45787308813348243f,-0.887631928071089f,2.7321058497817368f,-0.9440483920406901f,-0.31162954226906264f,-0.10797991419964101f,-0.8553928632394882f,0f,0f,0f,1f],start_interpolation:0}
execute if entity @s[tag=aj.messemers_assault.bone.left_leg] run data modify entity @s {} merge value {transformation:[-0.32605342821917715f,-0.0462647209937658f,0.9442185856770088f,2.2478666047121556f,-0.0496164834698032f,0.9982626273384215f,0.031779418299938744f,3.090856481481482f,-0.9440483920406901f,-0.03648701756461799f,-0.32778244467119744f,-0.8685053851767728f,0f,0f,0f,1f],start_interpolation:0}
execute if entity @s[tag=aj.messemers_assault.locator_origin.flame1] at @s on origin run tp @s ^0.18751 ^0.06249 ^9.68751 ~0 ~0
execute if entity @s[tag=aj.messemers_assault.locator_origin.flame2] at @s on origin run tp @s ^0.18749 ^0.06249 ^9.68751 ~0 ~0
execute if entity @s[tag=aj.messemers_assault.locator_origin.flame3] at @s on origin run tp @s ^0.18751 ^0.06249 ^9.68749 ~0 ~0
execute if entity @s[tag=aj.messemers_assault.locator_origin.flame4] at @s on origin run tp @s ^0.18749 ^0.06249 ^9.68749 ~0 ~0
execute if entity @s[tag=aj.messemers_assault.locator_origin.spear_head2] at @s on origin run tp @s ^0.8692 ^0.06673 ^11.03184 ~45 ~0
execute if entity @s[tag=aj.messemers_assault.locator_origin.spear_body2] at @s on origin run tp @s ^0.8692 ^0.06672 ^11.03184 ~45 ~0
execute if entity @s[tag=aj.messemers_assault.locator_origin.spear_body3] at @s on origin run tp @s ^0.8692 ^0.06671 ^11.03184 ~45 ~0
execute if entity @s[tag=aj.messemers_assault.locator_origin.spear_head3] at @s on origin run tp @s ^0.86919 ^0.06673 ^11.03183 ~45 ~0
execute if entity @s[tag=aj.messemers_assault.locator_origin.spear_body4] at @s on origin run tp @s ^0.86919 ^0.06672 ^11.03183 ~45 ~0
execute if entity @s[tag=aj.messemers_assault.locator_origin.spear_body5] at @s on origin run tp @s ^0.86919 ^0.06671 ^11.03183 ~45 ~0
execute if entity @s[tag=aj.messemers_assault.locator_origin.spear_head4] at @s on origin run tp @s ^0.8692 ^0.06673 ^11.03183 ~-45 ~0
execute if entity @s[tag=aj.messemers_assault.locator_origin.spear_body6] at @s on origin run tp @s ^0.8692 ^0.06672 ^11.03183 ~-45 ~0
execute if entity @s[tag=aj.messemers_assault.locator_origin.spear_body7] at @s on origin run tp @s ^0.8692 ^0.06671 ^11.03183 ~-45 ~0
execute if entity @s[tag=aj.messemers_assault.locator_origin.spear_head5] at @s on origin run tp @s ^0.86919 ^0.06673 ^11.03184 ~-45 ~0
execute if entity @s[tag=aj.messemers_assault.locator_origin.spear_body8] at @s on origin run tp @s ^0.86919 ^0.06672 ^11.03184 ~-45 ~0
execute if entity @s[tag=aj.messemers_assault.locator_origin.spear_body9] at @s on origin run tp @s ^0.86919 ^0.06671 ^11.03184 ~-45 ~0
execute if entity @s[tag=aj.messemers_assault.locator_origin.spear_head6] at @s on origin run tp @s ^0.8692 ^0.06673 ^11.03182 ~-22.5 ~0
execute if entity @s[tag=aj.messemers_assault.locator_origin.spear_body10] at @s on origin run tp @s ^0.8692 ^0.06672 ^11.03182 ~-22.5 ~0
execute if entity @s[tag=aj.messemers_assault.locator_origin.spear_body11] at @s on origin run tp @s ^0.8692 ^0.06671 ^11.03182 ~-22.5 ~0
execute if entity @s[tag=aj.messemers_assault.locator_origin.spear_head7] at @s on origin run tp @s ^0.86921 ^0.06673 ^11.03182 ~-22.5 ~0
execute if entity @s[tag=aj.messemers_assault.locator_origin.spear_body12] at @s on origin run tp @s ^0.86921 ^0.06672 ^11.03182 ~-22.5 ~0
execute if entity @s[tag=aj.messemers_assault.locator_origin.spear_body13] at @s on origin run tp @s ^0.86921 ^0.06671 ^11.03182 ~-22.5 ~0
execute if entity @s[tag=aj.messemers_assault.locator_origin.spear_head8] at @s on origin run tp @s ^0.86918 ^0.06673 ^11.03182 ~22.5 ~0
execute if entity @s[tag=aj.messemers_assault.locator_origin.spear_body14] at @s on origin run tp @s ^0.86918 ^0.06672 ^11.03182 ~22.5 ~0
execute if entity @s[tag=aj.messemers_assault.locator_origin.spear_body15] at @s on origin run tp @s ^0.86918 ^0.06671 ^11.03182 ~22.5 ~0
execute if entity @s[tag=aj.messemers_assault.locator_origin.spear_head9] at @s on origin run tp @s ^0.86921 ^0.06673 ^11.03185 ~22.5 ~0
execute if entity @s[tag=aj.messemers_assault.locator_origin.spear_body16] at @s on origin run tp @s ^0.86921 ^0.06672 ^11.03185 ~22.5 ~0
execute if entity @s[tag=aj.messemers_assault.locator_origin.spear_body17] at @s on origin run tp @s ^0.86921 ^0.06671 ^11.03185 ~22.5 ~0
execute if entity @s[tag=aj.messemers_assault.locator_origin.spear_head10] at @s on origin run tp @s ^0.86918 ^0.06673 ^11.03184 ~22.5 ~0
execute if entity @s[tag=aj.messemers_assault.locator_origin.spear_body18] at @s on origin run tp @s ^0.86918 ^0.06672 ^11.03184 ~22.5 ~0
execute if entity @s[tag=aj.messemers_assault.locator_origin.spear_body19] at @s on origin run tp @s ^0.86918 ^0.06671 ^11.03184 ~22.5 ~0
execute if entity @s[tag=aj.messemers_assault.locator_origin.spear_head11] at @s on origin run tp @s ^0.86918 ^0.06673 ^11.03185 ~-45 ~0
execute if entity @s[tag=aj.messemers_assault.locator_origin.spear_body20] at @s on origin run tp @s ^0.86918 ^0.06672 ^11.03185 ~-45 ~0
execute if entity @s[tag=aj.messemers_assault.locator_origin.spear_body21] at @s on origin run tp @s ^0.86918 ^0.06671 ^11.03185 ~-45 ~0
execute if entity @s[tag=aj.messemers_assault.locator_origin.spear_head12] at @s on origin run tp @s ^0.8692 ^0.06673 ^11.03185 ~22.5 ~0
execute if entity @s[tag=aj.messemers_assault.locator_origin.spear_body22] at @s on origin run tp @s ^0.8692 ^0.06672 ^11.03185 ~22.5 ~0
execute if entity @s[tag=aj.messemers_assault.locator_origin.spear_body23] at @s on origin run tp @s ^0.8692 ^0.06671 ^11.03185 ~22.5 ~0
execute if entity @s[tag=aj.messemers_assault.locator_origin.spear_head13] at @s on origin run tp @s ^0.86921 ^0.06673 ^11.03184 ~-45 ~0
execute if entity @s[tag=aj.messemers_assault.locator_origin.spear_body24] at @s on origin run tp @s ^0.86921 ^0.06672 ^11.03184 ~-45 ~0
execute if entity @s[tag=aj.messemers_assault.locator_origin.spear_body25] at @s on origin run tp @s ^0.86921 ^0.06671 ^11.03184 ~-45 ~0