execute if entity @s[tag=aj.messemers_assault.bone.right_arm2] run data modify entity @s {} merge value {transformation:[0.6081172579860517f,-0.5855643663999107f,-0.536010982482819f,-0.4165994761029608f,0.5917951091371695f,0.7844409791761515f,-0.18555564930900484f,1.688218650100857f,0.5291237561675447f,-0.20436908521552777f,0.8235662254289672f,-0.10179784703821226f,0f,0f,0f,1f],start_interpolation:0}
execute if entity @s[tag=aj.messemers_assault.bone.right_arm] run data modify entity @s {} merge value {transformation:[0.5197238298934481f,-0.6652663882225595f,-0.536010982482819f,-0.5829160731586006f,0.6962321844850414f,0.6934189543823422f,-0.18555564930900484f,1.8615733886964425f,0.49512411164078163f,-0.27675040452474464f,0.8235662254289672f,-0.17098544816939842f,0f,0f,0f,1f],start_interpolation:0}
execute if entity @s[tag=aj.messemers_assault.bone.flame_slash2] run data modify entity @s {} merge value {transformation:[0.08402735742498409f,0.1625151272580227f,-1.3298711929293299f,-1.0699734562344092f,-1.1139747170742742f,-0.19752198730980908f,-0.19422053373052667f,1.5478911229017736f,-0.37084350679845557f,0.6301585772175183f,0.28208988464740525f,0.49887725873186317f,0f,0f,0f,1f],start_interpolation:0}
execute if entity @s[tag=aj.messemers_assault.bone.flame_slash] run data modify entity @s {} merge value {transformation:[0.08402735742498409f,0.1625151272580227f,-1.3298711929293299f,-1.0699734562344092f,-1.1139747170742742f,-0.19752198730980908f,-0.19422053373052667f,1.5478911229017736f,-0.37084350679845557f,0.6301585772175183f,0.28208988464740525f,0.49887725873186317f,0f,0f,0f,1f],start_interpolation:0}
execute if entity @s[tag=aj.messemers_assault.bone.impaling_thrust] run data modify entity @s {} merge value {transformation:[-0.000006255999732027697f,-3.374465410617723e-7f,-0.000014992130411895936f,-1.0767307757572053f,-0.000007334188422711534f,-0.000014100190734984041f,0.0000033778215642236764f,1.7231494643277716f,-0.000013080042990584308f,0.000008067597422497961f,0.000005276525778907056f,-0.1851109412796258f,0f,0f,0f,1f],start_interpolation:0}
execute if entity @s[tag=aj.messemers_assault.locator_origin.spear_head] at @s on origin run tp @s ^-0.99687 ^1.38894 ^1.02069 ~-101.97597 ~-8.1306
execute if entity @s[tag=aj.messemers_assault.locator_origin.spear_body] at @s on origin run tp @s ^-1.23583 ^1.67937 ^0.09412 ~-101.97597 ~-8.1306
execute if entity @s[tag=aj.messemers_assault.locator_origin.spear_body1] at @s on origin run tp @s ^-1.45985 ^1.95165 ^-0.77455 ~-101.97597 ~-8.1306
execute if entity @s[tag=aj.messemers_assault.bone.spear_of_the_impaler] run data modify entity @s {} merge value {transformation:[0.1546698260566079f,0.517747308078656f,-2.0982038543309773f,-1.203569519104108f,-2.05050213408362f,-0.6292735878896568f,-0.306431385708846f,1.6771576582042573f,-0.6826145965847678f,2.0075848477726237f,0.4450672263463484f,0.08965506213635344f,0f,0f,0f,1f],start_interpolation:0}
execute if entity @s[tag=aj.messemers_assault.bone.left_arm2] run data modify entity @s {} merge value {transformation:[0.07138607356458826f,0.8651427670644554f,0.49641919896100833f,-1.2112732529928854f,-0.9463856003462862f,0.2159467277368739f,-0.2402525884084002f,1.9520411788293808f,-0.3150528907314313f,-0.45265329268193116f,0.8341742459857981f,-0.5210106408811768f,0f,0f,0f,1f],start_interpolation:0}
execute if entity @s[tag=aj.messemers_assault.bone.left_arm] run data modify entity @s {} merge value {transformation:[0.07138607356458826f,0.9031191924145671f,0.4234143984248667f,-0.9765701956936701f,-0.9463856003462862f,0.1954073259901544f,-0.2572358303319684f,1.8825948102836336f,-0.3150528907314313f,-0.3823502337410529f,0.8686483608457056f,-0.6559798106578689f,0f,0f,0f,1f],start_interpolation:0}
execute if entity @s[tag=aj.messemers_assault.bone.head] run data modify entity @s {} merge value {transformation:[0.9393273844281727f,-0.12958254112872505f,-0.3176042032120323f,-0.8005714833173969f,0.013143118942951684f,0.9388168111412014f,-0.34416602613145425f,2.0124469292229885f,0.34277007350085137f,0.31911026331549996f,0.8835594584174473f,-0.39049310110567026f,0f,0f,0f,1f],start_interpolation:0}
execute if entity @s[tag=aj.messemers_assault.bone.body_top] run data modify entity @s {} merge value {transformation:[0.6298465960561112f,-0.14489286185225458f,-0.763085397593738f,-0.7435199189630717f,-0.033634274539505835f,0.9764370764031333f,-0.21316512707641133f,1.6279748303892547f,0.7759909799815528f,0.15992715344670183f,0.6101322025411411f,-0.4534644177753091f,0f,0f,0f,1f],start_interpolation:0}
execute if entity @s[tag=aj.messemers_assault.bone.body] run data modify entity @s {} merge value {transformation:[0.7075111530477568f,-0.05329538905797549f,-0.7046896975394151f,-0.7202031862502074f,-0.010829229241422843f,0.9962176017362852f,-0.08621611093549149f,1.19212962962963f,0.7066192016263568f,0.06863010633798616f,0.7042579161052905f,-0.48349008929817805f,0f,0f,0f,1f],start_interpolation:0}
execute if entity @s[tag=aj.messemers_assault.locator_origin.player_camera] at @s on origin run tp @s ^-1.1022 ^0.69213 ^0.01119 ~-142.32407 ~0
execute if entity @s[tag=aj.messemers_assault.bone.right_leg2] run data modify entity @s {} merge value {transformation:[0.7384807886217648f,-0.48819756121617675f,-0.4650905998395941f,-0.6352179270604538f,0.2090646557093408f,0.8215548337211558f,-0.530414578346541f,0.9638516680320025f,0.6410445339987784f,0.2944669699847189f,0.7087673165562218f,-0.27529899701513416f,0f,0f,0f,1f],start_interpolation:0}
execute if entity @s[tag=aj.messemers_assault.bone.right_leg] run data modify entity @s {} merge value {transformation:[0.7384807886217648f,-0.026141060889440876f,-0.6737675932932294f,-0.6446123708175966f,0.2090646557093408f,0.9588797385518522f,0.19194170137796115f,1.3084490740740744f,0.6410445339987784f,-0.2826062489229602f,0.7135794374139313f,-0.376860617721823f,0f,0f,0f,1f],start_interpolation:0}
execute if entity @s[tag=aj.messemers_assault.bone.left_leg2] run data modify entity @s {} merge value {transformation:[0.7753676213350409f,-0.45410112556405435f,-0.438858997340489f,-0.757303837858588f,-0.054443347764811294f,0.6442817454262185f,-0.7628479235042231f,0.9197957287661089f,0.6291589414999998f,0.6153805328997694f,0.4748324189212393f,-0.6681730078513713f,0f,0f,0f,1f],start_interpolation:0}
execute if entity @s[tag=aj.messemers_assault.bone.left_leg] run data modify entity @s {} merge value {transformation:[0.7753676213350409f,-0.09411148986860118f,-0.6244582285949578f,-0.7911251545301166f,-0.054443347764811294f,0.9751899850115366f,-0.2145703032047044f,1.27025462962963f,0.6291589414999998f,0.20036846210896345f,0.7510069944565685f,-0.5961655917809626f,0f,0f,0f,1f],start_interpolation:0}
execute if entity @s[tag=aj.messemers_assault.locator_origin.flame1] at @s on origin run tp @s ^0.18751 ^0.06249 ^9.68751 ~0 ~0
execute if entity @s[tag=aj.messemers_assault.locator_origin.flame2] at @s on origin run tp @s ^0.18749 ^0.06249 ^9.68751 ~0 ~0
execute if entity @s[tag=aj.messemers_assault.locator_origin.flame3] at @s on origin run tp @s ^0.18751 ^0.06249 ^9.68749 ~0 ~0
execute if entity @s[tag=aj.messemers_assault.locator_origin.flame4] at @s on origin run tp @s ^0.18749 ^0.06249 ^9.68749 ~0 ~0
execute if entity @s[tag=aj.messemers_assault.locator_origin.spear_head2] at @s on origin run tp @s ^0.8692 ^0.06673 ^11.03184 ~45 ~0
execute if entity @s[tag=aj.messemers_assault.locator_origin.spear_body2] at @s on origin run tp @s ^0.8692 ^0.06672 ^11.03184 ~45 ~0
execute if entity @s[tag=aj.messemers_assault.locator_origin.spear_body3] at @s on origin run tp @s ^0.8692 ^0.06671 ^11.03184 ~45 ~0
execute if entity @s[tag=aj.messemers_assault.locator_origin.spear_head3] at @s on origin run tp @s ^0.86919 ^0.06673 ^11.03183 ~45 ~0
execute if entity @s[tag=aj.messemers_assault.locator_origin.spear_body4] at @s on origin run tp @s ^0.86919 ^0.06672 ^11.03183 ~45 ~0
execute if entity @s[tag=aj.messemers_assault.locator_origin.spear_body5] at @s on origin run tp @s ^0.86919 ^0.06671 ^11.03183 ~45 ~0
execute if entity @s[tag=aj.messemers_assault.locator_origin.spear_head4] at @s on origin run tp @s ^0.8692 ^0.06673 ^11.03183 ~-45 ~0
execute if entity @s[tag=aj.messemers_assault.locator_origin.spear_body6] at @s on origin run tp @s ^0.8692 ^0.06672 ^11.03183 ~-45 ~0
execute if entity @s[tag=aj.messemers_assault.locator_origin.spear_body7] at @s on origin run tp @s ^0.8692 ^0.06671 ^11.03183 ~-45 ~0
execute if entity @s[tag=aj.messemers_assault.locator_origin.spear_head5] at @s on origin run tp @s ^0.86919 ^0.06673 ^11.03184 ~-45 ~0
execute if entity @s[tag=aj.messemers_assault.locator_origin.spear_body8] at @s on origin run tp @s ^0.86919 ^0.06672 ^11.03184 ~-45 ~0
execute if entity @s[tag=aj.messemers_assault.locator_origin.spear_body9] at @s on origin run tp @s ^0.86919 ^0.06671 ^11.03184 ~-45 ~0
execute if entity @s[tag=aj.messemers_assault.locator_origin.spear_head6] at @s on origin run tp @s ^0.8692 ^0.06673 ^11.03182 ~-22.5 ~0
execute if entity @s[tag=aj.messemers_assault.locator_origin.spear_body10] at @s on origin run tp @s ^0.8692 ^0.06672 ^11.03182 ~-22.5 ~0
execute if entity @s[tag=aj.messemers_assault.locator_origin.spear_body11] at @s on origin run tp @s ^0.8692 ^0.06671 ^11.03182 ~-22.5 ~0
execute if entity @s[tag=aj.messemers_assault.locator_origin.spear_head7] at @s on origin run tp @s ^0.86921 ^0.06673 ^11.03182 ~-22.5 ~0
execute if entity @s[tag=aj.messemers_assault.locator_origin.spear_body12] at @s on origin run tp @s ^0.86921 ^0.06672 ^11.03182 ~-22.5 ~0
execute if entity @s[tag=aj.messemers_assault.locator_origin.spear_body13] at @s on origin run tp @s ^0.86921 ^0.06671 ^11.03182 ~-22.5 ~0
execute if entity @s[tag=aj.messemers_assault.locator_origin.spear_head8] at @s on origin run tp @s ^0.86918 ^0.06673 ^11.03182 ~22.5 ~0
execute if entity @s[tag=aj.messemers_assault.locator_origin.spear_body14] at @s on origin run tp @s ^0.86918 ^0.06672 ^11.03182 ~22.5 ~0
execute if entity @s[tag=aj.messemers_assault.locator_origin.spear_body15] at @s on origin run tp @s ^0.86918 ^0.06671 ^11.03182 ~22.5 ~0
execute if entity @s[tag=aj.messemers_assault.locator_origin.spear_head9] at @s on origin run tp @s ^0.86921 ^0.06673 ^11.03185 ~22.5 ~0
execute if entity @s[tag=aj.messemers_assault.locator_origin.spear_body16] at @s on origin run tp @s ^0.86921 ^0.06672 ^11.03185 ~22.5 ~0
execute if entity @s[tag=aj.messemers_assault.locator_origin.spear_body17] at @s on origin run tp @s ^0.86921 ^0.06671 ^11.03185 ~22.5 ~0
execute if entity @s[tag=aj.messemers_assault.locator_origin.spear_head10] at @s on origin run tp @s ^0.86918 ^0.06673 ^11.03184 ~22.5 ~0
execute if entity @s[tag=aj.messemers_assault.locator_origin.spear_body18] at @s on origin run tp @s ^0.86918 ^0.06672 ^11.03184 ~22.5 ~0
execute if entity @s[tag=aj.messemers_assault.locator_origin.spear_body19] at @s on origin run tp @s ^0.86918 ^0.06671 ^11.03184 ~22.5 ~0
execute if entity @s[tag=aj.messemers_assault.locator_origin.spear_head11] at @s on origin run tp @s ^0.86918 ^0.06673 ^11.03185 ~-45 ~0
execute if entity @s[tag=aj.messemers_assault.locator_origin.spear_body20] at @s on origin run tp @s ^0.86918 ^0.06672 ^11.03185 ~-45 ~0
execute if entity @s[tag=aj.messemers_assault.locator_origin.spear_body21] at @s on origin run tp @s ^0.86918 ^0.06671 ^11.03185 ~-45 ~0
execute if entity @s[tag=aj.messemers_assault.locator_origin.spear_head12] at @s on origin run tp @s ^0.8692 ^0.06673 ^11.03185 ~22.5 ~0
execute if entity @s[tag=aj.messemers_assault.locator_origin.spear_body22] at @s on origin run tp @s ^0.8692 ^0.06672 ^11.03185 ~22.5 ~0
execute if entity @s[tag=aj.messemers_assault.locator_origin.spear_body23] at @s on origin run tp @s ^0.8692 ^0.06671 ^11.03185 ~22.5 ~0
execute if entity @s[tag=aj.messemers_assault.locator_origin.spear_head13] at @s on origin run tp @s ^0.86921 ^0.06673 ^11.03184 ~-45 ~0
execute if entity @s[tag=aj.messemers_assault.locator_origin.spear_body24] at @s on origin run tp @s ^0.86921 ^0.06672 ^11.03184 ~-45 ~0
execute if entity @s[tag=aj.messemers_assault.locator_origin.spear_body25] at @s on origin run tp @s ^0.86921 ^0.06671 ^11.03184 ~-45 ~0