execute if entity @s[tag=aj.messemers_assault.bone.right_arm2] run data modify entity @s {} merge value {transformation:[0.586029500638446f,-0.7968399874666044f,-0.1470219669154068f,0.6446863547219599f,0.6546946033484218f,0.5725477473928581f,-0.4935220899836364f,1.987526463010075f,0.47743523197173676f,0.19296401563396565f,0.8572167100229138f,1.7127639685533067f,0f,0f,0f,1f],start_interpolation:0}
execute if entity @s[tag=aj.messemers_assault.bone.right_arm] run data modify entity @s {} merge value {transformation:[0.39492758708525094f,-0.9068719546900468f,-0.1470219669154068f,0.41796836604944815f,0.7652721129728483f,0.4132729604078344f,-0.4935220899836364f,2.0908447031120336f,0.5083215459382904f,0.08239367689573004f,0.8572167100229138f,1.7333623877772393f,0f,0f,0f,1f],start_interpolation:0}
execute if entity @s[tag=aj.messemers_assault.bone.flame_slash2] run data modify entity @s {} merge value {transformation:[0.000002622468888652549f,-0.000011385509790719149f,0.0000014301542205646915f,-2.157188419808123f,-0.000011461490957910615f,-0.0000026700751451213358f,-2.396687344015087e-7f,1.7977643517779014f,5.562367399712089e-7f,-0.0000013391724631110134f,-0.000011681170111091719f,1.28481893151489f,0f,0f,0f,1f],start_interpolation:0}
execute if entity @s[tag=aj.messemers_assault.bone.flame_slash] run data modify entity @s {} merge value {transformation:[0.000002622468888652549f,-0.000011385509790719149f,0.0000014301542205646915f,-2.157188419808123f,-0.000011461490957910615f,-0.0000026700751451213358f,-2.396687344015087e-7f,1.7977643517779014f,5.562367399712089e-7f,-0.0000013391724631110134f,-0.000011681170111091719f,1.28481893151489f,0f,0f,0f,1f],start_interpolation:0}
execute if entity @s[tag=aj.messemers_assault.bone.impaling_thrust] run data modify entity @s {} merge value {transformation:[-0.019963990670622468f,0.42211614891913163f,-0.33877693974200923f,0.20426996718896362f,0.2359422538831123f,-0.29831433677947383f,-0.38560371926001413f,2.0975638520356945f,-0.4871171429049037f,-0.1617928684963597f,-0.17288833330985467f,2.2901740027757302f,0f,0f,0f,1f],start_interpolation:0}
execute if entity @s[tag=aj.messemers_assault.locator_origin.spear_head] at @s on origin run tp @s ^-1.904 ^1.86324 ^1.25515 ~6.98012 ~-1.16669
execute if entity @s[tag=aj.messemers_assault.locator_origin.spear_body] at @s on origin run tp @s ^-0.93674 ^2.09008 ^1.36892 ~6.98012 ~-1.16669
execute if entity @s[tag=aj.messemers_assault.locator_origin.spear_body1] at @s on origin run tp @s ^-0.02993 ^2.30274 ^1.47558 ~6.98012 ~-1.16669
execute if entity @s[tag=aj.messemers_assault.bone.spear_of_the_impaler] run data modify entity @s {} merge value {transformation:[0.48271993702630994f,-2.0957398552828166f,0.26324962644022637f,-0.9433941080168586f,-2.1097257692437235f,-0.4914828585710069f,-0.04411601482788832f,2.0841196936595296f,0.10238693974691278f,-0.24650254188238122f,-2.1501622859354668f,1.4003120651123788f,0f,0f,0f,1f],start_interpolation:0}
execute if entity @s[tag=aj.messemers_assault.bone.left_arm2] run data modify entity @s {} merge value {transformation:[0.22279381708906615f,0.9741732226766516f,-0.03673482389600448f,-0.20101334268111568f,-0.9737195858047956f,0.22420045563324043f,0.04005401245798956f,2.3196805144826596f,0.047255510652421284f,0.02684563118338106f,0.9985220221904695f,1.3086527115445916f,0f,0f,0f,1f],start_interpolation:0}
execute if entity @s[tag=aj.messemers_assault.bone.left_arm] run data modify entity @s {} merge value {transformation:[0.22279381708906615f,0.005792978677444466f,-0.9748483761410931f,-0.1717158708756213f,-0.9737195858047956f,0.04979537643512316f,-0.22223993499329f,2.210414410365841f,0.047255510652421284f,0.9987426404653637f,0.016734838787745288f,1.5642453104924852f,0f,0f,0f,1f],start_interpolation:0}
execute if entity @s[tag=aj.messemers_assault.bone.head] run data modify entity @s {} merge value {transformation:[0.9884840640233974f,0.019232861242925545f,-0.15009780884542692f,0.12181167499744082f,-0.06314912787600478f,0.9538229309025936f,-0.29365626867629807f,2.2658001668198224f,0.1375188816864358f,0.2997530876117818f,0.9440533055113547f,1.7348158539510719f,0f,0f,0f,1f],start_interpolation:0}
execute if entity @s[tag=aj.messemers_assault.bone.body_top] run data modify entity @s {} merge value {transformation:[0.943494779080111f,-0.00914485279633101f,-0.33126118625022455f,0.12541246078599616f,-0.1913115316060915f,0.8011868527365934f,-0.5670092811203038f,1.9503328435547889f,0.2705873236556065f,0.5983443813301548f,0.7541660968298232f,1.4992177538023235f,0f,0f,0f,1f],start_interpolation:0}
execute if entity @s[tag=aj.messemers_assault.bone.body] run data modify entity @s {} merge value {transformation:[0.943494779080111f,-0.00914485279633101f,-0.33126118625022455f,0.12941333388439097f,-0.1913115316060915f,0.8011868527365934f,-0.5670092811203038f,1.5998135954825292f,0.2705873236556065f,0.5983443813301548f,0.7541660968298232f,1.2374420869703808f,0f,0f,0f,1f],start_interpolation:0}
execute if entity @s[tag=aj.messemers_assault.locator_origin.player_camera] at @s on origin run tp @s ^-0.16737 ^0.88651 ^1.4466 ~-149.3939 ~-27.73062
execute if entity @s[tag=aj.messemers_assault.bone.right_leg2] run data modify entity @s {} merge value {transformation:[0.8521148780776029f,-0.5229882773972597f,0.019583060635122246f,0.36950191477373784f,-0.10684980358761423f,-0.21047887125048115f,-0.9717416139233779f,1.4139685370035833f,0.5123312932391308f,0.8259430406887449f,-0.23523337243203718f,1.0694445714662568f,0f,0f,0f,1f],start_interpolation:0}
execute if entity @s[tag=aj.messemers_assault.bone.right_leg] run data modify entity @s {} merge value {transformation:[0.8521148780776029f,-0.35117187950106277f,-0.38804451498054066f,0.24329952057804344f,-0.10684980358761423f,0.6091040529528534f,-0.785859638962134f,1.632865306033515f,0.5123312932391308f,0.7111051706492496f,0.48150397946831247f,1.3249979921683308f,0f,0f,0f,1f],start_interpolation:0}
execute if entity @s[tag=aj.messemers_assault.bone.left_leg2] run data modify entity @s {} merge value {transformation:[0.805289610042786f,0.12968446715501353f,-0.5785244877581743f,-0.11699762998796066f,-0.5016459344842951f,0.6691330975966832f,-0.5482811816176498f,1.4515579793940678f,0.3160063296399554f,0.7317395962221726f,0.6039016169444287f,1.1410827067732785f,0f,0f,0f,1f],start_interpolation:0}
execute if entity @s[tag=aj.messemers_assault.bone.left_leg] run data modify entity @s {} merge value {transformation:[0.805289610042786f,0.38216440720628764f,-0.4532758650334303f,0.02034270385179897f,-0.5016459344842951f,0.8466963816811738f,-0.17736006783768038f,1.7558394915607396f,0.3160063296399554f,0.3702102147600402f,0.8735470202083049f,1.2741270027026679f,0f,0f,0f,1f],start_interpolation:0}
execute if entity @s[tag=aj.messemers_assault.locator_origin.flame1] at @s on origin run tp @s ^0.18751 ^0.06249 ^9.68751 ~0 ~0
execute if entity @s[tag=aj.messemers_assault.locator_origin.flame2] at @s on origin run tp @s ^0.18749 ^0.06249 ^9.68751 ~0 ~0
execute if entity @s[tag=aj.messemers_assault.locator_origin.flame3] at @s on origin run tp @s ^0.18751 ^0.06249 ^9.68749 ~0 ~0
execute if entity @s[tag=aj.messemers_assault.locator_origin.flame4] at @s on origin run tp @s ^0.18749 ^0.06249 ^9.68749 ~0 ~0
execute if entity @s[tag=aj.messemers_assault.locator_origin.spear_head2] at @s on origin run tp @s ^0.8692 ^0.06673 ^11.03184 ~45 ~0
execute if entity @s[tag=aj.messemers_assault.locator_origin.spear_body2] at @s on origin run tp @s ^0.8692 ^0.06672 ^11.03184 ~45 ~0
execute if entity @s[tag=aj.messemers_assault.locator_origin.spear_body3] at @s on origin run tp @s ^0.8692 ^0.06671 ^11.03184 ~45 ~0
execute if entity @s[tag=aj.messemers_assault.locator_origin.spear_head3] at @s on origin run tp @s ^0.86919 ^0.06673 ^11.03183 ~45 ~0
execute if entity @s[tag=aj.messemers_assault.locator_origin.spear_body4] at @s on origin run tp @s ^0.86919 ^0.06672 ^11.03183 ~45 ~0
execute if entity @s[tag=aj.messemers_assault.locator_origin.spear_body5] at @s on origin run tp @s ^0.86919 ^0.06671 ^11.03183 ~45 ~0
execute if entity @s[tag=aj.messemers_assault.locator_origin.spear_head4] at @s on origin run tp @s ^0.8692 ^0.06673 ^11.03183 ~-45 ~0
execute if entity @s[tag=aj.messemers_assault.locator_origin.spear_body6] at @s on origin run tp @s ^0.8692 ^0.06672 ^11.03183 ~-45 ~0
execute if entity @s[tag=aj.messemers_assault.locator_origin.spear_body7] at @s on origin run tp @s ^0.8692 ^0.06671 ^11.03183 ~-45 ~0
execute if entity @s[tag=aj.messemers_assault.locator_origin.spear_head5] at @s on origin run tp @s ^0.86919 ^0.06673 ^11.03184 ~-45 ~0
execute if entity @s[tag=aj.messemers_assault.locator_origin.spear_body8] at @s on origin run tp @s ^0.86919 ^0.06672 ^11.03184 ~-45 ~0
execute if entity @s[tag=aj.messemers_assault.locator_origin.spear_body9] at @s on origin run tp @s ^0.86919 ^0.06671 ^11.03184 ~-45 ~0
execute if entity @s[tag=aj.messemers_assault.locator_origin.spear_head6] at @s on origin run tp @s ^0.8692 ^0.06673 ^11.03182 ~-22.5 ~0
execute if entity @s[tag=aj.messemers_assault.locator_origin.spear_body10] at @s on origin run tp @s ^0.8692 ^0.06672 ^11.03182 ~-22.5 ~0
execute if entity @s[tag=aj.messemers_assault.locator_origin.spear_body11] at @s on origin run tp @s ^0.8692 ^0.06671 ^11.03182 ~-22.5 ~0
execute if entity @s[tag=aj.messemers_assault.locator_origin.spear_head7] at @s on origin run tp @s ^0.86921 ^0.06673 ^11.03182 ~-22.5 ~0
execute if entity @s[tag=aj.messemers_assault.locator_origin.spear_body12] at @s on origin run tp @s ^0.86921 ^0.06672 ^11.03182 ~-22.5 ~0
execute if entity @s[tag=aj.messemers_assault.locator_origin.spear_body13] at @s on origin run tp @s ^0.86921 ^0.06671 ^11.03182 ~-22.5 ~0
execute if entity @s[tag=aj.messemers_assault.locator_origin.spear_head8] at @s on origin run tp @s ^0.86918 ^0.06673 ^11.03182 ~22.5 ~0
execute if entity @s[tag=aj.messemers_assault.locator_origin.spear_body14] at @s on origin run tp @s ^0.86918 ^0.06672 ^11.03182 ~22.5 ~0
execute if entity @s[tag=aj.messemers_assault.locator_origin.spear_body15] at @s on origin run tp @s ^0.86918 ^0.06671 ^11.03182 ~22.5 ~0
execute if entity @s[tag=aj.messemers_assault.locator_origin.spear_head9] at @s on origin run tp @s ^0.86921 ^0.06673 ^11.03185 ~22.5 ~0
execute if entity @s[tag=aj.messemers_assault.locator_origin.spear_body16] at @s on origin run tp @s ^0.86921 ^0.06672 ^11.03185 ~22.5 ~0
execute if entity @s[tag=aj.messemers_assault.locator_origin.spear_body17] at @s on origin run tp @s ^0.86921 ^0.06671 ^11.03185 ~22.5 ~0
execute if entity @s[tag=aj.messemers_assault.locator_origin.spear_head10] at @s on origin run tp @s ^0.86918 ^0.06673 ^11.03184 ~22.5 ~0
execute if entity @s[tag=aj.messemers_assault.locator_origin.spear_body18] at @s on origin run tp @s ^0.86918 ^0.06672 ^11.03184 ~22.5 ~0
execute if entity @s[tag=aj.messemers_assault.locator_origin.spear_body19] at @s on origin run tp @s ^0.86918 ^0.06671 ^11.03184 ~22.5 ~0
execute if entity @s[tag=aj.messemers_assault.locator_origin.spear_head11] at @s on origin run tp @s ^0.86918 ^0.06673 ^11.03185 ~-45 ~0
execute if entity @s[tag=aj.messemers_assault.locator_origin.spear_body20] at @s on origin run tp @s ^0.86918 ^0.06672 ^11.03185 ~-45 ~0
execute if entity @s[tag=aj.messemers_assault.locator_origin.spear_body21] at @s on origin run tp @s ^0.86918 ^0.06671 ^11.03185 ~-45 ~0
execute if entity @s[tag=aj.messemers_assault.locator_origin.spear_head12] at @s on origin run tp @s ^0.8692 ^0.06673 ^11.03185 ~22.5 ~0
execute if entity @s[tag=aj.messemers_assault.locator_origin.spear_body22] at @s on origin run tp @s ^0.8692 ^0.06672 ^11.03185 ~22.5 ~0
execute if entity @s[tag=aj.messemers_assault.locator_origin.spear_body23] at @s on origin run tp @s ^0.8692 ^0.06671 ^11.03185 ~22.5 ~0
execute if entity @s[tag=aj.messemers_assault.locator_origin.spear_head13] at @s on origin run tp @s ^0.86921 ^0.06673 ^11.03184 ~-45 ~0
execute if entity @s[tag=aj.messemers_assault.locator_origin.spear_body24] at @s on origin run tp @s ^0.86921 ^0.06672 ^11.03184 ~-45 ~0
execute if entity @s[tag=aj.messemers_assault.locator_origin.spear_body25] at @s on origin run tp @s ^0.86921 ^0.06671 ^11.03184 ~-45 ~0