execute if entity @s[tag=aj.messemers_assault.bone.right_arm2] run data modify entity @s {} merge value {transformation:[-0.2585907314346554f,-0.7720896250385146f,0.5805242841810978f,2.5885535157300192f,0.24428820585051647f,0.5291620451602391f,0.8125951036304421f,3.5432482396206697f,-0.9345876663526143f,0.35194479804327133f,0.05177598895101233f,-1.436546081564593f,0f,0f,0f,1f],start_interpolation:0}
execute if entity @s[tag=aj.messemers_assault.bone.right_arm] run data modify entity @s {} merge value {transformation:[-0.4787941918617742f,-0.6585952302556213f,0.5805242841810978f,2.423904708166114f,0.3921038986447357f,0.43121193191217483f,0.8125951036304421f,3.6510512225987135f,-0.7855002574837447f,0.616691651038925f,0.05177598895101233f,-1.2823731688048616f,0f,0f,0f,1f],start_interpolation:0}
execute if entity @s[tag=aj.messemers_assault.bone.flame_slash2] run data modify entity @s {} merge value {transformation:[-0.6279454069626057f,-0.24046558615796412f,-1.612531813415711f,1.7067571251829357f,-0.9902618107257415f,0.04189065064966661f,1.0647643230791999f,3.8758404195796f,-0.10291397234513097f,1.06415626858103f,-0.4062956642356995f,1.7523014176775873f,0f,0f,0f,1f],start_interpolation:0}
execute if entity @s[tag=aj.messemers_assault.bone.flame_slash] run data modify entity @s {} merge value {transformation:[-0.6279454069626057f,-0.24046558615796412f,-1.612531813415711f,1.7067571251829357f,-0.9902618107257415f,0.04189065064966661f,1.0647643230791999f,3.8758404195796f,-0.10291397234513097f,1.06415626858103f,-0.4062956642356995f,1.7523014176775873f,0f,0f,0f,1f],start_interpolation:0}
execute if entity @s[tag=aj.messemers_assault.bone.impaling_thrust] run data modify entity @s {} merge value {transformation:[-0.000003520887873684104f,-0.000013900594739200053f,-0.00000764147836350847f,2.243780677745521f,0.00000389182037149129f,-0.000008345208887632047f,0.00001338755391848461f,3.5362238568981263f,-0.00001537766106660859f,0.0000010706687726887875f,0.000005137760757586855f,0.3500872551768975f,0f,0f,0f,1f],start_interpolation:0}
execute if entity @s[tag=aj.messemers_assault.locator_origin.spear_head2] at @s on origin run tp @s ^1.90745 ^3.86516 ^2.16037 ~103.34752 ~12.12956
execute if entity @s[tag=aj.messemers_assault.locator_origin.spear_body2] at @s on origin run tp @s ^1.90745 ^3.86515 ^2.16038 ~103.34752 ~12.12956
execute if entity @s[tag=aj.messemers_assault.locator_origin.spear_body3] at @s on origin run tp @s ^1.90745 ^3.86515 ^2.16039 ~103.34752 ~12.12956
execute if entity @s[tag=aj.messemers_assault.bone.spear_effects0] run data modify entity @s {} merge value {transformation:[0.000005045875330897176f,0.000004379528413400761f,0.000020610757323924395f,1.907447023675049f,-0.000021000972858372693f,0.0000027707057475869267f,0.000004552666592956989f,3.865154190181503f,-0.0000017154374344117425f,-0.000021037760455451246f,0.0000048902304518411645f,2.160379448729569f,0f,0f,0f,1f],start_interpolation:0}
execute if entity @s[tag=aj.messemers_assault.locator_origin.spear_head3] at @s on origin run tp @s ^1.90746 ^3.86514 ^2.16037 ~103.34752 ~12.12956
execute if entity @s[tag=aj.messemers_assault.locator_origin.spear_body4] at @s on origin run tp @s ^1.90746 ^3.86514 ^2.16038 ~103.34752 ~12.12956
execute if entity @s[tag=aj.messemers_assault.locator_origin.spear_body5] at @s on origin run tp @s ^1.90745 ^3.86514 ^2.16039 ~103.34752 ~12.12956
execute if entity @s[tag=aj.messemers_assault.bone.spear_effects1] run data modify entity @s {} merge value {transformation:[0.000005045875330897176f,0.000004379528413400761f,0.000020610757323924395f,1.9074549329177002f,-0.000021000972858372693f,0.0000027707057475869267f,0.000004552666592956989f,3.8651396977215806f,-0.0000017154374344117425f,-0.000021037760455451246f,0.0000048902304518411645f,2.160379186553892f,0f,0f,0f,1f],start_interpolation:0}
execute if entity @s[tag=aj.messemers_assault.locator_origin.spear_head4] at @s on origin run tp @s ^1.90746 ^3.86515 ^2.16037 ~71.2236 ~-75.76042
execute if entity @s[tag=aj.messemers_assault.locator_origin.spear_body6] at @s on origin run tp @s ^1.90746 ^3.86515 ^2.16038 ~71.2236 ~-75.76042
execute if entity @s[tag=aj.messemers_assault.locator_origin.spear_body7] at @s on origin run tp @s ^1.90746 ^3.86515 ^2.16039 ~71.2236 ~-75.76042
execute if entity @s[tag=aj.messemers_assault.bone.spear_effects2] run data modify entity @s {} merge value {transformation:[-0.000020610757323924398f,0.000004379528413400761f,0.000005045875330897171f,1.9074596183661119f,-0.000004552666592956986f,0.0000027707057475869267f,-0.000021000972858372693f,3.865153363414884f,-0.0000048902304518411645f,-0.000021037760455451246f,-0.000001715437434411744f,2.16038196173852f,0f,0f,0f,1f],start_interpolation:0}
execute if entity @s[tag=aj.messemers_assault.locator_origin.spear_head5] at @s on origin run tp @s ^1.90744 ^3.86515 ^2.16037 ~71.2236 ~-75.76042
execute if entity @s[tag=aj.messemers_assault.locator_origin.spear_body8] at @s on origin run tp @s ^1.90744 ^3.86514 ^2.16038 ~71.2236 ~-75.76042
execute if entity @s[tag=aj.messemers_assault.locator_origin.spear_body9] at @s on origin run tp @s ^1.90744 ^3.86514 ^2.16039 ~71.2236 ~-75.76042
execute if entity @s[tag=aj.messemers_assault.bone.spear_effects3] run data modify entity @s {} merge value {transformation:[-0.000020610757323924398f,0.000004379528413400761f,0.000005045875330897171f,1.907442673138123f,-0.000004552666592956986f,0.0000027707057475869267f,-0.000021000972858372693f,3.86514465834504f,-0.0000048902304518411645f,-0.000021037760455451246f,-0.000001715437434411744f,2.1603772877003924f,0f,0f,0f,1f],start_interpolation:0}
execute if entity @s[tag=aj.messemers_assault.locator_origin.spear_head6] at @s on origin run tp @s ^1.90747 ^3.86514 ^2.16037 ~91.30809 ~-54.5956
execute if entity @s[tag=aj.messemers_assault.locator_origin.spear_body10] at @s on origin run tp @s ^1.90747 ^3.86514 ^2.16038 ~91.30809 ~-54.5956
execute if entity @s[tag=aj.messemers_assault.locator_origin.spear_body11] at @s on origin run tp @s ^1.90747 ^3.86514 ^2.16039 ~91.30809 ~-54.5956
execute if entity @s[tag=aj.messemers_assault.bone.spear_effects4] run data modify entity @s {} merge value {transformation:[-0.000017110883950216782f,0.000004379528413400761f,0.000012549176298182814f,1.9074681625722403f,-0.00001224283986002901f,0.0000027707057475869267f,-0.000017660138908468926f,3.865139913406024f,-0.0000051744533091277225f,-0.000021037760455451246f,2.8655263941017854e-7f,2.160381969038568f,0f,0f,0f,1f],start_interpolation:0}
execute if entity @s[tag=aj.messemers_assault.locator_origin.spear_head7] at @s on origin run tp @s ^1.90748 ^3.86516 ^2.16038 ~91.30809 ~-54.5956
execute if entity @s[tag=aj.messemers_assault.locator_origin.spear_body12] at @s on origin run tp @s ^1.90747 ^3.86516 ^2.16039 ~91.30809 ~-54.5956
execute if entity @s[tag=aj.messemers_assault.locator_origin.spear_body13] at @s on origin run tp @s ^1.90747 ^3.86515 ^2.16039 ~91.30809 ~-54.5956
execute if entity @s[tag=aj.messemers_assault.bone.spear_effects5] run data modify entity @s {} merge value {transformation:[-0.000017110883950216782f,0.000004379528413400761f,0.000012549176298182814f,1.9074730712949757f,-0.00001224283986002901f,0.0000027707057475869267f,-0.000017660138908468926f,3.8651563350038876f,-0.0000051744533091277225f,-0.000021037760455451246f,2.8655263941017854e-7f,2.160385153660164f,0f,0f,0f,1f],start_interpolation:0}
execute if entity @s[tag=aj.messemers_assault.locator_origin.spear_head8] at @s on origin run tp @s ^1.90746 ^3.86513 ^2.16037 ~100.43245 ~-10.18327
execute if entity @s[tag=aj.messemers_assault.locator_origin.spear_body14] at @s on origin run tp @s ^1.90746 ^3.86513 ^2.16038 ~100.43245 ~-10.18327
execute if entity @s[tag=aj.messemers_assault.locator_origin.spear_body15] at @s on origin run tp @s ^1.90745 ^3.86513 ^2.16039 ~100.43245 ~-10.18327
execute if entity @s[tag=aj.messemers_assault.bone.spear_effects6] run data modify entity @s {} merge value {transformation:[-0.000003225614414543785f,0.000004379528413400761f,0.00002097282973204491f,1.9074563563999904f,-0.000021144599064882244f,0.0000027707057475869267f,-0.000003830608892867298f,3.8651300880030264f,-0.0000034562677093235428f,-0.000021037760455451246f,0.000003861514338311224f,2.160378217271951f,0f,0f,0f,1f],start_interpolation:0}
execute if entity @s[tag=aj.messemers_assault.locator_origin.spear_head9] at @s on origin run tp @s ^1.90745 ^3.86517 ^2.16037 ~100.43245 ~-10.18327
execute if entity @s[tag=aj.messemers_assault.locator_origin.spear_body16] at @s on origin run tp @s ^1.90745 ^3.86517 ^2.16038 ~100.43245 ~-10.18327
execute if entity @s[tag=aj.messemers_assault.locator_origin.spear_body17] at @s on origin run tp @s ^1.90745 ^3.86517 ^2.16039 ~100.43245 ~-10.18327
execute if entity @s[tag=aj.messemers_assault.bone.spear_effects7] run data modify entity @s {} merge value {transformation:[-0.000003225614414543785f,0.000004379528413400761f,0.00002097282973204491f,1.9074484575284065f,-0.000021144599064882244f,0.0000027707057475869267f,-0.000003830608892867298f,3.8651684909298356f,-0.0000034562677093235428f,-0.000021037760455451246f,0.000003861514338311224f,2.16038163065227f,0f,0f,0f,1f],start_interpolation:0}
execute if entity @s[tag=aj.messemers_assault.locator_origin.spear_head10] at @s on origin run tp @s ^1.90744 ^3.86514 ^2.16037 ~100.43245 ~-10.18327
execute if entity @s[tag=aj.messemers_assault.locator_origin.spear_body18] at @s on origin run tp @s ^1.90744 ^3.86514 ^2.16038 ~100.43245 ~-10.18327
execute if entity @s[tag=aj.messemers_assault.locator_origin.spear_body19] at @s on origin run tp @s ^1.90744 ^3.86513 ^2.16038 ~100.43245 ~-10.18327
execute if entity @s[tag=aj.messemers_assault.bone.spear_effects8] run data modify entity @s {} merge value {transformation:[-0.000003225614414543785f,0.000004379528413400761f,0.00002097282973204491f,1.9074408450253593f,-0.000021144599064882244f,0.0000027707057475869267f,-0.000003830608892867298f,3.8651356836815154f,-0.0000034562677093235428f,-0.000021037760455451246f,0.000003861514338311224f,2.160375725156524f,0f,0f,0f,1f],start_interpolation:0}
execute if entity @s[tag=aj.messemers_assault.locator_origin.spear_head11] at @s on origin run tp @s ^1.90743 ^3.86515 ^2.16037 ~71.2236 ~-75.76042
execute if entity @s[tag=aj.messemers_assault.locator_origin.spear_body20] at @s on origin run tp @s ^1.90743 ^3.86514 ^2.16037 ~71.2236 ~-75.76042
execute if entity @s[tag=aj.messemers_assault.locator_origin.spear_body21] at @s on origin run tp @s ^1.90743 ^3.86514 ^2.16038 ~71.2236 ~-75.76042
execute if entity @s[tag=aj.messemers_assault.bone.spear_effects9] run data modify entity @s {} merge value {transformation:[-0.000020610757323924398f,0.000004379528413400761f,0.000005045875330897171f,1.907430284291637f,-0.000004552666592956986f,0.0000027707057475869267f,-0.000021000972858372693f,3.86514462838491f,-0.0000048902304518411645f,-0.000021037760455451246f,-0.000001715437434411744f,2.160374704710819f,0f,0f,0f,1f],start_interpolation:0}
execute if entity @s[tag=aj.messemers_assault.locator_origin.spear_head12] at @s on origin run tp @s ^1.90744 ^3.86516 ^2.16037 ~100.43245 ~-10.18327
execute if entity @s[tag=aj.messemers_assault.locator_origin.spear_body22] at @s on origin run tp @s ^1.90744 ^3.86516 ^2.16038 ~100.43245 ~-10.18327
execute if entity @s[tag=aj.messemers_assault.locator_origin.spear_body23] at @s on origin run tp @s ^1.90744 ^3.86516 ^2.16039 ~100.43245 ~-10.18327
execute if entity @s[tag=aj.messemers_assault.bone.spear_effects10] run data modify entity @s {} merge value {transformation:[-0.000003225614414543785f,0.000004379528413400761f,0.00002097282973204491f,1.9074413787227418f,-0.000021144599064882244f,0.0000027707057475869267f,-0.000003830608892867298f,3.865159258647184f,-0.0000034562677093235428f,-0.000021037760455451246f,0.000003861514338311224f,2.160378941118407f,0f,0f,0f,1f],start_interpolation:0}
execute if entity @s[tag=aj.messemers_assault.locator_origin.spear_head13] at @s on origin run tp @s ^1.90746 ^3.86516 ^2.16037 ~71.2236 ~-75.76042
execute if entity @s[tag=aj.messemers_assault.locator_origin.spear_body24] at @s on origin run tp @s ^1.90746 ^3.86516 ^2.16038 ~71.2236 ~-75.76042
execute if entity @s[tag=aj.messemers_assault.locator_origin.spear_body25] at @s on origin run tp @s ^1.90746 ^3.86516 ^2.16039 ~71.2236 ~-75.76042
execute if entity @s[tag=aj.messemers_assault.bone.spear_effects11] run data modify entity @s {} merge value {transformation:[-0.000020610757323924398f,0.000004379528413400761f,0.000005045875330897171f,1.9074598764999295f,-0.000004552666592956986f,0.0000027707057475869267f,-0.000021000972858372693f,3.8651633445820637f,-0.0000048902304518411645f,-0.000021037760455451246f,-0.000001715437434411744f,2.160383330010667f,0f,0f,0f,1f],start_interpolation:0}
execute if entity @s[tag=aj.messemers_assault.locator_origin.flame1] at @s on origin run tp @s ^2.13633 ^3.89972 ^0.43131 ~97.05401 ~-32.4662
execute if entity @s[tag=aj.messemers_assault.locator_origin.flame2] at @s on origin run tp @s ^2.13632 ^3.89971 ^0.43131 ~97.05401 ~-32.4662
execute if entity @s[tag=aj.messemers_assault.locator_origin.flame3] at @s on origin run tp @s ^2.13634 ^3.89971 ^0.43131 ~97.05401 ~-32.4662
execute if entity @s[tag=aj.messemers_assault.locator_origin.flame4] at @s on origin run tp @s ^2.13633 ^3.8997 ^0.43131 ~97.05401 ~-32.4662
execute if entity @s[tag=aj.messemers_assault.bone.flame_blast] run data modify entity @s {} merge value {transformation:[-0.00001735566837812136f,0.000006906179421131969f,0.000028608505239926862f,2.1363281767624747f,-0.000028493662359280142f,0.0000043691898327332315f,-0.00001834073326429437f,3.8997090620371258f,-0.000007365669800848509f,-0.000033174929948980815f,0.0000035400624819619172f,0.4313099626614107f,0f,0f,0f,1f],start_interpolation:0}
execute if entity @s[tag=aj.messemers_assault.locator_origin.spear0] at @s on origin run tp @s ^1.68193 ^3.91171 ^1.65871 ~-75.85804 ~32.6312
execute if entity @s[tag=aj.messemers_assault.locator_origin.spear1] at @s on origin run tp @s ^1.94347 ^3.86615 ^0.50127 ~-75.85804 ~32.6312
execute if entity @s[tag=aj.messemers_assault.locator_origin.spear2] at @s on origin run tp @s ^2.19125 ^3.82298 ^-0.59526 ~-75.85804 ~32.6312
execute if entity @s[tag=aj.messemers_assault.bone.spear_of_the_impaler] run data modify entity @s {} merge value {transformation:[-1.155864111931168f,-0.47720569143533803f,-1.7693776666545042f,1.8966263246447348f,-1.8227828020438428f,0.08313229858520554f,1.1683305704934641f,3.8562471711097226f,-0.18943456856448887f,2.111825796186349f,-0.4458147543981967f,0.816013933564663f,0f,0f,0f,1f],start_interpolation:0}
execute if entity @s[tag=aj.messemers_assault.bone.left_arm2] run data modify entity @s {} merge value {transformation:[-0.5334757439682314f,0.39178035240213693f,0.7496077548086061f,2.2186726964896923f,-0.8412843701740813f,-0.15416988406205878f,-0.5181430838572401f,3.8656960539085228f,-0.0874313393374564f,-0.9070500550245f,0.41184458061471396f,-0.4586934662194968f,0f,0f,0f,1f],start_interpolation:0}
execute if entity @s[tag=aj.messemers_assault.bone.left_arm] run data modify entity @s {} merge value {transformation:[-0.5334757439682314f,0.5096379645932361f,0.6750353884373806f,2.2793977196419726f,-0.8412843701740813f,-0.23722093666642938f,-0.48576417705292085f,3.701230273470155f,-0.0874313393374564f,-0.8270401273531807f,0.5553020697325852f,-0.676382415474974f,0f,0f,0f,1f],start_interpolation:0}
execute if entity @s[tag=aj.messemers_assault.bone.head] run data modify entity @s {} merge value {transformation:[-0.5147070061768566f,0.32894357336103247f,0.7917530065221934f,2.3819770435617924f,0.022043938571488023f,0.9282433518214501f,-0.37131973361449044f,3.816586695333135f,-0.8570827046234881f,-0.173667513783536f,-0.48502456854424547f,-0.9837757965668947f,0f,0f,0f,1f],start_interpolation:0}
execute if entity @s[tag=aj.messemers_assault.bone.body_top] run data modify entity @s {} merge value {transformation:[0.23121118163862645f,0.2109622932712985f,0.9497559161716155f,2.2989106405862185f,-0.08028648139430733f,0.9770152855561802f,-0.1974720554784833f,3.4318869266453893f,-0.9695852053278202f,-0.030594813405057184f,0.24283427888607095f,-0.9717290887886535f,0f,0f,0f,1f],start_interpolation:0}
execute if entity @s[tag=aj.messemers_assault.bone.body] run data modify entity @s {} merge value {transformation:[0.0068513827605783395f,0.0822082978213178f,0.9965916186300131f,2.262944510289392f,-0.03275415182803505f,0.9960986894751761f,-0.08194245763865421f,2.99609375f,-0.9994399552210698f,-0.032081094045529744f,0.009517316457268665f,-0.9576936101437342f,0f,0f,0f,1f],start_interpolation:0}
execute if entity @s[tag=aj.messemers_assault.locator_origin.player_camera] at @s on origin run tp @s ^2.37957 ^2.49609 ^-1.00268 ~68.90625 ~0
execute if entity @s[tag=aj.messemers_assault.bone.right_leg2] run data modify entity @s {} merge value {transformation:[-0.2990989760326697f,0.3259066233478284f,0.8968414995941174f,2.4891987874202575f,0.20906465570934082f,0.9394128580530636f,-0.2716531830435807f,2.8741031709906695f,-0.9310380079617284f,0.10624667045414271f,-0.34911297991920254f,-1.2188471980014315f,0f,0f,0f,1f],start_interpolation:0}
execute if entity @s[tag=aj.messemers_assault.bone.right_leg] run data modify entity @s {} merge value {transformation:[-0.2990989760326697f,-0.6411762692138268f,0.706705592402697f,2.2587760656715385f,0.20906465570934082f,0.6785824807216155f,0.7041432997556911f,3.11796875f,-0.9310380079617284f,0.35835570130072797f,-0.06891602916535569f,-1.0900631178464824f,0f,0f,0f,1f],start_interpolation:0}
execute if entity @s[tag=aj.messemers_assault.bone.left_leg2] run data modify entity @s {} merge value {transformation:[-0.33611704900269007f,0.8374082695690651f,0.4310135954086217f,2.2776427411745224f,-0.046453448629007264f,0.4423415087106686f,-0.8956428232180736f,2.7360788599323764f,-0.9406739108108587f,-0.321062890613215f,-0.10977802052729518f,-0.8114145785407018f,0f,0f,0f,1f],start_interpolation:0}
execute if entity @s[tag=aj.messemers_assault.bone.left_leg] run data modify entity @s {} merge value {transformation:[-0.33611704900269007f,-0.023891620924394334f,0.941517137294552f,2.269056689904818f,-0.046453448629007264f,0.998882012941793f,0.008763636906207418f,3.0950520833333335f,-0.9406739108108587f,-0.040791110195196954f,-0.33685112267713735f,-0.8260738837671007f,0f,0f,0f,1f],start_interpolation:0}