execute if entity @s[tag=aj.messemers_assault.bone.right_arm2] run data modify entity @s {} merge value {transformation:[0.4574013655651192f,0.8864154623682388f,-0.07107474131972537f,0.008397566726107475f,-0.6949729839446641f,0.4061880517011897f,0.5933159514476593f,0.8921267754046444f,0.5547941441347535f,-0.2219885013456626f,0.8018257684211033f,9.715233800303016f,0f,0f,0f,1f],start_interpolation:0}
execute if entity @s[tag=aj.messemers_assault.bone.right_arm] run data modify entity @s {} merge value {transformation:[0.8393289334892052f,0.5389576259356643f,-0.07107474131972537f,0.14313697321002355f,-0.39877023318935917f,0.6992556634592693f,0.5933159514476593f,1.0669406912694617f,0.3694715720187107f,-0.4696447535807566f,0.8018257684211033f,9.597822611907826f,0f,0f,0f,1f],start_interpolation:0}
execute if entity @s[tag=aj.messemers_assault.bone.flame_slash2] run data modify entity @s {} merge value {transformation:[0.000011703337632832979f,-0.0000011599039508685796f,4.889053464483856e-7f,-0.10778284037075817f,-0.0000011055690562867107f,-0.000011657923593388765f,-0.0000011929173959674985f,0.2492163402880997f,6.01766295838905e-7f,0.0000011401568649006215f,-0.000011700018675614294f,9.998538014112006f,0f,0f,0f,1f],start_interpolation:0}
execute if entity @s[tag=aj.messemers_assault.bone.flame_slash] run data modify entity @s {} merge value {transformation:[0.000011703337632832979f,-0.0000011599039508685796f,4.889053464483856e-7f,-0.10778284037075817f,-0.0000011055690562867107f,-0.000011657923593388765f,-0.0000011929173959674985f,0.2492163402880997f,6.01766295838905e-7f,0.0000011401568649006215f,-0.000011700018675614294f,9.998538014112006f,0f,0f,0f,1f],start_interpolation:0}
execute if entity @s[tag=aj.messemers_assault.bone.impaling_thrust] run data modify entity @s {} merge value {transformation:[-0.000014586588350870717f,-0.00000507799382956989f,-0.0000050458692067465026f,0.7858403663275184f,0.0000014935705925200245f,0.000009042138054611003f,-0.000013417315804176887f,1.8534087919483835f,0.000007001147353820074f,-0.000012508760736807844f,-0.000007650504405716817f,9.588907109308611f,0f,0f,0f,1f],start_interpolation:0}
execute if entity @s[tag=aj.messemers_assault.locator_origin.spear_head2] at @s on origin run tp @s ^-0.33644 ^4.35631 ^10.15878 ~137.53429 ~-1.84993
execute if entity @s[tag=aj.messemers_assault.locator_origin.spear_body2] at @s on origin run tp @s ^-0.26199 ^2.48879 ^10.00887 ~137.53429 ~-1.84993
execute if entity @s[tag=aj.messemers_assault.locator_origin.spear_body3] at @s on origin run tp @s ^-0.19218 ^0.738 ^9.86833 ~137.53429 ~-1.84993
execute if entity @s[tag=aj.messemers_assault.bone.spear_effects0] run data modify entity @s {} merge value {transformation:[2.363620195849126f,-0.16131901775069254f,2.1643228022619723f,-0.2877775964163747f,0.26694620006654574f,4.046280227940048f,-0.10353923082553312f,2.4989077533139277f,-2.151570145146337f,0.3248056980616747f,2.3647835479658177f,9.968985432935849f,0f,0f,0f,1f],start_interpolation:0}
execute if entity @s[tag=aj.messemers_assault.locator_origin.spear_head3] at @s on origin run tp @s ^1.84064 ^4.53121 ^9.06123 ~137.53429 ~-1.84993
execute if entity @s[tag=aj.messemers_assault.locator_origin.spear_body4] at @s on origin run tp @s ^1.91509 ^2.66369 ^8.91132 ~137.53429 ~-1.84993
execute if entity @s[tag=aj.messemers_assault.locator_origin.spear_body5] at @s on origin run tp @s ^1.98489 ^0.9129 ^8.77078 ~137.53429 ~-1.84993
execute if entity @s[tag=aj.messemers_assault.bone.spear_effects1] run data modify entity @s {} merge value {transformation:[2.363620195849126f,-0.16131901775069254f,2.1643228022619723f,1.8892999200951426f,0.26694620006654574f,4.046280227940048f,-0.10353923082553312f,2.673807982228049f,-2.151570145146337f,0.3248056980616747f,2.3647835479658177f,8.87143285391997f,0f,0f,0f,1f],start_interpolation:0}
execute if entity @s[tag=aj.messemers_assault.locator_origin.spear_head4] at @s on origin run tp @s ^1.30041 ^4.34662 ^11.09247 ~47.68885 ~4.77419
execute if entity @s[tag=aj.messemers_assault.locator_origin.spear_body6] at @s on origin run tp @s ^1.37486 ^2.4791 ^10.94256 ~47.68885 ~4.77419
execute if entity @s[tag=aj.messemers_assault.locator_origin.spear_body7] at @s on origin run tp @s ^1.44466 ^0.72831 ^10.80202 ~47.68885 ~4.77419
execute if entity @s[tag=aj.messemers_assault.bone.spear_effects2] run data modify entity @s {} merge value {transformation:[-2.1643228022619723f,-0.16131901775069254f,2.363620195849126f,1.3340126014714988f,0.1035392308255331f,4.046280227940048f,0.2669462000665458f,2.483333817649588f,-2.3647835479658177f,0.3248056980616747f,-2.151570145146337f,10.96848178293263f,0f,0f,0f,1f],start_interpolation:0}
execute if entity @s[tag=aj.messemers_assault.locator_origin.spear_head5] at @s on origin run tp @s ^-0.06756 ^4.49732 ^8.53561 ~47.68885 ~4.77419
execute if entity @s[tag=aj.messemers_assault.locator_origin.spear_body8] at @s on origin run tp @s ^0.0069 ^2.62981 ^8.3857 ~47.68885 ~4.77419
execute if entity @s[tag=aj.messemers_assault.locator_origin.spear_body9] at @s on origin run tp @s ^0.0767 ^0.87902 ^8.24516 ~47.68885 ~4.77419
execute if entity @s[tag=aj.messemers_assault.bone.spear_effects3] run data modify entity @s {} merge value {transformation:[-2.1643228022619723f,-0.16131901775069254f,2.363620195849126f,-0.03395464780930402f,0.1035392308255331f,4.046280227940048f,0.2669462000665458f,2.6340412902610995f,-2.3647835479658177f,0.3248056980616747f,-2.151570145146337f,8.411618388737569f,0f,0f,0f,1f],start_interpolation:0}
execute if entity @s[tag=aj.messemers_assault.locator_origin.spear_head6] at @s on origin run tp @s ^3.47602 ^4.50527 ^10.19659 ~70.22595 ~3.70044
execute if entity @s[tag=aj.messemers_assault.locator_origin.spear_body10] at @s on origin run tp @s ^3.55047 ^2.63776 ^10.04668 ~70.22595 ~3.70044
execute if entity @s[tag=aj.messemers_assault.locator_origin.spear_body11] at @s on origin run tp @s ^3.62028 ^0.88696 ^9.90614 ~70.22595 ~3.70044
execute if entity @s[tag=aj.messemers_assault.bone.spear_effects4] run data modify entity @s {} merge value {transformation:[-1.0950552494023198f,-0.16131901775069254f,3.0119508002909674f,3.5029598561477298f,0.19781366426995547f,4.046280227940048f,0.20700338228638843f,2.643120233457097f,-3.008145366903897f,0.3248056980616747f,-1.0828281349269853f,10.055172145607317f,0f,0f,0f,1f],start_interpolation:0}
execute if entity @s[tag=aj.messemers_assault.locator_origin.spear_head7] at @s on origin run tp @s ^2.71976 ^4.2779 ^12.65343 ~70.22595 ~3.70044
execute if entity @s[tag=aj.messemers_assault.locator_origin.spear_body12] at @s on origin run tp @s ^2.79421 ^2.41039 ^12.50352 ~70.22595 ~3.70044
execute if entity @s[tag=aj.messemers_assault.locator_origin.spear_body13] at @s on origin run tp @s ^2.86401 ^0.65959 ^12.36298 ~70.22595 ~3.70044
execute if entity @s[tag=aj.messemers_assault.bone.spear_effects5] run data modify entity @s {} merge value {transformation:[-1.0950552494023198f,-0.16131901775069254f,3.0119508002909674f,2.746696290846371f,0.19781366426995547f,4.046280227940048f,0.20700338228638843f,2.415752317124443f,-3.008145366903897f,0.3248056980616747f,-1.0828281349269853f,12.512008997829565f,0f,0f,0f,1f],start_interpolation:0}
execute if entity @s[tag=aj.messemers_assault.locator_origin.spear_head8] at @s on origin run tp @s ^2.82657 ^4.65679 ^7.9865 ~115.11664 ~0.11608
execute if entity @s[tag=aj.messemers_assault.locator_origin.spear_body14] at @s on origin run tp @s ^2.90103 ^2.78927 ^7.83659 ~115.11664 ~0.11608
execute if entity @s[tag=aj.messemers_assault.locator_origin.spear_body15] at @s on origin run tp @s ^2.97083 ^1.03848 ^7.69605 ~115.11664 ~0.11608
execute if entity @s[tag=aj.messemers_assault.bone.spear_effects6] run data modify entity @s {} merge value {transformation:[1.3554498428596855f,-0.16131901775069254f,2.904091828112298f,2.861660106142577f,0.28624887875990107f,4.046280227940048f,0.006498111926611953f,2.7978214885725663f,-2.8927551047990936f,0.3248056980616747f,1.361404870666187f,7.809465004634305f,0f,0f,0f,1f],start_interpolation:0}
execute if entity @s[tag=aj.messemers_assault.locator_origin.spear_head9] at @s on origin run tp @s ^-1.33181 ^4.16585 ^12.03708 ~115.11664 ~0.11608
execute if entity @s[tag=aj.messemers_assault.locator_origin.spear_body16] at @s on origin run tp @s ^-1.25736 ^2.29833 ^11.88717 ~115.11664 ~0.11608
execute if entity @s[tag=aj.messemers_assault.locator_origin.spear_body17] at @s on origin run tp @s ^-1.18756 ^0.54754 ^11.74663 ~115.11664 ~0.11608
execute if entity @s[tag=aj.messemers_assault.bone.spear_effects7] run data modify entity @s {} merge value {transformation:[1.3554498428596855f,-0.16131901775069254f,2.904091828112298f,-1.296723960722594f,0.28624887875990107f,4.046280227940048f,0.006498111926611953f,2.3068820879896568f,-2.8927551047990936f,0.3248056980616747f,1.361404870666187f,11.86004651982907f,0f,0f,0f,1f],start_interpolation:0}
execute if entity @s[tag=aj.messemers_assault.locator_origin.spear_head10] at @s on origin run tp @s ^0.44966 ^4.61547 ^7.3207 ~115.11664 ~0.11608
execute if entity @s[tag=aj.messemers_assault.locator_origin.spear_body18] at @s on origin run tp @s ^0.52411 ^2.74795 ^7.17079 ~115.11664 ~0.11608
execute if entity @s[tag=aj.messemers_assault.locator_origin.spear_body19] at @s on origin run tp @s ^0.59391 ^0.99716 ^7.03025 ~115.11664 ~0.11608
execute if entity @s[tag=aj.messemers_assault.bone.spear_effects8] run data modify entity @s {} merge value {transformation:[1.3554498428596855f,-0.16131901775069254f,2.904091828112298f,0.48474649255555524f,0.28624887875990107f,4.046280227940048f,0.006498111926611953f,2.756503295859806f,-2.8927551047990936f,0.3248056980616747f,1.361404870666187f,7.1436626973324655f,0f,0f,0f,1f],start_interpolation:0}
execute if entity @s[tag=aj.messemers_assault.locator_origin.spear_head11] at @s on origin run tp @s ^-1.59293 ^4.52379 ^7.44834 ~47.68885 ~4.77419
execute if entity @s[tag=aj.messemers_assault.locator_origin.spear_body20] at @s on origin run tp @s ^-1.51847 ^2.65627 ^7.29843 ~47.68885 ~4.77419
execute if entity @s[tag=aj.messemers_assault.locator_origin.spear_body21] at @s on origin run tp @s ^-1.44867 ^0.90548 ^7.15789 ~47.68885 ~4.77419
execute if entity @s[tag=aj.messemers_assault.bone.spear_effects9] run data modify entity @s {} merge value {transformation:[-2.1643228022619723f,-0.16131901775069254f,2.363620195849126f,-1.5593218532759625f,0.1035392308255331f,4.046280227940048f,0.2669462000665458f,2.66050519524923f,-2.3647835479658177f,0.3248056980616747f,-2.151570145146337f,7.324349547981281f,0f,0f,0f,1f],start_interpolation:0}
execute if entity @s[tag=aj.messemers_assault.locator_origin.spear_head12] at @s on origin run tp @s ^-1.43929 ^4.30276 ^10.27808 ~115.11664 ~0.11608
execute if entity @s[tag=aj.messemers_assault.locator_origin.spear_body22] at @s on origin run tp @s ^-1.36484 ^2.43525 ^10.12817 ~115.11664 ~0.11608
execute if entity @s[tag=aj.messemers_assault.locator_origin.spear_body23] at @s on origin run tp @s ^-1.29504 ^0.68445 ^9.98762 ~115.11664 ~0.11608
execute if entity @s[tag=aj.messemers_assault.bone.spear_effects10] run data modify entity @s {} merge value {transformation:[1.3554498428596855f,-0.16131901775069254f,2.904091828112298f,-1.404202196294527f,0.28624887875990107f,4.046280227940048f,0.006498111926611953f,2.443797186961502f,-2.8927551047990936f,0.3248056980616747f,1.361404870666187f,10.101040613597124f,0f,0f,0f,1f],start_interpolation:0}
execute if entity @s[tag=aj.messemers_assault.locator_origin.spear_head13] at @s on origin run tp @s ^0.50463 ^4.21416 ^12.34738 ~47.68885 ~4.77419
execute if entity @s[tag=aj.messemers_assault.locator_origin.spear_body24] at @s on origin run tp @s ^0.57909 ^2.34664 ^12.19747 ~47.68885 ~4.77419
execute if entity @s[tag=aj.messemers_assault.locator_origin.spear_body25] at @s on origin run tp @s ^0.64889 ^0.59585 ^12.05693 ~47.68885 ~4.77419
execute if entity @s[tag=aj.messemers_assault.bone.spear_effects11] run data modify entity @s {} merge value {transformation:[-2.1643228022619723f,-0.16131901775069254f,2.363620195849126f,0.5382378765959228f,0.1035392308255331f,4.046280227940048f,0.2669462000665458f,2.350872623739428f,-2.3647835479658177f,0.3248056980616747f,-2.151570145146337f,12.22339053408041f,0f,0f,0f,1f],start_interpolation:0}
execute if entity @s[tag=aj.messemers_assault.locator_origin.flame1] at @s on origin run tp @s ^-1.58571 ^-0.41553 ^11.47894 ~92.82171 ~2.95609
execute if entity @s[tag=aj.messemers_assault.locator_origin.flame2] at @s on origin run tp @s ^-1.44181 ^-0.15349 ^8.28457 ~92.82171 ~2.95609
execute if entity @s[tag=aj.messemers_assault.locator_origin.flame3] at @s on origin run tp @s ^1.61447 ^-0.25008 ^11.63667 ~92.82171 ~2.95609
execute if entity @s[tag=aj.messemers_assault.locator_origin.flame4] at @s on origin run tp @s ^1.75837 ^0.01196 ^8.4423 ~92.82171 ~2.95609
execute if entity @s[tag=aj.messemers_assault.bone.flame_blast] run data modify entity @s {} merge value {transformation:[0.28094004502606024f,-15.762667568324526f,6.24796936980596f,0.014242770471074057f,0.5116045566334336f,283.39082815859814f,0.32303224532546065f,1.0942090168890215f,-6.236636712289583f,22.537095062906868f,0.30794956533834933f,10.06368645417368f,0f,0f,0f,1f],start_interpolation:0}
execute if entity @s[tag=aj.messemers_assault.locator_origin.spear0] at @s on origin run tp @s ^-0.20301 ^-0.10946 ^10.03993 ~-87.05654 ~5.38942
execute if entity @s[tag=aj.messemers_assault.locator_origin.spear1] at @s on origin run tp @s ^-0.08599 ^1.06665 ^9.92491 ~-87.05654 ~5.38942
execute if entity @s[tag=aj.messemers_assault.locator_origin.spear2] at @s on origin run tp @s ^0.02487 ^2.18086 ^9.81594 ~-87.05654 ~5.38942
execute if entity @s[tag=aj.messemers_assault.bone.spear_of_the_impaler] run data modify entity @s {} merge value {transformation:[0.08999319651439357f,-0.2135044440536854f,-2.1542426793179286f,-0.08529934973901249f,-0.2195812551869378f,-2.1458832809069586f,0.20350297673242104f,0.7493932831712635f,-2.153631756219268f,0.2098695822117958f,-0.11076760135795818f,9.951444272211356f,0f,0f,0f,1f],start_interpolation:0}
execute if entity @s[tag=aj.messemers_assault.bone.left_arm2] run data modify entity @s {} merge value {transformation:[0.11158819295384359f,-0.4076300152932094f,0.9063033961237004f,-0.391582632719349f,-0.6774990357266897f,0.6359935278741274f,0.3694689284522131f,1.0716164872264686f,-0.7270097191803563f,-0.6552480470282066f,-0.20519957378859133f,9.698105488345359f,0f,0f,0f,1f],start_interpolation:0}
execute if entity @s[tag=aj.messemers_assault.bone.left_arm] run data modify entity @s {} merge value {transformation:[0.11158819295384359f,0.39280610757373857f,0.9128260716292363f,-0.27943258170668395f,-0.6774990357266897f,0.702072067142036f,-0.21929402437894585f,1.1624471245461414f,-0.7270097191803563f,-0.5939681594089672f,0.34446871240451166f,9.458737233595572f,0f,0f,0f,1f],start_interpolation:0}
execute if entity @s[tag=aj.messemers_assault.bone.head] run data modify entity @s {} merge value {transformation:[0.9792236770555711f,0.06620968484115747f,-0.1916696844234927f,0.013251078699870765f,-0.19772947546222436f,0.5214541776444905f,-0.8300533688568112f,1.2533583421419678f,0.04498938571708086f,0.8507066581673983f,0.5237118835031882f,9.614915778685047f,0f,0f,0f,1f],start_interpolation:0}
execute if entity @s[tag=aj.messemers_assault.bone.body_top] run data modify entity @s {} merge value {transformation:[0.9897678544849319f,-0.11560900257381908f,-0.08363105136360155f,0.05877212346331203f,0.00600840586619554f,0.61936410965315f,-0.7850808867451223f,1.00948372396604f,0.14256048992354692f,0.7765453355712384f,0.613721311765618f,9.309151052803871f,0f,0f,0f,1f],start_interpolation:0}
execute if entity @s[tag=aj.messemers_assault.bone.body] run data modify entity @s {} merge value {transformation:[0.9897678544849319f,-0.10788014901735128f,-0.09338879845189543f,0.10596968865840321f,0.00600840586619554f,0.6854315500260438f,-0.7281122779405947f,0.7096074208296457f,0.14256048992354692f,0.7201010093569435f,0.6790663023857606f,8.99410686121021f,0f,0f,0f,1f],start_interpolation:0}
execute if entity @s[tag=aj.messemers_assault.locator_origin.player_camera] at @s on origin run tp @s ^0.10045 ^0.20293 ^8.89989 ~-163.77454 ~-24.0168
execute if entity @s[tag=aj.messemers_assault.bone.right_leg2] run data modify entity @s {} merge value {transformation:[0.9942519218069193f,-0.07833414141419634f,0.07298546617065518f,0.25977494885840907f,0.09847024717182268f,0.9366564533982589f,-0.33612244603613595f,0.49086601900152504f,-0.04203244467274428f,0.341377284827646f,0.9389860611311206f,9.276408201002102f,0f,0f,0f,1f],start_interpolation:0}
execute if entity @s[tag=aj.messemers_assault.bone.right_leg] run data modify entity @s {} merge value {transformation:[0.9942519218069193f,-0.10364422133902876f,-0.026851282395326706f,0.2225278068146956f,0.09847024717182268f,0.78674794129899f,0.6093695818497352f,0.7736035604058495f,-0.04203244467274428f,-0.6085109302591263f,0.7924315247073436f,9.057724585440228f,0f,0f,0f,1f],start_interpolation:0}
execute if entity @s[tag=aj.messemers_assault.bone.left_leg2] run data modify entity @s {} merge value {transformation:[0.956286506130995f,0.1273627618333525f,-0.26323914049767555f,-0.10311381127088266f,-0.28065471881184956f,0.6526044411821651f,-0.7038042143650146f,0.4632279867388027f,0.08215258365027786f,0.7469177801120379f,0.6598217810531033f,8.865586778602191f,0f,0f,0f,1f],start_interpolation:0}
execute if entity @s[tag=aj.messemers_assault.bone.left_leg] run data modify entity @s {} merge value {transformation:[0.956286506130995f,0.23452245756366535f,-0.17468639068362776f,-0.01883230308394043f,-0.28065471881184956f,0.9038478290808181f,-0.32294276687136636f,0.7880483003147217f,0.08215258365027786f,0.35785237006926596f,0.9301573169283749f,8.994189974095834f,0f,0f,0f,1f],start_interpolation:0}