execute if entity @s[tag=aj.messemers_assault.bone.right_arm2] run data modify entity @s {} merge value {transformation:[0.8832537418548523f,-0.3021421937557306f,0.3585706656321415f,0.5651394685335928f,0.015057166496789773f,0.7825955894150031f,0.6223483149854847f,1.858541601763595f,-0.4686535065872122f,-0.5442924197347038f,0.6957798880269899f,4.856477768348227f,0f,0f,0f,1f],start_interpolation:0}
execute if entity @s[tag=aj.messemers_assault.bone.right_arm] run data modify entity @s {} merge value {transformation:[0.8350049689882465f,-0.4173652830711497f,0.3585706656321415f,0.46079814776580535f,0.11941116972129806f,0.7735784041585697f,0.6223483149854847f,2.0519362028032373f,-0.5371291039505577f,-0.47684659284346376f,0.6957798880269899f,4.7372661201373605f,0f,0f,0f,1f],start_interpolation:0}
execute if entity @s[tag=aj.messemers_assault.bone.flame_slash2] run data modify entity @s {} merge value {transformation:[-0.0000038394001621614745f,-4.6219893674438604e-8f,-0.000011126966679079f,-0.4860660667440247f,-0.00000840904852045565f,0.000007720516476338963f,0.000002869502688674881f,3.4507942819996993f,0.0000072869353459824424f,0.000008885043974067792f,-0.0000025512906936420375f,5.842463504179222f,0f,0f,0f,1f],start_interpolation:0}
execute if entity @s[tag=aj.messemers_assault.bone.flame_slash] run data modify entity @s {} merge value {transformation:[-0.0000038394001621614745f,-4.6219893674438604e-8f,-0.000011126966679079f,-0.4860660667440247f,-0.00000840904852045565f,0.000007720516476338963f,0.000002869502688674881f,3.4507942819996993f,0.0000072869353459824424f,0.000008885043974067792f,-0.0000025512906936420375f,5.842463504179222f,0f,0f,0f,1f],start_interpolation:0}
execute if entity @s[tag=aj.messemers_assault.bone.impaling_thrust] run data modify entity @s {} merge value {transformation:[-0.000010989515427545528f,-0.000009829928378091132f,-0.000006827769463876008f,0.10940313907912491f,0.000009412286612484138f,-0.000012823750576516417f,0.000003312953210995719f,1.4569719215464014f,-0.000007392887696610227f,-0.000001714440531308587f,0.000014367368662090339f,4.310408318144339f,0f,0f,0f,1f],start_interpolation:0}
execute if entity @s[tag=aj.messemers_assault.locator_origin.spear0] at @s on origin run tp @s ^-0.53737 ^3.22125 ^5.53641 ~-77.08593 ~14.10979
execute if entity @s[tag=aj.messemers_assault.locator_origin.spear1] at @s on origin run tp @s ^-0.53344 ^2.56535 ^4.78158 ~-77.08593 ~14.10979
execute if entity @s[tag=aj.messemers_assault.locator_origin.spear2] at @s on origin run tp @s ^-0.52927 ^1.86846 ^3.97956 ~-77.08593 ~14.10979
execute if entity @s[tag=aj.messemers_assault.locator_origin.spear_head2] at @s on origin run tp @s ^-0.20291 ^3.52134 ^5.857 ~73.43338 ~19.99906
execute if entity @s[tag=aj.messemers_assault.locator_origin.spear_body2] at @s on origin run tp @s ^-0.20291 ^3.52134 ^5.85701 ~73.43338 ~19.99906
execute if entity @s[tag=aj.messemers_assault.locator_origin.spear_body3] at @s on origin run tp @s ^-0.20291 ^3.52135 ^5.85702 ~73.43338 ~19.99906
execute if entity @s[tag=aj.messemers_assault.bone.spear_effects0] run data modify entity @s {} merge value {transformation:[0.00000934681465158897f,-0.000001117126284634238f,0.000019514956550745005f,-0.2029131716915648f,-0.000016839186249551696f,-0.000011444503282226613f,0.000007410100911624458f,3.5213412529970554f,0.000009925890729108157f,-0.000018363545897558223f,-0.000005805283778293828f,5.857010018609415f,0f,0f,0f,1f],start_interpolation:0}
execute if entity @s[tag=aj.messemers_assault.locator_origin.spear_head3] at @s on origin run tp @s ^-0.2029 ^3.52133 ^5.85701 ~73.43338 ~19.99906
execute if entity @s[tag=aj.messemers_assault.locator_origin.spear_body4] at @s on origin run tp @s ^-0.2029 ^3.52133 ^5.85702 ~73.43338 ~19.99906
execute if entity @s[tag=aj.messemers_assault.locator_origin.spear_body5] at @s on origin run tp @s ^-0.2029 ^3.52134 ^5.85702 ~73.43338 ~19.99906
execute if entity @s[tag=aj.messemers_assault.bone.spear_effects1] run data modify entity @s {} merge value {transformation:[0.00000934681465158897f,-0.000001117126284634238f,0.000019514956550745005f,-0.2029023277693168f,-0.000016839186249551696f,-0.000011444503282226613f,0.000007410100911624458f,3.521330399390105f,0.000009925890729108157f,-0.000018363545897558223f,-0.000005805283778293828f,5.857016123100913f,0f,0f,0f,1f],start_interpolation:0}
execute if entity @s[tag=aj.messemers_assault.locator_origin.spear_head4] at @s on origin run tp @s ^-0.2029 ^3.52134 ^5.857 ~136.72102 ~-51.0043
execute if entity @s[tag=aj.messemers_assault.locator_origin.spear_body6] at @s on origin run tp @s ^-0.2029 ^3.52134 ^5.85701 ~136.72102 ~-51.0043
execute if entity @s[tag=aj.messemers_assault.locator_origin.spear_body7] at @s on origin run tp @s ^-0.2029 ^3.52135 ^5.85702 ~136.72102 ~-51.0043
execute if entity @s[tag=aj.messemers_assault.bone.spear_effects2] run data modify entity @s {} merge value {transformation:[-0.00001951495655074501f,-0.000001117126284634238f,0.000009346814651588965f,-0.20290050101862328f,-0.000007410100911624455f,-0.000011444503282226613f,-0.000016839186249551696f,3.5213427372958233f,0.000005805283778293826f,-0.000018363545897558223f,0.000009925890729108157f,5.8570083227602545f,0f,0f,0f,1f],start_interpolation:0}
execute if entity @s[tag=aj.messemers_assault.locator_origin.spear_head5] at @s on origin run tp @s ^-0.20292 ^3.52133 ^5.85701 ~136.72102 ~-51.0043
execute if entity @s[tag=aj.messemers_assault.locator_origin.spear_body8] at @s on origin run tp @s ^-0.20292 ^3.52133 ^5.85702 ~136.72102 ~-51.0043
execute if entity @s[tag=aj.messemers_assault.locator_origin.spear_body9] at @s on origin run tp @s ^-0.20291 ^3.52134 ^5.85702 ~136.72102 ~-51.0043
execute if entity @s[tag=aj.messemers_assault.bone.spear_effects3] run data modify entity @s {} merge value {transformation:[-0.00001951495655074501f,-0.000001117126284634238f,0.000009346814651588965f,-0.2029155201333122f,-0.000007410100911624455f,-0.000011444503282226613f,-0.000016839186249551696f,3.521332459796805f,0.000005805283778293826f,-0.000018363545897558223f,0.000009925890729108157f,5.857015641560217f,0f,0f,0f,1f],start_interpolation:0}
execute if entity @s[tag=aj.messemers_assault.locator_origin.spear_head6] at @s on origin run tp @s ^-0.20289 ^3.52133 ^5.85701 ~113.34059 ~-35.95526
execute if entity @s[tag=aj.messemers_assault.locator_origin.spear_body10] at @s on origin run tp @s ^-0.20289 ^3.52133 ^5.85701 ~113.34059 ~-35.95526
execute if entity @s[tag=aj.messemers_assault.locator_origin.spear_body11] at @s on origin run tp @s ^-0.20289 ^3.52134 ^5.85702 ~113.34059 ~-35.95526
execute if entity @s[tag=aj.messemers_assault.bone.spear_effects4] run data modify entity @s {} merge value {transformation:[-0.000014452597822529991f,-0.000001117126284634238f,0.000016103381306074353f,-0.20288924229087016f,-0.000013290118158306529f,-0.000011444503282226613f,-0.000012721656669074183f,3.521332872929376f,0.00000916185679668139f,-0.000018363545897558223f,0.000006948741364435699f,5.857013785504434f,0f,0f,0f,1f],start_interpolation:0}
execute if entity @s[tag=aj.messemers_assault.locator_origin.spear_head7] at @s on origin run tp @s ^-0.20289 ^3.52134 ^5.857 ~113.34059 ~-35.95526
execute if entity @s[tag=aj.messemers_assault.locator_origin.spear_body12] at @s on origin run tp @s ^-0.20289 ^3.52135 ^5.857 ~113.34059 ~-35.95526
execute if entity @s[tag=aj.messemers_assault.locator_origin.spear_body13] at @s on origin run tp @s ^-0.20289 ^3.52135 ^5.85701 ~113.34059 ~-35.95526
execute if entity @s[tag=aj.messemers_assault.bone.spear_effects5] run data modify entity @s {} merge value {transformation:[-0.000014452597822529991f,-0.000001117126284634238f,0.000016103381306074353f,-0.20288776333421257f,-0.000013290118158306529f,-0.000011444503282226613f,-0.000012721656669074183f,3.521347573972073f,0.00000916185679668139f,-0.000018363545897558223f,0.000006948741364435699f,5.857004533570538f,0f,0f,0f,1f],start_interpolation:0}
execute if entity @s[tag=aj.messemers_assault.locator_origin.spear_head8] at @s on origin run tp @s ^-0.2029 ^3.52132 ^5.85701 ~85.8574 ~1.06302
execute if entity @s[tag=aj.messemers_assault.locator_origin.spear_body14] at @s on origin run tp @s ^-0.2029 ^3.52132 ^5.85702 ~85.8574 ~1.06302
execute if entity @s[tag=aj.messemers_assault.locator_origin.spear_body15] at @s on origin run tp @s ^-0.2029 ^3.52133 ^5.85703 ~85.8574 ~1.06302
execute if entity @s[tag=aj.messemers_assault.bone.spear_effects6] run data modify entity @s {} merge value {transformation:[0.0000011672801954849684f,-0.000001117126284634238f,0.000021606340047630746f,-0.20289892957711655f,-0.000018393102371138437f,-0.000011444503282226613f,4.0196297387959424e-7f,3.521322540667225f,0.000011391913208697415f,-0.000018363545897558223f,-0.000001564908929689524f,5.857020814077833f,0f,0f,0f,1f],start_interpolation:0}
execute if entity @s[tag=aj.messemers_assault.locator_origin.spear_head9] at @s on origin run tp @s ^-0.20291 ^3.52135 ^5.85699 ~85.8574 ~1.06302
execute if entity @s[tag=aj.messemers_assault.locator_origin.spear_body16] at @s on origin run tp @s ^-0.20291 ^3.52135 ^5.857 ~85.8574 ~1.06302
execute if entity @s[tag=aj.messemers_assault.locator_origin.spear_body17] at @s on origin run tp @s ^-0.20291 ^3.52136 ^5.85701 ~85.8574 ~1.06302
execute if entity @s[tag=aj.messemers_assault.bone.spear_effects7] run data modify entity @s {} merge value {transformation:[0.0000011672801954849684f,-0.000001117126284634238f,0.000021606340047630746f,-0.20291470325899194f,-0.000018393102371138437f,-0.000011444503282226613f,4.0196297387959424e-7f,3.521353563302201f,0.000011391913208697415f,-0.000018363545897558223f,-0.000001564908929689524f,5.857002439769567f,0f,0f,0f,1f],start_interpolation:0}
execute if entity @s[tag=aj.messemers_assault.locator_origin.spear_head10] at @s on origin run tp @s ^-0.20292 ^3.52132 ^5.85701 ~85.8574 ~1.06302
execute if entity @s[tag=aj.messemers_assault.locator_origin.spear_body18] at @s on origin run tp @s ^-0.20292 ^3.52132 ^5.85702 ~85.8574 ~1.06302
execute if entity @s[tag=aj.messemers_assault.locator_origin.spear_body19] at @s on origin run tp @s ^-0.20291 ^3.52133 ^5.85703 ~85.8574 ~1.06302
execute if entity @s[tag=aj.messemers_assault.bone.spear_effects8] run data modify entity @s {} merge value {transformation:[0.0000011672801954849684f,-0.000001117126284634238f,0.000021606340047630746f,-0.20291548025923262f,-0.000018393102371138437f,-0.000011444503282226613f,4.0196297387959424e-7f,3.521324573473352f,0.000011391913208697415f,-0.000018363545897558223f,-0.000001564908929689524f,5.857020554037947f,0f,0f,0f,1f],start_interpolation:0}
execute if entity @s[tag=aj.messemers_assault.locator_origin.spear_head11] at @s on origin run tp @s ^-0.20293 ^3.52132 ^5.85701 ~136.72102 ~-51.0043
execute if entity @s[tag=aj.messemers_assault.locator_origin.spear_body20] at @s on origin run tp @s ^-0.20293 ^3.52133 ^5.85702 ~136.72102 ~-51.0043
execute if entity @s[tag=aj.messemers_assault.locator_origin.spear_body21] at @s on origin run tp @s ^-0.20293 ^3.52134 ^5.85703 ~136.72102 ~-51.0043
execute if entity @s[tag=aj.messemers_assault.bone.spear_effects9] run data modify entity @s {} merge value {transformation:[-0.00001951495655074501f,-0.000001117126284634238f,0.000009346814651588965f,-0.20292780950648318f,-0.000007410100911624455f,-0.000011444503282226613f,-0.000016839186249551696f,3.5213302885498f,0.000005805283778293826f,-0.000018363545897558223f,0.000009925890729108157f,5.857017742332339f,0f,0f,0f,1f],start_interpolation:0}
execute if entity @s[tag=aj.messemers_assault.locator_origin.spear_head12] at @s on origin run tp @s ^-0.20292 ^3.52134 ^5.857 ~85.8574 ~1.06302
execute if entity @s[tag=aj.messemers_assault.locator_origin.spear_body22] at @s on origin run tp @s ^-0.20292 ^3.52134 ^5.85701 ~85.8574 ~1.06302
execute if entity @s[tag=aj.messemers_assault.locator_origin.spear_body23] at @s on origin run tp @s ^-0.20292 ^3.52135 ^5.85702 ~85.8574 ~1.06302
execute if entity @s[tag=aj.messemers_assault.bone.spear_effects10] run data modify entity @s {} merge value {transformation:[0.0000011672801954849684f,-0.000001117126284634238f,0.000021606340047630746f,-0.2029198213163369f,-0.000018393102371138437f,-0.000011444503282226613f,4.0196297387959424e-7f,3.5213445501733913f,0.000011391913208697415f,-0.000018363545897558223f,-0.000001564908929689524f,5.85700836827048f,0f,0f,0f,1f],start_interpolation:0}
execute if entity @s[tag=aj.messemers_assault.locator_origin.spear_head13] at @s on origin run tp @s ^-0.2029 ^3.52135 ^5.85699 ~136.72102 ~-51.0043
execute if entity @s[tag=aj.messemers_assault.locator_origin.spear_body24] at @s on origin run tp @s ^-0.2029 ^3.52135 ^5.857 ~136.72102 ~-51.0043
execute if entity @s[tag=aj.messemers_assault.locator_origin.spear_body25] at @s on origin run tp @s ^-0.2029 ^3.52136 ^5.85701 ~136.72102 ~-51.0043
execute if entity @s[tag=aj.messemers_assault.bone.spear_effects11] run data modify entity @s {} merge value {transformation:[-0.00001951495655074501f,-0.000001117126284634238f,0.000009346814651588965f,-0.20290230700027218f,-0.000007410100911624455f,-0.000011444503282226613f,-0.000016839186249551696f,3.5213512006032346f,0.000005805283778293826f,-0.000018363545897558223f,0.000009925890729108157f,5.85700315813462f,0f,0f,0f,1f],start_interpolation:0}
execute if entity @s[tag=aj.messemers_assault.locator_origin.flame1] at @s on origin run tp @s ^-0.37335 ^2.42947 ^4.50719 ~98.12523 ~-17.92217
execute if entity @s[tag=aj.messemers_assault.locator_origin.flame2] at @s on origin run tp @s ^-0.37335 ^2.42945 ^4.5072 ~98.12523 ~-17.92217
execute if entity @s[tag=aj.messemers_assault.locator_origin.flame3] at @s on origin run tp @s ^-0.37333 ^2.42946 ^4.50719 ~98.12523 ~-17.92217
execute if entity @s[tag=aj.messemers_assault.locator_origin.flame4] at @s on origin run tp @s ^-0.37334 ^2.42945 ^4.5072 ~98.12523 ~-17.92217
execute if entity @s[tag=aj.messemers_assault.bone.flame_blast] run data modify entity @s {} merge value {transformation:[-0.000011338017140283542f,-0.0000017616222180770678f,0.00003218240459627784f,-0.37334235729320286f,-0.000027039240423650362f,-0.000018047101329665045f,-0.000010513929903701353f,2.4294574366901145f,0.00001754109334533571f,-0.000028957899299995665f,0.000004594695146866717f,4.507193166795162f,0f,0f,0f,1f],start_interpolation:0}
execute if entity @s[tag=aj.messemers_assault.bone.spear_of_the_impaler] run data modify entity @s {} merge value {transformation:[-0.7067214457783954f,-0.00850773264095861f,-2.048149618803922f,-0.5057415140443979f,-1.5478602586325443f,1.4211216168836323f,0.5281916453490046f,2.6381967801054698f,1.3413119928888033f,1.6354771208903547f,-0.4696181099801272f,4.889608397797392f,0f,0f,0f,1f],start_interpolation:0}
execute if entity @s[tag=aj.messemers_assault.bone.left_arm2] run data modify entity @s {} merge value {transformation:[-0.32617912882079786f,0.5222730927541821f,0.7879327334910557f,-0.33896774509342226f,-0.7143970424457897f,-0.6820491573985379f,0.15635156742627512f,2.3261367304897034f,0.6190670736409862f,-0.5118981963993678f,0.5955805527858175f,4.507032076218142f,0f,0f,0f,1f],start_interpolation:0}
execute if entity @s[tag=aj.messemers_assault.bone.left_arm] run data modify entity @s {} merge value {transformation:[-0.32617912882079786f,0.9439759457628323f,0.050165623118545236f,-0.1437461497553139f,-0.7143970424457897f,-0.2809092108632215f,0.640879771093542f,2.1666097974681744f,0.6190670736409862f,0.17320343262582513f,0.7660003454700376f,4.627716318579721f,0f,0f,0f,1f],start_interpolation:0}
execute if entity @s[tag=aj.messemers_assault.bone.head] run data modify entity @s {} merge value {transformation:[0.9697184350535384f,0.20916944377543606f,0.1260726001476583f,0.1946600257911391f,-0.22560723603774374f,0.569522031074403f,0.7904087747288088f,2.195305607223522f,0.09352824046632349f,-0.7949168509420099f,0.5994661527757108f,4.573144133773648f,0f,0f,0f,1f],start_interpolation:0}
execute if entity @s[tag=aj.messemers_assault.bone.body_top] run data modify entity @s {} merge value {transformation:[0.9672708760337909f,0.2513671428583884f,0.034664273655068426f,0.09568421329064865f,-0.18347775146389933f,0.5984877014804593f,0.7798386922270454f,1.959651074765591f,0.175279682492223f,-0.7606753779818612f,0.6250200014700152f,4.872660063854006f,0f,0f,0f,1f],start_interpolation:0}
execute if entity @s[tag=aj.messemers_assault.bone.body] run data modify entity @s {} merge value {transformation:[0.9672708760337909f,0.2513671428583884f,0.034664273655068426f,-0.014288911709896282f,-0.18347775146389933f,0.5984877014804593f,0.7798386922270454f,1.6978127053678902f,0.175279682492223f,-0.7606753779818612f,0.6250200014700152f,5.20545554172107f,0f,0f,0f,1f],start_interpolation:0}
execute if entity @s[tag=aj.messemers_assault.locator_origin.player_camera] at @s on origin run tp @s ^-0.18702 ^1.96335 ^5.94049 ~-172.49078 ~57.80547
execute if entity @s[tag=aj.messemers_assault.bone.right_leg2] run data modify entity @s {} merge value {transformation:[0.97559058167232f,0.119290229770842f,0.18437152175291033f,0.14954082930691368f,-0.21581362543337962f,0.6760168403758466f,0.7045748438637005f,1.766755599677828f,-0.04058935857543308f,-0.7271664682928364f,0.6852601194881822f,5.530737501514058f,0f,0f,0f,1f],start_interpolation:0}
execute if entity @s[tag=aj.messemers_assault.bone.right_leg] run data modify entity @s {} merge value {transformation:[0.97559058167232f,-0.06455849805484917f,0.2098933473961626f,0.12634011906845224f,-0.21581362543337962f,-0.10520039497017214f,0.9707509237571813f,1.7289492077354223f,-0.04058935857543308f,-0.9923533026231239f,-0.116565118038859f,5.174110533383873f,0f,0f,0f,1f],start_interpolation:0}
execute if entity @s[tag=aj.messemers_assault.bone.left_leg2] run data modify entity @s {} merge value {transformation:[0.8613068868465488f,0.40371639312774f,-0.3084858515242384f,-0.27801379511880087f,-0.24491312071340965f,0.8618534885737805f,0.444101483374716f,1.5814207265514941f,0.44516065636253754f,-0.3069554334966763f,0.841195786885397f,5.29629707979796f,0f,0f,0f,1f],start_interpolation:0}
execute if entity @s[tag=aj.messemers_assault.bone.left_leg] run data modify entity @s {} merge value {transformation:[0.8613068868465488f,0.5005437283798888f,-0.0872148075172242f,-0.0981308927322783f,-0.24491312071340965f,0.5594101368934895f,0.7918824799446104f,1.782458744497592f,0.44516065636253754f,-0.6606937828679543f,0.6044135300491769f,5.058860251579789f,0f,0f,0f,1f],start_interpolation:0}