execute if entity @s[tag=aj.messemers_assault.bone.right_arm2] run data modify entity @s {} merge value {transformation:[0.871611781471425f,0.2632439008863593f,-0.41351608317735544f,0.2421358704368283f,-0.3020878262194642f,0.9528019284112471f,-0.030189906687621726f,0.9979551242809099f,0.3860516126766051f,0.1512320530242887f,0.9099961639962286f,9.462974390741937f,0f,0f,0f,1f],start_interpolation:0}
execute if entity @s[tag=aj.messemers_assault.bone.right_arm] run data modify entity @s {} merge value {transformation:[0.9104864910254665f,-0.004335736822230901f,-0.41351608317735544f,0.24105193623127058f,-0.00895172562816901f,0.9995040951104055f,-0.030189906687621726f,1.2478311480585114f,0.413441914019867f,0.03118918472383797f,0.9099961639962286f,9.470771686922896f,0f,0f,0f,1f],start_interpolation:0}
execute if entity @s[tag=aj.messemers_assault.bone.flame_slash2] run data modify entity @s {} merge value {transformation:[0.000008916730456473339f,-0.000005347848888905045f,0.000005517694046352059f,-0.8378191979285644f,-0.0000026652170605701395f,-0.000010080067158263358f,-0.000005462726559700515f,0.4356812220718016f,0.000007207014177019333f,0.000002888819085274924f,-0.000008846817976306778f,9.902068948476346f,0f,0f,0f,1f],start_interpolation:0}
execute if entity @s[tag=aj.messemers_assault.bone.flame_slash] run data modify entity @s {} merge value {transformation:[0.000008916730456473339f,-0.000005347848888905045f,0.000005517694046352059f,-0.8378191979285644f,-0.0000026652170605701395f,-0.000010080067158263358f,-0.000005462726559700515f,0.4356812220718016f,0.000007207014177019333f,0.000002888819085274924f,-0.000008846817976306778f,9.902068948476346f,0f,0f,0f,1f],start_interpolation:0}
execute if entity @s[tag=aj.messemers_assault.bone.impaling_thrust] run data modify entity @s {} merge value {transformation:[-0.000014727662587816261f,0.0000047393062202437615f,-0.000004964907688235108f,0.6171698438790797f,0.000006270711509198033f,0.000004511317608546967f,-0.000014294809117498754f,1.6125994322754886f,-0.0000027909691811893148f,-0.00001487287353163715f,-0.000005918065650538066f,9.707997440020778f,0f,0f,0f,1f],start_interpolation:0}
execute if entity @s[tag=aj.messemers_assault.locator_origin.spear_head] at @s on origin run tp @s ^-1.11079 ^0.03035 ^9.99374 ~-51.05286 ~13.08672
execute if entity @s[tag=aj.messemers_assault.locator_origin.spear_body] at @s on origin run tp @s ^-0.65646 ^0.88671 ^9.74832 ~-51.05286 ~13.08672
execute if entity @s[tag=aj.messemers_assault.locator_origin.spear_body1] at @s on origin run tp @s ^-0.23052 ^1.68955 ^9.51824 ~-51.05286 ~13.08672
execute if entity @s[tag=aj.messemers_assault.bone.spear_of_the_impaler] run data modify entity @s {} merge value {transformation:[1.0156463377356006f,-0.984382804329424f,-1.6413096769437647f,-0.6315327587559983f,-1.0055284286882367f,-1.8554459901936091f,0.4905886270783972f,0.873195623190165f,-1.6284408310369993f,0.5317472298559152f,-1.3266008396637359f,9.764492221168695f,0f,0f,0f,1f],start_interpolation:0}
execute if entity @s[tag=aj.messemers_assault.bone.left_arm2] run data modify entity @s {} merge value {transformation:[0.2251489433465346f,0.4452137155667254f,0.8666560452574079f,-0.5133651461017967f,-0.7219316123616359f,0.6735732585683244f,-0.15847338077600964f,1.272393575935278f,-0.6543108591356771f,-0.5899862818853676f,0.47306816295774085f,9.469090492997486f,0f,0f,0f,1f],start_interpolation:0}
execute if entity @s[tag=aj.messemers_assault.bone.left_arm] run data modify entity @s {} merge value {transformation:[0.2251489433465346f,0.8830295720896006f,0.41178480803108297f,-0.2644641351610798f,-0.7219316123616359f,0.4350166730832008f,-0.5381219575640381f,1.2909062926608736f,-0.6543108591356771f,-0.17612288027079454f,0.735430507024458f,9.343270915537827f,0f,0f,0f,1f],start_interpolation:0}
execute if entity @s[tag=aj.messemers_assault.bone.head] run data modify entity @s {} merge value {transformation:[0.9866918150452907f,0.007844164202581452f,-0.1624122261733792f,0.03088556920646228f,-0.11902278888279591f,0.7153640315245555f,-0.6885403968740659f,1.40213212432297f,0.1107828409510756f,0.698707930031496f,0.7067774689829259f,9.480083484408821f,0f,0f,0f,1f],start_interpolation:0}
execute if entity @s[tag=aj.messemers_assault.bone.body_top] run data modify entity @s {} merge value {transformation:[0.9897678544849319f,-0.09706260980173284f,-0.10458701643498215f,0.06910397181589459f,0.006008405866195547f,0.760683164027203f,-0.6490955422928973f,1.102613128487259f,0.14256048992354692f,0.6418255010078986f,0.7534829347561351f,9.227364693386962f,0f,0f,0f,1f],start_interpolation:0}
execute if entity @s[tag=aj.messemers_assault.bone.body] run data modify entity @s {} merge value {transformation:[0.9897678544849319f,-0.08426449564001973f,-0.11514811766949457f,0.10596968865840321f,0.006008405866195547f,0.8308950896508032f,-0.5563966652066948f,0.7390965267650325f,0.14256048992354692f,0.5500116769385146f,0.822899545475656f,8.986734584726362f,0f,0f,0f,1f],start_interpolation:0}
execute if entity @s[tag=aj.messemers_assault.locator_origin.player_camera] at @s on origin run tp @s ^-0.02717 ^0.02892 ^9.33104 ~-163.77454 ~-24.0168
execute if entity @s[tag=aj.messemers_assault.bone.right_leg2] run data modify entity @s {} merge value {transformation:[0.9875384349840856f,-0.11408894918472456f,0.10840457141240899f,0.2788392443775869f,0.14217226293780547f,0.9421236798694381f,-0.30362809402361224f,0.49824876469069973f,-0.06748990354361345f,0.31525653601978415f,0.9466036284615013f,9.232147821142679f,0f,0f,0f,1f],start_interpolation:0}
execute if entity @s[tag=aj.messemers_assault.bone.right_leg] run data modify entity @s {} merge value {transformation:[0.9875384349840856f,-0.15669269582717568f,-0.014671008949453723f,0.2225278068146956f,0.14217226293780547f,0.8482612915493193f,0.5101370687474336f,0.8030926663412363f,-0.06748990354361345f,-0.5058657730401341f,0.859967983465769f,9.05035230895638f,0f,0f,0f,1f],start_interpolation:0}
execute if entity @s[tag=aj.messemers_assault.bone.left_leg2] run data modify entity @s {} merge value {transformation:[0.9674344721992318f,0.1292974024658663f,-0.21760680990302994f,-0.09132154081527903f,-0.24225929470799648f,0.7221104615795124f,-0.6479713847115531f,0.4894532513326778f,0.0733551370265077f,0.679587126859392f,0.729918050796676f,8.859316762987001f,0f,0f,0f,1f],start_interpolation:0}
execute if entity @s[tag=aj.messemers_assault.bone.left_leg] run data modify entity @s {} merge value {transformation:[0.9674344721992318f,0.20170918325242046f,-0.15291810681614876f,-0.01883230308394043f,-0.24225929470799648f,0.9129298223789376f,-0.3284350370145449f,0.8175374062501085f,0.0733551370265077f,0.3547852093912638f,0.9320657053389634f,8.986817697611986f,0f,0f,0f,1f],start_interpolation:0}
execute if entity @s[tag=aj.messemers_assault.locator_origin.flame1] at @s on origin run tp @s ^1.20833 ^0.05208 ^10.70833 ~0 ~0
execute if entity @s[tag=aj.messemers_assault.locator_origin.flame2] at @s on origin run tp @s ^-0.83333 ^0.05208 ^10.70833 ~0 ~0
execute if entity @s[tag=aj.messemers_assault.locator_origin.flame3] at @s on origin run tp @s ^1.20833 ^0.05208 ^8.66667 ~0 ~0
execute if entity @s[tag=aj.messemers_assault.locator_origin.flame4] at @s on origin run tp @s ^-0.83333 ^0.05208 ^8.66667 ~0 ~0
execute if entity @s[tag=aj.messemers_assault.bone.flame_blast] run data modify entity @s {} merge value {transformation:[-3.9861111111111187f,0f,4.881578213267931e-16f,0.1874999999999988f,0f,56.9444444444451f,0f,17.76041666666687f,-4.881578213267931e-16f,0f,-3.9861111111111187f,9.6875f,0f,0f,0f,1f],start_interpolation:0}
execute if entity @s[tag=aj.messemers_assault.locator_origin.spear_head2] at @s on origin run tp @s ^0.89911 ^0.70883 ^11.01115 ~45 ~0
execute if entity @s[tag=aj.messemers_assault.locator_origin.spear_body2] at @s on origin run tp @s ^0.89911 ^0.44495 ^11.01115 ~45 ~0
execute if entity @s[tag=aj.messemers_assault.locator_origin.spear_body3] at @s on origin run tp @s ^0.89911 ^0.19755 ^11.01115 ~45 ~0
execute if entity @s[tag=aj.messemers_assault.bone.spear_effects0] run data modify entity @s {} merge value {transformation:[-1.7217995561184025f,0f,1.7217995561184032f,0.8691962499999987f,0f,0.5717592592592687f,0f,0.44605840277778386f,-1.7217995561184032f,0f,-1.7217995561184025f,11.03184375f,0f,0f,0f,1f],start_interpolation:0}
execute if entity @s[tag=aj.messemers_assault.locator_origin.spear_head3] at @s on origin run tp @s ^-0.01401 ^0.70883 ^9.39563 ~45 ~0
execute if entity @s[tag=aj.messemers_assault.locator_origin.spear_body4] at @s on origin run tp @s ^-0.01401 ^0.44495 ^9.39563 ~45 ~0
execute if entity @s[tag=aj.messemers_assault.locator_origin.spear_body5] at @s on origin run tp @s ^-0.01401 ^0.19755 ^9.39563 ~45 ~0
execute if entity @s[tag=aj.messemers_assault.bone.spear_effects1] run data modify entity @s {} merge value {transformation:[-1.7217995561184025f,0f,1.7217995561184032f,-0.04392585648148384f,0f,0.5717592592592687f,0f,0.44605840277778386f,-1.7217995561184032f,0f,-1.7217995561184025f,9.416320023148145f,0f,0f,0f,1f],start_interpolation:0}
execute if entity @s[tag=aj.messemers_assault.locator_origin.spear_head4] at @s on origin run tp @s ^1.5509 ^0.70883 ^9.7376 ~-45 ~0
execute if entity @s[tag=aj.messemers_assault.locator_origin.spear_body6] at @s on origin run tp @s ^1.5509 ^0.44495 ^9.7376 ~-45 ~0
execute if entity @s[tag=aj.messemers_assault.locator_origin.spear_body7] at @s on origin run tp @s ^1.5509 ^0.19755 ^9.7376 ~-45 ~0
execute if entity @s[tag=aj.messemers_assault.bone.spear_effects2] run data modify entity @s {} merge value {transformation:[-1.721799556118403f,0f,-1.7217995561184027f,1.5715978703703701f,0f,0.5717592592592687f,0f,0.44605840277778386f,1.7217995561184027f,0f,-1.721799556118403f,9.767520833333332f,0f,0f,0f,1f],start_interpolation:0}
execute if entity @s[tag=aj.messemers_assault.locator_origin.spear_head5] at @s on origin run tp @s ^-0.34558 ^0.70883 ^10.86145 ~-45 ~0
execute if entity @s[tag=aj.messemers_assault.locator_origin.spear_body8] at @s on origin run tp @s ^-0.34558 ^0.44495 ^10.86145 ~-45 ~0
execute if entity @s[tag=aj.messemers_assault.locator_origin.spear_body9] at @s on origin run tp @s ^-0.34558 ^0.19755 ^10.86145 ~-45 ~0
execute if entity @s[tag=aj.messemers_assault.bone.spear_effects3] run data modify entity @s {} merge value {transformation:[-1.721799556118403f,0f,-1.7217995561184027f,-0.32488650462963264f,0f,0.5717592592592687f,0f,0.44605840277778386f,1.7217995561184027f,0f,-1.721799556118403f,10.891363425925926f,0f,0f,0f,1f],start_interpolation:0}
execute if entity @s[tag=aj.messemers_assault.locator_origin.spear_head6] at @s on origin run tp @s ^0.79129 ^0.70883 ^8.11644 ~-22.5 ~0
execute if entity @s[tag=aj.messemers_assault.locator_origin.spear_body10] at @s on origin run tp @s ^0.79129 ^0.44495 ^8.11644 ~-22.5 ~0
execute if entity @s[tag=aj.messemers_assault.locator_origin.spear_body11] at @s on origin run tp @s ^0.79129 ^0.19755 ^8.11644 ~-22.5 ~0
execute if entity @s[tag=aj.messemers_assault.bone.spear_effects4] run data modify entity @s {} merge value {transformation:[-2.2496395329648893f,0f,-0.9318312050047324f,0.7989560879629619f,0f,0.5717592592592687f,0f,0.44605840277778386f,0.9318312050047324f,0f,-2.2496395329648893f,8.151997106481478f,0f,0f,0f,1f],start_interpolation:0}
execute if entity @s[tag=aj.messemers_assault.locator_origin.spear_head7] at @s on origin run tp @s ^2.68777 ^0.70883 ^8.60812 ~-22.5 ~0
execute if entity @s[tag=aj.messemers_assault.locator_origin.spear_body12] at @s on origin run tp @s ^2.68777 ^0.44495 ^8.60812 ~-22.5 ~0
execute if entity @s[tag=aj.messemers_assault.locator_origin.spear_body13] at @s on origin run tp @s ^2.68777 ^0.19755 ^8.60812 ~-22.5 ~0
execute if entity @s[tag=aj.messemers_assault.bone.spear_effects5] run data modify entity @s {} merge value {transformation:[-2.2496395329648893f,0f,-0.9318312050047324f,2.6954404629629645f,0f,0.5717592592592687f,0f,0.44605840277778386f,0.9318312050047324f,0f,-2.2496395329648893f,8.643678240740737f,0f,0f,0f,1f],start_interpolation:0}
execute if entity @s[tag=aj.messemers_assault.locator_origin.spear_head8] at @s on origin run tp @s ^-0.86709 ^0.70883 ^8.68335 ~22.5 ~0
execute if entity @s[tag=aj.messemers_assault.locator_origin.spear_body14] at @s on origin run tp @s ^-0.86709 ^0.44495 ^8.68335 ~22.5 ~0
execute if entity @s[tag=aj.messemers_assault.locator_origin.spear_body15] at @s on origin run tp @s ^-0.86709 ^0.19755 ^8.68335 ~22.5 ~0
execute if entity @s[tag=aj.messemers_assault.bone.spear_effects6] run data modify entity @s {} merge value {transformation:[-2.2496395329648893f,0f,0.9318312050047328f,-0.8868078009259294f,0f,0.5717592592592687f,0f,0.44605840277778386f,-0.9318312050047328f,0f,-2.2496395329648893f,8.713918402777775f,0f,0f,0f,1f],start_interpolation:0}
execute if entity @s[tag=aj.messemers_assault.locator_origin.spear_head9] at @s on origin run tp @s ^2.36396 ^0.70883 ^11.70368 ~22.5 ~0
execute if entity @s[tag=aj.messemers_assault.locator_origin.spear_body16] at @s on origin run tp @s ^2.36396 ^0.44495 ^11.70368 ~22.5 ~0
execute if entity @s[tag=aj.messemers_assault.locator_origin.spear_body17] at @s on origin run tp @s ^2.36396 ^0.19755 ^11.70368 ~22.5 ~0
execute if entity @s[tag=aj.messemers_assault.bone.spear_effects7] run data modify entity @s {} merge value {transformation:[-2.2496395329648893f,0f,0.9318312050047328f,2.3442396527777785f,0f,0.5717592592592687f,0f,0.44605840277778386f,-0.9318312050047328f,0f,-2.2496395329648893f,11.734245370370372f,0f,0f,0f,1f],start_interpolation:0}
execute if entity @s[tag=aj.messemers_assault.locator_origin.spear_head10] at @s on origin run tp @s ^-1.28853 ^0.70883 ^10.5096 ~22.5 ~0
execute if entity @s[tag=aj.messemers_assault.locator_origin.spear_body18] at @s on origin run tp @s ^-1.28853 ^0.44495 ^10.5096 ~22.5 ~0
execute if entity @s[tag=aj.messemers_assault.locator_origin.spear_body19] at @s on origin run tp @s ^-1.28853 ^0.19755 ^10.5096 ~22.5 ~0
execute if entity @s[tag=aj.messemers_assault.bone.spear_effects8] run data modify entity @s {} merge value {transformation:[-2.2496395329648893f,0f,0.9318312050047328f,-1.3082487731481525f,0f,0.5717592592592687f,0f,0.44605840277778386f,-0.9318312050047328f,0f,-2.2496395329648893f,10.54016261574074f,0f,0f,0f,1f],start_interpolation:0}
execute if entity @s[tag=aj.messemers_assault.locator_origin.spear_head11] at @s on origin run tp @s ^-1.11822 ^0.70883 ^12.05553 ~-45 ~0
execute if entity @s[tag=aj.messemers_assault.locator_origin.spear_body20] at @s on origin run tp @s ^-1.11822 ^0.44495 ^12.05553 ~-45 ~0
execute if entity @s[tag=aj.messemers_assault.locator_origin.spear_body21] at @s on origin run tp @s ^-1.11822 ^0.19755 ^12.05553 ~-45 ~0
execute if entity @s[tag=aj.messemers_assault.bone.spear_effects9] run data modify entity @s {} merge value {transformation:[-1.721799556118403f,0f,-1.7217995561184027f,-1.0975282870370413f,0f,0.5717592592592687f,0f,0.44605840277778386f,1.7217995561184027f,0f,-1.721799556118403f,12.085446180555557f,0f,0f,0f,1f],start_interpolation:0}
execute if entity @s[tag=aj.messemers_assault.locator_origin.spear_head12] at @s on origin run tp @s ^1.0294 ^0.70883 ^11.84416 ~22.5 ~0
execute if entity @s[tag=aj.messemers_assault.locator_origin.spear_body22] at @s on origin run tp @s ^1.0294 ^0.44495 ^11.84416 ~22.5 ~0
execute if entity @s[tag=aj.messemers_assault.locator_origin.spear_body23] at @s on origin run tp @s ^1.0294 ^0.19755 ^11.84416 ~22.5 ~0
execute if entity @s[tag=aj.messemers_assault.bone.spear_effects10] run data modify entity @s {} merge value {transformation:[-2.2496395329648893f,0f,0.9318312050047328f,1.0096765740740727f,0f,0.5717592592592687f,0f,0.44605840277778386f,-0.9318312050047328f,0f,-2.2496395329648893f,11.874725694444447f,0f,0f,0f,1f],start_interpolation:0}
execute if entity @s[tag=aj.messemers_assault.locator_origin.spear_head13] at @s on origin run tp @s ^2.53427 ^0.70883 ^10.29952 ~-45 ~0
execute if entity @s[tag=aj.messemers_assault.locator_origin.spear_body24] at @s on origin run tp @s ^2.53427 ^0.44495 ^10.29952 ~-45 ~0
execute if entity @s[tag=aj.messemers_assault.locator_origin.spear_body25] at @s on origin run tp @s ^2.53427 ^0.19755 ^10.29952 ~-45 ~0
execute if entity @s[tag=aj.messemers_assault.bone.spear_effects11] run data modify entity @s {} merge value {transformation:[-1.721799556118403f,0f,-1.7217995561184027f,2.5549601388888896f,0f,0.5717592592592687f,0f,0.44605840277778386f,1.7217995561184027f,0f,-1.721799556118403f,10.32944212962963f,0f,0f,0f,1f],start_interpolation:0}