execute if entity @s[tag=aj.messemers_assault.bone.right_arm2] run data modify entity @s {} merge value {transformation:[0.6445427747116526f,0.7044357582653338f,-0.2972118336206485f,0.0896239474626624f,-0.599343895792656f,0.7068774145864479f,0.3756477276966563f,0.9234072821917481f,0.4747120244349051f,-0.06398893048585194f,0.8778120018729472f,9.614895904880592f,0f,0f,0f,1f],start_interpolation:0}
execute if entity @s[tag=aj.messemers_assault.bone.right_arm] run data modify entity @s {} merge value {transformation:[0.8804086940423601f,0.36952084841112537f,-0.2972118336206485f,0.18200415956544375f,-0.24798018904845442f,0.8929695462421056f,0.3756477276966563f,1.1466496687522745f,0.40421078324819437f,-0.257020878672707f,0.8778120018729472f,9.550640685212416f,0f,0f,0f,1f],start_interpolation:0}
execute if entity @s[tag=aj.messemers_assault.bone.flame_slash2] run data modify entity @s {} merge value {transformation:[0.000011011775938530798f,-0.0000025580613941696896f,0.0000032786628287098465f,-0.3958741290190077f,-0.0000018100428747220114f,-0.00001130350040174802f,-0.0000027399162068321492f,0.2861741097767928f,0.000003743935473852762f,0.0000020590575350028453f,-0.000010967941766634519f,10.023016014125345f,0f,0f,0f,1f],start_interpolation:0}
execute if entity @s[tag=aj.messemers_assault.bone.flame_slash] run data modify entity @s {} merge value {transformation:[0.000011011775938530798f,-0.0000025580613941696896f,0.0000032786628287098465f,-0.3958741290190077f,-0.0000018100428747220114f,-0.00001130350040174802f,-0.0000027399162068321492f,0.2861741097767928f,0.000003743935473852762f,0.0000020590575350028453f,-0.000010967941766634519f,10.023016014125345f,0f,0f,0f,1f],start_interpolation:0}
execute if entity @s[tag=aj.messemers_assault.bone.impaling_thrust] run data modify entity @s {} merge value {transformation:[-0.000015651671700516385f,-8.660340947194042e-7f,-0.000004276743507452571f,0.7262899397521368f,0.0000033818115149296555f,0.000007656409218587258f,-0.000013926885001949327f,1.7587524887696504f,0.000002757517172973443f,-0.000014305410162830547f,-0.0000071949090485176415f,9.688271251410008f,0f,0f,0f,1f],start_interpolation:0}
execute if entity @s[tag=aj.messemers_assault.locator_origin.spear0] at @s on origin run tp @s ^-0.5335 ^-0.05673 ^10.07693 ~-71.22229 ~8.84567
execute if entity @s[tag=aj.messemers_assault.locator_origin.spear1] at @s on origin run tp @s ^-0.31618 ^0.90357 ^9.902 ~-71.22229 ~8.84567
execute if entity @s[tag=aj.messemers_assault.locator_origin.spear2] at @s on origin run tp @s ^-0.08527 ^1.92389 ^9.71614 ~-71.22229 ~8.84567
execute if entity @s[tag=aj.messemers_assault.locator_origin.spear_head2] at @s on origin run tp @s ^-0.62145 ^2.33986 ^10.03305 ~152.55214 ~0.3572
execute if entity @s[tag=aj.messemers_assault.locator_origin.spear_body2] at @s on origin run tp @s ^-0.63641 ^1.21507 ^10.04872 ~152.55214 ~0.3572
execute if entity @s[tag=aj.messemers_assault.locator_origin.spear_body3] at @s on origin run tp @s ^-0.65043 ^0.16057 ^10.06341 ~152.55214 ~0.3572
execute if entity @s[tag=aj.messemers_assault.bone.spear_effects0] run data modify entity @s {} merge value {transformation:[2.583440952872618f,0.03240256179195805f,1.3419852990661563f,-0.6491458582797746f,-0.053037668742073746f,2.437048141993816f,0.01815089029193136f,1.2194022086967937f,-1.34149523869864f,-0.0339511059289366f,2.5836670894308402f,10.00708571229482f,0f,0f,0f,1f],start_interpolation:0}
execute if entity @s[tag=aj.messemers_assault.locator_origin.spear_head3] at @s on origin run tp @s ^1.54931 ^2.30461 ^9.57498 ~152.55214 ~0.3572
execute if entity @s[tag=aj.messemers_assault.locator_origin.spear_body4] at @s on origin run tp @s ^1.53435 ^1.17982 ^9.59065 ~152.55214 ~0.3572
execute if entity @s[tag=aj.messemers_assault.locator_origin.spear_body5] at @s on origin run tp @s ^1.52033 ^0.12533 ^9.60534 ~152.55214 ~0.3572
execute if entity @s[tag=aj.messemers_assault.bone.spear_effects1] run data modify entity @s {} merge value {transformation:[2.583440952872618f,0.03240256179195805f,1.3419852990661563f,1.5216120046660584f,-0.053037668742073746f,2.437048141993816f,0.01815089029193136f,1.1841587725805298f,-1.34149523869864f,-0.0339511059289366f,2.5836670894308402f,9.549020082630571f,0f,0f,0f,1f],start_interpolation:0}
execute if entity @s[tag=aj.messemers_assault.locator_origin.spear_head4] at @s on origin run tp @s ^0.59531 ^2.34043 ^11.23538 ~62.55864 ~-1.04381
execute if entity @s[tag=aj.messemers_assault.locator_origin.spear_body6] at @s on origin run tp @s ^0.58036 ^1.21564 ^11.25105 ~62.55864 ~-1.04381
execute if entity @s[tag=aj.messemers_assault.locator_origin.spear_body7] at @s on origin run tp @s ^0.56634 ^0.16115 ^11.26574 ~62.55864 ~-1.04381
execute if entity @s[tag=aj.messemers_assault.bone.spear_effects2] run data modify entity @s {} merge value {transformation:[-1.3419852990661567f,0.03240256179195805f,2.583440952872618f,0.5388570920700966f,-0.018150890291931357f,2.437048141993816f,-0.053037668742073746f,1.2211140240219813f,-2.58366708943084f,-0.0339511059289366f,-1.3414952386986407f,11.263778659344304f,0f,0f,0f,1f],start_interpolation:0}
execute if entity @s[tag=aj.messemers_assault.locator_origin.spear_head5] at @s on origin run tp @s ^-0.00207 ^2.31261 ^8.66829 ~62.55864 ~-1.04381
execute if entity @s[tag=aj.messemers_assault.locator_origin.spear_body8] at @s on origin run tp @s ^-0.01703 ^1.18782 ^8.68396 ~62.55864 ~-1.04381
execute if entity @s[tag=aj.messemers_assault.locator_origin.spear_body9] at @s on origin run tp @s ^-0.03105 ^0.13333 ^8.69865 ~62.55864 ~-1.04381
execute if entity @s[tag=aj.messemers_assault.bone.spear_effects3] run data modify entity @s {} merge value {transformation:[-1.3419852990661567f,0.03240256179195805f,2.583440952872618f,-0.058529508187880885f,-0.018150890291931357f,2.437048141993816f,-0.053037668742073746f,1.1932940777321484f,-2.58366708943084f,-0.0339511059289366f,-1.3414952386986407f,8.696692779226703f,0f,0f,0f,1f],start_interpolation:0}
execute if entity @s[tag=aj.messemers_assault.locator_origin.spear_head6] at @s on origin run tp @s ^2.71716 ^2.3083 ^10.95432 ~85.06066 ~-0.82763
execute if entity @s[tag=aj.messemers_assault.locator_origin.spear_body10] at @s on origin run tp @s ^2.70221 ^1.18351 ^10.96999 ~85.06066 ~-0.82763
execute if entity @s[tag=aj.messemers_assault.locator_origin.spear_body11] at @s on origin run tp @s ^2.68819 ^0.12902 ^10.98468 ~85.06066 ~-0.82763
execute if entity @s[tag=aj.messemers_assault.bone.spear_effects4] run data modify entity @s {} merge value {transformation:[-0.2511926995804282f,0.03240256179195805f,2.900343760240596f,2.658970240899645f,-0.037065873156432616f,2.437048141993816f,-0.042054371605517095f,1.1887746982616314f,-2.9003651451947823f,-0.0339511059289366f,-0.2506534041229016f,10.965838543111497f,0f,0f,0f,1f],start_interpolation:0}
execute if entity @s[tag=aj.messemers_assault.locator_origin.spear_head7] at @s on origin run tp @s ^1.47298 ^2.35249 ^12.93866 ~85.06066 ~-0.82763
execute if entity @s[tag=aj.messemers_assault.locator_origin.spear_body12] at @s on origin run tp @s ^1.45803 ^1.2277 ^12.95433 ~85.06066 ~-0.82763
execute if entity @s[tag=aj.messemers_assault.locator_origin.spear_body13] at @s on origin run tp @s ^1.44401 ^0.17321 ^12.96902 ~85.06066 ~-0.82763
execute if entity @s[tag=aj.messemers_assault.bone.spear_effects5] run data modify entity @s {} merge value {transformation:[-0.2511926995804282f,0.03240256179195805f,2.900343760240596f,1.4147896199676375f,-0.037065873156432616f,2.437048141993816f,-0.042054371605517095f,1.2329613633542869f,-2.9003651451947823f,-0.0339511059289366f,-0.2506534041229016f,12.950174215588973f,0f,0f,0f,1f],start_interpolation:0}
execute if entity @s[tag=aj.messemers_assault.locator_origin.spear_head8] at @s on origin run tp @s ^2.66879 ^2.27976 ^8.85954 ~130.05606 ~-0.06942
execute if entity @s[tag=aj.messemers_assault.locator_origin.spear_body14] at @s on origin run tp @s ^2.65383 ^1.15497 ^8.87521 ~130.05606 ~-0.06942
execute if entity @s[tag=aj.messemers_assault.locator_origin.spear_body15] at @s on origin run tp @s ^2.63981 ^0.10048 ^8.8899 ~130.05606 ~-0.06942
execute if entity @s[tag=aj.messemers_assault.bone.spear_effects6] run data modify entity @s {} merge value {transformation:[1.873232679380339f,0.03240256179195805f,2.2284728018960918f,2.626161689881149f,-0.05594646160031406f,2.437048141993816f,-0.0035274010812862155f,1.1596181457481662f,-2.2281065838671323f,-0.0339511059289366f,1.8736291403015402f,8.841636657537624f,0f,0f,0f,1f],start_interpolation:0}
execute if entity @s[tag=aj.messemers_assault.locator_origin.spear_head9] at @s on origin run tp @s ^-1.93897 ^2.37716 ^11.45294 ~130.05606 ~-0.06942
execute if entity @s[tag=aj.messemers_assault.locator_origin.spear_body16] at @s on origin run tp @s ^-1.95393 ^1.25236 ^11.46861 ~130.05606 ~-0.06942
execute if entity @s[tag=aj.messemers_assault.locator_origin.spear_body17] at @s on origin run tp @s ^-1.96795 ^0.19787 ^11.4833 ~130.05606 ~-0.06942
execute if entity @s[tag=aj.messemers_assault.bone.spear_effects7] run data modify entity @s {} merge value {transformation:[1.873232679380339f,0.03240256179195805f,2.2284728018960918f,-1.9815967570181447f,-0.05594646160031406f,2.437048141993816f,-0.0035274010812862155f,1.257011332130771f,-2.2281065838671323f,-0.0339511059289366f,1.8736291403015402f,11.435033947829258f,0f,0f,0f,1f],start_interpolation:0}
execute if entity @s[tag=aj.messemers_assault.locator_origin.spear_head10] at @s on origin run tp @s ^0.73895 ^2.28955 ^7.7204 ~130.05606 ~-0.06942
execute if entity @s[tag=aj.messemers_assault.locator_origin.spear_body18] at @s on origin run tp @s ^0.724 ^1.16476 ^7.73607 ~130.05606 ~-0.06942
execute if entity @s[tag=aj.messemers_assault.locator_origin.spear_body19] at @s on origin run tp @s ^0.70998 ^0.11027 ^7.75076 ~130.05606 ~-0.06942
execute if entity @s[tag=aj.messemers_assault.bone.spear_effects8] run data modify entity @s {} merge value {transformation:[1.873232679380339f,0.03240256179195805f,2.2284728018960918f,0.6963241908848018f,-0.05594646160031406f,2.437048141993816f,-0.0035274010812862155f,1.16940732289231f,-2.2281065838671323f,-0.0339511059289366f,1.8736291403015402f,7.702499012954461f,0f,0f,0f,1f],start_interpolation:0}
execute if entity @s[tag=aj.messemers_assault.locator_origin.spear_head11] at @s on origin run tp @s ^-1.08469 ^2.30873 ^7.35688 ~62.55864 ~-1.04381
execute if entity @s[tag=aj.messemers_assault.locator_origin.spear_body20] at @s on origin run tp @s ^-1.09964 ^1.18394 ^7.37254 ~62.55864 ~-1.04381
execute if entity @s[tag=aj.messemers_assault.locator_origin.spear_body21] at @s on origin run tp @s ^-1.11366 ^0.12945 ^7.38724 ~62.55864 ~-1.04381
execute if entity @s[tag=aj.messemers_assault.bone.spear_effects9] run data modify entity @s {} merge value {transformation:[-1.3419852990661567f,0.03240256179195805f,2.583440952872618f,-1.1411419614278717f,-0.018150890291931357f,2.437048141993816f,-0.053037668742073746f,1.1894186107593157f,-2.58366708943084f,-0.0339511059289366f,-1.3414952386986407f,7.38527404101107f,0f,0f,0f,1f],start_interpolation:0}
execute if entity @s[tag=aj.messemers_assault.locator_origin.spear_head12] at @s on origin run tp @s ^-1.61798 ^2.35099 ^9.88107 ~130.05606 ~-0.06942
execute if entity @s[tag=aj.messemers_assault.locator_origin.spear_body22] at @s on origin run tp @s ^-1.63294 ^1.2262 ^9.89674 ~130.05606 ~-0.06942
execute if entity @s[tag=aj.messemers_assault.locator_origin.spear_body23] at @s on origin run tp @s ^-1.64696 ^0.17171 ^9.91143 ~130.05606 ~-0.06942
execute if entity @s[tag=aj.messemers_assault.bone.spear_effects10] run data modify entity @s {} merge value {transformation:[1.873232679380339f,0.03240256179195805f,2.2284728018960918f,-1.6606082530169206f,-0.05594646160031406f,2.437048141993816f,-0.0035274010812862155f,1.230845476688963f,-2.2281065838671323f,-0.0339511059289366f,1.8736291403015402f,9.863167639131415f,0f,0f,0f,1f],start_interpolation:0}
execute if entity @s[tag=aj.messemers_assault.locator_origin.spear_head13] at @s on origin run tp @s ^-0.39975 ^2.36645 ^12.15356 ~62.55864 ~-1.04381
execute if entity @s[tag=aj.messemers_assault.locator_origin.spear_body24] at @s on origin run tp @s ^-0.4147 ^1.24166 ^12.16923 ~62.55864 ~-1.04381
execute if entity @s[tag=aj.messemers_assault.locator_origin.spear_body25] at @s on origin run tp @s ^-0.42872 ^0.18717 ^12.18392 ~62.55864 ~-1.04381
execute if entity @s[tag=aj.messemers_assault.bone.spear_effects11] run data modify entity @s {} merge value {transformation:[-1.3419852990661567f,0.03240256179195805f,2.583440952872618f,-0.4562010271578014f,-0.018150890291931357f,2.437048141993816f,-0.053037668742073746f,1.2471355682708833f,-2.58366708943084f,-0.0339511059289366f,-1.3414952386986407f,12.181961528967834f,0f,0f,0f,1f],start_interpolation:0}
execute if entity @s[tag=aj.messemers_assault.locator_origin.flame1] at @s on origin run tp @s ^-1.89034 ^0.05701 ^10.94239 ~107.62066 ~1.01389
execute if entity @s[tag=aj.messemers_assault.locator_origin.flame2] at @s on origin run tp @s ^-1.09506 ^0.01137 ^8.44117 ~107.62066 ~1.01389
execute if entity @s[tag=aj.messemers_assault.locator_origin.flame3] at @s on origin run tp @s ^0.61111 ^0.10346 ^11.73689 ~107.62066 ~1.01389
execute if entity @s[tag=aj.messemers_assault.locator_origin.flame4] at @s on origin run tp @s ^1.40639 ^0.05782 ^9.23567 ~107.62066 ~1.01389
execute if entity @s[tag=aj.messemers_assault.bone.flame_blast] run data modify entity @s {} merge value {transformation:[1.5526753189921074f,-1.9812383634573247f,4.883778412140044f,-0.25103548697116723f,-0.08911636305190668f,170.7807539242374f,0.09068601875987542f,0.8384230616858005f,-4.883327003962478f,-3.7465399229101717f,1.551163907237489f,10.07189575729336f,0f,0f,0f,1f],start_interpolation:0}
execute if entity @s[tag=aj.messemers_assault.bone.spear_of_the_impaler] run data modify entity @s {} merge value {transformation:[0.6035060782049987f,-0.47086439821884546f,-2.026946367446377f,-0.3128538552427048f,-0.5043385584257408f,-2.0806443217376884f,0.33317603357714887f,0.7732360315727957f,-2.018877776513256f,0.37901236042530245f,-0.6891491845675884f,9.929321721088723f,0f,0f,0f,1f],start_interpolation:0}
execute if entity @s[tag=aj.messemers_assault.bone.left_arm2] run data modify entity @s {} merge value {transformation:[0.1581626153888876f,-0.0557513854288742f,0.9858379025560475f,-0.45340358831362737f,-0.6954102171293115f,0.702505573504986f,0.15129622965095418f,1.1533544958356752f,-0.7009915955312948f,-0.7094911572508789f,0.07234003578446557f,9.617956751046265f,0f,0f,0f,1f],start_interpolation:0}
execute if entity @s[tag=aj.messemers_assault.bone.left_arm] run data modify entity @s {} merge value {transformation:[0.1581626153888876f,0.6392200799319347f,0.7525837338829195f,-0.27382824140703277f,-0.6954102171293115f,0.6132008174327866f,-0.3746857181851555f,1.219728423052708f,-0.7009915955312948f,-0.46409314465048135f,0.541505619622656f,9.414309515442232f,0f,0f,0f,1f],start_interpolation:0}
execute if entity @s[tag=aj.messemers_assault.bone.head] run data modify entity @s {} merge value {transformation:[0.9828919425238597f,0.04214750171070172f,-0.1792958934867725f,0.01982509293971519f,-0.1681973902382047f,0.602080946697227f,-0.7805178867529097f,1.3190224856023338f,0.07505376232228961f,0.7973218432500875f,0.5988696110486422f,9.563402509474239f,0f,0f,0f,1f],start_interpolation:0}
execute if entity @s[tag=aj.messemers_assault.bone.body_top] run data modify entity @s {} merge value {transformation:[0.9897678544849319f,-0.1088634447289968f,-0.09224068858172794f,0.06269007430175769f,0.00600840586619554f,0.6776795528100149f,-0.735332797284444f,1.0521861616833903f,0.14256048992354692f,0.7272545456062511f,0.6713995327730005f,9.277046032141778f,0f,0f,0f,1f],start_interpolation:0}
execute if entity @s[tag=aj.messemers_assault.bone.body] run data modify entity @s {} merge value {transformation:[0.9897678544849319f,-0.09892483281518977f,-0.10282738779518524f,0.10596968865840321f,0.00600840586619554f,0.7489059638533156f,-0.662649044641191f,0.7245398024975647f,0.14256048992354692f,0.6552508945109674f,0.7418374295998654f,8.99037376579323f,0f,0f,0f,1f],start_interpolation:0}
execute if entity @s[tag=aj.messemers_assault.locator_origin.player_camera] at @s on origin run tp @s ^-0.02717 ^0.01436 ^9.33468 ~-163.77454 ~-24.0168
execute if entity @s[tag=aj.messemers_assault.bone.right_leg2] run data modify entity @s {} merge value {transformation:[0.9910782130432847f,-0.09518480115276334f,0.093294315263248f,0.26975643812562233f,0.12129554889546601f,0.9342495609696557f,-0.33535823777887525f,0.49374250904870426f,-0.05523916589773081f,0.3436824282059148f,0.9374598781246102f,9.25403318281451f,0f,0f,0f,1f],start_interpolation:0}
execute if entity @s[tag=aj.messemers_assault.bone.right_leg] run data modify entity @s {} merge value {transformation:[0.9910782130432847f,-0.13141880016953517f,-0.022205282995926667f,0.2225278068146956f,0.12129554889546601f,0.8202947701567006f,0.5589310153066414f,0.7885359420737685f,-0.05523916589773081f,-0.5566377538539453f,0.8289167904774022f,9.053991490023249f,0f,0f,0f,1f],start_interpolation:0}
execute if entity @s[tag=aj.messemers_assault.bone.left_leg2] run data modify entity @s {} merge value {transformation:[0.9609907446183021f,0.12903526276635102f,-0.2446358308195669f,-0.09835133497268572f,-0.26516988013043963f,0.6812801827246221f,-0.6823065640152628f,0.4767940933193063f,0.07862393674682869f,0.7205603469450179f,0.6889202152505803f,8.862279565675916f,0f,0f,0f,1f],start_interpolation:0}
execute if entity @s[tag=aj.messemers_assault.bone.left_leg] run data modify entity @s {} merge value {transformation:[0.9609907446183021f,0.22127034960346517f,-0.1659404144394045f,-0.01883230308394043f,-0.26516988013043963f,0.9076496380197132f,-0.32535683375993796f,0.8029806819826407f,0.07862393674682869f,0.3566673057473084f,0.9309171335738678f,8.990456878678854f,0f,0f,0f,1f],start_interpolation:0}