execute if entity @s[tag=aj.messemers_assault.bone.right_arm2] run data modify entity @s {} merge value {transformation:[0.4529960530457526f,0.8889547918134617f,-0.06748299072251188f,0.00761621459929776f,-0.6732006464856244f,0.3907102893643606f,0.6278107671553228f,0.8919111754224104f,0.5844616886471747f,-0.23896620659980883f,0.7754351595117354f,9.724444857522407f,0f,0f,0f,1f],start_interpolation:0}
execute if entity @s[tag=aj.messemers_assault.bone.right_arm] run data modify entity @s {} merge value {transformation:[0.8367834856584356f,0.5433594060034885f,-0.06748299072251188f,0.1434560661001699f,-0.3876537170184778f,0.6749653593523174f,0.6278107671553228f,1.0606525152604898f,0.3866755666073f,-0.49918164988502234f,0.7754351595117354f,9.599649445051151f,0f,0f,0f,1f],start_interpolation:0}
execute if entity @s[tag=aj.messemers_assault.bone.flame_slash2] run data modify entity @s {} merge value {transformation:[0.00001169615282104482f,-0.0000012325868019152277f,4.829661723357536e-7f,-0.10854335529590417f,-0.0000011512460564756764f,-0.000011590397052211257f,-0.0000016999547201772185f,0.26414892620251057f,6.535740702670747e-7f,0.0000016419327967209822f,-0.000011637414445951369f,10.03420992780781f,0f,0f,0f,1f],start_interpolation:0}
execute if entity @s[tag=aj.messemers_assault.bone.flame_slash] run data modify entity @s {} merge value {transformation:[0.00001169615282104482f,-0.0000012325868019152277f,4.829661723357536e-7f,-0.10854335529590417f,-0.0000011512460564756764f,-0.000011590397052211257f,-0.0000016999547201772185f,0.26414892620251057f,6.535740702670747e-7f,0.0000016419327967209822f,-0.000011637414445951369f,10.03420992780781f,0f,0f,0f,1f],start_interpolation:0}
execute if entity @s[tag=aj.messemers_assault.bone.impaling_thrust] run data modify entity @s {} merge value {transformation:[-0.000014577904263519127f,-0.000005020018170464739f,-0.000005128304003700876f,0.7950994720568247f,0.0000018850385068333534f,0.000008525028745483382f,-0.00001370349925453121f,1.8435773909905178f,0.000006924356592054319f,-0.000012889479413823737f,-0.000007066115151141255f,9.556058591016876f,0f,0f,0f,1f],start_interpolation:0}
execute if entity @s[tag=aj.messemers_assault.locator_origin.spear_head2] at @s on origin run tp @s ^-0.43349 ^2.94579 ^10.24574 ~137.56842 ~0.80091
execute if entity @s[tag=aj.messemers_assault.locator_origin.spear_body2] at @s on origin run tp @s ^-0.42636 ^1.55395 ^10.26558 ~137.56842 ~0.80091
execute if entity @s[tag=aj.messemers_assault.locator_origin.spear_body3] at @s on origin run tp @s ^-0.41968 ^0.2491 ^10.28419 ~137.56842 ~0.80091
execute if entity @s[tag=aj.messemers_assault.bone.spear_effects0] run data modify entity @s {} merge value {transformation:[2.2325853716042086f,-0.015451248868980489f,2.040571216058168f,-0.45040136858575336f,-0.0176518097346189f,3.01565397979846f,0.042278832191185625f,1.5591489773743663f,-2.0405537034237624f,-0.04299224388338974f,2.232238799274818f,10.2272263400865f,0f,0f,0f,1f],start_interpolation:0}
execute if entity @s[tag=aj.messemers_assault.locator_origin.spear_head3] at @s on origin run tp @s ^1.62212 ^2.94145 ^9.20267 ~137.56842 ~0.80091
execute if entity @s[tag=aj.messemers_assault.locator_origin.spear_body4] at @s on origin run tp @s ^1.62926 ^1.54961 ^9.22252 ~137.56842 ~0.80091
execute if entity @s[tag=aj.messemers_assault.locator_origin.spear_body5] at @s on origin run tp @s ^1.63594 ^0.24476 ^9.24112 ~137.56842 ~0.80091
execute if entity @s[tag=aj.messemers_assault.bone.spear_effects1] run data modify entity @s {} merge value {transformation:[2.2325853716042086f,-0.015451248868980489f,2.040571216058168f,1.6052148618152131f,-0.0176518097346189f,3.01565397979846f,0.042278832191185625f,1.5548109419611564f,-2.0405537034237624f,-0.04299224388338974f,2.232238799274818f,9.18415792442007f,0f,0f,0f,1f],start_interpolation:0}
execute if entity @s[tag=aj.messemers_assault.locator_origin.spear_head4] at @s on origin run tp @s ^1.11051 ^2.96624 ^11.12537 ~47.5731 ~-0.33438
execute if entity @s[tag=aj.messemers_assault.locator_origin.spear_body6] at @s on origin run tp @s ^1.11764 ^1.5744 ^11.14521 ~47.5731 ~-0.33438
execute if entity @s[tag=aj.messemers_assault.locator_origin.spear_body7] at @s on origin run tp @s ^1.12432 ^0.26955 ^11.16381 ~47.5731 ~-0.33438
execute if entity @s[tag=aj.messemers_assault.bone.spear_effects2] run data modify entity @s {} merge value {transformation:[-2.0405712160581686f,-0.015451248868980489f,2.2325853716042086f,1.0793291762904145f,-0.04227883219118561f,3.01565397979846f,-0.017651809734618912f,1.5804150674367647f,-2.232238799274818f,-0.04299224388338974f,-2.0405537034237633f,11.169138604305582f,0f,0f,0f,1f],start_interpolation:0}
execute if entity @s[tag=aj.messemers_assault.locator_origin.spear_head5] at @s on origin run tp @s ^-0.17832 ^2.9252 ^8.70967 ~47.5731 ~-0.33438
execute if entity @s[tag=aj.messemers_assault.locator_origin.spear_body8] at @s on origin run tp @s ^-0.17119 ^1.53336 ^8.72951 ~47.5731 ~-0.33438
execute if entity @s[tag=aj.messemers_assault.locator_origin.spear_body9] at @s on origin run tp @s ^-0.1645 ^0.22851 ^8.74811 ~47.5731 ~-0.33438
execute if entity @s[tag=aj.messemers_assault.bone.spear_effects3] run data modify entity @s {} merge value {transformation:[-2.0405712160581686f,-0.015451248868980489f,2.2325853716042086f,-0.209497829294991f,-0.04227883219118561f,3.01565397979846f,-0.017651809734618912f,1.539372420440138f,-2.232238799274818f,-0.04299224388338974f,-2.0405537034237633f,8.753436943648524f,0f,0f,0f,1f],start_interpolation:0}
execute if entity @s[tag=aj.messemers_assault.locator_origin.spear_head6] at @s on origin run tp @s ^3.16456 ^2.96461 ^10.27308 ~70.07078 ~-0.00244
execute if entity @s[tag=aj.messemers_assault.locator_origin.spear_body10] at @s on origin run tp @s ^3.1717 ^1.57277 ^10.29292 ~70.07078 ~-0.00244
execute if entity @s[tag=aj.messemers_assault.locator_origin.spear_body11] at @s on origin run tp @s ^3.17838 ^0.26792 ^10.31153 ~70.07078 ~-0.00244
execute if entity @s[tag=aj.messemers_assault.bone.spear_effects4] run data modify entity @s {} merge value {transformation:[-1.0308685480942206f,-0.015451248868980489f,2.8435327263557784f,3.127112261798857f,-0.04581560285661518f,3.01565397979846f,-0.00012873710628733107f,1.5785218799066278f,-2.843205833479076f,-0.04299224388338974f,-1.0309849960183066f,10.300377143634993f,0f,0f,0f,1f],start_interpolation:0}
execute if entity @s[tag=aj.messemers_assault.locator_origin.spear_head7] at @s on origin run tp @s ^2.44869 ^2.9941 ^12.59886 ~70.07078 ~-0.00244
execute if entity @s[tag=aj.messemers_assault.locator_origin.spear_body12] at @s on origin run tp @s ^2.45582 ^1.60226 ^12.6187 ~70.07078 ~-0.00244
execute if entity @s[tag=aj.messemers_assault.locator_origin.spear_body13] at @s on origin run tp @s ^2.46251 ^0.29741 ^12.6373 ~70.07078 ~-0.00244
execute if entity @s[tag=aj.messemers_assault.bone.spear_effects5] run data modify entity @s {} merge value {transformation:[-1.0308685480942206f,-0.015451248868980489f,2.8435327263557784f,2.411238478784701f,-0.04581560285661518f,3.01565397979846f,-0.00012873710628733107f,1.6080110510764898f,-2.843205833479076f,-0.04299224388338974f,-1.0309849960183066f,12.626152012485527f,0f,0f,0f,1f],start_interpolation:0}
execute if entity @s[tag=aj.messemers_assault.locator_origin.spear_head8] at @s on origin run tp @s ^2.55355 ^2.9317 ^8.18383 ~115.06747 ~0.61197
execute if entity @s[tag=aj.messemers_assault.locator_origin.spear_body14] at @s on origin run tp @s ^2.56068 ^1.53986 ^8.20367 ~115.06747 ~0.61197
execute if entity @s[tag=aj.messemers_assault.locator_origin.spear_body15] at @s on origin run tp @s ^2.56737 ^0.23501 ^8.22227 ~115.06747 ~0.61197
execute if entity @s[tag=aj.messemers_assault.bone.spear_effects6] run data modify entity @s {} merge value {transformation:[1.2817471324626883f,-0.015451248868980489f,2.7396154142013964f,2.5238227696919044f,-0.03248755434490846f,3.01565397979846f,0.032305492583216244f,1.545165105022181f,-2.739466607148335f,-0.04299224388338974f,1.281433643176074f,8.177414799578308f,0f,0f,0f,1f],start_interpolation:0}
execute if entity @s[tag=aj.messemers_assault.locator_origin.spear_head9] at @s on origin run tp @s ^-1.37453 ^2.96633 ^12.02476 ~115.06747 ~0.61197
execute if entity @s[tag=aj.messemers_assault.locator_origin.spear_body16] at @s on origin run tp @s ^-1.3674 ^1.57449 ^12.04461 ~115.06747 ~0.61197
execute if entity @s[tag=aj.messemers_assault.locator_origin.spear_body17] at @s on origin run tp @s ^-1.36071 ^0.26964 ^12.06321 ~115.06747 ~0.61197
execute if entity @s[tag=aj.messemers_assault.bone.spear_effects7] run data modify entity @s {} merge value {transformation:[1.2817471324626883f,-0.015451248868980489f,2.7396154142013964f,-1.4042584284788022f,-0.03248755434490846f,3.01565397979846f,0.032305492583216244f,1.57979662978717f,-2.739466607148335f,-0.04299224388338974f,1.281433643176074f,12.018350762409534f,0f,0f,0f,1f],start_interpolation:0}
execute if entity @s[tag=aj.messemers_assault.locator_origin.spear_head10] at @s on origin run tp @s ^0.31087 ^2.9113 ^7.55925 ~115.06747 ~0.61197
execute if entity @s[tag=aj.messemers_assault.locator_origin.spear_body18] at @s on origin run tp @s ^0.318 ^1.51946 ^7.57909 ~115.06747 ~0.61197
execute if entity @s[tag=aj.messemers_assault.locator_origin.spear_body19] at @s on origin run tp @s ^0.32469 ^0.21461 ^7.5977 ~115.06747 ~0.61197
execute if entity @s[tag=aj.messemers_assault.bone.spear_effects8] run data modify entity @s {} merge value {transformation:[1.2817471324626883f,-0.015451248868980489f,2.7396154142013964f,0.28113870421345033f,-0.03248755434490846f,3.01565397979846f,0.032305492583216244f,1.5247701104383582f,-2.739466607148335f,-0.04299224388338974f,1.281433643176074f,7.552837561244287f,0f,0f,0f,1f],start_interpolation:0}
execute if entity @s[tag=aj.messemers_assault.locator_origin.spear_head11] at @s on origin run tp @s ^-1.61697 ^2.90321 ^7.68451 ~47.5731 ~-0.33438
execute if entity @s[tag=aj.messemers_assault.locator_origin.spear_body20] at @s on origin run tp @s ^-1.60984 ^1.51137 ^7.70435 ~47.5731 ~-0.33438
execute if entity @s[tag=aj.messemers_assault.locator_origin.spear_body21] at @s on origin run tp @s ^-1.60316 ^0.20652 ^7.72296 ~47.5731 ~-0.33438
execute if entity @s[tag=aj.messemers_assault.bone.spear_effects9] run data modify entity @s {} merge value {transformation:[-2.0405712160581686f,-0.015451248868980489f,2.2325853716042086f,-1.648150897872742f,-0.04227883219118561f,3.01565397979846f,-0.017651809734618912f,1.5173862314721491f,-2.232238799274818f,-0.04299224388338974f,-2.0405537034237633f,7.7282810624448475f,0f,0f,0f,1f],start_interpolation:0}
execute if entity @s[tag=aj.messemers_assault.locator_origin.spear_head12] at @s on origin run tp @s ^-1.47444 ^2.9421 ^10.36103 ~115.06747 ~0.61197
execute if entity @s[tag=aj.messemers_assault.locator_origin.spear_body22] at @s on origin run tp @s ^-1.4673 ^1.55026 ^10.38087 ~115.06747 ~0.61197
execute if entity @s[tag=aj.messemers_assault.locator_origin.spear_body23] at @s on origin run tp @s ^-1.46062 ^0.24541 ^10.39947 ~115.06747 ~0.61197
execute if entity @s[tag=aj.messemers_assault.bone.spear_effects10] run data modify entity @s {} merge value {transformation:[1.2817471324626883f,-0.015451248868980489f,2.7396154142013964f,-1.5041653597041353f,-0.03248755434490846f,3.01565397979846f,0.032305492583216244f,1.5555659248260836f,-2.739466607148335f,-0.04299224388338974f,1.281433643176074f,10.354614968922412f,0f,0f,0f,1f],start_interpolation:0}
execute if entity @s[tag=aj.messemers_assault.locator_origin.spear_head13] at @s on origin run tp @s ^0.35839 ^2.97933 ^12.31424 ~47.5731 ~-0.33438
execute if entity @s[tag=aj.messemers_assault.locator_origin.spear_body24] at @s on origin run tp @s ^0.36552 ^1.58749 ^12.33408 ~47.5731 ~-0.33438
execute if entity @s[tag=aj.messemers_assault.locator_origin.spear_body25] at @s on origin run tp @s ^0.3722 ^0.28264 ^12.35268 ~47.5731 ~-0.33438
execute if entity @s[tag=aj.messemers_assault.bone.spear_effects11] run data modify entity @s {} merge value {transformation:[-2.0405712160581686f,-0.015451248868980489f,2.2325853716042086f,0.32720993122550884f,-0.04227883219118561f,3.01565397979846f,-0.017651809734618912f,1.5935104023307056f,-2.232238799274818f,-0.04299224388338974f,-2.0405537034237633f,12.358008405169837f,0f,0f,0f,1f],start_interpolation:0}
execute if entity @s[tag=aj.messemers_assault.locator_origin.flame1] at @s on origin run tp @s ^-0.8581 ^-0.05162 ^10.89327 ~92.56845 ~0.32987
execute if entity @s[tag=aj.messemers_assault.locator_origin.flame2] at @s on origin run tp @s ^-0.77955 ^-0.07614 ^9.14521 ~92.56845 ~0.32987
execute if entity @s[tag=aj.messemers_assault.locator_origin.flame3] at @s on origin run tp @s ^0.89011 ^-0.04154 ^10.97169 ~92.56845 ~0.32987
execute if entity @s[tag=aj.messemers_assault.locator_origin.flame4] at @s on origin run tp @s ^0.96866 ^-0.06606 ^9.22363 ~92.56845 ~0.32987
execute if entity @s[tag=aj.messemers_assault.bone.flame_blast] run data modify entity @s {} merge value {transformation:[0.15337103180204292f,-1.4003121211940788f,3.4131777057672843f,0.04887557552099306f,-0.04786951442502109f,273.3019742964999f,0.019670798924353583f,1.191018080546013f,-3.412886893423777f,-3.8962908912886327f,0.15310819584184643f,10.040632435422141f,0f,0f,0f,1f],start_interpolation:0}
execute if entity @s[tag=aj.messemers_assault.locator_origin.spear0] at @s on origin run tp @s ^-0.20601 ^-0.0918 ^10.09101 ~-86.80167 ~5.61279
execute if entity @s[tag=aj.messemers_assault.locator_origin.spear1] at @s on origin run tp @s ^-0.08166 ^1.07749 ^9.92537 ~-86.80167 ~5.61279
execute if entity @s[tag=aj.messemers_assault.locator_origin.spear2] at @s on origin run tp @s ^0.03615 ^2.18525 ^9.76844 ~-86.80167 ~5.61279
execute if entity @s[tag=aj.messemers_assault.bone.spear_of_the_impaler] run data modify entity @s {} merge value {transformation:[0.08889996800516574f,-0.22688323433483834f,-2.152920165289666f,-0.08294115045699851f,-0.31291201928925794f,-2.1334536166902134f,0.2119107785371155f,0.7616769248576618f,-2.1421081458034377f,0.30223187762651704f,-0.12030389965978058f,9.965575244660533f,0f,0f,0f,1f],start_interpolation:0}
execute if entity @s[tag=aj.messemers_assault.bone.left_arm2] run data modify entity @s {} merge value {transformation:[0.10746213621502643f,-0.4035799224529857f,0.9086116527279101f,-0.3912368903684528f,-0.7089353309349812f,0.6096311222291084f,0.3546273979288489f,1.072975536660932f,-0.6970384392787898f,-0.682255920459852f,-0.22059980318501768f,9.699424997097172f,0f,0f,0f,1f],start_interpolation:0}
execute if entity @s[tag=aj.messemers_assault.bone.left_arm] run data modify entity @s {} merge value {transformation:[0.10746213621502643f,0.39724413591835417f,0.9113994655246307f,-0.27849308936198597f,-0.7089353309349812f,0.6733195599406171f,-0.20988441284069187f,1.1526885102792135f,-0.6970384392787898f,-0.6235686543435721f,0.35397676122583954f,9.45640302860143f,0f,0f,0f,1f],start_interpolation:0}
execute if entity @s[tag=aj.messemers_assault.bone.head] run data modify entity @s {} merge value {transformation:[0.977968272455104f,0.06934525681209724f,-0.19689919611020218f,0.014730779142770094f,-0.20168258430826091f,0.557274852575167f,-0.8054619009450832f,1.2484376700509707f,0.05387200811108489f,0.827427322515392f,0.5589828554589925f,9.60862711947442f,0f,0f,0f,1f],start_interpolation:0}
execute if entity @s[tag=aj.messemers_assault.bone.body_top] run data modify entity @s {} merge value {transformation:[0.9897678544849319f,-0.11185103319502712f,-0.08859424700001467f,0.05877212346331203f,0.00600840586619554f,0.6530193595726673f,-0.7573173806814751f,0.9913112972192328f,0.14256048992354692f,0.7490360888478661f,0.6470096168653523f,9.313694159490572f,0f,0f,0f,1f],start_interpolation:0}
execute if entity @s[tag=aj.messemers_assault.bone.body] run data modify entity @s {} merge value {transformation:[0.9897678544849319f,-0.10788014901735128f,-0.09338879845189543f,0.10596968865840321f,0.00600840586619554f,0.6854315500260438f,-0.7281122779405947f,0.6914349940828386f,0.14256048992354692f,0.7201010093569435f,0.6790663023857606f,8.99864996789691f,0f,0f,0f,1f],start_interpolation:0}
execute if entity @s[tag=aj.messemers_assault.locator_origin.player_camera] at @s on origin run tp @s ^0.10045 ^0.18476 ^8.90444 ~-163.77454 ~-24.0168
execute if entity @s[tag=aj.messemers_assault.bone.right_leg2] run data modify entity @s {} merge value {transformation:[0.9977481442322919f,-0.05584819315802026f,0.03714323628875002f,0.24456953340106552f,0.06346042782933978f,0.9653197159264537f,-0.25324024195097317f,0.4922800264847127f,-0.02171208835498356f,0.2550271071173706f,0.966690105387766f,9.306021764312433f,0f,0f,0f,1f],start_interpolation:0}
execute if entity @s[tag=aj.messemers_assault.bone.right_leg] run data modify entity @s {} merge value {transformation:[0.9977481442322919f,-0.061333500066420577f,-0.027144842062901103f,0.2225278068146956f,0.06346042782933978f,0.7322465590937872f,0.6780765080689832f,0.7554311336590425f,-0.02171208835498356f,-0.6782722008640122f,0.7344898956107935f,9.062267692126929f,0f,0f,0f,1f],start_interpolation:0}
execute if entity @s[tag=aj.messemers_assault.bone.left_leg2] run data modify entity @s {} merge value {transformation:[0.956286506130995f,0.1273627618333525f,-0.26323914049767555f,-0.10311381127088266f,-0.28065471881184956f,0.6526044411821651f,-0.7038042143650146f,0.44505555999199564f,0.08215258365027786f,0.7469177801120379f,0.6598217810531033f,8.870129885288891f,0f,0f,0f,1f],start_interpolation:0}
execute if entity @s[tag=aj.messemers_assault.bone.left_leg] run data modify entity @s {} merge value {transformation:[0.956286506130995f,0.23452245756366535f,-0.17468639068362776f,-0.01883230308394043f,-0.28065471881184956f,0.9038478290808181f,-0.32294276687136636f,0.7698758735679146f,0.08215258365027786f,0.35785237006926596f,0.9301573169283749f,8.998733080782534f,0f,0f,0f,1f],start_interpolation:0}