execute if entity @s[tag=aj.messemers_assault.bone.right_arm2] run data modify entity @s {} merge value {transformation:[0.7676694402805078f,0.6248946013260284f,0.14209281365711637f,0.024171720779592593f,-0.28687550624986236f,0.13682431033996323f,0.9481463768922388f,1.2583907792475917f,0.5730498009538936f,-0.768625946305209f,0.2843027968436565f,9.64326800103869f,0f,0f,0f,1f],start_interpolation:0}
execute if entity @s[tag=aj.messemers_assault.bone.right_arm] run data modify entity @s {} merge value {transformation:[0.8192113794120714f,0.5556098884548178f,0.14209281365711637f,0.16307419289329705f,-0.2738588339448827f,0.1613065003540482f,0.9481463768922388f,1.2987174043361038f,0.5038790082074468f,-0.8156456735585341f,0.2843027968436565f,9.439356582649056f,0f,0f,0f,1f],start_interpolation:0}
execute if entity @s[tag=aj.messemers_assault.bone.flame_slash2] run data modify entity @s {} merge value {transformation:[0.000011764745136065515f,-0.010962190788092826f,-0.00422685190251648f,-0.042850059324826155f,-3.2651923202470055e-7f,-0.4648718713148202f,-0.046251556176281836f,0.7898774016686818f,-1.9150570657761311e-7f,0.11917256182397165f,-0.1808082556763897f,10.018004606221519f,0f,0f,0f,1f],start_interpolation:0}
execute if entity @s[tag=aj.messemers_assault.bone.flame_slash] run data modify entity @s {} merge value {transformation:[0.000011764745136065515f,-0.010962190788092826f,-0.00422685190251648f,-0.042850059324826155f,-3.2651923202470055e-7f,-0.4648718713148202f,-0.046251556176281836f,0.7898774016686818f,-1.9150570657761311e-7f,0.11917256182397165f,-0.1808082556763897f,10.018004606221519f,0f,0f,0f,1f],start_interpolation:0}
execute if entity @s[tag=aj.messemers_assault.bone.impaling_thrust] run data modify entity @s {} merge value {transformation:[-0.000013812403942627591f,-0.000006975397454313683f,-0.000004957489766256682f,0.6946412460095368f,0.0000018127015364421405f,0.000006814466117916362f,-0.000014638734295356627f,2.3393222433589766f,0.000008363431566526139f,-0.000012997009617008986f,-0.000005014591763036162f,9.286511303497559f,0f,0f,0f,1f],start_interpolation:0}
execute if entity @s[tag=aj.messemers_assault.locator_origin.spear_head2] at @s on origin run tp @s ^0.19939 ^0.01581 ^10.33871 ~130.86053 ~7.43928
execute if entity @s[tag=aj.messemers_assault.locator_origin.spear_body2] at @s on origin run tp @s ^0.19939 ^0.0158 ^10.33872 ~130.86053 ~7.43928
execute if entity @s[tag=aj.messemers_assault.locator_origin.spear_body3] at @s on origin run tp @s ^0.19939 ^0.0158 ^10.33872 ~130.86053 ~7.43928
execute if entity @s[tag=aj.messemers_assault.bone.spear_effects0] run data modify entity @s {} merge value {transformation:[0.000014244664299532726f,-0.0000015858613804354844f,0.000016248662317868035f,0.19939098321487142f,-8.098096612926337e-7f,0.000021469022998893213f,0.0000028052993120013787f,0.015804813618924243f,-0.00001630577173121649f,-0.0000024516401855658764f,0.000014055451365730807f,10.338715164631367f,0f,0f,0f,1f],start_interpolation:0}
execute if entity @s[tag=aj.messemers_assault.locator_origin.spear_head3] at @s on origin run tp @s ^0.1994 ^0.01581 ^10.33871 ~130.86053 ~7.43928
execute if entity @s[tag=aj.messemers_assault.locator_origin.spear_body4] at @s on origin run tp @s ^0.1994 ^0.0158 ^10.33871 ~130.86053 ~7.43928
execute if entity @s[tag=aj.messemers_assault.locator_origin.spear_body5] at @s on origin run tp @s ^0.19941 ^0.0158 ^10.33871 ~130.86053 ~7.43928
execute if entity @s[tag=aj.messemers_assault.bone.spear_effects1] run data modify entity @s {} merge value {transformation:[0.000014244664299532726f,-0.0000015858613804354844f,0.000016248662317868035f,0.199404757407576f,-8.098096612926337e-7f,0.000021469022998893213f,0.0000028052993120013787f,0.01580479117872696f,-0.00001630577173121649f,-0.0000024516401855658764f,0.000014055451365730807f,10.3387060581852f,0f,0f,0f,1f],start_interpolation:0}
execute if entity @s[tag=aj.messemers_assault.locator_origin.spear_head4] at @s on origin run tp @s ^0.1994 ^0.01582 ^10.33872 ~41.14035 ~-2.14198
execute if entity @s[tag=aj.messemers_assault.locator_origin.spear_body6] at @s on origin run tp @s ^0.1994 ^0.01581 ^10.33872 ~41.14035 ~-2.14198
execute if entity @s[tag=aj.messemers_assault.locator_origin.spear_body7] at @s on origin run tp @s ^0.1994 ^0.0158 ^10.33872 ~41.14035 ~-2.14198
execute if entity @s[tag=aj.messemers_assault.bone.spear_effects2] run data modify entity @s {} merge value {transformation:[-0.000016248662317868038f,-0.0000015858613804354844f,0.000014244664299532725f,0.19940258765017316f,-0.0000028052993120013787f,0.000021469022998893213f,-8.098096612926343e-7f,0.01580628365115826f,-0.000014055451365730806f,-0.0000024516401855658764f,-0.000016305771731216492f,10.338720531295747f,0f,0f,0f,1f],start_interpolation:0}
execute if entity @s[tag=aj.messemers_assault.locator_origin.spear_head5] at @s on origin run tp @s ^0.19939 ^0.01581 ^10.3387 ~41.14035 ~-2.14198
execute if entity @s[tag=aj.messemers_assault.locator_origin.spear_body8] at @s on origin run tp @s ^0.19939 ^0.0158 ^10.3387 ~41.14035 ~-2.14198
execute if entity @s[tag=aj.messemers_assault.locator_origin.spear_body9] at @s on origin run tp @s ^0.19939 ^0.01579 ^10.33871 ~41.14035 ~-2.14198
execute if entity @s[tag=aj.messemers_assault.bone.spear_effects3] run data modify entity @s {} merge value {transformation:[-0.000016248662317868038f,-0.0000015858613804354844f,0.000014244664299532725f,0.19939153228370018f,-0.0000028052993120013787f,0.000021469022998893213f,-8.098096612926343e-7f,0.01580364146963603f,-0.000014055451365730806f,-0.0000024516401855658764f,-0.000016305771731216492f,10.338704544946134f,0f,0f,0f,1f],start_interpolation:0}
execute if entity @s[tag=aj.messemers_assault.locator_origin.spear_head6] at @s on origin run tp @s ^0.19942 ^0.01582 ^10.33871 ~63.44309 ~0.86046
execute if entity @s[tag=aj.messemers_assault.locator_origin.spear_body10] at @s on origin run tp @s ^0.19942 ^0.01581 ^10.33871 ~63.44309 ~0.86046
execute if entity @s[tag=aj.messemers_assault.locator_origin.spear_body11] at @s on origin run tp @s ^0.19942 ^0.0158 ^10.33871 ~63.44309 ~0.86046
execute if entity @s[tag=aj.messemers_assault.bone.spear_effects4] run data modify entity @s {} merge value {transformation:[-0.00000956060951913204f,-0.0000015858613804354844f,0.00001937844766097555f,0.19941644359521934f,-0.000002901659357671944f,0.000021469022998893213f,3.253749982299504e-7f,0.015806408687965f,-0.000019225492530470083f,-0.0000024516401855658764f,-0.00000968578039219359f,10.3387126634242f,0f,0f,0f,1f],start_interpolation:0}
execute if entity @s[tag=aj.messemers_assault.locator_origin.spear_head7] at @s on origin run tp @s ^0.19941 ^0.01582 ^10.33873 ~63.44309 ~0.86046
execute if entity @s[tag=aj.messemers_assault.locator_origin.spear_body12] at @s on origin run tp @s ^0.19941 ^0.01581 ^10.33873 ~63.44309 ~0.86046
execute if entity @s[tag=aj.messemers_assault.locator_origin.spear_body13] at @s on origin run tp @s ^0.19941 ^0.0158 ^10.33873 ~63.44309 ~0.86046
execute if entity @s[tag=aj.messemers_assault.bone.spear_effects5] run data modify entity @s {} merge value {transformation:[-0.00000956060951913204f,-0.0000015858613804354844f,0.00001937844766097555f,0.19941319337876717f,-0.000002901659357671944f,0.000021469022998893213f,3.253749982299504e-7f,0.01580811470915836f,-0.000019225492530470083f,-0.0000024516401855658764f,-0.00000968578039219359f,10.338729705484953f,0f,0f,0f,1f],start_interpolation:0}
execute if entity @s[tag=aj.messemers_assault.locator_origin.spear_head8] at @s on origin run tp @s ^0.19941 ^0.01581 ^10.3387 ~108.24472 ~6.0454
execute if entity @s[tag=aj.messemers_assault.locator_origin.spear_body14] at @s on origin run tp @s ^0.19941 ^0.0158 ^10.3387 ~108.24472 ~6.0454
execute if entity @s[tag=aj.messemers_assault.locator_origin.spear_body15] at @s on origin run tp @s ^0.19941 ^0.0158 ^10.3387 ~108.24472 ~6.0454
execute if entity @s[tag=aj.messemers_assault.bone.spear_effects6] run data modify entity @s {} merge value {transformation:[0.000006942259926689475f,-0.0000015858613804354844f,0.000020463003573199324f,0.1994104867121893f,-0.0000018217081408262749f,0.000021469022998893213f,0.000002281857876180192f,0.01580431334293276f,-0.0000204433571363505f,-0.0000024516401855658764f,0.0000067455951435429245f,10.338698167732641f,0f,0f,0f,1f],start_interpolation:0}
execute if entity @s[tag=aj.messemers_assault.locator_origin.spear_head9] at @s on origin run tp @s ^0.19939 ^0.01582 ^10.33873 ~108.24472 ~6.0454
execute if entity @s[tag=aj.messemers_assault.locator_origin.spear_body16] at @s on origin run tp @s ^0.19939 ^0.01581 ^10.33873 ~108.24472 ~6.0454
execute if entity @s[tag=aj.messemers_assault.locator_origin.spear_body17] at @s on origin run tp @s ^0.19939 ^0.0158 ^10.33873 ~108.24472 ~6.0454
execute if entity @s[tag=aj.messemers_assault.bone.spear_effects7] run data modify entity @s {} merge value {transformation:[0.000006942259926689475f,-0.0000015858613804354844f,0.000020463003573199324f,0.19938562179579544f,-0.0000018217081408262749f,0.000021469022998893213f,0.000002281857876180192f,0.01580595510123655f,-0.0000204433571363505f,-0.0000024516401855658764f,0.0000067455951435429245f,10.338728628669715f,0f,0f,0f,1f],start_interpolation:0}
execute if entity @s[tag=aj.messemers_assault.locator_origin.spear_head10] at @s on origin run tp @s ^0.19939 ^0.01581 ^10.33869 ~108.24472 ~6.0454
execute if entity @s[tag=aj.messemers_assault.locator_origin.spear_body18] at @s on origin run tp @s ^0.19939 ^0.0158 ^10.3387 ~108.24472 ~6.0454
execute if entity @s[tag=aj.messemers_assault.locator_origin.spear_body19] at @s on origin run tp @s ^0.1994 ^0.01579 ^10.3387 ~108.24472 ~6.0454
execute if entity @s[tag=aj.messemers_assault.bone.spear_effects8] run data modify entity @s {} merge value {transformation:[0.000006942259926689475f,-0.0000015858613804354844f,0.000020463003573199324f,0.19939406992664035f,-0.0000018217081408262749f,0.000021469022998893213f,0.000002281857876180192f,0.015802812643722835f,-0.0000204433571363505f,-0.0000024516401855658764f,0.0000067455951435429245f,10.338695645421376f,0f,0f,0f,1f],start_interpolation:0}
execute if entity @s[tag=aj.messemers_assault.locator_origin.spear_head11] at @s on origin run tp @s ^0.19938 ^0.01581 ^10.3387 ~41.14035 ~-2.14198
execute if entity @s[tag=aj.messemers_assault.locator_origin.spear_body20] at @s on origin run tp @s ^0.19938 ^0.0158 ^10.3387 ~41.14035 ~-2.14198
execute if entity @s[tag=aj.messemers_assault.locator_origin.spear_body21] at @s on origin run tp @s ^0.19938 ^0.01579 ^10.3387 ~41.14035 ~-2.14198
execute if entity @s[tag=aj.messemers_assault.bone.spear_effects9] run data modify entity @s {} merge value {transformation:[-0.000016248662317868038f,-0.0000015858613804354844f,0.000014244664299532725f,0.19938050895409395f,-0.0000028052993120013787f,0.000021469022998893213f,-8.098096612926343e-7f,0.015802138401522996f,-0.000014055451365730806f,-0.0000024516401855658764f,-0.000016305771731216492f,10.338698513093961f,0f,0f,0f,1f],start_interpolation:0}
execute if entity @s[tag=aj.messemers_assault.locator_origin.spear_head12] at @s on origin run tp @s ^0.19938 ^0.01581 ^10.33872 ~108.24472 ~6.0454
execute if entity @s[tag=aj.messemers_assault.locator_origin.spear_body22] at @s on origin run tp @s ^0.19938 ^0.0158 ^10.33872 ~108.24472 ~6.0454
execute if entity @s[tag=aj.messemers_assault.locator_origin.spear_body23] at @s on origin run tp @s ^0.19938 ^0.0158 ^10.33872 ~108.24472 ~6.0454
execute if entity @s[tag=aj.messemers_assault.bone.spear_effects10] run data modify entity @s {} merge value {transformation:[0.000006942259926689475f,-0.0000015858613804354844f,0.000020463003573199324f,0.19938360118481732f,-0.0000018217081408262749f,0.000021469022998893213f,0.000002281857876180192f,0.015804472664452333f,-0.0000204433571363505f,-0.0000024516401855658764f,0.0000067455951435429245f,10.3387169540118f,0f,0f,0f,1f],start_interpolation:0}
execute if entity @s[tag=aj.messemers_assault.locator_origin.spear_head13] at @s on origin run tp @s ^0.1994 ^0.01582 ^10.33873 ~41.14035 ~-2.14198
execute if entity @s[tag=aj.messemers_assault.locator_origin.spear_body24] at @s on origin run tp @s ^0.1994 ^0.01581 ^10.33873 ~41.14035 ~-2.14198
execute if entity @s[tag=aj.messemers_assault.locator_origin.spear_body25] at @s on origin run tp @s ^0.1994 ^0.0158 ^10.33873 ~41.14035 ~-2.14198
execute if entity @s[tag=aj.messemers_assault.bone.spear_effects11] run data modify entity @s {} merge value {transformation:[-0.000016248662317868038f,-0.0000015858613804354844f,0.000014244664299532725f,0.1993981840616341f,-0.0000028052993120013787f,0.000021469022998893213f,-8.098096612926343e-7f,0.01580699036920247f,-0.000014055451365730806f,-0.0000024516401855658764f,-0.000016305771731216492f,10.338729568521957f,0f,0f,0f,1f],start_interpolation:0}
execute if entity @s[tag=aj.messemers_assault.locator_origin.flame1] at @s on origin run tp @s ^0.05188 ^1.70234 ^9.91787 ~85.77939 ~3.73398
execute if entity @s[tag=aj.messemers_assault.locator_origin.flame2] at @s on origin run tp @s ^0.05187 ^1.70233 ^9.91786 ~85.77939 ~3.73398
execute if entity @s[tag=aj.messemers_assault.locator_origin.flame3] at @s on origin run tp @s ^0.05189 ^1.70234 ^9.91787 ~85.77939 ~3.73398
execute if entity @s[tag=aj.messemers_assault.locator_origin.flame4] at @s on origin run tp @s ^0.05189 ^1.70234 ^9.91786 ~85.77939 ~3.73398
execute if entity @s[tag=aj.messemers_assault.bone.flame_blast] run data modify entity @s {} merge value {transformation:[-0.0000022345640045469737f,-0.0000025007814076098026f,0.000034001675358312055f,0.05188356715611914f,-0.0000040310381099817655f,0.000033854997805946996f,0.0000022250767236904954f,1.7023362434092841f,-0.0000338543729313743f,-0.000003866047984930806f,-0.0000025092264769754533f,9.917864588302256f,0f,0f,0f,1f],start_interpolation:0}
execute if entity @s[tag=aj.messemers_assault.locator_origin.spear0] at @s on origin run tp @s ^-0.10991 ^0.42019 ^10.1254 ~-92.97749 ~2.11127
execute if entity @s[tag=aj.messemers_assault.locator_origin.spear1] at @s on origin run tp @s ^-0.08279 ^1.5702 ^9.83059 ~-92.97749 ~2.11127
execute if entity @s[tag=aj.messemers_assault.locator_origin.spear2] at @s on origin run tp @s ^-0.0571 ^2.65968 ^9.5513 ~-92.97749 ~2.11127
execute if entity @s[tag=aj.messemers_assault.bone.spear_of_the_impaler] run data modify entity @s {} merge value {transformation:[-0.12873317132914933f,-0.049479091232187994f,-2.1622728862414236f,-0.058585993947014414f,-0.5342396888890716f,-2.098251907551928f,0.07982062211512701f,1.2608767923926887f,-2.095819689252797f,0.5378988719359559f,0.11246812061547598f,9.901955839822326f,0f,0f,0f,1f],start_interpolation:0}
execute if entity @s[tag=aj.messemers_assault.bone.left_arm2] run data modify entity @s {} merge value {transformation:[-0.025762626107175113f,-0.3744188331886054f,0.9269017339770946f,-0.3591480680267069f,-0.9729610621074072f,0.22228253848797458f,0.06274746772713775f,1.4296377838850787f,-0.22952790400926862f,-0.9002227560093252f,-0.3700215275414211f,9.517902948437655f,0f,0f,0f,1f],start_interpolation:0}
execute if entity @s[tag=aj.messemers_assault.bone.left_arm] run data modify entity @s {} merge value {transformation:[-0.025762626107175113f,0.4304299446622152f,0.90225625508175f,-0.25476091012455f,-0.9729610621074072f,0.1964341922238701f,-0.12149230324667384f,1.3571261991776202f,-0.22952790400926862f,-0.8809901650208348f,0.4137309154724529f,9.268964419181287f,0f,0f,0f,1f],start_interpolation:0}
execute if entity @s[tag=aj.messemers_assault.bone.head] run data modify entity @s {} merge value {transformation:[0.9944565550275787f,0.08954084098271493f,0.05512347919705882f,0.04378838696655962f,-0.0667174510531724f,0.9425288012925884f,-0.3273961521748905f,1.4844480214333244f,-0.0812707935709254f,0.32190355159591616f,0.9432778814232249f,9.382884493285422f,0f,0f,0f,1f],start_interpolation:0}
execute if entity @s[tag=aj.messemers_assault.bone.body_top] run data modify entity @s {} merge value {transformation:[0.9897678544849319f,-0.074804573463872f,-0.12150666655448514f,0.07324268776795922f,0.006008405866195554f,0.8726552725044734f,-0.488299779263815f,1.1408400078846879f,0.14256048992354692f,0.48257336349930424f,0.8641755930097347f,9.19287123140757f,0f,0f,0f,1f],start_interpolation:0}
execute if entity @s[tag=aj.messemers_assault.bone.body] run data modify entity @s {} merge value {transformation:[0.9897678544849319f,-0.074804573463872f,-0.12150666655448514f,0.10596968865840321f,0.006008405866195554f,0.8726552725044734f,-0.488299779263815f,0.7590533261639807f,0.14256048992354692f,0.48257336349930424f,0.8641755930097347f,8.981745384876625f,0f,0f,0f,1f],start_interpolation:0}
execute if entity @s[tag=aj.messemers_assault.locator_origin.player_camera] at @s on origin run tp @s ^0.10045 ^0.25238 ^8.88753 ~-163.77454 ~-24.0168
execute if entity @s[tag=aj.messemers_assault.bone.right_leg2] run data modify entity @s {} merge value {transformation:[0.9995686745373032f,0.006751006604927615f,-0.028581266479265836f,0.21435019050065934f,-0.0028273524379360954f,0.9908204278300541f,0.13515504383063442f,0.5701236700552332f,0.02923133527450078f,-0.135015938705359f,0.990412149225554f,9.300533756112827f,0f,0f,0f,1f],start_interpolation:0}
execute if entity @s[tag=aj.messemers_assault.bone.right_leg] run data modify entity @s {} merge value {transformation:[0.9995686745373032f,0.02275510626514443f,-0.018565290803016415f,0.2225278068146956f,-0.0028273524379360954f,0.7037935184276908f,0.7103989650170979f,0.8230494657401846f,0.02923133527450078f,-0.7100400612345997f,0.7035542910678863f,9.045363109106644f,0f,0f,0f,1f],start_interpolation:0}
execute if entity @s[tag=aj.messemers_assault.bone.left_leg2] run data modify entity @s {} merge value {transformation:[0.956286506130995f,0.2006255610587488f,-0.21275690926885665f,-0.10311381127088266f,-0.28065471881184956f,0.8340379266641136f,-0.47498806900223084f,0.5126738920731377f,0.08215258365027786f,0.5139359115061806f,0.8538857252957771f,8.853225302268607f,0f,0f,0f,1f],start_interpolation:0}
execute if entity @s[tag=aj.messemers_assault.bone.left_leg] run data modify entity @s {} merge value {transformation:[0.956286506130995f,0.23452245756366535f,-0.17468639068362776f,-0.01883230308394043f,-0.28065471881184956f,0.9038478290808181f,-0.32294276687136636f,0.8374942056490567f,0.08215258365027786f,0.35785237006926596f,0.9301573169283749f,8.98182849776225f,0f,0f,0f,1f],start_interpolation:0}