execute if entity @s[tag=aj.messemers_assault.bone.right_arm2] run data modify entity @s {} merge value {transformation:[0.7202315908978885f,-0.677176772557874f,-0.1506588005421456f,0.6298976814426341f,0.5007002022424897f,0.6577349986050468f,-0.5627468161476783f,1.547052457766675f,0.48017263869053023f,0.3298731427657005f,0.8127840714081775f,4.938351474438941f,0f,0f,0f,1f],start_interpolation:0}
execute if entity @s[tag=aj.messemers_assault.bone.right_arm] run data modify entity @s {} merge value {transformation:[0.5958376834313256f,-0.78884686779019f,-0.1506588005421456f,0.4326859644950867f,0.6043632881570649f,0.5639690034422385f,-0.5627468161476783f,1.6880447086272348f,0.5288879568785547f,0.24425311120633608f,0.8127840714081775f,4.999414752240526f,0f,0f,0f,1f],start_interpolation:0}
execute if entity @s[tag=aj.messemers_assault.bone.flame_slash2] run data modify entity @s {} merge value {transformation:[0.0000011897036502766568f,9.714977018696237e-7f,-0.000011670189150176255f,-0.27937627255760267f,-0.000011606542683499582f,-0.000001462134102993347f,-0.0000013049322442476877f,1.720208482481077f,-0.0000015573341072910018f,0.000011639195566757914f,8.101570206708423e-7f,6.844077726725606f,0f,0f,0f,1f],start_interpolation:0}
execute if entity @s[tag=aj.messemers_assault.bone.flame_slash] run data modify entity @s {} merge value {transformation:[0.0000011897036502766568f,9.714977018696237e-7f,-0.000011670189150176255f,-0.27937627255760267f,-0.000011606542683499582f,-0.000001462134102993347f,-0.0000013049322442476877f,1.720208482481077f,-0.0000015573341072910018f,0.000011639195566757914f,8.101570206708423e-7f,6.844077726725606f,0f,0f,0f,1f],start_interpolation:0}
execute if entity @s[tag=aj.messemers_assault.bone.impaling_thrust] run data modify entity @s {} merge value {transformation:[-1.1167909678393508f,-0.4602625066931742f,-0.1613160106329409f,0.2562769375151254f,0.4459369972212463f,-0.8004316052057142f,-0.8034525101701201f,1.828294549941518f,0.19749588568704304f,-0.7953327395008234f,0.9019577067780792f,4.318509015772899f,0f,0f,0f,1f],start_interpolation:0}
execute if entity @s[tag=aj.messemers_assault.locator_origin.spear_head2] at @s on origin run tp @s ^-0.03681 ^1.87324 ^6.89982 ~95.63692 ~50.40459
execute if entity @s[tag=aj.messemers_assault.locator_origin.spear_body2] at @s on origin run tp @s ^-0.03681 ^1.87324 ^6.89983 ~95.63692 ~50.40459
execute if entity @s[tag=aj.messemers_assault.locator_origin.spear_body3] at @s on origin run tp @s ^-0.03681 ^1.87323 ^6.89984 ~95.63692 ~50.40459
execute if entity @s[tag=aj.messemers_assault.bone.spear_effects0] run data modify entity @s {} merge value {transformation:[0.00001619555767007042f,-0.00000427615740054615f,0.00001374273750333687f,-0.036810582874910375f,-0.00001279584641513783f,0.0000051931730580451096f,0.000016695559665786685f,1.8732365460256635f,-0.000006588981007718249f,-0.00002059587036081246f,0.00000135642832651763f,6.899830180771261f,0f,0f,0f,1f],start_interpolation:0}
execute if entity @s[tag=aj.messemers_assault.locator_origin.spear_head3] at @s on origin run tp @s ^-0.0368 ^1.87323 ^6.89982 ~95.63692 ~50.40459
execute if entity @s[tag=aj.messemers_assault.locator_origin.spear_body4] at @s on origin run tp @s ^-0.0368 ^1.87323 ^6.89983 ~95.63692 ~50.40459
execute if entity @s[tag=aj.messemers_assault.locator_origin.spear_body5] at @s on origin run tp @s ^-0.03679 ^1.87323 ^6.89983 ~95.63692 ~50.40459
execute if entity @s[tag=aj.messemers_assault.bone.spear_effects1] run data modify entity @s {} merge value {transformation:[0.00001619555767007042f,-0.00000427615740054615f,0.00001374273750333687f,-0.03679588727624682f,-0.00001279584641513783f,0.0000051931730580451096f,0.000016695559665786685f,1.8732305554399749f,-0.000006588981007718249f,-0.00002059587036081246f,0.00000135642832651763f,6.899825619136354f,0f,0f,0f,1f],start_interpolation:0}
execute if entity @s[tag=aj.messemers_assault.locator_origin.spear_head4] at @s on origin run tp @s ^-0.0368 ^1.87325 ^6.89982 ~67.8616 ~-36.198
execute if entity @s[tag=aj.messemers_assault.locator_origin.spear_body6] at @s on origin run tp @s ^-0.0368 ^1.87324 ^6.89983 ~67.8616 ~-36.198
execute if entity @s[tag=aj.messemers_assault.locator_origin.spear_body7] at @s on origin run tp @s ^-0.0368 ^1.87324 ^6.89984 ~67.8616 ~-36.198
execute if entity @s[tag=aj.messemers_assault.bone.spear_effects2] run data modify entity @s {} merge value {transformation:[-0.000013742737503336872f,-0.00000427615740054615f,0.000016195557670070418f,-0.03680009129135592f,-0.000016695559665786685f,0.0000051931730580451096f,-0.000012795846415137832f,1.8732439932654303f,-0.0000013564283265176291f,-0.00002059587036081246f,-0.000006588981007718249f,6.899829880281034f,0f,0f,0f,1f],start_interpolation:0}
execute if entity @s[tag=aj.messemers_assault.locator_origin.spear_head5] at @s on origin run tp @s ^-0.03681 ^1.87323 ^6.89982 ~67.8616 ~-36.198
execute if entity @s[tag=aj.messemers_assault.locator_origin.spear_body8] at @s on origin run tp @s ^-0.03681 ^1.87323 ^6.89983 ~67.8616 ~-36.198
execute if entity @s[tag=aj.messemers_assault.locator_origin.spear_body9] at @s on origin run tp @s ^-0.03681 ^1.87322 ^6.89984 ~67.8616 ~-36.198
execute if entity @s[tag=aj.messemers_assault.bone.spear_effects3] run data modify entity @s {} merge value {transformation:[-0.000013742737503336872f,-0.00000427615740054615f,0.000016195557670070418f,-0.036808511027567825f,-0.000016695559665786685f,0.0000051931730580451096f,-0.000012795846415137832f,1.8732264788415054f,-0.0000013564283265176291f,-0.00002059587036081246f,-0.000006588981007718249f,6.899827212206504f,0f,0f,0f,1f],start_interpolation:0}
execute if entity @s[tag=aj.messemers_assault.locator_origin.spear_head6] at @s on origin run tp @s ^-0.03679 ^1.87324 ^6.89982 ~74.60444 ~-14.52132
execute if entity @s[tag=aj.messemers_assault.locator_origin.spear_body10] at @s on origin run tp @s ^-0.03679 ^1.87324 ^6.89983 ~74.60444 ~-14.52132
execute if entity @s[tag=aj.messemers_assault.locator_origin.spear_body11] at @s on origin run tp @s ^-0.03678 ^1.87324 ^6.89983 ~74.60444 ~-14.52132
execute if entity @s[tag=aj.messemers_assault.bone.spear_effects4] run data modify entity @s {} merge value {transformation:[-0.000006498862301758889f,-0.00000427615740054615f,0.00002022186220685364f,-0.036785495754563885f,-0.00002032144428520277f,0.0000051931730580451096f,-0.000005432706525944364f,1.8732392057705047f,-0.000003774670236010182f,-0.00002059587036081246f,-0.0000055683420453874825f,6.899825642776098f,0f,0f,0f,1f],start_interpolation:0}
execute if entity @s[tag=aj.messemers_assault.locator_origin.spear_head7] at @s on origin run tp @s ^-0.03679 ^1.87326 ^6.89982 ~74.60444 ~-14.52132
execute if entity @s[tag=aj.messemers_assault.locator_origin.spear_body12] at @s on origin run tp @s ^-0.03679 ^1.87325 ^6.89983 ~74.60444 ~-14.52132
execute if entity @s[tag=aj.messemers_assault.locator_origin.spear_body13] at @s on origin run tp @s ^-0.03679 ^1.87325 ^6.89984 ~74.60444 ~-14.52132
execute if entity @s[tag=aj.messemers_assault.bone.spear_effects5] run data modify entity @s {} merge value {transformation:[-0.000006498862301758889f,-0.00000427615740054615f,0.00002022186220685364f,-0.03679112121485068f,-0.00002032144428520277f,0.0000051931730580451096f,-0.000005432706525944364f,1.8732548906901583f,-0.000003774670236010182f,-0.00002059587036081246f,-0.0000055683420453874825f,6.899830765640728f,0f,0f,0f,1f],start_interpolation:0}
execute if entity @s[tag=aj.messemers_assault.locator_origin.spear_head8] at @s on origin run tp @s ^-0.03679 ^1.87323 ^6.89981 ~86.15969 ~29.07174
execute if entity @s[tag=aj.messemers_assault.locator_origin.spear_body14] at @s on origin run tp @s ^-0.03679 ^1.87322 ^6.89982 ~86.15969 ~29.07174
execute if entity @s[tag=aj.messemers_assault.locator_origin.spear_body15] at @s on origin run tp @s ^-0.03679 ^1.87322 ^6.89983 ~86.15969 ~29.07174
execute if entity @s[tag=aj.messemers_assault.bone.spear_effects6] run data modify entity @s {} merge value {transformation:[0.000009703626291114845f,-0.00000427615740054615f,0.0000188944054982575f,-0.03678918029784438f,-0.00001821093468226316f,0.0000051931730580451096f,0.000010527927432879822f,1.873224132332036f,-0.000006606507340885484f,-0.00002059587036081246f,-0.0000012683174996338335f,6.899822607056488f,0f,0f,0f,1f],start_interpolation:0}
execute if entity @s[tag=aj.messemers_assault.locator_origin.spear_head9] at @s on origin run tp @s ^-0.03682 ^1.87325 ^6.89983 ~86.15969 ~29.07174
execute if entity @s[tag=aj.messemers_assault.locator_origin.spear_body16] at @s on origin run tp @s ^-0.03682 ^1.87325 ^6.89983 ~86.15969 ~29.07174
execute if entity @s[tag=aj.messemers_assault.locator_origin.spear_body17] at @s on origin run tp @s ^-0.03682 ^1.87325 ^6.89984 ~86.15969 ~29.07174
execute if entity @s[tag=aj.messemers_assault.bone.spear_effects7] run data modify entity @s {} merge value {transformation:[0.000009703626291114845f,-0.00000427615740054615f,0.0000188944054982575f,-0.03681774013173464f,-0.00001821093468226316f,0.0000051931730580451096f,0.000010527927432879822f,1.8732483830420361f,-0.000006606507340885484f,-0.00002059587036081246f,-0.0000012683174996338335f,6.8998346514359925f,0f,0f,0f,1f],start_interpolation:0}
execute if entity @s[tag=aj.messemers_assault.locator_origin.spear_head10] at @s on origin run tp @s ^-0.03681 ^1.87322 ^6.89981 ~86.15969 ~29.07174
execute if entity @s[tag=aj.messemers_assault.locator_origin.spear_body18] at @s on origin run tp @s ^-0.0368 ^1.87322 ^6.89982 ~86.15969 ~29.07174
execute if entity @s[tag=aj.messemers_assault.locator_origin.spear_body19] at @s on origin run tp @s ^-0.0368 ^1.87322 ^6.89983 ~86.15969 ~29.07174
execute if entity @s[tag=aj.messemers_assault.bone.spear_effects8] run data modify entity @s {} merge value {transformation:[0.000009703626291114845f,-0.00000427615740054615f,0.0000188944054982575f,-0.03680475729088055f,-0.00001821093468226316f,0.0000051931730580451096f,0.000010527927432879822f,1.8732184549244837f,-0.000006606507340885484f,-0.00002059587036081246f,-0.0000012683174996338335f,6.89982440964669f,0f,0f,0f,1f],start_interpolation:0}
execute if entity @s[tag=aj.messemers_assault.locator_origin.spear_head11] at @s on origin run tp @s ^-0.03682 ^1.87322 ^6.89982 ~67.8616 ~-36.198
execute if entity @s[tag=aj.messemers_assault.locator_origin.spear_body20] at @s on origin run tp @s ^-0.03682 ^1.87322 ^6.89983 ~67.8616 ~-36.198
execute if entity @s[tag=aj.messemers_assault.locator_origin.spear_body21] at @s on origin run tp @s ^-0.03682 ^1.87322 ^6.89984 ~67.8616 ~-36.198
execute if entity @s[tag=aj.messemers_assault.bone.spear_effects9] run data modify entity @s {} merge value {transformation:[-0.000013742737503336872f,-0.00000427615740054615f,0.000016195557670070418f,-0.03681834191946919f,-0.000016695559665786685f,0.0000051931730580451096f,-0.000012795846415137832f,1.873218509600021f,-0.0000013564283265176291f,-0.00002059587036081246f,-0.000006588981007718249f,6.899827243901741f,0f,0f,0f,1f],start_interpolation:0}
execute if entity @s[tag=aj.messemers_assault.locator_origin.spear_head12] at @s on origin run tp @s ^-0.03682 ^1.87324 ^6.89982 ~86.15969 ~29.07174
execute if entity @s[tag=aj.messemers_assault.locator_origin.spear_body22] at @s on origin run tp @s ^-0.03682 ^1.87324 ^6.89983 ~86.15969 ~29.07174
execute if entity @s[tag=aj.messemers_assault.locator_origin.spear_body23] at @s on origin run tp @s ^-0.03682 ^1.87323 ^6.89984 ~86.15969 ~29.07174
execute if entity @s[tag=aj.messemers_assault.bone.spear_effects10] run data modify entity @s {} merge value {transformation:[0.000009703626291114845f,-0.00000427615740054615f,0.0000188944054982575f,-0.03681801086538991f,-0.00001821093468226316f,0.0000051931730580451096f,0.000010527927432879822f,1.873236794592459f,-0.000006606507340885484f,-0.00002059587036081246f,-0.0000012683174996338335f,6.899831785661283f,0f,0f,0f,1f],start_interpolation:0}
execute if entity @s[tag=aj.messemers_assault.locator_origin.spear_head13] at @s on origin run tp @s ^-0.03681 ^1.87325 ^6.89982 ~67.8616 ~-36.198
execute if entity @s[tag=aj.messemers_assault.locator_origin.spear_body24] at @s on origin run tp @s ^-0.03681 ^1.87325 ^6.89983 ~67.8616 ~-36.198
execute if entity @s[tag=aj.messemers_assault.locator_origin.spear_body25] at @s on origin run tp @s ^-0.0368 ^1.87325 ^6.89984 ~67.8616 ~-36.198
execute if entity @s[tag=aj.messemers_assault.bone.spear_effects11] run data modify entity @s {} merge value {transformation:[-0.000013742737503336872f,-0.00000427615740054615f,0.000016195557670070418f,-0.03680567701019521f,-0.000016695559665786685f,0.0000051931730580451096f,-0.000012795846415137832f,1.87325177855146f,-0.0000013564283265176291f,-0.00002059587036081246f,-0.000006588981007718249f,6.899833003030862f,0f,0f,0f,1f],start_interpolation:0}
execute if entity @s[tag=aj.messemers_assault.locator_origin.flame1] at @s on origin run tp @s ^-0.36586 ^2.0679 ^5.19775 ~80.0861 ~7.31186
execute if entity @s[tag=aj.messemers_assault.locator_origin.flame2] at @s on origin run tp @s ^-0.36586 ^2.06788 ^5.19774 ~80.0861 ~7.31186
execute if entity @s[tag=aj.messemers_assault.locator_origin.flame3] at @s on origin run tp @s ^-0.36584 ^2.0679 ^5.19774 ~80.0861 ~7.31186
execute if entity @s[tag=aj.messemers_assault.locator_origin.flame4] at @s on origin run tp @s ^-0.36584 ^2.06788 ^5.19774 ~80.0861 ~7.31186
execute if entity @s[tag=aj.messemers_assault.bone.flame_blast] run data modify entity @s {} merge value {transformation:[0.000002735024488079418f,-0.000006743171285476623f,0.000033382785880981236f,-0.3658488511499381f,-0.00003288448085724863f,0.00000818923443768652f,0.000004348386963572707f,2.0678889263041764f,-0.000008859552523122477f,-0.000032478103261281195f,-0.000005834573570596355f,5.1977414116637055f,0f,0f,0f,1f],start_interpolation:0}
execute if entity @s[tag=aj.messemers_assault.locator_origin.spear0] at @s on origin run tp @s ^-0.37011 ^1.76968 ^6.47218 ~-93.97116 ~-6.36498
execute if entity @s[tag=aj.messemers_assault.locator_origin.spear1] at @s on origin run tp @s ^-0.46812 ^1.91719 ^5.29796 ~-93.97116 ~-6.36498
execute if entity @s[tag=aj.messemers_assault.locator_origin.spear2] at @s on origin run tp @s ^-0.56097 ^2.05693 ^4.18554 ~-93.97116 ~-6.36498
execute if entity @s[tag=aj.messemers_assault.bone.spear_of_the_impaler] run data modify entity @s {} merge value {transformation:[0.21898969845800403f,0.1788243557423732f,-2.148141011713859f,-0.4098206628984367f,-2.1364255559008076f,-0.26913618886957186f,-0.2401999175252381f,1.8756555366238779f,-0.2866597294836534f,2.14243599812889f,0.149126248052686f,5.6081751612067565f,0f,0f,0f,1f],start_interpolation:0}
execute if entity @s[tag=aj.messemers_assault.bone.left_arm2] run data modify entity @s {} merge value {transformation:[0.1010721685190788f,0.46309679646068735f,0.88052585076118f,-0.32418862493069367f,-0.9860425642619113f,0.16432914510578212f,0.02675805547115472f,2.0203122945283423f,-0.13230449053091697f,-0.8709404624752785f,0.47324225573030043f,5.111752443683978f,0f,0f,0f,1f],start_interpolation:0}
execute if entity @s[tag=aj.messemers_assault.bone.left_arm] run data modify entity @s {} merge value {transformation:[0.1010721685190788f,0.7064424945590799f,0.7005165370153623f,-0.13494398022603882f,-0.9860425642619113f,0.16476979365298272f,-0.023895115888986324f,1.938249422408849f,-0.13230449053091697f,-0.6883239912865875f,0.7132360091895646f,4.923133384545966f,0f,0f,0f,1f],start_interpolation:0}
execute if entity @s[tag=aj.messemers_assault.bone.head] run data modify entity @s {} merge value {transformation:[0.9280686523367253f,0.2826141506484924f,-0.24252385120463094f,0.18047646319359045f,-0.30811812533256366f,0.9484804994278866f,-0.07381031802243937f,1.9144215734238763f,0.20916930317673593f,0.1432270367572348f,0.9673335611619711f,5.058272165011507f,0f,0f,0f,1f],start_interpolation:0}
execute if entity @s[tag=aj.messemers_assault.bone.body_top] run data modify entity @s {} merge value {transformation:[0.9082079115538009f,0.21986414649785413f,-0.35611535557436136f,0.09390495551006038f,-0.4003275420505826f,0.7045183158666741f,-0.5859964178082698f,1.6370174865513734f,0.1220501883112957f,0.6747693677792105f,0.7278667816572083f,4.792581726448443f,0f,0f,0f,1f],start_interpolation:0}
execute if entity @s[tag=aj.messemers_assault.bone.body] run data modify entity @s {} merge value {transformation:[0.9082079115538009f,0.21986414649785413f,-0.35611535557436136f,-0.0022856085827508005f,-0.4003275420505826f,0.7045183158666741f,-0.5859964178082698f,1.3287907233597034f,0.1220501883112957f,0.6747693677792105f,0.7278667816572083f,4.497370128045039f,0f,0f,0f,1f],start_interpolation:0}
execute if entity @s[tag=aj.messemers_assault.locator_origin.player_camera] at @s on origin run tp @s ^-0.18868 ^0.89667 ^4.28725 ~-149.3939 ~-27.73062
execute if entity @s[tag=aj.messemers_assault.bone.right_leg2] run data modify entity @s {} merge value {transformation:[0.8628525219152056f,-0.2608093954121602f,-0.4329711129963677f,0.0658333035961054f,-0.3318722673346018f,0.35376842586203794f,-0.8744762426946122f,1.0055860629858138f,0.3812431292479389f,0.89823513632447f,0.21869457303143164f,4.4247942281979915f,0f,0f,0f,1f],start_interpolation:0}
execute if entity @s[tag=aj.messemers_assault.bone.right_leg] run data modify entity @s {} merge value {transformation:[0.8628525219152056f,0.16403006728113273f,-0.4781000548549613f,0.12478160902526247f,-0.3318722673346018f,0.8972856271981997f,-0.2911001569867735f,1.3280480852601668f,0.3812431292479389f,0.40984465380346313f,0.8286621966458703f,4.572082150658611f,0f,0f,0f,1f],start_interpolation:0}
execute if entity @s[tag=aj.messemers_assault.bone.left_leg2] run data modify entity @s {} merge value {transformation:[0.715285904315635f,0.46617936836646395f,-0.5206177787943946f,-0.30658936715655705f,-0.6819599508871714f,0.6283479409228937f,-0.374312022948671f,1.234541168763005f,0.15263256688312363f,0.6227805886886684f,0.7673640843037055f,4.490034820449008f,0f,0f,0f,1f],start_interpolation:0}
execute if entity @s[tag=aj.messemers_assault.bone.left_leg] run data modify entity @s {} merge value {transformation:[0.715285904315635f,0.6539006873290497f,-0.24653593287381229f,-0.0715938076476798f,-0.6819599508871714f,0.730189488117585f,-0.0418800289940911f,1.496953016055262f,0.15263256688312363f,0.19808382708635142f,0.9682283289459637f,4.561221195808166f,0f,0f,0f,1f],start_interpolation:0}