execute if entity @s[tag=aj.messemers_assault.bone.right_arm2] run data modify entity @s {} merge value {transformation:[0.7212455617434057f,-0.6700610872327442f,-0.17556474316306137f,0.4745354749319073f,0.6924013806649519f,0.69023309694205f,0.21013947734553529f,1.9914528461250127f,-0.019625690273394517f,-0.27312343594473754f,0.9617787796676704f,0.027829567751910672f,0f,0f,0f,1f],start_interpolation:0}
execute if entity @s[tag=aj.messemers_assault.bone.right_arm] run data modify entity @s {} merge value {transformation:[0.5337548594616566f,-0.8272138604733091f,-0.17556474316306137f,0.26773200981358f,0.841217426897668f,0.4981913696006905f,0.21013947734553529f,2.1160006885251854f,-0.08636544844284469f,-0.25985108869549245f,0.9617787796676704f,-0.03713320442196244f,0f,0f,0f,1f],start_interpolation:0}
execute if entity @s[tag=aj.messemers_assault.bone.flame_slash2] run data modify entity @s {} merge value {transformation:[0.0000030354970802767295f,-0.000011357279783964505f,-5.92005697180139e-7f,-2.206115582799712f,-0.000009896860138163456f,-0.0000029398577041699545f,0.0000056534868396393095f,1.8780986544083336f,-0.000005602716684107253f,-9.601822478544627e-7f,-0.000010307285441358577f,-0.8035084355959587f,0f,0f,0f,1f],start_interpolation:0}
execute if entity @s[tag=aj.messemers_assault.bone.flame_slash] run data modify entity @s {} merge value {transformation:[0.0000030354970802767295f,-0.000011357279783964505f,-5.92005697180139e-7f,-2.206115582799712f,-0.000009896860138163456f,-0.0000029398577041699545f,0.0000056534868396393095f,1.8780986544083336f,-0.000005602716684107253f,-9.601822478544627e-7f,-0.000010307285441358577f,-0.8035084355959587f,0f,0f,0f,1f],start_interpolation:0}
execute if entity @s[tag=aj.messemers_assault.bone.impaling_thrust] run data modify entity @s {} merge value {transformation:[-0.0000017253736447192878f,0.000010508194693446171f,-0.000012272583557394825f,0.18586193539074336f,0.000014191342846787022f,-0.000004914039314634941f,-0.000006202691586857183f,1.93355515193444f,-0.000007722969059471542f,-0.000011377409151531462f,-0.000008655962511910116f,-0.15155510621610846f,0f,0f,0f,1f],start_interpolation:0}
execute if entity @s[tag=aj.messemers_assault.locator_origin.spear0] at @s on origin run tp @s ^-1.84336 ^2.00898 ^-0.81979 ~-3.28721 ~28.70475
execute if entity @s[tag=aj.messemers_assault.locator_origin.spear1] at @s on origin run tp @s ^-0.87849 ^2.25874 ^-0.73822 ~-3.28721 ~28.70475
execute if entity @s[tag=aj.messemers_assault.locator_origin.spear2] at @s on origin run tp @s ^0.14668 ^2.52411 ^-0.65154 ~-3.28721 ~28.70475
execute if entity @s[tag=aj.messemers_assault.locator_origin.spear_head2] at @s on origin run tp @s ^-2.28201 ^1.85473 ^-0.52234 ~-170.27457 ~14.25742
execute if entity @s[tag=aj.messemers_assault.locator_origin.spear_body2] at @s on origin run tp @s ^-2.28202 ^1.85472 ^-0.52234 ~-170.27457 ~14.25742
execute if entity @s[tag=aj.messemers_assault.locator_origin.spear_body3] at @s on origin run tp @s ^-2.28203 ^1.85472 ^-0.52234 ~-170.27457 ~14.25742
execute if entity @s[tag=aj.messemers_assault.bone.spear_effects0] run data modify entity @s {} merge value {transformation:[0.000008122805793353317f,0.000019770705548822913f,-0.000003547347260933536f,-2.2820201844554844f,-0.000019070023238901192f,0.00000879234576450606f,0.000005336039174292559f,1.854722689913241f,0.00000630861982969954f,0.0000011217408361823608f,0.000020697522986705597f,-0.5223392802695582f,0f,0f,0f,1f],start_interpolation:0}
execute if entity @s[tag=aj.messemers_assault.locator_origin.spear_head3] at @s on origin run tp @s ^-2.28201 ^1.85471 ^-0.52233 ~-170.27457 ~14.25742
execute if entity @s[tag=aj.messemers_assault.locator_origin.spear_body4] at @s on origin run tp @s ^-2.28202 ^1.85471 ^-0.52233 ~-170.27457 ~14.25742
execute if entity @s[tag=aj.messemers_assault.locator_origin.spear_body5] at @s on origin run tp @s ^-2.28202 ^1.85471 ^-0.52233 ~-170.27457 ~14.25742
execute if entity @s[tag=aj.messemers_assault.bone.spear_effects1] run data modify entity @s {} merge value {transformation:[0.000008122805793353317f,0.000019770705548822913f,-0.000003547347260933536f,-2.282014943416684f,-0.000019070023238901192f,0.00000879234576450606f,0.000005336039174292559f,1.8547097751427368f,0.00000630861982969954f,0.0000011217408361823608f,0.000020697522986705597f,-0.5223304260917239f,0f,0f,0f,1f],start_interpolation:0}
execute if entity @s[tag=aj.messemers_assault.locator_origin.spear_head4] at @s on origin run tp @s ^-2.28201 ^1.85473 ^-0.52233 ~127.83489 ~-61.66106
execute if entity @s[tag=aj.messemers_assault.locator_origin.spear_body6] at @s on origin run tp @s ^-2.28202 ^1.85472 ^-0.52233 ~127.83489 ~-61.66106
execute if entity @s[tag=aj.messemers_assault.locator_origin.spear_body7] at @s on origin run tp @s ^-2.28203 ^1.85472 ^-0.52233 ~127.83489 ~-61.66106
execute if entity @s[tag=aj.messemers_assault.bone.spear_effects2] run data modify entity @s {} merge value {transformation:[0.0000035473472609335347f,0.000019770705548822913f,0.000008122805793353317f,-2.282020884965985f,-0.000005336039174292556f,0.00000879234576450606f,-0.000019070023238901192f,1.854722625639498f,-0.000020697522986705597f,0.0000011217408361823608f,0.000006308619829699535f,-0.5223264299717436f,0f,0f,0f,1f],start_interpolation:0}
execute if entity @s[tag=aj.messemers_assault.locator_origin.spear_head5] at @s on origin run tp @s ^-2.28201 ^1.85472 ^-0.52234 ~127.83489 ~-61.66106
execute if entity @s[tag=aj.messemers_assault.locator_origin.spear_body8] at @s on origin run tp @s ^-2.28202 ^1.85471 ^-0.52234 ~127.83489 ~-61.66106
execute if entity @s[tag=aj.messemers_assault.locator_origin.spear_body9] at @s on origin run tp @s ^-2.28202 ^1.85471 ^-0.52234 ~127.83489 ~-61.66106
execute if entity @s[tag=aj.messemers_assault.bone.spear_effects3] run data modify entity @s {} merge value {transformation:[0.0000035473472609335347f,0.000019770705548822913f,0.000008122805793353317f,-2.2820159511257825f,-0.000005336039174292556f,0.00000879234576450606f,-0.000019070023238901192f,1.8547136667337838f,-0.000020697522986705597f,0.0000011217408361823608f,0.000006308619829699535f,-0.5223431679780244f,0f,0f,0f,1f],start_interpolation:0}
execute if entity @s[tag=aj.messemers_assault.locator_origin.spear_head6] at @s on origin run tp @s ^-2.28201 ^1.85471 ^-0.52232 ~155.91126 ~-45.96459
execute if entity @s[tag=aj.messemers_assault.locator_origin.spear_body10] at @s on origin run tp @s ^-2.28202 ^1.85471 ^-0.52232 ~155.91126 ~-45.96459
execute if entity @s[tag=aj.messemers_assault.locator_origin.spear_body11] at @s on origin run tp @s ^-2.28202 ^1.85471 ^-0.52232 ~155.91126 ~-45.96459
execute if entity @s[tag=aj.messemers_assault.bone.spear_effects4] run data modify entity @s {} merge value {transformation:[0.00000638578473052195f,0.000019770705548822913f,0.000006146982993438288f,-2.2820161200066673f,-0.000012227639326152057f,0.00000879234576450606f,-0.000015576390368482552f,1.8547107065050843f,-0.00001670781357118329f,0.0000011217408361823608f,0.000013749003877062088f,-0.5223169888040441f,0f,0f,0f,1f],start_interpolation:0}
execute if entity @s[tag=aj.messemers_assault.locator_origin.spear_head7] at @s on origin run tp @s ^-2.28201 ^1.85473 ^-0.52231 ~155.91126 ~-45.96459
execute if entity @s[tag=aj.messemers_assault.locator_origin.spear_body12] at @s on origin run tp @s ^-2.28202 ^1.85473 ^-0.52231 ~155.91126 ~-45.96459
execute if entity @s[tag=aj.messemers_assault.locator_origin.spear_body13] at @s on origin run tp @s ^-2.28203 ^1.85472 ^-0.52231 ~155.91126 ~-45.96459
execute if entity @s[tag=aj.messemers_assault.bone.spear_effects5] run data modify entity @s {} merge value {transformation:[0.00000638578473052195f,0.000019770705548822913f,0.000006146982993438288f,-2.282023200369035f,-0.000012227639326152057f,0.00000879234576450606f,-0.000015576390368482552f,1.8547261085467146f,-0.00001670781357118329f,0.0000011217408361823608f,0.000013749003877062088f,-0.5223129204097211f,0f,0f,0f,1f],start_interpolation:0}
execute if entity @s[tag=aj.messemers_assault.locator_origin.spear_head8] at @s on origin run tp @s ^-2.282 ^1.85471 ^-0.52233 ~-179.55077 ~-6.27432
execute if entity @s[tag=aj.messemers_assault.locator_origin.spear_body14] at @s on origin run tp @s ^-2.28201 ^1.8547 ^-0.52233 ~-179.55077 ~-6.27432
execute if entity @s[tag=aj.messemers_assault.locator_origin.spear_body15] at @s on origin run tp @s ^-2.28202 ^1.8547 ^-0.52233 ~-179.55077 ~-6.27432
execute if entity @s[tag=aj.messemers_assault.bone.spear_effects6] run data modify entity @s {} merge value {transformation:[0.000008862005044648179f,0.000019770705548822913f,-1.6885832765098454e-7f,-2.2820111536692833f,-0.000019660417941388266f,0.00000879234576450606f,-0.0000023679245705374142f,1.8547009999627524f,-0.000002092194398953601f,0.0000011217408361823608f,0.000021536222151015067f,-0.5223284395039766f,0f,0f,0f,1f],start_interpolation:0}
execute if entity @s[tag=aj.messemers_assault.locator_origin.spear_head9] at @s on origin run tp @s ^-2.28202 ^1.85474 ^-0.52234 ~-179.55077 ~-6.27432
execute if entity @s[tag=aj.messemers_assault.locator_origin.spear_body16] at @s on origin run tp @s ^-2.28203 ^1.85474 ^-0.52234 ~-179.55077 ~-6.27432
execute if entity @s[tag=aj.messemers_assault.locator_origin.spear_body17] at @s on origin run tp @s ^-2.28203 ^1.85473 ^-0.52234 ~-179.55077 ~-6.27432
execute if entity @s[tag=aj.messemers_assault.bone.spear_effects7] run data modify entity @s {} merge value {transformation:[0.000008862005044648179f,0.000019770705548822913f,-1.6885832765098454e-7f,-2.2820261165605564f,-0.000019660417941388266f,0.00000879234576450606f,-0.0000023679245705374142f,1.8547359454556323f,-0.000002092194398953601f,0.0000011217408361823608f,0.000021536222151015067f,-0.5223386254029122f,0f,0f,0f,1f],start_interpolation:0}
execute if entity @s[tag=aj.messemers_assault.locator_origin.spear_head10] at @s on origin run tp @s ^-2.282 ^1.85471 ^-0.52234 ~-179.55077 ~-6.27432
execute if entity @s[tag=aj.messemers_assault.locator_origin.spear_body18] at @s on origin run tp @s ^-2.28201 ^1.85471 ^-0.52234 ~-179.55077 ~-6.27432
execute if entity @s[tag=aj.messemers_assault.locator_origin.spear_body19] at @s on origin run tp @s ^-2.28202 ^1.8547 ^-0.52234 ~-179.55077 ~-6.27432
execute if entity @s[tag=aj.messemers_assault.bone.spear_effects8] run data modify entity @s {} merge value {transformation:[0.000008862005044648179f,0.000019770705548822913f,-1.6885832765098454e-7f,-2.2820121519341523f,-0.000019660417941388266f,0.00000879234576450606f,-0.0000023679245705374142f,1.8547052965994297f,-0.000002092194398953601f,0.0000011217408361823608f,0.000021536222151015067f,-0.5223445226436114f,0f,0f,0f,1f],start_interpolation:0}
execute if entity @s[tag=aj.messemers_assault.locator_origin.spear_head11] at @s on origin run tp @s ^-2.28201 ^1.85472 ^-0.52236 ~127.83489 ~-61.66106
execute if entity @s[tag=aj.messemers_assault.locator_origin.spear_body20] at @s on origin run tp @s ^-2.28201 ^1.85471 ^-0.52236 ~127.83489 ~-61.66106
execute if entity @s[tag=aj.messemers_assault.locator_origin.spear_body21] at @s on origin run tp @s ^-2.28202 ^1.85471 ^-0.52236 ~127.83489 ~-61.66106
execute if entity @s[tag=aj.messemers_assault.bone.spear_effects9] run data modify entity @s {} merge value {transformation:[0.0000035473472609335347f,0.000019770705548822913f,0.000008122805793353317f,-2.28201491924849f,-0.000005336039174292556f,0.00000879234576450606f,-0.000019070023238901192f,1.8547129530531372f,-0.000020697522986705597f,0.0000011217408361823608f,0.000006308619829699535f,-0.5223557609180778f,0f,0f,0f,1f],start_interpolation:0}
execute if entity @s[tag=aj.messemers_assault.locator_origin.spear_head12] at @s on origin run tp @s ^-2.28201 ^1.85473 ^-0.52234 ~-179.55077 ~-6.27432
execute if entity @s[tag=aj.messemers_assault.locator_origin.spear_body22] at @s on origin run tp @s ^-2.28202 ^1.85473 ^-0.52234 ~-179.55077 ~-6.27432
execute if entity @s[tag=aj.messemers_assault.locator_origin.spear_body23] at @s on origin run tp @s ^-2.28203 ^1.85472 ^-0.52235 ~-179.55077 ~-6.27432
execute if entity @s[tag=aj.messemers_assault.bone.spear_effects10] run data modify entity @s {} merge value {transformation:[0.000008862005044648179f,0.000019770705548822913f,-1.6885832765098454e-7f,-2.2820217804595746f,-0.000019660417941388266f,0.00000879234576450606f,-0.0000023679245705374142f,1.8547270471854613f,-0.000002092194398953601f,0.0000011217408361823608f,0.000021536222151015067f,-0.5223453035120189f,0f,0f,0f,1f],start_interpolation:0}
execute if entity @s[tag=aj.messemers_assault.locator_origin.spear_head13] at @s on origin run tp @s ^-2.28202 ^1.85474 ^-0.52233 ~127.83489 ~-61.66106
execute if entity @s[tag=aj.messemers_assault.locator_origin.spear_body24] at @s on origin run tp @s ^-2.28202 ^1.85473 ^-0.52233 ~127.83489 ~-61.66106
execute if entity @s[tag=aj.messemers_assault.locator_origin.spear_body25] at @s on origin run tp @s ^-2.28203 ^1.85473 ^-0.52233 ~127.83489 ~-61.66106
execute if entity @s[tag=aj.messemers_assault.bone.spear_effects11] run data modify entity @s {} merge value {transformation:[0.0000035473472609335347f,0.000019770705548822913f,0.000008122805793353317f,-2.2820249641387673f,-0.000005336039174292556f,0.00000879234576450606f,-0.000019070023238901192f,1.8547318361828844f,-0.000020697522986705597f,0.0000011217408361823608f,0.000006308619829699535f,-0.522326727864238f,0f,0f,0f,1f],start_interpolation:0}
execute if entity @s[tag=aj.messemers_assault.locator_origin.flame1] at @s on origin run tp @s ^-0.618 ^2.37796 ^-0.54505 ~170.3841 ~-26.62942
execute if entity @s[tag=aj.messemers_assault.locator_origin.flame2] at @s on origin run tp @s ^-0.61799 ^2.37795 ^-0.54506 ~170.3841 ~-26.62942
execute if entity @s[tag=aj.messemers_assault.locator_origin.flame3] at @s on origin run tp @s ^-0.618 ^2.37795 ^-0.54503 ~170.3841 ~-26.62942
execute if entity @s[tag=aj.messemers_assault.locator_origin.flame4] at @s on origin run tp @s ^-0.61799 ^2.37794 ^-0.54504 ~170.3841 ~-26.62942
execute if entity @s[tag=aj.messemers_assault.bone.flame_blast] run data modify entity @s {} merge value {transformation:[0.000013012839186500633f,0.000031176881826989984f,0.000005101878767991805f,-0.6179955710723612f,-0.000027214053138911085f,0.000013864852936336482f,-0.00001531412014832703f,2.3779516340260027f,-0.000016044389647783688f,0.0000017688990109029538f,0.000030113280595618082f,-0.5450431820791903f,0f,0f,0f,1f],start_interpolation:0}
execute if entity @s[tag=aj.messemers_assault.bone.spear_of_the_impaler] run data modify entity @s {} merge value {transformation:[0.5587463652190794f,-2.090543535455413f,-0.10897096018891055f,-1.0000716175852773f,-1.8217229280867242f,-0.5411419490861509f,1.0406418253495364f,2.2062949734567496f,-1.0312965223843438f,-0.176741511109494f,-1.8972702405332598f,-0.7236347402885939f,0f,0f,0f,1f],start_interpolation:0}
execute if entity @s[tag=aj.messemers_assault.bone.left_arm2] run data modify entity @s {} merge value {transformation:[0.25788293779342125f,0.9648662471332676f,0.050294289317958596f,-0.14163115068867982f,-0.8407951975784882f,0.2497578226551465f,-0.4802962270844015f,2.533022804423349f,-0.4759830103312356f,0.08157300512745888f,0.8756631879384277f,-0.69218465066947f,0f,0f,0f,1f],start_interpolation:0}
execute if entity @s[tag=aj.messemers_assault.bone.left_arm] run data modify entity @s {} merge value {transformation:[0.25788293779342125f,0.22544899231243315f,-0.9395047324310521f,-0.05303353538639388f,-0.8407951975784882f,-0.4266807304303654f,-0.3331771150729901f,2.3212532221184468f,-0.4759830103312356f,0.8758517603708507f,0.07952274977197793f,-0.5327195868681618f,0f,0f,0f,1f],start_interpolation:0}
execute if entity @s[tag=aj.messemers_assault.bone.head] run data modify entity @s {} merge value {transformation:[0.9694629925404806f,-0.013055868543919671f,-0.24488987400670492f,0.11669356626712399f,-0.08829917517308518f,0.9130247044246803f,-0.3982325260121f,2.3531937476894256f,0.22878977634109593f,0.4076952702776781f,0.883990839791342f,-0.23524214857990092f,0f,0f,0f,1f],start_interpolation:0}
execute if entity @s[tag=aj.messemers_assault.bone.body_top] run data modify entity @s {} merge value {transformation:[0.5132248723199582f,0.06500402819847606f,-0.8557889382027174f,0.09109823016397403f,-0.3284040537492184f,0.9361168164703279f,-0.1258415011136592f,1.984597751204234f,0.792938211913919f,0.3456295448011213f,0.5017860199799578f,-0.37133378184534244f,0f,0f,0f,1f],start_interpolation:0}
execute if entity @s[tag=aj.messemers_assault.bone.body] run data modify entity @s {} merge value {transformation:[0.5132248723199582f,0.06500402819847606f,-0.8557889382027174f,0.06265896782714075f,-0.3284040537492184f,0.9361168164703279f,-0.1258415011136592f,1.5750466439984656f,0.792938211913919f,0.3456295448011213f,0.5017860199799578f,-0.522546707695833f,0f,0f,0f,1f],start_interpolation:0}
execute if entity @s[tag=aj.messemers_assault.locator_origin.player_camera] at @s on origin run tp @s ^-0.57606 ^1.1052 ^-0.4134 ~-115 ~0
execute if entity @s[tag=aj.messemers_assault.bone.right_leg2] run data modify entity @s {} merge value {transformation:[0.3671664242577588f,-0.7484220962086202f,-0.5523161982093828f,0.14442860335170948f,-0.13745639483414224f,0.5436118071153202f,-0.8280047962928816f,1.252184885734783f,0.919942691919976f,0.3799349537374927f,0.0967206002437822f,-0.4530122703857142f,0f,0f,0f,1f],start_interpolation:0}
execute if entity @s[tag=aj.messemers_assault.bone.right_leg] run data modify entity @s {} merge value {transformation:[0.3671664242577588f,-0.0579776957756304f,-0.9283465967462368f,0.12359286893234231f,-0.13745639483414224f,0.9837154071690601f,-0.1158004197635344f,1.605707610186164f,0.919942691919976f,0.1701252023974074f,0.3532178634954204f,-0.3918735257741459f,0f,0f,0f,1f],start_interpolation:0}
execute if entity @s[tag=aj.messemers_assault.bone.left_leg2] run data modify entity @s {} merge value {transformation:[0.2496865112541723f,0.0932626794420724f,-0.963825045701244f,-0.2477496585670486f,-0.5474592105318993f,0.8346013858154174f,-0.061065044000427615f,1.5363837815943011f,0.7987146292021384f,0.5429020164065241f,0.25944622117159566f,-0.6449372841710289f,0f,0f,0f,1f],start_interpolation:0}
execute if entity @s[tag=aj.messemers_assault.bone.left_leg] run data modify entity @s {} merge value {transformation:[0.2496865112541723f,0.7736137158125718f,-0.5823903028076493f,0.03026777055309441f,-0.5474592105318993f,0.608870396532184f,0.5740777412777215f,1.7551965803480547f,0.7987146292021384f,0.1754954669881998f,0.5755486792314652f,-0.5818686007221446f,0f,0f,0f,1f],start_interpolation:0}