execute if entity @s[tag=aj.messemers_assault.bone.right_arm2] run data modify entity @s {} merge value {transformation:[0.8490660543428613f,-0.5202205195438765f,-0.09196437575574223f,0.38666469597375164f,0.5248553142098529f,0.8108624868754878f,0.2588994525366475f,2.013313346580995f,-0.0601143452789869f,-0.26809072797021133f,0.961516316589625f,-0.1567395847367188f,0f,0f,0f,1f],start_interpolation:0}
execute if entity @s[tag=aj.messemers_assault.bone.right_arm] run data modify entity @s {} merge value {transformation:[0.6810595151149773f,-0.7264299625312872f,-0.09196437575574223f,0.2050572053409298f,0.720785975188068f,0.6429919528644273f,0.2588994525366475f,2.174061334797102f,-0.12893996604442487f,-0.24261256786980692f,0.961516316589625f,-0.21739272670417054f,0f,0f,0f,1f],start_interpolation:0}
execute if entity @s[tag=aj.messemers_assault.bone.flame_slash2] run data modify entity @s {} merge value {transformation:[0.000002470338253357568f,-0.000011467137330532797f,-9.770914582629413e-7f,-2.4925958604625733f,-0.000010212455047790305f,-0.0000026449459968745194f,0.0000052213542239146086f,1.928177527410016f,-0.000005306195263272139f,-2.480715167640002e-7f,-0.000010504059677653672f,-0.8377897112260844f,0f,0f,0f,1f],start_interpolation:0}
execute if entity @s[tag=aj.messemers_assault.bone.flame_slash] run data modify entity @s {} merge value {transformation:[0.000002470338253357568f,-0.000011467137330532797f,-9.770914582629413e-7f,-2.4925958604625733f,-0.000010212455047790305f,-0.0000026449459968745194f,0.0000052213542239146086f,1.928177527410016f,-0.000005306195263272139f,-2.480715167640002e-7f,-0.000010504059677653672f,-0.8377897112260844f,0f,0f,0f,1f],start_interpolation:0}
execute if entity @s[tag=aj.messemers_assault.bone.impaling_thrust] run data modify entity @s {} merge value {transformation:[0.0000012443783171245006f,0.000007717237785568826f,-0.000014244688156199098f,-0.20002550897877702f,0.000014541606417554894f,-0.000006830223485468361f,-0.0000024300426000346093f,1.9702935277686693f,-0.0000071420292986865335f,-0.00001256215209277634f,-0.000007429611658569913f,-0.36358814813416085f,0f,0f,0f,1f],start_interpolation:0}
execute if entity @s[tag=aj.messemers_assault.locator_origin.spear0] at @s on origin run tp @s ^-2.12778 ^2.04758 ^-0.87835 ~-5.31438 ~26.33278
execute if entity @s[tag=aj.messemers_assault.locator_origin.spear1] at @s on origin run tp @s ^-1.15359 ^2.27228 ^-0.85727 ~-5.31438 ~26.33278
execute if entity @s[tag=aj.messemers_assault.locator_origin.spear2] at @s on origin run tp @s ^-0.1185 ^2.51103 ^-0.83488 ~-5.31438 ~26.33278
execute if entity @s[tag=aj.messemers_assault.locator_origin.spear_head2] at @s on origin run tp @s ^-2.5543 ^1.91911 ^-0.55235 ~-173.58509 ~16.95873
execute if entity @s[tag=aj.messemers_assault.locator_origin.spear_body2] at @s on origin run tp @s ^-2.55431 ^1.91911 ^-0.55235 ~-173.58509 ~16.95873
execute if entity @s[tag=aj.messemers_assault.locator_origin.spear_body3] at @s on origin run tp @s ^-2.55431 ^1.9191 ^-0.55235 ~-173.58509 ~16.95873
execute if entity @s[tag=aj.messemers_assault.bone.spear_effects0] run data modify entity @s {} merge value {transformation:[0.000007923794217798084f,0.000020032384034372978f,-0.0000023154955274911932f,-2.554305309160901f,-0.000019011437095605f,0.00000825044930721931f,0.000006319793527743065f,1.9191051385773974f,0.000006724818897062449f,-2.795005775425179e-7f,0.000020594735605812208f,-0.5523537746697755f,0f,0f,0f,1f],start_interpolation:0}
execute if entity @s[tag=aj.messemers_assault.locator_origin.spear_head3] at @s on origin run tp @s ^-2.55429 ^1.9191 ^-0.55234 ~-173.58509 ~16.95873
execute if entity @s[tag=aj.messemers_assault.locator_origin.spear_body4] at @s on origin run tp @s ^-2.5543 ^1.91909 ^-0.55234 ~-173.58509 ~16.95873
execute if entity @s[tag=aj.messemers_assault.locator_origin.spear_body5] at @s on origin run tp @s ^-2.55431 ^1.91909 ^-0.55234 ~-173.58509 ~16.95873
execute if entity @s[tag=aj.messemers_assault.bone.spear_effects1] run data modify entity @s {} merge value {transformation:[0.000007923794217798084f,0.000020032384034372978f,-0.0000023154955274911932f,-2.5542999629923075f,-0.000019011437095605f,0.00000825044930721931f,0.000006319793527743065f,1.9190924674863206f,0.000006724818897062449f,-2.795005775425179e-7f,0.000020594735605812208f,-0.5523446358414976f,0f,0f,0f,1f],start_interpolation:0}
execute if entity @s[tag=aj.messemers_assault.locator_origin.spear_head4] at @s on origin run tp @s ^-2.5543 ^1.91911 ^-0.55234 ~130.32082 ~-61.33638
execute if entity @s[tag=aj.messemers_assault.locator_origin.spear_body6] at @s on origin run tp @s ^-2.55431 ^1.91911 ^-0.55234 ~130.32082 ~-61.33638
execute if entity @s[tag=aj.messemers_assault.locator_origin.spear_body7] at @s on origin run tp @s ^-2.55431 ^1.9191 ^-0.55234 ~130.32082 ~-61.33638
execute if entity @s[tag=aj.messemers_assault.bone.spear_effects2] run data modify entity @s {} merge value {transformation:[0.000002315495527491192f,0.000020032384034372978f,0.000007923794217798084f,-2.5543053386048484f,-0.000006319793527743061f,0.00000825044930721931f,-0.000019011437095605f,1.9191056457100704f,-0.000020594735605812208f,-2.795005775425179e-7f,0.0000067248188970624465f,-0.5523409151616393f,0f,0f,0f,1f],start_interpolation:0}
execute if entity @s[tag=aj.messemers_assault.locator_origin.spear_head5] at @s on origin run tp @s ^-2.55429 ^1.9191 ^-0.55236 ~130.32082 ~-61.33638
execute if entity @s[tag=aj.messemers_assault.locator_origin.spear_body8] at @s on origin run tp @s ^-2.5543 ^1.9191 ^-0.55236 ~130.32082 ~-61.33638
execute if entity @s[tag=aj.messemers_assault.locator_origin.spear_body9] at @s on origin run tp @s ^-2.55431 ^1.91909 ^-0.55236 ~130.32082 ~-61.33638
execute if entity @s[tag=aj.messemers_assault.bone.spear_effects3] run data modify entity @s {} merge value {transformation:[0.000002315495527491192f,0.000020032384034372978f,0.000007923794217798084f,-2.5543015298548615f,-0.000006319793527743061f,0.00000825044930721931f,-0.000019011437095605f,1.9190958371137836f,-0.000020594735605812208f,-2.795005775425179e-7f,0.0000067248188970624465f,-0.5523574696319548f,0f,0f,0f,1f],start_interpolation:0}
execute if entity @s[tag=aj.messemers_assault.locator_origin.spear_head6] at @s on origin run tp @s ^-2.55429 ^1.9191 ^-0.55233 ~155.46151 ~-44.34978
execute if entity @s[tag=aj.messemers_assault.locator_origin.spear_body10] at @s on origin run tp @s ^-2.5543 ^1.91909 ^-0.55233 ~155.46151 ~-44.34978
execute if entity @s[tag=aj.messemers_assault.locator_origin.spear_body11] at @s on origin run tp @s ^-2.55431 ^1.91909 ^-0.55233 ~155.46151 ~-44.34978
execute if entity @s[tag=aj.messemers_assault.bone.spear_effects4] run data modify entity @s {} merge value {transformation:[0.000005171543694092161f,0.000020032384034372978f,0.000006434529521568587f,-2.5543004101442093f,-0.000013114089891918231f,0.00000825044930721931f,-0.000015145797337219886f,1.9190940079969714f,-0.000016453577926129858f,-2.795005775425179e-7f,0.000014094186649124863f,-0.5523312105153523f,0f,0f,0f,1f],start_interpolation:0}
execute if entity @s[tag=aj.messemers_assault.locator_origin.spear_head7] at @s on origin run tp @s ^-2.5543 ^1.91911 ^-0.55233 ~155.46151 ~-44.34978
execute if entity @s[tag=aj.messemers_assault.locator_origin.spear_body12] at @s on origin run tp @s ^-2.55431 ^1.91911 ^-0.55233 ~155.46151 ~-44.34978
execute if entity @s[tag=aj.messemers_assault.locator_origin.spear_body13] at @s on origin run tp @s ^-2.55432 ^1.91911 ^-0.55233 ~155.46151 ~-44.34978
execute if entity @s[tag=aj.messemers_assault.bone.spear_effects5] run data modify entity @s {} merge value {transformation:[0.000005171543694092161f,0.000020032384034372978f,0.000006434529521568587f,-2.5543068499610846f,-0.000013114089891918231f,0.00000825044930721931f,-0.000015145797337219886f,1.919109770727479f,-0.000016453577926129858f,-2.795005775425179e-7f,0.000014094186649124863f,-0.5523274726903744f,0f,0f,0f,1f],start_interpolation:0}
execute if entity @s[tag=aj.messemers_assault.locator_origin.spear_head8] at @s on origin run tp @s ^-2.55429 ^1.91909 ^-0.55234 ~177.63248 ~-3.80185
execute if entity @s[tag=aj.messemers_assault.locator_origin.spear_body14] at @s on origin run tp @s ^-2.5543 ^1.91908 ^-0.55234 ~177.63248 ~-3.80185
execute if entity @s[tag=aj.messemers_assault.locator_origin.spear_body15] at @s on origin run tp @s ^-2.55431 ^1.91908 ^-0.55234 ~177.63248 ~-3.80185
execute if entity @s[tag=aj.messemers_assault.bone.spear_effects6] run data modify entity @s {} merge value {transformation:[0.000008206733073741275f,0.000020032384034372978f,8.930658431510839e-7f,-2.554296312802454f,-0.000019982757895290678f,0.00000825044930721931f,-0.0000014366341119599985f,1.9190836784644443f,-0.000001668341571442623f,-2.795005775425179e-7f,0.00002160053148125281f,-0.5523424582950582f,0f,0f,0f,1f],start_interpolation:0}
execute if entity @s[tag=aj.messemers_assault.locator_origin.spear_head9] at @s on origin run tp @s ^-2.5543 ^1.91912 ^-0.55235 ~177.63248 ~-3.80185
execute if entity @s[tag=aj.messemers_assault.locator_origin.spear_body16] at @s on origin run tp @s ^-2.55431 ^1.91912 ^-0.55235 ~177.63248 ~-3.80185
execute if entity @s[tag=aj.messemers_assault.locator_origin.spear_body17] at @s on origin run tp @s ^-2.55432 ^1.91912 ^-0.55235 ~177.63248 ~-3.80185
execute if entity @s[tag=aj.messemers_assault.bone.spear_effects7] run data modify entity @s {} merge value {transformation:[0.000008206733073741275f,0.000020032384034372978f,8.930658431510839e-7f,-2.55431083903655f,-0.000019982757895290678f,0.00000825044930721931f,-0.0000014366341119599985f,1.9191185778001738f,-0.000001668341571442623f,-2.795005775425179e-7f,0.00002160053148125281f,-0.5523534060351737f,0f,0f,0f,1f],start_interpolation:0}
execute if entity @s[tag=aj.messemers_assault.locator_origin.spear_head10] at @s on origin run tp @s ^-2.55429 ^1.91909 ^-0.55236 ~177.63248 ~-3.80185
execute if entity @s[tag=aj.messemers_assault.locator_origin.spear_body18] at @s on origin run tp @s ^-2.5543 ^1.91909 ^-0.55236 ~177.63248 ~-3.80185
execute if entity @s[tag=aj.messemers_assault.locator_origin.spear_body19] at @s on origin run tp @s ^-2.55431 ^1.91908 ^-0.55236 ~177.63248 ~-3.80185
execute if entity @s[tag=aj.messemers_assault.bone.spear_effects8] run data modify entity @s {} merge value {transformation:[0.000008206733073741275f,0.000020032384034372978f,8.930658431510839e-7f,-2.5542980339281165f,-0.000019982757895290678f,0.00000825044930721931f,-0.0000014366341119599985f,1.9190873090909342f,-0.000001668341571442623f,-2.795005775425179e-7f,0.00002160053148125281f,-0.5523586441307717f,0f,0f,0f,1f],start_interpolation:0}
execute if entity @s[tag=aj.messemers_assault.locator_origin.spear_head11] at @s on origin run tp @s ^-2.55429 ^1.9191 ^-0.55237 ~130.32082 ~-61.33638
execute if entity @s[tag=aj.messemers_assault.locator_origin.spear_body20] at @s on origin run tp @s ^-2.5543 ^1.91909 ^-0.55237 ~130.32082 ~-61.33638
execute if entity @s[tag=aj.messemers_assault.locator_origin.spear_body21] at @s on origin run tp @s ^-2.55431 ^1.91909 ^-0.55237 ~130.32082 ~-61.33638
execute if entity @s[tag=aj.messemers_assault.bone.spear_effects9] run data modify entity @s {} merge value {transformation:[0.000002315495527491192f,0.000020032384034372978f,0.000007923794217798084f,-2.554301177162724f,-0.000006319793527743061f,0.00000825044930721931f,-0.000019011437095605f,1.9190945544167208f,-0.000020594735605812208f,-2.795005775425179e-7f,0.0000067248188970624465f,-0.5523700548036461f,0f,0f,0f,1f],start_interpolation:0}
execute if entity @s[tag=aj.messemers_assault.locator_origin.spear_head12] at @s on origin run tp @s ^-2.5543 ^1.91911 ^-0.55236 ~177.63248 ~-3.80185
execute if entity @s[tag=aj.messemers_assault.locator_origin.spear_body22] at @s on origin run tp @s ^-2.55431 ^1.91911 ^-0.55236 ~177.63248 ~-3.80185
execute if entity @s[tag=aj.messemers_assault.locator_origin.spear_body23] at @s on origin run tp @s ^-2.55432 ^1.91911 ^-0.55236 ~177.63248 ~-3.80185
execute if entity @s[tag=aj.messemers_assault.bone.spear_effects10] run data modify entity @s {} merge value {transformation:[0.000008206733073741275f,0.000020032384034372978f,8.930658431510839e-7f,-2.554307099599406f,-0.000019982757895290678f,0.00000825044930721931f,-0.0000014366341119599985f,1.919109278460186f,-0.000001668341571442623f,-2.795005775425179e-7f,0.00002160053148125281f,-0.5523598957971599f,0f,0f,0f,1f],start_interpolation:0}
execute if entity @s[tag=aj.messemers_assault.locator_origin.spear_head13] at @s on origin run tp @s ^-2.5543 ^1.91912 ^-0.55234 ~130.32082 ~-61.33638
execute if entity @s[tag=aj.messemers_assault.locator_origin.spear_body24] at @s on origin run tp @s ^-2.55431 ^1.91911 ^-0.55234 ~130.32082 ~-61.33638
execute if entity @s[tag=aj.messemers_assault.locator_origin.spear_body25] at @s on origin run tp @s ^-2.55432 ^1.91911 ^-0.55234 ~130.32082 ~-61.33638
execute if entity @s[tag=aj.messemers_assault.bone.spear_effects11] run data modify entity @s {} merge value {transformation:[0.000002315495527491192f,0.000020032384034372978f,0.000007923794217798084f,-2.554309177714231f,-0.000006319793527743061f,0.00000825044930721931f,-0.000019011437095605f,1.9191149503591227f,-0.000020594735605812208f,-2.795005775425179e-7f,0.0000067248188970624465f,-0.5523414123991707f,0f,0f,0f,1f],start_interpolation:0}
execute if entity @s[tag=aj.messemers_assault.locator_origin.flame1] at @s on origin run tp @s ^-0.88023 ^2.39201 ^-0.68312 ~168.3992 ~-24.46899
execute if entity @s[tag=aj.messemers_assault.locator_origin.flame2] at @s on origin run tp @s ^-0.88023 ^2.39199 ^-0.68313 ~168.3992 ~-24.46899
execute if entity @s[tag=aj.messemers_assault.locator_origin.flame3] at @s on origin run tp @s ^-0.88023 ^2.392 ^-0.68311 ~168.3992 ~-24.46899
execute if entity @s[tag=aj.messemers_assault.locator_origin.flame4] at @s on origin run tp @s ^-0.88022 ^2.39199 ^-0.68312 ~168.3992 ~-24.46899
execute if entity @s[tag=aj.messemers_assault.bone.flame_blast] run data modify entity @s {} merge value {transformation:[0.000011417350759636345f,0.00003158952866958816f,0.000006253550285702349f,-0.8802276159076934f,-0.000028245664728167683f,0.000013010323907538143f,-0.000014151855249259614f,2.3919965187667933f,-0.000015465692251124305f,-4.4075091074012446e-7f,0.000030462751237196315f,-0.6831189403454031f,0f,0f,0f,1f],start_interpolation:0}
execute if entity @s[tag=aj.messemers_assault.bone.spear_of_the_impaler] run data modify entity @s {} merge value {transformation:[0.45471712982157f,-2.1107651015493993f,-0.17985400293689538f,-1.2756083775775324f,-1.8798147344605163f,-0.4868573162388496f,0.9610988305966712f,2.2240883607943736f,-0.9767155882837211f,-0.04566272166983366f,-1.933490630930941f,-0.8341949572642948f,0f,0f,0f,1f],start_interpolation:0}
execute if entity @s[tag=aj.messemers_assault.bone.left_arm2] run data modify entity @s {} merge value {transformation:[0.2098694445330323f,0.9741992776381844f,0.08300953981702852f,-0.29841136189950024f,-0.8676068005202383f,0.22470337672562285f,-0.44358407566000213f,2.543374133213392f,-0.45079180997710205f,0.021075102309154103f,0.892380291198896f,-0.842240716970079f,0f,0f,0f,1f],start_interpolation:0}
execute if entity @s[tag=aj.messemers_assault.bone.left_arm] run data modify entity @s {} merge value {transformation:[0.2098694445330323f,0.42763762836375807f,-0.8792501777417026f,-0.1652682742419317f,-0.8676068005202383f,-0.33316715020709853f,-0.36913153443442936f,2.3516314955965876f,-0.45079180997710205f,0.8403128636587093f,0.30109970977612555f,-0.6885114773025394f,0f,0f,0f,1f],start_interpolation:0}
execute if entity @s[tag=aj.messemers_assault.bone.head] run data modify entity @s {} merge value {transformation:[0.9543736987045235f,0.024622333336086308f,-0.297598024056163f,0.03394436340845937f,-0.12748409316326015f,0.9348064618254027f,-0.33148858942626225f,2.4000100681202867f,0.2700345333682106f,0.35430300539306525f,0.895293656382113f,-0.41229751816769933f,0f,0f,0f,1f],start_interpolation:0}
execute if entity @s[tag=aj.messemers_assault.bone.body_top] run data modify entity @s {} merge value {transformation:[0.5925207673325784f,0.0977384198884194f,-0.7996038653966889f,-0.004540139422605775f,-0.28411225727917694f,0.9541819333804654f,-0.09389921870839946f,2.0243009318517284f,0.7537900009573901f,0.282814496248039f,0.5931412944388753f,-0.5236557260653647f,0f,0f,0f,1f],start_interpolation:0}
execute if entity @s[tag=aj.messemers_assault.bone.body] run data modify entity @s {} merge value {transformation:[0.5925207673325784f,0.0977384198884194f,-0.7996038653966889f,-0.047300698123789266f,-0.28411225727917694f,0.9541819333804654f,-0.09389921870839946f,1.606846335997775f,0.7537900009573901f,0.282814496248039f,0.5931412944388753f,-0.6473870681738818f,0f,0f,0f,1f],start_interpolation:0}
execute if entity @s[tag=aj.messemers_assault.locator_origin.player_camera] at @s on origin run tp @s ^-0.67032 ^1.14623 ^-0.44663 ~-120.84084 ~1.56802
execute if entity @s[tag=aj.messemers_assault.bone.right_leg2] run data modify entity @s {} merge value {transformation:[0.45976216637956346f,-0.6189285962734259f,-0.6368250490369987f,-0.0057266295992064245f,-0.0856903725146676f,0.6828450676011882f,-0.7255203468621855f,1.2872750969539792f,0.8838981335110212f,0.3881365821044626f,0.26091010560727146f,-0.5434477004599566f,0f,0f,0f,1f],start_interpolation:0}
execute if entity @s[tag=aj.messemers_assault.bone.right_leg] run data modify entity @s {} merge value {transformation:[0.45976216637956346f,0.08999665708852303f,-0.883470062921693f,0.026615919041981538f,-0.0856903725146676f,0.9947051788731418f,0.05673418000860006f,1.6447472706115147f,0.8838981335110212f,0.0496206492887947f,0.4650396550186771f,-0.525615279621796f,0f,0f,0f,1f],start_interpolation:0}
execute if entity @s[tag=aj.messemers_assault.bone.left_leg2] run data modify entity @s {} merge value {transformation:[0.3315002123113692f,0.14629652119189773f,-0.932043420192785f,-0.3674876928373989f,-0.5015696177002468f,0.8640595035897023f,-0.04276789515916285f,1.55958578207383f,0.799084180695341f,0.4816622282714988f,0.3598137990947387f,-0.7365018842505484f,0f,0f,0f,1f],start_interpolation:0}
execute if entity @s[tag=aj.messemers_assault.bone.left_leg] run data modify entity @s {} merge value {transformation:[0.3315002123113692f,0.7860109877566189f,-0.5218182982259054f,-0.08501499411236399f,-0.5015696177002468f,0.6152819392663735f,0.6081579184822299f,1.780702728997683f,0.799084180695341f,0.06012372525446147f,0.5982053241354347f,-0.7148949204872264f,0f,0f,0f,1f],start_interpolation:0}