execute if entity @s[tag=aj.messemers_assault.bone.right_arm2] run data modify entity @s {} merge value {transformation:[0.36926032765400174f,0.7641379610970958f,-0.5289045157977315f,-0.4688664850730191f,-0.690847747031808f,0.6063778203340687f,0.3937452595625488f,2.2430717026684976f,0.6215916672880473f,0.2199979895755354f,0.7518142614640855f,1.109804150798076f,0f,0f,0f,1f],start_interpolation:0}
execute if entity @s[tag=aj.messemers_assault.bone.right_arm] run data modify entity @s {} merge value {transformation:[0.5805215314046778f,0.6190757342557814f,-0.5289045157977315f,-0.3140975515090737f,-0.47834703333148526f,0.78495145472506f,0.3937452595625488f,2.439309566349763f,0.658922504759501f,0.02442230498288739f,0.7518142614640855f,1.1159097270437979f,0f,0f,0f,1f],start_interpolation:0}
execute if entity @s[tag=aj.messemers_assault.bone.flame_slash2] run data modify entity @s {} merge value {transformation:[0.6380562302009741f,-0.9360589336902236f,-2.9581921794434383f,-1.3684004613456975f,-0.9840788414248933f,-0.4326756542486254f,-2.1368845419744584f,2.090948339441508f,-0.09999127248250926f,-1.7148624442255869f,2.1538871218683404f,-1.3221086349025173f,0f,0f,0f,1f],start_interpolation:0}
execute if entity @s[tag=aj.messemers_assault.bone.flame_slash] run data modify entity @s {} merge value {transformation:[0.6380562302009741f,-0.9360589336902236f,-2.9581921794434383f,-1.3684004613456975f,-0.9840788414248933f,-0.4326756542486254f,-2.1368845419744584f,2.090948339441508f,-0.09999127248250926f,-1.7148624442255869f,2.1538871218683404f,-1.3221086349025173f,0f,0f,0f,1f],start_interpolation:0}
execute if entity @s[tag=aj.messemers_assault.bone.impaling_thrust] run data modify entity @s {} merge value {transformation:[0.000009892571150113637f,0.00001286793126398555f,-7.541605450980766e-7f,-0.9866509894664853f,0.000011553253115530354f,-0.000008429895019181891f,0.00000771197701737761f,2.0192116052359f,0.000005716183656157971f,-0.000005231499981211466f,-0.000014281877658702898f,-0.04194651702005303f,0f,0f,0f,1f],start_interpolation:0}
execute if entity @s[tag=aj.messemers_assault.locator_origin.spear0] at @s on origin run tp @s ^-1.47524 ^2.06176 ^-1.61364 ~53.94129 ~30.28354
execute if entity @s[tag=aj.messemers_assault.locator_origin.spear1] at @s on origin run tp @s ^-1.00746 ^2.27799 ^-0.75665 ~53.94129 ~30.28354
execute if entity @s[tag=aj.messemers_assault.locator_origin.spear2] at @s on origin run tp @s ^-0.51044 ^2.50773 ^0.15389 ~53.94129 ~30.28354
execute if entity @s[tag=aj.messemers_assault.locator_origin.spear_head2] at @s on origin run tp @s ^-1.96581 ^1.91408 ^-1.81911 ~-114.55666 ~13.09223
execute if entity @s[tag=aj.messemers_assault.locator_origin.spear_body2] at @s on origin run tp @s ^-1.96582 ^1.91408 ^-1.81912 ~-114.55666 ~13.09223
execute if entity @s[tag=aj.messemers_assault.locator_origin.spear_body3] at @s on origin run tp @s ^-1.96582 ^1.91408 ^-1.81913 ~-114.55666 ~13.09223
execute if entity @s[tag=aj.messemers_assault.bone.spear_effects0] run data modify entity @s {} merge value {transformation:[-6.575222221751207e-7f,0.000010028768403336114f,-0.000019194684505978134f,-1.9658183526703439f,-0.000019480279172371282f,0.000008116372813712137f,0.000004907918108501431f,1.9140803014819643f,0.00000946207336360629f,0.00001740668667798457f,0.000008770454435241693f,-1.8191224858956438f,0f,0f,0f,1f],start_interpolation:0}
execute if entity @s[tag=aj.messemers_assault.locator_origin.spear_head3] at @s on origin run tp @s ^-1.96582 ^1.91407 ^-1.81911 ~-114.55666 ~13.09223
execute if entity @s[tag=aj.messemers_assault.locator_origin.spear_body4] at @s on origin run tp @s ^-1.96582 ^1.91407 ^-1.81911 ~-114.55666 ~13.09223
execute if entity @s[tag=aj.messemers_assault.locator_origin.spear_body5] at @s on origin run tp @s ^-1.96583 ^1.91406 ^-1.81912 ~-114.55666 ~13.09223
execute if entity @s[tag=aj.messemers_assault.bone.spear_effects1] run data modify entity @s {} merge value {transformation:[-6.575222221751207e-7f,0.000010028768403336114f,-0.000019194684505978134f,-1.9658227506905064f,-0.000019480279172371282f,0.000008116372813712137f,0.000004907918108501431f,1.9140669981340321f,0.00000946207336360629f,0.00001740668667798457f,0.000008770454435241693f,-1.8191137489280667f,0f,0f,0f,1f],start_interpolation:0}
execute if entity @s[tag=aj.messemers_assault.locator_origin.spear_head4] at @s on origin run tp @s ^-1.96582 ^1.91408 ^-1.81911 ~-176.02489 ~-64.03868
execute if entity @s[tag=aj.messemers_assault.locator_origin.spear_body6] at @s on origin run tp @s ^-1.96583 ^1.91408 ^-1.81912 ~-176.02489 ~-64.03868
execute if entity @s[tag=aj.messemers_assault.locator_origin.spear_body7] at @s on origin run tp @s ^-1.96583 ^1.91408 ^-1.81912 ~-176.02489 ~-64.03868
execute if entity @s[tag=aj.messemers_assault.bone.spear_effects2] run data modify entity @s {} merge value {transformation:[0.000019194684505978134f,0.000010028768403336114f,-6.57522222175117e-7f,-1.9658294225224073f,-0.0000049079181085014275f,0.000008116372813712137f,-0.000019480279172371282f,1.9140799257527599f,-0.000008770454435241694f,0.00001740668667798457f,0.000009462073363606287f,-1.819115932865592f,0f,0f,0f,1f],start_interpolation:0}
execute if entity @s[tag=aj.messemers_assault.locator_origin.spear_head5] at @s on origin run tp @s ^-1.96581 ^1.91407 ^-1.81911 ~-176.02489 ~-64.03868
execute if entity @s[tag=aj.messemers_assault.locator_origin.spear_body8] at @s on origin run tp @s ^-1.96581 ^1.91407 ^-1.81912 ~-176.02489 ~-64.03868
execute if entity @s[tag=aj.messemers_assault.locator_origin.spear_body9] at @s on origin run tp @s ^-1.96582 ^1.91407 ^-1.81913 ~-176.02489 ~-64.03868
execute if entity @s[tag=aj.messemers_assault.bone.spear_effects3] run data modify entity @s {} merge value {transformation:[0.000019194684505978134f,0.000010028768403336114f,-6.57522222175117e-7f,-1.9658127346931236f,-0.0000049079181085014275f,0.000008116372813712137f,-0.000019480279172371282f,1.9140712502960455f,-0.000008770454435241694f,0.00001740668667798457f,0.000009462073363606287f,-1.819121502284736f,0f,0f,0f,1f],start_interpolation:0}
execute if entity @s[tag=aj.messemers_assault.locator_origin.spear_head6] at @s on origin run tp @s ^-1.96583 ^1.91407 ^-1.8191 ~-146.68023 ~-48.07032
execute if entity @s[tag=aj.messemers_assault.locator_origin.spear_body10] at @s on origin run tp @s ^-1.96583 ^1.91407 ^-1.81911 ~-146.68023 ~-48.07032
execute if entity @s[tag=aj.messemers_assault.locator_origin.spear_body11] at @s on origin run tp @s ^-1.96584 ^1.91406 ^-1.81911 ~-146.68023 ~-48.07032
execute if entity @s[tag=aj.messemers_assault.bone.spear_effects4] run data modify entity @s {} merge value {transformation:[0.00001748195328724642f,0.000010028768403336114f,-0.000007952959073151654f,-1.965834576759098f,-0.000011989105184799193f,0.000008116372813712137f,-0.000016119252267431627f,1.9140676173121167f,-0.000004481864631467493f,0.00001740668667798457f,0.000012098123522435991f,-1.8191072241123476f,0f,0f,0f,1f],start_interpolation:0}
execute if entity @s[tag=aj.messemers_assault.locator_origin.spear_head7] at @s on origin run tp @s ^-1.96584 ^1.91409 ^-1.8191 ~-146.68023 ~-48.07032
execute if entity @s[tag=aj.messemers_assault.locator_origin.spear_body12] at @s on origin run tp @s ^-1.96584 ^1.91408 ^-1.81911 ~-146.68023 ~-48.07032
execute if entity @s[tag=aj.messemers_assault.locator_origin.spear_body13] at @s on origin run tp @s ^-1.96585 ^1.91408 ^-1.81912 ~-146.68023 ~-48.07032
execute if entity @s[tag=aj.messemers_assault.bone.spear_effects5] run data modify entity @s {} merge value {transformation:[0.00001748195328724642f,0.000010028768403336114f,-0.000007952959073151654f,-1.9658419511607859f,-0.000011989105184799193f,0.000008116372813712137f,-0.000016119252267431627f,1.9140831292193838f,-0.000004481864631467493f,0.00001740668667798457f,0.000012098123522435991f,-1.819110208267618f,0f,0f,0f,1f],start_interpolation:0}
execute if entity @s[tag=aj.messemers_assault.locator_origin.spear_head8] at @s on origin run tp @s ^-1.96582 ^1.91406 ^-1.8191 ~-123.0987 ~-7.74649
execute if entity @s[tag=aj.messemers_assault.locator_origin.spear_body14] at @s on origin run tp @s ^-1.96582 ^1.91406 ^-1.81911 ~-123.0987 ~-7.74649
execute if entity @s[tag=aj.messemers_assault.locator_origin.spear_body15] at @s on origin run tp @s ^-1.96583 ^1.91405 ^-1.81912 ~-123.0987 ~-7.74649
execute if entity @s[tag=aj.messemers_assault.bone.spear_effects6] run data modify entity @s {} merge value {transformation:[0.000006738016426673789f,0.000010028768403336114f,-0.000017985199008923013f,-1.9658222627076831f,-0.000019875610162487842f,0.000008116372813712137f,-0.0000029204550094272324f,1.9140580563204916f,0.000005385508309076158f,0.00001740668667798457f,0.000011723822055617782f,-1.8191098606966727f,0f,0f,0f,1f],start_interpolation:0}
execute if entity @s[tag=aj.messemers_assault.locator_origin.spear_head9] at @s on origin run tp @s ^-1.96582 ^1.9141 ^-1.81912 ~-123.0987 ~-7.74649
execute if entity @s[tag=aj.messemers_assault.locator_origin.spear_body16] at @s on origin run tp @s ^-1.96582 ^1.91409 ^-1.81913 ~-123.0987 ~-7.74649
execute if entity @s[tag=aj.messemers_assault.locator_origin.spear_body17] at @s on origin run tp @s ^-1.96583 ^1.91409 ^-1.81913 ~-123.0987 ~-7.74649
execute if entity @s[tag=aj.messemers_assault.bone.spear_effects7] run data modify entity @s {} merge value {transformation:[0.000006738016426673789f,0.000010028768403336114f,-0.000017985199008923013f,-1.9658222436275437f,-0.000019875610162487842f,0.000008116372813712137f,-0.0000029204550094272324f,1.9140937203783057f,0.000005385508309076158f,0.00001740668667798457f,0.000011723822055617782f,-1.8191265010915352f,0f,0f,0f,1f],start_interpolation:0}
execute if entity @s[tag=aj.messemers_assault.locator_origin.spear_head10] at @s on origin run tp @s ^-1.96581 ^1.91407 ^-1.81911 ~-123.0987 ~-7.74649
execute if entity @s[tag=aj.messemers_assault.locator_origin.spear_body18] at @s on origin run tp @s ^-1.96581 ^1.91406 ^-1.81912 ~-123.0987 ~-7.74649
execute if entity @s[tag=aj.messemers_assault.locator_origin.spear_body19] at @s on origin run tp @s ^-1.96581 ^1.91406 ^-1.81913 ~-123.0987 ~-7.74649
execute if entity @s[tag=aj.messemers_assault.bone.spear_effects8] run data modify entity @s {} merge value {transformation:[0.000006738016426673789f,0.000010028768403336114f,-0.000017985199008923013f,-1.9658094658355993f,-0.000019875610162487842f,0.000008116372813712137f,-0.0000029204550094272324f,1.914062799760119f,0.000005385508309076158f,0.00001740668667798457f,0.000011723822055617782f,-1.819119445311708f,0f,0f,0f,1f],start_interpolation:0}
execute if entity @s[tag=aj.messemers_assault.locator_origin.spear_head11] at @s on origin run tp @s ^-1.9658 ^1.91407 ^-1.81912 ~-176.02489 ~-64.03868
execute if entity @s[tag=aj.messemers_assault.locator_origin.spear_body20] at @s on origin run tp @s ^-1.9658 ^1.91407 ^-1.81913 ~-176.02489 ~-64.03868
execute if entity @s[tag=aj.messemers_assault.locator_origin.spear_body21] at @s on origin run tp @s ^-1.96581 ^1.91407 ^-1.81914 ~-176.02489 ~-64.03868
execute if entity @s[tag=aj.messemers_assault.bone.spear_effects9] run data modify entity @s {} merge value {transformation:[0.000019194684505978134f,0.000010028768403336114f,-6.57522222175117e-7f,-1.9658016916644308f,-0.0000049079181085014275f,0.000008116372813712137f,-0.000019480279172371282f,1.914070831334625f,-0.000008770454435241694f,0.00001740668667798457f,0.000009462073363606287f,-1.8191276693130818f,0f,0f,0f,1f],start_interpolation:0}
execute if entity @s[tag=aj.messemers_assault.locator_origin.spear_head12] at @s on origin run tp @s ^-1.96581 ^1.91409 ^-1.81912 ~-123.0987 ~-7.74649
execute if entity @s[tag=aj.messemers_assault.locator_origin.spear_body22] at @s on origin run tp @s ^-1.96581 ^1.91408 ^-1.81913 ~-123.0987 ~-7.74649
execute if entity @s[tag=aj.messemers_assault.locator_origin.spear_body23] at @s on origin run tp @s ^-1.96582 ^1.91408 ^-1.81913 ~-123.0987 ~-7.74649
execute if entity @s[tag=aj.messemers_assault.bone.spear_effects10] run data modify entity @s {} merge value {transformation:[0.000006738016426673789f,0.000010028768403336114f,-0.000017985199008923013f,-1.965814249707257f,-0.000019875610162487842f,0.000008116372813712137f,-0.0000029204550094272324f,1.9140848632330203f,0.000005385508309076158f,0.00001740668667798457f,0.000011723822055617782f,-1.8191269768444536f,0f,0f,0f,1f],start_interpolation:0}
execute if entity @s[tag=aj.messemers_assault.locator_origin.spear_head13] at @s on origin run tp @s ^-1.96583 ^1.91409 ^-1.81911 ~-176.02489 ~-64.03868
execute if entity @s[tag=aj.messemers_assault.locator_origin.spear_body24] at @s on origin run tp @s ^-1.96583 ^1.91409 ^-1.81912 ~-176.02489 ~-64.03868
execute if entity @s[tag=aj.messemers_assault.locator_origin.spear_body25] at @s on origin run tp @s ^-1.96584 ^1.91409 ^-1.81913 ~-176.02489 ~-64.03868
execute if entity @s[tag=aj.messemers_assault.bone.spear_effects11] run data modify entity @s {} merge value {transformation:[0.000019194684505978134f,0.000010028768403336114f,-6.57522222175117e-7f,-1.9658314765850278f,-0.0000049079181085014275f,0.000008116372813712137f,-0.000019480279172371282f,1.9140892679996282f,-0.000008770454435241694f,0.00001740668667798457f,0.000009462073363606287f,-1.8191191055222393f,0f,0f,0f,1f],start_interpolation:0}
execute if entity @s[tag=aj.messemers_assault.locator_origin.flame1] at @s on origin run tp @s ^-1.0236 ^2.38366 ^-0.42808 ~-132.56478 ~-28.39707
execute if entity @s[tag=aj.messemers_assault.locator_origin.flame2] at @s on origin run tp @s ^-1.02359 ^2.38364 ^-0.42808 ~-132.56478 ~-28.39707
execute if entity @s[tag=aj.messemers_assault.locator_origin.flame3] at @s on origin run tp @s ^-1.02362 ^2.38365 ^-0.42807 ~-132.56478 ~-28.39707
execute if entity @s[tag=aj.messemers_assault.locator_origin.flame4] at @s on origin run tp @s ^-1.0236 ^2.38364 ^-0.42807 ~-132.56478 ~-28.39707
execute if entity @s[tag=aj.messemers_assault.bone.flame_blast] run data modify entity @s {} merge value {transformation:[0.000020669918436466827f,0.00001581459632833772f,-0.000022136262690721897f,-1.0236045244882526f,-0.000027194132569501425f,0.000012798895590853758f,-0.000016248954937408023f,2.3836473857717966f,7.711917616917949e-7f,0.000027449005915283364f,0.000020330234839778598f,-0.4280790773732558f,0f,0f,0f,1f],start_interpolation:0}
execute if entity @s[tag=aj.messemers_assault.bone.spear_of_the_impaler] run data modify entity @s {} merge value {transformation:[1.1744751847947135f,-1.013535961517785f,1.5125466404233905f,-1.0869884200503879f,-1.8114017612068833f,-0.4684879546263097f,1.0926056655129974f,2.229136035061288f,-0.1840547316492206f,-1.8568005642838215f,-1.1012992166878437f,-0.8516965739257153f,0f,0f,0f,1f],start_interpolation:0}
execute if entity @s[tag=aj.messemers_assault.bone.left_arm2] run data modify entity @s {} merge value {transformation:[0.5420654699052524f,0.27116523874862053f,-0.7953832030102229f,-0.5629715177575116f,-0.8360315820954847f,0.07834036599563808f,-0.5430598316894649f,2.536248271162671f,-0.08494833768425566f,0.959339460436228f,0.2691683108662842f,0.2736896591315524f,0f,0f,0f,1f],start_interpolation:0}
execute if entity @s[tag=aj.messemers_assault.bone.left_arm] run data modify entity @s {} merge value {transformation:[0.5420654699052524f,0.0867818276790257f,-0.8358432512864392f,-0.47351787709959864f,-0.8360315820954847f,-0.04485548079244191f,-0.5468447490666792f,2.420530453202625f,-0.08494833768425566f,0.9952170116248851f,0.04823774141805259f,0.5118753698272417f,0f,0f,0f,1f],start_interpolation:0}
execute if entity @s[tag=aj.messemers_assault.bone.head] run data modify entity @s {} merge value {transformation:[0.8590698629020758f,-0.250741982740086f,-0.446236964789986f,-0.4246621431714669f,0.11484148526163707f,0.9439900602458859f,-0.3093447905167789f,2.5702687859523072f,0.49880898540053376f,0.21450227096359373f,0.8397489933516746f,0.8176724618142145f,0f,0f,0f,1f],start_interpolation:0}
execute if entity @s[tag=aj.messemers_assault.bone.body_top] run data modify entity @s {} merge value {transformation:[0.25507252094483995f,-0.2146395051626485f,-0.9427979061720373f,-0.34014783801367404f,0.03004658103542019f,0.9763393125294835f,-0.2141465614422456f,2.185835181643823f,0.9664549715464896f,0.02629504959092005f,0.25548651302971936f,0.8073187860377897f,0f,0f,0f,1f],start_interpolation:0}
execute if entity @s[tag=aj.messemers_assault.bone.body] run data modify entity @s {} merge value {transformation:[0.08748227675538905f,-0.08583161984256012f,-0.9924614774835827f,-0.302596504332554f,-0.00759612619088661f,0.9961947009001669f,-0.08682405637448173f,1.75f,0.9961371141166189f,0.015134428751336974f,0.08649739271090813f,0.8006974734590798f,0f,0f,0f,1f],start_interpolation:0}
execute if entity @s[tag=aj.messemers_assault.locator_origin.player_camera] at @s on origin run tp @s ^-0.9181 ^1.25 ^0.90923 ~-100 ~0
execute if entity @s[tag=aj.messemers_assault.bone.right_leg2] run data modify entity @s {} merge value {transformation:[0.11436430401524572f,-0.8948449689422207f,-0.43147802670113405f,-0.06727787890964088f,0.20906465570934082f,0.4462800674311501f,-0.8701299162462941f,1.5631156634514425f,0.9711914207303539f,0.00930499717593311f,0.23811896465278154f,0.9591035030125906f,0f,0f,0f,1f],start_interpolation:0}
execute if entity @s[tag=aj.messemers_assault.bone.right_leg] run data modify entity @s {} merge value {transformation:[0.11436430401524572f,-0.6286544699191635f,-0.7692297208362169f,-0.29320057903684027f,0.20906465570934082f,0.7721998930046818f,-0.5999994124802895f,1.840625f,0.9711914207303539f,-0.09220023153015137f,0.21974153363791568f,0.9259690448064425f,0f,0f,0f,1f],start_interpolation:0}
execute if entity @s[tag=aj.messemers_assault.bone.left_leg2] run data modify entity @s {} merge value {transformation:[0.058284623302091665f,-0.23423265158100987f,-0.9704318459427548f,-0.43144634799352044f,-0.23077070736426047f,0.9425940966021429f,-0.24137367228715945f,1.5390818657764171f,0.9712609244220279f,0.2380156171013142f,0.0008847071540752649f,0.6034905570386842f,0f,0f,0f,1f],start_interpolation:0}
execute if entity @s[tag=aj.messemers_assault.bone.left_leg] run data modify entity @s {} merge value {transformation:[0.058284623302091665f,0.36474468453559716f,-0.9292815600180394f,-0.3003662269885402f,-0.23077070736426047f,0.9105741319458149f,0.3429280257630229f,1.8663194444444444f,0.9712609244220279f,0.19446353214459866f,0.13724485912672474f,0.6733758889031493f,0f,0f,0f,1f],start_interpolation:0}