execute if entity @s[tag=aj.messemers_assault.bone.right_arm2] run data modify entity @s {} merge value {transformation:[0.8507843165363894f,-0.4743105349491953f,-0.22626436566971148f,0.431842242464364f,0.5218462700335927f,0.7117386638033423f,0.4702175506076519f,2.116074095613385f,-0.061988040683144285f,-0.5181289326834019f,0.8530532761373251f,0.06435892771510564f,0f,0f,0f,1f],start_interpolation:0}
execute if entity @s[tag=aj.messemers_assault.bone.right_arm] run data modify entity @s {} merge value {transformation:[0.6862301452984847f,-0.6912977828054302f,-0.22626436566971148f,0.25901779676300646f,0.6984835051905058f,0.5394592181780982f,0.4702175506076519f,2.2509389001579097f,-0.20299995236552387f,-0.48071938530807284f,0.8530532761373251f,-0.05582091861191257f,0f,0f,0f,1f],start_interpolation:0}
execute if entity @s[tag=aj.messemers_assault.bone.flame_slash2] run data modify entity @s {} merge value {transformation:[0.000004562749647429021f,-0.000010724414707490654f,0.0000016494733091976796f,-2.370338679427829f,-0.000010597948768054733f,-0.000004020911168622177f,0.0000031730541509479015f,1.4652698203272003f,-0.0000023275126048390367f,-0.0000027150911433907043f,-0.00001121443188567784f,-1.2629138383108816f,0f,0f,0f,1f],start_interpolation:0}
execute if entity @s[tag=aj.messemers_assault.bone.flame_slash] run data modify entity @s {} merge value {transformation:[0.000004562749647429021f,-0.000010724414707490654f,0.0000016494733091976796f,-2.370338679427829f,-0.000010597948768054733f,-0.000004020911168622177f,0.0000031730541509479015f,1.4652698203272003f,-0.0000023275126048390367f,-0.0000027150911433907043f,-0.00001121443188567784f,-1.2629138383108816f,0f,0f,0f,1f],start_interpolation:0}
execute if entity @s[tag=aj.messemers_assault.bone.impaling_thrust] run data modify entity @s {} merge value {transformation:[0.0000045349562488520934f,0.000010048330225180914f,-0.00001193652414269803f,-0.3961589024100557f,0.00001335066119319202f,-0.000008932339684642461f,-0.000002447147434311648f,1.8691363696085617f,-0.000008075233410130877f,-0.000009124677777673964f,-0.000010749243597948126f,-0.288890226277585f,0f,0f,0f,1f],start_interpolation:0}
execute if entity @s[tag=aj.messemers_assault.locator_origin.spear0] at @s on origin run tp @s ^-2.01801 ^1.6193 ^-1.22931 ~8.36735 ~15.63863
execute if entity @s[tag=aj.messemers_assault.locator_origin.spear1] at @s on origin run tp @s ^-1.10691 ^1.9609 ^-0.99864 ~8.36735 ~15.63863
execute if entity @s[tag=aj.messemers_assault.locator_origin.spear2] at @s on origin run tp @s ^-0.13886 ^2.32385 ^-0.75357 ~8.36735 ~15.63863
execute if entity @s[tag=aj.messemers_assault.locator_origin.spear_head2] at @s on origin run tp @s ^-2.50887 ^1.49815 ^-1.00778 ~-154.36918 ~25.85641
execute if entity @s[tag=aj.messemers_assault.locator_origin.spear_body2] at @s on origin run tp @s ^-2.50888 ^1.49815 ^-1.00778 ~-154.36918 ~25.85641
execute if entity @s[tag=aj.messemers_assault.locator_origin.spear_body3] at @s on origin run tp @s ^-2.50888 ^1.49814 ^-1.00779 ~-154.36918 ~25.85641
execute if entity @s[tag=aj.messemers_assault.bone.spear_effects0] run data modify entity @s {} merge value {transformation:[0.000007018484382397361f,0.000018682914917081415f,-0.000008434098150933808f,-2.5088748655026296f,-0.000016461016730622733f,0.00001044949013444124f,0.000009449207827581002f,1.49814873645341f,0.000012215574059889572f,0.0000033468329172152977f,0.000017579047307975512f,-1.0077849685258788f,0f,0f,0f,1f],start_interpolation:0}
execute if entity @s[tag=aj.messemers_assault.locator_origin.spear_head3] at @s on origin run tp @s ^-2.50886 ^1.49814 ^-1.00777 ~-154.36918 ~25.85641
execute if entity @s[tag=aj.messemers_assault.locator_origin.spear_body4] at @s on origin run tp @s ^-2.50887 ^1.49814 ^-1.00777 ~-154.36918 ~25.85641
execute if entity @s[tag=aj.messemers_assault.locator_origin.spear_body5] at @s on origin run tp @s ^-2.50888 ^1.49813 ^-1.00777 ~-154.36918 ~25.85641
execute if entity @s[tag=aj.messemers_assault.bone.spear_effects1] run data modify entity @s {} merge value {transformation:[0.000007018484382397361f,0.000018682914917081415f,-0.000008434098150933808f,-2.5088714321363472f,-0.000016461016730622733f,0.00001044949013444124f,0.000009449207827581002f,1.498138576460525f,0.000012215574059889572f,0.0000033468329172152977f,0.000017579047307975512f,-1.007772412937858f,0f,0f,0f,1f],start_interpolation:0}
execute if entity @s[tag=aj.messemers_assault.locator_origin.spear_head4] at @s on origin run tp @s ^-2.50887 ^1.49816 ^-1.00777 ~150.12039 ~-49.44121
execute if entity @s[tag=aj.messemers_assault.locator_origin.spear_body6] at @s on origin run tp @s ^-2.50888 ^1.49815 ^-1.00777 ~150.12039 ~-49.44121
execute if entity @s[tag=aj.messemers_assault.locator_origin.spear_body7] at @s on origin run tp @s ^-2.50889 ^1.49815 ^-1.00777 ~150.12039 ~-49.44121
execute if entity @s[tag=aj.messemers_assault.bone.spear_effects2] run data modify entity @s {} merge value {transformation:[0.000008434098150933808f,0.000018682914917081415f,0.000007018484382397362f,-2.508878537158803f,-0.000009449207827580998f,0.00001044949013444124f,-0.000016461016730622733f,1.4981514470456498f,-0.000017579047307975515f,0.0000033468329172152977f,0.000012215574059889569f,-1.0077729353787155f,0f,0f,0f,1f],start_interpolation:0}
execute if entity @s[tag=aj.messemers_assault.locator_origin.spear_head5] at @s on origin run tp @s ^-2.50886 ^1.49814 ^-1.00778 ~150.12039 ~-49.44121
execute if entity @s[tag=aj.messemers_assault.locator_origin.spear_body8] at @s on origin run tp @s ^-2.50887 ^1.49814 ^-1.00779 ~150.12039 ~-49.44121
execute if entity @s[tag=aj.messemers_assault.locator_origin.spear_body9] at @s on origin run tp @s ^-2.50888 ^1.49813 ^-1.00779 ~150.12039 ~-49.44121
execute if entity @s[tag=aj.messemers_assault.bone.spear_effects3] run data modify entity @s {} merge value {transformation:[0.000008434098150933808f,0.000018682914917081415f,0.000007018484382397362f,-2.5088695650028203f,-0.000009449207827580998f,0.00001044949013444124f,-0.000016461016730622733f,1.4981394659278755f,-0.000017579047307975515f,0.0000033468329172152977f,0.000012215574059889569f,-1.0077856128729044f,0f,0f,0f,1f],start_interpolation:0}
execute if entity @s[tag=aj.messemers_assault.locator_origin.spear_head6] at @s on origin run tp @s ^-2.50887 ^1.49815 ^-1.00776 ~169.75192 ~-32.34477
execute if entity @s[tag=aj.messemers_assault.locator_origin.spear_body10] at @s on origin run tp @s ^-2.50888 ^1.49814 ^-1.00776 ~169.75192 ~-32.34477
execute if entity @s[tag=aj.messemers_assault.locator_origin.spear_body11] at @s on origin run tp @s ^-2.50888 ^1.49814 ^-1.00776 ~169.75192 ~-32.34477
execute if entity @s[tag=aj.messemers_assault.bone.spear_effects4] run data modify entity @s {} merge value {transformation:[0.000010477948350295633f,0.000018682914917081415f,0.000003256644440843635f,-2.508875734174784f,-0.000015029288093041401f,0.00001044949013444124f,-0.00001159194115715843f,1.4981423440505814f,-0.000011566224199337717f,0.0000033468329172152977f,0.000018012929013332137f,-1.007760160989831f,0f,0f,0f,1f],start_interpolation:0}
execute if entity @s[tag=aj.messemers_assault.locator_origin.spear_head7] at @s on origin run tp @s ^-2.50888 ^1.49816 ^-1.00776 ~169.75192 ~-32.34477
execute if entity @s[tag=aj.messemers_assault.locator_origin.spear_body12] at @s on origin run tp @s ^-2.50888 ^1.49816 ^-1.00776 ~169.75192 ~-32.34477
execute if entity @s[tag=aj.messemers_assault.locator_origin.spear_body13] at @s on origin run tp @s ^-2.50889 ^1.49815 ^-1.00776 ~169.75192 ~-32.34477
execute if entity @s[tag=aj.messemers_assault.bone.spear_effects5] run data modify entity @s {} merge value {transformation:[0.000010477948350295633f,0.000018682914917081415f,0.000003256644440843635f,-2.5088840422123373f,-0.000015029288093041401f,0.00001044949013444124f,-0.00001159194115715843f,1.498157614675433f,-0.000011566224199337717f,0.0000033468329172152977f,0.000018012929013332137f,-1.0077614612892771f,0f,0f,0f,1f],start_interpolation:0}
execute if entity @s[tag=aj.messemers_assault.locator_origin.spear_head8] at @s on origin run tp @s ^-2.50886 ^1.49814 ^-1.00777 ~-166.28047 ~6.44101
execute if entity @s[tag=aj.messemers_assault.locator_origin.spear_body14] at @s on origin run tp @s ^-2.50887 ^1.49813 ^-1.00777 ~-166.28047 ~6.44101
execute if entity @s[tag=aj.messemers_assault.locator_origin.spear_body15] at @s on origin run tp @s ^-2.50888 ^1.49813 ^-1.00777 ~-166.28047 ~6.44101
execute if entity @s[tag=aj.messemers_assault.bone.spear_effects6] run data modify entity @s {} merge value {transformation:[0.000009711823699450448f,0.000018682914917081415f,-0.000005106232963382434f,-2.5088679385899106f,-0.000018824051726337973f,0.00001044949013444124f,0.0000024305713276536485f,1.4981308042531574f,0.000004558508690283415f,0.0000033468329172152977f,0.000020915619818434705f,-1.00776764844146f,0f,0f,0f,1f],start_interpolation:0}
execute if entity @s[tag=aj.messemers_assault.locator_origin.spear_head9] at @s on origin run tp @s ^-2.50887 ^1.49817 ^-1.00779 ~-166.28047 ~6.44101
execute if entity @s[tag=aj.messemers_assault.locator_origin.spear_body16] at @s on origin run tp @s ^-2.50888 ^1.49816 ^-1.00779 ~-166.28047 ~6.44101
execute if entity @s[tag=aj.messemers_assault.locator_origin.spear_body17] at @s on origin run tp @s ^-2.50889 ^1.49816 ^-1.00779 ~-166.28047 ~6.44101
execute if entity @s[tag=aj.messemers_assault.bone.spear_effects7] run data modify entity @s {} merge value {transformation:[0.000009711823699450448f,0.000018682914917081415f,-0.000005106232963382434f,-2.5088811957692507f,-0.000018824051726337973f,0.00001044949013444124f,0.0000024305713276536485f,1.4981612651509524f,0.000004558508690283415f,0.0000033468329172152977f,0.000020915619818434705f,-1.0077887484183903f,0f,0f,0f,1f],start_interpolation:0}
execute if entity @s[tag=aj.messemers_assault.locator_origin.spear_head10] at @s on origin run tp @s ^-2.50886 ^1.49814 ^-1.00778 ~-166.28047 ~6.44101
execute if entity @s[tag=aj.messemers_assault.locator_origin.spear_body18] at @s on origin run tp @s ^-2.50887 ^1.49813 ^-1.00778 ~-166.28047 ~6.44101
execute if entity @s[tag=aj.messemers_assault.locator_origin.spear_body19] at @s on origin run tp @s ^-2.50887 ^1.49813 ^-1.00779 ~-166.28047 ~6.44101
execute if entity @s[tag=aj.messemers_assault.bone.spear_effects8] run data modify entity @s {} merge value {transformation:[0.000009711823699450448f,0.000018682914917081415f,-0.000005106232963382434f,-2.508865296700549f,-0.000018824051726337973f,0.00001044949013444124f,0.0000024305713276536485f,1.4981313518329253f,0.000004558508690283415f,0.0000033468329172152977f,0.000020915619818434705f,-1.0077841058281602f,0f,0f,0f,1f],start_interpolation:0}
execute if entity @s[tag=aj.messemers_assault.locator_origin.spear_head11] at @s on origin run tp @s ^-2.50886 ^1.49814 ^-1.0078 ~150.12039 ~-49.44121
execute if entity @s[tag=aj.messemers_assault.locator_origin.spear_body20] at @s on origin run tp @s ^-2.50887 ^1.49814 ^-1.0078 ~150.12039 ~-49.44121
execute if entity @s[tag=aj.messemers_assault.locator_origin.spear_body21] at @s on origin run tp @s ^-2.50887 ^1.49813 ^-1.0078 ~150.12039 ~-49.44121
execute if entity @s[tag=aj.messemers_assault.bone.spear_effects9] run data modify entity @s {} merge value {transformation:[0.000008434098150933808f,0.000018682914917081415f,0.000007018484382397362f,-2.5088656070302298f,-0.000009449207827580998f,0.00001044949013444124f,-0.000016461016730622733f,1.4981360838146807f,-0.000017579047307975515f,0.0000033468329172152977f,0.000012215574059889569f,-1.0077971476903416f,0f,0f,0f,1f],start_interpolation:0}
execute if entity @s[tag=aj.messemers_assault.locator_origin.spear_head12] at @s on origin run tp @s ^-2.50887 ^1.49816 ^-1.00779 ~-166.28047 ~6.44101
execute if entity @s[tag=aj.messemers_assault.locator_origin.spear_body22] at @s on origin run tp @s ^-2.50888 ^1.49815 ^-1.00779 ~-166.28047 ~6.44101
execute if entity @s[tag=aj.messemers_assault.locator_origin.spear_body23] at @s on origin run tp @s ^-2.50888 ^1.49815 ^-1.00779 ~-166.28047 ~6.44101
execute if entity @s[tag=aj.messemers_assault.bone.spear_effects10] run data modify entity @s {} merge value {transformation:[0.000009711823699450448f,0.000018682914917081415f,-0.000005106232963382434f,-2.5088751493883215f,-0.000018824051726337973f,0.00001044949013444124f,0.0000024305713276536485f,1.4981515097157887f,0.000004558508690283415f,0.0000033468329172152977f,0.000020915619818434705f,-1.0077920424869116f,0f,0f,0f,1f],start_interpolation:0}
execute if entity @s[tag=aj.messemers_assault.locator_origin.spear_head13] at @s on origin run tp @s ^-2.50887 ^1.49816 ^-1.00777 ~150.12039 ~-49.44121
execute if entity @s[tag=aj.messemers_assault.locator_origin.spear_body24] at @s on origin run tp @s ^-2.50888 ^1.49816 ^-1.00778 ~150.12039 ~-49.44121
execute if entity @s[tag=aj.messemers_assault.locator_origin.spear_body25] at @s on origin run tp @s ^-2.50889 ^1.49816 ^-1.00778 ~150.12039 ~-49.44121
execute if entity @s[tag=aj.messemers_assault.bone.spear_effects11] run data modify entity @s {} merge value {transformation:[0.000008434098150933808f,0.000018682914917081415f,0.000007018484382397362f,-2.508882718836931f,-0.000009449207827580998f,0.00001044949013444124f,-0.000016461016730622733f,1.4981599902067404f,-0.000017579047307975515f,0.0000033468329172152977f,0.000012215574059889569f,-1.0077762656139337f,0f,0f,0f,1f],start_interpolation:0}
execute if entity @s[tag=aj.messemers_assault.locator_origin.flame1] at @s on origin run tp @s ^-0.9024 ^2.14117 ^-0.78637 ~-177.27979 ~-13.22851
execute if entity @s[tag=aj.messemers_assault.locator_origin.flame2] at @s on origin run tp @s ^-0.90239 ^2.14115 ^-0.78637 ~-177.27979 ~-13.22851
execute if entity @s[tag=aj.messemers_assault.locator_origin.flame3] at @s on origin run tp @s ^-0.9024 ^2.14116 ^-0.78635 ~-177.27979 ~-13.22851
execute if entity @s[tag=aj.messemers_assault.locator_origin.flame4] at @s on origin run tp @s ^-0.90239 ^2.14115 ^-0.78635 ~-177.27979 ~-13.22851
execute if entity @s[tag=aj.messemers_assault.bone.flame_blast] run data modify entity @s {} merge value {transformation:[0.00001723044852856516f,0.00002946151967693608f,-0.000001578484381007683f,-0.9023963822446655f,-0.00002889127365284828f,0.00001647804213508042f,-0.000007818538560489454f,2.141156637813254f,-0.000005980556941607792f,0.000005277698061762586f,0.00003322258197293167f,-0.7863586135507068f,0f,0f,0f,1f],start_interpolation:0}
execute if entity @s[tag=aj.messemers_assault.bone.spear_of_the_impaler] run data modify entity @s {} merge value {transformation:[0.8398689616506517f,-1.9740515567770407f,0.30361986576382066f,-1.2268522432872833f,-1.9507728705799863f,-0.7401323213039049f,0.5840666047762508f,1.9029454473901042f,-0.4284270989438227f,-0.4997689892258995f,-2.064249409045124f,-0.9992597222671011f,0f,0f,0f,1f],start_interpolation:0}
execute if entity @s[tag=aj.messemers_assault.bone.left_arm2] run data modify entity @s {} merge value {transformation:[0.38763182845414695f,0.9111007185124804f,-0.1401322457371481f,-0.23729822468476414f,-0.9003567094984553f,0.3415995329094946f,-0.26956920220442354f,2.357061322706746f,-0.19773558412791817f,0.23066261041195374f,0.9527304964823651f,-0.7816959057002725f,0f,0f,0f,1f],start_interpolation:0}
execute if entity @s[tag=aj.messemers_assault.bone.left_arm] run data modify entity @s {} merge value {transformation:[0.38763182845414695f,0.4493244309750752f,-0.8048907511570867f,-0.07651313838422696f,-0.9003567094984553f,-0.002751669793743669f,-0.4351439117975345f,2.2438288165710034f,-0.19773558412791817f,0.8933644183883027f,0.4034856313765337f,-0.5830717491191866f,0f,0f,0f,1f],start_interpolation:0}
execute if entity @s[tag=aj.messemers_assault.bone.head] run data modify entity @s {} merge value {transformation:[0.880480030837294f,-0.1543048138765344f,-0.4482688252726099f,0.07989753260973997f,0.08861571251169409f,0.9824509787244498f,-0.16412595742116964f,2.39058684693157f,0.46572757143291654f,0.10478596670307941f,0.8787022990690866f,-0.314151509970282f,0f,0f,0f,1f],start_interpolation:0}
execute if entity @s[tag=aj.messemers_assault.bone.body_top] run data modify entity @s {} merge value {transformation:[0.5368494962355734f,-0.07898988924973756f,-0.8399721517930967f,0.11099980150182415f,0.01137613373904968f,0.9961947030755731f,-0.08641005233953983f,1.9983351825955633f,0.8436013288116384f,0.036833557532295884f,0.5357052240428057f,-0.32865472324862355f,0f,0f,0f,1f],start_interpolation:0}
execute if entity @s[tag=aj.messemers_assault.bone.body] run data modify entity @s {} merge value {transformation:[0.5368494962355734f,-0.07898988924973756f,-0.8399721517930967f,0.14555787804858433f,0.01137613373904968f,0.9961947030755731f,-0.08641005233953983f,1.5625f,0.8436013288116384f,0.036833557532295884f,0.5357052240428057f,-0.344769404669003f,0f,0f,0f,1f],start_interpolation:0}
execute if entity @s[tag=aj.messemers_assault.locator_origin.player_camera] at @s on origin run tp @s ^-0.42088 ^1.0625 ^-0.08063 ~-115 ~0
execute if entity @s[tag=aj.messemers_assault.bone.right_leg2] run data modify entity @s {} merge value {transformation:[0.36183027097909054f,-0.6884967763661003f,-0.6285308615626488f,0.18439635352481634f,0.20906465570934085f,0.7169680448353991f,-0.6650178887955119f,1.291926515889038f,0.9084992155947811f,0.10922001473353221f,0.403361083454111f,-0.14566676535114903f,0f,0f,0f,1f],start_interpolation:0}
execute if entity @s[tag=aj.messemers_assault.bone.right_leg] run data modify entity @s {} merge value {transformation:[0.36183027097909054f,0.038925376671597456f,-0.9314309797586572f,0.1983851607661717f,0.20906465570934085f,0.9702914340478942f,0.12176412750237994f,1.640625f,0.9084992155947811f,-0.23878724434997634f,0.34294289203803596f,-0.23148093128942177f,0f,0f,0f,1f],start_interpolation:0}
execute if entity @s[tag=aj.messemers_assault.bone.left_leg2] run data modify entity @s {} merge value {transformation:[0.30767944792732027f,-0.04091898271378175f,-0.9506098012206734f,-0.14920733852742085f,-0.23077070736426053f,0.966035659783297f,-0.11627546882145318f,1.4377727422068491f,0.9230808404174242f,0.25514846830956894f,0.28778641589474396f,-0.443753820253782f,0f,0f,0f,1f],start_interpolation:0}
execute if entity @s[tag=aj.messemers_assault.bone.left_leg] run data modify entity @s {} merge value {transformation:[0.30767944792732027f,0.6732185985625541f,-0.6723913115683529f,0.092730595330997f,-0.23077070736426053f,0.7383714999461586f,0.6336816303869465f,1.703125f,0.9230808404174242f,-0.039802595602928176f,0.3825408676697582f,-0.45805787804858433f,0f,0f,0f,1f],start_interpolation:0}