execute if entity @s[tag=aj.champions_charge.bone.right_arm2] run data modify entity @s {} merge value {transformation:[0.40759999196967917f,-0.6753245177066407f,0.6146535953938694f,0.2592151715851777f,-0.87569143265923f,-0.09823433192257235f,0.472773234012831f,1.301799802821443f,-0.258895270937f,-0.7309492539267135f,-0.6314162073232191f,6.2203217446471575f,0f,0f,0f,1f],start_interpolation:0}
execute if entity @s[tag=aj.champions_charge.bone.right_arm] run data modify entity @s {} merge value {transformation:[0.40759999196967917f,-0.6753245177066407f,0.6146535953938694f,0.0903840421585175f,-0.87569143265923f,-0.09823433192257235f,0.472773234012831f,1.2772412198407999f,-0.258895270937f,-0.7309492539267135f,-0.6314162073232191f,6.037584431165479f,0f,0f,0f,1f],start_interpolation:0}
execute if entity @s[tag=aj.champions_charge.locator_origin.slash0] at @s on origin run tp @s ^2.383 ^0.94695 ^5.68418 ~80.94055 ~-8.96278
execute if entity @s[tag=aj.champions_charge.locator_origin.slash1] at @s on origin run tp @s ^1.28434 ^1.11917 ^5.37211 ~80.94055 ~-8.96278
execute if entity @s[tag=aj.champions_charge.bone.steel_slash] run data modify entity @s {} merge value {transformation:[-0.000003851833321483105f,-0.2661062414531641f,1.9184195507784874f,3.258257519966189f,-0.00002427915670707528f,0.03088297408312877f,-0.3063925102297061f,0.8031025241065779f,1.6188710440218949e-7f,-1.6998532499255816f,-0.30588859842070737f,4.934756105502402f,0f,0f,0f,1f],start_interpolation:0}
execute if entity @s[tag=aj.champions_charge.locator_origin.gundyr_halberd1] at @s on origin run tp @s ^2.08789 ^0.9971 ^6.18244 ~80.94055 ~-8.96278
execute if entity @s[tag=aj.champions_charge.locator_origin.gundyr_halberd2] at @s on origin run tp @s ^0.44178 ^1.26 ^6.44491 ~80.94055 ~-8.96278
execute if entity @s[tag=aj.champions_charge.locator_origin.gundyr_halberd3] at @s on origin run tp @s ^-0.59465 ^1.42553 ^6.61016 ~80.94055 ~-8.96278
execute if entity @s[tag=aj.champions_charge.bone.gundyr_halberd] run data modify entity @s {} merge value {transformation:[-0.535339546375618f,-0.5283465326672993f,3.332847524657542f,0.4369511399526079f,-3.374391271152836f,0.061317285104517186f,-0.5322920728566929f,1.2605598646399545f,0.022499563662677188f,-3.3750112952517606f,-0.5314166328495341f,6.414037199860692f,0f,0f,0f,1f],start_interpolation:0}
execute if entity @s[tag=aj.champions_charge.bone.left_arm2] run data modify entity @s {} merge value {transformation:[-0.2335223061404531f,-0.9436892658597258f,0.23434568917728502f,0.37116946112239874f,-0.18969046552609778f,0.28059226107288243f,0.9408961208945968f,1.2820292053808373f,-0.953669156376223f,0.17526708911583955f,-0.24453340804381646f,6.560376167803039f,0f,0f,0f,1f],start_interpolation:0}
execute if entity @s[tag=aj.champions_charge.bone.left_arm] run data modify entity @s {} merge value {transformation:[-0.2335223061404531f,-0.9436892658597258f,0.23434568917728502f,0.10605685638991064f,-0.18969046552609778f,0.28059226107288243f,0.9408961208945968f,1.3284659624582957f,-0.953669156376223f,0.17526708911583955f,-0.24453340804381646f,6.484984295534971f,0f,0f,0f,1f],start_interpolation:0}
execute if entity @s[tag=aj.champions_charge.bone.head] run data modify entity @s {} merge value {transformation:[0.19704187670589834f,0.1052735925794146f,0.974726612712324f,0.022941263894073277f,-0.11283624147088092f,0.9900465160918948f,-0.08411824169005591f,1.4061195029022882f,-0.9738801165620656f,-0.09340967123229273f,0.206959300069681f,6.160358297745854f,0f,0f,0f,1f],start_interpolation:0}
execute if entity @s[tag=aj.champions_charge.bone.body_top] run data modify entity @s {} merge value {transformation:[-0.3617458731399401f,0.2082086459853489f,0.9087293783097199f,-0.05904089046265787f,-0.18376728271161819f,0.9396926350704219f,-0.28845682068412776f,1.0361155278433096f,-0.9139855081296477f,-0.2713427930337463f,-0.30166799564692814f,6.267199522502892f,0f,0f,0f,1f],start_interpolation:0}
execute if entity @s[tag=aj.champions_charge.locator_origin.player_camera] at @s on origin run tp @s ^-0.21669 ^0.07634 ^6.50777 ~58.67283 ~-18.74723
execute if entity @s[tag=aj.champions_charge.bone.body] run data modify entity @s {} merge value {transformation:[-0.5498560873542055f,0.2082086459853489f,0.8088927264702483f,-0.15013217308124802f,-0.11697778144394763f,0.9396926350704219f,-0.3213937619849814f,0.625f,-0.8270274976371561f,-0.2713427930337463f,-0.4923399301505712f,6.385911994455157f,0f,0f,0f,1f],start_interpolation:0}
execute if entity @s[tag=aj.champions_charge.bone.right_leg2] run data modify entity @s {} merge value {transformation:[-0.7933533402912353f,0.5272028623656689f,0.30438071450436033f,-0.35868815989265684f,0f,0.5000000000000002f,-0.8660254037844386f,0.39189712051496733f,-0.6087614290087204f,-0.6870641468694502f,-0.3966766701456178f,6.452372494162648f,0f,0f,0f,1f],start_interpolation:0}
execute if entity @s[tag=aj.champions_charge.bone.right_leg] run data modify entity @s {} merge value {transformation:[-0.7933533402912353f,0.30438071450436016f,0.527202862365669f,-0.2493013406176524f,0f,0.8660254037844387f,-0.49999999999999994f,0.703125f,-0.6087614290087204f,-0.3966766701456176f,-0.6870641468694503f,6.309816815829067f,0f,0f,0f,1f],start_interpolation:0}
execute if entity @s[tag=aj.champions_charge.bone.left_leg2] run data modify entity @s {} merge value {transformation:[-0.7933533402912353f,-0.10571031278128068f,0.5995129750225787f,0.07452039842222236f,0f,0.9848077530122081f,0.1736481776669303f,0.4087422340836436f,-0.6087614290087204f,0.13776436178754498f,-0.781300520396941f,6.298474017160884f,0f,0f,0f,1f],start_interpolation:0}
execute if entity @s[tag=aj.champions_charge.bone.left_leg] run data modify entity @s {} merge value {transformation:[-0.7933533402912353f,-0.3491712110387922f,0.4986681690567813f,-0.0509630055448436f,0f,0.8191520442889918f,0.573576436351046f,0.703125f,-0.6087614290087204f,0.45504878169144547f,-0.6498770105430656f,6.462007173081247f,0f,0f,0f,1f],start_interpolation:0}