execute if entity @s[tag=aj.champions_charge.bone.right_arm2] run data modify entity @s {} merge value {transformation:[0.7523746903164993f,-0.5704750128687862f,-0.3293790902038413f,0.2857859803021996f,0.6469789678333573f,0.5458945354922559f,0.5323695814948268f,1.0958223185058311f,-0.12389729840652408f,-0.6136427428170663f,0.7798025670870239f,6.936763256538253f,0f,0f,0f,1f],start_interpolation:0}
execute if entity @s[tag=aj.champions_charge.bone.right_arm] run data modify entity @s {} merge value {transformation:[0.7523746903164993f,-0.5704750128687862f,-0.3293790902038413f,0.14316722708500307f,0.6469789678333573f,0.5458945354922559f,0.5323695814948268f,1.232295952378895f,-0.12389729840652408f,-0.6136427428170663f,0.7798025670870239f,6.783352570833986f,0f,0f,0f,1f],start_interpolation:0}
execute if entity @s[tag=aj.champions_charge.locator_origin.slash0] at @s on origin run tp @s ^-2.72855 ^1.85732 ^4.01558 ~-44.09035 ~9.82222
execute if entity @s[tag=aj.champions_charge.locator_origin.slash1] at @s on origin run tp @s ^-2.72855 ^1.85731 ^4.0156 ~-44.09035 ~9.82222
execute if entity @s[tag=aj.champions_charge.bone.steel_slash] run data modify entity @s {} merge value {transformation:[9.80859713623663e-7f,-0.000017869404910413227f,-0.000016854155575040472f,-2.7285687843962947f,-0.00002364645251753807f,-0.000005253411672562349f,0.000004193712783701426f,1.8573207956897249f,-0.0000066500733331133455f,0.0000160445103298313f,-0.0000173980024921808f,4.015579179850111f,0f,0f,0f,1f],start_interpolation:0}
execute if entity @s[tag=aj.champions_charge.locator_origin.gundyr_halberd1] at @s on origin run tp @s ^-1.6209 ^1.67463 ^4.82857 ~-44.09035 ~9.82222
execute if entity @s[tag=aj.champions_charge.locator_origin.gundyr_halberd2] at @s on origin run tp @s ^-0.46396 ^1.38676 ^6.02284 ~-44.09035 ~9.82222
execute if entity @s[tag=aj.champions_charge.locator_origin.gundyr_halberd3] at @s on origin run tp @s ^0.26448 ^1.2055 ^6.77479 ~-44.09035 ~9.82222
execute if entity @s[tag=aj.champions_charge.bone.gundyr_halberd] run data modify entity @s {} merge value {transformation:[0.1363228754527803f,-2.4835444112777707f,-2.3424419612768115f,-0.486678697530745f,-3.2864561126069867f,-0.7301351816103605f,0.5828549970568084f,1.3800775216215622f,-0.9242474801954141f,2.229914994993503f,-2.4180274650149594f,6.043239539774756f,0f,0f,0f,1f],start_interpolation:0}
execute if entity @s[tag=aj.champions_charge.bone.left_arm2] run data modify entity @s {} merge value {transformation:[-0.7133371123904368f,0.6780596500477378f,-0.17715889778278887f,-0.38253426786014677f,-0.3721709942505186f,-0.15231711936847614f,0.9155808244965978f,1.3915038230575323f,0.5938340804678137f,0.7190511846346049f,0.36100758821736356f,6.077832745814096f,0f,0f,0f,1f],start_interpolation:0}
execute if entity @s[tag=aj.champions_charge.bone.left_arm] run data modify entity @s {} merge value {transformation:[-0.7133371123904368f,0.6780596500477378f,-0.17715889778278887f,-0.30218649439701695f,-0.3721709942505186f,-0.15231711936847614f,0.9155808244965978f,1.3069031689340984f,0.5938340804678137f,0.7190511846346049f,0.36100758821736356f,6.331824802031224f,0f,0f,0f,1f],start_interpolation:0}
execute if entity @s[tag=aj.champions_charge.bone.head] run data modify entity @s {} merge value {transformation:[0.9928652020568374f,-0.04845731625073821f,-0.10895218697397357f,-0.11061595996776107f,0.03525167782235497f,0.9921453085614189f,-0.1200208561470701f,1.4061195029022882f,0.11391228974673734f,0.11532378419624775f,0.9867747539551837f,6.599737403288429f,0f,0f,0f,1f],start_interpolation:0}
execute if entity @s[tag=aj.champions_charge.bone.body_top] run data modify entity @s {} merge value {transformation:[0.6863746413688611f,-0.15945419825052665f,-0.709552119541651f,-0.0478308694066162f,-0.11476634343418632f,0.9396926350704219f,-0.3221900650379419f,1.0361155278433096f,0.7181354594368071f,0.3025757925787993f,0.6266812201149782f,6.4805981849605265f,0f,0f,0f,1f],start_interpolation:0}
execute if entity @s[tag=aj.champions_charge.locator_origin.player_camera] at @s on origin run tp @s ^0.06698 ^0.07634 ^6.21688 ~-131.03842 ~-18.74723
execute if entity @s[tag=aj.champions_charge.bone.body] run data modify entity @s {} merge value {transformation:[0.6814822637504419f,-0.15945419825052665f,-0.714252254356859f,0.02193034232798921f,-0.11697778144394763f,0.9396926350704219f,-0.3213937619849814f,0.625f,0.722425167641622f,0.3025757925787993f,0.6217312658241391f,6.348221275707302f,0f,0f,0f,1f],start_interpolation:0}
execute if entity @s[tag=aj.champions_charge.bone.right_leg2] run data modify entity @s {} merge value {transformation:[0.9179876137213441f,-0.11861441645848889f,-0.3784565513535269f,0.10142661068806968f,0.1902689989942216f,0.9689620568376582f,0.15782978309137846f,0.429917032898192f,0.34798915080204657f,-0.21689433514305267f,0.9120638126287676f,6.637887924073215f,0f,0f,0f,1f],start_interpolation:0}
execute if entity @s[tag=aj.champions_charge.bone.right_leg] run data modify entity @s {} merge value {transformation:[0.9179876137213441f,0.08650517776864503f,-0.38706019593004876f,0.1325144089486765f,0.1902689989942216f,0.760230864978944f,0.6211656300497505f,0.703125f,0.34798915080204657f,-0.6438679104852033f,0.6814232640374768f,6.406497893742595f,0f,0f,0f,1f],start_interpolation:0}
execute if entity @s[tag=aj.champions_charge.bone.left_leg2] run data modify entity @s {} merge value {transformation:[0.8933245443862365f,-0.1695242626172851f,-0.41621242506824435f,-0.09665262558640453f,-0.21456317372371622f,0.652877150267753f,-0.7264393100183003f,0.3801495974109656f,0.39488467035164776f,0.7382499245122371f,0.5468575189927873f,6.132549303466288f,0f,0f,0f,1f],start_interpolation:0}
execute if entity @s[tag=aj.champions_charge.bone.left_leg] run data modify entity @s {} merge value {transformation:[0.8933245443862365f,0.022257812295531032f,-0.44886061109094894f,-0.08865372429269806f,-0.21456317372371622f,0.8987141637260088f,-0.3824597971027375f,0.703125f,0.39488467035164776f,0.43796968126809616f,0.8076191276902701f,6.2899446576720095f,0f,0f,0f,1f],start_interpolation:0}