execute if entity @s[tag=aj.champions_charge.bone.right_arm2] run data modify entity @s {} merge value {transformation:[-0.13273917717931194f,-0.9204138259076409f,-0.3677209538764663f,-0.13303773822265919f,-0.8752053881489532f,-0.06527979413358578f,0.4793266913420503f,1.2870336158055804f,-0.4651836620054487f,0.38545679077678185f,-0.7968859536014328f,6.0619314917366625f,0f,0f,0f,1f],start_interpolation:0}
execute if entity @s[tag=aj.champions_charge.bone.right_arm] run data modify entity @s {} merge value {transformation:[-0.13273917717931194f,-0.9204138259076409f,-0.3677209538764663f,-0.3631411946995694f,-0.8752053881489532f,-0.06527979413358578f,0.4793266913420503f,1.270713667272184f,-0.4651836620054487f,0.38545679077678185f,-0.7968859536014328f,6.158295689430858f,0f,0f,0f,1f],start_interpolation:0}
execute if entity @s[tag=aj.champions_charge.locator_origin.slash0] at @s on origin run tp @s ^-0.99239 ^0.97675 ^4.31324 ~3.79106 ~-3.84191
execute if entity @s[tag=aj.champions_charge.locator_origin.slash1] at @s on origin run tp @s ^-3.06193 ^0.90032 ^6.51307 ~3.79106 ~-3.84191
execute if entity @s[tag=aj.champions_charge.bone.steel_slash] run data modify entity @s {} merge value {transformation:[0.0000028413392595091363f,-6.852562539473331f,0.2868474299194531f,-3.2462309685953286f,-0.000024350129939862502f,-0.8294857341147803f,-0.2913438791600579f,0.5393357398151427f,0.000001827085357054064f,-0.39824654852640917f,-4.328912247210582f,1.9886473162448972f,0f,0f,0f,1f],start_interpolation:0}
execute if entity @s[tag=aj.champions_charge.locator_origin.gundyr_halberd1] at @s on origin run tp @s ^0.2749 ^1.11867 ^4.23379 ~3.79106 ~-3.84191
execute if entity @s[tag=aj.champions_charge.locator_origin.gundyr_halberd2] at @s on origin run tp @s ^0.16357 ^1.23174 ^5.91381 ~3.79106 ~-3.84191
execute if entity @s[tag=aj.champions_charge.locator_origin.gundyr_halberd3] at @s on origin run tp @s ^0.09348 ^1.30293 ^6.97161 ~3.79106 ~-3.84191
execute if entity @s[tag=aj.champions_charge.bone.gundyr_halberd] run data modify entity @s {} merge value {transformation:[0.3948979987792359f,-3.386275725720906f,0.22539607597432013f,0.13260154817885716f,-3.384255347574111f,-0.40990029497498737f,-0.22892925043899848f,1.2279864202455801f,0.25393389708209024f,-0.19679829441305033f,-3.4015289383363965f,5.912013043392591f,0f,0f,0f,1f],start_interpolation:0}
execute if entity @s[tag=aj.champions_charge.bone.left_arm2] run data modify entity @s {} merge value {transformation:[-0.9570476594871846f,-0.13678041232886617f,-0.2556382136403859f,0.23940934195892402f,-0.28555683120280334f,0.29211879043035827f,0.9127562152244804f,1.2910671607487767f,-0.05017044571773274f,0.9465504376844637f,-0.31863018578884555f,6.007023452640226f,0f,0f,0f,1f],start_interpolation:0}
execute if entity @s[tag=aj.champions_charge.bone.left_arm] run data modify entity @s {} merge value {transformation:[-0.9570476594871846f,-0.13678041232886617f,-0.2556382136403859f,0.0855832814408094f,-0.28555683120280334f,0.29211879043035827f,0.9127562152244804f,1.328402254456016f,-0.05017044571773274f,0.9465504376844637f,-0.31863018578884555f,6.237389756346626f,0f,0f,0f,1f],start_interpolation:0}
execute if entity @s[tag=aj.champions_charge.bone.head] run data modify entity @s {} merge value {transformation:[-0.9193984160717874f,-0.0718795718905305f,0.3867038655994048f,-0.2494977724782362f,-0.11062759567996883f,0.990727867683156f,-0.07886588153350216f,1.4060949978247677f,-0.3774494503887346f,-0.11528928545541911f,-0.9188254965228277f,6.239589172709875f,0f,0f,0f,1f],start_interpolation:0}
execute if entity @s[tag=aj.champions_charge.bone.body_top] run data modify entity @s {} merge value {transformation:[-0.9743319312134212f,-0.2128857420163583f,-0.07319117886787765f,-0.16567401155929512f,-0.1836282726478359f,0.939663155277916f,-0.2886413208421886f,1.0361026304340881f,0.13022267583757122f,-0.26779248581559517f,-0.9546356578498454f,6.3450324639997655f,0f,0f,0f,1f],start_interpolation:0}
execute if entity @s[tag=aj.champions_charge.locator_origin.player_camera] at @s on origin run tp @s ^0.02865 ^0.07623 ^6.55667 ~-18.29185 ~-18.86496
execute if entity @s[tag=aj.champions_charge.bone.body] run data modify entity @s {} merge value {transformation:[-0.9308446977966967f,-0.2128857420163583f,-0.2969979956665046f,-0.07253649942713838f,-0.11173713322211146f,0.939663155277916f,-0.32333878157816964f,0.625f,0.3479122901581383f,-0.26779248581559517f,-0.898467708322132f,6.462191676544088f,0f,0f,0f,1f],start_interpolation:0}
execute if entity @s[tag=aj.champions_charge.bone.right_leg2] run data modify entity @s {} merge value {transformation:[-0.782825407769809f,-0.4319326175551623f,-0.447904671600976f,-0.11644307343455215f,0f,0.7198245880301591f,-0.6941560072975035f,0.3543643623049162f,0.6222414169356073f,-0.5434029594685307f,-0.5634969766474441f,6.607840641450983f,0f,0f,0f,1f],start_interpolation:0}
execute if entity @s[tag=aj.champions_charge.bone.right_leg] run data modify entity @s {} merge value {transformation:[-0.782825407769809f,-0.15011228372539095f,-0.6038631328577528f,-0.17038967539836453f,0f,0.9704643831515375f,-0.24124444249413463f,0.703125f,0.6222414169356073f,-0.18885227906767119f,-0.7597041764666785f,6.539971853661039f,0f,0f,0f,1f],start_interpolation:0}
execute if entity @s[tag=aj.champions_charge.bone.left_leg2] run data modify entity @s {} merge value {transformation:[-0.782825407769809f,-0.07518535877174756f,-0.6176823963627229f,-0.029916750958112165f,0f,0.9926732286717003f,-0.12082988487333066f,0.35488497152565623f,0.6222414169356073f,-0.09458870389674418f,-0.7770898250170966f,6.314923790589189f,0f,0f,0f,1f],start_interpolation:0}
execute if entity @s[tag=aj.champions_charge.bone.left_leg] run data modify entity @s {} merge value {transformation:[-0.782825407769809f,0.1536930156582954f,-0.6029617217435044f,0.025316676544087743f,0f,0.9690157314068696f,0.24699901272274252f,0.703125f,0.6222414169356073f,0.19335710285342117f,-0.7585701350739424f,6.384411499427137f,0f,0f,0f,1f],start_interpolation:0}