execute if entity @s[tag=aj.champions_charge.bone.right_arm2] run data modify entity @s {} merge value {transformation:[0.15640047719669106f,0.8354096817557298f,0.5269056408517918f,-0.04674202464351912f,-0.9697148282427699f,0.028554855612165142f,0.24256498532777518f,1.1242315212774734f,0.18759542270200136f,-0.5488854924752145f,0.8145751491001298f,5.58369107528676f,0f,0f,0f,1f],start_interpolation:0}
execute if entity @s[tag=aj.champions_charge.bone.right_arm] run data modify entity @s {} merge value {transformation:[0.15640047719669106f,0.9450954130327645f,0.2869382355090997f,0.189531828614672f,-0.9697148282427699f,0.09175289827807655f,0.22635051920344323f,1.1471697458469925f,0.18759542270200136f,-0.31364959098012746f,0.9308232331969675f,5.505278677541728f,0f,0f,0f,1f],start_interpolation:0}
execute if entity @s[tag=aj.champions_charge.locator_origin.slash0] at @s on origin run tp @s ^0.13096 ^0.75151 ^9.1824 ~-166.57312 ~-8.72001
execute if entity @s[tag=aj.champions_charge.locator_origin.slash1] at @s on origin run tp @s ^0.13097 ^0.75152 ^9.18239 ~-166.57312 ~-8.72001
execute if entity @s[tag=aj.champions_charge.bone.steel_slash] run data modify entity @s {} merge value {transformation:[0.00000492448205486179f,0.000023414811689822682f,-0.000005642370760528298f,0.13096948930598318f,-0.0000239442908787693f,0.000004137732441780327f,-0.0000037269803233853525f,0.7515166137658795f,-0.0000026001324162448173f,0.00000624227855419471f,0.000023635006825630728f,9.182417599777306f,0f,0f,0f,1f],start_interpolation:0}
execute if entity @s[tag=aj.champions_charge.locator_origin.gundyr_halberd1] at @s on origin run tp @s ^-0.82266 ^0.74856 ^7.40352 ~-166.57312 ~-8.72001
execute if entity @s[tag=aj.champions_charge.locator_origin.gundyr_halberd2] at @s on origin run tp @s ^-0.43535 ^1.00439 ^5.78112 ~-166.57312 ~-8.72001
execute if entity @s[tag=aj.champions_charge.locator_origin.gundyr_halberd3] at @s on origin run tp @s ^-0.19148 ^1.16548 ^4.75961 ~-166.57312 ~-8.72001
execute if entity @s[tag=aj.champions_charge.bone.gundyr_halberd] run data modify entity @s {} merge value {transformation:[0.6844195398282489f,3.2542619636702717f,-0.7841939023107126f,-0.40558498257624054f,-3.32785059671031f,0.5750746783491303f,-0.5179870957925405f,1.0096547471220196f,-0.36137433581707634f,0.8675709177016377f,3.2848653554266445f,5.7890567981899395f,0f,0f,0f,1f],start_interpolation:0}
execute if entity @s[tag=aj.champions_charge.bone.left_arm2] run data modify entity @s {} merge value {transformation:[0.9448834364000464f,0.2610383852797724f,0.19762148928537146f,-0.43110037162946035f,-0.2961473525559902f,0.42403253370912586f,0.8558581400736319f,1.126470664584134f,0.1396138860963233f,-0.8672112613237604f,0.47796714431259263f,5.730389725046124f,0f,0f,0f,1f],start_interpolation:0}
execute if entity @s[tag=aj.champions_charge.bone.left_arm] run data modify entity @s {} merge value {transformation:[0.9448834364000464f,0.2548535448968143f,0.20553579316110993f,-0.249276555855251f,-0.2961473525559902f,0.3975797114259143f,0.8684625027233843f,1.188847173371114f,0.1396138860963233f,-0.8814647149580144f,0.4511406865857575f,5.527475282068661f,0f,0f,0f,1f],start_interpolation:0}
execute if entity @s[tag=aj.champions_charge.bone.head] run data modify entity @s {} merge value {transformation:[0.923078385033287f,-0.010875071791330865f,-0.38445809641347395f,0.07451106378658517f,-0.12635597305046214f,0.9355416678144637f,-0.32984231968836636f,1.3004660535863357f,0.36326362762986547f,0.35304889264302336f,0.8622041615793358f,5.5594614579290775f,0f,0f,0f,1f],start_interpolation:0}
execute if entity @s[tag=aj.champions_charge.bone.body_top] run data modify entity @s {} merge value {transformation:[0.9872348689653072f,0.10627285627949667f,0.11863133446627766f,0.03266612662653336f,-0.018773397523464658f,0.8172909004612494f,-0.5759193898182852f,0.9786577615297187f,-0.15816090871159774f,0.56634059014116f,0.8088531776002886f,5.336464850560996f,0f,0f,0f,1f],start_interpolation:0}
execute if entity @s[tag=aj.champions_charge.locator_origin.player_camera] at @s on origin run tp @s ^-0.06842 ^0.13353 ^4.80784 ~172.0433 ~-36.03537
execute if entity @s[tag=aj.champions_charge.bone.body] run data modify entity @s {} merge value {transformation:[0.9878201477419697f,0.10808006351864892f,0.11193773083655723f,-0.014618901162875543f,-0.021781726437696523f,0.8083605977822141f,-0.5882845402920042f,0.625f,-0.15406788149522296f,0.578681124474426f,0.8008690555069459f,5.083291858603435f,0f,0f,0f,1f],start_interpolation:0}
execute if entity @s[tag=aj.champions_charge.bone.right_leg2] run data modify entity @s {} merge value {transformation:[0.9774170468695231f,0.14618219671525703f,0.15259974394592557f,0.08948252108394497f,0f,0.7221281939292155f,-0.6917592583641577f,0.3540780817497443f,-0.21131946547552158f,0.6761372914549465f,0.7058204067715159f,4.973271254300475f,0f,0f,0f,1f],start_interpolation:0}
execute if entity @s[tag=aj.champions_charge.bone.right_leg] run data modify entity @s {} merge value {transformation:[0.9774170468695231f,0.05029762396346394f,0.20524635322580065f,0.10755822969581483f,0f,0.971260989913755f,-0.23801699408183588f,0.703125f,-0.21131946547552158f,0.2326418674602288f,0.9493270485010721f,5.056876925418995f,0f,0f,0f,1f],start_interpolation:0}
execute if entity @s[tag=aj.champions_charge.bone.left_leg2] run data modify entity @s {} merge value {transformation:[0.9774170468695231f,-0.06450608295349589f,0.2012334011809592f,-0.09568672031969022f,0f,0.9522710117032227f,0.30525386200623345f,0.4009561567609093f,-0.21131946547552158f,-0.2983603283476497f,0.9307659200784171f,5.299849909706846f,0f,0f,0f,1f],start_interpolation:0}
execute if entity @s[tag=aj.champions_charge.bone.left_leg] run data modify entity @s {} merge value {transformation:[0.9774170468695231f,-0.11439112821391502f,0.17768113651934977f,-0.13679603202156593f,0f,0.8408176507522525f,0.5413184628141398f,0.703125f,-0.21131946547552158f,-0.5290938933397462f,0.8218295051540366f,5.1097067917878745f,0f,0f,0f,1f],start_interpolation:0}