execute if entity @s[tag=aj.champions_charge.bone.right_arm2] run data modify entity @s {} merge value {transformation:[0.10733963073220087f,0.4507800024889622f,0.8861577698301395f,0.04853040593043051f,-0.9855591306845966f,0.16565061323732833f,0.03511515710230387f,0.9708919643562286f,-0.13096336739140896f,-0.8771301292796573f,0.4620512230384793f,3.5058046606552282f,0f,0f,0f,1f],start_interpolation:0}
execute if entity @s[tag=aj.champions_charge.bone.right_arm] run data modify entity @s {} merge value {transformation:[0.10733963073220087f,0.6647745541763551f,0.7392922262501503f,0.2147240444745193f,-0.9855591306845966f,0.1690946768964005f,-0.008954896399418988f,1.0131656335803287f,-0.13096336739140896f,-0.7276549885522192f,0.6733251918921291f,3.3238909135171735f,0f,0f,0f,1f],start_interpolation:0}
execute if entity @s[tag=aj.champions_charge.locator_origin.slash1] at @s on origin run tp @s ^0.17078 ^1.8771 ^6.83586 ~172.79397 ~-5.446
execute if entity @s[tag=aj.champions_charge.bone.steel_slash] run data modify entity @s {} merge value {transformation:[0.000024364024752994257f,0.0000011450648494301944f,0.0000030697560332802763f,0.17078291286138053f,-8.554883473815176e-7f,0.000024457409114207182f,-0.0000023331431343934834f,1.8771051817919304f,-0.0000031627069577745743f,0.0000022055030466250613f,0.00002427907162122039f,6.83587727558138f,0f,0f,0f,1f],start_interpolation:0}
execute if entity @s[tag=aj.champions_charge.locator_origin.gundyr_halberd1] at @s on origin run tp @s ^-0.07876 ^0.66507 ^5.24133 ~172.79397 ~-5.446
execute if entity @s[tag=aj.champions_charge.locator_origin.gundyr_halberd2] at @s on origin run tp @s ^-0.28948 ^0.82523 ^3.57471 ~172.79397 ~-5.446
execute if entity @s[tag=aj.champions_charge.locator_origin.gundyr_halberd3] at @s on origin run tp @s ^-0.42216 ^0.92607 ^2.52536 ~172.79397 ~-5.446
execute if entity @s[tag=aj.champions_charge.bone.gundyr_halberd] run data modify entity @s {} merge value {transformation:[3.3861864910941173f,0.15914460619199314f,0.42664405886268253f,-0.2880291571494867f,-0.11889838048353298f,3.399165334516931f,-0.32426735088180625f,0.8563172846229641f,-0.43956266192799176f,0.3065275420733137f,3.37437944566114f,3.57751770666564f,0f,0f,0f,1f],start_interpolation:0}
execute if entity @s[tag=aj.champions_charge.bone.left_arm2] run data modify entity @s {} merge value {transformation:[0.9733593646612052f,-0.21890601088118045f,0.06820341359802866f,-0.30855159566959733f,0.05007974963684355f,0.49325429531886583f,0.8684424096195442f,0.9025598748091077f,-0.2237488902824913f,-0.8418909421947581f,0.49107644572691134f,3.4985904308348816f,0f,0f,0f,1f],start_interpolation:0}
execute if entity @s[tag=aj.champions_charge.bone.left_arm] run data modify entity @s {} merge value {transformation:[0.9733593646612052f,-0.1695722141911626f,0.15432696264956983f,-0.22927472863473733f,0.05007974963684355f,0.8140598304120797f,0.5786178455472724f,1.112334801116733f,-0.2237488902824913f,-0.5554744428718232f,0.8008648933581689f,3.331753208831614f,0f,0f,0f,1f],start_interpolation:0}
execute if entity @s[tag=aj.champions_charge.bone.head] run data modify entity @s {} merge value {transformation:[0.9913049548338356f,0.09976205117107237f,-0.08580221248911667f,0.0991354239067602f,-0.13086714936139968f,0.6794734173623157f,-0.7219346676230457f,1.1998442565367369f,-0.013721360716353742f,0.7268861040383953f,0.6866209405603467f,3.384754901443877f,0f,0f,0f,1f],start_interpolation:0}
execute if entity @s[tag=aj.champions_charge.bone.body_top] run data modify entity @s {} merge value {transformation:[0.9820202606334243f,0.14976571195514723f,0.1149192726570677f,0.04016517482442097f,0f,0.6087614290087207f,-0.7933533402912352f,0.960144443864553f,-0.18877554848407035f,0.7790890540071965f,0.5978160571787197f,3.077988586428543f,0f,0f,0f,1f],start_interpolation:0}
execute if entity @s[tag=aj.champions_charge.bone.body] run data modify entity @s {} merge value {transformation:[0.9820202606334243f,0.121342583577341f,0.14461045991295932f,-0.012922205490665722f,0f,0.7660444431189781f,-0.6427876096865394f,0.625f,-0.18877554848407035f,0.6312304559963112f,0.7522711636884852f,2.8018252619301567f,0f,0f,0f,1f],start_interpolation:0}
execute if entity @s[tag=aj.champions_charge.locator_origin.player_camera] at @s on origin run tp @s ^0.10506 ^-0.1875 ^3.41559 ~169.11866 ~0
execute if entity @s[tag=aj.champions_charge.bone.right_leg2] run data modify entity @s {} merge value {transformation:[0.9820202606334243f,-0.04885870719735175f,0.18234317765264774f,0.15780130865838432f,0f,0.9659258262890682f,0.2588190451025209f,0.4490085005110845f,-0.18877554848407035f,-0.2541655461284715f,0.9485587316849464f,3.0277758694290062f,0f,0f,0f,1f],start_interpolation:0}
execute if entity @s[tag=aj.champions_charge.bone.right_leg] run data modify entity @s {} merge value {transformation:[0.9820202606334243f,-0.13348447045529604f,0.13348447045529602f,0.1098303270885123f,0f,0.7071067811865475f,0.7071067811865476f,0.703125f,-0.18877554848407035f,-0.6943931855564751f,0.6943931855564751f,2.778228318369648f,0f,0f,0f,1f],start_interpolation:0}
execute if entity @s[tag=aj.champions_charge.bone.left_leg2] run data modify entity @s {} merge value {transformation:[0.9820202606334243f,0.13348447045529602f,0.13348447045529604f,-0.16959534443807514f,0f,0.7071067811865476f,-0.7071067811865475f,0.39189712051496733f,-0.18877554848407035f,0.694393185556475f,0.6943931855564752f,2.648965439908097f,0f,0f,0f,1f],start_interpolation:0}
execute if entity @s[tag=aj.champions_charge.bone.left_leg] run data modify entity @s {} merge value {transformation:[0.9820202606334243f,0.09438777424203516f,0.1634844206005459f,-0.13567473806984376f,0f,0.8660254037844387f,-0.49999999999999994f,0.703125f,-0.18877554848407035f,0.4910101303167121f,0.850454492739561f,2.8254222054906655f,0f,0f,0f,1f],start_interpolation:0}
execute if entity @s[tag=aj.champions_charge.locator_origin.commands] at @s on origin run tp @s ^0 ^0 ^0 ~0 ~0