execute if entity @s[tag=aj.champions_charge.bone.right_arm2] run data modify entity @s {} merge value {transformation:[0.9765658226690965f,0.21515940112490717f,0.005062223049378964f,0.23490392114934844f,-0.20586431395907828f,0.927001057198749f,0.3135106444613321f,1.1090194593555178f,0.06276207639003373f,-0.30720591149906756f,0.9495711925428436f,0.007443643898155591f,0f,0f,0f,1f],start_interpolation:0}
execute if entity @s[tag=aj.champions_charge.bone.right_arm] run data modify entity @s {} merge value {transformation:[0.9765658226690965f,0.2091382220511733f,-0.050797618762147764f,0.28718847666214176f,-0.20586431395907828f,0.9765567877744993f,0.06290249986852309f,1.3531586562991427f,0.06276207639003373f,-0.05097101459482262f,0.9967260794412803f,-0.005299109750550063f,0f,0f,0f,1f],start_interpolation:0}
execute if entity @s[tag=aj.champions_charge.locator_origin.slash0] at @s on origin run tp @s ^-0.37093 ^2.14094 ^3.19915 ~-178.12439 ~-1.36245
execute if entity @s[tag=aj.champions_charge.locator_origin.slash1] at @s on origin run tp @s ^-0.37093 ^2.14095 ^3.19914 ~-178.12439 ~-1.36245
execute if entity @s[tag=aj.champions_charge.bone.steel_slash] run data modify entity @s {} merge value {transformation:[0.000024405986574280317f,0.000002835677976980394f,-8.043802115261993e-7f,-0.37093290435095233f,-0.0000028554023368360713f,0.00002440994252462985f,-5.845179354270979e-7f,2.140948266851682f,7.312828513083441e-7f,6.737314991250054e-7f,0.000024563216178592058f,3.199162329955677f,0f,0f,0f,1f],start_interpolation:0}
execute if entity @s[tag=aj.champions_charge.locator_origin.gundyr_halberd1] at @s on origin run tp @s ^-0.47908 ^0.82549 ^1.67215 ~-178.12439 ~-1.36245
execute if entity @s[tag=aj.champions_charge.locator_origin.gundyr_halberd2] at @s on origin run tp @s ^-0.42387 ^0.86561 ^-0.01397 ~-178.12439 ~-1.36245
execute if entity @s[tag=aj.champions_charge.locator_origin.gundyr_halberd3] at @s on origin run tp @s ^-0.3891 ^0.89088 ^-1.0756 ~-178.12439 ~-1.36245
execute if entity @s[tag=aj.champions_charge.bone.gundyr_halberd] run data modify entity @s {} merge value {transformation:[3.3920184730355696f,0.394111176461682f,-0.11179521583923449f,-0.4202615229275739f,-0.3968525281704371f,3.392568283084149f,-0.08123808594071531f,0.8966426083314509f,0.10163592170726139f,0.09363725920042448f,3.413870723126354f,-0.013110018787952649f,0f,0f,0f,1f],start_interpolation:0}
execute if entity @s[tag=aj.champions_charge.bone.left_arm2] run data modify entity @s {} merge value {transformation:[0.9974597079057651f,0.06489724825047229f,0.029367980421916275f,-0.45428229629986844f,-0.06757895258585982f,0.9924767214313511f,0.10209330332727078f,1.117013647153348f,-0.022521462473462917f,-0.10381861387242936f,0.9943412287246584f,-0.03473165659555789f,0f,0f,0f,1f],start_interpolation:0}
execute if entity @s[tag=aj.champions_charge.bone.left_arm] run data modify entity @s {} merge value {transformation:[0.9974597079057651f,0.06838831204094342f,0.019929121424087877f,-0.31250275480141193f,-0.06757895258585982f,0.996959501496553f,-0.03879223560382225f,1.3578061534542538f,-0.022521462473462917f,0.03734690284260386f,0.999048543653471f,-0.028210113694089788f,0f,0f,0f,1f],start_interpolation:0}
execute if entity @s[tag=aj.champions_charge.bone.head] run data modify entity @s {} merge value {transformation:[0.9700215770203806f,-0.05429109591499648f,-0.23687679713142493f,0.00008539825025759924f,-0.013092126281488987f,0.9616361453886636f,-0.2740155472075675f,1.4991275672724913f,0.24266589448112222f,0.2689022141715864f,0.9320970243860318f,-0.0029669548552973546f,0f,0f,0f,1f],start_interpolation:0}
execute if entity @s[tag=aj.champions_charge.bone.body_top] run data modify entity @s {} merge value {transformation:[0.9999941526452676f,0.000625950261032392f,0.003361972864793065f,-0.00016106966502390515f,0f,0.9831054874312163f,-0.18303988795514092f,1.1120297815964497f,-0.0034197478376177693f,0.18303881765598587f,0.9830997388646919f,-0.0750384893073418f,0f,0f,0f,1f],start_interpolation:0}
execute if entity @s[tag=aj.champions_charge.locator_origin.player_camera] at @s on origin run tp @s ^-0.00007 ^0.11044 ^-0.04802 ~179.80406 ~-2.03125
execute if entity @s[tag=aj.champions_charge.bone.body] run data modify entity @s {} merge value {transformation:[0.9999941526452676f,0.00012121150742395893f,0.0034175990173452796f,-0.00021409969952188718f,0f,0.9993716436490281f,-0.035444574623489225f,0.6748046875f,-0.0034197478376177693f,0.03544436736648806f,0.9993657999685182f,-0.09054540003018033f,0f,0f,0f,1f],start_interpolation:0}
execute if entity @s[tag=aj.champions_charge.bone.right_leg2] run data modify entity @s {} merge value {transformation:[0.9999941526452676f,0.0016784826719330437f,0.0029794917675522985f,0.12439767493876717f,0f,0.8712606627826228f,-0.4908205960303469f,0.4118856317137435f,-0.0034197478376177693f,0.49081772602821194f,0.8712555682124631f,-0.2042830290689335f,0f,0f,0f,1f],start_interpolation:0}
execute if entity @s[tag=aj.champions_charge.bone.right_leg] run data modify entity @s {} merge value {transformation:[0.9999941526452676f,0.0010782454048539772f,0.003245313870768541f,0.12478516938113657f,0f,0.9489921552313224f,-0.3152996817464453f,0.7529296875f,-0.0034197478376177693f,0.3152978380773591f,0.9489866061375525f,-0.09097286850988257f,0f,0f,0f,1f],start_interpolation:0}
execute if entity @s[tag=aj.champions_charge.bone.left_leg2] run data modify entity @s {} merge value {transformation:[0.9999941526452676f,-0.000012823103795784815f,0.003419723795995877f,-0.1248378214474358f,0f,0.9999929697676455f,0.0037497220276678234f,0.4107447078015117f,-0.0034197478376177693f,-0.003749700101712994f,0.9999871224540213f,0.0196986849424097f,0f,0f,0f,1f],start_interpolation:0}
execute if entity @s[tag=aj.champions_charge.bone.left_leg] run data modify entity @s {} merge value {transformation:[0.9999941526452676f,-0.0010450012737238995f,0.0032561706974307773f,-0.12521336878018033f,0f,0.9521669000305761f,0.3055784588058568f,0.7529296875f,-0.0034197478376177693f,-0.3055766719802096f,0.9521613323729472f,-0.09011793155047812f,0f,0f,0f,1f],start_interpolation:0}