execute if entity @s[tag=aj.champions_charge.bone.right_arm2] run data modify entity @s {} merge value {transformation:[0.16511185992267938f,0.7924141717624612f,0.5872119328682671f,-0.020400905836025274f,-0.9817362547294691f,0.07499494710499635f,0.1748418830214154f,1.0820583376745319f,0.09450925807892563f,-0.6053557122045945f,0.7903242763819416f,5.162087199081668f,0f,0f,0f,1f],start_interpolation:0}
execute if entity @s[tag=aj.champions_charge.bone.right_arm] run data modify entity @s {} merge value {transformation:[0.16511185992267938f,0.9173949453605934f,0.36211129220131677f,0.20894783050412308f,-0.9817362547294691f,0.11769196545742794f,0.14947416973016808f,1.1114813290388887f,0.09450925807892563f,-0.3801777419755155f,0.9200722170806863f,5.067042763587789f,0f,0f,0f,1f],start_interpolation:0}
execute if entity @s[tag=aj.champions_charge.locator_origin.slash0] at @s on origin run tp @s ^0.43603 ^0.61589 ^8.70078 ~-171.43529 ~-11.73862
execute if entity @s[tag=aj.champions_charge.locator_origin.slash1] at @s on origin run tp @s ^0.43604 ^0.61589 ^8.70077 ~-171.43529 ~-11.73862
execute if entity @s[tag=aj.champions_charge.bone.steel_slash] run data modify entity @s {} merge value {transformation:[0.0000065870989554976985f,0.000023411567967323075f,-0.0000035845348986543252f,0.4360363121137884f,-0.000023358346356676164f,0.000005806360680859242f,-0.0000050014106913052775f,0.6158920815862496f,-0.000003916383613719681f,0.000004746044535501269f,0.00002380078314751437f,8.700791467119647f,0f,0f,0f,1f],start_interpolation:0}
execute if entity @s[tag=aj.champions_charge.locator_origin.gundyr_halberd1] at @s on origin run tp @s ^-0.64222 ^0.59788 ^6.99465 ~-171.43529 ~-11.73862
execute if entity @s[tag=aj.champions_charge.locator_origin.gundyr_halberd2] at @s on origin run tp @s ^-0.39617 ^0.9412 ^5.36087 ~-171.43529 ~-11.73862
execute if entity @s[tag=aj.champions_charge.locator_origin.gundyr_halberd3] at @s on origin run tp @s ^-0.24124 ^1.15736 ^4.33219 ~-171.43529 ~-11.73862
execute if entity @s[tag=aj.champions_charge.bone.gundyr_halberd] run data modify entity @s {} merge value {transformation:[0.9154951090691718f,3.2538111412211737f,-0.4981895960841605f,-0.36640577194530216f,-3.2464142394024504f,0.8069857217465388f,-0.6951113164186996f,0.948579617293106f,-0.5443109429237524f,0.6596197490018714f,3.307905454400303f,5.366900462264319f,0f,0f,0f,1f],start_interpolation:0}
execute if entity @s[tag=aj.champions_charge.bone.left_arm2] run data modify entity @s {} merge value {transformation:[0.9584859956268442f,0.18606115150959646f,0.21606907248873006f,-0.3953635966874096f,-0.2812467160810829f,0.49211146718041326f,0.8238486442078713f,1.0637835273593295f,0.04695615913619641f,-0.8504161050735481f,0.5240110374321443f,5.31698988230717f,0f,0f,0f,1f],start_interpolation:0}
execute if entity @s[tag=aj.champions_charge.bone.left_arm] run data modify entity @s {} merge value {transformation:[0.9584859956268442f,0.18606115150959646f,0.21606907248873006f,-0.22903755935665498f,-0.2812467160810829f,0.49211146718041326f,0.8238486442078713f,1.1516555546442975f,0.04695615913619641f,-0.8504161050735481f,0.5240110374321443f,5.110255375930808f,0f,0f,0f,1f],start_interpolation:0}
execute if entity @s[tag=aj.champions_charge.bone.head] run data modify entity @s {} merge value {transformation:[0.9463819767957491f,0.006376706897541079f,-0.3229868288418477f,0.09579082628846525f,-0.1476598031308278f,0.8977905479741138f,-0.41493218061233295f,1.2617744433426505f,0.2873286211562214f,0.44037650888470803f,0.8505943768253945f,5.136344889744308f,0f,0f,0f,1f],start_interpolation:0}
execute if entity @s[tag=aj.champions_charge.bone.body_top] run data modify entity @s {} merge value {transformation:[0.9785809043254721f,0.13232593421502722f,0.15769990749414378f,0.043687489691298265f,0f,0.7660444431189781f,-0.6427876096865394f,0.960144443864553f,-0.2058626087698813f,0.6290196803762622f,0.7496364639008722f,4.8886683905961545f,0f,0f,0f,1f],start_interpolation:0}
execute if entity @s[tag=aj.champions_charge.locator_origin.player_camera] at @s on origin run tp @s ^-0.07878 ^0.15393 ^4.3065 ~168.12 ~-40
execute if entity @s[tag=aj.champions_charge.bone.body] run data modify entity @s {} merge value {transformation:[0.9785809043254721f,0.13232593421502722f,0.15769990749414378f,-0.014205106527776144f,0f,0.7660444431189781f,-0.6427876096865394f,0.625f,-0.2058626087698813f,0.6290196803762622f,0.7496364639008722f,4.61347228043154f,0f,0f,0f,1f],start_interpolation:0}
execute if entity @s[tag=aj.champions_charge.bone.right_leg2] run data modify entity @s {} merge value {transformation:[0.9785809043254721f,0.16863277681651317f,0.11807794151615814f,0.07685141508881632f,0f,0.573576436351046f,-0.8191520442889917f,0.37742063903370393f,-0.2058626087698813f,0.8016065482803807f,0.5612909477841883f,4.439114115312657f,0f,0f,0f,1f],start_interpolation:0}
execute if entity @s[tag=aj.champions_charge.bone.right_leg] run data modify entity @s {} merge value {transformation:[0.9785809043254721f,0.08700129787573291f,0.18657488538782277f,0.10811750651290784f,0f,0.9063077870366499f,-0.42261826174069944f,0.703125f,-0.2058626087698813f,0.4135661607586727f,0.8868954938355422f,4.587739454335305f,0f,0f,0f,1f],start_interpolation:0}
execute if entity @s[tag=aj.champions_charge.bone.left_leg2] run data modify entity @s {} merge value {transformation:[0.9785809043254721f,-0.10293130438494066f,0.1782822488840544f,-0.08421463405220181f,0f,0.8660254037844386f,0.5000000000000001f,0.4490085005110845f,-0.2058626087698813f,-0.48929045216273603f,0.8474759228042079f,4.887878660401662f,0f,0f,0f,1f],start_interpolation:0}
execute if entity @s[tag=aj.champions_charge.bone.left_leg] run data modify entity @s {} merge value {transformation:[0.9785809043254721f,-0.1455668466539363f,0.1455668466539363f,-0.13652771956846016f,0f,0.7071067811865475f,0.7071067811865476f,0.703125f,-0.2058626087698813f,-0.6919611933882054f,0.6919611933882053f,4.6392051065277755f,0f,0f,0f,1f],start_interpolation:0}