execute if entity @s[tag=aj.champions_charge.bone.right_arm2] run data modify entity @s {} merge value {transformation:[-0.419600261339214f,-0.3329862461038447f,-0.8444263026396877f,-0.3490415820458151f,-0.8766422139024823f,-0.09264071754473527f,0.47213994350928534f,1.3004945487485569f,-0.23544436601502655f,0.938369787108721f,-0.2530377306911279f,5.229360802876941f,0f,0f,0f,1f],start_interpolation:0}
execute if entity @s[tag=aj.champions_charge.bone.right_arm] run data modify entity @s {} merge value {transformation:[-0.419600261339214f,-0.3329862461038447f,-0.8444263026396877f,-0.43228814357177625f,-0.8766422139024823f,-0.09264071754473527f,0.47213994350928534f,1.277334369362373f,-0.23544436601502655f,0.938369787108721f,-0.2530377306911279f,5.4639532496541205f,0f,0f,0f,1f],start_interpolation:0}
execute if entity @s[tag=aj.champions_charge.locator_origin.slash1] at @s on origin run tp @s ^-3.18851 ^1.07839 ^6.39438 ~-37.24324 ~-4.50973
execute if entity @s[tag=aj.champions_charge.bone.steel_slash] run data modify entity @s {} merge value {transformation:[0.0000019538883339330042f,-7.766408387754403f,-3.428688979794365f,-6.801772752696961f,-0.000024487498843167404f,-0.39137574167621264f,-0.4468436944665896f,0.7300876827471081f,9.407436219148144e-7f,5.943045048206541f,-4.5100588026166575f,4.832806655519821f,0f,0f,0f,1f],start_interpolation:0}
execute if entity @s[tag=aj.champions_charge.locator_origin.gundyr_halberd1] at @s on origin run tp @s ^-1.2536 ^1.12634 ^3.62396 ~-37.24324 ~-4.50973
execute if entity @s[tag=aj.champions_charge.locator_origin.gundyr_halberd2] at @s on origin run tp @s ^-0.23548 ^1.25903 ^4.96317 ~-37.24324 ~-4.50973
execute if entity @s[tag=aj.champions_charge.locator_origin.gundyr_halberd3] at @s on origin run tp @s ^0.40555 ^1.34257 ^5.80638 ~-37.24324 ~-4.50973
execute if entity @s[tag=aj.champions_charge.bone.gundyr_halberd] run data modify entity @s {} merge value {transformation:[0.271557361665265f,-2.7112066106308115f,-2.0613651847521592f,-0.2602805425527284f,-3.4033472968469956f,-0.13662692522661604f,-0.2686472993694231f,1.2577789303579696f,0.13074741863900813f,2.074681399368593f,-2.711496508340796f,4.982149681859045f,0f,0f,0f,1f],start_interpolation:0}
execute if entity @s[tag=aj.champions_charge.bone.left_arm2] run data modify entity @s {} merge value {transformation:[-0.7357454962813996f,0.5943993910736507f,-0.3246042645944607f,-0.1001187926291303f,-0.18534071824087892f,0.2842821511542296f,0.9406553442664743f,1.2790437202851754f,0.6514041624549174f,0.7522453206410775f,-0.09899290232138096f,4.972185848723017f,0f,0f,0f,1f],start_interpolation:0}
execute if entity @s[tag=aj.champions_charge.bone.left_arm] run data modify entity @s {} merge value {transformation:[-0.7357454962813996f,0.5943993910736507f,-0.3246042645944607f,-0.04348713189589258f,-0.18534071824087892f,0.2842821511542296f,0.9406553442664743f,1.326946668293623f,0.6514041624549174f,0.7522453206410775f,-0.09899290232138096f,5.2416726991901506f,0f,0f,0f,1f],start_interpolation:0}
execute if entity @s[tag=aj.champions_charge.bone.head] run data modify entity @s {} merge value {transformation:[-0.9538570909169587f,-0.13073951270053352f,-0.2703032184903912f,-0.2921140396763028f,-0.11037908533675789f,0.9898725087707142f,-0.08926854933397996f,1.4060950421525593f,0.2792366516552902f,-0.05531361675753585f,-0.9586278194239632f,5.465816644330405f,0f,0f,0f,1f],start_interpolation:0}
execute if entity @s[tag=aj.champions_charge.bone.body_top] run data modify entity @s {} merge value {transformation:[-0.6409638384328336f,-0.3361788401401718f,-0.6900356115907769f,-0.15974362137111012f,-0.17897027960951228f,0.9396632086045827f,-0.29155221386817404f,1.0361026537645048f,0.746414761937317f,-0.06337855975761301f,-0.6624561580399937f,5.490771952234965f,0f,0f,0f,1f],start_interpolation:0}
execute if entity @s[tag=aj.champions_charge.bone.body] run data modify entity @s {} merge value {transformation:[-0.4678859009834733f,-0.3361788401401718f,-0.8173533942566656f,-0.012665378809784973f,-0.10823206073754585f,0.9396632086045827f,-0.3245286973804392f,0.625f,0.8771365940886218f,-0.06337855975761301f,-0.4760404956237053f,5.518500072128921f,0f,0f,0f,1f],start_interpolation:0}
execute if entity @s[tag=aj.champions_charge.locator_origin.player_camera] at @s on origin run tp @s ^-0.62684 ^-0.1875 ^5.40267 ~-79.32 ~0
execute if entity @s[tag=aj.champions_charge.bone.right_leg2] run data modify entity @s {} merge value {transformation:[-0.1853236075096445f,-0.45891442420819645f,-0.8689376915252732f,-0.04914110808302634f,0f,0.8842551603760728f,-0.46700408065485455f,0.34400534576978825f,0.9826775465530956f,-0.08654688094868263f,-0.16387335627991306f,5.638824573975214f,0f,0f,0f,1f],start_interpolation:0}
execute if entity @s[tag=aj.champions_charge.bone.right_leg] run data modify entity @s {} merge value {transformation:[-0.1853236075096445f,0.03703729623523006f,-0.981979327270791f,-0.035830829748490535f,0f,0.9992894726405892f,0.03769018266993534f,0.703125f,0.9826775465530956f,0.006984880620089902f,-0.18519193001616419f,5.641334765448058f,0f,0f,0f,1f],start_interpolation:0}
execute if entity @s[tag=aj.champions_charge.bone.left_leg2] run data modify entity @s {} merge value {transformation:[-0.1853236075096445f,-0.3801703395252715f,-0.9061598498305093f,0.03513455292465008f,0f,0.9221334638295291f,-0.3868719101792668f,0.34462541943787567f,0.9826775465530956f,-0.07169649803856888f,-0.17089310012225262f,5.400311206799042f,0f,0f,0f,1f],start_interpolation:0}
execute if entity @s[tag=aj.champions_charge.bone.left_leg] run data modify entity @s {} merge value {transformation:[-0.1853236075096445f,-0.06854812047507335f,-0.9802837934388929f,0.010500072128920596f,0f,0.9975640502598242f,-0.06975647374412618f,0.703125f,0.9826775465530956f,-0.012927521361413261f,-0.18487216851608293f,5.395665378809785f,0f,0f,0f,1f],start_interpolation:0}
execute if entity @s[tag=aj.champions_charge.locator_origin.commands] at @s on origin run tp @s ^0 ^0 ^0 ~0 ~0