execute if entity @s[tag=aj.champions_charge.bone.right_arm2] run data modify entity @s {} merge value {transformation:[0.743054969532514f,0.6282954788010642f,0.23046497254718806f,0.03408660118400647f,-0.665326492951508f,0.6563925005368143f,0.35565368410277304f,1.0574687421856157f,0.07218012212431718f,-0.4176046893380987f,0.905757336935754f,0.25121594160579713f,0f,0f,0f,1f],start_interpolation:0}
execute if entity @s[tag=aj.champions_charge.bone.right_arm] run data modify entity @s {} merge value {transformation:[0.743054969532514f,0.6665355536388455f,0.059997233172807606f,0.20072048959371785f,-0.665326492951508f,0.7260764153576433f,0.1736481984883282f,1.2389878460250265f,0.07218012212431718f,-0.16894790557077863f,0.9829784510218758f,0.2089789652131025f,0f,0f,0f,1f],start_interpolation:0}
execute if entity @s[tag=aj.champions_charge.locator_origin.slash1] at @s on origin run tp @s ^-0.51533 ^2.61281 ^3.43501 ~-177.86473 ~6.77193
execute if entity @s[tag=aj.champions_charge.bone.steel_slash] run data modify entity @s {} merge value {transformation:[0.00002451161264308668f,-0.000001641287893543346f,-9.095589390242954e-7f,-0.5153318832017494f,0.0000017380247909252377f,0.000024349876458918846f,0.0000028988038980408296f,2.6128175496672803f,7.073847886265578e-7f,-0.0000029546519699747117f,0.00002439487479522947f,3.435025382905487f,0f,0f,0f,1f],start_interpolation:0}
execute if entity @s[tag=aj.champions_charge.locator_origin.gundyr_halberd1] at @s on origin run tp @s ^-0.36934 ^1.08942 ^2.11903 ~-177.86473 ~6.77193
execute if entity @s[tag=aj.champions_charge.locator_origin.gundyr_halberd2] at @s on origin run tp @s ^-0.3069 ^0.89044 ^0.44447 ~-177.86473 ~6.77193
execute if entity @s[tag=aj.champions_charge.locator_origin.gundyr_halberd3] at @s on origin run tp @s ^-0.26759 ^0.76515 ^-0.60989 ~-177.86473 ~6.77193
execute if entity @s[tag=aj.champions_charge.bone.gundyr_halberd] run data modify entity @s {} merge value {transformation:[3.4066987063273015f,-0.22811119876365155f,-0.12641327627117327f,-0.30898590094017525f,0.24155598789130425f,3.38422011801923f,0.40288460955821703f,0.9213919158528934f,0.09831449604640295f,-0.41064654497953623f,3.3904741240827403f,0.4407100708818565f,0f,0f,0f,1f],start_interpolation:0}
execute if entity @s[tag=aj.champions_charge.bone.left_arm2] run data modify entity @s {} merge value {transformation:[0.9574512758835909f,-0.2608944088494821f,0.12337407239757958f,-0.3660565528759995f,0.0972756822647608f,0.6942304027391467f,0.7131490654502516f,1.0732548164520817f,-0.2717066358203444f,-0.6708041855442772f,0.6900704664796703f,0.29397165529404584f,0f,0f,0f,1f],start_interpolation:0}
execute if entity @s[tag=aj.champions_charge.bone.left_arm] run data modify entity @s {} merge value {transformation:[0.9574512758835909f,-0.23604504705887813f,0.16604153115367232f,-0.30538640515527016f,0.0972756822647608f,0.8056359933419437f,0.58436982115084f,1.2868232750706627f,-0.2717066358203444f,-0.5433538276214785f,0.7943186527208583f,0.12416986891113314f,0f,0f,0f,1f],start_interpolation:0}
execute if entity @s[tag=aj.champions_charge.bone.head] run data modify entity @s {} merge value {transformation:[0.9968183878916715f,-0.03769155582369198f,-0.07023139027983583f,0.009884523709358975f,0.01991808535487375f,0.9709651826757124f,-0.23839019255690103f,1.4196309578691602f,0.0771775319432092f,0.23623285260757013f,0.9686266917198005f,0.16004009754892756f,0f,0f,0f,1f],start_interpolation:0}
execute if entity @s[tag=aj.champions_charge.bone.body_top] run data modify entity @s {} merge value {transformation:[0.9981424894829725f,0.023314093225740858f,0.05628520006001427f,0.0007045995017235119f,0f,0.9238795325112867f,-0.3826834323650897f,1.055853391942841f,-0.06092266153685644f,0.38197259386477944f,0.9221634165631807f,0.00963838871467064f,0f,0f,0f,1f],start_interpolation:0}
execute if entity @s[tag=aj.champions_charge.bone.body] run data modify entity @s {} merge value {transformation:[0.9981424894829725f,0.01057910915449431f,0.05999710941563486f,-0.0039237607533677485f,0f,0.984807753012208f,-0.17364817766693033f,0.625f,-0.06092266153685644f,0.17332562435065135f,0.9829784622537376f,-0.06619157193873933f,0f,0f,0f,1f],start_interpolation:0}
execute if entity @s[tag=aj.champions_charge.locator_origin.player_camera] at @s on origin run tp @s ^0.03415 ^-0.1875 ^0.55765 ~176.50723 ~0
execute if entity @s[tag=aj.champions_charge.bone.right_leg2] run data modify entity @s {} merge value {transformation:[0.9981424894829725f,0.0449168976492781f,0.04115875355618344f,0.10908036902241663f,0f,0.6755902076156602f,-0.7372773368101241f,0.40003119916099417f,-0.06092266153685644f,0.7359078364030331f,0.6743352916998134f,-0.2665402808728944f,0f,0f,0f,1f],start_interpolation:0}
execute if entity @s[tag=aj.champions_charge.bone.right_leg] run data modify entity @s {} merge value {transformation:[0.9981424894829725f,0.032733722183199074f,0.05138165159633843f,0.1208440504320038f,0f,0.8433914458128857f,-0.5372996083468239f,0.703125f,-0.06092266153685644f,0.5363015686735249f,0.8418248373323173f,-0.07380690463084637f,0f,0f,0f,1f],start_interpolation:0}
execute if entity @s[tag=aj.champions_charge.bone.left_leg2] run data modify entity @s {} merge value {transformation:[0.9981424894829725f,-0.0026574091729033925f,0.060864676662429874f,-0.11461832763162347f,0f,0.9990482215818579f,0.04361938736533599f,0.4278277782541172f,-0.06092266153685644f,-0.04353836389455862f,0.9971924790032519f,0.17199646971665883f,0f,0f,0f,1f],start_interpolation:0}
execute if entity @s[tag=aj.champions_charge.bone.left_leg] run data modify entity @s {} merge value {transformation:[0.9981424894829725f,-0.03916033198501802f,0.046669466330327175f,-0.1286915719387393f,0f,0.7660444431189781f,0.6427876096865394f,0.703125f,-0.06092266153685644f,-0.6415936249413317f,0.7646215075093741f,-0.05857623924663226f,0f,0f,0f,1f],start_interpolation:0}
execute if entity @s[tag=aj.champions_charge.locator_origin.commands] at @s on origin run tp @s ^0 ^0 ^0 ~0 ~0