execute if entity @s[tag=aj.champions_charge.bone.right_arm2] run data modify entity @s {} merge value {transformation:[0.7219365558494073f,0.5681507069162721f,0.3949840294984544f,0.1293701829856282f,-0.6892393646928269f,0.6409961080952897f,0.3377470763226822f,1.1035732967646463f,-0.06129198549666831f,-0.5160705025839317f,0.8543503548759399f,6.681540580335868f,0f,0f,0f,1f],start_interpolation:0}
execute if entity @s[tag=aj.champions_charge.bone.right_arm] run data modify entity @s {} merge value {transformation:[0.7219365558494073f,0.5681507069162721f,0.3949840294984544f,0.2714078597146962f,-0.6892393646928269f,0.6409961080952897f,0.3377470763226822f,1.2638223237884687f,-0.06129198549666831f,-0.5160705025839317f,0.8543503548759399f,6.552522954689885f,0f,0f,0f,1f],start_interpolation:0}
execute if entity @s[tag=aj.champions_charge.locator_origin.slash0] at @s on origin run tp @s ^-1.87838 ^-0.10384 ^9.15168 ~-143.05505 ~-23.38597
execute if entity @s[tag=aj.champions_charge.locator_origin.slash1] at @s on origin run tp @s ^-1.87836 ^-0.10384 ^9.15167 ~-143.05505 ~-23.38597
execute if entity @s[tag=aj.champions_charge.bone.steel_slash] run data modify entity @s {} merge value {transformation:[-0.000005930553855863097f,0.00001962759188028095f,-0.000013561948448567948f,-1.878376070458042f,-0.00001883022053657398f,-0.000012431834121585942f,-0.000009757693000660386f,-0.10384606645382521f,-0.000014648945466635902f,0.000008034140596994721f,0.000018033337443774148f,9.1516908658473f,0f,0f,0f,1f],start_interpolation:0}
execute if entity @s[tag=aj.champions_charge.locator_origin.gundyr_halberd1] at @s on origin run tp @s ^-1.31285 ^0.55742 ^8.07272 ~-143.05505 ~-23.38597
execute if entity @s[tag=aj.champions_charge.locator_origin.gundyr_halberd2] at @s on origin run tp @s ^-0.3819 ^1.22723 ^6.83484 ~-143.05505 ~-23.38597
execute if entity @s[tag=aj.champions_charge.locator_origin.gundyr_halberd3] at @s on origin run tp @s ^0.20425 ^1.64896 ^6.05544 ~-143.05505 ~-23.38597
execute if entity @s[tag=aj.champions_charge.bone.gundyr_halberd] run data modify entity @s {} merge value {transformation:[-0.8242464681030068f,2.727902600310234f,-1.8848809708179184f,-0.3569545267863724f,-2.6170814983035027f,-1.7278142338475377f,-1.3561539424646643f,1.2114284143240626f,-2.035955132651092f,1.1166093711077412f,2.506328254897424f,6.845055141224698f,0f,0f,0f,1f],start_interpolation:0}
execute if entity @s[tag=aj.champions_charge.bone.left_arm2] run data modify entity @s {} merge value {transformation:[0.7988173233510445f,0.44870830227305336f,0.4006890856830357f,-0.4263160887224715f,-0.5862459551585371f,0.4312514673114338f,0.685811819672124f,1.280525943340983f,0.13493170114738617f,-0.7827407178708476f,0.6075445700625617f,6.72359129533991f,0f,0f,0f,1f],start_interpolation:0}
execute if entity @s[tag=aj.champions_charge.bone.left_arm] run data modify entity @s {} merge value {transformation:[0.7988173233510445f,0.44870830227305336f,0.4006890856830357f,-0.2142868477353276f,-0.5862459551585371f,0.4312514673114338f,0.685811819672124f,1.3150580657740243f,0.13493170114738617f,-0.7827407178708476f,0.6075445700625617f,6.544772578515621f,0f,0f,0f,1f],start_interpolation:0}
execute if entity @s[tag=aj.champions_charge.bone.head] run data modify entity @s {} merge value {transformation:[0.9943584108807012f,0.06006519965375833f,-0.08742724118580472f,0.11645810285840746f,-0.06833541066224677f,0.993138617808345f,-0.09489972322062845f,1.4061195029022882f,0.08112719864773349f,0.10033871440418168f,0.9916403178730115f,6.51955542512982f,0f,0f,0f,1f],start_interpolation:0}
execute if entity @s[tag=aj.champions_charge.bone.body_top] run data modify entity @s {} merge value {transformation:[0.9676663521511535f,0.19721193423651875f,0.15725547338382484f,0.03880590375277818f,-0.14086201332194936f,0.9396926350704219f,-0.3116659185687357f,1.0361155278433096f,-0.2092360487998347f,0.2794372999245051f,0.9370886144295723f,6.409526988284546f,0f,0f,0f,1f],start_interpolation:0}
execute if entity @s[tag=aj.champions_charge.locator_origin.player_camera] at @s on origin run tp @s ^-0.14405 ^0.07634 ^6.18751 ~165.96043 ~-18.74723
execute if entity @s[tag=aj.champions_charge.bone.body] run data modify entity @s {} merge value {transformation:[0.953066394950262f,0.19721193423651875f,0.22972135253650744f,-0.04747431747569877f,-0.11697778144394763f,0.9396926350704219f,-0.3213937619849814f,0.625f,-0.2792501485495816f,0.2794372999245051f,0.9186588866091369f,6.287273169567575f,0f,0f,0f,1f],start_interpolation:0}
execute if entity @s[tag=aj.champions_charge.bone.right_leg2] run data modify entity @s {} merge value {transformation:[0.8236676582946106f,0.11986120557179666f,0.5542606607710386f,0.11694275912069418f,-0.01903355544204638f,0.9826992720311014f,-0.18422775175520673f,0.36417816525076135f,-0.5667533082803375f,0.14119288986496117f,0.8116989931032771f,6.317106020771662f,0f,0f,0f,1f],start_interpolation:0}
execute if entity @s[tag=aj.champions_charge.bone.right_leg] run data modify entity @s {} merge value {transformation:[0.8236676582946106f,-0.17332748143211443f,0.5399344153319668f,0.05465319548102805f,-0.01903355544204638f,0.9431564097370119f,0.3318037229134484f,0.703125f,-0.5667533082803375f,-0.2835728670948437f,0.7735483931861684f,6.215197021659452f,0f,0f,0f,1f],start_interpolation:0}
execute if entity @s[tag=aj.champions_charge.bone.left_leg2] run data modify entity @s {} merge value {transformation:[0.8206391575643387f,0.27897016643030675f,0.49872539469525673f,-0.16314672029111338f,0.021392250840804376f,0.8571325879627197f,-0.5146514337454959f,0.34551204188866674f,-0.5710461843634511f,0.4330119777721829f,0.6974287651292898f,6.326487504157231f,0f,0f,0f,1f],start_interpolation:0}
execute if entity @s[tag=aj.champions_charge.bone.left_leg] run data modify entity @s {} merge value {transformation:[0.8206391575643387f,0.037690128302435615f,0.5702024441377278f,-0.1496018304324256f,0.021392250840804376f,0.9950969269184925f,-0.09656333487062475f,0.703125f,-0.5710461843634511f,0.09144156749486665f,0.8158092271223862f,6.359349317475698f,0f,0f,0f,1f],start_interpolation:0}