execute if entity @s[tag=aj.champions_charge.bone.right_arm2] run data modify entity @s {} merge value {transformation:[0.0029334159253116693f,0.9263133706217866f,0.37674253075318426f,-0.10202629756089993f,-0.8823667912682023f,-0.17488125682364153f,0.436858548821974f,1.25175961550656f,0.4705531221212611f,-0.3337065858191721f,0.8168351570805734f,6.631750142328995f,0f,0f,0f,1f],start_interpolation:0}
execute if entity @s[tag=aj.champions_charge.bone.right_arm] run data modify entity @s {} merge value {transformation:[0.0029334159253116693f,0.9922581499795073f,0.12415779826597606f,0.1460382399339769f,-0.8823667912682023f,-0.05585501004887046f,0.4672355546397321f,1.2377958629943424f,0.4705531221212611f,-0.11092331428372618f,0.8753717939311543f,6.604019313758063f,0f,0f,0f,1f],start_interpolation:0}
execute if entity @s[tag=aj.champions_charge.locator_origin.slash0] at @s on origin run tp @s ^-0.65724 ^2.10708 ^10.08257 ~-154.72574 ~9.8439
execute if entity @s[tag=aj.champions_charge.locator_origin.slash1] at @s on origin run tp @s ^-0.65723 ^2.10708 ^10.08256 ~-154.72574 ~9.8439
execute if entity @s[tag=aj.champions_charge.bone.steel_slash] run data modify entity @s {} merge value {transformation:[0.000004230419810316592f,0.000021897487154679623f,-0.000010341367526439595f,-0.6572402567906928f,-0.000023334895240864622f,0.000006492978020254558f,0.000004202877383905256f,2.1070887593037733f,0.000006475066803063273f,0.000009092940696876325f,0.000021902790168303575f,10.082579509904685f,0f,0f,0f,1f],start_interpolation:0}
execute if entity @s[tag=aj.champions_charge.locator_origin.gundyr_halberd1] at @s on origin run tp @s ^-1.24191 ^1.49285 ^8.25098 ~-154.72574 ~9.8439
execute if entity @s[tag=aj.champions_charge.locator_origin.gundyr_halberd2] at @s on origin run tp @s ^-0.53204 ^1.20435 ^6.74748 ~-154.72574 ~9.8439
execute if entity @s[tag=aj.champions_charge.locator_origin.gundyr_halberd3] at @s on origin run tp @s ^-0.08508 ^1.0227 ^5.80084 ~-154.72574 ~9.8439
execute if entity @s[tag=aj.champions_charge.bone.gundyr_halberd] run data modify entity @s {} merge value {transformation:[0.5879566516033229f,3.0433795706503886f,-1.4372748087594016f,-0.5042052455471173f,-3.2431549317811856f,0.902413894340464f,0.584128721152934f,1.2126033551870212f,0.8999245387308279f,1.263764639226879f,3.044116599662531f,6.759042286689811f,0f,0f,0f,1f],start_interpolation:0}
execute if entity @s[tag=aj.champions_charge.bone.left_arm2] run data modify entity @s {} merge value {transformation:[0.866469244045618f,0.46643403301144876f,0.1779616306165173f,-0.5035087807916128f,-0.2707438702754332f,0.1395385742713482f,0.9524845106344768f,1.3021368703318295f,0.4194386794649421f,-0.8734805545282585f,0.2471900382897972f,6.66638794462934f,0f,0f,0f,1f],start_interpolation:0}
execute if entity @s[tag=aj.champions_charge.bone.left_arm] run data modify entity @s {} merge value {transformation:[0.866469244045618f,0.46643403301144876f,0.1779616306165173f,-0.27859161703304836f,-0.2707438702754332f,0.1395385742713482f,0.9524845106344768f,1.3031785301152374f,0.4194386794649421f,-0.8734805545282585f,0.2471900382897972f,6.5004476409303935f,0f,0f,0f,1f],start_interpolation:0}
execute if entity @s[tag=aj.champions_charge.bone.head] run data modify entity @s {} merge value {transformation:[0.8094444398016641f,0.009318128579777277f,-0.5871225352121485f,0.03959048980877192f,-0.05784375669126243f,0.9962762531177061f,-0.06393533675195992f,1.4061195108962452f,0.5843404818134817f,0.08571347591548961f,0.8069692691549489f,6.580968531769632f,0f,0f,0f,1f],start_interpolation:0}
execute if entity @s[tag=aj.champions_charge.bone.body_top] run data modify entity @s {} merge value {transformation:[0.9893497553835079f,0.06268040545721111f,-0.13137057621215054f,0.014910080159995044f,-0.10284747805689257f,0.9396926446872123f,-0.32619032753607174f,1.0361155320506554f,0.10300222220869723f,0.3362274532105794f,0.9361312097818326f,6.448578972067967f,0f,0f,0f,1f],start_interpolation:0}
execute if entity @s[tag=aj.champions_charge.locator_origin.player_camera] at @s on origin run tp @s ^-0.05598 ^0.07604 ^6.17086 ~-172.01165 ~-19.03771
execute if entity @s[tag=aj.champions_charge.bone.body] run data modify entity @s {} merge value {transformation:[0.9893497553835079f,0.06268040545721111f,-0.13137057621215054f,-0.012512597227534818f,-0.10284747805689257f,0.9396926446872123f,-0.32619032753607174f,0.625f,0.10300222220869723f,0.3362274532105794f,0.9361312097818326f,6.301479461288339f,0f,0f,0f,1f],start_interpolation:0}
execute if entity @s[tag=aj.champions_charge.bone.right_leg2] run data modify entity @s {} merge value {transformation:[0.9830635318730152f,-0.07013251272237767f,0.16931486337766774f,0.1626213019873094f,0f,0.9238795325112867f,0.3826834323650899f,0.484351361449991f,-0.18326508751355985f,-0.3762021266101134f,0.9082322762557358f,6.558853902611471f,0f,0f,0f,1f],start_interpolation:0}
execute if entity @s[tag=aj.champions_charge.bone.right_leg] run data modify entity @s {} merge value {transformation:[0.9830635318730152f,-0.14539396933764825f,0.11156471656216295f,0.11037034425659206f,0f,0.6087614290087207f,0.7933533402912352f,0.703125f,-0.18326508751355985f,-0.7799167367299558f,0.5984511604693767f,6.2785713253491435f,0f,0f,0f,1f],start_interpolation:0}
execute if entity @s[tag=aj.champions_charge.bone.left_leg2] run data modify entity @s {} merge value {transformation:[0.9830635318730152f,0.15012197108353356f,0.10511653580359029f,-0.1777301032970089f,0f,0.5735764363510463f,-0.8191520442889919f,0.4278277782541172f,-0.18326508751355985f,0.8052785017997369f,0.5638620773183971f,6.097298154572514f,0f,0f,0f,1f],start_interpolation:0}
execute if entity @s[tag=aj.champions_charge.bone.left_leg] run data modify entity @s {} merge value {transformation:[0.9830635318730152f,0.11780052754183559f,0.14038920190747575f,-0.1353955387116617f,0f,0.7660444431189781f,-0.6427876096865394f,0.703125f,-0.18326508751355985f,0.6319010578226626f,0.7530703558242398f,6.324387597227534f,0f,0f,0f,1f],start_interpolation:0}