execute if entity @s[tag=aj.champions_charge.bone.right_arm2] run data modify entity @s {} merge value {transformation:[0.6405727278013085f,0.7327601152964007f,0.22962838201754593f,0.006028008704170057f,-0.7598441089904349f,0.5616557820419278f,0.3273831280493892f,1.0803828029358389f,0.11092119017447938f,-0.3841944767037596f,0.9165648332990967f,0.7241046591319953f,0f,0f,0f,1f],start_interpolation:0}
execute if entity @s[tag=aj.champions_charge.bone.right_arm] run data modify entity @s {} merge value {transformation:[0.6405727278013085f,0.7672241184015669f,0.03215171130949244f,0.19783403830456178f,-0.7598441089904349f,0.6272508139433012f,0.17086060528980485f,1.2371955064216642f,0.11092119017447938f,-0.1338789324367519f,0.9847704915460618f,0.6906349260228073f,0f,0f,0f,1f],start_interpolation:0}
execute if entity @s[tag=aj.champions_charge.locator_origin.slash0] at @s on origin run tp @s ^-1.0544 ^1.01475 ^4.06583 ~-164.46853 ~-19.25352
execute if entity @s[tag=aj.champions_charge.locator_origin.slash1] at @s on origin run tp @s ^-1.0544 ^1.01476 ^4.06582 ~-164.46853 ~-19.25352
execute if entity @s[tag=aj.champions_charge.bone.steel_slash] run data modify entity @s {} merge value {transformation:[0.000023400067811649477f,0.000004261193664856978f,-0.0000062144454892263944f,-1.0544069803805536f,-0.0000062242823027316715f,0.00002235813382154292f,-0.000008106320966483966f,1.0147520566013188f,0.000004246812216696759f,0.000009289583324688949f,0.00002236086996133096f,4.0658457363128875f,0f,0f,0f,1f],start_interpolation:0}
execute if entity @s[tag=aj.champions_charge.locator_origin.gundyr_halberd1] at @s on origin run tp @s ^-0.91334 ^0.26903 ^2.19558 ~-164.46853 ~-19.25352
execute if entity @s[tag=aj.champions_charge.locator_origin.gundyr_halberd2] at @s on origin run tp @s ^-0.48675 ^0.82548 ^0.66064 ~-164.46853 ~-19.25352
execute if entity @s[tag=aj.champions_charge.locator_origin.gundyr_halberd3] at @s on origin run tp @s ^-0.21816 ^1.17584 ^-0.3058 ~-164.46853 ~-19.25352
execute if entity @s[tag=aj.champions_charge.bone.gundyr_halberd] run data modify entity @s {} merge value {transformation:[3.2522128145004365f,0.5922336957936817f,-0.8637025934179057f,-0.4813336607886404f,-0.8650697437694868f,3.107401649773762f,-1.1266412190706532f,0.8539042208776534f,0.59023491825277f,1.291094631566939f,3.1077819268290496f,0.6724494330417874f,0f,0f,0f,1f],start_interpolation:0}
execute if entity @s[tag=aj.champions_charge.bone.left_arm2] run data modify entity @s {} merge value {transformation:[0.9819663116549652f,0.1889455311677165f,-0.0064613486589930325f,-0.4692121361226723f,-0.16851512853665046f,0.8902576652336942f,0.4231358421912847f,1.0608693209239326f,0.08570189163034736f,-0.41441630728580275f,0.9060432164232447f,0.5758800543088993f,0f,0f,0f,1f],start_interpolation:0}
execute if entity @s[tag=aj.champions_charge.bone.left_arm] run data modify entity @s {} merge value {transformation:[0.9819663116549652f,0.1640227028825608f,-0.09401444417664123f,-0.3054606714451615f,-0.16851512853665046f,0.9848051475751877f,-0.041969903069808356f,1.2860062167506483f,0.08570189163034736f,0.05705588706270459f,0.994685785322414f,0.6008567625283688f,0f,0f,0f,1f],start_interpolation:0}
execute if entity @s[tag=aj.champions_charge.bone.head] run data modify entity @s {} merge value {transformation:[0.9298244427551364f,-0.09059410882171715f,-0.35667802441683816f,0.009890877200644094f,-0.05050942506554025f,0.9286347698125837f,-0.3675408307585407f,1.4196961926552252f,0.3645206491197011f,0.35976405009662726f,0.85889145101312f,0.6324906622140816f,0f,0f,0f,1f],start_interpolation:0}
execute if entity @s[tag=aj.champions_charge.bone.body_top] run data modify entity @s {} merge value {transformation:[0.9977230666441914f,0.02478671526605784f,0.06272400682696666f,0.00013110806463381957f,0f,0.9300172236840122f,-0.36751593659470355f,1.0535019108296453f,-0.06744391956366405f,0.36667912729987984f,0.9278996364459294f,0.48811075583975383f,0f,0f,0f,1f],start_interpolation:0}
execute if entity @s[tag=aj.champions_charge.locator_origin.player_camera] at @s on origin run tp @s ^-0.00596 ^0.05563 ^0.39797 ~176.13281 ~-8.75
execute if entity @s[tag=aj.champions_charge.bone.body] run data modify entity @s {} merge value {transformation:[0.9977230666441914f,0.010259797421944944f,0.06665897421180915f,-0.004357553307467094f,0f,0.9883615104677607f,-0.1521233861899167f,0.62109375f,-0.06744391956366405f,0.15177701137770233f,0.9861110771769792f,0.42170831336200904f,0f,0f,0f,1f],start_interpolation:0}
execute if entity @s[tag=aj.champions_charge.bone.right_leg2] run data modify entity @s {} merge value {transformation:[0.9977230666441914f,0.05658325643141208f,0.0367017353503489f,0.10393443364324348f,0f,0.5441815301927122f,-0.8389674977000707f,0.4349227991497667f,-0.06744391956366405f,0.8370572246201182f,0.5429424651150014f,0.17032039290551979f,0f,0f,0f,1f],start_interpolation:0}
execute if entity @s[tag=aj.champions_charge.bone.right_leg] run data modify entity @s {} merge value {transformation:[0.9977230666441914f,0.04569988557861107f,0.04960043088736067f,0.12035783002305683f,0f,0.7354322110615187f,-0.6775983049957887f,0.69921875f,-0.06744391956366405f,0.6760554588133044f,0.7337576809292167f,0.41327782341655106f,0f,0f,0f,1f],start_interpolation:0}
execute if entity @s[tag=aj.champions_charge.bone.left_leg2] run data modify entity @s {} merge value {transformation:[0.9977230666441914f,-0.014777046417438964f,0.0658051759764142f,-0.10968410490029762f,0f,0.9757021300385285f,0.21910124015686971f,0.48356814815213967f,-0.06744391956366405f,-0.21860236123485755f,0.9734805213133104f,0.716965025524863f,0f,0f,0f,1f],start_interpolation:0}
execute if entity @s[tag=aj.champions_charge.bone.left_leg] run data modify entity @s {} merge value {transformation:[0.9977230666441914f,-0.05395153179184249f,0.04047115643793485f,-0.12907293663799102f,0f,0.600071239924481f,0.7999465651001296f,0.69921875f,-0.06744391956366405f,-0.7981251400831887f,0.5987049177024355f,0.430138803307467f,0f,0f,0f,1f],start_interpolation:0}