execute if entity @s[tag=aj.champions_charge.bone.right_arm2] run data modify entity @s {} merge value {transformation:[0.745902369974035f,0.5626270348708433f,0.3564834836280088f,0.052899534877271615f,-0.6653264929515081f,0.6043548505665624f,0.4382874312292271f,1.0646880728159018f,0.03114983537620586f,-0.5640975396410719f,0.8251203872932269f,1.4644959009847947f,0f,0f,0f,1f],start_interpolation:0}
execute if entity @s[tag=aj.champions_charge.bone.right_arm] run data modify entity @s {} merge value {transformation:[0.745902369974035f,0.635720698377609f,0.19871801156765567f,0.21182970947167387f,-0.6653264929515081f,0.6971990928364985f,0.26693460383549006f,1.2389878460250265f,0.03114983537620586f,-0.3313195113515777f,0.9430042784387498f,1.3816660231469002f,0f,0f,0f,1f],start_interpolation:0}
execute if entity @s[tag=aj.champions_charge.locator_origin.slash1] at @s on origin run tp @s ^0.12098 ^2.25591 ^4.80006 ~173.53296 ~-0.2781
execute if entity @s[tag=aj.champions_charge.bone.steel_slash] run data modify entity @s {} merge value {transformation:[0.00002442545602219931f,-2.664013415643142e-7f,0.0000027688275877341517f,0.12097786785810938f,2.8162861963059526e-7f,0.000024581430499754674f,-1.1932176714029872e-7f,2.255916420047023f,-0.0000027673202210784993f,1.5027537629715936e-7f,0.000024426617323793862f,4.800071874736657f,0f,0f,0f,1f],start_interpolation:0}
execute if entity @s[tag=aj.champions_charge.locator_origin.gundyr_halberd1] at @s on origin run tp @s ^-0.0322 ^0.90275 ^3.31032 ~173.53296 ~-0.2781
execute if entity @s[tag=aj.champions_charge.locator_origin.gundyr_halberd2] at @s on origin run tp @s ^-0.22227 ^0.91094 ^1.63357 ~173.53296 ~-0.2781
execute if entity @s[tag=aj.champions_charge.locator_origin.gundyr_halberd3] at @s on origin run tp @s ^-0.34194 ^0.9161 ^0.57785 ~173.53296 ~-0.2781
execute if entity @s[tag=aj.champions_charge.bone.gundyr_halberd] run data modify entity @s {} merge value {transformation:[3.3947243963056675f,-0.03702527120046401f,0.3848201054138991f,-0.22260643420752257f,0.03914160476221833f,3.41640220505065f,-0.016583703229668637f,0.9421917336492455f,-0.38461060699735083f,0.02088573026502893f,3.394885797544232f,1.633764750867876f,0f,0f,0f,1f],start_interpolation:0}
execute if entity @s[tag=aj.champions_charge.bone.left_arm2] run data modify entity @s {} merge value {transformation:[0.9410351444275279f,-0.31079066082187623f,0.13364887615750143f,-0.3494065877890285f,0.0972756822647608f,0.6269385734600401f,0.7729718408505029f,1.0732548164520817f,-0.3240220649773515f,-0.7143928822810256f,0.6202036045961211f,1.4977426869299861f,0f,0f,0f,1f],start_interpolation:0}
execute if entity @s[tag=aj.champions_charge.bone.left_arm] run data modify entity @s {} merge value {transformation:[0.9410351444275279f,-0.2656098513511868f,0.20953344319573933f,-0.2981796575733842f,0.0972756822647608f,0.8056359933419437f,0.58436982115084f,1.2868232750706627f,-0.3240220649773515f,-0.5295300304016193f,0.7839691628569794f,1.3248574212074125f,0f,0f,0f,1f],start_interpolation:0}
execute if entity @s[tag=aj.champions_charge.bone.head] run data modify entity @s {} merge value {transformation:[0.9815933710438032f,-0.029732158547001133f,-0.1886543205733668f,0.018588237644100933f,-0.05221703657923075f,0.9083878738512402f,-0.41485521779399925f,1.4196309578691602f,0.18370583826799278f,0.4170701012877323f,0.8901149900985237f,1.3433109425293193f,0f,0f,0f,1f],start_interpolation:0}
execute if entity @s[tag=aj.champions_charge.bone.body_top] run data modify entity @s {} merge value {transformation:[0.9932726822822475f,0.04431430959501048f,0.10698420723147449f,0.001139478241065554f,0f,0.9238795325112867f,-0.3826834323650897f,1.055853391942841f,-0.11579887146181311f,0.3801089993302498f,0.9176643013631547f,1.1936430240430334f,0f,0f,0f,1f],start_interpolation:0}
execute if entity @s[tag=aj.champions_charge.bone.body] run data modify entity @s {} merge value {transformation:[0.9932726822822475f,0.020108263005230952f,0.11403962640565768f,-0.007657886823722988f,0f,0.984807753012208f,-0.17364817766693033f,0.625f,-0.11579887146181311f,0.17247999120465615f,0.978182638366789f,1.1181830278909963f,0f,0f,0f,1f],start_interpolation:0}
execute if entity @s[tag=aj.champions_charge.locator_origin.player_camera] at @s on origin run tp @s ^0.06472 ^-0.1875 ^1.73898 ~173.3503 ~0
execute if entity @s[tag=aj.champions_charge.bone.right_leg2] run data modify entity @s {} merge value {transformation:[0.9932726822822475f,0.09485688228430242f,0.06641950402653962f,0.08975145103654596f,0f,0.5735764363510463f,-0.8191520442889919f,0.4278277782541172f,-0.11579887146181311f,0.8136413482279133f,0.5697178054282965f,0.8742603942105149f,0f,0f,0f,1f],start_interpolation:0}
execute if entity @s[tag=aj.champions_charge.bone.right_leg] run data modify entity @s {} merge value {transformation:[0.9932726822822475f,0.07443407979133768f,0.08870708200277075f,0.11650119846155793f,0f,0.7660444431189781f,-0.6427876096865394f,0.703125f,-0.11579887146181311f,0.6384633732111433f,0.760891018764198f,1.1037081689582695f,0f,0f,0f,1f],start_interpolation:0}
execute if entity @s[tag=aj.champions_charge.bone.left_leg2] run data modify entity @s {} merge value {transformation:[0.9932726822822475f,-0.029970953335696014f,0.11185312060009345f,-0.098801398766f,0f,0.9659258262890683f,0.25881904510252074f,0.484351361449991f,-0.11579887146181311f,-0.2570778871547108f,0.9594277363638392f,1.415851208809646f,0f,0f,0f,1f],start_interpolation:0}
execute if entity @s[tag=aj.champions_charge.bone.left_leg] run data modify entity @s {} merge value {transformation:[0.9932726822822475f,-0.09186942147618482f,0.07049388646869051f,-0.13181697210900392f,0f,0.6087614290087207f,0.7933533402912352f,0.703125f,-0.11579887146181311f,-0.7880162003086558f,0.6046660974614659f,1.132657886823723f,0f,0f,0f,1f],start_interpolation:0}
execute if entity @s[tag=aj.champions_charge.locator_origin.commands] at @s on origin run tp @s ^0 ^0 ^0 ~0 ~0