execute if entity @s[tag=aj.champions_charge.bone.right_arm2] run data modify entity @s {} merge value {transformation:[-0.3470567927260045f,0.9004493136750155f,-0.26218813116716816f,-0.18807209959210586f,-0.8685884008216808f,-0.20317544664127732f,0.4519667331122418f,1.2670890732668951f,0.35370294398092594f,0.38459169437770035f,0.852633248257957f,6.634141352719227f,0f,0f,0f,1f],start_interpolation:0}
execute if entity @s[tag=aj.champions_charge.bone.right_arm] run data modify entity @s {} merge value {transformation:[-0.3470567927260045f,0.9004493136750155f,-0.26218813116716816f,0.037040228826647995f,-0.8685884008216808f,-0.20317544664127732f,0.4519667331122418f,1.2162952116065757f,0.35370294398092594f,0.38459169437770035f,0.852633248257957f,6.730289276313652f,0f,0f,0f,1f],start_interpolation:0}
execute if entity @s[tag=aj.champions_charge.locator_origin.slash0] at @s on origin run tp @s ^-0.90615 ^1.16891 ^8.73458 ~-112.86272 ~-13.94685
execute if entity @s[tag=aj.champions_charge.locator_origin.slash1] at @s on origin run tp @s ^3.10986 ^2.22152 ^10.55227 ~-112.86272 ~-13.94685
execute if entity @s[tag=aj.champions_charge.bone.steel_slash] run data modify entity @s {} merge value {transformation:[0.000006317901158280284f,4.25642058582214f,-5.292502031154377f,-2.0878561230090953f,-0.000023756763687645516f,1.0407171104087192f,-1.4264171701198711f,0.8131543942304134f,-2.0144930217238754e-7f,10.759898735065603f,2.231583395221341f,13.62741399083225f,0f,0f,0f,1f],start_interpolation:0}
execute if entity @s[tag=aj.champions_charge.locator_origin.gundyr_halberd1] at @s on origin run tp @s ^-2.10185 ^0.86493 ^7.08267 ~-112.86272 ~-13.94685
execute if entity @s[tag=aj.champions_charge.locator_origin.gundyr_halberd2] at @s on origin run tp @s ^-0.59276 ^1.27165 ^6.44636 ~-112.86272 ~-13.94685
execute if entity @s[tag=aj.champions_charge.locator_origin.gundyr_halberd3] at @s on origin run tp @s ^0.3574 ^1.52774 ^6.04572 ~-112.86272 ~-13.94685
execute if entity @s[tag=aj.champions_charge.bone.gundyr_halberd] run data modify entity @s {} merge value {transformation:[0.8780811779304803f,1.2517553765753968f,-3.0554366354565294f,-0.5813142203004196f,-3.301787495571072f,0.306060740986784f,-0.8234909034277432f,1.2744533577184782f,-0.027998038607009796f,3.1643398065239956f,1.2883248075671578f,6.475303671840381f,0f,0f,0f,1f],start_interpolation:0}
execute if entity @s[tag=aj.champions_charge.bone.left_arm2] run data modify entity @s {} merge value {transformation:[0.36480839626985717f,0.9284363951917041f,-0.07014765922287478f,-0.5464717861635786f,-0.3261635920000454f,0.1979972810579831f,0.9243453834726899f,1.3157504753115776f,0.8720849415421887f,-0.3143293444415903f,0.3750532201678548f,6.305977135859862f,0f,0f,0f,1f],start_interpolation:0}
execute if entity @s[tag=aj.champions_charge.bone.left_arm] run data modify entity @s {} merge value {transformation:[0.36480839626985717f,0.9284363951917041f,-0.07014765922287478f,-0.26876163783192036f,-0.3261635920000454f,0.1979972810579831f,0.9243453834726899f,1.3244793465760678f,0.8720849415421887f,-0.3143293444415903f,0.3750532201678548f,6.336405417442238f,0f,0f,0f,1f],start_interpolation:0}
execute if entity @s[tag=aj.champions_charge.bone.head] run data modify entity @s {} merge value {transformation:[0.2421385034603159f,0.0454447985486221f,-0.9691768236121175f,-0.06959044351122515f,-0.10315513047771571f,0.9944465718163092f,0.02085748927640746f,1.4061195108962452f,0.9647424341232865f,0.09492516045635727f,0.24548166879465927f,6.604707544572536f,0f,0f,0f,1f],start_interpolation:0}
execute if entity @s[tag=aj.champions_charge.bone.body_top] run data modify entity @s {} merge value {transformation:[0.6846576059885376f,-0.10284735687459322f,-0.7215721611494961f,-0.029094296741854056f,-0.17101009073154988f,0.9396926446872123f,-0.29619804588946874f,1.0361155320506554f,0.7085192385743886f,0.32619036574470256f,0.62577978064596f,6.476270088060559f,0f,0f,0f,1f],start_interpolation:0}
execute if entity @s[tag=aj.champions_charge.locator_origin.player_camera] at @s on origin run tp @s ^0.03899 ^0.07604 ^6.19785 ~-143.95165 ~-19.03771
execute if entity @s[tag=aj.champions_charge.bone.body] run data modify entity @s {} merge value {transformation:[0.8246052869585815f,-0.10284735687459322f,-0.5562809918592093f,0.015901421890780476f,-0.10284747805689257f,0.9396926446872123f,-0.32619032753607174f,0.625f,0.5562809694545487f,0.32619036574470256f,0.7642979316457977f,6.333561803047252f,0f,0f,0f,1f],start_interpolation:0}
execute if entity @s[tag=aj.champions_charge.bone.right_leg2] run data modify entity @s {} merge value {transformation:[0.9537169507482268f,-0.013116602751579942f,-0.300419594214095f,0.08521664735938542f,0f,0.9990482215818578f,-0.04361938736533594f,0.3843554818265766f,0.30070579950427334f,0.0416005491115739f,0.9528092235374882f,6.529410684654271f,0f,0f,0f,1f],start_interpolation:0}
execute if entity @s[tag=aj.champions_charge.bone.right_leg] run data modify entity @s {} merge value {transformation:[0.9537169507482268f,0.13885048591283036f,-0.2667293017598088f,0.13511604073430883f,0f,0.8870108331782217f,0.4617486132350339f,0.703125f,0.30070579950427334f,-0.4403774794267389f,0.8459572670993777f,6.371150027985287f,0f,0f,0f,1f],start_interpolation:0}
execute if entity @s[tag=aj.champions_charge.bone.left_leg2] run data modify entity @s {} merge value {transformation:[0.9537169507482268f,-0.22170357102186977f,-0.20315389351832513f,-0.04524929865698091f,0f,0.6755902076156602f,-0.7372773368101241f,0.40003119916099417f,0.30070579950427334f,0.703153893518325f,0.6443218327625689f,6.111818420069418f,0f,0f,0f,1f],start_interpolation:0}
execute if entity @s[tag=aj.champions_charge.bone.left_leg] run data modify entity @s {} merge value {transformation:[0.9537169507482268f,-0.1615691083012646f,-0.2536126990082288f,-0.10331319695274788f,0f,0.8433914458128857f,-0.5372996083468239f,0.703125f,0.30070579950427334f,0.5124317441107494f,0.8043567179878037f,6.295973578109218f,0f,0f,0f,1f],start_interpolation:0}