execute if entity @s[tag=aj.champions_charge.bone.right_arm2] run data modify entity @s {} merge value {transformation:[-0.13102042652290835f,0.9595224667852176f,0.24929958597672375f,-0.07221999549587568f,-0.8465456610621152f,-0.23915425360571407f,0.4755688033494205f,1.286745606803143f,0.515940007724407f,-0.14873425535734708f,0.8436136732608321f,5.064390218386941f,0f,0f,0f,1f],start_interpolation:0}
execute if entity @s[tag=aj.champions_charge.bone.right_arm] run data modify entity @s {} merge value {transformation:[-0.13102042652290835f,0.9793780328471354f,0.1537930967573968f,0.17262451271590817f,-0.8465456610621152f,-0.19125871881691778f,0.49677011405016824f,1.2389309270989137f,0.515940007724407f,-0.06510584653459348f,0.85414702316191f,5.048113756753293f,0f,0f,0f,1f],start_interpolation:0}
execute if entity @s[tag=aj.champions_charge.locator_origin.slash1] at @s on origin run tp @s ^-0.95847 ^1.58355 ^8.60457 ~-149.74059 ~-1.73373
execute if entity @s[tag=aj.champions_charge.bone.steel_slash] run data modify entity @s {} merge value {transformation:[0.000006707351550689987f,0.00002015021860174797f,-0.0000123822616373183f,-0.9584730561294713f,-0.000023447705652207847f,0.000007347938292950212f,-7.437608945042131e-7f,1.5835512476401088f,0.000003091409484467308f,0.000012013191537744817f,0.000021224200674102652f,8.604585780048696f,0f,0f,0f,1f],start_interpolation:0}
execute if entity @s[tag=aj.champions_charge.locator_origin.gundyr_halberd1] at @s on origin run tp @s ^-1.32267 ^1.22201 ^6.65253 ~-149.74059 ~-1.73373
execute if entity @s[tag=aj.champions_charge.locator_origin.gundyr_halberd2] at @s on origin run tp @s ^-0.4727 ^1.27306 ^5.19561 ~-149.74059 ~-1.73373
execute if entity @s[tag=aj.champions_charge.locator_origin.gundyr_halberd3] at @s on origin run tp @s ^0.06246 ^1.30521 ^4.27829 ~-149.74059 ~-1.73373
execute if entity @s[tag=aj.champions_charge.bone.gundyr_halberd] run data modify entity @s {} merge value {transformation:[0.9322081816213204f,2.800538856514125f,-1.7209244987459333f,-0.44708824455526297f,-3.258833666917023f,1.0212388813930804f,-0.10337015821922962f,1.2824008117500392f,0.42965352157003267f,1.6696300103306358f,2.9498041614854533f,5.210883153654702f,0f,0f,0f,1f],start_interpolation:0}
execute if entity @s[tag=aj.champions_charge.bone.left_arm2] run data modify entity @s {} merge value {transformation:[0.8200313612487455f,0.5450044431444262f,0.17469608902709638f,-0.519542420588126f,-0.2752774566745622f,0.10798501692564534f,0.9552808790959612f,1.3213244596859541f,0.5017677634277771f,-0.8314501747383313f,0.2385785374091395f,5.055690839068058f,0f,0f,0f,1f],start_interpolation:0}
execute if entity @s[tag=aj.champions_charge.bone.left_arm] run data modify entity @s {} merge value {transformation:[0.8200313612487455f,0.5412263558153761f,0.1860714871745186f,-0.2817319114781888f,-0.2752774566745622f,0.08795544075039449f,0.9573328377785795f,1.3089036377892325f,0.5017677634277771f,-0.8362642358807479f,0.22111363452187782f,4.909345750526343f,0f,0f,0f,1f],start_interpolation:0}
execute if entity @s[tag=aj.champions_charge.bone.head] run data modify entity @s {} merge value {transformation:[0.7566623736857805f,0.13747408285939833f,-0.639189274620724f,0.031111917044136815f,-0.04818024307590768f,0.9867102388619813f,0.15518237239479898f,1.4109375355375908f,0.6520281561599517f,-0.08662436762769982f,0.7532300462061735f,5.0095362449146394f,0f,0f,0f,1f],start_interpolation:0}
execute if entity @s[tag=aj.champions_charge.bone.body_top] run data modify entity @s {} merge value {transformation:[0.9785266334386225f,0.04907308224525983f,-0.20019355696481714f,0.011789390910065756f,-0.10919343641820659f,0.9471780635064192f,-0.30154686112677825f,1.0379861730319382f,0.1748211116955232f,0.3169314572761425f,0.9321974202358434f,4.884744483612159f,0f,0f,0f,1f],start_interpolation:0}
execute if entity @s[tag=aj.champions_charge.bone.body] run data modify entity @s {} merge value {transformation:[0.9967107842776703f,0.046974007827025134f,-0.06603828505690981f,-0.00876173751425774f,-0.06591468589798916f,0.9439683955015731f,-0.32338664548363005f,0.625f,0.047147287170743235f,0.3266758498616819f,0.943959756784995f,4.741823799297673f,0f,0f,0f,1f],start_interpolation:0}
execute if entity @s[tag=aj.champions_charge.locator_origin.player_camera] at @s on origin run tp @s ^0.07343 ^-0.1875 ^5.3614 ~172.44352 ~0
execute if entity @s[tag=aj.champions_charge.bone.right_leg2] run data modify entity @s {} merge value {transformation:[0.9913157055045656f,0.09535766914218002f,0.09055433151294072f,0.10174624195778847f,0f,0.6886077371733286f,-0.7251340457494933f,0.3585135503169462f,-0.13150350573268013f,0.7188367681475389f,0.6826276647918806f,4.624323476551946f,0f,0f,0f,1f],start_interpolation:0}
execute if entity @s[tag=aj.champions_charge.bone.right_leg] run data modify entity @s {} merge value {transformation:[0.9913157055045656f,0.03730499816632901f,0.1261011860840144f,0.11515272567381296f,0f,0.9589188165093671f,-0.2836806361813843f,0.703125f,-0.13150350573268013f,0.281217069994133f,0.9505912831095863f,4.7253858610810875f,0f,0f,0f,1f],start_interpolation:0}
execute if entity @s[tag=aj.champions_charge.bone.left_leg2] run data modify entity @s {} merge value {transformation:[0.9913157055045656f,-0.05970134228508181f,0.11717048156146043f,-0.10105370894963861f,0f,0.8910065241883679f,0.4539904997395468f,0.43605732834406147f,-0.13150350573268013f,-0.4500479125416792f,0.8832687611349628f,4.996642247197048f,0f,0f,0f,1f],start_interpolation:0}
execute if entity @s[tag=aj.champions_charge.bone.left_leg] run data modify entity @s {} merge value {transformation:[0.9913157055045656f,-0.08799302052922385f,0.0977261498173781f,-0.13267620070232844f,0f,0.7431448254773942f,0.6691306063588582f,0.703125f,-0.13150350573268013f,-0.6633196791173294f,0.7366911369601904f,4.758261737514258f,0f,0f,0f,1f],start_interpolation:0}
execute if entity @s[tag=aj.champions_charge.locator_origin.commands] at @s on origin run tp @s ^0 ^0 ^0 ~0 ~0