execute if entity @s[tag=aj.champions_charge.bone.right_arm2] run data modify entity @s {} merge value {transformation:[0.931644014342702f,0.3590207591124249f,0.05606714782966628f,0.1613978106899282f,-0.3544943777634916f,0.8640991358443934f,0.3573043794400615f,1.0856072341475504f,0.07983211555189029f,-0.3527559750866181f,0.9323036283138659f,0.045836039821365374f,0f,0f,0f,1f],start_interpolation:0}
execute if entity @s[tag=aj.champions_charge.bone.right_arm] run data modify entity @s {} merge value {transformation:[0.931644014342702f,0.36129866906349367f,-0.0387647039504182f,0.2517224779558016f,-0.3544943777634916f,0.927132850083791f,0.12148421473418491f,1.3173904466684982f,0.07983211555189029f,-0.09943817188813742f,0.9918361171574944f,0.02097649684933102f,0f,0f,0f,1f],start_interpolation:0}
execute if entity @s[tag=aj.champions_charge.locator_origin.slash1] at @s on origin run tp @s ^-0.29987 ^2.62128 ^3.15121 ~179.44692 ~7.27721
execute if entity @s[tag=aj.champions_charge.bone.steel_slash] run data modify entity @s {} merge value {transformation:[0.00002457371432978467f,6.460913384491033e-7f,2.3538861122473778e-7f,-0.2998695658901688f,-6.707236735410583e-7f,0.00002437608623230706f,0.000003113972948928623f,2.621285308724945f,-1.5156374785828996e-7f,-0.0000031191767752547577f,0.000024384176066720488f,3.1512290352051746f,0f,0f,0f,1f],start_interpolation:0}
execute if entity @s[tag=aj.champions_charge.locator_origin.gundyr_halberd1] at @s on origin run tp @s ^-0.3499 ^1.08339 ^1.84499 ~179.44692 ~7.27721
execute if entity @s[tag=aj.champions_charge.locator_origin.gundyr_halberd2] at @s on origin run tp @s ^-0.36606 ^0.86964 ^0.17116 ~179.44692 ~7.27721
execute if entity @s[tag=aj.champions_charge.locator_origin.gundyr_halberd3] at @s on origin run tp @s ^-0.37623 ^0.73505 ^-0.88273 ~179.44692 ~7.27721
execute if entity @s[tag=aj.champions_charge.bone.gundyr_halberd] run data modify entity @s {} merge value {transformation:[3.415329788207362f,0.0897957453437737f,0.03271502732276017f,-0.36523863445662075f,-0.09321922242435049f,3.3878628322867446f,0.4327894606985544f,0.9006227041724063f,-0.02106479207521996f,-0.43351270435744105f,3.388987182154373f,0.1671930747803862f,0f,0f,0f,1f],start_interpolation:0}
execute if entity @s[tag=aj.champions_charge.bone.left_arm2] run data modify entity @s {} merge value {transformation:[0.9878242689580092f,-0.09644748149816752f,0.12207004943980095f,-0.4133473408886655f,0.03462100065558625f,0.901249864203771f,0.4319144227579001f,1.096824443980305f,-0.1516726737787025f,-0.42242936165156036f,0.8936155965757728f,0.07893395159274379f,0f,0f,0f,1f],start_interpolation:0}
execute if entity @s[tag=aj.champions_charge.bone.left_arm] run data modify entity @s {} merge value {transformation:[0.9878242689580092f,-0.08753116066627573f,0.12861380007600054f,-0.31175209743548327f,0.03462100065558625f,0.9296582717006101f,0.36679269918066826f,1.3335666369874057f,-0.1516726737787025f,-0.3578739914705299f,0.9213694189942329f,-0.029493630497226503f,0f,0f,0f,1f],start_interpolation:0}
execute if entity @s[tag=aj.champions_charge.bone.head] run data modify entity @s {} merge value {transformation:[0.9924209575443906f,-0.028494605600921902f,-0.11953535242062471f,0.001353798226632839f,-0.0006068594732461935f,0.9715958761365948f,-0.2366454842077963f,1.4724184745164595f,0.12288317520415382f,0.2349244791970615f,0.9642148175203151f,0.0022109088690753925f,0f,0f,0f,1f],start_interpolation:0}
execute if entity @s[tag=aj.champions_charge.bone.body_top] run data modify entity @s {} merge value {transformation:[0.9998453925497519f,0.00455102949786886f,0.01698467331279126f,-0.00043816963815302475f,0f,0.9659258262890682f,-0.25881904510252074f,1.0920851804151388f,-0.01758382771277961f,0.2587790297498818f,0.9657764869599369f,-0.09968333409494058f,0f,0f,0f,1f],start_interpolation:0}
execute if entity @s[tag=aj.champions_charge.bone.body] run data modify entity @s {} merge value {transformation:[0.9998453925497519f,0.0015325315646541624f,0.01751691593962975f,-0.0011086521976892208f,0f,0.9961946980917455f,-0.08715574274765818f,0.65625f,-0.01758382771277961f,0.08714226782049748f,0.9960406789695229f,-0.13780807626640823f,0f,0f,0f,1f],start_interpolation:0}
execute if entity @s[tag=aj.champions_charge.locator_origin.player_camera] at @s on origin run tp @s ^0.00988 ^-0.15625 ^0.4871 ~178.99247 ~0
execute if entity @s[tag=aj.champions_charge.bone.right_leg2] run data modify entity @s {} merge value {transformation:[0.9998453925497519f,0.010281127325763736f,0.014264971711999655f,0.12137439487895182f,0f,0.8112552025081621f,-0.5846922236556946f,0.4042618311739571f,-0.01758382771277961f,0.5846018258818153f,0.8111297764098018f,-0.2820252374208625f,0f,0f,0f,1f],start_interpolation:0}
execute if entity @s[tag=aj.champions_charge.bone.right_leg] run data modify entity @s {} merge value {transformation:[0.9998453925497519f,0.00694991858665161f,0.016152078153340847f,0.12387202187102975f,0f,0.9185757741246411f,-0.3952449205129856f,0.734375f,-0.01758382771277961f,0.3951838127036016f,0.918433755466344f,-0.1400060547305057f,0f,0f,0f,1f],start_interpolation:0}
execute if entity @s[tag=aj.champions_charge.bone.left_leg2] run data modify entity @s {} merge value {transformation:[0.9998453925497519f,-0.00014385574928982726f,0.01758323925094897f,-0.12337195691238695f,0f,0.9999665339174011f,0.008181139603937015f,0.40992407778532736f,-0.01758382771277961f,-0.008179874738802828f,0.9998119316412588f,0.018903997356811503f,0f,0f,0f,1f],start_interpolation:0}
execute if entity @s[tag=aj.champions_charge.bone.left_leg] run data modify entity @s {} merge value {transformation:[0.9998453925497519f,-0.007561375593798254f,0.01587503058775725f,-0.1260893262664082f,0f,0.9028199574669151f,0.43001874889292635f,0.734375f,-0.01758382771277961f,-0.42995226479060117f,0.9026803747752581f,-0.1356100978023108f,0f,0f,0f,1f],start_interpolation:0}
execute if entity @s[tag=aj.champions_charge.locator_origin.commands] at @s on origin run tp @s ^0 ^0 ^0 ~0 ~0