execute if entity @s[tag=aj.champions_charge.bone.right_arm2] run data modify entity @s {} merge value {transformation:[0.06715303342867252f,0.8956862856785427f,0.4395867920544284f,-0.09224232221629988f,-0.9129645839294105f,-0.12256235940573093f,0.38919678383498857f,1.2217407522492651f,0.4024750161089827f,-0.42746291734403835f,0.80949942291752f,6.380685592398678f,0f,0f,0f,1f],start_interpolation:0}
execute if entity @s[tag=aj.champions_charge.bone.right_arm] run data modify entity @s {} merge value {transformation:[0.06715303342867252f,0.9823226877605171f,0.17473582120527245f,0.1533383497238294f,-0.9129645839294105f,-0.010147990588269887f,0.40791259698324933f,1.2192037546021977f,0.4024750161089827f,-0.18692018456542814f,0.896144355564493f,6.333955546257322f,0f,0f,0f,1f],start_interpolation:0}
execute if entity @s[tag=aj.champions_charge.locator_origin.slash0] at @s on origin run tp @s ^-0.41234 ^1.74235 ^9.93473 ~-158.8609 ~4.68814
execute if entity @s[tag=aj.champions_charge.locator_origin.slash1] at @s on origin run tp @s ^-0.41233 ^1.74235 ^9.93472 ~-158.8609 ~4.68814
execute if entity @s[tag=aj.champions_charge.bone.steel_slash] run data modify entity @s {} merge value {transformation:[0.0000048647006727473584f,0.000022418780079825867f,-0.000008835907699537847f,-0.4123416037962055f,-0.000023767806019739353f,0.000005949334619377412f,0.0000020092516946606877f,1.7423563317466597f,0.000003970687868668446f,0.00000814518232434722f,0.000022852350437767418f,9.934746392270847f,0f,0f,0f,1f],start_interpolation:0}
execute if entity @s[tag=aj.champions_charge.locator_origin.gundyr_halberd1] at @s on origin run tp @s ^-1.11717 ^1.29125 ^8.09801 ~-158.8609 ~4.68814
execute if entity @s[tag=aj.champions_charge.locator_origin.gundyr_halberd2] at @s on origin run tp @s ^-0.51064 ^1.15332 ^6.52933 ~-158.8609 ~4.68814
execute if entity @s[tag=aj.champions_charge.locator_origin.gundyr_halberd3] at @s on origin run tp @s ^-0.12875 ^1.06648 ^5.54164 ~-158.8609 ~4.68814
execute if entity @s[tag=aj.champions_charge.bone.gundyr_halberd] run data modify entity @s {} merge value {transformation:[0.6761109409581075f,3.115830451772409f,-1.2280414090883112f,-0.4821384815658047f,-3.3033221925739444f,0.8268566759134709f,0.2792519304443668f,1.160886110164896f,0.5518583139505299f,1.1320422891465631f,3.17608938287615f,6.539684639635656f,0f,0f,0f,1f],start_interpolation:0}
execute if entity @s[tag=aj.champions_charge.bone.left_arm2] run data modify entity @s {} merge value {transformation:[0.9017237967983992f,0.39639655841766835f,0.17252235438373578f,-0.49161956054047684f,-0.27574866786738383f,0.22002846247449928f,0.9357083668913465f,1.2590044384600607f,0.3329517479408127f,-0.8913233106879543f,0.3077107235171073f,6.454508541075308f,0f,0f,0f,1f],start_interpolation:0}
execute if entity @s[tag=aj.champions_charge.bone.left_arm] run data modify entity @s {} merge value {transformation:[0.9017237967983992f,0.394611554846035f,0.17656702712985245f,-0.2802511972291682f,-0.27574866786738383f,0.21044806612835118f,0.9379095284899285f,1.2771478715087254f,0.3329517479408127f,-0.8944234636036957f,0.2985796397920087f,6.272521643666986f,0f,0f,0f,1f],start_interpolation:0}
execute if entity @s[tag=aj.champions_charge.bone.head] run data modify entity @s {} merge value {transformation:[0.8540346661909539f,-0.01013928902885411f,-0.5201172788536209f,0.04075131661837683f,-0.07217717177431972f,0.9878305898211923f,-0.13777220941893717f,1.384547181142255f,0.5151846705976084f,0.1552028370601019f,0.84290974282525f,6.333702415922638f,0f,0f,0f,1f],start_interpolation:0}
execute if entity @s[tag=aj.champions_charge.bone.body_top] run data modify entity @s {} merge value {transformation:[0.9969424411184032f,0.06579478955161056f,-0.042152280658801486f,0.014844618232430173f,-0.07713672165283623f,0.9148141575655003f,-0.3964403905890225f,1.0243391066008392f,0.012477791051783007f,0.39847973949196364f,0.917092253780875f,6.176801018497677f,0f,0f,0f,1f],start_interpolation:0}
execute if entity @s[tag=aj.champions_charge.locator_origin.player_camera] at @s on origin run tp @s ^-0.05434 ^0.08657 ^5.83081 ~-176.38598 ~-23.57083
execute if entity @s[tag=aj.champions_charge.bone.body] run data modify entity @s {} merge value {transformation:[0.9961734137337509f,0.06557839441079232f,-0.057775461543355416f,-0.013845929322291464f,-0.08328039951243751f,0.9127751008019179f,-0.39988247074996586f,0.625f,0.02651235234931021f,0.40316384949862644f,0.9147436830229302f,6.000416834342028f,0f,0f,0f,1f],start_interpolation:0}
execute if entity @s[tag=aj.champions_charge.bone.right_leg2] run data modify entity @s {} merge value {transformation:[0.9795697656854405f,-0.022234331238666888f,0.19987173054071544f,0.1514346867331015f,0f,0.9938693392007374f,0.11056100848260086f,0.41367158428708123f,-0.2011046348420919f,-0.10830222117324739f,0.9735643557228099f,6.183922770794978f,0f,0f,0f,1f],start_interpolation:0}
execute if entity @s[tag=aj.champions_charge.bone.right_leg] run data modify entity @s {} merge value {transformation:[0.9795697656854405f,-0.11919136095920115f,0.16197683052728418f,0.10860029138838861f,0f,0.8054355915489914f,0.5926833116143277f,0.703125f,-0.2011046348420919f,-0.580574652683718f,0.7889803536883596f,5.975278754986767f,0f,0f,0f,1f],start_interpolation:0}
execute if entity @s[tag=aj.champions_charge.bone.left_leg2] run data modify entity @s {} merge value {transformation:[0.9795697656854405f,0.12012801631499842f,0.16128339608029899f,-0.16299067180903634f,0f,0.80198746392364f,-0.5973408639205326f,0.36917089527211727f,-0.2011046348420919f,0.5851370501049747f,0.7856026721183407f,5.89550786261434f,0f,0f,0f,1f],start_interpolation:0}
execute if entity @s[tag=aj.champions_charge.bone.left_leg] run data modify entity @s {} merge value {transformation:[0.9795697656854405f,0.07429153885513691f,0.1868792160982778f,-0.13629215003297152f,0f,0.9292635957645433f,-0.3694173379617576f,0.703125f,-0.2011046348420919f,0.36187005518733806f,0.9102785227630836f,6.02555491369729f,0f,0f,0f,1f],start_interpolation:0}