execute if entity @s[tag=aj.champions_charge.bone.right_arm2] run data modify entity @s {} merge value {transformation:[0.8471723994679159f,-0.46347312075094f,0.25979143927612136f,0.43505065312065605f,0.405894962219714f,0.8800655030897618f,0.2464426706478027f,1.0189552893930005f,-0.34285303735628625f,-0.10333139219399401f,0.933688608778548f,5.784589710423078f,0f,0f,0f,1f],start_interpolation:0}
execute if entity @s[tag=aj.champions_charge.bone.right_arm] run data modify entity @s {} merge value {transformation:[0.8471723994679159f,-0.46347312075094f,0.25979143927612136f,0.31918237293292107f,0.405894962219714f,0.8800655030897618f,0.2464426706478027f,1.238971665165441f,-0.34285303735628625f,-0.10333139219399401f,0.933688608778548f,5.75875686237458f,0f,0f,0f,1f],start_interpolation:0}
execute if entity @s[tag=aj.champions_charge.locator_origin.slash1] at @s on origin run tp @s ^-3.64424 ^1.6674 ^5.69104 ~-87.36382 ~7.17729
execute if entity @s[tag=aj.champions_charge.bone.steel_slash] run data modify entity @s {} merge value {transformation:[-0.000002035045647375026f,-0.000002559457004904687f,-0.000024364893737320556f,-3.644255793900676f,-0.000020844882364164348f,-0.000012664809896730551f,0.0000030714405873472965f,1.6673992797393682f,-0.000012872052913775186f,0.000020913919955319196f,-0.0000011218215835200294f,5.691041912221182f,0f,0f,0f,1f],start_interpolation:0}
execute if entity @s[tag=aj.champions_charge.locator_origin.gundyr_halberd1] at @s on origin run tp @s ^-2.26593 ^1.61807 ^5.55302 ~-87.36382 ~7.17729
execute if entity @s[tag=aj.champions_charge.locator_origin.gundyr_halberd2] at @s on origin run tp @s ^-0.59342 ^1.40723 ^5.63003 ~-87.36382 ~7.17729
execute if entity @s[tag=aj.champions_charge.locator_origin.gundyr_halberd3] at @s on origin run tp @s ^0.45963 ^1.27448 ^5.67851 ~-87.36382 ~7.17729
execute if entity @s[tag=aj.champions_charge.bone.gundyr_halberd] run data modify entity @s {} merge value {transformation:[-0.2828368526860206f,-0.3557211430545498f,-3.3863072651869253f,-0.5966782593038324f,-2.897085345527927f,-1.760193917850687f,0.42687818332623445f,1.3911299786081723f,-1.7889971846263821f,2.9066804005697873f,-0.15591418618413969f,5.656613968451987f,0f,0f,0f,1f],start_interpolation:0}
execute if entity @s[tag=aj.champions_charge.bone.left_arm2] run data modify entity @s {} merge value {transformation:[-0.08583025000007996f,0.9943028856600234f,0.06320553577871804f,-0.4979033315649878f,-0.6573568659896835f,-0.10418764043013516f,0.7463423385537115f,1.420224218150051f,0.7486755765491124f,0.022510156591012125f,0.6625542799870081f,5.593045529563944f,0f,0f,0f,1f],start_interpolation:0}
execute if entity @s[tag=aj.champions_charge.bone.left_arm] run data modify entity @s {} merge value {transformation:[-0.08583025000007996f,0.9943028856600234f,0.06320553577871804f,-0.2600563913999919f,-0.6573568659896835f,-0.10418764043013516f,0.7463423385537115f,1.3120076997938068f,0.7486755765491124f,0.022510156591012125f,0.6625542799870081f,5.692257515780336f,0f,0f,0f,1f],start_interpolation:0}
execute if entity @s[tag=aj.champions_charge.bone.head] run data modify entity @s {} merge value {transformation:[0.9534059391289295f,0.03397394467680083f,0.29977139009048487f,0.06387081973737507f,-0.011191248621526192f,0.9969378767090832f,-0.07739267366537983f,1.4061195029022882f,-0.30148278754843566f,0.070431818561517f,0.9508667034585567f,5.759595787962196f,0f,0f,0f,1f],start_interpolation:0}
execute if entity @s[tag=aj.champions_charge.bone.body_top] run data modify entity @s {} merge value {transformation:[0.9892061114803351f,0.10295861773747646f,-0.10426309051406019f,0.023330864003243704f,-0.13110084218525375f,0.9396926350704219f,-0.3158960600778744f,1.0361155278433096f,0.06545103657141041f,0.3261552921968231f,0.9430476590203346f,5.631172141659697f,0f,0f,0f,1f],start_interpolation:0}
execute if entity @s[tag=aj.champions_charge.bone.body] run data modify entity @s {} merge value {transformation:[0.9928538661961603f,0.10295861773747646f,-0.060338407444390674f,-0.021713531256902244f,-0.11697778144394763f,0.9396926350704219f,-0.3213937619849814f,0.625f,0.023609299603951084f,0.3261552921968231f,0.9450213364491916f,5.488479201323587f,0f,0f,0f,1f],start_interpolation:0}
execute if entity @s[tag=aj.champions_charge.locator_origin.player_camera] at @s on origin run tp @s ^0.16643 ^-0.1875 ^6.08449 ~162.48047 ~0
execute if entity @s[tag=aj.champions_charge.bone.right_leg2] run data modify entity @s {} merge value {transformation:[0.9568278810895513f,0.009569332560117674f,0.29049756254404907f,0.14670880510147083f,-0.01827240093918971f,0.9994613231336467f,0.027261381547122654f,0.39696330127055873f,-0.2900802050013019f,-0.03139253787596946f,0.9564873147261854f,5.632489387499924f,0f,0f,0f,1f],start_interpolation:0}
execute if entity @s[tag=aj.champions_charge.bone.right_leg] run data modify entity @s {} merge value {transformation:[0.9568278810895513f,-0.136961496177701f,0.25636293518066416f,0.09748826741260953f,-0.01827240093918971f,0.8519282051601844f,0.5233397105288918f,0.703125f,-0.2900802050013019f,-0.5054303926529473f,0.8126460440124534f,5.4508503401402715f,0f,0f,0f,1f],start_interpolation:0}
execute if entity @s[tag=aj.champions_charge.bone.left_leg2] run data modify entity @s {} merge value {transformation:[0.9553104810371454f,0.18029222883974244f,0.23425754425541084f,-0.1636343128527778f,0.020536719045194475f,0.7500761824961846f,-0.6610324981593638f,0.35801350850885105f,-0.29489002694468414f,0.6363021551683985f,0.7128530278652221f,5.428474580132533f,0f,0f,0f,1f],start_interpolation:0}
execute if entity @s[tag=aj.champions_charge.bone.left_leg] run data modify entity @s {} merge value {transformation:[0.9553104810371454f,0.06321803944727308f,0.28876524082552046f,-0.14091532992641403f,0.020536719045194475f,0.9603102371927623f,-0.2781770866078645f,0.703125f,-0.29489002694468414f,0.2716757770417224f,0.9160961435227963f,5.526108062506902f,0f,0f,0f,1f],start_interpolation:0}
execute if entity @s[tag=aj.champions_charge.locator_origin.commands] at @s on origin run tp @s ^0 ^0 ^0 ~0 ~0