execute if entity @s[tag=aj.champions_charge.bone.right_arm2] run data modify entity @s {} merge value {transformation:[0.7471485519536432f,-0.6588260873275696f,-0.08784775449731277f,0.4055308114902072f,0.6217704920915498f,0.6460997555758609f,0.4426698103655192f,1.0729581910157162f,-0.23488400643255036f,-0.38536124935112337f,0.8923711173165206f,5.9896115810557315f,0f,0f,0f,1f],start_interpolation:0}
execute if entity @s[tag=aj.champions_charge.bone.right_arm] run data modify entity @s {} merge value {transformation:[0.7471485519536432f,-0.6588260873275696f,-0.08784775449731277f,0.2408242896583148f,0.6217704920915498f,0.6460997555758609f,0.4426698103655192f,1.2344831299096815f,-0.23488400643255036f,-0.38536124935112337f,0.8923711173165206f,5.8932712687179505f,0f,0f,0f,1f],start_interpolation:0}
execute if entity @s[tag=aj.champions_charge.locator_origin.slash1] at @s on origin run tp @s ^-3.28579 ^1.84243 ^4.05162 ~-60.31787 ~9.70046
execute if entity @s[tag=aj.champions_charge.bone.steel_slash] run data modify entity @s {} merge value {transformation:[1.7332723148784306e-7f,-0.000012692970142357914f,-0.00002105228596646485f,-3.2858067129740003f,-0.00002314175021779885f,-0.000007186212730969504f,0.000004142224187563488f,1.842434821697461f,-0.000008292745763955926f,0.00001978856066843265f,-0.000011999312986330883f,4.051614191989291f,0f,0f,0f,1f],start_interpolation:0}
execute if entity @s[tag=aj.champions_charge.locator_origin.gundyr_halberd1] at @s on origin run tp @s ^-1.99446 ^1.68112 ^4.52877 ~-60.31787 ~9.70046
execute if entity @s[tag=aj.champions_charge.locator_origin.gundyr_halberd2] at @s on origin run tp @s ^-0.54935 ^1.39678 ^5.35245 ~-60.31787 ~9.70046
execute if entity @s[tag=aj.champions_charge.locator_origin.gundyr_halberd3] at @s on origin run tp @s ^0.36054 ^1.21775 ^5.87107 ~-60.31787 ~9.70046
execute if entity @s[tag=aj.champions_charge.bone.gundyr_halberd] run data modify entity @s {} merge value {transformation:[0.024089547427123954f,-1.7641077147005917f,-2.9259109309324036f,-0.565485074033982f,-3.2163110472195013f,-0.9987617693889821f,0.5756989548817053f,1.3876458586364284f,-1.1525511061769254f,2.750274533578776f,-1.6677011269137838f,5.377606657741501f,0f,0f,0f,1f],start_interpolation:0}
execute if entity @s[tag=aj.champions_charge.bone.left_arm2] run data modify entity @s {} merge value {transformation:[-0.5046132572329138f,0.8562712751229062f,-0.11029489573040879f,-0.45367131341415234f,-0.44908696950660676f,-0.151225250123976f,0.8805974208140247f,1.4015364270314685f,0.7373509031961386f,0.49389313330348467f,0.4608505380614257f,5.377824707538944f,0f,0f,0f,1f],start_interpolation:0}
execute if entity @s[tag=aj.champions_charge.bone.left_arm] run data modify entity @s {} merge value {transformation:[-0.5046132572329138f,0.8562712751229062f,-0.11029489573040879f,-0.30268015178754004f,-0.44908696950660676f,-0.151225250123976f,0.8805974208140247f,1.3075942433121488f,0.7373509031961386f,0.49389313330348467f,0.4608505380614257f,5.593466853764332f,0f,0f,0f,1f],start_interpolation:0}
execute if entity @s[tag=aj.champions_charge.bone.head] run data modify entity @s {} merge value {transformation:[0.9948975546402148f,-0.022966758818605548f,0.0982414564239027f,-0.03946541119949756f,0.03157336026085461f,0.9957105098181066f,-0.08696955536050771f,1.4061195029022882f,-0.0958226418585913f,0.08962761085253867f,0.9913550890977998f,5.791787518496642f,0f,0f,0f,1f],start_interpolation:0}
execute if entity @s[tag=aj.champions_charge.bone.body_top] run data modify entity @s {} merge value {transformation:[0.8696071063133678f,-0.05939116615572102f,-0.49015933127091976f,-0.016080139525682404f,-0.11697778144394763f,0.9396926350704219f,-0.3213937619849814f,1.0361155278433096f,0.47968706392578875f,0.33682405047304803f,0.810215946353308f,5.659163048622879f,0f,0f,0f,1f],start_interpolation:0}
execute if entity @s[tag=aj.champions_charge.bone.body] run data modify entity @s {} merge value {transformation:[0.8696071063133678f,-0.05939116615572102f,-0.49015933127091976f,0.009903495667445542f,-0.11697778144394763f,0.9396926350704219f,-0.3213937619849814f,0.625f,0.47968706392578875f,0.33682405047304803f,0.810215946353308f,5.5118025265409205f,0f,0f,0f,1f],start_interpolation:0}
execute if entity @s[tag=aj.champions_charge.locator_origin.player_camera] at @s on origin run tp @s ^-0.09863 ^-0.1875 ^6.12731 ~-170 ~0
execute if entity @s[tag=aj.champions_charge.bone.right_leg2] run data modify entity @s {} merge value {transformation:[0.9848077530122081f,0.05221701409779469f,-0.16561121050749217f,0.08699480983520985f,0f,0.9537169507482268f,0.3007057995042731f,0.4603347691381221f,0.1736481776669314f,-0.29613740272754285f,0.9392278472760162f,5.7944422684437935f,0f,0f,0f,1f],start_interpolation:0}
execute if entity @s[tag=aj.champions_charge.bone.right_leg] run data modify entity @s {} merge value {transformation:[0.9848077530122081f,0.12802686597220644f,-0.11731500840208325f,0.13300446479397154f,0f,0.6755902076156602f,0.737277336810124f,0.703125f,0.1736481776669314f,-0.7260764374108032f,0.6653264743190296f,5.533508548749286f,0f,0f,0f,1f],start_interpolation:0}
execute if entity @s[tag=aj.champions_charge.bone.left_leg2] run data modify entity @s {} merge value {transformation:[0.9848077530122081f,-0.14224425972292493f,-0.09960050292505185f,-0.08199506653455374f,0f,0.573576436351046f,-0.8191520442889917f,0.39189712051496733f,0.1736481776669314f,0.8067072841115988f,0.5648625214636236f,5.313138861213172f,0f,0f,0f,1f],start_interpolation:0}
execute if entity @s[tag=aj.champions_charge.bone.left_leg] run data modify entity @s {} merge value {transformation:[0.9848077530122081f,-0.08682408883346569f,-0.15038373318043624f,-0.11319747345908047f,0f,0.8660254037844387f,-0.49999999999999994f,0.703125f,0.1736481776669314f,0.492403876506104f,0.8528685319524434f,5.490096504332554f,0f,0f,0f,1f],start_interpolation:0}
execute if entity @s[tag=aj.champions_charge.locator_origin.commands] at @s on origin run tp @s ^0 ^0 ^0 ~0 ~0