execute if entity @s[tag=aj.chainsaw.bone.right_arm2] run data modify entity @s {} merge value {transformation:[-0.10879941748095989f,0.9512165023852257f,-0.2887037449459595f,-0.038519639419855645f,0.9593423923317116f,0.1765618024385906f,0.22020014576494784f,1.1475181941384371f,0.2604320660576803f,-0.2530080937631323f,-0.9317521362783527f,-1.9016060367671794f,0f,0f,0f,1f],start_interpolation:0}
execute if entity @s[tag=aj.chainsaw.bone.right_arm] run data modify entity @s {} merge value {transformation:[-0.1250381741153257f,0.7756275668269407f,-0.6186819316838217f,0.12500000000000028f,0.9540070561767827f,0.26523720940237416f,0.13971313293083784f,1.1650075168984588f,0.27246282641640185f,-0.5727574533138444f,-0.7731189480892476f,-2.001814624980353f,0f,0f,0f,1f],start_interpolation:0}
execute if entity @s[tag=aj.chainsaw.bone.bone0] run data modify entity @s {} merge value {transformation:[0.000009603104541017691f,-0.0000027574384632564493f,-4.206141885854349e-7f,-0.11574197767848934f,0.0000018537028326036715f,0.000007435715769714953f,-0.000006424477939911495f,0.6327306012986798f,0.000002084267013288512f,0.000006091523956561793f,0.00000765174273639353f,-1.975469434603127f,0f,0f,0f,1f],start_interpolation:0}
execute if entity @s[tag=aj.chainsaw.bone.bone1] run data modify entity @s {} merge value {transformation:[0.000009023088627323011f,-0.000004071706457064976f,0.0000014160078216484469f,-0.11574215092507543f,0.000002243347572655881f,0.0000016300712683265973f,-0.000009607822819371467f,0.632730889533688f,0.000003681204054617618f,0.000008986883452436195f,0.000002384253031998772f,-1.9754700806062402f,0f,0f,0f,1f],start_interpolation:0}
execute if entity @s[tag=aj.chainsaw.bone.bone2] run data modify entity @s {} merge value {transformation:[0.000009703013668418282f,-0.0000020228166591905777f,0.0000013265513611576201f,-0.11574163028929443f,0.00000174698797737925f,0.00000206666814628031f,-0.000009626885050733838f,0.6327310074691844f,0.0000016731882014227925f,0.000009572726651088047f,0.0000023586745655490933f,-1.9754699138707659f,0f,0f,0f,1f],start_interpolation:0}
execute if entity @s[tag=aj.chainsaw.bone.bone3] run data modify entity @s {} merge value {transformation:[0.000009023088627323011f,-0.000004071706457064976f,0.0000014160078216484469f,-0.11574181757558821f,0.000002243347572655881f,0.0000016300712683265973f,-0.000009607822819371467f,0.6327311623350346f,0.000003681204054617618f,0.000008986883452436195f,0.000002384253031998772f,-1.975469304596987f,0f,0f,0f,1f],start_interpolation:0}
execute if entity @s[tag=aj.chainsaw.bone.bone4] run data modify entity @s {} merge value {transformation:[0.000009603104541017691f,-0.0000027574384632564493f,-4.206141885854349e-7f,-0.11574204324155261f,0.0000018537028326036715f,0.000007435715769714953f,-0.000006424477939911495f,0.63273147855923f,0.000002084267013288512f,0.000006091523956561793f,0.00000765174273639353f,-1.9754699127431203f,0f,0f,0f,1f],start_interpolation:0}
execute if entity @s[tag=aj.chainsaw.locator_origin.flail0] at @s on origin run tp @s ^-0.11574 ^0.63273 ^-1.97547 ~155.96559 ~-72.31812
execute if entity @s[tag=aj.chainsaw.locator_origin.flail1] at @s on origin run tp @s ^-0.11575 ^0.63273 ^-1.97547 ~155.96559 ~-72.31812
execute if entity @s[tag=aj.chainsaw.locator_origin.flail2] at @s on origin run tp @s ^-0.11575 ^0.63273 ^-1.97547 ~155.96559 ~-72.31812
execute if entity @s[tag=aj.chainsaw.locator_origin.flail3] at @s on origin run tp @s ^-0.11575 ^0.63274 ^-1.97547 ~155.96559 ~-72.31812
execute if entity @s[tag=aj.chainsaw.locator_origin.flail4] at @s on origin run tp @s ^-0.11575 ^0.63274 ^-1.97547 ~155.96559 ~-72.31812
execute if entity @s[tag=aj.chainsaw.bone.flail_body] run data modify entity @s {} merge value {transformation:[0.000005022642257477256f,-0.000008558198425316619f,0.0000012370547547752242f,-0.1157488540629452f,0.000003012101960597252f,3.9057027411971696e-7f,-0.000009527575590880411f,0.6327315171088908f,0.000008105572560428414f,0.000005157973882628937f,0.000002773986101938468f,-1.9754655569106283f,0f,0f,0f,1f],start_interpolation:0}
execute if entity @s[tag=aj.chainsaw.bone.flail] run data modify entity @s {} merge value {transformation:[-0.000001225170606252291f,-0.000009924489562953675f,-5.885490972761437e-8f,-0.11574631752442213f,0.0000026274250459653996f,-2.671563745230637e-7f,-0.000009644960606419571f,0.6327337837540576f,0.000009570558740920466f,-0.0000011971359097342904f,0.000002640316458346528f,-1.9754658544635633f,0f,0f,0f,1f],start_interpolation:0}
execute if entity @s[tag=aj.chainsaw.locator_origin.shunter0] at @s on origin run tp @s ^-0.36078 ^0.7751 ^-2.25436 ~-1.49191 ~-28.23252
execute if entity @s[tag=aj.chainsaw.locator_origin.shunter1] at @s on origin run tp @s ^-0.35218 ^0.95249 ^-1.92408 ~-1.49191 ~-28.23252
execute if entity @s[tag=aj.chainsaw.locator_origin.shunter2] at @s on origin run tp @s ^-0.33784 ^1.24815 ^-1.37362 ~-1.49191 ~-28.23252
execute if entity @s[tag=aj.chainsaw.locator_origin.shunter3] at @s on origin run tp @s ^-0.32637 ^1.48468 ^-0.93326 ~-1.49191 ~-28.23252
execute if entity @s[tag=aj.chainsaw.locator_origin.shunter4] at @s on origin run tp @s ^-0.31634 ^1.69164 ^-0.54793 ~-1.49191 ~-28.23252
execute if entity @s[tag=aj.chainsaw.locator_origin.shunter5] at @s on origin run tp @s ^-0.30344 ^1.95773 ^-0.05252 ~-1.49191 ~-28.23252
execute if entity @s[tag=aj.chainsaw.locator_origin.shunter6] at @s on origin run tp @s ^-0.29053 ^2.22382 ^0.44289 ~-1.49191 ~-28.23252
execute if entity @s[tag=aj.chainsaw.locator_origin.shunter7] at @s on origin run tp @s ^-0.2762 ^2.51947 ^0.99335 ~-1.49191 ~-28.23252
execute if entity @s[tag=aj.chainsaw.locator_origin.shunter8] at @s on origin run tp @s ^-0.26186 ^2.81513 ^1.54382 ~-1.49191 ~-28.23252
execute if entity @s[tag=aj.chainsaw.locator_origin.shunter9] at @s on origin run tp @s ^-0.24752 ^3.11079 ^2.09428 ~-1.49191 ~-28.23252
execute if entity @s[tag=aj.chainsaw.locator_origin.shunter10] at @s on origin run tp @s ^-0.23319 ^3.40645 ^2.64474 ~-1.49191 ~-28.23252
execute if entity @s[tag=aj.chainsaw.locator_origin.shunter11] at @s on origin run tp @s ^-0.21885 ^3.7021 ^3.1952 ~-1.49191 ~-28.23252
execute if entity @s[tag=aj.chainsaw.locator_origin.shunter12] at @s on origin run tp @s ^-0.20451 ^3.99776 ^3.74566 ~-1.49191 ~-28.23252
execute if entity @s[tag=aj.chainsaw.locator_origin.shunter13] at @s on origin run tp @s ^-0.19018 ^4.29342 ^4.29612 ~-1.49191 ~-28.23252
execute if entity @s[tag=aj.chainsaw.locator_origin.shunter14] at @s on origin run tp @s ^-0.17584 ^4.58907 ^4.84658 ~-1.49191 ~-28.23252
execute if entity @s[tag=aj.chainsaw.locator_origin.shunter15] at @s on origin run tp @s ^-0.1615 ^4.88473 ^5.39704 ~-1.49191 ~-28.23252
execute if entity @s[tag=aj.chainsaw.locator_origin.shunter16] at @s on origin run tp @s ^-0.14717 ^5.18039 ^5.9475 ~-1.49191 ~-28.23252
execute if entity @s[tag=aj.chainsaw.locator_origin.shunter17] at @s on origin run tp @s ^-0.13283 ^5.47604 ^6.49796 ~-1.49191 ~-28.23252
execute if entity @s[tag=aj.chainsaw.locator_origin.shunter18] at @s on origin run tp @s ^-0.11849 ^5.7717 ^7.04842 ~-1.49191 ~-28.23252
execute if entity @s[tag=aj.chainsaw.locator_origin.shunter19] at @s on origin run tp @s ^-0.10416 ^6.06736 ^7.59888 ~-1.49191 ~-28.23252
execute if entity @s[tag=aj.chainsaw.locator_origin.shunter20] at @s on origin run tp @s ^-0.08982 ^6.36301 ^8.14934 ~-1.49191 ~-28.23252
execute if entity @s[tag=aj.chainsaw.locator_origin.shunter21] at @s on origin run tp @s ^-0.07549 ^6.65867 ^8.6998 ~-1.49191 ~-28.23252
execute if entity @s[tag=aj.chainsaw.locator_origin.shunter22] at @s on origin run tp @s ^-0.06115 ^6.95433 ^9.25026 ~-1.49191 ~-28.23252
execute if entity @s[tag=aj.chainsaw.locator_origin.shunter23] at @s on origin run tp @s ^-0.04681 ^7.24998 ^9.80072 ~-1.49191 ~-28.23252
execute if entity @s[tag=aj.chainsaw.locator_origin.shunter24] at @s on origin run tp @s ^-0.03248 ^7.54564 ^10.35118 ~-1.49191 ~-28.23252
execute if entity @s[tag=aj.chainsaw.locator_origin.shunter25] at @s on origin run tp @s ^-0.01814 ^7.8413 ^10.90164 ~-1.49191 ~-28.23252
execute if entity @s[tag=aj.chainsaw.locator_origin.shunter26] at @s on origin run tp @s ^-0.0038 ^8.13695 ^11.4521 ~-1.49191 ~-28.23252
execute if entity @s[tag=aj.chainsaw.locator_origin.shunter27] at @s on origin run tp @s ^0.01053 ^8.43261 ^12.00256 ~-1.49191 ~-28.23252
execute if entity @s[tag=aj.chainsaw.locator_origin.shunter28] at @s on origin run tp @s ^0.02487 ^8.72827 ^12.55302 ~-1.49191 ~-28.23252
execute if entity @s[tag=aj.chainsaw.locator_origin.shunter29] at @s on origin run tp @s ^0.03921 ^9.02392 ^13.10348 ~-1.49191 ~-28.23252
execute if entity @s[tag=aj.chainsaw.locator_origin.shunter30] at @s on origin run tp @s ^0.05354 ^9.31958 ^13.65394 ~-1.49191 ~-28.23252
execute if entity @s[tag=aj.chainsaw.locator_origin.shunter31] at @s on origin run tp @s ^0.06788 ^9.61524 ^14.2044 ~-1.49191 ~-28.23252
execute if entity @s[tag=aj.chainsaw.locator_origin.shunter32] at @s on origin run tp @s ^0.08222 ^9.91089 ^14.75486 ~-1.49191 ~-28.23252
execute if entity @s[tag=aj.chainsaw.bone.serpent_hunter] run data modify entity @s {} merge value {transformation:[-1.4982606309301254f,0.06349164735427448f,-0.034407739261722955f,-0.3412194940171718f,0.07221514303119089f,1.319578126222543f,-0.7095763115493545f,1.3075828458653962f,0.0002343541057998593f,-0.7104100080314482f,-1.3211046762338365f,-1.2635313024803574f,0f,0f,0f,1f],start_interpolation:0}
execute if entity @s[tag=aj.chainsaw.bone.left_arm2] run data modify entity @s {} merge value {transformation:[-0.9988404206200836f,0.026953368753946435f,-0.0398914783921093f,-0.2631441753064112f,0.04814342868746059f,0.561889476894713f,-0.8258101634329773f,0.9832795646958483f,0.00015623607053323954f,-0.826773083540943f,-0.5625355490300065f,-2.2373392604119395f,0f,0f,0f,1f],start_interpolation:0}
execute if entity @s[tag=aj.chainsaw.bone.left_arm] run data modify entity @s {} merge value {transformation:[-0.9988404206200836f,0.03603208067350563f,0.031929661724364095f,-0.3749999999999997f,0.04814342868746059f,0.7454039491383088f,0.6648722906568063f,1.2587575168984588f,0.00015623607053323954f,0.6656385218505247f,-0.7462743019955455f,-2.164194388189935f,0f,0f,0f,1f],start_interpolation:0}
execute if entity @s[tag=aj.chainsaw.bone.head] run data modify entity @s {} merge value {transformation:[1f,0f,0f,2.7755575615628914e-16f,0f,0.9659258262890682f,-0.2588190451025207f,1.320748668692472f,0f,0.2588190451025207f,0.9659258262890682f,-1.9840662127168804f,0f,0f,0f,1f],start_interpolation:0}
execute if entity @s[tag=aj.chainsaw.bone.body_top] run data modify entity @s {} merge value {transformation:[1f,0f,0f,2.7755575615628914e-16f,0f,0.8660254037844386f,-0.4999999999999999f,0.9797511659523492f,0f,0.4999999999999999f,0.8660254037844386f,-2.1809412127168804f,0f,0f,0f,1f],start_interpolation:0}
execute if entity @s[tag=aj.chainsaw.locator_origin.player_camera] at @s on origin run tp @s ^0 ^-0.14634 ^-2.1428 ~-180 ~-17.5
execute if entity @s[tag=aj.chainsaw.bone.body] run data modify entity @s {} merge value {transformation:[1f,0f,0f,2.7755575615628914e-16f,0f,0.9537169507482269f,-0.30070579950427306f,0.5625f,0f,0.30070579950427306f,0.9537169507482269f,-2.3125f,0f,0f,0f,1f],start_interpolation:0}
execute if entity @s[tag=aj.chainsaw.bone.right_leg2] run data modify entity @s {} merge value {transformation:[0.991480294561584f,-0.058684556295759034f,0.11628821242260262f,0.17180730599353392f,0.06979723188409923f,0.9931306111375873f,-0.09391451241847354f,0.44588692086994963f,-0.10997805198034624f,0.10123098376412354f,0.9887654504526115f,-2.0141100751242327f,0f,0f,0f,1f],start_interpolation:0}
execute if entity @s[tag=aj.chainsaw.bone.right_leg] run data modify entity @s {} merge value {transformation:[0.991480294561584f,-0.1302464166776588f,0.0016420836471223305f,0.12500000000000028f,0.06979723188409923f,0.5418798723618793f,0.8375527149680733f,0.640625f,-0.10997805198034624f,-0.8303023996543084f,0.5463540548132733f,-2.3125f,0f,0f,0f,1f],start_interpolation:0}
execute if entity @s[tag=aj.chainsaw.bone.left_leg2] run data modify entity @s {} merge value {transformation:[0.9848077463102578f,0.15737869394612558f,-0.07338698453487875f,-0.1815579681368886f,-0.1604300601002887f,0.6628693876916496f,-0.7313455890873447f,0.40240631379831343f,-0.0664522281306545f,0.7320082797025654f,0.6780471811189559f,-2.5755654755181094f,0f,0f,0f,1f],start_interpolation:0}
execute if entity @s[tag=aj.chainsaw.bone.left_leg] run data modify entity @s {} merge value {transformation:[0.9848077463102578f,0.15737869394612558f,-0.07338698453487875f,-0.12499999999999972f,-0.1604300601002887f,0.6628693876916496f,-0.7313455890873447f,0.640625f,-0.0664522281306545f,0.7320082797025654f,0.6780471811189559f,-2.3125f,0f,0f,0f,1f],start_interpolation:0}