execute if entity @s[tag=aj.chainsaw.bone.right_arm2] run data modify entity @s {} merge value {transformation:[-0.2182419949980842f,0.9381813382117563f,-0.2686749118366916f,-0.040090059728320235f,0.9134580084851641f,0.29327892868090544f,0.2821027059886131f,1.1170746667532692f,0.3434601845244563f,-0.18385659254695835f,-0.9209950352870788f,0.6638424376609791f,0f,0f,0f,1f],start_interpolation:0}
execute if entity @s[tag=aj.chainsaw.bone.right_arm] run data modify entity @s {} merge value {transformation:[-0.23435768702973658f,0.7685970363525063f,-0.5952605061989378f,0.12499999999999996f,0.9053881707528352f,0.3955597922713586f,0.15428775388563531f,1.1603778872688293f,0.3540462325613798f,-0.5027832996912122f,-0.7885811427879248f,0.5746437083529801f,0f,0f,0f,1f],start_interpolation:0}
execute if entity @s[tag=aj.chainsaw.bone.bone0] run data modify entity @s {} merge value {transformation:[0.000009577018943224175f,-0.0000028342941187287395f,-4.974786524716332e-7f,-0.11706540944189857f,0.0000013109509636770768f,0.000005836251322686401f,-0.000008013711878354209f,0.6011186400332422f,0.00000256166268895018f,0.000007609530034567236f,0.0000059609510081076515f,0.45457469222038477f,0f,0f,0f,1f],start_interpolation:0}
execute if entity @s[tag=aj.chainsaw.bone.bone1] run data modify entity @s {} merge value {transformation:[0.000008978811313295693f,-0.000004173322170919672f,0.0000014015453820492593f,-0.1170655758658313f,0.0000013230381884199379f,-4.784540719501652e-7f,-0.000009900537947658035f,0.601119069553339f,0.000004198870961605724f,0.000009074936019540005f,1.2255157705878038e-7f,0.45457412810214987f,0f,0f,0f,1f],start_interpolation:0}
execute if entity @s[tag=aj.chainsaw.bone.bone2] run data modify entity @s {} merge value {transformation:[0.000009681622096945278f,-0.000002131617440573714f,0.0000013124026283815855f,-0.11706505726310276f,0.0000013016641364574153f,-1.9127600729111286e-7f,-0.00000991307641274369f,0.6011191452164015f,0.000002138191770585956f,0.000009768296708028308f,9.227879562368592e-8f,0.45457432328777203f,0f,0f,0f,1f],start_interpolation:0}
execute if entity @s[tag=aj.chainsaw.bone.bone3] run data modify entity @s {} merge value {transformation:[0.000008978811313295693f,-0.000004173322170919672f,0.0000014015453820492593f,-0.1170652514999634f,0.0000013230381884199379f,-4.784540719501652e-7f,-0.000009900537947658035f,0.6011191558218589f,0.000004198870961605724f,0.000009074936019540005f,1.2255157705878038e-7f,0.45457494973305385f,0f,0f,0f,1f],start_interpolation:0}
execute if entity @s[tag=aj.chainsaw.bone.bone4] run data modify entity @s {} merge value {transformation:[0.000009577018943224175f,-0.0000028342941187287395f,-4.974786524716332e-7f,-0.11706547079574237f,0.0000013109509636770768f,0.000005836251322686401f,-0.000008013711878354209f,0.6011196039279854f,0.00000256166268895018f,0.000007609530034567236f,0.0000059609510081076515f,0.45457442831685796f,0f,0f,0f,1f],start_interpolation:0}
execute if entity @s[tag=aj.chainsaw.locator_origin.flail0] at @s on origin run tp @s ^-0.11707 ^0.60112 ^0.45457 ~113.04757 ~-82.39261
execute if entity @s[tag=aj.chainsaw.locator_origin.flail1] at @s on origin run tp @s ^-0.11707 ^0.60112 ^0.45458 ~113.04757 ~-82.39261
execute if entity @s[tag=aj.chainsaw.locator_origin.flail2] at @s on origin run tp @s ^-0.11707 ^0.60112 ^0.45458 ~113.04757 ~-82.39261
execute if entity @s[tag=aj.chainsaw.locator_origin.flail3] at @s on origin run tp @s ^-0.11707 ^0.60112 ^0.45458 ~113.04757 ~-82.39261
execute if entity @s[tag=aj.chainsaw.locator_origin.flail4] at @s on origin run tp @s ^-0.11707 ^0.60113 ^0.45458 ~113.04757 ~-82.39261
execute if entity @s[tag=aj.chainsaw.bone.flail_body] run data modify entity @s {} merge value {transformation:[0.000004928505336499567f,-0.000008615444740112108f,0.0000012181736650288878f,-0.11707232961975204f,0.0000010573027329765102f,-7.966618994616901e-7f,-0.000009911984702812371f,0.6011186471561847f,0.000008636662901777264f,0.0000050139247848387884f,5.182780846645824e-7f,0.45457860002774714f,0f,0f,0f,1f],start_interpolation:0}
execute if entity @s[tag=aj.chainsaw.bone.flail] run data modify entity @s {} merge value {transformation:[-0.0000013347037964753815f,-0.00000991023644324877f,-7.602246101085692e-8f,-0.11706979279120402f,3.5383737149639184e-7f,2.9008114500097524e-8f,-0.000009993695895104354f,0.6011209180067741f,0.000009904209453066242f,-0.0000013365523439795f,3.467894773435037e-7f,0.4545788607656589f,0f,0f,0f,1f],start_interpolation:0}
execute if entity @s[tag=aj.chainsaw.locator_origin.shunter0] at @s on origin run tp @s ^-0.35399 ^0.91182 ^0.2145 ~-0.12626 ~-2.43208
execute if entity @s[tag=aj.chainsaw.locator_origin.shunter1] at @s on origin run tp @s ^-0.35316 ^0.92773 ^0.58916 ~-0.12626 ~-2.43208
execute if entity @s[tag=aj.chainsaw.locator_origin.shunter2] at @s on origin run tp @s ^-0.35178 ^0.95425 ^1.2136 ~-0.12626 ~-2.43208
execute if entity @s[tag=aj.chainsaw.locator_origin.shunter3] at @s on origin run tp @s ^-0.35068 ^0.97547 ^1.71315 ~-0.12626 ~-2.43208
execute if entity @s[tag=aj.chainsaw.locator_origin.shunter4] at @s on origin run tp @s ^-0.34972 ^0.99403 ^2.15025 ~-0.12626 ~-2.43208
execute if entity @s[tag=aj.chainsaw.locator_origin.shunter5] at @s on origin run tp @s ^-0.34848 ^1.0179 ^2.71225 ~-0.12626 ~-2.43208
execute if entity @s[tag=aj.chainsaw.locator_origin.shunter6] at @s on origin run tp @s ^-0.34724 ^1.04177 ^3.27424 ~-0.12626 ~-2.43208
execute if entity @s[tag=aj.chainsaw.locator_origin.shunter7] at @s on origin run tp @s ^-0.34587 ^1.0683 ^3.89867 ~-0.12626 ~-2.43208
execute if entity @s[tag=aj.chainsaw.locator_origin.shunter8] at @s on origin run tp @s ^-0.34449 ^1.09482 ^4.52311 ~-0.12626 ~-2.43208
execute if entity @s[tag=aj.chainsaw.locator_origin.shunter9] at @s on origin run tp @s ^-0.34312 ^1.12134 ^5.14754 ~-0.12626 ~-2.43208
execute if entity @s[tag=aj.chainsaw.locator_origin.shunter10] at @s on origin run tp @s ^-0.34174 ^1.14786 ^5.77198 ~-0.12626 ~-2.43208
execute if entity @s[tag=aj.chainsaw.locator_origin.shunter11] at @s on origin run tp @s ^-0.34036 ^1.17438 ^6.39642 ~-0.12626 ~-2.43208
execute if entity @s[tag=aj.chainsaw.locator_origin.shunter12] at @s on origin run tp @s ^-0.33899 ^1.20091 ^7.02085 ~-0.12626 ~-2.43208
execute if entity @s[tag=aj.chainsaw.locator_origin.shunter13] at @s on origin run tp @s ^-0.33761 ^1.22743 ^7.64529 ~-0.12626 ~-2.43208
execute if entity @s[tag=aj.chainsaw.locator_origin.shunter14] at @s on origin run tp @s ^-0.33624 ^1.25395 ^8.26972 ~-0.12626 ~-2.43208
execute if entity @s[tag=aj.chainsaw.locator_origin.shunter15] at @s on origin run tp @s ^-0.33486 ^1.28047 ^8.89416 ~-0.12626 ~-2.43208
execute if entity @s[tag=aj.chainsaw.locator_origin.shunter16] at @s on origin run tp @s ^-0.33348 ^1.30699 ^9.51859 ~-0.12626 ~-2.43208
execute if entity @s[tag=aj.chainsaw.locator_origin.shunter17] at @s on origin run tp @s ^-0.33211 ^1.33352 ^10.14303 ~-0.12626 ~-2.43208
execute if entity @s[tag=aj.chainsaw.locator_origin.shunter18] at @s on origin run tp @s ^-0.33073 ^1.36004 ^10.76746 ~-0.12626 ~-2.43208
execute if entity @s[tag=aj.chainsaw.locator_origin.shunter19] at @s on origin run tp @s ^-0.32936 ^1.38656 ^11.3919 ~-0.12626 ~-2.43208
execute if entity @s[tag=aj.chainsaw.locator_origin.shunter20] at @s on origin run tp @s ^-0.32798 ^1.41308 ^12.01633 ~-0.12626 ~-2.43208
execute if entity @s[tag=aj.chainsaw.locator_origin.shunter21] at @s on origin run tp @s ^-0.3266 ^1.4396 ^12.64077 ~-0.12626 ~-2.43208
execute if entity @s[tag=aj.chainsaw.locator_origin.shunter22] at @s on origin run tp @s ^-0.32523 ^1.46612 ^13.26521 ~-0.12626 ~-2.43208
execute if entity @s[tag=aj.chainsaw.locator_origin.shunter23] at @s on origin run tp @s ^-0.32385 ^1.49265 ^13.88964 ~-0.12626 ~-2.43208
execute if entity @s[tag=aj.chainsaw.locator_origin.shunter24] at @s on origin run tp @s ^-0.32248 ^1.51917 ^14.51408 ~-0.12626 ~-2.43208
execute if entity @s[tag=aj.chainsaw.locator_origin.shunter25] at @s on origin run tp @s ^-0.3211 ^1.54569 ^15.13851 ~-0.12626 ~-2.43208
execute if entity @s[tag=aj.chainsaw.locator_origin.shunter26] at @s on origin run tp @s ^-0.31972 ^1.57221 ^15.76295 ~-0.12626 ~-2.43208
execute if entity @s[tag=aj.chainsaw.locator_origin.shunter27] at @s on origin run tp @s ^-0.31835 ^1.59873 ^16.38738 ~-0.12626 ~-2.43208
execute if entity @s[tag=aj.chainsaw.locator_origin.shunter28] at @s on origin run tp @s ^-0.31697 ^1.62526 ^17.01182 ~-0.12626 ~-2.43208
execute if entity @s[tag=aj.chainsaw.locator_origin.shunter29] at @s on origin run tp @s ^-0.3156 ^1.65178 ^17.63625 ~-0.12626 ~-2.43208
execute if entity @s[tag=aj.chainsaw.locator_origin.shunter30] at @s on origin run tp @s ^-0.31422 ^1.6783 ^18.26069 ~-0.12626 ~-2.43208
execute if entity @s[tag=aj.chainsaw.locator_origin.shunter31] at @s on origin run tp @s ^-0.31284 ^1.70482 ^18.88513 ~-0.12626 ~-2.43208
execute if entity @s[tag=aj.chainsaw.locator_origin.shunter32] at @s on origin run tp @s ^-0.31147 ^1.73134 ^19.50956 ~-0.12626 ~-2.43208
execute if entity @s[tag=aj.chainsaw.bone.serpent_hunter] run data modify entity @s {} merge value {transformation:[-1.4982606309301252f,0.07213997360752512f,-0.003302425285731797f,-0.35775248444981417f,0.07221514303119086f,1.4969079204262294f,-0.0636525795408529f,0.9598573213228477f,0.0002343541057998541f,-0.06373775939837809f,-1.4986452025429589f,1.338488553482978f,0f,0f,0f,1f],start_interpolation:0}
execute if entity @s[tag=aj.chainsaw.bone.left_arm2] run data modify entity @s {} merge value {transformation:[-0.9988404206200834f,0.035426445235473614f,-0.032600323824654366f,-0.2619916039585669f,0.04814342868746058f,0.7371886032332341f,-0.6739697126260557f,1.0027580428387821f,0.00015623607053323607f,-0.6747576826098466f,-0.7380393250696597f,0.27887615059173576f,0f,0f,0f,1f],start_interpolation:0}
execute if entity @s[tag=aj.chainsaw.bone.left_arm] run data modify entity @s {} merge value {transformation:[-0.9988404206200834f,0.02769734453459724f,0.039378563219423776f,-0.37500000000000006f,0.04814342868746058f,0.5719813869766346f,0.818852552799648f,1.2541278872688293f,0.00015623607053323607f,0.8197988473143987f,-0.5726515742860337f,0.41226394514339787f,0f,0f,0f,1f],start_interpolation:0}
execute if entity @s[tag=aj.chainsaw.bone.head] run data modify entity @s {} merge value {transformation:[1f,0f,0f,-4.163336342344337e-17f,0f,0.9659258262890682f,-0.2588190451025207f,1.3161190390628423f,0f,0.2588190451025207f,0.9659258262890682f,0.5923921206164526f,0f,0f,0f,1f],start_interpolation:0}
execute if entity @s[tag=aj.chainsaw.bone.body_top] run data modify entity @s {} merge value {transformation:[1f,0f,0f,-4.163336342344337e-17f,0f,0.8660254037844386f,-0.4999999999999999f,0.9751215363227197f,0f,0.4999999999999999f,0.8660254037844386f,0.3955171206164527f,0f,0f,0f,1f],start_interpolation:0}
execute if entity @s[tag=aj.chainsaw.locator_origin.player_camera] at @s on origin run tp @s ^0 ^-0.15097 ^0.43366 ~-180 ~-17.5
execute if entity @s[tag=aj.chainsaw.bone.body] run data modify entity @s {} merge value {transformation:[1f,0f,0f,-4.163336342344337e-17f,0f,0.9537169507482269f,-0.30070579950427306f,0.5578703703703705f,0f,0.30070579950427306f,0.9537169507482269f,0.26395833333333324f,0f,0f,0f,1f],start_interpolation:0}
execute if entity @s[tag=aj.chainsaw.bone.right_leg2] run data modify entity @s {} merge value {transformation:[0.991480294561584f,0.044313194511847065f,0.1224874127746589f,0.10731001026044978f,0.06979723188409924f,0.6132166363102524f,-0.7868250780025108f,0.4272214022077411f,-0.10997805198034624f,0.788670842458687f,0.6048992728860841f,-0.028019208792159744f,0f,0f,0f,1f],start_interpolation:0}
execute if entity @s[tag=aj.chainsaw.bone.right_leg] run data modify entity @s {} merge value {transformation:[0.991480294561584f,0.04922431927527004f,0.12059764462028577f,0.12499999999999996f,0.06979723188409924f,0.5809362592351426f,-0.8109509289267733f,0.6359953703703705f,-0.10997805198034624f,0.8124592476535457f,0.5725511322011709f,0.26395833333333324f,0f,0f,0f,1f],start_interpolation:0}
execute if entity @s[tag=aj.chainsaw.bone.left_leg2] run data modify entity @s {} merge value {transformation:[0.9789902503715124f,0.15354449951618332f,0.13417218916693618f,-0.11456719617113144f,-0.15703650819326442f,0.9874667351929599f,0.01577916289996073f,0.4476690674461509f,-0.13006776992010788f,-0.03651757872150724f,0.9908323983763996f,0.5698582366614701f,0f,0f,0f,1f],start_interpolation:0}
execute if entity @s[tag=aj.chainsaw.bone.left_leg] run data modify entity @s {} merge value {transformation:[0.9789902503715124f,-0.029030410654243097f,0.2018299406301487f,-0.12500000000000006f,-0.15703650819326442f,0.5240384081369587f,0.8370921585415486f,0.6359953703703705f,-0.13006776992010788f,-0.8511997310000329f,0.5084696580657311f,0.26395833333333324f,0f,0f,0f,1f],start_interpolation:0}