execute if entity @s[tag=aj.chainsaw.bone.right_arm2] run data modify entity @s {} merge value {transformation:[-0.2521414633324113f,0.9304441573103421f,-0.2658916181372354f,-0.03972475816936394f,0.8952439881004217f,0.3285996330455074f,0.30093268837467596f,1.1137703389110358f,0.36737294979168295f,-0.1621602642123059f,-0.9158281304218345f,-0.693223977340294f,0f,0f,0f,1f],start_interpolation:0}
execute if entity @s[tag=aj.chainsaw.bone.right_arm] run data modify entity @s {} merge value {transformation:[-0.2681208186256079f,0.7617211984653445f,-0.5898237384406066f,0.1250000000000001f,0.8863468388067399f,0.4349430474131394f,0.15878862315755052f,1.1650075168984588f,0.3774923945681993f,-0.4802138703905696f,-0.7917664622397668f,-0.7788207978198594f,0f,0f,0f,1f],start_interpolation:0}
execute if entity @s[tag=aj.chainsaw.bone.bone0] run data modify entity @s {} merge value {transformation:[0.00000956790081971207f,-0.0000028614125299926966f,-5.172931831698818e-7f,-0.11713946684767554f,0.0000011213822713577924f,0.00000527235061040161f,-0.000008422874856157024f,0.60436214598493f,0.0000026828670682010464f,0.000008000914783585595f,0.0000053654065009245845f,-0.9452221613477942f,0f,0f,0f,1f],start_interpolation:0}
execute if entity @s[tag=aj.chainsaw.bone.bone1] run data modify entity @s {} merge value {transformation:[0.000008964000739010176f,-0.000004204807477850498f,0.0000014022427839848877f,-0.1171396313575486f,0.000001015384992751869f,-0.0000011314493498207627f,-0.000009883765258507736f,0.6043626151128859f,0.000004314589675452283f,0.000009002189536051922f,-5.872814397525618e-7f,-0.9452226935782749f,0f,0f,0f,1f],start_interpolation:0}
execute if entity @s[tag=aj.chainsaw.bone.bone2] run data modify entity @s {} merge value {transformation:[0.000009673977358176506f,-0.0000021655596635834117f,0.0000013132073015898645f,-0.11713911344552587f,0.0000011426614274438667f,-8.953297759848355e-7f,-0.00000989407446174057f,0.6043626764238349f,0.0000022601962161990237f,0.000009721560365275497f,-6.186898484573412e-7f,-0.9452224916396198f,0f,0f,0f,1f],start_interpolation:0}
execute if entity @s[tag=aj.chainsaw.bone.bone3] run data modify entity @s {} merge value {transformation:[0.000008964000739010176f,-0.000004204807477850498f,0.0000014022427839848877f,-0.11713930986138368f,0.000001015384992751869f,-0.0000011314493498207627f,-0.000009883765258507736f,0.6043626418262641f,0.000004314589675452283f,0.000009002189536051922f,-5.872814397525618e-7f,-0.9452218667412732f,0f,0f,0f,1f],start_interpolation:0}
execute if entity @s[tag=aj.chainsaw.bone.bone4] run data modify entity @s {} merge value {transformation:[0.00000956790081971207f,-0.0000028614125299926966f,-5.172931831698818e-7f,-0.11713952739343841f,0.0000011213822713577924f,0.00000527235061040161f,-0.000008422874856157024f,0.6043631264178199f,0.0000026828670682010464f,0.000008000914783585595f,0.0000053654065009245845f,-0.9452223552240443f,0f,0f,0f,1f],start_interpolation:0}
execute if entity @s[tag=aj.chainsaw.locator_origin.flail0] at @s on origin run tp @s ^-0.11714 ^0.60436 ^-0.94522 ~80.944 ~-82.91819
execute if entity @s[tag=aj.chainsaw.locator_origin.flail1] at @s on origin run tp @s ^-0.11714 ^0.60436 ^-0.94522 ~80.944 ~-82.91819
execute if entity @s[tag=aj.chainsaw.locator_origin.flail2] at @s on origin run tp @s ^-0.11715 ^0.60436 ^-0.94522 ~80.944 ~-82.91819
execute if entity @s[tag=aj.chainsaw.locator_origin.flail3] at @s on origin run tp @s ^-0.11715 ^0.60437 ^-0.94522 ~80.944 ~-82.91819
execute if entity @s[tag=aj.chainsaw.locator_origin.flail4] at @s on origin run tp @s ^-0.11715 ^0.60437 ^-0.94522 ~80.944 ~-82.91819
execute if entity @s[tag=aj.chainsaw.bone.flail_body] run data modify entity @s {} merge value {transformation:[0.000004898313734199368f,-0.000008632741368478094f,0.0000012174970333930728f,-0.11714640057693786f,4.3068212924585373e-7f,-0.0000011551918875130822f,-0.000009923711231518793f,0.6043618720639039f,0.000008707527517320985f,0.000004913380523426922f,-1.9405248544360657e-7f,-0.9452182873012754f,0f,0f,0f,1f],start_interpolation:0}
execute if entity @s[tag=aj.chainsaw.bone.flail] run data modify entity @s {} merge value {transformation:[-0.0000013691859254422093f,-0.000009905530824236332f,-7.608542353800873e-8f,-0.11714386493035486f,-3.6155341019988817e-7f,1.2673015680699593e-7f,-0.000009992658234870664f,0.6043641178338839f,0.000009899222647922605f,-0.0000013654298068592448f,-3.754895596371932e-7f,-0.9452178545665486f,0f,0f,0f,1f],start_interpolation:0}
execute if entity @s[tag=aj.chainsaw.locator_origin.shunter0] at @s on origin run tp @s ^-0.35587 ^0.87747 ^-1.17424 ~-0.2281 ~-4.53697
execute if entity @s[tag=aj.chainsaw.locator_origin.shunter1] at @s on origin run tp @s ^-0.35438 ^0.90713 ^-0.80042 ~-0.2281 ~-4.53697
execute if entity @s[tag=aj.chainsaw.locator_origin.shunter2] at @s on origin run tp @s ^-0.3519 ^0.95657 ^-0.17738 ~-0.2281 ~-4.53697
execute if entity @s[tag=aj.chainsaw.locator_origin.shunter3] at @s on origin run tp @s ^-0.34992 ^0.99612 ^0.32105 ~-0.2281 ~-4.53697
execute if entity @s[tag=aj.chainsaw.locator_origin.shunter4] at @s on origin run tp @s ^-0.34818 ^1.03073 ^0.75717 ~-0.2281 ~-4.53697
execute if entity @s[tag=aj.chainsaw.locator_origin.shunter5] at @s on origin run tp @s ^-0.34595 ^1.07522 ^1.31791 ~-0.2281 ~-4.53697
execute if entity @s[tag=aj.chainsaw.locator_origin.shunter6] at @s on origin run tp @s ^-0.34372 ^1.11972 ^1.87864 ~-0.2281 ~-4.53697
execute if entity @s[tag=aj.chainsaw.locator_origin.shunter7] at @s on origin run tp @s ^-0.34124 ^1.16916 ^2.50168 ~-0.2281 ~-4.53697
execute if entity @s[tag=aj.chainsaw.locator_origin.shunter8] at @s on origin run tp @s ^-0.33876 ^1.2186 ^3.12471 ~-0.2281 ~-4.53697
execute if entity @s[tag=aj.chainsaw.locator_origin.shunter9] at @s on origin run tp @s ^-0.33628 ^1.26803 ^3.74775 ~-0.2281 ~-4.53697
execute if entity @s[tag=aj.chainsaw.locator_origin.shunter10] at @s on origin run tp @s ^-0.3338 ^1.31747 ^4.37079 ~-0.2281 ~-4.53697
execute if entity @s[tag=aj.chainsaw.locator_origin.shunter11] at @s on origin run tp @s ^-0.33132 ^1.36691 ^4.99382 ~-0.2281 ~-4.53697
execute if entity @s[tag=aj.chainsaw.locator_origin.shunter12] at @s on origin run tp @s ^-0.32883 ^1.41635 ^5.61686 ~-0.2281 ~-4.53697
execute if entity @s[tag=aj.chainsaw.locator_origin.shunter13] at @s on origin run tp @s ^-0.32635 ^1.46579 ^6.2399 ~-0.2281 ~-4.53697
execute if entity @s[tag=aj.chainsaw.locator_origin.shunter14] at @s on origin run tp @s ^-0.32387 ^1.51523 ^6.86293 ~-0.2281 ~-4.53697
execute if entity @s[tag=aj.chainsaw.locator_origin.shunter15] at @s on origin run tp @s ^-0.32139 ^1.56467 ^7.48597 ~-0.2281 ~-4.53697
execute if entity @s[tag=aj.chainsaw.locator_origin.shunter16] at @s on origin run tp @s ^-0.31891 ^1.61411 ^8.10901 ~-0.2281 ~-4.53697
execute if entity @s[tag=aj.chainsaw.locator_origin.shunter17] at @s on origin run tp @s ^-0.31643 ^1.66355 ^8.73204 ~-0.2281 ~-4.53697
execute if entity @s[tag=aj.chainsaw.locator_origin.shunter18] at @s on origin run tp @s ^-0.31395 ^1.71298 ^9.35508 ~-0.2281 ~-4.53697
execute if entity @s[tag=aj.chainsaw.locator_origin.shunter19] at @s on origin run tp @s ^-0.31147 ^1.76242 ^9.97812 ~-0.2281 ~-4.53697
execute if entity @s[tag=aj.chainsaw.locator_origin.shunter20] at @s on origin run tp @s ^-0.30899 ^1.81186 ^10.60115 ~-0.2281 ~-4.53697
execute if entity @s[tag=aj.chainsaw.locator_origin.shunter21] at @s on origin run tp @s ^-0.30651 ^1.8613 ^11.22419 ~-0.2281 ~-4.53697
execute if entity @s[tag=aj.chainsaw.locator_origin.shunter22] at @s on origin run tp @s ^-0.30403 ^1.91074 ^11.84723 ~-0.2281 ~-4.53697
execute if entity @s[tag=aj.chainsaw.locator_origin.shunter23] at @s on origin run tp @s ^-0.30155 ^1.96018 ^12.47026 ~-0.2281 ~-4.53697
execute if entity @s[tag=aj.chainsaw.locator_origin.shunter24] at @s on origin run tp @s ^-0.29907 ^2.00962 ^13.0933 ~-0.2281 ~-4.53697
execute if entity @s[tag=aj.chainsaw.locator_origin.shunter25] at @s on origin run tp @s ^-0.29659 ^2.05906 ^13.71634 ~-0.2281 ~-4.53697
execute if entity @s[tag=aj.chainsaw.locator_origin.shunter26] at @s on origin run tp @s ^-0.29411 ^2.1085 ^14.33937 ~-0.2281 ~-4.53697
execute if entity @s[tag=aj.chainsaw.locator_origin.shunter27] at @s on origin run tp @s ^-0.29163 ^2.15793 ^14.96241 ~-0.2281 ~-4.53697
execute if entity @s[tag=aj.chainsaw.locator_origin.shunter28] at @s on origin run tp @s ^-0.28915 ^2.20737 ^15.58545 ~-0.2281 ~-4.53697
execute if entity @s[tag=aj.chainsaw.locator_origin.shunter29] at @s on origin run tp @s ^-0.28667 ^2.25681 ^16.20848 ~-0.2281 ~-4.53697
execute if entity @s[tag=aj.chainsaw.locator_origin.shunter30] at @s on origin run tp @s ^-0.28419 ^2.30625 ^16.83152 ~-0.2281 ~-4.53697
execute if entity @s[tag=aj.chainsaw.locator_origin.shunter31] at @s on origin run tp @s ^-0.28171 ^2.35569 ^17.45456 ~-0.2281 ~-4.53697
execute if entity @s[tag=aj.chainsaw.locator_origin.shunter32] at @s on origin run tp @s ^-0.27923 ^2.40513 ^18.07759 ~-0.2281 ~-4.53697
execute if entity @s[tag=aj.chainsaw.bone.serpent_hunter] run data modify entity @s {} merge value {transformation:[-1.4982606309301256f,0.07196974894578737f,-0.0059529019429686286f,-0.35764893770142336f,0.07221514303119089f,1.4935549355157385f,-0.11865339318183185f,0.9667579126050418f,0.0002343541057998489f,-0.11880239826391628f,-1.4952879104857681f,-0.05277261920722687f,0f,0f,0f,1f],start_interpolation:0}
execute if entity @s[tag=aj.chainsaw.bone.left_arm2] run data modify entity @s {} merge value {transformation:[-0.9988404206200838f,0.037688936089244944f,-0.029955938175179032f,-0.26149958140629326f,0.04814342868746059f,0.7839501665914849f,-0.6189542362528899f,1.017652208624668f,0.0001562360705332326f,-0.6196786912567221f,-0.7848555887503421f,-1.0919847952890407f,0f,0f,0f,1f],start_interpolation:0}
execute if entity @s[tag=aj.chainsaw.bone.left_arm] run data modify entity @s {} merge value {transformation:[-0.9988404206200838f,0.024780267654858808f,0.04127653656071325f,-0.3749999999999999f,0.04814342868746059f,0.511332966823018f,0.8580331038568301f,1.2587575168984588f,0.0001562360705332326f,0.8590253403566881f,-0.5119330427071167f,-0.9412005610294416f,0f,0f,0f,1f],start_interpolation:0}
execute if entity @s[tag=aj.chainsaw.bone.head] run data modify entity @s {} merge value {transformation:[1f,0f,0f,1.249000902703301e-16f,0f,0.9659258262890682f,-0.2588190451025207f,1.320748668692472f,0f,0.2588190451025207f,0.9659258262890682f,-0.7610723855563868f,0f,0f,0f,1f],start_interpolation:0}
execute if entity @s[tag=aj.chainsaw.bone.body_top] run data modify entity @s {} merge value {transformation:[1f,0f,0f,1.249000902703301e-16f,0f,0.8660254037844386f,-0.4999999999999999f,0.9797511659523492f,0f,0.4999999999999999f,0.8660254037844386f,-0.9579473855563867f,0f,0f,0f,1f],start_interpolation:0}
execute if entity @s[tag=aj.chainsaw.locator_origin.player_camera] at @s on origin run tp @s ^0 ^-0.14634 ^-0.9198 ~-180 ~-17.5
execute if entity @s[tag=aj.chainsaw.bone.body] run data modify entity @s {} merge value {transformation:[1f,0f,0f,1.249000902703301e-16f,0f,0.9537169507482269f,-0.30070579950427306f,0.5625f,0f,0.30070579950427306f,0.9537169507482269f,-1.0895061728395061f,0f,0f,0f,1f],start_interpolation:0}
execute if entity @s[tag=aj.chainsaw.bone.right_leg2] run data modify entity @s {} merge value {transformation:[0.991480294561584f,0.02347540801181685f,0.12812388815031014f,0.12541290162529703f,0.06979723188409924f,0.7347430332312153f,-0.6747451530315063f,0.33552614599694885f,-0.10997805198034623f,0.6779392158127984f,0.7268447205185824f,-1.2794138067652456f,0f,0f,0f,1f],start_interpolation:0}
execute if entity @s[tag=aj.chainsaw.bone.right_leg] run data modify entity @s {} merge value {transformation:[0.991480294561584f,-0.0011489436530001257f,0.13025170027510846f,0.1250000000000001f,0.06979723188409924f,0.8489707241824032f,-0.5238101334477249f,0.640625f,-0.10997805198034623f,0.5284386335324928f,0.8418179367731006f,-1.0895061728395061f,0f,0f,0f,1f],start_interpolation:0}
execute if entity @s[tag=aj.chainsaw.bone.left_leg2] run data modify entity @s {} merge value {transformation:[0.9805016659498605f,0.1733124480879584f,0.09262439423449348f,-0.14501015319551575f,-0.15777779161049577f,0.9752841135604917f,-0.15468376227335834f,0.3550118603269071f,-0.117143721744117f,0.13705361423284174f,0.9836125534384218f,-0.872307832974372f,0f,0f,0f,1f],start_interpolation:0}
execute if entity @s[tag=aj.chainsaw.bone.left_leg] run data modify entity @s {} merge value {transformation:[0.9805016659498605f,0.055680426283174586f,0.18845735113938142f,-0.12499999999999988f,-0.15777779161049577f,0.7947496060468671f,0.5860710129010516f,0.640625f,-0.117143721744117f,-0.6043779891899386f,0.7880384474368388f,-1.0895061728395061f,0f,0f,0f,1f],start_interpolation:0}