execute if entity @s[tag=aj.chainsaw.bone.right_arm2] run data modify entity @s {} merge value {transformation:[-0.3652678115846336f,0.8971753756168458f,-0.2483058017987996f,0.06082875262341375f,0.7513320722696877f,0.441611850859736f,0.490386674328713f,1.1263937319477888f,0.5496176334499374f,-0.007437645259763315f,-0.8353832284849154f,-3.142343390999426f,0f,0f,0f,1f],start_interpolation:0}
execute if entity @s[tag=aj.chainsaw.bone.right_arm] run data modify entity @s {} merge value {transformation:[-0.3832530455910872f,0.8564880433579176f,-0.345753285783494f,0.24560546875000042f,0.7408635294350253f,0.5086049673797572f,0.4386823656242791f,1.1923497088852086f,0.5515780396265191f,-0.08802964694670876f,-0.8294651574720932f,-3.1588641967543616f,0f,0f,0f,1f],start_interpolation:0}
execute if entity @s[tag=aj.chainsaw.bone.bone0] run data modify entity @s {} merge value {transformation:[0.000009547486227335211f,-0.000002780604156396889f,0.0000010553422498284521f,-0.03800077871003761f,-0.000001505308194262712f,-0.000007578174779230889f,-0.000006348646647570994f,1.2771688838109956f,0.0000025650641276837866f,0.000005902500109348344f,-0.000007653818555467107f,-3.9144879703638957f,0f,0f,0f,1f],start_interpolation:0}
execute if entity @s[tag=aj.chainsaw.bone.bone1] run data modify entity @s {} merge value {transformation:[0.0000091120260974888f,-0.000003194491960484961f,0.000002601192325277036f,-0.03800104948805105f,-0.000003192719440896867f,-0.000009466348524776273f,-4.4134813830503884e-7f,1.277169447424116f,0.0000026033676210636093f,-4.283301552110129e-7f,-0.000009645673139171497f,-3.914487596956157f,0f,0f,0f,1f],start_interpolation:0}
execute if entity @s[tag=aj.chainsaw.bone.bone2] run data modify entity @s {} merge value {transformation:[0.000009611348990345415f,-0.000001145900556177426f,0.000002511748892930696f,-0.03800052763835619f,-0.00000107426326546639f,-0.000009933214357115682f,-4.2096433585333295e-7f,1.2771693100171637f,0.0000025432123431313816f,1.347755576624027e-7f,-0.000009670258865552721f,-3.9144874501115394f,0f,0f,0f,1f],start_interpolation:0}
execute if entity @s[tag=aj.chainsaw.bone.bone3] run data modify entity @s {} merge value {transformation:[0.0000091120260974888f,-0.000003194491960484961f,0.000002601192325277036f,-0.038000660749361724f,-0.000003192719440896867f,-0.000009466348524776273f,-4.4134813830503884e-7f,1.277168668184318f,0.0000026033676210636093f,-4.283301552110129e-7f,-0.000009645673139171497f,-3.914487425490753f,0f,0f,0f,1f],start_interpolation:0}
execute if entity @s[tag=aj.chainsaw.bone.bone4] run data modify entity @s {} merge value {transformation:[0.000009547486227335211f,-0.000002780604156396889f,0.0000010553422498284521f,-0.038000981927787565f,-0.000001505308194262712f,-0.000007578174779230889f,-0.000006348646647570994f,1.2771691848309097f,0.0000025650641276837866f,0.000005902500109348344f,-0.000007653818555467107f,-3.9144870373087f,0f,0f,0f,1f],start_interpolation:0}
execute if entity @s[tag=aj.chainsaw.locator_origin.flail0] at @s on origin run tp @s ^-0.038 ^1.27717 ^-3.91449 ~14.29053 ~-4.89813
execute if entity @s[tag=aj.chainsaw.locator_origin.flail1] at @s on origin run tp @s ^-0.038 ^1.27717 ^-3.91449 ~14.29053 ~-4.89813
execute if entity @s[tag=aj.chainsaw.locator_origin.flail2] at @s on origin run tp @s ^-0.03801 ^1.27716 ^-3.91449 ~14.29053 ~-4.89813
execute if entity @s[tag=aj.chainsaw.locator_origin.flail3] at @s on origin run tp @s ^-0.03801 ^1.27716 ^-3.91448 ~14.29053 ~-4.89813
execute if entity @s[tag=aj.chainsaw.locator_origin.flail4] at @s on origin run tp @s ^-0.03801 ^1.27717 ^-3.91448 ~14.29053 ~-4.89813
execute if entity @s[tag=aj.chainsaw.bone.flail_body] run data modify entity @s {} merge value {transformation:[0.000005568514052316764f,-0.000007933670456951025f,0.000002459374784300555f,-0.03800724146614437f,-0.000008028787149630841f,-0.0000058999598857531625f,-8.538443959096061e-7f,1.2771642938034993f,0.0000021284332630067342f,-0.0000014991152147203883f,-0.000009655176094609584f,-3.9144885400000344f,0f,0f,0f,1f],start_interpolation:0}
execute if entity @s[tag=aj.chainsaw.bone.flail] run data modify entity @s {} merge value {transformation:[-4.1191282576659866e-7f,-0.000009922264595933592f,0.0000011743053743604739f,-0.038004986612204444f,-0.00000996133315044534f,3.1654191280835504e-7f,-8.195383354513917e-7f,1.2771644001555362f,7.759959341438479e-7f,-0.0000012035225405942976f,-0.000009896937092074178f,-3.914485977858607f,0f,0f,0f,1f],start_interpolation:0}
execute if entity @s[tag=aj.chainsaw.locator_origin.shunter0] at @s on origin run tp @s ^-0.24843 ^1.52052 ^-3.9805 ~0.00645 ~34.3934
execute if entity @s[tag=aj.chainsaw.locator_origin.shunter1] at @s on origin run tp @s ^-0.24846 ^1.30869 ^-3.67106 ~0.00645 ~34.3934
execute if entity @s[tag=aj.chainsaw.locator_origin.shunter2] at @s on origin run tp @s ^-0.24852 ^0.95565 ^-3.15532 ~0.00645 ~34.3934
execute if entity @s[tag=aj.chainsaw.locator_origin.shunter3] at @s on origin run tp @s ^-0.24857 ^0.67321 ^-2.74273 ~0.00645 ~34.3934
execute if entity @s[tag=aj.chainsaw.locator_origin.shunter4] at @s on origin run tp @s ^-0.24861 ^0.42608 ^-2.38171 ~0.00645 ~34.3934
execute if entity @s[tag=aj.chainsaw.locator_origin.shunter5] at @s on origin run tp @s ^-0.24866 ^0.10834 ^-1.91755 ~0.00645 ~34.3934
execute if entity @s[tag=aj.chainsaw.locator_origin.shunter6] at @s on origin run tp @s ^-0.24871 ^-0.2094 ^-1.45339 ~0.00645 ~34.3934
execute if entity @s[tag=aj.chainsaw.locator_origin.shunter7] at @s on origin run tp @s ^-0.24877 ^-0.56245 ^-0.93765 ~0.00645 ~34.3934
execute if entity @s[tag=aj.chainsaw.locator_origin.shunter8] at @s on origin run tp @s ^-0.24883 ^-0.91549 ^-0.42192 ~0.00645 ~34.3934
execute if entity @s[tag=aj.chainsaw.locator_origin.shunter9] at @s on origin run tp @s ^-0.24889 ^-1.26854 ^0.09382 ~0.00645 ~34.3934
execute if entity @s[tag=aj.chainsaw.locator_origin.shunter10] at @s on origin run tp @s ^-0.24894 ^-1.62158 ^0.60956 ~0.00645 ~34.3934
execute if entity @s[tag=aj.chainsaw.locator_origin.shunter11] at @s on origin run tp @s ^-0.249 ^-1.97463 ^1.12529 ~0.00645 ~34.3934
execute if entity @s[tag=aj.chainsaw.locator_origin.shunter12] at @s on origin run tp @s ^-0.24906 ^-2.32767 ^1.64103 ~0.00645 ~34.3934
execute if entity @s[tag=aj.chainsaw.locator_origin.shunter13] at @s on origin run tp @s ^-0.24912 ^-2.68072 ^2.15677 ~0.00645 ~34.3934
execute if entity @s[tag=aj.chainsaw.locator_origin.shunter14] at @s on origin run tp @s ^-0.24918 ^-3.03376 ^2.6725 ~0.00645 ~34.3934
execute if entity @s[tag=aj.chainsaw.locator_origin.shunter15] at @s on origin run tp @s ^-0.24924 ^-3.38681 ^3.18824 ~0.00645 ~34.3934
execute if entity @s[tag=aj.chainsaw.locator_origin.shunter16] at @s on origin run tp @s ^-0.24929 ^-3.73985 ^3.70398 ~0.00645 ~34.3934
execute if entity @s[tag=aj.chainsaw.locator_origin.shunter17] at @s on origin run tp @s ^-0.24935 ^-4.0929 ^4.21971 ~0.00645 ~34.3934
execute if entity @s[tag=aj.chainsaw.locator_origin.shunter18] at @s on origin run tp @s ^-0.24941 ^-4.44594 ^4.73545 ~0.00645 ~34.3934
execute if entity @s[tag=aj.chainsaw.locator_origin.shunter19] at @s on origin run tp @s ^-0.24947 ^-4.79899 ^5.25119 ~0.00645 ~34.3934
execute if entity @s[tag=aj.chainsaw.locator_origin.shunter20] at @s on origin run tp @s ^-0.24953 ^-5.15203 ^5.76692 ~0.00645 ~34.3934
execute if entity @s[tag=aj.chainsaw.locator_origin.shunter21] at @s on origin run tp @s ^-0.24958 ^-5.50508 ^6.28266 ~0.00645 ~34.3934
execute if entity @s[tag=aj.chainsaw.locator_origin.shunter22] at @s on origin run tp @s ^-0.24964 ^-5.85812 ^6.7984 ~0.00645 ~34.3934
execute if entity @s[tag=aj.chainsaw.locator_origin.shunter23] at @s on origin run tp @s ^-0.2497 ^-6.21117 ^7.31413 ~0.00645 ~34.3934
execute if entity @s[tag=aj.chainsaw.locator_origin.shunter24] at @s on origin run tp @s ^-0.24976 ^-6.56421 ^7.82987 ~0.00645 ~34.3934
execute if entity @s[tag=aj.chainsaw.locator_origin.shunter25] at @s on origin run tp @s ^-0.24982 ^-6.91726 ^8.34561 ~0.00645 ~34.3934
execute if entity @s[tag=aj.chainsaw.locator_origin.shunter26] at @s on origin run tp @s ^-0.24987 ^-7.2703 ^8.86134 ~0.00645 ~34.3934
execute if entity @s[tag=aj.chainsaw.locator_origin.shunter27] at @s on origin run tp @s ^-0.24993 ^-7.62335 ^9.37708 ~0.00645 ~34.3934
execute if entity @s[tag=aj.chainsaw.locator_origin.shunter28] at @s on origin run tp @s ^-0.24999 ^-7.97639 ^9.89282 ~0.00645 ~34.3934
execute if entity @s[tag=aj.chainsaw.locator_origin.shunter29] at @s on origin run tp @s ^-0.25005 ^-8.32944 ^10.40855 ~0.00645 ~34.3934
execute if entity @s[tag=aj.chainsaw.locator_origin.shunter30] at @s on origin run tp @s ^-0.25011 ^-8.68248 ^10.92429 ~0.00645 ~34.3934
execute if entity @s[tag=aj.chainsaw.locator_origin.shunter31] at @s on origin run tp @s ^-0.25016 ^-9.03553 ^11.44003 ~0.00645 ~34.3934
execute if entity @s[tag=aj.chainsaw.locator_origin.shunter32] at @s on origin run tp @s ^-0.25022 ^-9.38857 ^11.95576 ~0.00645 ~34.3934
execute if entity @s[tag=aj.chainsaw.bone.serpent_hunter] run data modify entity @s {} merge value {transformation:[-1.4889346293863936f,-0.18186162317338506f,0.00013939421052150403f,-0.25473614944473133f,-0.14999015599755153f,1.2286465019538912f,0.8473079288784553f,0.8844132622929509f,-0.10284270765510993f,0.8410434728676088f,-1.2377678515088995f,-3.0526009685489437f,0f,0f,0f,1f],start_interpolation:0}
execute if entity @s[tag=aj.chainsaw.bone.left_arm2] run data modify entity @s {} merge value {transformation:[-0.9926230862575958f,-0.1194152946847791f,-0.02096177530157448f,-0.246901465393161f,-0.09999343733170102f,0.7085647487086909f,0.6985250957395741f,1.4557171758085403f,-0.06856180510340662f,0.6954681763263774f,-0.7152784734620674f,-3.5434505062156143f,0f,0f,0f,1f],start_interpolation:0}
execute if entity @s[tag=aj.chainsaw.bone.left_arm] run data modify entity @s {} merge value {transformation:[-0.9926230862575958f,-0.01698189133375118f,-0.12004592452547067f,-0.3837890624999996f,-0.09999343733170102f,-0.44525697135028147f,0.8898019678302393f,1.3596878155845047f,-0.06856180510340662f,0.8952417800966974f,0.4402742713925707f,-3.2447405336112864f,0f,0f,0f,1f],start_interpolation:0}
execute if entity @s[tag=aj.chainsaw.bone.head] run data modify entity @s {} merge value {transformation:[0.9325895424192341f,-0.07423196586406922f,-0.3532228200643885f,4.0939474033052647e-16f,-0.16683076244925749f,0.7791595087607246f,-0.6042168125833189f,1.4050205095258397f,0.3200691207706284f,0.6224147131549044f,0.7142518342835493f,-3.1239866530496654f,0f,0f,0f,1f],start_interpolation:0}
execute if entity @s[tag=aj.chainsaw.bone.body_top] run data modify entity @s {} merge value {transformation:[1f,0f,0f,4.0939474033052647e-16f,0f,0.8974749852439172f,-0.44106535894516863f,1.0516397340860473f,0f,0.44106535894516863f,0.8974749852439172f,-3.2976561381343257f,0f,0f,0f,1f],start_interpolation:0}
execute if entity @s[tag=aj.chainsaw.locator_origin.player_camera] at @s on origin run tp @s ^0 ^-0.06752 ^-3.16723 ~-180 ~-12.79297
execute if entity @s[tag=aj.chainsaw.bone.body] run data modify entity @s {} merge value {transformation:[1f,0f,0f,4.0939474033052647e-16f,0f,0.9751765350538222f,-0.22142882712154138f,0.625f,0f,0.22142882712154138f,0.9751765350538222f,-3.39453125f,0f,0f,0f,1f],start_interpolation:0}
execute if entity @s[tag=aj.chainsaw.bone.right_leg2] run data modify entity @s {} merge value {transformation:[0.9738677852645439f,-0.11597687063588419f,0.19527135555795053f,0.19303706947053473f,0.1575965450951137f,0.9641884211426826f,-0.21331670705424108f,0.3577401643906213f,-0.16353857587130916f,0.23851636005081184f,0.9572695963990998f,-3.3222079264180175f,0f,0f,0f,1f],start_interpolation:0}
execute if entity @s[tag=aj.chainsaw.bone.right_leg] run data modify entity @s {} merge value {transformation:[0.9738677852645439f,-0.18932054113539984f,0.12545624547280032f,0.12500000000000042f,0.1575965450951137f,0.9610708469130538f,0.22694967765544283f,0.703125f,-0.16353857587130916f,-0.2012475090976904f,0.9657922003640116f,-3.39453125f,0f,0f,0f,1f],start_interpolation:0}
execute if entity @s[tag=aj.chainsaw.bone.left_leg2] run data modify entity @s {} merge value {transformation:[0.9848077463102579f,0.1707684555434804f,0.03149345009053693f,-0.18126694581266f,-0.16043006010028868f,0.9641598824645626f,-0.21132419847745457f,0.34883239868854027f,-0.06645222813065448f,0.20306121155261336f,0.976908514518763f,-3.373056285742191f,0f,0f,0f,1f],start_interpolation:0}
execute if entity @s[tag=aj.chainsaw.bone.left_leg] run data modify entity @s {} merge value {transformation:[0.9848077463102579f,0.1565688926960986f,0.07509916542298152f,-0.12499999999999958f,-0.16043006010028868f,0.9858576732144967f,0.048444235780085165f,0.703125f,-0.06645222813065448f,-0.05975642228259888f,0.9959986302061139f,-3.39453125f,0f,0f,0f,1f],start_interpolation:0}