execute if entity @s[tag=aj.chainsaw.bone.right_arm2] run data modify entity @s {} merge value {transformation:[-0.16650497605075398f,0.9466137819087234f,-0.2760406507215951f,-0.03987052323131246f,0.9375538014347766f,0.23869363658686676f,0.25301821528920787f,1.1254530153315239f,0.30539967643325533f,-0.2166741695574269f,-0.9272450279624378f,-0.2424764172894847f,0f,0f,0f,1f],start_interpolation:0}
execute if entity @s[tag=aj.chainsaw.bone.right_arm] run data modify entity @s {} merge value {transformation:[-0.18273914407695413f,0.7748049556580675f,-0.6052137522476849f,0.12500000000000006f,0.9307632710677539f,0.3346172437107727f,0.14734664381199836f,1.1566055964595015f,0.3166798674580953f,-0.5363847321644282f,-0.7823076636769051f,-0.3369938087937962f,0f,0f,0f,1f],start_interpolation:0}
execute if entity @s[tag=aj.chainsaw.bone.bone0] run data modify entity @s {} merge value {transformation:[0.000009589999377409149f,-0.0000027958942533841515f,-4.635593437585234e-7f,-0.11664534159478766f,0.0000015809383378761578f,0.0000066351143004672556f,-0.000007312721257614589f,0.6058347885961501f,0.000002352136457165214f,0.000006939613356926188f,0.000006805087842434218f,-0.38718031012337073f,0f,0f,0f,1f],start_interpolation:0}
execute if entity @s[tag=aj.chainsaw.bone.bone1] run data modify entity @s {} merge value {transformation:[0.000009000435086144615f,-0.000004125233336978245f,0.0000014052110786570435f,-0.11664551112477958f,0.0000017723765390124993f,5.19189643733505e-7f,-0.000009827976572916625f,0.605835153813011f,0.000003981312555433852f,0.000009094662832085823f,0.000001198439947023452f,-0.3871809169924244f,0f,0f,0f,1f],start_interpolation:0}
execute if entity @s[tag=aj.chainsaw.bone.bone2] run data modify entity @s {} merge value {transformation:[0.000009692369485513484f,-0.0000020799867621349417f,0.0000013159136847189803f,-0.11664499152262442f,0.000001525312319749632f,8.800015709874956e-7f,-0.00000984372996187317f,0.6058352502509438f,0.0000019316821900890643f,0.000009741624726112325f,0.000001170192980704378f,-0.38718073400487935f,0f,0f,0f,1f],start_interpolation:0}
execute if entity @s[tag=aj.chainsaw.bone.bone3] run data modify entity @s {} merge value {transformation:[0.000009000435086144615f,-0.000004125233336978245f,0.0000014052110786570435f,-0.11664518245460248f,0.0000017723765390124993f,5.19189643733505e-7f,-0.000009827976572916625f,0.60583532943609f,0.000003981312555433852f,0.000009094662832085823f,0.000001198439947023452f,-0.3871801114706898f,0f,0f,0f,1f],start_interpolation:0}
execute if entity @s[tag=aj.chainsaw.bone.bone4] run data modify entity @s {} merge value {transformation:[0.000009589999377409149f,-0.0000027958942533841515f,-4.635593437585234e-7f,-0.11664540463609015f,0.0000015809383378761578f,0.0000066351143004672556f,-0.000007312721257614589f,0.6058357178171657f,0.000002352136457165214f,0.000006939613356926188f,0.000006805087842434218f,-0.38718067765097475f,0f,0f,0f,1f],start_interpolation:0}
execute if entity @s[tag=aj.chainsaw.locator_origin.flail0] at @s on origin run tp @s ^-0.11665 ^0.60584 ^-0.38718 ~142.48163 ~-78.40636
execute if entity @s[tag=aj.chainsaw.locator_origin.flail1] at @s on origin run tp @s ^-0.11665 ^0.60584 ^-0.38718 ~142.48163 ~-78.40636
execute if entity @s[tag=aj.chainsaw.locator_origin.flail2] at @s on origin run tp @s ^-0.11665 ^0.60584 ^-0.38718 ~142.48163 ~-78.40636
execute if entity @s[tag=aj.chainsaw.locator_origin.flail3] at @s on origin run tp @s ^-0.11665 ^0.60584 ^-0.38718 ~142.48163 ~-78.40636
execute if entity @s[tag=aj.chainsaw.locator_origin.flail4] at @s on origin run tp @s ^-0.11665 ^0.60584 ^-0.38718 ~142.48163 ~-78.40636
execute if entity @s[tag=aj.chainsaw.bone.flail_body] run data modify entity @s {} merge value {transformation:[0.000004973683151433232f,-0.000008588624031248323f,0.0000012239334781813916f,-0.11665224105870957f,0.0000019952440404326306f,-2.4054039826740965e-7f,-0.000009795975782734431f,0.605835225435192f,0.000008442835846341405f,0.000005116412568066157f,0.0000015940029187763107f,-0.3871763901182836f,0f,0f,0f,1f],start_interpolation:0}
execute if entity @s[tag=aj.chainsaw.bone.flail] run data modify entity @s {} merge value {transformation:[-0.0000012825344125761678f,-0.000009917159210563465f,-7.11243481118766e-8f,-0.11664970358677787f,0.0000014365015699904303f,-1.1480537876937037e-7f,-0.000009895619382556135f,0.6058375104896208f,0.000009812826744622215f,-0.0000012793642629611231f,0.00000143932566248401f,-0.387176392980782f,0f,0f,0f,1f],start_interpolation:0}
execute if entity @s[tag=aj.chainsaw.locator_origin.shunter0] at @s on origin run tp @s ^-0.35759 ^0.83318 ^-0.65974 ~-0.74691 ~-14.96046
execute if entity @s[tag=aj.chainsaw.locator_origin.shunter1] at @s on origin run tp @s ^-0.35287 ^0.92999 ^-0.29748 ~-0.74691 ~-14.96046
execute if entity @s[tag=aj.chainsaw.locator_origin.shunter2] at @s on origin run tp @s ^-0.345 ^1.09133 ^0.30628 ~-0.74691 ~-14.96046
execute if entity @s[tag=aj.chainsaw.locator_origin.shunter3] at @s on origin run tp @s ^-0.3387 ^1.22041 ^0.78929 ~-0.74691 ~-14.96046
execute if entity @s[tag=aj.chainsaw.locator_origin.shunter4] at @s on origin run tp @s ^-0.33319 ^1.33335 ^1.21193 ~-0.74691 ~-14.96046
execute if entity @s[tag=aj.chainsaw.locator_origin.shunter5] at @s on origin run tp @s ^-0.3261 ^1.47856 ^1.75532 ~-0.74691 ~-14.96046
execute if entity @s[tag=aj.chainsaw.locator_origin.shunter6] at @s on origin run tp @s ^-0.31902 ^1.62377 ^2.2987 ~-0.74691 ~-14.96046
execute if entity @s[tag=aj.chainsaw.locator_origin.shunter7] at @s on origin run tp @s ^-0.31115 ^1.78512 ^2.90247 ~-0.74691 ~-14.96046
execute if entity @s[tag=aj.chainsaw.locator_origin.shunter8] at @s on origin run tp @s ^-0.30328 ^1.94646 ^3.50623 ~-0.74691 ~-14.96046
execute if entity @s[tag=aj.chainsaw.locator_origin.shunter9] at @s on origin run tp @s ^-0.29541 ^2.10781 ^4.11 ~-0.74691 ~-14.96046
execute if entity @s[tag=aj.chainsaw.locator_origin.shunter10] at @s on origin run tp @s ^-0.28754 ^2.26915 ^4.71376 ~-0.74691 ~-14.96046
execute if entity @s[tag=aj.chainsaw.locator_origin.shunter11] at @s on origin run tp @s ^-0.27966 ^2.4305 ^5.31752 ~-0.74691 ~-14.96046
execute if entity @s[tag=aj.chainsaw.locator_origin.shunter12] at @s on origin run tp @s ^-0.27179 ^2.59184 ^5.92129 ~-0.74691 ~-14.96046
execute if entity @s[tag=aj.chainsaw.locator_origin.shunter13] at @s on origin run tp @s ^-0.26392 ^2.75319 ^6.52505 ~-0.74691 ~-14.96046
execute if entity @s[tag=aj.chainsaw.locator_origin.shunter14] at @s on origin run tp @s ^-0.25605 ^2.91453 ^7.12881 ~-0.74691 ~-14.96046
execute if entity @s[tag=aj.chainsaw.locator_origin.shunter15] at @s on origin run tp @s ^-0.24818 ^3.07588 ^7.73258 ~-0.74691 ~-14.96046
execute if entity @s[tag=aj.chainsaw.locator_origin.shunter16] at @s on origin run tp @s ^-0.24031 ^3.23722 ^8.33634 ~-0.74691 ~-14.96046
execute if entity @s[tag=aj.chainsaw.locator_origin.shunter17] at @s on origin run tp @s ^-0.23244 ^3.39857 ^8.94011 ~-0.74691 ~-14.96046
execute if entity @s[tag=aj.chainsaw.locator_origin.shunter18] at @s on origin run tp @s ^-0.22457 ^3.55992 ^9.54387 ~-0.74691 ~-14.96046
execute if entity @s[tag=aj.chainsaw.locator_origin.shunter19] at @s on origin run tp @s ^-0.2167 ^3.72126 ^10.14763 ~-0.74691 ~-14.96046
execute if entity @s[tag=aj.chainsaw.locator_origin.shunter20] at @s on origin run tp @s ^-0.20882 ^3.88261 ^10.7514 ~-0.74691 ~-14.96046
execute if entity @s[tag=aj.chainsaw.locator_origin.shunter21] at @s on origin run tp @s ^-0.20095 ^4.04395 ^11.35516 ~-0.74691 ~-14.96046
execute if entity @s[tag=aj.chainsaw.locator_origin.shunter22] at @s on origin run tp @s ^-0.19308 ^4.2053 ^11.95892 ~-0.74691 ~-14.96046
execute if entity @s[tag=aj.chainsaw.locator_origin.shunter23] at @s on origin run tp @s ^-0.18521 ^4.36664 ^12.56269 ~-0.74691 ~-14.96046
execute if entity @s[tag=aj.chainsaw.locator_origin.shunter24] at @s on origin run tp @s ^-0.17734 ^4.52799 ^13.16645 ~-0.74691 ~-14.96046
execute if entity @s[tag=aj.chainsaw.locator_origin.shunter25] at @s on origin run tp @s ^-0.16947 ^4.68933 ^13.77022 ~-0.74691 ~-14.96046
execute if entity @s[tag=aj.chainsaw.locator_origin.shunter26] at @s on origin run tp @s ^-0.1616 ^4.85068 ^14.37398 ~-0.74691 ~-14.96046
execute if entity @s[tag=aj.chainsaw.locator_origin.shunter27] at @s on origin run tp @s ^-0.15373 ^5.01202 ^14.97774 ~-0.74691 ~-14.96046
execute if entity @s[tag=aj.chainsaw.locator_origin.shunter28] at @s on origin run tp @s ^-0.14585 ^5.17337 ^15.58151 ~-0.74691 ~-14.96046
execute if entity @s[tag=aj.chainsaw.locator_origin.shunter29] at @s on origin run tp @s ^-0.13798 ^5.33471 ^16.18527 ~-0.74691 ~-14.96046
execute if entity @s[tag=aj.chainsaw.locator_origin.shunter30] at @s on origin run tp @s ^-0.13011 ^5.49606 ^16.78904 ~-0.74691 ~-14.96046
execute if entity @s[tag=aj.chainsaw.locator_origin.shunter31] at @s on origin run tp @s ^-0.12224 ^5.6574 ^17.3928 ~-0.74691 ~-14.96046
execute if entity @s[tag=aj.chainsaw.locator_origin.shunter32] at @s on origin run tp @s ^-0.11437 ^5.81875 ^17.99656 ~-0.74691 ~-14.96046
execute if entity @s[tag=aj.chainsaw.bone.serpent_hunter] run data modify entity @s {} merge value {transformation:[-1.4982606309301265f,0.06970092517006961f,-0.01889081351606174f,-0.34966376915160735f,0.0722151430311909f,1.4473558352940565f,-0.38722869103054447f,1.1239024656754364f,0.0002343541057998593f,-0.3876891371584731f,-1.4490331528324232f,0.427037091364743f,0f,0f,0f,1f],start_interpolation:0}
execute if entity @s[tag=aj.chainsaw.bone.left_arm2] run data modify entity @s {} merge value {transformation:[-0.9988404206200843f,0.031639351707492165f,-0.0362872644191313f,-0.26261985074701993f,0.048143428687460604f,0.6588664407520407f,-0.7507178055201257f,0.9858614116904165f,0.00015623607053323954f,-0.7515942819595345f,-0.6596256596858725f,-0.6050311712436371f,0f,0f,0f,1f],start_interpolation:0}
execute if entity @s[tag=aj.chainsaw.bone.left_arm] run data modify entity @s {} merge value {transformation:[-0.9988404206200843f,0.031847057738970515f,0.03610511111830316f,-0.37499999999999994f,0.048143428687460604f,0.6582959829318105f,0.7512180836015978f,1.2503555964595015f,0.00015623607053323954f,0.7520852104444097f,-0.6590658630372831f,-0.49937357200337845f,0f,0f,0f,1f],start_interpolation:0}
execute if entity @s[tag=aj.chainsaw.bone.head] run data modify entity @s {} merge value {transformation:[1f,0f,0f,6.938893903907228e-17f,0f,0.9659258262890682f,-0.2588190451025207f,1.3123467482535145f,0f,0.2588190451025207f,0.9659258262890682f,-0.31924539653032363f,0f,0f,0f,1f],start_interpolation:0}
execute if entity @s[tag=aj.chainsaw.bone.body_top] run data modify entity @s {} merge value {transformation:[1f,0f,0f,6.938893903907228e-17f,0f,0.8660254037844386f,-0.4999999999999999f,0.9713492455133919f,0f,0.4999999999999999f,0.8660254037844386f,-0.5161203965303236f,0f,0f,0f,1f],start_interpolation:0}
execute if entity @s[tag=aj.chainsaw.locator_origin.player_camera] at @s on origin run tp @s ^0 ^-0.15474 ^-0.47798 ~-180 ~-17.5
execute if entity @s[tag=aj.chainsaw.bone.body] run data modify entity @s {} merge value {transformation:[1f,0f,0f,6.938893903907228e-17f,0f,0.9537169507482269f,-0.30070579950427306f,0.5540980795610426f,0f,0.30070579950427306f,0.9537169507482269f,-0.647679183813443f,0f,0f,0f,1f],start_interpolation:0}
execute if entity @s[tag=aj.chainsaw.bone.right_leg2] run data modify entity @s {} merge value {transformation:[0.991480294561584f,-0.06643630956521707f,0.11204035999330379f,0.17128862658693758f,0.06979723188409925f,0.9972133307205153f,-0.026342350969748407f,0.4886300912740894f,-0.10997805198034624f,0.03393802888576136f,0.9933544373877621f,-0.321506212234684f,0f,0f,0f,1f],start_interpolation:0}
execute if entity @s[tag=aj.chainsaw.bone.right_leg] run data modify entity @s {} merge value {transformation:[0.991480294561584f,-0.12880313485060876f,-0.019405616422323663f,0.12500000000000006f,0.06979723188409925f,0.39956309784195687f,0.914044680124695f,0.6322230795610426f,-0.10997805198034624f,-0.9076117470017643f,0.4051490402148493f,-0.647679183813443f,0f,0f,0f,1f],start_interpolation:0}
execute if entity @s[tag=aj.chainsaw.bone.left_leg2] run data modify entity @s {} merge value {transformation:[0.9851106364831949f,0.14774434822519436f,-0.08791269223034387f,-0.1752951240340611f,-0.1606845854541137f,0.6094052934207264f,-0.7764055978341718f,0.4370913895199704f,-0.06113507900636336f,0.7789716271587244f,0.6240718758256736f,-0.9452433191945626f,0f,0f,0f,1f],start_interpolation:0}
execute if entity @s[tag=aj.chainsaw.bone.left_leg] run data modify entity @s {} merge value {transformation:[0.9851106364831949f,0.13995164948608332f,-0.09985274004151878f,-0.12499999999999993f,-0.1606845854541137f,0.5429751375055923f,-0.8242320450262915f,0.6322230795610426f,-0.06113507900636336f,0.8280045506257242f,0.5573786560839751f,-0.647679183813443f,0f,0f,0f,1f],start_interpolation:0}