execute if entity @s[tag=aj.chainsaw.bone.right_arm2] run data modify entity @s {} merge value {transformation:[-0.24723774699766182f,0.9316730124542346f,-0.2661933401194922f,-0.03980281792337606f,0.8980010978831372f,0.32350874817360825f,0.2982215922025516f,1.1102876840878915f,0.3639608834204579f,-0.165310277114269f,-0.9166269620844691f,-0.20497320996859383f,0f,0f,0f,1f],start_interpolation:0}
execute if entity @s[tag=aj.chainsaw.bone.right_arm] run data modify entity @s {} merge value {transformation:[-0.263239731048831f,0.7628548745433674f,-0.5905567579689206f,0.12500000000000006f,0.8892231402754244f,0.42927044858667296f,0.15814262160755224f,1.1603778872688293f,0.3741484341755982f,-0.4835073136526681f,-0.7913492445490348f,-0.2910970323877606f,0f,0f,0f,1f],start_interpolation:0}
execute if entity @s[tag=aj.chainsaw.bone.bone0] run data modify entity @s {} merge value {transformation:[0.000009569249575246098f,-0.0000028573944941244182f,-5.145476378334618e-7f,-0.11713872697014631f,0.0000011494194323699414f,0.00000535588952669468f,-0.000008366198799116155f,0.5997260390815284f,0.000002666139068980254f,0.000007946681325106076f,0.000005453618833588152f,-0.45077230669099233f,0f,0f,0f,1f],start_interpolation:0}
execute if entity @s[tag=aj.chainsaw.bone.bone1] run data modify entity @s {} merge value {transformation:[0.000008966174004150939f,-0.000004200256217174296f,0.0000014019883870334821f,-0.11713889175077112f,0.0000010605241013803275f,-0.0000010370672747183046f,-0.000009889377133980674f,0.5997265026077347f,0.000004299187406671113f,0.000009015671865024648f,-4.84405268884901e-7f,-0.45077284372416043f,0f,0f,0f,1f],start_interpolation:0}
execute if entity @s[tag=aj.chainsaw.bone.bone2] run data modify entity @s {} merge value {transformation:[0.00000967511257097118f,-0.0000021606464105085053f,0.0000013129370997090057f,-0.1171383737371032f,0.0000011662690005026649f,-7.934258806700224e-7f,-0.000009900014746976367f,0.5997265660305042f,0.0000022432149601636714f,0.000009731499497027152f,-5.156589782580976e-7f,-0.45077264270050926f,0f,0f,0f,1f],start_interpolation:0}
execute if entity @s[tag=aj.chainsaw.bone.bone3] run data modify entity @s {} merge value {transformation:[0.000008966174004150939f,-0.000004200256217174296f,0.0000014019883870334821f,-0.11713856983722995f,0.0000010605241013803275f,-0.0000010370672747183046f,-0.000009889377133980674f,0.5997265379820764f,0.000004299187406671113f,0.000009015671865024648f,-4.84405268884901e-7f,-0.4507720173748735f,0f,0f,0f,1f],start_interpolation:0}
execute if entity @s[tag=aj.chainsaw.bone.bone4] run data modify entity @s {} merge value {transformation:[0.000009569249575246098f,-0.0000028573944941244182f,-5.145476378334618e-7f,-0.11713878761800443f,0.0000011494194323699414f,0.00000535588952669468f,-0.000008366198799116155f,0.599727017429431f,0.000002666139068980254f,0.000007946681325106076f,0.000005453618833588152f,-0.4507725107979748f,0f,0f,0f,1f],start_interpolation:0}
execute if entity @s[tag=aj.chainsaw.locator_origin.flail0] at @s on origin run tp @s ^-0.11714 ^0.59973 ^-0.45077 ~85.73996 ~-82.98776
execute if entity @s[tag=aj.chainsaw.locator_origin.flail1] at @s on origin run tp @s ^-0.11714 ^0.59973 ^-0.45077 ~85.73996 ~-82.98776
execute if entity @s[tag=aj.chainsaw.locator_origin.flail2] at @s on origin run tp @s ^-0.11715 ^0.59973 ^-0.45077 ~85.73996 ~-82.98776
execute if entity @s[tag=aj.chainsaw.locator_origin.flail3] at @s on origin run tp @s ^-0.11715 ^0.59973 ^-0.45077 ~85.73996 ~-82.98776
execute if entity @s[tag=aj.chainsaw.locator_origin.flail4] at @s on origin run tp @s ^-0.11715 ^0.59974 ^-0.45077 ~85.73996 ~-82.98776
execute if entity @s[tag=aj.chainsaw.bone.flail_body] run data modify entity @s {} merge value {transformation:[0.000004902708344818878f,-0.000008630254186227133f,0.0000012174414017736311f,-0.11714565874105586f,5.218821356146288e-7f,-0.0000011036424144981263f,-0.000009925200877435532f,0.5997258057708169f,0.000008700062638979657f,0.0000049295726084550066f,-9.068613896507045e-8f,-0.45076842648625404f,0f,0f,0f,1f],start_interpolation:0}
execute if entity @s[tag=aj.chainsaw.bone.flail] run data modify entity @s {} merge value {transformation:[-0.0000013641853457765006f,-0.000009906219611517834f,-7.623221594732043e-8f,-0.11714312288589745f,-2.5781824903783264e-7f,1.1242759431510633e-7f,-0.00000999604370671215f,0.5997280559487375f,0.000009903157480966954f,-0.000001361680228400233f,-2.707376271451332e-7f,-0.45076801858469484f,0f,0f,0f,1f],start_interpolation:0}
execute if entity @s[tag=aj.chainsaw.locator_origin.shunter0] at @s on origin run tp @s ^-0.35599 ^0.87042 ^-0.68252 ~-0.25724 ~-5.13726
execute if entity @s[tag=aj.chainsaw.locator_origin.shunter1] at @s on origin run tp @s ^-0.35431 ^0.90399 ^-0.30903 ~-0.25724 ~-5.13726
execute if entity @s[tag=aj.chainsaw.locator_origin.shunter2] at @s on origin run tp @s ^-0.35152 ^0.95996 ^0.31346 ~-0.25724 ~-5.13726
execute if entity @s[tag=aj.chainsaw.locator_origin.shunter3] at @s on origin run tp @s ^-0.34928 ^1.00473 ^0.81144 ~-0.25724 ~-5.13726
execute if entity @s[tag=aj.chainsaw.locator_origin.shunter4] at @s on origin run tp @s ^-0.34732 ^1.0439 ^1.24718 ~-0.25724 ~-5.13726
execute if entity @s[tag=aj.chainsaw.locator_origin.shunter5] at @s on origin run tp @s ^-0.34481 ^1.09427 ^1.80741 ~-0.25724 ~-5.13726
execute if entity @s[tag=aj.chainsaw.locator_origin.shunter6] at @s on origin run tp @s ^-0.34229 ^1.14464 ^2.36765 ~-0.25724 ~-5.13726
execute if entity @s[tag=aj.chainsaw.locator_origin.shunter7] at @s on origin run tp @s ^-0.3395 ^1.2006 ^2.99013 ~-0.25724 ~-5.13726
execute if entity @s[tag=aj.chainsaw.locator_origin.shunter8] at @s on origin run tp @s ^-0.3367 ^1.25657 ^3.61262 ~-0.25724 ~-5.13726
execute if entity @s[tag=aj.chainsaw.locator_origin.shunter9] at @s on origin run tp @s ^-0.33391 ^1.31253 ^4.2351 ~-0.25724 ~-5.13726
execute if entity @s[tag=aj.chainsaw.locator_origin.shunter10] at @s on origin run tp @s ^-0.33111 ^1.36849 ^4.85758 ~-0.25724 ~-5.13726
execute if entity @s[tag=aj.chainsaw.locator_origin.shunter11] at @s on origin run tp @s ^-0.32832 ^1.42446 ^5.48007 ~-0.25724 ~-5.13726
execute if entity @s[tag=aj.chainsaw.locator_origin.shunter12] at @s on origin run tp @s ^-0.32552 ^1.48042 ^6.10255 ~-0.25724 ~-5.13726
execute if entity @s[tag=aj.chainsaw.locator_origin.shunter13] at @s on origin run tp @s ^-0.32273 ^1.53639 ^6.72503 ~-0.25724 ~-5.13726
execute if entity @s[tag=aj.chainsaw.locator_origin.shunter14] at @s on origin run tp @s ^-0.31993 ^1.59235 ^7.34751 ~-0.25724 ~-5.13726
execute if entity @s[tag=aj.chainsaw.locator_origin.shunter15] at @s on origin run tp @s ^-0.31714 ^1.64831 ^7.97 ~-0.25724 ~-5.13726
execute if entity @s[tag=aj.chainsaw.locator_origin.shunter16] at @s on origin run tp @s ^-0.31434 ^1.70428 ^8.59248 ~-0.25724 ~-5.13726
execute if entity @s[tag=aj.chainsaw.locator_origin.shunter17] at @s on origin run tp @s ^-0.31155 ^1.76024 ^9.21496 ~-0.25724 ~-5.13726
execute if entity @s[tag=aj.chainsaw.locator_origin.shunter18] at @s on origin run tp @s ^-0.30876 ^1.8162 ^9.83745 ~-0.25724 ~-5.13726
execute if entity @s[tag=aj.chainsaw.locator_origin.shunter19] at @s on origin run tp @s ^-0.30596 ^1.87217 ^10.45993 ~-0.25724 ~-5.13726
execute if entity @s[tag=aj.chainsaw.locator_origin.shunter20] at @s on origin run tp @s ^-0.30317 ^1.92813 ^11.08241 ~-0.25724 ~-5.13726
execute if entity @s[tag=aj.chainsaw.locator_origin.shunter21] at @s on origin run tp @s ^-0.30037 ^1.9841 ^11.7049 ~-0.25724 ~-5.13726
execute if entity @s[tag=aj.chainsaw.locator_origin.shunter22] at @s on origin run tp @s ^-0.29758 ^2.04006 ^12.32738 ~-0.25724 ~-5.13726
execute if entity @s[tag=aj.chainsaw.locator_origin.shunter23] at @s on origin run tp @s ^-0.29478 ^2.09602 ^12.94986 ~-0.25724 ~-5.13726
execute if entity @s[tag=aj.chainsaw.locator_origin.shunter24] at @s on origin run tp @s ^-0.29199 ^2.15199 ^13.57235 ~-0.25724 ~-5.13726
execute if entity @s[tag=aj.chainsaw.locator_origin.shunter25] at @s on origin run tp @s ^-0.28919 ^2.20795 ^14.19483 ~-0.25724 ~-5.13726
execute if entity @s[tag=aj.chainsaw.locator_origin.shunter26] at @s on origin run tp @s ^-0.2864 ^2.26391 ^14.81731 ~-0.25724 ~-5.13726
execute if entity @s[tag=aj.chainsaw.locator_origin.shunter27] at @s on origin run tp @s ^-0.2836 ^2.31988 ^15.4398 ~-0.25724 ~-5.13726
execute if entity @s[tag=aj.chainsaw.locator_origin.shunter28] at @s on origin run tp @s ^-0.28081 ^2.37584 ^16.06228 ~-0.25724 ~-5.13726
execute if entity @s[tag=aj.chainsaw.locator_origin.shunter29] at @s on origin run tp @s ^-0.27801 ^2.43181 ^16.68476 ~-0.25724 ~-5.13726
execute if entity @s[tag=aj.chainsaw.locator_origin.shunter30] at @s on origin run tp @s ^-0.27522 ^2.48777 ^17.30724 ~-0.25724 ~-5.13726
execute if entity @s[tag=aj.chainsaw.locator_origin.shunter31] at @s on origin run tp @s ^-0.27242 ^2.54373 ^17.92973 ~-0.25724 ~-5.13726
execute if entity @s[tag=aj.chainsaw.locator_origin.shunter32] at @s on origin run tp @s ^-0.26963 ^2.5997 ^18.55221 ~-0.25724 ~-5.13726
execute if entity @s[tag=aj.chainsaw.bone.serpent_hunter] run data modify entity @s {} merge value {transformation:[-1.4982606309301256f,0.07190334888042615f,-0.006707475280758256f,-0.35719905537299573f,0.07221514303119089f,1.4922281991166675f,-0.13431297360274555f,0.9714523320205115f,0.0002343541057998489f,-0.13448014790595245f,-1.4939595158160563f,0.4379527826175036f,0f,0f,0f,1f],start_interpolation:0}
execute if entity @s[tag=aj.chainsaw.bone.left_arm2] run data modify entity @s {} merge value {transformation:[-0.9988404206200838f,0.037372650674772336f,-0.030349614775739386f,-0.2615747051445033f,0.04814342868746059f,0.7774147414296185f,-0.6271431495935633f,1.0114559346939536f,0.0001562360705332326f,-0.6278770618436864f,-0.7783125148684361f,-0.6017839967726091f,0f,0f,0f,1f],start_interpolation:0}
execute if entity @s[tag=aj.chainsaw.bone.left_arm] run data modify entity @s {} merge value {transformation:[-0.9988404206200838f,0.02521185982833333f,0.041014342119444165f,-0.37499999999999994f,0.04814342868746059f,0.5203048670357815f,0.8526224578399827f,1.2541278872688293f,0.0001562360705332326f,0.8536083454740084f,-0.5209153176164203f,-0.45347679559734283f,0f,0f,0f,1f],start_interpolation:0}
execute if entity @s[tag=aj.chainsaw.bone.head] run data modify entity @s {} merge value {transformation:[1f,0f,0f,6.938893903907228e-17f,0f,0.9659258262890682f,-0.2588190451025207f,1.3161190390628423f,0f,0.2588190451025207f,0.9659258262890682f,-0.273348620124288f,0f,0f,0f,1f],start_interpolation:0}
execute if entity @s[tag=aj.chainsaw.bone.body_top] run data modify entity @s {} merge value {transformation:[1f,0f,0f,6.938893903907228e-17f,0f,0.8660254037844386f,-0.4999999999999999f,0.9751215363227197f,0f,0.4999999999999999f,0.8660254037844386f,-0.470223620124288f,0f,0f,0f,1f],start_interpolation:0}
execute if entity @s[tag=aj.chainsaw.locator_origin.player_camera] at @s on origin run tp @s ^0 ^-0.15097 ^-0.43208 ~-180 ~-17.5
execute if entity @s[tag=aj.chainsaw.bone.body] run data modify entity @s {} merge value {transformation:[1f,0f,0f,6.938893903907228e-17f,0f,0.9537169507482269f,-0.30070579950427306f,0.5578703703703705f,0f,0.30070579950427306f,0.9537169507482269f,-0.6017824074074074f,0f,0f,0f,1f],start_interpolation:0}
execute if entity @s[tag=aj.chainsaw.bone.right_leg2] run data modify entity @s {} merge value {transformation:[0.991480294561584f,-0.06859642936819109f,0.11073100457418976f,0.17091600262171255f,0.06979723188409925f,0.9975366384124957f,-0.007000103286022685f,0.5077685960839932f,-0.10997805198034624f,0.014669182071011366f,0.9938257609762265f,-0.26921661589488083f,0f,0f,0f,1f],start_interpolation:0}
execute if entity @s[tag=aj.chainsaw.bone.right_leg] run data modify entity @s {} merge value {transformation:[0.991480294561584f,-0.12776626816476522f,-0.02534967880119513f,0.12500000000000006f,0.06979723188409925f,0.3568049371447021f,0.9315678092605403f,0.6359953703703705f,-0.10997805198034624f,-0.9254004633392044f,0.3626827960273189f,-0.6017824074074074f,0f,0f,0f,1f],start_interpolation:0}
execute if entity @s[tag=aj.chainsaw.bone.left_leg2] run data modify entity @s {} merge value {transformation:[0.9851920290372592f,0.14475736928671018f,-0.09188019350566878f,-0.17321140649076852f,-0.16075649272166725f,0.5935572908656382f,-0.7885728200414166f,0.45406706723448065f,-0.05961556817876244f,0.7916659942787961f,0.6080385987199235f,-0.9079329315410067f,0f,0f,0f,1f],start_interpolation:0}
execute if entity @s[tag=aj.chainsaw.bone.left_leg] run data modify entity @s {} merge value {transformation:[0.9851920290372592f,0.13415347893083435f,-0.10676848791756073f,-0.12499999999999993f,-0.16075649272166725f,0.5062352782911718f,-0.8472798788247531f,0.6359953703703705f,-0.05961556817876244f,0.8518971106326243f,0.5203050037492521f,-0.6017824074074074f,0f,0f,0f,1f],start_interpolation:0}