execute if entity @s[tag=aj.chainsaw.bone.right_arm2] run data modify entity @s {} merge value {transformation:[-0.14525385039479755f,0.9484199775943716f,-0.28178159103351325f,-0.03933959809547466f,0.9458939500414079f,0.2166370812118329f,0.24156367756573127f,1.1296961804857157f,0.2901481590852316f,-0.23144744790969263f,-0.9285720890892326f,-0.7500615232162318f,0f,0f,0f,1f],start_interpolation:0}
execute if entity @s[tag=aj.chainsaw.bone.right_arm] run data modify entity @s {} merge value {transformation:[-0.16148357537519753f,0.7748145368358454f,-0.6112164006241141f,0.12500000000000014f,0.9396183691024445f,0.3100723207113901f,0.14481877079272376f,1.15599173928764f,0.3017289766152826f,-0.5509243046340462f,-0.7781015584319231f,-0.8469498616445155f,0f,0f,0f,1f],start_interpolation:0}
execute if entity @s[tag=aj.chainsaw.bone.bone0] run data modify entity @s {} merge value {transformation:[0.000009594809617924074f,-0.0000027817371391303136f,-4.489620079415074e-7f,-0.11637797577250998f,0.0000016810318492505976f,0.00000692977004461374f,-0.000007010878621868959f,0.6106794564466461f,0.000002261362491419034f,0.000006651332619675336f,0.000007116601300118329f,-0.8698463766329954f,0f,0f,0f,1f],start_interpolation:0}
execute if entity @s[tag=aj.chainsaw.bone.bone1] run data modify entity @s {} merge value {transformation:[0.000009008639918523159f,-0.0000041062530356547336f,0.0000014082232868289828f,-0.1163781465888719f,0.000001942926171563975f,9.130502463122127e-7f,-0.000009766850932596492f,0.6106797950233224f,0.0000038819382671859805f,0.000009072211706903971f,0.000001620348738658318f,-0.8698469984058049f,0f,0f,0f,1f],start_interpolation:0}
execute if entity @s[tag=aj.chainsaw.bone.bone2] run data modify entity @s {} merge value {transformation:[0.000009696304089650379f,-0.0000020596782416638673f,0.0000013188679015905477f,-0.11637762661062057f,0.0000016072304294783663f,0.0000013014855718196643f,-0.000009783810385167121f,0.6106798992818371f,0.0000018435013825837534f,0.000009698652527395837f,0.0000015929977417592613f,-0.8698468208561037f,0f,0f,0f,1f],start_interpolation:0}
execute if entity @s[tag=aj.chainsaw.bone.bone3] run data modify entity @s {} merge value {transformation:[0.000009008639918523159f,-0.0000041062530356547336f,0.0000014082232868289828f,-0.11637781624586009f,0.000001942926171563975f,9.130502463122127e-7f,-0.000009766850932596492f,0.6106800053823987f,0.0000038819382671859805f,0.000009072211706903971f,0.000001620348738658318f,-0.8698462019415122f,0f,0f,0f,1f],start_interpolation:0}
execute if entity @s[tag=aj.chainsaw.bone.bone4] run data modify entity @s {} merge value {transformation:[0.000009594809617924074f,-0.0000027817371391303136f,-4.489620079415074e-7f,-0.1163780396298121f,0.0000016810318492505976f,0.00000692977004461374f,-0.000007010878621868959f,0.610680368867121f,0.000002261362491419034f,0.000006651332619675336f,0.000007116601300118329f,-0.8698467839578824f,0f,0f,0f,1f],start_interpolation:0}
execute if entity @s[tag=aj.chainsaw.locator_origin.flail0] at @s on origin run tp @s ^-0.11638 ^0.61068 ^-0.86985 ~148.63947 ~-76.35423
execute if entity @s[tag=aj.chainsaw.locator_origin.flail1] at @s on origin run tp @s ^-0.11638 ^0.61068 ^-0.86984 ~148.63947 ~-76.35423
execute if entity @s[tag=aj.chainsaw.locator_origin.flail2] at @s on origin run tp @s ^-0.11638 ^0.61068 ^-0.86984 ~148.63947 ~-76.35423
execute if entity @s[tag=aj.chainsaw.locator_origin.flail3] at @s on origin run tp @s ^-0.11639 ^0.61068 ^-0.86984 ~148.63947 ~-76.35423
execute if entity @s[tag=aj.chainsaw.locator_origin.flail4] at @s on origin run tp @s ^-0.11639 ^0.61069 ^-0.86984 ~148.63947 ~-76.35423
execute if entity @s[tag=aj.chainsaw.bone.flail_body] run data modify entity @s {} merge value {transformation:[0.000004991205085966057f,-0.000008577904804089983f,0.0000012277707285143428f,-0.11638486705540708f,0.0000023591149603521167f,-1.8223079639202044e-8f,-0.000009717728362287726f,0.6106800630455375f,0.000008338012256747374f,0.000005139962751940766f,0.0000020145308424027792f,-0.8698424648394861f,0f,0f,0f,1f],start_interpolation:0}
execute if entity @s[tag=aj.chainsaw.bone.flail] run data modify entity @s {} merge value {transformation:[-0.000001262107875027243f,-0.00000991980411374183f,-6.760219511947918e-8f,-0.11638232971398871f,0.0000018605179927798508f,-1.697669612916207e-7f,-0.000009823932612624958f,0.6106823457307883f,0.000009744001052459747f,-0.000001252463781450213f,0.0000018670238257233827f,-0.8698425720416908f,0f,0f,0f,1f],start_interpolation:0}
execute if entity @s[tag=aj.chainsaw.locator_origin.shunter0] at @s on origin run tp @s ^-0.3579 ^0.82601 ^-1.1515 ~-0.87678 ~-17.44437
execute if entity @s[tag=aj.chainsaw.locator_origin.shunter1] at @s on origin run tp @s ^-0.35243 ^0.93842 ^-0.79379 ~-0.87678 ~-17.44437
execute if entity @s[tag=aj.chainsaw.locator_origin.shunter2] at @s on origin run tp @s ^-0.3433 ^1.12579 ^-0.1976 ~-0.87678 ~-17.44437
execute if entity @s[tag=aj.chainsaw.locator_origin.shunter3] at @s on origin run tp @s ^-0.336 ^1.27568 ^0.27935 ~-0.87678 ~-17.44437
execute if entity @s[tag=aj.chainsaw.locator_origin.shunter4] at @s on origin run tp @s ^-0.32962 ^1.40683 ^0.69668 ~-0.87678 ~-17.44437
execute if entity @s[tag=aj.chainsaw.locator_origin.shunter5] at @s on origin run tp @s ^-0.32141 ^1.57546 ^1.23324 ~-0.87678 ~-17.44437
execute if entity @s[tag=aj.chainsaw.locator_origin.shunter6] at @s on origin run tp @s ^-0.31319 ^1.74408 ^1.76981 ~-0.87678 ~-17.44437
execute if entity @s[tag=aj.chainsaw.locator_origin.shunter7] at @s on origin run tp @s ^-0.30407 ^1.93144 ^2.366 ~-0.87678 ~-17.44437
execute if entity @s[tag=aj.chainsaw.locator_origin.shunter8] at @s on origin run tp @s ^-0.29495 ^2.11881 ^2.96218 ~-0.87678 ~-17.44437
execute if entity @s[tag=aj.chainsaw.locator_origin.shunter9] at @s on origin run tp @s ^-0.28582 ^2.30617 ^3.55837 ~-0.87678 ~-17.44437
execute if entity @s[tag=aj.chainsaw.locator_origin.shunter10] at @s on origin run tp @s ^-0.2767 ^2.49353 ^4.15455 ~-0.87678 ~-17.44437
execute if entity @s[tag=aj.chainsaw.locator_origin.shunter11] at @s on origin run tp @s ^-0.26757 ^2.68089 ^4.75074 ~-0.87678 ~-17.44437
execute if entity @s[tag=aj.chainsaw.locator_origin.shunter12] at @s on origin run tp @s ^-0.25845 ^2.86826 ^5.34692 ~-0.87678 ~-17.44437
execute if entity @s[tag=aj.chainsaw.locator_origin.shunter13] at @s on origin run tp @s ^-0.24933 ^3.05562 ^5.94311 ~-0.87678 ~-17.44437
execute if entity @s[tag=aj.chainsaw.locator_origin.shunter14] at @s on origin run tp @s ^-0.2402 ^3.24298 ^6.53929 ~-0.87678 ~-17.44437
execute if entity @s[tag=aj.chainsaw.locator_origin.shunter15] at @s on origin run tp @s ^-0.23108 ^3.43034 ^7.13548 ~-0.87678 ~-17.44437
execute if entity @s[tag=aj.chainsaw.locator_origin.shunter16] at @s on origin run tp @s ^-0.22196 ^3.6177 ^7.73167 ~-0.87678 ~-17.44437
execute if entity @s[tag=aj.chainsaw.locator_origin.shunter17] at @s on origin run tp @s ^-0.21283 ^3.80507 ^8.32785 ~-0.87678 ~-17.44437
execute if entity @s[tag=aj.chainsaw.locator_origin.shunter18] at @s on origin run tp @s ^-0.20371 ^3.99243 ^8.92404 ~-0.87678 ~-17.44437
execute if entity @s[tag=aj.chainsaw.locator_origin.shunter19] at @s on origin run tp @s ^-0.19458 ^4.17979 ^9.52022 ~-0.87678 ~-17.44437
execute if entity @s[tag=aj.chainsaw.locator_origin.shunter20] at @s on origin run tp @s ^-0.18546 ^4.36715 ^10.11641 ~-0.87678 ~-17.44437
execute if entity @s[tag=aj.chainsaw.locator_origin.shunter21] at @s on origin run tp @s ^-0.17634 ^4.55452 ^10.71259 ~-0.87678 ~-17.44437
execute if entity @s[tag=aj.chainsaw.locator_origin.shunter22] at @s on origin run tp @s ^-0.16721 ^4.74188 ^11.30878 ~-0.87678 ~-17.44437
execute if entity @s[tag=aj.chainsaw.locator_origin.shunter23] at @s on origin run tp @s ^-0.15809 ^4.92924 ^11.90496 ~-0.87678 ~-17.44437
execute if entity @s[tag=aj.chainsaw.locator_origin.shunter24] at @s on origin run tp @s ^-0.14896 ^5.1166 ^12.50115 ~-0.87678 ~-17.44437
execute if entity @s[tag=aj.chainsaw.locator_origin.shunter25] at @s on origin run tp @s ^-0.13984 ^5.30397 ^13.09733 ~-0.87678 ~-17.44437
execute if entity @s[tag=aj.chainsaw.locator_origin.shunter26] at @s on origin run tp @s ^-0.13072 ^5.49133 ^13.69352 ~-0.87678 ~-17.44437
execute if entity @s[tag=aj.chainsaw.locator_origin.shunter27] at @s on origin run tp @s ^-0.12159 ^5.67869 ^14.28971 ~-0.87678 ~-17.44437
execute if entity @s[tag=aj.chainsaw.locator_origin.shunter28] at @s on origin run tp @s ^-0.11247 ^5.86605 ^14.88589 ~-0.87678 ~-17.44437
execute if entity @s[tag=aj.chainsaw.locator_origin.shunter29] at @s on origin run tp @s ^-0.10334 ^6.05341 ^15.48208 ~-0.87678 ~-17.44437
execute if entity @s[tag=aj.chainsaw.locator_origin.shunter30] at @s on origin run tp @s ^-0.09422 ^6.24078 ^16.07826 ~-0.87678 ~-17.44437
execute if entity @s[tag=aj.chainsaw.locator_origin.shunter31] at @s on origin run tp @s ^-0.0851 ^6.42814 ^16.67445 ~-0.87678 ~-17.44437
execute if entity @s[tag=aj.chainsaw.locator_origin.shunter32] at @s on origin run tp @s ^-0.07597 ^6.6155 ^17.27063 ~-0.87678 ~-17.44437
execute if entity @s[tag=aj.chainsaw.bone.serpent_hunter] run data modify entity @s {} merge value {transformation:[-1.4982606309301254f,0.06881553743802751f,-0.021897570915005573f,-0.34772201023785787f,0.07221514303119089f,1.4291894047920057f,-0.4496694545410612f,1.163559848847029f,0.0002343541057998541f,-0.45020225125757196f,-1.4308451621474512f,-0.07836365924876154f,0f,0f,0f,1f],start_interpolation:0}
execute if entity @s[tag=aj.chainsaw.bone.left_arm2] run data modify entity @s {} merge value {transformation:[-0.9988404206200836f,0.030034926438783405f,-0.037626019312587515f,-0.26282703646602046f,0.04814342868746059f,0.6256697311120932f,-0.7786010517873295f,0.9809122708382924f,0.00015623607053323607f,-0.7795096476400641f,-0.6263902017323967f,-1.103658534236353f,0f,0f,0f,1f],start_interpolation:0}
execute if entity @s[tag=aj.chainsaw.bone.left_arm] run data modify entity @s {} merge value {transformation:[-0.9988404206200836f,0.03338377891975291f,0.03468915450874237f,-0.3749999999999999f,0.04814342868746059f,0.6902737242653872f,0.7219448703765456f,1.24974173928764f,0.00015623607053323607f,0.7227777728277407f,-0.6910805066679719f,-1.0093296248540977f,0f,0f,0f,1f],start_interpolation:0}
execute if entity @s[tag=aj.chainsaw.bone.head] run data modify entity @s {} merge value {transformation:[1f,0f,0f,1.3183898417423734e-16f,0f,0.9659258262890682f,-0.2588190451025207f,1.311732891081653f,0f,0.2588190451025207f,0.9659258262890682f,-0.8292014493810429f,0f,0f,0f,1f],start_interpolation:0}
execute if entity @s[tag=aj.chainsaw.bone.body_top] run data modify entity @s {} merge value {transformation:[1f,0f,0f,1.3183898417423734e-16f,0f,0.8660254037844386f,-0.4999999999999999f,0.9707353883415304f,0f,0.4999999999999999f,0.8660254037844386f,-1.0260764493810428f,0f,0f,0f,1f],start_interpolation:0}
execute if entity @s[tag=aj.chainsaw.locator_origin.player_camera] at @s on origin run tp @s ^0 ^-0.15535 ^-0.98793 ~-180 ~-17.5
execute if entity @s[tag=aj.chainsaw.bone.body] run data modify entity @s {} merge value {transformation:[1f,0f,0f,1.3183898417423734e-16f,0f,0.9537169507482269f,-0.30070579950427306f,0.5534842223891812f,0f,0.30070579950427306f,0.9537169507482269f,-1.1576352366641622f,0f,0f,0f,1f],start_interpolation:0}
execute if entity @s[tag=aj.chainsaw.bone.right_leg2] run data modify entity @s {} merge value {transformation:[0.991480294561584f,0.050235683009763867f,0.12017987206107762f,0.1023888756590775f,0.06979723188409925f,0.5741032313341288f,-0.8158025656940712f,0.45815173425379785f,-0.10997805198034626f,0.8172403905365021f,0.5657057292960307f,-1.4715645718509247f,0f,0f,0f,1f],start_interpolation:0}
execute if entity @s[tag=aj.chainsaw.bone.right_leg] run data modify entity @s {} merge value {transformation:[0.991480294561584f,0.06291791120952384f,0.11405332939070624f,0.12500000000000014f,0.06979723188409925f,0.4826643148115013f,-0.8730197624503476f,0.6316092223891812f,-0.10997805198034626f,0.8735424979109915f,0.47416066098531817f,-1.1576352366641622f,0f,0f,0f,1f],start_interpolation:0}
execute if entity @s[tag=aj.chainsaw.bone.left_leg2] run data modify entity @s {} merge value {transformation:[0.978513969589794f,0.14595110546539092f,0.14563202302740322f,-0.10533348622336158f,-0.15681369278082824f,0.9854157793222955f,0.06606971786736393f,0.4776372040182817f,-0.13386514510530279f,-0.08748723721814161f,0.9871302377345519f,-0.8335114386800205f,0f,0f,0f,1f],start_interpolation:0}
execute if entity @s[tag=aj.chainsaw.bone.left_leg] run data modify entity @s {} merge value {transformation:[0.978513969589794f,-0.05472421224803697f,0.19878549220568276f,-0.12499999999999986f,-0.15681369278082824f,0.4284438772059811f,0.8898569041374834f,0.6316092223891812f,-0.13386514510530279f,-0.9019096987384813f,0.4106568132241304f,-1.1576352366641622f,0f,0f,0f,1f],start_interpolation:0}