execute if entity @s[tag=aj.chainsaw.bone.right_arm2] run data modify entity @s {} merge value {transformation:[-0.24539598439636112f,0.9319430834613835f,-0.2669511191784536f,-0.0397646782524024f,0.8988817446646454f,0.3218641046515357f,0.2973467794436453f,1.111906610952573f,0.3630322574521212f,-0.1669897820986469f,-0.9166907835927348f,-0.8140701998836509f,0f,0f,0f,1f],start_interpolation:0}
execute if entity @s[tag=aj.chainsaw.bone.right_arm] run data modify entity @s {} merge value {transformation:[-0.26139778680502523f,0.7628654353577012f,-0.5913607398111062f,0.12500000000000014f,0.8901422870191259f,0.42743804558539555f,0.15793487913218093f,1.1616266002944018f,0.37325313918813f,-0.485111373524309f,-0.7907901424294335f,-0.9004810412087529f,0f,0f,0f,1f],start_interpolation:0}
execute if entity @s[tag=aj.chainsaw.bone.bone0] run data modify entity @s {} merge value {transformation:[0.00000956967039967704f,-0.0000028561412861892108f,-5.136782990068601e-7f,-0.11713779635027605f,0.0000011581675576081692f,0.000005381945785609276f,-0.000008348251761253159f,0.6009872210900109f,0.0000026608375279315853f,0.000007929509222775893f,0.00000548113374548213f,-1.0580489842661769f,0f,0f,0f,1f],start_interpolation:0}
execute if entity @s[tag=aj.chainsaw.bone.bone1] run data modify entity @s {} merge value {transformation:[0.000008966853283532551f,-0.0000041988289155332965f,0.0000014019193734601938f,-0.11713796121622581f,0.000001074633210196881f,-0.0000010074678357985109f,-0.000009890913609135073f,0.6009876828508086f,0.000004294264274022209f,0.000009019692028994833f,-4.521615274916241e-7f,-1.0580495227919482f,0f,0f,0f,1f],start_interpolation:0}
execute if entity @s[tag=aj.chainsaw.bone.bone2] run data modify entity @s {} merge value {transformation:[0.000009675466466576182f,-0.0000021591060654986268f,0.0000013128631505556427f,-0.11713744317080774f,0.0000011736287677260596f,-7.614774552716015e-7f,-0.000009901653781095302f,0.6009877469332497f,0.0000022378436428235254f,0.000009734393308421439f,-4.833660592493097e-7f,-1.058049322059535f,0f,0f,0f,1f],start_interpolation:0}
execute if entity @s[tag=aj.chainsaw.bone.bone3] run data modify entity @s {} merge value {transformation:[0.000008966853283532551f,-0.0000041988289155332965f,0.0000014019193734601938f,-0.11713763917197217f,0.000001074633210196881f,-0.0000010074678357985109f,-0.000009890913609135073f,0.6009877209376222f,0.000004294264274022209f,0.000009019692028994833f,-4.521615274916241e-7f,-1.058048696614177f,0f,0f,0f,1f],start_interpolation:0}
execute if entity @s[tag=aj.chainsaw.bone.bone4] run data modify entity @s {} merge value {transformation:[0.00000956967039967704f,-0.0000028561412861892108f,-5.136782990068601e-7f,-0.11713785703118333f,0.0000011581675576081692f,0.000005381945785609276f,-0.000008348251761253159f,0.6009881987626238f,0.0000026608375279315853f,0.000007929509222775893f,0.00000548113374548213f,-1.0580491915739942f,0f,0f,0f,1f],start_interpolation:0}
execute if entity @s[tag=aj.chainsaw.locator_origin.flail0] at @s on origin run tp @s ^-0.11714 ^0.60099 ^-1.05805 ~87.25844 ~-82.99921
execute if entity @s[tag=aj.chainsaw.locator_origin.flail1] at @s on origin run tp @s ^-0.11714 ^0.60099 ^-1.05805 ~87.25844 ~-82.99921
execute if entity @s[tag=aj.chainsaw.locator_origin.flail2] at @s on origin run tp @s ^-0.11714 ^0.60099 ^-1.05805 ~87.25844 ~-82.99921
execute if entity @s[tag=aj.chainsaw.locator_origin.flail3] at @s on origin run tp @s ^-0.11715 ^0.60099 ^-1.05805 ~87.25844 ~-82.99921
execute if entity @s[tag=aj.chainsaw.locator_origin.flail4] at @s on origin run tp @s ^-0.11715 ^0.601 ^-1.05805 ~87.25844 ~-82.99921
execute if entity @s[tag=aj.chainsaw.bone.flail_body] run data modify entity @s {} merge value {transformation:[0.0000049040843919668525f,-0.000008629473274696775f,0.0000012174347119091385f,-0.11714472750699775f,5.504394639345387e-7f,-0.0000010874568035354566f,-0.000009925444780814002f,0.6009870005159887f,0.000008697526813583881f,0.000004934534294311734f,-5.8297729379484214e-8f,-1.0580451022197783f,0f,0f,0f,1f],start_interpolation:0}
execute if entity @s[tag=aj.chainsaw.bone.flail] run data modify entity @s {} merge value {transformation:[-0.0000013626182653464153f,-0.000009906435017628004f,-7.626732234741266e-8f,-0.11714219158907319f,-2.253090213677815e-7f,1.0795461215320514e-7f,-0.000009996878595171851f,0.6009892520214103f,0.000009904166159139023f,-0.0000013604745654471355f,-2.3791101054135972e-7f,-1.0580447021080976f,0f,0f,0f,1f],start_interpolation:0}
execute if entity @s[tag=aj.chainsaw.locator_origin.shunter0] at @s on origin run tp @s ^-0.35858 ^0.81787 ^-1.28775 ~-0.57424 ~-11.56792
execute if entity @s[tag=aj.chainsaw.locator_origin.shunter1] at @s on origin run tp @s ^-0.3549 ^0.89307 ^-0.92039 ~-0.57424 ~-11.56792
execute if entity @s[tag=aj.chainsaw.locator_origin.shunter2] at @s on origin run tp @s ^-0.34876 ^1.0184 ^-0.30811 ~-0.57424 ~-11.56792
execute if entity @s[tag=aj.chainsaw.locator_origin.shunter3] at @s on origin run tp @s ^-0.34385 ^1.11866 ^0.18171 ~-0.57424 ~-11.56792
execute if entity @s[tag=aj.chainsaw.locator_origin.shunter4] at @s on origin run tp @s ^-0.33956 ^1.2064 ^0.6103 ~-0.57424 ~-11.56792
execute if entity @s[tag=aj.chainsaw.locator_origin.shunter5] at @s on origin run tp @s ^-0.33403 ^1.31919 ^1.16135 ~-0.57424 ~-11.56792
execute if entity @s[tag=aj.chainsaw.locator_origin.shunter6] at @s on origin run tp @s ^-0.32851 ^1.43199 ^1.71239 ~-0.57424 ~-11.56792
execute if entity @s[tag=aj.chainsaw.locator_origin.shunter7] at @s on origin run tp @s ^-0.32237 ^1.55732 ^2.32467 ~-0.57424 ~-11.56792
execute if entity @s[tag=aj.chainsaw.locator_origin.shunter8] at @s on origin run tp @s ^-0.31624 ^1.68265 ^2.93694 ~-0.57424 ~-11.56792
execute if entity @s[tag=aj.chainsaw.locator_origin.shunter9] at @s on origin run tp @s ^-0.3101 ^1.80798 ^3.54922 ~-0.57424 ~-11.56792
execute if entity @s[tag=aj.chainsaw.locator_origin.shunter10] at @s on origin run tp @s ^-0.30396 ^1.93331 ^4.16149 ~-0.57424 ~-11.56792
execute if entity @s[tag=aj.chainsaw.locator_origin.shunter11] at @s on origin run tp @s ^-0.29783 ^2.05865 ^4.77376 ~-0.57424 ~-11.56792
execute if entity @s[tag=aj.chainsaw.locator_origin.shunter12] at @s on origin run tp @s ^-0.29169 ^2.18398 ^5.38604 ~-0.57424 ~-11.56792
execute if entity @s[tag=aj.chainsaw.locator_origin.shunter13] at @s on origin run tp @s ^-0.28555 ^2.30931 ^5.99831 ~-0.57424 ~-11.56792
execute if entity @s[tag=aj.chainsaw.locator_origin.shunter14] at @s on origin run tp @s ^-0.27942 ^2.43464 ^6.61059 ~-0.57424 ~-11.56792
execute if entity @s[tag=aj.chainsaw.locator_origin.shunter15] at @s on origin run tp @s ^-0.27328 ^2.55997 ^7.22286 ~-0.57424 ~-11.56792
execute if entity @s[tag=aj.chainsaw.locator_origin.shunter16] at @s on origin run tp @s ^-0.26714 ^2.6853 ^7.83513 ~-0.57424 ~-11.56792
execute if entity @s[tag=aj.chainsaw.locator_origin.shunter17] at @s on origin run tp @s ^-0.26101 ^2.81063 ^8.44741 ~-0.57424 ~-11.56792
execute if entity @s[tag=aj.chainsaw.locator_origin.shunter18] at @s on origin run tp @s ^-0.25487 ^2.93596 ^9.05968 ~-0.57424 ~-11.56792
execute if entity @s[tag=aj.chainsaw.locator_origin.shunter19] at @s on origin run tp @s ^-0.24873 ^3.06129 ^9.67196 ~-0.57424 ~-11.56792
execute if entity @s[tag=aj.chainsaw.locator_origin.shunter20] at @s on origin run tp @s ^-0.2426 ^3.18662 ^10.28423 ~-0.57424 ~-11.56792
execute if entity @s[tag=aj.chainsaw.locator_origin.shunter21] at @s on origin run tp @s ^-0.23646 ^3.31195 ^10.8965 ~-0.57424 ~-11.56792
execute if entity @s[tag=aj.chainsaw.locator_origin.shunter22] at @s on origin run tp @s ^-0.23032 ^3.43729 ^11.50878 ~-0.57424 ~-11.56792
execute if entity @s[tag=aj.chainsaw.locator_origin.shunter23] at @s on origin run tp @s ^-0.22419 ^3.56262 ^12.12105 ~-0.57424 ~-11.56792
execute if entity @s[tag=aj.chainsaw.locator_origin.shunter24] at @s on origin run tp @s ^-0.21805 ^3.68795 ^12.73333 ~-0.57424 ~-11.56792
execute if entity @s[tag=aj.chainsaw.locator_origin.shunter25] at @s on origin run tp @s ^-0.21191 ^3.81328 ^13.3456 ~-0.57424 ~-11.56792
execute if entity @s[tag=aj.chainsaw.locator_origin.shunter26] at @s on origin run tp @s ^-0.20578 ^3.93861 ^13.95787 ~-0.57424 ~-11.56792
execute if entity @s[tag=aj.chainsaw.locator_origin.shunter27] at @s on origin run tp @s ^-0.19964 ^4.06394 ^14.57015 ~-0.57424 ~-11.56792
execute if entity @s[tag=aj.chainsaw.locator_origin.shunter28] at @s on origin run tp @s ^-0.1935 ^4.18927 ^15.18242 ~-0.57424 ~-11.56792
execute if entity @s[tag=aj.chainsaw.locator_origin.shunter29] at @s on origin run tp @s ^-0.18737 ^4.3146 ^15.7947 ~-0.57424 ~-11.56792
execute if entity @s[tag=aj.chainsaw.locator_origin.shunter30] at @s on origin run tp @s ^-0.18123 ^4.43993 ^16.40697 ~-0.57424 ~-11.56792
execute if entity @s[tag=aj.chainsaw.locator_origin.shunter31] at @s on origin run tp @s ^-0.17509 ^4.56526 ^17.01924 ~-0.57424 ~-11.56792
execute if entity @s[tag=aj.chainsaw.locator_origin.shunter32] at @s on origin run tp @s ^-0.16896 ^4.69059 ^17.63152 ~-0.57424 ~-11.56792
execute if entity @s[tag=aj.chainsaw.bone.serpent_hunter] run data modify entity @s {} merge value {transformation:[-1.4982606309301254f,0.0706977374852885f,-0.014727923116430734f,-0.35377599353915673f,0.07221514303119089f,1.467756056381349f,-0.3007941689475621f,1.0437660880396475f,0.00023435410579986972f,-0.30115442694792194f,-1.4694577082066094f,-0.18565526297088542f,0f,0f,0f,1f],start_interpolation:0}
execute if entity @s[tag=aj.chainsaw.bone.left_arm2] run data modify entity @s {} merge value {transformation:[-0.9988404206200836f,0.037272707303864575f,-0.030472273064784304f,-0.2615979839062458f,0.04814342868746059f,0.7753494880616533f,-0.6296946733431587f,1.0122191495474149f,0.00015623607053324648f,-0.630431532089546f,-0.7762448447091403f,-1.2103885539846406f,0f,0f,0f,1f],start_interpolation:0}
execute if entity @s[tag=aj.chainsaw.bone.left_arm] run data modify entity @s {} merge value {transformation:[-0.9988404206200836f,0.02534651398635404f,0.04093126389734256f,-0.3749999999999999f,0.04814342868746059f,0.5231041318040812f,0.8509079136802723f,1.2553766002944018f,0.00015623607053324648f,0.8518917897938902f,-0.52371781912787f,-1.0628608044183352f,0f,0f,0f,1f],start_interpolation:0}
execute if entity @s[tag=aj.chainsaw.bone.head] run data modify entity @s {} merge value {transformation:[1f,0f,0f,1.3877787807814457e-16f,0f,0.9659258262890682f,-0.2588190451025207f,1.317367752088415f,0f,0.2588190451025207f,0.9659258262890682f,-0.8827326289452804f,0f,0f,0f,1f],start_interpolation:0}
execute if entity @s[tag=aj.chainsaw.bone.body_top] run data modify entity @s {} merge value {transformation:[1f,0f,0f,1.3877787807814457e-16f,0f,0.8660254037844386f,-0.4999999999999999f,0.9763702493482922f,0f,0.4999999999999999f,0.8660254037844386f,-1.0796076289452803f,0f,0f,0f,1f],start_interpolation:0}
execute if entity @s[tag=aj.chainsaw.locator_origin.player_camera] at @s on origin run tp @s ^0 ^-0.14972 ^-1.04146 ~-180 ~-17.5
execute if entity @s[tag=aj.chainsaw.bone.body] run data modify entity @s {} merge value {transformation:[1f,0f,0f,1.3877787807814457e-16f,0f,0.9537169507482269f,-0.30070579950427306f,0.559119083395943f,0f,0.30070579950427306f,0.9537169507482269f,-1.2111664162283997f,0f,0f,0f,1f],start_interpolation:0}
execute if entity @s[tag=aj.chainsaw.bone.right_leg2] run data modify entity @s {} merge value {transformation:[0.991480294561584f,0.050235683009763846f,0.12017987206107762f,0.10238887565907752f,0.06979723188409925f,0.5741032313341289f,-0.815802565694071f,0.4637865952605596f,-0.10997805198034624f,0.8172403905365019f,0.5657057292960308f,-1.5250957514151622f,0f,0f,0f,1f],start_interpolation:0}
execute if entity @s[tag=aj.chainsaw.bone.right_leg] run data modify entity @s {} merge value {transformation:[0.991480294561584f,0.06291791120952381f,0.11405332939070625f,0.12500000000000014f,0.06979723188409925f,0.4826643148115015f,-0.8730197624503474f,0.637244083395943f,-0.10997805198034624f,0.8735424979109913f,0.4741606609853184f,-1.2111664162283997f,0f,0f,0f,1f],start_interpolation:0}
execute if entity @s[tag=aj.chainsaw.bone.left_leg2] run data modify entity @s {} merge value {transformation:[0.978513969589794f,0.14595110546539092f,0.14563202302740322f,-0.10533348622336158f,-0.15681369278082824f,0.9854157793222955f,0.06606971786736393f,0.4832720650250435f,-0.13386514510530279f,-0.08748723721814161f,0.9871302377345519f,-0.887042618244258f,0f,0f,0f,1f],start_interpolation:0}
execute if entity @s[tag=aj.chainsaw.bone.left_leg] run data modify entity @s {} merge value {transformation:[0.978513969589794f,-0.05472421224803697f,0.19878549220568276f,-0.12499999999999986f,-0.15681369278082824f,0.4284438772059811f,0.8898569041374834f,0.637244083395943f,-0.13386514510530279f,-0.9019096987384813f,0.4106568132241304f,-1.2111664162283997f,0f,0f,0f,1f],start_interpolation:0}