execute if entity @s[tag=aj.chainsaw.bone.right_arm2] run data modify entity @s {} merge value {transformation:[-0.23958230240396594f,0.9334385773443403f,-0.2670070087098617f,-0.039879420585953174f,0.9029888554648893f,0.3152692186930875f,0.2919185616757861f,1.1160530447748058f,0.3566671379325885f,-0.17116583207528263f,-0.9184175578945295f,-1.6830444625838341f,0f,0f,0f,1f],start_interpolation:0}
execute if entity @s[tag=aj.chainsaw.bone.right_arm] run data modify entity @s {} merge value {transformation:[-0.2556140058125871f,0.7643564825311944f,-0.5919633837028961f,0.12500000000000025f,0.8944184329393581f,0.4193953456511682f,0.15531648613215596f,1.164176859671074f,0.3669838509399911f,-0.48976189282004867f,-0.7908578516336403f,-1.7701374309874387f,0f,0f,0f,1f],start_interpolation:0}
execute if entity @s[tag=aj.chainsaw.bone.bone0] run data modify entity @s {} merge value {transformation:[0.000009569773247132464f,-0.000002855835041584579f,-5.134649099261311e-7f,-0.11713751785164758f,0.0000011657427150521242f,0.000005404511560211946f,-0.000008332604557870146f,0.6032215377244772f,0.0000026571571125491933f,0.000007914256819865847f,0.000005504911903785221f,-1.9260427162775065f,0f,0f,0f,1f],start_interpolation:0}
execute if entity @s[tag=aj.chainsaw.bone.bone1] run data modify entity @s {} merge value {transformation:[0.000008967019383700871f,-0.000004198479559784485f,0.0000014019032628554644f,-0.11713768273851223f,0.000001086861605207726f,-9.817707265488422e-7f,-0.000009892161446904161f,0.6032219979493723f,0.000004290838522184007f,0.00000902268782717011f,-4.240390901534366e-7f,-1.9260432561100636f,0f,0f,0f,1f],start_interpolation:0}
execute if entity @s[tag=aj.chainsaw.bone.bone2] run data modify entity @s {} merge value {transformation:[0.000009675552934952441f,-0.000002158729075322423f,0.0000013128458334057564f,-0.11713716468533195f,0.0000011799989414227698f,-7.337454101298738e-7f,-0.000009902990466084197f,0.6032220626033681f,0.0000022341168056246336f,0.000009736606516259706f,-4.552094532790973e-7f,-1.9260430555810646f,0f,0f,0f,1f],start_interpolation:0}
execute if entity @s[tag=aj.chainsaw.bone.bone3] run data modify entity @s {} merge value {transformation:[0.000008967019383700871f,-0.000004198479559784485f,0.0000014019032628554644f,-0.11713736066227755f,0.000001086861605207726f,-9.817707265488422e-7f,-0.000009892161446904161f,0.6032220383894599f,0.000004290838522184007f,0.00000902268782717011f,-4.240390901534366e-7f,-1.9260424300566061f,0f,0f,0f,1f],start_interpolation:0}
execute if entity @s[tag=aj.chainsaw.bone.bone4] run data modify entity @s {} merge value {transformation:[0.000009569773247132464f,-0.000002855835041584579f,-5.134649099261311e-7f,-0.1171375785407191f,0.0000011657427150521242f,0.000005404511560211946f,-0.000008332604557870146f,0.6032225148025924f,0.0000026571571125491933f,0.000007914256819865847f,0.000005504911903785221f,-1.926042926367094f,0f,0f,0f,1f],start_interpolation:0}
execute if entity @s[tag=aj.chainsaw.locator_origin.flail0] at @s on origin run tp @s ^-0.11714 ^0.60322 ^-1.92604 ~88.58505 ~-83.00513
execute if entity @s[tag=aj.chainsaw.locator_origin.flail1] at @s on origin run tp @s ^-0.11714 ^0.60322 ^-1.92604 ~88.58505 ~-83.00513
execute if entity @s[tag=aj.chainsaw.locator_origin.flail2] at @s on origin run tp @s ^-0.11714 ^0.60322 ^-1.92604 ~88.58505 ~-83.00513
execute if entity @s[tag=aj.chainsaw.locator_origin.flail3] at @s on origin run tp @s ^-0.11714 ^0.60323 ^-1.92604 ~88.58505 ~-83.00513
execute if entity @s[tag=aj.chainsaw.locator_origin.flail4] at @s on origin run tp @s ^-0.11715 ^0.60323 ^-1.92604 ~88.58505 ~-83.00513
execute if entity @s[tag=aj.chainsaw.bone.flail_body] run data modify entity @s {} merge value {transformation:[0.000004904421047837301f,-0.000008629282067092643f,0.0000012174338553218705f,-0.11714444885803395f,5.752128262668844e-7f,-0.0000010733963315974637f,-0.0000099255705387555f,0.6032213282093853f,0.000008695733689001096f,0.000004937946063077895f,-3.0071383489145134e-8f,-1.9260388333501905f,0f,0f,0f,1f],start_interpolation:0}
execute if entity @s[tag=aj.chainsaw.bone.flail] run data modify entity @s {} merge value {transformation:[-0.000001362234778470348f,-0.000009906487698175892f,-7.627512186569353e-8f,-0.11714191292493828f,-1.970955184474005e-7f,1.0407847190267828e-7f,-0.000009997515742838035f,0.6032235808454935f,0.000009904820531687277f,-0.0000013603930158510046f,-2.0943036429806548e-7f,-1.9260384397518686f,0f,0f,0f,1f],start_interpolation:0}
execute if entity @s[tag=aj.chainsaw.locator_origin.shunter0] at @s on origin run tp @s ^-0.35603 ^0.87249 ^-2.1594 ~-0.26867 ~-5.48855
execute if entity @s[tag=aj.chainsaw.locator_origin.shunter1] at @s on origin run tp @s ^-0.35428 ^0.90835 ^-1.78612 ~-0.26867 ~-5.48855
execute if entity @s[tag=aj.chainsaw.locator_origin.shunter2] at @s on origin run tp @s ^-0.35136 ^0.96813 ^-1.16399 ~-0.26867 ~-5.48855
execute if entity @s[tag=aj.chainsaw.locator_origin.shunter3] at @s on origin run tp @s ^-0.34903 ^1.01596 ^-0.66629 ~-0.26867 ~-5.48855
execute if entity @s[tag=aj.chainsaw.locator_origin.shunter4] at @s on origin run tp @s ^-0.34699 ^1.0578 ^-0.2308 ~-0.26867 ~-5.48855
execute if entity @s[tag=aj.chainsaw.locator_origin.shunter5] at @s on origin run tp @s ^-0.34436 ^1.1116 ^0.32911 ~-0.26867 ~-5.48855
execute if entity @s[tag=aj.chainsaw.locator_origin.shunter6] at @s on origin run tp @s ^-0.34174 ^1.1654 ^0.88903 ~-0.26867 ~-5.48855
execute if entity @s[tag=aj.chainsaw.locator_origin.shunter7] at @s on origin run tp @s ^-0.33882 ^1.22518 ^1.51116 ~-0.26867 ~-5.48855
execute if entity @s[tag=aj.chainsaw.locator_origin.shunter8] at @s on origin run tp @s ^-0.3359 ^1.28496 ^2.13328 ~-0.26867 ~-5.48855
execute if entity @s[tag=aj.chainsaw.locator_origin.shunter9] at @s on origin run tp @s ^-0.33298 ^1.34474 ^2.75541 ~-0.26867 ~-5.48855
execute if entity @s[tag=aj.chainsaw.locator_origin.shunter10] at @s on origin run tp @s ^-0.33007 ^1.40452 ^3.37754 ~-0.26867 ~-5.48855
execute if entity @s[tag=aj.chainsaw.locator_origin.shunter11] at @s on origin run tp @s ^-0.32715 ^1.4643 ^3.99967 ~-0.26867 ~-5.48855
execute if entity @s[tag=aj.chainsaw.locator_origin.shunter12] at @s on origin run tp @s ^-0.32423 ^1.52408 ^4.6218 ~-0.26867 ~-5.48855
execute if entity @s[tag=aj.chainsaw.locator_origin.shunter13] at @s on origin run tp @s ^-0.32132 ^1.58386 ^5.24392 ~-0.26867 ~-5.48855
execute if entity @s[tag=aj.chainsaw.locator_origin.shunter14] at @s on origin run tp @s ^-0.3184 ^1.64364 ^5.86605 ~-0.26867 ~-5.48855
execute if entity @s[tag=aj.chainsaw.locator_origin.shunter15] at @s on origin run tp @s ^-0.31548 ^1.70342 ^6.48818 ~-0.26867 ~-5.48855
execute if entity @s[tag=aj.chainsaw.locator_origin.shunter16] at @s on origin run tp @s ^-0.31256 ^1.7632 ^7.11031 ~-0.26867 ~-5.48855
execute if entity @s[tag=aj.chainsaw.locator_origin.shunter17] at @s on origin run tp @s ^-0.30965 ^1.82298 ^7.73243 ~-0.26867 ~-5.48855
execute if entity @s[tag=aj.chainsaw.locator_origin.shunter18] at @s on origin run tp @s ^-0.30673 ^1.88276 ^8.35456 ~-0.26867 ~-5.48855
execute if entity @s[tag=aj.chainsaw.locator_origin.shunter19] at @s on origin run tp @s ^-0.30381 ^1.94253 ^8.97669 ~-0.26867 ~-5.48855
execute if entity @s[tag=aj.chainsaw.locator_origin.shunter20] at @s on origin run tp @s ^-0.30089 ^2.00231 ^9.59882 ~-0.26867 ~-5.48855
execute if entity @s[tag=aj.chainsaw.locator_origin.shunter21] at @s on origin run tp @s ^-0.29798 ^2.06209 ^10.22095 ~-0.26867 ~-5.48855
execute if entity @s[tag=aj.chainsaw.locator_origin.shunter22] at @s on origin run tp @s ^-0.29506 ^2.12187 ^10.84307 ~-0.26867 ~-5.48855
execute if entity @s[tag=aj.chainsaw.locator_origin.shunter23] at @s on origin run tp @s ^-0.29214 ^2.18165 ^11.4652 ~-0.26867 ~-5.48855
execute if entity @s[tag=aj.chainsaw.locator_origin.shunter24] at @s on origin run tp @s ^-0.28923 ^2.24143 ^12.08733 ~-0.26867 ~-5.48855
execute if entity @s[tag=aj.chainsaw.locator_origin.shunter25] at @s on origin run tp @s ^-0.28631 ^2.30121 ^12.70946 ~-0.26867 ~-5.48855
execute if entity @s[tag=aj.chainsaw.locator_origin.shunter26] at @s on origin run tp @s ^-0.28339 ^2.36099 ^13.33158 ~-0.26867 ~-5.48855
execute if entity @s[tag=aj.chainsaw.locator_origin.shunter27] at @s on origin run tp @s ^-0.28047 ^2.42077 ^13.95371 ~-0.26867 ~-5.48855
execute if entity @s[tag=aj.chainsaw.locator_origin.shunter28] at @s on origin run tp @s ^-0.27756 ^2.48055 ^14.57584 ~-0.26867 ~-5.48855
execute if entity @s[tag=aj.chainsaw.locator_origin.shunter29] at @s on origin run tp @s ^-0.27464 ^2.54033 ^15.19797 ~-0.26867 ~-5.48855
execute if entity @s[tag=aj.chainsaw.locator_origin.shunter30] at @s on origin run tp @s ^-0.27172 ^2.60011 ^15.8201 ~-0.26867 ~-5.48855
execute if entity @s[tag=aj.chainsaw.locator_origin.shunter31] at @s on origin run tp @s ^-0.2688 ^2.65988 ^16.44222 ~-0.26867 ~-5.48855
execute if entity @s[tag=aj.chainsaw.locator_origin.shunter32] at @s on origin run tp @s ^-0.26589 ^2.71966 ^17.06435 ~-0.26867 ~-5.48855
execute if entity @s[tag=aj.chainsaw.bone.serpent_hunter] run data modify entity @s {} merge value {transformation:[-1.4982606309301254f,0.07187530967166703f,-0.007001547290723057f,-0.35702320818512234f,0.07221547130895663f,1.4913756230246924f,-0.14347012494360978f,0.9803897828285394f,0.00008665152925617023f,-0.14364083997008517f,-1.4931065941801345f,-1.0395661779755665f,0f,0f,0f,1f],start_interpolation:0}
execute if entity @s[tag=aj.chainsaw.bone.left_arm2] run data modify entity @s {} merge value {transformation:[-0.9988404206200836f,0.037248189738014394f,-0.0305022375693197f,-0.2616036614081356f,0.04814364753930442f,0.7735505202183568f,-0.6319033010449624f,1.014017844580473f,0.00005776768617078015f,-0.6326390479816669f,-0.7744467907040123f,-2.0795474944210506f,0f,0f,0f,1f],start_interpolation:0}
execute if entity @s[tag=aj.chainsaw.bone.left_arm] run data modify entity @s {} merge value {transformation:[-0.9988404206200836f,0.025379422324912203f,0.04091086723534576f,-0.3749999999999998f,0.04814364753930442f,0.5255286768122343f,0.8494126200202075f,1.2575945472284706f,0.00005776768617078015f,0.8503972570336972f,-0.5261411425582097f,-1.932708602021631f,0f,0f,0f,1f],start_interpolation:0}
execute if entity @s[tag=aj.chainsaw.bone.head] run data modify entity @s {} merge value {transformation:[1f,0f,0f,2.498001805406602e-16f,0f,0.966453170140132f,-0.2568428895766618f,1.3199539866497538f,0f,0.2568428895766618f,0.966453170140132f,-1.752707594204832f,0f,0f,0f,1f],start_interpolation:0}
execute if entity @s[tag=aj.chainsaw.bone.body_top] run data modify entity @s {} merge value {transformation:[1f,0f,0f,2.498001805406602e-16f,0f,0.8670462455156926f,-0.49822766697278187f,0.9785545274779497f,0f,0.49822766697278187f,0.8670462455156926f,-1.9488847380753649f,0f,0f,0f,1f],start_interpolation:0}
execute if entity @s[tag=aj.chainsaw.locator_origin.player_camera] at @s on origin run tp @s ^0 ^-0.14745 ^-1.90844 ~-180 ~-17.38281
execute if entity @s[tag=aj.chainsaw.bone.body] run data modify entity @s {} merge value {transformation:[1f,0f,0f,2.498001805406602e-16f,0f,0.9543299913781708f,-0.2987545272563088f,0.56103515625f,0f,0.2987545272563088f,0.9543299913781708f,-2.07958984375f,0f,0f,0f,1f],start_interpolation:0}
execute if entity @s[tag=aj.chainsaw.bone.right_leg2] run data modify entity @s {} merge value {transformation:[0.991480294561584f,-0.05844658853627301f,0.11640799708158397f,0.17180841507339145f,0.06979723188409924f,0.9929364499217025f,-0.09594557226992667f,0.4450381124460796f,-0.10997805198034623f,0.1032531002215335f,0.9885563339422039f,-1.780798955313445f,0f,0f,0f,1f],start_interpolation:0}
execute if entity @s[tag=aj.chainsaw.bone.right_leg] run data modify entity @s {} merge value {transformation:[0.991480294561584f,-0.13024950281291464f,0.0013756863970402627f,0.12500000000000025f,0.06979723188409924f,0.5401656871065612f,0.8386592734203884f,0.63916015625f,-0.10997805198034623f,-0.8314181243451968f,0.5446546893150954f,-2.07958984375f,0f,0f,0f,1f],start_interpolation:0}
execute if entity @s[tag=aj.chainsaw.bone.left_leg2] run data modify entity @s {} merge value {transformation:[0.9802186048111361f,0.1946775962749697f,-0.03566679535239771f,-0.1949226075887444f,-0.1576345055457777f,0.6589569242553699f,-0.7354774875121883f,0.4031595245503756f,-0.11967810761976509f,0.7265510343289746f,0.6766097435538815f,-2.3414388869225284f,0f,0f,0f,1f],start_interpolation:0}
execute if entity @s[tag=aj.chainsaw.bone.left_leg] run data modify entity @s {} merge value {transformation:[0.9802186048111361f,0.19456725589911564f,-0.03626388994575673f,-0.12499999999999975f,-0.1576345055457777f,0.6566974099467809f,-0.7374956775673521f,0.63916015625f,-0.11967810761976509f,0.7286234244800792f,0.6743775321401762f,-2.07958984375f,0f,0f,0f,1f],start_interpolation:0}