execute if entity @s[tag=aj.chainsaw.bone.right_arm2] run data modify entity @s {} merge value {transformation:[0.15626470428317135f,0.9377316333845482f,-0.3102268942971268f,0.32893477480816075f,0.9848075390826985f,-0.1720025538968747f,-0.02385859213851904f,1.2825996382008986f,-0.07573277468291086f,-0.3017855284848833f,-0.9503631104140812f,-3.1595034350478532f,0f,0f,0f,1f],start_interpolation:0}
execute if entity @s[tag=aj.chainsaw.bone.right_arm] run data modify entity @s {} merge value {transformation:[0.16154304730366975f,-0.2508510381647456f,-0.9544514657747212f,0.3125000000000004f,0.9853030149957229f,-0.013407708113608169f,0.17028858447787568f,1.2466789267783276f,-0.055514074865593094f,-0.9679328437525042f,0.24499836219250057f,-3.285297369047799f,0f,0f,0f,1f],start_interpolation:0}
execute if entity @s[tag=aj.chainsaw.bone.bone0] run data modify entity @s {} merge value {transformation:[0.12430535361737294f,0.8082844946387459f,0.5755209420938975f,-0.4956524279476192f,-0.9849848495460521f,0.03048675691717974f,0.16992764288783097f,0.9492478706743344f,0.1198041118943807f,-0.588002324297498f,0.7999376484413888f,-2.1545388418655587f,0f,0f,0f,1f],start_interpolation:0}
execute if entity @s[tag=aj.chainsaw.bone.bone1] run data modify entity @s {} merge value {transformation:[0.29471288084517067f,0.9549857011083727f,-0.03386190399978274f,-0.548038622978538f,-0.948759271570982f,0.2966518313766869f,0.10887394338847914f,0.9618114912072759f,0.11401825499471704f,0.000040241867847935764f,0.9934786539773022f,-2.2035488431797603f,0f,0f,0f,1f],start_interpolation:0}
execute if entity @s[tag=aj.chainsaw.bone.bone2] run data modify entity @s {} merge value {transformation:[0.08090731284950026f,0.9960836493403248f,-0.03565627917119499f,-0.535704502826254f,-0.9893881104646798f,0.08459219744352492f,0.11813266695883488f,0.907636298254229f,0.12068626101841251f,0.025720102032005684f,0.9923574470687763f,-2.1971747463584133f,0f,0f,0f,1f],start_interpolation:0}
execute if entity @s[tag=aj.chainsaw.bone.bone3] run data modify entity @s {} merge value {transformation:[0.29471288084517067f,0.9549857011083727f,-0.03386190399978274f,-0.47096598307298504f,-0.948759271570982f,0.2966518313766869f,0.10887394338847914f,0.9180209106086223f,0.11401825499471704f,0.000040241867847935764f,0.9934786539773022f,-2.1991305414528606f,0f,0f,0f,1f],start_interpolation:0}
execute if entity @s[tag=aj.chainsaw.bone.bone4] run data modify entity @s {} merge value {transformation:[0.12430535361737294f,0.8082844946387459f,0.5755209420938975f,-0.5183417270268845f,-0.9849848495460521f,0.03048675691717974f,0.16992764288783097f,0.9346565571484874f,0.1198041118943807f,-0.588002324297498f,0.7999376484413888f,-2.2509614206059374f,0f,0f,0f,1f],start_interpolation:0}
execute if entity @s[tag=aj.chainsaw.locator_origin.flail0] at @s on origin run tp @s ^-0.49154 ^0.95156 ^-2.20927 ~179.54823 ~6.99081
execute if entity @s[tag=aj.chainsaw.locator_origin.flail1] at @s on origin run tp @s ^-0.22305 ^1.29415 ^-2.2534 ~179.54823 ~6.99081
execute if entity @s[tag=aj.chainsaw.locator_origin.flail2] at @s on origin run tp @s ^-0.0169 ^1.54323 ^-2.41151 ~179.54823 ~6.99081
execute if entity @s[tag=aj.chainsaw.locator_origin.flail3] at @s on origin run tp @s ^-0.01984 ^1.49758 ^-2.78371 ~179.54823 ~6.99081
execute if entity @s[tag=aj.chainsaw.locator_origin.flail4] at @s on origin run tp @s ^-0.02326 ^1.44434 ^-3.21794 ~179.54823 ~6.99081
execute if entity @s[tag=aj.chainsaw.bone.flail_body] run data modify entity @s {} merge value {transformation:[0.7894978032213589f,0.6137034862600866f,0.007826216254644554f,-0.012804719588313331f,-0.6099114669789263f,0.7830674659811233f,0.12171009066431998f,1.5637440202235071f,0.06856545162297971f,-0.10086314824611736f,0.9925348377611835f,-2.298938561860747f,0f,0f,0f,1f],start_interpolation:0}
execute if entity @s[tag=aj.chainsaw.bone.flail] run data modify entity @s {} merge value {transformation:[0.9999497305779732f,0.005192799607962317f,0.008577362605770023f,-0.016080243957272478f,-0.007174071295844298f,0.9681620865910692f,0.25022131561613603f,1.2605643426544701f,-0.00700492812821496f,-0.2502702717460851f,0.96815067115716f,-2.456017559356661f,0f,0f,0f,1f],start_interpolation:0}
execute if entity @s[tag=aj.chainsaw.locator_origin.shunter0] at @s on origin run tp @s ^0.44894 ^1.14517 ^-3.29938 ~-138.77694 ~18.05393
execute if entity @s[tag=aj.chainsaw.locator_origin.shunter1] at @s on origin run tp @s ^0.44895 ^1.14517 ^-3.29938 ~-138.77694 ~18.05393
execute if entity @s[tag=aj.chainsaw.locator_origin.shunter2] at @s on origin run tp @s ^0.44895 ^1.14517 ^-3.29939 ~-138.77694 ~18.05393
execute if entity @s[tag=aj.chainsaw.locator_origin.shunter3] at @s on origin run tp @s ^0.44895 ^1.14517 ^-3.29939 ~-138.77694 ~18.05393
execute if entity @s[tag=aj.chainsaw.locator_origin.shunter4] at @s on origin run tp @s ^0.44896 ^1.14517 ^-3.29939 ~-138.77694 ~18.05393
execute if entity @s[tag=aj.chainsaw.locator_origin.shunter5] at @s on origin run tp @s ^0.44896 ^1.14516 ^-3.2994 ~-138.77694 ~18.05393
execute if entity @s[tag=aj.chainsaw.locator_origin.shunter6] at @s on origin run tp @s ^0.44896 ^1.14516 ^-3.2994 ~-138.77694 ~18.05393
execute if entity @s[tag=aj.chainsaw.locator_origin.shunter7] at @s on origin run tp @s ^0.44897 ^1.14516 ^-3.29941 ~-138.77694 ~18.05393
execute if entity @s[tag=aj.chainsaw.locator_origin.shunter8] at @s on origin run tp @s ^0.44897 ^1.14516 ^-3.29941 ~-138.77694 ~18.05393
execute if entity @s[tag=aj.chainsaw.locator_origin.shunter9] at @s on origin run tp @s ^0.44897 ^1.14516 ^-3.29942 ~-138.77694 ~18.05393
execute if entity @s[tag=aj.chainsaw.locator_origin.shunter10] at @s on origin run tp @s ^0.44898 ^1.14516 ^-3.29942 ~-138.77694 ~18.05393
execute if entity @s[tag=aj.chainsaw.locator_origin.shunter11] at @s on origin run tp @s ^0.44898 ^1.14515 ^-3.29943 ~-138.77694 ~18.05393
execute if entity @s[tag=aj.chainsaw.locator_origin.shunter12] at @s on origin run tp @s ^0.44899 ^1.14515 ^-3.29943 ~-138.77694 ~18.05393
execute if entity @s[tag=aj.chainsaw.locator_origin.shunter13] at @s on origin run tp @s ^0.44899 ^1.14515 ^-3.29943 ~-138.77694 ~18.05393
execute if entity @s[tag=aj.chainsaw.locator_origin.shunter14] at @s on origin run tp @s ^0.44899 ^1.14515 ^-3.29944 ~-138.77694 ~18.05393
execute if entity @s[tag=aj.chainsaw.locator_origin.shunter15] at @s on origin run tp @s ^0.449 ^1.14515 ^-3.29944 ~-138.77694 ~18.05393
execute if entity @s[tag=aj.chainsaw.locator_origin.shunter16] at @s on origin run tp @s ^0.449 ^1.14514 ^-3.29945 ~-138.77694 ~18.05393
execute if entity @s[tag=aj.chainsaw.locator_origin.shunter17] at @s on origin run tp @s ^0.44901 ^1.14514 ^-3.29945 ~-138.77694 ~18.05393
execute if entity @s[tag=aj.chainsaw.locator_origin.shunter18] at @s on origin run tp @s ^0.44901 ^1.14514 ^-3.29946 ~-138.77694 ~18.05393
execute if entity @s[tag=aj.chainsaw.locator_origin.shunter19] at @s on origin run tp @s ^0.44901 ^1.14514 ^-3.29946 ~-138.77694 ~18.05393
execute if entity @s[tag=aj.chainsaw.locator_origin.shunter20] at @s on origin run tp @s ^0.44902 ^1.14514 ^-3.29947 ~-138.77694 ~18.05393
execute if entity @s[tag=aj.chainsaw.locator_origin.shunter21] at @s on origin run tp @s ^0.44902 ^1.14513 ^-3.29947 ~-138.77694 ~18.05393
execute if entity @s[tag=aj.chainsaw.locator_origin.shunter22] at @s on origin run tp @s ^0.44902 ^1.14513 ^-3.29947 ~-138.77694 ~18.05393
execute if entity @s[tag=aj.chainsaw.locator_origin.shunter23] at @s on origin run tp @s ^0.44903 ^1.14513 ^-3.29948 ~-138.77694 ~18.05393
execute if entity @s[tag=aj.chainsaw.locator_origin.shunter24] at @s on origin run tp @s ^0.44903 ^1.14513 ^-3.29948 ~-138.77694 ~18.05393
execute if entity @s[tag=aj.chainsaw.locator_origin.shunter25] at @s on origin run tp @s ^0.44904 ^1.14513 ^-3.29949 ~-138.77694 ~18.05393
execute if entity @s[tag=aj.chainsaw.locator_origin.shunter26] at @s on origin run tp @s ^0.44904 ^1.14512 ^-3.29949 ~-138.77694 ~18.05393
execute if entity @s[tag=aj.chainsaw.locator_origin.shunter27] at @s on origin run tp @s ^0.44904 ^1.14512 ^-3.2995 ~-138.77694 ~18.05393
execute if entity @s[tag=aj.chainsaw.locator_origin.shunter28] at @s on origin run tp @s ^0.44905 ^1.14512 ^-3.2995 ~-138.77694 ~18.05393
execute if entity @s[tag=aj.chainsaw.locator_origin.shunter29] at @s on origin run tp @s ^0.44905 ^1.14512 ^-3.29951 ~-138.77694 ~18.05393
execute if entity @s[tag=aj.chainsaw.locator_origin.shunter30] at @s on origin run tp @s ^0.44906 ^1.14512 ^-3.29951 ~-138.77694 ~18.05393
execute if entity @s[tag=aj.chainsaw.locator_origin.shunter31] at @s on origin run tp @s ^0.44906 ^1.14511 ^-3.29951 ~-138.77694 ~18.05393
execute if entity @s[tag=aj.chainsaw.locator_origin.shunter32] at @s on origin run tp @s ^0.44906 ^1.14511 ^-3.29952 ~-138.77694 ~18.05393
execute if entity @s[tag=aj.chainsaw.bone.serpent_hunter] run data modify entity @s {} merge value {transformation:[0.000002099405703670134f,-0.000011500706821497519f,-0.000009398203993176454f,0.44895019969051386f,0.000014210499855615386f,-0.0000012047649242461462f,0.00000464868103130999f,1.145169294270958f,-0.000004319049611309466f,-0.00000955417626398355f,0.000010726766818188085f,-3.299389061351752f,0f,0f,0f,1f],start_interpolation:0}
execute if entity @s[tag=aj.chainsaw.bone.left_arm2] run data modify entity @s {} merge value {transformation:[0.1399603802446756f,-0.6531305756582158f,-0.744198591171828f,-0.1591504742192507f,0.9473666570410257f,-0.13023208337783987f,0.2924654194703693f,1.3228005179202302f,-0.28793664075396436f,-0.7459625028105871f,0.6005267981629858f,-2.890579087173939f,0f,0f,0f,1f],start_interpolation:0}
execute if entity @s[tag=aj.chainsaw.bone.left_arm] run data modify entity @s {} merge value {transformation:[0.1399603802446756f,-0.15098712894010374f,-0.9785775282808155f,-0.2499999999999996f,0.9473666570410257f,-0.2669781804276796f,0.1766891855842826f,1.3688337427657262f,-0.28793664075396436f,-0.9518012072223643f,0.10567380395051869f,-3.2174044317782657f,0f,0f,0f,1f],start_interpolation:0}
execute if entity @s[tag=aj.chainsaw.bone.head] run data modify entity @s {} merge value {transformation:[0.9458172417006346f,-0.053443776098116666f,-0.3202709916589037f,4.0245584642661925e-16f,-0.014163191924558078f,0.9786319967462971f,-0.20513122370537276f,1.4554588341899193f,0.32439042725751227f,0.19855270771442513f,0.9248500813445165f,-3.338741384252564f,0f,0f,0f,1f],start_interpolation:0}
execute if entity @s[tag=aj.chainsaw.bone.body_top] run data modify entity @s {} merge value {transformation:[1f,0f,0f,4.0245584642661925e-16f,0f,0.9990482215818578f,-0.043619387365336f,1.0620835969420628f,0f,0.043619387365336f,0.9990482215818578f,-3.3559165180276653f,0f,0f,0f,1f],start_interpolation:0}
execute if entity @s[tag=aj.chainsaw.locator_origin.player_camera] at @s on origin run tp @s ^0 ^-0.01576 ^-3.02762 ~-180 ~-2.5
execute if entity @s[tag=aj.chainsaw.bone.body] run data modify entity @s {} merge value {transformation:[1f,0f,0f,4.0245584642661925e-16f,0f,0.9990482215818578f,-0.043619387365336f,0.625f,0f,0.043619387365336f,0.9990482215818578f,-3.375f,0f,0f,0f,1f],start_interpolation:0}
execute if entity @s[tag=aj.chainsaw.bone.right_leg2] run data modify entity @s {} merge value {transformation:[0.9676808771453012f,-0.12435244853276589f,0.21938593517180247f,0.19645885981451428f,0.17950453145262374f,0.9506954295349878f,-0.25289587471775615f,0.3526958822117285f,-0.17712098462710318f,0.2841032713736165f,0.9422916151593065f,-3.3397373372369104f,0f,0f,0f,1f],start_interpolation:0}
execute if entity @s[tag=aj.chainsaw.bone.right_leg] run data modify entity @s {} merge value {transformation:[0.9676808771453012f,-0.19884204470125605f,0.15509855339855433f,0.1250000000000004f,0.17950453145262374f,0.9751071103673642f,0.13017006759997898f,0.703125f,-0.17712098462710318f,-0.09812219203642356f,0.9792855519380916f,-3.375f,0f,0f,0f,1f],start_interpolation:0}
execute if entity @s[tag=aj.chainsaw.bone.left_leg2] run data modify entity @s {} merge value {transformation:[0.9848077463102579f,0.165611272461461f,0.052216944002943265f,-0.17763171420363189f,-0.1604300601002887f,0.9828084951805737f,-0.09137646095748173f,0.35346387887961384f,-0.06645222813065452f,0.08161107911669926f,0.9944464455876341f,-3.310833079691933f,0f,0f,0f,1f],start_interpolation:0}
execute if entity @s[tag=aj.chainsaw.bone.left_leg] run data modify entity @s {} merge value {transformation:[0.9848077463102579f,0.1464534656101072f,0.09330104617902171f,-0.1249999999999996f,-0.1604300601002887f,0.9729700761610746f,0.1661066726875551f,0.703125f,-0.06645222813065452f,-0.17855143042244706f,0.9816840062212329f,-3.375f,0f,0f,0f,1f],start_interpolation:0}