execute if entity @s[tag=aj.chainsaw.bone.right_arm2] run data modify entity @s {} merge value {transformation:[-0.1815557511062573f,0.9509450682162579f,-0.2504815092485261f,-0.04235370284850498f,0.9354636641205317f,0.2455536264351485f,0.25418723346135297f,1.132477677847465f,0.3032247390145329f,-0.1881671963433696f,-0.9341562309752283f,-1.662255383399755f,0f,0f,0f,1f],start_interpolation:0}
execute if entity @s[tag=aj.chainsaw.bone.right_arm] run data modify entity @s {} merge value {transformation:[-0.19806751067079587f,0.7879259638179146f,-0.5830453985396717f,0.12500000000000025f,0.9285312866424387f,0.3413805131454122f,0.14590748771297568f,1.1650075168984588f,0.31400463522504135f,-0.5124763611974561f,-0.7992302973930625f,-1.7518146249803532f,0f,0f,0f,1f],start_interpolation:0}
execute if entity @s[tag=aj.chainsaw.bone.bone0] run data modify entity @s {} merge value {transformation:[0.000009589089043588572f,-0.000002798578311858889f,-4.6618745856425133e-7f,-0.11668853552992127f,0.0000015619985525797886f,0.0000065792592156902554f,-0.000007367055632645474f,0.6133570172181666f,0.0000023684450248777594f,0.000006991516831500001f,0.000006746047773250936f,-1.807073374212618f,0f,0f,0f,1f],start_interpolation:0}
execute if entity @s[tag=aj.chainsaw.bone.bone1] run data modify entity @s {} merge value {transformation:[0.000008998895028873096f,-0.000004128748461261316f,0.000001404750655082723f,-0.11668870482544075f,0.0000017403676953471883f,4.462533388384067e-7f,-0.000009837274939868633f,0.6133573872903145f,0.0000039988759100921055f,0.000009096938721416552f,0.000001120132739668455f,-1.8070739781989211f,0f,0f,0f,1f],start_interpolation:0}
execute if entity @s[tag=aj.chainsaw.bone.bone2] run data modify entity @s {} merge value {transformation:[0.000009691621674924663f,-0.0000020837522102197258f,0.000001315464190517875f,-0.11668818529408144f,0.000001509745708553471f,8.018598654940537e-7f,-0.00000985280105612684f,0.6133574822562907f,0.000001947597803868867f,0.000009747563669066963f,0.0000010917258409742367f,-1.8070737942430941f,0f,0f,0f,1f],start_interpolation:0}
execute if entity @s[tag=aj.chainsaw.bone.bone3] run data modify entity @s {} merge value {transformation:[0.000008998895028873096f,-0.000004128748461261316f,0.000001404750655082723f,-0.11668837646669122f,0.0000017403676953471883f,4.462533388384067e-7f,-0.000009837274939868633f,0.6133575564472509f,0.0000039988759100921055f,0.000009096938721416552f,0.000001120132739668455f,-1.80707317116777f,0f,0f,0f,1f],start_interpolation:0}
execute if entity @s[tag=aj.chainsaw.bone.bone4] run data modify entity @s {} merge value {transformation:[0.000009589089043588572f,-0.000002798578311858889f,-4.6618745856425133e-7f,-0.11668859842943641f,0.0000015619985525797886f,0.0000065792592156902554f,-0.000007367055632645474f,0.6133579493567285f,0.0000023684450248777594f,0.000006991516831500001f,0.000006746047773250936f,-1.8070737343012095f,0f,0f,0f,1f],start_interpolation:0}
execute if entity @s[tag=aj.chainsaw.locator_origin.flail0] at @s on origin run tp @s ^-0.11669 ^0.61336 ^-1.80707 ~141.09616 ~-78.76746
execute if entity @s[tag=aj.chainsaw.locator_origin.flail1] at @s on origin run tp @s ^-0.11669 ^0.61336 ^-1.80707 ~141.09616 ~-78.76746
execute if entity @s[tag=aj.chainsaw.locator_origin.flail2] at @s on origin run tp @s ^-0.1167 ^0.61336 ^-1.80707 ~141.09616 ~-78.76746
execute if entity @s[tag=aj.chainsaw.locator_origin.flail3] at @s on origin run tp @s ^-0.1167 ^0.61336 ^-1.80707 ~141.09616 ~-78.76746
execute if entity @s[tag=aj.chainsaw.locator_origin.flail4] at @s on origin run tp @s ^-0.1167 ^0.61337 ^-1.80707 ~141.09616 ~-78.76746
execute if entity @s[tag=aj.chainsaw.bone.flail_body] run data modify entity @s {} merge value {transformation:[0.000004970418856241499f,-0.000008590600920004712f,0.0000012233201652605518f,-0.11669543650862152f,0.000001927461838417748f,-2.8153769904773246e-7f,-0.000009808446736637668f,0.6133574226275241f,0.000008460486230410295f,0.000005110999154493087f,0.000001515869515429577f,-1.807069453497521f,0f,0f,0f,1f],start_interpolation:0}
execute if entity @s[tag=aj.chainsaw.bone.flail] run data modify entity @s {} merge value {transformation:[-0.000001286327605732425f,-0.000009916663934562535f,-7.16777488301618e-8f,-0.11669289903644808f,0.000001357768757421005f,-1.0451450492205964e-7f,-0.000009906843125821275f,0.6133597076243195f,0.000009823534256676773f,-0.0000012840767606368295f,0.000001359897636107335f,-1.8070694370550429f,0f,0f,0f,1f],start_interpolation:0}
execute if entity @s[tag=aj.chainsaw.locator_origin.shunter0] at @s on origin run tp @s ^-0.36003 ^0.79098 ^-2.06656 ~-1.05492 ~-20.74304
execute if entity @s[tag=aj.chainsaw.locator_origin.shunter1] at @s on origin run tp @s ^-0.35357 ^0.92379 ^-1.71592 ~-1.05492 ~-20.74304
execute if entity @s[tag=aj.chainsaw.locator_origin.shunter2] at @s on origin run tp @s ^-0.34281 ^1.14515 ^-1.13154 ~-1.05492 ~-20.74304
execute if entity @s[tag=aj.chainsaw.locator_origin.shunter3] at @s on origin run tp @s ^-0.3342 ^1.32224 ^-0.66403 ~-1.05492 ~-20.74304
execute if entity @s[tag=aj.chainsaw.locator_origin.shunter4] at @s on origin run tp @s ^-0.32667 ^1.4772 ^-0.25496 ~-1.05492 ~-20.74304
execute if entity @s[tag=aj.chainsaw.locator_origin.shunter5] at @s on origin run tp @s ^-0.31698 ^1.67642 ^0.27099 ~-1.05492 ~-20.74304
execute if entity @s[tag=aj.chainsaw.locator_origin.shunter6] at @s on origin run tp @s ^-0.3073 ^1.87565 ^0.79694 ~-1.05492 ~-20.74304
execute if entity @s[tag=aj.chainsaw.locator_origin.shunter7] at @s on origin run tp @s ^-0.29654 ^2.09701 ^1.38133 ~-1.05492 ~-20.74304
execute if entity @s[tag=aj.chainsaw.locator_origin.shunter8] at @s on origin run tp @s ^-0.28578 ^2.31837 ^1.96572 ~-1.05492 ~-20.74304
execute if entity @s[tag=aj.chainsaw.locator_origin.shunter9] at @s on origin run tp @s ^-0.27502 ^2.53973 ^2.5501 ~-1.05492 ~-20.74304
execute if entity @s[tag=aj.chainsaw.locator_origin.shunter10] at @s on origin run tp @s ^-0.26426 ^2.76109 ^3.13449 ~-1.05492 ~-20.74304
execute if entity @s[tag=aj.chainsaw.locator_origin.shunter11] at @s on origin run tp @s ^-0.25349 ^2.98245 ^3.71888 ~-1.05492 ~-20.74304
execute if entity @s[tag=aj.chainsaw.locator_origin.shunter12] at @s on origin run tp @s ^-0.24273 ^3.20381 ^4.30326 ~-1.05492 ~-20.74304
execute if entity @s[tag=aj.chainsaw.locator_origin.shunter13] at @s on origin run tp @s ^-0.23197 ^3.42517 ^4.88765 ~-1.05492 ~-20.74304
execute if entity @s[tag=aj.chainsaw.locator_origin.shunter14] at @s on origin run tp @s ^-0.22121 ^3.64653 ^5.47204 ~-1.05492 ~-20.74304
execute if entity @s[tag=aj.chainsaw.locator_origin.shunter15] at @s on origin run tp @s ^-0.21045 ^3.86789 ^6.05643 ~-1.05492 ~-20.74304
execute if entity @s[tag=aj.chainsaw.locator_origin.shunter16] at @s on origin run tp @s ^-0.19969 ^4.08926 ^6.64081 ~-1.05492 ~-20.74304
execute if entity @s[tag=aj.chainsaw.locator_origin.shunter17] at @s on origin run tp @s ^-0.18893 ^4.31062 ^7.2252 ~-1.05492 ~-20.74304
execute if entity @s[tag=aj.chainsaw.locator_origin.shunter18] at @s on origin run tp @s ^-0.17817 ^4.53198 ^7.80959 ~-1.05492 ~-20.74304
execute if entity @s[tag=aj.chainsaw.locator_origin.shunter19] at @s on origin run tp @s ^-0.16741 ^4.75334 ^8.39398 ~-1.05492 ~-20.74304
execute if entity @s[tag=aj.chainsaw.locator_origin.shunter20] at @s on origin run tp @s ^-0.15665 ^4.9747 ^8.97836 ~-1.05492 ~-20.74304
execute if entity @s[tag=aj.chainsaw.locator_origin.shunter21] at @s on origin run tp @s ^-0.14589 ^5.19606 ^9.56275 ~-1.05492 ~-20.74304
execute if entity @s[tag=aj.chainsaw.locator_origin.shunter22] at @s on origin run tp @s ^-0.13513 ^5.41742 ^10.14714 ~-1.05492 ~-20.74304
execute if entity @s[tag=aj.chainsaw.locator_origin.shunter23] at @s on origin run tp @s ^-0.12436 ^5.63878 ^10.73153 ~-1.05492 ~-20.74304
execute if entity @s[tag=aj.chainsaw.locator_origin.shunter24] at @s on origin run tp @s ^-0.1136 ^5.86014 ^11.31591 ~-1.05492 ~-20.74304
execute if entity @s[tag=aj.chainsaw.locator_origin.shunter25] at @s on origin run tp @s ^-0.10284 ^6.0815 ^11.9003 ~-1.05492 ~-20.74304
execute if entity @s[tag=aj.chainsaw.locator_origin.shunter26] at @s on origin run tp @s ^-0.09208 ^6.30286 ^12.48469 ~-1.05492 ~-20.74304
execute if entity @s[tag=aj.chainsaw.locator_origin.shunter27] at @s on origin run tp @s ^-0.08132 ^6.52423 ^13.06907 ~-1.05492 ~-20.74304
execute if entity @s[tag=aj.chainsaw.locator_origin.shunter28] at @s on origin run tp @s ^-0.07056 ^6.74559 ^13.65346 ~-1.05492 ~-20.74304
execute if entity @s[tag=aj.chainsaw.locator_origin.shunter29] at @s on origin run tp @s ^-0.0598 ^6.96695 ^14.23785 ~-1.05492 ~-20.74304
execute if entity @s[tag=aj.chainsaw.locator_origin.shunter30] at @s on origin run tp @s ^-0.04904 ^7.18831 ^14.82224 ~-1.05492 ~-20.74304
execute if entity @s[tag=aj.chainsaw.locator_origin.shunter31] at @s on origin run tp @s ^-0.03828 ^7.40967 ^15.40662 ~-1.05492 ~-20.74304
execute if entity @s[tag=aj.chainsaw.locator_origin.shunter32] at @s on origin run tp @s ^-0.02752 ^7.63103 ^15.99101 ~-1.05492 ~-20.74304
execute if entity @s[tag=aj.chainsaw.bone.serpent_hunter] run data modify entity @s {} merge value {transformation:[-1.4982606309301247f,0.0674395786982866f,-0.02582605331559338f,-0.3469002045685389f,0.07221514303119086f,1.4009072464607073f,-0.5312662796854906f,1.189727775715589f,0.0002343541057998541f,-0.5318935890183999f,-1.4025295558523094f,-1.014658771539867f,0f,0f,0f,1f],start_interpolation:0}
execute if entity @s[tag=aj.chainsaw.bone.left_arm2] run data modify entity @s {} merge value {transformation:[-0.9988404206200832f,0.0319296617243641f,-0.03603208067350561f,-0.26257894210490185f,0.04814342868746058f,0.6648722906568063f,-0.7454039491383084f,0.9951188022617679f,0.00015623607053323607f,-0.7462743019955449f,-0.6656385218505247f,-2.0219261564222464f,0f,0f,0f,1f],start_interpolation:0}
execute if entity @s[tag=aj.chainsaw.bone.left_arm] run data modify entity @s {} merge value {transformation:[-0.9988404206200832f,0.03155616406459817f,0.03635962933010321f,-0.3749999999999998f,0.04814342868746058f,0.6522436666088651f,0.7564789551883373f,1.2587575168984588f,0.00015623607053323607f,0.7573522350123167f,-0.6530065602366779f,-1.9141943881899355f,0f,0f,0f,1f],start_interpolation:0}
execute if entity @s[tag=aj.chainsaw.bone.head] run data modify entity @s {} merge value {transformation:[1f,0f,0f,2.42861286636753e-16f,0f,0.9659258262890682f,-0.2588190451025207f,1.320748668692472f,0f,0.2588190451025207f,0.9659258262890682f,-1.7340662127168807f,0f,0f,0f,1f],start_interpolation:0}
execute if entity @s[tag=aj.chainsaw.bone.body_top] run data modify entity @s {} merge value {transformation:[1f,0f,0f,2.42861286636753e-16f,0f,0.8660254037844386f,-0.4999999999999999f,0.9797511659523492f,0f,0.4999999999999999f,0.8660254037844386f,-1.9309412127168806f,0f,0f,0f,1f],start_interpolation:0}
execute if entity @s[tag=aj.chainsaw.locator_origin.player_camera] at @s on origin run tp @s ^0 ^-0.14634 ^-1.8928 ~-180 ~-17.5
execute if entity @s[tag=aj.chainsaw.bone.body] run data modify entity @s {} merge value {transformation:[1f,0f,0f,2.42861286636753e-16f,0f,0.9537169507482269f,-0.30070579950427306f,0.5625f,0f,0.30070579950427306f,0.9537169507482269f,-2.0625f,0f,0f,0f,1f],start_interpolation:0}
execute if entity @s[tag=aj.chainsaw.bone.right_leg2] run data modify entity @s {} merge value {transformation:[0.991480294561584f,-0.058684556295759034f,0.11628821242260262f,0.1718073059935339f,0.06979723188409923f,0.9931306111375873f,-0.09391451241847354f,0.44588692086994963f,-0.10997805198034624f,0.10123098376412354f,0.9887654504526115f,-1.764110075124233f,0f,0f,0f,1f],start_interpolation:0}
execute if entity @s[tag=aj.chainsaw.bone.right_leg] run data modify entity @s {} merge value {transformation:[0.991480294561584f,-0.1302464166776588f,0.0016420836471223305f,0.12500000000000025f,0.06979723188409923f,0.5418798723618793f,0.8375527149680733f,0.640625f,-0.10997805198034624f,-0.8303023996543084f,0.5463540548132733f,-2.0625f,0f,0f,0f,1f],start_interpolation:0}
execute if entity @s[tag=aj.chainsaw.bone.left_leg2] run data modify entity @s {} merge value {transformation:[0.9848077463102578f,0.15737869394612558f,-0.07338698453487875f,-0.18155796813688863f,-0.1604300601002887f,0.6628693876916496f,-0.7313455890873447f,0.40240631379831343f,-0.0664522281306545f,0.7320082797025654f,0.6780471811189559f,-2.3255654755181094f,0f,0f,0f,1f],start_interpolation:0}
execute if entity @s[tag=aj.chainsaw.bone.left_leg] run data modify entity @s {} merge value {transformation:[0.9848077463102578f,0.15737869394612558f,-0.07338698453487875f,-0.12499999999999975f,-0.1604300601002887f,0.6628693876916496f,-0.7313455890873447f,0.640625f,-0.0664522281306545f,0.7320082797025654f,0.6780471811189559f,-2.0625f,0f,0f,0f,1f],start_interpolation:0}