execute if entity @s[tag=aj.chainsaw.bone.right_arm2] run data modify entity @s {} merge value {transformation:[0.37291760430536375f,0.3365466662630729f,-0.8646784383956617f,0.3122383447097558f,0.910258315487997f,0.047983117992196844f,0.4112510419107793f,1.4732160452640213f,0.1798951346871358f,-0.9404434920902792f,-0.28845065210697435f,-2.4016519842117288f,0f,0f,0f,1f],start_interpolation:0}
execute if entity @s[tag=aj.chainsaw.bone.right_arm] run data modify entity @s {} merge value {transformation:[0.3742851154803353f,-0.06151591786603422f,-0.9252710112064312f,0.31250000000000033f,0.9054471723399956f,0.23964994976238754f,0.35033315526851255f,1.4679275313308118f,0.20019008574696853f,-0.968908506221297f,0.14539682300737167f,-2.5333959644163992f,0f,0f,0f,1f],start_interpolation:0}
execute if entity @s[tag=aj.chainsaw.bone.bone0] run data modify entity @s {} merge value {transformation:[-0.42450422915240205f,0.8470417110831363f,-0.319869503261999f,-1.216113250599042f,-0.4760683835688636f,0.09169505276764917f,0.8746147217284124f,1.2868267936589146f,0.770165601411706f,0.5235574056235778f,0.36432484051853326f,-1.996726921311316f,0f,0f,0f,1f],start_interpolation:0}
execute if entity @s[tag=aj.chainsaw.bone.bone1] run data modify entity @s {} merge value {transformation:[-0.3294273983035783f,0.5431768456755244f,-0.7722930166516615f,-1.1952335096081792f,-0.3686806740516143f,0.6790139081953742f,0.6348343666328187f,1.2386173946763066f,0.8692250283026736f,0.4938613436980389f,-0.02342697959586513f,-2.0471652845423076f,0f,0f,0f,1f],start_interpolation:0}
execute if entity @s[tag=aj.chainsaw.bone.bone2] run data modify entity @s {} merge value {transformation:[-0.4463629346352785f,0.4582948519031474f,-0.7685869887676051f,-1.215946854291168f,-0.5007736515323732f,0.5838838021395117f,0.6389878367622044f,1.215155600508884f,0.7416103292934344f,0.6701085988988508f,-0.031122100942969723f,-2.0008164687191616f,0f,0f,0f,1f],start_interpolation:0}
execute if entity @s[tag=aj.chainsaw.bone.bone3] run data modify entity @s {} merge value {transformation:[-0.3294273983035783f,0.5431768456755244f,-0.7722930166516615f,-1.1813376810688738f,-0.3686806740516143f,0.6790139081953742f,0.6348343666328187f,1.2539999861992097f,0.8692250283026736f,0.4938613436980389f,-0.02342697959586513f,-1.9608657481091734f,0f,0f,0f,1f],start_interpolation:0}
execute if entity @s[tag=aj.chainsaw.bone.bone4] run data modify entity @s {} merge value {transformation:[-0.42450422915240205f,0.8470417110831363f,-0.319869503261999f,-1.154357617956685f,-0.4760683835688636f,0.09169505276764917f,0.8746147217284124f,1.2092529068322273f,0.770165601411706f,0.5235574056235778f,0.36432484051853326f,-2.0106394456546934f,0f,0f,0f,1f],start_interpolation:0}
execute if entity @s[tag=aj.chainsaw.locator_origin.flail0] at @s on origin run tp @s ^-1.16932 ^1.25817 ^-1.99946 ~-89.85729 ~41.59403
execute if entity @s[tag=aj.chainsaw.locator_origin.flail1] at @s on origin run tp @s ^-0.88011 ^1.58388 ^-2.0404 ~-89.85729 ~41.59403
execute if entity @s[tag=aj.chainsaw.locator_origin.flail2] at @s on origin run tp @s ^-0.56351 ^1.75216 ^-2.07174 ~-89.85729 ~41.59403
execute if entity @s[tag=aj.chainsaw.locator_origin.flail3] at @s on origin run tp @s ^-0.28306 ^1.50321 ^-2.07104 ~-89.85729 ~41.59403
execute if entity @s[tag=aj.chainsaw.locator_origin.flail4] at @s on origin run tp @s ^0.04413 ^1.21278 ^-2.07023 ~-89.85729 ~41.59403
execute if entity @s[tag=aj.chainsaw.bone.flail_body] run data modify entity @s {} merge value {transformation:[0.06072782257644667f,0.6610674607285099f,-0.7478649235865285f,-0.6442790200264117f,0.07120720965022154f,0.7444695743103453f,0.6638483156715873f,1.8332738772954793f,0.9956112016540163f,-0.09356743713564966f,-0.0018627530467534292f,-2.074185968192765f,0f,0f,0f,1f],start_interpolation:0}
execute if entity @s[tag=aj.chainsaw.bone.flail] run data modify entity @s {} merge value {transformation:[0.1109267004448761f,0.3506041098019134f,-0.9299311938624388f,-0.4592135219130341f,0.001849212283596982f,0.9356313835816149f,0.35297378722942574f,1.4913284296754414f,0.9938268700041996f,-0.04087385774748217f,0.10313816078685711f,-2.0942059293654403f,0f,0f,0f,1f],start_interpolation:0}
execute if entity @s[tag=aj.chainsaw.locator_origin.shunter0] at @s on origin run tp @s ^0.24165 ^1.19778 ^-2.30035 ~-110.62998 ~38.98846
execute if entity @s[tag=aj.chainsaw.locator_origin.shunter1] at @s on origin run tp @s ^0.24166 ^1.19778 ^-2.30035 ~-110.62998 ~38.98846
execute if entity @s[tag=aj.chainsaw.locator_origin.shunter2] at @s on origin run tp @s ^0.24166 ^1.19777 ^-2.30035 ~-110.62998 ~38.98846
execute if entity @s[tag=aj.chainsaw.locator_origin.shunter3] at @s on origin run tp @s ^0.24167 ^1.19777 ^-2.30035 ~-110.62998 ~38.98846
execute if entity @s[tag=aj.chainsaw.locator_origin.shunter4] at @s on origin run tp @s ^0.24167 ^1.19777 ^-2.30035 ~-110.62998 ~38.98846
execute if entity @s[tag=aj.chainsaw.locator_origin.shunter5] at @s on origin run tp @s ^0.24167 ^1.19776 ^-2.30036 ~-110.62998 ~38.98846
execute if entity @s[tag=aj.chainsaw.locator_origin.shunter6] at @s on origin run tp @s ^0.24168 ^1.19776 ^-2.30036 ~-110.62998 ~38.98846
execute if entity @s[tag=aj.chainsaw.locator_origin.shunter7] at @s on origin run tp @s ^0.24168 ^1.19775 ^-2.30036 ~-110.62998 ~38.98846
execute if entity @s[tag=aj.chainsaw.locator_origin.shunter8] at @s on origin run tp @s ^0.24169 ^1.19775 ^-2.30036 ~-110.62998 ~38.98846
execute if entity @s[tag=aj.chainsaw.locator_origin.shunter9] at @s on origin run tp @s ^0.24169 ^1.19775 ^-2.30036 ~-110.62998 ~38.98846
execute if entity @s[tag=aj.chainsaw.locator_origin.shunter10] at @s on origin run tp @s ^0.24169 ^1.19774 ^-2.30036 ~-110.62998 ~38.98846
execute if entity @s[tag=aj.chainsaw.locator_origin.shunter11] at @s on origin run tp @s ^0.2417 ^1.19774 ^-2.30037 ~-110.62998 ~38.98846
execute if entity @s[tag=aj.chainsaw.locator_origin.shunter12] at @s on origin run tp @s ^0.2417 ^1.19773 ^-2.30037 ~-110.62998 ~38.98846
execute if entity @s[tag=aj.chainsaw.locator_origin.shunter13] at @s on origin run tp @s ^0.24171 ^1.19773 ^-2.30037 ~-110.62998 ~38.98846
execute if entity @s[tag=aj.chainsaw.locator_origin.shunter14] at @s on origin run tp @s ^0.24171 ^1.19773 ^-2.30037 ~-110.62998 ~38.98846
execute if entity @s[tag=aj.chainsaw.locator_origin.shunter15] at @s on origin run tp @s ^0.24172 ^1.19772 ^-2.30037 ~-110.62998 ~38.98846
execute if entity @s[tag=aj.chainsaw.locator_origin.shunter16] at @s on origin run tp @s ^0.24172 ^1.19772 ^-2.30037 ~-110.62998 ~38.98846
execute if entity @s[tag=aj.chainsaw.locator_origin.shunter17] at @s on origin run tp @s ^0.24173 ^1.19772 ^-2.30038 ~-110.62998 ~38.98846
execute if entity @s[tag=aj.chainsaw.locator_origin.shunter18] at @s on origin run tp @s ^0.24173 ^1.19771 ^-2.30038 ~-110.62998 ~38.98846
execute if entity @s[tag=aj.chainsaw.locator_origin.shunter19] at @s on origin run tp @s ^0.24174 ^1.19771 ^-2.30038 ~-110.62998 ~38.98846
execute if entity @s[tag=aj.chainsaw.locator_origin.shunter20] at @s on origin run tp @s ^0.24174 ^1.1977 ^-2.30038 ~-110.62998 ~38.98846
execute if entity @s[tag=aj.chainsaw.locator_origin.shunter21] at @s on origin run tp @s ^0.24174 ^1.1977 ^-2.30038 ~-110.62998 ~38.98846
execute if entity @s[tag=aj.chainsaw.locator_origin.shunter22] at @s on origin run tp @s ^0.24175 ^1.1977 ^-2.30039 ~-110.62998 ~38.98846
execute if entity @s[tag=aj.chainsaw.locator_origin.shunter23] at @s on origin run tp @s ^0.24175 ^1.19769 ^-2.30039 ~-110.62998 ~38.98846
execute if entity @s[tag=aj.chainsaw.locator_origin.shunter24] at @s on origin run tp @s ^0.24176 ^1.19769 ^-2.30039 ~-110.62998 ~38.98846
execute if entity @s[tag=aj.chainsaw.locator_origin.shunter25] at @s on origin run tp @s ^0.24176 ^1.19768 ^-2.30039 ~-110.62998 ~38.98846
execute if entity @s[tag=aj.chainsaw.locator_origin.shunter26] at @s on origin run tp @s ^0.24177 ^1.19768 ^-2.30039 ~-110.62998 ~38.98846
execute if entity @s[tag=aj.chainsaw.locator_origin.shunter27] at @s on origin run tp @s ^0.24177 ^1.19768 ^-2.30039 ~-110.62998 ~38.98846
execute if entity @s[tag=aj.chainsaw.locator_origin.shunter28] at @s on origin run tp @s ^0.24178 ^1.19767 ^-2.3004 ~-110.62998 ~38.98846
execute if entity @s[tag=aj.chainsaw.locator_origin.shunter29] at @s on origin run tp @s ^0.24178 ^1.19767 ^-2.3004 ~-110.62998 ~38.98846
execute if entity @s[tag=aj.chainsaw.locator_origin.shunter30] at @s on origin run tp @s ^0.24179 ^1.19766 ^-2.3004 ~-110.62998 ~38.98846
execute if entity @s[tag=aj.chainsaw.locator_origin.shunter31] at @s on origin run tp @s ^0.24179 ^1.19766 ^-2.3004 ~-110.62998 ~38.98846
execute if entity @s[tag=aj.chainsaw.locator_origin.shunter32] at @s on origin run tp @s ^0.24179 ^1.19766 ^-2.3004 ~-110.62998 ~38.98846
execute if entity @s[tag=aj.chainsaw.bone.serpent_hunter] run data modify entity @s {} merge value {transformation:[0.000008962319915019372f,-0.000005061320378718475f,-0.000010911455345865476f,0.24166270274265383f,0.000011655408130198016f,2.9302724603212593e-7f,0.000009437457091377794f,1.19777050761857f,-0.0000029712426793113388f,-0.000014117264999179271f,0.000004107863907627278f,-2.300352370176235f,0f,0f,0f,1f],start_interpolation:0}
execute if entity @s[tag=aj.chainsaw.bone.left_arm2] run data modify entity @s {} merge value {transformation:[0.5974879943346247f,-0.28310168935400937f,-0.750240981359252f,-0.39949064231420023f,0.7770272086798677f,-0.026711676455839106f,0.6288999946828531f,1.6134447256286484f,-0.19808284528742254f,-0.9587178520429385f,0.20401780946038595f,-2.2632822157301837f,0f,0f,0f,1f],start_interpolation:0}
execute if entity @s[tag=aj.chainsaw.bone.left_arm] run data modify entity @s {} merge value {transformation:[0.5974879943346247f,0.34148660507616124f,-0.7255308368219407f,-0.2499999999999997f,0.7770272086798677f,-0.47006452581088337f,0.41865028191243764f,1.5820908220188796f,-0.19808284528742254f,-0.8138957182144086f,-0.5462022942784953f,-2.5664077694240666f,0f,0f,0f,1f],start_interpolation:0}
execute if entity @s[tag=aj.chainsaw.bone.head] run data modify entity @s {} merge value {transformation:[0.9892185897656579f,-0.010752311263695868f,-0.1460512562922056f,3.122502256758253e-16f,-0.026019911352571742f,0.9685286167461142f,-0.2475384470280581f,1.6604864702221978f,0.1441164316628997f,0.24866987422353157f,0.957806738219358f,-2.543322439398042f,0f,0f,0f,1f],start_interpolation:0}
execute if entity @s[tag=aj.chainsaw.bone.body_top] run data modify entity @s {} merge value {transformation:[1f,0f,0f,3.122502256758253e-16f,0f,0.9840891876286258f,-0.17767518338932747f,1.2730013525934263f,0f,0.17767518338932747f,0.9840891876286258f,-2.6132820428575894f,0f,0f,0f,1f],start_interpolation:0}
execute if entity @s[tag=aj.chainsaw.locator_origin.player_camera] at @s on origin run tp @s ^0 ^0.19482 ^-2.28609 ~-180 ~-2.55859
execute if entity @s[tag=aj.chainsaw.bone.body] run data modify entity @s {} merge value {transformation:[1f,0f,0f,3.122502256758253e-16f,0f,0.9990030916421176f,-0.04464104489694031f,0.8359374999999998f,0f,0.04464104489694031f,0.9990030916421176f,-2.632812500000001f,0f,0f,0f,1f],start_interpolation:0}
execute if entity @s[tag=aj.chainsaw.bone.right_leg2] run data modify entity @s {} merge value {transformation:[0.9848131665305733f,-0.053122286534530175f,0.16529080343857194f,0.16731257152046003f,0.1624864903444445f,0.6174095336879882f,-0.7696776001461426f,0.5963936975674629f,-0.06116508385974868f,0.7848461571445222f,0.6166646918155002f,-2.795436510765336f,0f,0f,0f,1f],start_interpolation:0}
execute if entity @s[tag=aj.chainsaw.bone.right_leg] run data modify entity @s {} merge value {transformation:[0.9848131665305733f,-0.11773932944823573f,0.12759497376113668f,0.1250000000000003f,0.1624864903444445f,0.8839479719861898f,-0.4384451200287749f,0.9140624999999998f,-0.06116508385974868f,0.4525189864774537f,0.8896546517575502f,-2.632812500000001f,0f,0f,0f,1f],start_interpolation:0}
execute if entity @s[tag=aj.chainsaw.bone.left_leg2] run data modify entity @s {} merge value {transformation:[0.9848077463102579f,0.17320770340774314f,0.012360998645986054f,-0.15947548190843394f,-0.16043006010028868f,0.9347767411337793f,-0.31694579986415566f,0.6767465796594616f,-0.06645222813065449f,0.3101476031110461f,0.9483630980067416f,-2.372925062703498f,0f,0f,0f,1f],start_interpolation:0}
execute if entity @s[tag=aj.chainsaw.bone.left_leg] run data modify entity @s {} merge value {transformation:[0.9848077463102579f,0.09593177574520836f,0.14474390215025237f,-0.1249999999999997f,-0.16043006010028868f,0.8216265032151339f,0.5469845382007515f,0.9720186042524004f,-0.06645222813065449f,-0.5618958832531545f,0.824534485488405f,-2.5748563957476005f,0f,0f,0f,1f],start_interpolation:0}