execute if entity @s[tag=aj.chainsaw.bone.right_arm2] run data modify entity @s {} merge value {transformation:[-0.4339453776748611f,0.8618908242013023f,-0.26236542522257256f,0.06727884480019572f,0.7216570703158528f,0.5068641724976457f,0.471486779773746f,1.115533915423607f,0.5393537633666441f,0.015261644599327717f,-0.8419409718895745f,-3.1805533270159545f,0f,0f,0f,1f],start_interpolation:0}
execute if entity @s[tag=aj.chainsaw.bone.right_arm] run data modify entity @s {} merge value {transformation:[-0.4510732488579634f,0.8147591535892801f,-0.3642807239028729f,0.24609375000000042f,0.7097954590425325f,0.5749308511760522f,0.40699499098708863f,1.1956656990651267f,0.5410391210322243f,-0.07498025078952197f,-0.8376482743396646f,-3.194014333139005f,0f,0f,0f,1f],start_interpolation:0}
execute if entity @s[tag=aj.chainsaw.bone.bone0] run data modify entity @s {} merge value {transformation:[0.000009611278761353183f,-0.0000026260971157243207f,8.52604545112047e-7f,-0.056371808143107105f,-0.0000019808358269230845f,-0.000008709578343360831f,-0.000004496613671157218f,1.4345267605944716f,0.0000019234370273911423f,0.000004152933784644828f,-0.000008891205260369165f,-3.9785862516819646f,0f,0f,0f,1f],start_interpolation:0}
execute if entity @s[tag=aj.chainsaw.bone.bone1] run data modify entity @s {} merge value {transformation:[0.000009176634441844819f,-0.0000032065551078322084f,0.000002346781766842135f,-0.05637206890314118f,-0.000003637494986855294f,-0.000009156065618648892f,0.0000017132111976047708f,1.434527226357222f,0.0000015993781733380464f,-0.0000024257919794225834f,-0.000009568569523769942f,-3.9785857562194664f,0f,0f,0f,1f],start_interpolation:0}
execute if entity @s[tag=aj.chainsaw.bone.bone2] run data modify entity @s {} merge value {transformation:[0.000009674632436121408f,-0.0000011439706055539892f,0.0000022567273826441837f,-0.05637154340326966f,-0.0000015552483326424088f,-0.00000972422222925968f,0.0000017380174509437422f,1.43452706285318f,0.000001995667770386808f,-0.000002032445150453122f,-0.000009585743417212822f,-3.978585656783912f,0f,0f,0f,1f],start_interpolation:0}
execute if entity @s[tag=aj.chainsaw.bone.bone3] run data modify entity @s {} merge value {transformation:[0.000009176634441844819f,-0.0000032065551078322084f,0.000002346781766842135f,-0.05637167595111199f,-0.000003637494986855294f,-0.000009156065618648892f,0.0000017132111976047708f,1.4345264306809706f,0.0000015993781733380464f,-0.0000024257919794225834f,-0.000009568569523769942f,-3.9785857710795454f,0f,0f,0f,1f],start_interpolation:0}
execute if entity @s[tag=aj.chainsaw.bone.bone4] run data modify entity @s {} merge value {transformation:[0.000009611278761353183f,-0.0000026260971157243207f,8.52604545112047e-7f,-0.05637198671547734f,-0.0000019808358269230845f,-0.000008709578343360831f,-0.000004496613671157218f,1.4345268470927919f,0.0000019234370273911423f,0.000004152933784644828f,-0.000008891205260369165f,-3.9785852702888778f,0f,0f,0f,1f],start_interpolation:0}
execute if entity @s[tag=aj.chainsaw.locator_origin.flail0] at @s on origin run tp @s ^-0.05637 ^1.43453 ^-3.97859 ~12.8495 ~7.54009
execute if entity @s[tag=aj.chainsaw.locator_origin.flail1] at @s on origin run tp @s ^-0.05638 ^1.43452 ^-3.97859 ~12.8495 ~7.54009
execute if entity @s[tag=aj.chainsaw.locator_origin.flail2] at @s on origin run tp @s ^-0.05638 ^1.43452 ^-3.97859 ~12.8495 ~7.54009
execute if entity @s[tag=aj.chainsaw.locator_origin.flail3] at @s on origin run tp @s ^-0.05638 ^1.43452 ^-3.97858 ~12.8495 ~7.54009
execute if entity @s[tag=aj.chainsaw.locator_origin.flail4] at @s on origin run tp @s ^-0.05638 ^1.43452 ^-3.97858 ~12.8495 ~7.54009
execute if entity @s[tag=aj.chainsaw.bone.flail_body] run data modify entity @s {} merge value {transformation:[0.000005620890669277238f,-0.000007971510106776915f,0.000002204680181247535f,-0.0563782845615712f,-0.000008269229406418876f,-0.000005467904515149726f,0.00000131219862719889f,1.4345223733906924f,1.594776098689763e-7f,-0.000002560673120638167f,-0.000009665273925822883f,-3.9785876546493624f,0f,0f,0f,1f],start_interpolation:0}
execute if entity @s[tag=aj.chainsaw.bone.flail] run data modify entity @s {} merge value {transformation:[-3.933949860758909e-7f,-0.000009950395739098173f,9.137094835161463e-7f,-0.05637596314873f,-0.000009889070128751777f,5.187763319044495e-7f,0.0000013918200695798167f,1.434521924213211f,-0.0000014323171344223166f,-8.488202122904258e-7f,-0.000009860424528064068f,-3.978585191008205f,0f,0f,0f,1f],start_interpolation:0}
execute if entity @s[tag=aj.chainsaw.locator_origin.shunter0] at @s on origin run tp @s ^-0.26841 ^1.68526 ^-3.98381 ~-1.80919 ~47.14459
execute if entity @s[tag=aj.chainsaw.locator_origin.shunter1] at @s on origin run tp @s ^-0.26036 ^1.41036 ^-3.72888 ~-1.80919 ~47.14459
execute if entity @s[tag=aj.chainsaw.locator_origin.shunter2] at @s on origin run tp @s ^-0.24694 ^0.95219 ^-3.304 ~-1.80919 ~47.14459
execute if entity @s[tag=aj.chainsaw.locator_origin.shunter3] at @s on origin run tp @s ^-0.2362 ^0.58565 ^-2.96409 ~-1.80919 ~47.14459
execute if entity @s[tag=aj.chainsaw.locator_origin.shunter4] at @s on origin run tp @s ^-0.22681 ^0.26493 ^-2.66668 ~-1.80919 ~47.14459
execute if entity @s[tag=aj.chainsaw.locator_origin.shunter5] at @s on origin run tp @s ^-0.21473 ^-0.14742 ^-2.28428 ~-1.80919 ~47.14459
execute if entity @s[tag=aj.chainsaw.locator_origin.shunter6] at @s on origin run tp @s ^-0.20265 ^-0.55977 ^-1.90189 ~-1.80919 ~47.14459
execute if entity @s[tag=aj.chainsaw.locator_origin.shunter7] at @s on origin run tp @s ^-0.18923 ^-1.01794 ^-1.47701 ~-1.80919 ~47.14459
execute if entity @s[tag=aj.chainsaw.locator_origin.shunter8] at @s on origin run tp @s ^-0.17581 ^-1.47611 ^-1.05212 ~-1.80919 ~47.14459
execute if entity @s[tag=aj.chainsaw.locator_origin.shunter9] at @s on origin run tp @s ^-0.16239 ^-1.93428 ^-0.62724 ~-1.80919 ~47.14459
execute if entity @s[tag=aj.chainsaw.locator_origin.shunter10] at @s on origin run tp @s ^-0.14897 ^-2.39245 ^-0.20236 ~-1.80919 ~47.14459
execute if entity @s[tag=aj.chainsaw.locator_origin.shunter11] at @s on origin run tp @s ^-0.13555 ^-2.85062 ^0.22252 ~-1.80919 ~47.14459
execute if entity @s[tag=aj.chainsaw.locator_origin.shunter12] at @s on origin run tp @s ^-0.12213 ^-3.30879 ^0.6474 ~-1.80919 ~47.14459
execute if entity @s[tag=aj.chainsaw.locator_origin.shunter13] at @s on origin run tp @s ^-0.1087 ^-3.76696 ^1.07229 ~-1.80919 ~47.14459
execute if entity @s[tag=aj.chainsaw.locator_origin.shunter14] at @s on origin run tp @s ^-0.09528 ^-4.22513 ^1.49717 ~-1.80919 ~47.14459
execute if entity @s[tag=aj.chainsaw.locator_origin.shunter15] at @s on origin run tp @s ^-0.08186 ^-4.6833 ^1.92205 ~-1.80919 ~47.14459
execute if entity @s[tag=aj.chainsaw.locator_origin.shunter16] at @s on origin run tp @s ^-0.06844 ^-5.14147 ^2.34693 ~-1.80919 ~47.14459
execute if entity @s[tag=aj.chainsaw.locator_origin.shunter17] at @s on origin run tp @s ^-0.05502 ^-5.59964 ^2.77182 ~-1.80919 ~47.14459
execute if entity @s[tag=aj.chainsaw.locator_origin.shunter18] at @s on origin run tp @s ^-0.0416 ^-6.05782 ^3.1967 ~-1.80919 ~47.14459
execute if entity @s[tag=aj.chainsaw.locator_origin.shunter19] at @s on origin run tp @s ^-0.02818 ^-6.51599 ^3.62158 ~-1.80919 ~47.14459
execute if entity @s[tag=aj.chainsaw.locator_origin.shunter20] at @s on origin run tp @s ^-0.01476 ^-6.97416 ^4.04646 ~-1.80919 ~47.14459
execute if entity @s[tag=aj.chainsaw.locator_origin.shunter21] at @s on origin run tp @s ^-0.00134 ^-7.43233 ^4.47134 ~-1.80919 ~47.14459
execute if entity @s[tag=aj.chainsaw.locator_origin.shunter22] at @s on origin run tp @s ^0.01208 ^-7.8905 ^4.89623 ~-1.80919 ~47.14459
execute if entity @s[tag=aj.chainsaw.locator_origin.shunter23] at @s on origin run tp @s ^0.0255 ^-8.34867 ^5.32111 ~-1.80919 ~47.14459
execute if entity @s[tag=aj.chainsaw.locator_origin.shunter24] at @s on origin run tp @s ^0.03892 ^-8.80684 ^5.74599 ~-1.80919 ~47.14459
execute if entity @s[tag=aj.chainsaw.locator_origin.shunter25] at @s on origin run tp @s ^0.05234 ^-9.26501 ^6.17087 ~-1.80919 ~47.14459
execute if entity @s[tag=aj.chainsaw.locator_origin.shunter26] at @s on origin run tp @s ^0.06576 ^-9.72318 ^6.59576 ~-1.80919 ~47.14459
execute if entity @s[tag=aj.chainsaw.locator_origin.shunter27] at @s on origin run tp @s ^0.07919 ^-10.18135 ^7.02064 ~-1.80919 ~47.14459
execute if entity @s[tag=aj.chainsaw.locator_origin.shunter28] at @s on origin run tp @s ^0.09261 ^-10.63952 ^7.44552 ~-1.80919 ~47.14459
execute if entity @s[tag=aj.chainsaw.locator_origin.shunter29] at @s on origin run tp @s ^0.10603 ^-11.09769 ^7.8704 ~-1.80919 ~47.14459
execute if entity @s[tag=aj.chainsaw.locator_origin.shunter30] at @s on origin run tp @s ^0.11945 ^-11.55586 ^8.29528 ~-1.80919 ~47.14459
execute if entity @s[tag=aj.chainsaw.locator_origin.shunter31] at @s on origin run tp @s ^0.13287 ^-12.01403 ^8.72017 ~-1.80919 ~47.14459
execute if entity @s[tag=aj.chainsaw.locator_origin.shunter32] at @s on origin run tp @s ^0.14629 ^-12.4722 ^9.14505 ~-1.80919 ~47.14459
execute if entity @s[tag=aj.chainsaw.bone.serpent_hunter] run data modify entity @s {} merge value {transformation:[-1.491152930244856f,-0.1594536729383934f,-0.032209700536261716f,-0.25046710546271844f,-0.1319320614304475f,1.0116594576584932f,1.099608599864896f,0.8600059067274377f,-0.09516758791149652f,1.0959560520005258f,-1.019717344313868f,-3.219420125534727f,0f,0f,0f,1f],start_interpolation:0}
execute if entity @s[tag=aj.chainsaw.bone.left_arm2] run data modify entity @s {} merge value {transformation:[-0.9941019534965707f,-0.10095870503645557f,-0.03960613502557517f,-0.25541593974991045f,-0.08795470762029833f,0.5368966985311905f,0.8390505971118405f,1.5255984828326519f,-0.06344505860766435f,0.837585383697489f,-0.542609850218921f,-3.572045768636335f,0f,0f,0f,1f],start_interpolation:0}
execute if entity @s[tag=aj.chainsaw.bone.left_arm] run data modify entity @s {} merge value {transformation:[-0.9941019534965707f,0.011538584486785422f,-0.10783397944221221f,-0.3828124999999996f,-0.08795470762029833f,-0.6674786088495943f,0.7394161724872118f,1.352230589895067f,-0.06344505860766435f,0.7445395676498674f,0.6645566617994423f,-3.3057729947092445f,0f,0f,0f,1f],start_interpolation:0}
execute if entity @s[tag=aj.chainsaw.bone.head] run data modify entity @s {} merge value {transformation:[0.9250324759043889f,-0.09113954358795064f,-0.36879330541209165f,4.0939474033052647e-16f,-0.17760414432895164f,0.7544128523270242f,-0.6319161464632665f,1.4088356841112295f,0.3358149586295661f,0.6500421769688361f,0.68166962798869f,-3.162330425939224f,0f,0f,0f,1f],start_interpolation:0}
execute if entity @s[tag=aj.chainsaw.bone.body_top] run data modify entity @s {} merge value {transformation:[1f,0f,0f,4.0939474033052647e-16f,0f,0.9039892931234433f,-0.4275550934302821f,1.0528898999438736f,0f,0.4275550934302821f,0.9039892931234433f,-3.330680243977398f,0f,0f,0f,1f],start_interpolation:0}
execute if entity @s[tag=aj.chainsaw.locator_origin.player_camera] at @s on origin run tp @s ^0 ^-0.06444 ^-3.18539 ~-180 ~-12.03125
execute if entity @s[tag=aj.chainsaw.bone.body] run data modify entity @s {} merge value {transformation:[1f,0f,0f,4.0939474033052647e-16f,0f,0.978034057014568f,-0.20844515662309054f,0.625f,0f,0.20844515662309054f,0.978034057014568f,-3.421875f,0f,0f,0f,1f],start_interpolation:0}
execute if entity @s[tag=aj.chainsaw.bone.right_leg2] run data modify entity @s {} merge value {transformation:[0.9816800257401698f,-0.100112109447156f,0.1621169102987723f,0.18555165646070826f,0.12519633358081653f,0.9803035009451093f,-0.15274463687044143f,0.37164422267187674f,-0.14363218692445098f,0.17024280183550422f,0.9748780350907987f,-3.296957500077821f,0f,0f,0f,1f],start_interpolation:0}
execute if entity @s[tag=aj.chainsaw.bone.right_leg] run data modify entity @s {} merge value {transformation:[0.9816800257401698f,-0.1684915658037088f,0.08896583229416781f,0.12500000000000042f,0.12519633358081653f,0.9223812934347777f,0.3654293742701967f,0.703125f,-0.14363218692445098f,-0.34759652152258524f,0.9265778181592189f,-3.421875f,0f,0f,0f,1f],start_interpolation:0}
execute if entity @s[tag=aj.chainsaw.bone.left_leg2] run data modify entity @s {} merge value {transformation:[0.9848077463102579f,0.17364757020262717f,0.0004734659802497973f,-0.18509867391306578f,-0.1604300601002887f,0.9108839122611698f,-0.3802008603356958f,0.3511917458776954f,-0.06645222813065449f,0.3743487942367507f,0.9249038229080698f,-3.462881397815174f,0f,0f,0f,1f],start_interpolation:0}
execute if entity @s[tag=aj.chainsaw.bone.left_leg] run data modify entity @s {} merge value {transformation:[0.9848077463102579f,0.1672310926276625f,0.046770337457291825f,-0.12499999999999958f,-0.1604300601002887f,0.9792925332098911f,-0.12348412940767836f,0.703125f,-0.06645222813065449f,0.11410475913787585f,0.991243766849789f,-3.421875f,0f,0f,0f,1f],start_interpolation:0}