execute if entity @s[tag=aj.chainsaw.bone.right_arm2] run data modify entity @s {} merge value {transformation:[-0.26710115471105617f,0.9264634202654758f,-0.26518390611425924f,-0.039433318956442504f,0.8865715292988028f,0.3440960175902183f,0.3091744719658041f,1.1102719510170929f,0.37768756477914645f,-0.15252364271990165f,-0.9132845349739855f,-0.7519433077811601f,0f,0f,0f,1f],start_interpolation:0}
execute if entity @s[tag=aj.chainsaw.bone.right_arm] run data modify entity @s {} merge value {transformation:[-0.28300533328278843f,0.7579688412713966f,-0.5876999378893908f,0.12500000000000014f,0.8773117099345118f,0.45220036626155297f,0.16074511614571665f,1.1650075168984588f,0.3875979165904795f,-0.47010431226974875f,-0.7929500555773393f,-0.835919563251958f,0f,0f,0f,1f],start_interpolation:0}
execute if entity @s[tag=aj.chainsaw.bone.bone0] run data modify entity @s {} merge value {transformation:[0.000009563724051704636f,-0.0000028738691980525974f,-5.254123098395195e-7f,-0.11712065061786907f,0.0000010345660504811908f,0.0000050133893831454816f,-0.000008590436541885162f,0.6048192702616301f,0.0000027321887471472637f,0.00000816129908320046f,0.000005091988012997794f,-1.0228867225736897f,0f,0f,0f,1f],start_interpolation:0}
execute if entity @s[tag=aj.chainsaw.bone.bone1] run data modify entity @s {} merge value {transformation:[0.000008957306866867521f,-0.000004218682475636295f,0.0000014033431022124725f,-0.11712081431486437f,8.763627291078919e-7f,-0.0000014191626940682311f,-0.00000985991712007741f,0.6048197562056669f,0.000004358743174333477f,0.000008954814091734359f,-9.014779657191271e-7f,-1.0228872397540343f,0f,0f,0f,1f],start_interpolation:0}
execute if entity @s[tag=aj.chainsaw.bone.bone2] run data modify entity @s {} merge value {transformation:[0.000009670452786474712f,-0.0000021805526978411035f,0.0000013143564343440182f,-0.11712029671652885f,0.0000010693729914188464f,-0.0000012062727928924983f,-0.000009869212093898442f,0.6048198109998582f,0.000002310580946382868f,0.000009684528686573511f,-9.333379929839073e-7f,-1.0228870351552175f,0f,0f,0f,1f],start_interpolation:0}
execute if entity @s[tag=aj.chainsaw.bone.bone3] run data modify entity @s {} merge value {transformation:[0.000008957306866867521f,-0.000004218682475636295f,0.0000014033431022124725f,-0.11712049409651813f,8.763627291078919e-7f,-0.0000014191626940682311f,-0.00000985991712007741f,0.6048197564049024f,0.000004358743174333477f,0.000008954814091734359f,-9.014779657191271e-7f,-1.0228864119901868f,0f,0f,0f,1f],start_interpolation:0}
execute if entity @s[tag=aj.chainsaw.bone.bone4] run data modify entity @s {} merge value {transformation:[0.000009563724051704636f,-0.0000028738691980525974f,-5.254123098395195e-7f,-0.11712071088349785f,0.0000010345660504811908f,0.0000050133893831454816f,-0.000008590436541885162f,0.6048202564045542f,0.0000027321887471472637f,0.00000816129908320046f,0.000005091988012997794f,-1.022886885031773f,0f,0f,0f,1f],start_interpolation:0}
execute if entity @s[tag=aj.chainsaw.locator_origin.flail0] at @s on origin run tp @s ^-0.11712 ^0.60482 ^-1.02289 ~67.27919 ~-82.41215
execute if entity @s[tag=aj.chainsaw.locator_origin.flail1] at @s on origin run tp @s ^-0.11712 ^0.60482 ^-1.02288 ~67.27919 ~-82.41215
execute if entity @s[tag=aj.chainsaw.locator_origin.flail2] at @s on origin run tp @s ^-0.11713 ^0.60482 ^-1.02288 ~67.27919 ~-82.41215
execute if entity @s[tag=aj.chainsaw.locator_origin.flail3] at @s on origin run tp @s ^-0.11713 ^0.60482 ^-1.02288 ~67.27919 ~-82.41215
execute if entity @s[tag=aj.chainsaw.locator_origin.flail4] at @s on origin run tp @s ^-0.11713 ^0.60483 ^-1.02288 ~67.27919 ~-82.41215
execute if entity @s[tag=aj.chainsaw.bone.flail_body] run data modify entity @s {} merge value {transformation:[0.000004884852109051864f,-0.000008640296151662601f,0.0000012179910854584036f,-0.11712759031625763f,1.5133657306192768e-7f,-0.0000013117607666993403f,-0.000009912435671044843f,0.6048188725677582f,0.000008724409270222569f,0.000004860510889043755f,-5.100164537949944e-7f,-1.0228828700035735f,0f,0f,0f,1f],start_interpolation:0}
execute if entity @s[tag=aj.chainsaw.bone.flail] run data modify entity @s {} merge value {transformation:[-0.0000013844648114106553f,-0.000009903412838536389f,-7.530826965483381e-8f,-0.11712505538529897f,-6.784862366585266e-7f,1.7070657075617376e-7f,-0.000009975495761783753f,0.6048211032450674f,0.000009880430841447686f,-0.000001375962723409837f,-6.955666547182756e-7f,-1.0228823616242684f,0f,0f,0f,1f],start_interpolation:0}
execute if entity @s[tag=aj.chainsaw.locator_origin.shunter0] at @s on origin run tp @s ^-0.35806 ^0.83201 ^-1.24295 ~-0.44358 ~-8.94364
execute if entity @s[tag=aj.chainsaw.locator_origin.shunter1] at @s on origin run tp @s ^-0.3552 ^0.8903 ^-0.87252 ~-0.44358 ~-8.94364
execute if entity @s[tag=aj.chainsaw.locator_origin.shunter2] at @s on origin run tp @s ^-0.35042 ^0.98747 ^-0.25514 ~-0.44358 ~-8.94364
execute if entity @s[tag=aj.chainsaw.locator_origin.shunter3] at @s on origin run tp @s ^-0.34659 ^1.0652 ^0.23877 ~-0.44358 ~-8.94364
execute if entity @s[tag=aj.chainsaw.locator_origin.shunter4] at @s on origin run tp @s ^-0.34325 ^1.13321 ^0.67094 ~-0.44358 ~-8.94364
execute if entity @s[tag=aj.chainsaw.locator_origin.shunter5] at @s on origin run tp @s ^-0.33894 ^1.22066 ^1.22658 ~-0.44358 ~-8.94364
execute if entity @s[tag=aj.chainsaw.locator_origin.shunter6] at @s on origin run tp @s ^-0.33464 ^1.30811 ^1.78223 ~-0.44358 ~-8.94364
execute if entity @s[tag=aj.chainsaw.locator_origin.shunter7] at @s on origin run tp @s ^-0.32986 ^1.40527 ^2.39961 ~-0.44358 ~-8.94364
execute if entity @s[tag=aj.chainsaw.locator_origin.shunter8] at @s on origin run tp @s ^-0.32508 ^1.50244 ^3.01699 ~-0.44358 ~-8.94364
execute if entity @s[tag=aj.chainsaw.locator_origin.shunter9] at @s on origin run tp @s ^-0.3203 ^1.5996 ^3.63437 ~-0.44358 ~-8.94364
execute if entity @s[tag=aj.chainsaw.locator_origin.shunter10] at @s on origin run tp @s ^-0.31552 ^1.69677 ^4.25176 ~-0.44358 ~-8.94364
execute if entity @s[tag=aj.chainsaw.locator_origin.shunter11] at @s on origin run tp @s ^-0.31074 ^1.79393 ^4.86914 ~-0.44358 ~-8.94364
execute if entity @s[tag=aj.chainsaw.locator_origin.shunter12] at @s on origin run tp @s ^-0.30596 ^1.8911 ^5.48652 ~-0.44358 ~-8.94364
execute if entity @s[tag=aj.chainsaw.locator_origin.shunter13] at @s on origin run tp @s ^-0.30118 ^1.98826 ^6.1039 ~-0.44358 ~-8.94364
execute if entity @s[tag=aj.chainsaw.locator_origin.shunter14] at @s on origin run tp @s ^-0.2964 ^2.08542 ^6.72129 ~-0.44358 ~-8.94364
execute if entity @s[tag=aj.chainsaw.locator_origin.shunter15] at @s on origin run tp @s ^-0.29162 ^2.18259 ^7.33867 ~-0.44358 ~-8.94364
execute if entity @s[tag=aj.chainsaw.locator_origin.shunter16] at @s on origin run tp @s ^-0.28684 ^2.27975 ^7.95605 ~-0.44358 ~-8.94364
execute if entity @s[tag=aj.chainsaw.locator_origin.shunter17] at @s on origin run tp @s ^-0.28206 ^2.37692 ^8.57344 ~-0.44358 ~-8.94364
execute if entity @s[tag=aj.chainsaw.locator_origin.shunter18] at @s on origin run tp @s ^-0.27728 ^2.47408 ^9.19082 ~-0.44358 ~-8.94364
execute if entity @s[tag=aj.chainsaw.locator_origin.shunter19] at @s on origin run tp @s ^-0.27251 ^2.57125 ^9.8082 ~-0.44358 ~-8.94364
execute if entity @s[tag=aj.chainsaw.locator_origin.shunter20] at @s on origin run tp @s ^-0.26773 ^2.66841 ^10.42558 ~-0.44358 ~-8.94364
execute if entity @s[tag=aj.chainsaw.locator_origin.shunter21] at @s on origin run tp @s ^-0.26295 ^2.76557 ^11.04297 ~-0.44358 ~-8.94364
execute if entity @s[tag=aj.chainsaw.locator_origin.shunter22] at @s on origin run tp @s ^-0.25817 ^2.86274 ^11.66035 ~-0.44358 ~-8.94364
execute if entity @s[tag=aj.chainsaw.locator_origin.shunter23] at @s on origin run tp @s ^-0.25339 ^2.9599 ^12.27773 ~-0.44358 ~-8.94364
execute if entity @s[tag=aj.chainsaw.locator_origin.shunter24] at @s on origin run tp @s ^-0.24861 ^3.05707 ^12.89511 ~-0.44358 ~-8.94364
execute if entity @s[tag=aj.chainsaw.locator_origin.shunter25] at @s on origin run tp @s ^-0.24383 ^3.15423 ^13.5125 ~-0.44358 ~-8.94364
execute if entity @s[tag=aj.chainsaw.locator_origin.shunter26] at @s on origin run tp @s ^-0.23905 ^3.2514 ^14.12988 ~-0.44358 ~-8.94364
execute if entity @s[tag=aj.chainsaw.locator_origin.shunter27] at @s on origin run tp @s ^-0.23427 ^3.34856 ^14.74726 ~-0.44358 ~-8.94364
execute if entity @s[tag=aj.chainsaw.locator_origin.shunter28] at @s on origin run tp @s ^-0.22949 ^3.44572 ^15.36464 ~-0.44358 ~-8.94364
execute if entity @s[tag=aj.chainsaw.locator_origin.shunter29] at @s on origin run tp @s ^-0.22471 ^3.54289 ^15.98203 ~-0.44358 ~-8.94364
execute if entity @s[tag=aj.chainsaw.locator_origin.shunter30] at @s on origin run tp @s ^-0.21993 ^3.64005 ^16.59941 ~-0.44358 ~-8.94364
execute if entity @s[tag=aj.chainsaw.locator_origin.shunter31] at @s on origin run tp @s ^-0.21515 ^3.73722 ^17.21679 ~-0.44358 ~-8.94364
execute if entity @s[tag=aj.chainsaw.locator_origin.shunter32] at @s on origin run tp @s ^-0.21037 ^3.83438 ^17.83417 ~-0.44358 ~-8.94364
execute if entity @s[tag=aj.chainsaw.bone.serpent_hunter] run data modify entity @s {} merge value {transformation:[-1.4982606309301256f,0.07129856125563161f,-0.011471572156387678f,-0.35570295765664384f,0.07221514303119089f,1.4800018248250286f,-0.23319427872820797f,1.007202215996204f,0.0002343541057998489f,-0.23347615226712473f,-1.4817182024260518f,-0.13165834887170913f,0f,0f,0f,1f],start_interpolation:0}
execute if entity @s[tag=aj.chainsaw.bone.left_arm2] run data modify entity @s {} merge value {transformation:[-0.9988404206200838f,0.03863040912595243f,-0.02873161370782836f,-0.26126209865740124f,0.04814342868746059f,0.8034003446174954f,-0.5934897611102525f,1.022603554040609f,0.0001562360705332326f,-0.5941848010166962f,-0.8043285384909818f,-1.1565554341626796f,0f,0f,0f,1f],start_interpolation:0}
execute if entity @s[tag=aj.chainsaw.bone.left_arm] run data modify entity @s {} merge value {transformation:[-0.9988404206200838f,0.023443530562490482f,0.04205014875431375f,-0.3749999999999999f,0.04814342868746059f,0.48354758611953175f,0.8739931019362734f,1.2587575168984588f,0.0001562360705332326f,0.8750040758949293f,-0.48411552625127685f,-0.9982993264615403f,0f,0f,0f,1f],start_interpolation:0}
execute if entity @s[tag=aj.chainsaw.bone.head] run data modify entity @s {} merge value {transformation:[1f,0f,0f,1.3183898417423734e-16f,0f,0.9659258262890682f,-0.2588190451025207f,1.320748668692472f,0f,0.2588190451025207f,0.9659258262890682f,-0.8181711509884855f,0f,0f,0f,1f],start_interpolation:0}
execute if entity @s[tag=aj.chainsaw.bone.body_top] run data modify entity @s {} merge value {transformation:[1f,0f,0f,1.3183898417423734e-16f,0f,0.8660254037844386f,-0.4999999999999999f,0.9797511659523492f,0f,0.4999999999999999f,0.8660254037844386f,-1.0150461509884854f,0f,0f,0f,1f],start_interpolation:0}
execute if entity @s[tag=aj.chainsaw.locator_origin.player_camera] at @s on origin run tp @s ^0 ^-0.14634 ^-0.9769 ~-180 ~-17.5
execute if entity @s[tag=aj.chainsaw.bone.body] run data modify entity @s {} merge value {transformation:[1f,0f,0f,1.3183898417423734e-16f,0f,0.9537169507482269f,-0.30070579950427306f,0.5625f,0f,0.30070579950427306f,0.9537169507482269f,-1.1466049382716048f,0f,0f,0f,1f],start_interpolation:0}
execute if entity @s[tag=aj.chainsaw.bone.right_leg2] run data modify entity @s {} merge value {transformation:[0.991480294561584f,0.033604690815720276f,0.12584732913834246f,0.1165442344929013f,0.06979723188409925f,0.6786722008036471f,-0.7311172206135288f,0.37667834135103523f,-0.10997805198034621f,0.7336721124668116f,0.6705445991663004f,-1.3903487628964264f,0f,0f,0f,1f],start_interpolation:0}
execute if entity @s[tag=aj.chainsaw.bone.right_leg] run data modify entity @s {} merge value {transformation:[0.991480294561584f,0.023529086628448964f,0.12811404130112125f,0.12500000000000014f,0.06979723188409925f,0.7344602675449454f,-0.6750529326053806f,0.640625f,-0.10997805198034621f,0.6782436859125472f,0.7265606172938155f,-1.1466049382716048f,0f,0f,0f,1f],start_interpolation:0}
execute if entity @s[tag=aj.chainsaw.bone.left_leg2] run data modify entity @s {} merge value {transformation:[0.9797962057231718f,0.16500345205094308f,0.11301883056264565f,-0.13075112712207265f,-0.15742473128880555f,0.9848257869871735f,-0.07304535073323754f,0.39750040023550254f,-0.1233565937804836f,0.05377759846224495f,0.9909041934892144f,-0.8820151724997998f,0f,0f,0f,1f],start_interpolation:0}
execute if entity @s[tag=aj.chainsaw.bone.left_leg] run data modify entity @s {} merge value {transformation:[0.9797962057231718f,0.016003136339680812f,0.19935720422841374f,-0.12499999999999986f,-0.15742473128880555f,0.6765206254316452f,0.7194006514760902f,0.640625f,-0.1233565937804836f,-0.7362497830171968f,0.6653716313294454f,-1.1466049382716048f,0f,0f,0f,1f],start_interpolation:0}