execute if entity @s[tag=aj.chainsaw.bone.right_arm2] run data modify entity @s {} merge value {transformation:[-0.12496588853040869f,0.9514299079470684f,-0.2813621455840103f,-0.039364345621084346f,0.9562236517750696f,0.19112816958015755f,0.22159952747893752f,1.1421841350916562f,0.26461264990501704f,-0.24135275647228682f,-0.933664282519939f,-1.7553887636906655f,0f,0f,0f,1f],start_interpolation:0}
execute if entity @s[tag=aj.chainsaw.bone.right_arm] run data modify entity @s {} merge value {transformation:[-0.1412617640129259f,0.7781908231891354f,-0.6119347650952441f,0.12500000000000025f,0.9505951663102787f,0.27922711775616516f,0.13565045704721265f,1.1625079732380226f,0.27643072154789383f,-0.562540006945106f,-0.7791885502050897f,-1.853661921418675f,0f,0f,0f,1f],start_interpolation:0}
execute if entity @s[tag=aj.chainsaw.bone.bone0] run data modify entity @s {} merge value {transformation:[0.000009596175281482113f,-0.0000027777261341840105f,-4.4458687626030464e-7f,-0.11628935223168399f,0.0000017231299805164108f,0.000007053417117955256f,-0.000006876054830379209f,0.6189269747289797f,0.000002223565388585924f,0.000006521774642197233f,0.000007247221017678143f,-1.865316864821411f,0f,0f,0f,1f],start_interpolation:0}
execute if entity @s[tag=aj.chainsaw.bone.bone1] run data modify entity @s {} merge value {transformation:[0.000009010991142328265f,-0.000004100732356071639f,0.0000014092667514522402f,-0.11628952342866367f,0.0000020154013414748847f,0.0000010832072644392782f,-0.000009734722361477353f,0.6189273015756366f,0.000003839296298237849f,0.000009055973507367007f,0.0000018025392556624222f,-1.8653174927359586f,0f,0f,0f,1f],start_interpolation:0}
execute if entity @s[tag=aj.chainsaw.bone.bone2] run data modify entity @s {} merge value {transformation:[0.000009697415674890877f,-0.000002053778683763573f,0.0000013198948240292287f,-0.1162890033429832f,0.00000164149730660845f,0.0000014833216189156283f,-0.00000975219173146502f,0.6189274091456582f,0.0000018071014970880853f,0.000009673766075990045f,0.0000017755658495944686f,-1.8653173174912965f,0f,0f,0f,1f],start_interpolation:0}
execute if entity @s[tag=aj.chainsaw.bone.bone3] run data modify entity @s {} merge value {transformation:[0.000009010991142328265f,-0.000004100732356071639f,0.0000014092667514522402f,-0.11628919260186887f,0.0000020154013414748847f,0.0000010832072644392782f,-0.000009734722361477353f,0.6189275268462607f,0.000003839296298237849f,0.000009055973507367007f,0.0000018025392556624222f,-1.8653167005619915f,0f,0f,0f,1f],start_interpolation:0}
execute if entity @s[tag=aj.chainsaw.bone.bone4] run data modify entity @s {} merge value {transformation:[0.000009596175281482113f,-0.0000027777261341840105f,-4.4458687626030464e-7f,-0.11628941634236116f,0.0000017231299805164108f,0.000007053417117955256f,-0.000006876054830379209f,0.6189278793431396f,0.000002223565388585924f,0.000006521774642197233f,0.000007247221017678143f,-1.8653172891626466f,0f,0f,0f,1f],start_interpolation:0}
execute if entity @s[tag=aj.chainsaw.locator_origin.flail0] at @s on origin run tp @s ^-0.11629 ^0.61893 ^-1.86532 ~150.76342 ~-75.4254
execute if entity @s[tag=aj.chainsaw.locator_origin.flail1] at @s on origin run tp @s ^-0.11629 ^0.61893 ^-1.86531 ~150.76342 ~-75.4254
execute if entity @s[tag=aj.chainsaw.locator_origin.flail2] at @s on origin run tp @s ^-0.1163 ^0.61893 ^-1.86531 ~150.76342 ~-75.4254
execute if entity @s[tag=aj.chainsaw.locator_origin.flail3] at @s on origin run tp @s ^-0.1163 ^0.61893 ^-1.86531 ~150.76342 ~-75.4254
execute if entity @s[tag=aj.chainsaw.locator_origin.flail4] at @s on origin run tp @s ^-0.1163 ^0.61894 ^-1.86532 ~150.76342 ~-75.4254
execute if entity @s[tag=aj.chainsaw.bone.flail_body] run data modify entity @s {} merge value {transformation:[0.000004996268507141081f,-0.000008574772722840377f,0.0000012290540086517466f,-0.1162962411344421f,0.000002515184481882886f,7.83106937048916e-8f,-0.000009678208225562568f,0.618927654688081f,0.000008289218782650496f,0.000005144622453288881f,0.0000021958396540890904f,-1.8653129609073429f,0f,0f,0f,1f],start_interpolation:0}
execute if entity @s[tag=aj.chainsaw.bone.flail] run data modify entity @s {} merge value {transformation:[-0.0000012561841026008647f,-0.000009920564071273214f,-6.64078921211425e-8f,-0.11629370387207907f,0.0000020431023088641814f,-1.9319146264094672e-7f,-0.000009787155358646171f,0.618929934944614f,0.00000970812723731445f,-0.0000012430147088935702f,0.0000020511411403381113f,-1.8653131124843367f,0f,0f,0f,1f],start_interpolation:0}
execute if entity @s[tag=aj.chainsaw.locator_origin.shunter0] at @s on origin run tp @s ^-0.35799 ^0.82893 ^-2.15081 ~-0.91714 ~-18.5198
execute if entity @s[tag=aj.chainsaw.locator_origin.shunter1] at @s on origin run tp @s ^-0.35229 ^0.94804 ^-1.79528 ~-0.91714 ~-18.5198
execute if entity @s[tag=aj.chainsaw.locator_origin.shunter2] at @s on origin run tp @s ^-0.34281 ^1.14656 ^-1.20272 ~-0.91714 ~-18.5198
execute if entity @s[tag=aj.chainsaw.locator_origin.shunter3] at @s on origin run tp @s ^-0.33522 ^1.30538 ^-0.72868 ~-0.91714 ~-18.5198
execute if entity @s[tag=aj.chainsaw.locator_origin.shunter4] at @s on origin run tp @s ^-0.32858 ^1.44434 ^-0.31388 ~-0.91714 ~-18.5198
execute if entity @s[tag=aj.chainsaw.locator_origin.shunter5] at @s on origin run tp @s ^-0.32004 ^1.62301 ^0.21942 ~-0.91714 ~-18.5198
execute if entity @s[tag=aj.chainsaw.locator_origin.shunter6] at @s on origin run tp @s ^-0.31151 ^1.80168 ^0.75272 ~-0.91714 ~-18.5198
execute if entity @s[tag=aj.chainsaw.locator_origin.shunter7] at @s on origin run tp @s ^-0.30202 ^2.0002 ^1.34528 ~-0.91714 ~-18.5198
execute if entity @s[tag=aj.chainsaw.locator_origin.shunter8] at @s on origin run tp @s ^-0.29253 ^2.19872 ^1.93783 ~-0.91714 ~-18.5198
execute if entity @s[tag=aj.chainsaw.locator_origin.shunter9] at @s on origin run tp @s ^-0.28305 ^2.39724 ^2.53039 ~-0.91714 ~-18.5198
execute if entity @s[tag=aj.chainsaw.locator_origin.shunter10] at @s on origin run tp @s ^-0.27356 ^2.59576 ^3.12295 ~-0.91714 ~-18.5198
execute if entity @s[tag=aj.chainsaw.locator_origin.shunter11] at @s on origin run tp @s ^-0.26408 ^2.79428 ^3.71551 ~-0.91714 ~-18.5198
execute if entity @s[tag=aj.chainsaw.locator_origin.shunter12] at @s on origin run tp @s ^-0.25459 ^2.9928 ^4.30807 ~-0.91714 ~-18.5198
execute if entity @s[tag=aj.chainsaw.locator_origin.shunter13] at @s on origin run tp @s ^-0.2451 ^3.19132 ^4.90062 ~-0.91714 ~-18.5198
execute if entity @s[tag=aj.chainsaw.locator_origin.shunter14] at @s on origin run tp @s ^-0.23562 ^3.38984 ^5.49318 ~-0.91714 ~-18.5198
execute if entity @s[tag=aj.chainsaw.locator_origin.shunter15] at @s on origin run tp @s ^-0.22613 ^3.58836 ^6.08574 ~-0.91714 ~-18.5198
execute if entity @s[tag=aj.chainsaw.locator_origin.shunter16] at @s on origin run tp @s ^-0.21665 ^3.78688 ^6.6783 ~-0.91714 ~-18.5198
execute if entity @s[tag=aj.chainsaw.locator_origin.shunter17] at @s on origin run tp @s ^-0.20716 ^3.9854 ^7.27085 ~-0.91714 ~-18.5198
execute if entity @s[tag=aj.chainsaw.locator_origin.shunter18] at @s on origin run tp @s ^-0.19767 ^4.18392 ^7.86341 ~-0.91714 ~-18.5198
execute if entity @s[tag=aj.chainsaw.locator_origin.shunter19] at @s on origin run tp @s ^-0.18819 ^4.38244 ^8.45597 ~-0.91714 ~-18.5198
execute if entity @s[tag=aj.chainsaw.locator_origin.shunter20] at @s on origin run tp @s ^-0.1787 ^4.58096 ^9.04853 ~-0.91714 ~-18.5198
execute if entity @s[tag=aj.chainsaw.locator_origin.shunter21] at @s on origin run tp @s ^-0.16922 ^4.77948 ^9.64109 ~-0.91714 ~-18.5198
execute if entity @s[tag=aj.chainsaw.locator_origin.shunter22] at @s on origin run tp @s ^-0.15973 ^4.978 ^10.23364 ~-0.91714 ~-18.5198
execute if entity @s[tag=aj.chainsaw.locator_origin.shunter23] at @s on origin run tp @s ^-0.15024 ^5.17652 ^10.8262 ~-0.91714 ~-18.5198
execute if entity @s[tag=aj.chainsaw.locator_origin.shunter24] at @s on origin run tp @s ^-0.14076 ^5.37504 ^11.41876 ~-0.91714 ~-18.5198
execute if entity @s[tag=aj.chainsaw.locator_origin.shunter25] at @s on origin run tp @s ^-0.13127 ^5.57356 ^12.01132 ~-0.91714 ~-18.5198
execute if entity @s[tag=aj.chainsaw.locator_origin.shunter26] at @s on origin run tp @s ^-0.12179 ^5.77208 ^12.60387 ~-0.91714 ~-18.5198
execute if entity @s[tag=aj.chainsaw.locator_origin.shunter27] at @s on origin run tp @s ^-0.1123 ^5.9706 ^13.19643 ~-0.91714 ~-18.5198
execute if entity @s[tag=aj.chainsaw.locator_origin.shunter28] at @s on origin run tp @s ^-0.10281 ^6.16913 ^13.78899 ~-0.91714 ~-18.5198
execute if entity @s[tag=aj.chainsaw.locator_origin.shunter29] at @s on origin run tp @s ^-0.09333 ^6.36765 ^14.38155 ~-0.91714 ~-18.5198
execute if entity @s[tag=aj.chainsaw.locator_origin.shunter30] at @s on origin run tp @s ^-0.08384 ^6.56617 ^14.97411 ~-0.91714 ~-18.5198
execute if entity @s[tag=aj.chainsaw.locator_origin.shunter31] at @s on origin run tp @s ^-0.07436 ^6.76469 ^15.56666 ~-0.91714 ~-18.5198
execute if entity @s[tag=aj.chainsaw.locator_origin.shunter32] at @s on origin run tp @s ^-0.06487 ^6.96321 ^16.15922 ~-0.91714 ~-18.5198
execute if entity @s[tag=aj.chainsaw.bone.serpent_hunter] run data modify entity @s {} merge value {transformation:[-1.4982606309301254f,0.06853301431240687f,-0.022766373319387002f,-0.34715452846644523f,0.07221522157129165f,1.420486442769797f,-0.47644855722377477f,1.1865682064799317f,-0.00020875409341153568f,-0.4769921297636498f,-1.4221386938569895f,-1.084210991767194f,0f,0f,0f,1f],start_interpolation:0}
execute if entity @s[tag=aj.chainsaw.bone.left_arm2] run data modify entity @s {} merge value {transformation:[-0.9988404206200836f,0.029556533006799085f,-0.0380029668856569f,-0.2628829404705575f,0.04814348104752776f,0.6109271172614391f,-0.7902216541118408f,0.98470648097409f,-0.00013916939560769045f,-0.7911349244921786f,-0.6116416531602745f,-2.105948246756193f,0f,0f,0f,1f],start_interpolation:0}
execute if entity @s[tag=aj.chainsaw.bone.left_arm] run data modify entity @s {} merge value {transformation:[-0.9988404206200836f,0.03381994452713987f,0.034264055330265865f,-0.3749999999999997f,0.04814348104752776f,0.7037192079753889f,0.7088451746038181f,1.2552598649243554f,-0.00013916939560769045f,0.7096728032541985f,-0.7045313995509404f,-2.0166138670609617f,0f,0f,0f,1f],start_interpolation:0}
execute if entity @s[tag=aj.chainsaw.bone.head] run data modify entity @s {} merge value {transformation:[1f,0f,0f,2.5673907444456745e-16f,0f,0.9674957268141134f,-0.2528873634573903f,1.31835509545922f,0f,0.2528873634573903f,0.9674957268141134f,-1.836869453006582f,0f,0f,0f,1f],start_interpolation:0}
execute if entity @s[tag=aj.chainsaw.bone.body_top] run data modify entity @s {} merge value {transformation:[1f,0f,0f,2.5673907444456745e-16f,0f,0.8690770434255294f,-0.4946767556604418f,0.9761560096104178f,0f,0.4946767556604418f,0.8690770434255294f,-2.031648425547881f,0f,0f,0f,1f],start_interpolation:0}
execute if entity @s[tag=aj.chainsaw.locator_origin.player_camera] at @s on origin run tp @s ^0 ^-0.14968 ^-1.9866 ~-180 ~-17.14844
execute if entity @s[tag=aj.chainsaw.bone.body] run data modify entity @s {} merge value {transformation:[1f,0f,0f,2.5673907444456745e-16f,0f,0.9555440933952406f,-0.2948482416048428f,0.55810546875f,0f,0.2948482416048428f,0.9555440933952406f,-2.16064453125f,0f,0f,0f,1f],start_interpolation:0}
execute if entity @s[tag=aj.chainsaw.bone.right_leg2] run data modify entity @s {} merge value {transformation:[0.991480294561584f,-0.05796992051808963f,0.11664610499798453f,0.17181004579085743f,0.06979723188409924f,0.9925356671194112f,-0.1000064793758021f,0.4433429292197638f,-0.10997805198034621f,0.10729602886850864f,0.988125695583136f,-1.861055467143799f,0f,0f,0f,1f],start_interpolation:0}
execute if entity @s[tag=aj.chainsaw.bone.right_leg] run data modify entity @s {} merge value {transformation:[0.991480294561584f,-0.13025404046151562f,0.000842875746661885f,0.12500000000000025f,0.06979723188409924f,0.5367305447797877f,0.8408618606654185f,0.63623046875f,-0.10997805198034621f,-0.8336391349042115f,0.5412491301043967f,-2.16064453125f,0f,0f,0f,1f],start_interpolation:0}
execute if entity @s[tag=aj.chainsaw.bone.left_leg2] run data modify entity @s {} merge value {transformation:[0.9838806727996423f,0.16751142327651475f,-0.06259987830019743f,-0.1849898126483589f,-0.15974185262055943f,0.6659192760494291f,-0.728720837020018f,0.3993361817876967f,-0.0803825989420265f,0.7269741679438689f,0.6819436904390603f,-2.424145403749574f,0f,0f,0f,1f],start_interpolation:0}
execute if entity @s[tag=aj.chainsaw.bone.left_leg] run data modify entity @s {} merge value {transformation:[0.9838806727996423f,0.1669281743258689f,-0.06413896091733588f,-0.12499999999999975f,-0.15974185262055943f,0.6591841028516265f,-0.7348189294438785f,0.63623046875f,-0.0803825989420265f,0.7332198191292489f,0.675223914433869f,-2.16064453125f,0f,0f,0f,1f],start_interpolation:0}