execute if entity @s[tag=aj.chainsaw.bone.right_arm2] run data modify entity @s {} merge value {transformation:[-0.2557604928028715f,0.9295132478684944f,-0.2656909715406141f,-0.039661632691192966f,0.8931822080524762f,0.3323531350842483f,0.3029305808566952f,1.104350552298143f,0.36988121544589914f,-0.15983277397528473f,-0.9152274967589369f,-0.23240881967097882f,0f,0f,0f,1f],start_interpolation:0}
execute if entity @s[tag=aj.chainsaw.bone.right_arm] run data modify entity @s {} merge value {transformation:[-0.27172251188977437f,0.7608541134383746f,-0.5892944040089102f,0.12500000000000006f,0.8841971928856205f,0.4391244746352628f,0.15926399426578922f,1.156434128695441f,0.37995026072566435f,-0.4777768452323842f,-0.7920650765778593f,-0.3176153794385151f,0f,0f,0f,1f],start_interpolation:0}
execute if entity @s[tag=aj.chainsaw.bone.bone0] run data modify entity @s {} merge value {transformation:[0.000009566898964029655f,-0.0000028643985542709448f,-5.192929176668096e-7f,-0.11713783182490033f,0.0000011005570999350676f,0.000005210270832684747f,-0.000008464150986357525f,0.5958388050465271f,0.000002695035859099264f,0.000008040416579529015f,0.000005299856879747226f,-0.48898563443727766f,0f,0f,0f,1f],start_interpolation:0}
execute if entity @s[tag=aj.chainsaw.bone.bone1] run data modify entity @s {} merge value {transformation:[0.00000896239018439215f,-0.000004208165472664998f,0.0000014024640948635718f,-0.11713799613630593f,9.81934587125093e-7f,-0.0000012010838866612473f,-0.000009878927166641637f,0.5958392782804867f,0.0000043256637235595175f,0.000008991592787258153f,-6.632439210488945e-7f,-0.48898616308196313f,0f,0f,0f,1f],start_interpolation:0}
execute if entity @s[tag=aj.chainsaw.bone.bone2] run data modify entity @s {} merge value {transformation:[0.000009673133180867327f,-0.0000021691862393937184f,0.0000013134403389680727f,-0.11713747829967314f,0.0000011251069336200718f,-9.705449412164005e-7f,-0.000009888992714376893f,0.5958393380251596f,0.0000022725819794066123f,0.00000971353043830636f,-6.947643996148155e-7f,-0.4889859604815881f,0f,0f,0f,1f],start_interpolation:0}
execute if entity @s[tag=aj.chainsaw.bone.bone3] run data modify entity @s {} merge value {transformation:[0.00000896239018439215f,-0.000004208165472664998f,0.0000014024640948635718f,-0.11713767494864728f,9.81934587125093e-7f,-0.0000012010838866612473f,-0.000009878927166641637f,0.5958392985922498f,0.0000043256637235595175f,0.000008991592787258153f,-6.632439210488945e-7f,-0.48898533594307736f,0f,0f,0f,1f],start_interpolation:0}
execute if entity @s[tag=aj.chainsaw.bone.bone4] run data modify entity @s {} merge value {transformation:[0.000009566898964029655f,-0.0000028643985542709448f,-5.192929176668096e-7f,-0.11713789229855594f,0.0000011005570999350676f,0.000005210270832684747f,-0.000008464150986357525f,0.5958397869508666f,0.000002695035859099264f,0.000008040416579529015f,0.000005299856879747226f,-0.4889858207414552f,0f,0f,0f,1f],start_interpolation:0}
execute if entity @s[tag=aj.chainsaw.locator_origin.flail0] at @s on origin run tp @s ^-0.11714 ^0.59584 ^-0.48899 ~77.47866 ~-82.8352
execute if entity @s[tag=aj.chainsaw.locator_origin.flail1] at @s on origin run tp @s ^-0.11714 ^0.59584 ^-0.48898 ~77.47866 ~-82.8352
execute if entity @s[tag=aj.chainsaw.locator_origin.flail2] at @s on origin run tp @s ^-0.11714 ^0.59584 ^-0.48898 ~77.47866 ~-82.8352
execute if entity @s[tag=aj.chainsaw.locator_origin.flail3] at @s on origin run tp @s ^-0.11715 ^0.59584 ^-0.48898 ~77.47866 ~-82.8352
execute if entity @s[tag=aj.chainsaw.locator_origin.flail4] at @s on origin run tp @s ^-0.11715 ^0.59585 ^-0.48898 ~77.47866 ~-82.8352
execute if entity @s[tag=aj.chainsaw.bone.flail_body] run data modify entity @s {} merge value {transformation:[0.000004895064674592753f,-0.000008634573590191099f,0.0000012175716599562542f,-0.1171447669989517f,3.6325740185513517e-7f,-0.000001193165375039039f,-0.000009921915160280568f,0.5958385011658542f,0.000008712427095336386f,0.0000049010708323163825f,-2.7040489098010144e-7f,-0.4889817652140927f,0f,0f,0f,1f],start_interpolation:0}
execute if entity @s[tag=aj.chainsaw.bone.flail] run data modify entity @s {} merge value {transformation:[-0.0000013728789636636842f,-0.000009905020747675141f,-7.594300003809955e-8f,-0.11714223151451417f,-4.3816183786443423e-7f,1.3732148372234742e-7f,-0.000009989452287985939f,0.5958407435123336f,0.000009895616077585519f,-0.000001368103358022834f,-4.528527871148173e-7f,-0.48898131416345914f,0f,0f,0f,1f],start_interpolation:0}
execute if entity @s[tag=aj.chainsaw.locator_origin.shunter0] at @s on origin run tp @s ^-0.35578 ^0.87071 ^-0.71597 ~-0.2066 ~-4.09348
execute if entity @s[tag=aj.chainsaw.locator_origin.shunter1] at @s on origin run tp @s ^-0.35444 ^0.89748 ^-0.34193 ~-0.2066 ~-4.09348
execute if entity @s[tag=aj.chainsaw.locator_origin.shunter2] at @s on origin run tp @s ^-0.35219 ^0.94209 ^0.28147 ~-0.2066 ~-4.09348
execute if entity @s[tag=aj.chainsaw.locator_origin.shunter3] at @s on origin run tp @s ^-0.35039 ^0.97778 ^0.78019 ~-0.2066 ~-4.09348
execute if entity @s[tag=aj.chainsaw.locator_origin.shunter4] at @s on origin run tp @s ^-0.34882 ^1.00902 ^1.21657 ~-0.2066 ~-4.09348
execute if entity @s[tag=aj.chainsaw.locator_origin.shunter5] at @s on origin run tp @s ^-0.34679 ^1.04917 ^1.77763 ~-0.2066 ~-4.09348
execute if entity @s[tag=aj.chainsaw.locator_origin.shunter6] at @s on origin run tp @s ^-0.34477 ^1.08932 ^2.3387 ~-0.2066 ~-4.09348
execute if entity @s[tag=aj.chainsaw.locator_origin.shunter7] at @s on origin run tp @s ^-0.34252 ^1.13394 ^2.9621 ~-0.2066 ~-4.09348
execute if entity @s[tag=aj.chainsaw.locator_origin.shunter8] at @s on origin run tp @s ^-0.34027 ^1.17855 ^3.5855 ~-0.2066 ~-4.09348
execute if entity @s[tag=aj.chainsaw.locator_origin.shunter9] at @s on origin run tp @s ^-0.33803 ^1.22317 ^4.2089 ~-0.2066 ~-4.09348
execute if entity @s[tag=aj.chainsaw.locator_origin.shunter10] at @s on origin run tp @s ^-0.33578 ^1.26778 ^4.8323 ~-0.2066 ~-4.09348
execute if entity @s[tag=aj.chainsaw.locator_origin.shunter11] at @s on origin run tp @s ^-0.33353 ^1.3124 ^5.4557 ~-0.2066 ~-4.09348
execute if entity @s[tag=aj.chainsaw.locator_origin.shunter12] at @s on origin run tp @s ^-0.33128 ^1.35701 ^6.07911 ~-0.2066 ~-4.09348
execute if entity @s[tag=aj.chainsaw.locator_origin.shunter13] at @s on origin run tp @s ^-0.32903 ^1.40163 ^6.70251 ~-0.2066 ~-4.09348
execute if entity @s[tag=aj.chainsaw.locator_origin.shunter14] at @s on origin run tp @s ^-0.32679 ^1.44624 ^7.32591 ~-0.2066 ~-4.09348
execute if entity @s[tag=aj.chainsaw.locator_origin.shunter15] at @s on origin run tp @s ^-0.32454 ^1.49086 ^7.94931 ~-0.2066 ~-4.09348
execute if entity @s[tag=aj.chainsaw.locator_origin.shunter16] at @s on origin run tp @s ^-0.32229 ^1.53547 ^8.57271 ~-0.2066 ~-4.09348
execute if entity @s[tag=aj.chainsaw.locator_origin.shunter17] at @s on origin run tp @s ^-0.32004 ^1.58009 ^9.19611 ~-0.2066 ~-4.09348
execute if entity @s[tag=aj.chainsaw.locator_origin.shunter18] at @s on origin run tp @s ^-0.31779 ^1.6247 ^9.81951 ~-0.2066 ~-4.09348
execute if entity @s[tag=aj.chainsaw.locator_origin.shunter19] at @s on origin run tp @s ^-0.31555 ^1.66932 ^10.44292 ~-0.2066 ~-4.09348
execute if entity @s[tag=aj.chainsaw.locator_origin.shunter20] at @s on origin run tp @s ^-0.3133 ^1.71393 ^11.06632 ~-0.2066 ~-4.09348
execute if entity @s[tag=aj.chainsaw.locator_origin.shunter21] at @s on origin run tp @s ^-0.31105 ^1.75855 ^11.68972 ~-0.2066 ~-4.09348
execute if entity @s[tag=aj.chainsaw.locator_origin.shunter22] at @s on origin run tp @s ^-0.3088 ^1.80316 ^12.31312 ~-0.2066 ~-4.09348
execute if entity @s[tag=aj.chainsaw.locator_origin.shunter23] at @s on origin run tp @s ^-0.30655 ^1.84778 ^12.93652 ~-0.2066 ~-4.09348
execute if entity @s[tag=aj.chainsaw.locator_origin.shunter24] at @s on origin run tp @s ^-0.30431 ^1.89239 ^13.55992 ~-0.2066 ~-4.09348
execute if entity @s[tag=aj.chainsaw.locator_origin.shunter25] at @s on origin run tp @s ^-0.30206 ^1.93701 ^14.18333 ~-0.2066 ~-4.09348
execute if entity @s[tag=aj.chainsaw.locator_origin.shunter26] at @s on origin run tp @s ^-0.29981 ^1.98162 ^14.80673 ~-0.2066 ~-4.09348
execute if entity @s[tag=aj.chainsaw.locator_origin.shunter27] at @s on origin run tp @s ^-0.29756 ^2.02624 ^15.43013 ~-0.2066 ~-4.09348
execute if entity @s[tag=aj.chainsaw.locator_origin.shunter28] at @s on origin run tp @s ^-0.29531 ^2.07085 ^16.05353 ~-0.2066 ~-4.09348
execute if entity @s[tag=aj.chainsaw.locator_origin.shunter29] at @s on origin run tp @s ^-0.29307 ^2.11547 ^16.67693 ~-0.2066 ~-4.09348
execute if entity @s[tag=aj.chainsaw.locator_origin.shunter30] at @s on origin run tp @s ^-0.29082 ^2.16008 ^17.30033 ~-0.2066 ~-4.09348
execute if entity @s[tag=aj.chainsaw.locator_origin.shunter31] at @s on origin run tp @s ^-0.28857 ^2.2047 ^17.92373 ~-0.2066 ~-4.09348
execute if entity @s[tag=aj.chainsaw.locator_origin.shunter32] at @s on origin run tp @s ^-0.28632 ^2.24931 ^18.54714 ~-0.2066 ~-4.09348
execute if entity @s[tag=aj.chainsaw.bone.serpent_hunter] run data modify entity @s {} merge value {transformation:[-1.4982606309301254f,0.07201371867781217f,-0.00539500945830384f,-0.3579803269412065f,0.07221514303119089f,1.4944295682300968f,-0.10707585496548336f,0.9513165322110972f,0.0002343541057998437f,-0.10721142626510244f,-1.4961636458477243f,0.4061524334257194f,0f,0f,0f,1f],start_interpolation:0}
execute if entity @s[tag=aj.chainsaw.bone.left_arm2] run data modify entity @s {} merge value {transformation:[-0.9988404206200836f,0.03791994139174147f,-0.029662976592736454f,-0.26144327826432673f,0.04814342868746059f,0.788723077343861f,-0.6128606020453954f,1.0102528560975874f,0.00015623607053322913f,-0.6135780189267507f,-0.7896340863211351f,-0.632598731656421f,0f,0f,0f,1f],start_interpolation:0}
execute if entity @s[tag=aj.chainsaw.bone.left_arm] run data modify entity @s {} merge value {transformation:[-0.9988404206200836f,0.02445966015684866f,0.04146732642100054f,-0.37499999999999994f,0.04814342868746059f,0.5046684746345921f,0.8619698028261831f,1.250184128695441f,0.00015623607053322913f,0.8629666596891246f,-0.5052608433821927f,-0.47999514264809734f,0f,0f,0f,1f],start_interpolation:0}
execute if entity @s[tag=aj.chainsaw.bone.head] run data modify entity @s {} merge value {transformation:[1f,0f,0f,6.938893903907228e-17f,0f,0.9659258262890682f,-0.2588190451025207f,1.3121752804894542f,0f,0.2588190451025207f,0.9659258262890682f,-0.2998669671750425f,0f,0f,0f,1f],start_interpolation:0}
execute if entity @s[tag=aj.chainsaw.bone.body_top] run data modify entity @s {} merge value {transformation:[1f,0f,0f,6.938893903907228e-17f,0f,0.8660254037844386f,-0.4999999999999999f,0.9711777777493313f,0f,0.4999999999999999f,0.8660254037844386f,-0.4967419671750425f,0f,0f,0f,1f],start_interpolation:0}
execute if entity @s[tag=aj.chainsaw.locator_origin.player_camera] at @s on origin run tp @s ^0 ^-0.15491 ^-0.4586 ~-180 ~-17.5
execute if entity @s[tag=aj.chainsaw.bone.body] run data modify entity @s {} merge value {transformation:[1f,0f,0f,6.938893903907228e-17f,0f,0.9537169507482269f,-0.30070579950427306f,0.5539266117969821f,0f,0.30070579950427306f,0.9537169507482269f,-0.6283007544581619f,0f,0f,0f,1f],start_interpolation:0}
execute if entity @s[tag=aj.chainsaw.bone.right_leg2] run data modify entity @s {} merge value {transformation:[0.991480294561584f,-0.06966686604819884f,0.11006067995018376f,0.1706926853758741f,0.06979723188409925f,0.9975576195719129f,0.0026724624105516903f,0.5116132088088994f,-0.10997805198034624f,0.005032236981786065f,0.9939212768995176f,-0.29280535923816553f,0f,0f,0f,1f],start_interpolation:0}
execute if entity @s[tag=aj.chainsaw.bone.right_leg] run data modify entity @s {} merge value {transformation:[0.991480294561584f,-0.127144863654606f,-0.028302104909813885f,0.12500000000000006f,0.06979723188409925f,0.3351329474450998f,0.9395819570202896f,0.6320516117969821f,-0.10997805198034624f,-0.9335524040904247f,0.34115207298153216f,-0.6283007544581619f,0f,0f,0f,1f],start_interpolation:0}
execute if entity @s[tag=aj.chainsaw.bone.left_leg2] run data modify entity @s {} merge value {transformation:[0.9852318673044466f,0.1432261834672614f,-0.09383191363920786f,-0.17212397091592957f,-0.1607923103749208f,0.5855418826448457f,-0.7945354218617475f,0.45685820863197674f,-0.05885576073833819f,0.7978890675013239f,0.5999241913690257f,-0.938521632990827f,0f,0f,0f,1f],start_interpolation:0}
execute if entity @s[tag=aj.chainsaw.bone.left_leg] run data modify entity @s {} merge value {transformation:[0.9852318673044466f,0.13112757124432595f,-0.1101078003928768f,-0.12499999999999993f,-0.1607923103749208f,0.48749468706784105f,-0.8581927306875322f,0.6320516117969821f,-0.05885576073833819f,0.8632233141778506f,0.501379605975073f,-0.6283007544581619f,0f,0f,0f,1f],start_interpolation:0}