execute if entity @s[tag=aj.chainsaw.bone.right_arm2] run data modify entity @s {} merge value {transformation:[-0.2726666881470642f,0.9248926179180024f,-0.2650028726178188f,-0.03930425242248409f,0.8832433129356885f,0.3498488726870288f,0.31222910888321204f,1.1089705202840985f,0.3814893541493672f,-0.14892753808614195f,-0.9122973534272142f,-0.7934462995526943f,0f,0f,0f,1f],start_interpolation:0}
execute if entity @s[tag=aj.chainsaw.bone.right_arm] run data modify entity @s {} merge value {transformation:[-0.28854051964804994f,0.7564590503150578f,-0.5869532125456631f,0.12500000000000014f,0.8738489189221208f,0.458602824752198f,0.16146676446856015f,1.1650075168984588f,0.39132139657815046f,-0.46631872611524583f,-0.7933564206927302f,-0.8768146249803532f,0f,0f,0f,1f],start_interpolation:0}
execute if entity @s[tag=aj.chainsaw.bone.bone0] run data modify entity @s {} merge value {transformation:[0.000009562146250671188f,-0.000002878580042578725f,-5.283332463913993e-7f,-0.11710549345597322f,0.000001001773733718879f,0.000004915465384523292f,-0.000008650702251261697f,0.6051586245090201f,0.000002749874263890253f,0.00000821900097286895f,0.0000049886084773986155f,-1.0714502506259094f,0f,0f,0f,1f],start_interpolation:0}
execute if entity @s[tag=aj.chainsaw.bone.bone1] run data modify entity @s {} merge value {transformation:[0.0000089547920188352f,-0.000004223840273783172f,0.0000014038779295126647f,-0.11710565685565144f,8.241369796649753e-7f,-0.00000152610742728147f,-0.000009848441214686973f,0.6051591166028789f,0.0000043740711171806725f,0.000008934773050389342f,-0.0000010184951643882264f,-1.071450762053325f,0f,0f,0f,1f],start_interpolation:0}
execute if entity @s[tag=aj.chainsaw.bone.bone2] run data modify entity @s {} merge value {transformation:[0.000009669117888987282f,-0.0000021861317104081112f,0.00000131490965226296f,-0.11710513937540018f,0.0000010416185902524874f,-0.0000013219684403124307f,-0.000009857354115342429f,0.6051591689441078f,0.0000023287743474425818f,0.00000966815533530394f,-0.0000010505153264599968f,-1.0714505565157335f,0f,0f,0f,1f],start_interpolation:0}
execute if entity @s[tag=aj.chainsaw.bone.bone3] run data modify entity @s {} merge value {transformation:[0.0000089547920188352f,-0.000004223840273783172f,0.0000014038779295126647f,-0.1171053371144059f,8.241369796649753e-7f,-0.00000152610742728147f,-0.000009848441214686973f,0.6051591069032055f,0.0000043740711171806725f,0.000008934773050389342f,-0.0000010184951643882264f,-1.0714499341618655f,0f,0f,0f,1f],start_interpolation:0}
execute if entity @s[tag=aj.chainsaw.bone.bone4] run data modify entity @s {} merge value {transformation:[0.000009562146250671188f,-0.000002878580042578725f,-5.283332463913993e-7f,-0.11710555362951938f,0.000001001773733718879f,0.000004915465384523292f,-0.000008650702251261697f,0.6051596125242098f,0.000002749874263890253f,0.00000821900097286895f,0.0000049886084773986155f,-1.0714504013162236f,0f,0f,0f,1f],start_interpolation:0}
execute if entity @s[tag=aj.chainsaw.locator_origin.flail0] at @s on origin run tp @s ^-0.11711 ^0.60516 ^-1.07145 ~62.73772 ~-82.12258
execute if entity @s[tag=aj.chainsaw.locator_origin.flail1] at @s on origin run tp @s ^-0.11711 ^0.60516 ^-1.07145 ~62.73772 ~-82.12258
execute if entity @s[tag=aj.chainsaw.locator_origin.flail2] at @s on origin run tp @s ^-0.11711 ^0.60516 ^-1.07145 ~62.73772 ~-82.12258
execute if entity @s[tag=aj.chainsaw.locator_origin.flail3] at @s on origin run tp @s ^-0.11711 ^0.60516 ^-1.07145 ~62.73772 ~-82.12258
execute if entity @s[tag=aj.chainsaw.locator_origin.flail4] at @s on origin run tp @s ^-0.11711 ^0.60517 ^-1.07145 ~62.73772 ~-82.12258
execute if entity @s[tag=aj.chainsaw.bone.flail_body] run data modify entity @s {} merge value {transformation:[0.0000048798231095253325f,-0.000008643093803568903f,0.0000012183004237261933f,-0.11711243537285124f,4.6986031415757944e-8f,-0.0000013697359692386142f,-0.000009905635551918198f,0.605158180817052f,0.000008728408717091242f,0.000004839499238276916f,-6.277964559654819e-7f,-1.0714464070861167f,0f,0f,0f,1f],start_interpolation:0}
execute if entity @s[tag=aj.chainsaw.bone.flail] run data modify entity @s {} merge value {transformation:[-0.000001390157687584383f,-0.000009902618483989212f,-7.489168315170757e-8f,-0.11710990073881047f,-7.965661551657164e-7f,1.8719876568455684e-7f,-0.000009966465721737605f,0.6051604052429751f,0.000009870812730676973f,-0.0000013795302761017738f,-8.148326535086916e-7f,-1.0714458706112036f,0f,0f,0f,1f],start_interpolation:0}
execute if entity @s[tag=aj.chainsaw.locator_origin.shunter0] at @s on origin run tp @s ^-0.35536 ^0.88809 ^-1.28874 ~-0.10617 ~-2.0159
execute if entity @s[tag=aj.chainsaw.locator_origin.shunter1] at @s on origin run tp @s ^-0.35467 ^0.90128 ^-0.91397 ~-0.10617 ~-2.0159
execute if entity @s[tag=aj.chainsaw.locator_origin.shunter2] at @s on origin run tp @s ^-0.35351 ^0.92326 ^-0.28936 ~-0.10617 ~-2.0159
execute if entity @s[tag=aj.chainsaw.locator_origin.shunter3] at @s on origin run tp @s ^-0.35258 ^0.94085 ^0.21033 ~-0.10617 ~-2.0159
execute if entity @s[tag=aj.chainsaw.locator_origin.shunter4] at @s on origin run tp @s ^-0.35177 ^0.95624 ^0.64756 ~-0.10617 ~-2.0159
execute if entity @s[tag=aj.chainsaw.locator_origin.shunter5] at @s on origin run tp @s ^-0.35073 ^0.97603 ^1.20971 ~-0.10617 ~-2.0159
execute if entity @s[tag=aj.chainsaw.locator_origin.shunter6] at @s on origin run tp @s ^-0.34969 ^0.99581 ^1.77186 ~-0.10617 ~-2.0159
execute if entity @s[tag=aj.chainsaw.locator_origin.shunter7] at @s on origin run tp @s ^-0.34853 ^1.0178 ^2.39647 ~-0.10617 ~-2.0159
execute if entity @s[tag=aj.chainsaw.locator_origin.shunter8] at @s on origin run tp @s ^-0.34738 ^1.03979 ^3.02109 ~-0.10617 ~-2.0159
execute if entity @s[tag=aj.chainsaw.locator_origin.shunter9] at @s on origin run tp @s ^-0.34622 ^1.06177 ^3.6457 ~-0.10617 ~-2.0159
execute if entity @s[tag=aj.chainsaw.locator_origin.shunter10] at @s on origin run tp @s ^-0.34506 ^1.08376 ^4.27031 ~-0.10617 ~-2.0159
execute if entity @s[tag=aj.chainsaw.locator_origin.shunter11] at @s on origin run tp @s ^-0.3439 ^1.10574 ^4.89492 ~-0.10617 ~-2.0159
execute if entity @s[tag=aj.chainsaw.locator_origin.shunter12] at @s on origin run tp @s ^-0.34275 ^1.12773 ^5.51953 ~-0.10617 ~-2.0159
execute if entity @s[tag=aj.chainsaw.locator_origin.shunter13] at @s on origin run tp @s ^-0.34159 ^1.14971 ^6.14415 ~-0.10617 ~-2.0159
execute if entity @s[tag=aj.chainsaw.locator_origin.shunter14] at @s on origin run tp @s ^-0.34043 ^1.1717 ^6.76876 ~-0.10617 ~-2.0159
execute if entity @s[tag=aj.chainsaw.locator_origin.shunter15] at @s on origin run tp @s ^-0.33927 ^1.19368 ^7.39337 ~-0.10617 ~-2.0159
execute if entity @s[tag=aj.chainsaw.locator_origin.shunter16] at @s on origin run tp @s ^-0.33812 ^1.21567 ^8.01798 ~-0.10617 ~-2.0159
execute if entity @s[tag=aj.chainsaw.locator_origin.shunter17] at @s on origin run tp @s ^-0.33696 ^1.23765 ^8.64259 ~-0.10617 ~-2.0159
execute if entity @s[tag=aj.chainsaw.locator_origin.shunter18] at @s on origin run tp @s ^-0.3358 ^1.25964 ^9.26721 ~-0.10617 ~-2.0159
execute if entity @s[tag=aj.chainsaw.locator_origin.shunter19] at @s on origin run tp @s ^-0.33464 ^1.28163 ^9.89182 ~-0.10617 ~-2.0159
execute if entity @s[tag=aj.chainsaw.locator_origin.shunter20] at @s on origin run tp @s ^-0.33349 ^1.30361 ^10.51643 ~-0.10617 ~-2.0159
execute if entity @s[tag=aj.chainsaw.locator_origin.shunter21] at @s on origin run tp @s ^-0.33233 ^1.3256 ^11.14104 ~-0.10617 ~-2.0159
execute if entity @s[tag=aj.chainsaw.locator_origin.shunter22] at @s on origin run tp @s ^-0.33117 ^1.34758 ^11.76565 ~-0.10617 ~-2.0159
execute if entity @s[tag=aj.chainsaw.locator_origin.shunter23] at @s on origin run tp @s ^-0.33001 ^1.36957 ^12.39027 ~-0.10617 ~-2.0159
execute if entity @s[tag=aj.chainsaw.locator_origin.shunter24] at @s on origin run tp @s ^-0.32886 ^1.39155 ^13.01488 ~-0.10617 ~-2.0159
execute if entity @s[tag=aj.chainsaw.locator_origin.shunter25] at @s on origin run tp @s ^-0.3277 ^1.41354 ^13.63949 ~-0.10617 ~-2.0159
execute if entity @s[tag=aj.chainsaw.locator_origin.shunter26] at @s on origin run tp @s ^-0.32654 ^1.43552 ^14.2641 ~-0.10617 ~-2.0159
execute if entity @s[tag=aj.chainsaw.locator_origin.shunter27] at @s on origin run tp @s ^-0.32539 ^1.45751 ^14.88872 ~-0.10617 ~-2.0159
execute if entity @s[tag=aj.chainsaw.locator_origin.shunter28] at @s on origin run tp @s ^-0.32423 ^1.4795 ^15.51333 ~-0.10617 ~-2.0159
execute if entity @s[tag=aj.chainsaw.locator_origin.shunter29] at @s on origin run tp @s ^-0.32307 ^1.50148 ^16.13794 ~-0.10617 ~-2.0159
execute if entity @s[tag=aj.chainsaw.locator_origin.shunter30] at @s on origin run tp @s ^-0.32191 ^1.52347 ^16.76255 ~-0.10617 ~-2.0159
execute if entity @s[tag=aj.chainsaw.locator_origin.shunter31] at @s on origin run tp @s ^-0.32076 ^1.54545 ^17.38716 ~-0.10617 ~-2.0159
execute if entity @s[tag=aj.chainsaw.locator_origin.shunter32] at @s on origin run tp @s ^-0.3196 ^1.56744 ^18.01178 ~-0.10617 ~-2.0159
execute if entity @s[tag=aj.chainsaw.bone.serpent_hunter] run data modify entity @s {} merge value {transformation:[-1.4982606309301254f,0.07216208175851918f,-0.002777725893434564f,-0.3595210881333829f,0.07221514303119089f,1.497331229177374f,-0.05276517077730908f,0.9279604288757133f,0.00023435410579986451f,-0.052837714621761706f,-1.499069084796195f,-0.1644357209428169f,0f,0f,0f,1f],start_interpolation:0}
execute if entity @s[tag=aj.chainsaw.bone.left_arm2] run data modify entity @s {} merge value {transformation:[-0.9988404206200836f,0.03897157088054698f,-0.028267132832971262f,-0.2611705412456328f,0.04814342868746059f,0.810447105592357f,-0.5838301973272589f,1.0245120258690885f,0.000156236070533243f,-0.5845140765628088f,-0.8113835528837251f,-1.2001971964017708f,0f,0f,0f,1f],start_interpolation:0}
execute if entity @s[tag=aj.chainsaw.bone.left_arm] run data modify entity @s {} merge value {transformation:[-0.9988404206200836f,0.022938492841148655f,0.04232776490284966f,-0.3749999999999999f,0.04814342868746059f,0.4730508743662366f,0.8797187508150286f,1.2587575168984588f,0.000156236070533243f,0.8807364508225576f,-0.47360667202096574f,-1.0391943881899355f,0f,0f,0f,1f],start_interpolation:0}
execute if entity @s[tag=aj.chainsaw.bone.head] run data modify entity @s {} merge value {transformation:[1f,0f,0f,1.3877787807814457e-16f,0f,0.9659258262890682f,-0.2588190451025207f,1.320748668692472f,0f,0.2588190451025207f,0.9659258262890682f,-0.8590662127168807f,0f,0f,0f,1f],start_interpolation:0}
execute if entity @s[tag=aj.chainsaw.bone.body_top] run data modify entity @s {} merge value {transformation:[1f,0f,0f,1.3877787807814457e-16f,0f,0.8660254037844386f,-0.4999999999999999f,0.9797511659523492f,0f,0.4999999999999999f,0.8660254037844386f,-1.0559412127168806f,0f,0f,0f,1f],start_interpolation:0}
execute if entity @s[tag=aj.chainsaw.locator_origin.player_camera] at @s on origin run tp @s ^0 ^-0.14634 ^-1.0178 ~-180 ~-17.5
execute if entity @s[tag=aj.chainsaw.bone.body] run data modify entity @s {} merge value {transformation:[1f,0f,0f,1.3877787807814457e-16f,0f,0.9537169507482269f,-0.30070579950427306f,0.5625f,0f,0.30070579950427306f,0.9537169507482269f,-1.1875f,0f,0f,0f,1f],start_interpolation:0}
execute if entity @s[tag=aj.chainsaw.bone.right_leg2] run data modify entity @s {} merge value {transformation:[0.991480294561584f,0.040731935868429076f,0.12372443128373893f,0.11036196054728344f,0.06979723188409924f,0.6358418011563975f,-0.7686569783222588f,0.41211935270941963f,-0.10997805198034623f,0.7707438701038096f,0.6275816399322163f,-1.4644860783185565f,0f,0f,0f,1f],start_interpolation:0}
execute if entity @s[tag=aj.chainsaw.bone.right_leg] run data modify entity @s {} merge value {transformation:[0.991480294561584f,0.040731935868429076f,0.12372443128373893f,0.12500000000000014f,0.06979723188409924f,0.6358418011563975f,-0.7686569783222588f,0.640625f,-0.10997805198034623f,0.7707438701038096f,0.6275816399322163f,-1.1875f,0f,0f,0f,1f],start_interpolation:0}
execute if entity @s[tag=aj.chainsaw.bone.left_leg2] run data modify entity @s {} merge value {transformation:[0.9792672872703939f,0.15769420585214539f,0.12715391273077262f,-0.12007343344815431f,-0.157168290276653f,0.987469417456551f,-0.014222451249115031f,0.43289204049726f,-0.12780339828657716f,-0.0060569818128260455f,0.9917810264154692f,-0.8942882384636606f,0f,0f,0f,1f],start_interpolation:0}
execute if entity @s[tag=aj.chainsaw.bone.left_leg] run data modify entity @s {} merge value {transformation:[0.9792672872703939f,-0.013708706926874564f,0.20210801922852245f,-0.12499999999999986f,-0.157168290276653f,0.5780395394858853f,0.8007299290787496f,0.640625f,-0.12780339828657716f,-0.8158935973185099f,0.56390063773777f,-1.1875f,0f,0f,0f,1f],start_interpolation:0}