execute if entity @s[tag=aj.chainsaw.bone.right_arm2] run data modify entity @s {} merge value {transformation:[-0.4376690844311894f,0.8733770130692659f,-0.21367818226335566f,0.0820575870131354f,0.5875367584358071f,0.4576931230528975f,0.667321183986264f,1.0283140144671286f,0.6806220169961509f,0.1665220650613377f,-0.7134592292680776f,-3.425714279269545f,0f,0f,0f,1f],start_interpolation:0}
execute if entity @s[tag=aj.chainsaw.bone.right_arm] run data modify entity @s {} merge value {transformation:[-0.45462921224823827f,0.8066963982626798f,-0.37756218083988025f,0.25655976676384884f,0.5753396704692151f,0.5895762619300461f,0.5669074835923131f,1.1097446153892143f,0.6799239243878108f,0.04050620197714927f,-0.7321630314666708f,-3.423627048089495f,0f,0f,0f,1f],start_interpolation:0}
execute if entity @s[tag=aj.chainsaw.bone.bone0] run data modify entity @s {} merge value {transformation:[0.000009416044996020025f,-0.000003362589354817872f,1.7632204567717186e-7f,-0.05956283875141817f,-0.0000033457565708555694f,-0.000009402234309647374f,-6.355335986920702e-7f,1.6098992566168202f,3.794859701004173e-7f,5.394282318855957e-7f,-0.000009978226675173388f,-4.117061732678549f,0f,0f,0f,1f],start_interpolation:0}
execute if entity @s[tag=aj.chainsaw.bone.bone1] run data modify entity @s {} merge value {transformation:[0.000008812246845690293f,-0.00000415363446115913f,0.000002256463226753935f,-0.05956303953953726f,-0.00000469564033584287f,-0.000007143320874921146f,0.000005188827296636612f,1.6098995057362915f,-5.43385100114969e-7f,-0.000005632076672150967f,-0.00000824526803639433f,-4.117061078432844f,0f,0f,0f,1f],start_interpolation:0}
execute if entity @s[tag=aj.chainsaw.bone.bone2] run data modify entity @s {} merge value {transformation:[0.000009522819975761662f,-0.000002147529252476077f,0.0000021688747817691555f,-0.05956253029491414f,-0.0000029907213122935395f,-0.000007984313181538058f,0.000005225545813722312f,1.6098992746480056f,6.094963014062394e-7f,-0.000005624843209270561f,-0.000008245583856204183f,-4.117061084696556f,0f,0f,0f,1f],start_interpolation:0}
execute if entity @s[tag=aj.chainsaw.bone.bone3] run data modify entity @s {} merge value {transformation:[0.000008812246845690293f,-0.00000415363446115913f,0.000002256463226753935f,-0.059562727322339366f,-0.00000469564033584287f,-0.000007143320874921146f,0.000005188827296636612f,1.6098987531426507f,-5.43385100114969e-7f,-0.000005632076672150967f,-0.00000824526803639433f,-4.117061430364726f,0f,0f,0f,1f],start_interpolation:0}
execute if entity @s[tag=aj.chainsaw.bone.bone4] run data modify entity @s {} merge value {transformation:[0.000009416044996020025f,-0.000003362589354817872f,1.7632204567717186e-7f,-0.05956298257512724f,-0.0000033457565708555694f,-0.000009402234309647374f,-6.355335986920702e-7f,1.6098989590497812f,3.794859701004173e-7f,5.394282318855957e-7f,-0.000009978226675173388f,-4.117060787548378f,0f,0f,0f,1f],start_interpolation:0}
execute if entity @s[tag=aj.chainsaw.locator_origin.flail0] at @s on origin run tp @s ^-0.05956 ^1.6099 ^-4.11706 ~13.73304 ~29.15869
execute if entity @s[tag=aj.chainsaw.locator_origin.flail1] at @s on origin run tp @s ^-0.05957 ^1.6099 ^-4.11706 ~13.73304 ~29.15869
execute if entity @s[tag=aj.chainsaw.locator_origin.flail2] at @s on origin run tp @s ^-0.05957 ^1.6099 ^-4.11706 ~13.73304 ~29.15869
execute if entity @s[tag=aj.chainsaw.locator_origin.flail3] at @s on origin run tp @s ^-0.05957 ^1.60989 ^-4.11706 ~13.73304 ~29.15869
execute if entity @s[tag=aj.chainsaw.locator_origin.flail4] at @s on origin run tp @s ^-0.05957 ^1.60989 ^-4.11706 ~13.73304 ~29.15869
execute if entity @s[tag=aj.chainsaw.bone.flail_body] run data modify entity @s {} merge value {transformation:[0.000004781956136227519f,-0.000008534342401059315f,0.0000020731365832180703f,-0.05956974954029922f,-0.000008069603790290718f,-0.000003337989471387874f,0.00000487230140248213f,1.6098963252595162f,-0.0000034661780362413086f,-0.00000400285224188763f,-0.000008483088102259317f,-4.117064341895297f,0f,0f,0f,1f],start_interpolation:0}
execute if entity @s[tag=aj.chainsaw.bone.flail] run data modify entity @s {} merge value {transformation:[-0.0000014015970988751054f,-0.000009869588915630409f,7.916692547334776e-7f,-0.059567420850074965f,-0.000008434086315308937f,0.0000016089238441331718f,0.000005126163486438781f,1.6098947476275236f,-0.000005186686186607341f,5.07809043353633e-8f,-0.000008549602780329127f,-4.117062405784536f,0f,0f,0f,1f],start_interpolation:0}
execute if entity @s[tag=aj.chainsaw.locator_origin.shunter0] at @s on origin run tp @s ^-0.24596 ^1.85807 ^-4.00971 ~5.70346 ~70.44853
execute if entity @s[tag=aj.chainsaw.locator_origin.shunter1] at @s on origin run tp @s ^-0.25843 ^1.50469 ^-3.88483 ~5.70346 ~70.44853
execute if entity @s[tag=aj.chainsaw.locator_origin.shunter2] at @s on origin run tp @s ^-0.27922 ^0.91573 ^-3.67671 ~5.70346 ~70.44853
execute if entity @s[tag=aj.chainsaw.locator_origin.shunter3] at @s on origin run tp @s ^-0.29585 ^0.44456 ^-3.51021 ~5.70346 ~70.44853
execute if entity @s[tag=aj.chainsaw.locator_origin.shunter4] at @s on origin run tp @s ^-0.3104 ^0.03228 ^-3.36453 ~5.70346 ~70.44853
execute if entity @s[tag=aj.chainsaw.locator_origin.shunter5] at @s on origin run tp @s ^-0.3291 ^-0.49778 ^-3.17722 ~5.70346 ~70.44853
execute if entity @s[tag=aj.chainsaw.locator_origin.shunter6] at @s on origin run tp @s ^-0.34781 ^-1.02785 ^-2.98991 ~5.70346 ~70.44853
execute if entity @s[tag=aj.chainsaw.locator_origin.shunter7] at @s on origin run tp @s ^-0.3686 ^-1.61681 ^-2.78178 ~5.70346 ~70.44853
execute if entity @s[tag=aj.chainsaw.locator_origin.shunter8] at @s on origin run tp @s ^-0.38938 ^-2.20578 ^-2.57366 ~5.70346 ~70.44853
execute if entity @s[tag=aj.chainsaw.locator_origin.shunter9] at @s on origin run tp @s ^-0.41017 ^-2.79474 ^-2.36554 ~5.70346 ~70.44853
execute if entity @s[tag=aj.chainsaw.locator_origin.shunter10] at @s on origin run tp @s ^-0.43096 ^-3.3837 ^-2.15741 ~5.70346 ~70.44853
execute if entity @s[tag=aj.chainsaw.locator_origin.shunter11] at @s on origin run tp @s ^-0.45174 ^-3.97267 ^-1.94929 ~5.70346 ~70.44853
execute if entity @s[tag=aj.chainsaw.locator_origin.shunter12] at @s on origin run tp @s ^-0.47253 ^-4.56163 ^-1.74117 ~5.70346 ~70.44853
execute if entity @s[tag=aj.chainsaw.locator_origin.shunter13] at @s on origin run tp @s ^-0.49331 ^-5.15059 ^-1.53304 ~5.70346 ~70.44853
execute if entity @s[tag=aj.chainsaw.locator_origin.shunter14] at @s on origin run tp @s ^-0.5141 ^-5.73956 ^-1.32492 ~5.70346 ~70.44853
execute if entity @s[tag=aj.chainsaw.locator_origin.shunter15] at @s on origin run tp @s ^-0.53489 ^-6.32852 ^-1.1168 ~5.70346 ~70.44853
execute if entity @s[tag=aj.chainsaw.locator_origin.shunter16] at @s on origin run tp @s ^-0.55567 ^-6.91748 ^-0.90867 ~5.70346 ~70.44853
execute if entity @s[tag=aj.chainsaw.locator_origin.shunter17] at @s on origin run tp @s ^-0.57646 ^-7.50645 ^-0.70055 ~5.70346 ~70.44853
execute if entity @s[tag=aj.chainsaw.locator_origin.shunter18] at @s on origin run tp @s ^-0.59724 ^-8.09541 ^-0.49243 ~5.70346 ~70.44853
execute if entity @s[tag=aj.chainsaw.locator_origin.shunter19] at @s on origin run tp @s ^-0.61803 ^-8.68437 ^-0.28431 ~5.70346 ~70.44853
execute if entity @s[tag=aj.chainsaw.locator_origin.shunter20] at @s on origin run tp @s ^-0.63882 ^-9.27334 ^-0.07618 ~5.70346 ~70.44853
execute if entity @s[tag=aj.chainsaw.locator_origin.shunter21] at @s on origin run tp @s ^-0.6596 ^-9.8623 ^0.13194 ~5.70346 ~70.44853
execute if entity @s[tag=aj.chainsaw.locator_origin.shunter22] at @s on origin run tp @s ^-0.68039 ^-10.45126 ^0.34006 ~5.70346 ~70.44853
execute if entity @s[tag=aj.chainsaw.locator_origin.shunter23] at @s on origin run tp @s ^-0.70117 ^-11.04023 ^0.54819 ~5.70346 ~70.44853
execute if entity @s[tag=aj.chainsaw.locator_origin.shunter24] at @s on origin run tp @s ^-0.72196 ^-11.62919 ^0.75631 ~5.70346 ~70.44853
execute if entity @s[tag=aj.chainsaw.locator_origin.shunter25] at @s on origin run tp @s ^-0.74275 ^-12.21815 ^0.96443 ~5.70346 ~70.44853
execute if entity @s[tag=aj.chainsaw.locator_origin.shunter26] at @s on origin run tp @s ^-0.76353 ^-12.80712 ^1.17256 ~5.70346 ~70.44853
execute if entity @s[tag=aj.chainsaw.locator_origin.shunter27] at @s on origin run tp @s ^-0.78432 ^-13.39608 ^1.38068 ~5.70346 ~70.44853
execute if entity @s[tag=aj.chainsaw.locator_origin.shunter28] at @s on origin run tp @s ^-0.80511 ^-13.98504 ^1.5888 ~5.70346 ~70.44853
execute if entity @s[tag=aj.chainsaw.locator_origin.shunter29] at @s on origin run tp @s ^-0.82589 ^-14.57401 ^1.79692 ~5.70346 ~70.44853
execute if entity @s[tag=aj.chainsaw.locator_origin.shunter30] at @s on origin run tp @s ^-0.84668 ^-15.16297 ^2.00505 ~5.70346 ~70.44853
execute if entity @s[tag=aj.chainsaw.locator_origin.shunter31] at @s on origin run tp @s ^-0.86746 ^-15.75193 ^2.21317 ~5.70346 ~70.44853
execute if entity @s[tag=aj.chainsaw.locator_origin.shunter32] at @s on origin run tp @s ^-0.88825 ^-16.3409 ^2.42129 ~5.70346 ~70.44853
execute if entity @s[tag=aj.chainsaw.bone.serpent_hunter] run data modify entity @s {} merge value {transformation:[-1.498853927207884f,-0.030793211815610105f,0.049886701630595914f,-0.28961892400489975f,0.03676099604766013f,0.5006324511720539f,1.4135118598735006f,0.7980877939830324f,-0.04566764788211724f,1.413654458111861f,-0.49949528425939643f,-3.635276770446092f,0f,0f,0f,1f],start_interpolation:0}
execute if entity @s[tag=aj.chainsaw.bone.left_arm2] run data modify entity @s {} merge value {transformation:[-0.9992359514719227f,-0.025992085709417884f,0.029187750281150088f,-0.23812649316737824f,0.024507330698440084f,0.16504864049741177f,0.9859809009367232f,1.5471231556323368f,-0.03044509858807816f,0.9859428775291347f,-0.16428553868655582f,-3.6959180852845606f,0f,0f,0f,1f],start_interpolation:0}
execute if entity @s[tag=aj.chainsaw.bone.left_arm] run data modify entity @s {} merge value {transformation:[-0.9992359514719227f,-0.03443680347118416f,-0.01848296114499895f,-0.37499999999999956f,0.024507330698440084f,-0.9204665491941884f,0.3900522049118287f,1.2826206894701548f,-0.03044509858807816f,0.38930121805772594f,0.9206072222129984f,-3.522271762310464f,0f,0f,0f,1f],start_interpolation:0}
execute if entity @s[tag=aj.chainsaw.bone.head] run data modify entity @s {} merge value {transformation:[0.9085768635459774f,-0.1308854423858677f,-0.3966825985601209f,4.579669976578771e-16f,-0.2991540147255568f,0.45890346781392893f,-0.836608918612473f,1.3086313453927303f,0.29153894851723605f,0.8787926992185392f,0.37779416789788905f,-3.332780525544318f,0f,0f,0f,1f],start_interpolation:0}
execute if entity @s[tag=aj.chainsaw.bone.body_top] run data modify entity @s {} merge value {transformation:[1f,0f,0f,4.579669976578771e-16f,0f,0.7528873036172252f,-0.6581494572298787f,1.0121819695934478f,0f,0.6581494572298787f,0.7528873036172252f,-3.591926874328583f,0f,0f,0f,1f],start_interpolation:0}
execute if entity @s[tag=aj.chainsaw.locator_origin.player_camera] at @s on origin run tp @s ^0 ^-0.1 ^-3.77244 ~-180 ~-28.65889
execute if entity @s[tag=aj.chainsaw.bone.body] run data modify entity @s {} merge value {transformation:[1f,0f,0f,4.579669976578771e-16f,0f,0.8774904827691969f,-0.47959404984787046f,0.6282798833819241f,0f,0.47959404984787046f,0.8774904827691969f,-3.801749271137026f,0f,0f,0f,1f],start_interpolation:0}
execute if entity @s[tag=aj.chainsaw.bone.right_leg2] run data modify entity @s {} merge value {transformation:[0.9916138173376517f,-0.057969309438926045f,0.11550582854654727f,0.17044029884174539f,0.06882062647241086f,0.9933513905271567f,-0.09228616532129447f,0.4578325194290984f,-0.10938811012626207f,0.09946142016349069f,0.9890104485100579f,-3.5462158100305072f,0f,0f,0f,1f],start_interpolation:0}
execute if entity @s[tag=aj.chainsaw.bone.right_leg] run data modify entity @s {} merge value {transformation:[0.9916138173376517f,-0.12644257069007292f,0.026726645549642908f,0.12500000000000044f,0.06882062647241086f,0.6916796214339498f,0.7189179526656243f,0.7064048833819241f,-0.10938811012626207f,-0.7110496309050963f,0.6945809267124536f,-3.801749271137026f,0f,0f,0f,1f],start_interpolation:0}
execute if entity @s[tag=aj.chainsaw.bone.left_leg2] run data modify entity @s {} merge value {transformation:[0.9848077463102579f,0.16365403706199022f,-0.058060821218990005f,-0.18619719720850714f,-0.1604300601002887f,0.7295250992604836f,-0.6648724128471563f,0.41268178114289655f,-0.06645222813065449f,0.6640862035175059f,0.744696995880994f,-3.999567452530711f,0f,0f,0f,1f],start_interpolation:0}
execute if entity @s[tag=aj.chainsaw.bone.left_leg] run data modify entity @s {} merge value {transformation:[0.9848077463102579f,0.17028785310193417f,-0.03399632176052105f,-0.12499999999999954f,-0.1604300601002887f,0.8173164584042506f,-0.5534040139335372f,0.7064048833819241f,-0.06645222813065449f,0.5504505917041664f,0.8322188699308641f,-3.801749271137026f,0f,0f,0f,1f],start_interpolation:0}