execute if entity @s[tag=aj.chainsaw.bone.right_arm2] run data modify entity @s {} merge value {transformation:[-0.21517777466797144f,0.9387939203109074f,-0.26900650638268303f,-0.04010311001055811f,0.9150081818986219f,0.29007051237977993f,0.2803910214438214f,1.1131629648737118f,0.3412602413811442f,-0.1858092382929578f,-0.9214208455518422f,-0.24085979980929412f,0f,0f,0f,1f],start_interpolation:0}
execute if entity @s[tag=aj.chainsaw.bone.right_arm] run data modify entity @s {} merge value {transformation:[-0.23130348800107492f,0.7691084215289016f,-0.5957943708796324f,0.12500000000000006f,0.9070135266852801f,0.39197971348174504f,0.15387776521869098f,1.1557482576391995f,0.35188799190717723f,-0.5048010896898794f,-0.7882580167682677f,-0.330379439795168f,0f,0f,0f,1f],start_interpolation:0}
execute if entity @s[tag=aj.chainsaw.bone.bone0] run data modify entity @s {} merge value {transformation:[0.000009577819372376648f,-0.000002831918829442059f,-4.955923865216017e-7f,-0.11705081821236973f,0.00000132759522653141f,0.000005885652784493615f,-0.00000797474652981984f,0.5967782106666767f,0.000002550071956752924f,0.000007572273571645045f,0.000006013136117829722f,-0.4462802917109569f,0f,0f,0f,1f],start_interpolation:0}
execute if entity @s[tag=aj.chainsaw.bone.bone1] run data modify entity @s {} merge value {transformation:[0.00000898012532643427f,-0.000004170474254935608f,0.0000014016039420796232f,-0.11705098481412939f,0.0000013503376301967293f,-4.1938157275863746e-7f,-0.00000989953066467826f,0.5967786365062296f,0.000004187354463860034f,0.000009079166458731207f,1.8654492392365798e-7f,-0.4462808585604526f,0f,0f,0f,1f],start_interpolation:0}
execute if entity @s[tag=aj.chainsaw.bone.bone2] run data modify entity @s {} merge value {transformation:[0.000009682289700430721f,-0.0000021285527088305486f,0.0000013124517220314695f,-0.11705046615035246f,0.0000013155525223487011f,-1.27697000628197e-7f,-0.00000991226588812934f,0.5967787134380136f,0.0000021266376555199105f,0.000009770002908994483f,1.5638235310959393e-7f,-0.4462806640340963f,0f,0f,0f,1f],start_interpolation:0}
execute if entity @s[tag=aj.chainsaw.bone.bone3] run data modify entity @s {} merge value {transformation:[0.00000898012532643427f,-0.000004170474254935608f,0.0000014016039420796232f,-0.11705066019071426f,0.0000013503376301967293f,-4.1938157275863746e-7f,-0.00000989953066467826f,0.5967787281203373f,0.000004187354463860034f,0.000009079166458731207f,1.8654492392365798e-7f,-0.4462800376102045f,0f,0f,0f,1f],start_interpolation:0}
execute if entity @s[tag=aj.chainsaw.bone.bone4] run data modify entity @s {} merge value {transformation:[0.000009577819372376648f,-0.000002831918829442059f,-4.955923865216017e-7f,-0.11705087965096017f,0.00000132759522653141f,0.000005885652784493615f,-0.00000797474652981984f,0.5967791728234437f,0.000002550071956752924f,0.000007572273571645045f,0.000006013136117829722f,-0.4462805618629452f,0f,0f,0f,1f],start_interpolation:0}
execute if entity @s[tag=aj.chainsaw.locator_origin.flail0] at @s on origin run tp @s ^-0.11705 ^0.59678 ^-0.44628 ~115.54859 ~-82.23908
execute if entity @s[tag=aj.chainsaw.locator_origin.flail1] at @s on origin run tp @s ^-0.11705 ^0.59678 ^-0.44628 ~115.54859 ~-82.23908
execute if entity @s[tag=aj.chainsaw.locator_origin.flail2] at @s on origin run tp @s ^-0.11706 ^0.59678 ^-0.44628 ~115.54859 ~-82.23908
execute if entity @s[tag=aj.chainsaw.locator_origin.flail3] at @s on origin run tp @s ^-0.11706 ^0.59678 ^-0.44628 ~115.54859 ~-82.23908
execute if entity @s[tag=aj.chainsaw.locator_origin.flail4] at @s on origin run tp @s ^-0.11706 ^0.59679 ^-0.44628 ~115.54859 ~-82.23908
execute if entity @s[tag=aj.chainsaw.bone.flail_body] run data modify entity @s {} merge value {transformation:[0.000004931212190705265f,-0.000008613869863669556f,0.0000012183563936735714f,-0.11705773716404919f,0.0000011134902701012146f,-7.640129046012867e-7f,-0.000009908401672317924f,0.596778243222648f,0.000008628052256948248f,0.000005021705910680966f,5.823950532088158e-7f,-0.4462763818620586f,0f,0f,0f,1f],start_interpolation:0}
execute if entity @s[tag=aj.chainsaw.bone.flail] run data modify entity @s {} merge value {transformation:[-0.0000013315975805922338f,-0.000009910655280599596f,-7.589329670221018e-8f,-0.11705520025846447f,4.1828939101084883e-7f,2.030885201152205e-8f,-0.00000999122722871909f,0.5967805157220948f,0.000009902115019970668f,-0.0000013336039365768973f,4.118478743637344e-7f,-0.4462761367048448f,0f,0f,0f,1f],start_interpolation:0}
execute if entity @s[tag=aj.chainsaw.locator_origin.shunter0] at @s on origin run tp @s ^-0.35405 ^0.90591 ^-0.68829 ~-0.14427 ~-2.80498
execute if entity @s[tag=aj.chainsaw.locator_origin.shunter1] at @s on origin run tp @s ^-0.3531 ^0.92426 ^-0.31374 ~-0.14427 ~-2.80498
execute if entity @s[tag=aj.chainsaw.locator_origin.shunter2] at @s on origin run tp @s ^-0.35153 ^0.95484 ^0.3105 ~-0.14427 ~-2.80498
execute if entity @s[tag=aj.chainsaw.locator_origin.shunter3] at @s on origin run tp @s ^-0.35028 ^0.97931 ^0.8099 ~-0.14427 ~-2.80498
execute if entity @s[tag=aj.chainsaw.locator_origin.shunter4] at @s on origin run tp @s ^-0.34918 ^1.00072 ^1.24688 ~-0.14427 ~-2.80498
execute if entity @s[tag=aj.chainsaw.locator_origin.shunter5] at @s on origin run tp @s ^-0.34776 ^1.02825 ^1.8087 ~-0.14427 ~-2.80498
execute if entity @s[tag=aj.chainsaw.locator_origin.shunter6] at @s on origin run tp @s ^-0.34635 ^1.05578 ^2.37053 ~-0.14427 ~-2.80498
execute if entity @s[tag=aj.chainsaw.locator_origin.shunter7] at @s on origin run tp @s ^-0.34477 ^1.08636 ^2.99478 ~-0.14427 ~-2.80498
execute if entity @s[tag=aj.chainsaw.locator_origin.shunter8] at @s on origin run tp @s ^-0.3432 ^1.11695 ^3.61903 ~-0.14427 ~-2.80498
execute if entity @s[tag=aj.chainsaw.locator_origin.shunter9] at @s on origin run tp @s ^-0.34163 ^1.14753 ^4.24327 ~-0.14427 ~-2.80498
execute if entity @s[tag=aj.chainsaw.locator_origin.shunter10] at @s on origin run tp @s ^-0.34006 ^1.17812 ^4.86752 ~-0.14427 ~-2.80498
execute if entity @s[tag=aj.chainsaw.locator_origin.shunter11] at @s on origin run tp @s ^-0.33849 ^1.2087 ^5.49177 ~-0.14427 ~-2.80498
execute if entity @s[tag=aj.chainsaw.locator_origin.shunter12] at @s on origin run tp @s ^-0.33691 ^1.23929 ^6.11602 ~-0.14427 ~-2.80498
execute if entity @s[tag=aj.chainsaw.locator_origin.shunter13] at @s on origin run tp @s ^-0.33534 ^1.26987 ^6.74027 ~-0.14427 ~-2.80498
execute if entity @s[tag=aj.chainsaw.locator_origin.shunter14] at @s on origin run tp @s ^-0.33377 ^1.30046 ^7.36452 ~-0.14427 ~-2.80498
execute if entity @s[tag=aj.chainsaw.locator_origin.shunter15] at @s on origin run tp @s ^-0.3322 ^1.33104 ^7.98877 ~-0.14427 ~-2.80498
execute if entity @s[tag=aj.chainsaw.locator_origin.shunter16] at @s on origin run tp @s ^-0.33063 ^1.36163 ^8.61302 ~-0.14427 ~-2.80498
execute if entity @s[tag=aj.chainsaw.locator_origin.shunter17] at @s on origin run tp @s ^-0.32906 ^1.39221 ^9.23727 ~-0.14427 ~-2.80498
execute if entity @s[tag=aj.chainsaw.locator_origin.shunter18] at @s on origin run tp @s ^-0.32748 ^1.4228 ^9.86152 ~-0.14427 ~-2.80498
execute if entity @s[tag=aj.chainsaw.locator_origin.shunter19] at @s on origin run tp @s ^-0.32591 ^1.45339 ^10.48577 ~-0.14427 ~-2.80498
execute if entity @s[tag=aj.chainsaw.locator_origin.shunter20] at @s on origin run tp @s ^-0.32434 ^1.48397 ^11.11002 ~-0.14427 ~-2.80498
execute if entity @s[tag=aj.chainsaw.locator_origin.shunter21] at @s on origin run tp @s ^-0.32277 ^1.51456 ^11.73427 ~-0.14427 ~-2.80498
execute if entity @s[tag=aj.chainsaw.locator_origin.shunter22] at @s on origin run tp @s ^-0.3212 ^1.54514 ^12.35851 ~-0.14427 ~-2.80498
execute if entity @s[tag=aj.chainsaw.locator_origin.shunter23] at @s on origin run tp @s ^-0.31962 ^1.57573 ^12.98276 ~-0.14427 ~-2.80498
execute if entity @s[tag=aj.chainsaw.locator_origin.shunter24] at @s on origin run tp @s ^-0.31805 ^1.60631 ^13.60701 ~-0.14427 ~-2.80498
execute if entity @s[tag=aj.chainsaw.locator_origin.shunter25] at @s on origin run tp @s ^-0.31648 ^1.6369 ^14.23126 ~-0.14427 ~-2.80498
execute if entity @s[tag=aj.chainsaw.locator_origin.shunter26] at @s on origin run tp @s ^-0.31491 ^1.66748 ^14.85551 ~-0.14427 ~-2.80498
execute if entity @s[tag=aj.chainsaw.locator_origin.shunter27] at @s on origin run tp @s ^-0.31334 ^1.69807 ^15.47976 ~-0.14427 ~-2.80498
execute if entity @s[tag=aj.chainsaw.locator_origin.shunter28] at @s on origin run tp @s ^-0.31177 ^1.72865 ^16.10401 ~-0.14427 ~-2.80498
execute if entity @s[tag=aj.chainsaw.locator_origin.shunter29] at @s on origin run tp @s ^-0.31019 ^1.75924 ^16.72826 ~-0.14427 ~-2.80498
execute if entity @s[tag=aj.chainsaw.locator_origin.shunter30] at @s on origin run tp @s ^-0.30862 ^1.78982 ^17.35251 ~-0.14427 ~-2.80498
execute if entity @s[tag=aj.chainsaw.locator_origin.shunter31] at @s on origin run tp @s ^-0.30705 ^1.82041 ^17.97676 ~-0.14427 ~-2.80498
execute if entity @s[tag=aj.chainsaw.locator_origin.shunter32] at @s on origin run tp @s ^-0.30548 ^1.851 ^18.60101 ~-0.14427 ~-2.80498
execute if entity @s[tag=aj.chainsaw.bone.serpent_hunter] run data modify entity @s {} merge value {transformation:[-1.4982606309301254f,0.07211692408612747f,-0.003772408410815737f,-0.35746133604709723f,0.07221514303119089f,1.496461392858878f,-0.073404855424226f,0.9612620663732688f,0.0002343541057998541f,-0.07350135334279656f,-1.4981980830767772f,0.43535553191754817f,0f,0f,0f,1f],start_interpolation:0}
execute if entity @s[tag=aj.chainsaw.bone.left_arm2] run data modify entity @s {} merge value {transformation:[-0.9988404206200836f,0.03521327437724099f,-0.03283046516769878f,-0.26203293970680774f,0.0481434286874606f,0.7327814685227367f,-0.678758815533085f,0.9972656096760582f,0.00015623607053323607f,-0.6795523119652337f,-0.7336270380056854f,-0.6245436276922536f,0f,0f,0f,1f],start_interpolation:0}
execute if entity @s[tag=aj.chainsaw.bone.left_arm] run data modify entity @s {} merge value {transformation:[-0.9988404206200836f,0.027953341366965673f,0.039197255540614394f,-0.37499999999999994f,0.0481434286874606f,0.5773047649567613f,0.8151082251041477f,1.2494982576391995f,0.00015623607053323607f,0.8160501326907803f,-0.5779811039520667f,-0.49275920300475023f,0f,0f,0f,1f],start_interpolation:0}
execute if entity @s[tag=aj.chainsaw.bone.head] run data modify entity @s {} merge value {transformation:[1f,0f,0f,6.938893903907228e-17f,0f,0.9659258262890682f,-0.2588190451025207f,1.3114894094332126f,0f,0.2588190451025207f,0.9659258262890682f,-0.3126310275316954f,0f,0f,0f,1f],start_interpolation:0}
execute if entity @s[tag=aj.chainsaw.bone.body_top] run data modify entity @s {} merge value {transformation:[1f,0f,0f,6.938893903907228e-17f,0f,0.8660254037844386f,-0.4999999999999999f,0.9704919066930899f,0f,0.4999999999999999f,0.8660254037844386f,-0.5095060275316954f,0f,0f,0f,1f],start_interpolation:0}
execute if entity @s[tag=aj.chainsaw.locator_origin.player_camera] at @s on origin run tp @s ^0 ^-0.1556 ^-0.47136 ~-180 ~-17.5
execute if entity @s[tag=aj.chainsaw.bone.body] run data modify entity @s {} merge value {transformation:[1f,0f,0f,6.938893903907228e-17f,0f,0.9537169507482269f,-0.30070579950427306f,0.5532407407407407f,0f,0.30070579950427306f,0.9537169507482269f,-0.6410648148148148f,0f,0f,0f,1f],start_interpolation:0}
execute if entity @s[tag=aj.chainsaw.bone.right_leg2] run data modify entity @s {} merge value {transformation:[0.991480294561584f,-0.06859642936819112f,0.11073100457418972f,0.17091600262171255f,0.06979723188409925f,0.9975366384124958f,-0.007000103286022519f,0.5031389664543635f,-0.10997805198034621f,0.014669182071011144f,0.9938257609762265f,-0.3084990233022882f,0f,0f,0f,1f],start_interpolation:0}
execute if entity @s[tag=aj.chainsaw.bone.right_leg] run data modify entity @s {} merge value {transformation:[0.991480294561584f,-0.1277662681647652f,-0.025349678801195173f,0.12500000000000006f,0.06979723188409925f,0.35680493714470185f,0.9315678092605404f,0.6313657407407407f,-0.10997805198034621f,-0.9254004633392046f,0.3626827960273187f,-0.6410648148148148f,0f,0f,0f,1f],start_interpolation:0}
execute if entity @s[tag=aj.chainsaw.bone.left_leg2] run data modify entity @s {} merge value {transformation:[0.9851920290372592f,0.14475736928671018f,-0.09188019350566878f,-0.17321140649076852f,-0.16075649272166725f,0.5935572908656382f,-0.7885728200414166f,0.4494374376048509f,-0.05961556817876244f,0.791665994278796f,0.6080385987199236f,-0.9472153389484141f,0f,0f,0f,1f],start_interpolation:0}
execute if entity @s[tag=aj.chainsaw.bone.left_leg] run data modify entity @s {} merge value {transformation:[0.9851920290372592f,0.13415347893083435f,-0.10676848791756073f,-0.12499999999999993f,-0.16075649272166725f,0.5062352782911718f,-0.8472798788247531f,0.6313657407407407f,-0.05961556817876244f,0.8518971106326243f,0.5203050037492521f,-0.6410648148148148f,0f,0f,0f,1f],start_interpolation:0}