execute if entity @s[tag=aj.chainsaw.bone.right_arm2] run data modify entity @s {} merge value {transformation:[-0.17719888091943062f,0.9452032622404059f,-0.27421041127389006f,-0.03999245700463164f,0.9329315576105424f,0.25005343853645856f,0.25905981295920927f,1.1313374508324363f,0.3134314365459667f,-0.20991443715520897f,-0.9261191411792238f,-0.46316343327438875f,0f,0f,0f,1f],start_interpolation:0}
execute if entity @s[tag=aj.chainsaw.bone.right_arm] run data modify entity @s {} merge value {transformation:[-0.19341738911217288f,0.7739441139605947f,-0.6029927213945291f,0.1250000000000001f,0.9258747897903361f,0.34730413615648953f,0.14878074687033704f,1.1650075168984588f,0.32456984952353624f,-0.5295189755564428f,-0.7837500030659803f,-0.5565985755976373f,0f,0f,0f,1f],start_interpolation:0}
execute if entity @s[tag=aj.chainsaw.bone.bone0] run data modify entity @s {} merge value {transformation:[0.00000958741009987638f,-0.000002803532375282898f,-4.7092865439371974e-7f,-0.11676236613049006f,0.0000015270698182499446f,0.000006476172495246511f,-0.000007465068491447526f,0.6118553628031148f,0.0000023978376398285477f,0.000007085153211649923f,0.000006637091126424912f,-0.6211394059631953f,0f,0f,0f,1f],start_interpolation:0}
execute if entity @s[tag=aj.chainsaw.bone.bone1] run data modify entity @s {} merge value {transformation:[0.00000899606467951501f,-0.000004135170904638991f,0.0000014039878458910362f,-0.11676253500063521f,0.0000016815439827096637f,3.1299716638703635e-7f,-0.000009852636327808237f,0.6118557416831677f,0.000004030289085933606f,0.00000909958209827577f,9.769214505494478e-7f,-0.6211400045837776f,0f,0f,0f,1f],start_interpolation:0}
execute if entity @s[tag=aj.chainsaw.bone.bone2] run data modify entity @s {} merge value {transformation:[0.000009690239962619444f,-0.000002090635510322076f,0.0000013147215027653332f,-0.11676201559954653f,0.0000014809857898892301f,6.590208548310287e-7f,-0.000009867744048314382f,0.6118558339407557f,0.0000019763427225558245f,0.00000975678915811335f,9.482271706308085e-7f,-0.621139818890044f,0f,0f,0f,1f],start_interpolation:0}
execute if entity @s[tag=aj.chainsaw.bone.bone3] run data modify entity @s {} merge value {transformation:[0.00000899606467951501f,-0.000004135170904638991f,0.0000014039878458910362f,-0.11676220721219627f,0.0000016815439827096637f,3.1299716638703635e-7f,-0.000009852636327808237f,0.6118558989992566f,0.000004030289085933606f,0.00000909958209827577f,9.769214505494478e-7f,-0.6211391949300222f,0f,0f,0f,1f],start_interpolation:0}
execute if entity @s[tag=aj.chainsaw.bone.bone4] run data modify entity @s {} merge value {transformation:[0.00000958741009987638f,-0.000002803532375282898f,-4.7092865439371974e-7f,-0.11676242877846076f,0.0000015270698182499446f,0.000006476172495246511f,-0.000007465068491447526f,0.6118563001162274f,0.0000023978376398285477f,0.000007085153211649923f,0.000006637091126424912f,-0.6211397524048241f,0f,0f,0f,1f],start_interpolation:0}
execute if entity @s[tag=aj.chainsaw.locator_origin.flail0] at @s on origin run tp @s ^-0.11676 ^0.61186 ^-0.62114 ~138.32188 ~-79.40787
execute if entity @s[tag=aj.chainsaw.locator_origin.flail1] at @s on origin run tp @s ^-0.11677 ^0.61186 ^-0.62114 ~138.32188 ~-79.40787
execute if entity @s[tag=aj.chainsaw.locator_origin.flail2] at @s on origin run tp @s ^-0.11677 ^0.61186 ^-0.62114 ~138.32188 ~-79.40787
execute if entity @s[tag=aj.chainsaw.locator_origin.flail3] at @s on origin run tp @s ^-0.11677 ^0.61186 ^-0.62114 ~138.32188 ~-79.40787
execute if entity @s[tag=aj.chainsaw.locator_origin.flail4] at @s on origin run tp @s ^-0.11677 ^0.61186 ^-0.62114 ~138.32188 ~-79.40787
execute if entity @s[tag=aj.chainsaw.bone.flail_body] run data modify entity @s {} merge value {transformation:[0.000004964439198482295f,-0.000008594206192795673f,0.000001222277939048668f,-0.11676926987655437f,0.0000018033007477165685f,-3.563020999431201e-7f,-0.000009829606056544736f,0.6118557107953778f,0.000008491316144029582f,0.000005100261633415358f,0.0000013729098342039625f,-0.6211354846034431f,0f,0f,0f,1f],start_interpolation:0}
execute if entity @s[tag=aj.chainsaw.bone.flail] run data modify entity @s {} merge value {transformation:[-0.0000012932663382731284f,-0.000009915754639666165f,-7.260925718289513e-8f,-0.11676673242320021f,0.0000012137514564618526f,-8.562196123264503e-8f,-0.000009925697773037993f,0.6118579952873096f,0.000009841456679792194f,-0.0000012924700405400954f,0.000001214599363609229f,-0.6211354329040235f,0f,0f,0f,1f],start_interpolation:0}
execute if entity @s[tag=aj.chainsaw.locator_origin.shunter0] at @s on origin run tp @s ^-0.35992 ^0.79326 ^-0.87817 ~-1.00892 ~-19.90396
execute if entity @s[tag=aj.chainsaw.locator_origin.shunter1] at @s on origin run tp @s ^-0.35371 ^0.92093 ^-0.52562 ~-1.00892 ~-19.90396
execute if entity @s[tag=aj.chainsaw.locator_origin.shunter2] at @s on origin run tp @s ^-0.34336 ^1.1337 ^0.06195 ~-1.00892 ~-19.90396
execute if entity @s[tag=aj.chainsaw.locator_origin.shunter3] at @s on origin run tp @s ^-0.33508 ^1.30393 ^0.53201 ~-1.00892 ~-19.90396
execute if entity @s[tag=aj.chainsaw.locator_origin.shunter4] at @s on origin run tp @s ^-0.32784 ^1.45287 ^0.94331 ~-1.00892 ~-19.90396
execute if entity @s[tag=aj.chainsaw.locator_origin.shunter5] at @s on origin run tp @s ^-0.31853 ^1.64437 ^1.47213 ~-1.00892 ~-19.90396
execute if entity @s[tag=aj.chainsaw.locator_origin.shunter6] at @s on origin run tp @s ^-0.30921 ^1.83587 ^2.00095 ~-1.00892 ~-19.90396
execute if entity @s[tag=aj.chainsaw.locator_origin.shunter7] at @s on origin run tp @s ^-0.29887 ^2.04865 ^2.58852 ~-1.00892 ~-19.90396
execute if entity @s[tag=aj.chainsaw.locator_origin.shunter8] at @s on origin run tp @s ^-0.28852 ^2.26143 ^3.1761 ~-1.00892 ~-19.90396
execute if entity @s[tag=aj.chainsaw.locator_origin.shunter9] at @s on origin run tp @s ^-0.27817 ^2.4742 ^3.76367 ~-1.00892 ~-19.90396
execute if entity @s[tag=aj.chainsaw.locator_origin.shunter10] at @s on origin run tp @s ^-0.26782 ^2.68698 ^4.35125 ~-1.00892 ~-19.90396
execute if entity @s[tag=aj.chainsaw.locator_origin.shunter11] at @s on origin run tp @s ^-0.25748 ^2.89976 ^4.93882 ~-1.00892 ~-19.90396
execute if entity @s[tag=aj.chainsaw.locator_origin.shunter12] at @s on origin run tp @s ^-0.24713 ^3.11254 ^5.52639 ~-1.00892 ~-19.90396
execute if entity @s[tag=aj.chainsaw.locator_origin.shunter13] at @s on origin run tp @s ^-0.23678 ^3.32532 ^6.11397 ~-1.00892 ~-19.90396
execute if entity @s[tag=aj.chainsaw.locator_origin.shunter14] at @s on origin run tp @s ^-0.22643 ^3.53809 ^6.70154 ~-1.00892 ~-19.90396
execute if entity @s[tag=aj.chainsaw.locator_origin.shunter15] at @s on origin run tp @s ^-0.21609 ^3.75087 ^7.28912 ~-1.00892 ~-19.90396
execute if entity @s[tag=aj.chainsaw.locator_origin.shunter16] at @s on origin run tp @s ^-0.20574 ^3.96365 ^7.87669 ~-1.00892 ~-19.90396
execute if entity @s[tag=aj.chainsaw.locator_origin.shunter17] at @s on origin run tp @s ^-0.19539 ^4.17643 ^8.46427 ~-1.00892 ~-19.90396
execute if entity @s[tag=aj.chainsaw.locator_origin.shunter18] at @s on origin run tp @s ^-0.18504 ^4.3892 ^9.05184 ~-1.00892 ~-19.90396
execute if entity @s[tag=aj.chainsaw.locator_origin.shunter19] at @s on origin run tp @s ^-0.1747 ^4.60198 ^9.63941 ~-1.00892 ~-19.90396
execute if entity @s[tag=aj.chainsaw.locator_origin.shunter20] at @s on origin run tp @s ^-0.16435 ^4.81476 ^10.22699 ~-1.00892 ~-19.90396
execute if entity @s[tag=aj.chainsaw.locator_origin.shunter21] at @s on origin run tp @s ^-0.154 ^5.02754 ^10.81456 ~-1.00892 ~-19.90396
execute if entity @s[tag=aj.chainsaw.locator_origin.shunter22] at @s on origin run tp @s ^-0.14365 ^5.24032 ^11.40214 ~-1.00892 ~-19.90396
execute if entity @s[tag=aj.chainsaw.locator_origin.shunter23] at @s on origin run tp @s ^-0.1333 ^5.45309 ^11.98971 ~-1.00892 ~-19.90396
execute if entity @s[tag=aj.chainsaw.locator_origin.shunter24] at @s on origin run tp @s ^-0.12296 ^5.66587 ^12.57729 ~-1.00892 ~-19.90396
execute if entity @s[tag=aj.chainsaw.locator_origin.shunter25] at @s on origin run tp @s ^-0.11261 ^5.87865 ^13.16486 ~-1.00892 ~-19.90396
execute if entity @s[tag=aj.chainsaw.locator_origin.shunter26] at @s on origin run tp @s ^-0.10226 ^6.09143 ^13.75243 ~-1.00892 ~-19.90396
execute if entity @s[tag=aj.chainsaw.locator_origin.shunter27] at @s on origin run tp @s ^-0.09191 ^6.30421 ^14.34001 ~-1.00892 ~-19.90396
execute if entity @s[tag=aj.chainsaw.locator_origin.shunter28] at @s on origin run tp @s ^-0.08157 ^6.51698 ^14.92758 ~-1.00892 ~-19.90396
execute if entity @s[tag=aj.chainsaw.locator_origin.shunter29] at @s on origin run tp @s ^-0.07122 ^6.72976 ^15.51516 ~-1.00892 ~-19.90396
execute if entity @s[tag=aj.chainsaw.locator_origin.shunter30] at @s on origin run tp @s ^-0.06087 ^6.94254 ^16.10273 ~-1.00892 ~-19.90396
execute if entity @s[tag=aj.chainsaw.locator_origin.shunter31] at @s on origin run tp @s ^-0.05052 ^7.15532 ^16.69031 ~-1.00892 ~-19.90396
execute if entity @s[tag=aj.chainsaw.locator_origin.shunter32] at @s on origin run tp @s ^-0.04018 ^7.36809 ^17.27788 ~-1.00892 ~-19.90396
execute if entity @s[tag=aj.chainsaw.bone.serpent_hunter] run data modify entity @s {} merge value {transformation:[-1.4982606309301256f,0.06781103055600454f,-0.024834370130826334f,-0.34753506011307206f,0.07221514303119089f,1.408546898126064f,-0.5106668276835957f,1.1765598435016f,0.0002343541057998593f,-0.5112702806875982f,-1.4101782317011482f,0.17946934963002836f,0f,0f,0f,1f],start_interpolation:0}
execute if entity @s[tag=aj.chainsaw.bone.left_arm2] run data modify entity @s {} merge value {transformation:[-0.9988404206200838f,0.03245458849578722f,-0.03556000310831615f,-0.2625021553955791f,0.04814342868746059f,0.6757311054462436f,-0.7355743901242162f,0.9967241459901272f,0.00015623607053323954f,-0.7364334137028048f,-0.676510016756828f,-0.8304805696807598f,0f,0f,0f,1f],start_interpolation:0}
execute if entity @s[tag=aj.chainsaw.bone.left_arm] run data modify entity @s {} merge value {transformation:[-0.9988404206200838f,0.03101960849575299f,0.03681844679321152f,-0.3749999999999999f,0.04814342868746059f,0.6410808410882848f,0.7659618564026232f,1.2587575168984588f,0.00015623607053323954f,0.7668462290957083f,-0.6418308472736276f,-0.7189783388072195f,0f,0f,0f,1f],start_interpolation:0}
execute if entity @s[tag=aj.chainsaw.bone.head] run data modify entity @s {} merge value {transformation:[1f,0f,0f,9.71445146547012e-17f,0f,0.9659258262890682f,-0.2588190451025207f,1.320748668692472f,0f,0.2588190451025207f,0.9659258262890682f,-0.5388501633341647f,0f,0f,0f,1f],start_interpolation:0}
execute if entity @s[tag=aj.chainsaw.bone.body_top] run data modify entity @s {} merge value {transformation:[1f,0f,0f,9.71445146547012e-17f,0f,0.8660254037844386f,-0.4999999999999999f,0.9797511659523492f,0f,0.4999999999999999f,0.8660254037844386f,-0.7357251633341647f,0f,0f,0f,1f],start_interpolation:0}
execute if entity @s[tag=aj.chainsaw.locator_origin.player_camera] at @s on origin run tp @s ^0 ^-0.14634 ^-0.69758 ~-180 ~-17.5
execute if entity @s[tag=aj.chainsaw.bone.body] run data modify entity @s {} merge value {transformation:[1f,0f,0f,9.71445146547012e-17f,0f,0.9537169507482269f,-0.30070579950427306f,0.5625f,0f,0.30070579950427306f,0.9537169507482269f,-0.8672839506172841f,0f,0f,0f,1f],start_interpolation:0}
execute if entity @s[tag=aj.chainsaw.bone.right_leg2] run data modify entity @s {} merge value {transformation:[0.991480294561584f,-0.016765146341361364f,0.1291733539249763f,0.15690981837858603f,0.06979723188409925f,0.9056747367008438f,-0.4181884954457432f,0.2884703259481702f,-0.10997805198034626f,0.42364159518395955f,0.8991288155278966f,-0.8031026475805342f,0f,0f,0f,1f],start_interpolation:0}
execute if entity @s[tag=aj.chainsaw.bone.right_leg] run data modify entity @s {} merge value {transformation:[0.991480294561584f,-0.08879253809693469f,0.09530325636817906f,0.1250000000000001f,0.06979723188409925f,0.9799086582311787f,0.1868351357343908f,0.640625f,-0.10997805198034626f,-0.1785914519283478f,0.9777575984776252f,-0.8672839506172841f,0f,0f,0f,1f],start_interpolation:0}
execute if entity @s[tag=aj.chainsaw.bone.left_leg2] run data modify entity @s {} merge value {transformation:[0.9828804084987868f,0.183967272569878f,0.010106691469430301f,-0.18408273285156548f,-0.15909594555537396f,0.8751084702352789f,-0.4570269635703252f,0.2866430023433167f,-0.09292245528987882f,0.44759491501319587f,0.8893954178863472f,-0.8861616262892088f,0f,0f,0f,1f],start_interpolation:0}
execute if entity @s[tag=aj.chainsaw.bone.left_leg] run data modify entity @s {} merge value {transformation:[0.9828804084987868f,0.16440412619566072f,0.08317082348455683f,-0.1249999999999999f,-0.15909594555537396f,0.9849933847838145f,-0.0669067413641249f,0.640625f,-0.09292245528987882f,0.052529184478399084f,0.9942867303152219f,-0.8672839506172841f,0f,0f,0f,1f],start_interpolation:0}