execute if entity @s[tag=aj.chainsaw.bone.right_arm2] run data modify entity @s {} merge value {transformation:[0.4613857876223769f,0.3871439689330346f,-0.7982748288019962f,0.30635803558259955f,0.8470036421924374f,0.07555180538409065f,0.5261907969700249f,1.6345710040796326f,0.26402269806367873f,-0.9189186427654966f,-0.2930538225056851f,-1.4593655745303964f,0f,0f,0f,1f],start_interpolation:0}
execute if entity @s[tag=aj.chainsaw.bone.right_arm] run data modify entity @s {} merge value {transformation:[0.461219154669547f,0.012792974648004052f,-0.8871940211507086f,0.3125000000000002f,0.840631371928297f,0.3136637887489614f,0.4415358696160439f,1.6387106073013413f,0.2839291952157399f,-0.949447927707098f,0.13391357166784779f,-1.5910077149017208f,0f,0f,0f,1f],start_interpolation:0}
execute if entity @s[tag=aj.chainsaw.bone.bone0] run data modify entity @s {} merge value {transformation:[-0.3540510237047913f,0.8340806896824106f,-0.42303342150769113f,-1.1453949577474163f,-0.6033112672363232f,0.14193208503077004f,0.7847743612431033f,1.3837105086147081f,0.7146071560230078f,0.5330709955885172f,0.4529590778679418f,-1.1061054026530854f,0f,0f,0f,1f],start_interpolation:0}
execute if entity @s[tag=aj.chainsaw.bone.bone1] run data modify entity @s {} merge value {transformation:[-0.2721633443895983f,0.45892878442297147f,-0.8457608910316928f,-1.1191545810205186f,-0.49579266802531935f,0.6864102675367407f,0.5320061794307247f,1.3440302502290913f,0.8246919087168277f,0.564114629705873f,0.040717812426523205f,-1.1612511907353356f,0f,0f,0f,1f],start_interpolation:0}
execute if entity @s[tag=aj.chainsaw.bone.bone2] run data modify entity @s {} merge value {transformation:[-0.3729326124210325f,0.38834652957435223f,-0.8426792032323932f,-1.1363144513993975f,-0.6274427223453489f,0.5635130679168651f,0.5373719870469441f,1.3134471109250563f,0.6835472893433796f,0.7291364723112401f,0.03351280317787281f,-1.1176860486994278f,0f,0f,0f,1f],start_interpolation:0}
execute if entity @s[tag=aj.chainsaw.bone.bone3] run data modify entity @s {} merge value {transformation:[-0.2721633443895983f,0.45892878442297147f,-0.8457608910316928f,-1.1064370554702334f,-0.49579266802531935f,0.6864102675367407f,0.5320061794307247f,1.3519360250734354f,0.8246919087168277f,0.564114629705873f,0.040717812426523205f,-1.073769241572571f,0f,0f,0f,1f],start_interpolation:0}
execute if entity @s[tag=aj.chainsaw.bone.bone4] run data modify entity @s {} merge value {transformation:[-0.3540510237047913f,0.8340806896824106f,-0.42303342150769113f,-1.074570541353376f,-0.6033112672363232f,0.14193208503077004f,0.7847743612431033f,1.3163667086826267f,0.7146071560230078f,0.5330709955885172f,0.4529590778679418f,-1.1278709503653284f,0f,0f,0f,1f],start_interpolation:0}
execute if entity @s[tag=aj.chainsaw.locator_origin.flail0] at @s on origin run tp @s ^-1.09542 ^1.36159 ^-1.11167 ~-94.52494 ~34.15549
execute if entity @s[tag=aj.chainsaw.locator_origin.flail1] at @s on origin run tp @s ^-0.84959 ^1.72345 ^-1.11728 ~-94.52494 ~34.15549
execute if entity @s[tag=aj.chainsaw.locator_origin.flail2] at @s on origin run tp @s ^-0.55683 ^1.93241 ^-1.12977 ~-94.52494 ~34.15549
execute if entity @s[tag=aj.chainsaw.locator_origin.flail3] at @s on origin run tp @s ^-0.24748 ^1.72187 ^-1.15425 ~-94.52494 ~34.15549
execute if entity @s[tag=aj.chainsaw.locator_origin.flail4] at @s on origin run tp @s ^0.11343 ^1.47624 ^-1.18282 ~-94.52494 ~34.15549
execute if entity @s[tag=aj.chainsaw.bone.flail_body] run data modify entity @s {} merge value {transformation:[0.061197175792550955f,0.561900935287945f,-0.8249377216478517f,-0.6471197124557473f,-0.02610583659636922f,0.8271051398617378f,0.5614406227820532f,2.0025817119516347f,0.9977842406906514f,-0.012822891125952494f,0.06528539264301522f,-1.1239637346892224f,0f,0f,0f,1f],start_interpolation:0}
execute if entity @s[tag=aj.chainsaw.bone.flail] run data modify entity @s {} merge value {transformation:[0.10550423123833443f,0.37693225578911194f,-0.9202124383730856f,-0.47206267057801166f,-0.022738818065197258f,0.9260495986904201f,0.3767161888189975f,1.6562554998404515f,0.9941588421091503f,-0.018820608678886283f,0.10627314498569373f,-1.150462827428449f,0f,0f,0f,1f],start_interpolation:0}
execute if entity @s[tag=aj.chainsaw.locator_origin.shunter0] at @s on origin run tp @s ^0.22551 ^1.3458 ^-1.35011 ~-110.61811 ~40.37128
execute if entity @s[tag=aj.chainsaw.locator_origin.shunter1] at @s on origin run tp @s ^0.22551 ^1.3458 ^-1.35011 ~-110.61811 ~40.37128
execute if entity @s[tag=aj.chainsaw.locator_origin.shunter2] at @s on origin run tp @s ^0.22551 ^1.34579 ^-1.35011 ~-110.61811 ~40.37128
execute if entity @s[tag=aj.chainsaw.locator_origin.shunter3] at @s on origin run tp @s ^0.22552 ^1.34579 ^-1.35011 ~-110.61811 ~40.37128
execute if entity @s[tag=aj.chainsaw.locator_origin.shunter4] at @s on origin run tp @s ^0.22552 ^1.34579 ^-1.35011 ~-110.61811 ~40.37128
execute if entity @s[tag=aj.chainsaw.locator_origin.shunter5] at @s on origin run tp @s ^0.22552 ^1.34578 ^-1.35011 ~-110.61811 ~40.37128
execute if entity @s[tag=aj.chainsaw.locator_origin.shunter6] at @s on origin run tp @s ^0.22553 ^1.34578 ^-1.35011 ~-110.61811 ~40.37128
execute if entity @s[tag=aj.chainsaw.locator_origin.shunter7] at @s on origin run tp @s ^0.22553 ^1.34578 ^-1.35012 ~-110.61811 ~40.37128
execute if entity @s[tag=aj.chainsaw.locator_origin.shunter8] at @s on origin run tp @s ^0.22554 ^1.34577 ^-1.35012 ~-110.61811 ~40.37128
execute if entity @s[tag=aj.chainsaw.locator_origin.shunter9] at @s on origin run tp @s ^0.22554 ^1.34577 ^-1.35012 ~-110.61811 ~40.37128
execute if entity @s[tag=aj.chainsaw.locator_origin.shunter10] at @s on origin run tp @s ^0.22555 ^1.34576 ^-1.35012 ~-110.61811 ~40.37128
execute if entity @s[tag=aj.chainsaw.locator_origin.shunter11] at @s on origin run tp @s ^0.22555 ^1.34576 ^-1.35012 ~-110.61811 ~40.37128
execute if entity @s[tag=aj.chainsaw.locator_origin.shunter12] at @s on origin run tp @s ^0.22556 ^1.34576 ^-1.35012 ~-110.61811 ~40.37128
execute if entity @s[tag=aj.chainsaw.locator_origin.shunter13] at @s on origin run tp @s ^0.22556 ^1.34575 ^-1.35013 ~-110.61811 ~40.37128
execute if entity @s[tag=aj.chainsaw.locator_origin.shunter14] at @s on origin run tp @s ^0.22556 ^1.34575 ^-1.35013 ~-110.61811 ~40.37128
execute if entity @s[tag=aj.chainsaw.locator_origin.shunter15] at @s on origin run tp @s ^0.22557 ^1.34574 ^-1.35013 ~-110.61811 ~40.37128
execute if entity @s[tag=aj.chainsaw.locator_origin.shunter16] at @s on origin run tp @s ^0.22557 ^1.34574 ^-1.35013 ~-110.61811 ~40.37128
execute if entity @s[tag=aj.chainsaw.locator_origin.shunter17] at @s on origin run tp @s ^0.22558 ^1.34574 ^-1.35013 ~-110.61811 ~40.37128
execute if entity @s[tag=aj.chainsaw.locator_origin.shunter18] at @s on origin run tp @s ^0.22558 ^1.34573 ^-1.35014 ~-110.61811 ~40.37128
execute if entity @s[tag=aj.chainsaw.locator_origin.shunter19] at @s on origin run tp @s ^0.22559 ^1.34573 ^-1.35014 ~-110.61811 ~40.37128
execute if entity @s[tag=aj.chainsaw.locator_origin.shunter20] at @s on origin run tp @s ^0.22559 ^1.34572 ^-1.35014 ~-110.61811 ~40.37128
execute if entity @s[tag=aj.chainsaw.locator_origin.shunter21] at @s on origin run tp @s ^0.2256 ^1.34572 ^-1.35014 ~-110.61811 ~40.37128
execute if entity @s[tag=aj.chainsaw.locator_origin.shunter22] at @s on origin run tp @s ^0.2256 ^1.34572 ^-1.35014 ~-110.61811 ~40.37128
execute if entity @s[tag=aj.chainsaw.locator_origin.shunter23] at @s on origin run tp @s ^0.2256 ^1.34571 ^-1.35014 ~-110.61811 ~40.37128
execute if entity @s[tag=aj.chainsaw.locator_origin.shunter24] at @s on origin run tp @s ^0.22561 ^1.34571 ^-1.35015 ~-110.61811 ~40.37128
execute if entity @s[tag=aj.chainsaw.locator_origin.shunter25] at @s on origin run tp @s ^0.22561 ^1.3457 ^-1.35015 ~-110.61811 ~40.37128
execute if entity @s[tag=aj.chainsaw.locator_origin.shunter26] at @s on origin run tp @s ^0.22562 ^1.3457 ^-1.35015 ~-110.61811 ~40.37128
execute if entity @s[tag=aj.chainsaw.locator_origin.shunter27] at @s on origin run tp @s ^0.22562 ^1.34569 ^-1.35015 ~-110.61811 ~40.37128
execute if entity @s[tag=aj.chainsaw.locator_origin.shunter28] at @s on origin run tp @s ^0.22563 ^1.34569 ^-1.35015 ~-110.61811 ~40.37128
execute if entity @s[tag=aj.chainsaw.locator_origin.shunter29] at @s on origin run tp @s ^0.22563 ^1.34569 ^-1.35015 ~-110.61811 ~40.37128
execute if entity @s[tag=aj.chainsaw.locator_origin.shunter30] at @s on origin run tp @s ^0.22564 ^1.34568 ^-1.35016 ~-110.61811 ~40.37128
execute if entity @s[tag=aj.chainsaw.locator_origin.shunter31] at @s on origin run tp @s ^0.22564 ^1.34568 ^-1.35016 ~-110.61811 ~40.37128
execute if entity @s[tag=aj.chainsaw.locator_origin.shunter32] at @s on origin run tp @s ^0.22564 ^1.34567 ^-1.35016 ~-110.61811 ~40.37128
execute if entity @s[tag=aj.chainsaw.bone.serpent_hunter] run data modify entity @s {} merge value {transformation:[0.000009369490750985254f,-0.000004775870787495648f,-0.000010695966589717248f,0.2255149381733711f,0.000011410779528687996f,6.261511945166298e-7f,0.000009716071491569041f,1.345792483176817f,-0.0000026470273166094925f,-0.000014205597238509597f,0.000004024208429290417f,-1.3501097451279704f,0f,0f,0f,1f],start_interpolation:0}
execute if entity @s[tag=aj.chainsaw.bone.left_arm2] run data modify entity @s {} merge value {transformation:[0.6246327167323502f,-0.2719137897987529f,-0.7320497661394637f,-0.40616020344139736f,0.7607186352458664f,0.000035241914813688435f,0.6490817797070528f,1.778807978301024f,-0.17646848777396615f,-0.9623216144695537f,0.20687190033323144f,-1.3185931782170288f,0f,0f,0f,1f],start_interpolation:0}
execute if entity @s[tag=aj.chainsaw.bone.left_arm] run data modify entity @s {} merge value {transformation:[0.6246327167323502f,0.3350146114493792f,-0.7054071018234686f,-0.2499999999999998f,0.7607186352458664f,-0.46516092459442476f,0.4526946788069498f,1.7456125849600783f,-0.17646848777396615f,-0.8193842348653544f,-0.5454065900563435f,-1.6172843658766156f,0f,0f,0f,1f],start_interpolation:0}
execute if entity @s[tag=aj.chainsaw.bone.head] run data modify entity @s {} merge value {transformation:[0.9917419983016024f,-0.008240935415488388f,-0.12798396691860423f,2.0122792321330962e-16f,-0.023646580791561962f,0.9690738517543427f,-0.24563531721409856f,1.824029082567707f,0.12605018056953657f,0.24663324356112348f,0.9608763682955821f,-1.594624918416389f,0f,0f,0f,1f],start_interpolation:0}
execute if entity @s[tag=aj.chainsaw.bone.body_top] run data modify entity @s {} merge value {transformation:[1f,0f,0f,2.0122792321330962e-16f,0f,0.9828549916653013f,-0.18438021954266332f,1.4370299295994946f,0f,0.18438021954266332f,0.9828549916653013f,-1.6672246298613127f,0f,0f,0f,1f],start_interpolation:0}
execute if entity @s[tag=aj.chainsaw.locator_origin.player_camera] at @s on origin run tp @s ^0 ^0.35829 ^-1.34187 ~-180 ~-2.65625
execute if entity @s[tag=aj.chainsaw.bone.body] run data modify entity @s {} merge value {transformation:[1f,0f,0f,2.0122792321330962e-16f,0f,0.9989255533702734f,-0.04634370317414232f,1f,0f,0.04634370317414232f,0.9989255533702734f,-1.6875f,0f,0f,0f,1f],start_interpolation:0}
execute if entity @s[tag=aj.chainsaw.bone.right_leg2] run data modify entity @s {} merge value {transformation:[0.9848131665305733f,-0.09646733465204697f,0.14435054684051368f,0.18576490906846188f,0.16248649034444457f,0.8050221297916453f,-0.5705589461232449f,0.7268048753956217f,-0.061165083859748684f,0.5853489761593959f,0.8084710314077905f,-1.642420220731844f,0f,0f,0f,1f],start_interpolation:0}
execute if entity @s[tag=aj.chainsaw.bone.right_leg] run data modify entity @s {} merge value {transformation:[0.9848131665305733f,-0.1690849643644151f,0.03941195064837351f,0.1250000000000002f,0.16248649034444457f,0.9775864336817484f,0.13387645475192908f,1.078125f,-0.061165083859748684f,-0.1254393857896516f,0.9902140137410421f,-1.6875f,0f,0f,0f,1f],start_interpolation:0}
execute if entity @s[tag=aj.chainsaw.bone.left_leg2] run data modify entity @s {} merge value {transformation:[0.9848077463102578f,0.1718375693448196f,-0.025011048937921637f,-0.17502248180723975f,-0.1604300601002887f,0.8452379166881765f,-0.509740188732308f,0.7854145039485909f,-0.0664522281306545f,0.5060086105535118f,0.8599647594071375f,-1.5459421054985716f,0f,0f,0f,1f],start_interpolation:0}
execute if entity @s[tag=aj.chainsaw.bone.left_leg] run data modify entity @s {} merge value {transformation:[0.9848077463102578f,0.13919299285492853f,0.10382202823774257f,-0.1249999999999998f,-0.1604300601002887f,0.9581142067021252f,0.23723271851027422f,1.1297367969821672f,-0.0664522281306545f,-0.25028479309707385f,0.9658890328194157f,-1.6358882030178326f,0f,0f,0f,1f],start_interpolation:0}