execute if entity @s[tag=aj.chainsaw.bone.right_arm2] run data modify entity @s {} merge value {transformation:[-0.5100915666879066f,0.8201744585130101f,-0.2590761494170535f,0.0882487097986491f,0.6473541079854056f,0.5644103386391179f,0.5122241975070055f,1.07822409593151f,0.5663384610533674f,0.09356723379563395f,-0.8188442588743822f,-3.3272639966476247f,0f,0f,0f,1f],start_interpolation:0}
execute if entity @s[tag=aj.chainsaw.bone.right_arm] run data modify entity @s {} merge value {transformation:[-0.5257270644304552f,0.7425771056417292f,-0.4149581857272945f,0.2536443148688051f,0.633544684127079f,0.6673259301950962f,0.39153190943212934f,1.1762574679366877f,0.5676549893550267f,-0.05705563132594016f,-0.8212870801335806f,-3.3382212698053357f,0f,0f,0f,1f],start_interpolation:0}
execute if entity @s[tag=aj.chainsaw.bone.bone0] run data modify entity @s {} merge value {transformation:[0.000009432158741614006f,-0.00000331510210484496f,2.109016534953073e-7f,-0.059533739136479066f,-0.0000032859991398739516f,-0.000009404635056399943f,-8.68935618259977e-7f,1.6392036101251235f,4.864063380983098e-7f,7.502916035687034e-7f,-0.000009959943342402713f,-4.0730769838815215f,0f,0f,0f,1f],start_interpolation:0}
execute if entity @s[tag=aj.chainsaw.bone.bone1] run data modify entity @s {} merge value {transformation:[0.000008838314722329624f,-0.000004098596462600328f,0.000002255149641556308f,-0.059533943272044f,-0.000004660379205489369f,-0.000007295616797104868f,0.000005005481116820197f,1.639203873485785f,-4.0627395940887753e-7f,-0.000005474986994191071f,-0.00000835819710723221f,-4.073076336283147f,0f,0f,0f,1f],start_interpolation:0}
execute if entity @s[tag=aj.chainsaw.bone.bone2] run data modify entity @s {} merge value {transformation:[0.000009536356472937257f,-0.0000020881579977927985f,0.00000216737200252327f,-0.0595334328100951f,-0.000002925095478836058f,-0.000008125570700340963f,0.000005041717686806085f,1.6392036450143053f,7.083231330124878e-7f,-0.000005441938714283214f,-0.000008359640026294491f,-4.073076335577509f,0f,0f,0f,1f],start_interpolation:0}
execute if entity @s[tag=aj.chainsaw.bone.bone3] run data modify entity @s {} merge value {transformation:[0.000008838314722329624f,-0.000004098596462600328f,0.000002255149641556308f,-0.05953362602662847f,-0.000004660379205489369f,-0.000007295616797104868f,0.000005005481116820197f,1.6392031144925643f,-4.0627395940887753e-7f,-0.000005474986994191071f,-0.00000835819710723221f,-4.073076669475964f,0f,0f,0f,1f],start_interpolation:0}
execute if entity @s[tag=aj.chainsaw.bone.bone4] run data modify entity @s {} merge value {transformation:[0.000009432158741614006f,-0.00000331510210484496f,2.109016534953073e-7f,-0.05953388436431152f,-0.0000032859991398739516f,-0.000009404635056399943f,-8.68935618259977e-7f,1.6392033340963579f,4.864063380983098e-7f,7.502916035687034e-7f,-0.000009959943342402713f,-4.073076032451315f,0f,0f,0f,1f],start_interpolation:0}
execute if entity @s[tag=aj.chainsaw.locator_origin.flail0] at @s on origin run tp @s ^-0.05953 ^1.6392 ^-4.07308 ~13.57676 ~27.92067
execute if entity @s[tag=aj.chainsaw.locator_origin.flail1] at @s on origin run tp @s ^-0.05954 ^1.6392 ^-4.07308 ~13.57676 ~27.92067
execute if entity @s[tag=aj.chainsaw.locator_origin.flail2] at @s on origin run tp @s ^-0.05954 ^1.6392 ^-4.07308 ~13.57676 ~27.92067
execute if entity @s[tag=aj.chainsaw.locator_origin.flail3] at @s on origin run tp @s ^-0.05954 ^1.6392 ^-4.07308 ~13.57676 ~27.92067
execute if entity @s[tag=aj.chainsaw.locator_origin.flail4] at @s on origin run tp @s ^-0.05954 ^1.6392 ^-4.07307 ~13.57676 ~27.92067
execute if entity @s[tag=aj.chainsaw.bone.flail_body] run data modify entity @s {} merge value {transformation:[0.000004834881008185403f,-0.000008504205806661071f,0.000002074224972041434f,-0.05954062630946361f,-0.000008123402626812832f,-0.000003476298077256766f,0.00000468248667277882f,1.6392005816943787f,-0.0000032610206070153115f,-0.000003948903047178174f,-0.000008589057534130765f,-4.073079544218637f,0f,0f,0f,1f],start_interpolation:0}
execute if entity @s[tag=aj.chainsaw.bone.flail] run data modify entity @s {} merge value {transformation:[-0.0000013412629782410105f,-0.000009877969538543017f,7.91663703106542e-7f,-0.05953829548735229f,-0.000008560964748867548f,0.0000015573812495344612f,0.000004927925142719366f,1.6391990623578083f,-0.0000049910816655157315f,-1.6776150178052975e-8f,-0.000008665380682286149f,-4.0730775645392665f,0f,0f,0f,1f],start_interpolation:0}
execute if entity @s[tag=aj.chainsaw.locator_origin.shunter0] at @s on origin run tp @s ^-0.24756 ^1.88884 ^-3.97215 ~4.73117 ~69.13422
execute if entity @s[tag=aj.chainsaw.locator_origin.shunter1] at @s on origin run tp @s ^-0.25858 ^1.53843 ^-3.83904 ~4.73117 ~69.13422
execute if entity @s[tag=aj.chainsaw.locator_origin.shunter2] at @s on origin run tp @s ^-0.27694 ^0.95442 ^-3.61718 ~4.73117 ~69.13422
execute if entity @s[tag=aj.chainsaw.locator_origin.shunter3] at @s on origin run tp @s ^-0.29163 ^0.48721 ^-3.4397 ~4.73117 ~69.13422
execute if entity @s[tag=aj.chainsaw.locator_origin.shunter4] at @s on origin run tp @s ^-0.30448 ^0.0784 ^-3.2844 ~4.73117 ~69.13422
execute if entity @s[tag=aj.chainsaw.locator_origin.shunter5] at @s on origin run tp @s ^-0.321 ^-0.44721 ^-3.08474 ~4.73117 ~69.13422
execute if entity @s[tag=aj.chainsaw.locator_origin.shunter6] at @s on origin run tp @s ^-0.33753 ^-0.97282 ^-2.88507 ~4.73117 ~69.13422
execute if entity @s[tag=aj.chainsaw.locator_origin.shunter7] at @s on origin run tp @s ^-0.35589 ^-1.55683 ^-2.66321 ~4.73117 ~69.13422
execute if entity @s[tag=aj.chainsaw.locator_origin.shunter8] at @s on origin run tp @s ^-0.37425 ^-2.14084 ^-2.44136 ~4.73117 ~69.13422
execute if entity @s[tag=aj.chainsaw.locator_origin.shunter9] at @s on origin run tp @s ^-0.39261 ^-2.72485 ^-2.2195 ~4.73117 ~69.13422
execute if entity @s[tag=aj.chainsaw.locator_origin.shunter10] at @s on origin run tp @s ^-0.41097 ^-3.30886 ^-1.99765 ~4.73117 ~69.13422
execute if entity @s[tag=aj.chainsaw.locator_origin.shunter11] at @s on origin run tp @s ^-0.42933 ^-3.89287 ^-1.7758 ~4.73117 ~69.13422
execute if entity @s[tag=aj.chainsaw.locator_origin.shunter12] at @s on origin run tp @s ^-0.4477 ^-4.47688 ^-1.55394 ~4.73117 ~69.13422
execute if entity @s[tag=aj.chainsaw.locator_origin.shunter13] at @s on origin run tp @s ^-0.46606 ^-5.06089 ^-1.33209 ~4.73117 ~69.13422
execute if entity @s[tag=aj.chainsaw.locator_origin.shunter14] at @s on origin run tp @s ^-0.48442 ^-5.6449 ^-1.11023 ~4.73117 ~69.13422
execute if entity @s[tag=aj.chainsaw.locator_origin.shunter15] at @s on origin run tp @s ^-0.50278 ^-6.22891 ^-0.88838 ~4.73117 ~69.13422
execute if entity @s[tag=aj.chainsaw.locator_origin.shunter16] at @s on origin run tp @s ^-0.52114 ^-6.81292 ^-0.66653 ~4.73117 ~69.13422
execute if entity @s[tag=aj.chainsaw.locator_origin.shunter17] at @s on origin run tp @s ^-0.5395 ^-7.39694 ^-0.44467 ~4.73117 ~69.13422
execute if entity @s[tag=aj.chainsaw.locator_origin.shunter18] at @s on origin run tp @s ^-0.55786 ^-7.98095 ^-0.22282 ~4.73117 ~69.13422
execute if entity @s[tag=aj.chainsaw.locator_origin.shunter19] at @s on origin run tp @s ^-0.57622 ^-8.56496 ^-0.00096 ~4.73117 ~69.13422
execute if entity @s[tag=aj.chainsaw.locator_origin.shunter20] at @s on origin run tp @s ^-0.59459 ^-9.14897 ^0.22089 ~4.73117 ~69.13422
execute if entity @s[tag=aj.chainsaw.locator_origin.shunter21] at @s on origin run tp @s ^-0.61295 ^-9.73298 ^0.44274 ~4.73117 ~69.13422
execute if entity @s[tag=aj.chainsaw.locator_origin.shunter22] at @s on origin run tp @s ^-0.63131 ^-10.31699 ^0.6646 ~4.73117 ~69.13422
execute if entity @s[tag=aj.chainsaw.locator_origin.shunter23] at @s on origin run tp @s ^-0.64967 ^-10.901 ^0.88645 ~4.73117 ~69.13422
execute if entity @s[tag=aj.chainsaw.locator_origin.shunter24] at @s on origin run tp @s ^-0.66803 ^-11.48501 ^1.10831 ~4.73117 ~69.13422
execute if entity @s[tag=aj.chainsaw.locator_origin.shunter25] at @s on origin run tp @s ^-0.68639 ^-12.06902 ^1.33016 ~4.73117 ~69.13422
execute if entity @s[tag=aj.chainsaw.locator_origin.shunter26] at @s on origin run tp @s ^-0.70475 ^-12.65303 ^1.55201 ~4.73117 ~69.13422
execute if entity @s[tag=aj.chainsaw.locator_origin.shunter27] at @s on origin run tp @s ^-0.72311 ^-13.23704 ^1.77387 ~4.73117 ~69.13422
execute if entity @s[tag=aj.chainsaw.locator_origin.shunter28] at @s on origin run tp @s ^-0.74148 ^-13.82105 ^1.99572 ~4.73117 ~69.13422
execute if entity @s[tag=aj.chainsaw.locator_origin.shunter29] at @s on origin run tp @s ^-0.75984 ^-14.40507 ^2.21758 ~4.73117 ~69.13422
execute if entity @s[tag=aj.chainsaw.locator_origin.shunter30] at @s on origin run tp @s ^-0.7782 ^-14.98908 ^2.43943 ~4.73117 ~69.13422
execute if entity @s[tag=aj.chainsaw.locator_origin.shunter31] at @s on origin run tp @s ^-0.79656 ^-15.57309 ^2.66128 ~4.73117 ~69.13422
execute if entity @s[tag=aj.chainsaw.locator_origin.shunter32] at @s on origin run tp @s ^-0.81492 ^-16.1571 ^2.88314 ~4.73117 ~69.13422
execute if entity @s[tag=aj.chainsaw.bone.serpent_hunter] run data modify entity @s {} merge value {transformation:[-1.4988750682312233f,-0.037836974174168814f,0.044066917525378946f,-0.2868543441348451f,0.027739097192256534f,0.5335494626606375f,1.4016260247945964f,0.8377329075676035f,-0.051030111912515094f,1.4013897867045726f,-0.5324496158307452f,-3.573026527883101f,0f,0f,0f,1f],start_interpolation:0}
execute if entity @s[tag=aj.chainsaw.bone.left_arm2] run data modify entity @s {} merge value {transformation:[-0.9992500454874822f,-0.029942856960616736f,0.024551413611045077f,-0.23908564856511602f,0.018492731461504357f,0.18803589497837872f,0.9819880452850597f,1.585398287109375f,-0.034020074608343394f,0.9817056216181692f,-0.18734115139746157f,-3.6511126627485506f,0f,0f,0f,1f],start_interpolation:0}
execute if entity @s[tag=aj.chainsaw.bone.left_arm] run data modify entity @s {} merge value {transformation:[-0.9992500454874822f,-0.030389313499469255f,-0.02399658763856935f,-0.37499999999999956f,0.018492731461504357f,-0.9190174315582889f,0.3937829089423489f,1.3227362340886655f,-0.034020074608343394f,0.3930438272216429f,0.9188901917022545f,-3.476066513948831f,0f,0f,0f,1f],start_interpolation:0}
execute if entity @s[tag=aj.chainsaw.bone.head] run data modify entity @s {} merge value {transformation:[0.9085768635459774f,-0.1308854423858677f,-0.3966825985601209f,4.371503159461554e-16f,-0.23378457372206618f,0.6276509347051177f,-0.7425625073038524f,1.3881697875060508f,0.34616882603513865f,0.7674133860803106f,0.5396701203014727f,-3.290331380328131f,0f,0f,0f,1f],start_interpolation:0}
execute if entity @s[tag=aj.chainsaw.bone.body_top] run data modify entity @s {} merge value {transformation:[1f,0f,0f,4.371503159461554e-16f,0f,0.8707563129803106f,-0.4917147988467861f,1.0453094892700534f,0f,0.4917147988467861f,0.8707563129803106f,-3.483944082374053f,0f,0f,0f,1f],start_interpolation:0}
execute if entity @s[tag=aj.chainsaw.locator_origin.player_camera] at @s on origin run tp @s ^0 ^-0.08036 ^-3.43506 ~-180 ~-16.95335
execute if entity @s[tag=aj.chainsaw.bone.body] run data modify entity @s {} merge value {transformation:[1f,0f,0f,4.371503159461554e-16f,0f,0.9565424727672026f,-0.2915930345402742f,0.6268221574344024f,0f,0.2915930345402742f,0.9565424727672026f,-3.611516034985423f,0f,0f,0f,1f],start_interpolation:0}
execute if entity @s[tag=aj.chainsaw.bone.right_leg2] run data modify entity @s {} merge value {transformation:[0.9925528934474745f,-0.05620133776801847f,0.10807480438164768f,0.16658118906385116f,0.06165226514366168f,0.9969537552652579f,-0.04777246136798752f,0.43653923940778716f,-0.10506070584048992f,0.05407975125299036f,0.9929942741993595f,-3.3761894855235015f,0f,0f,0f,1f],start_interpolation:0}
execute if entity @s[tag=aj.chainsaw.bone.right_leg] run data modify entity @s {} merge value {transformation:[0.9925528934474745f,-0.11570417826462806f,0.03809589008217924f,0.12500000000000044f,0.06165226514366168f,0.7468742066827554f,0.6621011384937051f,0.7049471574344024f,-0.10506070584048992f,-0.6548217028505637f,0.7484455795608562f,-3.611516034985423f,0f,0f,0f,1f],start_interpolation:0}
execute if entity @s[tag=aj.chainsaw.bone.left_leg2] run data modify entity @s {} merge value {transformation:[0.9848077463102579f,0.16279485955295642f,-0.060427944780904005f,-0.18691556462420744f,-0.16043006010028868f,0.7198067416876981f,-0.6753817072124156f,0.39772298723772354f,-0.0664522281306545f,0.6748155957919709f,0.7349884441624908f,-3.787385767256862f,0f,0f,0f,1f],start_interpolation:0}
execute if entity @s[tag=aj.chainsaw.bone.left_leg] run data modify entity @s {} merge value {transformation:[0.9848077463102579f,0.17228678851953502f,-0.021701735159562863f,-0.12499999999999956f,-0.16043006010028868f,0.8548846475038021f,-0.4933907531343871f,0.7049471574344024f,-0.0664522281306545f,0.4893766463205258f,0.8695370029001334f,-3.611516034985423f,0f,0f,0f,1f],start_interpolation:0}