execute if entity @s[tag=aj.chainsaw.bone.right_arm2] run data modify entity @s {} merge value {transformation:[-0.10991645400229402f,0.9526836924526061f,-0.28339399301049023f,-0.03908541331073678f,0.9598147214544088f,0.17580770942327795f,0.21874037072917268f,1.1894094130851318f,0.2582132328502109f,-0.24796256056551852f,-0.9337239929116282f,-0.9534217970014953f,0f,0f,0f,1f],start_interpolation:0}
execute if entity @s[tag=aj.chainsaw.bone.right_arm] run data modify entity @s {} merge value {transformation:[-0.12622434339400845f,0.7789227883171714f,-0.6142855239829068f,0.12500000000000017f,0.9545051709312257f,0.2640087160948131f,0.13863360520277923f,1.2066741835651256f,0.2701616068213675f,-0.568839773280817f,-0.7768101560442716f,-1.0527405509062793f,0f,0f,0f,1f],start_interpolation:0}
execute if entity @s[tag=aj.chainsaw.bone.bone0] run data modify entity @s {} merge value {transformation:[0.000009603410977016205f,-0.0000027565439545392383f,-4.194794788994891e-7f,-0.11571366385354558f,0.0000018600835849762802f,0.000007454347020751232f,-0.00000640099988682385f,0.6749786015429173f,0.000002077158314483134f,0.000006069116568406836f,0.000007671456016667442f,-1.0245161454405018f,0f,0f,0f,1f],start_interpolation:0}
execute if entity @s[tag=aj.chainsaw.bone.bone1] run data modify entity @s {} merge value {transformation:[0.00000902363066425584f,-0.000004070380189206942f,0.0000014163667429071189f,-0.11571383719574861f,0.0000022546200014690746f,0.000001657601983466336f,-0.000009600471046432252f,0.6749788877969168f,0.0000036729794832094116f,0.000008982447371386043f,0.000002413474867530752f,-1.024516792298253f,0f,0f,0f,1f],start_interpolation:0}
execute if entity @s[tag=aj.chainsaw.bone.bone2] run data modify entity @s {} merge value {transformation:[0.000009703259461785361f,-0.0000020214041920029424f,0.0000013269065188722835f,-0.11571331653542949f,0.0000017521095464804062f,0.0000020959925873402966f,-0.000009619611593559622f,0.6749790062429354f,0.000001666393697301172f,0.000009566647279291079f,0.0000023879681487045526f,-1.024516626001864f,0f,0f,0f,1f],start_interpolation:0}
execute if entity @s[tag=aj.chainsaw.bone.bone3] run data modify entity @s {} merge value {transformation:[0.00000902363066425584f,-0.000004070380189206942f,0.0000014163667429071189f,-0.11571350373184003f,0.0000022546200014690746f,0.000001657601983466336f,-0.000009600471046432252f,0.6749791629750691f,0.0000036729794832094116f,0.000008982447371386043f,0.000002413474867530752f,-1.024516017177861f,0f,0f,0f,1f],start_interpolation:0}
execute if entity @s[tag=aj.chainsaw.bone.bone4] run data modify entity @s {} merge value {transformation:[0.000009603410977016205f,-0.0000027565439545392383f,-4.194794788994891e-7f,-0.11571372948784903f,0.0000018600835849762802f,0.000007454347020751232f,-0.00000640099988682385f,0.67497947733412f,0.000002077158314483134f,0.000006069116568406836f,0.000007671456016667442f,-1.0245166262568377f,0f,0f,0f,1f],start_interpolation:0}
execute if entity @s[tag=aj.chainsaw.locator_origin.flail0] at @s on origin run tp @s ^-0.11571 ^0.67498 ^-1.02452 ~156.17935 ~-72.15762
execute if entity @s[tag=aj.chainsaw.locator_origin.flail1] at @s on origin run tp @s ^-0.11572 ^0.67498 ^-1.02451 ~156.17935 ~-72.15762
execute if entity @s[tag=aj.chainsaw.locator_origin.flail2] at @s on origin run tp @s ^-0.11572 ^0.67498 ^-1.02451 ~156.17935 ~-72.15762
execute if entity @s[tag=aj.chainsaw.locator_origin.flail3] at @s on origin run tp @s ^-0.11572 ^0.67498 ^-1.02451 ~156.17935 ~-72.15762
execute if entity @s[tag=aj.chainsaw.locator_origin.flail4] at @s on origin run tp @s ^-0.11572 ^0.67499 ^-1.02451 ~156.17935 ~-72.15762
execute if entity @s[tag=aj.chainsaw.bone.flail_body] run data modify entity @s {} merge value {transformation:[0.00000502383728022755f,-0.000008557436768511423f,0.0000012374711854118382f,-0.11572053966583273f,0.0000030369277992847244f,4.063723662637023e-7f,-0.000009519029942271891f,0.6749795292298865f,0.000008095562273475973f,0.000005158016813937887f,0.0000028029866256203396f,-1.024512269557f,0f,0f,0f,1f],start_interpolation:0}
execute if entity @s[tag=aj.chainsaw.bone.flail] run data modify entity @s {} merge value {transformation:[-0.0000012237588636580728f,-0.000009924666084619942f,-5.8458125294018037e-8f,-0.11571800317288569f,0.0000026567404125883266f,-2.708261335986823e-7f,-0.000009636824351698018f,0.6749817949532316f,0.000009562643181868612f,-0.0000011948457281819196f,0.0000026698687349956135f,-1.0245125744290937f,0f,0f,0f,1f],start_interpolation:0}
execute if entity @s[tag=aj.chainsaw.locator_origin.shunter0] at @s on origin run tp @s ^-0.35574 ^0.92139 ^-1.32777 ~-0.79696 ~-15.92504
execute if entity @s[tag=aj.chainsaw.locator_origin.shunter1] at @s on origin run tp @s ^-0.35073 ^1.02428 ^-0.9672 ~-0.79696 ~-15.92504
execute if entity @s[tag=aj.chainsaw.locator_origin.shunter2] at @s on origin run tp @s ^-0.34237 ^1.19577 ^-0.36625 ~-0.79696 ~-15.92504
execute if entity @s[tag=aj.chainsaw.locator_origin.shunter3] at @s on origin run tp @s ^-0.33568 ^1.33296 ^0.11452 ~-0.79696 ~-15.92504
execute if entity @s[tag=aj.chainsaw.locator_origin.shunter4] at @s on origin run tp @s ^-0.32983 ^1.453 ^0.53519 ~-0.79696 ~-15.92504
execute if entity @s[tag=aj.chainsaw.locator_origin.shunter5] at @s on origin run tp @s ^-0.3223 ^1.60734 ^1.07605 ~-0.79696 ~-15.92504
execute if entity @s[tag=aj.chainsaw.locator_origin.shunter6] at @s on origin run tp @s ^-0.31478 ^1.76168 ^1.61691 ~-0.79696 ~-15.92504
execute if entity @s[tag=aj.chainsaw.locator_origin.shunter7] at @s on origin run tp @s ^-0.30642 ^1.93317 ^2.21786 ~-0.79696 ~-15.92504
execute if entity @s[tag=aj.chainsaw.locator_origin.shunter8] at @s on origin run tp @s ^-0.29806 ^2.10465 ^2.81882 ~-0.79696 ~-15.92504
execute if entity @s[tag=aj.chainsaw.locator_origin.shunter9] at @s on origin run tp @s ^-0.2897 ^2.27614 ^3.41977 ~-0.79696 ~-15.92504
execute if entity @s[tag=aj.chainsaw.locator_origin.shunter10] at @s on origin run tp @s ^-0.28134 ^2.44763 ^4.02073 ~-0.79696 ~-15.92504
execute if entity @s[tag=aj.chainsaw.locator_origin.shunter11] at @s on origin run tp @s ^-0.27298 ^2.61911 ^4.62168 ~-0.79696 ~-15.92504
execute if entity @s[tag=aj.chainsaw.locator_origin.shunter12] at @s on origin run tp @s ^-0.26462 ^2.7906 ^5.22264 ~-0.79696 ~-15.92504
execute if entity @s[tag=aj.chainsaw.locator_origin.shunter13] at @s on origin run tp @s ^-0.25626 ^2.96209 ^5.82359 ~-0.79696 ~-15.92504
execute if entity @s[tag=aj.chainsaw.locator_origin.shunter14] at @s on origin run tp @s ^-0.2479 ^3.13358 ^6.42455 ~-0.79696 ~-15.92504
execute if entity @s[tag=aj.chainsaw.locator_origin.shunter15] at @s on origin run tp @s ^-0.23955 ^3.30506 ^7.0255 ~-0.79696 ~-15.92504
execute if entity @s[tag=aj.chainsaw.locator_origin.shunter16] at @s on origin run tp @s ^-0.23119 ^3.47655 ^7.62646 ~-0.79696 ~-15.92504
execute if entity @s[tag=aj.chainsaw.locator_origin.shunter17] at @s on origin run tp @s ^-0.22283 ^3.64804 ^8.22741 ~-0.79696 ~-15.92504
execute if entity @s[tag=aj.chainsaw.locator_origin.shunter18] at @s on origin run tp @s ^-0.21447 ^3.81953 ^8.82837 ~-0.79696 ~-15.92504
execute if entity @s[tag=aj.chainsaw.locator_origin.shunter19] at @s on origin run tp @s ^-0.20611 ^3.99101 ^9.42933 ~-0.79696 ~-15.92504
execute if entity @s[tag=aj.chainsaw.locator_origin.shunter20] at @s on origin run tp @s ^-0.19775 ^4.1625 ^10.03028 ~-0.79696 ~-15.92504
execute if entity @s[tag=aj.chainsaw.locator_origin.shunter21] at @s on origin run tp @s ^-0.18939 ^4.33399 ^10.63124 ~-0.79696 ~-15.92504
execute if entity @s[tag=aj.chainsaw.locator_origin.shunter22] at @s on origin run tp @s ^-0.18103 ^4.50547 ^11.23219 ~-0.79696 ~-15.92504
execute if entity @s[tag=aj.chainsaw.locator_origin.shunter23] at @s on origin run tp @s ^-0.17267 ^4.67696 ^11.83315 ~-0.79696 ~-15.92504
execute if entity @s[tag=aj.chainsaw.locator_origin.shunter24] at @s on origin run tp @s ^-0.16431 ^4.84845 ^12.4341 ~-0.79696 ~-15.92504
execute if entity @s[tag=aj.chainsaw.locator_origin.shunter25] at @s on origin run tp @s ^-0.15595 ^5.01994 ^13.03506 ~-0.79696 ~-15.92504
execute if entity @s[tag=aj.chainsaw.locator_origin.shunter26] at @s on origin run tp @s ^-0.14759 ^5.19142 ^13.63601 ~-0.79696 ~-15.92504
execute if entity @s[tag=aj.chainsaw.locator_origin.shunter27] at @s on origin run tp @s ^-0.13923 ^5.36291 ^14.23697 ~-0.79696 ~-15.92504
execute if entity @s[tag=aj.chainsaw.locator_origin.shunter28] at @s on origin run tp @s ^-0.13087 ^5.5344 ^14.83792 ~-0.79696 ~-15.92504
execute if entity @s[tag=aj.chainsaw.locator_origin.shunter29] at @s on origin run tp @s ^-0.12251 ^5.70588 ^15.43888 ~-0.79696 ~-15.92504
execute if entity @s[tag=aj.chainsaw.locator_origin.shunter30] at @s on origin run tp @s ^-0.11415 ^5.87737 ^16.03983 ~-0.79696 ~-15.92504
execute if entity @s[tag=aj.chainsaw.locator_origin.shunter31] at @s on origin run tp @s ^-0.10579 ^6.04886 ^16.64079 ~-0.79696 ~-15.92504
execute if entity @s[tag=aj.chainsaw.locator_origin.shunter32] at @s on origin run tp @s ^-0.09743 ^6.22035 ^17.24174 ~-0.79696 ~-15.92504
execute if entity @s[tag=aj.chainsaw.bone.serpent_hunter] run data modify entity @s {} merge value {transformation:[-1.4982606309301243f,0.06937261379458462f,-0.02006295741334433f,-0.346938730772541f,0.07221514303119086f,1.4406233818394132f,-0.41156924668220163f,1.2303694896881772f,0.0002343541057998541f,-0.412057899029829f,-1.4422927001566892f,-0.24605397329920642f,0f,0f,0f,1f],start_interpolation:0}
execute if entity @s[tag=aj.chainsaw.bone.left_arm2] run data modify entity @s {} merge value {transformation:[-0.9988404206200829f,0.02683085657534271f,-0.03997398242516907f,-0.263154785726778f,0.04814342868746058f,0.5593532826600067f,-0.8275301296337729f,1.0247234080184031f,0.00015623607053323607f,-0.8284950273314294f,-0.5599963975575046f,-1.2874371890975196f,0f,0f,0f,1f],start_interpolation:0}
execute if entity @s[tag=aj.chainsaw.bone.left_arm] run data modify entity @s {} merge value {transformation:[-0.9988404206200829f,0.03612986992129909f,0.03181896659170982f,-0.37499999999999983f,0.04814342868746058f,0.7474402405660109f,0.662582294554298f,1.3004241835651256f,0.00015623607053323607f,0.6633458519370522f,-0.7483129400913734f,-1.2151203141158615f,0f,0f,0f,1f],start_interpolation:0}
execute if entity @s[tag=aj.chainsaw.bone.head] run data modify entity @s {} merge value {transformation:[1f,0f,0f,1.5959455978986625e-16f,0f,0.9659258262890682f,-0.2588190451025207f,1.3624153353591386f,0f,0.2588190451025207f,0.9659258262890682f,-1.0349921386428067f,0f,0f,0f,1f],start_interpolation:0}
execute if entity @s[tag=aj.chainsaw.bone.body_top] run data modify entity @s {} merge value {transformation:[1f,0f,0f,1.5959455978986625e-16f,0f,0.8660254037844386f,-0.4999999999999999f,1.021417832619016f,0f,0.4999999999999999f,0.8660254037844386f,-1.2318671386428066f,0f,0f,0f,1f],start_interpolation:0}
execute if entity @s[tag=aj.chainsaw.locator_origin.player_camera] at @s on origin run tp @s ^0 ^-0.10467 ^-1.19372 ~-180 ~-17.5
execute if entity @s[tag=aj.chainsaw.bone.body] run data modify entity @s {} merge value {transformation:[1f,0f,0f,1.5959455978986625e-16f,0f,0.9537169507482269f,-0.30070579950427306f,0.6041666666666667f,0f,0.30070579950427306f,0.9537169507482269f,-1.363425925925926f,0f,0f,0f,1f],start_interpolation:0}
execute if entity @s[tag=aj.chainsaw.bone.right_leg2] run data modify entity @s {} merge value {transformation:[0.991480294561584f,0.020560064608442237f,0.12862390617366254f,0.12795039289253396f,0.06979723188409924f,0.7498749324426487f,-0.6578874767887364f,0.3674346247118671f,-0.10997805198034623f,0.6612600618799155f,0.7420511833055577f,-1.536650430365261f,0f,0f,0f,1f],start_interpolation:0}
execute if entity @s[tag=aj.chainsaw.bone.right_leg] run data modify entity @s {} merge value {transformation:[0.991480294561584f,-0.008209788918354888f,0.12999778791191224f,0.12500000000000017f,0.06979723188409924f,0.8761239428307468f,-0.477006481318675f,0.6822916666666667f,-0.10997805198034623f,0.4820160123529324f,0.8692326454511392f,-1.363425925925926f,0f,0f,0f,1f],start_interpolation:0}
execute if entity @s[tag=aj.chainsaw.bone.left_leg2] run data modify entity @s {} merge value {transformation:[0.9808504416339401f,0.17509348188505533f,0.08529175662320762f,-0.1491685757362647f,-0.1579575936706775f,0.9713505793642789f,-0.17755970987374592f,0.38627025844838836f,-0.1139377450552442f,0.16068703920991106f,0.9804069898168202f,-1.1610955118791302f,0f,0f,0f,1f],start_interpolation:0}
execute if entity @s[tag=aj.chainsaw.bone.left_leg] run data modify entity @s {} merge value {transformation:[0.9808504416339401f,0.06725168900525882f,0.18278299010696983f,-0.12499999999999983f,-0.1579575936706775f,0.8237117446073833f,0.5445625403914872f,0.6822916666666667f,-0.1139377450552442f,-0.5630063695215187f,0.8185609434427745f,-1.363425925925926f,0f,0f,0f,1f],start_interpolation:0}