execute if entity @s[tag=aj.chainsaw.bone.right_arm2] run data modify entity @s {} merge value {transformation:[-0.11439634469602529f,0.9509945976362599f,-0.28726773502577063f,-0.03870236356128973f,0.957460460666527f,0.18265589766536577f,0.22339715599868565f,1.1461860692269807f,0.2649206344934833f,-0.24949167985066661f,-0.931434892574281f,-0.2555422431262106f,0f,0f,0f,1f],start_interpolation:0}
execute if entity @s[tag=aj.chainsaw.bone.right_arm] run data modify entity @s {} merge value {transformation:[-0.13064061853672326f,0.7758329796226209f,-0.6172651104008943f,0.12500000000000008f,0.951982507028117f,0.2720395049293128f,0.1404414969667984f,1.1650075168984588f,0.27687964009800925f,-0.5692782232684648f,-0.7741188341666262f,-0.3552096867087485f,0f,0f,0f,1f],start_interpolation:0}
execute if entity @s[tag=aj.chainsaw.bone.bone0] run data modify entity @s {} merge value {transformation:[0.000009601898845869912f,-0.000002760960314005893f,-4.2501376232613617e-7f,-0.11584979839952232f,0.0000018285986558024272f,0.0000073623653507878346f,-0.000006515504845943737f,0.6305174751859705f,0.0000021118156902721667f,0.00000617840388660398f,0.000007574137568351732f,-0.3362137285571204f,0f,0f,0f,1f],start_interpolation:0}
execute if entity @s[tag=aj.chainsaw.bone.bone1] run data modify entity @s {} merge value {transformation:[0.00000902096208658377f,-0.000004076887564528853f,0.0000014146486555354527f,-0.11584997127423668f,0.0000021991247830478494f,0.0000015225243498578938f,-0.000009635650979185298f,0.6305177711252588f,0.0000037129628628634345f,0.000009003383108047763f,0.0000022700218916823665f,-0.33621437116749436f,0f,0f,0f,1f],start_interpolation:0}
execute if entity @s[tag=aj.chainsaw.bone.bone2] run data modify entity @s {} merge value {transformation:[0.000009702045032925996f,-0.0000020283364209511817f,0.000001325206981010541f,-0.11584945073481896f,0.0000017268059783977879f,0.0000019520744696453175f,-0.000009654405542441682f,0.6305178870559779f,0.0000016995479669740999f,0.000009595585267632292f,0.000002244165787002449f,-0.33621420273383046f,0f,0f,0f,1f],start_interpolation:0}
execute if entity @s[tag=aj.chainsaw.bone.bone3] run data modify entity @s {} merge value {transformation:[0.00000902096208658377f,-0.000004076887564528853f,0.0000014146486555354527f,-0.11584963837245514f,0.0000021991247830478494f,0.0000015225243498578938f,-0.000009635650979185298f,0.6305180346269464f,0.0000037129628628634345f,0.000009003383108047763f,0.0000022700218916823665f,-0.33621359175997545f,0f,0f,0f,1f],start_interpolation:0}
execute if entity @s[tag=aj.chainsaw.bone.bone4] run data modify entity @s {} merge value {transformation:[0.000009601898845869912f,-0.000002760960314005893f,-4.2501376232613617e-7f,-0.11584986368840047f,0.0000018285986558024272f,0.0000073623653507878346f,-0.000006515504845943737f,0.6305183581010613f,0.0000021118156902721667f,0.00000617840388660398f,0.000007574137568351732f,-0.33621419621163634f,0f,0f,0f,1f],start_interpolation:0}
execute if entity @s[tag=aj.chainsaw.locator_origin.flail0] at @s on origin run tp @s ^-0.11585 ^0.63052 ^-0.33621 ~155.09169 ~-72.94171
execute if entity @s[tag=aj.chainsaw.locator_origin.flail1] at @s on origin run tp @s ^-0.11585 ^0.63052 ^-0.33621 ~155.09169 ~-72.94171
execute if entity @s[tag=aj.chainsaw.locator_origin.flail2] at @s on origin run tp @s ^-0.11586 ^0.63052 ^-0.33621 ~155.09169 ~-72.94171
execute if entity @s[tag=aj.chainsaw.locator_origin.flail3] at @s on origin run tp @s ^-0.11586 ^0.63052 ^-0.33621 ~155.09169 ~-72.94171
execute if entity @s[tag=aj.chainsaw.locator_origin.flail4] at @s on origin run tp @s ^-0.11586 ^0.63053 ^-0.33621 ~155.09169 ~-72.94171
execute if entity @s[tag=aj.chainsaw.bone.flail_body] run data modify entity @s {} merge value {transformation:[0.000005017965369634784f,-0.000008561170202729015f,0.0000012354708855537548f,-0.11585667701902538f,0.0000029149453398119726f,3.289163206389693e-7f,-0.00000956006839514895f,0.6305183446034799f,0.000008143900614266762f,0.0000051573422238515655f,0.000002660583389225611f,-0.3362098441552916f,0f,0f,0f,1f],start_interpolation:0}
execute if entity @s[tag=aj.chainsaw.bone.flail] run data modify entity @s {} merge value {transformation:[-0.0000012306901343794813f,-0.000009923797574583168f,-6.03613439076702e-8f,-0.11585414031301167f,0.0000025128129660451813f,-2.527709183827905e-7f,-0.000009675839904654023f,0.6305206146308431f,0.00000960058189855262f,-0.0000012059637480112115f,0.0000025247729893332055f,-0.33621011312389726f,0f,0f,0f,1f],start_interpolation:0}
execute if entity @s[tag=aj.chainsaw.locator_origin.shunter0] at @s on origin run tp @s ^-0.35831 ^0.82641 ^-0.63095 ~-1.08609 ~-21.30642
execute if entity @s[tag=aj.chainsaw.locator_origin.shunter1] at @s on origin run tp @s ^-0.35169 ^0.96266 ^-0.28164 ~-1.08609 ~-21.30642
execute if entity @s[tag=aj.chainsaw.locator_origin.shunter2] at @s on origin run tp @s ^-0.34065 ^1.18976 ^0.30054 ~-1.08609 ~-21.30642
execute if entity @s[tag=aj.chainsaw.locator_origin.shunter3] at @s on origin run tp @s ^-0.33182 ^1.37144 ^0.76628 ~-1.08609 ~-21.30642
execute if entity @s[tag=aj.chainsaw.locator_origin.shunter4] at @s on origin run tp @s ^-0.3241 ^1.53041 ^1.1738 ~-1.08609 ~-21.30642
execute if entity @s[tag=aj.chainsaw.locator_origin.shunter5] at @s on origin run tp @s ^-0.31417 ^1.7348 ^1.69776 ~-1.08609 ~-21.30642
execute if entity @s[tag=aj.chainsaw.locator_origin.shunter6] at @s on origin run tp @s ^-0.30423 ^1.93918 ^2.22172 ~-1.08609 ~-21.30642
execute if entity @s[tag=aj.chainsaw.locator_origin.shunter7] at @s on origin run tp @s ^-0.29319 ^2.16628 ^2.8039 ~-1.08609 ~-21.30642
execute if entity @s[tag=aj.chainsaw.locator_origin.shunter8] at @s on origin run tp @s ^-0.28216 ^2.39338 ^3.38608 ~-1.08609 ~-21.30642
execute if entity @s[tag=aj.chainsaw.locator_origin.shunter9] at @s on origin run tp @s ^-0.27112 ^2.62048 ^3.96825 ~-1.08609 ~-21.30642
execute if entity @s[tag=aj.chainsaw.locator_origin.shunter10] at @s on origin run tp @s ^-0.26008 ^2.84757 ^4.55043 ~-1.08609 ~-21.30642
execute if entity @s[tag=aj.chainsaw.locator_origin.shunter11] at @s on origin run tp @s ^-0.24905 ^3.07467 ^5.13261 ~-1.08609 ~-21.30642
execute if entity @s[tag=aj.chainsaw.locator_origin.shunter12] at @s on origin run tp @s ^-0.23801 ^3.30177 ^5.71478 ~-1.08609 ~-21.30642
execute if entity @s[tag=aj.chainsaw.locator_origin.shunter13] at @s on origin run tp @s ^-0.22697 ^3.52886 ^6.29696 ~-1.08609 ~-21.30642
execute if entity @s[tag=aj.chainsaw.locator_origin.shunter14] at @s on origin run tp @s ^-0.21594 ^3.75596 ^6.87914 ~-1.08609 ~-21.30642
execute if entity @s[tag=aj.chainsaw.locator_origin.shunter15] at @s on origin run tp @s ^-0.2049 ^3.98306 ^7.46131 ~-1.08609 ~-21.30642
execute if entity @s[tag=aj.chainsaw.locator_origin.shunter16] at @s on origin run tp @s ^-0.19386 ^4.21016 ^8.04349 ~-1.08609 ~-21.30642
execute if entity @s[tag=aj.chainsaw.locator_origin.shunter17] at @s on origin run tp @s ^-0.18282 ^4.43725 ^8.62567 ~-1.08609 ~-21.30642
execute if entity @s[tag=aj.chainsaw.locator_origin.shunter18] at @s on origin run tp @s ^-0.17179 ^4.66435 ^9.20784 ~-1.08609 ~-21.30642
execute if entity @s[tag=aj.chainsaw.locator_origin.shunter19] at @s on origin run tp @s ^-0.16075 ^4.89145 ^9.79002 ~-1.08609 ~-21.30642
execute if entity @s[tag=aj.chainsaw.locator_origin.shunter20] at @s on origin run tp @s ^-0.14971 ^5.11855 ^10.3722 ~-1.08609 ~-21.30642
execute if entity @s[tag=aj.chainsaw.locator_origin.shunter21] at @s on origin run tp @s ^-0.13868 ^5.34564 ^10.95438 ~-1.08609 ~-21.30642
execute if entity @s[tag=aj.chainsaw.locator_origin.shunter22] at @s on origin run tp @s ^-0.12764 ^5.57274 ^11.53655 ~-1.08609 ~-21.30642
execute if entity @s[tag=aj.chainsaw.locator_origin.shunter23] at @s on origin run tp @s ^-0.1166 ^5.79984 ^12.11873 ~-1.08609 ~-21.30642
execute if entity @s[tag=aj.chainsaw.locator_origin.shunter24] at @s on origin run tp @s ^-0.10557 ^6.02693 ^12.70091 ~-1.08609 ~-21.30642
execute if entity @s[tag=aj.chainsaw.locator_origin.shunter25] at @s on origin run tp @s ^-0.09453 ^6.25403 ^13.28308 ~-1.08609 ~-21.30642
execute if entity @s[tag=aj.chainsaw.locator_origin.shunter26] at @s on origin run tp @s ^-0.08349 ^6.48113 ^13.86526 ~-1.08609 ~-21.30642
execute if entity @s[tag=aj.chainsaw.locator_origin.shunter27] at @s on origin run tp @s ^-0.07245 ^6.70823 ^14.44744 ~-1.08609 ~-21.30642
execute if entity @s[tag=aj.chainsaw.locator_origin.shunter28] at @s on origin run tp @s ^-0.06142 ^6.93532 ^15.02961 ~-1.08609 ~-21.30642
execute if entity @s[tag=aj.chainsaw.locator_origin.shunter29] at @s on origin run tp @s ^-0.05038 ^7.16242 ^15.61179 ~-1.08609 ~-21.30642
execute if entity @s[tag=aj.chainsaw.locator_origin.shunter30] at @s on origin run tp @s ^-0.03934 ^7.38952 ^16.19397 ~-1.08609 ~-21.30642
execute if entity @s[tag=aj.chainsaw.locator_origin.shunter31] at @s on origin run tp @s ^-0.02831 ^7.61662 ^16.77615 ~-1.08609 ~-21.30642
execute if entity @s[tag=aj.chainsaw.locator_origin.shunter32] at @s on origin run tp @s ^-0.01727 ^7.84371 ^17.35832 ~-1.08609 ~-21.30642
execute if entity @s[tag=aj.chainsaw.bone.serpent_hunter] run data modify entity @s {} merge value {transformation:[-1.4982606309301254f,0.06718203304146814f,-0.026488794636172982f,-0.34468938269176896f,0.07221514303119089f,1.3956086295878392f,-0.5450335091872223f,1.2354824243736628f,0.0002343541057998593f,-0.5456767609641887f,-1.3972246840153462f,0.4169738559241436f,0f,0f,0f,1f],start_interpolation:0}
execute if entity @s[tag=aj.chainsaw.bone.left_arm2] run data modify entity @s {} merge value {transformation:[-0.9988404206200836f,0.027428955438839504f,-0.03956597703871972f,-0.26310160595593374f,0.0481434286874606f,0.5717345149779f,-0.8190249414133863f,0.9841732215023117f,0.00015623607053323954f,-0.8199800587736994f,-0.5723920673836863f,-0.5939583842578924f,0f,0f,0f,1f],start_interpolation:0}
execute if entity @s[tag=aj.chainsaw.bone.left_arm] run data modify entity @s {} merge value {transformation:[-0.9988404206200836f,0.03564728751026766f,0.03235869324701872f,-0.37499999999999994f,0.0481434286874606f,0.737391740300445f,0.6737474538808266f,1.2587575168984588f,0.00015623607053323954f,0.6745240486667924f,-0.7382528586876239f,-0.5175894499183307f,0f,0f,0f,1f],start_interpolation:0}
execute if entity @s[tag=aj.chainsaw.bone.head] run data modify entity @s {} merge value {transformation:[1f,0f,0f,7.632783294297951e-17f,0f,0.9659258262890682f,-0.2588190451025207f,1.320748668692472f,0f,0.2588190451025207f,0.9659258262890682f,-0.3374612744452759f,0f,0f,0f,1f],start_interpolation:0}
execute if entity @s[tag=aj.chainsaw.bone.body_top] run data modify entity @s {} merge value {transformation:[1f,0f,0f,7.632783294297951e-17f,0f,0.8660254037844386f,-0.4999999999999999f,0.9797511659523492f,0f,0.4999999999999999f,0.8660254037844386f,-0.5343362744452759f,0f,0f,0f,1f],start_interpolation:0}
execute if entity @s[tag=aj.chainsaw.locator_origin.player_camera] at @s on origin run tp @s ^0 ^-0.14634 ^-0.49619 ~-180 ~-17.5
execute if entity @s[tag=aj.chainsaw.bone.body] run data modify entity @s {} merge value {transformation:[1f,0f,0f,7.632783294297951e-17f,0f,0.9537169507482269f,-0.30070579950427306f,0.5625f,0f,0.30070579950427306f,0.9537169507482269f,-0.6658950617283953f,0f,0f,0f,1f],start_interpolation:0}
execute if entity @s[tag=aj.chainsaw.bone.right_leg2] run data modify entity @s {} merge value {transformation:[0.991480294561584f,-0.051952431923216746f,0.11944777232471934f,0.17129226988531962f,0.06979723188409925f,0.986152397533228f,-0.1504386760802668f,0.4067653724083472f,-0.10997805198034624f,0.1574941067365051f,0.9813768055267451f,-0.3969766894356897f,0f,0f,0f,1f],start_interpolation:0}
execute if entity @s[tag=aj.chainsaw.bone.right_leg] run data modify entity @s {} merge value {transformation:[0.991480294561584f,-0.1288132727243674f,0.01933820741724021f,0.12500000000000008f,0.06979723188409925f,0.6507398332985121f,0.7560859843826904f,0.640625f,-0.10997805198034624f,-0.7482946011623113f,0.6541865314678573f,-0.6658950617283953f,0f,0f,0f,1f],start_interpolation:0}
execute if entity @s[tag=aj.chainsaw.bone.left_leg2] run data modify entity @s {} merge value {transformation:[0.9845312321065278f,0.16444762000822752f,-0.060458525291573945f,-0.18546960117671246f,-0.16021251228402916f,0.7052864269428336f,-0.6905816438900261f,0.37047360912256416f,-0.07092393047795698f,0.6895854089551495f,0.7207230812466862f,-0.8950501270564744f,0f,0f,0f,1f],start_interpolation:0}
execute if entity @s[tag=aj.chainsaw.bone.left_leg] run data modify entity @s {} merge value {transformation:[0.9845312321065278f,0.1682632380569392f,-0.04884399374944762f,-0.12499999999999992f,-0.16021251228402916f,0.7517256093980823f,-0.6397191251500314f,0.640625f,-0.07092393047795698f,0.6376488774346549f,0.7670552165208724f,-0.6658950617283953f,0f,0f,0f,1f],start_interpolation:0}