execute if entity @s[tag=aj.chainsaw.bone.right_arm2] run data modify entity @s {} merge value {transformation:[-0.1858555745778397f,0.94348414791847f,-0.2744000146226306f,-0.03990136887176576f,0.9287413216468146f,0.25985332994227456f,0.26441596847323656f,1.1207006652458928f,0.3207760322469081f,-0.20570345049237798f,-0.9245479044330047f,-0.7734683406818847f,0f,0f,0f,1f],start_interpolation:0}
execute if entity @s[tag=aj.chainsaw.bone.right_arm] run data modify entity @s {} merge value {transformation:[-0.2020373258178505f,0.7720954049036385f,-0.602535977932487f,0.12500000000000014f,0.9214538103099811f,0.35829772680687844f,0.15015197111673545f,1.156555225388316f,0.33181891814902487f,-0.5248727700040365f,-0.7838397673419616f,-0.8662492605926748f,0f,0f,0f,1f],start_interpolation:0}
execute if entity @s[tag=aj.chainsaw.bone.bone0] run data modify entity @s {} merge value {transformation:[0.000009585088567165018f,-0.000002810390380205605f,-4.772662469212748e-7f,-0.11685243291529353f,0.000001478777251718655f,0.0000063334820338335126f,-0.0000075960662955840184f,0.601575604115919f,0.000002437066884474441f,0.0000072103197736269525f,0.0000064862927595539635f,-0.9434748025810165f,0f,0f,0f,1f],start_interpolation:0}
execute if entity @s[tag=aj.chainsaw.bone.bone1] run data modify entity @s {} merge value {transformation:[0.000008992171676865501f,-0.000004143926623725798f,0.0000014031110686451124f,-0.11685260121182457f,0.0000016006407425495052f,1.313392121029909e-7f,-0.00000987019246137859f,0.6015759948724422f,0.000004071706981975557f,0.000009100034183921545f,7.813962531205498e-7f,-0.9434753936812103f,0f,0f,0f,1f],start_interpolation:0}
execute if entity @s[tag=aj.chainsaw.bone.bone2] run data modify entity @s {} merge value {transformation:[0.00000968832424281358f,-0.0000021000267824988712f,0.0000013138724743665869f,-0.1168520819902486f,0.0000014411150882355943f,4.6414859180705734e-7f,-0.000009884723232705265f,0.6015760833981696f,0.0000020148351467478593f,0.00000976598451757481f,7.523202336230101e-7f,-0.9434752056831602f,0f,0f,0f,1f],start_interpolation:0}
execute if entity @s[tag=aj.chainsaw.bone.bone3] run data modify entity @s {} merge value {transformation:[0.000008992171676865501f,-0.000004143926623725798f,0.0000014031110686451124f,-0.11685227420360475f,0.0000016006407425495052f,1.313392121029909e-7f,-0.00000987019246137859f,0.6015761359904939f,0.000004071706981975557f,0.000009100034183921545f,7.813962531205498e-7f,-0.943474580733404f,0f,0f,0f,1f],start_interpolation:0}
execute if entity @s[tag=aj.chainsaw.bone.bone4] run data modify entity @s {} merge value {transformation:[0.000009585088567165018f,-0.000002810390380205605f,-4.772662469212748e-7f,-0.11685249523596529f,0.000001478777251718655f,0.0000063334820338335126f,-0.0000075960662955840184f,0.6015765481588119f,0.000002437066884474441f,0.0000072103197736269525f,0.0000064862927595539635f,-0.943475130302837f,0f,0f,0f,1f],start_interpolation:0}
execute if entity @s[tag=aj.chainsaw.locator_origin.flail0] at @s on origin run tp @s ^-0.11685 ^0.60158 ^-0.94347 ~133.96271 ~-80.23339
execute if entity @s[tag=aj.chainsaw.locator_origin.flail1] at @s on origin run tp @s ^-0.11686 ^0.60158 ^-0.94347 ~133.96271 ~-80.23339
execute if entity @s[tag=aj.chainsaw.locator_origin.flail2] at @s on origin run tp @s ^-0.11686 ^0.60158 ^-0.94347 ~133.96271 ~-80.23339
execute if entity @s[tag=aj.chainsaw.locator_origin.flail3] at @s on origin run tp @s ^-0.11686 ^0.60158 ^-0.94347 ~133.96271 ~-80.23339
execute if entity @s[tag=aj.chainsaw.locator_origin.flail4] at @s on origin run tp @s ^-0.11686 ^0.60159 ^-0.94347 ~133.96271 ~-80.23339
execute if entity @s[tag=aj.chainsaw.bone.flail_body] run data modify entity @s {} merge value {transformation:[0.000004956254879289994f,-0.000008599107368942071f,0.000001221020077197895f,-0.11685934043354415f,0.0000016333723792165145f,-4.579344658928193e-7f,-0.00000985506928924196f,0.6015758738475043f,0.000008530394612345124f,0.0000050838615719110265f,0.0000011775904531370857f,-0.9434708817001038f,0f,0f,0f,1f],start_interpolation:0}
execute if entity @s[tag=aj.chainsaw.bone.flail] run data modify entity @s {} merge value {transformation:[-0.0000013027430423253842f,-0.000009914505881544483f,-7.371357061423107e-8f,-0.11685680304591792f,0.0000010170683515545296f,-5.967808124359899e-8f,-0.000009947965143429344f,0.6015781568198837f,0.000009862475983947386f,-0.0000013034614115649847f,0.0000010161475358539588f,-0.9434707819660084f,0f,0f,0f,1f],start_interpolation:0}
execute if entity @s[tag=aj.chainsaw.locator_origin.shunter0] at @s on origin run tp @s ^-0.35724 ^0.84034 ^-1.20659 ~-0.62213 ~-12.51812
execute if entity @s[tag=aj.chainsaw.locator_origin.shunter1] at @s on origin run tp @s ^-0.35327 ^0.92162 ^-0.84053 ~-0.62213 ~-12.51812
execute if entity @s[tag=aj.chainsaw.locator_origin.shunter2] at @s on origin run tp @s ^-0.34664 ^1.05709 ^-0.23042 ~-0.62213 ~-12.51812
execute if entity @s[tag=aj.chainsaw.locator_origin.shunter3] at @s on origin run tp @s ^-0.34134 ^1.16546 ^0.25766 ~-0.62213 ~-12.51812
execute if entity @s[tag=aj.chainsaw.locator_origin.shunter4] at @s on origin run tp @s ^-0.33671 ^1.26029 ^0.68474 ~-0.62213 ~-12.51812
execute if entity @s[tag=aj.chainsaw.locator_origin.shunter5] at @s on origin run tp @s ^-0.33074 ^1.38221 ^1.23383 ~-0.62213 ~-12.51812
execute if entity @s[tag=aj.chainsaw.locator_origin.shunter6] at @s on origin run tp @s ^-0.32478 ^1.50413 ^1.78293 ~-0.62213 ~-12.51812
execute if entity @s[tag=aj.chainsaw.locator_origin.shunter7] at @s on origin run tp @s ^-0.31816 ^1.6396 ^2.39304 ~-0.62213 ~-12.51812
execute if entity @s[tag=aj.chainsaw.locator_origin.shunter8] at @s on origin run tp @s ^-0.31153 ^1.77507 ^3.00314 ~-0.62213 ~-12.51812
execute if entity @s[tag=aj.chainsaw.locator_origin.shunter9] at @s on origin run tp @s ^-0.30491 ^1.91054 ^3.61325 ~-0.62213 ~-12.51812
execute if entity @s[tag=aj.chainsaw.locator_origin.shunter10] at @s on origin run tp @s ^-0.29828 ^2.046 ^4.22335 ~-0.62213 ~-12.51812
execute if entity @s[tag=aj.chainsaw.locator_origin.shunter11] at @s on origin run tp @s ^-0.29166 ^2.18147 ^4.83346 ~-0.62213 ~-12.51812
execute if entity @s[tag=aj.chainsaw.locator_origin.shunter12] at @s on origin run tp @s ^-0.28503 ^2.31694 ^5.44357 ~-0.62213 ~-12.51812
execute if entity @s[tag=aj.chainsaw.locator_origin.shunter13] at @s on origin run tp @s ^-0.27841 ^2.45241 ^6.05367 ~-0.62213 ~-12.51812
execute if entity @s[tag=aj.chainsaw.locator_origin.shunter14] at @s on origin run tp @s ^-0.27178 ^2.58788 ^6.66378 ~-0.62213 ~-12.51812
execute if entity @s[tag=aj.chainsaw.locator_origin.shunter15] at @s on origin run tp @s ^-0.26516 ^2.72334 ^7.27389 ~-0.62213 ~-12.51812
execute if entity @s[tag=aj.chainsaw.locator_origin.shunter16] at @s on origin run tp @s ^-0.25853 ^2.85881 ^7.88399 ~-0.62213 ~-12.51812
execute if entity @s[tag=aj.chainsaw.locator_origin.shunter17] at @s on origin run tp @s ^-0.25191 ^2.99428 ^8.4941 ~-0.62213 ~-12.51812
execute if entity @s[tag=aj.chainsaw.locator_origin.shunter18] at @s on origin run tp @s ^-0.24528 ^3.12975 ^9.1042 ~-0.62213 ~-12.51812
execute if entity @s[tag=aj.chainsaw.locator_origin.shunter19] at @s on origin run tp @s ^-0.23866 ^3.26521 ^9.71431 ~-0.62213 ~-12.51812
execute if entity @s[tag=aj.chainsaw.locator_origin.shunter20] at @s on origin run tp @s ^-0.23203 ^3.40068 ^10.32442 ~-0.62213 ~-12.51812
execute if entity @s[tag=aj.chainsaw.locator_origin.shunter21] at @s on origin run tp @s ^-0.22541 ^3.53615 ^10.93452 ~-0.62213 ~-12.51812
execute if entity @s[tag=aj.chainsaw.locator_origin.shunter22] at @s on origin run tp @s ^-0.21878 ^3.67162 ^11.54463 ~-0.62213 ~-12.51812
execute if entity @s[tag=aj.chainsaw.locator_origin.shunter23] at @s on origin run tp @s ^-0.21216 ^3.80709 ^12.15474 ~-0.62213 ~-12.51812
execute if entity @s[tag=aj.chainsaw.locator_origin.shunter24] at @s on origin run tp @s ^-0.20553 ^3.94255 ^12.76484 ~-0.62213 ~-12.51812
execute if entity @s[tag=aj.chainsaw.locator_origin.shunter25] at @s on origin run tp @s ^-0.19891 ^4.07802 ^13.37495 ~-0.62213 ~-12.51812
execute if entity @s[tag=aj.chainsaw.locator_origin.shunter26] at @s on origin run tp @s ^-0.19228 ^4.21349 ^13.98505 ~-0.62213 ~-12.51812
execute if entity @s[tag=aj.chainsaw.locator_origin.shunter27] at @s on origin run tp @s ^-0.18566 ^4.34896 ^14.59516 ~-0.62213 ~-12.51812
execute if entity @s[tag=aj.chainsaw.locator_origin.shunter28] at @s on origin run tp @s ^-0.17903 ^4.48442 ^15.20527 ~-0.62213 ~-12.51812
execute if entity @s[tag=aj.chainsaw.locator_origin.shunter29] at @s on origin run tp @s ^-0.17241 ^4.61989 ^15.81537 ~-0.62213 ~-12.51812
execute if entity @s[tag=aj.chainsaw.locator_origin.shunter30] at @s on origin run tp @s ^-0.16579 ^4.75536 ^16.42548 ~-0.62213 ~-12.51812
execute if entity @s[tag=aj.chainsaw.locator_origin.shunter31] at @s on origin run tp @s ^-0.15916 ^4.89083 ^17.03558 ~-0.62213 ~-12.51812
execute if entity @s[tag=aj.chainsaw.locator_origin.shunter32] at @s on origin run tp @s ^-0.15254 ^5.02629 ^17.64569 ~-0.62213 ~-12.51812
execute if entity @s[tag=aj.chainsaw.bone.serpent_hunter] run data modify entity @s {} merge value {transformation:[-1.4982606309301254f,0.07044345740573613f,-0.01589972055064181f,-0.35156220815161454f,0.07221514303119086f,1.4625595040808514f,-0.32512254634177123f,1.0844848948755224f,0.0002343541057998541f,-0.3255110080035678f,-1.46425493980613f,-0.10839898517998026f,0f,0f,0f,1f],start_interpolation:0}
execute if entity @s[tag=aj.chainsaw.bone.left_arm2] run data modify entity @s {} merge value {transformation:[-0.9988404206200836f,0.03315878851142108f,-0.03490428168504815f,-0.2623932216833236f,0.04814342868746058f,0.6902969166643225f,-0.7219226946965613f,0.9905484734111063f,0.00015623607053323607f,-0.7227659798220887f,-0.6910928403638008f,-1.1452315249734981f,0f,0f,0f,1f],start_interpolation:0}
execute if entity @s[tag=aj.chainsaw.bone.left_arm] run data modify entity @s {} merge value {transformation:[-0.9988404206200836f,0.03027758031355923f,0.03743103345955478f,-0.3749999999999999f,0.04814342868746058f,0.625644717932604f,0.7786211512650086f,1.250305225388316f,0.00015623607053323607f,0.779520336523293f,-0.6263768997471905f,-1.028629023802257f,0f,0f,0f,1f],start_interpolation:0}
execute if entity @s[tag=aj.chainsaw.bone.head] run data modify entity @s {} merge value {transformation:[1f,0f,0f,1.3877787807814457e-16f,0f,0.9659258262890682f,-0.2588190451025207f,1.3122963771823293f,0f,0.2588190451025207f,0.9659258262890682f,-0.8485008483292023f,0f,0f,0f,1f],start_interpolation:0}
execute if entity @s[tag=aj.chainsaw.bone.body_top] run data modify entity @s {} merge value {transformation:[1f,0f,0f,1.3877787807814457e-16f,0f,0.8660254037844386f,-0.4999999999999999f,0.9712988744422064f,0f,0.4999999999999999f,0.8660254037844386f,-1.0453758483292022f,0f,0f,0f,1f],start_interpolation:0}
execute if entity @s[tag=aj.chainsaw.locator_origin.player_camera] at @s on origin run tp @s ^0 ^-0.15479 ^-1.00723 ~-180 ~-17.5
execute if entity @s[tag=aj.chainsaw.bone.body] run data modify entity @s {} merge value {transformation:[1f,0f,0f,1.3877787807814457e-16f,0f,0.9537169507482269f,-0.30070579950427306f,0.5540477084898572f,0f,0.30070579950427306f,0.9537169507482269f,-1.1769346356123216f,0f,0f,0f,1f],start_interpolation:0}
execute if entity @s[tag=aj.chainsaw.bone.right_leg2] run data modify entity @s {} merge value {transformation:[0.991480294561584f,0.05256623549979168f,0.11917892591165141f,0.1005073444494999f,0.06979723188409924f,0.5581095292173371f,-0.8268265234123295f,0.4734922474242158f,-0.10997805198034623f,0.8281005641117404f,0.5496856226975794f,-1.4984482616456205f,0f,0f,0f,1f],start_interpolation:0}
execute if entity @s[tag=aj.chainsaw.bone.right_leg] run data modify entity @s {} merge value {transformation:[0.991480294561584f,0.06815347631443545f,0.11100418533700494f,0.12500000000000014f,0.06979723188409924f,0.4415456307913499f,-0.8945198725296081f,0.6321727084898572f,-0.10997805198034623f,0.894646611570919f,0.43302686808936197f,-1.1769346356123216f,0f,0f,0f,1f],start_interpolation:0}
execute if entity @s[tag=aj.chainsaw.bone.left_leg2] run data modify entity @s {} merge value {transformation:[0.9783199055742544f,0.14270450502440635f,0.1500852644429864f,-0.10167729879310251f,-0.15672418368784408f,0.9838825143282256f,0.08609720231545176f,0.4924589986409267f,-0.13537980870336938f,-0.10775259739286147f,0.9849170955722776f,-0.8466521481661013f,0f,0f,0f,1f],start_interpolation:0}
execute if entity @s[tag=aj.chainsaw.bone.left_leg] run data modify entity @s {} merge value {transformation:[0.9783199055742544f,-0.06489795118441002f,0.19666829507891684f,-0.12499999999999986f,-0.15672418368784408f,0.3887685839274587f,0.9079077697643178f,0.6321727084898572f,-0.13537980870336938f,-0.9190469215894824f,0.37016896589575776f,-1.1769346356123216f,0f,0f,0f,1f],start_interpolation:0}