execute if entity @s[tag=aj.chainsaw.bone.right_arm2] run data modify entity @s {} merge value {transformation:[-0.13435345588789505f,0.9498082364376599f,-0.28251276588176033f,-0.039262937127285624f,0.9503464512945171f,0.20426128731773746f,0.23477425117593026f,1.1624491680650109f,0.28069693871308543f,-0.23694227250215077f,-0.9300900967640817f,-0.14691063130542728f,0f,0f,0f,1f],start_interpolation:0}
execute if entity @s[tag=aj.chainsaw.bone.right_arm] run data modify entity @s {} merge value {transformation:[-0.15060691200015075f,0.7760636191921966f,-0.6124073946517046f,0.12500000000000006f,0.9443626436648184f,0.2961621720035669f,0.14306350032249632f,1.1860075168984587f,0.29239828198567486f,-0.5567883142096638f,-0.7774895612491441f,-0.2446296249803535f,0f,0f,0f,1f],start_interpolation:0}
execute if entity @s[tag=aj.chainsaw.bone.bone0] run data modify entity @s {} merge value {transformation:[0.000009597484003821108f,-0.0000027738860458981043f,-4.402919494719483e-7f,-0.11619879299085722f,0.0000017366932440927216f,0.000007093213738468626f,-0.000006831560249044332f,0.6443622972289437f,0.0000022073054551467815f,0.000006480113815726672f,0.000007289439454643104f,-0.25197268488547225f,0f,0f,0f,1f],start_interpolation:0}
execute if entity @s[tag=aj.chainsaw.bone.bone1] run data modify entity @s {} merge value {transformation:[0.000009013253989617893f,-0.000004095383397883366f,0.0000014103500781644595f,-0.11619896455940738f,0.0000020388510721037756f,0.0000011386314958417532f,-0.00000972350783526493f,0.644362620225892f,0.000003821562353857188f,0.000009051593955818968f,0.0000018612651704050782f,-0.25197331468784284f,0f,0f,0f,1f],start_interpolation:0}
execute if entity @s[tag=aj.chainsaw.bone.bone2] run data modify entity @s {} merge value {transformation:[0.000009698478486766066f,-0.000002048065853316866f,0.0000013209622637355464f,-0.11619844437048805f,0.0000016525124792061832f,0.0000015425167785919394f,-0.000009741141847536674f,0.6443627288657993f,0.0000017912893534556977f,0.000009665716127025447f,0.0000018344520173491807f,-0.25197314041227103f,0f,0f,0f,1f],start_interpolation:0}
execute if entity @s[tag=aj.chainsaw.bone.bone3] run data modify entity @s {} merge value {transformation:[0.000009013253989617893f,-0.000004095383397883366f,0.0000014103500781644595f,-0.11619863326508093f,0.0000020388510721037756f,0.0000011386314958417532f,-0.00000972350783526493f,0.6443628503411469f,0.000003821562353857188f,0.000009051593955818968f,0.0000018612651704050782f,-0.2519725241033408f,0f,0f,0f,1f],start_interpolation:0}
execute if entity @s[tag=aj.chainsaw.bone.bone4] run data modify entity @s {} merge value {transformation:[0.000009597484003821108f,-0.0000027738860458981043f,-4.402919494719483e-7f,-0.11619885735395674f,0.0000017366932440927216f,0.000007093213738468626f,-0.000006831560249044332f,0.6443631992285921f,0.0000022073054551467815f,0.000006480113815726672f,0.000007289439454643104f,-0.25197311471854106f,0f,0f,0f,1f],start_interpolation:0}
execute if entity @s[tag=aj.chainsaw.locator_origin.flail0] at @s on origin run tp @s ^-0.1162 ^0.64436 ^-0.25197 ~151.37502 ~-75.11842
execute if entity @s[tag=aj.chainsaw.locator_origin.flail1] at @s on origin run tp @s ^-0.1162 ^0.64436 ^-0.25197 ~151.37502 ~-75.11842
execute if entity @s[tag=aj.chainsaw.locator_origin.flail2] at @s on origin run tp @s ^-0.11621 ^0.64436 ^-0.25197 ~151.37502 ~-75.11842
execute if entity @s[tag=aj.chainsaw.locator_origin.flail3] at @s on origin run tp @s ^-0.11621 ^0.64437 ^-0.25197 ~151.37502 ~-75.11842
execute if entity @s[tag=aj.chainsaw.locator_origin.flail4] at @s on origin run tp @s ^-0.11621 ^0.64437 ^-0.25197 ~151.37502 ~-75.11842
execute if entity @s[tag=aj.chainsaw.bone.flail_body] run data modify entity @s {} merge value {transformation:[0.0000050011601356011355f,-0.000008571731907261509f,0.0000012303696225561968f,-0.11620567958726176f,0.000002565872575910449f,1.098174364327948e-7f,-0.000009664586802075194f,0.644363001085454f,0.000008270713102403247f,0.000005149111791434552f,0.0000022543186414180484f,-0.25196878113770693f,0f,0f,0f,1f],start_interpolation:0}
execute if entity @s[tag=aj.chainsaw.bone.flail] run data modify entity @s {} merge value {transformation:[-0.0000012504521815193455f,-0.000009921296349625219f,-6.517733230872854e-8f,-0.11620314241925633f,0.000002102495967985356f,-2.0078024823289348e-7f,-0.000009774415481067135f,0.6443652803670361f,0.000009696178631107146f,-0.0000012359474239760012f,0.000002111055167168368f,-0.2519689481698059f,0f,0f,0f,1f],start_interpolation:0}
execute if entity @s[tag=aj.chainsaw.locator_origin.shunter0] at @s on origin run tp @s ^-0.3554 ^0.90783 ^-0.54122 ~-0.6277 ~-12.62834
execute if entity @s[tag=aj.chainsaw.locator_origin.shunter1] at @s on origin run tp @s ^-0.3514 ^0.98981 ^-0.17532 ~-0.6277 ~-12.62834
execute if entity @s[tag=aj.chainsaw.locator_origin.shunter2] at @s on origin run tp @s ^-0.34471 ^1.12646 ^0.43453 ~-0.6277 ~-12.62834
execute if entity @s[tag=aj.chainsaw.locator_origin.shunter3] at @s on origin run tp @s ^-0.33937 ^1.23577 ^0.9224 ~-0.6277 ~-12.62834
execute if entity @s[tag=aj.chainsaw.locator_origin.shunter4] at @s on origin run tp @s ^-0.33469 ^1.33142 ^1.34929 ~-0.6277 ~-12.62834
execute if entity @s[tag=aj.chainsaw.locator_origin.shunter5] at @s on origin run tp @s ^-0.32868 ^1.45439 ^1.89815 ~-0.6277 ~-12.62834
execute if entity @s[tag=aj.chainsaw.locator_origin.shunter6] at @s on origin run tp @s ^-0.32267 ^1.57737 ^2.44701 ~-0.6277 ~-12.62834
execute if entity @s[tag=aj.chainsaw.locator_origin.shunter7] at @s on origin run tp @s ^-0.31598 ^1.71401 ^3.05686 ~-0.6277 ~-12.62834
execute if entity @s[tag=aj.chainsaw.locator_origin.shunter8] at @s on origin run tp @s ^-0.3093 ^1.85065 ^3.6667 ~-0.6277 ~-12.62834
execute if entity @s[tag=aj.chainsaw.locator_origin.shunter9] at @s on origin run tp @s ^-0.30262 ^1.98729 ^4.27654 ~-0.6277 ~-12.62834
execute if entity @s[tag=aj.chainsaw.locator_origin.shunter10] at @s on origin run tp @s ^-0.29594 ^2.12394 ^4.88639 ~-0.6277 ~-12.62834
execute if entity @s[tag=aj.chainsaw.locator_origin.shunter11] at @s on origin run tp @s ^-0.28926 ^2.26058 ^5.49623 ~-0.6277 ~-12.62834
execute if entity @s[tag=aj.chainsaw.locator_origin.shunter12] at @s on origin run tp @s ^-0.28258 ^2.39722 ^6.10608 ~-0.6277 ~-12.62834
execute if entity @s[tag=aj.chainsaw.locator_origin.shunter13] at @s on origin run tp @s ^-0.2759 ^2.53386 ^6.71592 ~-0.6277 ~-12.62834
execute if entity @s[tag=aj.chainsaw.locator_origin.shunter14] at @s on origin run tp @s ^-0.26921 ^2.6705 ^7.32576 ~-0.6277 ~-12.62834
execute if entity @s[tag=aj.chainsaw.locator_origin.shunter15] at @s on origin run tp @s ^-0.26253 ^2.80714 ^7.93561 ~-0.6277 ~-12.62834
execute if entity @s[tag=aj.chainsaw.locator_origin.shunter16] at @s on origin run tp @s ^-0.25585 ^2.94378 ^8.54545 ~-0.6277 ~-12.62834
execute if entity @s[tag=aj.chainsaw.locator_origin.shunter17] at @s on origin run tp @s ^-0.24917 ^3.08042 ^9.1553 ~-0.6277 ~-12.62834
execute if entity @s[tag=aj.chainsaw.locator_origin.shunter18] at @s on origin run tp @s ^-0.24249 ^3.21706 ^9.76514 ~-0.6277 ~-12.62834
execute if entity @s[tag=aj.chainsaw.locator_origin.shunter19] at @s on origin run tp @s ^-0.23581 ^3.35371 ^10.37498 ~-0.6277 ~-12.62834
execute if entity @s[tag=aj.chainsaw.locator_origin.shunter20] at @s on origin run tp @s ^-0.22913 ^3.49035 ^10.98483 ~-0.6277 ~-12.62834
execute if entity @s[tag=aj.chainsaw.locator_origin.shunter21] at @s on origin run tp @s ^-0.22244 ^3.62699 ^11.59467 ~-0.6277 ~-12.62834
execute if entity @s[tag=aj.chainsaw.locator_origin.shunter22] at @s on origin run tp @s ^-0.21576 ^3.76363 ^12.20452 ~-0.6277 ~-12.62834
execute if entity @s[tag=aj.chainsaw.locator_origin.shunter23] at @s on origin run tp @s ^-0.20908 ^3.90027 ^12.81436 ~-0.6277 ~-12.62834
execute if entity @s[tag=aj.chainsaw.locator_origin.shunter24] at @s on origin run tp @s ^-0.2024 ^4.03691 ^13.4242 ~-0.6277 ~-12.62834
execute if entity @s[tag=aj.chainsaw.locator_origin.shunter25] at @s on origin run tp @s ^-0.19572 ^4.17355 ^14.03405 ~-0.6277 ~-12.62834
execute if entity @s[tag=aj.chainsaw.locator_origin.shunter26] at @s on origin run tp @s ^-0.18904 ^4.31019 ^14.64389 ~-0.6277 ~-12.62834
execute if entity @s[tag=aj.chainsaw.locator_origin.shunter27] at @s on origin run tp @s ^-0.18236 ^4.44684 ^15.25373 ~-0.6277 ~-12.62834
execute if entity @s[tag=aj.chainsaw.locator_origin.shunter28] at @s on origin run tp @s ^-0.17567 ^4.58348 ^15.86358 ~-0.6277 ~-12.62834
execute if entity @s[tag=aj.chainsaw.locator_origin.shunter29] at @s on origin run tp @s ^-0.16899 ^4.72012 ^16.47342 ~-0.6277 ~-12.62834
execute if entity @s[tag=aj.chainsaw.locator_origin.shunter30] at @s on origin run tp @s ^-0.16231 ^4.85676 ^17.08327 ~-0.6277 ~-12.62834
execute if entity @s[tag=aj.chainsaw.locator_origin.shunter31] at @s on origin run tp @s ^-0.15563 ^4.9934 ^17.69311 ~-0.6277 ~-12.62834
execute if entity @s[tag=aj.chainsaw.locator_origin.shunter32] at @s on origin run tp @s ^-0.14895 ^5.13004 ^18.30295 ~-0.6277 ~-12.62834
execute if entity @s[tag=aj.chainsaw.bone.serpent_hunter] run data modify entity @s {} merge value {transformation:[-1.4982606309301254f,0.07041270455525933f,-0.016035362237131583f,-0.34962036842937116f,0.07221514303119089f,1.4619306190011963f,-0.32793877224836243f,1.1540844411116262f,0.0002343541057998489f,-0.32833049852852914f,-1.4636253034209816f,0.5564981728557715f,0f,0f,0f,1f],start_interpolation:0}
execute if entity @s[tag=aj.chainsaw.bone.left_arm2] run data modify entity @s {} merge value {transformation:[-0.9988404206200836f,0.029087952591114095f,-0.038362809458529455f,-0.26293522164679983f,0.04814342868746059f,0.606072564916194f,-0.7939510415196399f,1.0086621372195923f,0.0001562360705332326f,-0.794877309444648f,-0.6067701694384187f,-0.4947520834381408f,0f,0f,0f,1f],start_interpolation:0}
execute if entity @s[tag=aj.chainsaw.bone.left_arm] run data modify entity @s {} merge value {transformation:[-0.9988404206200836f,0.034237870614326156f,0.0338464525658303f,-0.37499999999999994f,0.04814342868746059f,0.7080503361894813f,0.704518936364508f,1.2797575168984587f,0.0001562360705332326f,0.7053314750085657f,-0.7088776241020245f,-0.40700938818993576f,0f,0f,0f,1f],start_interpolation:0}
execute if entity @s[tag=aj.chainsaw.bone.head] run data modify entity @s {} merge value {transformation:[1f,0f,0f,6.245004513516506e-17f,0f,0.9659258262890682f,-0.2588190451025207f,1.341748668692472f,0f,0.2588190451025207f,0.9659258262890682f,-0.22688121271688094f,0f,0f,0f,1f],start_interpolation:0}
execute if entity @s[tag=aj.chainsaw.bone.body_top] run data modify entity @s {} merge value {transformation:[1f,0f,0f,6.245004513516506e-17f,0f,0.8660254037844386f,-0.4999999999999999f,1.0007511659523491f,0f,0.4999999999999999f,0.8660254037844386f,-0.4237562127168809f,0f,0f,0f,1f],start_interpolation:0}
execute if entity @s[tag=aj.chainsaw.locator_origin.player_camera] at @s on origin run tp @s ^0 ^-0.12534 ^-0.38561 ~-180 ~-17.5
execute if entity @s[tag=aj.chainsaw.bone.body] run data modify entity @s {} merge value {transformation:[1f,0f,0f,6.245004513516506e-17f,0f,0.9537169507482269f,-0.30070579950427306f,0.5834999999999999f,0f,0.30070579950427306f,0.9537169507482269f,-0.5553150000000003f,0f,0f,0f,1f],start_interpolation:0}
execute if entity @s[tag=aj.chainsaw.bone.right_leg2] run data modify entity @s {} merge value {transformation:[0.991480294561584f,-0.05195243192321679f,0.11944777232471934f,0.1712922698853196f,0.06979723188409925f,0.986152397533228f,-0.1504386760802665f,0.42776537240834744f,-0.10997805198034621f,0.15749410673650494f,0.9813768055267451f,-0.28639662770729446f,0f,0f,0f,1f],start_interpolation:0}
execute if entity @s[tag=aj.chainsaw.bone.right_leg] run data modify entity @s {} merge value {transformation:[0.991480294561584f,-0.12881327272436743f,0.019338207417240065f,0.12500000000000006f,0.06979723188409925f,0.6507398332985113f,0.756085984382691f,0.6616249999999999f,-0.10997805198034621f,-0.748294601162312f,0.6541865314678565f,-0.5553150000000003f,0f,0f,0f,1f],start_interpolation:0}
execute if entity @s[tag=aj.chainsaw.bone.left_leg2] run data modify entity @s {} merge value {transformation:[0.9845312321065278f,0.16444762000822744f,-0.060458525291574076f,-0.18546960117671243f,-0.1602125122840292f,0.7052864269428333f,-0.6905816438900264f,0.39147360912256435f,-0.07092393047795692f,0.6895854089551499f,0.7207230812466857f,-0.7844700653280798f,0f,0f,0f,1f],start_interpolation:0}
execute if entity @s[tag=aj.chainsaw.bone.left_leg] run data modify entity @s {} merge value {transformation:[0.9845312321065278f,0.16826323805693913f,-0.048843993749447895f,-0.12499999999999994f,-0.1602125122840292f,0.7517256093980815f,-0.6397191251500324f,0.6616249999999999f,-0.07092393047795692f,0.6376488774346559f,0.7670552165208715f,-0.5553150000000003f,0f,0f,0f,1f],start_interpolation:0}