execute if entity @s[tag=aj.chainsaw.bone.right_arm2] run data modify entity @s {} merge value {transformation:[-0.2848496263058825f,0.9288190359232418f,-0.2369723378371817f,0.07002009526169589f,0.8055219120455381f,0.365945884055052f,0.46606658232238385f,1.1399382859100662f,0.5196105653351366f,-0.05812751886831696f,-0.8524236340824404f,-3.1045488580410487f,0f,0f,0f,1f],start_interpolation:0}
execute if entity @s[tag=aj.chainsaw.bone.right_arm] run data modify entity @s {} merge value {transformation:[-0.30280729572995857f,0.8560100237426176f,-0.41899233991192875f,0.2500000000000004f,0.7958938675024951f,0.4689669457005846f,0.38291377033502744f,1.195648571825549f,0.5242715835563003f,-0.21752435057351294f,-0.823299741031747f,-3.144422508135908f,0f,0f,0f,1f],start_interpolation:0}
execute if entity @s[tag=aj.chainsaw.bone.bone0] run data modify entity @s {} merge value {transformation:[0.000009376790073706075f,-0.0000034740082554377023f,-8.411037271368e-8f,-0.07144594648841934f,-0.000001807940111180813f,-0.000004670296275242156f,-0.000008655615821872113f,0.9858171821973074f,0.000002967686046068699f,0.000008131395903693901f,-0.000005007318662653614f,-3.8009767359249182f,0f,0f,0f,1f],start_interpolation:0}
execute if entity @s[tag=aj.chainsaw.bone.bone1] run data modify entity @s {} merge value {transformation:[0.000008731800394964097f,-0.00000439010768367976f,0.00000211721902225558f,-0.07144612733427898f,-0.000003306899963815661f,-0.000008527335596297618f,-0.000004043384752584354f,0.9858178701610543f,0.00000358051316040326f,0.0000028304597071521033f,-0.000008897663926805031f,-3.800976579673583f,0f,0f,0f,1f],start_interpolation:0}
execute if entity @s[tag=aj.chainsaw.bone.bone2] run data modify entity @s {} merge value {transformation:[0.000009494099286599148f,-0.0000023959468420437663f,0.0000020301520795985207f,-0.07144562156279861f,-0.0000014227901064472042f,-0.000009044827895497183f,-0.000004020790550853407f,0.9858177222972194f,0.0000027995976584490956f,0.0000035285304406985892f,-0.000008928142353248508f,-3.8009763923166715f,0f,0f,0f,1f],start_interpolation:0}
execute if entity @s[tag=aj.chainsaw.bone.bone3] run data modify entity @s {} merge value {transformation:[0.000008731800394964097f,-0.00000439010768367976f,0.00000211721902225558f,-0.07144583424444347f,-0.000003306899963815661f,-0.000008527335596297618f,-0.000004043384752584354f,0.9858171512055205f,0.00000358051316040326f,0.0000028304597071521033f,-0.000008897663926805031f,-3.800976149633928f,0f,0f,0f,1f],start_interpolation:0}
execute if entity @s[tag=aj.chainsaw.bone.bone4] run data modify entity @s {} merge value {transformation:[0.000009376790073706075f,-0.0000034740082554377023f,-8.411037271368e-8f,-0.07144607040210169f,-0.000001807940111180813f,-0.000004670296275242156f,-0.000008655615821872113f,0.985817807248127f,0.000002967686046068699f,0.000008131395903693901f,-0.000005007318662653614f,-3.800975963617134f,0f,0f,0f,1f],start_interpolation:0}
execute if entity @s[tag=aj.chainsaw.locator_origin.flail0] at @s on origin run tp @s ^-0.07145 ^0.98582 ^-3.80098 ~12.37779 ~-26.17724
execute if entity @s[tag=aj.chainsaw.locator_origin.flail1] at @s on origin run tp @s ^-0.07145 ^0.98582 ^-3.80098 ~12.37779 ~-26.17724
execute if entity @s[tag=aj.chainsaw.locator_origin.flail2] at @s on origin run tp @s ^-0.07145 ^0.98581 ^-3.80097 ~12.37779 ~-26.17724
execute if entity @s[tag=aj.chainsaw.locator_origin.flail3] at @s on origin run tp @s ^-0.07145 ^0.98582 ^-3.80097 ~12.37779 ~-26.17724
execute if entity @s[tag=aj.chainsaw.locator_origin.flail4] at @s on origin run tp @s ^-0.07145 ^0.98582 ^-3.80097 ~12.37779 ~-26.17724
execute if entity @s[tag=aj.chainsaw.bone.flail_body] run data modify entity @s {} merge value {transformation:[0.000004584035646403945f,-0.0000086767480473566f,0.0000019237100912537513f,-0.0714529597093584f,-0.000007494115748847422f,-0.000004937302323657195f,-0.000004411493500809723f,0.9858135831984326f,0.000004777535592266701f,5.805937370509623e-7f,-0.000008765732403919371f,-3.8009757250788367f,0f,0f,0f,1f],start_interpolation:0}
execute if entity @s[tag=aj.chainsaw.bone.flail] run data modify entity @s {} merge value {transformation:[-0.0000016453090502651941f,-0.000009842640721264867f,6.445011723916009e-7f,-0.07145060432086828f,-0.00000895112114485902f,0.0000012153995395658849f,-0.0000042895494179786426f,0.9858142520776237f,0.000004143716734910015f,-0.0000012826642551040964f,-0.000009010237734350018f,-3.80097334495459f,0f,0f,0f,1f],start_interpolation:0}
execute if entity @s[tag=aj.chainsaw.locator_origin.shunter0] at @s on origin run tp @s ^-0.25172 ^1.21804 ^-3.94737 ~2.21712 ~14.16756
execute if entity @s[tag=aj.chainsaw.locator_origin.shunter1] at @s on origin run tp @s ^-0.26579 ^1.12625 ^-3.58405 ~2.21712 ~14.16756
execute if entity @s[tag=aj.chainsaw.locator_origin.shunter2] at @s on origin run tp @s ^-0.28923 ^0.97328 ^-2.97851 ~2.21712 ~14.16756
execute if entity @s[tag=aj.chainsaw.locator_origin.shunter3] at @s on origin run tp @s ^-0.30798 ^0.8509 ^-2.49409 ~2.21712 ~14.16756
execute if entity @s[tag=aj.chainsaw.locator_origin.shunter4] at @s on origin run tp @s ^-0.32439 ^0.74382 ^-2.07021 ~2.21712 ~14.16756
execute if entity @s[tag=aj.chainsaw.locator_origin.shunter5] at @s on origin run tp @s ^-0.34549 ^0.60614 ^-1.52523 ~2.21712 ~14.16756
execute if entity @s[tag=aj.chainsaw.locator_origin.shunter6] at @s on origin run tp @s ^-0.36659 ^0.46846 ^-0.98024 ~2.21712 ~14.16756
execute if entity @s[tag=aj.chainsaw.locator_origin.shunter7] at @s on origin run tp @s ^-0.39004 ^0.31549 ^-0.37471 ~2.21712 ~14.16756
execute if entity @s[tag=aj.chainsaw.locator_origin.shunter8] at @s on origin run tp @s ^-0.41348 ^0.16252 ^0.23083 ~2.21712 ~14.16756
execute if entity @s[tag=aj.chainsaw.locator_origin.shunter9] at @s on origin run tp @s ^-0.43692 ^0.00954 ^0.83637 ~2.21712 ~14.16756
execute if entity @s[tag=aj.chainsaw.locator_origin.shunter10] at @s on origin run tp @s ^-0.46037 ^-0.14343 ^1.4419 ~2.21712 ~14.16756
execute if entity @s[tag=aj.chainsaw.locator_origin.shunter11] at @s on origin run tp @s ^-0.48381 ^-0.29641 ^2.04744 ~2.21712 ~14.16756
execute if entity @s[tag=aj.chainsaw.locator_origin.shunter12] at @s on origin run tp @s ^-0.50725 ^-0.44938 ^2.65297 ~2.21712 ~14.16756
execute if entity @s[tag=aj.chainsaw.locator_origin.shunter13] at @s on origin run tp @s ^-0.5307 ^-0.60235 ^3.25851 ~2.21712 ~14.16756
execute if entity @s[tag=aj.chainsaw.locator_origin.shunter14] at @s on origin run tp @s ^-0.55414 ^-0.75533 ^3.86405 ~2.21712 ~14.16756
execute if entity @s[tag=aj.chainsaw.locator_origin.shunter15] at @s on origin run tp @s ^-0.57759 ^-0.9083 ^4.46958 ~2.21712 ~14.16756
execute if entity @s[tag=aj.chainsaw.locator_origin.shunter16] at @s on origin run tp @s ^-0.60103 ^-1.06128 ^5.07512 ~2.21712 ~14.16756
execute if entity @s[tag=aj.chainsaw.locator_origin.shunter17] at @s on origin run tp @s ^-0.62447 ^-1.21425 ^5.68066 ~2.21712 ~14.16756
execute if entity @s[tag=aj.chainsaw.locator_origin.shunter18] at @s on origin run tp @s ^-0.64792 ^-1.36722 ^6.28619 ~2.21712 ~14.16756
execute if entity @s[tag=aj.chainsaw.locator_origin.shunter19] at @s on origin run tp @s ^-0.67136 ^-1.5202 ^6.89173 ~2.21712 ~14.16756
execute if entity @s[tag=aj.chainsaw.locator_origin.shunter20] at @s on origin run tp @s ^-0.6948 ^-1.67317 ^7.49727 ~2.21712 ~14.16756
execute if entity @s[tag=aj.chainsaw.locator_origin.shunter21] at @s on origin run tp @s ^-0.71825 ^-1.82615 ^8.1028 ~2.21712 ~14.16756
execute if entity @s[tag=aj.chainsaw.locator_origin.shunter22] at @s on origin run tp @s ^-0.74169 ^-1.97912 ^8.70834 ~2.21712 ~14.16756
execute if entity @s[tag=aj.chainsaw.locator_origin.shunter23] at @s on origin run tp @s ^-0.76513 ^-2.13209 ^9.31387 ~2.21712 ~14.16756
execute if entity @s[tag=aj.chainsaw.locator_origin.shunter24] at @s on origin run tp @s ^-0.78858 ^-2.28507 ^9.91941 ~2.21712 ~14.16756
execute if entity @s[tag=aj.chainsaw.locator_origin.shunter25] at @s on origin run tp @s ^-0.81202 ^-2.43804 ^10.52495 ~2.21712 ~14.16756
execute if entity @s[tag=aj.chainsaw.locator_origin.shunter26] at @s on origin run tp @s ^-0.83546 ^-2.59102 ^11.13048 ~2.21712 ~14.16756
execute if entity @s[tag=aj.chainsaw.locator_origin.shunter27] at @s on origin run tp @s ^-0.85891 ^-2.74399 ^11.73602 ~2.21712 ~14.16756
execute if entity @s[tag=aj.chainsaw.locator_origin.shunter28] at @s on origin run tp @s ^-0.88235 ^-2.89696 ^12.34156 ~2.21712 ~14.16756
execute if entity @s[tag=aj.chainsaw.locator_origin.shunter29] at @s on origin run tp @s ^-0.9058 ^-3.04994 ^12.94709 ~2.21712 ~14.16756
execute if entity @s[tag=aj.chainsaw.locator_origin.shunter30] at @s on origin run tp @s ^-0.92924 ^-3.20291 ^13.55263 ~2.21712 ~14.16756
execute if entity @s[tag=aj.chainsaw.locator_origin.shunter31] at @s on origin run tp @s ^-0.95268 ^-3.35589 ^14.15817 ~2.21712 ~14.16756
execute if entity @s[tag=aj.chainsaw.locator_origin.shunter32] at @s on origin run tp @s ^-0.97613 ^-3.50886 ^14.7637 ~2.21712 ~14.16756
execute if entity @s[tag=aj.chainsaw.bone.serpent_hunter] run data modify entity @s {} merge value {transformation:[-1.4988993096130012f,0.011625824855984755f,0.0562645522339528f,-0.3001636720381517f,0.025060151035761754f,1.4541602371073208f,0.36713756774000406f,0.9427876298522792f,-0.05169959837110968f,0.3678081633302868f,-1.4532874135957647f,-2.8576225804226274f,0f,0f,0f,1f],start_interpolation:0}
execute if entity @s[tag=aj.chainsaw.bone.left_arm2] run data modify entity @s {} merge value {transformation:[-0.9992662064086675f,0.001119310327109404f,0.038285713706582486f,-0.2401523609124996f,0.016706767357174503f,0.9122103373561598f,0.4093814655611989f,1.3063147886280266f,-0.03446639891407312f,0.40972069457735866f,-0.9115596633138956f,-3.514607709530899f,0f,0f,0f,1f],start_interpolation:0}
execute if entity @s[tag=aj.chainsaw.bone.left_arm] run data modify entity @s {} merge value {transformation:[-0.9992662064086675f,-0.03494304576323847f,0.015685416233527046f,-0.3749999999999996f,0.016706767357174503f,-0.02913137408309413f,0.9994359644161825f,1.3617643279227178f,-0.03446639891407312f,0.9989646373104601f,0.029693783003802543f,-3.204883698797902f,0f,0f,0f,1f],start_interpolation:0}
execute if entity @s[tag=aj.chainsaw.bone.head] run data modify entity @s {} merge value {transformation:[0.9396926207859084f,-0.05939117461388469f,-0.33682408883346515f,4.0245584642661925e-16f,-0.144543958452599f,0.8235778153538743f,-0.5484766413729878f,1.408988194260652f,0.30997551921944466f,0.5640853396738146f,0.7653253602551747f,-3.1139017283416797f,0f,0f,0f,1f],start_interpolation:0}
execute if entity @s[tag=aj.chainsaw.bone.body_top] run data modify entity @s {} merge value {transformation:[1f,0f,0f,4.0245584642661925e-16f,0f,0.90630778703665f,-0.42261826174069944f,1.0521295031149709f,0f,0.42261826174069944f,0.90630778703665f,-3.28030766890208f,0f,0f,0f,1f],start_interpolation:0}
execute if entity @s[tag=aj.chainsaw.locator_origin.player_camera] at @s on origin run tp @s ^0 ^-0.06635 ^-3.14416 ~-180 ~-12.5
execute if entity @s[tag=aj.chainsaw.bone.body] run data modify entity @s {} merge value {transformation:[1f,0f,0f,4.0245584642661925e-16f,0f,0.9762960071199334f,-0.21643961393810288f,0.625f,0f,0.21643961393810288f,0.9762960071199334f,-3.375f,0f,0f,0f,1f],start_interpolation:0}