execute if entity @s[tag=aj.dynastic_sickleplay.bone.right_arm2] run data modify entity @s {} merge value {transformation:[-0.2894750703608685f,0.7267874228701501f,0.6228837978285638f,-0.3902011064618167f,0.9357213172825887f,0.07783176812666581f,0.34404626469882493f,1.1017308717126093f,0.201568350746111f,0.682438464499212f,-0.7026008412672522f,4.6923876493469034f,0f,0f,0f,1f],start_interpolation:0}
execute if entity @s[tag=aj.dynastic_sickleplay.bone.right_arm] run data modify entity @s {} merge value {transformation:[-0.2894750703608685f,0.7267874228701501f,0.6228837978285638f,-0.20850425074427917f,0.9357213172825887f,0.07783176812666581f,0.34404626469882493f,1.1211888137442758f,0.201568350746111f,0.682438464499212f,-0.7026008412672522f,4.862997265471707f,0f,0f,0f,1f],start_interpolation:0}
execute if entity @s[tag=aj.dynastic_sickleplay.bone.lamina_slash] run data modify entity @s {} merge value {transformation:[0.49888533210691677f,-1.9597139161826935f,0.7223788995401613f,-0.3970088561885815f,-1.7880843010206002f,-0.4990007427895479f,0.3163507965411905f,1.2993358883806987f,-0.1055620598379889f,-0.8091650888665314f,-1.944615859349386f,2.4290740171193246f,0f,0f,0f,1f],start_interpolation:0}
execute if entity @s[tag=aj.dynastic_sickleplay.locator_origin.sickle0] at @s on origin run tp @s ^-0.49701 ^1.24724 ^2.8389 ~13.03115 ~6.86686
execute if entity @s[tag=aj.dynastic_sickleplay.locator_origin.sickle1] at @s on origin run tp @s ^0.12357 ^1.42018 ^2.84237 ~13.03115 ~6.86686
execute if entity @s[tag=aj.dynastic_sickleplay.locator_origin.sickle2] at @s on origin run tp @s ^0.68119 ^1.55949 ^3.11788 ~13.03115 ~6.86686
execute if entity @s[tag=aj.dynastic_sickleplay.locator_origin.sickle3] at @s on origin run tp @s ^-0.5312 ^1.18143 ^3.79209 ~13.03115 ~6.86686
execute if entity @s[tag=aj.dynastic_sickleplay.locator_origin.sickle4] at @s on origin run tp @s ^-0.5514 ^1.12309 ^4.68482 ~13.03115 ~6.86686
execute if entity @s[tag=aj.dynastic_sickleplay.locator_origin.sickle5] at @s on origin run tp @s ^-0.5716 ^1.06475 ^5.57755 ~13.03115 ~6.86686
execute if entity @s[tag=aj.dynastic_sickleplay.locator_origin.lamina_rider] at @s on origin run tp @s ^0.2386 ^1.12612 ^3.96342 ~13.03115 ~6.86686
execute if entity @s[tag=aj.dynastic_sickleplay.bone.obsidian_lamina] run data modify entity @s {} merge value {transformation:[0.4695391361006278f,-1.6396818221582647f,0.39176079660123f,-0.6764879732757217f,-1.682902871548801f,-0.43192457752051683f,0.2092345197775039f,1.1887424594009386f,-0.09935252690634257f,-0.432879522982408f,-1.6927032799577868f,4.082445311480615f,0f,0f,0f,1f],start_interpolation:0}
execute if entity @s[tag=aj.dynastic_sickleplay.bone.left_arm2] run data modify entity @s {} merge value {transformation:[0.31079966202964354f,0.42786904203074283f,-0.8487235433013236f,-0.4043548373143532f,-0.950285499714141f,0.12203164221065246f,-0.28647119808528176f,1.3013733051907848f,-0.019001029322244338f,0.8955648280113873f,0.44452513957438855f,4.117834294773375f,0f,0f,0f,1f],start_interpolation:0}
execute if entity @s[tag=aj.dynastic_sickleplay.bone.left_arm] run data modify entity @s {} merge value {transformation:[0.31079966202964354f,0.42786904203074283f,-0.8487235433013236f,-0.258537619052962f,-0.950285499714141f,0.12203164221065246f,-0.28647119808528176f,1.2130955282791802f,-0.019001029322244338f,0.8955648280113873f,0.44452513957438855f,4.339350373110941f,0f,0f,0f,1f],start_interpolation:0}
execute if entity @s[tag=aj.dynastic_sickleplay.bone.head] run data modify entity @s {} merge value {transformation:[0.014922144880764099f,-0.07977613631727695f,-0.9967011074873172f,-0.26952127538058296f,0.0009741875518941706f,0.9968127807917484f,-0.07977048958628521f,1.2898773044092642f,0.9998881840239795f,0.00021937299094275386f,0.014952301652910505f,4.697022332660452f,0f,0f,0f,1f],start_interpolation:0}
execute if entity @s[tag=aj.dynastic_sickleplay.bone.body_top] run data modify entity @s {} merge value {transformation:[0.4264111659689306f,-0.2466481338601051f,-0.8702518116041729f,-0.17240357267316658f,-0.06996460005400032f,0.9502283361314456f,-0.3035968773754898f,0.9157248970575075f,0.9018195342064292f,0.19034391841136425f,0.38793133470693897f,4.622074414785977f,0f,0f,0f,1f],start_interpolation:0}
execute if entity @s[tag=aj.dynastic_sickleplay.locator_origin.player_camera] at @s on origin run tp @s ^-0.23668 ^-0.20774 ^4.56531 ~-114.02583 ~-17.67377
execute if entity @s[tag=aj.dynastic_sickleplay.bone.body] run data modify entity @s {} merge value {transformation:[0.4264111659689306f,-0.2466481338601051f,-0.8702518116041729f,-0.06449501410937061f,-0.06996460005400032f,0.9502283361314456f,-0.3035968773754898f,0.5f,0.9018195342064292f,0.19034391841136425f,0.38793133470693897f,4.538798950481005f,0f,0f,0f,1f],start_interpolation:0}
execute if entity @s[tag=aj.dynastic_sickleplay.bone.right_leg2] run data modify entity @s {} merge value {transformation:[-0.2815584508501091f,-0.7887528813406124f,-0.5464373074120845f,0.15990553495680154f,0.03989467627932317f,0.5593609175106262f,-0.8279636337220606f,0.42105320014726205f,0.9587143753795784f,-0.2549200975571606f,-0.12602575253492054f,4.743407468606128f,0f,0f,0f,1f],start_interpolation:0}
execute if entity @s[tag=aj.dynastic_sickleplay.bone.right_leg] run data modify entity @s {} merge value {transformation:[-0.27041130337707403f,-0.6570731582390529f,-0.7036565865020159f,-0.07623013128535809f,0.019853985966827303f,0.7269244285757341f,-0.6864304002454082f,0.6822916666666665f,0.9625401530570772f,-0.199588927201884f,-0.18352306092494208f,4.67168019789295f,0f,0f,0f,1f],start_interpolation:0}
execute if entity @s[tag=aj.dynastic_sickleplay.bone.left_leg2] run data modify entity @s {} merge value {transformation:[0.10882784933909356f,0.05796500059421972f,-0.9923691641291256f,-0.488778127237222f,-0.07747633547923188f,0.9957563272311016f,0.04966642950662714f,0.47767307207106025f,0.9910367887464808f,0.07148003557175517f,0.11285693539044711f,4.489837125158349f,0f,0f,0f,1f],start_interpolation:0}
execute if entity @s[tag=aj.dynastic_sickleplay.bone.left_leg] run data modify entity @s {} merge value {transformation:[0.10882784933909356f,0.889118978754071f,-0.44454914332112383f,-0.16925099424747775f,-0.07747633547923188f,0.4534314516283542f,0.8879174151433864f,0.640625f,0.9910367887464808f,-0.06218810411582931f,0.1182316499823195f,4.467488275241723f,0f,0f,0f,1f],start_interpolation:0}