execute if entity @s[tag=aj.dynastic_sickleplay.bone.right_arm2] run data modify entity @s {} merge value {transformation:[0.020860279772232593f,0.7825199416503803f,0.6222759754701359f,-0.3017850807346943f,0.36879809642474237f,0.5724947854582456f,-0.7322825169950486f,1.0050724495474515f,-0.9292754235431553f,0.2447698133810673f,-0.27664946350225755f,10.9993141036592f,0f,0f,0f,1f],start_interpolation:0}
execute if entity @s[tag=aj.dynastic_sickleplay.bone.right_arm] run data modify entity @s {} merge value {transformation:[0.020860279772232593f,0.7825199416503803f,0.6222759754701359f,-0.10615509532209921f,0.36879809642474237f,0.5724947854582456f,-0.7322825169950486f,1.148196145912013f,-0.9292754235431553f,0.2447698133810673f,-0.27664946350225755f,11.060506557004468f,0f,0f,0f,1f],start_interpolation:0}
execute if entity @s[tag=aj.dynastic_sickleplay.bone.lamina_slash] run data modify entity @s {} merge value {transformation:[-0.000011625453775999181f,-0.000013351037225261813f,-0.000011754196251202366f,0.3039234327623157f,-0.000017400884271641942f,0.0000056224194088559495f,0.0000108240531482363f,1.419780277771123f,-0.000003690603076331911f,0.000015546726504335034f,-0.000014008613205181169f,10.30578644368242f,0f,0f,0f,1f],start_interpolation:0}
execute if entity @s[tag=aj.dynastic_sickleplay.locator_origin.sickle0] at @s on origin run tp @s ^-0.66173 ^1.81579 ^11.48046 ~-48.48208 ~32.65265
execute if entity @s[tag=aj.dynastic_sickleplay.locator_origin.sickle1] at @s on origin run tp @s ^-0.41604 ^1.7777 ^10.88613 ~-48.48208 ~32.65265
execute if entity @s[tag=aj.dynastic_sickleplay.locator_origin.sickle2] at @s on origin run tp @s ^0.00696 ^1.58786 ^10.44877 ~-48.48208 ~32.65265
execute if entity @s[tag=aj.dynastic_sickleplay.locator_origin.sickle3] at @s on origin run tp @s ^0.03254 ^1.27325 ^11.85153 ~-48.48208 ~32.65265
execute if entity @s[tag=aj.dynastic_sickleplay.locator_origin.sickle4] at @s on origin run tp @s ^0.68741 ^0.76443 ^12.18773 ~-48.48208 ~32.65265
execute if entity @s[tag=aj.dynastic_sickleplay.locator_origin.sickle5] at @s on origin run tp @s ^1.34228 ^0.25561 ^12.52392 ~-48.48208 ~32.65265
execute if entity @s[tag=aj.dynastic_sickleplay.bone.obsidian_lamina] run data modify entity @s {} merge value {transformation:[-0.9573903109646382f,-0.9637424400239696f,-1.1032245019793925f,0.22931991438836763f,-1.4330139988411008f,0.3427114673765064f,0.9442032245518333f,1.168058193999272f,-0.30393201805086323f,1.4199469565534089f,-0.97666574065964f,12.08750381255463f,0f,0f,0f,1f],start_interpolation:0}
execute if entity @s[tag=aj.dynastic_sickleplay.bone.left_arm2] run data modify entity @s {} merge value {transformation:[-0.5683877490846895f,-0.12445701749332663f,0.8132931928198499f,0.31045515627708387f,-0.7953817305411802f,0.33599945005547954f,-0.5044524479906235f,1.218523551633898f,-0.2104834183772142f,-0.9336031385760659f,-0.2899688090625637f,11.787572818070117f,0f,0f,0f,1f],start_interpolation:0}
execute if entity @s[tag=aj.dynastic_sickleplay.bone.left_arm] run data modify entity @s {} merge value {transformation:[-0.5683877490846895f,-0.12445701749332663f,0.8132931928198499f,0.208292433268166f,-0.7953817305411802f,0.33599945005547954f,-0.5044524479906235f,1.2031006978301202f,-0.2104834183772142f,-0.9336031385760659f,-0.2899688090625637f,11.52786160612895f,0f,0f,0f,1f],start_interpolation:0}
execute if entity @s[tag=aj.dynastic_sickleplay.bone.head] run data modify entity @s {} merge value {transformation:[-0.9972073455459476f,0.07446481887828871f,0.0057009419071168965f,0.13430325448849872f,0.07347254194417252f,0.9918721693915366f,-0.1038815920497417f,1.2738841589369503f,-0.013390129553759456f,-0.103172623965618f,-0.9945733326882351f,11.176491978020245f,0f,0f,0f,1f],start_interpolation:0}
execute if entity @s[tag=aj.dynastic_sickleplay.bone.body_top] run data modify entity @s {} merge value {transformation:[-0.6400197031854058f,0.24271213608849374f,0.7290168712244082f,0.03873535090365432f,-0.05755442898207139f,0.9309884618790378f,-0.3604829698510749f,0.9073074520720791f,-0.766199887261159f,-0.2726743531090956f,-0.5818818006412673f,11.283857504556952f,0f,0f,0f,1f],start_interpolation:0}
execute if entity @s[tag=aj.dynastic_sickleplay.locator_origin.player_camera] at @s on origin run tp @s ^-0.15841 ^-0.04621 ^11.52016 ~51.40407 ~-21.12986
execute if entity @s[tag=aj.dynastic_sickleplay.bone.body] run data modify entity @s {} merge value {transformation:[-0.6400197031854058f,0.24271213608849374f,0.7290168712244082f,-0.06745120863506168f,-0.05755442898207139f,0.9309884618790378f,-0.3604829698510749f,0.5f,-0.766199887261159f,-0.2726743531090956f,-0.5818818006412673f,11.403152534042182f,0f,0f,0f,1f],start_interpolation:0}
execute if entity @s[tag=aj.dynastic_sickleplay.bone.right_leg2] run data modify entity @s {} merge value {transformation:[-0.45289591025345505f,0.7455444809574694f,0.4889260899047541f,-0.3153437054713374f,0.08703299957999668f,0.5827428421605703f,-0.8079826959129316f,0.3640847584143918f,-0.8873052188845746f,-0.323379354357198f,-0.32880882244203724f,11.358151105388364f,0f,0f,0f,1f],start_interpolation:0}
execute if entity @s[tag=aj.dynastic_sickleplay.bone.right_leg] run data modify entity @s {} merge value {transformation:[-0.46287750664649074f,0.5876717296030176f,0.6636161179975405f,-0.10414917764525294f,0.06630718038994277f,0.7695032809338662f,-0.6351913557824531f,0.640625f,-0.8839387827612633f,-0.2500132773622495f,-0.3951526154198191f,11.268302583836306f,0f,0f,0f,1f],start_interpolation:0}
execute if entity @s[tag=aj.dynastic_sickleplay.bone.left_leg2] run data modify entity @s {} merge value {transformation:[-0.6505378965295344f,-0.06474984070250656f,0.7567085986745021f,0.2506670550788438f,-0.09318579240215552f,0.9956357621972087f,0.00508302354564133f,0.362557569779026f,-0.753735267367337f,-0.06720779093961654f,-0.6537325596631283f,11.326632639704362f,0f,0f,0f,1f],start_interpolation:0}
execute if entity @s[tag=aj.dynastic_sickleplay.bone.left_leg] run data modify entity @s {} merge value {transformation:[-0.6505378965295344f,-0.5237412790068604f,0.5499959252968941f,0.06244753293575331f,-0.09318579240215552f,0.7737528493105363f,0.6265963104569072f,0.640625f,-0.753735267367337f,0.3563728396610557f,-0.5521607971221828f,11.454704128957554f,0f,0f,0f,1f],start_interpolation:0}