execute if entity @s[tag=aj.dynastic_sickleplay.bone.right_arm2] run data modify entity @s {} merge value {transformation:[0.9742032974986804f,-0.00009417007636547403f,0.22567216548501126f,0.14001153624296592f,0.21718832037964866f,0.272005315208912f,-0.9374659151077267f,1.2058027575300665f,-0.061295747269812406f,0.9622957443686931f,0.2650089276544059f,0.06490789175046349f,0f,0f,0f,1f],start_interpolation:0}
execute if entity @s[tag=aj.dynastic_sickleplay.bone.right_arm] run data modify entity @s {} merge value {transformation:[0.9742032974986804f,-0.00009417007636547403f,0.22567216548501126f,0.13998799372387455f,0.21718832037964866f,0.272005315208912f,-0.9374659151077267f,1.2738040863322946f,-0.061295747269812406f,0.9622957443686931f,0.2650089276544059f,0.3054818278426368f,0f,0f,0f,1f],start_interpolation:0}
execute if entity @s[tag=aj.dynastic_sickleplay.bone.lamina_slash] run data modify entity @s {} merge value {transformation:[-0.23229119852813085f,0.21788384206161718f,-1.1292869850643215f,-1.8558353301250103f,-0.47775547365197446f,-0.0998494930264155f,0.5527746793245558f,2.1456932557929758f,0.004131462446042788f,0.7040744084333971f,0.4278633834379565f,0.3337526086796677f,0f,0f,0f,1f],start_interpolation:0}
execute if entity @s[tag=aj.dynastic_sickleplay.locator_origin.sickle0] at @s on origin run tp @s ^-1.31838 ^1.89193 ^1.20774 ~-118.82922 ~23.27363
execute if entity @s[tag=aj.dynastic_sickleplay.locator_origin.sickle1] at @s on origin run tp @s ^-1.69502 ^2.07081 ^0.71664 ~-118.82922 ~23.27363
execute if entity @s[tag=aj.dynastic_sickleplay.locator_origin.sickle2] at @s on origin run tp @s ^-1.84532 ^2.13857 ^0.10095 ~-118.82922 ~23.27363
execute if entity @s[tag=aj.dynastic_sickleplay.locator_origin.sickle3] at @s on origin run tp @s ^-0.63917 ^1.55665 ^0.62437 ~-118.82922 ~23.27363
execute if entity @s[tag=aj.dynastic_sickleplay.locator_origin.sickle4] at @s on origin run tp @s ^-0.01027 ^1.24606 ^0.06868 ~-118.82922 ~23.27363
execute if entity @s[tag=aj.dynastic_sickleplay.locator_origin.sickle5] at @s on origin run tp @s ^0.61864 ^0.93547 ^-0.48701 ~-118.82922 ~23.27363
execute if entity @s[tag=aj.dynastic_sickleplay.locator_origin.lamina_rider] at @s on origin run tp @s ^-1.04956 ^1.47239 ^-0.04607 ~-118.82922 ~23.27363
execute if entity @s[tag=aj.dynastic_sickleplay.bone.obsidian_lamina] run data modify entity @s {} merge value {transformation:[-0.7651945363279594f,0.7025051116128787f,-1.4083550297178684f,-0.3352645764471867f,-1.5737827367359138f,-0.3280003487968009f,0.6914648716610248f,1.4776656655325031f,0.01360952335167034f,1.5688856998988023f,0.7751854239646064f,0.5414853503841663f,0f,0f,0f,1f],start_interpolation:0}
execute if entity @s[tag=aj.dynastic_sickleplay.bone.left_arm2] run data modify entity @s {} merge value {transformation:[-0.5912327372280115f,0.8041496900307324f,0.061539633191550265f,-0.4292562078265191f,-0.8002684571089467f,-0.5944212991233031f,0.07895388340690786f,1.4987358567275968f,0.10007120957768036f,-0.002568106703805237f,0.9949769634728325f,0.5481394110732424f,0f,0f,0f,1f],start_interpolation:0}
execute if entity @s[tag=aj.dynastic_sickleplay.bone.left_arm] run data modify entity @s {} merge value {transformation:[-0.5912327372280115f,0.8021339447027402f,0.08381518469522697f,-0.3026268138043355f,-0.8002684571089467f,-0.5963821167088796f,0.06244011071661626f,1.2496067704117586f,0.10007120957768036f,-0.030158010966545745f,0.9945231256176007f,0.553108809528816f,0f,0f,0f,1f],start_interpolation:0}
execute if entity @s[tag=aj.dynastic_sickleplay.bone.head] run data modify entity @s {} merge value {transformation:[0.990778726415625f,0.01581248314122466f,0.1345640392494985f,0.04813794024105536f,-0.0022304493607367137f,0.9949354348767945f,-0.10049132063105354f,1.332326567428961f,-0.13547154822279572f,0.09926452439533726f,0.9857961319759204f,0.4893370681310049f,0f,0f,0f,1f],start_interpolation:0}
execute if entity @s[tag=aj.dynastic_sickleplay.bone.body_top] run data modify entity @s {} merge value {transformation:[0.7838663962072449f,0.23697527367741983f,0.5739304771159819f,-0.04517107376942871f,-0.02441775188133638f,0.9353579070779651f,-0.35285883729870005f,0.9640293915170123f,-0.6204492294218182f,0.26258009317585557f,0.7389820352198225f,0.3859461564430118f,0f,0f,0f,1f],start_interpolation:0}
execute if entity @s[tag=aj.dynastic_sickleplay.locator_origin.player_camera] at @s on origin run tp @s ^-0.24853 ^0.00775 ^0.16666 ~142.17143 ~-20.88168
execute if entity @s[tag=aj.dynastic_sickleplay.bone.body] run data modify entity @s {} merge value {transformation:[0.7838663962072449f,0.2391720430122338f,0.5730185047085485f,-0.149808842587281f,-0.02441775188133638f,0.9339993773573254f,-0.3564392465613039f,0.5554046639231824f,-0.6204492294218182f,0.2654089239974472f,0.7379707695921223f,0.26982975219412864f,0f,0f,0f,1f],start_interpolation:0}
execute if entity @s[tag=aj.dynastic_sickleplay.bone.right_leg2] run data modify entity @s {} merge value {transformation:[0.7806198587944395f,-0.08684987650240944f,0.618942432708621f,0.20107751498657306f,0.06469690388645988f,0.9962068767323583f,0.05819080149530825f,0.46395669208810997f,-0.6216485716892268f,-0.005381236166201286f,0.7832777895574904f,0.5076636023902739f,0f,0f,0f,1f],start_interpolation:0}
execute if entity @s[tag=aj.dynastic_sickleplay.bone.right_leg] run data modify entity @s {} merge value {transformation:[0.7938203963998968f,-0.49048674058933467f,0.3595440662360625f,0.02480884258728093f,0.05404942422178366f,0.6457682694541147f,0.7616180157451187f,0.6960296639231824f,-0.6057456875626973f,-0.5851547654016747f,0.5391345495578137f,0.29737360857404704f,0f,0f,0f,1f],start_interpolation:0}
execute if entity @s[tag=aj.dynastic_sickleplay.bone.left_leg2] run data modify entity @s {} merge value {transformation:[0.8839435162135985f,0.46720993312987846f,0.01894039410135573f,-0.3362814814821952f,-0.2111879046498762f,0.4350433277040867f,-0.8752925065083954f,0.3090587684470877f,-0.4171852455127518f,0.769709153774937f,0.4832228156053231f,0.2993243710466754f,0f,0f,0f,1f],start_interpolation:0}
execute if entity @s[tag=aj.dynastic_sickleplay.bone.left_leg] run data modify entity @s {} merge value {transformation:[0.8839435162135985f,0.33992438348893195f,0.3210845272721963f,-0.2141211561658603f,-0.2111879046498762f,0.9028755352378289f,-0.3744535175406939f,0.6335296639231824f,-0.4171852455127518f,0.2631865904233601f,0.8698788936097899f,0.3939070519800705f,0f,0f,0f,1f],start_interpolation:0}