execute if entity @s[tag=aj.dynastic_sickleplay.bone.right_arm2] run data modify entity @s {} merge value {transformation:[0.9762960071199334f,-0.21458794303666343f,0.028251038652918573f,0.3661469857591659f,0.21561599586216235f,0.9528842343535194f,-0.2133573955804559f,1.1341627963496952f,0.018863955312791746f,0.21439134922799669f,0.976565666284739f,-0.05617826416798419f,0f,0f,0f,1f],start_interpolation:0}
execute if entity @s[tag=aj.dynastic_sickleplay.bone.right_arm] run data modify entity @s {} merge value {transformation:[0.9762960071199334f,-0.21458794303666343f,0.028251038652918573f,0.3125f,0.21561599586216235f,0.9528842343535194f,-0.2133573955804559f,1.3723838549380751f,0.018863955312791746f,0.21439134922799669f,0.976565666284739f,-0.0025804268609850127f,0f,0f,0f,1f],start_interpolation:0}
execute if entity @s[tag=aj.dynastic_sickleplay.bone.lamina_slash] run data modify entity @s {} merge value {transformation:[0.000016014396449756293f,0.0000038843011175030875f,-0.00001341692256736236f,-1.5284783256070051f,-0.000012948348370298622f,0.000011783579264762363f,-0.00001204367195636146f,-0.21872753135663303f,0.000005238499864600373f,0.000017251723523741816f,0.000011247162070004822f,-0.47165184207971816f,0f,0f,0f,1f],start_interpolation:0}
execute if entity @s[tag=aj.dynastic_sickleplay.locator_origin.sickle0] at @s on origin run tp @s ^-1.23349 ^0.63521 ^0.73728 ~-136.32862 ~-29.30988
execute if entity @s[tag=aj.dynastic_sickleplay.locator_origin.sickle1] at @s on origin run tp @s ^-1.49235 ^0.16887 ^0.37595 ~-136.32862 ~-29.30988
execute if entity @s[tag=aj.dynastic_sickleplay.locator_origin.sickle2] at @s on origin run tp @s ^-1.58186 ^-0.15978 ^-0.16277 ~-136.32862 ~-29.30988
execute if entity @s[tag=aj.dynastic_sickleplay.locator_origin.sickle3] at @s on origin run tp @s ^-0.71843 ^0.97719 ^0.00802 ~-136.32862 ~-29.30988
execute if entity @s[tag=aj.dynastic_sickleplay.locator_origin.sickle4] at @s on origin run tp @s ^-0.24101 ^1.28858 ^-0.68182 ~-136.32862 ~-29.30988
execute if entity @s[tag=aj.dynastic_sickleplay.locator_origin.sickle5] at @s on origin run tp @s ^0.23642 ^1.59997 ^-1.37166 ~-136.32862 ~-29.30988
execute if entity @s[tag=aj.dynastic_sickleplay.locator_origin.lamina_rider] at @s on origin run tp @s ^-0.72776 ^0.35704 ^-0.48221 ~-136.32862 ~-29.30988
execute if entity @s[tag=aj.dynastic_sickleplay.bone.obsidian_lamina] run data modify entity @s {} merge value {transformation:[1.3188326488034594f,0.46136836916520596f,-1.0537170741635962f,-0.5608919434710222f,-1.0663345716716512f,1.0915704265900747f,-0.8566823127926699f,1.2072384015549888f,0.4314058712023836f,1.2876774564027282f,1.1037552910696793f,-0.15849601827372156f,0f,0f,0f,1f],start_interpolation:0}
execute if entity @s[tag=aj.dynastic_sickleplay.bone.left_arm2] run data modify entity @s {} merge value {transformation:[0.7536186564591196f,0.4934067565236232f,-0.4342910236852581f,-0.5300540211882958f,-0.6093340409552293f,0.7721990672079675f,-0.18005728848429292f,1.2555008432554868f,0.24651764068707635f,0.40032283624592646f,0.8825931563354061f,-0.13347584100835116f,0f,0f,0f,1f],start_interpolation:0}
execute if entity @s[tag=aj.dynastic_sickleplay.bone.left_arm] run data modify entity @s {} merge value {transformation:[0.7536186564591196f,0.4934067565236232f,-0.4342910236852581f,-0.3125f,-0.6093340409552293f,0.7721990672079675f,-0.18005728848429292f,1.3723838549380751f,0.24651764068707635f,0.40032283624592646f,0.8825931563354061f,-0.0025804268609850127f,0f,0f,0f,1f],start_interpolation:0}
execute if entity @s[tag=aj.dynastic_sickleplay.bone.head] run data modify entity @s {} merge value {transformation:[1f,0f,0f,0f,0f,1f,0f,1.5155868427887635f,0f,0f,1f,0.009948211158990854f,0f,0f,0f,1f],start_interpolation:0}
execute if entity @s[tag=aj.dynastic_sickleplay.bone.body_top] run data modify entity @s {} merge value {transformation:[1f,0f,0f,0f,0f,0.9961946980917455f,-0.08715574274765818f,1.1233351804151388f,0f,0.08715574274765818f,0.9961946980917455f,-0.024369362547899558f,0f,0f,0f,1f],start_interpolation:0}
execute if entity @s[tag=aj.dynastic_sickleplay.locator_origin.player_camera] at @s on origin run tp @s ^0 ^0.12169 ^-0.04926 ~-180 ~-5
execute if entity @s[tag=aj.dynastic_sickleplay.bone.body] run data modify entity @s {} merge value {transformation:[1f,0f,0f,0f,0f,0.9961946980917455f,-0.08715574274765818f,0.6875f,0f,0.08715574274765818f,0.9961946980917455f,-0.06250000000000001f,0f,0f,0f,1f],start_interpolation:0}
execute if entity @s[tag=aj.dynastic_sickleplay.bone.right_leg2] run data modify entity @s {} merge value {transformation:[0.9961946980917455f,-0.08641011328638344f,0.011376107230962197f,0.15632159504993964f,0.08715574274765818f,0.9876721143508955f,-0.13002950065171942f,0.40761753037327897f,0f,0.13052619222005157f,0.9914448613738104f,-0.06250000000000001f,0f,0f,0f,1f],start_interpolation:0}
execute if entity @s[tag=aj.dynastic_sickleplay.bone.right_leg] run data modify entity @s {} merge value {transformation:[0.9961946980917455f,-0.08715574274765818f,0f,0.125f,0.08715574274765818f,0.9961946980917455f,0f,0.765625f,0f,0f,1f,-0.06250000000000001f,0f,0f,0f,1f],start_interpolation:0}
execute if entity @s[tag=aj.dynastic_sickleplay.bone.left_leg2] run data modify entity @s {} merge value {transformation:[0.9961946974682871f,0.08508980743395095f,-0.018863971133379818f,-0.15629178661953114f,-0.08508980760008471f,0.9963729613386582f,0.000804086944020066f,0.4198292492494333f,0.018863970383999437f,0.0008041045243765421f,0.999821736129629f,0.030217384982589482f,0f,0f,0f,1f],start_interpolation:0}
execute if entity @s[tag=aj.dynastic_sickleplay.bone.left_leg] run data modify entity @s {} merge value {transformation:[0.9961946974682871f,0.08707279754999965f,0.0038016658039095224f,-0.125f,-0.08508980760008471f,0.9622142629580985f,0.2586569867654531f,0.765625f,0.018863970383999437f,-0.2579962016906838f,0.9659617541779444f,-0.06250000000000001f,0f,0f,0f,1f],start_interpolation:0}