execute if entity @s[tag=aj.dynastic_sickleplay.bone.right_arm2] run data modify entity @s {} merge value {transformation:[-0.09586369447653892f,0.6925189738126603f,0.7150018342569263f,-0.3222962236344882f,0.4085629529809161f,0.6823887287790504f,-0.6061533933641099f,0.9729209358353169f,-0.9076819186988483f,0.23401515708340703f,-0.3483539015461227f,11.017156840233985f,0f,0f,0f,1f],start_interpolation:0}
execute if entity @s[tag=aj.dynastic_sickleplay.bone.right_arm] run data modify entity @s {} merge value {transformation:[-0.09586369447653892f,0.6925189738126603f,0.7150018342569263f,-0.14916648018132309f,0.4085629529809161f,0.6823887287790504f,-0.6061533933641099f,1.1435181180300795f,-0.9076819186988483f,0.23401515708340703f,-0.3483539015461227f,11.075660629504837f,0f,0f,0f,1f],start_interpolation:0}
execute if entity @s[tag=aj.dynastic_sickleplay.bone.lamina_slash] run data modify entity @s {} merge value {transformation:[-0.000011343165102055365f,-0.000009198121082946367f,-0.000015436634154211564f,-0.05801437775265944f,-0.000017903016500980623f,0.000004218632481056594f,0.000010641787451147f,1.5092966611988268f,-0.000001541786506987524f,0.000018685829083378446f,-0.000010001259212401179f,10.318828953772718f,0f,0f,0f,1f],start_interpolation:0}
execute if entity @s[tag=aj.dynastic_sickleplay.locator_origin.sickle0] at @s on origin run tp @s ^-0.70999 ^1.80186 ^11.71829 ~-65.62986 ~31.4946
execute if entity @s[tag=aj.dynastic_sickleplay.locator_origin.sickle1] at @s on origin run tp @s ^-0.6224 ^1.80133 ^11.08004 ~-65.62986 ~31.4946
execute if entity @s[tag=aj.dynastic_sickleplay.locator_origin.sickle2] at @s on origin run tp @s ^-0.31635 ^1.65386 ^10.54074 ~-65.62986 ~31.4946
execute if entity @s[tag=aj.dynastic_sickleplay.locator_origin.sickle3] at @s on origin run tp @s ^0.08086 ^1.28745 ^11.87316 ~-65.62986 ~31.4946
execute if entity @s[tag=aj.dynastic_sickleplay.locator_origin.sickle4] at @s on origin run tp @s ^0.82318 ^0.80568 ^12.00604 ~-65.62986 ~31.4946
execute if entity @s[tag=aj.dynastic_sickleplay.locator_origin.sickle5] at @s on origin run tp @s ^1.56549 ^0.32392 ^12.13892 ~-65.62986 ~31.4946
execute if entity @s[tag=aj.dynastic_sickleplay.locator_origin.lamina_rider] at @s on origin run tp @s ^0.19816 ^0.97823 ^11.15509 ~-65.62986 ~31.4946
execute if entity @s[tag=aj.dynastic_sickleplay.bone.obsidian_lamina] run data modify entity @s {} merge value {transformation:[-0.9341430084045594f,-0.5850801604231337f,-1.359249074205357f,0.3360544006807792f,-1.4743660647866397f,0.23005372360804746f,0.9142319132800114f,1.1850635486457088f,-0.12697065351661962f,1.633173747686789f,-0.6157288063849625f,12.045973754170536f,0f,0f,0f,1f],start_interpolation:0}
execute if entity @s[tag=aj.dynastic_sickleplay.bone.left_arm2] run data modify entity @s {} merge value {transformation:[-0.561734558254521f,-0.2878073010469867f,0.7756424714561778f,0.36537420796322334f,-0.8205392821116427f,0.3135817350109622f,-0.4778930654228252f,1.2330659139344002f,-0.10568619859900465f,-0.9048941667021421f,-0.41230689358065287f,11.736257104508928f,0f,0f,0f,1f],start_interpolation:0}
execute if entity @s[tag=aj.dynastic_sickleplay.bone.left_arm] run data modify entity @s {} merge value {transformation:[-0.561734558254521f,-0.2878073010469867f,0.7756424714561778f,0.22320556291966154f,-0.8205392821116427f,0.3135817350109622f,-0.4778930654228252f,1.2088939374231855f,-0.10568619859900465f,-0.9048941667021421f,-0.41230689358065287f,11.496822788008517f,0f,0f,0f,1f],start_interpolation:0}
execute if entity @s[tag=aj.dynastic_sickleplay.bone.head] run data modify entity @s {} merge value {transformation:[-0.9994137691057112f,0.029752947687829906f,-0.016937538953505027f,0.10223480661627798f,0.031325272536632726f,0.9943191725649448f,-0.10172566229948757f,1.2744377152737796f,0.013814681408629015f,-0.10219660059732405f,-0.9946682911422928f,11.157683580890762f,0f,0f,0f,1f],start_interpolation:0}
execute if entity @s[tag=aj.dynastic_sickleplay.bone.body_top] run data modify entity @s {} merge value {transformation:[-0.7344489295882731f,0.18805964944774795f,0.6520876766787043f,0.028186319646227233f,-0.07676319686661173f,0.9316543943143212f,-0.35514433849018806f,0.9075987975125155f,-0.6743086692557482f,-0.31089171395263276f,-0.6698165127571405f,11.28009719325961f,0f,0f,0f,1f],start_interpolation:0}
execute if entity @s[tag=aj.dynastic_sickleplay.locator_origin.player_camera] at @s on origin run tp @s ^-0.11912 ^-0.04625 ^11.54913 ~44.23162 ~-20.80229
execute if entity @s[tag=aj.dynastic_sickleplay.bone.body] run data modify entity @s {} merge value {transformation:[-0.7344489295882731f,0.18805964944774795f,0.6520876766787043f,-0.05408977698716249f,-0.07676319686661173f,0.9316543943143212f,-0.35514433849018806f,0.5f,-0.6743086692557482f,-0.31089171395263276f,-0.6698165127571405f,11.416112318113887f,0f,0f,0f,1f],start_interpolation:0}
execute if entity @s[tag=aj.dynastic_sickleplay.bone.right_leg2] run data modify entity @s {} merge value {transformation:[-0.523218920598055f,0.7222962666563799f,0.4522500019927717f,-0.3165624617317201f,0.09839904503751574f,0.5783413989236554f,-0.8098387828615856f,0.36535419725773344f,-0.8464984282701954f,-0.3792220055129781f,-0.37367242535515455f,11.39320072873634f,0f,0f,0f,1f],start_interpolation:0}
execute if entity @s[tag=aj.dynastic_sickleplay.bone.right_leg] run data modify entity @s {} merge value {transformation:[-0.5330970032101282f,0.5728380971641207f,0.6226267739230061f,-0.11069877056336425f,0.07774089027698633f,0.7659709293697852f,-0.6381574173660675f,0.640625f,-0.8424748893274637f,-0.2917962470591032f,-0.45286975065122265f,11.288336452449476f,0f,0f,0f,1f],start_interpolation:0}
execute if entity @s[tag=aj.dynastic_sickleplay.bone.left_leg2] run data modify entity @s {} merge value {transformation:[-0.7381029004099651f,-0.1070101318417252f,0.666147836511997f,0.2654372511406551f,-0.13992973308909007f,0.9901533001973122f,0.004013963874723081f,0.3689657802222447f,-0.6600180135450954f,-0.09025117058292453f,-0.7458089219125759f,11.30005333781957f,0f,0f,0f,1f],start_interpolation:0}
execute if entity @s[tag=aj.dynastic_sickleplay.bone.left_leg] run data modify entity @s {} merge value {transformation:[-0.7381029004099651f,-0.5101660923841889f,0.44151406159696077f,0.08209631169008719f,-0.13992973308909007f,0.7559213072076669f,0.6395331477781806f,0.640625f,-0.6600180135450954f,0.41026032648904714f,-0.6293351144700947f,11.447490642651571f,0f,0f,0f,1f],start_interpolation:0}