execute if entity @s[tag=aj.dynastic_sickleplay.bone.right_arm2] run data modify entity @s {} merge value {transformation:[0.836135442508388f,0.429019692668457f,0.341788860386006f,0.23980938043486538f,0.453936216218411f,-0.1914038378654329f,-0.870233579250821f,1.3288313287214506f,-0.30792764310242443f,0.8827834809017701f,-0.35478710864452245f,-6.3255422437551445f,0f,0f,0f,1f],start_interpolation:0}
execute if entity @s[tag=aj.dynastic_sickleplay.bone.right_arm] run data modify entity @s {} merge value {transformation:[0.836135442508388f,0.429019692668457f,0.341788860386006f,0.34706430360197965f,0.453936216218411f,-0.1914038378654329f,-0.870233579250821f,1.2809803692550923f,-0.30792764310242443f,0.8827834809017701f,-0.35478710864452245f,-6.104846373529702f,0f,0f,0f,1f],start_interpolation:0}
execute if entity @s[tag=aj.dynastic_sickleplay.bone.lamina_slash] run data modify entity @s {} merge value {transformation:[0.0000030186277640143535f,0.000006659770173326738f,-0.00001995238952258072f,-1.9721201872035428f,-0.000020989828226200992f,-3.5934008634635763e-7f,-0.0000032955251079183893f,1.1294080729090545f,-0.0000013702180326129274f,0.00002017624434677604f,0.000006527186729540545f,-6.780456254041114f,0f,0f,0f,1f],start_interpolation:0}
execute if entity @s[tag=aj.dynastic_sickleplay.locator_origin.sickle0] at @s on origin run tp @s ^-1.47071 ^1.1086 ^-5.35711 ~-115.70723 ~-8.97271
execute if entity @s[tag=aj.dynastic_sickleplay.locator_origin.sickle1] at @s on origin run tp @s ^-1.88057 ^1.08206 ^-5.85345 ~-115.70723 ~-8.97271
execute if entity @s[tag=aj.dynastic_sickleplay.locator_origin.sickle2] at @s on origin run tp @s ^-2.04012 ^1.09938 ^-6.47029 ~-115.70723 ~-8.97271
execute if entity @s[tag=aj.dynastic_sickleplay.locator_origin.sickle3] at @s on origin run tp @s ^-0.71758 ^1.25417 ^-5.92778 ~-115.70723 ~-8.97271
execute if entity @s[tag=aj.dynastic_sickleplay.locator_origin.sickle4] at @s on origin run tp @s ^-0.02007 ^1.38998 ^-6.47167 ~-115.70723 ~-8.97271
execute if entity @s[tag=aj.dynastic_sickleplay.locator_origin.sickle5] at @s on origin run tp @s ^0.67743 ^1.5258 ^-7.01557 ~-115.70723 ~-8.97271
execute if entity @s[tag=aj.dynastic_sickleplay.locator_origin.lamina_rider] at @s on origin run tp @s ^-1.00703 ^1.00462 ^-6.61984 ~-115.70723 ~-8.97271
execute if entity @s[tag=aj.dynastic_sickleplay.bone.obsidian_lamina] run data modify entity @s {} merge value {transformation:[0.248592874683535f,0.7582321226405124f,-1.557493380676989f,-0.42125663466842034f,-1.728574089216552f,0.0060847674265777675f,-0.27293697751409546f,1.3648562381754143f,-0.11284148503871166f,1.577195937035544f,0.7498131603625204f,-6.001318768359693f,0f,0f,0f,1f],start_interpolation:0}
execute if entity @s[tag=aj.dynastic_sickleplay.bone.left_arm2] run data modify entity @s {} merge value {transformation:[0.14205307124773428f,0.7688096127684453f,-0.6235003642853134f,-0.37320603387039253f,-0.9877566224094583f,0.06906447034444674f,-0.13988192814763145f,1.3691727675719423f,-0.06448084859354952f,0.6357372714029546f,0.7692076065106102f,-5.961585188897008f,0f,0f,0f,1f],start_interpolation:0}
execute if entity @s[tag=aj.dynastic_sickleplay.bone.left_arm] run data modify entity @s {} merge value {transformation:[0.14205307124773428f,0.7688096127684453f,-0.6235003642853134f,-0.1632469967723144f,-0.9877566224094583f,0.06906447034444674f,-0.13988192814763145f,1.2629693073568717f,-0.06448084859354952f,0.6357372714029546f,0.7692076065106102f,-5.810710977120463f,0f,0f,0f,1f],start_interpolation:0}
execute if entity @s[tag=aj.dynastic_sickleplay.bone.head] run data modify entity @s {} merge value {transformation:[0.9751861366113553f,0.20164497286217697f,0.09138546865027608f,0.11105414695495146f,-0.1443186257005783f,0.892045353331347f,-0.4282840434522964f,1.3935233041577113f,-0.167881306990728f,0.40446803646192375f,0.8990113871602076f,-5.881343339404995f,0f,0f,0f,1f],start_interpolation:0}
execute if entity @s[tag=aj.dynastic_sickleplay.bone.body_top] run data modify entity @s {} merge value {transformation:[0.8659828127563778f,0.240761546708451f,0.43830086200817175f,0.016254287938498854f,0.03056422625152591f,0.8493513433476225f,-0.5269422393652216f,1.0590912127145848f,-0.49913885451264717f,0.4697192493182958f,0.7281649749443179f,-6.066295293824074f,0f,0f,0f,1f],start_interpolation:0}
execute if entity @s[tag=aj.dynastic_sickleplay.locator_origin.player_camera] at @s on origin run tp @s ^-0.19711 ^0.17681 ^-6.4905 ~148.9552 ~-31.79909
execute if entity @s[tag=aj.dynastic_sickleplay.bone.body] run data modify entity @s {} merge value {transformation:[0.8659828127563778f,0.240761546708451f,0.43830086200817175f,-0.08907888874644847f,0.03056422625152591f,0.8493513433476225f,-0.5269422393652216f,0.6875f,-0.49913885451264717f,0.4697192493182958f,0.7281649749443179f,-6.271797465400828f,0f,0f,0f,1f],start_interpolation:0}
execute if entity @s[tag=aj.dynastic_sickleplay.bone.right_leg2] run data modify entity @s {} merge value {transformation:[0.9618056728291589f,-0.00862505112912082f,0.27359725182587086f,0.09114740690375445f,0.25347904461148363f,0.405380114786801f,-0.878302531294479f,0.5102408278094633f,-0.10333548111127372f,0.9141075270603891f,0.39208316377401553f,-6.519096356276963f,0f,0f,0f,1f],start_interpolation:0}
execute if entity @s[tag=aj.dynastic_sickleplay.bone.right_leg] run data modify entity @s {} merge value {transformation:[0.9618056728291589f,-0.11266964361943815f,0.249470236942842f,0.05065675372801886f,0.25347904461148363f,0.7106342182693194f,-0.6563134782766561f,0.765625f,-0.10333548111127372f,0.6944815038799969f,0.7120514160593177f,-6.2695170658200885f,0f,0f,0f,1f],start_interpolation:0}
execute if entity @s[tag=aj.dynastic_sickleplay.bone.left_leg2] run data modify entity @s {} merge value {transformation:[0.9965907903014005f,0.08046643502213793f,0.018219481915195013f,-0.15053511954716056f,-0.07182351735268716f,0.9548323428172313f,-0.28833414550698944f,0.6133921974577371f,-0.04059777138610354f,0.2860425666661968f,0.9573565015256835f,-5.87277836177193f,0f,0f,0f,1f],start_interpolation:0}
execute if entity @s[tag=aj.dynastic_sickleplay.bone.left_leg] run data modify entity @s {} merge value {transformation:[0.9965907903014005f,0.010400428928926175f,0.08184514502720622f,-0.14679746540082772f,-0.07182351735268716f,0.5975173635958619f,0.7986328208610881f,0.828125f,-0.04059777138610354f,-0.8017885202966832f,0.5962272969924616f,-6.1609211112535505f,0f,0f,0f,1f],start_interpolation:0}