execute if entity @s[tag=aj.dynastic_sickleplay.bone.right_arm2] run data modify entity @s {} merge value {transformation:[-0.39415459783992857f,0.8522764853955873f,-0.3438996153580138f,-0.40165404848130926f,0.7834434846780186f,0.5072173028950107f,0.35909179043731204f,0.9993149709548533f,0.4804773244568443f,-0.12788823278807412f,-0.8676324916674897f,2.3284984426382467f,0f,0f,0f,1f],start_interpolation:0}
execute if entity @s[tag=aj.dynastic_sickleplay.bone.right_arm] run data modify entity @s {} merge value {transformation:[-0.39415459783992857f,0.8522764853955873f,-0.3438996153580138f,-0.18858492713241246f,0.7834434846780186f,0.5072173028950107f,0.35909179043731204f,1.126119296678606f,0.4804773244568443f,-0.12788823278807412f,-0.8676324916674897f,2.2965263844412283f,0f,0f,0f,1f],start_interpolation:0}
execute if entity @s[tag=aj.dynastic_sickleplay.bone.lamina_slash] run data modify entity @s {} merge value {transformation:[0.13884231100646707f,-1.0063429856102453f,0.43861170166203417f,0.3474995715416809f,-0.442189360383685f,0.11763759053350993f,0.4468932068799916f,1.9532812334161003f,-0.25964965768868525f,-0.7384607336253782f,-0.5265308656049081f,1.1701221914234996f,0f,0f,0f,1f],start_interpolation:0}
execute if entity @s[tag=aj.dynastic_sickleplay.locator_origin.sickle0] at @s on origin run tp @s ^-0.2605 ^1.91581 ^0.90882 ~30.83328 ~33.62911
execute if entity @s[tag=aj.dynastic_sickleplay.locator_origin.sickle1] at @s on origin run tp @s ^0.34729 ^1.98877 ^1.10958 ~30.83328 ~33.62911
execute if entity @s[tag=aj.dynastic_sickleplay.locator_origin.sickle2] at @s on origin run tp @s ^0.83506 ^1.90596 ^1.51142 ~30.83328 ~33.62911
execute if entity @s[tag=aj.dynastic_sickleplay.locator_origin.sickle3] at @s on origin run tp @s ^-0.49826 ^1.39254 ^1.67283 ~30.83328 ~33.62911
execute if entity @s[tag=aj.dynastic_sickleplay.locator_origin.sickle4] at @s on origin run tp @s ^-0.70934 ^0.90388 ^2.39216 ~30.83328 ~33.62911
execute if entity @s[tag=aj.dynastic_sickleplay.locator_origin.sickle5] at @s on origin run tp @s ^-0.92043 ^0.41521 ^3.11149 ~30.83328 ~33.62911
execute if entity @s[tag=aj.dynastic_sickleplay.bone.obsidian_lamina] run data modify entity @s {} merge value {transformation:[0.4573629068448324f,-1.5151096348519886f,0.7468346308394664f,-0.7020673955462882f,-1.4566237753815492f,0.03802250556821877f,0.9691756631609753f,1.272850120008897f,-0.85531651944508f,-0.8749269017746516f,-1.2511740758644918f,1.8955543842977363f,0f,0f,0f,1f],start_interpolation:0}
execute if entity @s[tag=aj.dynastic_sickleplay.bone.left_arm2] run data modify entity @s {} merge value {transformation:[0.10327192283375525f,0.43511040416894015f,-0.8944349311929631f,-0.3472659728831579f,-0.7852398765856503f,-0.5162911536366585f,-0.3418212703976751f,1.4361217104055564f,-0.6105188335948132f,0.737646514843302f,0.2883476598926357f,1.681078874051078f,0f,0f,0f,1f],start_interpolation:0}
execute if entity @s[tag=aj.dynastic_sickleplay.bone.left_arm] run data modify entity @s {} merge value {transformation:[0.10327192283375525f,0.43511040416894015f,-0.8944349311929631f,-0.22557938148670348f,-0.7852398765856503f,-0.5162911536366585f,-0.3418212703976751f,1.2088939374231855f,-0.6105188335948132f,0.737646514843302f,0.2883476598926357f,1.7891756485625518f,0f,0f,0f,1f],start_interpolation:0}
execute if entity @s[tag=aj.dynastic_sickleplay.bone.head] run data modify entity @s {} merge value {transformation:[-0.11589654948740885f,-0.1526093542419912f,-0.9814674598858362f,-0.29038523697183477f,-0.04887663874528829f,0.9878053270137181f,-0.1478232394053257f,1.2744377152737796f,0.9920579942734576f,0.03083862709596729f,-0.1219422612426091f,2.1433641954975315f,0f,0f,0f,1f],start_interpolation:0}
execute if entity @s[tag=aj.dynastic_sickleplay.bone.body_top] run data modify entity @s {} merge value {transformation:[0.29889709617785754f,-0.3183102908248626f,-0.899632749877102f,-0.1650505599595451f,-0.07676319686661173f,0.9316543943143212f,-0.35514433849018806f,0.9075987975125155f,0.951192902361694f,0.17521029738519056f,0.25403427758263386f,2.074375140902113f,0f,0f,0f,1f],start_interpolation:0}
execute if entity @s[tag=aj.dynastic_sickleplay.locator_origin.player_camera] at @s on origin run tp @s ^0.09703 ^-0.04625 ^1.91504 ~-105.76838 ~-20.80229
execute if entity @s[tag=aj.dynastic_sickleplay.bone.body] run data modify entity @s {} merge value {transformation:[0.29889709617785754f,-0.3183102908248626f,-0.899632749877102f,-0.025789807723667707f,-0.07676319686661173f,0.9316543943143212f,-0.35514433849018806f,0.5f,0.951192902361694f,0.17521029738519056f,0.25403427758263386f,1.997720635796092f,0f,0f,0f,1f],start_interpolation:0}
execute if entity @s[tag=aj.dynastic_sickleplay.bone.right_leg2] run data modify entity @s {} merge value {transformation:[0.3137803192540627f,-0.30698265893289406f,-0.8985007280816801f,-0.3659351826039229f,0.1723008589051995f,0.9489910911567204f,-0.2640612105662395f,0.4315129550667529f,0.933731398888004f,-0.07195523622133153f,0.35066810335555676f,2.2780296689047024f,0f,0f,0f,1f],start_interpolation:0}
execute if entity @s[tag=aj.dynastic_sickleplay.bone.right_leg] run data modify entity @s {} merge value {transformation:[0.2939061557841533f,0.7421912774332942f,-0.6023049719985017f,-0.09921019227633279f,0.16331329483334694f,0.5818769945968614f,0.7967106945997402f,0.640625f,0.9417791351069832f,-0.33252258699351434f,0.049807527706998284f,2.158529364203908f,0f,0f,0f,1f],start_interpolation:0}
execute if entity @s[tag=aj.dynastic_sickleplay.bone.left_leg2] run data modify entity @s {} merge value {transformation:[0.16765269621824155f,-0.8968902908096599f,-0.40924366788274f,0.11346154921842053f,-0.23799043384519689f,0.36602098261702776f,-0.8996605991607283f,0.33287150768312423f,0.9566886258594955f,0.24822660319842776f,-0.152086904813141f,1.7991211310914423f,0f,0f,0f,1f],start_interpolation:0}
execute if entity @s[tag=aj.dynastic_sickleplay.bone.left_leg] run data modify entity @s {} merge value {transformation:[0.16765269621824155f,-0.6720078110880948f,-0.7213169035086744f,-0.12804125789136356f,-0.23799043384519689f,0.6824445003600021f,-0.6911078478259107f,0.578125f,0.9566886258594955f,0.2875326168715036f,-0.04551777000355178f,1.902453165279639f,0f,0f,0f,1f],start_interpolation:0}