execute if entity @s[tag=aj.dynastic_sickleplay.bone.right_arm2] run data modify entity @s {} merge value {transformation:[0.9556148443873661f,-0.17191758930077583f,0.23925846207714335f,0.18096986066339898f,0.2880730456931449f,0.3750018700996597f,-0.8811285478106095f,1.1653154275476356f,0.06175912508759618f,0.910943433979722f,0.40788217729835535f,0.11351127100879232f,0f,0f,0f,1f],start_interpolation:0}
execute if entity @s[tag=aj.dynastic_sickleplay.bone.right_arm] run data modify entity @s {} merge value {transformation:[0.9556148443873661f,-0.17191758930077583f,0.23925846207714335f,0.13799046333820503f,0.2880730456931449f,0.3750018700996597f,-0.8811285478106095f,1.2590658950725506f,0.06175912508759618f,0.910943433979722f,0.40788217729835535f,0.3412471295037228f,0f,0f,0f,1f],start_interpolation:0}
execute if entity @s[tag=aj.dynastic_sickleplay.bone.lamina_slash] run data modify entity @s {} merge value {transformation:[-0.000009319748738462959f,0.000004576668048653164f,-0.000018540736043219953f,-1.7568206422304011f,-0.000019068079062037862f,-0.00000109029533430522f,0.000009315691974720167f,2.0412816676507073f,0.000001055056555731253f,0.000020722641377402393f,0.0000045849198474759635f,-0.31879661471826515f,0f,0f,0f,1f],start_interpolation:0}
execute if entity @s[tag=aj.dynastic_sickleplay.locator_origin.sickle0] at @s on origin run tp @s ^-1.35958 ^1.92715 ^1.12746 ~-112.1799 ~25.33677
execute if entity @s[tag=aj.dynastic_sickleplay.locator_origin.sickle1] at @s on origin run tp @s ^-1.69498 ^2.06157 ^0.5941 ~-112.1799 ~25.33677
execute if entity @s[tag=aj.dynastic_sickleplay.locator_origin.sickle2] at @s on origin run tp @s ^-1.795 ^2.07563 ^-0.03522 ~-112.1799 ~25.33677
execute if entity @s[tag=aj.dynastic_sickleplay.locator_origin.sickle3] at @s on origin run tp @s ^-0.63635 ^1.54622 ^0.63158 ~-112.1799 ~25.33677
execute if entity @s[tag=aj.dynastic_sickleplay.locator_origin.sickle4] at @s on origin run tp @s ^0.03457 ^1.19204 ^0.15703 ~-112.1799 ~25.33677
execute if entity @s[tag=aj.dynastic_sickleplay.locator_origin.sickle5] at @s on origin run tp @s ^0.7055 ^0.83787 ^-0.31752 ~-112.1799 ~25.33677
execute if entity @s[tag=aj.dynastic_sickleplay.bone.obsidian_lamina] run data modify entity @s {} merge value {transformation:[-0.767508719638126f,0.5729759984718371f,-1.4646258465746969f,-0.3269332923444309f,-1.5703123933442944f,-0.18915725359438906f,0.7488915280078569f,1.4618193471071212f,0.08688701047198552f,1.6426862264558717f,0.5971035160032235f,0.5805224582666496f,0f,0f,0f,1f],start_interpolation:0}
execute if entity @s[tag=aj.dynastic_sickleplay.bone.left_arm2] run data modify entity @s {} merge value {transformation:[-0.5964663448868169f,0.8024786838458484f,0.01599566786339674f,-0.42109759951860626f,-0.7924065550250762f,-0.5919179149147682f,0.1473941435615555f,1.4831495906137766f,0.12774878070123405f,0.07524057400092428f,0.9889484845295836f,0.5813943621342532f,0f,0f,0f,1f],start_interpolation:0}
execute if entity @s[tag=aj.dynastic_sickleplay.bone.left_arm] run data modify entity @s {} merge value {transformation:[-0.5964663448868169f,0.8008516733297297f,0.05352099347296391f,-0.29544297429702593f,-0.7924065550250762f,-0.598165421573692f,0.11954070430969763f,1.234557415842219f,0.12774878070123405f,0.02889162090537023f,0.9913856581930207f,0.6045858649482501f,0f,0f,0f,1f],start_interpolation:0}
execute if entity @s[tag=aj.dynastic_sickleplay.bone.head] run data modify entity @s {} merge value {transformation:[0.9805824206006015f,0.018598884168996216f,0.19522345636919086f,0.052473600297720205f,0.0045365683630857745f,0.9930747545273784f,-0.11739655645662861f,1.3183325690497656f,-0.1960549309671964f,0.1160026440563128f,0.9737072715222952f,0.5278975781809051f,0f,0f,0f,1f],start_interpolation:0}
execute if entity @s[tag=aj.dynastic_sickleplay.bone.body_top] run data modify entity @s {} merge value {transformation:[0.7614391460415167f,0.2420859854841045f,0.6013358483474569f,-0.04284775648664596f,-0.02497781626500481f,0.9379171234502743f,-0.3459589256449305f,0.9490277016912201f,-0.6477549965613522f,0.24840661257493293f,0.7202135928034474f,0.4300874744795253f,0f,0f,0f,1f],start_interpolation:0}
execute if entity @s[tag=aj.dynastic_sickleplay.locator_origin.player_camera] at @s on origin run tp @s ^-0.25133 ^-0.00863 ^0.22194 ~140.15064 ~-20.61058
execute if entity @s[tag=aj.dynastic_sickleplay.bone.body] run data modify entity @s {} merge value {transformation:[0.7614391460415167f,0.24596804518624996f,0.599758407713323f,-0.1504587762556303f,-0.02497781626500481f,0.9356612017492439f,-0.35201452276261597f,0.5396759259259258f,-0.6477549965613522f,0.25305698229532314f,0.7185928110838482f,0.3193750447253214f,0f,0f,0f,1f],start_interpolation:0}
execute if entity @s[tag=aj.dynastic_sickleplay.bone.right_leg2] run data modify entity @s {} merge value {transformation:[0.7511603340047445f,-0.03574676096339696f,0.6591512130751994f,0.21391429889850538f,0.06687588570642844f,0.9975162065165952f,-0.022114105175708387f,0.4529433650249397f,-0.6567235099559491f,0.060692559818872116f,0.7516852031627145f,0.5415833541629747f,0f,0f,0f,1f],start_interpolation:0}
execute if entity @s[tag=aj.dynastic_sickleplay.bone.right_leg] run data modify entity @s {} merge value {transformation:[0.7651940309930867f,-0.5243979760497396f,0.3734767163391694f,0.025458776255630228f,0.05658239211820437f,0.6326471259853528f,0.7723704078255815f,0.6803009259259258f,-0.6413084498388691f,-0.5698810197729085f,0.5137694964357625f,0.3367823626820857f,0f,0f,0f,1f],start_interpolation:0}
execute if entity @s[tag=aj.dynastic_sickleplay.bone.left_leg2] run data modify entity @s {} merge value {transformation:[0.8622523400554464f,0.5041526690306287f,0.04848699184523872f,-0.3426139851508073f,-0.19302602057919088f,0.41561508972296135f,-0.8888222840219167f,0.3075200836554084f,-0.4682540522497042f,0.757029843205582f,0.4556796671433379f,0.32605362410284733f,0f,0f,0f,1f],start_interpolation:0}
execute if entity @s[tag=aj.dynastic_sickleplay.bone.left_leg] run data modify entity @s {} merge value {transformation:[0.8622523400554464f,0.375987011616803f,0.33934446977131216f,-0.20749365285101873f,-0.19302602057919088f,0.8633901697962225f,-0.46615273256585316f,0.6178009259259258f,-0.4682540522497042f,0.3364389718726356f,0.8170354709295156f,0.4469613796195757f,0f,0f,0f,1f],start_interpolation:0}