execute if entity @s[tag=aj.dynastic_sickleplay.bone.right_arm2] run data modify entity @s {} merge value {transformation:[-0.33008076001666226f,-0.17541913346763383f,0.9275100104474813f,-0.23095995925971802f,0.8986341198841543f,0.24239921744803192f,0.36564920068367895f,1.0785503685362052f,-0.28896956664474915f,0.9541859079833687f,0.07762630069183774f,6.4810229149270295f,0f,0f,0f,1f],start_interpolation:0}
execute if entity @s[tag=aj.dynastic_sickleplay.bone.right_arm] run data modify entity @s {} merge value {transformation:[-0.33008076001666226f,-0.17541913346763383f,0.9275100104474813f,-0.2748147426266265f,0.8986341198841543f,0.24239921744803192f,0.36564920068367895f,1.1391501728982132f,-0.28896956664474915f,0.9541859079833687f,0.07762630069183774f,6.719569391922872f,0f,0f,0f,1f],start_interpolation:0}
execute if entity @s[tag=aj.dynastic_sickleplay.bone.lamina_slash] run data modify entity @s {} merge value {transformation:[-0.04474176632479353f,0.9278406196602151f,1.4037315906030856f,1.6928788047733287f,-1.7227756459843004f,-0.3853105920404769f,0.34303166055142986f,1.4324289908958445f,0.5896136775600145f,-1.0554206925640663f,1.1088142054549017f,7.366263907304284f,0f,0f,0f,1f],start_interpolation:0}
execute if entity @s[tag=aj.dynastic_sickleplay.locator_origin.sickle0] at @s on origin run tp @s ^1.68637 ^1.24363 ^6.81413 ~120.99825 ~8.75473
execute if entity @s[tag=aj.dynastic_sickleplay.locator_origin.sickle1] at @s on origin run tp @s ^1.48704 ^1.44663 ^7.39215 ~120.99825 ~8.75473
execute if entity @s[tag=aj.dynastic_sickleplay.locator_origin.sickle2] at @s on origin run tp @s ^1.04945 ^1.60683 ^7.827 ~120.99825 ~8.75473
execute if entity @s[tag=aj.dynastic_sickleplay.locator_origin.sickle3] at @s on origin run tp @s ^0.79261 ^1.15471 ^6.48648 ~120.99825 ~8.75473
execute if entity @s[tag=aj.dynastic_sickleplay.locator_origin.sickle4] at @s on origin run tp @s ^-0.04819 ^1.07529 ^6.19064 ~120.99825 ~8.75473
execute if entity @s[tag=aj.dynastic_sickleplay.locator_origin.sickle5] at @s on origin run tp @s ^-0.889 ^0.99588 ^5.8948 ~120.99825 ~8.75473
execute if entity @s[tag=aj.dynastic_sickleplay.locator_origin.lamina_rider] at @s on origin run tp @s ^0.38844 ^1.13331 ^7.16559 ~120.99825 ~8.75473
execute if entity @s[tag=aj.dynastic_sickleplay.bone.obsidian_lamina] run data modify entity @s {} merge value {transformation:[-0.04298718725323297f,0.9287467482103978f,1.4825928569302709f,0.5625666815663104f,-1.655215816730013f,-0.501810320696028f,0.2663587845176974f,1.1483359387998322f,0.5664915725576607f,-1.3957492180658948f,0.8907701266261614f,6.257334344043429f,0f,0f,0f,1f],start_interpolation:0}
execute if entity @s[tag=aj.dynastic_sickleplay.bone.left_arm2] run data modify entity @s {} merge value {transformation:[-0.05681437935212108f,-0.8971573868730177f,-0.4380419494500627f,0.48100014384383233f,-0.9322227874923834f,0.20473258098549799f,-0.2984044985635225f,1.2625047716457374f,0.3573972590532334f,0.3913990207731677f,-0.8479823145319959f,6.477458123370006f,0f,0f,0f,1f],start_interpolation:0}
execute if entity @s[tag=aj.dynastic_sickleplay.bone.left_arm] run data modify entity @s {} merge value {transformation:[-0.05681437935212108f,-0.8971573868730177f,-0.4380419494500627f,0.24960899970656275f,-0.9322227874923834f,0.20473258098549799f,-0.2984044985635225f,1.1971600684555639f,0.3573972590532334f,0.3913990207731677f,-0.8479823145319959f,6.619982535944953f,0f,0f,0f,1f],start_interpolation:0}
execute if entity @s[tag=aj.dynastic_sickleplay.bone.head] run data modify entity @s {} merge value {transformation:[-0.9918645246928794f,0.009509688657850832f,0.12694223283603673f,-0.10398344366857129f,-0.0021099813671183187f,0.9958405862902618f,-0.09108827957370816f,1.291516550509457f,-0.12728044875155886f,-0.09061507887045261f,-0.9877188845247937f,6.623797084727697f,0f,0f,0f,1f],start_interpolation:0}
execute if entity @s[tag=aj.dynastic_sickleplay.bone.body_top] run data modify entity @s {} merge value {transformation:[-0.8824520869472521f,-0.15528381905197053f,-0.4440329377231759f,-0.04284043991685789f,-0.01401033605838578f,0.9522003615151362f,-0.30515271916529774f,0.916587658162872f,0.4701936034507169f,-0.2630616031865517f,-0.8424467747003075f,6.727377590982401f,0f,0f,0f,1f],start_interpolation:0}
execute if entity @s[tag=aj.dynastic_sickleplay.locator_origin.player_camera] at @s on origin run tp @s ^0.08469 ^-0.05468 ^6.93779 ~-27.79261 ~-17.76735
execute if entity @s[tag=aj.dynastic_sickleplay.bone.body] run data modify entity @s {} merge value {transformation:[-0.8824520869472521f,-0.15528381905197053f,-0.4440329377231759f,0.025096230918379217f,-0.01401033605838578f,0.9522003615151362f,-0.30515271916529774f,0.5f,0.4701936034507169f,-0.2630616031865517f,-0.8424467747003075f,6.8424670423765175f,0f,0f,0f,1f],start_interpolation:0}
execute if entity @s[tag=aj.dynastic_sickleplay.bone.right_leg2] run data modify entity @s {} merge value {transformation:[-0.9538818662507527f,0.24653317744521447f,0.1712623065847997f,-0.1726544431591271f,0.009304761491750848f,0.5945367602032511f,-0.8040145907759406f,0.41306032487275013f,-0.3000380086781692f,-0.7653413834268913f,-0.5694117667932845f,7.047890990208257f,0f,0f,0f,1f],start_interpolation:0}
execute if entity @s[tag=aj.dynastic_sickleplay.bone.right_leg] run data modify entity @s {} merge value {transformation:[-0.9568620701058392f,0.17369246743848926f,0.2329075042756152f,-0.11023371267342003f,-0.01160040934829161f,0.7781509800642317f,-0.627970128850113f,0.6927083333333334f,-0.29031088387402637f,-0.6035826198460363f,-0.7425682539161471f,6.830978486201088f,0f,0f,0f,1f],start_interpolation:0}
execute if entity @s[tag=aj.dynastic_sickleplay.bone.left_leg2] run data modify entity @s {} merge value {transformation:[-0.9798455280305549f,-0.13831052088215895f,-0.14412821032618164f,0.0781996754215355f,-0.1426431632930053f,0.9895695872915293f,0.020123614820339586f,0.4446039583710697f,0.1398415859617133f,0.04027693783020542f,-0.9893543849979813f,6.435884954521629f,0f,0f,0f,1f],start_interpolation:0}
execute if entity @s[tag=aj.dynastic_sickleplay.bone.left_leg] run data modify entity @s {} merge value {transformation:[-0.9798455280305549f,0.040076270077534615f,-0.19569525741620486f,0.09260208498064951f,-0.1426431632930053f,0.5454498549674582f,0.825916087554749f,0.640625f,0.1398415859617133f,0.8371847754782996f,-0.5287399952179344f,6.736748233209142f,0f,0f,0f,1f],start_interpolation:0}