execute if entity @s[tag=aj.dynastic_sickleplay.bone.right_arm2] run data modify entity @s {} merge value {transformation:[0.7407005869542744f,-0.6342250469150603f,-0.22163309850106605f,0.3254867647780567f,0.2923981291008306f,0.6013324777659929f,-0.743574196218606f,1.0562110980373896f,0.6048685597581738f,0.4859607402346425f,0.6308535363827891f,0.05057748776200503f,0f,0f,0f,1f],start_interpolation:0}
execute if entity @s[tag=aj.dynastic_sickleplay.bone.right_arm] run data modify entity @s {} merge value {transformation:[0.7407005869542744f,-0.6342250469150603f,-0.22163309850106605f,0.16693050304929163f,0.2923981291008306f,0.6013324777659929f,-0.743574196218606f,1.2065442174788878f,0.6048685597581738f,0.4859607402346425f,0.6308535363827891f,0.17206767282066565f,0f,0f,0f,1f],start_interpolation:0}
execute if entity @s[tag=aj.dynastic_sickleplay.bone.lamina_slash] run data modify entity @s {} merge value {transformation:[-0.000009514630853199009f,-0.0000015425155042088774f,-0.000018938187496342654f,-1.385538978111108f,-0.000018997678819140667f,0.0000011624133681590896f,0.000009449840985238817f,1.8703923002505765f,3.4999887446647944e-7f,0.00002116204009732523f,-0.0000018994893279699935f,-1.0076489471263554f,0f,0f,0f,1f],start_interpolation:0}
execute if entity @s[tag=aj.dynastic_sickleplay.locator_origin.sickle0] at @s on origin run tp @s ^-1.46103 ^1.93593 ^0.49741 ~-92.65181 ~26.61761
execute if entity @s[tag=aj.dynastic_sickleplay.locator_origin.sickle1] at @s on origin run tp @s ^-1.6283 ^2.00832 ^-0.1205 ~-92.65181 ~26.61761
execute if entity @s[tag=aj.dynastic_sickleplay.locator_origin.sickle2] at @s on origin run tp @s ^-1.54439 ^1.95469 ^-0.75005 ~-92.65181 ~26.61761
execute if entity @s[tag=aj.dynastic_sickleplay.locator_origin.sickle3] at @s on origin run tp @s ^-0.63211 ^1.51661 ^0.27132 ~-92.65181 ~26.61761
execute if entity @s[tag=aj.dynastic_sickleplay.locator_origin.sickle4] at @s on origin run tp @s ^0.141 ^1.1253 ^0.04781 ~-92.65181 ~26.61761
execute if entity @s[tag=aj.dynastic_sickleplay.locator_origin.sickle5] at @s on origin run tp @s ^0.91411 ^0.73398 ^-0.17569 ~-92.65181 ~26.61761
execute if entity @s[tag=aj.dynastic_sickleplay.locator_origin.lamina_rider] at @s on origin run tp @s ^-0.77731 ^1.29597 ^-0.47382 ~-92.65181 ~26.61761
execute if entity @s[tag=aj.dynastic_sickleplay.bone.obsidian_lamina] run data modify entity @s {} merge value {transformation:[-0.7835578349693301f,0.07762674139373793f,-1.5628535466507312f,-0.3222684248036569f,-1.5645147262821724f,-0.006669188254618298f,0.7840594321696822f,1.4322390487871426f,0.02882343672076889f,1.7482647428088853f,0.07238507129919633f,0.319804084374916f,0f,0f,0f,1f],start_interpolation:0}
execute if entity @s[tag=aj.dynastic_sickleplay.bone.left_arm2] run data modify entity @s {} merge value {transformation:[-0.6164446492588423f,0.7698196034251938f,-0.16545021179321884f,-0.41479491094955206f,-0.7852398765856504f,-0.5854831871250027f,0.2015137062675935f,1.4534197187776425f,0.05826088413245954f,0.25414014987055256f,0.9654110283210348f,0.3021155335510917f,0f,0f,0f,1f],start_interpolation:0}
execute if entity @s[tag=aj.dynastic_sickleplay.bone.left_arm] run data modify entity @s {} merge value {transformation:[-0.6164446492588423f,0.7698196034251938f,-0.16545021179321884f,-0.2993955912506089f,-0.7852398765856504f,-0.5854831871250027f,0.2015137062675935f,1.2088939374231855f,0.05826088413245954f,0.25414014987055256f,0.9654110283210348f,0.3729331815352873f,0f,0f,0f,1f],start_interpolation:0}
execute if entity @s[tag=aj.dynastic_sickleplay.bone.head] run data modify entity @s {} merge value {transformation:[0.9948848423279818f,0.03674662369181221f,0.0940948253267927f,0.05949726324339939f,-0.022105015990695198f,0.9881082745140592f,-0.15216243329054596f,1.2744377152737796f,-0.0985673311705173f,0.14930413083401653f,0.9838662295972054f,0.3438600895391714f,0f,0f,0f,1f],start_interpolation:0}
execute if entity @s[tag=aj.dynastic_sickleplay.bone.body_top] run data modify entity @s {} merge value {transformation:[0.841421529157346f,0.25162491679374055f,0.47822035874589963f,-0.039580047744135954f,-0.07676319686661173f,0.9316543943143212f,-0.35514433849018806f,0.9075987975125155f,-0.5348992632985502f,0.2621163688199549f,0.8032295981344997f,0.24065176931631413f,0f,0f,0f,1f],start_interpolation:0}
execute if entity @s[tag=aj.dynastic_sickleplay.locator_origin.player_camera] at @s on origin run tp @s ^-0.26132 ^-0.04625 ^0.02874 ~149.23162 ~-20.80229
execute if entity @s[tag=aj.dynastic_sickleplay.bone.body] run data modify entity @s {} merge value {transformation:[0.841421529157346f,0.25162491679374055f,0.47822035874589963f,-0.14966594884139744f,-0.07676319686661173f,0.9316543943143212f,-0.35514433849018806f,0.5f,-0.5348992632985502f,0.2621163688199549f,0.8032295981344997f,0.12597585795758384f,0f,0f,0f,1f],start_interpolation:0}
execute if entity @s[tag=aj.dynastic_sickleplay.bone.right_leg2] run data modify entity @s {} merge value {transformation:[0.8207029504016414f,0.00994953764513018f,0.5712684779529577f,0.20912788670287374f,0.1723008589051995f,0.9489910911567204f,-0.2640612105662395f,0.4315129550667529f,-0.5447559831911635f,0.31514586401510225f,0.7771254745352281f,0.38198174396441725f,0f,0f,0f,1f],start_interpolation:0}
execute if entity @s[tag=aj.dynastic_sickleplay.bone.right_leg] run data modify entity @s {} merge value {transformation:[0.8336202786702087f,-0.513285392310195f,0.2039983750689515f,0.02466594884139743f,0.16331329483334694f,0.5818769945968614f,0.7967106945997402f,0.640625f,-0.5276419228231203f,-0.6308385444786118f,0.5688907909956239f,0.15527414204241616f,0f,0f,0f,1f],start_interpolation:0}
execute if entity @s[tag=aj.dynastic_sickleplay.bone.left_leg2] run data modify entity @s {} merge value {transformation:[0.8806985406906176f,0.47190077543044945f,-0.04098461386371549f,-0.37753924275681733f,-0.23799043384519689f,0.36602098261702776f,-0.8996605991607283f,0.33287150768312423f,-0.4095493057295937f,0.8020837228321032f,0.4346620155295399f,0.04287071010691462f,0f,0f,0f,1f],start_interpolation:0}
execute if entity @s[tag=aj.dynastic_sickleplay.bone.left_leg] run data modify entity @s {} merge value {transformation:[0.8806985406906176f,0.45166360050392185f,0.14272376258090672f,-0.21522263632572042f,-0.23799043384519689f,0.6824445003600021f,-0.6911078478259107f,0.578125f,-0.4095493057295937f,0.5746907828634638f,0.7085194918054036f,0.24940021019847192f,0f,0f,0f,1f],start_interpolation:0}