execute if entity @s[tag=aj.dynastic_sickleplay.bone.right_arm2] run data modify entity @s {} merge value {transformation:[-0.4048939218551333f,0.027237123579034017f,0.9139579044703919f,-0.2576195902141344f,0.713588314924677f,0.6343899893926211f,0.2972222369900841f,0.9646441052991174f,-0.5717102665229381f,0.772533158160587f,-0.27629674390897285f,8.213459387606859f,0f,0f,0f,1f],start_interpolation:0}
execute if entity @s[tag=aj.dynastic_sickleplay.bone.right_arm] run data modify entity @s {} merge value {transformation:[-0.4048939218551333f,0.027237123579034017f,0.9139579044703919f,-0.25081030931937587f,0.713588314924677f,0.6343899893926211f,0.2972222369900841f,1.1232416026472727f,-0.5717102665229381f,0.772533158160587f,-0.27629674390897285f,8.406592677147005f,0f,0f,0f,1f],start_interpolation:0}
execute if entity @s[tag=aj.dynastic_sickleplay.bone.lamina_slash] run data modify entity @s {} merge value {transformation:[-0.31729452509166617f,0.8329286560325431f,-0.5383290137800913f,-0.4063883958332526f,-1.1335260074767017f,-0.10454176961642961f,0.41536977809036346f,1.7097999519711846f,0.29821597985210685f,0.48885001969217945f,1.0060614376319599f,9.682537653396519f,0f,0f,0f,1f],start_interpolation:0}
execute if entity @s[tag=aj.dynastic_sickleplay.locator_origin.sickle0] at @s on origin run tp @s ^0.41437 ^1.53118 ^9.87686 ~-159.73036 ~18.97139
execute if entity @s[tag=aj.dynastic_sickleplay.locator_origin.sickle1] at @s on origin run tp @s ^-0.20429 ^1.67656 ^9.77124 ~-159.73036 ~18.97139
execute if entity @s[tag=aj.dynastic_sickleplay.locator_origin.sickle2] at @s on origin run tp @s ^-0.73081 ^1.73052 ^9.41611 ~-159.73036 ~18.97139
execute if entity @s[tag=aj.dynastic_sickleplay.locator_origin.sickle3] at @s on origin run tp @s ^0.55127 ^1.25478 ^8.97192 ~-159.73036 ~18.97139
execute if entity @s[tag=aj.dynastic_sickleplay.locator_origin.sickle4] at @s on origin run tp @s ^0.6677 ^0.9987 ^8.12242 ~-159.73036 ~18.97139
execute if entity @s[tag=aj.dynastic_sickleplay.locator_origin.sickle5] at @s on origin run tp @s ^0.78413 ^0.74261 ^7.27292 ~-159.73036 ~18.97139
execute if entity @s[tag=aj.dynastic_sickleplay.locator_origin.lamina_rider] at @s on origin run tp @s ^-0.19502 ^1.13491 ^8.74023 ~-159.73036 ~18.97139
execute if entity @s[tag=aj.dynastic_sickleplay.bone.obsidian_lamina] run data modify entity @s {} merge value {transformation:[-0.4572774038085774f,1.5889252788219066f,-0.5733357081909479f,0.7267335375052f,-1.6336110107752455f,-0.26485348255406377f,0.5689180066168287f,1.2020695110371469f,0.42978185331627133f,0.6838633570383145f,1.5524556249568997f,8.703766726485155f,0f,0f,0f,1f],start_interpolation:0}
execute if entity @s[tag=aj.dynastic_sickleplay.bone.left_arm2] run data modify entity @s {} merge value {transformation:[-0.3077726632852284f,-0.9019497148054325f,0.30292358722410045f,0.513300397850756f,-0.9193303448286171f,0.19986672295470562f,-0.33894691344315736f,1.2885109360308602f,0.2451687272300724f,-0.38280544016216234f,-0.8907032559560113f,8.665647424388935f,0f,0f,0f,1f],start_interpolation:0}
execute if entity @s[tag=aj.dynastic_sickleplay.bone.left_arm] run data modify entity @s {} merge value {transformation:[-0.3077726632852284f,-0.9019497148054325f,0.30292358722410045f,0.24934138623874436f,-0.9193303448286171f,0.19986672295470562f,-0.33894691344315736f,1.2235613236659595f,0.2451687272300724f,-0.38280544016216234f,-0.8907032559560113f,8.600592155252153f,0f,0f,0f,1f],start_interpolation:0}
execute if entity @s[tag=aj.dynastic_sickleplay.bone.head] run data modify entity @s {} merge value {transformation:[-0.974734627651726f,-0.09163237026263293f,0.20370545985982647f,-0.04489784398813611f,-0.09254837481069245f,0.9956954051511221f,0.005045639785229483f,1.2841434866312624f,-0.20329093431963763f,-0.013934449432771168f,-0.9790192169423717f,8.391550557894263f,0f,0f,0f,1f],start_interpolation:0}
execute if entity @s[tag=aj.dynastic_sickleplay.bone.body_top] run data modify entity @s {} merge value {transformation:[-0.9825951442408741f,-0.06281893893183628f,0.17481579855875318f,-0.020162886783725572f,-0.11564856291648949f,0.9433305102330977f,-0.3110513757544152f,0.9127070982269803f,-0.14536915907305487f,-0.3258547673041502f,-0.9341768987807134f,8.519855872520273f,0f,0f,0f,1f],start_interpolation:0}
execute if entity @s[tag=aj.dynastic_sickleplay.locator_origin.player_camera] at @s on origin run tp @s ^0.05358 ^-0.05006 ^8.78732 ~10.59937 ~-18.1226
execute if entity @s[tag=aj.dynastic_sickleplay.bone.body] run data modify entity @s {} merge value {transformation:[-0.9825951442408741f,-0.06281893893183628f,0.17481579855875318f,0.007320398998952801f,-0.11564856291648949f,0.9433305102330977f,-0.3110513757544152f,0.5f,-0.14536915907305487f,-0.3258547673041502f,-0.9341768987807134f,8.662417333215839f,0f,0f,0f,1f],start_interpolation:0}
execute if entity @s[tag=aj.dynastic_sickleplay.bone.right_leg2] run data modify entity @s {} merge value {transformation:[-0.7347123072894026f,0.5940842113462925f,0.327508435534928f,-0.2682838063302214f,0.08744770641339009f,0.5616940417718234f,-0.822710582210458f,0.401314338636454f,-0.6727189042687294f,-0.5758157285686862f,-0.4646348271195272f,8.744670556668437f,0f,0f,0f,1f],start_interpolation:0}
execute if entity @s[tag=aj.dynastic_sickleplay.bone.right_leg] run data modify entity @s {} merge value {transformation:[-0.7432330990630556f,0.4754743842246773f,0.4706683231356134f,-0.09741019949947799f,0.06699709642454801f,0.7528644490116063f,-0.6547568330954098f,0.671875f,-0.66566954979765f,-0.4551035391651162f,-0.5914091807805991f,8.581117722280974f,0f,0f,0f,1f],start_interpolation:0}
execute if entity @s[tag=aj.dynastic_sickleplay.bone.left_leg2] run data modify entity @s {} merge value {transformation:[-0.9063299438023484f,-0.3092482927365678f,0.2879783436419309f,0.27852206858886186f,-0.30997995557728963f,0.949711254351832f,0.04428273363029389f,0.4275534962310825f,-0.2871906337392176f,-0.049132746686788464f,-0.9566125198299877f,8.368964300214909f,0f,0f,0f,1f],start_interpolation:0}
execute if entity @s[tag=aj.dynastic_sickleplay.bone.left_leg] run data modify entity @s {} merge value {transformation:[-0.9063299438023484f,-0.4204151500845611f,-0.04262786115450681f,0.12743537402722271f,-0.30997995557728963f,0.5928946191830746f,0.7432283617328247f,0.640625f,-0.2871906337392176f,0.6868239018286515f,-0.6676784164321427f,8.61579163993458f,0f,0f,0f,1f],start_interpolation:0}