execute if entity @s[tag=aj.dynastic_sickleplay.bone.right_arm2] run data modify entity @s {} merge value {transformation:[-0.34679001370288187f,0.2584113139561395f,0.9016430996882393f,-0.2899972058182159f,0.5834514851376731f,0.8121051448132673f,-0.008342557069951378f,0.9187493789224964f,-0.7343848111764011f,0.5231718900966329f,-0.4324004192020611f,6.496090932299776f,0f,0f,0f,1f],start_interpolation:0}
execute if entity @s[tag=aj.dynastic_sickleplay.bone.right_arm] run data modify entity @s {} merge value {transformation:[-0.34679001370288187f,0.2584113139561395f,0.9016430996882393f,-0.22539437732918105f,0.5834514851376731f,0.8121051448132673f,-0.008342557069951378f,1.1217756651258133f,-0.7343848111764011f,0.5231718900966329f,-0.4324004192020611f,6.626883904823934f,0f,0f,0f,1f],start_interpolation:0}
execute if entity @s[tag=aj.dynastic_sickleplay.bone.lamina_slash] run data modify entity @s {} merge value {transformation:[-0.34467419765955043f,0.30056929927213255f,-0.7546131347885221f,-0.8742832305275906f,-0.8293885590034389f,-0.004309313198779899f,0.3761463976853309f,1.7402302758618964f,0.15071438506668577f,0.6636684810094783f,0.3441996724534669f,7.119432670330455f,0f,0f,0f,1f],start_interpolation:0}
execute if entity @s[tag=aj.dynastic_sickleplay.locator_origin.sickle0] at @s on origin run tp @s ^-0.2863 ^1.64852 ^7.95943 ~-122.74133 ~24.12433
execute if entity @s[tag=aj.dynastic_sickleplay.locator_origin.sickle1] at @s on origin run tp @s ^-0.72948 ^1.74974 ^7.50294 ~-122.74133 ~24.12433
execute if entity @s[tag=aj.dynastic_sickleplay.locator_origin.sickle2] at @s on origin run tp @s ^-0.95675 ^1.73601 ^6.90762 ~-122.74133 ~24.12433
execute if entity @s[tag=aj.dynastic_sickleplay.locator_origin.sickle3] at @s on origin run tp @s ^0.33641 ^1.27655 ^7.33659 ~-122.74133 ~24.12433
execute if entity @s[tag=aj.dynastic_sickleplay.locator_origin.sickle4] at @s on origin run tp @s ^0.91114 ^0.93013 ^6.74459 ~-122.74133 ~24.12433
execute if entity @s[tag=aj.dynastic_sickleplay.locator_origin.sickle5] at @s on origin run tp @s ^1.48588 ^0.58371 ^6.1526 ~-122.74133 ~24.12433
execute if entity @s[tag=aj.dynastic_sickleplay.locator_origin.lamina_rider] at @s on origin run tp @s ^-0.14608 ^1.09371 ^6.73762 ~-122.74133 ~24.12433
execute if entity @s[tag=aj.dynastic_sickleplay.bone.obsidian_lamina] run data modify entity @s {} merge value {transformation:[-0.6623151249144288f,0.9050475595742531f,-1.3434015000059634f,0.6322826939854357f,-1.5937270349477812f,-0.10460542105894816f,0.7152564882345589f,1.2020133673057416f,0.2896080340497093f,1.494137416971333f,0.8638174377842194f,7.225353629168358f,0f,0f,0f,1f],start_interpolation:0}
execute if entity @s[tag=aj.dynastic_sickleplay.bone.left_arm2] run data modify entity @s {} merge value {transformation:[-0.4215246529718478f,-0.7213886325392863f,0.5494682955185509f,0.4665136180536352f,-0.8943124001915896f,0.23042721282811032f,-0.38354742920768836f,1.2782381457993792f,0.15007430759634077f,-0.653071007189392f,-0.7422775503597773f,7.059889013708061f,0f,0f,0f,1f],start_interpolation:0}
execute if entity @s[tag=aj.dynastic_sickleplay.bone.left_arm] run data modify entity @s {} merge value {transformation:[-0.4215246529718478f,-0.7213886325392863f,0.5494682955185509f,0.23347587829733268f,-0.8943124001915896f,0.23042721282811032f,-0.38354742920768836f,1.2240558989824581f,0.15007430759634077f,-0.653071007189392f,-0.7422775503597773f,6.915380550360256f,0f,0f,0f,1f],start_interpolation:0}
execute if entity @s[tag=aj.dynastic_sickleplay.bone.head] run data modify entity @s {} merge value {transformation:[-0.9907197444633675f,-0.08877794595967603f,0.10292164126956224f,-0.004403517571591935f,-0.09312409760121507f,0.9949209745340578f,-0.038211999138492325f,1.2784002945960071f,-0.09900651683802919f,-0.04744186698878544f,-0.9939552197560106f,6.642607032242324f,0f,0f,0f,1f],start_interpolation:0}
execute if entity @s[tag=aj.dynastic_sickleplay.bone.body_top] run data modify entity @s {} merge value {transformation:[-0.9217052612187714f,0.011752245019523905f,0.3877129043230793f,-0.009030964048029473f,-0.12583733031276784f,0.9364214070327904f,-0.3275361273973978f,0.9096843655768458f,-0.36691194821290773f,-0.35068052866922916f,-0.8616256664415692f,6.780687490405834f,0f,0f,0f,1f],start_interpolation:0}
execute if entity @s[tag=aj.dynastic_sickleplay.locator_origin.player_camera] at @s on origin run tp @s ^0.12387 ^-0.20809 ^6.83018 ~24.22671 ~-19.1193
execute if entity @s[tag=aj.dynastic_sickleplay.bone.body] run data modify entity @s {} merge value {transformation:[-0.9217052612187714f,0.011752245019523905f,0.3877129043230793f,-0.014172571244071182f,-0.12583733031276784f,0.9364214070327904f,-0.3275361273973978f,0.5f,-0.36691194821290773f,-0.35068052866922916f,-0.8616256664415692f,6.934110221698622f,0f,0f,0f,1f],start_interpolation:0}
execute if entity @s[tag=aj.dynastic_sickleplay.bone.right_leg2] run data modify entity @s {} merge value {transformation:[-0.6535049756448332f,0.6628683261019015f,0.3654269134290862f,-0.2910096829713722f,0.11129540488349829f,0.5616820562802904f,-0.819833276041271f,0.3909684636286438f,-0.7486952515271241f,-0.49509478880675745f,-0.44083621724754884f,6.969419972392501f,0f,0f,0f,1f],start_interpolation:0}
execute if entity @s[tag=aj.dynastic_sickleplay.bone.right_leg] run data modify entity @s {} merge value {transformation:[-0.663057268201025f,0.534293021615802f,0.5242957430100402f,-0.0989981283281933f,0.09086955348386089f,0.7526674635260927f,-0.6521000027594246f,0.6614583333333334f,-0.7430328278989009f,-0.38473712636273344f,-0.5476126005331763f,6.831155067605894f,0f,0f,0f,1f],start_interpolation:0}
execute if entity @s[tag=aj.dynastic_sickleplay.bone.left_leg2] run data modify entity @s {} merge value {transformation:[-0.8661459056787287f,-0.27152320989624834f,0.41960268893753866f,0.2924682245468387f,-0.2900203248904206f,0.9568013082248041f,0.02048091135077379f,0.4034944486898356f,-0.40703744450164503f,-0.1039538506595174f,-0.9074767852163654f,6.71399322239857f,0f,0f,0f,1f],start_interpolation:0}
execute if entity @s[tag=aj.dynastic_sickleplay.bone.left_leg] run data modify entity @s {} merge value {transformation:[-0.8661459056787287f,-0.48903568237023215f,0.10312793726559419f,0.1167210261950365f,-0.2900203248904206f,0.6598415340804575f,0.693179169517379f,0.640625f,-0.40703744450164503f,0.5704851017082128f,-0.713349330624583f,6.919011305824959f,0f,0f,0f,1f],start_interpolation:0}