execute if entity @s[tag=aj.dynastic_sickleplay.bone.right_arm2] run data modify entity @s {} merge value {transformation:[-0.032060752282467075f,0.7443779070540825f,0.6669884853975117f,-0.3115331294103169f,0.38627089343302445f,0.6247092876297384f,-0.6786258931367104f,0.9898725187475778f,-0.9218280235757293f,0.23588098151171244f,-0.30756016892883864f,7.9419348895274915f,0f,0f,0f,1f],start_interpolation:0}
execute if entity @s[tag=aj.dynastic_sickleplay.bone.right_arm] run data modify entity @s {} merge value {transformation:[-0.032060752282467075f,0.7443779070540825f,0.6669884853975117f,-0.1254386526467963f,0.38627089343302445f,0.6247092876297384f,-0.6786258931367104f,1.1460498406550124f,-0.9218280235757293f,0.23588098151171244f,-0.30756016892883864f,8.00090513490542f,0f,0f,0f,1f],start_interpolation:0}
execute if entity @s[tag=aj.dynastic_sickleplay.bone.lamina_slash] run data modify entity @s {} merge value {transformation:[-0.000011546183379892459f,-0.00001162253980318697f,-0.000013533836037178442f,0.14272552251322557f,-0.000017631972554391043f,0.000004982988963710366f,0.000010763171690015068f,1.4617985087551846f,-0.000002713244036038094f,0.000017077730806839516f,-0.00001235119092598072f,7.2324484823188815f,0f,0f,0f,1f],start_interpolation:0}
execute if entity @s[tag=aj.dynastic_sickleplay.locator_origin.sickle0] at @s on origin run tp @s ^-0.69192 ^1.81065 ^8.51729 ~-56.15166 ~32.19325
execute if entity @s[tag=aj.dynastic_sickleplay.locator_origin.sickle1] at @s on origin run tp @s ^-0.51478 ^1.78991 ^7.89824 ~-56.15166 ~32.19325
execute if entity @s[tag=aj.dynastic_sickleplay.locator_origin.sickle2] at @s on origin run tp @s ^-0.13997 ^1.61933 ^7.41175 ~-56.15166 ~32.19325
execute if entity @s[tag=aj.dynastic_sickleplay.locator_origin.sickle3] at @s on origin run tp @s ^0.05307 ^1.27998 ^8.79557 ~-56.15166 ~32.19325
execute if entity @s[tag=aj.dynastic_sickleplay.locator_origin.sickle4] at @s on origin run tp @s ^0.75413 ^0.7826 ^9.04439 ~-56.15166 ~32.19325
execute if entity @s[tag=aj.dynastic_sickleplay.locator_origin.sickle5] at @s on origin run tp @s ^1.45519 ^0.28523 ^9.29321 ~-56.15166 ~32.19325
execute if entity @s[tag=aj.dynastic_sickleplay.locator_origin.lamina_rider] at @s on origin run tp @s ^0.26158 ^0.94776 ^8.10916 ~-56.15166 ~32.19325
execute if entity @s[tag=aj.dynastic_sickleplay.bone.obsidian_lamina] run data modify entity @s {} merge value {transformation:[-0.950862160697026f,-0.8034836583462612f,-1.229949251849479f,0.2779628344579792f,-1.4520447985969094f,0.2911574223307422f,0.9323589750141195f,1.1757398998989528f,-0.22344362649725474f,1.5271350189790773f,-0.8248827671769662f,9.005391746134823f,0f,0f,0f,1f],start_interpolation:0}
execute if entity @s[tag=aj.dynastic_sickleplay.bone.left_arm2] run data modify entity @s {} merge value {transformation:[-0.5676970247543341f,-0.19802585433649925f,0.7990656100092013f,0.33616302646881313f,-0.806938568698938f,0.3260427121447317f,-0.49248989451908287f,1.2251413957954524f,-0.16300378655475062f,-0.9243819074774275f,-0.3448881770910769f,8.700005906412201f,0f,0f,0f,1f],start_interpolation:0}
execute if entity @s[tag=aj.dynastic_sickleplay.bone.left_arm] run data modify entity @s {} merge value {transformation:[-0.5676970247543341f,-0.19802585433649925f,0.7990656100092013f,0.21569443479039654f,-0.806938568698938f,0.3260427121447317f,-0.49248989451908287f,1.2057847527442682f,-0.16300378655475062f,-0.9243819074774275f,-0.3448881770910769f,8.4485349562235f,0f,0f,0f,1f],start_interpolation:0}
execute if entity @s[tag=aj.dynastic_sickleplay.bone.head] run data modify entity @s {} merge value {transformation:[-0.9985244320907554f,0.054094765141739554f,-0.004766015326746975f,0.12048675582194347f,0.05429729643103498f,0.993131894384239f,-0.1036380430008845f,1.2741375192395366f,-0.0008729937657658282f,-0.10374389977744666f,-0.9946036603295063f,8.1018236791097f,0f,0f,0f,1f],start_interpolation:0}
execute if entity @s[tag=aj.dynastic_sickleplay.bone.body_top] run data modify entity @s {} merge value {transformation:[-0.683797681365128f,0.21894177249924224f,0.6960497332910669f,0.034278432900366834f,-0.06639899703508093f,0.9312932562280138f,-0.3581676201123691f,0.907440799599756f,-0.7266442762125155f,-0.29113119234996626f,-0.6222786551766631f,8.216456586097499f,0f,0f,0f,1f],start_interpolation:0}
execute if entity @s[tag=aj.dynastic_sickleplay.locator_origin.player_camera] at @s on origin run tp @s ^0.06267 ^-0.21637 ^8.29243 ~48.20282 ~-20.98771
execute if entity @s[tag=aj.dynastic_sickleplay.bone.body] run data modify entity @s {} merge value {transformation:[-0.683797681365128f,0.21894177249924224f,0.6960497332910669f,-0.06150859256805165f,-0.06639899703508093f,0.9312932562280138f,-0.3581676201123691f,0.5f,-0.7266442762125155f,-0.29113119234996626f,-0.6222786551766631f,8.34382648275061f,0f,0f,0f,1f],start_interpolation:0}
execute if entity @s[tag=aj.dynastic_sickleplay.bone.right_leg2] run data modify entity @s {} merge value {transformation:[-0.4846337086220223f,0.7357918738602529f,0.4730121423689688f,-0.3161750164081155f,0.09245243856802164f,0.58081865471199f,-0.8087658727600839f,0.3646386140029157f,-0.8698176332255461f,-0.3482240782883508f,-0.3495100516868403f,8.308215383704395f,0f,0f,0f,1f],start_interpolation:0}
execute if entity @s[tag=aj.dynastic_sickleplay.bone.right_leg] run data modify entity @s {} merge value {transformation:[-0.4945769609637995f,0.5815316006524481f,0.6459215332580369f,-0.10718709742364199f,0.07175638257215672f,0.7679621175571041f,-0.6364630449267002f,0.640625f,-0.8661666417289287f,-0.26843096587355586f,-0.42154497425093257f,8.211748005343585f,0f,0f,0f,1f],start_interpolation:0}
execute if entity @s[tag=aj.dynastic_sickleplay.bone.left_leg2] run data modify entity @s {} merge value {transformation:[-0.6919536828599875f,-0.08284935954261774f,0.7171722836249865f,0.2577901690305183f,-0.11436361723199373f,0.993429120544787f,0.004421030109010182f,0.3652905212702039f,-0.7128261105137171f,-0.07895926846791829f,-0.6968818910639716f,8.249928712220179f,0f,0f,0f,1f],start_interpolation:0}
execute if entity @s[tag=aj.dynastic_sickleplay.bone.left_leg] run data modify entity @s {} merge value {transformation:[-0.6919536828599875f,-0.51820209185279f,0.5026596192015953f,0.07156129227092194f,-0.11436361723199373f,0.7661481147263891f,0.6324065380392692f,0.640625f,-0.7128261105137171f,0.3801100607726561f,-0.589402475282632f,8.386530765310352f,0f,0f,0f,1f],start_interpolation:0}