execute if entity @s[tag=aj.dynastic_sickleplay.bone.right_arm2] run data modify entity @s {} merge value {transformation:[0.864112541904682f,-0.4835720141260278f,0.13952642071352128f,0.5244552032073633f,0.20406785900272423f,0.5900451952064248f,0.7811548991946842f,0.9979566126196099f,-0.4600715420943503f,-0.646532887615092f,0.6085469590648015f,-3.357322137510179f,0f,0f,0f,1f],start_interpolation:0}
execute if entity @s[tag=aj.dynastic_sickleplay.bone.right_arm] run data modify entity @s {} merge value {transformation:[0.864112541904682f,-0.4835720141260278f,0.13952642071352128f,0.4035621996758564f,0.20406785900272423f,0.5900451952064248f,0.7811548991946842f,1.145467911421216f,-0.4600715420943503f,-0.646532887615092f,0.6085469590648015f,-3.518955359413952f,0f,0f,0f,1f],start_interpolation:0}
execute if entity @s[tag=aj.dynastic_sickleplay.bone.lamina_slash] run data modify entity @s {} merge value {transformation:[-0.7122378026238911f,-0.8212113894215364f,3.248731281458778f,1.6290508707450013f,-1.3335512801171974f,-0.3357262424322636f,-2.0978767052947886f,0.20943546113961853f,0.5043781897656497f,-2.0472851063119317f,-0.9591154940244038f,-3.5952359225768724f,0f,0f,0f,1f],start_interpolation:0}
execute if entity @s[tag=aj.dynastic_sickleplay.locator_origin.sickle0] at @s on origin run tp @s ^1.08374 ^0.53938 ^-3.4929 ~64.76117 ~-32.79679
execute if entity @s[tag=aj.dynastic_sickleplay.locator_origin.sickle1] at @s on origin run tp @s ^1.49713 ^0.50503 ^-2.99998 ~64.76117 ~-32.79679
execute if entity @s[tag=aj.dynastic_sickleplay.locator_origin.sickle2] at @s on origin run tp @s ^1.69666 ^0.62302 ^-2.40625 ~64.76117 ~-32.79679
execute if entity @s[tag=aj.dynastic_sickleplay.locator_origin.sickle3] at @s on origin run tp @s ^0.45929 ^1.06228 ^-2.9922 ~64.76117 ~-32.79679
execute if entity @s[tag=aj.dynastic_sickleplay.locator_origin.sickle4] at @s on origin run tp @s ^-0.11765 ^1.55132 ^-2.5139 ~64.76117 ~-32.79679
execute if entity @s[tag=aj.dynastic_sickleplay.locator_origin.sickle5] at @s on origin run tp @s ^-0.69458 ^2.04035 ^-2.0356 ~64.76117 ~-32.79679
execute if entity @s[tag=aj.dynastic_sickleplay.locator_origin.lamina_rider] at @s on origin run tp @s ^0.70106 ^0.91343 ^-2.25437 ~64.76117 ~-32.79679
execute if entity @s[tag=aj.dynastic_sickleplay.bone.obsidian_lamina] run data modify entity @s {} merge value {transformation:[-0.7820650381752531f,-0.8248241140580549f,1.3306161944498813f,0.2201488864913982f,-1.464291601697315f,-0.14079251557475395f,-0.9479069430892696f,1.2788139327968369f,0.5538270318995371f,-1.536991427570914f,-0.6272423537285016f,-2.9548664379623615f,0f,0f,0f,1f],start_interpolation:0}
execute if entity @s[tag=aj.dynastic_sickleplay.bone.left_arm2] run data modify entity @s {} merge value {transformation:[-0.31303491342694756f,0.03794236445912702f,0.9489834139514948f,0.07041829628328893f,-0.9392676806274916f,-0.1603535856156086f,-0.3034187728352844f,1.4194802615564934f,0.140660467454206f,-0.9863301194627829f,0.08583430745393f,-2.957515128055871f,0f,0f,0f,1f],start_interpolation:0}
execute if entity @s[tag=aj.dynastic_sickleplay.bone.left_arm] run data modify entity @s {} merge value {transformation:[-0.31303491342694756f,0.5910929650244697f,0.7433829764491278f,0.1790621733610379f,-0.9392676806274916f,-0.30859982640055106f,-0.15014117114969505f,1.224921844877919f,0.140660467454206f,-0.7452350326199985f,0.6517970382346282f,-3.126241327779095f,0f,0f,0f,1f],start_interpolation:0}
execute if entity @s[tag=aj.dynastic_sickleplay.bone.head] run data modify entity @s {} merge value {transformation:[0.8507756142669233f,0.22131880768675344f,0.47665379420796905f,0.3165734495118252f,-0.20600986282744146f,0.9748566557446556f,-0.08493784296863732f,1.3078137976797475f,-0.48346746590288536f,-0.02593233723481339f,0.8749781273260387f,-3.3657901444993645f,0f,0f,0f,1f],start_interpolation:0}
execute if entity @s[tag=aj.dynastic_sickleplay.bone.body_top] run data modify entity @s {} merge value {transformation:[0.20641052679837502f,0.597625352703955f,0.7747506903722583f,0.08125846688464292f,-0.12930489450879146f,0.801517749071487f,-0.5838232114085969f,0.9922161839828495f,-0.9698839820735712f,0.020328200334769404f,0.24271758401125756f,-3.37379437338118f,0f,0f,0f,1f],start_interpolation:0}
execute if entity @s[tag=aj.dynastic_sickleplay.locator_origin.player_camera] at @s on origin run tp @s ^-0.1706 ^-0.10212 ^-3.2815 ~106.46922 ~-30.78011
execute if entity @s[tag=aj.dynastic_sickleplay.bone.body] run data modify entity @s {} merge value {transformation:[0.20641052679837502f,0.5278272359452342f,0.8238890115915076f,-0.14966594884139703f,-0.12930489450879146f,0.8493512776750847f,-0.511744713082384f,0.620625f,-0.9698839820735712f,-0.0009033859171741487f,0.24356568972455261f,-3.373399142042416f,0f,0f,0f,1f],start_interpolation:0}
execute if entity @s[tag=aj.dynastic_sickleplay.bone.right_leg2] run data modify entity @s {} merge value {transformation:[0.1485432045523689f,-0.1671914899610038f,0.9746701606522756f,0.290543553582845f,0.09523319050607136f,0.983442143343972f,0.15418232752507188f,0.48534879219269067f,-0.9843096849098598f,0.06991821207406412f,0.16200582647861395f,-3.451164402995004f,0f,0f,0f,1f],start_interpolation:0}
execute if entity @s[tag=aj.dynastic_sickleplay.bone.right_leg] run data modify entity @s {} merge value {transformation:[0.16971214324940637f,-0.7999634534915385f,0.575548661289021f,0.0030566874843233824f,0.08597144829971087f,0.5938120565072954f,0.799997594761276f,0.69875f,-0.981736572870209f,-0.08628855442332944f,0.16955113348069661f,-3.482174352240888f,0f,0f,0f,1f],start_interpolation:0}
execute if entity @s[tag=aj.dynastic_sickleplay.bone.left_leg2] run data modify entity @s {} merge value {transformation:[0.2877628996266864f,0.91158967621749f,0.2935928742529929f,-0.2474015884659479f,-0.34697365851686063f,0.38496905983213503f,-0.8552240076537768f,0.45160893209767106f,-0.8926375490051194f,0.14423274657876456f,0.4270774179472374f,-3.2061095967499735f,0f,0f,0f,1f],start_interpolation:0}
execute if entity @s[tag=aj.dynastic_sickleplay.bone.left_leg] run data modify entity @s {} merge value {transformation:[0.2877628996266864f,0.4737459378741764f,0.8323204310517427f,-0.07714914204241576f,-0.34697365851686063f,0.8616099280760458f,-0.3704559516814602f,0.76125f,-0.8926375490051194f,-0.1821897861805331f,0.41231673252200796f,-3.2715840511586025f,0f,0f,0f,1f],start_interpolation:0}