execute if entity @s[tag=aj.dynastic_sickleplay.bone.right_arm2] run data modify entity @s {} merge value {transformation:[0.9343109935467736f,-0.3076585658054706f,0.18002548215228248f,0.22834095507550786f,0.3124097693895932f,0.4635556612485727f,-0.8291660177035354f,1.1219461231043013f,0.1716481964006089f,0.8309406451792566f,0.5292206920194058f,-0.013456746046872137f,0f,0f,0f,1f],start_interpolation:0}
execute if entity @s[tag=aj.dynastic_sickleplay.bone.right_arm] run data modify entity @s {} merge value {transformation:[0.9343109935467736f,-0.3076585658054706f,0.18002548215228248f,0.15142631362414022f,0.3124097693895932f,0.4635556612485727f,-0.8291660177035354f,1.2378350384164445f,0.1716481964006089f,0.8309406451792566f,0.5292206920194058f,0.194278415247942f,0f,0f,0f,1f],start_interpolation:0}
execute if entity @s[tag=aj.dynastic_sickleplay.bone.lamina_slash] run data modify entity @s {} merge value {transformation:[-0.000009307622014135747f,0.000003633458093687351f,-0.000018754430269229548f,-1.6769396351090275f,-0.000018998316209501f,4.2207782116613224e-7f,0.00000951043277231332f,1.9483542821025577f,0.0000019986629645308143f,0.000020932805177383608f,0.000003063578587194286f,-0.568319006676919f,0f,0f,0f,1f],start_interpolation:0}
execute if entity @s[tag=aj.dynastic_sickleplay.locator_origin.sickle0] at @s on origin run tp @s ^-1.35883 ^1.9473 ^0.90309 ~-107.66242 ~26.50741
execute if entity @s[tag=aj.dynastic_sickleplay.locator_origin.sickle1] at @s on origin run tp @s ^-1.67001 ^2.04124 ^0.34687 ~-107.66242 ~26.50741
execute if entity @s[tag=aj.dynastic_sickleplay.locator_origin.sickle2] at @s on origin run tp @s ^-1.74138 ^2.00965 ^-0.28571 ~-107.66242 ~26.50741
execute if entity @s[tag=aj.dynastic_sickleplay.locator_origin.sickle3] at @s on origin run tp @s ^-0.61281 ^1.53614 ^0.46895 ~-107.66242 ~26.50741
execute if entity @s[tag=aj.dynastic_sickleplay.locator_origin.sickle4] at @s on origin run tp @s ^0.07991 ^1.15288 ^0.05179 ~-107.66242 ~26.50741
execute if entity @s[tag=aj.dynastic_sickleplay.locator_origin.sickle5] at @s on origin run tp @s ^0.77263 ^0.76962 ^-0.36538 ~-107.66242 ~26.50741
execute if entity @s[tag=aj.dynastic_sickleplay.locator_origin.lamina_rider] at @s on origin run tp @s ^-0.93586 ^1.34168 ^-0.2259 ~-107.66242 ~26.50741
execute if entity @s[tag=aj.dynastic_sickleplay.bone.obsidian_lamina] run data modify entity @s {} merge value {transformation:[-0.7665100482229439f,0.4982614598131401f,-1.4922124056709014f,-0.30117772664931586f,-1.5645672172530232f,-0.06776771558445664f,0.7810486280774038f,1.4501275853165065f,0.16459577354959645f,1.6761989900931646f,0.47514753176278507f,0.43809304554452516f,0f,0f,0f,1f],start_interpolation:0}
execute if entity @s[tag=aj.dynastic_sickleplay.bone.left_arm2] run data modify entity @s {} merge value {transformation:[-0.5968403329900627f,0.8023423239487978f,0.005330301750674633f,-0.3953714063044107f,-0.7852887958520964f,-0.585491987918191f,0.20129738993034405f,1.4713065638899467f,0.16463026460974584f,0.11595657499274173f,0.9795156704670315f,0.4368054782184661f,0f,0f,0f,1f],start_interpolation:0}
execute if entity @s[tag=aj.dynastic_sickleplay.bone.left_arm] run data modify entity @s {} merge value {transformation:[-0.5968403329900627f,0.8016754901502372f,0.033136466448425106f,-0.26955757539060926f,-0.7852887958520964f,-0.5921172105955286f,0.1808831557269347f,1.2251161617595525f,0.16463026460974584f,0.08193666706028019f,0.9829462134652018f,0.4778684280597544f,0f,0f,0f,1f],start_interpolation:0}
execute if entity @s[tag=aj.dynastic_sickleplay.bone.head] run data modify entity @s {} merge value {transformation:[0.9662447393809204f,0.0406910539898549f,0.2543921023614772f,0.07589782554662157f,-0.0075477260427679604f,0.991495027785896f,-0.1299255236950344f,1.3011122072969608f,-0.2575153110987399f,0.12361977188556977f,0.9583339796483683f,0.3838977968712106f,0f,0f,0f,1f],start_interpolation:0}
execute if entity @s[tag=aj.dynastic_sickleplay.bone.body_top] run data modify entity @s {} merge value {transformation:[0.7295949945955469f,0.2711563569157507f,0.6278259105558659f,-0.03086998998895528f,-0.048009901907105634f,0.9360791819994232f,-0.3484979402323074f,0.9325310293846878f,-0.6821921966572134f,0.22412049243982313f,0.6959768758288866f,0.2956503529730302f,0f,0f,0f,1f],start_interpolation:0}
execute if entity @s[tag=aj.dynastic_sickleplay.locator_origin.player_camera] at @s on origin run tp @s ^-0.08722 ^-0.19263 ^0.31457 ~137.96207 ~-20.66946
execute if entity @s[tag=aj.dynastic_sickleplay.bone.body] run data modify entity @s {} merge value {transformation:[0.7295949945955469f,0.27415944524834646f,0.6265203447951575f,-0.15081474728510685f,-0.048009901907105634f,0.9343997504885359f,-0.3529761402783934f,0.5237311385459533f,-0.6821921966572134f,0.22745044486234992f,0.6948957489810433f,0.19614078334575213f,0f,0f,0f,1f],start_interpolation:0}
execute if entity @s[tag=aj.dynastic_sickleplay.bone.right_leg2] run data modify entity @s {} merge value {transformation:[0.7180091387738273f,0.005832095697359818f,0.6960092408129678f,0.23287998863442821f,0.10524586304198888f,0.9875575641676182f,-0.11684761772440022f,0.4440040526366448f,-0.688030656983985f,0.15714975060463043f,0.7084615521925581f,0.3975680481055963f,0f,0f,0f,1f],start_interpolation:0}
execute if entity @s[tag=aj.dynastic_sickleplay.bone.right_leg] run data modify entity @s {} merge value {transformation:[0.7331437774924799f,-0.5761815411459379f,0.3612686440403444f,0.0258147472851068f,0.09546603010576149f,0.6131536303563367f,0.7841740002554858f,0.6643561385459533f,-0.6733397646210294f,-0.5404234055104725f,0.5045355330960947f,0.20335338675027026f,0f,0f,0f,1f],start_interpolation:0}
execute if entity @s[tag=aj.dynastic_sickleplay.bone.left_leg2] run data modify entity @s {} merge value {transformation:[0.8314263163596534f,0.5529507761122318f,0.05455015730039811f,-0.3603797160101033f,-0.2045517870589284f,0.3958844161738352f,-0.8952285157666173f,0.3138024224309423f,-0.5166128597660115f,0.7331582150038163f,0.4422557912529822f,0.18336623964565718f,0f,0f,0f,1f],start_interpolation:0}
execute if entity @s[tag=aj.dynastic_sickleplay.bone.left_leg] run data modify entity @s {} merge value {transformation:[0.8314263163596534f,0.44521222268954297f,0.3324400054633233f,-0.20038157348104885f,-0.2045517870589284f,0.8015407752765524f,-0.5618638197820378f,0.6018561385459533f,-0.5166128597660115f,0.399147168769741f,0.7574910499718682f,0.32680975342228286f,0f,0f,0f,1f],start_interpolation:0}