execute if entity @s[tag=aj.dynastic_sickleplay.bone.right_arm2] run data modify entity @s {} merge value {transformation:[-0.5169311836013971f,0.33504404598007487f,0.7877357670397858f,-0.40981248902245304f,0.8491922627252466f,0.3167612332069757f,0.4225338117414643f,1.0409983390760837f,-0.10795671515952157f,0.8873600218572486f,-0.44826057071916176f,2.274069897124746f,0f,0f,0f,1f],start_interpolation:0}
execute if entity @s[tag=aj.dynastic_sickleplay.bone.right_arm] run data modify entity @s {} merge value {transformation:[-0.5169311836013971f,0.33504404598007487f,0.7877357670397858f,-0.32605147752743435f,0.8491922627252466f,0.3167612332069757f,0.4225338117414643f,1.1201886473778278f,-0.10795671515952157f,0.8873600218572486f,-0.44826057071916176f,2.4959099025890583f,0f,0f,0f,1f],start_interpolation:0}
execute if entity @s[tag=aj.dynastic_sickleplay.bone.lamina_slash] run data modify entity @s {} merge value {transformation:[0.3676389156553016f,0.2675193991693321f,1.0746970118688917f,1.2118241633550209f,-0.7045596000625477f,-0.015526136143370839f,0.5732488479500726f,1.9048060309907329f,0.058712547896489026f,-1.8614356558284626f,0.14967047524559388f,1.9148766782321665f,0f,0f,0f,1f],start_interpolation:0}
execute if entity @s[tag=aj.dynastic_sickleplay.locator_origin.sickle0] at @s on origin run tp @s ^1.01986 ^1.78532 ^1.68303 ~89.46534 ~27.51948
execute if entity @s[tag=aj.dynastic_sickleplay.locator_origin.sickle1] at @s on origin run tp @s ^1.14172 ^1.90074 ^2.30501 ~89.46534 ~27.51948
execute if entity @s[tag=aj.dynastic_sickleplay.locator_origin.sickle2] at @s on origin run tp @s ^1.01417 ^1.8862 ^2.92933 ~89.46534 ~27.51948
execute if entity @s[tag=aj.dynastic_sickleplay.locator_origin.sickle3] at @s on origin run tp @s ^0.18346 ^1.36511 ^1.87777 ~89.46534 ~27.51948
execute if entity @s[tag=aj.dynastic_sickleplay.locator_origin.sickle4] at @s on origin run tp @s ^-0.59751 ^0.97379 ^2.07199 ~89.46534 ~27.51948
execute if entity @s[tag=aj.dynastic_sickleplay.locator_origin.sickle5] at @s on origin run tp @s ^-1.37849 ^0.58246 ^2.26622 ~89.46534 ~27.51948
execute if entity @s[tag=aj.dynastic_sickleplay.bone.obsidian_lamina] run data modify entity @s {} merge value {transformation:[0.8073638932037988f,0.046771028207789944f,1.5519265494446537f,-0.12083327405108882f,-1.5472681413138287f,-0.12102499105685866f,0.8085878124328456f,1.2716604669072407f,0.12893736008640716f,-1.7451834924901366f,-0.014482220612694663f,1.8134207220950227f,0f,0f,0f,1f],start_interpolation:0}
execute if entity @s[tag=aj.dynastic_sickleplay.bone.left_arm2] run data modify entity @s {} merge value {transformation:[0.4778909590313381f,-0.4760697379758644f,-0.7382261414090532f,0.16529802598362378f,-0.8766814371148808f,-0.31132208398588324f,-0.3667536200787574f,1.3935128070591718f,-0.05522580098373005f,0.8224573937939144f,-0.5661395113392343f,2.019342769997052f,0f,0f,0f,1f],start_interpolation:0}
execute if entity @s[tag=aj.dynastic_sickleplay.bone.left_arm] run data modify entity @s {} merge value {transformation:[0.4778909590313381f,-0.4760697379758644f,-0.7382261414090532f,0.10601696136857494f,-0.8766814371148808f,-0.31132208398588324f,-0.3667536200787574f,1.206097106423341f,-0.05522580098373005f,0.8224573937939144f,-0.5661395113392343f,2.218053893322564f,0f,0f,0f,1f],start_interpolation:0}
execute if entity @s[tag=aj.dynastic_sickleplay.bone.head] run data modify entity @s {} merge value {transformation:[-0.7313747049626403f,-0.0900630835032222f,-0.67600272331604f,-0.23143157965684302f,0.006092378368596562f,0.9903390548885443f,-0.13853317035381257f,1.274167047325096f,0.6819486226004308f,-0.10543812096370184f,-0.723760235700345f,2.342312807712834f,0f,0f,0f,1f],start_interpolation:0}
execute if entity @s[tag=aj.dynastic_sickleplay.bone.body_top] run data modify entity @s {} merge value {transformation:[-0.6661678046364912f,-0.3090588770872241f,-0.6787511079618079f,-0.10973964680374851f,-0.06743477782313848f,0.9313287787369574f,-0.35788162377561583f,0.9074563406974189f,0.7427469332186716f,-0.19263778546773097f,-0.6412625646366288f,2.418163935740753f,0f,0f,0f,1f],start_interpolation:0}
execute if entity @s[tag=aj.dynastic_sickleplay.locator_origin.player_camera] at @s on origin run tp @s ^0.1569 ^-0.04624 ^2.57072 ~-46.62677 ~-20.97016
execute if entity @s[tag=aj.dynastic_sickleplay.bone.body] run data modify entity @s {} merge value {transformation:[-0.6661678046364912f,-0.3090588770872241f,-0.6787511079618079f,0.025473611921912054f,-0.06743477782313848f,0.9313287787369574f,-0.35788162377561583f,0.5f,0.7427469332186716f,-0.19263778546773097f,-0.6412625646366288f,2.5024429668828856f,0f,0f,0f,1f],start_interpolation:0}
execute if entity @s[tag=aj.dynastic_sickleplay.bone.right_leg2] run data modify entity @s {} merge value {transformation:[-0.6930310280128691f,-0.2105632396027653f,-0.6894716211269423f,-0.28220186857725055f,0.17952074615914285f,0.8758586336763956f,-0.447932981050717f,0.32211203322908954f,0.6981978916538563f,-0.4342059142187098f,-0.5691967394035247f,2.4562971744796736f,0f,0f,0f,1f],start_interpolation:0}
execute if entity @s[tag=aj.dynastic_sickleplay.bone.right_leg] run data modify entity @s {} merge value {transformation:[-0.7055474728720603f,0.4113138807380524f,-0.5770820175989302f,-0.13438594268701295f,0.16174557612998874f,0.8862969510147073f,0.43395401049467397f,0.640625f,0.6899573408017535f,0.21283469203641753f,-0.6918527746128766f,2.5327846419302613f,0f,0f,0f,1f],start_interpolation:0}
execute if entity @s[tag=aj.dynastic_sickleplay.bone.left_leg2] run data modify entity @s {} merge value {transformation:[-0.745356498174224f,-0.5744834696784475f,-0.3382490705023007f,0.16405894618349376f,-0.18766333233112914f,0.6676595894827376f,-0.7204256701909769f,0.2569153860416658f,0.639707874211217f,-0.47349700699999614f,-0.6054538958782999f,2.3910342310597463f,0f,0f,0f,1f],start_interpolation:0}
execute if entity @s[tag=aj.dynastic_sickleplay.bone.left_leg] run data modify entity @s {} merge value {transformation:[-0.745356498174224f,-0.29892767591472436f,-0.5958908752461978f,0.05663181265163969f,-0.18766333233112914f,0.9517716794202923f,-0.24272029983471197f,0.5989583333333334f,0.639707874211217f,-0.06908628536618391f,-0.7655069698222661f,2.366206347256274f,0f,0f,0f,1f],start_interpolation:0}