execute if entity @s[tag=aj.dynastic_sickleplay.bone.right_arm2] run data modify entity @s {} merge value {transformation:[0.8297845453554229f,-0.5513746749573802f,-0.08627616185793563f,0.3076241087464712f,0.3026904521542972f,0.5745232158645524f,-0.7604614155940328f,1.066760324208337f,0.468866823803861f,0.6049041595561201f,0.6436263351415811f,-0.06833398594335449f,0f,0f,0f,1f],start_interpolation:0}
execute if entity @s[tag=aj.dynastic_sickleplay.bone.right_arm] run data modify entity @s {} merge value {transformation:[0.8297845453554229f,-0.5513746749573802f,-0.08627616185793563f,0.16978044000712617f,0.3026904521542972f,0.5745232158645524f,-0.7604614155940328f,1.210391128174475f,0.468866823803861f,0.6049041595561201f,0.6436263351415811f,0.08289205394567553f,0f,0f,0f,1f],start_interpolation:0}
execute if entity @s[tag=aj.dynastic_sickleplay.bone.lamina_slash] run data modify entity @s {} merge value {transformation:[-0.000009481678159462898f,3.1793565602050393e-7f,-0.00001901470999513257f,-1.4838563366289672f,-0.000018967050433776177f,0.0000013864804075121176f,0.0000094810953967448f,1.8667994303252113f,0.0000013824894657662596f,0.000021202336875877994f,-3.3486397063503153e-7f,-0.9616505801026566f,0f,0f,0f,1f],start_interpolation:0}
execute if entity @s[tag=aj.dynastic_sickleplay.locator_origin.sickle0] at @s on origin run tp @s ^-1.42028 ^1.94466 ^0.54257 ~-97.37723 ~26.79942
execute if entity @s[tag=aj.dynastic_sickleplay.locator_origin.sickle1] at @s on origin run tp @s ^-1.64086 ^2.01107 ^-0.05907 ~-97.37723 ~26.79942
execute if entity @s[tag=aj.dynastic_sickleplay.locator_origin.sickle2] at @s on origin run tp @s ^-1.61248 ^1.95068 ^-0.69295 ~-97.37723 ~26.79942
execute if entity @s[tag=aj.dynastic_sickleplay.locator_origin.sickle3] at @s on origin run tp @s ^-0.61508 ^1.52076 ^0.24926 ~-97.37723 ~26.79942
execute if entity @s[tag=aj.dynastic_sickleplay.locator_origin.sickle4] at @s on origin run tp @s ^0.13479 ^1.12504 ^-0.03689 ~-97.37723 ~26.79942
execute if entity @s[tag=aj.dynastic_sickleplay.locator_origin.sickle5] at @s on origin run tp @s ^0.88466 ^0.72932 ^-0.32304 ~-97.37723 ~26.79942
execute if entity @s[tag=aj.dynastic_sickleplay.bone.obsidian_lamina] run data modify entity @s {} merge value {transformation:[-0.7808440837204739f,0.23035215940818526f,-1.549103095205324f,-0.30234316999622424f,-1.5619923886639202f,0.011289566664451578f,0.7890198498393468f,1.4360514772383735f,0.11385207365133901f,1.7347364146580062f,0.20056738764010168f,0.27133128264942397f,0f,0f,0f,1f],start_interpolation:0}
execute if entity @s[tag=aj.dynastic_sickleplay.bone.left_arm2] run data modify entity @s {} merge value {transformation:[-0.6114537848517291f,0.7853064331906746f,-0.09704676697259998f,-0.3958669091171208f,-0.7826576663223169f,-0.5821686573583316f,0.22028761140041705f,1.4570886635851363f,0.11649569235554916f,0.2106500899096332f,0.9705953293127184f,0.2597812496859191f,0f,0f,0f,1f],start_interpolation:0}
execute if entity @s[tag=aj.dynastic_sickleplay.bone.left_arm] run data modify entity @s {} merge value {transformation:[-0.6114537848517291f,0.7856381472505136f,-0.09432375403509957f,-0.2758890954109585f,-0.7826576663223169f,-0.5829288323702796f,0.21826807768962933f,1.213524247202277f,0.11649569235554916f,0.20728405142750683f,0.9713197597528835f,0.32616422408723944f,0f,0f,0f,1f],start_interpolation:0}
execute if entity @s[tag=aj.dynastic_sickleplay.bone.head] run data modify entity @s {} merge value {transformation:[0.9826471356157112f,0.05070396232836828f,0.17842005232159563f,0.0788232390437778f,-0.024564745352612744f,0.9890133814555158f,-0.145770726099884f,1.2786226590782397f,-0.18385097267079892f,0.13885834330759372f,0.9730966962958363f,0.26382106843324094f,0f,0f,0f,1f],start_interpolation:0}
execute if entity @s[tag=aj.dynastic_sickleplay.bone.body_top] run data modify entity @s {} merge value {transformation:[0.7880701408225508f,0.27581255648376424f,0.5503388836251848f,-0.029777955071704373f,-0.07839324476139214f,0.9316956884325015f,-0.3546796347861933f,0.9117674817579422f,-0.6105734618534489f,0.23636957892710594f,0.755863393635462f,0.17075054673069295f,0f,0f,0f,1f],start_interpolation:0}
execute if entity @s[tag=aj.dynastic_sickleplay.locator_origin.player_camera] at @s on origin run tp @s ^-0.27147 ^-0.04195 ^-0.01875 ~143.94436 ~-20.80115
execute if entity @s[tag=aj.dynastic_sickleplay.bone.body] run data modify entity @s {} merge value {transformation:[0.7880701408225508f,0.27607604270195835f,0.550206753675335f,-0.15056122375381115f,-0.07839324476139214f,0.9315257509748456f,-0.3551257163970675f,0.5042249657064473f,-0.6105734618534489f,0.23673148062050484f,0.7557501265388702f,0.06718052395922208f,0f,0f,0f,1f],start_interpolation:0}
execute if entity @s[tag=aj.dynastic_sickleplay.bone.right_leg2] run data modify entity @s {} merge value {transformation:[0.76799452490316f,0.027270636350974625f,0.6398755520503836f,0.2284513490225868f,0.16522253189273f,0.9568388870434708f,-0.23908337289817616f,0.43405459616345926f,-0.6187777667900858f,0.28933658018720276f,0.7303413028795845f,0.2910648564725082f,0f,0f,0f,1f],start_interpolation:0}
execute if entity @s[tag=aj.dynastic_sickleplay.bone.right_leg] run data modify entity @s {} merge value {transformation:[0.782367212377621f,-0.564563826834854f,0.2630004380719854f,0.025561223753811133f,0.15611650790307585f,0.5865610282935318f,0.7947161732640047f,0.6448499657064473f,-0.6029338114226304f,-0.580701167139192f,0.5470438497292157f,0.08237537453186108f,0f,0f,0f,1f],start_interpolation:0}
execute if entity @s[tag=aj.dynastic_sickleplay.bone.left_leg2] run data modify entity @s {} merge value {transformation:[0.8459944409780311f,0.533191453313888f,-0.0005291004558790613f,-0.3811772582662054f,-0.2346237628859712f,0.37137707492519156f,-0.8983489066666892f,0.329305416273209f,-0.47879546334890855f,0.7601223206386144f,0.43928232600853767f,0.009926992028598897f,0f,0f,0f,1f],start_interpolation:0}
execute if entity @s[tag=aj.dynastic_sickleplay.bone.left_leg] run data modify entity @s {} merge value {transformation:[0.8459944409780311f,0.48748322700802615f,0.2159942342288553f,-0.205987973560196f,-0.2346237628859712f,0.7041239636403152f,-0.6701948475754492f,0.5823499657064473f,-0.47879546334890855f,0.5163037354245013f,0.710060108063543f,0.19547364694677904f,0f,0f,0f,1f],start_interpolation:0}