execute if entity @s[tag=aj.dynastic_sickleplay.bone.right_arm2] run data modify entity @s {} merge value {transformation:[-0.2291306875905749f,0.5160748154736998f,0.825327760855078f,-0.3140230546909849f,0.47606531052379086f,0.7989732443795181f,-0.3674283261828809f,0.9310394596514465f,-0.8490353044015053f,0.3087208117368401f,-0.4287546061331463f,9.741859305471797f,0f,0f,0f,1f],start_interpolation:0}
execute if entity @s[tag=aj.dynastic_sickleplay.bone.right_arm] run data modify entity @s {} merge value {transformation:[-0.2291306875905749f,0.5160748154736998f,0.825327760855078f,-0.18500435082255992f,0.47606531052379086f,0.7989732443795181f,-0.3674283261828809f,1.130782770746326f,-0.8490353044015053f,0.3087208117368401f,-0.4287546061331463f,9.819039508406007f,0f,0f,0f,1f],start_interpolation:0}
execute if entity @s[tag=aj.dynastic_sickleplay.bone.lamina_slash] run data modify entity @s {} merge value {transformation:[-0.2914769560382694f,-0.04217745874842708f,-0.5299849454577832f,-0.6570763080136738f,-0.5317340708930318f,0.05060793523309226f,0.28614595833943995f,1.6882658551657441f,0.030372865024251145f,0.4812257954556332f,-0.07654343272748043f,9.570853761617592f,0f,0f,0f,1f],start_interpolation:0}
execute if entity @s[tag=aj.dynastic_sickleplay.locator_origin.sickle0] at @s on origin run tp @s ^-0.62889 ^1.74158 ^10.77469 ~-90.28276 ~28.74205
execute if entity @s[tag=aj.dynastic_sickleplay.locator_origin.sickle1] at @s on origin run tp @s ^-0.78329 ^1.7906 ^10.15115 ~-90.28276 ~28.74205
execute if entity @s[tag=aj.dynastic_sickleplay.locator_origin.sickle2] at @s on origin run tp @s ^-0.6911 ^1.70438 ^9.5264 ~-90.28276 ~28.74205
execute if entity @s[tag=aj.dynastic_sickleplay.locator_origin.sickle3] at @s on origin run tp @s ^0.18787 ^1.28293 ^10.58337 ~-90.28276 ~28.74205
execute if entity @s[tag=aj.dynastic_sickleplay.locator_origin.sickle4] at @s on origin run tp @s ^0.94983 ^0.85434 ^10.39232 ~-90.28276 ~28.74205
execute if entity @s[tag=aj.dynastic_sickleplay.locator_origin.sickle5] at @s on origin run tp @s ^1.7118 ^0.42575 ^10.20127 ~-90.28276 ~28.74205
execute if entity @s[tag=aj.dynastic_sickleplay.locator_origin.lamina_rider] at @s on origin run tp @s ^0.04697 ^1.03264 ^9.84682 ~-90.28276 ~28.74205
execute if entity @s[tag=aj.dynastic_sickleplay.bone.obsidian_lamina] run data modify entity @s {} merge value {transformation:[-0.84013946152207f,0.04872945064234123f,-1.5343699442551333f,0.4936107880647215f,-1.5326452631622671f,0.07312292858004313f,0.8415174000709335f,1.190010205571117f,0.08754531683460617f,1.747792458490416f,0.007572287920759729f,10.641310520163582f,0f,0f,0f,1f],start_interpolation:0}
execute if entity @s[tag=aj.dynastic_sickleplay.bone.left_arm2] run data modify entity @s {} merge value {transformation:[-0.5158988922830775f,-0.4964350227614199f,0.6981408175411046f,0.4188477022417868f,-0.8563242170370351f,0.2763980254552969f,-0.43624874422778803f,1.254989926070795f,0.023604411812254793f,-0.8228951328694813f,-0.567702767337553f,10.384939595622997f,0f,0f,0f,1f],start_interpolation:0}
execute if entity @s[tag=aj.dynastic_sickleplay.bone.left_arm] run data modify entity @s {} merge value {transformation:[-0.5158988922830775f,-0.4964350227614199f,0.6981408175411046f,0.23025158501604717f,-0.8563242170370351f,0.2763980254552969f,-0.43624874422778803f,1.21704890530499f,0.023604411812254793f,-0.8228951328694813f,-0.567702767337553f,10.182166363882159f,0f,0f,0f,1f],start_interpolation:0}
execute if entity @s[tag=aj.dynastic_sickleplay.bone.head] run data modify entity @s {} merge value {transformation:[-0.9994224412254091f,-0.03264464401235459f,0.009439872475306088f,0.052702431397839256f,-0.03332761241547272f,0.9958531685674235f,-0.08465067574985277f,1.2755091767532956f,-0.006637335740146688f,-0.08491639342040685f,-0.9963659728747982f,9.867517341618226f,0f,0f,0f,1f],start_interpolation:0}
execute if entity @s[tag=aj.dynastic_sickleplay.bone.body_top] run data modify entity @s {} merge value {transformation:[-0.8338951551155375f,0.10683520544872041f,0.5414841725771523f,0.010636069252405587f,-0.10424022064983987f,0.9329433705302802f,-0.3446021528987782f,0.9081627246069977f,-0.5419897108559407f,-0.3438064953725132f,-0.7668404312932148f,10.002891149171154f,0f,0f,0f,1f],start_interpolation:0}
execute if entity @s[tag=aj.dynastic_sickleplay.locator_origin.player_camera] at @s on origin run tp @s ^-0.06236 ^-0.04632 ^10.29877 ~35.22682 ~-20.15751
execute if entity @s[tag=aj.dynastic_sickleplay.bone.body] run data modify entity @s {} merge value {transformation:[-0.8338951551155375f,0.10683520544872041f,0.5414841725771523f,-0.036104333131409594f,-0.10424022064983987f,0.9329433705302802f,-0.3446021528987782f,0.5f,-0.5419897108559407f,-0.3438064953725132f,-0.7668404312932148f,10.153306490896629f,0f,0f,0f,1f],start_interpolation:0}
execute if entity @s[tag=aj.dynastic_sickleplay.bone.right_leg2] run data modify entity @s {} merge value {transformation:[-0.5902697052706111f,0.6965679182644231f,0.4078906842335498f,-0.3042098154999251f,0.11085680423909608f,0.5704769529800886f,-0.8137977728357633f,0.3780447647362006f,-0.7995576552029506f,-0.4351427137886163f,-0.4139545562535069f,10.15584500392913f,0f,0f,0f,1f],start_interpolation:0}
execute if entity @s[tag=aj.dynastic_sickleplay.bone.right_leg] run data modify entity @s {} merge value {transformation:[-0.6000767107094047f,0.5576170944213603f,0.5735600380720932f,-0.10381617219224876f,0.09031476007281478f,0.7596435531978185f,-0.6440379772948044f,0.6510416666666666f,-0.7948277708895f,-0.334671253761169f,-0.5062054588097168f,10.03557252210871f,0f,0f,0f,1f],start_interpolation:0}
execute if entity @s[tag=aj.dynastic_sickleplay.bone.left_leg2] run data modify entity @s {} merge value {transformation:[-0.8168587577948894f,-0.18152370954473848f,0.5475316545067574f,0.27912980336354304f,-0.21302233605691856f,0.9770282339151851f,0.006108557393310288f,0.38160137543203076f,-0.5360627334133972f,-0.1116466435039209f,-0.8367626741434306f,9.993256694386291f,0f,0f,0f,1f],start_interpolation:0}
execute if entity @s[tag=aj.dynastic_sickleplay.bone.left_leg] run data modify entity @s {} merge value {transformation:[-0.8168587577948894f,-0.5017981897284072f,0.28450016976986714f,0.09879607892989671f,-0.21302233605691856f,0.7207613901021753f,0.659639676549882f,0.640625f,-0.5360627334133972f,0.47822755600579225f,-0.6956544763904589f,10.165119722325873f,0f,0f,0f,1f],start_interpolation:0}