execute if entity @s[tag=aj.dynastic_sickleplay.bone.right_arm2] run data modify entity @s {} merge value {transformation:[-0.3841645711120626f,-0.12413789529705727f,0.9148810661793707f,-0.22882744198387478f,0.8293731534342179f,0.3889828125760878f,0.4010393295962097f,1.035135384656441f,-0.4056571886024777f,0.9128428969278412f,-0.04647677768004935f,7.349859654344585f,0f,0f,0f,1f],start_interpolation:0}
execute if entity @s[tag=aj.dynastic_sickleplay.bone.right_arm] run data modify entity @s {} merge value {transformation:[-0.3841645711120626f,-0.12413789529705727f,0.9148810661793707f,-0.2598619158081391f,0.8293731534342179f,0.3889828125760878f,0.4010393295962097f,1.132381087800463f,-0.4056571886024777f,0.9128428969278412f,-0.04647677768004935f,7.5780703785765455f,0f,0f,0f,1f],start_interpolation:0}
execute if entity @s[tag=aj.dynastic_sickleplay.bone.lamina_slash] run data modify entity @s {} merge value {transformation:[-0.22543300815764147f,1.177134575838993f,0.2966457270883017f,0.686579943756098f,-1.4316893509982633f,-0.24071602970283995f,0.40449732383790393f,1.6018231701616565f,0.45092778489866225f,-0.17578333062842386f,1.4325758387361816f,9.03082073086225f,0f,0f,0f,1f],start_interpolation:0}
execute if entity @s[tag=aj.dynastic_sickleplay.locator_origin.sickle0] at @s on origin run tp @s ^1.23782 ^1.39093 ^8.63682 ~160.74324 ~13.78843
execute if entity @s[tag=aj.dynastic_sickleplay.locator_origin.sickle1] at @s on origin run tp @s ^0.70312 ^1.57275 ^8.94678 ~160.74324 ~13.78843
execute if entity @s[tag=aj.dynastic_sickleplay.locator_origin.sickle2] at @s on origin run tp @s ^0.07833 ^1.68753 ^8.99887 ~160.74324 ~13.78843
execute if entity @s[tag=aj.dynastic_sickleplay.locator_origin.sickle3] at @s on origin run tp @s ^0.76212 ^1.21086 ^7.82729 ~160.74324 ~13.78843
execute if entity @s[tag=aj.dynastic_sickleplay.locator_origin.sickle4] at @s on origin run tp @s ^0.30643 ^1.04569 ^7.07506 ~160.74324 ~13.78843
execute if entity @s[tag=aj.dynastic_sickleplay.locator_origin.sickle5] at @s on origin run tp @s ^-0.14925 ^0.88052 ^6.32283 ~160.74324 ~13.78843
execute if entity @s[tag=aj.dynastic_sickleplay.locator_origin.lamina_rider] at @s on origin run tp @s ^0.02329 ^1.14855 ^8.1016 ~160.74324 ~13.78843
execute if entity @s[tag=aj.dynastic_sickleplay.bone.obsidian_lamina] run data modify entity @s {} merge value {transformation:[-0.25991099764057496f,1.6373032892246544f,0.5605213755064196f,0.7297822275126289f,-1.6506536046803513f,-0.4048187848722242f,0.417090432364897f,1.1808762151594467f,0.5198932108243401f,-0.46675442205586387f,1.604478531744833f,7.505538531610691f,0f,0f,0f,1f],start_interpolation:0}
execute if entity @s[tag=aj.dynastic_sickleplay.bone.left_arm2] run data modify entity @s {} merge value {transformation:[-0.1919850100985663f,-0.9804656672353621f,-0.04276483684254853f,0.5398949573658394f,-0.9297718249616644f,0.1956599449549912f,-0.3118357571665979f,1.2804020201606405f,0.3141116193408148f,-0.020106250593439137f,-0.9491731292457478f,7.6104559489898325f,0f,0f,0f,1f],start_interpolation:0}
execute if entity @s[tag=aj.dynastic_sickleplay.bone.left_arm] run data modify entity @s {} merge value {transformation:[-0.1919850100985663f,-0.9804656672353621f,-0.04276483684254853f,0.27078041429467803f,-0.9297718249616644f,0.1956599449549912f,-0.3118357571665979f,1.2130955282791802f,0.3141116193408148f,-0.020106250593439137f,-0.9491731292457478f,7.644693338759074f,0f,0f,0f,1f],start_interpolation:0}
execute if entity @s[tag=aj.dynastic_sickleplay.bone.head] run data modify entity @s {} merge value {transformation:[-0.9705327662140545f,-0.03770703624012259f,0.2380006914336217f,-0.06722484675799492f,-0.04238833000545601f,0.9989948164819344f,-0.014580333383520327f,1.2898773044092644f,-0.23721167590201897f,-0.024239143141046027f,-0.9711555409693875f,7.527210085250227f,0f,0f,0f,1f],start_interpolation:0}
execute if entity @s[tag=aj.dynastic_sickleplay.bone.body_top] run data modify entity @s {} merge value {transformation:[-0.9880846332554034f,-0.10783820166832199f,-0.10981657336430506f,-0.024763554851093134f,-0.06996460005399995f,0.9502283361314457f,-0.30359687737548946f,0.9157248970575076f,0.13709016107591132f,-0.2922961366043117f,-0.9464508736655984f,7.642301689038175f,0f,0f,0f,1f],start_interpolation:0}
execute if entity @s[tag=aj.dynastic_sickleplay.locator_origin.player_camera] at @s on origin run tp @s ^0.07621 ^-0.05348 ^7.87544 ~-6.61843 ~-17.67377
execute if entity @s[tag=aj.dynastic_sickleplay.bone.body] run data modify entity @s {} merge value {transformation:[-0.9880846332554034f,-0.10783820166832199f,-0.10981657336430506f,0.022415658378797734f,-0.06996460005399995f,0.9502283361314457f,-0.30359687737548946f,0.5f,0.13709016107591132f,-0.2922961366043117f,-0.9464508736655984f,7.770181248802561f,0f,0f,0f,1f],start_interpolation:0}
execute if entity @s[tag=aj.dynastic_sickleplay.bone.right_leg2] run data modify entity @s {} merge value {transformation:[-0.842062920821097f,0.46234052161699757f,0.2777971912189981f,-0.22957214993250896f,0.04651428187626516f,0.5753575483715165f,-0.8165782957643762f,0.4078698260006476f,-0.5373699460890768f,-0.6746887679536693f,-0.5059926950434973f,7.912306876990023f,0f,0f,0f,1f],start_interpolation:0}
execute if entity @s[tag=aj.dynastic_sickleplay.bone.right_leg] run data modify entity @s {} merge value {transformation:[-0.8483745413422032f,0.35813016476486437f,0.38987616327225816f,-0.10086912197013582f,0.025859131428712018f,0.7636086001141399f,-0.6451613838052275f,0.6822916666666666f,-0.528764543936295f,-0.5372566341304819f,-0.6570870308860361f,7.719230274099381f,0f,0f,0f,1f],start_interpolation:0}
execute if entity @s[tag=aj.dynastic_sickleplay.bone.left_leg2] run data modify entity @s {} merge value {transformation:[-0.9602817051677044f,-0.25294001007301414f,0.11781510100351801f,0.2108760015251464f,-0.2487586437418091f,0.9673159482772595f,0.04918326313088084f,0.4420993462962673f,-0.12640484122034773f,0.01792226304709471f,-0.9918168221014043f,7.405543649260203f,0f,0f,0f,1f],start_interpolation:0}
execute if entity @s[tag=aj.dynastic_sickleplay.bone.left_leg] run data modify entity @s {} merge value {transformation:[-0.9602817051677044f,-0.2478646092869523f,-0.12814906235799045f,0.12179965756264793f,-0.2487586437418091f,0.5524192103060388f,0.7955829015562036f,0.640625f,-0.12640484122034773f,0.7958618922576193f,-0.5921365252778953f,7.691556516790285f,0f,0f,0f,1f],start_interpolation:0}