execute if entity @s[tag=aj.dynastic_sickleplay.bone.right_arm2] run data modify entity @s {} merge value {transformation:[0.0056443648039626385f,-0.8931786142618965f,0.44966665894989066f,0.09782260336071469f,0.8817002350461849f,0.2165939801223895f,0.4191559892143305f,1.0601062214926666f,-0.4717762569963245f,0.39410532957565964f,0.788738329571093f,2.562000564363508f,0f,0f,0f,1f],start_interpolation:0}
execute if entity @s[tag=aj.dynastic_sickleplay.bone.right_arm] run data modify entity @s {} merge value {transformation:[0.0056443648039626385f,-0.8931786142618965f,0.44966665894989066f,-0.12547205020475943f,0.8817002350461849f,0.2165939801223895f,0.4191559892143305f,1.1142547165232641f,-0.4717762569963245f,0.39410532957565964f,0.788738329571093f,2.660526896757423f,0f,0f,0f,1f],start_interpolation:0}
execute if entity @s[tag=aj.dynastic_sickleplay.bone.lamina_slash] run data modify entity @s {} merge value {transformation:[-0.09074115660377163f,2.42847239829895f,0.3828473447923404f,1.551123243633935f,-0.9897273701327998f,-0.4035674583610964f,0.5337025519064057f,1.5908071270437618f,0.37564880581231885f,-0.47666693534595145f,1.4986338976461333f,4.114743444786836f,0f,0f,0f,1f],start_interpolation:0}
execute if entity @s[tag=aj.dynastic_sickleplay.locator_origin.sickle0] at @s on origin run tp @s ^1.25004 ^1.52178 ^3.86014 ~157.91449 ~17.60039
execute if entity @s[tag=aj.dynastic_sickleplay.locator_origin.sickle1] at @s on origin run tp @s ^0.725 ^1.69536 ^4.19066 ~157.91449 ~17.60039
execute if entity @s[tag=aj.dynastic_sickleplay.locator_origin.sickle2] at @s on origin run tp @s ^0.09917 ^1.7839 ^4.27277 ~157.91449 ~17.60039
execute if entity @s[tag=aj.dynastic_sickleplay.locator_origin.sickle3] at @s on origin run tp @s ^0.73974 ^1.2762 ^3.08985 ~157.91449 ~17.60039
execute if entity @s[tag=aj.dynastic_sickleplay.locator_origin.sickle4] at @s on origin run tp @s ^0.25184 ^1.04952 ^2.37477 ~157.91449 ~17.60039
execute if entity @s[tag=aj.dynastic_sickleplay.locator_origin.sickle5] at @s on origin run tp @s ^-0.23606 ^0.82285 ^1.65968 ~157.91449 ~17.60039
execute if entity @s[tag=aj.dynastic_sickleplay.locator_origin.lamina_rider] at @s on origin run tp @s ^0.02115 ^1.19493 ^3.40926 ~157.91449 ~17.60039
execute if entity @s[tag=aj.dynastic_sickleplay.bone.obsidian_lamina] run data modify entity @s {} merge value {transformation:[-0.14945602264150626f,1.6269009286671239f,0.6271812063496707f,0.6911848220715133f,-1.6301391978657882f,-0.35374767586344275f,0.5291585560138821f,1.2272952636264827f,0.6187156801614665f,-0.5390324202895955f,1.5456826831530046f,2.77249054854159f,0f,0f,0f,1f],start_interpolation:0}
execute if entity @s[tag=aj.dynastic_sickleplay.bone.left_arm2] run data modify entity @s {} merge value {transformation:[-0.0592634981014685f,-0.950287565597608f,0.30568182880791084f,0.5219220981095648f,-0.9353954938288289f,-0.054072089001043724f,-0.3494445296692802f,1.333519770507027f,0.3486016464641246f,-0.3066427104328993f,-0.8856902055577144f,3.0221714039427505f,0f,0f,0f,1f],start_interpolation:0}
execute if entity @s[tag=aj.dynastic_sickleplay.bone.left_arm] run data modify entity @s {} merge value {transformation:[-0.0592634981014685f,-0.950287565597608f,0.30568182880791084f,0.27694226944747924f,-0.9353954938288289f,-0.054072089001043724f,-0.3494445296692802f,1.2030773115281623f,0.3486016464641246f,-0.3066427104328993f,-0.8856902055577144f,2.989085932142541f,0f,0f,0f,1f],start_interpolation:0}
execute if entity @s[tag=aj.dynastic_sickleplay.bone.head] run data modify entity @s {} merge value {transformation:[-0.9961236393285634f,0.08371958209397638f,0.02699493924474905f,0.04520008015701469f,0.07961201110089183f,0.9885592467505405f,-0.1281114489515883f,1.273881936323098f,-0.03741153377354656f,-0.1254657213664908f,-0.9913923188640795f,2.7148094743294235f,0f,0f,0f,1f],start_interpolation:0}
execute if entity @s[tag=aj.dynastic_sickleplay.bone.body_top] run data modify entity @s {} merge value {transformation:[-0.926803094459386f,0.08447552726958495f,0.36592336546472626f,0.011937841294615614f,-0.05747782424466316f,0.9309857880578621f,-0.3605020972953985f,0.9073062822753146f,-0.3711230575167834f,-0.35514693821967125f,-0.8579850397603603f,2.8546485812534192f,0f,0f,0f,1f],start_interpolation:0}
execute if entity @s[tag=aj.dynastic_sickleplay.locator_origin.player_camera] at @s on origin run tp @s ^-0.04967 ^-0.04621 ^3.15617 ~23.09784 ~-21.13103
execute if entity @s[tag=aj.dynastic_sickleplay.bone.body] run data modify entity @s {} merge value {transformation:[-0.926803094459386f,0.08447552726958495f,0.36592336546472626f,-0.0250202018858278f,-0.05747782424466316f,0.9309857880578621f,-0.3605020972953985f,0.5f,-0.3711230575167834f,-0.35514693821967125f,-0.8579850397603603f,3.0100253667245256f,0f,0f,0f,1f],start_interpolation:0}
execute if entity @s[tag=aj.dynastic_sickleplay.bone.right_leg2] run data modify entity @s {} merge value {transformation:[-0.8457405071521948f,0.4517310790862886f,0.28401061027624663f,-0.19411937943182894f,0.16017224896327337f,0.7226360541037931f,-0.6724150384779828f,0.29246497560440704f,-0.5089870776591443f,-0.5231980174817537f,-0.68351736574806f,2.9283852774549666f,0f,0f,0f,1f],start_interpolation:0}
execute if entity @s[tag=aj.dynastic_sickleplay.bone.right_leg] run data modify entity @s {} merge value {transformation:[-0.8485082488575452f,0.22246959044124354f,0.4801468868477732f,-0.11416937036700706f,0.13718448686210793f,0.9687931113616499f,-0.20644690344636774f,0.640625f,-0.5110911544774405f,-0.1093031962346899f,-0.8525483230338314f,2.889104441308125f,0f,0f,0f,1f],start_interpolation:0}
execute if entity @s[tag=aj.dynastic_sickleplay.bone.left_leg2] run data modify entity @s {} merge value {transformation:[-0.8695374391680479f,0.0470880374076075f,0.49161708536031673f,0.2317636563406683f,-0.12886605888975367f,0.9393260212968667f,-0.31789961399916916f,0.30639873981202753f,-0.47675798970892536f,-0.3397783725426001f,-0.810711093300817f,2.8633766284754154f,0f,0f,0f,1f],start_interpolation:0}
execute if entity @s[tag=aj.dynastic_sickleplay.bone.left_leg] run data modify entity @s {} merge value {transformation:[-0.8695374391680479f,-0.3282676503941492f,0.3689783077496262f,0.11379246948027097f,-0.12886605888975367f,0.8720498834216044f,0.4721467353382726f,0.6197916666666666f,-0.47675798970892536f,0.3630004828220907f,-0.8005825808245101f,2.9938299269896045f,0f,0f,0f,1f],start_interpolation:0}