execute if entity @s[tag=aj.dynastic_sickleplay.bone.right_arm2] run data modify entity @s {} merge value {transformation:[-0.05077791546171667f,0.7298010608190502f,0.6817712335738076f,-0.31479716778732447f,0.3926592921207963f,0.642264770971761f,-0.6582663930961282f,0.9847337570598118f,-0.918281157169501f,0.2342784147034891f,-0.31917603417465745f,11.02884648477688f,0f,0f,0f,1f],start_interpolation:0}
execute if entity @s[tag=aj.dynastic_sickleplay.bone.right_arm] run data modify entity @s {} merge value {transformation:[-0.05077791546171667f,0.7298010608190502f,0.6817712335738076f,-0.1323469025825619f,0.3926592921207963f,0.642264770971761f,-0.6582663930961282f,1.145299949802752f,-0.918281157169501f,0.2342784147034891f,-0.31917603417465745f,11.087416088452752f,0f,0f,0f,1f],start_interpolation:0}
execute if entity @s[tag=aj.dynastic_sickleplay.bone.lamina_slash] run data modify entity @s {} merge value {transformation:[-0.000011498972952282288f,-0.000010950183195132861f,-0.000014121954858861089f,0.08442935746270425f,-0.00001771229542521098f,0.000004758102046788777f,0.00001073301242347156f,1.476085138342249f,-0.0000023686941154844616f,0.000017578863811560025f,-0.000011701937244828097f,10.319040709539898f,0f,0f,0f,1f],start_interpolation:0}
execute if entity @s[tag=aj.dynastic_sickleplay.locator_origin.sickle0] at @s on origin run tp @s ^-0.69945 ^1.80837 ^11.63975 ~-58.90246 ~32.00465
execute if entity @s[tag=aj.dynastic_sickleplay.locator_origin.sickle1] at @s on origin run tp @s ^-0.54781 ^1.79363 ^11.01379 ~-58.90246 ~32.00465
execute if entity @s[tag=aj.dynastic_sickleplay.locator_origin.sickle2] at @s on origin run tp @s ^-0.19195 ^1.62984 ^10.51101 ~-58.90246 ~32.00465
execute if entity @s[tag=aj.dynastic_sickleplay.locator_origin.sickle3] at @s on origin run tp @s ^0.06083 ^1.28224 ^11.88311 ~-58.90246 ~32.00465
execute if entity @s[tag=aj.dynastic_sickleplay.locator_origin.sickle4] at @s on origin run tp @s ^0.77573 ^0.78924 ^12.0991 ~-58.90246 ~32.00465
execute if entity @s[tag=aj.dynastic_sickleplay.locator_origin.sickle5] at @s on origin run tp @s ^1.49063 ^0.29623 ^12.31508 ~-58.90246 ~32.00465
execute if entity @s[tag=aj.dynastic_sickleplay.locator_origin.lamina_rider] at @s on origin run tp @s ^0.24366 ^0.95681 ^11.18621 ~-58.90246 ~32.00465
execute if entity @s[tag=aj.dynastic_sickleplay.bone.obsidian_lamina] run data modify entity @s {} merge value {transformation:[-0.9469742431291295f,-0.7422650006870604f,-1.2707409065600472f,0.2950612964303268f,-1.458659623252669f,0.27311995377015114f,0.9274791611378523f,1.1784669069501332f,-0.19506892715754387f,1.5610727592292524f,-0.7664854558633036f,12.082702822752886f,0f,0f,0f,1f],start_interpolation:0}
execute if entity @s[tag=aj.dynastic_sickleplay.bone.left_arm2] run data modify entity @s {} merge value {transformation:[-0.5665378813156184f,-0.22424199710635767f,0.7929378006931957f,0.3449326316042466f,-0.8109637563912796f,0.32244101373086476f,-0.4882310707891887f,1.2274712481051018f,-0.1461937579178933f,-0.9196452138721566f,-0.3645271810823987f,11.775783117087157f,0f,0f,0f,1f],start_interpolation:0}
execute if entity @s[tag=aj.dynastic_sickleplay.bone.left_arm] run data modify entity @s {} merge value {transformation:[-0.5665378813156184f,-0.22424199710635767f,0.7929378006931957f,0.21805489716320486f,-0.8109637563912796f,0.32244101373086476f,-0.4882310707891887f,1.206711031988908f,-0.1461937579178933f,-0.9196452138721566f,-0.3645271810823987f,11.527597593879381f,0f,0f,0f,1f],start_interpolation:0}
execute if entity @s[tag=aj.dynastic_sickleplay.bone.head] run data modify entity @s {} merge value {transformation:[-0.998863328747003f,0.04692317979481725f,-0.008382462788425582f,0.11531312332328933f,0.04753863934910918f,0.9935171202031204f,-0.1032657234135981f,1.2742253304471405f,0.003482564183388215f,-0.10354683510973023f,-0.9946184819746047f,11.182878490968156f,0f,0f,0f,1f],start_interpolation:0}
execute if entity @s[tag=aj.dynastic_sickleplay.bone.body_top] run data modify entity @s {} merge value {transformation:[-0.698898203318657f,0.2101358988188459f,0.6836550339356455f,0.03257211316336874f,-0.06947430381657035f,0.9313988937709959f,-0.35730858062936016f,0.9074870160248107f,-0.7118389020748697f,-0.2972187825655721f,-0.6363539681522252f,11.299908386603349f,0f,0f,0f,1f],start_interpolation:0}
execute if entity @s[tag=aj.dynastic_sickleplay.locator_origin.player_camera] at @s on origin run tp @s ^-0.13484 ^-0.04624 ^11.55736 ~47.05225 ~-20.935
execute if entity @s[tag=aj.dynastic_sickleplay.bone.body] run data modify entity @s {} merge value {transformation:[-0.698898203318657f,0.2101358988188459f,0.6836550339356455f,-0.05936234256987633f,-0.06947430381657035f,0.9313988937709959f,-0.35730858062936016f,0.5f,-0.7118389020748697f,-0.2972187825655721f,-0.6363539681522252f,11.429941603975786f,0f,0f,0f,1f],start_interpolation:0}
execute if entity @s[tag=aj.dynastic_sickleplay.bone.right_leg2] run data modify entity @s {} merge value {transformation:[-0.49590585936354353f,0.7320446587500146f,0.4671059796710797f,-0.31636384888833113f,0.09426490286698f,0.5801093334139416f,-0.8090656891584953f,0.3648432860019473f,-0.8632447548270326f,-0.3571887160614213f,-0.35668573616281485f,11.397891607730338f,0f,0f,0f,1f],start_interpolation:0}
execute if entity @s[tag=aj.dynastic_sickleplay.bone.right_leg] run data modify entity @s {} merge value {transformation:[-0.5058323859432721f,0.5791407323621929f,0.6393196457562669f,-0.10823514819566808f,0.07357974915062326f,0.7673925954728422f,-0.6369416181475237f,0.640625f,-0.859487997499597f,-0.2751447192523189f,-0.4307850573333465f,11.299011474249037f,0f,0f,0f,1f],start_interpolation:0}
execute if entity @s[tag=aj.dynastic_sickleplay.bone.left_leg2] run data modify entity @s {} merge value {transformation:[-0.7059193141336614f,-0.08968085791079983f,0.7025918200900463f,0.26014902103532356f,-0.12186094971694333f,0.9925380730405504f,0.004252352176779661f,0.3663230620766078f,-0.6977304858375801f,-0.08261668892744178f,-0.7115803902887716f,11.329689170739774f,0f,0f,0f,1f],start_interpolation:0}
execute if entity @s[tag=aj.dynastic_sickleplay.bone.left_leg] run data modify entity @s {} merge value {transformation:[-0.7059193141336614f,-0.5160169083779474f,0.48518498760898005f,0.07470544458699868f,-0.12186094971694333f,0.7632749576998739f,0.6344771452797495f,0.640625f,-0.6977304858375801f,0.3887645678509305f,-0.601692845159832f,11.469401437311202f,0f,0f,0f,1f],start_interpolation:0}