execute if entity @s[tag=aj.shadow_golem.bone.black_hole] run data modify entity @s {} merge value {transformation:[-0.984807753012208f,0f,-0.17364817766693022f,0.3385276650979465f,0f,1f,0f,1.5f,0.17364817766693022f,0f,-0.984807753012208f,-0.059691561073007264f,0f,0f,0f,1f],start_interpolation:0}
execute if entity @s[tag=aj.shadow_golem.bone.body] run data modify entity @s {} merge value {transformation:[-1.0668750657632253f,0f,-0.1881188591391744f,0f,0f,1.0833333333333333f,0f,1.5f,0.1881188591391744f,0f,-1.0668750657632253f,0f,0f,0f,0f,1f],start_interpolation:0}
execute if entity @s[tag=aj.shadow_golem.bone.right_leg] run data modify entity @s {} merge value {transformation:[-1f,0f,1.2246467991473532e-16f,0.09999999999999996f,0f,1f,0f,0.53125f,-1.2246467991473532e-16f,0f,-1f,0.375f,0f,0f,0f,1f],start_interpolation:0}
execute if entity @s[tag=aj.shadow_golem.bone.left_shoulder] run data modify entity @s {} merge value {transformation:[-0.9327081154017672f,-0.2756373558169991f,-0.23255025164874937f,0.18749999999999986f,-0.26744974835125046f,0.9612616959383189f,-0.06668271161732853f,1.6875f,0.2419218955996676f,-3.3755840552672803e-17f,-0.9702957262759965f,1.125f,0f,0f,0f,1f],start_interpolation:0}
execute if entity @s[tag=aj.shadow_golem.bone.left_hand] run data modify entity @s {} merge value {transformation:[-0.9993390120902788f,0.026075955066452883f,-0.025329498253968324f,0.42329679831884287f,0.027889459124157568f,0.9968607171689082f,-0.07410053060034041f,0.9748890669984269f,0.02331773968864473f,-0.07475797705169912f,-0.9969290485701329f,1.2462869657844995f,0f,0f,0f,1f],start_interpolation:0}
execute if entity @s[tag=aj.shadow_golem.bone.right_hand] run data modify entity @s {} merge value {transformation:[-0.9794128730990714f,0.10294044103643693f,-0.17364817766693022f,-0.28420602220836616f,0.10452846326765346f,0.9945218953682733f,0f,0.9375f,0.1726969147805621f,-0.018151177160752676f,-0.984807753012208f,-1.248100969126526f,0f,0f,0f,1f],start_interpolation:0}
execute if entity @s[tag=aj.shadow_golem.bone.right_shoulder] run data modify entity @s {} merge value {transformation:[-0.984807753012208f,0f,-0.17364817766693022f,-0.2624999999999999f,0f,1f,0f,1.6875f,0.17364817766693022f,0f,-0.984807753012208f,-1.125f,0f,0f,0f,1f],start_interpolation:0}