execute if entity @s[tag=aj.shadow_golem.bone.black_hole] run data modify entity @s {} merge value {transformation:[-0.98933569605814f,-0.015063305330888434f,0.14487227939693648f,0.3400841455199856f,-0.015875988510915172f,0.9998640431626283f,-0.004455129547272524f,1.5054573710506272f,-0.14478547404334763f,-0.006707609334935906f,-0.9894403339681747f,0.04977000670240075f,0f,0f,0f,1f],start_interpolation:0}
execute if entity @s[tag=aj.shadow_golem.bone.body] run data modify entity @s {} merge value {transformation:[-1.0717803373963182f,-0.016318580775129137f,0.15694496934668117f,0f,-0.017198987553491436f,1.083186046759514f,-0.004826390342878567f,1.5f,-0.1568509302136266f,-0.007266576779513898f,-1.0718936951321891f,0f,0f,0f,0f,1f],start_interpolation:0}
execute if entity @s[tag=aj.shadow_golem.bone.right_leg] run data modify entity @s {} merge value {transformation:[-0.9998942319271075f,0.014543897651582665f,1.2246467991473532e-16f,-0.10416666666666678f,0.014543897651582665f,0.9998942319271075f,0f,0.53125f,-1.2245172706154333e-16f,1.7811137706137416e-18f,-1f,0.35416666666666663f,0f,0f,0f,1f],start_interpolation:0}
execute if entity @s[tag=aj.shadow_golem.bone.left_shoulder] run data modify entity @s {} merge value {transformation:[-0.9595166212757299f,0.10491603615957665f,0.2613818640460161f,-0.31250000000000033f,0.07265797072261065f,0.9888243900184098f,-0.130181200621257f,1.6875f,-0.27211885782885364f,-0.1059195499484496f,-0.9564164240291141f,1.0208333333333333f,0f,0f,0f,1f],start_interpolation:0}
execute if entity @s[tag=aj.shadow_golem.bone.left_hand] run data modify entity @s {} merge value {transformation:[-0.8555134449153069f,0.3899646296620379f,0.34062344778610576f,-0.43814495148404503f,0.40991568752509183f,0.9120070775597782f,-0.014567758980158597f,1.0416666666666667f,-0.3163319058994454f,0.12716398111659738f,-0.9400869359886893f,1.158439904356647f,0f,0f,0f,1f],start_interpolation:0}
execute if entity @s[tag=aj.shadow_golem.bone.right_hand] run data modify entity @s {} merge value {transformation:[-0.9899817898638781f,-0.004783434124524949f,0.14111404783326414f,0.18823995683258868f,-0.009826583910129902f,0.9993367933241486f,-0.03506296846054746f,0.9601929757452987f,-0.14085273865484338f,-0.03609836930644514f,-0.9893722321486721f,-1.1897711092706267f,0f,0f,0f,1f],start_interpolation:0}
execute if entity @s[tag=aj.shadow_golem.bone.right_shoulder] run data modify entity @s {} merge value {transformation:[-0.9827325643517854f,-0.11968096117041889f,0.14111404783326414f,0.08333333333333356f,-0.1257760605946742f,0.9914388386703537f,-0.03506296846054746f,1.6875f,-0.13570957793703775f,-0.05220628994005597f,-0.9893722321486721f,-1.1041666666666667f,0f,0f,0f,1f],start_interpolation:0}
execute if entity @s[tag=aj.shadow_golem.bone.head] run data modify entity @s {} merge value {transformation:[-0.9894416385809445f,0f,0.14493185930724695f,-0.7291666666666666f,0f,1f,0f,1.9375f,-0.14493185930724695f,0f,-0.9894416385809445f,-0.10416666666666682f,0f,0f,0f,1f],start_interpolation:0}