execute if entity @s[tag=aj.shadow_golem.bone.black_hole] run data modify entity @s {} merge value {transformation:[-0.9318183125914895f,-0.020382778621737048f,0.3623522797704003f,0.3203125449533245f,-0.02243190702370488f,0.999747323910451f,-0.0014484064249013573f,1.5077109680393985f,-0.36223119946579563f,-0.00947790428043537f,-0.9320400889790214f,0.12451697481636725f,0f,0f,0f,1f],start_interpolation:0}
execute if entity @s[tag=aj.shadow_golem.bone.body] run data modify entity @s {} merge value {transformation:[-1.0094698386407803f,-0.0220813435068818f,0.3925483030846003f,0f,-0.024301232609013616f,1.0830596009029885f,-0.0015691069603098037f,1.5f,-0.39241713275461193f,-0.010267729637138318f,-1.0097100963939398f,0f,0f,0f,0f,1f],start_interpolation:0}
execute if entity @s[tag=aj.shadow_golem.bone.left_leg] run data modify entity @s {} merge value {transformation:[-0.986643332084879f,0f,0.16289547339458887f,0.12500000000000006f,0f,1f,0f,0.53125f,-0.16289547339458887f,0f,-0.986643332084879f,-0.375f,0f,0f,0f,1f],start_interpolation:0}
execute if entity @s[tag=aj.shadow_golem.bone.right_leg] run data modify entity @s {} merge value {transformation:[-0.9990482215818578f,0.043619387365336f,1.2246467991473532e-16f,-0.25000000000000006f,0.043619387365336f,0.9990482215818578f,0f,0.5625f,-1.223481206754078e-16f,5.341834311772723e-18f,-1f,0.34374999999999994f,0f,0f,0f,1f],start_interpolation:0}
execute if entity @s[tag=aj.shadow_golem.bone.left_shoulder] run data modify entity @s {} merge value {transformation:[-0.7274297682610065f,0.31104119749495585f,0.6116365797666474f,-0.6562500000000001f,0.1628954733945888f,0.9441588014532494f,-0.2864074412195265f,1.6875f,-0.6665665735658302f,-0.10870846838801279f,-0.7374764212538873f,0.9062499999999999f,0f,0f,0f,1f],start_interpolation:0}
execute if entity @s[tag=aj.shadow_golem.bone.left_hand] run data modify entity @s {} merge value {transformation:[-0.39800373115963644f,0.5485306596023317f,0.7353279169589841f,-0.875082831029202f,0.763342909962755f,0.6425938754354061f,-0.06618695538018815f,1.15625f,-0.5088227901662828f,0.5349646967129108f,-0.6744717499482556f,0.9600407246999406f,0f,0f,0f,1f],start_interpolation:0}
execute if entity @s[tag=aj.shadow_golem.bone.right_hand] run data modify entity @s {} merge value {transformation:[-0.9321150855777912f,0.061212757116965055f,0.3569516292222892f,0.49980725842541296f,0.06115504786521603f,0.9980624889430794f,-0.011459855380794984f,1.009570422122061f,-0.35696152083790533f,0.011147489891677104f,-0.9340525713846115f,-1.1596200958780467f,0f,0f,0f,1f],start_interpolation:0}
execute if entity @s[tag=aj.shadow_golem.bone.right_shoulder] run data modify entity @s {} merge value {transformation:[-0.9199520053263881f,-0.16209207966927525f,0.3569516292222892f,0.3437500000000001f,-0.17782290250878913f,0.9839957759350397f,-0.011459855380794984f,1.6875f,-0.3493813435764809f,-0.07401669170186133f,-0.9340525713846115f,-1.09375f,0f,0f,0f,1f],start_interpolation:0}
execute if entity @s[tag=aj.shadow_golem.bone.head] run data modify entity @s {} merge value {transformation:[-0.9320078692827986f,0f,0.36243803828370175f,-0.6875f,0f,1f,0f,1.9375f,-0.36243803828370175f,0f,-0.9320078692827986f,-0.2812500000000001f,0f,0f,0f,1f],start_interpolation:0}