execute if entity @s[tag=aj.shadow_golem.bone.black_hole] run data modify entity @s {} merge value {transformation:[-0.9760612315551904f,-0.021867027946179843f,0.21639386623415663f,0.33552104834709673f,-0.02349697843434385f,0.9997115931865577f,-0.004962101656611045f,1.5080770863368056f,-0.2162229503531507f,-0.009927917062282096f,-0.9762935379297476f,0.07432663918389555f,0f,0f,0f,1f],start_interpolation:0}
execute if entity @s[tag=aj.shadow_golem.bone.body] run data modify entity @s {} merge value {transformation:[-1.057399667518123f,-0.023689280275028163f,0.23442668842033634f,0f,-0.02545505997053917f,1.0830208926187708f,-0.005375610127995299f,1.5f,-0.23424152954924657f,-0.010755243484138937f,-1.0576513327572266f,0f,0f,0f,0f,1f],start_interpolation:0}
execute if entity @s[tag=aj.shadow_golem.bone.right_leg] run data modify entity @s {} merge value {transformation:[-0.9997620270799091f,0.021814885034561138f,1.2246467991473532e-16f,-0.15625000000000017f,0.021814885034561138f,0.9997620270799091f,0f,0.53125f,-1.22435536637248e-16f,2.6715529131342794e-18f,-1f,0.34375f,0f,0f,0f,1f],start_interpolation:0}
execute if entity @s[tag=aj.shadow_golem.bone.left_shoulder] run data modify entity @s {} merge value {transformation:[-0.9098711772663327f,0.17630439057344055f,0.3755678402692458f,-0.4375000000000004f,0.10886687485196465f,0.9749558244199862f,-0.1939307711259658f,1.6875f,-0.40035289975213695f,-0.13556512196753556f,-0.9062779117720914f,0.9687499999999999f,0f,0f,0f,1f],start_interpolation:0}
execute if entity @s[tag=aj.shadow_golem.bone.left_hand] run data modify entity @s {} merge value {transformation:[-0.6897935435791451f,0.5314898234577088f,0.4916334353941152f,-0.6274289392384447f,0.5900148614801836f,0.8062069099927791f,-0.04373650091645148f,1.09375f,-0.41960377794896697f,0.2599018773321741f,-0.8697032158674393f,1.090027566102554f,0f,0f,0f,1f],start_interpolation:0}
execute if entity @s[tag=aj.shadow_golem.bone.right_hand] run data modify entity @s {} merge value {transformation:[-0.9769434893401643f,-0.0038769368266394766f,0.21346284921903044f,0.3076090237524733f,-0.012529349279905816f,0.9991529998731687f,-0.039195640715130944f,0.9769332884366722f,-0.21313008713573595f,-0.04096647660331256f,-0.9761645935764234f,-1.1601725627838668f,0f,0f,0f,1f],start_interpolation:0}
execute if entity @s[tag=aj.shadow_golem.bone.right_shoulder] run data modify entity @s {} merge value {transformation:[-0.9614282995421175f,-0.17346249405230496f,0.21346284921903044f,0.1562500000000003f,-0.18584009794947176f,0.9817979220506943f,-0.039195640715130944f,1.6875f,-0.20277840820384005f,-0.07735375500965008f,-0.9761645935764234f,-1.09375f,0f,0f,0f,1f],start_interpolation:0}
execute if entity @s[tag=aj.shadow_golem.bone.head] run data modify entity @s {} merge value {transformation:[-0.9762960071199334f,0f,0.21643961393810315f,-0.71875f,0f,1f,0f,1.9375f,-0.21643961393810315f,0f,-0.9762960071199334f,-0.1562500000000002f,0f,0f,0f,1f],start_interpolation:0}