execute if entity @s[tag=aj.nep_moonlight_slash.bone.right_arm2] run data modify entity @s {} merge value {transformation:[0.7365849872161129f,-0.23951669907603226f,-0.6325142745199988f,0.533636181219834f,0.5498806795171826f,0.7565819082587713f,0.3538573927293846f,1.131548957528723f,0.39379410216705946f,-0.6084534221772754f,0.6889924804663703f,0.02682807585596767f,0f,0f,0f,1f],start_interpolation:0}
execute if entity @s[tag=aj.nep_moonlight_slash.bone.right_arm] run data modify entity @s {} merge value {transformation:[0.7365849872161129f,-0.49070580536984326f,-0.46545716149198135f,0.5099951286975739f,0.5498806795171826f,0.8351797240335471f,-0.010298876490648742f,1.3099761932521523f,0.39379410216705946f,-0.24835990243914485f,0.8850104880502027f,-0.003067103348857486f,0f,0f,0f,1f],start_interpolation:0}
execute if entity @s[tag=aj.nep_moonlight_slash.locator_origin.moonlight_greatsword] at @s on origin run tp @s ^-0.71174 ^1.67066 ^-1.32457 ~-113.91783 ~-8.83074
execute if entity @s[tag=aj.nep_moonlight_slash.bone.moonlight_greatsword] run data modify entity @s {} merge value {transformation:[0.07309921582449012f,0.6039383548404547f,-1.2808397027633915f,-0.3880067733816358f,-1.3695613050065691f,-0.2958921785671197f,-0.2176810199996083f,1.4991077628004394f,-0.35999126718728985f,1.2483355551260935f,0.5680669021633634f,-0.6262628871900248f,0f,0f,0f,1f],start_interpolation:0}
execute if entity @s[tag=aj.nep_moonlight_slash.bone.left_arm2] run data modify entity @s {} merge value {transformation:[0.05155206405253298f,0.4259179582345906f,-0.9032919115907113f,-0.30324192894486374f,-0.9658614162029798f,-0.20867327193714225f,-0.15351609123939317f,1.487314942902858f,-0.253878138842827f,0.8803688763423689f,0.400620184445788f,-0.5517905143292121f,0f,0f,0f,1f],start_interpolation:0}
execute if entity @s[tag=aj.nep_moonlight_slash.bone.left_arm] run data modify entity @s {} merge value {transformation:[0.05155206405253298f,0.36802802280650787f,-0.9283844888412647f,-0.1817891638112634f,-0.9658614162029798f,-0.21795084930473674f,-0.14003268182005993f,1.2984726254697554f,-0.253878138842827f,0.9039097309557391f,0.34422825116661443f,-0.30105349076089705f,0f,0f,0f,1f],start_interpolation:0}
execute if entity @s[tag=aj.nep_moonlight_slash.bone.head] run data modify entity @s {} merge value {transformation:[0.9978603653545901f,0.04071498948190286f,0.05115643542989062f,0.09101201590698174f,-0.040422958681517414f,0.9991599880416409f,-0.006730728642596634f,1.5161399292422433f,-0.05138750495827138f,0.004648432866727906f,0.998667971052465f,0.01012278747739044f,0f,0f,0f,1f],start_interpolation:0}
execute if entity @s[tag=aj.nep_moonlight_slash.bone.body_top] run data modify entity @s {} merge value {transformation:[0.952693914849282f,0.0014054326700532124f,-0.3039281648155677f,0.09045862679314828f,-0.03930731431349641f,0.9921608171335258f,-0.11862482027971388f,1.1254766074959175f,0.3013788971554062f,0.12495974433370277f,0.9452808168187096f,-0.039080111854005034f,0f,0f,0f,1f],start_interpolation:0}
execute if entity @s[tag=aj.nep_moonlight_slash.bone.body] run data modify entity @s {} merge value {transformation:[0.952693914849282f,0.0014054326700532124f,-0.3039281648155677f,0.08984375f,-0.03930731431349641f,0.9921608171335258f,-0.11862482027971388f,0.69140625f,0.3013788971554062f,0.12495974433370277f,0.9452808168187096f,-0.09375f,0f,0f,0f,1f],start_interpolation:0}
execute if entity @s[tag=aj.nep_moonlight_slash.bone.right_leg2] run data modify entity @s {} merge value {transformation:[0.9337917775288729f,-0.13233427495263447f,0.33244632031687255f,0.34768053596150694f,0.11408344000417649f,0.9907170451196495f,0.07392364456791811f,0.4437003756921372f,-0.3391428680309842f,-0.03110267162400973f,0.940220579907485f,0.06142390751034527f,0f,0f,0f,1f],start_interpolation:0}
execute if entity @s[tag=aj.nep_moonlight_slash.bone.right_leg] run data modify entity @s {} merge value {transformation:[0.926503639347008f,-0.2282970396604102f,0.2991178161845972f,0.25115966796875f,0.15700754691555935f,0.9569645001138599f,0.24406469579475995f,0.78515625f,-0.3419643789758048f,-0.1791630743320827f,0.9224754502465465f,0.00238037109375f,0f,0f,0f,1f],start_interpolation:0}
execute if entity @s[tag=aj.nep_moonlight_slash.bone.left_leg2] run data modify entity @s {} merge value {transformation:[0.9960422329304374f,0.07440875894455909f,-0.048612825584192665f,-0.11450768010079085f,-0.08793887463022503f,0.9044496375894083f,-0.4174177851902784f,0.4311077483528322f,0.012908313124424996f,0.4200407000002717f,0.9074134591218952f,-0.18798592981964124f,0f,0f,0f,1f],start_interpolation:0}
execute if entity @s[tag=aj.nep_moonlight_slash.bone.left_leg] run data modify entity @s {} merge value {transformation:[0.991459327914423f,0.1301427042841822f,-0.00844260700735151f,-0.05224609375f,-0.13036083890443592f,0.9908463019270946f,-0.03506647455237986f,0.78515625f,0.0038016801038988452f,0.03586756862404956f,0.9993493206829065f,-0.17503662109375f,0f,0f,0f,1f],start_interpolation:0}
execute if entity @s[tag=aj.nep_moonlight_slash.locator_origin.nep_ride] at @s on origin run tp @s ^0.07422 ^0.95117 ^-3.29687 ~-180 ~0