execute if entity @s[tag=aj.nep_moonlight_slash.bone.right_arm2] run data modify entity @s {} merge value {transformation:[0.8887729236711864f,0.37719958601527753f,-0.2603904039300891f,0.26517556821801125f,0.45789065990948014f,-0.7053244226295988f,0.54115949812406f,1.707848492261049f,0.020465427350352693f,-0.6001982432097972f,-0.799589416595318f,0.0128568805316715f,0f,0f,0f,1f],start_interpolation:0}
execute if entity @s[tag=aj.nep_moonlight_slash.bone.right_arm] run data modify entity @s {} merge value {transformation:[0.8887729236711864f,0.37719958601527753f,-0.2603904039300891f,0.39432520816850913f,0.45789065990948014f,-0.7053244226295988f,0.54115949812406f,1.6115266247769953f,0.020465427350352693f,-0.6001982432097972f,-0.799589416595318f,-0.07276652688122165f,0f,0f,0f,1f],start_interpolation:0}
execute if entity @s[tag=aj.nep_moonlight_slash.locator_origin.moonlight_greatsword] at @s on origin run tp @s ^0.15009 ^2.66218 ^0.37407 ~176.9755 ~-5.41089
execute if entity @s[tag=aj.nep_moonlight_slash.bone.moonlight_greatsword] run data modify entity @s {} merge value {transformation:[-1.413948649795035f,-0.0763996745391004f,0.07448275941236399f,0.10324218497667312f,0.06914043548796926f,-1.4099561483685175f,-0.13371101613147432f,1.8771423623259853f,0.08126617931153478f,-0.12970013640970865f,1.4096840279622844f,0.315836219323969f,0f,0f,0f,1f],start_interpolation:0}
execute if entity @s[tag=aj.nep_moonlight_slash.bone.left_arm2] run data modify entity @s {} merge value {transformation:[-0.9204502701931714f,-0.3789634235814667f,0.09569756365097197f,-0.181580982480024f,0.19087757035352604f,-0.6494811017585163f,-0.7360299257465546f,1.8072476954426648f,0.34108217959496606f,-0.6592124255852265f,0.6701506731450692f,0.21271081626361643f,0f,0f,0f,1f],start_interpolation:0}
execute if entity @s[tag=aj.nep_moonlight_slash.bone.left_arm] run data modify entity @s {} merge value {transformation:[-0.9204502701931714f,-0.3789634235814667f,0.09569756365097197f,-0.41506333612337876f,0.19087757035352604f,-0.6494811017585163f,-0.7360299257465546f,1.6281445474373193f,0.34108217959496606f,-0.6592124255852265f,0.6701506731450692f,0.04934220571760389f,0f,0f,0f,1f],start_interpolation:0}
execute if entity @s[tag=aj.nep_moonlight_slash.bone.head] run data modify entity @s {} merge value {transformation:[0.9999881864706666f,-0.0030527531736195632f,-0.0037825410993771458f,0.08828031476963692f,0.0037820099715525496f,0.9774892626662183f,0.21095126871585312f,1.5209280564207734f,0.003053411155183436f,-0.21096308224500782f,0.9774892606110839f,-0.1473008248554329f,0f,0f,0f,1f],start_interpolation:0}
execute if entity @s[tag=aj.nep_moonlight_slash.bone.body_top] run data modify entity @s {} merge value {transformation:[0.9999534139772371f,-0.0018808243372788773f,0.00946743761957816f,0.08902088935244049f,0.0012669193992846293f,0.9979209701302538f,0.06443704128472046f,1.127996674431986f,-0.009568949289447645f,-0.06442204493886662f,0.9978768638140633f,-0.12193464466075415f,0f,0f,0f,1f],start_interpolation:0}
execute if entity @s[tag=aj.nep_moonlight_slash.bone.body] run data modify entity @s {} merge value {transformation:[0.9999534139772371f,-0.0018808243372788773f,0.00946743761957816f,0.08984375f,0.0012669193992846293f,0.9979209701302538f,0.06443704128472046f,0.69140625f,-0.009568949289447645f,-0.06442204493886662f,0.9978768638140633f,-0.09375f,0f,0f,0f,1f],start_interpolation:0}
execute if entity @s[tag=aj.nep_moonlight_slash.locator_origin.nep_ride] at @s on origin run tp @s ^0.07422 ^0.95117 ^-3.29687 ~-180 ~0