execute if entity @s[tag=aj.nep_moonlight_slash.bone.right_arm2] run data modify entity @s {} merge value {transformation:[0.9195491734020647f,-0.36795225296797474f,-0.13798716328474553f,0.49568600505963123f,0.39297234713682255f,0.8597111125387759f,0.3262967014284953f,1.1341013267147682f,-0.0014325087630351428f,-0.35427100151315166f,0.9351417033827079f,-0.12759074644180518f,0f,0f,0f,1f],start_interpolation:0}
execute if entity @s[tag=aj.nep_moonlight_slash.bone.right_arm] run data modify entity @s {} merge value {transformation:[0.9195491734020647f,-0.3913344886610922f,0.035869704207603784f,0.49268643912342447f,0.39297234713682255f,0.9160371744655036f,-0.08030335847916294f,1.3165113680791658f,-0.0014325087630351428f,0.08793868876448958f,0.9961248591100546f,-0.13013612766790783f,0f,0f,0f,1f],start_interpolation:0}
execute if entity @s[tag=aj.nep_moonlight_slash.locator_origin.moonlight_greatsword] at @s on origin run tp @s ^-1.515 ^1.24244 ^0.01834 ~171.22707 ~13.62638
execute if entity @s[tag=aj.nep_moonlight_slash.bone.moonlight_greatsword] run data modify entity @s {} merge value {transformation:[0.20890677039363909f,1.3866570532996727f,0.21017981300431834f,-0.7411863732389894f,-1.369238375134704f,0.1556482582789636f,0.33405877885450597f,1.3272841618249638f,0.3036109505909463f,-0.2521729807206869f,1.3619341226550823f,-0.10765328940813772f,0f,0f,0f,1f],start_interpolation:0}
execute if entity @s[tag=aj.nep_moonlight_slash.bone.left_arm2] run data modify entity @s {} merge value {transformation:[0.14732819069083086f,0.9779179218862706f,0.1482259838267369f,-0.6464810485437749f,-0.9656336750261273f,0.1097684686485253f,0.23558966222246153f,1.3311696085523184f,0.214116813639896f,-0.1778410001776745f,0.9604824666658431f,-0.16999178915869112f,0f,0f,0f,1f],start_interpolation:0}
execute if entity @s[tag=aj.nep_moonlight_slash.bone.left_arm] run data modify entity @s {} merge value {transformation:[0.14732819069083086f,0.9713532539167862f,-0.18645980889467165f,-0.3245171328584254f,-0.9656336750261273f,0.1820656547566304f,0.18548235229685667f,1.2673609162854995f,0.214116813639896f,0.152725091138656f,0.9647948158304891f,-0.09550059647287411f,0f,0f,0f,1f],start_interpolation:0}
execute if entity @s[tag=aj.nep_moonlight_slash.bone.head] run data modify entity @s {} merge value {transformation:[0.9999994753093656f,-0.0010243887237866042f,0.0000029556429146575074f,0.08940888649308713f,0.0010243887295317976f,0.9999994753118402f,-0.0000019429463745303938f,1.5226423104565368f,-0.0000029536510315095015f,0.0000019459730823756863f,0.9999999999937446f,-0.0985442872699915f,0f,0f,0f,1f],start_interpolation:0}
execute if entity @s[tag=aj.nep_moonlight_slash.bone.body_top] run data modify entity @s {} merge value {transformation:[0.9999926628458308f,-0.0005231440684666156f,0.0037948089264357695f,0.08961487447004586f,0.0005012447925648885f,0.9999832306244051f,0.005769508093055991f,1.1288989133981773f,-0.0037977635737964236f,-0.005767563633072478f,0.9999761558165154f,-0.09627330908946921f,0f,0f,0f,1f],start_interpolation:0}
execute if entity @s[tag=aj.nep_moonlight_slash.bone.body] run data modify entity @s {} merge value {transformation:[0.9999926628458308f,-0.0005231440684666156f,0.0037948089264357695f,0.08984375f,0.0005012447925648885f,0.9999832306244051f,0.005769508093055991f,0.69140625f,-0.0037977635737964236f,-0.005767563633072478f,0.9999761558165154f,-0.09375f,0f,0f,0f,1f],start_interpolation:0}
execute if entity @s[tag=aj.nep_moonlight_slash.bone.right_leg2] run data modify entity @s {} merge value {transformation:[0.9972294749931492f,-0.07370380980475935f,0.010055974599805924f,0.2691547052783675f,0.0738685768771922f,0.9971207409672256f,-0.01713654816785834f,0.4336288619101984f,-0.008763991957232159f,0.017831891465429073f,0.9998025885602311f,-0.04014639182374753f,0f,0f,0f,1f],start_interpolation:0}
execute if entity @s[tag=aj.nep_moonlight_slash.bone.right_leg] run data modify entity @s {} merge value {transformation:[0.99413787069104f,-0.10790275074454259f,-0.0068476594283099195f,0.21484375f,0.10770834915723657f,0.9828461385610668f,0.14970764655629f,0.78515625f,-0.009423671243619756f,-0.1495675910662512f,0.9887065945582293f,-0.09375f,0f,0f,0f,1f],start_interpolation:0}
execute if entity @s[tag=aj.nep_moonlight_slash.bone.left_leg2] run data modify entity @s {} merge value {transformation:[0.9959774155013207f,0.08838417014809433f,-0.014738598255679749f,-0.094814675235021f,-0.08941372652236657f,0.9910498707336901f,-0.09912284917272773f,0.43187572069044267f,0.00584579512924095f,0.10004195212993701f,0.9949660469047867f,-0.061683332582939114f,0f,0f,0f,1f],start_interpolation:0}
execute if entity @s[tag=aj.nep_moonlight_slash.bone.left_leg] run data modify entity @s {} merge value {transformation:[0.9923913587715634f,0.12285860244651221f,0.008071854831448204f,-0.03515625f,-0.12308786015890298f,0.9883931189552423f,0.08904168171946501f,0.78515625f,0.002961370802931596f,-0.08935774284760122f,0.995995192797711f,-0.09375f,0f,0f,0f,1f],start_interpolation:0}
execute if entity @s[tag=aj.nep_moonlight_slash.locator_origin.nep_ride] at @s on origin run tp @s ^0.07422 ^0.95117 ^-3.29687 ~-180 ~0