execute if entity @s[tag=aj.nep_moonlight_slash.bone.right_arm2] run data modify entity @s {} merge value {transformation:[0.767486272545356f,0.38809791154761836f,-0.5102399754104068f,0.25283435698949f,-0.3903731800489375f,0.9142733660465155f,0.10822657915897488f,0.7475360588852163f,0.508501329155505f,0.11612158795999561f,0.8531952736957312f,0.3800653801074623f,0f,0f,0f,1f],start_interpolation:0}
execute if entity @s[tag=aj.nep_moonlight_slash.bone.right_arm] run data modify entity @s {} merge value {transformation:[0.767486272545356f,0.38809791154761836f,-0.5102399754104068f,0.379775625f,-0.3903731800489375f,0.9142733660465155f,0.10822657915897488f,0.8723957350569436f,0.508501329155505f,0.11612158795999561f,0.8531952736957312f,0.4198758723692821f,0f,0f,0f,1f],start_interpolation:0}
execute if entity @s[tag=aj.nep_moonlight_slash.locator_origin.moonlight_greatsword] at @s on origin run tp @s ^0.01515 ^0.1503 ^1.1617 ~-4.58929 ~-66.12624
execute if entity @s[tag=aj.nep_moonlight_slash.bone.moonlight_greatsword] run data modify entity @s {} merge value {transformation:[-1.4170946275086411f,-0.01922848919239221f,-0.04591794710224774f,-0.0010772591572151824f,0.034241943683805516f,0.5728619368619504f,-1.296646469383267f,0.4564615638026007f,0.036134221390004564f,-1.2969559909552497f,-0.5720444489254182f,0.4351553975022938f,0f,0f,0f,1f],start_interpolation:0}
execute if entity @s[tag=aj.nep_moonlight_slash.bone.left_arm2] run data modify entity @s {} merge value {transformation:[-0.9379975719826055f,-0.2075147777319064f,-0.27766557578787776f,-0.23493318546095354f,-0.1783000969766654f,0.9757573913558517f,-0.12691173559814983f,0.64001799842566f,0.29727029850432074f,-0.06953510075710251f,-0.95225796892956f,0.5260552928611294f,0f,0f,0f,1f],start_interpolation:0}
execute if entity @s[tag=aj.nep_moonlight_slash.bone.left_arm] run data modify entity @s {} merge value {transformation:[-0.9379975719826055f,-0.2075147777319064f,-0.27766557578787776f,-0.41703124999999996f,-0.1783000969766654f,0.9757573913558517f,-0.12691173559814983f,0.9226546711022805f,0.29727029850432074f,-0.06953510075710251f,-0.95225796892956f,0.5414843611875749f,0f,0f,0f,1f],start_interpolation:0}
execute if entity @s[tag=aj.nep_moonlight_slash.bone.head] run data modify entity @s {} merge value {transformation:[1f,0f,0f,0.08984375f,0f,0.5696606107519202f,-0.821880032947479f,1.0750928826875337f,0f,0.821880032947479f,0.5696606107519202f,0.5894377773875921f,0f,0f,0f,1f],start_interpolation:0}
execute if entity @s[tag=aj.nep_moonlight_slash.bone.body_top] run data modify entity @s {} merge value {transformation:[1f,0f,0f,0.08984375f,0f,0.5696606107519202f,-0.821880032947479f,0.8507890172039652f,0f,0.821880032947479f,0.5696606107519202f,0.2658225144145221f,0f,0f,0f,1f],start_interpolation:0}
execute if entity @s[tag=aj.nep_moonlight_slash.bone.body] run data modify entity @s {} merge value {transformation:[1f,0f,0f,0.08984375f,0f,0.5696606107519202f,-0.821880032947479f,0.6015625f,0f,0.821880032947479f,0.5696606107519202f,-0.09375f,0f,0f,0f,1f],start_interpolation:0}
execute if entity @s[tag=aj.nep_moonlight_slash.bone.right_leg2] run data modify entity @s {} merge value {transformation:[0.9928430805420958f,-0.0319198895049491f,0.11508144104795272f,0.2973384378384263f,0.10475419070759782f,0.6955165809961804f,-0.7108327827897218f,0.3926900222271892f,-0.057351346530642146f,0.7178006730377003f,0.6938825670369205f,-0.26145346922745477f,0f,0f,0f,1f],start_interpolation:0}
execute if entity @s[tag=aj.nep_moonlight_slash.bone.right_leg] run data modify entity @s {} merge value {transformation:[0.990288153272637f,-0.09432051601681067f,0.10214212522849178f,0.24796875000000002f,0.13631608670758472f,0.8031697680072816f,-0.5799450390027142f,0.67919921875f,-0.027336751683413034f,0.5882363164727694f,0.8082269099639947f,-0.04962890624999995f,0f,0f,0f,1f],start_interpolation:0}
execute if entity @s[tag=aj.nep_moonlight_slash.bone.left_leg2] run data modify entity @s {} merge value {transformation:[0.9957631596955209f,0.09127838146858684f,0.011134939140740666f,-0.10570678855030288f,-0.09085193502965212f,0.995278318250792f,-0.03416131029751596f,0.4033507405764161f,-0.014200552614624705f,0.033004943513819995f,0.9993543005406484f,0.09758585944233687f,0f,0f,0f,1f],start_interpolation:0}
execute if entity @s[tag=aj.nep_moonlight_slash.bone.left_leg] run data modify entity @s {} merge value {transformation:[0.991459327914423f,0.10972935388282438f,0.07048311846065382f,-0.05078125f,-0.1303608389044359f,0.8180831931310351f,0.5601302891262544f,0.6953125f,0.0038016801038988357f,-0.5645346384527591f,0.8254006234643878f,-0.105234375f,0f,0f,0f,1f],start_interpolation:0}
execute if entity @s[tag=aj.nep_moonlight_slash.locator_origin.nep_ride] at @s on origin run tp @s ^0.07422 ^0.86133 ^-3.29687 ~-180 ~0