execute if entity @s[tag=aj.nep_moonlight_slash.bone.right_arm2] run data modify entity @s {} merge value {transformation:[0.995555921805884f,-0.09404653681336078f,-0.004863688995988781f,0.44029950389299666f,0.09417066665085745f,0.9939144900206819f,0.057147808964655086f,1.142821331213206f,-0.0005404625515299522f,-0.05735185646812846f,0.9983538813766838f,-0.07871119459957146f,0f,0f,0f,1f],start_interpolation:0}
execute if entity @s[tag=aj.nep_moonlight_slash.bone.right_arm] run data modify entity @s {} merge value {transformation:[0.995555921805884f,-0.09417218338498015f,0.00008021061148538727f,0.4930946000577124f,0.09417066665085745f,0.9955440534149309f,0.004891140225154465f,1.316523534152865f,-0.0005404625515299522f,-0.004861850128779442f,0.9999880350851982f,-0.0968564089685228f,0f,0f,0f,1f],start_interpolation:0}
execute if entity @s[tag=aj.nep_moonlight_slash.locator_origin.moonlight_greatsword] at @s on origin run tp @s ^-0.33879 ^1.26129 ^0.76889 ~6.91872 ~69.0511
execute if entity @s[tag=aj.nep_moonlight_slash.bone.moonlight_greatsword] run data modify entity @s {} merge value {transformation:[1.4159341627933446f,-0.04512428268221051f,0.0610706289773492f,-0.35820176779025326f,-0.07310364205196854f,-0.5016753324283971f,1.324240572678604f,0.9948409861691393f,-0.02053485159456348f,-1.3254889799322496f,-0.5032818891284647f,0.026935083698728088f,0f,0f,0f,1f],start_interpolation:0}
execute if entity @s[tag=aj.nep_moonlight_slash.bone.left_arm2] run data modify entity @s {} merge value {transformation:[0.998565139600816f,0.0453438690348203f,0.028488515492317297f,-0.35790220670582773f,-0.05155518557934971f,0.9578969024082351f,0.2824457243375915f,1.0820578135761076f,-0.01448187881049105f,-0.2835091848559073f,0.9588601656594445f,-0.04561400274094089f,0f,0f,0f,1f],start_interpolation:0}
execute if entity @s[tag=aj.nep_moonlight_slash.bone.left_arm] run data modify entity @s {} merge value {transformation:[0.998565139600816f,0.04882144496451258f,0.022002919933045425f,-0.21782486270431556f,-0.05155518557934971f,0.9875748115793878f,0.1484521955843549f,1.3842305439972475f,-0.01448187881049105f,-0.14937355202817473f,0.9886747782464184f,-0.09410347260105688f,0f,0f,0f,1f],start_interpolation:0}
execute if entity @s[tag=aj.nep_moonlight_slash.bone.head] run data modify entity @s {} merge value {transformation:[0.9999999921054928f,-0.0001256543360996293f,4.5298349071200804e-8f,0.08979138267151308f,0.00012565433610098022f,0.9999999921054934f,-2.982114866980842e-8f,1.5226560323187945f,-4.529460155696611e-8f,2.9826840368548345e-8f,0.9999999999999986f,-0.09434929343374517f,0f,0f,0f,1f],start_interpolation:0}
execute if entity @s[tag=aj.nep_moonlight_slash.bone.body_top] run data modify entity @s {} merge value {transformation:[0.9999998853568188f,-0.00006299828990906832f,0.0004746762735754468f,0.08981618824816479f,0.00006265604643923124f,0.999999738127873f,0.0007209843307556828f,1.1289061354309444f,-0.0004747215700508502f,-0.0007209545067611048f,0.9999996274319457f,-0.09406541759670799f,0f,0f,0f,1f],start_interpolation:0}
execute if entity @s[tag=aj.nep_moonlight_slash.bone.body] run data modify entity @s {} merge value {transformation:[0.9999998853568188f,-0.00006299828990906832f,0.0004746762735754468f,0.08984375f,0.00006265604643923124f,0.999999738127873f,0.0007209843307556828f,0.69140625f,-0.0004747215700508502f,-0.0007209545067611048f,0.9999996274319457f,-0.09375f,0f,0f,0f,1f],start_interpolation:0}
execute if entity @s[tag=aj.nep_moonlight_slash.bone.right_leg2] run data modify entity @s {} merge value {transformation:[0.9994628990329752f,-0.03262067477159858f,0.0031312990988256843f,0.24147856671320678f,0.03267842754036374f,0.9992532290710426f,-0.020618064035788128f,0.42655375273542634f,-0.002456385574357373f,0.020709315984364495f,0.9997825215522472f,-0.08429660144364169f,0f,0f,0f,1f],start_interpolation:0}
execute if entity @s[tag=aj.nep_moonlight_slash.bone.right_leg] run data modify entity @s {} merge value {transformation:[0.9995282400353316f,-0.030656523026517453f,0.0018641265507616097f,0.21484375f,0.030596458111383527f,0.9991807079584389f,0.026490934198536535f,0.78515625f,-0.002674719220965502f,-0.026421401166430304f,0.9996473155255765f,-0.09375f,0f,0f,0f,1f],start_interpolation:0}
execute if entity @s[tag=aj.nep_moonlight_slash.bone.left_leg2] run data modify entity @s {} merge value {transformation:[0.9994620405439595f,0.03277465471670487f,-0.0012047903990141681f,-0.06180611068963894f,-0.03279330495516712f,0.9981456703609716f,-0.051281769565453966f,0.4266242196622177f,-0.00047818597030091904f,0.05129369111155566f,0.99868349770602f,-0.0819559592551832f,0f,0f,0f,1f],start_interpolation:0}
execute if entity @s[tag=aj.nep_moonlight_slash.bone.left_leg] run data modify entity @s {} merge value {transformation:[0.9995279844958889f,0.03069839563656537f,0.001190258344679815f,-0.03515625f,-0.030720919749257624f,0.9989900374507532f,0.032789177542328754f,0.78515625f,-0.00018248108353576735f,-0.03281026637324952f,0.9994615816134058f,-0.09375f,0f,0f,0f,1f],start_interpolation:0}
execute if entity @s[tag=aj.nep_moonlight_slash.locator_origin.nep_ride] at @s on origin run tp @s ^0.07422 ^1.61719 ^-3.29687 ~-180 ~0