execute if entity @s[tag=aj.nep_moonlight_slash.bone.right_arm2] run data modify entity @s {} merge value {transformation:[0.9074986454119693f,-0.3561419802031533f,-0.22273100033991147f,0.505732709819472f,0.409918264517442f,0.8666358469949604f,0.28444564527926275f,1.1336660089643926f,0.09172363376169362f,-0.34943554289783474f,0.9324599596600629f,-0.0923898935637715f,0f,0f,0f,1f],start_interpolation:0}
execute if entity @s[tag=aj.nep_moonlight_slash.bone.right_arm] run data modify entity @s {} merge value {transformation:[0.9074986454119693f,-0.4183191038968448f,-0.03814886486360583f,0.498647791895773f,0.409918264517442f,0.9017704222562792f,-0.13702963897909232f,1.3158275108884583f,0.09172363376169362f,0.10871629527661773f,0.989832077754039f,-0.0849138848200522f,0f,0f,0f,1f],start_interpolation:0}
execute if entity @s[tag=aj.nep_moonlight_slash.locator_origin.moonlight_greatsword] at @s on origin run tp @s ^-1.49039 ^1.3124 ^-0.35263 ~-169.33646 ~-0.93666
execute if entity @s[tag=aj.nep_moonlight_slash.bone.moonlight_greatsword] run data modify entity @s {} merge value {transformation:[0.1031726804759594f,1.3896634533552659f,-0.26234759459290885f,-0.7198318302881208f,-1.4142043545114784f,0.10061867821897152f,-0.023179759507005727f,1.3630397169107318f,-0.004100934130307835f,0.2633376995015086f,1.393295307656304f,-0.19278469834644768f,0f,0f,0f,1f],start_interpolation:0}
execute if entity @s[tag=aj.nep_moonlight_slash.bone.left_arm2] run data modify entity @s {} merge value {transformation:[0.07276089862767385f,0.9800381379034382f,-0.18501648544293298f,-0.609701203628279f,-0.9973452197105743f,0.07095972899189176f,-0.01634715821981671f,1.374301397477937f,-0.0028921188356991895f,0.185714741246243f,0.9825994456198728f,-0.21757791103378693f,0f,0f,0f,1f],start_interpolation:0}
execute if entity @s[tag=aj.nep_moonlight_slash.bone.left_arm] run data modify entity @s {} merge value {transformation:[0.07276089862767385f,0.8943698345959162f,-0.44137110303662486f,-0.32111551798859583f,-0.9973452197105743f,0.06396453268327071f,-0.03480016205533011f,1.2696221614776373f,-0.0028921188356991895f,0.4427314507954957f,0.896649596065908f,-0.0795858475146569f,0f,0f,0f,1f],start_interpolation:0}
execute if entity @s[tag=aj.nep_moonlight_slash.bone.head] run data modify entity @s {} merge value {transformation:[0.9999166732338155f,0.012480318543594856f,0.0032997330300506694f,0.09309377480448575f,-0.0124786306654719f,0.999921997539084f,-0.0005316146752874923f,1.520597670226042f,-0.0033061103632440053f,0.0004903942277790924f,0.9999944145582852f,-0.035375446791519605f,0f,0f,0f,1f],start_interpolation:0}
execute if entity @s[tag=aj.nep_moonlight_slash.bone.body_top] run data modify entity @s {} merge value {transformation:[0.9979459314698237f,0.003909804276073082f,-0.06394240606474559f,0.09155428937078197f,-0.00838259587572771f,0.9975235130538851f,-0.06983246373299319f,1.1278227869610746f,0.0635110222655111f,0.07022502641621702f,0.9955073057068097f,-0.06302655094290506f,0f,0f,0f,1f],start_interpolation:0}
execute if entity @s[tag=aj.nep_moonlight_slash.bone.body] run data modify entity @s {} merge value {transformation:[0.9979459314698237f,0.003909804276073082f,-0.06394240606474559f,0.08984375f,-0.00838259587572771f,0.9975235130538851f,-0.06983246373299319f,0.69140625f,0.0635110222655111f,0.07022502641621702f,0.9955073057068097f,-0.09375f,0f,0f,0f,1f],start_interpolation:0}
execute if entity @s[tag=aj.nep_moonlight_slash.bone.right_leg2] run data modify entity @s {} merge value {transformation:[0.9968098454209425f,-0.07970944934842601f,0.004066418134852794f,0.2742788048370428f,0.07949107806511242f,0.9960707327060528f,0.039041823144843946f,0.4385582301889184f,-0.0071624423155061375f,-0.03859402973256071f,0.9992293031577282f,-0.01804122792202481f,0f,0f,0f,1f],start_interpolation:0}
execute if entity @s[tag=aj.nep_moonlight_slash.bone.right_leg] run data modify entity @s {} merge value {transformation:[0.9923797982177149f,-0.12223755266752277f,-0.01550215492188332f,0.21484375f,0.1227477794798668f,0.9697835237995257f,0.21083856288577016f,0.78515625f,-0.010738655508463965f,-0.21113478558690765f,0.9773979658220294f,-0.09375f,0f,0f,0f,1f],start_interpolation:0}
execute if entity @s[tag=aj.nep_moonlight_slash.bone.left_leg2] run data modify entity @s {} merge value {transformation:[0.9961502560210851f,0.08605007852919606f,-0.016734736754601694f,-0.09849822622674297f,-0.08721823019718314f,0.9920671083682374f,-0.09053083902822882f,0.43200229240077165f,0.00881179609374826f,0.09164189259832593f,0.9957530395487624f,-0.0679700168795024f,0f,0f,0f,1f],start_interpolation:0}
execute if entity @s[tag=aj.nep_moonlight_slash.bone.left_leg] run data modify entity @s {} merge value {transformation:[0.9910781360875849f,0.13316558010538979f,0.005572830910198903f,-0.03515625f,-0.13322046866739304f,0.9884814676094786f,0.07181013104466104f,0.78515625f,0.004053997681153469f,-0.0719118659736087f,0.9974027514675278f,-0.09375f,0f,0f,0f,1f],start_interpolation:0}
execute if entity @s[tag=aj.nep_moonlight_slash.locator_origin.nep_ride] at @s on origin run tp @s ^0.07422 ^0.95117 ^-3.29687 ~-180 ~0