execute if entity @s[tag=aj.nep_moonlight_slash.bone.right_arm2] run data modify entity @s {} merge value {transformation:[0.9072305563969031f,-0.34241027473165525f,-0.24431111578877818f,0.5058169440432324f,0.4002301879812137f,0.8813933018749538f,0.2509215894228496f,1.1344712972383408f,0.12941605065944378f,-0.3254244169821299f,0.9366698642870674f,-0.07943383032145983f,0f,0f,0f,1f],start_interpolation:0}
execute if entity @s[tag=aj.nep_moonlight_slash.bone.right_arm] run data modify entity @s {} merge value {transformation:[0.9072305563969031f,-0.4156768795430307f,-0.06438516407631613f,0.49961121676285564f,0.4002301879812137f,0.9001454894316991f,-0.1719124616899229f,1.3162951310542308f,0.12941605065944378f,0.1301953519490448f,0.9830059288542348f,-0.06563231021074953f,0f,0f,0f,1f],start_interpolation:0}
execute if entity @s[tag=aj.nep_moonlight_slash.locator_origin.moonlight_greatsword] at @s on origin run tp @s ^-1.47429 ^1.32697 ^-0.40712 ~-165.5768 ~-4.59092
execute if entity @s[tag=aj.nep_moonlight_slash.bone.moonlight_greatsword] run data modify entity @s {} merge value {transformation:[0.1112369799708524f,1.3690570939452136f,-0.3520573586531233f,-0.7160280364088633f,-1.4108342039511146f,0.08544563096553057f,-0.1134956787154909f,1.3683090375894142f,-0.08836605244748538f,0.3591894954529603f,1.3688716970949681f,-0.1945118177187989f,0f,0f,0f,1f],start_interpolation:0}
execute if entity @s[tag=aj.nep_moonlight_slash.bone.left_arm2] run data modify entity @s {} merge value {transformation:[0.07844811810616588f,0.9655058293387733f,-0.24828287552396577f,-0.6045864657282707f,-0.9949684744118054f,0.06025917776081494f,-0.08004102961753629f,1.3813102720049824f,-0.06231875875084369f,0.25331270202743206f,0.9653750811468647f,-0.2113055070383265f,0f,0f,0f,1f],start_interpolation:0}
execute if entity @s[tag=aj.nep_moonlight_slash.bone.left_arm] run data modify entity @s {} merge value {transformation:[0.07844811810616588f,0.8748915778211899f,-0.4779232363289634f,-0.3213768328958781f,-0.9949684744118054f,0.03874311252620357f,-0.09239429721810076f,1.2690464353679454f,-0.06231875875084369f,0.4827667120766832f,0.8735288627277424f,-0.06823075435821847f,0f,0f,0f,1f],start_interpolation:0}
execute if entity @s[tag=aj.nep_moonlight_slash.bone.head] run data modify entity @s {} merge value {transformation:[0.9998976512130426f,0.013832838033329298f,0.0036523541153995476f,0.09153418858246325f,-0.0138300963477691f,0.9999040594142844f,-0.0007748560168162749f,1.5177724655763971f,-0.003662722164186255f,0.0007242643019307327f,0.9999930299294936f,-0.003791216819354057f,0f,0f,0f,1f],start_interpolation:0}
execute if entity @s[tag=aj.nep_moonlight_slash.bone.body_top] run data modify entity @s {} merge value {transformation:[0.9959662900400759f,0.002033610324767815f,-0.08970514775002858f,0.09073345451708592f,-0.011721545169870336f,0.9941247706182221f,-0.1076036515277152f,1.1263358371454721f,0.0889592855335414f,0.10822109254814549f,0.9901385966848518f,-0.04640327201018635f,0f,0f,0f,1f],start_interpolation:0}
execute if entity @s[tag=aj.nep_moonlight_slash.bone.body] run data modify entity @s {} merge value {transformation:[0.9959662900400759f,0.002033610324767815f,-0.08970514775002858f,0.08984375f,-0.011721545169870336f,0.9941247706182221f,-0.1076036515277152f,0.69140625f,0.0889592855335414f,0.10822109254814549f,0.9901385966848518f,-0.09375f,0f,0f,0f,1f],start_interpolation:0}
execute if entity @s[tag=aj.nep_moonlight_slash.bone.right_leg2] run data modify entity @s {} merge value {transformation:[0.9965287925813615f,-0.08318722004128161f,0.0032018710369368514f,0.27544342606791006f,0.08294482350438151f,0.9954390651850018f,0.047129860570945314f,0.439393105422997f,-0.007107869593681502f,-0.04670068442124953f,0.9988836390012733f,-0.015200280950936146f,0f,0f,0f,1f],start_interpolation:0}
execute if entity @s[tag=aj.nep_moonlight_slash.bone.right_leg] run data modify entity @s {} merge value {transformation:[0.9919491039656002f,-0.12549696366872357f,-0.016955449028966715f,0.21484375f,0.1261553222806521f,0.9676085467482107f,0.2186744953580104f,0.78515625f,-0.011036747804838848f,-0.21905298986717067f,0.9756505408332153f,-0.09375f,0f,0f,0f,1f],start_interpolation:0}
execute if entity @s[tag=aj.nep_moonlight_slash.bone.left_leg2] run data modify entity @s {} merge value {transformation:[0.9961515918799957f,0.0860270547811416f,-0.016773545857480112f,-0.0978005743487546f,-0.08722827857067514f,0.9917534109798823f,-0.09389568268757159f,0.4318076296610842f,0.008557652280106968f,0.09499746131055765f,0.9954407309990896f,-0.06895136331423113f,0f,0f,0f,1f],start_interpolation:0}
execute if entity @s[tag=aj.nep_moonlight_slash.bone.left_leg] run data modify entity @s {} merge value {transformation:[0.9913403569600939f,0.1312128870156609f,0.005241654628928791f,-0.03515625f,-0.13126017800178771f,0.9889379078127131f,0.06908386325295436f,0.78515625f,0.0038810221814056054f,-0.06917364217698317f,0.9975970854482276f,-0.09375f,0f,0f,0f,1f],start_interpolation:0}