execute if entity @s[tag=aj.nep_moonlight_slash.bone.right_arm2] run data modify entity @s {} merge value {transformation:[0.8101673576239292f,-0.5771649639874361f,0.10251564264073162f,0.49423385552613186f,0.5858376391345778f,0.8033275460747307f,-0.10704725260732278f,1.1727661574843606f,-0.0205697159407935f,0.1467837118447861f,0.9889547152034726f,-0.2674029314191288f,0f,0f,0f,1f],start_interpolation:0}
execute if entity @s[tag=aj.nep_moonlight_slash.bone.right_arm] run data modify entity @s {} merge value {transformation:[0.8101673576239292f,-0.4728163799577638f,0.3465162672722539f,0.4646308336025189f,0.5858376391345778f,0.6738052935430143f,-0.45031176640926973f,1.3341621241118609f,-0.0205697159407935f,0.5678301658392655f,0.8228886860013735f,-0.18762885918185335f,0f,0f,0f,1f],start_interpolation:0}
execute if entity @s[tag=aj.nep_moonlight_slash.locator_origin.moonlight_greatsword] at @s on origin run tp @s ^0.85054 ^1.18431 ^0.70652 ~26.18597 ~12.74175
execute if entity @s[tag=aj.nep_moonlight_slash.bone.moonlight_greatsword] run data modify entity @s {} merge value {transformation:[-0.05003484377769755f,-1.2789215759618953f,0.6103208114785592f,0.14511116492023607f,-1.3681051265302555f,0.20276966829610696f,0.31274302607297794f,1.2951543801004222f,-0.3693511244687609f,-0.5778230180036033f,-1.2411026076418639f,0.3719336943693089f,0f,0f,0f,1f],start_interpolation:0}
execute if entity @s[tag=aj.nep_moonlight_slash.bone.left_arm2] run data modify entity @s {} merge value {transformation:[-0.035286281011268794f,-0.9019391830475074f,0.4304190846790941f,0.03197086554543485f,-0.9648344693987477f,0.1430000966495961f,0.2205570652195106f,1.3031729098459741f,-0.26047902992838234f,-0.4075005306030921f,-0.8752679547005981f,0.3696403101566389f,0f,0f,0f,1f],start_interpolation:0}
execute if entity @s[tag=aj.nep_moonlight_slash.bone.left_arm] run data modify entity @s {} merge value {transformation:[-0.035286281011268794f,-0.8087405465649895f,0.5871061290040808f,-0.22517134038253292f,-0.9648344693987477f,0.18068772489607898f,0.1909093835617206f,1.2390335152011553f,-0.26047902992838234f,-0.559723748302358f,-0.7866765539622548f,0.1621667600711042f,0f,0f,0f,1f],start_interpolation:0}
execute if entity @s[tag=aj.nep_moonlight_slash.bone.head] run data modify entity @s {} merge value {transformation:[0.9987741471323723f,-0.026995142863743674f,-0.041490544486284586f,0.0898112254149944f,0.02684566695004109f,0.999630952064166f,-0.004155699856439529f,1.515609121568911f,0.04158741619780873f,0.003036764240998857f,0.9991302542095976f,0.014260128875549345f,0f,0f,0f,1f],start_interpolation:0}
execute if entity @s[tag=aj.nep_moonlight_slash.bone.body_top] run data modify entity @s {} merge value {transformation:[0.9782506979303789f,-0.00003912732030748704f,0.20742606024263072f,0.08982663179736547f,0.026990271269872294f,0.9915222515114718f,-0.12710291111693903f,1.125197235036269f,-0.2056625810776121f,0.129936997143518f,0.9699583906115871f,-0.036902563749710876f,0f,0f,0f,1f],start_interpolation:0}
execute if entity @s[tag=aj.nep_moonlight_slash.bone.body] run data modify entity @s {} merge value {transformation:[0.9782506979303789f,-0.00003912732030748704f,0.20742606024263072f,0.08984375f,0.026990271269872294f,0.9915222515114718f,-0.12710291111693903f,0.69140625f,-0.2056625810776121f,0.129936997143518f,0.9699583906115871f,-0.09375f,0f,0f,0f,1f],start_interpolation:0}
execute if entity @s[tag=aj.nep_moonlight_slash.bone.right_leg2] run data modify entity @s {} merge value {transformation:[0.9922257892672172f,-0.0663111214906054f,0.10531295399762615f,0.27572155638267715f,0.09299608577257722f,0.9574121462788621f,-0.2733380877021759f,0.4331412764535522f,-0.08270254617620558f,0.28100679231001f,0.9561356972373805f,-0.1358674825829718f,0f,0f,0f,1f],start_interpolation:0}
execute if entity @s[tag=aj.nep_moonlight_slash.bone.right_leg] run data modify entity @s {} merge value {transformation:[0.9881913388596147f,-0.12643427259268364f,0.08655779870584136f,0.21484375f,0.13514962444118978f,0.9853959970179934f,-0.10358237337655515f,0.78515625f,-0.07219734632413681f,0.11405745821678512f,0.9908473340575121f,-0.09375f,0f,0f,0f,1f],start_interpolation:0}
execute if entity @s[tag=aj.nep_moonlight_slash.bone.left_leg2] run data modify entity @s {} merge value {transformation:[0.9961141865534613f,0.08753086396197955f,0.009740390187553176f,-0.09432912213386918f,-0.08791898637751754f,0.994791340146243f,0.051579466887431924f,0.45659681439803473f,-0.005174860508868101f,-0.052235403933646674f,0.9986213914164879f,0.11988314355577118f,0f,0f,0f,1f],start_interpolation:0}
execute if entity @s[tag=aj.nep_moonlight_slash.bone.left_leg] run data modify entity @s {} merge value {transformation:[0.991459327914423f,0.12238299470556366f,0.04506443939936065f,-0.03485618141289438f,-0.13036083890443592f,0.9199202051056615f,0.36980111941216376f,0.78515625f,0.0038016801038988426f,-0.3725174074392439f,0.9280174181464117f,-0.01393089849108367f,0f,0f,0f,1f],start_interpolation:0}
execute if entity @s[tag=aj.nep_moonlight_slash.locator_origin.nep_ride] at @s on origin run tp @s ^0.07422 ^0.95117 ^-3.29687 ~-180 ~0