execute if entity @s[tag=aj.nep_moonlight_slash.bone.right_arm2] run data modify entity @s {} merge value {transformation:[0.9236891991986108f,-0.36006227480114333f,-0.1309710714198183f,0.49360613059032743f,0.3831189019311179f,0.8641897735502115f,0.3261839086686048f,1.1341011975151474f,-0.004262659606824848f,-0.3514700464566791f,0.9361894232348581f,-0.12648190828029945f,0f,0f,0f,1f],start_interpolation:0}
execute if entity @s[tag=aj.nep_moonlight_slash.bone.right_arm] run data modify entity @s {} merge value {transformation:[0.9236891991986108f,-0.3812938796299283f,0.03759309299042799f,0.4925493946051824f,0.3831189019311179f,0.9202669440848177f,-0.07955286674838045f,1.3165298775870606f,-0.004262659606824848f,0.0878847482874525f,0.9961215291075318f,-0.1292313715425322f,0f,0f,0f,1f],start_interpolation:0}
execute if entity @s[tag=aj.nep_moonlight_slash.locator_origin.moonlight_greatsword] at @s on origin run tp @s ^-1.51155 ^1.23149 ^0.04499 ~170.00845 ~15.65443
execute if entity @s[tag=aj.nep_moonlight_slash.bone.moonlight_greatsword] run data modify entity @s {} merge value {transformation:[0.23349227605450196f,1.3784037891107397f,0.236896026063349f,-0.7419767001584612f,-1.3555038833001019f,0.16385560544754224f,0.38261722242774887f,1.321412940079102f,0.34456632940232923f,-0.289464524087388f,1.344663418820349f,-0.10176503837764775f,0f,0f,0f,1f],start_interpolation:0}
execute if entity @s[tag=aj.nep_moonlight_slash.bone.left_arm2] run data modify entity @s {} merge value {transformation:[0.16466672911832644f,0.9720974380505492f,0.16706716989591555f,-0.6487783878746137f,-0.9559476422171518f,0.11555657023297744f,0.2698347353760433f,1.3243322501065613f,0.24299994580439746f,-0.20414027043077498f,0.9483025763581525f,-0.16638574705105133f,0f,0f,0f,1f],start_interpolation:0}
execute if entity @s[tag=aj.nep_moonlight_slash.bone.left_arm] run data modify entity @s {} merge value {transformation:[0.16466672911832644f,0.9714524923110373f,-0.17077740923244517f,-0.32461614288762375f,-0.9559476422171518f,0.1998365239994231f,0.21501039280764164f,1.2672877085792371f,0.24299994580439746f,0.12784920358962865f,0.9615641463160726f,-0.0960578777037427f,0f,0f,0f,1f],start_interpolation:0}
execute if entity @s[tag=aj.nep_moonlight_slash.bone.head] run data modify entity @s {} merge value {transformation:[0.9999990756025642f,-0.0013596938105524614f,0.000005172895133488502f,0.08926280857698377f,0.0013596938281437028f,0.9999990756101441f,-0.00000339866125165407f,1.522632017079095f,-0.0000051682692130483945f,0.000003405691663527395f,0.9999999999808451f,-0.10007053406232129f,0f,0f,0f,1f],start_interpolation:0}
execute if entity @s[tag=aj.nep_moonlight_slash.bone.body_top] run data modify entity @s {} merge value {transformation:[0.9999872475141602f,-0.0006988768998691682f,0.005001637745029511f,0.08953799135630724f,0.0006608172337053603f,0.9999708476139489f,0.007607052177028855f,1.1288934958311025f,-0.0050068083283977055f,-0.0076036499997850174f,0.9999585573297742f,-0.09707659687490594f,0f,0f,0f,1f],start_interpolation:0}
execute if entity @s[tag=aj.nep_moonlight_slash.bone.body] run data modify entity @s {} merge value {transformation:[0.9999872475141602f,-0.0006988768998691682f,0.005001637745029511f,0.08984375f,0.0006608172337053603f,0.9999708476139489f,0.007607052177028855f,0.69140625f,-0.0050068083283977055f,-0.0076036499997850174f,0.9999585573297742f,-0.09375f,0f,0f,0f,1f],start_interpolation:0}
execute if entity @s[tag=aj.nep_moonlight_slash.bone.right_leg2] run data modify entity @s {} merge value {transformation:[0.997107861668201f,-0.07525876360277797f,0.010584455604747751f,0.26857668355168335f,0.07547749802875528f,0.9969034775901489f,-0.02205909472274073f,0.43318104010699254f,-0.008891540405741551f,0.022794184996371064f,0.9997006380109819f,-0.04255669259850718f,0f,0f,0f,1f],start_interpolation:0}
execute if entity @s[tag=aj.nep_moonlight_slash.bone.right_leg] run data modify entity @s {} merge value {transformation:[0.9943173224873668f,-0.10628654020958125f,-0.006019432849594963f,0.21484375f,0.10605171493944332f,0.9840202238300835f,0.1430287832983121f,0.78515625f,-0.009278790867174942f,-0.14285436802446588f,0.9897002240963542f,-0.09375f,0f,0f,0f,1f],start_interpolation:0}
execute if entity @s[tag=aj.nep_moonlight_slash.bone.left_leg2] run data modify entity @s {} merge value {transformation:[0.9958948608307068f,0.08932125241594736f,-0.014667652771793108f,-0.09398485597936806f,-0.0903650673199673f,0.9904790509854409f,-0.1038528004785531f,0.4317684439015525f,0.0052517405919417556f,0.10475191370961676f,0.994484517624547f,-0.061334187971757395f,0f,0f,0f,1f],start_interpolation:0}
execute if entity @s[tag=aj.nep_moonlight_slash.bone.left_leg] run data modify entity @s {} merge value {transformation:[0.9926744029126331f,0.12053723390290969f,0.008264686629431611f,-0.03515625f,-0.12079061547984593f,0.9885917480774123f,0.08997767970583655f,0.78515625f,0.0026752596224417008f,-0.09031683606217254f,0.9959094899184721f,-0.09375f,0f,0f,0f,1f],start_interpolation:0}
execute if entity @s[tag=aj.nep_moonlight_slash.locator_origin.nep_ride] at @s on origin run tp @s ^0.07422 ^0.95117 ^-3.29687 ~-180 ~0