execute if entity @s[tag=aj.nep_moonlight_slash.bone.right_arm2] run data modify entity @s {} merge value {transformation:[0.9056438795881492f,-0.3853079954242385f,-0.17705059171513976f,0.5038268914637074f,0.4230026090539f,0.8500879328331569f,0.31371850309639604f,1.1340058687179586f,0.02963032396244531f,-0.35901010447284776f,0.9328632208358711f,-0.11385072204709581f,0f,0f,0f,1f],start_interpolation:0}
execute if entity @s[tag=aj.nep_moonlight_slash.bone.right_arm] run data modify entity @s {} merge value {transformation:[0.9056438795881492f,-0.4238288097701697f,0.013353028620033333f,0.49479772197307137f,0.4230026090539f,0.9007817184500447f,-0.0982908359908374f,1.3162332533597116f,0.02963032396244531f,0.09466485997974997f,0.9950681424841692f,-0.11310645268114415f,0f,0f,0f,1f],start_interpolation:0}
execute if entity @s[tag=aj.nep_moonlight_slash.locator_origin.moonlight_greatsword] at @s on origin run tp @s ^-1.51966 ^1.29264 ^-0.10335 ~177.16428 ~4.57504
execute if entity @s[tag=aj.nep_moonlight_slash.bone.moonlight_greatsword] run data modify entity @s {} merge value {transformation:[0.1206268212552061f,1.4110970092838475f,0.06992693587315556f,-0.7339189910467492f,-1.4087790470683565f,0.11482381194286755f,0.11310377857810752f,1.3525098638863382f,0.10689313594240342f,-0.07909550289145935f,1.411719920836746f,-0.1333344269727356f,0f,0f,0f,1f],start_interpolation:0}
execute if entity @s[tag=aj.nep_moonlight_slash.bone.left_arm2] run data modify entity @s {} merge value {transformation:[0.085070154934801f,0.9951538137098208f,0.04931486386646783f,-0.6327797555748753f,-0.9935191075743782f,0.08097767453822063f,0.0797646482534312f,1.3604851189641587f,0.07538469091254897f,-0.05578085052400439f,0.9955931122154462f,-0.18410384815966097f,0f,0f,0f,1f],start_interpolation:0}
execute if entity @s[tag=aj.nep_moonlight_slash.bone.left_arm] run data modify entity @s {} merge value {transformation:[0.085070154934801f,0.956851796233885f,-0.27784475662383257f,-0.3231297998849361f,-0.9935191075743782f,0.10255944571274604f,0.04900349966794094f,1.2683450573025945f,0.07538469091254897f,0.27187533933603114f,0.9593752906120406f,-0.0897197182530826f,0f,0f,0f,1f],start_interpolation:0}
execute if entity @s[tag=aj.nep_moonlight_slash.bone.head] run data modify entity @s {} merge value {transformation:[0.9999919422558062f,0.003960670757147133f,0.0006546072209126889f,0.0913388300984743f,-0.003960638228429031f,0.9999921553421198f,-0.00005098083195217637f,1.5225148474736483f,-0.000654804004033286f,0.00004838775877792634f,0.9999997844451473f,-0.07849134865447642f,0f,0f,0f,1f],start_interpolation:0}
execute if entity @s[tag=aj.nep_moonlight_slash.bone.body_top] run data modify entity @s {} merge value {transformation:[0.999872841311271f,0.0017985925996683134f,-0.01584507093030448f,0.09063063426235489f,-0.0020889211704238717f,0.9998298916976222f,-0.018325503438241048f,1.1288318276177096f,0.015809415437318248f,0.018356272295366724f,0.9997065117578001f,-0.08571913087077707f,0f,0f,0f,1f],start_interpolation:0}
execute if entity @s[tag=aj.nep_moonlight_slash.bone.body] run data modify entity @s {} merge value {transformation:[0.999872841311271f,0.0017985925996683134f,-0.01584507093030448f,0.08984375f,-0.0020889211704238717f,0.9998298916976222f,-0.018325503438241048f,0.69140625f,0.015809415437318248f,0.018356272295366724f,0.9997065117578001f,-0.09375f,0f,0f,0f,1f],start_interpolation:0}
execute if entity @s[tag=aj.nep_moonlight_slash.bone.right_leg2] run data modify entity @s {} merge value {transformation:[0.9977233054016359f,-0.06681699429164584f,0.009148504373067617f,0.2700744906109353f,0.06692571815728529f,0.997684054594198f,-0.012143947365368196f,0.43440550358425106f,-0.008315894874604993f,0.012728569531231304f,0.9998844080243091f,-0.03614782616634549f,0f,0f,0f,1f],start_interpolation:0}
execute if entity @s[tag=aj.nep_moonlight_slash.bone.right_leg] run data modify entity @s {} merge value {transformation:[0.9938445450988412f,-0.11047490669569646f,-0.008265299017846915f,0.21484375f,0.11036207279926424f,0.980800427974226f,0.1607816325735781f,0.78515625f,-0.009655727042908586f,-0.16070412401725206f,0.9869553948680359f,-0.09375f,0f,0f,0f,1f],start_interpolation:0}
execute if entity @s[tag=aj.nep_moonlight_slash.bone.left_leg2] run data modify entity @s {} merge value {transformation:[0.9961615637659308f,0.08615136894155835f,-0.015494531451797418f,-0.0982158671043486f,-0.08716029820786793f,0.9925805008189624f,-0.08477636351185062f,0.4323285130355533f,0.008075970017947132f,0.08580146282828402f,0.9962795228673507f,-0.0632441977781249f,0f,0f,0f,1f],start_interpolation:0}
execute if entity @s[tag=aj.nep_moonlight_slash.bone.left_leg] run data modify entity @s {} merge value {transformation:[0.9911725022168574f,0.13237578228093275f,0.007329605356697425f,-0.03515625f,-0.13251843052218967f,0.9875431998368165f,0.08483686715100465f,0.78515625f,0.003992044727883761f,-0.08505927769251696f,0.9963678953365157f,-0.09375f,0f,0f,0f,1f],start_interpolation:0}
execute if entity @s[tag=aj.nep_moonlight_slash.locator_origin.nep_ride] at @s on origin run tp @s ^0.07422 ^0.95117 ^-3.29687 ~-180 ~0