execute if entity @s[tag=aj.nep_moonlight_slash.bone.right_arm2] run data modify entity @s {} merge value {transformation:[0.9992622685119079f,-0.03839653325707576f,-0.0007905455544978754f,0.4307027116329229f,0.038404439125074026f,0.9989730379768068f,0.024040974416143567f,1.1459665986170013f,-0.0001333563794661621f,-0.024053599090935678f,0.9997106614350219f,-0.07752050738946045f,0f,0f,0f,1f],start_interpolation:0}
execute if entity @s[tag=aj.nep_moonlight_slash.bone.right_arm] run data modify entity @s {} merge value {transformation:[0.9992622685119079f,-0.0384046022797029f,0.00007247187937165155f,0.493124431129177f,0.038404439125074026f,0.9992610176109511f,0.0015867383573784245f,1.3165064770714692f,-0.0001333563794661621f,-0.0015827845286492145f,0.9999987385038104f,-0.09508690553533664f,0f,0f,0f,1f],start_interpolation:0}
execute if entity @s[tag=aj.nep_moonlight_slash.locator_origin.moonlight_greatsword] at @s on origin run tp @s ^-0.35143 ^1.06958 ^0.76446 ~9.50005 ~81.89409
execute if entity @s[tag=aj.nep_moonlight_slash.bone.moonlight_greatsword] run data modify entity @s {} merge value {transformation:[1.4175379807347708f,-0.011509995683337708f,0.03299953257729238f,-0.35241697930031746f,-0.03427916893947439f,-0.19697785733805695f,1.4038019939691957f,0.9734685230565231f,-0.006810853674041723f,-1.404173286918121f,-0.19719626911874666f,-0.018243778407234706f,0f,0f,0f,1f],start_interpolation:0}
execute if entity @s[tag=aj.nep_moonlight_slash.bone.left_arm2] run data modify entity @s {} merge value {transformation:[0.9996962067991773f,0.023469035027276205f,0.007529841049105534f,-0.3534573956028106f,-0.02417484090497368f,0.9931874243423946f,0.11399261903886376f,1.0718413388616819f,-0.004803246668194714f,-0.11414002156565765f,0.9934530609437144f,-0.07474148117052119f,0f,0f,0f,1f],start_interpolation:0}
execute if entity @s[tag=aj.nep_moonlight_slash.bone.left_arm] run data modify entity @s {} merge value {transformation:[0.9996962067991773f,0.023848428496613467f,0.006224674254788496f,-0.22104273584772172f,-0.02417484090497368f,0.9979610547823242f,0.0590703834841963f,1.3806823133680366f,-0.004803246668194714f,-0.059202918813118614f,0.9982344129639349f,-0.0938427991331451f,0f,0f,0f,1f],start_interpolation:0}
execute if entity @s[tag=aj.nep_moonlight_slash.bone.head] run data modify entity @s {} merge value {transformation:[0.9999999994452161f,-0.00003331017620275644f,3.1895614448760636e-9f,0.08982989542148874f,0.00003331017620276313f,0.9999999994452161f,-2.1000923360894007e-9f,1.5226562346420685f,-3.189491488682448e-9f,2.100198579770788e-9f,1f,-0.09390918734782752f,0f,0f,0f,1f],start_interpolation:0}
execute if entity @s[tag=aj.nep_moonlight_slash.bone.body_top] run data modify entity @s {} merge value {transformation:[0.9999999919111621f,-0.000016667162118815813f,0.00012609473192036624f,0.08983645811657302f,0.00001664301408856396f,0.9999999815242928f,0.00019150567647932757f,1.128906241916878f,-0.00012609792144683345f,-0.00019150357633386937f,0.9999999737128469f,-0.09383378281464606f,0f,0f,0f,1f],start_interpolation:0}
execute if entity @s[tag=aj.nep_moonlight_slash.bone.body] run data modify entity @s {} merge value {transformation:[0.9999999919111621f,-0.000016667162118815813f,0.00012609473192036624f,0.08984375f,0.00001664301408856396f,0.9999999815242928f,0.00019150567647932757f,0.69140625f,-0.00012609792144683345f,-0.00019150357633386937f,0.9999999737128469f,-0.09375f,0f,0f,0f,1f],start_interpolation:0}
execute if entity @s[tag=aj.nep_moonlight_slash.bone.right_leg2] run data modify entity @s {} merge value {transformation:[0.9999122136146293f,-0.01320290445187422f,0.0011173085189014281f,0.23497041806875102f,0.01321148928900422f,0.9998802334778053f,-0.008060722742790606f,0.4260273080612603f,-0.0010107497505597869f,0.008074776430607519f,0.9999668876370544f,-0.08976860019444656f,0f,0f,0f,1f],start_interpolation:0}
execute if entity @s[tag=aj.nep_moonlight_slash.bone.right_leg] run data modify entity @s {} merge value {transformation:[0.9999210430396318f,-0.012529813624366703f,0.0009547026098929686f,0.21484375f,0.012518408286757559f,0.9998595953202651f,0.011139079852562517f,0.78515625f,-0.001094139159678331f,-0.011126248987612986f,0.9999375027685304f,-0.09375f,0f,0f,0f,1f],start_interpolation:0}
execute if entity @s[tag=aj.nep_moonlight_slash.bone.left_leg2] run data modify entity @s {} merge value {transformation:[0.9999120976071691f,0.013258469681742685f,-0.00010020244185796938f,-0.05529620239108568f,-0.013257721094696556f,0.9996999912313705f,-0.02059515388077359f,0.4260376377264726f,-0.00017288784307228802f,0.020594671973493912f,0.9997878923032114f,-0.08898178372756717f,0f,0f,0f,1f],start_interpolation:0}
execute if entity @s[tag=aj.nep_moonlight_slash.bone.left_leg] run data modify entity @s {} merge value {transformation:[0.9999210090096273f,0.012566780174776358f,0.00022754605620976275f,-0.03515625f,-0.012568692901073512f,0.9998330381916012f,0.013263623159252117f,0.78515625f,-0.00006082702814532996f,-0.013265435409024189f,0.9999120083904791f,-0.09375f,0f,0f,0f,1f],start_interpolation:0}
execute if entity @s[tag=aj.nep_moonlight_slash.locator_origin.nep_ride] at @s on origin run tp @s ^0.07422 ^0.95117 ^-3.29687 ~-180 ~0