execute if entity @s[tag=aj.nep_moonlight_slash.bone.right_arm2] run data modify entity @s {} merge value {transformation:[0.9059966780335422f,-0.3854416804932659f,-0.17494207707327883f,0.5036829437866382f,0.4223541060462005f,0.8505755354826646f,0.31327027874391944f,1.1341561513564162f,0.028054028197403595f,-0.35770933644078307f,0.9334114859615741f,-0.12254722843050532f,0f,0f,0f,1f],start_interpolation:0}
execute if entity @s[tag=aj.nep_moonlight_slash.bone.right_arm] run data modify entity @s {} merge value {transformation:[0.9059966780335422f,-0.4230179239691513f,0.01502848605200237f,0.49478538585515497f,0.4223541060462005f,0.9010815482010877f,-0.09833134087078003f,1.3163899213902317f,0.028054028197403595f,0.09543521096723184f,0.9950402464270173f,-0.12178167368297832f,0f,0f,0f,1f],start_interpolation:0}
execute if entity @s[tag=aj.nep_moonlight_slash.locator_origin.moonlight_greatsword] at @s on origin run tp @s ^-1.52147 ^1.28606 ^-0.09824 ~177.1991 ~5.11919
execute if entity @s[tag=aj.nep_moonlight_slash.bone.moonlight_greatsword] run data modify entity @s {} merge value {transformation:[0.12853513411007875f,1.410443637559369f,0.06901333598777161f,-0.7360730770554557f,-1.4070306784969022f,0.12203333871479705f,0.12652236951317278f,1.3500770424061341f,0.1199114883754357f,-0.07994989360203457f,1.4106256149117573f,-0.12865850096906298f,0f,0f,0f,1f],start_interpolation:0}
execute if entity @s[tag=aj.nep_moonlight_slash.bone.left_arm2] run data modify entity @s {} merge value {transformation:[0.09064736730628144f,0.9946930336506844f,0.048670562018924335f,-0.634970428714326f,-0.9922860983339035f,0.08606207909363098f,0.0892278969569483f,1.3581527336402384f,0.08456567775237339f,-0.05638339603890041f,0.994821370295895f,-0.17948488666141896f,0f,0f,0f,1f],start_interpolation:0}
execute if entity @s[tag=aj.nep_moonlight_slash.bone.left_arm] run data modify entity @s {} merge value {transformation:[0.09064736730628144f,0.9613726249480075f,-0.2598956152015983f,-0.32321056250478847f,-0.9922860983339035f,0.10935043796905143f,0.058401890117142724f,1.268288983213829f,0.08456567775237339f,0.25259682839765385f,0.9638690203703655f,-0.08997766806810545f,0f,0f,0f,1f],start_interpolation:0}
execute if entity @s[tag=aj.nep_moonlight_slash.bone.head] run data modify entity @s {} merge value {transformation:[0.9999931354811191f,0.0036586118198191093f,0.0005861315483821194f,0.09123413190909399f,-0.003658586656827661f,0.9999933063815635f,-0.000043997080814248135f,1.5225351405708365f,-0.0005862885932810848f,0.00004185236573340037f,0.9999998272570175f,-0.07962921402196584f,0f,0f,0f,1f],start_interpolation:0}
execute if entity @s[tag=aj.nep_moonlight_slash.bone.body_top] run data modify entity @s {} merge value {transformation:[0.9998926262744825f,0.0016726398906393722f,-0.014558097324660436f,0.09057552995215473f,-0.0019195263862044221f,0.999854304446119f,-0.016961288247659346f,1.1288425081951772f,0.0145276061472876f,0.016987411702898237f,0.9997501570408807f,-0.08631800737998202f,0f,0f,0f,1f],start_interpolation:0}
execute if entity @s[tag=aj.nep_moonlight_slash.bone.body] run data modify entity @s {} merge value {transformation:[0.9998926262744825f,0.0016726398906393722f,-0.014558097324660436f,0.08984375f,-0.0019195263862044221f,0.999854304446119f,-0.016961288247659346f,0.69140625f,0.0145276061472876f,0.016987411702898237f,0.9997501570408807f,-0.09375f,0f,0f,0f,1f],start_interpolation:0}
execute if entity @s[tag=aj.nep_moonlight_slash.bone.right_leg2] run data modify entity @s {} merge value {transformation:[0.9973819926742579f,-0.07195817346210245f,0.00715415691221105f,0.27175378946904544f,0.07189032510621834f,0.9973689279024585f,0.00932752972779552f,0.4360103341344511f,-0.007806525811703534f,-0.008788795520357356f,0.9999309052269824f,-0.028535675714312966f,0f,0f,0f,1f],start_interpolation:0}
execute if entity @s[tag=aj.nep_moonlight_slash.bone.right_leg] run data modify entity @s {} merge value {transformation:[0.9932833101280497f,-0.1151721398213416f,-0.011119533714947854f,0.21484375f,0.1152673692656223f,0.9765480862895979f,0.181844078118334f,0.78515625f,-0.010084612220962746f,-0.1819044072393449f,0.9832645052188426f,-0.09375f,0f,0f,0f,1f],start_interpolation:0}
execute if entity @s[tag=aj.nep_moonlight_slash.bone.left_leg2] run data modify entity @s {} merge value {transformation:[0.9961638897870413f,0.08616203219219247f,-0.01528426945794393f,-0.09788684863138675f,-0.0871545097803307f,0.9925633594942253f,-0.0849827559831256f,0.43231604810975577f,0.007848318883792501f,0.08598884577693093f,0.9962651867312485f,-0.06271461414128153f,0f,0f,0f,1f],start_interpolation:0}
execute if entity @s[tag=aj.nep_moonlight_slash.bone.left_leg] run data modify entity @s {} merge value {transformation:[0.9912935793399733f,0.1314549883942947f,0.007524997382049017f,-0.03515625f,-0.13161206356143407f,0.987538477588568f,0.0862903239485997f,0.78515625f,0.003912069074676456f,-0.08652942452315907f,0.9962416144727372f,-0.09375f,0f,0f,0f,1f],start_interpolation:0}
execute if entity @s[tag=aj.nep_moonlight_slash.locator_origin.nep_ride] at @s on origin run tp @s ^0.07422 ^0.95117 ^-3.29687 ~-180 ~0