execute if entity @s[tag=aj.nep_moonlight_slash.bone.right_arm2] run data modify entity @s {} merge value {transformation:[0.816430854900556f,-0.5526303377079334f,0.16745258735284735f,0.5310676259655858f,0.5773905740147675f,0.7851927404185597f,-0.22381350592153615f,1.1263018761041697f,-0.007796422592745378f,0.27941379750972906f,0.9601391282287933f,-0.13879368955241184f,0f,0f,0f,1f],start_interpolation:0}
execute if entity @s[tag=aj.nep_moonlight_slash.bone.right_arm] run data modify entity @s {} merge value {transformation:[0.816430854900556f,-0.4288530045090882f,0.38668560833043086f,0.5085898463468506f,0.5773905740147675f,0.6153294209185937f,-0.536646838051698f,1.2787822369092512f,-0.007796422592745378f,0.6614036621273851f,0.7499896076074914f,-0.041153967708323316f,0f,0f,0f,1f],start_interpolation:0}
execute if entity @s[tag=aj.nep_moonlight_slash.locator_origin.moonlight_greatsword] at @s on origin run tp @s ^0.70879 ^0.47862 ^0.6065 ~9.83987 ~-13.7537
execute if entity @s[tag=aj.nep_moonlight_slash.bone.moonlight_greatsword] run data modify entity @s {} merge value {transformation:[-1.001336914132799f,-0.9759907623647095f,0.23537585294655297f,0.16476787467307033f,-1.0011643008722229f,0.9458622524873299f,-0.3371201832510028f,0.9977039126039023f,0.07503201337160885f,-0.4042548788510899f,-1.3570495812132484f,0.3689040211794705f,0f,0f,0f,1f],start_interpolation:0}
execute if entity @s[tag=aj.nep_moonlight_slash.bone.left_arm2] run data modify entity @s {} merge value {transformation:[-0.7061769972947564f,-0.6883020252489411f,0.16599509188517234f,0.0878626118007147f,-0.7060552645269671f,0.6670543709001555f,-0.23774866917977058f,1.0800639069766889f,0.052915138906699355f,-0.2850943498233582f,-0.9570377211862027f,0.38204352392726226f,0f,0f,0f,1f],start_interpolation:0}
execute if entity @s[tag=aj.nep_moonlight_slash.bone.left_arm] run data modify entity @s {} merge value {transformation:[-0.7061769972947564f,-0.6899974077362492f,0.15880058503990818f,-0.2160337027787077f,-0.7060552645269671f,0.6694999756428747f,-0.23077206513775564f,1.2010257412992162f,0.052915138906699355f,-0.27508791309587954f,-0.9599617847305366f,0.30269294344813735f,0f,0f,0f,1f],start_interpolation:0}
execute if entity @s[tag=aj.nep_moonlight_slash.bone.head] run data modify entity @s {} merge value {transformation:[0.9986486387449262f,0.022204892835140808f,-0.04698764802675354f,0.1398689574293869f,-0.02629423647501755f,0.9957483081869546f,-0.08828318000057253f,1.4831659277837397f,0.04482755247726583f,0.08939938186026544f,0.9949865532065749f,0.15442464366335906f,0f,0f,0f,1f],start_interpolation:0}
execute if entity @s[tag=aj.nep_moonlight_slash.bone.body_top] run data modify entity @s {} merge value {transformation:[0.944233400113811f,0.060180700666931604f,0.3237307050261821f,0.11617280654178258f,0.04268126035453402f,0.9524928454541232f,-0.3015554499146987f,1.1081218698861788f,-0.32649899865705595f,0.2985559623017853f,0.8968069698937418f,0.036868233507031084f,0f,0f,0f,1f],start_interpolation:0}
execute if entity @s[tag=aj.nep_moonlight_slash.bone.body] run data modify entity @s {} merge value {transformation:[0.944233400113811f,0.060180700666931604f,0.3237307050261821f,0.08984375f,0.04268126035453402f,0.9524928454541232f,-0.3015554499146987f,0.69140625f,-0.32649899865705595f,0.2985559623017853f,0.8968069698937418f,-0.09375f,0f,0f,0f,1f],start_interpolation:0}
execute if entity @s[tag=aj.nep_moonlight_slash.bone.right_leg2] run data modify entity @s {} merge value {transformation:[0.9962251154743561f,-0.08238224246167436f,0.027362116604749413f,0.2748407370522051f,0.08672338799740018f,0.9583881497062511f,-0.2719764851542883f,0.43268635364918484f,-0.0038174955610179246f,0.27332274078388413f,0.9619148122874641f,-0.13514453954984865f,0f,0f,0f,1f],start_interpolation:0}
execute if entity @s[tag=aj.nep_moonlight_slash.bone.right_leg] run data modify entity @s {} merge value {transformation:[0.9916348265870424f,-0.12888622966322097f,0.006979291001663794f,0.2130279541015625f,0.1289228383818107f,0.986391139340608f,-0.102036375738826f,0.78515625f,0.006266772954556235f,0.10208261376716814f,0.9947561849635312f,-0.09855651855468753f,0f,0f,0f,1f],start_interpolation:0}
execute if entity @s[tag=aj.nep_moonlight_slash.bone.left_leg2] run data modify entity @s {} merge value {transformation:[0.9961274355471146f,0.08789774390205747f,0.0020294746260458643f,-0.09399166199943194f,-0.08780120472300199f,0.9957086224354049f,-0.029245301451308436f,0.4548135764891247f,-0.004591361401473301f,0.028953856819372625f,0.9995702044257643f,0.11505528013669966f,0f,0f,0f,1f],start_interpolation:0}
execute if entity @s[tag=aj.nep_moonlight_slash.bone.left_leg] run data modify entity @s {} merge value {transformation:[0.991459327914423f,0.12298671913257486f,0.04338972238313826f,-0.03430175781249999f,-0.1303608389044359f,0.9248822584174111f,0.35720982593545897f,0.78515625f,0.003801680103898846f,-0.35981533455609466f,0.9330157942107268f,-0.014193954467773412f,0f,0f,0f,1f],start_interpolation:0}
execute if entity @s[tag=aj.nep_moonlight_slash.locator_origin.nep_ride] at @s on origin run tp @s ^0.07422 ^1.61719 ^-3.29687 ~-180 ~0