execute if entity @s[tag=aj.nep_moonlight_slash.bone.right_arm2] run data modify entity @s {} merge value {transformation:[0.7712086094755753f,0.5300541854475889f,-0.35253346105049743f,0.23144955970730782f,-0.35328043579351776f,0.8170552199112575f,0.4556464652571208f,0.7870312927288112f,0.5295566205386273f,-0.22685530213168828f,0.8173777936416236f,0.42474483219369974f,0f,0f,0f,1f],start_interpolation:0}
execute if entity @s[tag=aj.nep_moonlight_slash.bone.right_arm] run data modify entity @s {} merge value {transformation:[0.7712086094755753f,0.5300541854475889f,-0.35253346105049743f,0.37977582088468076f,-0.35328043579351776f,0.8170552199112575f,0.4556464652571208f,0.8921034528174548f,0.5295566205386273f,-0.22685530213168828f,0.8173777936416236f,0.4089908578038697f,0f,0f,0f,1f],start_interpolation:0}
execute if entity @s[tag=aj.nep_moonlight_slash.locator_origin.moonlight_greatsword] at @s on origin run tp @s ^0.01827 ^0.2198 ^1.19909 ~-3.82999 ~-69.8381
execute if entity @s[tag=aj.nep_moonlight_slash.bone.moonlight_greatsword] run data modify entity @s {} merge value {transformation:[-1.4174861650726196f,-0.01739552237168685f,-0.032645728751179846f,0.0031821123035369048f,0.024665527087659168f,0.48811425734757546f,-1.3310790583297734f,0.47846233483657935f,0.027567364360189042f,-1.3311939165846585f,-0.48764554016907796f,0.45428744497440776f,0f,0f,0f,1f],start_interpolation:0}
execute if entity @s[tag=aj.nep_moonlight_slash.bone.left_arm2] run data modify entity @s {} merge value {transformation:[-0.9379975719826055f,-0.21500883408151344f,-0.27190394668272916f,-0.23259129285170133f,-0.16664211884579816f,0.9675022767002576f,-0.19018346091708765f,0.6655245534728311f,0.30395881165269595f,-0.13308097477373182f,-0.9433443141143928f,0.5321523911435293f,0f,0f,0f,1f],start_interpolation:0}
execute if entity @s[tag=aj.nep_moonlight_slash.bone.left_arm] run data modify entity @s {} merge value {transformation:[-0.9379975719826055f,-0.21500883408151344f,-0.27190394668272916f,-0.41703124999999996f,-0.16664211884579816f,0.9675022767002576f,-0.19018346091708765f,0.9470387500859369f,0.30395881165269595f,-0.13308097477373182f,-0.9433443141143928f,0.528559437983325f,0f,0f,0f,1f],start_interpolation:0}
execute if entity @s[tag=aj.nep_moonlight_slash.bone.head] run data modify entity @s {} merge value {transformation:[1f,0f,0f,0.08984375f,0f,0.6010933349111192f,-0.799178830253548f,1.1012213346448678f,0f,0.799178830253548f,0.6010933349111192f,0.5705674026482618f,0f,0f,0f,1f],start_interpolation:0}
execute if entity @s[tag=aj.nep_moonlight_slash.bone.body_top] run data modify entity @s {} merge value {transformation:[1f,0f,0f,0.08984375f,0f,0.6010933349111192f,-0.799178830253548f,0.8645408340236147f,0f,0.799178830253548f,0.6010933349111192f,0.25589073823592723f,0f,0f,0f,1f],start_interpolation:0}
execute if entity @s[tag=aj.nep_moonlight_slash.bone.body] run data modify entity @s {} merge value {transformation:[1f,0f,0f,0.08984375f,0f,0.6010933349111192f,-0.799178830253548f,0.6015625f,0f,0.799178830253548f,0.6010933349111192f,-0.09375f,0f,0f,0f,1f],start_interpolation:0}
execute if entity @s[tag=aj.nep_moonlight_slash.bone.right_leg2] run data modify entity @s {} merge value {transformation:[0.9933616489009326f,-0.04419595747584169f,0.10620429292459888f,0.3011331807841242f,0.1017127556719417f,0.7687087640122425f,-0.6314596990025496f,0.38514354106759924f,-0.05373220474203807f,0.6380701791132103f,0.7681010979682268f,-0.2553825386321647f,0f,0f,0f,1f],start_interpolation:0}
execute if entity @s[tag=aj.nep_moonlight_slash.bone.right_leg] run data modify entity @s {} merge value {transformation:[0.990288153272637f,-0.10487980073527436f,0.09126664716970534f,0.24796875000000002f,0.13631608670758472f,0.8615328025383144f,-0.4890594592227085f,0.692626953125f,-0.027336751683413048f,0.4967509009032666f,0.8674625320203706f,-0.07643554687499993f,0f,0f,0f,1f],start_interpolation:0}
execute if entity @s[tag=aj.nep_moonlight_slash.bone.left_leg2] run data modify entity @s {} merge value {transformation:[0.9958211037184982f,0.09046047653097586f,0.012539201516095631f,-0.10638280548250109f,-0.09037945162802798f,0.9958835993680357f,-0.0068855815427916744f,0.3979712175763669f,-0.013110458126604257f,0.005723521254808461f,0.9998976733607077f,0.08942214311484654f,0f,0f,0f,1f],start_interpolation:0}
execute if entity @s[tag=aj.nep_moonlight_slash.bone.left_leg] run data modify entity @s {} merge value {transformation:[0.991459327914423f,0.11161044447676728f,0.0674648780861502f,-0.05078125f,-0.13036083890443587f,0.8330523006094328f,0.5376150259520867f,0.6953125f,0.0038016801038988426f,-0.5418182104110469f,0.8404871052522805f,-0.105234375f,0f,0f,0f,1f],start_interpolation:0}
execute if entity @s[tag=aj.nep_moonlight_slash.locator_origin.nep_ride] at @s on origin run tp @s ^0.07422 ^1.52734 ^-3.29687 ~-180 ~0