execute if entity @s[tag=aj.nep_moonlight_slash.bone.right_arm2] run data modify entity @s {} merge value {transformation:[0.9070373240377966f,-0.3666720465318803f,-0.20696594670253315f,0.5052580683298946f,0.4154530123410374f,0.859276361190195f,0.29840061936345796f,1.1336227550037734f,0.06842577978445676f,-0.35664512528823406f,0.9317307375358124f,-0.10007111053501835f,0f,0f,0f,1f],start_interpolation:0}
execute if entity @s[tag=aj.nep_moonlight_slash.bone.right_arm] run data modify entity @s {} merge value {transformation:[0.9070373240377966f,-0.42060507219249815f,-0.01935629221458893f,0.4974322614918471f,0.4154530123410374f,0.9015043677219756f,-0.1211968213896665f,1.3158472750833738f,0.06842577978445676f,0.10188841064686555f,0.9924397535552194f,-0.09539344220069103f,0f,0f,0f,1f],start_interpolation:0}
execute if entity @s[tag=aj.nep_moonlight_slash.locator_origin.moonlight_greatsword] at @s on origin run tp @s ^-1.50646 ^1.30508 ^-0.26456 ~-174.33724 ~0.93432
execute if entity @s[tag=aj.nep_moonlight_slash.bone.moonlight_greatsword] run data modify entity @s {} merge value {transformation:[0.10419973438167009f,1.4071981799520221f,-0.1398966535377733f,-0.7249758662032006f,-1.4137381206745343f,0.10698264997047069f,0.023121737250772448f,1.359700552073398f,0.033501007193626496f,0.13778015430958881f,1.4108613282573168f,-0.17422816330040058f,0f,0f,0f,1f],start_interpolation:0}
execute if entity @s[tag=aj.nep_moonlight_slash.bone.left_arm2] run data modify entity @s {} merge value {transformation:[0.07348521212591609f,0.9924042260818668f,-0.09865989891369137f,-0.6174391765348977f,-0.9970164156823162f,0.07544781926292148f,0.016306238942693518f,1.3699616769244074f,0.023626054659967997f,0.09716727135882847f,0.9949876033990995f,-0.2088814959687308f,0f,0f,0f,1f],start_interpolation:0}
execute if entity @s[tag=aj.nep_moonlight_slash.bone.left_arm] run data modify entity @s {} merge value {transformation:[0.07348521212591609f,0.9172477242551667f,-0.3914799304530521f,-0.3216136111894186f,-0.9970164156823162f,0.0768672529168107f,-0.0070492757790952335f,1.2693556415006213f,0.023626054659967997f,0.3908299345978254f,0.9201596447157763f,-0.08379388457441436f,0f,0f,0f,1f],start_interpolation:0}
execute if entity @s[tag=aj.nep_moonlight_slash.bone.head] run data modify entity @s {} merge value {transformation:[0.999947227169999f,0.009995079032895909f,0.002375135818515804f,0.09296184488608437f,-0.009994351386049115f,0.999950004648193f,-0.00031803215419462516f,1.5215998464340588f,-0.0023781958292811572f,0.0002942774287779809f,0.9999971287885743f,-0.0519716273155045f,0f,0f,0f,1f],start_interpolation:0}
execute if entity @s[tag=aj.nep_moonlight_slash.bone.body_top] run data modify entity @s {} merge value {transformation:[0.9989280233429506f,0.0037510915922819507f,-0.04613819992166795f,0.09148485257162335f,-0.006061285712112665f,0.9987291385672887f,-0.05003367458180127f,1.1283502481231888f,0.045891883766758006f,0.05025969646255097f,0.9976812606819027f,-0.07176138279763394f,0f,0f,0f,1f],start_interpolation:0}
execute if entity @s[tag=aj.nep_moonlight_slash.bone.body] run data modify entity @s {} merge value {transformation:[0.9989280233429506f,0.0037510915922819507f,-0.04613819992166795f,0.08984375f,-0.006061285712112665f,0.9987291385672887f,-0.05003367458180127f,0.69140625f,0.045891883766758006f,0.05025969646255097f,0.9976812606819027f,-0.09375f,0f,0f,0f,1f],start_interpolation:0}
execute if entity @s[tag=aj.nep_moonlight_slash.bone.right_leg2] run data modify entity @s {} merge value {transformation:[0.9972491480328195f,-0.0738480910918178f,0.006371513941773203f,0.27236778887158863f,0.07372953180950073f,0.9971303007586378f,0.01717904095519085f,0.43664146162395834f,-0.007621868994377172f,-0.016662015216740406f,0.9998321280904858f,-0.025757658629057073f,0f,0f,0f,1f],start_interpolation:0}
execute if entity @s[tag=aj.nep_moonlight_slash.bone.right_leg] run data modify entity @s {} merge value {transformation:[0.9930697224342935f,-0.11688994631945131f,-0.012217480661376264f,0.21484375f,0.11707948790334662f,0.9748706932160875f,0.18952447077006954f,0.78515625f,-0.010243041372825822f,-0.18964142996144231f,0.9817999837775584f,-0.09375f,0f,0f,0f,1f],start_interpolation:0}
execute if entity @s[tag=aj.nep_moonlight_slash.bone.left_leg2] run data modify entity @s {} merge value {transformation:[0.9961530077447398f,0.08608211047320266f,-0.016402908814831266f,-0.0986004186500752f,-0.08719982152719728f,0.9922767746417036f,-0.0882212765282997f,0.432129767359776f,0.008681951781326679f,0.08931222068192635f,0.9959658382445301f,-0.0665163577725563f,0f,0f,0f,1f],start_interpolation:0}
execute if entity @s[tag=aj.nep_moonlight_slash.bone.left_leg] run data modify entity @s {} merge value {transformation:[0.9910364778089163f,0.13345175286069114f,0.0061097717229334735f,-0.03515625f,-0.13352918448236542f,0.9881401771068132f,0.07582181268467665f,0.78515625f,0.004081242895463405f,-0.0759580150196461f,0.9971026644286453f,-0.09375f,0f,0f,0f,1f],start_interpolation:0}
execute if entity @s[tag=aj.nep_moonlight_slash.locator_origin.nep_ride] at @s on origin run tp @s ^0.07422 ^0.95117 ^-3.29687 ~-180 ~0