execute if entity @s[tag=aj.nep_moonlight_slash.bone.right_arm2] run data modify entity @s {} merge value {transformation:[0.9058141439343022f,-0.3809506286797262f,-0.18541131345494688f,0.5043999414820431f,0.4217956872821314f,0.8520325096798704f,0.3100467716955232f,1.1338838140338672f,0.03986395412853047f,-0.35905044347158643f,0.9324664306043922f,-0.11062087518236692f,0f,0f,0f,1f],start_interpolation:0}
execute if entity @s[tag=aj.nep_moonlight_slash.bone.right_arm] run data modify entity @s {} merge value {transformation:[0.9058141439343022f,-0.4236472542092924f,0.004872437736325164f,0.49555965729499984f,0.4217956872821314f,0.9006538862780024f,-0.10445561412641083f,1.3161131238176775f,0.03986395412853047f,0.09667254591277931f,0.9945176137344075f,-0.1088243276150859f,0f,0f,0f,1f],start_interpolation:0}
execute if entity @s[tag=aj.nep_moonlight_slash.locator_origin.moonlight_greatsword] at @s on origin run tp @s ^-1.51845 ^1.29669 ^-0.14474 ~179.33764 ~3.54146
execute if entity @s[tag=aj.nep_moonlight_slash.bone.moonlight_greatsword] run data modify entity @s {} merge value {transformation:[0.11341635685765288f,1.4133309721963792f,0.01636059302521035f,-0.7320107021554491f,-1.4108064152657058f,0.11219984513123007f,0.08758897975326776f,1.3548436901379526f,0.08600793346446536f,-0.023283766008251508f,1.4151663780623844f,-0.1437365516280249f,0f,0f,0f,1f],start_interpolation:0}
execute if entity @s[tag=aj.nep_moonlight_slash.bone.left_arm2] run data modify entity @s {} merge value {transformation:[0.07998508913377173f,0.9967292806674188f,0.011538049075630441f,-0.62899441081424f,-0.9949488768815997f,0.07912716350852589f,0.061770740542249444f,1.3634390766633497f,0.060655732691193204f,-0.016420507157334396f,0.9980236715811858f,-0.19047033835485694f,0f,0f,0f,1f],start_interpolation:0}
execute if entity @s[tag=aj.nep_moonlight_slash.bone.left_arm] run data modify entity @s {} merge value {transformation:[0.07998508913377173f,0.9482653148376715f,-0.30723814573075664f,-0.3226633637857462f,-0.9949488768815997f,0.0947056176326027f,0.033280300192007645f,1.268665972563338f,0.060655732691193204f,0.3030243202527452f,0.9510505472513311f,-0.0881932716894749f,0f,0f,0f,1f],start_interpolation:0}
execute if entity @s[tag=aj.nep_moonlight_slash.bone.head] run data modify entity @s {} merge value {transformation:[0.9999829758718253f,0.005732100398270854f,0.0010913255942569672f,0.09191765220639107f,-0.0057319916301329064f,0.9999835667203433f,-0.00010276776232522739f,1.5223585651709128f,-0.0010918967353296428f,0.00009651054362163833f,0.9999993992234367f,-0.07160250935798838f,0f,0f,0f,1f],start_interpolation:0}
execute if entity @s[tag=aj.nep_moonlight_slash.bone.body_top] run data modify entity @s {} merge value {transformation:[0.9997153002020085f,0.0024949199475381273f,-0.023729600006392276f,0.09093527747704794f,-0.0031255777984812417f,0.9996418829123765f,-0.026576995519134703f,1.1287495737741646f,0.023654794554881193f,0.026643597764826003f,0.9993650831366446f,-0.08209342597788863f,0f,0f,0f,1f],start_interpolation:0}
execute if entity @s[tag=aj.nep_moonlight_slash.bone.body] run data modify entity @s {} merge value {transformation:[0.9997153002020085f,0.0024949199475381273f,-0.023729600006392276f,0.08984375f,-0.0031255777984812417f,0.9996418829123765f,-0.026576995519134703f,0.69140625f,0.023654794554881193f,0.026643597764826003f,0.9993650831366446f,-0.09375f,0f,0f,0f,1f],start_interpolation:0}
execute if entity @s[tag=aj.nep_moonlight_slash.bone.right_leg2] run data modify entity @s {} merge value {transformation:[0.9975855141100781f,-0.06894430577770062f,0.008356119826926479f,0.2707715036731785f,0.06897399417865686f,0.9976129403842992f,-0.003318027250572231f,0.4350447937949173f,-0.008107414185401467f,0.003886370880891943f,0.9999595821615005f,-0.03301627087829441f,0f,0f,0f,1f],start_interpolation:0}
execute if entity @s[tag=aj.nep_moonlight_slash.bone.right_leg] run data modify entity @s {} merge value {transformation:[0.9936156888789621f,-0.11242437157410703f,-0.009414004979422547f,0.21484375f,0.11238850766450106f,0.9791096393386868f,0.16944951312710557f,0.78515625f,-0.009832912006718233f,-0.16942572068677722f,0.9854939061258747f,-0.09375f,0f,0f,0f,1f],start_interpolation:0}
execute if entity @s[tag=aj.nep_moonlight_slash.bone.left_leg2] run data modify entity @s {} merge value {transformation:[0.9961590744099433f,0.08613530446761837f,-0.0157419120501848f,-0.09843664180712317f,-0.08716927903491108f,0.9925411119762494f,-0.08522709562976075f,0.43230154561699863f,0.008283433059962469f,0.0862719558212358f,0.9962371878099712f,-0.06402322995141155f,0f,0f,0f,1f],start_interpolation:0}
execute if entity @s[tag=aj.nep_moonlight_slash.bone.left_leg] run data modify entity @s {} merge value {transformation:[0.9910918932108461f,0.13299361662804504f,0.007039683794990457f,-0.03515625f,-0.13311835822763934f,0.9876443234234665f,0.08269336800603115f,0.78515625f,0.004044986343457459f,-0.08289383780230948f,0.99655017422099f,-0.09375f,0f,0f,0f,1f],start_interpolation:0}
execute if entity @s[tag=aj.nep_moonlight_slash.locator_origin.nep_ride] at @s on origin run tp @s ^0.07422 ^0.95117 ^-3.29687 ~-180 ~0