execute if entity @s[tag=aj.nep_moonlight_slash.bone.right_arm2] run data modify entity @s {} merge value {transformation:[0.8017572720918028f,-0.5806118603946798f,0.1416867820826615f,0.48759670481433026f,0.596491683000503f,0.7921428518120758f,-0.12925700922680766f,1.176742611475768f,-0.03718801902680649f,0.1881477342198425f,0.9814364377527469f,-0.28375754727864866f,0f,0f,0f,1f],start_interpolation:0}
execute if entity @s[tag=aj.nep_moonlight_slash.bone.right_arm] run data modify entity @s {} merge value {transformation:[0.8017572720918028f,-0.45680093279798883f,0.3853805709202243f,0.4594332901380586f,0.596491683000503f,0.6517422158582771f,-0.4684332996055792f,1.3354787025726094f,-0.03718801902680649f,0.6054461097926307f,0.7950170182944712f,-0.1983258493614191f,0f,0f,0f,1f],start_interpolation:0}
execute if entity @s[tag=aj.nep_moonlight_slash.locator_origin.moonlight_greatsword] at @s on origin run tp @s ^0.86403 ^1.18355 ^0.70089 ~25.71276 ~12.63157
execute if entity @s[tag=aj.nep_moonlight_slash.bone.moonlight_greatsword] run data modify entity @s {} merge value {transformation:[-0.05531091302668085f,-1.2834346459815762f,0.6003095771107306f,0.15597792085131867f,-1.368525466332154f,0.20401506579391285f,0.3100826936577223f,1.2950570703481101f,-0.3670342312061348f,-0.5672818861904678f,-1.2466404897562373f,0.3721126586528981f,0f,0f,0f,1f],start_interpolation:0}
execute if entity @s[tag=aj.nep_moonlight_slash.bone.left_arm2] run data modify entity @s {} merge value {transformation:[-0.039007145275014594f,-0.9051219541908636f,0.42335882022134175f,0.04283507887568766f,-0.9651309073857615f,0.14387839350755285f,0.21868090792390332f,1.3032522677576073f,-0.2588450776550152f,-0.4000665643657294f,-0.8791734583404869f,0.37076365081614304f,0f,0f,0f,1f],start_interpolation:0}
execute if entity @s[tag=aj.nep_moonlight_slash.bone.left_arm] run data modify entity @s {} merge value {transformation:[-0.039007145275014594f,-0.8249949138430407f,0.5637923684749625f,-0.21985172485963939f,-0.9651309073857615f,0.1772631802701216f,0.19261385341989107f,1.2380056481688f,-0.2588450776550152f,-0.5366201236010782f,-0.80314262041068f,0.17071422748392914f,0f,0f,0f,1f],start_interpolation:0}
execute if entity @s[tag=aj.nep_moonlight_slash.bone.head] run data modify entity @s {} merge value {transformation:[0.9990144599810877f,-0.030629495325302666f,-0.03212386596928757f,0.08974941554324835f,0.030484364322384452f,0.9995227476482741f,-0.004998046168737932f,1.515673478860661f,0.03226162241046823f,0.004013844760571067f,0.9994713986751609f,0.013767854458584708f,0f,0f,0f,1f],start_interpolation:0}
execute if entity @s[tag=aj.nep_moonlight_slash.bone.body_top] run data modify entity @s {} merge value {transformation:[0.9719039690242418f,-0.00011348506075387066f,0.235377700974554f,0.08979410028592018f,0.030554249119312787f,0.9915996738173363f,-0.12568422632179174f,1.1252311072950847f,-0.23338618822818233f,0.12934478731859814f,0.9637431261170303f,-0.03716165554811331f,0f,0f,0f,1f],start_interpolation:0}
execute if entity @s[tag=aj.nep_moonlight_slash.bone.body] run data modify entity @s {} merge value {transformation:[0.9719039690242418f,-0.00011348506075387066f,0.235377700974554f,0.08984375f,0.030554249119312787f,0.9915996738173363f,-0.12568422632179174f,0.69140625f,-0.23338618822818233f,0.12934478731859814f,0.9637431261170303f,-0.09375f,0f,0f,0f,1f],start_interpolation:0}
execute if entity @s[tag=aj.nep_moonlight_slash.bone.right_leg2] run data modify entity @s {} merge value {transformation:[0.9800421861494304f,-0.04718389804596752f,0.19310875985473236f,0.2740670754092487f,0.09948891368034679f,0.957430650228242f,-0.27097694746644063f,0.43348425076081076f,-0.17210249685042184f,0.28478102073121614f,0.9430167022959547f,-0.14080245932554375f,0f,0f,0f,1f],start_interpolation:0}
execute if entity @s[tag=aj.nep_moonlight_slash.bone.right_leg] run data modify entity @s {} merge value {transformation:[0.9766858107415243f,-0.12233073980219088f,0.17640866530763163f,0.21484375f,0.14163258655248656f,0.9847235016461129f,-0.10129084722851502f,0.78515625f,-0.16132277434579326f,0.12391454880386983f,0.97909149065453f,-0.09375f,0f,0f,0f,1f],start_interpolation:0}
execute if entity @s[tag=aj.nep_moonlight_slash.bone.left_leg2] run data modify entity @s {} merge value {transformation:[0.9960865776673281f,0.08768362558517295f,0.011095566467260745f,-0.09334362983617894f,-0.0881606919464427f,0.9946177603115081f,0.0544353126972183f,0.46010092597472435f,-0.006262761891899641f,-0.055200477146114424f,0.9984556500597944f,0.13346827245841725f,0f,0f,0f,1f],start_interpolation:0}
execute if entity @s[tag=aj.nep_moonlight_slash.bone.left_leg] run data modify entity @s {} merge value {transformation:[0.991459327914423f,0.1211914202652323f,0.048177180755794566f,-0.034298911179698216f,-0.13036083890443587f,0.9101696337618295f,0.393188618169434f,0.78515625f,0.003801680103898846f,-0.3961109408132438f,0.9181947885914157f,-0.0088246956447188f,0f,0f,0f,1f],start_interpolation:0}
execute if entity @s[tag=aj.nep_moonlight_slash.locator_origin.nep_ride] at @s on origin run tp @s ^0.07422 ^0.95117 ^-3.29687 ~-180 ~0