execute if entity @s[tag=aj.nep_moonlight_slash.bone.right_arm2] run data modify entity @s {} merge value {transformation:[0.7602257989903543f,0.488209611275942f,-0.4286118407221985f,0.23792304775334605f,-0.40057009899105595f,0.8716671507809741f,0.28238267305851883f,0.7540670235286536f,0.5114687970382683f,-0.04298550578011473f,0.8582260284733005f,0.408951564266373f,0f,0f,0f,1f],start_interpolation:0}
execute if entity @s[tag=aj.nep_moonlight_slash.bone.right_arm] run data modify entity @s {} merge value {transformation:[0.7602257989903543f,0.488209611275942f,-0.4286118407221985f,0.379775625f,-0.40057009899105595f,0.8716671507809741f,0.28238267305851883f,0.8680527401959441f,0.5114687970382683f,-0.04298550578011473f,0.8582260284733005f,0.422142556506511f,0f,0f,0f,1f],start_interpolation:0}
execute if entity @s[tag=aj.nep_moonlight_slash.locator_origin.moonlight_greatsword] at @s on origin run tp @s ^0.01705 ^0.15134 ^1.17098 ~-3.85491 ~-66.54161
execute if entity @s[tag=aj.nep_moonlight_slash.bone.moonlight_greatsword] run data modify entity @s {} merge value {transformation:[-1.4173443779814814f,-0.018169655588219966f,-0.037949358316763944f,0.0014872718949605346f,0.027600596125947292f,0.5637940284069597f,-1.3007727997627825f,0.452395608238783f,0.03175684610191994f,-1.300938712286255f,-0.5631921036175854f,0.4422849930902621f,0f,0f,0f,1f],start_interpolation:0}
execute if entity @s[tag=aj.nep_moonlight_slash.bone.left_arm2] run data modify entity @s {} merge value {transformation:[-0.9379975719826055f,-0.21203008900291756f,-0.27423310579168053f,-0.23352215068876253f,-0.18080175955097333f,0.9742336546807702f,-0.13483141262562742f,0.6354361045643998f,0.29575543730928805f,-0.07688970961555913f,-0.9521642158037795f,0.5312293461257029f,0f,0f,0f,1f],start_interpolation:0}
execute if entity @s[tag=aj.nep_moonlight_slash.bone.left_arm] run data modify entity @s {} merge value {transformation:[-0.9379975719826055f,-0.21203008900291756f,-0.27423310579168053f,-0.41703124999999996f,-0.18080175955097333f,0.9742336546807702f,-0.13483141262562742f,0.9172839017082688f,0.29575543730928805f,-0.07688970961555913f,-0.9521642158037795f,0.5441707415345017f,0f,0f,0f,1f],start_interpolation:0}
execute if entity @s[tag=aj.nep_moonlight_slash.bone.head] run data modify entity @s {} merge value {transformation:[1f,0f,0f,0.08984375f,0f,0.5627063035833505f,-0.8266568912841423f,1.0693121148536602f,0f,0.8266568912841423f,0.5627063035833505f,0.5934085408799433f,0f,0f,0f,1f],start_interpolation:0}
execute if entity @s[tag=aj.nep_moonlight_slash.bone.body_top] run data modify entity @s {} merge value {transformation:[1f,0f,0f,0.08984375f,0f,0.5627063035833505f,-0.8266568912841423f,0.8477465078177159f,0f,0.8266568912841423f,0.5627063035833505f,0.26791238993681227f,0f,0f,0f,1f],start_interpolation:0}
execute if entity @s[tag=aj.nep_moonlight_slash.bone.body] run data modify entity @s {} merge value {transformation:[1f,0f,0f,0.08984375f,0f,0.5627063035833505f,-0.8266568912841423f,0.6015625f,0f,0.8266568912841423f,0.5627063035833505f,-0.09375f,0f,0f,0f,1f],start_interpolation:0}
execute if entity @s[tag=aj.nep_moonlight_slash.bone.right_leg2] run data modify entity @s {} merge value {transformation:[0.9931596170876998f,-0.03940222050077985f,0.1099156040142676f,0.29966663697088664f,0.10288207373813575f,0.740473549363753f,-0.6641642881064794f,0.3877334884654645f,-0.05522004970619051f,0.6709294953363234f,0.7394622089046825f,-0.25808806848710375f,0f,0f,0f,1f],start_interpolation:0}
execute if entity @s[tag=aj.nep_moonlight_slash.bone.right_leg] run data modify entity @s {} merge value {transformation:[0.990288153272637f,-0.10079898316800467f,0.09575457419970418f,0.24796875000000002f,0.13631608670758472f,0.8393803402138198f,-0.5261735160260942f,0.687255859375f,-0.027336751683413034f,0.5341162883257057f,0.8449689299332674f,-0.06571289062499998f,0f,0f,0f,1f],start_interpolation:0}
execute if entity @s[tag=aj.nep_moonlight_slash.bone.left_leg2] run data modify entity @s {} merge value {transformation:[0.9957983972064306f,0.0907851865459641f,0.011983406231900633f,-0.10611595038090338f,-0.09056490739288683f,0.9957315042364443f,-0.017798006066571614f,0.4000965312604192f,-0.01354805041406668f,0.01663794983891881f,0.9997697879787804f,0.09270534811010868f,0f,0f,0f,1f],start_interpolation:0}
execute if entity @s[tag=aj.nep_moonlight_slash.bone.left_leg] run data modify entity @s {} merge value {transformation:[0.991459327914423f,0.11086789115058229f,0.0686783212032975f,-0.05078125f,-0.1303608389044359f,0.8271383842712003f,0.5466700512606848f,0.6953125f,0.0038016801038988426f,-0.550954085180472f,0.8345268978597016f,-0.105234375f,0f,0f,0f,1f],start_interpolation:0}
execute if entity @s[tag=aj.nep_moonlight_slash.locator_origin.nep_ride] at @s on origin run tp @s ^0.07422 ^0.86133 ^-3.29687 ~-180 ~0