execute if entity @s[tag=aj.nep_moonlight_slash.bone.right_arm2] run data modify entity @s {} merge value {transformation:[0.8714348222162648f,-0.30162375991065715f,-0.3868132082624183f,0.5240815746112633f,0.4048116304170184f,0.8875680816511706f,0.21988734459530926f,1.124419879881472f,0.27699980958120185f,-0.3482039745485671f,0.8955585394604636f,-0.08712711136921794f,0f,0f,0f,1f],start_interpolation:0}
execute if entity @s[tag=aj.nep_moonlight_slash.bone.right_arm] run data modify entity @s {} merge value {transformation:[0.8714348222162648f,-0.4433183532538772f,-0.2099290077554249f,0.5132804402621051f,0.4048116304170184f,0.8916756223276232f,-0.20258856933637992f,1.3056669589300522f,0.27699980958120185f,0.09156103000139525f,0.9564976127921394f,-0.06918670661468723f,0f,0f,0f,1f],start_interpolation:0}
execute if entity @s[tag=aj.nep_moonlight_slash.locator_origin.moonlight_greatsword] at @s on origin run tp @s ^-0.57436 ^2.66094 ^-0.14723 ~-162.27122 ~-0.41703
execute if entity @s[tag=aj.nep_moonlight_slash.bone.moonlight_greatsword] run data modify entity @s {} merge value {transformation:[-1.317684572950765f,0.29649946893654505f,-0.4317763392133337f,-0.4183957525013063f,-0.30805390608508304f,-1.3840634565275927f,-0.010320621452975885f,1.8901317848664618f,-0.4236101192486363f,0.0842127615139152f,1.350591742031958f,-0.08890591036467538f,0f,0f,0f,1f],start_interpolation:0}
execute if entity @s[tag=aj.nep_moonlight_slash.bone.left_arm2] run data modify entity @s {} merge value {transformation:[-0.9292761726594926f,0.20910155385056622f,-0.30450342379783313f,-0.38001968999004954f,-0.21725013762474177f,-0.9760888288459055f,-0.0072784547987929105f,1.789505513601409f,-0.29874432652245425f,0.05938971610898702f,0.9524834323971935f,-0.12456914101523339f,0f,0f,0f,1f],start_interpolation:0}
execute if entity @s[tag=aj.nep_moonlight_slash.bone.left_arm] run data modify entity @s {} merge value {transformation:[-0.9292761726594926f,0.20910155385056622f,-0.30450342379783313f,-0.4308349759941842f,-0.21725013762474177f,-0.9760888288459055f,-0.0072784547987929105f,1.4573214873839708f,-0.29874432652245425f,0.05938971610898702f,0.9524834323971935f,-0.14335289554648173f,0f,0f,0f,1f],start_interpolation:0}
execute if entity @s[tag=aj.nep_moonlight_slash.bone.head] run data modify entity @s {} merge value {transformation:[0.9983045274200482f,0.023249874843199916f,0.053362101274312373f,0.09072477911565842f,-0.0230477950170756f,0.9997246847699399f,-0.004399296136335065f,1.5162107623206043f,-0.053449692959691486f,0.0031619584785140403f,0.9985655373289701f,0.009561677671343416f,0f,0f,0f,1f],start_interpolation:0}
execute if entity @s[tag=aj.nep_moonlight_slash.bone.body_top] run data modify entity @s {} merge value {transformation:[0.9858711199947031f,0.0010598846504161347f,-0.16750227283507962f,0.09030744953455706f,-0.021854805938950617f,0.9922460298593735f,-0.1223527019958367f,1.1255138880634759f,0.16607378546224705f,0.12428472501815749f,0.9782498683411107f,-0.0393754328045561f,0f,0f,0f,1f],start_interpolation:0}
execute if entity @s[tag=aj.nep_moonlight_slash.bone.body] run data modify entity @s {} merge value {transformation:[0.9858711199947031f,0.0010598846504161347f,-0.16750227283507962f,0.08984375f,-0.021854805938950617f,0.9922460298593735f,-0.1223527019958367f,0.69140625f,0.16607378546224705f,0.12428472501815749f,0.9782498683411107f,-0.09375f,0f,0f,0f,1f],start_interpolation:0}
execute if entity @s[tag=aj.nep_moonlight_slash.bone.right_leg2] run data modify entity @s {} merge value {transformation:[0.954650186553449f,-0.004068869466610725f,0.2977019744891335f,0.3001139063019307f,-0.015753526014400596f,0.9978155915471937f,0.06415505968696153f,0.4365415110501705f,-0.29731271034313117f,-0.06593549549815847f,0.952500741575477f,0.07768022743111311f,0f,0f,0f,1f],start_interpolation:0}
execute if entity @s[tag=aj.nep_moonlight_slash.bone.right_leg] run data modify entity @s {} merge value {transformation:[0.9529978354928087f,-0.09697137958752042f,0.2870395044012488f,0.2503742255830904f,0.02762208266962849f,0.9712593641503788f,0.23641545655729437f,0.78515625f,-0.3017153395089711f,-0.21737478945612523f,0.9282866232009872f,0.004275464650145777f,0f,0f,0f,1f],start_interpolation:0}
execute if entity @s[tag=aj.nep_moonlight_slash.bone.left_leg2] run data modify entity @s {} merge value {transformation:[0.9960512597750674f,0.07439547708593106f,-0.048447919353243135f,-0.11415565072614195f,-0.08787867236348298f,0.9037556125970196f,-0.4189309389899694f,0.4310304012953724f,0.012618511961925413f,0.421534228371247f,0.9067246922122085f,-0.12160530061733386f,0f,0f,0f,1f],start_interpolation:0}
execute if entity @s[tag=aj.nep_moonlight_slash.bone.left_leg] run data modify entity @s {} merge value {transformation:[0.991459327914423f,0.13019702056859184f,-0.007558897177653838f,-0.05187454446064141f,-0.1303608389044359f,0.9910615285217654f,-0.028338990176674603f,0.78515625f,0.003801680103898846f,0.029082340331610567f,0.9995697898142101f,-0.1110944333090379f,0f,0f,0f,1f],start_interpolation:0}
execute if entity @s[tag=aj.nep_moonlight_slash.locator_origin.nep_ride] at @s on origin run tp @s ^0.07422 ^1.61719 ^-3.29687 ~-180 ~0