execute if entity @s[tag=aj.nep_moonlight_slash.bone.right_arm2] run data modify entity @s {} merge value {transformation:[0.8840418426343862f,-0.03286086641532718f,-0.46625120260438285f,0.41632735243519775f,0.43125549490900406f,0.44202027025682716f,0.7865346647115252f,1.296691215886878f,0.18024627203465043f,-0.8964029474184674f,0.4049358434086755f,0.08785530980283043f,0f,0f,0f,1f],start_interpolation:0}
execute if entity @s[tag=aj.nep_moonlight_slash.bone.right_arm] run data modify entity @s {} merge value {transformation:[0.8840418426343862f,-0.15027813039494506f,-0.442590673192058f,0.4596616980228245f,0.43125549490900406f,0.6274020598743175f,0.6483713082611331f,1.4206368156535403f,0.18024627203465043f,-0.76405702587599f,0.6194579425813731f,-0.03882745280885095f,0f,0f,0f,1f],start_interpolation:0}
execute if entity @s[tag=aj.nep_moonlight_slash.locator_origin.moonlight_greatsword] at @s on origin run tp @s ^-0.40976 ^2.6554 ^0.41793 ~-179.36743 ~-15.68095
execute if entity @s[tag=aj.nep_moonlight_slash.bone.moonlight_greatsword] run data modify entity @s {} merge value {transformation:[-1.3999054006821035f,0.22510681833267304f,-0.01507200908254173f,-0.28977104929311437f,-0.21271777111068635f,-1.3485201903964248f,-0.3832490338193376f,1.901102819296104f,-0.07517576053053915f,-0.3761058260781068f,1.3651111268300917f,0.22169034374327057f,0f,0f,0f,1f],start_interpolation:0}
execute if entity @s[tag=aj.nep_moonlight_slash.bone.left_arm2] run data modify entity @s {} merge value {transformation:[-0.9954966801268829f,0.08545334890078049f,0.0410376049251998f,-0.33103546790728516f,-0.09479551304091169f,-0.8954867540101201f,-0.4348761709955254f,1.7963195383769632f,-0.0004129935418992481f,-0.43680796530519056f,0.8995546847647862f,0.12297901958944629f,0f,0f,0f,1f],start_interpolation:0}
execute if entity @s[tag=aj.nep_moonlight_slash.bone.left_arm] run data modify entity @s {} merge value {transformation:[-0.9954966801268829f,0.08545334890078049f,0.0410376049251998f,-0.42876838139165163f,-0.09479551304091169f,-0.8954867540101201f,-0.4348761709955254f,1.5046304886186868f,-0.0004129935418992481f,-0.43680796530519056f,0.8995546847647862f,-0.01357509376116317f,0f,0f,0f,1f],start_interpolation:0}
execute if entity @s[tag=aj.nep_moonlight_slash.bone.head] run data modify entity @s {} merge value {transformation:[0.9995403887724724f,0.013951093464970164f,0.026914275091602005f,0.0930076967547369f,-0.015185521187887102f,0.9988158712068178f,0.04621964270327024f,1.5198512616836406f,-0.026237590568247537f,-0.04660710693121167f,0.9985686588435849f,-0.02559272190421652f,0f,0f,0f,1f],start_interpolation:0}
execute if entity @s[tag=aj.nep_moonlight_slash.bone.body_top] run data modify entity @s {} merge value {transformation:[0.9970298789969009f,0.003806251735021833f,-0.07692160187590229f,0.09150898513407205f,-0.010089375258451518f,0.9966255779652818f,-0.08145957188852748f,1.1274299403598107f,0.07635198029075159f,0.08199371800996508f,0.9937038821060241f,-0.057877748370640275f,0f,0f,0f,1f],start_interpolation:0}
execute if entity @s[tag=aj.nep_moonlight_slash.bone.body] run data modify entity @s {} merge value {transformation:[0.9970298789969009f,0.003806251735021833f,-0.07692160187590229f,0.08984375f,-0.010089375258451518f,0.9966255779652818f,-0.08145957188852748f,0.69140625f,0.07635198029075159f,0.08199371800996508f,0.9937038821060241f,-0.09375f,0f,0f,0f,1f],start_interpolation:0}
execute if entity @s[tag=aj.nep_moonlight_slash.bone.right_leg2] run data modify entity @s {} merge value {transformation:[0.9881082137118093f,-0.04987596852389079f,0.1454460235244034f,0.30546016628207884f,0.04406999281803838f,0.9981080875295033f,0.042872850864100365f,0.4369747323130792f,-0.14730917733894075f,-0.03595321087192632f,0.9884368330347283f,0.025909877811460667f,0f,0f,0f,1f],start_interpolation:0}
execute if entity @s[tag=aj.nep_moonlight_slash.bone.right_leg] run data modify entity @s {} merge value {transformation:[0.9847175320827081f,-0.11705361347697117f,0.1289567120429359f,0.2480078125f,0.08744190173517126f,0.9726547405955697f,0.215166608510479f,0.78515625f,-0.15061638632591579f,-0.2006021115764959f,0.968025566295216f,-0.043828125000000114f,0f,0f,0f,1f],start_interpolation:0}
execute if entity @s[tag=aj.nep_moonlight_slash.bone.left_leg2] run data modify entity @s {} merge value {transformation:[0.9961317973712025f,0.08324887851470153f,-0.028125904288793815f,-0.11313611978071492f,-0.0873572319335324f,0.9727868949440601f,-0.21460282163570235f,0.4312304647762565f,0.009495066873326815f,0.21622969558120023f,0.976296349708393f,-0.08964784176176337f,0f,0f,0f,1f],start_interpolation:0}
execute if entity @s[tag=aj.nep_moonlight_slash.bone.left_leg] run data modify entity @s {} merge value {transformation:[0.991459327914423f,0.13040227556744918f,0.0019098738994268386f,-0.05078125f,-0.13036083890443587f,0.9905048301401749f,0.04366043001523327f,0.78515625f,0.0038016801038988444f,-0.04353651336308885f,0.9990446032247876f,-0.105234375f,0f,0f,0f,1f],start_interpolation:0}