execute if entity @s[tag=aj.nep_moonlight_slash.bone.right_arm2] run data modify entity @s {} merge value {transformation:[0.8866714535967207f,0.3705932885480438f,-0.276539957076414f,0.2722893829531242f,0.46157873272625327f,-0.7449938767245653f,0.4815902793222992f,1.7079663872614788f,-0.027546449344780538f,-0.5546573159402574f,-0.8316227840808873f,-0.0678429520427938f,0f,0f,0f,1f],start_interpolation:0}
execute if entity @s[tag=aj.nep_moonlight_slash.bone.right_arm] run data modify entity @s {} merge value {transformation:[0.8866714535967207f,0.3705932885480438f,-0.276539957076414f,0.4004637027928667f,0.46157873272625327f,-0.7449938767245653f,0.4815902793222992f,1.6062626119138026f,-0.027546449344780538f,-0.5546573159402574f,-0.8316227840808873f,-0.14856910705637083f,0f,0f,0f,1f],start_interpolation:0}
execute if entity @s[tag=aj.nep_moonlight_slash.locator_origin.moonlight_greatsword] at @s on origin run tp @s ^0.06936 ^2.74109 ^0.10183 ~178.30563 ~5.02412
execute if entity @s[tag=aj.nep_moonlight_slash.bone.moonlight_greatsword] run data modify entity @s {} merge value {transformation:[-1.4169426597915498f,0.0341250115252935f,0.04176551720988057f,0.08364021763165105f,-0.030350392361383788f,-1.4121946891583692f,0.12417886121626609f,1.9569342050469654f,0.044583949162454374f,0.12319504648262926f,1.4119031935567623f,0.1841028570927577f,0f,0f,0f,1f],start_interpolation:0}
execute if entity @s[tag=aj.nep_moonlight_slash.bone.left_arm2] run data modify entity @s {} merge value {transformation:[-0.933383389807034f,-0.33370384016347826f,0.13204997043724837f,-0.1955626177902499f,0.19370816300558436f,-0.7782034988710458f,-0.5973913808633866f,1.8529284870965896f,0.30211354689476005f,-0.5320160349134316f,0.7910033776019277f,0.09537344039496261f,0f,0f,0f,1f],start_interpolation:0}
execute if entity @s[tag=aj.nep_moonlight_slash.bone.left_arm] run data modify entity @s {} merge value {transformation:[-0.933383389807034f,-0.33370384016347826f,0.13204997043724837f,-0.4165179915672161f,0.19370816300558436f,-0.7782034988710458f,-0.5973913808633866f,1.6339534140750858f,0.30211354689476005f,-0.5320160349134316f,0.7910033776019277f,-0.033117377153639785f,0f,0f,0f,1f],start_interpolation:0}
execute if entity @s[tag=aj.nep_moonlight_slash.bone.head] run data modify entity @s {} merge value {transformation:[0.9999988310310589f,-0.001000168639960834f,-0.0011565462409509988f,0.08924672271827608f,0.001311609012533792f,0.9498732165011458f,0.3126326154699241f,1.5145761814733825f,0.0007858869601024827f,-0.3126337669485797f,0.94987341795906f,-0.20936777534848094f,0f,0f,0f,1f],start_interpolation:0}
execute if entity @s[tag=aj.nep_moonlight_slash.bone.body_top] run data modify entity @s {} merge value {transformation:[0.9999964053719773f,-0.0007182283088407988f,0.0025832907735083353f,0.08952952511488214f,0.0003519370118983705f,0.990279616810084f,0.1390904621849129f,1.1246535823544117f,-0.0026580789047298153f,-0.13908905305080416f,0.990276309894348f,-0.1546014607097268f,0f,0f,0f,1f],start_interpolation:0}
execute if entity @s[tag=aj.nep_moonlight_slash.bone.body] run data modify entity @s {} merge value {transformation:[0.9999964053719773f,-0.0007182283088407988f,0.0025832907735083353f,0.08984375f,0.0003519370118983705f,0.990279616810084f,0.1390904621849129f,0.69140625f,-0.0026580789047298153f,-0.13908905305080416f,0.990276309894348f,-0.09375f,0f,0f,0f,1f],start_interpolation:0}
execute if entity @s[tag=aj.nep_moonlight_slash.locator_origin.nep_ride] at @s on origin run tp @s ^0.07422 ^1.61719 ^-3.29687 ~-180 ~0