execute if entity @s[tag=aj.nep_moonlight_slash.bone.right_arm2] run data modify entity @s {} merge value {transformation:[0.9236891991986108f,-0.360340745782788f,-0.13020295777183152f,0.493649193146292f,0.3831189019311179f,0.8648833804985582f,0.3243403229949691f,1.1341666918845514f,-0.004262659606824848f,-0.3494728674247695f,0.9369367879782423f,-0.1178725739917289f,0f,0f,0f,1f],start_interpolation:0}
execute if entity @s[tag=aj.nep_moonlight_slash.bone.right_arm] run data modify entity @s {} merge value {transformation:[0.9236891991986108f,-0.3812938796299283f,0.03759309299042799f,0.49259245716114697f,0.3831189019311179f,0.9202669440848177f,-0.07955286674838045f,1.3165953719564647f,-0.004262659606824848f,0.0878847482874525f,0.9961215291075318f,-0.12062203725396164f,0f,0f,0f,1f],start_interpolation:0}
execute if entity @s[tag=aj.nep_moonlight_slash.locator_origin.moonlight_greatsword] at @s on origin run tp @s ^-1.50977 ^1.23386 ^0.05312 ~169.43547 ~15.72036
execute if entity @s[tag=aj.nep_moonlight_slash.bone.moonlight_greatsword] run data modify entity @s {} merge value {transformation:[0.23349227605450196f,1.376042019730545f,0.250250060809851f,-0.7413802046823385f,-1.3555038833001019f,0.16013799969468714f,0.38418800005816234f,1.3217357010326793f,0.34456632940232923f,-0.3024889369319649f,1.3417935249704172f,-0.10089952537150727f,0f,0f,0f,1f],start_interpolation:0}
execute if entity @s[tag=aj.nep_moonlight_slash.bone.left_arm2] run data modify entity @s {} merge value {transformation:[0.16466672911832644f,0.9704318376061143f,0.17648489137003268f,-0.6487783878746137f,-0.9559476422171518f,0.11293478766347083f,0.2709425014184285f,1.3243322501065613f,0.24299994580439746f,-0.213325531279843f,0.9462786291802391f,-0.16638574705105133f,0f,0f,0f,1f],start_interpolation:0}
execute if entity @s[tag=aj.nep_moonlight_slash.bone.left_arm] run data modify entity @s {} merge value {transformation:[0.16466672911832644f,0.9714524923110373f,-0.17077740923244517f,-0.32461614288762375f,-0.9559476422171518f,0.1998365239994231f,0.21501039280764164f,1.2672877085792371f,0.24299994580439746f,0.12784920358962865f,0.9615641463160726f,-0.0960578777037427f,0f,0f,0f,1f],start_interpolation:0}
execute if entity @s[tag=aj.nep_moonlight_slash.bone.head] run data modify entity @s {} merge value {transformation:[0.9999990756025642f,-0.0013596938105524614f,0.000005172895133488502f,0.08926280857698377f,0.0013596938281437028f,0.9999990756101441f,-0.00000339866125165407f,1.522632017079095f,-0.0000051682692130483945f,0.000003405691663527395f,0.9999999999808451f,-0.10007053406232129f,0f,0f,0f,1f],start_interpolation:0}
execute if entity @s[tag=aj.nep_moonlight_slash.bone.body_top] run data modify entity @s {} merge value {transformation:[0.9999872475141602f,-0.0006988768998691682f,0.005001637745029511f,0.08953799135630724f,0.0006608172337053603f,0.9999708476139489f,0.007607052177028855f,1.1288934958311025f,-0.0050068083283977055f,-0.0076036499997850174f,0.9999585573297742f,-0.09707659687490594f,0f,0f,0f,1f],start_interpolation:0}
execute if entity @s[tag=aj.nep_moonlight_slash.bone.body] run data modify entity @s {} merge value {transformation:[0.9999872475141602f,-0.0006988768998691682f,0.005001637745029511f,0.08984375f,0.0006608172337053603f,0.9999708476139489f,0.007607052177028855f,0.69140625f,-0.0050068083283977055f,-0.0076036499997850174f,0.9999585573297742f,-0.09375f,0f,0f,0f,1f],start_interpolation:0}
execute if entity @s[tag=aj.nep_moonlight_slash.bone.right_leg2] run data modify entity @s {} merge value {transformation:[0.99753469157089f,-0.06911757183323475f,0.012136736647340931f,0.26650787428257733f,0.06958869764639766f,0.9966039231555431f,-0.044023102013131934f,0.43182352799987944f,-0.009052749441331158f,0.04475915118562919f,0.9989567889116597f,-0.05037561728277978f,0f,0f,0f,1f],start_interpolation:0}
execute if entity @s[tag=aj.nep_moonlight_slash.bone.right_leg] run data modify entity @s {} merge value {transformation:[0.9949306737276984f,-0.10050318610248912f,-0.0034733354281883465f,0.21484375f,0.1001804649103433f,0.987542377083394f,0.12134219346471001f,0.78515625f,-0.0087652111267069f,-0.12107503065342612f,0.992604658474952f,-0.09375f,0f,0f,0f,1f],start_interpolation:0}
execute if entity @s[tag=aj.nep_moonlight_slash.bone.left_leg2] run data modify entity @s {} merge value {transformation:[0.9958948608307068f,0.08932125241594736f,-0.014667652771793108f,-0.09398485597936806f,-0.0903650673199673f,0.9904790509854409f,-0.1038528004785531f,0.4317684439015525f,0.0052517405919417556f,0.10475191370961676f,0.994484517624547f,-0.061334187971757395f,0f,0f,0f,1f],start_interpolation:0}
execute if entity @s[tag=aj.nep_moonlight_slash.bone.left_leg] run data modify entity @s {} merge value {transformation:[0.9926744029126331f,0.12053723390290969f,0.008264686629431611f,-0.03515625f,-0.12079061547984593f,0.9885917480774123f,0.08997767970583655f,0.78515625f,0.0026752596224417008f,-0.09031683606217254f,0.9959094899184721f,-0.09375f,0f,0f,0f,1f],start_interpolation:0}
execute if entity @s[tag=aj.nep_moonlight_slash.locator_origin.nep_ride] at @s on origin run tp @s ^0.07422 ^0.95117 ^-3.29687 ~-180 ~0