execute if entity @s[tag=aj.nep_moonlight_slash.bone.right_arm2] run data modify entity @s {} merge value {transformation:[0.8014881751746543f,-0.5361140195150511f,-0.2649499257116679f,0.5380112503221749f,0.5650230383103426f,0.8240117540687728f,0.041875951751018936f,1.1298149687104004f,0.1958715682118054f,-0.18326589217833214f,0.963352449278211f,-0.056080612019700216f,0f,0f,0f,1f],start_interpolation:0}
execute if entity @s[tag=aj.nep_moonlight_slash.bone.right_arm] run data modify entity @s {} merge value {transformation:[0.8014881751746543f,-0.5978976221052721f,-0.011624910152947115f,0.49298350352354137f,0.5650230383103426f,0.7635003469318372f,-0.3127557935730582f,1.3024704714116004f,0.1958715682118054f,0.2441017282114684f,0.9497624308480634f,-0.0179823317804665f,0f,0f,0f,1f],start_interpolation:0}
execute if entity @s[tag=aj.nep_moonlight_slash.locator_origin.moonlight_greatsword] at @s on origin run tp @s ^-0.97068 ^1.42096 ^0.99288 ~130.41261 ~-26.8894
execute if entity @s[tag=aj.nep_moonlight_slash.bone.moonlight_greatsword] run data modify entity @s {} merge value {transformation:[-0.5359771090591628f,0.8922864952258579f,0.9629063947127466f,-0.4671734820208172f,-1.2629079338333777f,-0.06654110562852021f,-0.6413043021054871f,1.3732297033168148f,-0.3583677792462009f,-1.1000147579354798f,0.8198630636263943f,0.38783866875511797f,0f,0f,0f,1f],start_interpolation:0}
execute if entity @s[tag=aj.nep_moonlight_slash.bone.left_arm2] run data modify entity @s {} merge value {transformation:[-0.3779893661684454f,0.6292709167433047f,0.6790744822216616f,-0.4309652816513416f,-0.8906458155959909f,-0.046927060718736015f,-0.4522697006584151f,1.391462889141456f,-0.2527331996887808f,-0.775767983557804f,0.5781954388109006f,0.28188206946212974f,0f,0f,0f,1f],start_interpolation:0}
execute if entity @s[tag=aj.nep_moonlight_slash.bone.left_arm] run data modify entity @s {} merge value {transformation:[-0.3779893661684454f,0.6328105329736287f,0.6757772328372781f,-0.28046066086813837f,-0.8906458155959909f,-0.049289557333530715f,-0.45201833004781666f,1.2647291755252288f,-0.2527331996887808f,-0.7727362867728529f,0.5822409817932557f,0.008810329884515612f,0f,0f,0f,1f],start_interpolation:0}
execute if entity @s[tag=aj.nep_moonlight_slash.bone.head] run data modify entity @s {} merge value {transformation:[0.9999990276026381f,-0.0013908654948481917f,-0.00010142461973945693f,0.09132601655382233f,0.0013854150550429607f,0.9991262736954923f,-0.041770442138974545f,1.501973943370815f,0.00015943306905692387f,0.04177026100631165f,0.9991272290737357f,0.09051714262010996f,0f,0f,0f,1f],start_interpolation:0}
execute if entity @s[tag=aj.nep_moonlight_slash.bone.body_top] run data modify entity @s {} merge value {transformation:[0.9997616605592781f,0.0017831778091095731f,0.021758730492745938f,0.09062389029148543f,0.0030849749388787047f,0.9751190296190255f,-0.22166046333181874f,1.1180208254583237f,-0.021612612183198564f,0.22167475803923f,0.9748811192360162f,0.00323270664216313f,0f,0f,0f,1f],start_interpolation:0}
execute if entity @s[tag=aj.nep_moonlight_slash.bone.body] run data modify entity @s {} merge value {transformation:[0.9997616605592781f,0.0017831778091095731f,0.021758730492745938f,0.08984375f,0.0030849749388787047f,0.9751190296190255f,-0.22166046333181874f,0.69140625f,-0.021612612183198564f,0.22167475803923f,0.9748811192360162f,-0.09375f,0f,0f,0f,1f],start_interpolation:0}
execute if entity @s[tag=aj.nep_moonlight_slash.bone.right_leg2] run data modify entity @s {} merge value {transformation:[0.9783630246626607f,-0.08073450701599079f,0.19049338925489007f,0.3022930956356043f,0.1025066135977421f,0.9889234207678904f,-0.10734459476590891f,0.4326687590738437f,-0.17971696119635822f,0.12454881466163753f,0.9758019300169106f,-0.03850461602441674f,0f,0f,0f,1f],start_interpolation:0}
execute if entity @s[tag=aj.nep_moonlight_slash.bone.right_leg] run data modify entity @s {} merge value {transformation:[0.9735511594595682f,-0.15481334613996137f,0.16802073613658236f,0.23144531249999992f,0.14570846693995557f,0.9871699080962589f,0.06530402140168415f,0.78515625f,-0.17597494871980612f,-0.03909476187639785f,0.9836180239386066f,-0.04980468750000024f,0f,0f,0f,1f],start_interpolation:0}
execute if entity @s[tag=aj.nep_moonlight_slash.bone.left_leg2] run data modify entity @s {} merge value {transformation:[0.9962019657385357f,0.08398630746837335f,-0.02297702366507845f,-0.10483310952158449f,-0.08698960163008689f,0.97149625321423f,-0.22051720839642328f,0.4363237917088155f,0.003801666334189048f,0.22167843861896144f,0.9751124125886939f,-0.029363972680115237f,0f,0f,0f,1f],start_interpolation:0}
execute if entity @s[tag=aj.nep_moonlight_slash.bone.left_leg] run data modify entity @s {} merge value {transformation:[0.991459327914423f,0.1290373774550864f,0.018914447150107816f,-0.04296874999999996f,-0.13036083890443587f,0.9763320943278367f,0.1725737328377407f,0.78515625f,0.0038016801038988444f,-0.17356554037289124f,0.9848149828386314f,-0.09167968749999961f,0f,0f,0f,1f],start_interpolation:0}
execute if entity @s[tag=aj.nep_moonlight_slash.locator_origin.nep_ride] at @s on origin run tp @s ^0.07422 ^0.95117 ^-3.29687 ~-180 ~0