execute if entity @s[tag=aj.nep_moonlight_slash.bone.right_arm2] run data modify entity @s {} merge value {transformation:[0.8870394470484665f,0.3814970635823421f,-0.26004040043424237f,0.2654918334264853f,0.4615826279273704f,-0.7451343137780269f,0.4813692262974553f,1.71913752847992f,-0.010124079000749478f,-0.5470236237207663f,-0.8370559468254122f,-0.03189641318845027f,0f,0f,0f,1f],start_interpolation:0}
execute if entity @s[tag=aj.nep_moonlight_slash.bone.right_arm] run data modify entity @s {} merge value {transformation:[0.8870394470484665f,0.3814970635823421f,-0.26004040043424237f,0.39523854215852083f,0.4615826279273704f,-0.7451343137780269f,0.4813692262974553f,1.6174142441973964f,-0.010124079000749478f,-0.5470236237207663f,-0.8370559468254122f,-0.11004493395249582f,0f,0f,0f,1f],start_interpolation:0}
execute if entity @s[tag=aj.nep_moonlight_slash.locator_origin.moonlight_greatsword] at @s on origin run tp @s ^0.12737 ^2.70341 ^0.25136 ~176.99592 ~-0.80774
execute if entity @s[tag=aj.nep_moonlight_slash.bone.moonlight_greatsword] run data modify entity @s {} merge value {transformation:[-1.4153806231767323f,-0.04256692619862551f,0.07430426842657954f,0.09933031110598167f,0.04157278623922326f,-1.4172182252760366f,-0.0199895314180338f,1.915329753873118f,0.07486501824427927f,-0.017774552483972503f,1.4158794688474867f,0.25540222425453785f,0f,0f,0f,1f],start_interpolation:0}
execute if entity @s[tag=aj.nep_moonlight_slash.bone.left_arm2] run data modify entity @s {} merge value {transformation:[-0.9222453400435673f,-0.37002729086778674f,0.1119970391616302f,-0.1846309561934203f,0.20098626799812155f,-0.7063615186597979f,-0.6787178537749037f,1.8324319883527556f,0.33025452736353617f,-0.6034345109203406f,0.7258090232190674f,0.15980786664394547f,0f,0f,0f,1f],start_interpolation:0}
execute if entity @s[tag=aj.nep_moonlight_slash.bone.left_arm] run data modify entity @s {} merge value {transformation:[-0.9222453400435673f,-0.37002729086778674f,0.1119970391616302f,-0.41554515209504955f,0.20098626799812155f,-0.7063615186597979f,-0.6787178537749037f,1.636817297271334f,0.33025452736353617f,-0.6034345109203406f,0.7258090232190674f,0.012516397901781051f,0f,0f,0f,1f],start_interpolation:0}
execute if entity @s[tag=aj.nep_moonlight_slash.bone.head] run data modify entity @s {} merge value {transformation:[0.9999889183074407f,-0.0030439340766596095f,-0.0035913406482165813f,0.08814871825135634f,0.0038750877209475084f,0.9653992579686818f,0.2607474954983718f,1.5182212355859621f,0.0026733794099499126f,-0.2607585227348388f,0.965400355222472f,-0.1794860424667282f,0f,0f,0f,1f],start_interpolation:0}
execute if entity @s[tag=aj.nep_moonlight_slash.bone.body_top] run data modify entity @s {} merge value {transformation:[0.9999616415622686f,-0.002039135938217936f,0.00851805897598655f,0.08895162802702965f,0.001149621397830087f,0.9946646443139392f,0.10315485312124914f,1.1265720318873484f,-0.008682958869795952f,-0.10314110371937224f,0.9946288347664244f,-0.13887423287722536f,0f,0f,0f,1f],start_interpolation:0}
execute if entity @s[tag=aj.nep_moonlight_slash.bone.body] run data modify entity @s {} merge value {transformation:[0.9999616415622686f,-0.002039135938217936f,0.00851805897598655f,0.08984375f,0.001149621397830087f,0.9946646443139392f,0.10315485312124914f,0.69140625f,-0.008682958869795952f,-0.10314110371937224f,0.9946288347664244f,-0.09375f,0f,0f,0f,1f],start_interpolation:0}
execute if entity @s[tag=aj.nep_moonlight_slash.locator_origin.nep_ride] at @s on origin run tp @s ^0.07422 ^1.61719 ^-3.29687 ~-180 ~0