execute if entity @s[tag=aj.nep_moonlight_slash.bone.right_arm2] run data modify entity @s {} merge value {transformation:[0.890307231476564f,0.36117874105101383f,-0.2773138124820698f,0.26917695796548957f,0.4523422622424052f,-0.6314858106572041f,0.6297715051731357f,1.683650431935553f,0.052340341706555514f,-0.6861308825227288f,-0.7255927926038287f,0.059155387953488014f,0f,0f,0f,1f],start_interpolation:0}
execute if entity @s[tag=aj.nep_moonlight_slash.bone.right_arm] run data modify entity @s {} merge value {transformation:[0.890307231476564f,0.36117874105101383f,-0.2773138124820698f,0.39603276792637543f,0.4523422622424052f,-0.6314858106572041f,0.6297715051731357f,1.5978220783041832f,0.052340341706555514f,-0.6861308825227288f,-0.7255927926038287f,-0.039990952090152826f,0f,0f,0f,1f],start_interpolation:0}
execute if entity @s[tag=aj.nep_moonlight_slash.locator_origin.moonlight_greatsword] at @s on origin run tp @s ^0.1492 ^2.62916 ^0.46637 ~177.33808 ~-8.58202
execute if entity @s[tag=aj.nep_moonlight_slash.bone.moonlight_greatsword] run data modify entity @s {} merge value {transformation:[-1.4141052949861004f,-0.08186198675589952f,0.06511686258730162f,0.09921869618201479f,0.07131786766583297f,-1.4002771483791097f,-0.21159642117821895f,1.848763819151844f,0.076520274571092f,-0.20774479254173497f,1.400579210443993f,0.3646352337703843f,0f,0f,0f,1f],start_interpolation:0}
execute if entity @s[tag=aj.nep_moonlight_slash.bone.left_arm2] run data modify entity @s {} merge value {transformation:[-0.925032953437338f,-0.36959170243346623f,0.08784081367637664f,-0.1841565250009895f,0.1713194931532928f,-0.6122415123208567f,-0.7718872727651165f,1.7845430047969453f,0.33906292383670417f,-0.6989723199693982f,0.6296618374936682f,0.2540978149556079f,0f,0f,0f,1f],start_interpolation:0}
execute if entity @s[tag=aj.nep_moonlight_slash.bone.left_arm] run data modify entity @s {} merge value {transformation:[-0.925032953437338f,-0.36959170243346623f,0.08784081367637664f,-0.41528305119111497f,0.1713194931532928f,-0.6122415123208567f,-0.7718872727651165f,1.614632468840839f,0.33906292383670417f,-0.6989723199693982f,0.6296618374936682f,0.07805183044475902f,0f,0f,0f,1f],start_interpolation:0}
execute if entity @s[tag=aj.nep_moonlight_slash.bone.head] run data modify entity @s {} merge value {transformation:[0.9999942128614746f,-0.0020494588321268783f,-0.002715504014991472f,0.08890070492827816f,0.0024644830946604075f,0.986636993918808f,0.16291521891442315f,1.5223665883089554f,0.00234532868403359f,-0.1629209684152218f,0.9866363349704946f,-0.11567234758093298f,0f,0f,0f,1f],start_interpolation:0}
execute if entity @s[tag=aj.nep_moonlight_slash.bone.body_top] run data modify entity @s {} merge value {transformation:[0.9999740104991903f,-0.0011344903118458076f,0.007119779343316327f,0.08934741048856745f,0.0009462985715098043f,0.9996515348077658f,0.02638017201406741f,1.1287537964783976f,-0.00714722639761358f,-0.026372748969543443f,0.999626627929954f,-0.10528807767417525f,0f,0f,0f,1f],start_interpolation:0}
execute if entity @s[tag=aj.nep_moonlight_slash.bone.body] run data modify entity @s {} merge value {transformation:[0.9999740104991903f,-0.0011344903118458076f,0.007119779343316327f,0.08984375f,0.0009462985715098043f,0.9996515348077658f,0.02638017201406741f,0.69140625f,-0.00714722639761358f,-0.026372748969543443f,0.999626627929954f,-0.09375f,0f,0f,0f,1f],start_interpolation:0}