execute if entity @s[tag=aj.nep_moonlight_slash.bone.right_arm2] run data modify entity @s {} merge value {transformation:[0.9469213122972769f,-0.3100062879616421f,-0.08506544387379819f,0.48162151272594333f,0.3213578072727139f,0.9060140467052707f,0.2754409317396615f,1.1347588123536148f,-0.008317933762428521f,-0.2881573330612689f,0.9575469510060282f,-0.1029834879018608f,0f,0f,0f,1f],start_interpolation:0}
execute if entity @s[tag=aj.nep_moonlight_slash.bone.right_arm] run data modify entity @s {} merge value {transformation:[0.9469213122972769f,-0.3204399974792052f,0.025656116867714535f,0.4925986660471304f,0.3213578072727139f,0.9456497840705919f,-0.04975585987716862f,1.3166806705595335f,-0.008317933762428521f,0.05535967758910917f,0.9984318294581528f,-0.11151807423172552f,0f,0f,0f,1f],start_interpolation:0}
execute if entity @s[tag=aj.nep_moonlight_slash.locator_origin.moonlight_greatsword] at @s on origin run tp @s ^-1.24482 ^0.93038 ^0.49393 ~149.57902 ~31.55734
execute if entity @s[tag=aj.nep_moonlight_slash.bone.moonlight_greatsword] run data modify entity @s {} merge value {transformation:[0.8182604728039223f,0.9832468568609121f,0.6118094418169772f,-0.6892520591346858f,-1.1148034408002951f,0.4659848230090287f,0.7420962262952355f,1.192629162563941f,0.313525856992827f,-0.9092409687068351f,1.041929831513875f,-0.0004767239735745249f,0f,0f,0f,1f],start_interpolation:0}
execute if entity @s[tag=aj.nep_moonlight_slash.bone.left_arm2] run data modify entity @s {} merge value {transformation:[0.5770652370187441f,0.7757901341436715f,0.255235930052657f,-0.621753085523552f,-0.7861974678922192f,0.44307792700376114f,0.4307847398433615f,1.221887889405943f,0.22110914432551984f,-0.44925673992428194f,0.8656091080437188f,-0.08683701136352852f,0f,0f,0f,1f],start_interpolation:0}
execute if entity @s[tag=aj.nep_moonlight_slash.bone.left_arm] run data modify entity @s {} merge value {transformation:[0.5770652370187441f,0.8161206359962293f,-0.030705369654361554f,-0.2945822321473874f,-0.7861974678922192f,0.5653001065574486f,0.24965842867005364f,1.3002694892186184f,0.22110914432551984f,-0.11992871644125812f,0.9678470174921183f,-0.0966760922107317f,0f,0f,0f,1f],start_interpolation:0}
execute if entity @s[tag=aj.nep_moonlight_slash.bone.head] run data modify entity @s {} merge value {transformation:[0.9999989169519434f,-0.0014717535011651449f,0.000006047491753334577f,0.08921360198794763f,0.001471753525204486f,0.9999989169623034f,-0.000003972567191676962f,1.5226279827932174f,-0.000006041638563999453f,0.000003981463306504396f,0.9999999999738234f,-0.10057615160423f,0f,0f,0f,1f],start_interpolation:0}
execute if entity @s[tag=aj.nep_moonlight_slash.bone.body_top] run data modify entity @s {} merge value {transformation:[0.9999851255061313f,-0.0007580727964539729f,0.005401304668522224f,0.08951209315155138f,0.0007136811152288597f,0.9999659943377052f,0.00821588872066277f,1.128891372522746f,-0.005407349235317543f,-0.008211911704336848f,0.9999516613718923f,-0.09734271137064737f,0f,0f,0f,1f],start_interpolation:0}
execute if entity @s[tag=aj.nep_moonlight_slash.bone.body] run data modify entity @s {} merge value {transformation:[0.9999851255061313f,-0.0007580727964539729f,0.005401304668522224f,0.08984375f,0.0007136811152288597f,0.9999659943377052f,0.00821588872066277f,0.69140625f,-0.005407349235317543f,-0.008211911704336848f,0.9999516613718923f,-0.09375f,0f,0f,0f,1f],start_interpolation:0}
execute if entity @s[tag=aj.nep_moonlight_slash.bone.right_leg2] run data modify entity @s {} merge value {transformation:[0.9965289329736098f,-0.08228682871355122f,0.012608075457637405f,0.2637412766624724f,0.0828224364894366f,0.9952870763350213f,-0.05043887086799566f,0.43052457118549853f,-0.008398199832823578f,0.05130802569532163f,0.9986475638276079f,-0.058537281878544505f,0f,0f,0f,1f],start_interpolation:0}
execute if entity @s[tag=aj.nep_moonlight_slash.bone.right_leg] run data modify entity @s {} merge value {transformation:[0.9956868013474837f,-0.09277195239351085f,-0.001076323145187432f,0.21484375f,0.09242511471221093f,0.9908196764713175f,0.0986608680668695f,0.78515625f,-0.008086519204908866f,-0.09833480343382872f,0.9951205327199207f,-0.09375f,0f,0f,0f,1f],start_interpolation:0}
execute if entity @s[tag=aj.nep_moonlight_slash.bone.left_leg2] run data modify entity @s {} merge value {transformation:[0.9956290107775737f,0.09237676935756962f,-0.013762462756655226f,-0.08756193618636555f,-0.09338226424654195f,0.9871686400463424f,-0.12952925859914372f,0.4308637920593462f,0.0016203771965056873f,0.13024825753964314f,0.9914800884463731f,-0.06020853980956907f,0f,0f,0f,1f],start_interpolation:0}
execute if entity @s[tag=aj.nep_moonlight_slash.bone.left_leg] run data modify entity @s {} merge value {transformation:[0.9946862873109604f,0.10257728820071457f,0.008780078640025432f,-0.03515625f,-0.10294893738094862f,0.9903333150253386f,0.0929593537147116f,0.78515625f,0.0008403140311865837f,-0.09336929418342461f,0.9956311911425928f,-0.09375f,0f,0f,0f,1f],start_interpolation:0}