execute if entity @s[tag=aj.nep_moonlight_slash.bone.right_arm2] run data modify entity @s {} merge value {transformation:[0.9042343395532135f,-0.3498584157289439f,-0.2448659799081879f,0.5070736340224552f,0.4032902559699399f,0.8881654754180741f,0.2202704195190238f,1.1360968448110156f,0.14041804945399278f,-0.29792814103239706f,0.9442042121111918f,-0.08184936664419601f,0f,0f,0f,1f],start_interpolation:0}
execute if entity @s[tag=aj.nep_moonlight_slash.bone.right_arm] run data modify entity @s {} merge value {transformation:[0.9042343395532135f,-0.42234989113986776f,-0.06309380815028875f,0.4995176937842709f,0.4032902559699399f,0.8931626862789869f,-0.1990411647840828f,1.3174272698590297f,0.14041804945399278f,0.15453473814338922f,0.9779579674477274f,-0.06311212375799194f,0f,0f,0f,1f],start_interpolation:0}
execute if entity @s[tag=aj.nep_moonlight_slash.locator_origin.moonlight_greatsword] at @s on origin run tp @s ^-1.50197 ^1.32465 ^-0.29483 ~-170.25064 ~-6.22065
execute if entity @s[tag=aj.nep_moonlight_slash.bone.moonlight_greatsword] run data modify entity @s {} merge value {transformation:[0.11223631366366017f,1.3932190381461262f,-0.23870294849234092f,-0.7291775089979675f,-1.40693137887965f,0.08701618238683584f,-0.15364782817596248f,1.3664895274659232f,-0.13631757405251047f,0.24900656964539222f,1.389261898726959f,-0.14346210382919844f,0f,0f,0f,1f],start_interpolation:0}
execute if entity @s[tag=aj.nep_moonlight_slash.bone.left_arm2] run data modify entity @s {} merge value {transformation:[0.07915288236335263f,0.9825456577559458f,-0.1683414733169126f,-0.6195549697160504f,-0.9922160688517643f,0.06136678427280985f,-0.10835769700563745f,1.3808694698028932f,-0.09613580980011757f,0.1756079389234722f,0.9797549478625386f,-0.16888649984595416f,0f,0f,0f,1f],start_interpolation:0}
execute if entity @s[tag=aj.nep_moonlight_slash.bone.left_arm] run data modify entity @s {} merge value {transformation:[0.07915288236335263f,0.9197581070390121f,-0.38442144288474117f,-0.32223645097094006f,-0.9922160688517643f,0.03550057407217981f,-0.11936072198548729f,1.267936390593979f,-0.09613580980011757f,0.39087687802754306f,0.9154087460241556f,-0.05875445168736167f,0f,0f,0f,1f],start_interpolation:0}
execute if entity @s[tag=aj.nep_moonlight_slash.bone.head] run data modify entity @s {} merge value {transformation:[0.9999217064037f,0.012356685262757097f,0.0019731680186503425f,0.0902188730562452f,-0.012355465350216864f,0.9999234703326529f,-0.0006292486661343549f,1.5160675879389216f,-0.001980792440477705f,0.0006048199909087087f,0.9999978553247433f,0.010701421682428512f,0f,0f,0f,1f],start_interpolation:0}
execute if entity @s[tag=aj.nep_moonlight_slash.bone.body_top] run data modify entity @s {} merge value {transformation:[0.9958405154480036f,0.0004512758571370715f,-0.09111237096220942f,0.09004118318749747f,-0.011894641196286283f,0.9920737900017101f,-0.1250924166464712f,1.1254385331257482f,0.09033374398897737f,0.1256558456329967f,0.9879526421621587f,-0.038775567535563944f,0f,0f,0f,1f],start_interpolation:0}
execute if entity @s[tag=aj.nep_moonlight_slash.bone.body] run data modify entity @s {} merge value {transformation:[0.9958405154480036f,0.0004512758571370715f,-0.09111237096220942f,0.08984375f,-0.011894641196286283f,0.9920737900017101f,-0.1250924166464712f,0.69140625f,0.09033374398897737f,0.1256558456329967f,0.9879526421621587f,-0.09375f,0f,0f,0f,1f],start_interpolation:0}
execute if entity @s[tag=aj.nep_moonlight_slash.bone.right_leg2] run data modify entity @s {} merge value {transformation:[0.9962824250640563f,-0.08608119192556522f,0.003370149129806512f,0.2764675150656634f,0.08583061921319435f,0.995212500551754f,0.0467459468938686f,0.4395390156640796f,-0.007377961369020443f,-0.04628290334668694f,0.9989011255093461f,-0.015355037412335043f,0f,0f,0f,1f],start_interpolation:0}
execute if entity @s[tag=aj.nep_moonlight_slash.bone.right_leg] run data modify entity @s {} merge value {transformation:[0.9915765376265733f,-0.12836280115547333f,-0.017290497622025794f,0.21484375f,0.12902922860066868f,0.9673274880912859f,0.2182406674974202f,0.78515625f,-0.011288409773446556f,-0.21863330501669584f,0.9757417946066793f,-0.09375f,0f,0f,0f,1f],start_interpolation:0}
execute if entity @s[tag=aj.nep_moonlight_slash.bone.left_leg2] run data modify entity @s {} merge value {transformation:[0.9961606426872437f,0.08610781855452786f,-0.01579295870690801f,-0.09748803685024096f,-0.08718240646935362f,0.9921508053005184f,-0.08964378140030184f,0.43203237445703674f,0.007949966235777668f,0.09067647503797885f,0.9958486706882411f,-0.06524021010996561f,0f,0f,0f,1f],start_interpolation:0}
execute if entity @s[tag=aj.nep_moonlight_slash.bone.left_leg] run data modify entity @s {} merge value {transformation:[0.9914475415032605f,0.13033855725705046f,0.006605523392667959f,-0.03515625f,-0.13045021909298565f,0.9882773153844624f,0.07931385903530248f,0.78515625f,0.003809565031935243f,-0.07949722252148418f,0.9968278080118136f,-0.09375f,0f,0f,0f,1f],start_interpolation:0}
execute if entity @s[tag=aj.nep_moonlight_slash.locator_origin.nep_ride] at @s on origin run tp @s ^0.07422 ^0.95117 ^-3.29687 ~-180 ~0