execute if entity @s[tag=aj.nep_moonlight_slash.bone.right_arm2] run data modify entity @s {} merge value {transformation:[0.8125126424224094f,-0.5443047308521597f,0.2086997026248765f,0.5313795895662202f,0.5824281386643982f,0.7730383742016224f,-0.2513744921499336f,1.125510845645668f,-0.024508553520728615f,0.3257975321939541f,0.9451218433729333f,-0.14615437549946197f,0f,0f,0f,1f],start_interpolation:0}
execute if entity @s[tag=aj.nep_moonlight_slash.bone.right_arm] run data modify entity @s {} merge value {transformation:[0.8125126424224094f,-0.40466167199136704f,0.41960950552258125f,0.5121273641081792f,0.5824281386643982f,0.5937856891323275f,-0.5551540494975888f,1.2750378136460196f,-0.024508553520728615f,0.6954620669761926f,0.718144723716274f,-0.043392820394998546f,0f,0f,0f,1f],start_interpolation:0}
execute if entity @s[tag=aj.nep_moonlight_slash.locator_origin.moonlight_greatsword] at @s on origin run tp @s ^0.75217 ^0.43954 ^0.41209 ~1.57245 ~-7.56315
execute if entity @s[tag=aj.nep_moonlight_slash.bone.moonlight_greatsword] run data modify entity @s {} merge value {transformation:[-0.9936002833816531f,-1.0108936907195203f,0.038571996369474f,0.1868701722842389f,-1.0060237991619685f,0.981692533255178f,-0.18663135226245467f,0.9799826339072594f,0.10634833501366611f,-0.15814263242737592f,-1.405103667145354f,0.3109919488145587f,0f,0f,0f,1f],start_interpolation:0}
execute if entity @s[tag=aj.nep_moonlight_slash.bone.left_arm2] run data modify entity @s {} merge value {transformation:[-0.7007208610074468f,-0.7129167626010943f,0.02720228945064833f,0.11361948077253708f,-0.7094823487202863f,0.6923231088521365f,-0.13161880490134545f,1.060217291489874f,0.07500047868732376f,-0.11152758650525685f,-0.9909271041025086f,0.34365721612870986f,0f,0f,0f,1f],start_interpolation:0}
execute if entity @s[tag=aj.nep_moonlight_slash.bone.left_arm] run data modify entity @s {} merge value {transformation:[-0.7007208610074468f,-0.713260396932217f,0.01580762844572625f,-0.19686450089471158f,-0.7094823487202863f,0.6943377691957042f,-0.12053986528397481f,1.1885125507734957f,0.07500047868732376f,-0.0956800315448798f,-0.9925826211254367f,0.3231322661068504f,0f,0f,0f,1f],start_interpolation:0}
execute if entity @s[tag=aj.nep_moonlight_slash.bone.head] run data modify entity @s {} merge value {transformation:[0.998231454327839f,0.028846791457513232f,-0.05197909400070305f,0.14735884248235845f,-0.03356825269410016f,0.9951579312639895f,-0.09237891671502571f,1.4809150966965274f,0.049062572309166885f,0.09396038774389645f,0.9943662853965959f,0.1599118962805904f,0f,0f,0f,1f],start_interpolation:0}
execute if entity @s[tag=aj.nep_moonlight_slash.bone.body_top] run data modify entity @s {} merge value {transformation:[0.9337287421724066f,0.06919108870058158f,0.3512310198225146f,0.12011485130650444f,0.046039535798157505f,0.9497850787326645f,-0.3094974399898591f,1.1069372219455407f,-0.35500844663842235f,0.3051571684578531f,0.8836561012940272f,0.03975626120031073f,0f,0f,0f,1f],start_interpolation:0}
execute if entity @s[tag=aj.nep_moonlight_slash.bone.body] run data modify entity @s {} merge value {transformation:[0.9337287421724066f,0.06919108870058158f,0.3512310198225146f,0.08984375f,0.046039535798157505f,0.9497850787326645f,-0.3094974399898591f,0.69140625f,-0.35500844663842235f,0.3051571684578531f,0.8836561012940272f,-0.09375f,0f,0f,0f,1f],start_interpolation:0}
execute if entity @s[tag=aj.nep_moonlight_slash.bone.right_leg2] run data modify entity @s {} merge value {transformation:[0.9959112385340902f,-0.08939664653017422f,0.013001713373764209f,0.2743355972095917f,0.08930537282618793f,0.9525954445647268f,-0.29083753089810516f,0.43363482670276726f,0.013614527016022457f,0.2908094884691519f,0.9566841098661775f,-0.14659185001430974f,0f,0f,0f,1f],start_interpolation:0}
execute if entity @s[tag=aj.nep_moonlight_slash.bone.right_leg] run data modify entity @s {} merge value {transformation:[0.9910428984247266f,-0.13328081567344097f,-0.008378404104560462f,0.2109527587890625f,0.13128581796028554f,0.9838546482166601f,-0.12163085622065892f,0.78515625f,0.02445419155105779f,0.11944143065073395f,0.9925400431013804f,-0.1040496826171875f,0f,0f,0f,1f],start_interpolation:0}
execute if entity @s[tag=aj.nep_moonlight_slash.bone.left_leg2] run data modify entity @s {} merge value {transformation:[0.9961057615203464f,0.0880252825158791f,0.004986131162612151f,-0.09266441802715783f,-0.08799321987443877f,0.9961010147540121f,-0.006321523721045941f,0.4576931003798871f,-0.005523144222250453f,0.005858160464406903f,0.9999675878916643f,0.129011610655003f,0f,0f,0f,1f],start_interpolation:0}
execute if entity @s[tag=aj.nep_moonlight_slash.bone.left_leg] run data modify entity @s {} merge value {transformation:[0.991459327914423f,0.12201090981842079f,0.04606233794285578f,-0.0333251953125f,-0.13036083890443587f,0.9168696701996376f,0.3773010198079769f,0.78515625f,0.0038016801038988496f,-0.3800833405363735f,0.9249444315606742f,-0.007521438598632815f,0f,0f,0f,1f],start_interpolation:0}