execute if entity @s[tag=aj.nep_moonlight_slash.bone.right_arm2] run data modify entity @s {} merge value {transformation:[0.8708262581066576f,-0.3366480185461347f,-0.3582314053805423f,0.5277972935261867f,0.41153120273995064f,0.8978312781046882f,0.1566558815630986f,1.1210249168227553f,0.26889346842823586f,-0.2838434562674703f,0.9203962162953355f,-0.09795608401193624f,0f,0f,0f,1f],start_interpolation:0}
execute if entity @s[tag=aj.nep_moonlight_slash.bone.right_arm] run data modify entity @s {} merge value {transformation:[0.8708262581066576f,-0.46165407605134046f,-0.16892940021541622f,0.5131638002470581f,0.41153120273995064f,0.8725753871236341f,-0.26316204695481754f,1.300572520113595f,0.26889346842823586f,0.15964870137656353f,0.9498466164520513f,-0.06901789853118928f,0f,0f,0f,1f],start_interpolation:0}
execute if entity @s[tag=aj.nep_moonlight_slash.locator_origin.moonlight_greatsword] at @s on origin run tp @s ^-0.6377 ^2.63656 ^-0.03779 ~-163.74861 ~-5.43087
execute if entity @s[tag=aj.nep_moonlight_slash.bone.moonlight_greatsword] run data modify entity @s {} merge value {transformation:[-1.3097976407187593f,0.37283831517860755f,-0.39504063978141757f,-0.4389035896192806f,-0.3488760708046692f,-1.3678122447437981f,-0.13420330221491905f,1.8734483666926776f,-0.4163544206130516f,-0.026769942851465438f,1.3552002592134722f,-0.04110633780557754f,0f,0f,0f,1f],start_interpolation:0}
execute if entity @s[tag=aj.nep_moonlight_slash.bone.left_arm2] run data modify entity @s {} merge value {transformation:[-0.9237140386336153f,0.2629383159386323f,-0.2785961536750493f,-0.39610277025663165f,-0.24603932266114412f,-0.9646279191581607f,-0.09464475307718809f,1.7780305506936243f,-0.2936273599915736f,-0.01887907815420152f,0.9557335161395286f,-0.08508149016351221f,0f,0f,0f,1f],start_interpolation:0}
execute if entity @s[tag=aj.nep_moonlight_slash.bone.left_arm] run data modify entity @s {} merge value {transformation:[-0.9237140386336153f,0.2629383159386323f,-0.2785961536750493f,-0.42939880135501096f,-0.24603932266114412f,-0.9646279191581607f,-0.09464475307718809f,1.445829410624056f,-0.2936273599915736f,-0.01887907815420152f,0.9557335161395286f,-0.12768462208564688f,0f,0f,0f,1f],start_interpolation:0}
execute if entity @s[tag=aj.nep_moonlight_slash.bone.head] run data modify entity @s {} merge value {transformation:[0.9985366927895835f,0.01941627682080764f,0.05047258015258435f,0.08933082655346443f,-0.018950998741700035f,0.9997735457446659f,-0.009680747689636268f,1.515112887134991f,-0.0506491144990055f,0.008710075978777806f,0.9986785277439936f,0.017980368966106663f,0f,0f,0f,1f],start_interpolation:0}
execute if entity @s[tag=aj.nep_moonlight_slash.bone.body_top] run data modify entity @s {} merge value {transformation:[0.9882937988967275f,-0.0006170507627495693f,-0.15256141815882215f,0.08957379029129707f,-0.019901871793058214f,0.9909252777563801f,-0.1329323489695929f,1.1249360590184163f,0.15125899167126386f,0.13441247394418845f,0.9793130267114777f,-0.03494454264941755f,0f,0f,0f,1f],start_interpolation:0}
execute if entity @s[tag=aj.nep_moonlight_slash.bone.body] run data modify entity @s {} merge value {transformation:[0.9882937988967275f,-0.0006170507627495693f,-0.15256141815882215f,0.08984375f,-0.019901871793058214f,0.9909252777563801f,-0.1329323489695929f,0.69140625f,0.15125899167126386f,0.13441247394418845f,0.9793130267114777f,-0.09375f,0f,0f,0f,1f],start_interpolation:0}
execute if entity @s[tag=aj.nep_moonlight_slash.bone.right_leg2] run data modify entity @s {} merge value {transformation:[0.9562040786687828f,-0.0018894434581163619f,0.2926947043262021f,0.29772731288677606f,-0.01412470134378984f,0.9985163055818098f,0.05258973568295061f,0.4356237558889718f,-0.2923598001592097f,-0.05442074503966707f,0.9547586761900593f,0.0718741924968295f,0f,0f,0f,1f],start_interpolation:0}
execute if entity @s[tag=aj.nep_moonlight_slash.bone.right_leg] run data modify entity @s {} merge value {transformation:[0.9546547504807857f,-0.09402502130505754f,0.2824776146052146f,0.24902059037900875f,0.029301897460897397f,0.9738861530681175f,0.22513809021881231f,0.78515625f,-0.2962696511451346f,-0.2066520172434f,0.9324801539869756f,0.0022378370991253532f,0f,0f,0f,1f],start_interpolation:0}
execute if entity @s[tag=aj.nep_moonlight_slash.bone.left_leg2] run data modify entity @s {} merge value {transformation:[0.9960671713765321f,0.07486217078992397f,-0.047390352294267024f,-0.11354812420165486f,-0.08777320686549514f,0.9067012031026118f,-0.4125394435067067f,0.4309311168236794f,0.012085291163289272f,0.4150765997703273f,0.9097061954612611f,-0.11370796668199722f,0f,0f,0f,1f],start_interpolation:0}
execute if entity @s[tag=aj.nep_moonlight_slash.bone.left_leg] run data modify entity @s {} merge value {transformation:[0.991459327914423f,0.13028113487135004f,-0.005935232776713803f,-0.051236789358600585f,-0.13036083890443592f,0.9913377983560415f,-0.015981903226091037f,0.78515625f,0.003801680103898846f,0.016619128955199087f,0.9998546653294959f,-0.10767606596209912f,0f,0f,0f,1f],start_interpolation:0}