execute if entity @s[tag=aj.nep_moonlight_slash.bone.right_arm2] run data modify entity @s {} merge value {transformation:[0.8876710271007922f,0.3670156965652899f,-0.27810002898331343f,0.27371902349734867f,0.4602176675369449f,-0.7274135273075737f,0.5089884662512578f,1.6988869668903832f,-0.015486966542186585f,-0.5798008613003682f,-0.8146110207348488f,-0.05772451203056653f,0f,0f,0f,1f],start_interpolation:0}
execute if entity @s[tag=aj.nep_moonlight_slash.bone.right_arm] run data modify entity @s {} merge value {transformation:[0.8876710271007922f,0.3670156965652899f,-0.27810002898331343f,0.4013875886885f,0.4602176675369449f,-0.7274135273075737f,0.5089884662512578f,1.5995698217895222f,-0.015486966542186585f,-0.5798008613003682f,-0.8146110207348488f,-0.14213862046630374f,0f,0f,0f,1f],start_interpolation:0}
execute if entity @s[tag=aj.nep_moonlight_slash.locator_origin.moonlight_greatsword] at @s on origin run tp @s ^0.06226 ^2.73595 ^0.12094 ~178.83259 ~4.37544
execute if entity @s[tag=aj.nep_moonlight_slash.bone.moonlight_greatsword] run data modify entity @s {} merge value {transformation:[-1.417034794322939f,0.04263837746740271f,0.02880514574958846f,0.08114744348663228f,-0.04032578218618683f,-1.4132609363309303f,0.10817917132542748f,1.951014227515332f,0.03196246151002721f,0.1072887253374331f,1.4135426793861767f,0.1943383390458796f,0f,0f,0f,1f],start_interpolation:0}
execute if entity @s[tag=aj.nep_moonlight_slash.bone.left_arm2] run data modify entity @s {} merge value {transformation:[-0.9357599226811937f,-0.32798398084379166f,0.12953715842778654f,-0.19718428576340868f,0.18716780552385198f,-0.7732711574328064f,-0.60582169790947f,1.8470812528385119f,0.29886716058990426f,-0.5426584795176311f,0.7849842004324298f,0.1028302235442173f,0f,0f,0f,1f],start_interpolation:0}
execute if entity @s[tag=aj.nep_moonlight_slash.bone.left_arm] run data modify entity @s {} merge value {transformation:[-0.9357599226811937f,-0.32798398084379166f,0.12953715842778654f,-0.4166492701122428f,0.18716780552385198f,-0.7732711574328064f,-0.60582169790947f,1.6288299918312414f,0.29886716058990426f,-0.5426584795176311f,0.7849842004324298f,-0.02939215623130441f,0f,0f,0f,1f],start_interpolation:0}
execute if entity @s[tag=aj.nep_moonlight_slash.bone.head] run data modify entity @s {} merge value {transformation:[0.9999997273566905f,-0.0004794730325037667f,-0.0005615978593747366f,0.08955983421952694f,0.0006284592990886099f,0.9519232728281556f,0.30633590662382765f,1.5154288680704857f,0.000387718266195568f,-0.30633617604478935f,0.95192331462193f,-0.20312644536230048f,0f,0f,0f,1f],start_interpolation:0}
execute if entity @s[tag=aj.nep_moonlight_slash.bone.body_top] run data modify entity @s {} merge value {transformation:[0.9999991408391062f,-0.00034155281861419603f,0.0012655681417895668f,0.08969432064185628f,0.00017205855996095382f,0.9913054051975766f,0.13158101695123206f,1.1251023647739398f,-0.0012995064068176663f,-0.13158068615013593f,0.9913046122738248f,-0.15131655019068446f,0f,0f,0f,1f],start_interpolation:0}
execute if entity @s[tag=aj.nep_moonlight_slash.bone.body] run data modify entity @s {} merge value {transformation:[0.9999991408391062f,-0.00034155281861419603f,0.0012655681417895668f,0.08984375f,0.00017205855996095382f,0.9913054051975766f,0.13158101695123206f,0.69140625f,-0.0012995064068176663f,-0.13158068615013593f,0.9913046122738248f,-0.09375f,0f,0f,0f,1f],start_interpolation:0}
execute if entity @s[tag=aj.nep_moonlight_slash.locator_origin.nep_ride] at @s on origin run tp @s ^0.07422 ^0.95117 ^-3.29687 ~-180 ~0