execute if entity @s[tag=aj.nep_moonlight_slash.bone.right_arm2] run data modify entity @s {} merge value {transformation:[0.8555717678991953f,-0.49521488318379814f,-0.1508614246489231f,0.5199119379542971f,0.5038384943941651f,0.8634942648295221f,0.02290035312269556f,1.1325120219010976f,0.11892737927183271f,-0.0956026886639727f,0.9882896358759174f,-0.09347076955599459f,0f,0f,0f,1f],start_interpolation:0}
execute if entity @s[tag=aj.nep_moonlight_slash.bone.right_arm] run data modify entity @s {} merge value {transformation:[0.8555717678991953f,-0.5123987102433435f,0.07378693458061288f,0.49150277163995315f,0.5038384943941651f,0.7914434133543105f,-0.3460694945017533f,1.3062219376152466f,0.11892737927183271f,0.33326398725190265f,0.9353028350542393f,-0.04544281932011299f,0f,0f,0f,1f],start_interpolation:0}
execute if entity @s[tag=aj.nep_moonlight_slash.locator_origin.moonlight_greatsword] at @s on origin run tp @s ^-0.4183 ^1.51894 ^1.31559 ~110.52414 ~-58.63307
execute if entity @s[tag=aj.nep_moonlight_slash.bone.moonlight_greatsword] run data modify entity @s {} merge value {transformation:[-1.2197994528609717f,0.2119669898363746f,0.6912269280029119f,-0.29815906024474687f,-0.7167200899472289f,-0.17626531311733656f,-1.2107345819931987f,1.4066807746578083f,-0.09506304982837718f,-1.3909118989310272f,0.25877109951842375f,0.544331886022851f,0f,0f,0f,1f],start_interpolation:0}
execute if entity @s[tag=aj.nep_moonlight_slash.bone.left_arm2] run data modify entity @s {} merge value {transformation:[-0.8602442422380406f,0.1494863619782697f,0.48747684178717754f,-0.30178480516919637f,-0.5054554904311036f,-0.12430831999459549f,-0.853851385648096f,1.433684148221382f,-0.06704171007180319f,-0.9809185843700908f,0.18249421894412254f,0.43420488859272127f,0f,0f,0f,1f],start_interpolation:0}
execute if entity @s[tag=aj.nep_moonlight_slash.bone.left_arm] run data modify entity @s {} merge value {transformation:[-0.8602442422380406f,0.1494863619782697f,0.48747684178717754f,-0.36260084733074216f,-0.5054554904311036f,-0.12430831999459549f,-0.853851385648096f,1.331655861919183f,-0.06704171007180319f,-0.9809185843700908f,0.18249421894412254f,0.11928761721809251f,0f,0f,0f,1f],start_interpolation:0}
execute if entity @s[tag=aj.nep_moonlight_slash.bone.head] run data modify entity @s {} merge value {transformation:[0.9999880489589984f,-0.004876736802593987f,-0.0003455102515521197f,0.09593186943707908f,0.004857704484545627f,0.999089092667148f,-0.042395608506966886f,1.5024129003697502f,0.000551947748004683f,0.04239342344861288f,0.9991008422586732f,0.08847982839743258f,0f,0f,0f,1f],start_interpolation:0}
execute if entity @s[tag=aj.nep_moonlight_slash.bone.body_top] run data modify entity @s {} merge value {transformation:[0.9961913846714956f,0.007324053458140254f,0.08688546108084234f,0.09304802338793636f,0.0119295292173242f,0.9756470981891731f,-0.21902151978218726f,1.1182518554577632f,-0.08637367329772004f,0.21922385371119707f,0.9718438611860809f,0.0021604359986487215f,0f,0f,0f,1f],start_interpolation:0}
execute if entity @s[tag=aj.nep_moonlight_slash.bone.body] run data modify entity @s {} merge value {transformation:[0.9961913846714956f,0.007324053458140254f,0.08688546108084234f,0.08984375f,0.0119295292173242f,0.9756470981891731f,-0.21902151978218726f,0.69140625f,-0.08637367329772004f,0.21922385371119707f,0.9718438611860809f,-0.09375f,0f,0f,0f,1f],start_interpolation:0}
execute if entity @s[tag=aj.nep_moonlight_slash.bone.right_leg2] run data modify entity @s {} merge value {transformation:[0.9884927387704976f,-0.025472997400524455f,0.1491081211786719f,0.28052631360177294f,0.04092680251806907f,0.9939923692694937f,-0.10150944128338621f,0.4293255132709119f,-0.14562658491377048f,0.10644386425459726f,0.9835967677503323f,-0.030567396118880204f,0f,0f,0f,1f],start_interpolation:0}
execute if entity @s[tag=aj.nep_moonlight_slash.bone.right_leg] run data modify entity @s {} merge value {transformation:[0.9861581530019066f,-0.09369677902224241f,0.1367955074873631f,0.2314453124999998f,0.08439705792092345f,0.9938071395035897f,0.07228074491858062f,0.78515625f,-0.14272082497715752f,-0.05973510753777632f,0.9879587456191123f,-0.049804687500000486f,0f,0f,0f,1f],start_interpolation:0}
execute if entity @s[tag=aj.nep_moonlight_slash.bone.left_leg2] run data modify entity @s {} merge value {transformation:[0.9962019657385357f,0.08410843975290815f,-0.022525847842182225f,-0.10483310952158445f,-0.08698960163008689f,0.9726660085141994f,-0.21529896676318325f,0.4363237917088156f,0.003801666334189001f,0.21644076844113022f,0.9762883493567341f,-0.0010436601801147999f,0f,0f,0f,1f],start_interpolation:0}
execute if entity @s[tag=aj.nep_moonlight_slash.bone.left_leg] run data modify entity @s {} merge value {transformation:[0.991459327914423f,0.1290373774550864f,0.018914447150107948f,-0.04296874999999992f,-0.13036083890443587f,0.9763320943278365f,0.17257373283774172f,0.78515625f,0.0038016801038988435f,-0.17356554037289226f,0.9848149828386312f,-0.06335937499999954f,0f,0f,0f,1f],start_interpolation:0}