execute if entity @s[tag=aj.nep_moonlight_slash.bone.right_arm2] run data modify entity @s {} merge value {transformation:[0.9278758386057876f,-0.35170624077090623f,-0.12389167984333593f,0.49154607655398136f,0.37283379621338214f,0.8693026904696529f,0.3245116218925617f,1.134196801189024f,-0.006433392007685804f,-0.34729749861612896f,0.9377329358203516f,-0.11702197429645154f,0f,0f,0f,1f],start_interpolation:0}
execute if entity @s[tag=aj.nep_moonlight_slash.bone.right_arm] run data modify entity @s {} merge value {transformation:[0.9278758386057876f,-0.37088964258642465f,0.038565543607221246f,0.49250947378117427f,0.37283379621338214f,0.9245469978710176f,-0.07878965115297079f,1.3166225966483822f,-0.006433392007685804f,0.08748555166313325f,0.9961450144017551f,-0.11998854955357421f,0f,0f,0f,1f],start_interpolation:0}
execute if entity @s[tag=aj.nep_moonlight_slash.locator_origin.moonlight_greatsword] at @s on origin run tp @s ^-1.50545 ^1.21616 ^0.07939 ~168.41116 ~17.6133
execute if entity @s[tag=aj.nep_moonlight_slash.bone.moonlight_greatsword] run data modify entity @s {} merge value {transformation:[0.2669288123053877f,1.3658965133410854f,0.27149788209204f,-0.7423757243654898f,-1.3399116735497227f,0.17656598892158282f,0.42906472077984664f,1.3136556724646153f,0.3795011096465719f,-0.337322608752173f,1.3239440099106197f,-0.09404259416325149f,0f,0f,0f,1f],start_interpolation:0}
execute if entity @s[tag=aj.nep_moonlight_slash.bone.left_arm2] run data modify entity @s {} merge value {transformation:[0.18824731666716044f,0.9632768799320052f,0.19146958075912465f,-0.6512662764462207f,-0.9449514832747355f,0.12452036684276914f,0.30259109785024996f,1.316002273862995f,0.26763714619703144f,-0.23789142655800632f,0.9336905414245693f,-0.1615988354350243f,0f,0f,0f,1f],start_interpolation:0}
execute if entity @s[tag=aj.nep_moonlight_slash.bone.left_arm] run data modify entity @s {} merge value {transformation:[0.18824731666716044f,0.9697661704179756f,-0.1552949531712723f,-0.3246834336072082f,-0.9449514832747355f,0.22193382772753448f,0.2404414073471589f,1.2672376596185075f,0.26763714619703144f,0.10148374659549599f,0.9581604287135062f,-0.09643052134930286f,0f,0f,0f,1f],start_interpolation:0}
execute if entity @s[tag=aj.nep_moonlight_slash.bone.head] run data modify entity @s {} merge value {transformation:[0.9999987416610896f,-0.0015863880632217622f,0.0000070107198315762925f,0.08916306848850987f,0.0015863880955244644f,0.999998741675013f,-0.000004604459239936076f,1.5226235543404574f,-0.00000700340655063799f,0.0000046155751684470725f,0.9999999999648244f,-0.10109112645739633f,0f,0f,0f,1f],start_interpolation:0}
execute if entity @s[tag=aj.nep_moonlight_slash.bone.body_top] run data modify entity @s {} merge value {transformation:[0.9999827964099205f,-0.0008188649762287303f,0.005808299608848409f,0.08948549657289993f,0.0007675236022022945f,0.9999606668757381f,0.008836040343341766f,1.1288890417581354f,-0.005815306674243851f,-0.008831430324687322f,0.9999440924605258f,-0.0976137507670507f,0f,0f,0f,1f],start_interpolation:0}
execute if entity @s[tag=aj.nep_moonlight_slash.bone.body] run data modify entity @s {} merge value {transformation:[0.9999827964099205f,-0.0008188649762287303f,0.005808299608848409f,0.08984375f,0.0007675236022022945f,0.9999606668757381f,0.008836040343341766f,0.69140625f,-0.005815306674243851f,-0.008831430324687322f,0.9999440924605258f,-0.09375f,0f,0f,0f,1f],start_interpolation:0}
execute if entity @s[tag=aj.nep_moonlight_slash.bone.right_leg2] run data modify entity @s {} merge value {transformation:[0.9973769928004932f,-0.07131865176005865f,0.012360588310116036f,0.26606804310940196f,0.07181697848219995f,0.9963503451879906f,-0.04613362380584121f,0.43158083127009983f,-0.009025288578872418f,0.04690031508315411f,0.9988588011381635f,-0.05185696578883505f,0f,0f,0f,1f],start_interpolation:0}
execute if entity @s[tag=aj.nep_moonlight_slash.bone.right_leg] run data modify entity @s {} merge value {transformation:[0.9950555747037159f,-0.09927387757817435f,-0.003016700457671605f,0.21484375f,0.0989417129807044f,0.9881638483345354f,0.1172294599370191f,0.78515625f,-0.008656828720817805f,-0.11694830514066847f,0.9931002735077781f,-0.09375f,0f,0f,0f,1f],start_interpolation:0}
execute if entity @s[tag=aj.nep_moonlight_slash.bone.left_leg2] run data modify entity @s {} merge value {transformation:[0.9958111133847453f,0.09026157415489935f,-0.014597078149874895f,-0.09308578064267278f,-0.09131692539885844f,0.9898632689171771f,-0.10877466609601451f,0.43165217016881513f,0.004630938904074832f,0.10965198164957954f,0.9939592533525642f,-0.060984678816972865f,0f,0f,0f,1f],start_interpolation:0}
execute if entity @s[tag=aj.nep_moonlight_slash.bone.left_leg] run data modify entity @s {} merge value {transformation:[0.9929749608163316f,0.11802239131803156f,0.008452357030920513f,-0.03515625f,-0.11830088593434311f,0.9888070432665292f,0.09091496891960994f,0.78515625f,0.0023722518741193096f,-0.09127620902555895f,0.9958227884955074f,-0.09375f,0f,0f,0f,1f],start_interpolation:0}
execute if entity @s[tag=aj.nep_moonlight_slash.locator_origin.nep_ride] at @s on origin run tp @s ^0.07422 ^0.95117 ^-3.29687 ~-180 ~0