execute if entity @s[tag=aj.nep_moonlight_slash.bone.right_arm2] run data modify entity @s {} merge value {transformation:[0.9061385019179435f,-0.37317321445381707f,-0.1991350480355243f,0.5054229241369576f,0.41887107839020327f,0.8571392766697176f,0.2997653750491234f,1.1339037280429973f,0.05882206244372332f,-0.35504086018980807f,0.9329983668611365f,-0.10884825929869668f,0f,0f,0f,1f],start_interpolation:0}
execute if entity @s[tag=aj.nep_moonlight_slash.bone.right_arm] run data modify entity @s {} merge value {transformation:[0.9061385019179435f,-0.42285390668224493f,-0.010372509121153884f,0.4970019189115215f,0.41887107839020327f,0.900474099342213f,-0.11701887070920863f,1.3161184740745389f,0.05882206244372332f,0.10169056011938189f,0.9930755232873646f,-0.10487679211298812f,0f,0f,0f,1f],start_interpolation:0}
execute if entity @s[tag=aj.nep_moonlight_slash.locator_origin.moonlight_greatsword] at @s on origin run tp @s ^-1.51406 ^1.30076 ^-0.21849 ~-176.50518 ~2.03947
execute if entity @s[tag=aj.nep_moonlight_slash.bone.moonlight_greatsword] run data modify entity @s {} merge value {transformation:[0.10718969454493477f,1.4112702935148507f,-0.08638231301853798f,-0.7297855480009434f,-1.4127641454380149f,0.11039191499762914f,0.050462564783354605f,1.3575467006504194f,0.05694922936020845f,0.08225059101444368f,1.4144352235184245f,-0.1589157249612054f,0f,0f,0f,1f],start_interpolation:0}
execute if entity @s[tag=aj.nep_moonlight_slash.bone.left_arm2] run data modify entity @s {} merge value {transformation:[0.07559383416943058f,0.9952760196688755f,-0.06091975794144827f,-0.6236518209060109f,-0.9963295350747433f,0.0778521494198156f,0.03558792447531344f,1.3671898498924366f,0.04016254191794315f,0.058005926445447886f,0.9975080364207072f,-0.19781206693164555f,0f,0f,0f,1f],start_interpolation:0}
execute if entity @s[tag=aj.nep_moonlight_slash.bone.left_arm] run data modify entity @s {} merge value {transformation:[0.07559383416943058f,0.9352589846164511f,-0.34579792354750977f,-0.32193415894219113f,-0.9963295350747433f,0.0848130933009989f,0.011584331765879446f,1.269152749664656f,0.04016254191794315f,0.3436529803434284f,0.9382374962277775f,-0.08540019283458128f,0f,0f,0f,1f],start_interpolation:0}
execute if entity @s[tag=aj.nep_moonlight_slash.bone.head] run data modify entity @s {} merge value {transformation:[0.9999608992723322f,0.00863055325964239f,0.0019270383756184728f,0.0926988956555663f,-0.008630120385843893f,0.9999627327107524f,-0.00023283421151722855f,1.5219227955859345f,-0.0019289760481851145f,0.00021619453436041297f,0.99999811615389f,-0.058955199364105655f,0f,0f,0f,1f],start_interpolation:0}
execute if entity @s[tag=aj.nep_moonlight_slash.bone.body_top] run data modify entity @s {} merge value {transformation:[0.9992620003642423f,0.0034347616909068132f,-0.03825777097766865f,0.09134645823977174f,-0.005030667098464618f,0.9991176488251845f,-0.04169671683213973f,1.1285202213610181f,0.038080795902889056f,0.04185840678002327f,0.998397579506902f,-0.07543694703373982f,0f,0f,0f,1f],start_interpolation:0}
execute if entity @s[tag=aj.nep_moonlight_slash.bone.body] run data modify entity @s {} merge value {transformation:[0.9992620003642423f,0.0034347616909068132f,-0.03825777097766865f,0.08984375f,-0.005030667098464618f,0.9991176488251845f,-0.04169671683213973f,0.69140625f,0.038080795902889056f,0.04185840678002327f,0.998397579506902f,-0.09375f,0f,0f,0f,1f],start_interpolation:0}
execute if entity @s[tag=aj.nep_moonlight_slash.bone.right_leg2] run data modify entity @s {} merge value {transformation:[0.9970871565527363f,-0.0760756912611482f,0.005448984925436228f,0.273091323642258f,0.07590893217646942f,0.996772531147573f,0.026121928824053564f,0.4373932901549247f,-0.007418642288676427f,-0.02563221310771302f,0.9996439133000278f,-0.02259752165537568f,0f,0f,0f,1f],start_interpolation:0}
execute if entity @s[tag=aj.nep_moonlight_slash.bone.right_leg] run data modify entity @s {} merge value {transformation:[0.9928125663112665f,-0.11891444116492372f,-0.013511619328231339f,0.21484375f,0.11922420793184871f,0.9728718973050727f,0.19825705454548498f,0.78515625f,-0.010430552116759832f,-0.1984430072249007f,0.9800569251151066f,-0.09375f,0f,0f,0f,1f],start_interpolation:0}
execute if entity @s[tag=aj.nep_moonlight_slash.bone.left_leg2] run data modify entity @s {} merge value {transformation:[0.9961565465896536f,0.08611541558206148f,-0.01600843170658486f,-0.09856216399658693f,-0.0871806118513914f,0.992457710699668f,-0.08618139816683863f,0.4322457086779975f,0.008466144564828769f,0.08724578884910715f,0.9961508403471355f,-0.06496856250864828f,0f,0f,0f,1f],start_interpolation:0}
execute if entity @s[tag=aj.nep_moonlight_slash.bone.left_leg] run data modify entity @s {} merge value {transformation:[0.9910471438015316f,0.1333448413904362f,0.006686706019102586f,-0.03515625f,-0.13345021191741005f,0.987814124196764f,0.0800893062560703f,0.78515625f,0.004074273189764711f,-0.08026462054940325f,0.9967652637336614f,-0.09375f,0f,0f,0f,1f],start_interpolation:0}
execute if entity @s[tag=aj.nep_moonlight_slash.locator_origin.nep_ride] at @s on origin run tp @s ^0.07422 ^0.95117 ^-3.29687 ~-180 ~0