execute if entity @s[tag=aj.nep_moonlight_slash.bone.right_arm2] run data modify entity @s {} merge value {transformation:[0.9075671625083588f,-0.3425953528007506f,-0.24279676640321074f,0.5057027117223157f,0.40061343894711554f,0.8797025981636459f,0.2561878438160107f,1.1342614491554408f,0.1258201814952265f,-0.3297753220352611f,0.9356374933194201f,-0.08004696157984016f,0f,0f,0f,1f],start_interpolation:0}
execute if entity @s[tag=aj.nep_moonlight_slash.bone.right_arm] run data modify entity @s {} merge value {transformation:[0.9075671625083588f,-0.41519784890769673f,-0.06271038031257264f,0.499571725158652f,0.40061343894711554f,0.9009057296197405f,-0.16696628064758687f,1.316153927936584f,0.1258201814952265f,0.12641049244720354f,0.983966294812868f,-0.0671459260182784f,0f,0f,0f,1f],start_interpolation:0}
execute if entity @s[tag=aj.nep_moonlight_slash.locator_origin.moonlight_greatsword] at @s on origin run tp @s ^-1.47253 ^1.32587 ^-0.41342 ~-165.43128 ~-4.20598
execute if entity @s[tag=aj.nep_moonlight_slash.bone.moonlight_greatsword] run data modify entity @s {} merge value {transformation:[0.11033192969333638f,1.3681841311582683f,-0.3557167756985909f,-0.7147957660079219f,-1.4114844313807837f,0.08678533111734624f,-0.10399703000125086f,1.3680489514321565f,-0.07857443118707998f,0.36218208890847936f,1.3686802289848714f,-0.19912186363020146f,0f,0f,0f,1f],start_interpolation:0}
execute if entity @s[tag=aj.nep_moonlight_slash.bone.left_arm2] run data modify entity @s {} merge value {transformation:[0.07780984573414357f,0.964890186161203f,-0.2508636214293093f,-0.6033003598191875f,-0.9954270370068337f,0.061203980071737295f,-0.0733422580725075f,1.3808490868210206f,-0.055413372958381474f,0.255423181158597f,0.9652400512951159f,-0.21571145994484225f,0f,0f,0f,1f],start_interpolation:0}
execute if entity @s[tag=aj.nep_moonlight_slash.bone.left_arm] run data modify entity @s {} merge value {transformation:[0.07780984573414357f,0.8714200715728362f,-0.484327045256428f,-0.32125535673590827f,-0.9954270370068337f,0.04090444685134547f,-0.08632404197893749f,1.2692033468362118f,-0.055413372958381474f,0.48882909599140967f,0.8706178685333748f,-0.06987903906732444f,0f,0f,0f,1f],start_interpolation:0}
execute if entity @s[tag=aj.nep_moonlight_slash.bone.head] run data modify entity @s {} merge value {transformation:[0.999895720698841f,0.013937075399845148f,0.0037822820418923764f,0.0918102140264361f,-0.013934247702574702f,0.9999026149082991f,-0.0007729427591083582f,1.518145269406209f,-0.0037926862655223714f,0.00072015890232488f,0.9999925484232604f,-0.007290244561455703f,0f,0f,0f,1f],start_interpolation:0}
execute if entity @s[tag=aj.nep_moonlight_slash.bone.body_top] run data modify entity @s {} merge value {transformation:[0.9961349792288335f,0.0023656710092464384f,-0.08780379694208751f,0.09087873106654532f,-0.011476428932671796f,0.994573256428522f,-0.10340371935341011f,1.1265320496874784f,0.08708268907035804f,0.10401173586591794f,0.9907563595891948f,-0.0482448655586609f,0f,0f,0f,1f],start_interpolation:0}
execute if entity @s[tag=aj.nep_moonlight_slash.bone.body] run data modify entity @s {} merge value {transformation:[0.9961349792288335f,0.0023656710092464384f,-0.08780379694208751f,0.08984375f,-0.011476428932671796f,0.994573256428522f,-0.10340371935341011f,0.69140625f,0.08708268907035804f,0.10401173586591794f,0.9907563595891948f,-0.09375f,0f,0f,0f,1f],start_interpolation:0}
execute if entity @s[tag=aj.nep_moonlight_slash.bone.right_leg2] run data modify entity @s {} merge value {transformation:[0.9965824137844472f,-0.08253837308244558f,0.0033029539003726974f,0.2752224247909992f,0.08229912375463039f,0.9955395866409683f,0.046127927115252126f,0.4392750363119599f,-0.007095545418429744f,-0.0456984507355884f,0.9989300800534451f,-0.015550684797300734f,0f,0f,0f,1f],start_interpolation:0}
execute if entity @s[tag=aj.nep_moonlight_slash.bone.right_leg] run data modify entity @s {} merge value {transformation:[0.9920307571770891f,-0.12487845345421124f,-0.016743616023301943f,0.21484375f,0.12551652393471174f,0.9679093130421424f,0.21770889725878173f,0.78515625f,-0.010980848509942832f,-0.21807552267316072f,0.975870118087868f,-0.09375f,0f,0f,0f,1f],start_interpolation:0}
execute if entity @s[tag=aj.nep_moonlight_slash.bone.left_leg2] run data modify entity @s {} merge value {transformation:[0.9961505360615559f,0.08602064217204491f,-0.016868865539318392f,-0.09788251069701705f,-0.08723244329452748f,0.9917367630654923f,-0.09406749503014684f,0.4318016394984193f,0.008637727776541778f,0.09517689795685015f,0.9954228989500743f,-0.06924557782264436f,0f,0f,0f,1f],start_interpolation:0}
execute if entity @s[tag=aj.nep_moonlight_slash.bone.left_leg] run data modify entity @s {} merge value {transformation:[0.9913105653606271f,0.1314421790977593f,0.005129966708113231f,-0.03515625f,-0.1314843972703833f,0.9889643247552846f,0.06827457532469924f,0.78515625f,0.0039008048961462847f,-0.06835581844551772f,0.9976533795892267f,-0.09375f,0f,0f,0f,1f],start_interpolation:0}
execute if entity @s[tag=aj.nep_moonlight_slash.locator_origin.nep_ride] at @s on origin run tp @s ^0.07422 ^0.95117 ^-3.29687 ~-180 ~0