execute if entity @s[tag=aj.nep_moonlight_slash.bone.right_arm2] run data modify entity @s {} merge value {transformation:[0.9278758386057876f,-0.351516225670638f,-0.12442978430374046f,0.4915003622469603f,0.37283379621338214f,0.8688050414379227f,0.3258416185406151f,1.134127311234821f,-0.006433392007685804f,-0.3487321939000163f,0.9372003352565326f,-0.12487002944399117f,0f,0f,0f,1f],start_interpolation:0}
execute if entity @s[tag=aj.nep_moonlight_slash.bone.right_arm] run data modify entity @s {} merge value {transformation:[0.9278758386057876f,-0.37088964258642465f,0.038565543607221246f,0.49246408371414346f,0.37283379621338214f,0.9245469978710176f,-0.07878965115297079f,1.3165534540493282f,-0.006433392007685804f,0.08748555166313325f,0.9961450144017551f,-0.12783650013859174f,0f,0f,0f,1f],start_interpolation:0}
execute if entity @s[tag=aj.nep_moonlight_slash.locator_origin.moonlight_greatsword] at @s on origin run tp @s ^-1.50687 ^1.2142 ^0.07346 ~168.83881 ~17.55911
execute if entity @s[tag=aj.nep_moonlight_slash.bone.moonlight_greatsword] run data modify entity @s {} merge value {transformation:[0.2669288123053877f,1.367810033284942f,0.26168702295460405f,-0.7428268640701715f,-1.3399116735497227f,0.17964109774864515f,0.42778634744625266f,1.3133895492825598f,0.3795011096465719f,-0.32781117250830544f,1.3263310744049965f,-0.09466553186173286f,0f,0f,0f,1f],start_interpolation:0}
execute if entity @s[tag=aj.nep_moonlight_slash.bone.left_arm2] run data modify entity @s {} merge value {transformation:[0.18824731666716044f,0.9646263595618324f,0.18455062775861883f,-0.6512662764462207f,-0.9449514832747355f,0.12668903863265332f,0.30168954530644815f,1.316002273862995f,0.26763714619703144f,-0.231183636810265f,0.9353739808476009f,-0.1615988354350243f,0f,0f,0f,1f],start_interpolation:0}
execute if entity @s[tag=aj.nep_moonlight_slash.bone.left_arm] run data modify entity @s {} merge value {transformation:[0.18824731666716044f,0.9697661704179756f,-0.1552949531712723f,-0.3246834336072082f,-0.9449514832747355f,0.22193382772753448f,0.2404414073471589f,1.2672376596185075f,0.26763714619703144f,0.10148374659549599f,0.9581604287135062f,-0.09643052134930286f,0f,0f,0f,1f],start_interpolation:0}
execute if entity @s[tag=aj.nep_moonlight_slash.bone.head] run data modify entity @s {} merge value {transformation:[0.9999987416610896f,-0.0015863880632217622f,0.0000070107198315762925f,0.08916306848850987f,0.0015863880955244644f,0.999998741675013f,-0.000004604459239936076f,1.5226235543404574f,-0.00000700340655063799f,0.0000046155751684470725f,0.9999999999648244f,-0.10109112645739633f,0f,0f,0f,1f],start_interpolation:0}
execute if entity @s[tag=aj.nep_moonlight_slash.bone.body_top] run data modify entity @s {} merge value {transformation:[0.9999827964099205f,-0.0008188649762287303f,0.005808299608848409f,0.08948549657289993f,0.0007675236022022945f,0.9999606668757381f,0.008836040343341766f,1.1288890417581354f,-0.005815306674243851f,-0.008831430324687322f,0.9999440924605258f,-0.0976137507670507f,0f,0f,0f,1f],start_interpolation:0}
execute if entity @s[tag=aj.nep_moonlight_slash.bone.body] run data modify entity @s {} merge value {transformation:[0.9999827964099205f,-0.0008188649762287303f,0.005808299608848409f,0.08984375f,0.0007675236022022945f,0.9999606668757381f,0.008836040343341766f,0.69140625f,-0.005815306674243851f,-0.008831430324687322f,0.9999440924605258f,-0.09375f,0f,0f,0f,1f],start_interpolation:0}
execute if entity @s[tag=aj.nep_moonlight_slash.bone.right_leg2] run data modify entity @s {} merge value {transformation:[0.9969726843108678f,-0.07696119398692475f,0.01106532232198326f,0.26797896764489176f,0.07723344216366596f,0.9966542866055886f,-0.026743754453270957f,0.4327503165848412f,-0.008970069650460256f,0.02751740559740551f,0.9995810773717426f,-0.044952069822372376f,0f,0f,0f,1f],start_interpolation:0}
execute if entity @s[tag=aj.nep_moonlight_slash.bone.right_leg] run data modify entity @s {} merge value {transformation:[0.9944990718099319f,-0.10461542858535401f,-0.005216154818114611f,0.21484375f,0.10434675503849732f,0.9851446301568983f,0.1363884613373278f,0.78515625f,-0.00912967042776889f,-0.13618248703460595f,0.9906417007894175f,-0.09375f,0f,0f,0f,1f],start_interpolation:0}
execute if entity @s[tag=aj.nep_moonlight_slash.bone.left_leg2] run data modify entity @s {} merge value {transformation:[0.9958111133847453f,0.09026157415489935f,-0.014597078149874895f,-0.09308578064267278f,-0.09131692539885844f,0.9898632689171771f,-0.10877466609601451f,0.43165217016881513f,0.004630938904074832f,0.10965198164957954f,0.9939592533525642f,-0.060984678816972865f,0f,0f,0f,1f],start_interpolation:0}
execute if entity @s[tag=aj.nep_moonlight_slash.bone.left_leg] run data modify entity @s {} merge value {transformation:[0.9929749608163316f,0.11802239131803156f,0.008452357030920513f,-0.03515625f,-0.11830088593434311f,0.9888070432665292f,0.09091496891960994f,0.78515625f,0.0023722518741193096f,-0.09127620902555895f,0.9958227884955074f,-0.09375f,0f,0f,0f,1f],start_interpolation:0}
execute if entity @s[tag=aj.nep_moonlight_slash.locator_origin.nep_ride] at @s on origin run tp @s ^0.07422 ^1.61719 ^-3.29687 ~-180 ~0