execute if entity @s[tag=aj.nep_moonlight_slash.bone.right_arm2] run data modify entity @s {} merge value {transformation:[0.9077649583736883f,-0.3576482613349488f,-0.21920424611057188f,0.5054446688264854f,0.4105625112029608f,0.8646808789070607f,0.28942253203099444f,1.133569358397446f,0.08603025481500523f,-0.35272467849103134f,0.9317639703486414f,-0.09323679466861136f,0f,0f,0f,1f],start_interpolation:0}
execute if entity @s[tag=aj.nep_moonlight_slash.bone.right_arm] run data modify entity @s {} merge value {transformation:[0.9077649583736883f,-0.41809541832088415f,-0.03404411150112259f,0.4983447199756851f,0.4105625112029608f,0.9021827581157216f,-0.13230531113084004f,1.315762867822812f,0.08603025481500523f,0.10612488934173038f,0.9906241987346517f,-0.08660238425484539f,0f,0f,0f,1f],start_interpolation:0}
execute if entity @s[tag=aj.nep_moonlight_slash.locator_origin.moonlight_greatsword] at @s on origin run tp @s ^-1.4939 ^1.31065 ^-0.33241 ~-170.65072 ~-0.59197
execute if entity @s[tag=aj.nep_moonlight_slash.bone.moonlight_greatsword] run data modify entity @s {} merge value {transformation:[0.10351074731620945f,1.3953007683635015f,-0.2303403285810472f,-0.7199060724657272f,-1.414183832538395f,0.10249313044996869f,-0.014649982052714514f,1.3624103465622368f,0.0022335965658495183f,0.230794930601499f,1.399058285787834f,-0.1905823984205143f,0f,0f,0f,1f],start_interpolation:0}
execute if entity @s[tag=aj.nep_moonlight_slash.bone.left_arm2] run data modify entity @s {} merge value {transformation:[0.07299931491170694f,0.9840137650166842f,-0.1624438680902151f,-0.6103762307398033f,-0.9973307469141298f,0.07228165673606607f,-0.01033166778373255f,1.3735394026809038f,0.001575208597403517f,0.16276446896414254f,0.9866636946602907f,-0.21796198304936637f,0f,0f,0f,1f],start_interpolation:0}
execute if entity @s[tag=aj.nep_moonlight_slash.bone.left_arm] run data modify entity @s {} merge value {transformation:[0.07299931491170694f,0.8961665591991956f,-0.4376717927802705f,-0.32119926662609133f,-0.9973307469141298f,0.06628758784250313f,-0.030615959199841072f,1.2695879305174198f,0.001575208597403517f,0.4387384800437467f,0.8986134123452518f,-0.08065930696102007f,0f,0f,0f,1f],start_interpolation:0}
execute if entity @s[tag=aj.nep_moonlight_slash.bone.head] run data modify entity @s {} merge value {transformation:[0.999923345735338f,0.01198629081483325f,0.0031034635408922484f,0.09312515050249234f,-0.011984854285211129f,0.9999280633349297f,-0.00048106446458269503f,1.5208679706953894f,-0.0031090064666481274f,0.00044383303062285606f,0.999995068533356f,-0.0393528602609827f,0f,0f,0f,1f],start_interpolation:0}
execute if entity @s[tag=aj.nep_moonlight_slash.bone.body_top] run data modify entity @s {} merge value {transformation:[0.998200715132925f,0.003947549476682514f,-0.059831005016181056f,0.0915708028960486f,-0.007847442888772833f,0.9978486865508444f,-0.06508775913228468f,1.1279650503659944f,0.059445352620912155f,0.0654401681070885f,0.9960842506785715f,-0.06511992645314879f,0f,0f,0f,1f],start_interpolation:0}
execute if entity @s[tag=aj.nep_moonlight_slash.bone.body] run data modify entity @s {} merge value {transformation:[0.998200715132925f,0.003947549476682514f,-0.059831005016181056f,0.08984375f,-0.007847442888772833f,0.9978486865508444f,-0.06508775913228468f,0.69140625f,0.059445352620912155f,0.0654401681070885f,0.9960842506785715f,-0.09375f,0f,0f,0f,1f],start_interpolation:0}
execute if entity @s[tag=aj.nep_moonlight_slash.bone.right_leg2] run data modify entity @s {} merge value {transformation:[0.997055377320889f,-0.07650325388252485f,0.005275101978687051f,0.27323037523416194f,0.07632871519000375f,0.9966957854976225f,0.02777478008411033f,0.43753652261487075f,-0.007382532962533538f,-0.027290352080237917f,0.9996002875601796f,-0.02201396737723818f,0f,0f,0f,1f],start_interpolation:0}
execute if entity @s[tag=aj.nep_moonlight_slash.bone.right_leg] run data modify entity @s {} merge value {transformation:[0.9927625158958421f,-0.11930354343871838f,-0.013756873014012261f,0.21484375f,0.11963710219388068f,0.9724912893409632f,0.19986909699751498f,0.78515625f,-0.01046665232100376f,-0.2000683800077287f,0.979726029311396f,-0.09375f,0f,0f,0f,1f],start_interpolation:0}
execute if entity @s[tag=aj.nep_moonlight_slash.bone.left_leg2] run data modify entity @s {} merge value {transformation:[0.9961502560210851f,0.08605007852919606f,-0.016734736754601694f,-0.09849822622674297f,-0.08721823019718314f,0.9920671083682374f,-0.09053083902822882f,0.43200229240077165f,0.008811796093748263f,0.09164189259832593f,0.9957530395487624f,-0.0679700168795024f,0f,0f,0f,1f],start_interpolation:0}
execute if entity @s[tag=aj.nep_moonlight_slash.bone.left_leg] run data modify entity @s {} merge value {transformation:[0.9910781360875849f,0.13316558010538979f,0.005572830910198903f,-0.03515625f,-0.13322046866739304f,0.9884814676094786f,0.07181013104466104f,0.78515625f,0.004053997681153469f,-0.0719118659736087f,0.9974027514675278f,-0.09375f,0f,0f,0f,1f],start_interpolation:0}
execute if entity @s[tag=aj.nep_moonlight_slash.locator_origin.nep_ride] at @s on origin run tp @s ^0.07422 ^0.95117 ^-3.29687 ~-180 ~0