# This file was generated by Animated Java via MC-Build. It is not recommended to edit this file directly.
$data merge entity $(bone_right_arm2) { transformation: [-0.2708198020521052f,0.9553837807525838f,0.11789175667262614f,-0.08256357554538835f,-0.8359780480595789f,-0.2941389851751124f,0.4632741742884572f,1.2962184750543733f,0.47728119382493506f,0.026908899551155517f,0.8783385299222565f,5.049285443627334f,0f,0f,0f,1f], start_interpolation: 0, interpolation_duration: 1 }
$data merge entity $(bone_right_arm) { transformation: [-0.2708198020521052f,0.959317532776974f,0.07979038866403834f,0.15726580764885514f,-0.8359780480595789f,-0.27547568895050356f,0.4746091528402525f,1.2273495528167473f,0.47728119382493506f,0.061830543455036496f,0.8765726700719683f,5.064743079491094f,0f,0f,0f,1f], start_interpolation: 0, interpolation_duration: 1 }
$data merge entity $(bone_steel_slash) { transformation: [0.000007242637419304734f,0.000017906697718172423f,-0.00001520640186961606f,-1.4623060919573896f,-0.00002334782240909901f,0.000007248302241737689f,-0.0000025848754599345645f,1.3710643661711692f,0.0000026007056241409666f,0.000015203702483941092f,0.000019142205693549078f,8.438675730179046f,0f,0f,0f,1f], start_interpolation: 0, interpolation_duration: 1 }
$data merge entity $(bone_gundyr_halberd) { transformation: [1.0066038447169294f,2.4887274794748118f,-2.113432124251724f,-0.464470478109246f,-3.2449515890612193f,1.0073911590211706f,-0.3592538774824311f,1.3133439290382753f,0.36145400199925304f,2.1130569553952028f,2.6604421472390247f,5.141644343338371f,0f,0f,0f,1f], start_interpolation: 0, interpolation_duration: 1 }
$data merge entity $(bone_left_arm2) { transformation: [0.7235512351638629f,0.6695823429850442f,0.1677292343496108f,-0.5343617652151869f,-0.30530859590928994f,0.09250709147730678f,0.9477494918438664f,1.3347081568511703f,0.6190801816863032f,-0.736954492481773f,0.2713628652822384f,4.953611526371136f,0f,0f,0f,1f], start_interpolation: 0, interpolation_duration: 1 }
$data merge entity $(bone_left_arm) { transformation: [0.7235512351638629f,0.6683950642910932f,0.1723996755337826f,-0.2768190947469307f,-0.30530859590928994f,0.08588835124491867f,0.9483722119422981f,1.3180166701737388f,0.6190801816863032f,-0.7388309882183711f,0.266211381220862f,4.846288802027331f,0f,0f,0f,1f], start_interpolation: 0, interpolation_duration: 1 }
$data merge entity $(bone_head) { transformation: [0.6411831639278357f,0.2234120824752028f,-0.7341465737164363f,0.018092720758905285f,-0.0836960026625409f,0.9713347763822577f,0.2224943399925972f,1.4074843460916344f,0.7628100218493474f,-0.08121449128402286f,0.6415022034036013f,4.99907253329772f,0f,0f,0f,1f], start_interpolation: 0, interpolation_duration: 1 }
$data merge entity $(bone_body_top) { transformation: [0.9307075435702665f,0.028283187061758305f,-0.3646690687061762f,0.006956215853337954f,-0.14697398824713864f,0.9418925025747931f,-0.30205489628894183f,1.0366141732028096f,0.3349359866006193f,0.3347216379665693f,0.8807833501814432f,4.867275888348383f,0f,0f,0f,1f], start_interpolation: 0, interpolation_duration: 1 }
$data merge entity $(bone_body) { transformation: [0.9819244642463418f,0.02701008215013641f,-0.1873360669406115f,-0.004860695087346725f,-0.08829806219863605f,0.9408323958921364f,-0.32716640269414593f,0.625f,0.16741504928321171f,0.3377941063756221f,0.9262112841956713f,4.719490966809048f,0f,0f,0f,1f], start_interpolation: 0, interpolation_duration: 1 }
$data merge entity $(bone_right_leg2) { transformation: [0.9971867048288474f,0.04713180863469203f,0.058286090342446174f,0.11559219201699795f,0f,0.7775851205504821f,-0.6287776875005124f,0.3481353410892116f,-0.07495782622638565f,0.6270087502685388f,0.7753975440856774f,4.654307880969007f,0f,0f,0f,1f], start_interpolation: 0, interpolation_duration: 1 }
$data merge entity $(bone_right_leg) { transformation: [0.9971867048288474f,0.011674298432726977f,0.07404313924117924f,0.11978764301625922f,0f,0.9877973117517589f,-0.15574489043303588f,0.703125f,-0.07495782622638565f,0.15530673408484894f,0.9850183463445301f,4.71012123853075f,0f,0f,0f,1f], start_interpolation: 0, interpolation_duration: 1 }
$data merge entity $(bone_left_leg2) { transformation: [0.9971867048288474f,-0.02588280239681609f,0.0703473969146862f,-0.11398111744259713f,0f,0.938493022759556f,0.3452981989985346f,0.40946355216081315f,-0.07495782622638565f,-0.34432677324268435f,0.9358527648704662f,4.935433269526705f,0f,0f,0f,1f], start_interpolation: 0, interpolation_duration: 1 }
$data merge entity $(bone_left_leg) { transformation: [0.9971867048288474f,-0.04320811338672835f,0.06125140529118214f,-0.12950903319095264f,0f,0.8171448983351286f,0.5764323161697932f,0.703125f,-0.07495782622638565f,-0.5748106419182164f,0.8148460285385104f,4.728860695087346f,0f,0f,0f,1f], start_interpolation: 0, interpolation_duration: 1 }
data modify entity @s data merge value {"locators":{"slash1":{"posx":-1.462300405951199,"posy":1.3710645023678871,"posz":8.438661118073751,"roty":218.46332375097504,"rotx":-6.035663366424436},"gundyr_halberd1":{"posx":-1.5310625103263305,"posy":1.1266936191931005,"posz":6.436316468297324,"roty":218.46332375097504,"rotx":-6.0356633664244335},"gundyr_halberd2":{"posx":-0.48723322944590586,"posy":1.3041299855106427,"posz":5.122317602892684,"roty":218.46332375097504,"rotx":-6.0356633664244335},"gundyr_halberd3":{"posx":0.16999261407139843,"posy":1.4158491791179841,"posz":4.2949849839342065,"roty":218.46332375097504,"rotx":-6.0356633664244335},"player_camera":{"posx":0.04198794630414432,"posy":-0.1875,"posz":5.342732657327078,"roty":175.70120089558316,"rotx":0}},"cameras":{}}