# This file was generated by Animated Java via MC-Build. It is not recommended to edit this file directly.
$data merge entity $(bone_right_arm2) { transformation: [-0.36465463822811905f,0.9310989312319953f,-0.009042957334618074f,-0.10164492208392004f,-0.82807186150419f,-0.3198333812881104f,0.46043848709550755f,1.3004202686642288f,0.4258215436115288f,0.17538924845169482f,0.887645551176732f,5.080250028948296f,0f,0f,0f,1f], start_interpolation: 0, interpolation_duration: 1 }
$data merge entity $(bone_right_arm) { transformation: [-0.36465463822811905f,0.9310989312319953f,-0.009042957334618074f,0.13112981072407878f,-0.82807186150419f,-0.3198333812881104f,0.46043848709550755f,1.2204619233422012f,0.4258215436115288f,0.17538924845169482f,0.887645551176732f,5.124097341061219f,0f,0f,0f,1f], start_interpolation: 0, interpolation_duration: 1 }
$data merge entity $(bone_steel_slash) { transformation: [0.000007399560791447211f,1.4787134040112033f,-1.3214942554961713f,-1.84065425428743f,-0.000023343579788929395f,0.627517240154138f,-0.3033019782718126f,1.185652345112424f,0.000002159643607019931f,1.7163336701989174f,1.249429832030201f,8.158252134836573f,0f,0f,0f,1f], start_interpolation: 0, interpolation_duration: 1 }
$data merge entity $(bone_gundyr_halberd) { transformation: [1.0284135337265616f,2.149187976141244f,-2.4488707107499703f,-0.48826300460784205f,-3.2443619367664582f,0.9120445542065249f,-0.5620511235771452f,1.3331211372778826f,0.3001538572468379f,2.494549435361673f,2.3153275983384547f,5.118559970724161f,0f,0f,0f,1f], start_interpolation: 0, interpolation_duration: 1 }
$data merge entity $(bone_left_arm2) { transformation: [0.6203548040764275f,0.7715385516728033f,0.1410254599068214f,-0.5410618823970232f,-0.3230072935132745f,0.08746726181405423f,0.9423458847196081f,1.3429884428117136f,0.7147210682472755f,-0.6301410488084273f,0.30347331548274303f,4.906506964884335f,0f,0f,0f,1f], start_interpolation: 0, interpolation_duration: 1 }
$data merge entity $(bone_left_arm) { transformation: [0.6203548040764275f,0.7715385516728033f,0.1410254599068214f,-0.270632893969269f,-0.3230072935132745f,0.08746726181405423f,0.9423458847196081f,1.3244793465760678f,0.7147210682472755f,-0.6301410488084273f,0.30347331548274303f,4.838311836213138f,0f,0f,0f,1f], start_interpolation: 0, interpolation_duration: 1 }
$data merge entity $(bone_head) { transformation: [0.5210352401476532f,0.2687075512278728f,-0.8101348841010352f,5.5802560363976336e-8f,-0.10315513047771568f,0.9620192117297981f,0.25274108355964553f,1.4061195108962452f,0.8472787602556805f,-0.048117441493686575f,0.5289644735175499f,5.0343041895526826f,0f,0f,0f,1f], start_interpolation: 0, interpolation_duration: 1 }
$data merge entity $(bone_body_top) { transformation: [0.8660254083896397f,6.713090038718006e-8f,-0.4999999920235534f,2.9369768336524188e-8f,-0.17101009073154988f,0.9396926446872123f,-0.29619804588946874f,1.0361155320506554f,0.4698462949641563f,0.3420200776573625f,0.8137977178560448f,4.899633783975096f,0f,0f,0f,1f], start_interpolation: 0, interpolation_duration: 1 }
$data merge entity $(bone_body) { transformation: [0.9537169535178472f,6.713090038718006e-8f,-0.3007057907201522f,-5.828670879282072e-16f,-0.10284747805689257f,0.9396926446872123f,-0.32619032753607174f,0.625f,0.28257099785712875f,0.3420200776573625f,0.8962008132384607f,4.75f,0f,0f,0f,1f], start_interpolation: 0, interpolation_duration: 1 }
$data merge entity $(bone_right_leg2) { transformation: [1f,0f,0f,0.12499999999999942f,0f,0.8433914458128857f,-0.5372996083468238f,0.3440920453690198f,0f,0.5372996083468238f,0.8433914458128857f,4.7343242826655825f,0f,0f,0f,1f], start_interpolation: 0, interpolation_duration: 1 }
$data merge entity $(bone_right_leg) { transformation: [1f,0f,0f,0.12499999999999942f,0f,0.9990482215818578f,-0.043619387365336f,0.703125f,0f,0.043619387365336f,0.9990482215818578f,4.75f,0f,0f,0f,1f], start_interpolation: 0, interpolation_duration: 1 }
$data merge entity $(bone_left_leg2) { transformation: [1f,0f,0f,-0.12500000000000058f,0f,0.9762960071199335f,0.21643961393810288f,0.3843554818265766f,0f,-0.21643961393810288f,0.9762960071199335f,4.915940907881341f,0f,0f,0f,1f], start_interpolation: 0, interpolation_duration: 1 }
$data merge entity $(bone_left_leg) { transformation: [1f,0f,0f,-0.12500000000000058f,0f,0.8870108331782217f,0.4617486132350339f,0.703125f,0f,-0.4617486132350339f,0.8870108331782217f,4.75f,0f,0f,0f,1f], start_interpolation: 0, interpolation_duration: 1 }
data modify entity @s data merge value {"locators":{"slash1":{"posx":-1.3312234001809373,"posy":1.2456700120355264,"posz":7.061526096458714,"roty":226.60561194670817,"rotx":-9.46835046986843},"gundyr_halberd1":{"posx":-1.717423428601497,"posy":1.047180845564111,"posz":6.239289917750821,"roty":226.60561194670817,"rotx":-9.468350469868435},"gundyr_halberd2":{"posx":-0.5079202117066949,"posy":1.324779266355262,"posz":5.095743969790975,"roty":226.60561194670817,"rotx":-9.468350469868435},"gundyr_halberd3":{"posx":0.2536188507826251,"posy":1.4995634572237644,"posz":4.375733558112553,"roty":226.60561194670817,"rotx":-9.468350469868435},"player_camera":{"posx":-5.828670879282072e-16,"posy":-0.1875,"posz":5.375,"roty":180,"rotx":0}},"cameras":{}}