# This file was generated by Animated Java via MC-Build. It is not recommended to edit this file directly.
$data merge entity $(bone_right_arm2) { transformation: [0.46091963168283173f,0.14444273928536594f,0.8756080105829905f,0.2316597336812234f,-0.8748903254362743f,-0.09139736651102612f,0.4756190070348947f,1.26885741331295f,0.14872797849554997f,-0.985283114877439f,0.08424471467123776f,5.4879619032323745f,0f,0f,0f,1f], start_interpolation: 0, interpolation_duration: 1 }
$data merge entity $(bone_right_arm) { transformation: [0.46091963168283173f,0.14444273928536594f,0.8756080105829905f,0.2677704185025649f,-0.8748903254362743f,-0.09139736651102612f,0.4756190070348947f,1.2460080716851936f,0.14872797849554997f,-0.985283114877439f,0.08424471467123776f,5.241641124513015f,0f,0f,0f,1f], start_interpolation: 0, interpolation_duration: 1 }
$data merge entity $(bone_steel_slash) { transformation: [-0.000006094217064679217f,5.913196105412941f,3.628528296019287f,6.168295640518136f,-0.00002343496933941565f,-2.9644936736421816f,-0.4218954323742198f,-0.7069498749825227f,0.000004242995192903092f,-7.880404340834618f,2.881439168159346f,4.113328485033714f,0f,0f,0f,1f], start_interpolation: 0, interpolation_duration: 1 }
$data merge entity $(bone_gundyr_halberd) { transformation: [-0.8469928801757557f,1.9636742428954923f,2.664619605090284f,0.15898760633803838f,-3.257063535308616f,-0.9844591260602652f,-0.3098200561466457f,1.1711753755773984f,0.5897044166407688f,-2.616951434019475f,2.115992675811732f,5.855442194236928f,0f,0f,0f,1f], start_interpolation: 0, interpolation_duration: 1 }
$data merge entity $(bone_left_arm2) { transformation: [0.6493486231518015f,-0.6393174388248715f,0.4118489747774856f,0.0460586368146436f,-0.29947686123395734f,0.2828322658606993f,0.9112186998594571f,1.2909536386676723f,-0.6990421841321999f,-0.7150378464126979f,-0.007804037491855646f,5.872678508618526f,0f,0f,0f,1f], start_interpolation: 0, interpolation_duration: 1 }
$data merge entity $(bone_left_arm) { transformation: [0.6493486231518015f,-0.6393174388248715f,0.4118489747774856f,-0.03260214499759907f,-0.29947686123395734f,0.2828322658606993f,0.9112186998594571f,1.3242270974786026f,-0.6990421841321999f,-0.7150378464126979f,-0.007804037491855646f,5.606538773998826f,0f,0f,0f,1f], start_interpolation: 0, interpolation_duration: 1 }
$data merge entity $(bone_head) { transformation: [0.8372677340004122f,0.1476543468936321f,0.5264797578684572f,0.1582330110182163f,-0.10264410602632223f,0.9881752033405726f,-0.1139032703695333f,1.406126413195024f,-0.5370725547818204f,0.041327488990173036f,0.8425230617341553f,5.332322148292795f,0f,0f,0f,1f], start_interpolation: 0, interpolation_duration: 1 }
$data merge entity $(bone_body_top) { transformation: [0.45337477134980764f,0.3419515823930466f,0.8231162931216954f,0.023589575450954164f,-0.17018462588154043f,0.9397009482045401f,-0.29664679512350783f,1.0361191648394863f,-0.8749220021333728f,-0.005589565491142477f,0.48423160464859216f,5.334523039704933f,0f,0f,0f,1f], start_interpolation: 0, interpolation_duration: 1 }
$data merge entity $(bone_body) { transformation: [0.2644730062883079f,0.3419515823930466f,0.9017334108503f,-0.12601424184600374f,-0.10194445290884005f,0.9397009482045401f,-0.3264497763280067f,0.625f,-0.958989758790959f,-0.005589565491142477f,0.28338560177199945f,5.336968474607308f,0f,0f,0f,1f], start_interpolation: 0, interpolation_duration: 1 }
$data merge entity $(bone_right_leg2) { transformation: [-0.016361731626487453f,-0.05178434767805862f,0.9985242486157964f,0.06747960034219405f,0f,0.99865793105408f,0.05179128056714183f,0.40162105551403704f,-0.9998661379095617f,0.0008473950332316899f,-0.016339773054570066f,5.2087854214385905f,0f,0f,0f,1f], start_interpolation: 0, interpolation_duration: 1 }
$data merge entity $(bone_right_leg) { transformation: [-0.016361731626487453f,-0.5441086849155026f,0.838855191757019f,-0.12805945829931467f,0f,0.8389674977000708f,0.5441815301927121f,0.703125f,-0.9998661379095617f,0.008903752153104435f,-0.013726961040714289f,5.211985207368612f,0f,0f,0f,1f], start_interpolation: 0, interpolation_duration: 1 }
$data merge entity $(bone_left_leg2) { transformation: [-0.016361731626487453f,0.8174753695393846f,0.5757311125296507f,-0.35718411406339967f,0f,0.5758081914178452f,-0.8175848131515837f,0.42972684932558747f,-0.9998661379095617f,-0.013377103294678103f,-0.009421219096311901f,5.465768055397791f,0f,0f,0f,1f], start_interpolation: 0, interpolation_duration: 1 }
$data merge entity $(bone_left_leg) { transformation: [-0.016361731626487453f,0.6489463336924016f,0.7606582345083583f,-0.1239690253926928f,0f,0.7607600714418435f,-0.6490332146352766f,0.703125f,-0.9998661379095617f,-0.010619307274538825f,-0.012447352121078866f,5.461951741846003f,0f,0f,0f,1f], start_interpolation: 0, interpolation_duration: 1 }
data modify entity @s data merge value {"locators":{"slash1":{"posx":2.7998273585629025,"posy":0.13439203379315368,"posz":3.9221062439725074,"roty":128.45332976555295,"rotx":-5.20267300443484},"gundyr_halberd1":{"posx":1.457089293215903,"posy":1.0271586935116184,"posz":6.9244716691868025,"roty":128.45332976555292,"rotx":-5.202673004434847},"gundyr_halberd2":{"posx":0.141027171189604,"posy":1.1801795749011204,"posz":5.879377725645643,"roty":128.45332976555292,"rotx":-5.202673004434847},"gundyr_halberd3":{"posx":-0.6876045352713989,"posy":1.2765260557759919,"posz":5.221355613045653,"roty":128.45332976555292,"rotx":-5.202673004434847},"player_camera":{"posx":0.49890209434747235,"posy":-0.1875,"posz":5.326742392340753,"roty":89.06249999999993,"rotx":0}},"cameras":{}}