# This file was generated by Animated Java via MC-Build. It is not recommended to edit this file directly.
$data merge entity $(bone_right_arm2) { transformation: [0.761856792668918f,0.0021646998177575483f,0.6477418787904082f,0.33728034992709877f,-0.16186264446907744f,0.9689060341009401f,0.18714053918984191f,1.0059151204902221f,-0.6271959118088272f,-0.24741950439988913f,0.7385180275746878f,5.635413816958462f,0f,0f,0f,1f], start_interpolation: 0, interpolation_duration: 1 }
$data merge entity $(bone_right_arm) { transformation: [0.761856792668918f,0.0021646998177575483f,0.6477418787904082f,0.33782152488153816f,-0.16186264446907744f,0.9689060341009401f,0.18714053918984191f,1.2481416290154572f,-0.6271959118088272f,-0.24741950439988913f,0.7385180275746878f,5.57355894085849f,0f,0f,0f,1f], start_interpolation: 0, interpolation_duration: 1 }
$data merge entity $(bone_steel_slash) { transformation: [-0.000011034687589215011f,0.000013623571767419259f,-1.3786352437315472f,-2.400526788329206f,-0.00001746532160103113f,-0.000017137958243800273f,-0.18919968514293545f,0.8798530314791243f,-0.000013324356981061312f,0.000011181634822757941f,1.389728794283564f,8.29549681551496f,0f,0f,0f,1f], start_interpolation: 0, interpolation_duration: 1 }
$data merge entity $(bone_gundyr_halberd) { transformation: [-1.5336345462976797f,1.893445567675219f,-2.3950866522454852f,-0.3732536240613333f,-2.42738368014331f,-2.381885722019699f,-0.32869436825679466f,1.3159979580835266f,-1.8518597838085216f,1.5540577211290698f,2.4143593460011075f,6.04490134767192f,0f,0f,0f,1f], start_interpolation: 0, interpolation_duration: 1 }
$data merge entity $(bone_left_arm2) { transformation: [0.5172996527268604f,0.6507414220239992f,0.5558207183533665f,-0.38028403031933705f,-0.8008498636655306f,0.1391059494228385f,0.5824852192992297f,1.3836408195695726f,0.30172929117931263f,-0.7464483481777919f,0.5931056384381079f,5.925783323880852f,0f,0f,0f,1f], start_interpolation: 0, interpolation_duration: 1 }
$data merge entity $(bone_left_arm) { transformation: [0.5172996527268604f,0.6507414220239992f,0.5558207183533665f,-0.15293621822247971f,-0.8008498636655306f,0.1391059494228385f,0.5824852192992297f,1.318311073967091f,0.30172929117931263f,-0.7464483481777919f,0.5931056384381079f,5.776887398233818f,0f,0f,0f,1f], start_interpolation: 0, interpolation_duration: 1 }
$data merge entity $(bone_head) { transformation: [0.8441103442751201f,0.08817728474297634f,0.5288690699436807f,0.15483176759067008f,-0.059546208076284274f,0.9956994176309957f,-0.07097125356812944f,1.4061195029022882f,-0.5328526773804123f,0.028415421599053248f,0.8457308011559436f,5.650836379925955f,0f,0f,0f,1f], start_interpolation: 0, interpolation_duration: 1 }
$data merge entity $(bone_body_top) { transformation: [0.8562275504317891f,0.2796304438484566f,0.43437448906984943f,0.04472728032534028f,-0.15127163953976247f,0.9396926350704219f,-0.3067485006733676f,1.0361155278433096f,-0.4939547276345575f,0.1969379761943388f,0.8468908787913282f,5.5732920517994335f,0f,0f,0f,1f], start_interpolation: 0, interpolation_duration: 1 }
$data merge entity $(bone_body) { transformation: [0.8038494303268374f,0.2796304438484566f,0.5250075315996273f,-0.07761103885835947f,-0.11697778144394763f,0.9396926350704219f,-0.3213937619849814f,0.625f,-0.5832171911146572f,0.1969379761943388f,0.7880819383292623f,5.4871316872144105f,0f,0f,0f,1f], start_interpolation: 0, interpolation_duration: 1 }
$data merge entity $(bone_right_leg2) { transformation: [0.5839948413290942f,0.3365054453655308f,0.7387246513690683f,0.02237469466546979f,-0.016242545831264135f,0.9146931407536929f,-0.4038225327579732f,0.34588513206877536f,-0.8115948527473082f,0.2238315069365588f,0.5396417807180832f,5.412237862777438f,0f,0f,0f,1f], start_interpolation: 0, interpolation_duration: 1 }
$data merge entity $(bone_right_leg) { transformation: [0.5839948413290942f,-0.07794006148618793f,0.8080070371701814f,-0.005635014931128994f,-0.016242545831264135f,0.9940587629390598f,0.10762599838786793f,0.703125f,-0.8115948527473082f,-0.07597711918462889f,0.579259244513611f,5.3849335855704625f,0f,0f,0f,1f], start_interpolation: 0, interpolation_duration: 1 }
$data merge entity $(bone_left_leg2) { transformation: [0.5803298923273755f,0.2650783563597755f,0.7700329090765512f,-0.1157997262955586f,0.01825520839217454f,0.9410713583353753f,-0.3377150365135817f,0.3457028481320104f,-0.8141768625046124f,0.21004324200128743f,0.5412927794195426f,5.605398761195294f,0f,0f,0f,1f], start_interpolation: 0, interpolation_duration: 1 }
$data merge entity $(bone_left_leg) { transformation: [0.5803298923273755f,-0.09401693632008723f,0.8089363582855459f,-0.14958706278558995f,0.01825520839217454f,0.9945659878065797f,0.10249508897932903f,0.703125f,-0.8141768625046124f,-0.04471366215494938f,0.5788926713811793f,5.589329788858358f,0f,0f,0f,1f], start_interpolation: 0, interpolation_duration: 1 }
data modify entity @s data merge value {"locators":{"slash1":{"posx":-1.5644070652678908,"posy":0.9946032993965119,"posz":7.452644114997646,"roty":224.7704022247448,"rotx":-5.52057702272357},"gundyr_halberd1":{"posx":-1.5735108629844865,"posy":1.1754405480483388,"posz":7.223145374771896,"roty":224.77040222474483,"rotx":-5.520577022723573},"gundyr_halberd2":{"posx":-0.3905717237656798,"posy":1.3377834982239507,"posz":6.030687405100617,"roty":224.77040222474483,"rotx":-5.520577022723573},"gundyr_halberd3":{"posx":0.3542418083350503,"posy":1.4399994298160026,"posz":5.279880535307591,"roty":224.77040222474483,"rotx":-5.520577022723573},"player_camera":{"posx":0.43337946936138083,"posy":-0.1875,"posz":5.847011806850563,"roty":125.15624999999991,"rotx":0}},"cameras":{}}