# This file was generated by Animated Java via MC-Build. It is not recommended to edit this file directly.
$data merge entity $(bone_right_arm2) { transformation: [0.7858497936853218f,-0.6139016948875227f,0.07459765933971568f,0.4376693762851431f,0.5561344482017813f,0.7543010265984444f,0.348918954480597f,1.0475898782885449f,-0.27047102855580957f,-0.23271156027743814f,0.9341791864654247f,5.892193983213188f,0f,0f,0f,1f], start_interpolation: 0, interpolation_duration: 1 }
$data merge entity $(bone_right_arm) { transformation: [0.7858497936853218f,-0.6139016948875227f,0.07459765933971568f,0.2841939525632624f,0.5561344482017813f,0.7543010265984444f,0.348918954480597f,1.236165134938156f,-0.27047102855580957f,-0.23271156027743814f,0.9341791864654247f,5.834016093143829f,0f,0f,0f,1f], start_interpolation: 0, interpolation_duration: 1 }
$data merge entity $(bone_steel_slash) { transformation: [-3.700303810162711e-7f,-0.000008642546665369667f,-0.000023011078689010014f,-3.52316498858111f,-0.00002232854861870307f,-0.000009504746328907493f,0.000003928866450149561f,1.8030501998126822f,-0.000010278096704989506f,0.000020959638883764323f,-0.000007706785566165473f,4.7097453892177f,0f,0f,0f,1f], start_interpolation: 0, interpolation_duration: 1 }
$data merge entity $(bone_gundyr_halberd) { transformation: [-0.05142795125988854f,-1.201167502644598f,-3.1981499194895275f,-0.5931995198549719f,-3.103289808023139f,-1.3209986423227362f,0.5460458456140068f,1.3940258983055827f,-1.4284812369646434f,2.9130345567265667f,-1.0711125702128286f,5.492842006684611f,0f,0f,0f,1f], start_interpolation: 0, interpolation_duration: 1 }
$data merge entity $(bone_left_arm2) { transformation: [-0.3352652012030381f,0.9404482440894836f,-0.05616355625576014f,-0.48199980751435884f,-0.5390909812548227f,-0.14261056120538798f,0.8300862254985304f,1.4124672525664477f,0.7726436169360356f,0.30857629206031323f,0.554799525221777f,5.466275991911663f,0f,0f,0f,1f], start_interpolation: 0, interpolation_duration: 1 }
$data merge entity $(bone_left_arm) { transformation: [-0.3352652012030381f,0.9404482440894836f,-0.05616355625576014f,-0.2887958966423677f,-0.5390909812548227f,-0.14261056120538798f,0.8300862254985304f,1.309428239608248f,0.7726436169360356f,0.30857629206031323f,0.554799525221777f,5.640000517043745f,0f,0f,0f,1f], start_interpolation: 0, interpolation_duration: 1 }
$data merge entity $(bone_head) { transformation: [0.9803251245474491f,0.0032225761195447122f,0.1973632822593458f,0.008766268976909805f,0.013187137430439172f,0.9965636522006802f,-0.08177399659324672f,1.4061195029022882f,-0.19694859630730854f,0.08276776012189371f,0.9769138899089242f,5.782926615761118f,0f,0f,0f,1f], start_interpolation: 0, interpolation_duration: 1 }
$data merge entity $(bone_body_top) { transformation: [0.9459458472346642f,0.013593658145703633f,-0.3240396064645663f,0.0034137660820389992f,-0.1228465695914654f,0.9396926350704219f,-0.31919660388860044f,1.0361155278433096f,0.30015858215133967f,0.34174985596577f,0.8905682800932633f,5.648362609974597f,0f,0f,0f,1f], start_interpolation: 0, interpolation_duration: 1 }
$data merge entity $(bone_body) { transformation: [0.9517239663469959f,0.013593658145703633f,-0.3066540466697939f,-0.00253345935670634f,-0.11697778144394763f,0.9396926350704219f,-0.3213937619849814f,0.625f,0.2837916322395613f,0.34174985596577f,0.895918157767874f,5.498847047989572f,0f,0f,0f,1f], start_interpolation: 0, interpolation_duration: 1 }
$data merge entity $(bone_right_leg2) { transformation: [0.9994110803687699f,0.005874645649871326f,0.03380800163595411f,0.126614293363891f,-0.01243619018316502f,0.9802652491876589f,0.1972951657004936f,0.4334906002492652f,-0.03198176996128229f,-0.1975994174423234f,0.97976100994916f,5.73142815249448f,0f,0f,0f,1f], start_interpolation: 0, interpolation_duration: 1 }
$data merge entity $(bone_right_leg) { transformation: [0.9994110803687699f,-0.011816408446956743f,0.03221591109285779f,0.12236777157826591f,-0.01243619018316502f,0.7502870253933489f,0.660995250134317f,0.703125f,-0.03198176996128229f,-0.6610066202526379f,0.7496982155323091f,5.493878898341189f,0f,0f,0f,1f], start_interpolation: 0, interpolation_duration: 1 }
$data merge entity $(bone_left_leg2) { transformation: [0.9992750699111932f,0.01802575802432032f,0.03353217412618605f,-0.12819664665944003f,0.013977057846213708f,0.6455798134625915f,-0.7635648933152761f,0.3767082924016204f,-0.035411530720145454f,0.7634800432868263f,0.6448598661684584f,5.353475771511182f,0f,0f,0f,1f], start_interpolation: 0, interpolation_duration: 1 }
$data merge entity $(bone_left_leg) { transformation: [0.9992750699111932f,0.0021202264146405417f,0.03801104173698572f,-0.1274346902916786f,0.013977057846213708f,0.9082899689694042f,-0.4181076106979187f,0.703125f,-0.035411530720145454f,0.4183357944397173f,0.9076018877142923f,5.503815197637955f,0f,0f,0f,1f], start_interpolation: 0, interpolation_duration: 1 }
data modify entity @s data merge value {"locators":{"slash1":{"posx":-3.5231493258460977,"posy":1.8030496941379655,"posz":4.7097459238784305,"roty":288.516538121072,"rotx":9.196349648816884},"gundyr_halberd1":{"posx":-2.161787277322562,"posy":1.675801577928867,"posz":4.937173287036264,"roty":288.516538121072,"rotx":9.196349648816884},"gundyr_halberd2":{"posx":-0.5822132317210273,"posy":1.4061082029609735,"posz":5.466198397934063,"roty":288.516538121072,"rotx":9.196349648816884},"gundyr_halberd3":{"posx":0.41233338958364263,"posy":1.236301263166374,"posz":5.799288282573418,"roty":288.516538121072,"rotx":9.196349648816884},"player_camera":{"posx":0.02230728888521144,"posy":-0.1875,"posz":6.1233532026644335,"roty":177.7221679687499,"rotx":0}},"cameras":{}}