# This file was generated by Animated Java via MC-Build. It is not recommended to edit this file directly.
$data merge entity $(bone_right_arm2) { transformation: [0.7490550025255253f,-0.5794390673921256f,-0.32119615559845827f,0.2916309197621132f,0.6488071128962931f,0.5434988899844453f,0.5325958006226225f,1.0973597429919555f,-0.13403705997470172f,-0.6073378991676868f,0.7830547508239247f,6.120608659196764f,0f,0f,0f,1f], start_interpolation: 0, interpolation_duration: 1 }
$data merge entity $(bone_right_arm) { transformation: [0.7490550025255253f,-0.5794390673921256f,-0.32119615559845827f,0.14677115291408183f,0.6488071128962931f,0.5434988899844453f,0.5325958006226225f,1.233234465488067f,-0.13403705997470172f,-0.6073378991676868f,0.7830547508239247f,5.968774184404842f,0f,0f,0f,1f], start_interpolation: 0, interpolation_duration: 1 }
$data merge entity $(bone_steel_slash) { transformation: [9.625192436273132e-7f,-0.00001765664882386737f,-0.00001707795616559687f,-2.7604401262000895f,-0.0000236531709419862f,-0.000005278273208435424f,0.000004124028867996711f,1.8466656610461925f,-0.0000066288263571015785f,0.000016270306144185298f,-0.000017195234132737467f,3.23565909990143f,0f,0f,0f,1f], start_interpolation: 0, interpolation_duration: 1 }
$data merge entity $(bone_gundyr_halberd) { transformation: [0.13377386097871133f,-2.453974921283262f,-2.3735464501338024f,-0.49251996394376046f,-3.287389859733676f,-0.7335905137147539f,0.5731701138571701f,1.3782842450076098f,-0.921294510648016f,2.2612967861410076f,-2.3898460998041906f,5.23625796678604f,0f,0f,0f,1f], start_interpolation: 0, interpolation_duration: 1 }
$data merge entity $(bone_left_arm2) { transformation: [-0.7049813533795297f,0.6872542872055626f,-0.1751651680692845f,-0.38798919927853803f,-0.3732289594806849f,-0.14948660156920207f,0.9156166773034751f,1.3900374308082424f,0.6030766412257499f,0.7108693977580304f,0.36188846919873463f,5.269552025746156f,0f,0f,0f,1f], start_interpolation: 0, interpolation_duration: 1 }
$data merge entity $(bone_left_arm) { transformation: [-0.7049813533795297f,0.6872542872055626f,-0.1751651680692845f,-0.3042982966495886f,-0.3732289594806849f,-0.14948660156920207f,0.9156166773034751f,1.3060121604808563f,0.6030766412257499f,0.7108693977580304f,0.36188846919873463f,5.522653955338883f,0f,0f,0f,1f], start_interpolation: 0, interpolation_duration: 1 }
$data merge entity $(bone_head) { transformation: [0.9940922891419932f,-0.04969955551851821f,-0.09649080189165049f,-0.10971583286136441f,0.03806183078486186f,0.9921752706049471f,-0.11890975333127357f,1.4061195029022882f,0.10164554936511744f,0.11453465231649981f,0.9882054420579773f,5.788052706804338f,0f,0f,0f,1f], start_interpolation: 0, interpolation_duration: 1 }
$data merge entity $(bone_body_top) { transformation: [0.6954565449057253f,-0.15824491474653898f,-0.7009270583339265f,-0.04740689767991467f,-0.11191511638381217f,0.9396926350704219f,-0.3231915195657284f,1.0361155278433096f,0.7097994088984498f,0.30320999085001704f,0.6358053952084269f,5.668663772907144f,0f,0f,0f,1f], start_interpolation: 0, interpolation_duration: 1 }
$data merge entity $(bone_body) { transformation: [0.6843610644399754f,-0.15824491474653898f,-0.7117643433296196f,0.021825252521696134f,-0.11697778144394763f,0.9396926350704219f,-0.3213937619849814f,0.625f,0.7196986397979617f,0.30320999085001704f,0.6245779129313626f,5.5360094019102615f,0f,0f,0f,1f], start_interpolation: 0, interpolation_duration: 1 }
$data merge entity $(bone_right_leg2) { transformation: [0.9088688879719323f,0.03644410528875064f,-0.41548666845804505f,0.046640920785829515f,0.09738743345244677f,0.9500950107354673f,0.29636996875715654f,0.4606829232605427f,0.40555274907489935f,-0.3098246242074299f,0.859962597996283f,5.844794646474003f,0f,0f,0f,1f], start_interpolation: 0, interpolation_duration: 1 }
$data merge entity $(bone_right_leg) { transformation: [0.9088688879719323f,0.23930485522727538f,-0.3415999571740544f,0.1326411031331316f,0.09738743345244677f,0.6746214309271854f,0.7317114272302315f,0.703125f,0.40555274907489935f,-0.6982972942797429f,0.589837144065531f,5.59384405634222f,0f,0f,0f,1f], start_interpolation: 0, interpolation_duration: 1 }
$data merge entity $(bone_left_leg2) { transformation: [0.8964237200375124f,-0.2967164716823275f,-0.32921702505565853f,-0.042349716759190484f,-0.10954699289255904f,0.5714320438154428f,-0.8133049093969024f,0.39348361222852973f,0.42944612060455867f,0.7651305475102248f,0.479740841251189f,5.301830680970049f,0f,0f,0f,1f], start_interpolation: 0, interpolation_duration: 1 }
$data merge entity $(bone_left_leg) { transformation: [0.8964237200375124f,-0.12978332196326636f,-0.42376975292520197f,-0.08899059808973933f,-0.10954699289255904f,0.8616108181466999f,-0.495606955561332f,0.703125f,0.42944612060455867f,0.4906965328925339f,0.7581510021789467f,5.478174747478303f,0f,0f,0f,1f], start_interpolation: 0, interpolation_duration: 1 }
data modify entity @s data merge value {"locators":{"slash1":{"posx":-2.7604262815912914,"posy":1.846664202307061,"posz":3.235666315282532,"roty":315.1960572173803,"rotx":9.657438014593861},"gundyr_halberd1":{"posx":-1.642375452229816,"posy":1.6680840315503105,"posz":4.035224556643656,"roty":315.1960572173803,"rotx":9.657438014593867},"gundyr_halberd2":{"posx":-0.4700750713710477,"posy":1.3849939143403667,"posz":5.215575374229872,"roty":315.1960572173803,"rotx":9.657438014593867},"gundyr_halberd3":{"posx":0.2680399832437322,"posy":1.2067519886896614,"posz":5.958759222339712,"roty":315.1960572173803,"rotx":9.657438014593867},"player_camera":{"posx":-0.2673480196380947,"posy":-0.1875,"posz":6.090088654967438,"roty":207.5599999999999,"rotx":0}},"cameras":{}}