# This file was generated by Animated Java via MC-Build. It is not recommended to edit this file directly.
$data merge entity $(bone_right_arm2) { transformation: [0.7551031910985951f,-0.5636479336368935f,-0.3348435122554698f,0.2799259448449478f,0.6468501520679355f,0.5573263722384086f,0.5205498972982928f,1.0940574597170492f,-0.10678975401417173f,-0.609662465397399f,0.785434673746428f,6.123867800794792f,0f,0f,0f,1f], start_interpolation: 0, interpolation_duration: 1 }
$data merge entity $(bone_right_arm) { transformation: [0.7551031910985951f,-0.5636479336368935f,-0.3348435122554698f,0.13901396143572442f,0.6468501520679355f,0.5573263722384086f,0.5205498972982928f,1.2333890527766513f,-0.10678975401417173f,-0.609662465397399f,0.785434673746428f,5.971452184445442f,0f,0f,0f,1f], start_interpolation: 0, interpolation_duration: 1 }
$data merge entity $(bone_steel_slash) { transformation: [0.0000012638747589079397f,-0.00001794246399837917f,-0.000016757412808618203f,-2.717639310895133f,-0.00002359570836769196f,-0.000005522487436180631f,0.000004133395326101348f,1.8471998257408693f,-0.000006781256889279807f,0.00001587168535354305f,-0.000017505554456157628f,3.1879707261447883f,0f,0f,0f,1f], start_interpolation: 0, interpolation_duration: 1 }
$data merge entity $(bone_gundyr_halberd) { transformation: [0.17565716988212046f,-2.49369838621541f,-2.3289963564520217f,-0.4871584136489985f,-3.2794035358487137f,-0.7675321521471387f,0.5744718927801874f,1.3796841191583757f,-0.9424797710524477f,2.2058952525263225f,-2.4329753650930943f,5.230425834723143f,0f,0f,0f,1f], start_interpolation: 0, interpolation_duration: 1 }
$data merge entity $(bone_left_arm2) { transformation: [-0.71348067059589f,0.6747844602161751f,-0.18870947230281016f,-0.38282900883718696f,-0.3830127628107718f,-0.15007621560151171f,0.9114704345368467f,1.3916170594015873f,0.5867252817205844f,0.7225946732169385f,0.3655275393570322f,5.265218492812029f,0f,0f,0f,1f], start_interpolation: 0, interpolation_duration: 1 }
$data merge entity $(bone_left_arm) { transformation: [-0.71348067059589f,0.6747844602161751f,-0.18870947230281016f,-0.30331797760762946f,-0.3830127628107718f,-0.15007621560151171f,0.9114704345368467f,1.3062214101498628f,0.5867252817205844f,0.7225946732169385f,0.3655275393570322f,5.519207821331337f,0f,0f,0f,1f], start_interpolation: 0, interpolation_duration: 1 }
$data merge entity $(bone_head) { transformation: [0.9920837892737242f,-0.04647678425464971f,-0.11666046282111142f,-0.11255131665931885f,0.03126120582037631f,0.9911489544745185f,-0.12902126590110977f,1.4061195029022882f,0.12162438929320568f,0.12435295963271456f,0.984755730808224f,5.787440490175123f,0f,0f,0f,1f], start_interpolation: 0, interpolation_duration: 1 }
$data merge entity $(bone_body_top) { transformation: [0.6849959195743093f,-0.16204914030372913f,-0.7102961820912239f,-0.048744467664725497f,-0.11258471532463309f,0.9396926350704219f,-0.32295887272171075f,1.0361155278433096f,0.719795298707777f,0.3011940034616047f,0.6254413643475725f,5.668845351312116f,0f,0f,0f,1f], start_interpolation: 0, interpolation_duration: 1 }
$data merge entity $(bone_body) { transformation: [0.6752473804294343f,-0.16204914030372913f,-0.7195700461734141f,0.022152031218155996f,-0.11697778144394763f,0.9396926350704219f,-0.3213937619849814f,0.625f,0.7282562556350882f,0.3011940034616047f,0.6155688413225056f,5.537072974797664f,0f,0f,0f,1f], start_interpolation: 0, interpolation_duration: 1 }
$data merge entity $(bone_right_leg2) { transformation: [0.9087361218722552f,-0.011895296534569944f,-0.4172015852377944f,0.060967325707532355f,0.1291609566830011f,0.9585401019663551f,0.2540045672641757f,0.4504420423439259f,0.39688299040561803f,-0.2847092812724657f,0.8725964228003746f,5.841702116415564f,0f,0f,0f,1f], start_interpolation: 0, interpolation_duration: 1 }
$data merge entity $(bone_right_leg) { transformation: [0.9087361218722552f,0.19829916363441058f,-0.36725481958235373f,0.13223108763864866f,0.1291609566830011f,0.7031177952169019f,0.6992444589112269f,0.703125f,0.39688299040561803f,-0.6828636816753517f,0.6133360287603185f,5.5962979808134845f,0f,0f,0f,1f], start_interpolation: 0, interpolation_duration: 1 }
$data merge entity $(bone_left_leg2) { transformation: [0.8918073095043662f,-0.26575985155801407f,-0.3661303374680201f,-0.05697518627074877f,-0.1453843014157936f,0.5980088242750161f,-0.7881934096343706f,0.3886413342874793f,0.42841933618410083f,0.7561462473550176f,0.49467133027344445f,5.306697747362855f,0f,0f,0f,1f], start_interpolation: 0, interpolation_duration: 1 }
$data merge entity $(bone_left_leg) { transformation: [0.8918073095043662f,-0.08612685615746199f,-0.4441417424235374f,-0.08792702520233667f,-0.1453843014157936f,0.8750849828522315f,-0.4616163750218914f,0.703125f,0.42841933618410083f,0.4762440943832708f,0.7678856913295318f,5.477847968781843f,0f,0f,0f,1f], start_interpolation: 0, interpolation_duration: 1 }
data modify entity @s data merge value {"locators":{"slash1":{"posx":-2.7176256042446068,"posy":1.847198409551853,"posz":3.187978208455734,"roty":316.25087089087083,"rotx":9.679582737124152},"gundyr_halberd1":{"posx":-1.6146471776324778,"posy":1.6704372993011556,"posz":4.008597496605277,"roty":316.25087089087083,"rotx":9.679582737124157},"gundyr_halberd2":{"posx":-0.4643501967019063,"posy":1.386704230306063,"posz":5.210249963511012,"roty":316.25087089087083,"rotx":9.679582737124157},"gundyr_halberd3":{"posx":0.2599108653654906,"posy":1.2080574831610047,"posz":5.966845961192401,"roty":316.25087089087083,"rotx":9.679582737124157},"player_camera":{"posx":-0.27397299886094745,"posy":-0.1875,"posz":6.087468256900127,"roty":208.28124999999986,"rotx":0}},"cameras":{}}