# This file was generated by Animated Java via MC-Build. It is not recommended to edit this file directly.
$data merge entity $(bone_right_arm2) { transformation: [0.7617379438923724f,-0.5512788303672771f,-0.3403629768695592f,0.27312099409419194f,0.6429216446697831f,0.5782845980404298f,0.5022336930994573f,1.0890598006849561f,-0.08004413563604951f,-0.6013971856087339f,0.794930412987308f,6.121757424471583f,0f,0f,0f,1f], start_interpolation: 0, interpolation_duration: 1 }
$data merge entity $(bone_right_arm) { transformation: [0.7617379438923724f,-0.5512788303672771f,-0.3403629768695592f,0.13530128650237266f,0.6429216446697831f,0.5782845980404298f,0.5022336930994573f,1.2336309501950635f,-0.08004413563604951f,-0.6013971856087339f,0.794930412987308f,5.9714081280694f,0f,0f,0f,1f], start_interpolation: 0, interpolation_duration: 1 }
$data merge entity $(bone_steel_slash) { transformation: [0.0000015976693924113166f,-0.0000180395753434377f,-0.00001662412258492955f,-2.70049498286942f,-0.00002350220005073077f,-0.000005900333461201932f,0.0000041440240829209725f,1.847430293324079f,-0.000007030954634028033f,0.00001562370200217712f,-0.00001762968775841433f,3.170251136267814f,0f,0f,0f,1f], start_interpolation: 0, interpolation_duration: 1 }
$data merge entity $(bone_gundyr_halberd) { transformation: [0.22204896640292876f,-2.5071952172235448f,-2.310471274515633f,-0.4857629150201654f,-3.266407464677836f,-0.820046345455184f,0.5759491098296945f,1.381733812318246f,-0.9771835254072861f,2.1714297697941087f,-2.4502277901525003f,5.230184993132643f,0f,0f,0f,1f], start_interpolation: 0, interpolation_duration: 1 }
$data merge entity $(bone_left_arm2) { transformation: [-0.7138069226608609f,0.6704813174889876f,-0.20232271266386048f,-0.38104074774524316f,-0.39810724464147385f,-0.15078363263350272f,0.904861822541883f,1.3939998132826485f,0.5761859933436472f,0.7264427706489177f,0.3745538706868726f,5.265129597889093f,0f,0f,0f,1f], start_interpolation: 0, interpolation_duration: 1 }
$data merge entity $(bone_left_arm) { transformation: [-0.7138069226608609f,0.6704813174889876f,-0.20232271266386048f,-0.30264628370560387f,-0.39810724464147385f,-0.15078363263350272f,0.904861822541883f,1.3065404995440886f,0.5761859933436472f,0.7264427706489177f,0.3745538706868726f,5.518763539719278f,0f,0f,0f,1f], start_interpolation: 0, interpolation_duration: 1 }
$data merge entity $(bone_head) { transformation: [0.9906099045489782f,-0.041253936506427086f,-0.13034619185917262f,-0.11238935817466897f,0.02295547417003513f,0.9900423255006945f,-0.13888570813012346f,1.4061195029022882f,0.13477782909326513f,0.1345893994336131f,0.9816927372375768f,5.787476466236972f,0f,0f,0f,1f], start_interpolation: 0, interpolation_duration: 1 }
$data merge entity $(bone_body_top) { transformation: [0.6832649986354267f,-0.16183225420964115f,-0.712010718414517f,-0.04866790807962276f,-0.11360580138615525f,0.9396926350704219f,-0.3226011058347697f,1.0361155278433096f,0.7212784923530854f,0.3013105923989943f,0.623674004089498f,5.668835420479868f,0f,0f,0f,1f], start_interpolation: 0, interpolation_duration: 1 }
$data merge entity $(bone_body) { transformation: [0.6757715122503382f,-0.16183225420964115f,-0.7191266819749613f,0.022133703137095243f,-0.11697778144394763f,0.9396926350704219f,-0.3213937619849814f,0.625f,0.7277699237254471f,0.3013105923989943f,0.6160867349885274f,5.537012036305308f,0f,0f,0f,1f], start_interpolation: 0, interpolation_duration: 1 }
$data merge entity $(bone_right_leg2) { transformation: [0.912791300845967f,-0.06588209411821913f,-0.4030776485672773f,0.08033169944039692f,0.16064384975514331f,0.9652726496670547f,0.2060152065760934f,0.43972359755086554f,0.3755071166246712f,-0.2528008336207412f,0.8916760307897056f,5.835059479910069f,0f,0f,0f,1f], start_interpolation: 0, interpolation_duration: 1 }
$data merge entity $(bone_right_leg) { transformation: [0.912791300845967f,0.1444832571227435f,-0.382016530416068f,0.13225536996888287f,0.16064384975514331f,0.7329430329019394f,0.6610507272943231f,0.703125f,0.3755071166246712f,-0.6647699594082979f,0.6458136777991899f,5.596157775747712f,0f,0f,0f,1f], start_interpolation: 0, interpolation_duration: 1 }
$data merge entity $(bone_left_leg2) { transformation: [0.8917172284367408f,-0.22068286296519693f,-0.39514485761879964f,-0.07612457652140905f,-0.18097616607113814f,0.6263715121009285f,-0.7582257949599105f,0.3839549176755948f,0.4148349211714091f,0.747634805785472f,0.5186079302853266f,5.313123742497587f,0f,0f,0f,1f], start_interpolation: 0, interpolation_duration: 1 }
$data merge entity $(bone_left_leg) { transformation: [0.8917172284367408f,-0.033011164308266616f,-0.45138746940971897f,-0.08798796369469236f,-0.18097616607113814f,0.88812544646791f,-0.42246990265623335f,0.703125f,0.4148349211714091f,0.45841406432088017f,0.7859825276744533f,5.477866296862904f,0f,0f,0f,1f], start_interpolation: 0, interpolation_duration: 1 }
data modify entity @s data merge value {"locators":{"slash1":{"posx":-2.700481337878629,"posy":1.847428945311031,"posz":3.170258742838934,"roty":316.68150923419023,"rotx":9.70471362790205},"gundyr_halberd1":{"posx":-1.6039786492270613,"posy":1.673696906308417,"posz":4.000150873272621,"roty":316.68150923419023,"rotx":9.70471362790205},"gundyr_halberd2":{"posx":-0.4628312514479988,"posy":1.3892342362096044,"posz":5.210324354994283,"roty":316.68150923419023,"rotx":9.70471362790205},"gundyr_halberd3":{"posx":0.25566896196844796,"posy":1.2101281105918336,"posz":5.972285436078291,"roty":316.68150923419023,"rotx":9.70471362790205},"player_camera":{"posx":-0.2735949940749259,"posy":-0.1875,"posz":6.087620370464246,"roty":208.24000000000004,"rotx":0}},"cameras":{}}