# This file was generated by Animated Java via MC-Build. It is not recommended to edit this file directly.
$data merge entity $(bone_right_arm2) { transformation: [0.7488667639439193f,0.5951323919274514f,0.29157504340885015f,0.03933348553196622f,-0.6599491534649797f,0.6294860452788364f,0.41013952947755145f,1.0586483189712705f,0.060544898224532295f,-0.49956456527452087f,0.8641582959279277f,0.7499952586255887f,0f,0f,0f,1f], start_interpolation: 0, interpolation_duration: 1 }
$data merge entity $(bone_right_arm) { transformation: [0.7488667639439193f,0.6503189217347177f,0.12760826734172245f,0.20191321596564565f,-0.6599491534649797f,0.714188749801575f,0.23324138675998296f,1.2371955064216642f,0.060544898224532295f,-0.258881690528043f,0.9640096397901441f,0.685274835993578f,0f,0f,0f,1f], start_interpolation: 0, interpolation_duration: 1 }
$data merge entity $(bone_steel_slash) { transformation: [0.00002452460948148372f,-0.0000015045699926208632f,7.874494877778543e-7f,-0.23246168924378696f,0.000001450979554344996f,0.00002448828502528881f,0.0000015996351555484903f,2.4672440824938944f,-8.823071411756471e-7f,-0.0000015493364500000282f,0.000024518592301580234f,4.0212716813491145f,0f,0f,0f,1f], start_interpolation: 0, interpolation_duration: 1 }
$data merge entity $(bone_gundyr_halberd) { transformation: [3.4085050465790934f,-0.2091097277879844f,0.10944213219963399f,-0.2529189116435284f,0.20166156518015202f,3.40345656283675f,0.22232217416097666f,0.936307444918695f,-0.12262573826508995f,-0.21533150661017345f,3.4076687605586096f,0.9349732445934111f,0f,0f,0f,1f], start_interpolation: 0, interpolation_duration: 1 }
$data merge entity $(bone_left_arm2) { transformation: [0.9422335940593529f,-0.3093200449797381f,0.12851834110245725f,-0.35244403414860515f,0.10343422506288295f,0.6336264813265566f,0.7666934480268942f,1.0766311250610279f,-0.31858627608802537f,-0.7091111280578382f,0.6290184359403981f,0.784271075770558f,0f,0f,0f,1f], start_interpolation: 0, interpolation_duration: 1 }
$data merge entity $(bone_left_arm) { transformation: [0.9422335940593529f,-0.2737822040733151f,0.19297450339035044f,-0.30311038590951483f,0.10343422506288295f,0.7857832542270405f,0.6097917992741485f,1.2860062167506483f,-0.31858627608802537f,-0.5546061504429247f,0.7687098298963299f,0.6057962536488236f,0f,0f,0f,1f], start_interpolation: 0, interpolation_duration: 1 }
$data merge entity $(bone_head) { transformation: [0.9907810211458523f,-0.033021256025885785f,-0.13138707998755067f,0.012821551755411092f,-0.00887417793669884f,0.9519361927825546f,-0.30616781972735635f,1.4196961926552252f,0.13518216266627026f,0.3045112173978622f,0.9428672766491272f,0.6309818369440157f,0f,0f,0f,1f], start_interpolation: 0, interpolation_duration: 1 }
$data merge entity $(bone_body_top) { transformation: [0.9961372035728167f,0.03227173251075288f,0.08166521253804046f,0.00011455707930214248f,0f,0.9300172236840122f,-0.36751593659470355f,1.0535019108296453f,-0.08781043023541626f,0.3660962973478926f,0.9264247564751464f,0.4868314198632829f,0f,0f,0f,1f], start_interpolation: 0, interpolation_duration: 1 }
$data merge entity $(bone_body) { transformation: [0.9961372035728167f,0.013358019990204965f,0.08678844946229994f,-0.0057295766664125294f,0f,0.9883615104677607f,-0.1521233861899167f,0.62109375f,-0.08781043023541626f,0.15153576451725126f,0.9845436711563602f,0.42053452288698545f,0f,0f,0f,1f], start_interpolation: 0, interpolation_duration: 1 }
$data merge entity $(bone_right_leg2) { transformation: [0.9961372035728167f,0.07367009692657382f,0.04778481429238922f,0.09740468987652101f,0f,0.5441815301927122f,-0.8389674977000707f,0.4349227991497667f,-0.08781043023541626f,0.835726737047432f,0.5420794677221447f,0.1669869651116793f,0f,0f,0f,1f], start_interpolation: 0, interpolation_duration: 1 }
$data merge entity $(bone_right_leg) { transformation: [0.9961372035728167f,0.059500198688469015f,0.06457861886229542f,0.11878757378018956f,0f,0.7354322110615187f,-0.6775983049957887f,0.69921875f,-0.08781043023541626f,0.6749808806841854f,0.7325913861441947f,0.4095582191075584f,0f,0f,0f,1f], start_interpolation: 0, interpolation_duration: 1 }
$data merge entity $(bone_left_leg2) { transformation: [0.9961372035728167f,-0.01923937416328799f,0.08567682382029526f,-0.10500291465870096f,0f,0.9757021300385285f,0.21910124015686971f,0.48356814815213967f,-0.08781043023541626f,-0.21825489666920028f,0.9719331913366205f,0.7178811437043817f,0f,0f,0f,1f], start_interpolation: 0, interpolation_duration: 1 }
$data merge entity $(bone_left_leg) { transformation: [0.9961372035728167f,-0.0702436520467858f,0.05269251374966837f,-0.1302467271130146f,0f,0.600071239924481f,0.7999465651001296f,0.69921875f,-0.08781043023541626f,-0.7968565343665233f,0.5977532868828452f,0.4315108266664125f,0f,0f,0f,1f], start_interpolation: 0, interpolation_duration: 1 }
data modify entity @s data merge value {"locators":{"slash1":{"posx":-0.2324618696776736,"posy":2.4672382760596467,"posz":4.021257117160087,"roty":178.16049678186573,"rotx":3.7308668800286573},"gundyr_halberd1":{"posx":-0.19695258664442886,"posy":1.0149837331064022,"posz":2.6199986523078174,"roty":178.16049678186573,"rotx":3.7308668800286573},"gundyr_halberd2":{"posx":-0.25100632266985784,"posy":0.9051782690390906,"posz":0.9369427400806993,"roty":178.16049678186573,"rotx":3.7308668800286573},"gundyr_halberd3":{"posx":-0.28504015646364644,"posy":0.8360414953670796,"posz":-0.12275913058081933,"roty":178.16049678186573,"rotx":3.7308668800286573},"player_camera":{"posx":0.04915194223072264,"posy":-0.19140625,"posz":1.0431202751199957,"roty":174.9623447995115,"rotx":0}},"cameras":{}}