# This file was generated by Animated Java via MC-Build. It is not recommended to edit this file directly.
$data merge entity $(bone_right_arm2) { transformation: [0.745902369974035f,0.5626270348708433f,0.3564834836280088f,0.052899534877271615f,-0.6653264929515081f,0.6043548505665624f,0.4382874312292271f,1.0646880728159018f,0.03114983537620586f,-0.5640975396410719f,0.8251203872932269f,1.4644959009847947f,0f,0f,0f,1f], start_interpolation: 0, interpolation_duration: 1 }
$data merge entity $(bone_right_arm) { transformation: [0.745902369974035f,0.635720698377609f,0.19871801156765567f,0.21182970947167387f,-0.6653264929515081f,0.6971990928364985f,0.26693460383549006f,1.2389878460250265f,0.03114983537620586f,-0.3313195113515777f,0.9430042784387498f,1.3816660231469002f,0f,0f,0f,1f], start_interpolation: 0, interpolation_duration: 1 }
$data merge entity $(bone_steel_slash) { transformation: [0.00002442545602219931f,-2.664013415643142e-7f,0.0000027688275877341517f,0.12097786785810938f,2.8162861963059526e-7f,0.000024581430499754674f,-1.1932176714029872e-7f,2.255916420047023f,-0.0000027673202210784993f,1.5027537629715936e-7f,0.000024426617323793862f,4.800071874736657f,0f,0f,0f,1f], start_interpolation: 0, interpolation_duration: 1 }
$data merge entity $(bone_gundyr_halberd) { transformation: [3.3947243963056675f,-0.03702527120046401f,0.3848201054138991f,-0.22260643420752257f,0.03914160476221833f,3.41640220505065f,-0.016583703229668637f,0.9421917336492455f,-0.38461060699735083f,0.02088573026502893f,3.394885797544232f,1.633764750867876f,0f,0f,0f,1f], start_interpolation: 0, interpolation_duration: 1 }
$data merge entity $(bone_left_arm2) { transformation: [0.9410351444275279f,-0.31079066082187623f,0.13364887615750143f,-0.3494065877890285f,0.0972756822647608f,0.6269385734600401f,0.7729718408505029f,1.0732548164520817f,-0.3240220649773515f,-0.7143928822810256f,0.6202036045961211f,1.4977426869299861f,0f,0f,0f,1f], start_interpolation: 0, interpolation_duration: 1 }
$data merge entity $(bone_left_arm) { transformation: [0.9410351444275279f,-0.2656098513511868f,0.20953344319573933f,-0.2981796575733842f,0.0972756822647608f,0.8056359933419437f,0.58436982115084f,1.2868232750706627f,-0.3240220649773515f,-0.5295300304016193f,0.7839691628569794f,1.3248574212074125f,0f,0f,0f,1f], start_interpolation: 0, interpolation_duration: 1 }
$data merge entity $(bone_head) { transformation: [0.9815933710438032f,-0.029732158547001133f,-0.1886543205733668f,0.018588237644100933f,-0.05221703657923075f,0.9083878738512402f,-0.41485521779399925f,1.4196309578691602f,0.18370583826799278f,0.4170701012877323f,0.8901149900985237f,1.3433109425293193f,0f,0f,0f,1f], start_interpolation: 0, interpolation_duration: 1 }
$data merge entity $(bone_body_top) { transformation: [0.9932726822822475f,0.04431430959501048f,0.10698420723147449f,0.001139478241065554f,0f,0.9238795325112867f,-0.3826834323650897f,1.055853391942841f,-0.11579887146181311f,0.3801089993302498f,0.9176643013631547f,1.1936430240430334f,0f,0f,0f,1f], start_interpolation: 0, interpolation_duration: 1 }
$data merge entity $(bone_body) { transformation: [0.9932726822822475f,0.020108263005230952f,0.11403962640565768f,-0.007657886823722988f,0f,0.984807753012208f,-0.17364817766693033f,0.625f,-0.11579887146181311f,0.17247999120465615f,0.978182638366789f,1.1181830278909963f,0f,0f,0f,1f], start_interpolation: 0, interpolation_duration: 1 }
$data merge entity $(bone_right_leg2) { transformation: [0.9932726822822475f,0.09485688228430242f,0.06641950402653962f,0.08975145103654596f,0f,0.5735764363510463f,-0.8191520442889919f,0.4278277782541172f,-0.11579887146181311f,0.8136413482279133f,0.5697178054282965f,0.8742603942105149f,0f,0f,0f,1f], start_interpolation: 0, interpolation_duration: 1 }
$data merge entity $(bone_right_leg) { transformation: [0.9932726822822475f,0.07443407979133768f,0.08870708200277075f,0.11650119846155793f,0f,0.7660444431189781f,-0.6427876096865394f,0.703125f,-0.11579887146181311f,0.6384633732111433f,0.760891018764198f,1.1037081689582695f,0f,0f,0f,1f], start_interpolation: 0, interpolation_duration: 1 }
$data merge entity $(bone_left_leg2) { transformation: [0.9932726822822475f,-0.029970953335696014f,0.11185312060009345f,-0.098801398766f,0f,0.9659258262890683f,0.25881904510252074f,0.484351361449991f,-0.11579887146181311f,-0.2570778871547108f,0.9594277363638392f,1.415851208809646f,0f,0f,0f,1f], start_interpolation: 0, interpolation_duration: 1 }
$data merge entity $(bone_left_leg) { transformation: [0.9932726822822475f,-0.09186942147618482f,0.07049388646869051f,-0.13181697210900392f,0f,0.6087614290087207f,0.7933533402912352f,0.703125f,-0.11579887146181311f,-0.7880162003086558f,0.6046660974614659f,1.132657886823723f,0f,0f,0f,1f], start_interpolation: 0, interpolation_duration: 1 }
data modify entity @s data merge value {"locators":{"slash1":{"posx":0.12097624121661646,"posy":2.2559116377397532,"posz":4.80005703066674,"roty":173.532961781476,"rotx":-0.2781014442942913},"gundyr_halberd1":{"posx":-0.03220419978479991,"posy":0.9027534210322995,"posz":3.3103160984635176,"roty":173.532961781476,"rotx":-0.2781014442942913},"gundyr_halberd2":{"posx":-0.2222677884343476,"posy":0.9109441525054895,"posz":1.6335737228471594,"roty":173.532961781476,"rotx":-0.2781014442942913},"gundyr_halberd3":{"posx":-0.3419374553618406,"posy":0.9161012797293498,"posz":0.5778470419035264,"roty":173.532961781476,"rotx":-0.2781014442942913},"player_camera":{"posx":0.0647164078399102,"posy":-0.1875,"posz":1.738978454317401,"roty":173.35029513535517,"rotx":0}},"cameras":{}}