execute if entity @s[tag=aj.murky_hand_scythe.bone.right_arm2] run data modify entity @s {} merge value {transformation:[0.8277094499156006f,-0.5602434551416179f,-0.032005272868638523f,0.3809015120975727f,-0.03910437627393662f,-0.11448107276949332f,0.9926554949899647f,1.4003781187646045f,-0.5597927422507731f,-0.8203787874808368f,-0.11666503664265336f,0.05416504461643498f,0f,0f,0f,1f],start_interpolation:0}
execute if entity @s[tag=aj.murky_hand_scythe.bone.right_arm] run data modify entity @s {} merge value {transformation:[0.8513591302133949f,-0.5236060483902909f,-0.032005272868638523f,0.25f,-0.03407356331341242f,-0.11607782109151824f,0.9926554949899647f,1.371358663491725f,-0.5234755234826349f,-0.844015785124751f,-0.11666503664265336f,-0.15683890166475276f,0f,0f,0f,1f],start_interpolation:0}
execute if entity @s[tag=aj.murky_hand_scythe.locator_origin.murky0] at @s on origin run tp @s ^0.37402 ^1.40793 ^0.37937 ~89.79574 ~0.61244
execute if entity @s[tag=aj.murky_hand_scythe.locator_origin.murky1] at @s on origin run tp @s ^-0.37593 ^1.39992 ^0.38205 ~89.79574 ~0.61244
execute if entity @s[tag=aj.murky_hand_scythe.bone.the_murky_hand_scythe] run data modify entity @s {} merge value {transformation:[-0.0030695019992514703f,-0.010841571805810593f,0.9999365172240964f,-0.3777732628605232f,-0.045998631716647594f,0.9988843136110908f,0.010688961684654687f,1.5900839044886719f,-0.9989367868076902f,-0.04596290180655769f,-0.0035647748663755682f,0.4358622328046082f,0f,0f,0f,1f],start_interpolation:0}
execute if entity @s[tag=aj.murky_hand_scythe.bone.left_arm2] run data modify entity @s {} merge value {transformation:[0.907715907963498f,-0.41846261798708445f,-0.03067356805782334f,-0.528945450594838f,-0.00027019717466386563f,-0.07368744127475127f,0.9972813484628433f,1.375460861173857f,-0.4195852206923993f,-0.9052398568035852f,-0.06700033007930029f,0.10895984839313255f,0f,0f,0f,1f],start_interpolation:0}
execute if entity @s[tag=aj.murky_hand_scythe.bone.left_arm] run data modify entity @s {} merge value {transformation:[0.4959828955507489f,0.8677903546039776f,-0.03067356805782334f,-0.25f,0.07338348907840792f,-0.006691452668314925f,0.9972813484628433f,1.3829609341415792f,0.8652258842936763f,-0.49688542433592364f,-0.06700033007930029f,0.09289172784586118f,0f,0f,0f,1f],start_interpolation:0}
execute if entity @s[tag=aj.murky_hand_scythe.bone.head] run data modify entity @s {} merge value {transformation:[1f,0f,0f,0f,0f,0.9956923941045609f,-0.09271815530050011f,1.5178543431227915f,0f,0.09271815530050011f,0.9956923941045609f,-0.10107754991076548f,0f,0f,0f,1f],start_interpolation:0}
execute if entity @s[tag=aj.murky_hand_scythe.bone.body_top] run data modify entity @s {} merge value {transformation:[1f,0f,0f,0f,0f,0.9989225180424558f,0.04640908259941711f,1.1245286016435745f,0f,-0.04640908259941711f,0.9989225180424558f,-0.082803973637245f,0f,0f,0f,1f],start_interpolation:0}
execute if entity @s[tag=aj.murky_hand_scythe.locator_origin.player_camera] at @s on origin run tp @s ^0 ^0.05157 ^-0.28322 ~-180 ~2.66
execute if entity @s[tag=aj.murky_hand_scythe.bone.body] run data modify entity @s {} merge value {transformation:[1f,0f,0f,0f,0f,0.9989225180424558f,0.04640908259941711f,0.6875f,0f,-0.04640908259941711f,0.9989225180424558f,-0.06250000000000001f,0f,0f,0f,1f],start_interpolation:0}