execute if entity @s[tag=aj.murky_hand_scythe.bone.right_arm2] run data modify entity @s {} merge value {transformation:[0.9818920749830758f,-0.17643195340323073f,-0.06899071606926488f,0.2802934255350875f,0.041862760238276925f,-0.15309849228472155f,0.9873238379404085f,1.4096479594441236f,-0.18475784798124878f,-0.9723335937210363f,-0.14294026770253546f,0.0919077458132328f,0f,0f,0f,1f],start_interpolation:0}
execute if entity @s[tag=aj.murky_hand_scythe.bone.right_arm] run data modify entity @s {} merge value {transformation:[0.9896315632489743f,-0.12597479953404012f,-0.06899071606926488f,0.24879972565157749f,0.04963931791319245f,-0.15075668194722056f,0.9873238379404085f,1.3719587889573184f,-0.1347787339994872f,-0.9805114852619643f,-0.14294026770253546f,-0.15322012550225828f,0f,0f,0f,1f],start_interpolation:0}
execute if entity @s[tag=aj.murky_hand_scythe.locator_origin.murky0] at @s on origin run tp @s ^0.37308 ^1.39942 ^0.38594 ~90.21157 ~0.09947
execute if entity @s[tag=aj.murky_hand_scythe.locator_origin.murky1] at @s on origin run tp @s ^-0.37691 ^1.39812 ^0.38317 ~90.21157 ~0.09947
execute if entity @s[tag=aj.murky_hand_scythe.bone.the_murky_hand_scythe] run data modify entity @s {} merge value {transformation:[0.003760026340009249f,-0.0015846055132284868f,0.9999916755789967f,-0.37744410256159056f,-0.04061409335045513f,0.9991733991931645f,0.0017360201891689145f,1.588000523112232f,-0.9991678325602976f,-0.040620282743281756f,0.0036925609829646f,0.4380032044211146f,0f,0f,0f,1f],start_interpolation:0}
execute if entity @s[tag=aj.murky_hand_scythe.bone.left_arm2] run data modify entity @s {} merge value {transformation:[0.9106945609259224f,-0.4125320598461362f,-0.021277130893176566f,-0.528154162961421f,-0.006165186840003953f,-0.06507670194728676f,0.9978612194763818f,1.376497781230178f,-0.41303438981659807f,-0.9086156076486734f,-0.061808335732834584f,0.10886141450276855f,0f,0f,0f,1f],start_interpolation:0}
execute if entity @s[tag=aj.murky_hand_scythe.bone.left_arm] run data modify entity @s {} merge value {transformation:[0.46975907457820676f,0.882538211950271f,-0.021277130893176566f,-0.24879972565157749f,0.06455118941554557f,-0.010301971177717037f,0.9978612194763818f,1.381991187112692f,0.8804314600219969f,-0.47012782712521095f,-0.061808335732834584f,0.10138339022421543f,0f,0f,0f,1f],start_interpolation:0}
execute if entity @s[tag=aj.murky_hand_scythe.bone.head] run data modify entity @s {} merge value {transformation:[1f,0f,0f,0f,0f,0.9974045377370042f,-0.07200130624949025f,1.5181054197271775f,0f,0.07200130624949025f,0.9974045377370042f,-0.09522917994450092f,0f,0f,0f,1f],start_interpolation:0}
execute if entity @s[tag=aj.murky_hand_scythe.bone.body_top] run data modify entity @s {} merge value {transformation:[1f,0f,0f,0f,0f,0.9992245650853262f,0.03937344955729432f,1.1246607472248302f,0f,-0.03937344955729432f,0.9992245650853262f,-0.07972588418131628f,0f,0f,0f,1f],start_interpolation:0}
execute if entity @s[tag=aj.murky_hand_scythe.locator_origin.player_camera] at @s on origin run tp @s ^0 ^0.05314 ^-0.2877 ~-180 ~2.25652
execute if entity @s[tag=aj.murky_hand_scythe.bone.body] run data modify entity @s {} merge value {transformation:[1f,0f,0f,0f,0f,0.9992245650853262f,0.03937344955729432f,0.6875f,0f,-0.03937344955729432f,0.9992245650853262f,-0.06250000000000001f,0f,0f,0f,1f],start_interpolation:0}
execute if entity @s[tag=aj.murky_hand_scythe.bone.right_leg2] run data modify entity @s {} merge value {transformation:[0.9845153849534731f,-0.1738366302925521f,0.02258943909097984f,0.18799770013072015f,0.17379830733905216f,0.984774453517633f,0.0036638866150017907f,0.4147640006713603f,-0.022882420239015426f,0.00031885353655652926f,0.9997381122956288f,-0.016912287254698108f,0f,0f,0f,1f],start_interpolation:0}
execute if entity @s[tag=aj.murky_hand_scythe.bone.right_leg] run data modify entity @s {} merge value {transformation:[0.9845153849534731f,-0.17529794818982997f,0.0002935137990300891f,0.125f,0.17379830733905216f,0.9763088676970844f,0.12889974096993911f,0.765625f,-0.022882420239015426f,-0.12685276589997052f,0.9916575873896858f,-0.06250000000000001f,0f,0f,0f,1f],start_interpolation:0}
execute if entity @s[tag=aj.murky_hand_scythe.bone.left_leg2] run data modify entity @s {} merge value {transformation:[0.9761437720894593f,0.21706965321133712f,-0.0049093650986111945f,-0.20257231309827567f,-0.21598372914628342f,0.9684484953246542f,-0.12433237972257385f,0.41473415508339906f,-0.022234319306570008f,0.12242662111699092f,0.9922284804856442f,-0.05957736090202446f,0f,0f,0f,1f],start_interpolation:0}
execute if entity @s[tag=aj.murky_hand_scythe.bone.left_leg] run data modify entity @s {} merge value {transformation:[0.9761437720894593f,0.21585339296911496f,0.023465910480576925f,-0.125f,-0.21598372914628342f,0.9763919162896721f,0.003139195477642328f,0.765625f,-0.022234319306570008f,-0.008132560968279814f,0.9997197089670038f,-0.06250000000000001f,0f,0f,0f,1f],start_interpolation:0}