execute if entity @s[tag=aj.murky_hand_scythe.bone.right_arm2] run data modify entity @s {} merge value {transformation:[0.7868693477174267f,0.6107179178668959f,-0.08865807588186869f,0.07902160424527638f,0.16539933427957473f,-0.0702994334182381f,0.9837179727345376f,1.3878428326395809f,0.594541579574234f,-0.7887215062729039f,-0.15632880636650642f,0.0407664383272332f,0f,0f,0f,1f],start_interpolation:0}
execute if entity @s[tag=aj.murky_hand_scythe.bone.right_arm] run data modify entity @s {} merge value {transformation:[0.7408421169923476f,0.6658023004400193f,-0.08865807588186869f,0.2454721793552812f,0.17003278629011345f,-0.05820482544834572f,0.9837179727345376f,1.3732916262774943f,0.6498013613995569f,-0.7438544851133897f,-0.15632880636650642f,-0.14519718295111422f,0f,0f,0f,1f],start_interpolation:0}
execute if entity @s[tag=aj.murky_hand_scythe.locator_origin.murky0] at @s on origin run tp @s ^0.37134 ^1.37612 ^0.40153 ~91.32984 ~-1.38231
execute if entity @s[tag=aj.murky_hand_scythe.locator_origin.murky1] at @s on origin run tp @s ^-0.37824 ^1.39422 ^0.38413 ~91.32984 ~-1.38231
execute if entity @s[tag=aj.murky_hand_scythe.bone.the_murky_hand_scythe] run data modify entity @s {} merge value {transformation:[0.02253703451366579f,0.02474532829634644f,0.9994397184437067f,-0.3750040870631031f,-0.027453944692622283f,0.9993319436939205f,-0.02412358252301729f,1.583308063731371f,-0.9993689824064705f,-0.026894888741849088f,0.023201335380087024f,0.44154506798759086f,0f,0f,0f,1f],start_interpolation:0}
execute if entity @s[tag=aj.murky_hand_scythe.bone.left_arm2] run data modify entity @s {} merge value {transformation:[0.9182524043310193f,-0.395958105807255f,0.005449806036266769f,-0.5245102153726238f,-0.02419458980975456f,-0.04236161048097378f,0.9988093490658746f,1.3801457068511542f,-0.3952557953581959f,-0.9172909420696299f,-0.048478694627342056f,0.10665071995410624f,0f,0f,0f,1f],start_interpolation:0}
execute if entity @s[tag=aj.murky_hand_scythe.bone.left_arm] run data modify entity @s {} merge value {transformation:[0.39481736707456894f,0.9187434605320857f,0.005449806036266769f,-0.2454721793552812f,0.04239162653886536f,-0.024141959696623493f,0.9988093490658746f,1.3794091702443565f,0.9177811267702636f,-0.394116251265454f,-0.048478694627342056f,0.12284429798402569f,0f,0f,0f,1f],start_interpolation:0}
execute if entity @s[tag=aj.murky_hand_scythe.bone.head] run data modify entity @s {} merge value {transformation:[1f,0f,0f,0f,0f,0.999792941746561f,-0.020348799319810176f,1.5185335875618629f,0f,0.020348799319810176f,0.999792941746561f,-0.08146678264913444f,0f,0f,0f,1f],start_interpolation:0}
execute if entity @s[tag=aj.murky_hand_scythe.bone.body_top] run data modify entity @s {} merge value {transformation:[1f,0f,0f,0f,0f,0.99973965420976f,0.022817182134297048f,1.12488609871677f,0f,-0.022817182134297048f,0.99973965420976f,-0.07248251718375498f,0f,0f,0f,1f],start_interpolation:0}
execute if entity @s[tag=aj.murky_hand_scythe.locator_origin.player_camera] at @s on origin run tp @s ^0 ^0.05696 ^-0.29817 ~-180 ~1.30744
execute if entity @s[tag=aj.murky_hand_scythe.bone.body] run data modify entity @s {} merge value {transformation:[1f,0f,0f,0f,0f,0.99973965420976f,0.022817182134297048f,0.6875f,0f,-0.022817182134297048f,0.99973965420976f,-0.06250000000000001f,0f,0f,0f,1f],start_interpolation:0}
execute if entity @s[tag=aj.murky_hand_scythe.bone.right_leg2] run data modify entity @s {} merge value {transformation:[0.9836904011007117f,-0.17847613534562884f,0.022348688874511406f,0.18963947006007015f,0.17833037922084408f,0.9839350728589508f,0.008369482958996297f,0.4148477647255969f,-0.023483411789407153f,-0.004247529886860363f,0.999715203375736f,-0.018597144186290653f,0f,0f,0f,1f],start_interpolation:0}
execute if entity @s[tag=aj.murky_hand_scythe.bone.right_leg] run data modify entity @s {} merge value {transformation:[0.9836904011007117f,-0.17986635147149957f,0.0011359536310587472f,0.125f,0.17833037922084408f,0.9760757851113825f,0.124395890471302f,0.765625f,-0.023483411789407153f,-0.12216446835119127f,0.9922320152278901f,-0.06250000000000001f,0f,0f,0f,1f],start_interpolation:0}
execute if entity @s[tag=aj.murky_hand_scythe.bone.left_leg2] run data modify entity @s {} merge value {transformation:[0.9746148260974364f,0.22386596948794088f,-0.0031572862220682237f,-0.20491165771207523f,-0.22278313758980783f,0.968308354632456f,-0.11290085896319123f,0.415320315346502f,-0.02221743362102148f,0.11073824115548322f,0.9936012417409136f,-0.055348392032457644f,0f,0f,0f,1f],start_interpolation:0}
execute if entity @s[tag=aj.murky_hand_scythe.bone.left_leg] run data modify entity @s {} merge value {transformation:[0.9746148260974364f,0.22236287363360063f,0.026090097364155303f,-0.125f,-0.22278313758980783f,0.9747608616445163f,0.014454625961292588f,0.765625f,-0.02221743362102148f,-0.01990012651837876f,0.999555086329837f,-0.06250000000000001f,0f,0f,0f,1f],start_interpolation:0}