execute if entity @s[tag=aj.rkgugs_skill.locator_origin.rkgugs_right_locator] at @s on origin run tp @s ^-0.17195 ^1.77934 ^-6.34149 ~9.762 ~14.49726
execute if entity @s[tag=aj.rkgugs_skill.bone.weapon1] run data modify entity @s {} merge value {transformation:[-0.49751561977380654f,1.2175176289136669f,0.21887624161453623f,-0.32753682888510977f,1.2148663975917802f,0.4364280699397778f,0.3337782999968513f,1.3829927120705108f,0.2331429215336225f,0.3239739817189957f,-1.2721882781592055f,-4.965657955939893f,0f,0f,0f,1f],start_interpolation:0}
execute if entity @s[tag=aj.rkgugs_skill.bone.right_arm2] run data modify entity @s {} merge value {transformation:[-0.2313386341900543f,-0.04828320836158981f,0.9716744146685099f,-0.33658993045290786f,0.9712855968860481f,-0.06849955402380392f,0.22784227083720232f,1.3701490456910475f,0.05555830822472334f,0.996482083576444f,0.06274337812355488f,-4.77881756526931f,0f,0f,0f,1f],start_interpolation:0}
execute if entity @s[tag=aj.rkgugs_skill.bone.right_arm] run data modify entity @s {} merge value {transformation:[-0.13619837049192113f,0.18211256625769773f,0.9737992694012358f,-0.29106178888848344f,0.9866129910803182f,0.11392759200115586f,0.11668465885610668f,1.3986309436913364f,-0.08969286318817798f,0.9766552702933894f,-0.19519137609344567f,-4.5346537476959625f,0f,0f,0f,1f],start_interpolation:0}
execute if entity @s[tag=aj.rkgugs_skill.locator_origin.rkgugs_left_locator] at @s on origin run tp @s ^1.15591 ^1.15433 ^-6.42413 ~36.0562 ~2.03681
execute if entity @s[tag=aj.rkgugs_skill.bone.weapon2] run data modify entity @s {} merge value {transformation:[-0.39273866951538416f,1.0042140593080267f,0.784275613756515f,0.40450727916580476f,1.2531013575677f,0.4530663040261982f,0.047388707471357774f,1.1457137359541145f,-0.23080533552552698f,0.7510411606709138f,-1.0772389938397204f,-5.192318712215009f,0f,0f,0f,1f],start_interpolation:0}
execute if entity @s[tag=aj.rkgugs_skill.bone.left_arm2] run data modify entity @s {} merge value {transformation:[-0.6054130777678952f,-0.43487645988293677f,0.6666014325721844f,0.3608062602982475f,0.6449506986902045f,0.22272288307338603f,0.7310493236536753f,1.1471648578622367f,-0.46638353479365174f,0.8725118807186314f,0.14563453051462505f,-4.999573763655662f,0f,0f,0f,1f],start_interpolation:0}
execute if entity @s[tag=aj.rkgugs_skill.bone.left_arm] run data modify entity @s {} merge value {transformation:[-0.5206999248412945f,-0.12863599025448041f,0.8439931103282295f,0.26355977212946563f,0.5964771119171622f,0.6524680423205544f,0.4674403798446859f,1.3848415074320206f,-0.6108081885741472f,0.7468187435794795f,-0.2630116366420626f,-4.889220101332561f,0f,0f,0f,1f],start_interpolation:0}
execute if entity @s[tag=aj.rkgugs_skill.bone.head] run data modify entity @s {} merge value {transformation:[-0.6550862907713609f,0.20561556563119163f,-0.7270379569276868f,-7.494275759616821e-8f,-0.016621664024589783f,0.9581032199103229f,0.28594044883948283f,1.5492778351036884f,0.7553712146544064f,0.19940024866493108f,-0.6242226116570034f,-4.741513589447938f,0f,0f,0f,1f],start_interpolation:0}
execute if entity @s[tag=aj.rkgugs_skill.locator_origin.player_camera] at @s on origin run tp @s ^-0.26865 ^-0.13545 ^-4.94505 ~-32.72348 ~-6.3202
execute if entity @s[tag=aj.rkgugs_skill.bone.body_top] run data modify entity @s {} merge value {transformation:[-0.8433914691590317f,-9.015670155013381e-8f,-0.5372995717007056f,-3.944355636080301e-8f,0.0701316149251465f,0.9914448557047628f,-0.1100847613639277f,1.1588964231699381f,0.532702906259916f,-0.13052623528070445f,-0.8361761271201691f,-4.690118884306161f,0f,0f,0f,1f],start_interpolation:0}
execute if entity @s[tag=aj.rkgugs_skill.bone.body] run data modify entity @s {} merge value {transformation:[-0.9238795491392208f,-9.015670155013381e-8f,-0.38268339222169284f,5.67380534468054e-16f,0.04995013990980601f,0.9914448557047628f,-0.12059055360828536f,0.7251392987991044f,0.37940949145389197f,-0.13052623528070445f,-0.9159756217815762f,-4.633013656370853f,0f,0f,0f,1f],start_interpolation:0}
execute if entity @s[tag=aj.rkgugs_skill.bone.right_leg2] run data modify entity @s {} merge value {transformation:[-0.9691782876539919f,-0.020329193578802862f,-0.2455202041146749f,-0.17611903789445718f,0.1632833183013039f,0.6932524911801663f,-0.7019540878412268f,0.4502611581437517f,0.1844776536727175f,-0.7204080145035375f,-0.6685658441279213f,-4.589127243015438f,0f,0f,0f,1f],start_interpolation:0}
execute if entity @s[tag=aj.rkgugs_skill.bone.right_leg] run data modify entity @s {} merge value {transformation:[-0.9691782876539919f,0.14224427935849115f,-0.20114674178285757f,-0.12499999999999943f,0.1632833183013039f,0.9822696087801118f,-0.09211391660048501f,0.8032642987991044f,0.1844776536727175f,-0.12211871542376122f,-0.9752204953950975f,-4.633013656370853f,0f,0f,0f,1f],start_interpolation:0}
execute if entity @s[tag=aj.rkgugs_skill.bone.left_leg2] run data modify entity @s {} merge value {transformation:[-0.9316462352419561f,-0.31280686014318637f,-0.18489770308700593f,0.16298965026281645f,-0.3106118214359002f,0.9496310642698963f,-0.0414866021493297f,0.5415784191732083f,0.1885618963199141f,0.018780575629765484f,-0.981881714482581f,-4.876381027853412f,0f,0f,0f,1f],start_interpolation:0}
execute if entity @s[tag=aj.rkgugs_skill.bone.left_leg] run data modify entity @s {} merge value {transformation:[-0.9316462352419561f,-0.10571033116609642f,-0.34765013770203484f,0.12500000000000056f,-0.3106118214359002f,0.7281694041764069f,0.6109743163224205f,0.8032642987991044f,0.1885618963199141f,0.6771961641253817f,-0.7112311625274211f,-4.633013656370853f,0f,0f,0f,1f],start_interpolation:0}