execute if entity @s[tag=aj.rkgugs_skill.locator_origin.rkgugs_right_locator] at @s on origin run tp @s ^0.49062 ^4.74205 ^-7.29829 ~26.64868 ~16.67772
execute if entity @s[tag=aj.rkgugs_skill.bone.weapon1] run data modify entity @s {} merge value {transformation:[0.32825700260489865f,1.158381147444648f,0.5728684275324003f,-0.08809334254343527f,1.1666703319699554f,-0.5198428652357759f,0.38265063666789956f,4.250447710841675f,0.5557926362590074f,0.40705563561515357f,-1.1415682339536182f,-6.0745064576100845f,0f,0f,0f,1f],start_interpolation:0}
execute if entity @s[tag=aj.rkgugs_skill.bone.right_arm2] run data modify entity @s {} merge value {transformation:[0.2290386263169377f,-0.29263077466042753f,0.9283902936677482f,-0.14296161279226544f,0.8719821677624912f,-0.3622291719560731f,-0.3292979290676507f,4.182529741099911f,0.43265275540446524f,0.8849617261247265f,0.17220434528567596f,-5.908576133961699f,0f,0f,0f,1f],start_interpolation:0}
execute if entity @s[tag=aj.rkgugs_skill.bone.right_arm] run data modify entity @s {} merge value {transformation:[0.3375110303576813f,0.0948739155090503f,0.9365282935089988f,-0.11924313391500285f,0.8929643810842377f,-0.34705085874336866f,-0.2866536508756413f,4.095767026414069f,0.2978269942462233f,0.9330351770439695f,-0.20185252016457f,-5.675317339700706f,0f,0f,0f,1f],start_interpolation:0}
execute if entity @s[tag=aj.rkgugs_skill.locator_origin.rkgugs_left_locator] at @s on origin run tp @s ^1.34752 ^4.68836 ^-6.24785 ~49.42914 ~20.51459
execute if entity @s[tag=aj.rkgugs_skill.bone.weapon2] run data modify entity @s {} merge value {transformation:[-0.09307563031470886f,0.9323744756408898f,0.9485739517784961f,0.4122440168934825f,1.19699132386179f,-0.3558882708635056f,0.4672612620784663f,4.151228602025279f,0.5799366132767414f,0.8841940701073138f,-0.8121897246000739f,-5.289312375869638f,0f,0f,0f,1f],start_interpolation:0}
execute if entity @s[tag=aj.rkgugs_skill.bone.left_arm2] run data modify entity @s {} merge value {transformation:[0.08366458827255766f,-0.46493758047589084f,0.8813814627789761f,0.3198391837872181f,0.8522441152094404f,-0.424978449040169f,-0.30507914701318206f,4.018279885629657f,0.5164108875305223f,0.7766764861334718f,0.36068466993663767f,-5.17596121519027f,0f,0f,0f,1f],start_interpolation:0}
execute if entity @s[tag=aj.rkgugs_skill.bone.left_arm] run data modify entity @s {} merge value {transformation:[0.24837276194342908f,-0.9434905225955453f,0.21940055810543715f,0.11501314838126041f,0.8019356988740004f,0.07323377066831863f,-0.5929046716843855f,4.136830290655987f,0.5433324083800465f,0.3232065107730424f,0.7748080055070765f,-5.027243036449503f,0f,0f,0f,1f],start_interpolation:0}
execute if entity @s[tag=aj.rkgugs_skill.bone.head] run data modify entity @s {} merge value {transformation:[-0.8053417591909031f,0.06369705388612568f,0.5893787714445857f,0.02485293945264097f,0.023058675105761237f,0.996824077691039f,-0.0762237209651727f,4.289548917386435f,-0.5923621767176467f,-0.047795851929195304f,-0.8042528260023052f,-5.321977612425099f,0f,0f,0f,1f],start_interpolation:0}
execute if entity @s[tag=aj.rkgugs_skill.locator_origin.player_camera] at @s on origin run tp @s ^0.33826 ^2.60837 ^-5.48726 ~70.43422 ~-5.14444
execute if entity @s[tag=aj.rkgugs_skill.bone.body_top] run data modify entity @s {} merge value {transformation:[-0.332118631398033f,0.09479557136184948f,0.9384620473564595f,-0.012472816771087261f,0.03077128394668491f,0.9954963512842327f,-0.08966684261226111f,3.897572229068268f,-0.9427355635397288f,-0.0009023469177741154f,-0.3335398671935186f,-5.321622313326225f,0f,0f,0f,1f],start_interpolation:0}
execute if entity @s[tag=aj.rkgugs_skill.bone.body] run data modify entity @s {} merge value {transformation:[-0.22041978915525406f,-0.02850929547677238f,0.9749883776846631f,6.539954087113296e-16f,0.03532751226007727f,0.9986836135317033f,0.03718880128175124f,3.460648148148148f,-0.9747651427017009f,0.04264106160354803f,-0.2191224690419834f,-5.340277777777778f,0f,0f,0f,1f],start_interpolation:0}
execute if entity @s[tag=aj.rkgugs_skill.bone.right_leg2] run data modify entity @s {} merge value {transformation:[-0.2641217401823214f,0.226962244093691f,0.9374048464345692f,0.01091781868236533f,0.1458182175816296f,0.9701429614851433f,-0.19380320353944713f,3.183285704373414f,-0.9534027238184182f,0.08550306448772271f,-0.28933107710515554f,-5.515820315737577f,0f,0f,0f,1f],start_interpolation:0}
execute if entity @s[tag=aj.rkgugs_skill.bone.right_leg] run data modify entity @s {} merge value {transformation:[-0.2641217401823214f,0.023365649860495157f,0.964206281233253f,0.019314849100980778f,0.1458182175816296f,0.9891824522427384f,0.015972588905971793f,3.538773148148148f,-0.9534027238184182f,0.14481754928750654f,-0.2646717280594619f,-5.463776508962379f,0f,0f,0f,1f],start_interpolation:0}
execute if entity @s[tag=aj.rkgugs_skill.bone.left_leg2] run data modify entity @s {} merge value {transformation:[-0.19306107925023622f,-0.3340559823153789f,0.9225692496273878f,0.2116651765288629f,-0.1335874734758471f,0.9404522942308307f,0.31257618144431126f,3.263575531560024f,-0.9720503107396622f,-0.06289740022667445f,-0.22619042958456853f,-5.224834492530747f,0f,0f,0f,1f],start_interpolation:0}
execute if entity @s[tag=aj.rkgugs_skill.bone.left_leg] run data modify entity @s {} merge value {transformation:[-0.19306107925023622f,-0.6427270278395614f,0.7413699396139944f,-0.019314849100979466f,-0.1335874734758471f,0.7657672809408675f,0.6290905009382753f,3.538773148148148f,-0.9720503107396622f,0.022415153913240296f,-0.2337001374966901f,-5.216779046593176f,0f,0f,0f,1f],start_interpolation:0}