execute if entity @s[tag=aj.rkgugs_skill.locator_origin.rkgugs_right_locator] at @s on origin run tp @s ^-0.85506 ^0.96126 ^-2.94573 ~-10.81126 ~-6.0655
execute if entity @s[tag=aj.rkgugs_skill.bone.weapon1] run data modify entity @s {} merge value {transformation:[-1.145665648621049f,0.6351195514708459f,-0.2486989237752352f,-0.5034533013770323f,0.6661088556848211f,1.146397662797329f,-0.14088707850210175f,1.1356690286127138f,0.14672079513738623f,-0.2453025312753026f,-1.3023353846847439f,-1.560028088630221f,0f,0f,0f,1f],start_interpolation:0}
execute if entity @s[tag=aj.rkgugs_skill.bone.right_arm2] run data modify entity @s {} merge value {transformation:[-0.7307147770740172f,0.30338214726855056f,0.6115678108635156f,-0.446569148764179f,0.6826054239915526f,0.3111963600262867f,0.6612160468740171f,1.1940183461176426f,0.010283467459091453f,0.9006198411233861f,-0.4344860781105702f,-1.3911618684195861f,0f,0f,0f,1f],start_interpolation:0}
execute if entity @s[tag=aj.rkgugs_skill.bone.right_arm] run data modify entity @s {} merge value {transformation:[-0.7193496902220962f,0.6301805737827502f,0.2922472713375063f,-0.2890240053184915f,0.6945855807009009f,0.64688523903336f,0.31478621094823195f,1.3557396558759827f,0.00932170905824481f,0.4294321040020137f,-0.9030510360952126f,-1.2838038424190827f,0f,0f,0f,1f],start_interpolation:0}
execute if entity @s[tag=aj.rkgugs_skill.locator_origin.rkgugs_left_locator] at @s on origin run tp @s ^0.8491 ^0.64785 ^-2.72068 ~10.66739 ~-12.66902
execute if entity @s[tag=aj.rkgugs_skill.bone.weapon2] run data modify entity @s {} merge value {transformation:[-1.3022929571429052f,-0.15435615054905225f,0.2408007689801749f,0.5750116063241507f,-0.20630717146745053f,1.2844075400380977f,-0.292425032909564f,1.0835381047130526f,-0.19811154069075637f,-0.32287648978942063f,-1.2783897557334285f,-1.3726856781110666f,0f,0f,0f,1f],start_interpolation:0}
execute if entity @s[tag=aj.rkgugs_skill.bone.left_arm2] run data modify entity @s {} merge value {transformation:[-0.9306969941006441f,-0.3657410603966591f,0.006048298269202057f,0.5646037196310674f,-0.21324756464578976f,0.555934600453514f,0.8034066194594313f,1.2011038150884483f,-0.2972012472125001f,0.7464383408952944f,-0.5954000519791842f,-1.2141534112424177f,0f,0f,0f,1f],start_interpolation:0}
execute if entity @s[tag=aj.rkgugs_skill.bone.left_arm] run data modify entity @s {} merge value {transformation:[-0.789393642424521f,-0.5365890439707311f,0.2982111251954297f,0.3317822533353194f,-0.37185907601280976f,0.8044729011565424f,0.46318913943622986f,1.3557396558759827f,-0.48844498655083657f,0.2547460484391322f,-0.8345812997653379f,-1.2115225224514892f,0f,0f,0f,1f],start_interpolation:0}
execute if entity @s[tag=aj.rkgugs_skill.bone.head] run data modify entity @s {} merge value {transformation:[-0.9932900138460975f,0.0007161861791396482f,0.11564789436464627f,0.027612627043665725f,0f,0.9999808250639265f,-0.006192697672966763f,1.4890021334132164f,-0.11565011194814977f,-0.006151144757325755f,-0.9932709675735797f,-1.3012011878197585f,0f,0f,0f,1f],start_interpolation:0}
execute if entity @s[tag=aj.rkgugs_skill.locator_origin.player_camera] at @s on origin run tp @s ^0.00994 ^-0.2223 ^-1.14942 ~6.64112 ~-22.02148
execute if entity @s[tag=aj.rkgugs_skill.bone.body_top] run data modify entity @s {} merge value {transformation:[-0.9932900138460975f,0.04336349937566425f,0.10721266396987036f,0.010538249164497927f,0f,0.9270433219981471f,-0.3749542360590685f,1.123978825376446f,-0.11565011194814977f,-0.37243829832676506f,-0.9208228741434719f,-1.1545536078535947f,0f,0f,0f,1f],start_interpolation:0}
execute if entity @s[tag=aj.rkgugs_skill.bone.body] run data modify entity @s {} merge value {transformation:[-0.9932900138460975f,0.02408742666170925f,0.11311385534246612f,1.3030771111297837e-16f,0f,0.9780695706821214f,-0.20827845521246477f,0.6960733882030178f,-0.11565011194814977f,-0.20688090966183292f,-0.971506737405291f,-1.0640432098765429f,0f,0f,0f,1f],start_interpolation:0}
execute if entity @s[tag=aj.rkgugs_skill.bone.right_leg2] run data modify entity @s {} merge value {transformation:[-0.9843207583161829f,0.17289994747412335f,-0.034903479931092204f,-0.17007593346645627f,0.12852835452419625f,0.5675411205433115f,-0.8132512149242355f,0.4178045444767532f,-0.12080193223271424f,-0.804986139418492f,-0.5808650518949775f,-1.0835651209293053f,0f,0f,0f,1f],start_interpolation:0}
execute if entity @s[tag=aj.rkgugs_skill.bone.right_leg] run data modify entity @s {} merge value {transformation:[-0.9843207583161829f,0.12776259265584472f,0.12161153179576129f,-0.12416125173076206f,0.12852835452419625f,0.9917046086296057f,-0.0015592646032831488f,0.7741983882030178f,-0.12080193223271424f,0.01409571355615692f,-0.9925765481957477f,-1.0784994738700615f,0f,0f,0f,1f],start_interpolation:0}
execute if entity @s[tag=aj.rkgugs_skill.bone.left_leg2] run data modify entity @s {} merge value {transformation:[-0.9943272200244364f,-0.09072258194195337f,0.05552290197982858f,0.15774324071949442f,-0.09889759921703754f,0.9806984887003496f,-0.16867050462353061f,0.5454841650290219f,-0.03914900238297664f,-0.17320475566980192f,-0.984107447500415f,-1.324745890419589f,0f,0f,0f,1f],start_interpolation:0}
execute if entity @s[tag=aj.rkgugs_skill.bone.left_leg] run data modify entity @s {} merge value {transformation:[-0.9943272200244364f,-0.09344553457734155f,-0.0508066096687327f,0.12416125173076231f,-0.09889759921703754f,0.636422186223293f,0.7649745523557436f,0.7741983882030178f,-0.03914900238297664f,0.7656596717539191f,-0.6420534422165328f,-1.0495869458830243f,0f,0f,0f,1f],start_interpolation:0}