execute if entity @s[tag=aj.rkgugs_skill.locator_origin.rkgugs_right_locator] at @s on origin run tp @s ^-0.06456 ^1.57326 ^-6.13684 ~7.58587 ~15.48933
execute if entity @s[tag=aj.rkgugs_skill.bone.weapon1] run data modify entity @s {} merge value {transformation:[-1.293940528204164f,0.2733563893965323f,0.16962302799029955f,-0.1739722210130437f,0.3101024117377759f,1.2469251571662185f,0.35607853689627833f,1.2332787145422714f,-0.08562815823618578f,0.3850087201348445f,-1.2736616040828848f,-4.74161504302878f,0f,0f,0f,1f],start_interpolation:0}
execute if entity @s[tag=aj.rkgugs_skill.bone.right_arm2] run data modify entity @s {} merge value {transformation:[-0.9043854998002184f,-0.2023956316543686f,0.37566324818690716f,-0.2119214019482378f,0.39965370189781363f,-0.09322705308063561f,0.9119131730232182f,1.2157986420896523f,-0.14954526508880908f,0.9748562585638612f,0.16520135843384698f,-4.558829494548056f,0f,0f,0f,1f],start_interpolation:0}
execute if entity @s[tag=aj.rkgugs_skill.bone.right_arm] run data modify entity @s {} merge value {transformation:[-0.8428796458058102f,-0.16605364319853588f,0.5118399068720267f,-0.2534348127478718f,0.46526784543940314f,0.25296374141488703f,0.8482541939357316f,1.279039577443374f,-0.270332637109261f,0.9531188452180954f,-0.13595856796714634f,-4.320549783243532f,0f,0f,0f,1f],start_interpolation:0}
execute if entity @s[tag=aj.rkgugs_skill.locator_origin.rkgugs_left_locator] at @s on origin run tp @s ^0.80499 ^1.48461 ^-5.95348 ~6.30334 ~14.7193
execute if entity @s[tag=aj.rkgugs_skill.bone.weapon2] run data modify entity @s {} merge value {transformation:[-1.1335111863535599f,-0.6876653898972596f,0.14158559152178304f,0.5878703415360429f,-0.6376843413249336f,1.120877207460461f,0.33877831158798f,1.2244450865459544f,-0.2937496366263428f,0.2202915684062087f,-1.28178022829532f,-4.550913311630137f,0f,0f,0f,1f],start_interpolation:0}
execute if entity @s[tag=aj.rkgugs_skill.bone.left_arm2] run data modify entity @s {} merge value {transformation:[-0.910296653290294f,-0.2635696943617092f,-0.3192037268306336f,0.5953445646738658f,-0.3292712818272872f,-0.006306411439462145f,0.9442143041378751f,1.2438420895152607f,-0.25087930558797716f,0.9646197413431014f,-0.08104522588569202f,-4.354367153529057f,0f,0f,0f,1f],start_interpolation:0}
execute if entity @s[tag=aj.rkgugs_skill.bone.left_arm] run data modify entity @s {} merge value {transformation:[-0.8520234500112036f,-0.5113483949560458f,-0.11215551527625368f,0.3610045346834539f,-0.2922927733709674f,0.28693633839793753f,0.912267763511291f,1.279039577443374f,-0.4343051637571379f,0.8100557738098412f,-0.3939399294958882f,-4.206141355546239f,0f,0f,0f,1f],start_interpolation:0}
execute if entity @s[tag=aj.rkgugs_skill.bone.head] run data modify entity @s {} merge value {transformation:[-0.983102955890121f,0.013609503162456571f,0.18254686944392637f,0.06763697617263012f,0f,0.9972324215863118f,-0.07434714074596632f,1.401259604044261f,-0.18305348431566884f,-0.07309089382933831f,-0.9803821413709664f,-4.3377394300423235f,0f,0f,0f,1f],start_interpolation:0}
execute if entity @s[tag=aj.rkgugs_skill.locator_origin.player_camera] at @s on origin run tp @s ^-0.01294 ^-0.25951 ^-3.90499 ~10.54767 ~-31.76371
execute if entity @s[tag=aj.rkgugs_skill.bone.body_top] run data modify entity @s {} merge value {transformation:[-0.983102955890121f,0.09636254055540203f,0.15563688154745106f,0.02969422582894057f,0f,0.8502262720061702f,-0.5264174069979922f,1.0664830094418316f,-0.18305348431566884f,-0.517522508851739f,-0.835859961184704f,-4.133964942181951f,0f,0f,0f,1f],start_interpolation:0}
execute if entity @s[tag=aj.rkgugs_skill.bone.body] run data modify entity @s {} merge value {transformation:[-0.983102955890121f,0.06787251618043448f,0.1700055871653737f,4.867346206815246e-16f,0f,0.928720847903695f,-0.3707797009937865f,0.660167638483965f,-0.18305348431566884f,-0.36451462003104673f,-0.913028210770902f,-3.974489795918368f,0f,0f,0f,1f],start_interpolation:0}
execute if entity @s[tag=aj.rkgugs_skill.bone.right_leg2] run data modify entity @s {} merge value {transformation:[-0.9450972647928283f,0.28565723896380146f,0.15871704983615434f,-0.13318407122890819f,0.12787297758975538f,0.7702289168806251f,-0.6248167068854905f,0.3971948016587657f,-0.30073187673315344f,-0.5702169389175287f,-0.7644690843245912f,-4.110050869847383f,0f,0f,0f,1f],start_interpolation:0}
execute if entity @s[tag=aj.rkgugs_skill.bone.right_leg] run data modify entity @s {} merge value {transformation:[-0.9450972647928283f,0.028650300501268988f,0.3255308285897077f,-0.12288786948626464f,0.12787297758975538f,0.9491418068179459f,0.2877122384478891f,0.738292638483965f,-0.30073187673315344f,0.3135426459535482f,-0.9006949247581022f,-3.9973714814578263f,0f,0f,0f,1f],start_interpolation:0}
execute if entity @s[tag=aj.rkgugs_skill.bone.left_leg2] run data modify entity @s {} merge value {transformation:[-0.9727670860393118f,-0.07427062175676857f,0.21956336457261955f,0.20485716310291643f,-0.17422918575961366f,0.8590496929501947f,-0.4813292177623528f,0.4375433811825394f,-0.15286722064631145f,-0.506475566820394f,-0.8485953765286686f,-4.1304413001441995f,0f,0f,0f,1f],start_interpolation:0}
execute if entity @s[tag=aj.rkgugs_skill.bone.left_leg] run data modify entity @s {} merge value {transformation:[-0.9727670860393118f,-0.22808846919415882f,0.04122919522924627f,0.12288786948626561f,-0.17422918575961366f,0.8368674985778799f,0.5189383206639729f,0.738292638483965f,-0.15286722064631145f,0.4976227889121113f,-0.8538168262614672f,-3.9516081103789094f,0f,0f,0f,1f],start_interpolation:0}