execute if entity @s[tag=aj.rkgugs_skill.locator_origin.rkgugs_right_locator] at @s on origin run tp @s ^-1.68418 ^1.3376 ^-4.46091 ~-79.52224 ~-1.60742
execute if entity @s[tag=aj.rkgugs_skill.bone.weapon1] run data modify entity @s {} merge value {transformation:[-0.038501122192661996f,0.24220407609431926f,-1.3105848415463153f,-0.25805059864271634f,1.332774954056657f,0.009478322594917432f,-0.03740135048151002f,1.3158939672534942f,0.0025225397835979546f,-1.3111159844582256f,-0.2423763393340121f,-4.261174794084068f,0f,0f,0f,1f],start_interpolation:0}
execute if entity @s[tag=aj.rkgugs_skill.bone.right_arm2] run data modify entity @s {} merge value {transformation:[-0.16517682896886662f,0.9858675571452774f,0.02796023855752086f,-0.07320043167797682f,0.9730813113001106f,0.16752320648194532f,-0.15826792754208058f,1.347304568468859f,-0.16071520391751276f,0.0010653912009410127f,-0.9870002473005475f,-4.260975033233892f,0f,0f,0f,1f],start_interpolation:0}
execute if entity @s[tag=aj.rkgugs_skill.bone.right_arm] run data modify entity @s {} merge value {transformation:[-0.3084982968112398f,0.9302082098871496f,-0.19885041393748482f,0.15935162079381057f,0.9193637810734753f,0.23792620303030224f,-0.31330713359556134f,1.4067861192264346f,-0.24412914392765145f,-0.279470585518634f,-0.9285995654290522f,-4.330842679613551f,0f,0f,0f,1f],start_interpolation:0}
execute if entity @s[tag=aj.rkgugs_skill.locator_origin.rkgugs_left_locator] at @s on origin run tp @s ^-1.91912 ^0.83424 ^-5.51089 ~-61.69283 ~-12.3568
execute if entity @s[tag=aj.rkgugs_skill.bone.weapon2] run data modify entity @s {} merge value {transformation:[-0.43987380163523515f,0.5190149507957991f,-1.1466962532698786f,-0.6341794708641753f,1.2343226946617503f,0.4157054895320618f,-0.28533175286610124f,1.180836672592587f,0.24644736122689295f,-1.1556773791163004f,-0.6176174150078328f,-4.953368518347965f,0f,0f,0f,1f],start_interpolation:0}
execute if entity @s[tag=aj.rkgugs_skill.bone.left_arm2] run data modify entity @s {} merge value {transformation:[-0.36993011654851354f,0.923208997294367f,0.10410022183037165f,-0.43795715158719933f,0.9144605568175423f,0.34203850468247754f,0.21626731454273254f,1.1878151074194552f,0.16405364639456702f,0.17519933969425816f,-0.97076855762604f,-4.930771995054952f,0f,0f,0f,1f],start_interpolation:0}
execute if entity @s[tag=aj.rkgugs_skill.bone.left_arm] run data modify entity @s {} merge value {transformation:[-0.4639809655097874f,0.7991725788600098f,0.3821581516111449f,-0.2961616275609203f,0.8856158602899135f,0.40866062641909207f,0.22063780369127983f,1.4006822465604674f,0.020154692941395824f,0.440817061390546f,-0.8973706629589813f,-4.818048393089641f,0f,0f,0f,1f],start_interpolation:0}
execute if entity @s[tag=aj.rkgugs_skill.bone.head] run data modify entity @s {} merge value {transformation:[0.8611881441358786f,0.16396570841814162f,-0.48111352803962776f,-0.10241799620179326f,-0.018817863460065178f,0.956176487889227f,0.2921855780537794f,1.56515897854275f,0.5079378588120786f,-0.24257322702796325f,0.8265333393848313f,-4.586248646661377f,0f,0f,0f,1f],start_interpolation:0}
execute if entity @s[tag=aj.rkgugs_skill.locator_origin.player_camera] at @s on origin run tp @s ^-0.26285 ^-0.11738 ^-4.27765 ~-133.12897 ~-5.92546
execute if entity @s[tag=aj.rkgugs_skill.bone.body_top] run data modify entity @s {} merge value {transformation:[0.6766560453150112f,-0.12320961949087977f,-0.725917341026898f,-0.053904208527259335f,0.06991500939737265f,0.9921968107520248f,-0.10323458816925629f,1.1744814843091402f,0.7329723649631099f,0.019101790450721457f,0.6799901718421832f,-4.593769976651349f,0f,0f,0f,1f],start_interpolation:0}
execute if entity @s[tag=aj.rkgugs_skill.bone.body] run data modify entity @s {} merge value {transformation:[0.5403218961426586f,-0.12320961949087977f,-0.8323891146655598f,5.635980112033675e-16f,0.05092634519866657f,0.9921968107520248f,-0.11380683678152603f,0.7403953796051294f,0.8399159219311824f,0.019101790450721457f,0.5423802777462216f,-4.60212700997354f,0f,0f,0f,1f],start_interpolation:0}
execute if entity @s[tag=aj.rkgugs_skill.bone.right_leg2] run data modify entity @s {} merge value {transformation:[0.35502102253997314f,-0.16881784783323045f,-0.9194893190285724f,-0.1444324260945806f,0.16391504339311713f,0.9795641335765579f,-0.11655885534715898f,0.5219237900411966f,0.920375973232735f,-0.10933728761663902f,0.375437645198949f,-4.362162201123746f,0f,0f,0f,1f],start_interpolation:0}
execute if entity @s[tag=aj.rkgugs_skill.bone.right_leg] run data modify entity @s {} merge value {transformation:[0.35502102253997314f,0.4617143672787284f,-0.8128837042302391f,0.021496174646212417f,0.16391504339311713f,0.8253122492213779f,0.5403624245213416f,0.8185203796051294f,0.920375973232735f,-0.3250838881482032f,0.2173212680856203f,-4.478989223427006f,0f,0f,0f,1f],start_interpolation:0}
execute if entity @s[tag=aj.rkgugs_skill.bone.left_leg2] run data modify entity @s {} merge value {transformation:[0.3492788772035371f,-0.48133595953248254f,-0.8039402714134803f,-0.08915070358300323f,-0.31365500093299215f,0.7484225659313121f,-0.5843664973238248f,0.4783405760459301f,0.8829636494947914f,0.45626676064089444f,0.11043476266603539f,-4.819344319211068f,0f,0f,0f,1f],start_interpolation:0}
execute if entity @s[tag=aj.rkgugs_skill.bone.left_leg] run data modify entity @s {} merge value {transformation:[0.3492788772035371f,0.1882560805197689f,-0.917912803095572f,-0.021496174646211293f,-0.31365500093299215f,0.9465872794690762f,0.07478678183380996f,0.8185203796051294f,0.8829636494947914f,0.26178649792276804f,0.3896704032591793f,-4.725264796520073f,0f,0f,0f,1f],start_interpolation:0}