execute if entity @s[tag=aj.rkgugs_skill.locator_origin.rkgugs_right_locator] at @s on origin run tp @s ^1.90938 ^2.28933 ^-5.18857 ~91.5267 ~-19.91382
execute if entity @s[tag=aj.rkgugs_skill.bone.weapon1] run data modify entity @s {} merge value {transformation:[0.45005174184956626f,-0.06938108839535331f,1.2531629870088832f,0.5339647559029654f,1.2500962691750412f,-0.09376740328263414f,-0.45414179465674887f,2.7159618183643275f,0.11176101838562758f,1.32822126034501f,0.03339964243370559f,-5.1675567733512775f,0f,0f,0f,1f],start_interpolation:0}
execute if entity @s[tag=aj.rkgugs_skill.bone.right_arm2] run data modify entity @s {} merge value {transformation:[0.31744577563607135f,-0.9429635194704766f,0.10023961531583184f,0.3571590960022511f,0.9453543114295726f,0.30640237134232073f,-0.11145767222278344f,2.7734122629910125f,0.07438686303596984f,0.1301437197242162f,0.9887007670797133f,-5.143154825902987f,0f,0f,0f,1f],start_interpolation:0}
execute if entity @s[tag=aj.rkgugs_skill.bone.right_arm] run data modify entity @s {} merge value {transformation:[0.4631326929333747f,-0.8365993048077756f,0.29259137364493143f,0.1480092698003072f,0.8752370974643605f,0.3797434141622026f,-0.2995913260136138f,2.868348116531563f,0.13952824788709403f,0.39483736220826576f,0.908094337305314f,-5.044445485350921f,0f,0f,0f,1f],start_interpolation:0}
execute if entity @s[tag=aj.rkgugs_skill.locator_origin.rkgugs_left_locator] at @s on origin run tp @s ^1.49076 ^2.15646 ^-4.09676 ~107.8181 ~-21.45114
execute if entity @s[tag=aj.rkgugs_skill.bone.weapon2] run data modify entity @s {} merge value {transformation:[0.3944695886942114f,-0.4757672936508134f,1.1814469957071196f,0.17240449579763206f,1.2256080635880684f,-0.19467628065621337f,-0.4876102931599638f,2.663909752896005f,0.34649155233728646f,1.2302537973198144f,0.37973276934820066f,-4.390828080084734f,0f,0f,0f,1f],start_interpolation:0}
execute if entity @s[tag=aj.rkgugs_skill.bone.left_arm2] run data modify entity @s {} merge value {transformation:[0.2678275581691973f,-0.955845118368718f,-0.12094837235704009f,-0.02355568628207738f,0.8630979909493539f,0.29381705420530124f,-0.4107717087109434f,2.665056826125164f,0.4281708270122037f,0.005625686519085071f,0.9036803054990604f,-4.416533940550669f,0f,0f,0f,1f],start_interpolation:0}
execute if entity @s[tag=aj.rkgugs_skill.bone.left_arm] run data modify entity @s {} merge value {transformation:[0.33522665363961557f,-0.7463053834160199f,-0.5750229259550035f,-0.16822870043113042f,0.7624132460912288f,0.5734528961444983f,-0.29979629432019766f,2.9037217059226923f,0.5534881506177173f,-0.3379053870357134f,0.761229805340033f,-4.431824268482383f,0f,0f,0f,1f],start_interpolation:0}
execute if entity @s[tag=aj.rkgugs_skill.bone.head] run data modify entity @s {} merge value {transformation:[-0.5531868995970679f,0.12096346567376282f,0.8242281808373071f,-0.01763753972176716f,0.03700660483832489f,0.9919932398495895f,-0.12074735314305941f,3.0593016045534522f,-0.8322348017912518f,-0.03629396733490372f,-0.5532341119477082f,-4.699102232329478f,0f,0f,0f,1f],start_interpolation:0}
execute if entity @s[tag=aj.rkgugs_skill.locator_origin.player_camera] at @s on origin run tp @s ^0.35957 ^1.38767 ^-4.57556 ~117.49545 ~-3.74555
execute if entity @s[tag=aj.rkgugs_skill.bone.body_top] run data modify entity @s {} merge value {transformation:[0.4635978836919708f,0.039769196908677217f,0.8851527626424522f,-0.03329666100455882f,0.039192418762330275f,0.9970940366436971f,-0.06532561826064572f,2.6666958276249964f,-0.8851784885252717f,0.06497609611862143f,0.4606920342108159f,-4.7246865701761855f,0f,0f,0f,1f],start_interpolation:0}
execute if entity @s[tag=aj.rkgugs_skill.bone.body] run data modify entity @s {} merge value {transformation:[0.6098463794603629f,-0.07610665372470718f,0.7888568759400625f,5.788369636594911e-16f,0.04995013990980602f,0.9970904631428461f,0.05758117602633153f,2.2304687500000013f,-0.7909439784093931f,0.004287839597290483f,0.6118735469437373f,-4.7265625f,0f,0f,0f,1f],start_interpolation:0}
execute if entity @s[tag=aj.rkgugs_skill.bone.right_leg2] run data modify entity @s {} merge value {transformation:[0.7551771114240775f,-0.07391819361385482f,0.6513398736712281f,0.2843593653316279f,0.16732800645006346f,0.9824426077400399f,-0.08250976157035728f,2.0260752459559517f,-0.6338050714838392f,0.1712968859898346f,0.7542867546308576f,-4.653842398200455f,0f,0f,0f,1f],start_interpolation:0}
execute if entity @s[tag=aj.rkgugs_skill.bone.right_leg] run data modify entity @s {} merge value {transformation:[0.7551771114240775f,-0.49015610286461025f,0.43526374212167557f,0.10820951586465861f,0.16732800645006346f,0.7861384460356168f,0.5949686394442594f,2.3085937500000013f,-0.6338050714838392f,-0.3764748842742147f,0.6756906043982576f,-4.7891380597365005f,0f,0f,0f,1f],start_interpolation:0}
execute if entity @s[tag=aj.rkgugs_skill.bone.left_leg2] run data modify entity @s {} merge value {transformation:[0.7152494381578726f,0.4760177754056506f,0.5116886931648029f,-0.10449098585224652f,-0.3211094031582217f,0.874147582054451f,-0.3643552606889704f,1.9911828567048444f,-0.620731014545124f,0.09629684463269095f,0.7780873506847217f,-4.495502852061921f,0f,0f,0f,1f],start_interpolation:0}
execute if entity @s[tag=aj.rkgugs_skill.bone.left_leg] run data modify entity @s {} merge value {transformation:[0.7152494381578726f,-0.010347213947578232f,0.6987926562138238f,-0.10820951586465745f,-0.3211094031582217f,0.8832303117778281f,0.3417498610975742f,2.3085937500000013f,-0.620731014545124f,-0.4688252889087402f,0.6284073965680368f,-4.6639869402634995f,0f,0f,0f,1f],start_interpolation:0}