execute if entity @s[tag=aj.rkgugs_skill.locator_origin.rkgugs_right_locator] at @s on origin run tp @s ^-1.88768 ^0.73166 ^-7.33494 ~-51.80759 ~-15.20457
execute if entity @s[tag=aj.rkgugs_skill.bone.weapon1] run data modify entity @s {} merge value {transformation:[-0.7606865641969344f,0.4201596164470477f,-1.0112366812646338f,-0.7420874739680323f,0.9463570707089841f,0.8717248668789228f,-0.3496881881931567f,1.1051661231782117f,0.5509464797483978f,-0.9172455674189828f,-0.7955478133216471f,-6.546059051354685f,0f,0f,0f,1f],start_interpolation:0}
execute if entity @s[tag=aj.rkgugs_skill.bone.right_arm2] run data modify entity @s {} merge value {transformation:[-0.5566491285438386f,0.8098420245949833f,0.18519622806980612f,-0.590242094356473f,0.7094630575766857f,0.34743746603997633f,0.6131471088781718f,1.1703106480607073f,0.4322081878277244f,0.47269768604428236f,-0.7679537616178826f,-6.457428235221381f,0f,0f,0f,1f],start_interpolation:0}
execute if entity @s[tag=aj.rkgugs_skill.bone.right_arm] run data modify entity @s {} merge value {transformation:[-0.6910877028584743f,0.5852351537054534f,-0.4241433741379812f,-0.4439333059301096f,0.6293027303096046f,0.7758476520378536f,0.04514968939236058f,1.3642725610701707f,0.3554938263636573f,-0.23571218826081974f,-0.9044688517149841f,-6.516356282286586f,0f,0f,0f,1f],start_interpolation:0}
execute if entity @s[tag=aj.rkgugs_skill.locator_origin.rkgugs_left_locator] at @s on origin run tp @s ^-1.42828 ^0.45604 ^-7.94905 ~-53.23675 ~-19.93349
execute if entity @s[tag=aj.rkgugs_skill.bone.weapon2] run data modify entity @s {} merge value {transformation:[-0.8771212544813654f,-0.009972499457522228f,-1.004159664579983f,-0.3466098910421369f,0.507379003435378f,1.1461711961562309f,-0.4545722316117603f,1.0535781557986286f,0.8666040789124736f,-0.681153371961222f,-0.750203460439832f,-7.204097127454063f,0f,0f,0f,1f],start_interpolation:0}
execute if entity @s[tag=aj.rkgugs_skill.bone.left_arm2] run data modify entity @s {} merge value {transformation:[-0.6661689995430402f,0.7450523168754944f,-0.033405226631222334f,-0.1652770191565417f,0.5188762593965536f,0.49518240398052316f,0.6968226562208715f,1.113995090332692f,0.535711014897459f,0.4468684727148788f,-0.7164651258861149f,-7.153791227251115f,0f,0f,0f,1f],start_interpolation:0}
execute if entity @s[tag=aj.rkgugs_skill.bone.left_arm] run data modify entity @s {} merge value {transformation:[-0.7854123302081694f,0.5527059872321451f,-0.27864594602239223f,-0.12527706362452656f,0.4364609375430694f,0.8137372099704073f,0.3838405959621811f,1.3719870100181777f,0.4388955702168782f,0.17985506605964008f,-0.8803538116329617f,-7.053965514459095f,0f,0f,0f,1f],start_interpolation:0}
execute if entity @s[tag=aj.rkgugs_skill.bone.head] run data modify entity @s {} merge value {transformation:[-0.23512856912117053f,-0.48381220526074586f,-0.8429948434146943f,-0.36663759208319846f,0.27763645951067034f,0.7977428635875047f,-0.5352796651710091f,1.4763850712804514f,0.9314679556127581f,-0.3599056454627263f,-0.05324823030531184f,-6.8322304188904655f,0f,0f,0f,1f],start_interpolation:0}
execute if entity @s[tag=aj.rkgugs_skill.locator_origin.player_camera] at @s on origin run tp @s ^0.24952 ^-0.0904 ^-6.4895 ~-58.72585 ~-41.13328
execute if entity @s[tag=aj.rkgugs_skill.bone.body_top] run data modify entity @s {} merge value {transformation:[-0.5098499876889329f,-0.5706602247365589f,-0.6437389983193618f,-0.14194012859317837f,-0.012343118316811036f,0.7530802486001896f,-0.6578128811436378f,1.1798597233941268f,0.8601747714760137f,-0.3274401427313039f,-0.3910016821502065f,-6.703300862690014f,0f,0f,0f,1f],start_interpolation:0}
execute if entity @s[tag=aj.rkgugs_skill.bone.body] run data modify entity @s {} merge value {transformation:[-0.5098499876889329f,-0.3244345796415524f,-0.7967403551888184f,8.113285044351215e-16f,-0.012343118316811036f,0.9288222249008614f,-0.37032002641017236f,0.7734999999999999f,0.8601747714760137f,-0.17897340043431806f,-0.47756453433349194f,-6.625f,0f,0f,0f,1f],start_interpolation:0}
execute if entity @s[tag=aj.rkgugs_skill.bone.right_leg2] run data modify entity @s {} merge value {transformation:[-0.41058390780961784f,0.07803160430234801f,-0.9084778056605374f,-0.2698889170726661f,0.20025451915493359f,0.9797233089838322f,-0.006353376409188705f,0.5315599048397698f,0.8895611177461669f,-0.18453538024935023f,-0.4178848061732063f,-6.562913656939944f,0f,0f,0f,1f],start_interpolation:0}
execute if entity @s[tag=aj.rkgugs_skill.bone.right_leg] run data modify entity @s {} merge value {transformation:[-0.41058390780961784f,0.4546599616724418f,-0.790382928649017f,-0.10649549334663234f,0.20025451915493359f,0.8906159169675967f,0.40829084731597065f,0.8516249999999999f,0.8895611177461669f,0.009359898289014235f,-0.4567202755497174f,-6.55954994349233f,0f,0f,0f,1f],start_interpolation:0}
execute if entity @s[tag=aj.rkgugs_skill.bone.left_leg2] run data modify entity @s {} merge value {transformation:[-0.5094860878777481f,-0.4596903120479624f,-0.7273986137382134f,0.15908465998746996f,-0.14855417294649687f,0.8796382461661335f,-0.4518497688191848f,0.4974267278418965f,0.8475586020796497f,-0.1221530715578428f,-0.5164523629046291f,-6.72091896159526f,0f,0f,0f,1f],start_interpolation:0}
execute if entity @s[tag=aj.rkgugs_skill.bone.left_leg] run data modify entity @s {} merge value {transformation:[-0.5094860878777481f,-0.14633507239189145f,-0.8479445576493121f,0.10649549334663395f,-0.14855417294649687f,0.9855951920921137f,-0.08083176989953775f,0.8516249999999999f,0.8475586020796497f,0.08478304024372688f,-0.5238857243023719f,-6.69045005650767f,0f,0f,0f,1f],start_interpolation:0}