execute if entity @s[tag=aj.rkgugs_skill.locator_origin.rkgugs_right_locator] at @s on origin run tp @s ^-0.73905 ^1.63626 ^-6.1648 ~-10.26829 ~9.09151
execute if entity @s[tag=aj.rkgugs_skill.bone.weapon1] run data modify entity @s {} merge value {transformation:[-0.24466423944809973f,1.2895105157913331f,-0.2346908975155f,-0.41410832684759646f,1.285954281323649f,0.28233368579189955f,0.21068235329594148f,1.3620685469809255f,0.25345369213810565f,-0.18769149503509486f,-1.2954963938239392f,-4.788771568374561f,0f,0f,0f,1f],start_interpolation:0}
execute if entity @s[tag=aj.rkgugs_skill.bone.right_arm2] run data modify entity @s {} merge value {transformation:[-0.07033824517220158f,0.3205175260795555f,0.9446274645287087f,-0.3540112907076798f,0.9974222497233746f,0.009126385436573294f,0.07117278163473238f,1.363779744250283f,0.014191089558502568f,0.9471986193849232f,-0.3203332458744145f,-4.611171827239888f,0f,0f,0f,1f],start_interpolation:0}
execute if entity @s[tag=aj.rkgugs_skill.bone.right_arm] run data modify entity @s {} merge value {transformation:[-0.035453916230365964f,0.5475390040623818f,0.8360287428398054f,-0.2171265396920843f,0.9870762087378693f,0.1500050187295043f,-0.05638308699987397f,1.4012809989326591f,-0.15628044652996287f,0.8232250806348991f,-0.545780989634175f,-4.405365557081163f,0f,0f,0f,1f],start_interpolation:0}
execute if entity @s[tag=aj.rkgugs_skill.locator_origin.rkgugs_left_locator] at @s on origin run tp @s ^0.36188 ^0.9869 ^-6.72251 ~13.71473 ~-4.09724
execute if entity @s[tag=aj.rkgugs_skill.bone.weapon2] run data modify entity @s {} merge value {transformation:[-0.48694272649745285f,1.200518463743322f,0.3153093355744141f,0.134488088659751f,1.223504013847176f,0.5212869668053324f,-0.09526596515295163f,1.1384804337527341f,-0.20905139795957797f,0.25454487664859415f,-1.2920070419935312f,-5.305700641799548f,0f,0f,0f,1f],start_interpolation:0}
execute if entity @s[tag=aj.rkgugs_skill.bone.left_arm2] run data modify entity @s {} merge value {transformation:[-0.6411177066358935f,-0.025262769346015512f,0.7670266479874752f,0.16982117607211644f,0.7235550391374532f,0.3132432014016061f,0.6150990181381135f,1.1519913440694445f,-0.2558049873961233f,0.9493368681667442f,-0.18254675883900623f,-5.111712167306026f,0f,0f,0f,1f],start_interpolation:0}
execute if entity @s[tag=aj.rkgugs_skill.bone.left_arm] run data modify entity @s {} merge value {transformation:[-0.6029071535603995f,0.13861671270315012f,0.7856770145200056f,0.12911196005285402f,0.6784422872996089f,0.6072469689202984f,0.41348177897071237f,1.3886083722119702f,-0.419784500654052f,0.7823276332180029f,-0.46015698116419534f,-4.968603321583282f,0f,0f,0f,1f],start_interpolation:0}
execute if entity @s[tag=aj.rkgugs_skill.bone.head] run data modify entity @s {} merge value {transformation:[-0.26111133121119756f,0.27674122881393165f,-0.9247892543642963f,-0.04305783806175793f,-0.015924137137514106f,0.9566591334848842f,0.29077435267983315f,1.5537571180748286f,0.9651773384044725f,0.09065094922010195f,-0.24538767458035157f,-4.720805490969092f,0f,0f,0f,1f],start_interpolation:0}
execute if entity @s[tag=aj.rkgugs_skill.locator_origin.player_camera] at @s on origin run tp @s ^-0.38202 ^-0.12924 ^-4.78821 ~-58.53623 ~-6.05405
execute if entity @s[tag=aj.rkgugs_skill.bone.body_top] run data modify entity @s {} merge value {transformation:[-0.5271158586182964f,-0.05179890293143879f,-0.848213266371256f,-0.022662020032503904f,0.07225044141026743f,0.991794663806261f,-0.10546667038191357f,1.1632379692011134f,0.8467164491783052f,-0.11687693741934321f,-0.5190482021839178f,-4.674785196860226f,0f,0f,0f,1f],start_interpolation:0}
execute if entity @s[tag=aj.rkgugs_skill.bone.body] run data modify entity @s {} merge value {transformation:[-0.6663984722812684f,-0.05179890293143879f,-0.7437942926618157f,5.66234005484048e-16f,0.05283869974296755f,0.991794663806261f,-0.11641055216301575f,0.7293278037858743f,0.7437211493232285f,-0.11687693741934321f,-0.6581934620981971f,-4.623651536739263f,0f,0f,0f,1f],start_interpolation:0}
execute if entity @s[tag=aj.rkgugs_skill.bone.right_leg2] run data modify entity @s {} merge value {transformation:[-0.7952941844072459f,-0.23120842725954083f,-0.5604014841273917f,-0.179783465979315f,0.1651460761800023f,0.8068222560578897f,-0.5672429996500671f,0.45430272586446624f,0.583295751544928f,-0.5436731649565083f,-0.6034778835515109f,-4.562067755499864f,0f,0f,0f,1f],start_interpolation:0}
execute if entity @s[tag=aj.rkgugs_skill.bone.right_leg] run data modify entity @s {} merge value {transformation:[-0.7952941844072459f,0.18310319954258547f,-0.5779103551289608f,-0.11398075364369833f,0.1651460761800023f,0.9826784776943527f,0.08408200163327767f,0.8074528037858743f,0.583295751544928f,-0.028569700621073266f,-0.8117572533929461f,-4.572334991660562f,0f,0f,0f,1f],start_interpolation:0}
execute if entity @s[tag=aj.rkgugs_skill.bone.left_leg2] run data modify entity @s {} merge value {transformation:[-0.7626812464964593f,-0.3757710236155189f,-0.5264156666110463f,0.08573610319067972f,-0.31970207248312665f,0.9265543154377487f,-0.1982112140966764f,0.5138301127277254f,0.562234738425687f,0.017124203766308355f,-0.826800375273723f,-4.880244348447981f,0f,0f,0f,1f],start_interpolation:0}
execute if entity @s[tag=aj.rkgugs_skill.bone.left_leg] run data modify entity @s {} merge value {transformation:[-0.7626812464964593f,0.07859380995622889f,-0.641981564594476f,0.11398075364369947f,-0.31970207248312665f,0.8170370533791967f,0.4798343862786756f,0.8074528037858743f,0.562234738425687f,0.5712035245356979f,-0.5980122343776886f,-4.674968081817965f,0f,0f,0f,1f],start_interpolation:0}