execute if entity @s[tag=aj.rkgugs_skill.locator_origin.rkgugs_right_locator] at @s on origin run tp @s ^-1.67186 ^1.21419 ^-3.24586 ~-114.58824 ~-14.20757
execute if entity @s[tag=aj.rkgugs_skill.bone.weapon1] run data modify entity @s {} merge value {transformation:[-0.4477696408797337f,-0.44254530154504446f,-1.1753441124047956f,-0.4044492533655733f,1.2352215965342717f,-0.380676542378237f,-0.32724723882112916f,1.4912598707278084f,-0.2269531536232468f,-1.1987563572057223f,0.5378226844389393f,-3.8712520607656637f,0f,0f,0f,1f],start_interpolation:0}
execute if entity @s[tag=aj.rkgugs_skill.bone.right_arm2] run data modify entity @s {} merge value {transformation:[-0.30113409434384564f,0.8277995637558291f,-0.4733562500584215f,-0.24923683516135536f,0.9386803961722001f,0.16991485097658127f,-0.30001342846547346f,1.5231189052859173f,-0.16792072851709947f,-0.5346745044073684f,-0.8282063772218983f,-3.971503530342045f,0f,0f,0f,1f],start_interpolation:0}
execute if entity @s[tag=aj.rkgugs_skill.bone.right_arm] run data modify entity @s {} merge value {transformation:[-0.462145524343354f,0.6298599557922497f,-0.6242579197886011f,-0.09177184621329292f,0.8728189117958222f,0.19854230336928563f,-0.44583416309696966f,1.5727544811282388f,-0.1568714809675843f,-0.7509043813044398f,-0.6415091180932918f,-4.159229625668155f,0f,0f,0f,1f],start_interpolation:0}
execute if entity @s[tag=aj.rkgugs_skill.locator_origin.rkgugs_left_locator] at @s on origin run tp @s ^-1.71323 ^0.99318 ^-4.27439 ~-102.74439 ~-16.96316
execute if entity @s[tag=aj.rkgugs_skill.bone.weapon2] run data modify entity @s {} merge value {transformation:[-0.4397845873467124f,-0.19253313860822566f,-1.243904451735633f,-0.39019898323004554f,1.2366829977828413f,-0.31155256369962947f,-0.38900892126635267f,1.383371315567016f,-0.23448338428320573f,-1.2820467106808675f,0.28133885601750863f,-4.697903210580164f,0f,0f,0f,1f],start_interpolation:0}
execute if entity @s[tag=aj.rkgugs_skill.bone.left_arm2] run data modify entity @s {} merge value {transformation:[-0.39026289310213913f,0.8488076069162485f,-0.35667985744734754f,-0.2066561261143653f,0.8592888855487276f,0.19667059807094187f,-0.4721687061070903f,1.3665414973585222f,-0.33063194860747264f,-0.490760962481257f,-0.8061241791836392f,-4.769256394257432f,0f,0f,0f,1f],start_interpolation:0}
execute if entity @s[tag=aj.rkgugs_skill.bone.left_arm] run data modify entity @s {} merge value {transformation:[-0.5157655077717072f,0.8489505802110053f,0.1151905089510017f,-0.058889169533077365f,0.7587340696934549f,0.5150655510594601f,-0.3987857690517835f,1.590149643835069f,-0.397880072986071f,-0.11828098102067f,-0.9097807741700122f,-4.848561648635859f,0f,0f,0f,1f],start_interpolation:0}
execute if entity @s[tag=aj.rkgugs_skill.bone.head] run data modify entity @s {} merge value {transformation:[0.5747341884852885f,-0.2348323785584434f,-0.7839224238193093f,-0.10790404060053266f,0.09877692032799747f,0.9708453894170446f,-0.21840867624291807f,1.750496753525093f,0.8123568997655359f,0.04809349049768901f,0.5811740561785903f,-4.548217413917934f,0f,0f,0f,1f],start_interpolation:0}
execute if entity @s[tag=aj.rkgugs_skill.locator_origin.player_camera] at @s on origin run tp @s ^-0.27163 ^0.04302 ^-4.45008 ~-86.97103 ~-11.65532
execute if entity @s[tag=aj.rkgugs_skill.bone.body_top] run data modify entity @s {} merge value {transformation:[-0.06581915639971012f,-0.1978878935133625f,-0.9780123824633687f,-0.029985682529646156f,0.06354494281944002f,0.9773169743231234f,-0.2020236915363386f,1.3656781948853631f,0.9958061452375679f,-0.07544476987001612f,-0.051751403907099064f,-4.518511035781615f,0f,0f,0f,1f],start_interpolation:0}
execute if entity @s[tag=aj.rkgugs_skill.bone.body] run data modify entity @s {} merge value {transformation:[-0.2376816185431786f,-0.06853870292490676f,-0.9689220270011754f,5.497123037425488e-16f,0.04995013990980602f,0.9953252753205374f,-0.08265942070379736f,0.9302233869326281f,0.9700579527686403f,-0.06804441571112163f,-0.23314700461478438f,-4.488741603907999f,0f,0f,0f,1f],start_interpolation:0}
execute if entity @s[tag=aj.rkgugs_skill.bone.right_leg2] run data modify entity @s {} merge value {transformation:[-0.4218829581412819f,-0.30315638141145695f,-0.8544653170488973f,-0.18756344133086827f,0.16328331830130394f,0.9016272081461159f,-0.40050834634893173f,0.6676147736668465f,0.8918258392727115f,-0.3084875782590802f,-0.3308807737922703f,-4.379243115280007f,0f,0f,0f,1f],start_interpolation:0}
execute if entity @s[tag=aj.rkgugs_skill.bone.right_leg] run data modify entity @s {} merge value {transformation:[-0.4218829581412819f,0.3170084573296076f,-0.8494235737318947f,-0.07363852697804053f,0.16328331830130394f,0.9481283151743486f,0.2727476048092194f,1.008348386932628f,0.8918258392727115f,-0.023629133419433263f,-0.4517613711456196f,-4.3877348351026155f,0f,0f,0f,1f],start_interpolation:0}
execute if entity @s[tag=aj.rkgugs_skill.bone.left_leg2] run data modify entity @s {} merge value {transformation:[-0.3964722284861185f,-0.17893409779242186f,-0.9004400927804485f,-0.09756932372927134f,-0.31061182143590027f,0.9491220263178419f,-0.051842796438715144f,0.7442829987129457f,0.8639039694454026f,0.2591331082774365f,-0.43187957091178897f,-4.763264173796658f,0f,0f,0f,1f],start_interpolation:0}
execute if entity @s[tag=aj.rkgugs_skill.bone.left_leg] run data modify entity @s {} merge value {transformation:[-0.3964722284861185f,0.4764044541420883f,-0.7847601978393333f,0.07363852697804164f,-0.31061182143590027f,0.734790645480855f,0.6029950279215416f,1.008348386932628f,0.8639039694454026f,0.48282657692737563f,-0.1433472294432983f,-4.589748372713383f,0f,0f,0f,1f],start_interpolation:0}