execute if entity @s[tag=aj.rkgugs_skill.locator_origin.rkgugs_right_locator] at @s on origin run tp @s ^-1.9944 ^1.02629 ^-5.14278 ~-60.96426 ~-17.19313
execute if entity @s[tag=aj.rkgugs_skill.bone.weapon1] run data modify entity @s {} merge value {transformation:[-0.10178610025425794f,0.7260662696143088f,-1.1136629381016365f,-0.754925455140312f,1.1965220696046044f,-0.4367819825129083f,-0.3941246179560286f,1.374641869517868f,-0.5794413728082616f,-1.0294790185614435f,-0.6182219856957714f,-4.497351422018767f,0f,0f,0f,1f],start_interpolation:0}
execute if entity @s[tag=aj.rkgugs_skill.bone.right_arm2] run data modify entity @s {} merge value {transformation:[-0.06297978776841928f,0.9118148611543625f,0.4057427822040653f,-0.583960168673869f,0.906494246490311f,0.22233354342822806f,-0.35893728776293465f,1.4163294089106606f,-0.41749458369254167f,0.34519770341747485f,-0.8405574448797017f,-4.43262685262799f,0f,0f,0f,1f],start_interpolation:0}
execute if entity @s[tag=aj.rkgugs_skill.bone.right_arm] run data modify entity @s {} merge value {transformation:[-0.16391692748028452f,0.9717227721467776f,0.16995909795243297f,-0.3410294756371746f,0.8281228132357406f,0.22916802405247383f,-0.5115609669926036f,1.473621414923779f,-0.5360446316156391f,0.0568935044031067f,-0.8422703141348316f,-4.418403476527214f,0f,0f,0f,1f],start_interpolation:0}
execute if entity @s[tag=aj.rkgugs_skill.locator_origin.rkgugs_left_locator] at @s on origin run tp @s ^-1.33113 ^0.8688 ^-5.75765 ~-53.26693 ~-17.15666
execute if entity @s[tag=aj.rkgugs_skill.bone.weapon2] run data modify entity @s {} merge value {transformation:[-0.12208940129740016f,0.8487526610992779f,-1.0210244248525657f,-0.15076717580097102f,1.239410782264903f,-0.29486095947077573f,-0.3933137490137511f,1.2651999420785878f,-0.47616474950810916f,-0.985116090942913f,-0.7619653512260331f,-5.028512895463405f,0f,0f,0f,1f],start_interpolation:0}
execute if entity @s[tag=aj.rkgugs_skill.bone.left_arm2] run data modify entity @s {} merge value {transformation:[-0.01305937604680938f,0.9237701114840906f,0.3827247494295845f,0.02325593110522156f,0.8633326756927914f,0.20352153446575186f,-0.46177448618327877f,1.2494019375601169f,-0.5044661968639653f,0.3243882953150068f,-0.8001787863248007f,-4.936160952787843f,0f,0f,0f,1f],start_interpolation:0}
execute if entity @s[tag=aj.rkgugs_skill.bone.left_arm] run data modify entity @s {} merge value {transformation:[-0.042998293171252505f,0.6384241091523027f,0.7684827933255546f,0.1774871717468907f,0.7635994955770321f,0.5170179167318402f,-0.38679230102571827f,1.474106353690206f,-0.644256903058757f,0.5701816645871353f,-0.5097312156713408f,-4.874147649523405f,0f,0f,0f,1f],start_interpolation:0}
execute if entity @s[tag=aj.rkgugs_skill.bone.head] run data modify entity @s {} merge value {transformation:[-0.5415542501493241f,-0.2555513544235752f,-0.8008823255619264f,-0.0828701668389437f,0.06163047770351812f,0.9380437265175252f,-0.3409921573279223f,1.6362981969010026f,0.8384036488250988f,-0.2340245123772094f,-0.4922518148705701f,-4.7184936269593045f,0f,0f,0f,1f],start_interpolation:0}
execute if entity @s[tag=aj.rkgugs_skill.locator_origin.player_camera] at @s on origin run tp @s ^-0.15992 ^-0.0747 ^-4.58256 ~-41.29986 ~-18.69979
execute if entity @s[tag=aj.rkgugs_skill.bone.body_top] run data modify entity @s {} merge value {transformation:[-0.7672320145579852f,-0.14328580199279317f,-0.6251593515133382f,-0.026451382304281384f,0.0850568892662782f,0.9433848021918941f,-0.3206094829878008f,1.2648404310379444f,0.6357046180622253f,-0.2991559692545728f,-0.7116075776955425f,-4.600700964065316f,0f,0f,0f,1f],start_interpolation:0}
execute if entity @s[tag=aj.rkgugs_skill.bone.body] run data modify entity @s {} merge value {transformation:[-0.8664527553108107f,-0.06046030240978728f,-0.4955846795925208f,5.525087633961075e-16f,0.04995013990980601f,0.9771619494353391f,-0.20654178293681572f,0.8373320781599837f,0.4967540702775321f,-0.20371322099521416f,-0.8436446629087746f,-4.51157642987991f,0f,0f,0f,1f],start_interpolation:0}
execute if entity @s[tag=aj.rkgugs_skill.bone.right_leg2] run data modify entity @s {} merge value {transformation:[-0.9368076673660299f,-0.07004743379492998f,-0.3427604869044313f,-0.18382503225228344f,0.16328331830130388f,0.7789450142143836f,-0.6054611653897127f,0.5611530624952967f,0.30940257324193826f,-0.6231677317137809f,-0.7182840843440487f,-4.489629225035887f,0f,0f,0f,1f],start_interpolation:0}
execute if entity @s[tag=aj.rkgugs_skill.bone.right_leg] run data modify entity @s {} merge value {transformation:[-0.9368076673660299f,0.16666274665894312f,-0.30759538884761395f,-0.12393060767172576f,0.16328331830130388f,0.9858894348930417f,0.03688604249298113f,0.9154570781599837f,0.30940257324193826f,-0.01567006835900438f,-0.9508020280946455f,-4.4952606558524035f,0f,0f,0f,1f],start_interpolation:0}
execute if entity @s[tag=aj.rkgugs_skill.bone.left_leg2] run data modify entity @s {} merge value {transformation:[-0.8990636062244632f,-0.24891761462699374f,-0.36017308768295103f,0.10243707349948424f,-0.31061182143590016f,0.9424081074550522f,0.12404537632358209f,0.6958745335272347f,0.3085529587395586f,0.22339870217034413f,-0.9246015852904808f,-4.811567942571113f,0f,0f,0f,1f],start_interpolation:0}
execute if entity @s[tag=aj.rkgugs_skill.bone.left_leg] run data modify entity @s {} merge value {transformation:[-0.8990636062244632f,0.059808095087979504f,-0.433713757822611f,0.12393060767172687f,-0.31061182143590016f,0.6110122981085186f,0.7281375336737003f,0.9154570781599837f,0.3085529587395586f,0.7893585771511538f,-0.5307618188330526f,-4.527892203907417f,0f,0f,0f,1f],start_interpolation:0}