execute if entity @s[tag=aj.rkgugs_skill.locator_origin.rkgugs_right_locator] at @s on origin run tp @s ^0.52097 ^1.32745 ^-4.99617 ~-177.00622 ~-2.63176
execute if entity @s[tag=aj.rkgugs_skill.bone.weapon1] run data modify entity @s {} merge value {transformation:[0.23005637700141351f,-1.3114925756586702f,-0.06956338958783721f,0.5237120129450838f,1.3113395874269136f,0.23327685727101094f,-0.06122231689955944f,1.342920844918986f,0.07239010723692318f,-0.05785248163844055f,1.330109221274809f,-6.436300605883185f,0f,0f,0f,1f],start_interpolation:0}
execute if entity @s[tag=aj.rkgugs_skill.bone.right_arm2] run data modify entity @s {} merge value {transformation:[0.1823841182099789f,-0.10654550501442311f,-0.9774375114481695f,0.5037347307548795f,0.9826752731293192f,0.05306180004256736f,0.17757745621688806f,1.3528699324269673f,0.03294451403476252f,-0.9928909812952601f,0.11437726285214717f,-6.622467664876046f,0f,0f,0f,1f],start_interpolation:0}
execute if entity @s[tag=aj.rkgugs_skill.bone.right_arm] run data modify entity @s {} merge value {transformation:[0.21283735901069636f,-0.7927967655104686f,-0.5711160540603735f,0.30553553937726236f,0.9558796532957828f,0.2900661826713529f,-0.046429495857736335f,1.4253864780948056f,0.20247060780391368f,-0.5360362844683267f,0.8195552176082496f,-6.756476735993128f,0f,0f,0f,1f],start_interpolation:0}
execute if entity @s[tag=aj.rkgugs_skill.locator_origin.rkgugs_left_locator] at @s on origin run tp @s ^0.39387 ^1.42514 ^-4.9152 ~161.7049 ~2.67998
execute if entity @s[tag=aj.rkgugs_skill.bone.weapon2] run data modify entity @s {} merge value {transformation:[0.10364837936948484f,-1.261837936618857f,0.4180906755015286f,-0.17517663066012834f,1.3255605337471115f,0.12953907562332068f,0.062343219651432615f,1.370072766841741f,-0.09961958945875295f,0.41080704396821177f,1.2645518130151676f,-6.240034905336717f,0f,0f,0f,1f],start_interpolation:0}
execute if entity @s[tag=aj.rkgugs_skill.bone.left_arm2] run data modify entity @s {} merge value {transformation:[-0.09937426723916604f,-0.2272018984805873f,-0.9687641881993249f,-0.21156609492279058f,0.9940381285504087f,-0.06656529484920862f,-0.08635543126891033f,1.2954643910231138f,-0.04486595589843582f,-0.9715700483487825f,0.2324622273679418f,-6.419400167158462f,0f,0f,0f,1f],start_interpolation:0}
execute if entity @s[tag=aj.rkgugs_skill.bone.left_arm] run data modify entity @s {} merge value {transformation:[-0.13475769926399855f,-0.3197969750921952f,-0.9378540703174224f,-0.3083600511038392f,0.9829048300520694f,0.07669090806439116f,-0.16738159899036703f,1.4375002217957202f,0.12545300932774278f,-0.9443772547780583f,0.3039953011289355f,-6.639812854687008f,0f,0f,0f,1f],start_interpolation:0}
execute if entity @s[tag=aj.rkgugs_skill.bone.head] run data modify entity @s {} merge value {transformation:[0.6555348210458173f,0.04352181015203496f,0.7539097760591243f,0.0012992135835707477f,0.03786329088840282f,0.9951879683027857f,-0.09037299900121577f,1.5751662808249325f,-0.754215134825289f,0.08778815288217307f,0.6507324877505407f,-6.698800213371882f,0f,0f,0f,1f],start_interpolation:0}
execute if entity @s[tag=aj.rkgugs_skill.locator_origin.player_camera] at @s on origin run tp @s ^0.06365 ^-0.0678 ^-6.2001 ~169.23883 ~0.05486
execute if entity @s[tag=aj.rkgugs_skill.bone.body_top] run data modify entity @s {} merge value {transformation:[0.9822329447697624f,0.01886239615206388f,0.18671543112534603f,-0.0061278549013044055f,-0.019381989921463425f,0.9998116930759633f,0.0009575255923671977f,1.181490426676272f,-0.1866622100897916f,-0.004559429786536395f,0.9824135742773592f,-6.697004937893434f,0f,0f,0f,1f],start_interpolation:0}
execute if entity @s[tag=aj.rkgugs_skill.bone.body] run data modify entity @s {} merge value {transformation:[0.9798703121983106f,-0.014006525488697637f,0.19914313574944087f,8.113285044351215e-16f,-0.019243237790624357f,0.9862638324029074f,0.16405288992658196f,0.75f,-0.19870548324522713f,-0.164582715184992f,0.9661411184659396f,-6.625f,0f,0f,0f,1f],start_interpolation:0}
execute if entity @s[tag=aj.rkgugs_skill.bone.right_leg2] run data modify entity @s {} merge value {transformation:[0.9364918111300506f,-0.12069875268719012f,0.3292641778057772f,0.2057954432198618f,0.1569469402285052f,0.9838794175728526f,-0.08572601489288062f,0.4946512498096723f,-0.31360922441673805f,0.13195871618146665f,0.9403383176200315f,-6.479791423708217f,0f,0f,0f,1f],start_interpolation:0}
execute if entity @s[tag=aj.rkgugs_skill.bone.right_leg] run data modify entity @s {} merge value {transformation:[0.9364918111300506f,-0.24854327392376935f,0.24740519128266514f,0.11647520415350718f,0.1569469402285052f,0.9279269570513466f,0.3381112543680532f,0.828125f,-0.31360922441673805f,-0.27780893319812905f,0.908004102962123f,-6.579629009076294f,0f,0f,0f,1f],start_interpolation:0}
execute if entity @s[tag=aj.rkgugs_skill.bone.left_leg2] run data modify entity @s {} merge value {transformation:[0.9813162082995006f,0.16101553245309452f,0.10532092687371086f,-0.15545099734475684f,-0.074542089547836f,0.8228185535489576f,-0.563394271200412f,0.47745159213029376f,-0.17737524126701976f,0.5450170880297677f,0.819447617325854f,-6.738631075769533f,0f,0f,0f,1f],start_interpolation:0}
execute if entity @s[tag=aj.rkgugs_skill.bone.left_leg] run data modify entity @s {} merge value {transformation:[0.9813162082995006f,0.1084543810539166f,0.15892182530698212f,-0.11647520415350557f,-0.074542089547836f,0.9757868740722261f,-0.20562940761038023f,0.828125f,-0.17737524126701976f,0.1899411056579522f,0.9656398915573556f,-6.670370990923706f,0f,0f,0f,1f],start_interpolation:0}