execute if entity @s[tag=aj.rkgugs_skill.locator_origin.rkgugs_right_locator] at @s on origin run tp @s ^1.39776 ^1.11344 ^-5.90689 ~61.16095 ~-12.04056
execute if entity @s[tag=aj.rkgugs_skill.bone.weapon1] run data modify entity @s {} merge value {transformation:[0.38755595942496984f,0.5681412594114514f,1.142275652128827f,0.17470781149817793f,1.267698205891825f,-0.3055451542954088f,-0.27813880571222066f,1.3395588373833458f,0.14324599425679008f,1.166891359904057f,-0.6289856255022204f,-5.180776630908881f,0f,0f,0f,1f],start_interpolation:0}
execute if entity @s[tag=aj.rkgugs_skill.bone.right_arm2] run data modify entity @s {} merge value {transformation:[0.3518891020785179f,-0.7647103030086176f,0.5398075697050215f,0.03132462968406213f,0.9279411876710889f,0.20928689662846944f,-0.30842202762317894f,1.3788001305011839f,0.1228788511581334f,0.6094400277074783f,0.7832519649295264f,-5.066506625713729f,0f,0f,0f,1f],start_interpolation:0}
execute if entity @s[tag=aj.rkgugs_skill.bone.right_arm] run data modify entity @s {} merge value {transformation:[0.5084114193153972f,-0.5457194557963527f,0.6661141826106355f,-0.10510523426502605f,0.8555918701827941f,0.23266637369153315f,-0.46241638187929723f,1.436966723924067f,0.09736724493797234f,0.8050196482810612f,0.5852033710554169f,-4.865251713643464f,0f,0f,0f,1f],start_interpolation:0}
execute if entity @s[tag=aj.rkgugs_skill.locator_origin.rkgugs_left_locator] at @s on origin run tp @s ^1.85157 ^0.72268 ^-5.14873 ~67.59999 ~-19.25216
execute if entity @s[tag=aj.rkgugs_skill.bone.weapon2] run data modify entity @s {} merge value {transformation:[0.40489737009210325f,0.5093423353166678f,1.163789621419798f,0.6446104685427492f,1.2587628559951276f,0.003873167922219256f,-0.43963490388618187f,1.1970257523893497f,-0.1713241659465013f,1.2322066230150632f,-0.4796797328826035f,-4.516054428650268f,0f,0f,0f,1f],start_interpolation:0}
execute if entity @s[tag=aj.rkgugs_skill.bone.left_arm2] run data modify entity @s {} merge value {transformation:[0.4031193261496648f,-0.7191819488912423f,0.5659259079363953f,0.48456889524128716f,0.9149661919692017f,0.3044279576676418f,-0.26487824777373825f,1.1969206074539573f,0.01821198610853174f,0.6245806136755301f,0.780747962266108f,-4.400083812717889f,0f,0f,0f,1f],start_interpolation:0}
execute if entity @s[tag=aj.rkgugs_skill.bone.left_arm] run data modify entity @s {} merge value {transformation:[0.5440043016178445f,-0.8351735742501533f,0.08089759387957002f,0.3437760393809794f,0.8350092412765309f,0.5293534053966029f,-0.150148390526877f,1.4336351139626744f,0.08257655117569797f,0.1492316088140937f,0.9853481821806359f,-4.352453841617403f,0f,0f,0f,1f],start_interpolation:0}
execute if entity @s[tag=aj.rkgugs_skill.bone.head] run data modify entity @s {} merge value {transformation:[-0.8417640141203363f,0.08080513910843357f,0.5337638747851755f,0.17839637226093463f,0.03689028252184279f,0.9950329554441154f,-0.09245823184339716f,1.5979451728533949f,-0.5385837461226215f,-0.058137312234188054f,-0.8405638591675875f,-4.60538087210365f,0f,0f,0f,1f],start_interpolation:0}
execute if entity @s[tag=aj.rkgugs_skill.locator_origin.player_camera] at @s on origin run tp @s ^0.14181 ^-0.11292 ^-4.75868 ~48.72998 ~-14.51255
execute if entity @s[tag=aj.rkgugs_skill.bone.body_top] run data modify entity @s {} merge value {transformation:[-0.6412660792479901f,0.24358944448662373f,0.7276276507531914f,0.08248302849432654f,0.0820727311353382f,0.9646075159021028f,-0.2505921129428474f,1.218130963466942f,-0.7629166942791963f,-0.10097783321042483f,-0.6385621307204419f,-4.565620850277045f,0f,0f,0f,1f],start_interpolation:0}
execute if entity @s[tag=aj.rkgugs_skill.bone.body] run data modify entity @s {} merge value {transformation:[-0.5023648966383446f,0.1885326365584594f,0.8438512638953982f,5.562889497864318e-16f,0.04995013990980602f,0.9806370496993214f,-0.18935670117532524f,0.7891022542234889f,-0.8632117319340232f,-0.05297567091907839f,-0.5020548616855904f,-4.542443994249949f,0f,0f,0f,1f],start_interpolation:0}
execute if entity @s[tag=aj.rkgugs_skill.bone.right_leg2] run data modify entity @s {} merge value {transformation:[-0.31547378364351664f,0.40865450138654863f,0.856433179139012f,0.06821670013512945f,0.16328331830130388f,0.9124366901816032f,-0.3752303883948584f,0.5293570743025489f,-0.9347806426098898f,0.021465901028200646f,-0.3545763180119179f,-4.754083411639089f,0f,0f,0f,1f],start_interpolation:0}
execute if entity @s[tag=aj.rkgugs_skill.bone.right_leg] run data modify entity @s {} merge value {transformation:[-0.31547378364351664f,-0.23745712613228692f,0.9187439279160645f,-0.017119454568661152f,0.16328331830130388f,0.9401605006495725f,0.299059845152873f,0.8672272542234889f,-0.9347806426098898f,0.24436109810552997f,-0.2578232028629324f,-4.666266142007414f,0f,0f,0f,1f],start_interpolation:0}
execute if entity @s[tag=aj.rkgugs_skill.bone.left_leg2] run data modify entity @s {} merge value {transformation:[-0.3143793150867329f,0.11598197072464167f,0.9421856657328347f,0.21514245790796066f,-0.3106118214359002f,0.9253074863981448f,-0.21754620658568063f,0.5692405745042356f,-0.8970428878430892f,-0.3610460331901951f,-0.25487216263796897f,-4.38483990629688f,0f,0f,0f,1f],start_interpolation:0}
execute if entity @s[tag=aj.rkgugs_skill.bone.left_leg] run data modify entity @s {} merge value {transformation:[-0.3143793150867329f,-0.5510205310310912f,0.7730084220937122f,0.017119454568662262f,-0.3106118214359002f,0.8291803261753136f,0.4647367890194115f,0.8672272542234889f,-0.8970428878430892f,-0.094001920544289f,-0.43183063381853304f,-4.418621846492483f,0f,0f,0f,1f],start_interpolation:0}