execute if entity @s[tag=aj.rkgugs_skill.locator_origin.rkgugs_right_locator] at @s on origin run tp @s ^-1.49225 ^1.26906 ^-3.05389 ~-121.10923 ~-13.16207
execute if entity @s[tag=aj.rkgugs_skill.bone.weapon1] run data modify entity @s {} merge value {transformation:[-0.4291305077010956f,-0.5983264466628853f,-1.1115890645205824f,-0.30175054412374147f,1.2542113437293592f,-0.3354901857967221f,-0.30360833037394497f,1.5218745323290719f,-0.14345274622179038f,-1.1433414084321551f,0.6707976678131646f,-3.8239675451366595f,0f,0f,0f,1f],start_interpolation:0}
execute if entity @s[tag=aj.rkgugs_skill.bone.right_arm2] run data modify entity @s {} merge value {transformation:[-0.29056112462973777f,0.7610127310004391f,-0.5800291855666879f,-0.1590606570611591f,0.9505385730327037f,0.16002065872105026f,-0.2662138425391002f,1.5518784058392687f,-0.10977547098898571f,-0.6286915078460458f,-0.7698677379468577f,-3.941847202857793f,0f,0f,0f,1f],start_interpolation:0}
execute if entity @s[tag=aj.rkgugs_skill.bone.right_arm] run data modify entity @s {} merge value {transformation:[-0.45095130015119345f,0.5390864464906492f,-0.7113569625033781f,-0.02428904543849681f,0.8889194789303239f,0.19946285915333917f,-0.4123550991519528f,1.6017441206276035f,-0.08040575147456697f,-0.8182911285285082f,-0.5691524787799404f,-4.14641998498992f,0f,0f,0f,1f],start_interpolation:0}
execute if entity @s[tag=aj.rkgugs_skill.locator_origin.rkgugs_left_locator] at @s on origin run tp @s ^-1.6578 ^0.99532 ^-4.11334 ~-108.09992 ~-17.89741
execute if entity @s[tag=aj.rkgugs_skill.bone.weapon2] run data modify entity @s {} merge value {transformation:[-0.47203594976236607f,-0.31695811442624466f,-1.2060254531348322f,-0.38727299970587137f,1.2368657005608599f,-0.2829217872524409f,-0.40975148425814845f,1.4105553300323723f,-0.1585026141292675f,-1.263831711018133f,0.3941879061018284f,-4.656804642391273f,0f,0f,0f,1f],start_interpolation:0}
execute if entity @s[tag=aj.rkgugs_skill.bone.left_arm2] run data modify entity @s {} merge value {transformation:[-0.4290112736288288f,0.7937018109920498f,-0.4312618257245937f,-0.2116407055430602f,0.8624703319178825f,0.2180059367411189f,-0.456747564971161f,1.3975270474264645f,-0.26850373118604404f,-0.5679003845513463f,-0.7780712689500912f,-4.746504481295522f,0f,0f,0f,1f],start_interpolation:0}
execute if entity @s[tag=aj.rkgugs_skill.bone.left_arm] run data modify entity @s {} merge value {transformation:[-0.5597065729863451f,0.8282441034921981f,0.027207667784754246f,-0.0745430012933038f,0.7621350534459908f,0.5273682697845562f,-0.3755434306885429f,1.6246359965533523f,-0.3253900927575353f,-0.1894582092569448f,-0.9264053510642054f,-4.834542795204451f,0f,0f,0f,1f],start_interpolation:0}
execute if entity @s[tag=aj.rkgugs_skill.bone.head] run data modify entity @s {} merge value {transformation:[0.7396417155209617f,-0.18636787499593893f,-0.6466816433382863f,-0.0800528120254919f,0.08529224748460537f,0.9791027862452121f,-0.18461572653998815f,1.7838540360170485f,0.6675742394522374f,0.08139256192282518f,0.7400809994070955f,-4.529682875905386f,0f,0f,0f,1f],start_interpolation:0}
execute if entity @s[tag=aj.rkgugs_skill.locator_origin.player_camera] at @s on origin run tp @s ^-0.30166 ^0.08358 ^-4.42077 ~-93.86588 ~-9.2924
execute if entity @s[tag=aj.rkgugs_skill.bone.body_top] run data modify entity @s {} merge value {transformation:[0.05812503642712501f,-0.16468789297853675f,-0.9846315950885566f,-0.015206954165193043f,0.05627285799840202f,0.9852714527944034f,-0.16147300009938953f,1.3959034014792522f,0.9967220503194644f,-0.04602240991838424f,0.06653639749991828f,-4.511561552000022f,0f,0f,0f,1f],start_interpolation:0}
execute if entity @s[tag=aj.rkgugs_skill.bone.body] run data modify entity @s {} merge value {transformation:[-0.11600749821055956f,-0.034758752377585356f,-0.9926399596490565f,5.495969205709099e-16f,0.04995013990980601f,0.9979187747806414f,-0.0407811532854869f,0.9593139375127216f,0.9919915543400144f,-0.05431342443132524f,-0.11402985593529835f,-4.487799428811317f,0f,0f,0f,1f],start_interpolation:0}
execute if entity @s[tag=aj.rkgugs_skill.bone.right_leg2] run data modify entity @s {} merge value {transformation:[-0.3084632631509989f,-0.24882930972890244f,-0.9181145843009333f,-0.2041787818943687f,0.1632833183013039f,0.9370038980934944f,-0.3088077928455039f,0.7081492124562396f,0.9371173743191151f,-0.24516865537306046f,-0.24840160460796723f,-4.368355317876452f,0f,0f,0f,1f],start_interpolation:0}
execute if entity @s[tag=aj.rkgugs_skill.bone.right_leg] run data modify entity @s {} merge value {transformation:[-0.3084632631509989f,0.3995383690581908f,-0.8632609726708131f,-0.06059468051408138f,0.1632833183013039f,0.9162844523310799f,0.36573400222135216f,1.0374389375127215f,0.9371173743191151f,-0.02814061240722862f,-0.34787804282908324f,-4.3784683504603f,0f,0f,0f,1f],start_interpolation:0}
execute if entity @s[tag=aj.rkgugs_skill.bone.left_leg2] run data modify entity @s {} merge value {transformation:[-0.28669704412851654f,-0.23029533492320398f,-0.929929493886811f,-0.10416428446266193f,-0.31061182143590016f,0.9405869660018421f,-0.1371730869074616f,0.7549176297831801f,0.9062698832424279f,0.24951997535279385f,-0.3411959563472245f,-4.7460821260309505f,0f,0f,0f,1f],start_interpolation:0}
execute if entity @s[tag=aj.rkgugs_skill.bone.left_leg] run data modify entity @s {} merge value {transformation:[-0.28669704412851654f,0.458459728630941f,-0.84120121380774f,0.060594680514082476f,-0.31061182143590016f,0.7861462475952459f,0.5343167354446113f,1.0374389375127215f,0.9062698832424279f,0.4144740698952808f,-0.08298279407321668f,-4.597130507162334f,0f,0f,0f,1f],start_interpolation:0}