execute if entity @s[tag=aj.rkgugs_skill.locator_origin.rkgugs_right_locator] at @s on origin run tp @s ^1.11811 ^4.27969 ^-6.97587 ~39.45984 ~3.80093
execute if entity @s[tag=aj.rkgugs_skill.bone.weapon1] run data modify entity @s {} merge value {transformation:[0.5132431894542124f,0.894123426174372f,0.8455190743104775f,0.224390500294894f,1.1160207532327702f,-0.7241983459825093f,0.0883867173716448f,4.098136384008234f,0.5185141122577136f,0.673689715091582f,-1.0271626263387872f,-5.861184152781255f,0f,0f,0f,1f],start_interpolation:0}
execute if entity @s[tag=aj.rkgugs_skill.bone.right_arm2] run data modify entity @s {} merge value {transformation:[0.3650516184911459f,-0.528473786994233f,0.7664546772621124f,0.1253016652334753f,0.8401744808944942f,-0.16764355995084512f,-0.5157542810880723f,4.066703216517451f,0.4010538087222984f,0.8322325956527904f,0.38281163676455365f,-5.705140541096357f,0f,0f,0f,1f],start_interpolation:0}
execute if entity @s[tag=aj.rkgugs_skill.bone.right_arm] run data modify entity @s {} merge value {transformation:[0.5068544413490362f,-0.2752388564935647f,0.8169101218376911f,0.05649195111008411f,0.8060445302808203f,-0.18463081301095746f,-0.5623199072514543f,4.020545513264711f,0.30559906820723093f,0.943480277887687f,0.12827382721289837f,-5.469270471624435f,0f,0f,0f,1f],start_interpolation:0}
execute if entity @s[tag=aj.rkgugs_skill.locator_origin.rkgugs_left_locator] at @s on origin run tp @s ^1.72112 ^3.95645 ^-5.20394 ~83.66293 ~-1.22949
execute if entity @s[tag=aj.rkgugs_skill.bone.weapon2] run data modify entity @s {} merge value {transformation:[0.06322872180485885f,0.13590295220030915f,1.3248812377341381f,0.30547265560642506f,1.293346078117631f,-0.3228238041561961f,-0.02860928984862713f,3.9570315902763f,0.3178613357022911f,1.2865041612179648f,-0.14713596505339183f,-4.924701567983283f,0f,0f,0f,1f],start_interpolation:0}
execute if entity @s[tag=aj.rkgugs_skill.bone.left_arm2] run data modify entity @s {} merge value {transformation:[0.10768209217600228f,-0.91638195927247f,0.3855498304299303f,0.12692090748183676f,0.911424497903414f,-0.06391594822825325f,-0.40647279882372583f,3.888083318864539f,0.3971271227782217f,0.3951694020063195f,0.828330364089026f,-4.875427750280737f,0f,0f,0f,1f],start_interpolation:0}
execute if entity @s[tag=aj.rkgugs_skill.bone.left_arm] run data modify entity @s {} merge value {transformation:[0.25402300363662184f,-0.9666279007406613f,-0.03320866051394861f,-0.08298319224875084f,0.8471573893344109f,0.23893162558145528f,-0.4745903875902975f,4.053710898926704f,0.4666869093080866f,0.0924239136084663f,0.8795800980432424f,-4.7939859082151095f,0f,0f,0f,1f],start_interpolation:0}
execute if entity @s[tag=aj.rkgugs_skill.bone.head] run data modify entity @s {} merge value {transformation:[-0.6598846948476951f,0.10642862078791135f,0.7437910581493618f,-0.010080144180598532f,0.022144779788508f,0.9922420692943351f,-0.12233268022329254f,4.210271288335315f,-0.7510404770941995f,-0.06425437416766906f,-0.6571221934818807f,-5.091465827790526f,0f,0f,0f,1f],start_interpolation:0}
execute if entity @s[tag=aj.rkgugs_skill.locator_origin.player_camera] at @s on origin run tp @s ^0.38746 ^2.53883 ^-5.0794 ~101.85051 ~-3.74911
execute if entity @s[tag=aj.rkgugs_skill.bone.body_top] run data modify entity @s {} merge value {transformation:[0.2078922126962232f,0.055212045917095984f,0.9765922679838894f,-0.03181988726045508f,0.04239208046786905f,0.9969590557384513f,-0.06538771057852681f,3.8177186601383f,-0.9772326946095663f,0.054993373843981966f,0.20491947057169088f,-5.113119468741594f,0f,0f,0f,1f],start_interpolation:0}
execute if entity @s[tag=aj.rkgugs_skill.bone.body] run data modify entity @s {} merge value {transformation:[0.37411793654196107f,-0.07273117088104161f,0.9245247137528873f,6.276647052335684e-16f,0.05308744216197155f,0.9969647416917757f,0.0569475838657819f,3.3815465856481484f,-0.9258604068877146f,0.027775539701753116f,0.3768435037943361f,-5.125271267361112f,0f,0f,0f,1f],start_interpolation:0}
execute if entity @s[tag=aj.rkgugs_skill.bone.right_leg2] run data modify entity @s {} merge value {transformation:[0.3894908637083241f,0.04945151113491392f,0.9197018077258614f,0.1480278560246985f,0.09786226797105017f,0.9906828583407847f,-0.09471246326273591f,3.105623963883359f,-0.9158164901306954f,0.12689374388127345f,0.38102248512192527f,-5.226583944345243f,0f,0f,0f,1f],start_interpolation:0}
execute if entity @s[tag=aj.rkgugs_skill.bone.right_leg] run data modify entity @s {} merge value {transformation:[0.3894908637083241f,-0.16819568625011866f,0.905542422095506f,0.08758253127856211f,0.09786226797105017f,0.9851759909976745f,0.14089444016465805f,3.4596715856481484f,-0.9158164901306954f,0.03374133797883078f,0.4001770589577722f,-5.2144581510091f,0f,0f,0f,1f],start_interpolation:0}
execute if entity @s[tag=aj.rkgugs_skill.bone.left_leg2] run data modify entity @s {} merge value {transformation:[0.43467501195548963f,-0.08247924404012985f,0.896802546987944f,0.07811385116885325f,-0.1705305419406397f,0.9702440702486121f,0.17188885482438326f,3.171694391752274f,-0.8842946162037439f,-0.22764801437740428f,0.40767562265004076f,-4.899101774361796f,0f,0f,0f,1f],start_interpolation:0}
execute if entity @s[tag=aj.rkgugs_skill.bone.left_leg] run data modify entity @s {} merge value {transformation:[0.43467501195548963f,-0.46106819463628274f,0.7736108542906659f,-0.08758253127856086f,-0.1705305419406397f,0.8013278438841719f,0.5734047618230738f,3.4596715856481484f,-0.8842946162037439f,-0.38116899993412773f,0.2696909810177015f,-5.036084383713123f,0f,0f,0f,1f],start_interpolation:0}