execute if entity @s[tag=aj.rkgugs_skill.locator_origin.rkgugs_right_locator] at @s on origin run tp @s ^0.14701 ^2.05363 ^-6.44665 ~17.10297 ~27.17304
execute if entity @s[tag=aj.rkgugs_skill.bone.weapon1] run data modify entity @s {} merge value {transformation:[-1.2048797181822113f,0.4520529450246587f,0.3488420522033813f,-0.15141305317251022f,0.5671598522937688f,1.0417970695558119f,0.6089058593812451f,1.419397487892816f,-0.06612370556044175f,0.6986306452892226f,-1.1337198308239567f,-5.188506156706928f,0f,0f,0f,1f],start_interpolation:0}
execute if entity @s[tag=aj.rkgugs_skill.bone.right_arm2] run data modify entity @s {} merge value {transformation:[-0.88874459430372f,-0.36131453031755667f,0.2821078805657863f,-0.2191595276070521f,0.38810143740906067f,-0.265575721465592f,0.8825229801251931f,1.3696020401180173f,-0.24394737214599682f,0.89382400188708f,0.3762556754038786f,-5.020914156353101f,0f,0f,0f,1f],start_interpolation:0}
execute if entity @s[tag=aj.rkgugs_skill.bone.right_arm] run data modify entity @s {} merge value {transformation:[-0.7964129705784708f,-0.3802385062562246f,0.4702606284332244f,-0.31421915417110824f,0.49876779550162315f,0.026752441063225607f,0.8663226841469698f,1.3762901503838239f,-0.3419898631024421f,0.9245014793158497f,0.1683447304728583f,-4.789788786524138f,0f,0f,0f,1f],start_interpolation:0}
execute if entity @s[tag=aj.rkgugs_skill.locator_origin.rkgugs_left_locator] at @s on origin run tp @s ^0.24725 ^1.70892 ^-6.49015 ~-5.07315 ~18.7294
execute if entity @s[tag=aj.rkgugs_skill.bone.weapon2] run data modify entity @s {} merge value {transformation:[-1.156399626444125f,0.6542551310823331f,-0.11165977427034958f,0.428965321063833f,0.5902255526477124f,1.1162950047857143f,0.42813203228670227f,1.3519910953797238f,0.3035646203683303f,0.32189045267090294f,-1.257780917138486f,-5.103925790436173f,0f,0f,0f,1f],start_interpolation:0}
execute if entity @s[tag=aj.rkgugs_skill.bone.left_arm2] run data modify entity @s {} merge value {transformation:[-0.989901153450351f,-0.0072039442480167516f,-0.14157616178204746f,0.4894834036079768f,-0.14150049363105802f,-0.010110668329481431f,0.9898865514229891f,1.3589391259198873f,-0.00856251714345201f,0.9999229358171574f,0.008989200574322564f,-4.91590508264899f,0f,0f,0f,1f],start_interpolation:0}
execute if entity @s[tag=aj.rkgugs_skill.bone.left_arm] run data modify entity @s {} merge value {transformation:[-0.9811346818984609f,-0.18659866215625115f,-0.05055368688338696f,0.3201919028316064f,-0.08548868114914861f,0.18422308777824786f,0.9791596087078077f,1.3943088127208056f,-0.173396716726083f,0.9650092192362442f,-0.19669973415759695f,-4.69632736743069f,0f,0f,0f,1f],start_interpolation:0}
execute if entity @s[tag=aj.rkgugs_skill.bone.head] run data modify entity @s {} merge value {transformation:[-0.9971450762972536f,-0.002856979923253941f,-0.07545551326352842f,0.013157991893106596f,-0.007041390433004051f,0.9984478515478933f,0.05524768375385489f,1.5362643596059584f,0.07518055358212247f,0.055621267561195425f,-0.995617476221652f,-4.7587702432641f,0f,0f,0f,1f],start_interpolation:0}
execute if entity @s[tag=aj.rkgugs_skill.locator_origin.player_camera] at @s on origin run tp @s ^0.0643 ^-0.15321 ^-5.06694 ~8.56238 ~-6.44424
execute if entity @s[tag=aj.rkgugs_skill.bone.body_top] run data modify entity @s {} merge value {transformation:[-0.9888979994713576f,0.013890183626431078f,0.14794529205206605f,0.00768873209019936f,-0.002833909394285481f,0.9936775204929881f,-0.1122361538206477f,1.1450038359118444f,-0.14856889176100113f,-0.11140937153458473f,-0.9826063486133075f,-4.7149028032223566f,0f,0f,0f,1f],start_interpolation:0}
execute if entity @s[tag=aj.rkgugs_skill.bone.body] run data modify entity @s {} merge value {transformation:[-0.9888979994713576f,0.017574244777597236f,0.147553016106226f,5.701292829367158e-16f,-0.002833909394285481f,0.9905705426814652f,-0.13697433675434434f,0.7116292234887034f,-0.14856889176100113f,-0.13587179947378575f,-0.9795234241755851f,-4.655458890952575f,0f,0f,0f,1f],start_interpolation:0}
execute if entity @s[tag=aj.rkgugs_skill.bone.right_leg2] run data modify entity @s {} merge value {transformation:[-0.9578703665551096f,0.2745810714548109f,0.08419973915819474f,-0.180305494057636f,0.12582893252197638f,0.6647617783364139f,-0.7363822769481815f,0.4367550215596974f,-0.2581694029430287f,-0.6947639982481365f,-0.6713058513988267f,-4.634517604713668f,0f,0f,0f,1f],start_interpolation:0}
execute if entity @s[tag=aj.rkgugs_skill.bone.right_leg] run data modify entity @s {} merge value {transformation:[-0.9578703665551096f,0.15677017995076353f,0.24063971316843208f,-0.12396621063783034f,0.12582893252197638f,0.9822586488459296f,-0.1390504459099235f,0.7897542234887034f,-0.2581694029430287f,-0.10291286336301148f,-0.9606026764164601f,-4.67150191498475f,0f,0f,0f,1f],start_interpolation:0}
execute if entity @s[tag=aj.rkgugs_skill.bone.left_leg2] run data modify entity @s {} merge value {transformation:[-0.9809753735878628f,-0.1621676423455041f,0.10671912757446057f,0.19287375325243322f,-0.16329463035700478f,0.9865756145899433f,-0.0018494304650230609f,0.5272654251508627f,-0.10498657109708126f,-0.019240906230644395f,-0.9942874873077208f,-4.8750040074176955f,0f,0f,0f,1f],start_interpolation:0}
execute if entity @s[tag=aj.rkgugs_skill.bone.left_leg] run data modify entity @s {} merge value {transformation:[-0.9809753735878628f,-0.19174272727541353f,-0.03036516015336846f,0.12396621063783148f,-0.16329463035700478f,0.7304036127661653f,0.6632084334164507f,0.7897542234887034f,-0.10498657109708126f,0.6555496083402994f,-0.7478185146772962f,-4.6394158669204f,0f,0f,0f,1f],start_interpolation:0}