execute if entity @s[tag=aj.rkgugs_skill.locator_origin.rkgugs_right_locator] at @s on origin run tp @s ^0.25496 ^0.7998 ^-8.39341 ~22.33842 ~-18.74873
execute if entity @s[tag=aj.rkgugs_skill.bone.weapon1] run data modify entity @s {} merge value {transformation:[-1.1775221839335905f,0.40116872521107705f,0.4798780449599292f,-0.18841102514810812f,0.2471736334556493f,1.2381522851567237f,-0.4285579207800188f,1.3082893048013085f,-0.5745645995415806f,-0.2895174441229407f,-1.1678325857244778f,-7.120974110885326f,0f,0f,0f,1f],start_interpolation:0}
execute if entity @s[tag=aj.rkgugs_skill.bone.right_arm2] run data modify entity @s {} merge value {transformation:[-0.8934108275373674f,-0.29032050650078833f,0.34282808628250094f,-0.24284612011700593f,0.1840626496825443f,0.45957675629657224f,0.8688556531805279f,1.3944599466069156f,-0.40980243316851744f,0.8393468940652883f,-0.35715368847614637f,-6.963596568248085f,0f,0f,0f,1f],start_interpolation:0}
execute if entity @s[tag=aj.rkgugs_skill.bone.right_arm] run data modify entity @s {} merge value {transformation:[-0.8157342130261216f,-0.18574521260309287f,0.5477923052523519f,-0.28928242326777914f,0.14323023936996773f,0.8526805625302494f,0.5024151239892356f,1.607630087239478f,-0.5604130550127074f,0.48829762878610106f,-0.668956376375317f,-6.84152216105156f,0f,0f,0f,1f],start_interpolation:0}
execute if entity @s[tag=aj.rkgugs_skill.locator_origin.rkgugs_left_locator] at @s on origin run tp @s ^0.195 ^0.7123 ^-8.29881 ~-10.79765 ~-18.22404
execute if entity @s[tag=aj.rkgugs_skill.bone.weapon2] run data modify entity @s {} merge value {transformation:[-1.263096964869169f,-0.35506627989427975f,-0.23725887127377834f,0.41750403441518524f,-0.26952955841002335f,1.2374413091647969f,-0.4169779386173684f,1.2778613806321195f,0.3312365503071304f,-0.3470514674112891f,-1.2440319145769858f,-6.99012123948027f,0f,0f,0f,1f],start_interpolation:0}
execute if entity @s[tag=aj.rkgugs_skill.bone.left_arm2] run data modify entity @s {} merge value {transformation:[-0.9860030682874439f,0.09941779981554583f,-0.1338433801410522f,0.4977700636485653f,-0.05152169771362575f,0.5817929771461092f,0.8117034226909314f,1.3901676699541166f,0.1585669069902416f,0.8072379034852757f,-0.5685274867447f,-6.84867456426367f,0f,0f,0f,1f],start_interpolation:0}
execute if entity @s[tag=aj.rkgugs_skill.bone.left_arm] run data modify entity @s {} merge value {transformation:[-0.9828475697274449f,-0.1662994175722915f,-0.07971924733696302f,0.3333392630395618f,-0.17987876201600997f,0.9597890501494504f,0.21551939631690586f,1.607630087239478f,0.040672910597139525f,0.22616251441901808f,-0.9732400687472875f,-6.787049821834273f,0f,0f,0f,1f],start_interpolation:0}
execute if entity @s[tag=aj.rkgugs_skill.bone.head] run data modify entity @s {} merge value {transformation:[-0.9961946980917455f,0.03335305878500267f,0.08052140686538056f,0.030887504788847883f,0f,0.9238795325112867f,-0.38268343236508967f,1.7092766870350442f,-0.08715574274765836f,-0.3812272063696535f,-0.9203638919632242f,-6.915545795238313f,0f,0f,0f,1f],start_interpolation:0}
execute if entity @s[tag=aj.rkgugs_skill.locator_origin.player_camera] at @s on origin run tp @s ^-0.0396 ^0.19342 ^-6.10987 ~5 ~-45
execute if entity @s[tag=aj.rkgugs_skill.bone.body_top] run data modify entity @s {} merge value {transformation:[-0.9961946980917455f,0.06162841671621947f,0.06162841671621948f,0.006621315706836464f,0f,0.7071067811865476f,-0.7071067811865475f,1.430853391942841f,-0.08715574274765836f,-0.7044160264027587f,-0.7044160264027587f,-6.638181984842227f,0f,0f,0f,1f],start_interpolation:0}
execute if entity @s[tag=aj.rkgugs_skill.bone.body] run data modify entity @s {} merge value {transformation:[-0.9961946980917455f,0.015134435901338651f,0.08583165117743147f,8.036744619404505e-16f,0f,0.984807753012208f,-0.17364817766693033f,1f,-0.08715574274765836f,-0.17298739392508947f,-0.9810602621904069f,-6.5625f,0f,0f,0f,1f],start_interpolation:0}
execute if entity @s[tag=aj.rkgugs_skill.bone.right_leg2] run data modify entity @s {} merge value {transformation:[-0.9625486527453492f,0.2689313997460956f,0.03429275912957504f,-0.19567227239275448f,0.27052491589340055f,0.9610587987511396f,0.056411481312627354f,0.7736716457582066f,-0.01778653926377599f,0.06357584111611991f,-0.9978184962443801f,-6.787581325851785f,0f,0f,0f,1f],start_interpolation:0}
execute if entity @s[tag=aj.rkgugs_skill.bone.right_leg] run data modify entity @s {} merge value {transformation:[-0.9625486527453492f,0.2292418755149191f,0.14473511532629413f,-0.11328847337958044f,0.27052491589340055f,0.847174550933686f,0.457287163750718f,1.078125f,-0.01778653926377599f,0.47931559828646286f,-0.8774623617342845f,-6.615327282717588f,0f,0f,0f,1f],start_interpolation:0}
execute if entity @s[tag=aj.rkgugs_skill.bone.left_leg2] run data modify entity @s {} merge value {transformation:[-0.9848245704139138f,-0.06583364120695312f,0.16058174614346496f,0.15723080980734133f,-0.1456444577526272f,0.8166870597111453f,-0.5583994434330206f,0.7301742888236554f,-0.09438356549205618f,-0.5733133333403282f,-0.8138817877180989f,-6.431252284446667f,0f,0f,0f,1f],start_interpolation:0}
execute if entity @s[tag=aj.rkgugs_skill.bone.left_leg] run data modify entity @s {} merge value {transformation:[-0.9848245704139138f,-0.12227432745115631f,0.1231647447747019f,0.11328847337958205f,-0.1456444577526272f,0.9682106745776544f,-0.20336120957504775f,1.078125f,-0.09438356549205618f,-0.2182133783255525f,-0.9713262397797953f,-6.509672717282412f,0f,0f,0f,1f],start_interpolation:0}