execute if entity @s[tag=aj.rkgugs_skill.locator_origin.rkgugs_right_locator] at @s on origin run tp @s ^0.11476 ^4.96641 ^-7.14548 ~26.74933 ~29.38863
execute if entity @s[tag=aj.rkgugs_skill.bone.weapon1] run data modify entity @s {} merge value {transformation:[0.2802193078405839f,1.194086237496957f,0.5228890653967455f,-0.4061398070255805f,1.0342072234829403f,-0.5292207321545326f,0.6543077359555719f,4.187695424585942f,0.7935176974629046f,0.26806949072201114f,-1.0374228596551116f,-6.051643730095652f,0f,0f,0f,1f],start_interpolation:0}
execute if entity @s[tag=aj.rkgugs_skill.bone.right_arm2] run data modify entity @s {} merge value {transformation:[0.1935981122048332f,-0.2506867804123746f,0.9485124717562772f,-0.45314357835290076f,0.7682890587092174f,-0.5625064230486351f,-0.30548068072586043f,4.082225470264323f,0.6101243260339894f,0.7878722372031572f,0.08369972894855865f,-5.90391768562006f,0f,0f,0f,1f],start_interpolation:0}
execute if entity @s[tag=aj.rkgugs_skill.bone.right_arm] run data modify entity @s {} merge value {transformation:[0.2688055264189442f,0.32681434669720877f,0.9060551703729254f,-0.37143999167859854f,0.8404986188061785f,-0.5390219387306361f,-0.05493105999316721f,3.9474699855816637f,0.4704313560462788f,0.7763038917588545f,-0.41957908299689595f,-5.709841712680347f,0f,0f,0f,1f],start_interpolation:0}
execute if entity @s[tag=aj.rkgugs_skill.locator_origin.rkgugs_left_locator] at @s on origin run tp @s ^0.21471 ^4.91364 ^-7.11309 ~-2.59219 ~36.16258
execute if entity @s[tag=aj.rkgugs_skill.bone.weapon2] run data modify entity @s {} merge value {transformation:[0.39847006972201404f,1.2714673283112632f,-0.04868484723741491f,0.386399735937044f,1.0354293441171598f,-0.29437150941251905f,0.7867714188791313f,4.037809324113728f,0.7395170414903359f,-0.272935936184652f,-1.0753596132746326f,-5.979309201010998f,0f,0f,0f,1f],start_interpolation:0}
execute if entity @s[tag=aj.rkgugs_skill.bone.left_arm2] run data modify entity @s {} merge value {transformation:[0.4578728394505497f,0.32071431076902035f,0.8291530581029317f,0.41791661674057595f,0.7514837625247343f,-0.6379432679881017f,-0.16822764781786076f,3.871227226208163f,0.4749995974263138f,0.7001219305925318f,-0.5331084924743054f,-5.877723813864042f,0f,0f,0f,1f],start_interpolation:0}
execute if entity @s[tag=aj.rkgugs_skill.bone.left_arm] run data modify entity @s {} merge value {transformation:[0.604943953782888f,-0.7175189640081011f,0.34526706919465744f,0.3141548699614117f,0.6667748693182243f,0.2194448181783447f,-0.7122185376837212f,4.009435289417527f,0.4352632380837968f,0.6610677030860111f,0.6111754294058243f,-5.658048983332065f,0f,0f,0f,1f],start_interpolation:0}
execute if entity @s[tag=aj.rkgugs_skill.bone.head] run data modify entity @s {} merge value {transformation:[-0.9961946980917455f,0f,0.08715574274765836f,0.004479342222192068f,0f,1f,0f,4.151955488240012f,-0.08715574274765836f,0f,-0.9961946980917454f,-5.703976893659393f,0f,0f,0f,1f],start_interpolation:0}
execute if entity @s[tag=aj.rkgugs_skill.locator_origin.player_camera] at @s on origin run tp @s ^0.02898 ^2.457 ^-5.98408 ~5 ~-7.5
execute if entity @s[tag=aj.rkgugs_skill.bone.body_top] run data modify entity @s {} merge value {transformation:[-0.9961946980917455f,0.011376107230962221f,0.08641011328638362f,6.922656211846844e-16f,0f,0.9914448613738104f,-0.13052619222005157f,3.7615740740740744f,-0.08715574274765836f,-0.13002950065171942f,-0.9876721143508955f,-5.652777777777778f,0f,0f,0f,1f],start_interpolation:0}
execute if entity @s[tag=aj.rkgugs_skill.bone.body] run data modify entity @s {} merge value {transformation:[-0.9961946980917455f,0f,0.08715574274765836f,6.922656211846844e-16f,0f,1f,0f,3.3240740740740744f,-0.08715574274765836f,0f,-0.9961946980917455f,-5.652777777777778f,0f,0f,0f,1f],start_interpolation:0}
execute if entity @s[tag=aj.rkgugs_skill.bone.right_leg2] run data modify entity @s {} merge value {transformation:[-0.9625486527453492f,0.2582273680221861f,-0.08257552605008198f,-0.20993569516333366f,0.2705249158934006f,0.894855595282807f,-0.35503483416690457f,3.0568185682728837f,-0.017786539263776047f,-0.36407703854457424f,-0.9311989846566795f,-5.728452628396471f,0f,0f,0f,1f],start_interpolation:0}
execute if entity @s[tag=aj.rkgugs_skill.bone.right_leg] run data modify entity @s {} merge value {transformation:[-0.9625486527453492f,0.2689313997460956f,0.034292759129575134f,-0.11328847337958055f,0.2705249158934006f,0.9610587987511396f,0.056411481312627486f,3.4021990740740744f,-0.017786539263776047f,0.06357584111611998f,-0.9978184962443801f,-5.705605060495365f,0f,0f,0f,1f],start_interpolation:0}
execute if entity @s[tag=aj.rkgugs_skill.bone.left_leg2] run data modify entity @s {} merge value {transformation:[-0.9848245704139138f,-0.16532980316792237f,0.052788461745973535f,0.17544097482953924f,-0.14564445775262716f,0.9527151136562507f,0.2666863403642947f,3.1225558921414076f,-0.09438356549205623f,0.25495091369793776f,-0.9623366220661009f,-5.81694622770737f,0f,0f,0f,1f],start_interpolation:0}
execute if entity @s[tag=aj.rkgugs_skill.bone.left_leg] run data modify entity @s {} merge value {transformation:[-0.9848245704139138f,-0.17294609099118557f,-0.014498797188685242f,0.11328847337958194f,-0.14564445775262716f,0.7781375497256815f,0.6109743412229811f,3.4021990740740744f,-0.09438356549205623f,0.6038142125834578f,-0.7915176177743776f,-5.59995049506019f,0f,0f,0f,1f],start_interpolation:0}