execute if entity @s[tag=aj.favor_incantations.bone.slash_left] run data modify entity @s {} merge value {transformation:[0.000004166778860364471f,-0.000008287848794647792f,-0.000007075353517456643f,0.26201223791561024f,0.000008794397506953403f,0.000007030577297872723f,-0.00000305625039213733f,0.3054659782998824f,0.0000064348766522461524f,-0.0000042418930121825335f,0.000008758414083307861f,0.08822743340307498f,0f,0f,0f,1f],start_interpolation:0}
execute if entity @s[tag=aj.favor_incantations.locator_origin.twinaxe_left0] at @s on origin run tp @s ^0.26202 ^0.30547 ^0.08823 ~-141.06751 ~-15.18665
execute if entity @s[tag=aj.favor_incantations.locator_origin.twinaxe_left1] at @s on origin run tp @s ^0.26201 ^0.30547 ^0.08824 ~-141.06751 ~-15.18665
execute if entity @s[tag=aj.favor_incantations.bone.twinaxe_left] run data modify entity @s {} merge value {transformation:[0.000003571524737455261f,-0.0000071038703954123925f,-0.00000606458872924855f,0.26201223791561024f,0.00000753805500596006f,0.0000060262091124623335f,-0.0000026196431932605687f,0.3054659782998824f,0.000005515608559068131f,-0.000003635908296156457f,0.000007507212071406738f,0.08822743340307498f,0f,0f,0f,1f],start_interpolation:0}
execute if entity @s[tag=aj.favor_incantations.bone.right_arm2] run data modify entity @s {} merge value {transformation:[0.35715247374552606f,-0.7103870395412392f,-0.606458872924855f,0.3992696524324325f,0.7538055005960059f,0.6026209112462333f,-0.26196431932605685f,1.06114460459772f,0.551560855906813f,-0.36359082961564565f,0.7507212071406737f,0.21304316124524336f,0f,0f,0f,1f],start_interpolation:0}
execute if entity @s[tag=aj.favor_incantations.bone.right_arm] run data modify entity @s {} merge value {transformation:[0.35715247374552606f,-0.7103870395412392f,-0.606458872924855f,0.22167289254712275f,0.7538055005960059f,0.6026209112462333f,-0.26196431932605685f,1.2117998324092782f,0.551560855906813f,-0.36359082961564565f,0.7507212071406737f,0.12214545384133196f,0f,0f,0f,1f],start_interpolation:0}
execute if entity @s[tag=aj.favor_incantations.locator_origin.messermers_orb] at @s on origin run tp @s ^-0.29644 ^1.38245 ^-0.83985 ~-43.36656 ~-33.40427
execute if entity @s[tag=aj.favor_incantations.bone.messermers_orb] run data modify entity @s {} merge value {transformation:[0.000008106050057430752f,0.0000011968885956737844f,-0.000005732312810373578f,-0.2964418307323187f,-0.0000027283092277205535f,-0.00000788964995199903f,-0.000005505429355904637f,1.3824529841093411f,-0.000005181532709957721f,0.000006026680788333475f,-0.0000060688415246379984f,-0.8398525594237102f,0f,0f,0f,1f],start_interpolation:0}
execute if entity @s[tag=aj.favor_incantations.bone.slash_right] run data modify entity @s {} merge value {transformation:[0.000009457058400335877f,0.0000013963700282860818f,-0.000006687698278769175f,-0.4114032496497845f,-0.000003183027432340646f,-0.000009204591610665537f,-0.000006423000915222077f,1.3285364958861232f,-0.000006045121494950674f,0.000007031127586389054f,-0.000007080315112077666f,-0.9913100929377568f,0f,0f,0f,1f],start_interpolation:0}
execute if entity @s[tag=aj.favor_incantations.locator_origin.twinaxe_right0] at @s on origin run tp @s ^-0.41141 ^1.32853 ^-0.99131 ~-43.36656 ~-33.40427
execute if entity @s[tag=aj.favor_incantations.locator_origin.twinaxe_right1] at @s on origin run tp @s ^-0.4114 ^1.32854 ^-0.99131 ~-43.36656 ~-33.40427
execute if entity @s[tag=aj.favor_incantations.bone.twinaxe_right] run data modify entity @s {} merge value {transformation:[0.000008106050057430752f,0.0000011968885956737844f,-0.000005732312810373578f,-0.4114032496497845f,-0.0000027283092277205535f,-0.00000788964995199903f,-0.000005505429355904637f,1.3285364958861232f,-0.000005181532709957721f,0.000006026680788333475f,-0.0000060688415246379984f,-0.9913100929377568f,0f,0f,0f,1f],start_interpolation:0}
execute if entity @s[tag=aj.favor_incantations.bone.left_arm2] run data modify entity @s {} merge value {transformation:[0.810605005743075f,0.11968885956737843f,-0.5732312810373578f,-0.3171824286994163f,-0.27283092277205534f,-0.7889649951999029f,-0.5505429355904636f,1.2022636679826189f,-0.518153270995772f,0.6026680788333474f,-0.6068841524637998f,-0.6568009602781376f,0f,0f,0f,1f],start_interpolation:0}
execute if entity @s[tag=aj.favor_incantations.bone.left_arm] run data modify entity @s {} merge value {transformation:[-0.858704052374484f,0.4870943603992693f,0.15926843536265237f,-0.20249366488693837f,0.38815594690828503f,0.41527093391511555f,0.8227302184343301f,1.2471503402418458f,0.3346076976331729f,0.7683027629212946f,-0.5456634064807102f,-0.42838108714236267f,0f,0f,0f,1f],start_interpolation:0}
execute if entity @s[tag=aj.favor_incantations.bone.head] run data modify entity @s {} merge value {transformation:[0.9875436042469502f,0.07121862406205011f,-0.14030515777280467f,0.06269273080561925f,-0.062227692780797636f,0.9957792909282509f,0.06746345684597368f,1.3375057036207019f,0.14451762509161947f,-0.05789223907518401f,0.9878072406561615f,-0.15578197304493693f,0f,0f,0f,1f],start_interpolation:0}
execute if entity @s[tag=aj.favor_incantations.bone.body_top] run data modify entity @s {} merge value {transformation:[0.5434296377780261f,0.07541982653307579f,-0.8360598534495987f,0.03299617410822066f,0.05351713365924468f,0.9908172207300008f,0.12416582263157386f,0.9473714229582642f,0.8377470651630728f,-0.1122189149412775f,0.5344031904284071f,-0.11159577528680892f,0f,0f,0f,1f],start_interpolation:0}
execute if entity @s[tag=aj.favor_incantations.locator_origin.player_camera] at @s on origin run tp @s ^-0.29356 ^-0.12694 ^0.20857 ~-128.74033 ~7.42091
execute if entity @s[tag=aj.favor_incantations.bone.body] run data modify entity @s {} merge value {transformation:[0.6293458375566505f,0.07541982653307579f,-0.7734569584119332f,0f,0.03999470464881047f,0.9908172207300008f,0.12915749573652835f,0.5138888888888888f,0.7760955098118868f,-0.1122189149412775f,0.6205502999590201f,-0.06250000000000001f,0f,0f,0f,1f],start_interpolation:0}
execute if entity @s[tag=aj.favor_incantations.bone.right_leg2] run data modify entity @s {} merge value {transformation:[0.9992126293227097f,0.004557571495642752f,0.039412560739682675f,0.08724831404021924f,-0.007470383473193648f,0.9972245154496024f,0.07407738627320137f,0.4634034464435887f,-0.03896555880210762f,-0.07431348685378558f,0.9964733769142413f,0.2985610822511877f,0f,0f,0f,1f],start_interpolation:0}
execute if entity @s[tag=aj.favor_incantations.bone.right_leg] run data modify entity @s {} merge value {transformation:[0.9992126293227097f,-0.03021753085587576f,0.025710352603013208f,0.0763888888888889f,-0.007470383473193648f,0.4931382359830575f,0.8699188890823567f,0.640625f,-0.03896555880210762f,-0.869426006650648f,0.49252421685308734f,-0.013888888888888888f,0f,0f,0f,1f],start_interpolation:0}
execute if entity @s[tag=aj.favor_incantations.bone.left_leg2] run data modify entity @s {} merge value {transformation:[0.7790381556942185f,-0.5226013024243847f,-0.34639201878346915f,0.011112911270183962f,-0.1912606176100337f,0.3280611370664333f,-0.9250920313666675f,0.30516656658674024f,0.5970920600074824f,0.7869331414110194f,0.15561909530968643f,-0.39438020664960516f,0f,0f,0f,1f],start_interpolation:0}
execute if entity @s[tag=aj.favor_incantations.bone.left_leg] run data modify entity @s {} merge value {transformation:[0.7790381556942185f,-0.24348327000785486f,-0.5777676429143749f,-0.07638888888888888f,-0.1912606176100337f,0.7853014056974441f,-0.5888302627761643f,0.5873842592592592f,0.5970920600074824f,0.5692254381489819f,0.5652109981592011f,-0.18981481481481483f,0f,0f,0f,1f],start_interpolation:0}
execute if entity @s[tag=aj.favor_incantations.locator_origin.lightning_spear_locator0] at @s on origin run tp @s ^-0.75138 ^1.70784 ^-0.0107 ~28.23669 ~-20.32489
execute if entity @s[tag=aj.favor_incantations.locator_origin.lightning_spear_locator1] at @s on origin run tp @s ^-0.32775 ^1.37617 ^-0.79955 ~28.23669 ~-20.32489
execute if entity @s[tag=aj.favor_incantations.locator_origin.lightning_spear_locator2] at @s on origin run tp @s ^0.17291 ^0.98421 ^-1.73184 ~28.23669 ~-20.32489
execute if entity @s[tag=aj.favor_incantations.bone.main_lightning_spear] run data modify entity @s {} merge value {transformation:[-2.327573349728457f,0.17097207515143947f,1.1553591990935275f,-1.2174999999999998f,-0.2707210250142166f,2.426973995416979f,-0.904539319191142f,2.430625f,-1.1361322352732006f,-0.9285740696713071f,-2.151426914604576f,-1.6156250000000003f,0f,0f,0f,1f],start_interpolation:0}
execute if entity @s[tag=aj.favor_incantations.locator_origin.lightning_spear0_locator0] at @s on origin run tp @s ^1.20689 ^2.87749 ^0.53523 ~7.5 ~7.5
execute if entity @s[tag=aj.favor_incantations.locator_origin.lightning_spear0_locator1] at @s on origin run tp @s ^1.36612 ^3.0381 ^-0.67428 ~7.5 ~7.5
execute if entity @s[tag=aj.favor_incantations.bone.lightning_spear0] run data modify entity @s {} merge value {transformation:[-2.4398838385371118f,-0.041927205933373034f,0.31846874690349264f,1.297119140625f,-4.269046054161674e-18f,2.4398838385371118f,0.3212168011665332f,2.968505859375f,-0.3212168011665335f,0.3184687469034923f,-2.419010294066627f,-0.15015811011904745f,0f,0f,0f,1f],start_interpolation:0}
execute if entity @s[tag=aj.favor_incantations.locator_origin.lightning_spear1_locator0] at @s on origin run tp @s ^-1.20719 ^3.0381 ^-0.67428 ~-7.5 ~7.5
execute if entity @s[tag=aj.favor_incantations.locator_origin.lightning_spear1_locator1] at @s on origin run tp @s ^-1.04795 ^2.87749 ^0.53523 ~-7.5 ~7.5
execute if entity @s[tag=aj.favor_incantations.bone.lightning_spear1] run data modify entity @s {} merge value {transformation:[-2.4398838385371118f,0.04192720593337296f,-0.31846874690349203f,-1.13818359375f,4.269046054161674e-18f,2.4398838385371118f,0.3212168011665332f,2.968505859375f,0.32121680116653284f,0.3184687469034923f,-2.419010294066627f,-0.15015811011904776f,0f,0f,0f,1f],start_interpolation:0}
execute if entity @s[tag=aj.favor_incantations.locator_origin.lightning_spear2_locator0] at @s on origin run tp @s ^2.39972 ^1.79956 ^-0.67526 ~10 ~0
execute if entity @s[tag=aj.favor_incantations.locator_origin.lightning_spear2_locator1] at @s on origin run tp @s ^2.18605 ^1.79956 ^0.53651 ~10 ~0
execute if entity @s[tag=aj.favor_incantations.bone.lightning_spear2] run data modify entity @s {} merge value {transformation:[-2.4235503296784806f,0f,0.42733731222721166f,2.30712890625f,0f,2.4609375f,0f,1.799560546875f,-0.42733731222721166f,0f,-2.4235503296784806f,-0.15015811011904734f,0f,0f,0f,1f],start_interpolation:0}
execute if entity @s[tag=aj.favor_incantations.locator_origin.lightning_spear3_locator0] at @s on origin run tp @s ^-2.02199 ^1.79956 ^0.53651 ~-10 ~0
execute if entity @s[tag=aj.favor_incantations.locator_origin.lightning_spear3_locator1] at @s on origin run tp @s ^-2.23566 ^1.79956 ^-0.67526 ~-10 ~0
execute if entity @s[tag=aj.favor_incantations.bone.lightning_spear3] run data modify entity @s {} merge value {transformation:[-2.4235503296784806f,0f,-0.42733731222721105f,-2.14306640625f,0f,2.4609375f,0f,1.799560546875f,0.42733731222721105f,0f,-2.4235503296784806f,-0.1501581101190479f,0f,0f,0f,1f],start_interpolation:0}
execute if entity @s[tag=aj.favor_incantations.locator_origin.lightning_spear4_locator0] at @s on origin run tp @s ^-1.48374 ^1.07026 ^0.53523 ~-7.5 ~-7.5
execute if entity @s[tag=aj.favor_incantations.locator_origin.lightning_spear4_locator1] at @s on origin run tp @s ^-1.64298 ^0.90965 ^-0.67428 ~-7.5 ~-7.5
execute if entity @s[tag=aj.favor_incantations.bone.lightning_spear4] run data modify entity @s {} merge value {transformation:[-2.4398838385371118f,-0.04192720593337296f,-0.31846874690349203f,-1.573974609375f,-4.269046054161674e-18f,2.4398838385371118f,-0.3212168011665332f,0.979248046875f,0.32121680116653284f,-0.3184687469034923f,-2.419010294066627f,-0.1501581101190478f,0f,0f,0f,1f],start_interpolation:0}
execute if entity @s[tag=aj.favor_incantations.locator_origin.lightning_spear5_locator1] at @s on origin run tp @s ^1.46836 ^1.07026 ^0.53523 ~7.5 ~-7.5
execute if entity @s[tag=aj.favor_incantations.locator_origin.lightning_spear5_locator0] at @s on origin run tp @s ^1.6276 ^0.90965 ^-0.67428 ~7.5 ~-7.5
execute if entity @s[tag=aj.favor_incantations.bone.lightning_spear5] run data modify entity @s {} merge value {transformation:[-2.4398838385371118f,0.041927205933373034f,0.31846874690349264f,1.55859375f,4.269046054161674e-18f,2.4398838385371118f,-0.3212168011665332f,0.979248046875f,-0.3212168011665335f,-0.3184687469034923f,-2.419010294066627f,-0.15015811011904742f,0f,0f,0f,1f],start_interpolation:0}
execute if entity @s[tag=aj.favor_incantations.locator_origin.blackhole0] at @s on origin run tp @s ^0 ^1.1875 ^-0.625 ~0 ~0
execute if entity @s[tag=aj.favor_incantations.locator_origin.blackhole1] at @s on origin run tp @s ^0 ^1.1875 ^-0.625 ~0 ~0
execute if entity @s[tag=aj.favor_incantations.locator_origin.blackhole2] at @s on origin run tp @s ^0 ^1.1875 ^-0.625 ~0 ~0
execute if entity @s[tag=aj.favor_incantations.locator_origin.blackhole3] at @s on origin run tp @s ^0 ^1.1875 ^-0.625 ~0 ~0