execute if entity @s[tag=aj.favor_incantations.bone.slash_left] run data modify entity @s {} merge value {transformation:[0.000005479858731262761f,-0.00000881913683620854f,-0.000005320252330552004f,0.258950114544991f,0.000008493708036341401f,0.000007278142528059422f,-0.0000033161236776925914f,0.33370701692547666f,0.000005825734562259418f,-0.0000023157240588190897f,0.000009839174254205156f,0.0500256545487926f,0f,0f,0f,1f],start_interpolation:0}
execute if entity @s[tag=aj.favor_incantations.locator_origin.twinaxe_left0] at @s on origin run tp @s ^0.25895 ^0.33371 ^0.05003 ~-151.59896 ~-16.51338
execute if entity @s[tag=aj.favor_incantations.locator_origin.twinaxe_left1] at @s on origin run tp @s ^0.25895 ^0.33371 ^0.05003 ~-151.59896 ~-16.51338
execute if entity @s[tag=aj.favor_incantations.bone.twinaxe_left] run data modify entity @s {} merge value {transformation:[0.000004697021769653795f,-0.000007559260145321605f,-0.0000045602162833302885f,0.258950114544991f,0.0000072803211740069155f,0.00000623840788119379f,-0.000002842391723736507f,0.33370701692547666f,0.000004993486767650929f,-0.000001984906336130648f,0.000008433577932175847f,0.0500256545487926f,0f,0f,0f,1f],start_interpolation:0}
execute if entity @s[tag=aj.favor_incantations.bone.right_arm2] run data modify entity @s {} merge value {transformation:[0.4697021769653794f,-0.7559260145321605f,-0.45602162833302884f,0.4311475369798321f,0.7280321174006915f,0.6238407881193789f,-0.28423917237365065f,1.0824741887458176f,0.49934867676509287f,-0.1984906336130648f,0.8433577932175848f,0.17316996059241407f,0f,0f,0f,1f],start_interpolation:0}
execute if entity @s[tag=aj.favor_incantations.bone.right_arm] run data modify entity @s {} merge value {transformation:[0.4697021769653794f,-0.7559260145321605f,-0.45602162833302884f,0.242166033346792f,0.7280321174006915f,0.6238407881193789f,-0.28423917237365065f,1.2384343857756623f,0.49934867676509287f,-0.1984906336130648f,0.8433577932175848f,0.12354730218914786f,0f,0f,0f,1f],start_interpolation:0}
execute if entity @s[tag=aj.favor_incantations.locator_origin.messermers_orb] at @s on origin run tp @s ^-0.59795 ^1.48417 ^-0.59134 ~-65.97402 ~-33.02803
execute if entity @s[tag=aj.favor_incantations.bone.messermers_orb] run data modify entity @s {} merge value {transformation:[0.000004858133121866872f,0.000004214126406800148f,-0.00000765765507173898f,-0.5979503950991131f,-0.0000014244715861015975f,-0.00000826214348294845f,-0.00000545049225002308f,1.4841713436410244f,-0.000008623770826651717f,0.000003738732899617475f,-0.000003413568958540117f,-0.5913424709514341f,0f,0f,0f,1f],start_interpolation:0}
execute if entity @s[tag=aj.favor_incantations.bone.slash_right] run data modify entity @s {} merge value {transformation:[0.00000566782197551135f,0.000004916480807933506f,-0.00000893393091702881f,-0.7678697177367199f,-0.0000016618835171185306f,-0.000009639167396773193f,-0.0000063589076250269274f,1.4336130107215195f,-0.000010061065964427003f,0.000004361855049553721f,-0.000003982497118296803f,-0.6787139695466705f,0f,0f,0f,1f],start_interpolation:0}
execute if entity @s[tag=aj.favor_incantations.locator_origin.twinaxe_right0] at @s on origin run tp @s ^-0.76787 ^1.43361 ^-0.67872 ~-65.97402 ~-33.02803
execute if entity @s[tag=aj.favor_incantations.locator_origin.twinaxe_right1] at @s on origin run tp @s ^-0.76787 ^1.43361 ^-0.67871 ~-65.97402 ~-33.02803
execute if entity @s[tag=aj.favor_incantations.bone.twinaxe_right] run data modify entity @s {} merge value {transformation:[0.000004858133121866872f,0.000004214126406800148f,-0.00000765765507173898f,-0.7678697177367199f,-0.0000014244715861015975f,-0.00000826214348294845f,-0.00000545049225002308f,1.4336130107215195f,-0.000008623770826651717f,0.000003738732899617475f,-0.000003413568958540117f,-0.6787139695466705f,0f,0f,0f,1f],start_interpolation:0}
execute if entity @s[tag=aj.favor_incantations.bone.left_arm2] run data modify entity @s {} merge value {transformation:[0.4858133121866871f,0.4214126406800148f,-0.7657655071738979f,-0.5229605669407773f,-0.14244715861015975f,-0.826214348294845f,-0.545049225002308f,1.2865207039804483f,-0.8623770826651715f,0.37387328996174746f,-0.3413568958540117f,-0.443975580794424f,0f,0f,0f,1f],start_interpolation:0}
execute if entity @s[tag=aj.favor_incantations.bone.left_arm] run data modify entity @s {} merge value {transformation:[-0.6564416082662932f,0.7517312887127567f,-0.0631227732836592f,-0.32606003618759316f,0.2562431573331761f,0.3008952954985142f,0.9185866673682931f,1.298492329042749f,0.7095236847749954f,0.5868237305333858f,-0.39014619058270006f,-0.2763247182116479f,0f,0f,0f,1f],start_interpolation:0}
execute if entity @s[tag=aj.favor_incantations.bone.head] run data modify entity @s {} merge value {transformation:[0.9981105587943004f,0.0065413111135176425f,-0.06109438331177114f,0.005373324605313756f,-0.005608963933475064f,0.9998653752825952f,0.01541981953811045f,1.3787284894543628f,0.061187024334595996f,-0.015048008503157073f,0.9980128784204972f,-0.08277063222243813f,0f,0f,0f,1f],start_interpolation:0}
execute if entity @s[tag=aj.favor_incantations.bone.body_top] run data modify entity @s {} merge value {transformation:[0.7607101769272498f,0.00646414990112933f,-0.6490595053501396f,0.002828065581744082f,0.01091246172403976f,0.999681724991046f,0.022745700649748016f,0.9851038102391383f,0.6489999575488689f,-0.024385722974361656f,0.7603975221005023f,-0.07316875380128324f,0f,0f,0f,1f],start_interpolation:0}
execute if entity @s[tag=aj.favor_incantations.locator_origin.player_camera] at @s on origin run tp @s ^-0.18385 ^-0.13214 ^0.21003 ~-144.95185 ~1.35671
execute if entity @s[tag=aj.favor_incantations.bone.body] run data modify entity @s {} merge value {transformation:[0.818757116196835f,0.00646414990112933f,-0.5741036486934203f,0f,0.008709412221082936f,0.999681724991046f,0.023676884459105495f,0.5477430555555556f,0.5740739767798273f,-0.024385722974361656f,0.8184402273221985f,-0.06250000000000001f,0f,0f,0f,1f],start_interpolation:0}
execute if entity @s[tag=aj.favor_incantations.bone.right_leg2] run data modify entity @s {} merge value {transformation:[0.9993025084214809f,-0.033884601663298236f,0.015694917414740474f,0.12836994111718303f,0.033661519428911484f,0.999331464472225f,0.014266261792614365f,0.43181321456632926f,-0.016167831402910286f,-0.01372799642766559f,0.9997750463688366f,0.24254545713974332f,0f,0f,0f,1f],start_interpolation:0}
execute if entity @s[tag=aj.favor_incantations.bone.right_leg] run data modify entity @s {} merge value {transformation:[0.9993025084214809f,-0.03232408735989092f,-0.018698931490490508f,0.11675347222222224f,0.033661519428911484f,0.5629255478734028f,0.8258218510436537f,0.6341145833333334f,-0.016167831402910286f,-0.8258752817028607f,0.5636209899391147f,-0.05425347222222224f,0f,0f,0f,1f],start_interpolation:0}
execute if entity @s[tag=aj.favor_incantations.bone.left_leg2] run data modify entity @s {} merge value {transformation:[0.9241139199614695f,-0.31911333361163347f,-0.21019073063462385f,-0.06827277991686787f,-0.08235963642669679f,0.37080196204381627f,-0.9250528607772199f,0.32208396467693745f,0.37313583749233875f,0.8721654574997375f,0.31638119653854985f,-0.3259940376315328f,0f,0f,0f,1f],start_interpolation:0}
execute if entity @s[tag=aj.favor_incantations.bone.left_leg] run data modify entity @s {} merge value {transformation:[0.9241139199614695f,-0.1349027959801165f,-0.35751181598681986f,-0.11675347222222224f,-0.08235963642669679f,0.843299370431968f,-0.5310960949929011f,0.6251446759259259f,0.37313583749233875f,0.5202378374030414f,0.768194141681058f,-0.1390335648148148f,0f,0f,0f,1f],start_interpolation:0}
execute if entity @s[tag=aj.favor_incantations.locator_origin.lightning_spear_locator0] at @s on origin run tp @s ^-0.77942 ^1.64158 ^0.2291 ~13.77017 ~-14.43063
execute if entity @s[tag=aj.favor_incantations.locator_origin.lightning_spear_locator1] at @s on origin run tp @s ^-0.60223 ^1.45002 ^-0.49392 ~13.77017 ~-14.43063
execute if entity @s[tag=aj.favor_incantations.locator_origin.lightning_spear_locator2] at @s on origin run tp @s ^-0.39282 ^1.22364 ^-1.34839 ~13.77017 ~-14.43063
execute if entity @s[tag=aj.favor_incantations.bone.main_lightning_spear] run data modify entity @s {} merge value {transformation:[-2.039839063713195f,0.015139681632795459f,0.48324753107535523f,-1.42720703125f,-0.1087188942650495f,2.027301314933858f,-0.5224273849999888f,2.3700244140625f,-0.47110252417085796f,-0.5334050624133587f,-1.971862632946915f,-0.8655517578125003f,0f,0f,0f,1f],start_interpolation:0}
execute if entity @s[tag=aj.favor_incantations.locator_origin.lightning_spear0_locator0] at @s on origin run tp @s ^0.71809 ^1.69404 ^0.39867 ~-0.56349 ~-0.56349
execute if entity @s[tag=aj.favor_incantations.locator_origin.lightning_spear0_locator1] at @s on origin run tp @s ^0.71107 ^1.68702 ^-0.31538 ~-0.56349 ~-0.56349
execute if entity @s[tag=aj.favor_incantations.bone.lightning_spear0] run data modify entity @s {} merge value {transformation:[-1.4281535871856228f,-0.00013813478856427753f,-0.014045218169326896f,0.714111328125f,9.678013166870424e-21f,1.4281535871856228f,-0.014045897431058189f,1.6900634765625f,0.014045897431058012f,-0.014045218169327071f,-1.4280845214614357f,-0.0059581938244046735f,0f,0f,0f,1f],start_interpolation:0}
execute if entity @s[tag=aj.favor_incantations.locator_origin.lightning_spear1_locator0] at @s on origin run tp @s ^-0.66346 ^1.68702 ^-0.31538 ~0.56349 ~-0.56349
execute if entity @s[tag=aj.favor_incantations.locator_origin.lightning_spear1_locator1] at @s on origin run tp @s ^-0.67048 ^1.69404 ^0.39867 ~0.56349 ~-0.56349
execute if entity @s[tag=aj.favor_incantations.bone.lightning_spear1] run data modify entity @s {} merge value {transformation:[-1.4281535871856228f,0.00013813478856428097f,0.014045218169327247f,-0.66650390625f,-9.678013166870424e-21f,1.4281535871856228f,-0.014045897431058189f,1.6900634765625f,-0.014045897431058364f,-0.014045218169327071f,-1.4280845214614357f,-0.0059581938244048435f,0f,0f,0f,1f],start_interpolation:0}
execute if entity @s[tag=aj.favor_incantations.locator_origin.lightning_spear2_locator0] at @s on origin run tp @s ^1.28134 ^1.02356 ^-0.31538 ~-0.75131 ~0
execute if entity @s[tag=aj.favor_incantations.locator_origin.lightning_spear2_locator1] at @s on origin run tp @s ^1.29071 ^1.02356 ^0.39867 ~-0.75131 ~0
execute if entity @s[tag=aj.favor_incantations.bone.lightning_spear2] run data modify entity @s {} merge value {transformation:[-1.4280998675719794f,0f,-0.018727628432362975f,1.285400390625f,0f,1.42822265625f,0f,1.0235595703125f,0.018727628432362975f,0f,-1.4280998675719794f,-0.005958193824404604f,0f,0f,0f,1f],start_interpolation:0}
execute if entity @s[tag=aj.favor_incantations.locator_origin.lightning_spear3_locator0] at @s on origin run tp @s ^-1.2431 ^1.02356 ^0.39867 ~0.75131 ~0
execute if entity @s[tag=aj.favor_incantations.locator_origin.lightning_spear3_locator1] at @s on origin run tp @s ^-1.23374 ^1.02356 ^-0.31538 ~0.75131 ~0
execute if entity @s[tag=aj.favor_incantations.bone.lightning_spear3] run data modify entity @s {} merge value {transformation:[-1.4280998675719794f,0f,0.018727628432363325f,-1.23779296875f,0f,1.42822265625f,0f,1.0235595703125f,-0.018727628432363325f,0f,-1.4280998675719794f,-0.005958193824404913f,0f,0f,0f,1f],start_interpolation:0}
execute if entity @s[tag=aj.favor_incantations.locator_origin.lightning_spear4_locator0] at @s on origin run tp @s ^-0.90852 ^0.54351 ^0.39867 ~0.56349 ~0.56349
execute if entity @s[tag=aj.favor_incantations.locator_origin.lightning_spear4_locator1] at @s on origin run tp @s ^-0.9015 ^0.55053 ^-0.31538 ~0.56349 ~0.56349
execute if entity @s[tag=aj.favor_incantations.bone.lightning_spear4] run data modify entity @s {} merge value {transformation:[-1.4281535871856228f,-0.00013813478856428097f,0.014045218169327247f,-0.904541015625f,9.678013166870424e-21f,1.4281535871856228f,0.014045897431058189f,0.5474853515625f,-0.014045897431058364f,0.014045218169327071f,-1.4280845214614357f,-0.005958193824404871f,0f,0f,0f,1f],start_interpolation:0}
execute if entity @s[tag=aj.favor_incantations.locator_origin.lightning_spear5_locator1] at @s on origin run tp @s ^0.86091 ^0.54351 ^0.39867 ~-0.56349 ~0.56349
execute if entity @s[tag=aj.favor_incantations.locator_origin.lightning_spear5_locator0] at @s on origin run tp @s ^0.85389 ^0.55053 ^-0.31538 ~-0.56349 ~0.56349
execute if entity @s[tag=aj.favor_incantations.bone.lightning_spear5] run data modify entity @s {} merge value {transformation:[-1.4281535871856228f,0.00013813478856427753f,-0.014045218169326896f,0.85693359375f,-9.678013166870424e-21f,1.4281535871856228f,0.014045897431058189f,0.5474853515625f,0.014045897431058012f,0.014045218169327071f,-1.4280845214614357f,-0.005958193824404656f,0f,0f,0f,1f],start_interpolation:0}
execute if entity @s[tag=aj.favor_incantations.locator_origin.blackhole0] at @s on origin run tp @s ^0 ^1.1875 ^-0.625 ~0 ~0
execute if entity @s[tag=aj.favor_incantations.locator_origin.blackhole1] at @s on origin run tp @s ^0 ^1.1875 ^-0.625 ~0 ~0
execute if entity @s[tag=aj.favor_incantations.locator_origin.blackhole2] at @s on origin run tp @s ^0 ^1.1875 ^-0.625 ~0 ~0
execute if entity @s[tag=aj.favor_incantations.locator_origin.blackhole3] at @s on origin run tp @s ^0 ^1.1875 ^-0.625 ~0 ~0