execute if entity @s[tag=aj.favor_incantations.bone.slash_left] run data modify entity @s {} merge value {transformation:[0.000010960141080416975f,-0.000003998289517144084f,9.977252280952606e-9f,-0.14051395270234468f,0.000003935147883274677f,0.000010781835664772424f,-0.0000020923054140615774f,0.5794207868417438f,7.078345465051724e-7f,0.0000019689620986825223f,0.000011477511473304508f,0.0014312377895323303f,0f,0f,0f,1f],start_interpolation:0}
execute if entity @s[tag=aj.favor_incantations.locator_origin.twinaxe_left0] at @s on origin run tp @s ^-0.14051 ^0.57942 ^0.00143 ~179.95019 ~-10.33135
execute if entity @s[tag=aj.favor_incantations.locator_origin.twinaxe_left1] at @s on origin run tp @s ^-0.14051 ^0.57942 ^0.00144 ~179.95019 ~-10.33135
execute if entity @s[tag=aj.favor_incantations.bone.twinaxe_left] run data modify entity @s {} merge value {transformation:[0.000009394406640357407f,-0.0000034271053004092147f,8.551930526530804e-9f,-0.14051395270234468f,0.000003372983899949723f,0.000009241573426947791f,-0.0000017934046406242092f,0.5794207868417438f,6.067153255758621e-7f,0.0000016876817988707333f,0.00000983786697711815f,0.0014312377895323303f,0f,0f,0f,1f],start_interpolation:0}
execute if entity @s[tag=aj.favor_incantations.bone.right_arm2] run data modify entity @s {} merge value {transformation:[0.9394406640357406f,-0.34271053004092145f,0.0008551930526530804f,0.39809411448706655f,0.33729838999497225f,0.924157342694779f,-0.1793404640624209f,1.1337389365671096f,0.0606715325575862f,0.16876817988707332f,0.9837866977118149f,-0.08857703318338206f,0f,0f,0f,1f],start_interpolation:0}
execute if entity @s[tag=aj.favor_incantations.bone.right_arm] run data modify entity @s {} merge value {transformation:[0.9394406640357406f,-0.34271053004092145f,0.0008551930526530804f,0.3124164819768362f,0.33729838999497225f,0.924157342694779f,-0.1793404640624209f,1.3647782722408044f,0.0606715325575862f,0.16876817988707332f,0.9837866977118149f,-0.04638498821161373f,0f,0f,0f,1f],start_interpolation:0}
execute if entity @s[tag=aj.favor_incantations.locator_origin.messermers_orb] at @s on origin run tp @s ^-0.435 ^0.96474 ^0.14435 ~-174.50247 ~32.20652
execute if entity @s[tag=aj.favor_incantations.bone.messermers_orb] run data modify entity @s {} merge value {transformation:[0.000009966003024690347f,1.472468976285087e-7f,-8.106183214075669e-7f,-0.43500003406849747f,3.085788798357636e-7f,0.000008455696607323557f,0.000005329725505109642f,0.9647433035226087f,7.63912813599921e-7f,-0.000005336620019828627f,0.000008422406068172096f,0.14434587626066173f,0f,0f,0f,1f],start_interpolation:0}
execute if entity @s[tag=aj.favor_incantations.bone.slash_right] run data modify entity @s {} merge value {transformation:[0.000011627003528805405f,1.7178804723326018e-7f,-9.457213749754948e-7f,-0.45111942070506755f,3.600086931417242e-7f,0.000009864979375210817f,0.000006218013089294583f,1.0118275529476422f,8.912316158665746e-7f,-0.0000062260566898000644f,0.000009826140412867445f,0.3356198651628174f,0f,0f,0f,1f],start_interpolation:0}
execute if entity @s[tag=aj.favor_incantations.locator_origin.twinaxe_right0] at @s on origin run tp @s ^-0.45112 ^1.01183 ^0.33562 ~-174.50247 ~32.20652
execute if entity @s[tag=aj.favor_incantations.locator_origin.twinaxe_right1] at @s on origin run tp @s ^-0.45112 ^1.01183 ^0.33562 ~-174.50247 ~32.20652
execute if entity @s[tag=aj.favor_incantations.bone.twinaxe_right] run data modify entity @s {} merge value {transformation:[0.000009966003024690347f,1.472468976285087e-7f,-8.106183214075669e-7f,-0.45111942070506755f,3.085788798357636e-7f,0.000008455696607323557f,0.000005329725505109642f,1.0118275529476422f,7.63912813599921e-7f,-0.000005336620019828627f,0.000008422406068172096f,0.3356198651628174f,0f,0f,0f,1f],start_interpolation:0}
execute if entity @s[tag=aj.favor_incantations.bone.left_arm2] run data modify entity @s {} merge value {transformation:[0.9966003024690346f,0.014724689762850868f,-0.08106183214075668f,-0.49360638053209943f,0.030857887983576356f,0.8455696607323556f,0.5329725505109641f,1.174207100706724f,0.0763912813599921f,-0.5336620019828626f,0.8422406068172095f,0.006155920679946553f,0f,0f,0f,1f],start_interpolation:0}
execute if entity @s[tag=aj.favor_incantations.bone.left_arm] run data modify entity @s {} merge value {transformation:[0.9623827780089297f,0.26287554123740264f,-0.06867196233513077f,-0.3173323267470668f,-0.21497836370888307f,0.8913121049471621f,0.39918295894453026f,1.3703243637118805f,0.1661435876850689f,-0.3694038188673771f,0.9142959733463402f,-0.07197042974066944f,0f,0f,0f,1f],start_interpolation:0}
execute if entity @s[tag=aj.favor_incantations.bone.head] run data modify entity @s {} merge value {transformation:[0.9999941521210013f,0.000424918995714286f,-0.0033934006021405505f,0.0003515311309286864f,-0.0004269700259138461f,0.9999997266118884f,-0.0006037157820453356f,1.5086785246856942f,0.003393143144121369f,0.000605161131931525f,0.999994060162163f,-0.061501082278479155f,0f,0f,0f,1f],start_interpolation:0}
execute if entity @s[tag=aj.favor_incantations.bone.body_top] run data modify entity @s {} merge value {transformation:[0.9988023742199592f,0.00042289459359841965f,-0.048924824095086826f,0.0001850163846993086f,-0.0004811810990828247f,0.9999991885316621f,-0.0011795765202688502f,1.1149288442013523f,0.048924285557607985f,0.0012017055296491535f,0.998801767212342f,-0.06197425383077851f,0f,0f,0f,1f],start_interpolation:0}
execute if entity @s[tag=aj.favor_incantations.locator_origin.player_camera] at @s on origin run tp @s ^-0.01329 ^-0.01044 ^0.2489 ~-177.61561 ~-0.06779
execute if entity @s[tag=aj.favor_incantations.bone.body] run data modify entity @s {} merge value {transformation:[0.9991341170138334f,0.00042289459359841965f,-0.041603333750435734f,0f,-0.0004725231142221439f,0.9999991885316621f,-0.0011830713942150455f,0.67742919921875f,0.041602799676151186f,0.0012017055296491535f,0.9991335060756025f,-0.06250000000000001f,0f,0f,0f,1f],start_interpolation:0}
execute if entity @s[tag=aj.favor_incantations.bone.right_leg2] run data modify entity @s {} merge value {transformation:[0.999032163981313f,-0.04213587235922117f,0.01262155265180753f,0.14120047960431767f,0.04260680430258256f,0.9983023688847876f,-0.03971196930577803f,0.41396540041429103f,-0.010926827441501958f,0.04021129865534123f,0.9991314507623683f,0.048922611669410504f,0f,0f,0f,1f],start_interpolation:0}
execute if entity @s[tag=aj.favor_incantations.bone.right_leg] run data modify entity @s {} merge value {transformation:[0.999032163981313f,-0.043890736725057854f,-0.0028876565839078532f,0.12542724609375f,0.04260680430258256f,0.9493191031950163f,0.31141274947588676f,0.755126953125f,-0.010926827441501958f,-0.31123438681922927f,0.9502703620040572f,-0.06292724609375001f,0f,0f,0f,1f],start_interpolation:0}
execute if entity @s[tag=aj.favor_incantations.bone.left_leg2] run data modify entity @s {} merge value {transformation:[0.9960828070206968f,0.07448254415673092f,-0.04765912476860873f,-0.1556111112289871f,-0.08285863753987328f,0.9744153333062395f,-0.20892392013057312f,0.3977005218352566f,0.030878596839964797f,0.2120544949620989f,0.9767698825330172f,-0.05390274259424341f,0f,0f,0f,1f],start_interpolation:0}
execute if entity @s[tag=aj.favor_incantations.bone.left_leg] run data modify entity @s {} merge value {transformation:[0.9960828070206968f,0.08398988559370325f,-0.027653945030064384f,-0.12542724609375f,-0.08285863753987328f,0.9957667544584163f,0.03978714491375214f,0.75555419921875f,0.030878596839964797f,-0.03733992278123578f,0.9988254314062525f,-0.06732177734375001f,0f,0f,0f,1f],start_interpolation:0}
execute if entity @s[tag=aj.favor_incantations.locator_origin.lightning_spear_locator0] at @s on origin run tp @s ^-0.11873 ^0.30114 ^0.06693 ~0.69023 ~-0.98243
execute if entity @s[tag=aj.favor_incantations.locator_origin.lightning_spear_locator1] at @s on origin run tp @s ^-0.11806 ^0.30019 ^0.01155 ~0.69023 ~-0.98243
execute if entity @s[tag=aj.favor_incantations.locator_origin.lightning_spear_locator2] at @s on origin run tp @s ^-0.11728 ^0.29907 ^-0.0539 ~0.69023 ~-0.98243
execute if entity @s[tag=aj.favor_incantations.bone.main_lightning_spear] run data modify entity @s {} merge value {transformation:[-0.1510506357601593f,-0.0003552854597121289f,0.001819503561293426f,-0.1787109375f,-0.00038645786541193573f,0.1510393114085534f,-0.0025900664207799736f,0.37060546875f,-0.001813138518068481f,-0.0025945261586478316f,-0.15102884607664244f,0.014648437499999977f,0f,0f,0f,1f],start_interpolation:0}
execute if entity @s[tag=aj.favor_incantations.locator_origin.lightning_spear0_locator0] at @s on origin run tp @s ^-0.0082 ^-0.01941 ^-0.0079 ~179.94365 ~0.05635
execute if entity @s[tag=aj.favor_incantations.locator_origin.lightning_spear0_locator1] at @s on origin run tp @s ^-0.0082 ^-0.0194 ^0.0003 ~179.94365 ~0.05635
execute if entity @s[tag=aj.favor_incantations.bone.lightning_spear0] run data modify entity @s {} merge value {transformation:[0.016399408978774944f,1.5861688536934893e-8f,0.000016128304052644782f,-0.008199708454810564f,0f,-0.016399408978774944f,0.00001612831185238511f,-0.019405976676385002f,-0.000016128311852383105f,0.000016128304052646788f,0.01639940104793259f,-0.003249514091350829f,0f,0f,0f,1f],start_interpolation:0}
execute if entity @s[tag=aj.favor_incantations.locator_origin.lightning_spear1_locator0] at @s on origin run tp @s ^0.00765 ^-0.0194 ^0.0003 ~-179.94365 ~0.05635
execute if entity @s[tag=aj.favor_incantations.locator_origin.lightning_spear1_locator1] at @s on origin run tp @s ^0.00766 ^-0.01941 ^-0.0079 ~-179.94365 ~0.05635
execute if entity @s[tag=aj.favor_incantations.bone.lightning_spear1] run data modify entity @s {} merge value {transformation:[0.016399408978774944f,-1.5861688536938847e-8f,-0.000016128304052648797f,0.00765306122448986f,0f,-0.016399408978774944f,0.00001612831185238511f,-0.019405976676385002f,0.00001612831185238712f,0.000016128304052646788f,0.01639940104793259f,-0.0032495140913508273f,0f,0f,0f,1f],start_interpolation:0}
execute if entity @s[tag=aj.favor_incantations.locator_origin.lightning_spear2_locator0] at @s on origin run tp @s ^-0.01475 ^-0.01175 ^0.0003 ~179.92487 ~0
execute if entity @s[tag=aj.favor_incantations.locator_origin.lightning_spear2_locator1] at @s on origin run tp @s ^-0.01477 ^-0.01175 ^-0.0079 ~179.92487 ~0
execute if entity @s[tag=aj.favor_incantations.bone.lightning_spear2] run data modify entity @s {} merge value {transformation:[0.016399402810339903f,0f,0.00002150441310697201f,-0.014759475218659016f,0f,-0.01639941690962113f,0f,-0.011752915451895142f,-0.00002150441310697201f,0f,0.016399402810339903f,-0.00324951409135083f,0f,0f,0f,1f],start_interpolation:0}
execute if entity @s[tag=aj.favor_incantations.locator_origin.lightning_spear3_locator0] at @s on origin run tp @s ^0.01422 ^-0.01175 ^-0.0079 ~-179.92487 ~0
execute if entity @s[tag=aj.favor_incantations.locator_origin.lightning_spear3_locator1] at @s on origin run tp @s ^0.01421 ^-0.01175 ^0.0003 ~-179.92487 ~0
execute if entity @s[tag=aj.favor_incantations.bone.lightning_spear3] run data modify entity @s {} merge value {transformation:[0.016399402810339903f,0f,-0.000021504413106976025f,0.014212827988338311f,0f,-0.01639941690962113f,0f,-0.011752915451895142f,0.000021504413106976025f,0f,0.016399402810339903f,-0.0032495140913508264f,0f,0f,0f,1f],start_interpolation:0}
execute if entity @s[tag=aj.favor_incantations.locator_origin.lightning_spear4_locator0] at @s on origin run tp @s ^0.01039 ^-0.00628 ^-0.0079 ~-179.94365 ~-0.05635
execute if entity @s[tag=aj.favor_incantations.locator_origin.lightning_spear4_locator1] at @s on origin run tp @s ^0.01038 ^-0.00629 ^0.0003 ~-179.94365 ~-0.05635
execute if entity @s[tag=aj.favor_incantations.bone.lightning_spear4] run data modify entity @s {} merge value {transformation:[0.016399408978774944f,1.5861688536938847e-8f,-0.000016128304052648797f,0.010386297376093381f,0f,-0.016399408978774944f,-0.00001612831185238511f,-0.006286443148688099f,0.00001612831185238712f,-0.000016128304052646788f,0.01639940104793259f,-0.003249514091350827f,0f,0f,0f,1f],start_interpolation:0}
execute if entity @s[tag=aj.favor_incantations.locator_origin.lightning_spear5_locator1] at @s on origin run tp @s ^-0.00984 ^-0.00628 ^-0.0079 ~179.94365 ~-0.05635
execute if entity @s[tag=aj.favor_incantations.locator_origin.lightning_spear5_locator0] at @s on origin run tp @s ^-0.00984 ^-0.00629 ^0.0003 ~179.94365 ~-0.05635
execute if entity @s[tag=aj.favor_incantations.bone.lightning_spear5] run data modify entity @s {} merge value {transformation:[0.016399408978774944f,-1.5861688536934893e-8f,0.000016128304052644782f,-0.009839650145772677f,0f,-0.016399408978774944f,-0.00001612831185238511f,-0.006286443148688099f,-0.000016128311852383105f,-0.000016128304052646788f,0.01639940104793259f,-0.0032495140913508295f,0f,0f,0f,1f],start_interpolation:0}
execute if entity @s[tag=aj.favor_incantations.locator_origin.blackhole0] at @s on origin run tp @s ^0 ^1.1875 ^-0.625 ~0 ~0
execute if entity @s[tag=aj.favor_incantations.locator_origin.blackhole1] at @s on origin run tp @s ^0 ^1.1875 ^-0.625 ~0 ~0
execute if entity @s[tag=aj.favor_incantations.locator_origin.blackhole2] at @s on origin run tp @s ^0 ^1.1875 ^-0.625 ~0 ~0
execute if entity @s[tag=aj.favor_incantations.locator_origin.blackhole3] at @s on origin run tp @s ^0 ^1.1875 ^-0.625 ~0 ~0