execute if entity @s[tag=aj.favor_incantations.bone.slash_left] run data modify entity @s {} merge value {transformation:[0.00001031500697290372f,-0.0000017537061784354658f,0.000005161032542018706f,-0.029694380661587194f,0.000005357849431643474f,0.000005293830177126146f,-0.000008909541101240705f,0.48563821046997213f,-0.0000010025925034112698f,0.000010247486901995875f,0.000005485884757870664f,-0.30703613836454735f,0f,0f,0f,1f],start_interpolation:0}
execute if entity @s[tag=aj.favor_incantations.locator_origin.twinaxe_left0] at @s on origin run tp @s ^-0.02969 ^0.48564 ^-0.30704 ~136.74763 ~-49.78925
execute if entity @s[tag=aj.favor_incantations.locator_origin.twinaxe_left1] at @s on origin run tp @s ^-0.02969 ^0.48564 ^-0.30703 ~136.74763 ~-49.78925
execute if entity @s[tag=aj.favor_incantations.bone.twinaxe_left] run data modify entity @s {} merge value {transformation:[0.000008841434548203189f,-0.0000015031767243732562f,0.000004423742178873176f,-0.029694380661587194f,0.000004592442369980121f,0.0000045375687232509815f,-0.000007636749515349175f,0.48563821046997213f,-8.593650029239454e-7f,0.00000878356020171075f,0.000004702186935317712f,-0.30703613836454735f,0f,0f,0f,1f],start_interpolation:0}
execute if entity @s[tag=aj.favor_incantations.bone.right_arm2] run data modify entity @s {} merge value {transformation:[0.8841434548203188f,-0.1503176724373256f,0.4423742178873175f,0.4482348060368457f,0.45924423699801203f,0.45375687232509815f,-0.7636749515349175f,1.0863566994204956f,-0.08593650029239454f,0.8783560201710748f,0.4702186935317712f,-0.17979723104931478f,0f,0f,0f,1f],start_interpolation:0}
execute if entity @s[tag=aj.favor_incantations.bone.right_arm] run data modify entity @s {} merge value {transformation:[0.8841434548203188f,-0.1503176724373256f,0.4423742178873175f,0.41065538792751427f,0.45924423699801203f,0.45375687232509815f,-0.7636749515349175f,1.19979591750177f,-0.08593650029239454f,0.8783560201710748f,0.4702186935317712f,0.03979177399345395f,0f,0f,0f,1f],start_interpolation:0}
execute if entity @s[tag=aj.favor_incantations.locator_origin.messermers_orb] at @s on origin run tp @s ^-0.30208 ^0.96882 ^0.73384 ~-2.07027 ~-57.75557
execute if entity @s[tag=aj.favor_incantations.bone.messermers_orb] run data modify entity @s {} merge value {transformation:[-0.00000995261592738022f,9.530412436490777e-7f,-1.9273969482546936e-7f,-0.3020817832420287f,6.706384106057728e-7f,0.000005293006331695931f,-0.000008457796881862738f,0.9688196945047575f,-7.040456833741407e-7f,-0.000008430646259957218f,-0.000005331840518544383f,0.7338399958242393f,0f,0f,0f,1f],start_interpolation:0}
execute if entity @s[tag=aj.favor_incantations.bone.slash_right] run data modify entity @s {} merge value {transformation:[-0.000011611385248610258f,0.000001111881450923924f,-2.2486297729638095e-7f,-0.31165216029281306f,7.824114790400684e-7f,0.000006175174053645253f,-0.00000986742969550653f,0.7771547133967316f,-8.213866306031642e-7f,-0.000009835753969950089f,-0.000006220480604968447f,0.6865595252262647f,0f,0f,0f,1f],start_interpolation:0}
execute if entity @s[tag=aj.favor_incantations.locator_origin.twinaxe_right0] at @s on origin run tp @s ^-0.31165 ^0.77715 ^0.68656 ~-2.07027 ~-57.75557
execute if entity @s[tag=aj.favor_incantations.locator_origin.twinaxe_right1] at @s on origin run tp @s ^-0.31165 ^0.77716 ^0.68656 ~-2.07027 ~-57.75557
execute if entity @s[tag=aj.favor_incantations.bone.twinaxe_right] run data modify entity @s {} merge value {transformation:[-0.00000995261592738022f,9.530412436490777e-7f,-1.9273969482546936e-7f,-0.31165216029281306f,6.706384106057728e-7f,0.000005293006331695931f,-0.000008457796881862738f,0.7771547133967316f,-7.040456833741407e-7f,-0.000008430646259957218f,-0.000005331840518544383f,0.6865595252262647f,0f,0f,0f,1f],start_interpolation:0}
execute if entity @s[tag=aj.favor_incantations.bone.left_arm2] run data modify entity @s {} merge value {transformation:[-0.995261592738022f,0.09530412436490776f,-0.019273969482546935f,-0.21605190260467544f,0.06706384106057728f,0.5293006331695931f,-0.8457796881862737f,1.0969533627308696f,-0.07040456833741406f,-0.8430646259957217f,-0.5331840518544383f,0.5274741248463972f,0f,0f,0f,1f],start_interpolation:0}
execute if entity @s[tag=aj.favor_incantations.bone.left_arm] run data modify entity @s {} merge value {transformation:[0.989018835705562f,0.13121196911122363f,0.06800854197503185f,-0.18324891032686952f,-0.13539620179455114f,0.6199851081951995f,0.7728430203836977f,1.2519496397796694f,0.059241971263822635f,-0.7735644024760591f,0.6309425521096467f,0.33408302422738245f,0f,0f,0f,1f],start_interpolation:0}
execute if entity @s[tag=aj.favor_incantations.bone.head] run data modify entity @s {} merge value {transformation:[0.9001430619649591f,0.193800465150179f,0.3901074822454985f,0.14689841085545044f,0.023783722813008328f,0.8723725222124403f,-0.48826275407597847f,1.3480861811325342f,-0.4349445970758823f,0.44878453872240254f,0.7806507767742364f,0.20338446104921815f,0f,0f,0f,1f],start_interpolation:0}
execute if entity @s[tag=aj.favor_incantations.bone.body_top] run data modify entity @s {} merge value {transformation:[0.9253134772994852f,0.1767198927584366f,0.3355071507902353f,0.07731495308181602f,-0.04634345399255538f,0.9308378035345442f,-0.3624820930515401f,0.9815687959908075f,-0.3763605359226375f,0.3198610057734955f,0.869506575009984f,0.07743919002590428f,0f,0f,0f,1f],start_interpolation:0}
execute if entity @s[tag=aj.favor_incantations.locator_origin.player_camera] at @s on origin run tp @s ^-0.0398 ^-0.1774 ^-0.00225 ~163.74279 ~-20.95861
execute if entity @s[tag=aj.favor_incantations.bone.body] run data modify entity @s {} merge value {transformation:[0.9489075200939724f,0.1767198927584366f,0.26142799737701017f,0f,-0.07480861357597887f,0.9308378035345442f,-0.35769352083288475f,0.5743272569444444f,-0.3065586235028257f,0.3198610057734955f,0.8964991619302388f,-0.06250000000000001f,0f,0f,0f,1f],start_interpolation:0}
execute if entity @s[tag=aj.favor_incantations.bone.right_leg2] run data modify entity @s {} merge value {transformation:[0.9925367972662235f,0.0624777382537515f,0.10472458305098821f,0.11602993306998943f,0.0070557199523826036f,0.8279204923638437f,-0.5608011012292718f,0.3054994180033915f,-0.12174121277719045f,0.5573546362476105f,0.8213007284575076f,-0.15573977732177885f,0f,0f,0f,1f],start_interpolation:0}
execute if entity @s[tag=aj.favor_incantations.bone.right_leg] run data modify entity @s {} merge value {transformation:[0.9925367972662235f,0.02496018624002941f,0.11936370962470401f,0.125f,0.0070557199523826036f,0.9654339866185822f,-0.26055217193050784f,0.6524522569444444f,-0.12174121277719045f,0.2594498151562541f,0.9580526449663006f,-0.06250000000000001f,0f,0f,0f,1f],start_interpolation:0}
execute if entity @s[tag=aj.favor_incantations.bone.left_leg2] run data modify entity @s {} merge value {transformation:[0.9527745310780632f,0.18409257237404197f,0.24151732386246114f,-0.11194091474139578f,-0.09971888972731996f,0.940865268685444f,-0.3237725887301421f,0.3666221122755631f,-0.28683939053157853f,0.2843984370178136f,0.9147899721035957f,0.1688087087206648f,0f,0f,0f,1f],start_interpolation:0}
execute if entity @s[tag=aj.favor_incantations.bone.left_leg] run data modify entity @s {} merge value {transformation:[0.9527745310780632f,-0.0363383241978552f,0.30149663202674154f,-0.125f,-0.09971888972731996f,0.9003252656808807f,0.4236396570296532f,0.6901765046296295f,-0.28683939053157853f,-0.43369798497473233f,0.8541833654832722f,0.012948495370370385f,0f,0f,0f,1f],start_interpolation:0}
execute if entity @s[tag=aj.favor_incantations.locator_origin.lightning_spear_locator0] at @s on origin run tp @s ^-0.62945 ^1.6544 ^66.3599 ~-1.24019 ~1.06058
execute if entity @s[tag=aj.favor_incantations.locator_origin.lightning_spear_locator1] at @s on origin run tp @s ^-0.65206 ^1.67374 ^65.31539 ~-1.24019 ~1.06058
execute if entity @s[tag=aj.favor_incantations.locator_origin.lightning_spear_locator2] at @s on origin run tp @s ^-0.67879 ^1.6966 ^64.08097 ~-1.24019 ~1.06058
execute if entity @s[tag=aj.favor_incantations.bone.main_lightning_spear] run data modify entity @s {} merge value {transformation:[-2.8491041884472654f,0.01732506757705322f,-0.06167044008069234f,-1.781562500000008f,0.016184420774398016f,2.849290035593285f,0.052748794934677115f,3.0081249999999997f,0.061979558489012807f,0.05238523528928665f,-2.8486685309504227f,65.45958333333331f,0f,0f,0f,1f],start_interpolation:0}
execute if entity @s[tag=aj.favor_incantations.locator_origin.lightning_spear0_locator0] at @s on origin run tp @s ^-0.16068 ^2.16633 ^66.09176 ~15 ~15
execute if entity @s[tag=aj.favor_incantations.locator_origin.lightning_spear0_locator1] at @s on origin run tp @s ^0.19591 ^2.53549 ^64.76096 ~15 ~15
execute if entity @s[tag=aj.favor_incantations.bone.lightning_spear0] run data modify entity @s {} merge value {transformation:[-2.7554815644334743f,-0.19109362226738918f,0.7131711073042721f,0.04138722845895101f,1.9794474595665518e-17f,2.7554815644334743f,0.7383290599487959f,2.3755216686105847f,-0.7383290599487963f,0.7131711073042718f,-2.661590806949698f,65.33763804854932f,0f,0f,0f,1f],start_interpolation:0}
execute if entity @s[tag=aj.favor_incantations.locator_origin.lightning_spear1_locator0] at @s on origin run tp @s ^-1.44439 ^2.63058 ^64.76096 ~-15 ~15
execute if entity @s[tag=aj.favor_incantations.locator_origin.lightning_spear1_locator1] at @s on origin run tp @s ^-1.0878 ^2.26142 ^66.09176 ~-15 ~15
execute if entity @s[tag=aj.favor_incantations.bone.lightning_spear1] run data modify entity @s {} merge value {transformation:[-2.7554815644334743f,0.19109362226738902f,-0.7131711073042715f,-1.2898655051756898f,-1.9794474595665518e-17f,2.7554815644334743f,0.7383290599487959f,2.470611149584488f,0.7383290599487956f,0.7131711073042718f,-2.661590806949698f,65.33763804854932f,0f,0f,0f,1f],start_interpolation:0}
execute if entity @s[tag=aj.favor_incantations.locator_origin.lightning_spear2_locator0] at @s on origin run tp @s ^0.63314 ^1.7099 ^64.75683 ~20 ~0
execute if entity @s[tag=aj.favor_incantations.locator_origin.lightning_spear2_locator1] at @s on origin run tp @s ^0.1453 ^1.7099 ^66.09715 ~20 ~0
execute if entity @s[tag=aj.favor_incantations.bone.lightning_spear2] run data modify entity @s {} merge value {transformation:[-2.680646507566158f,0f,0.9756755373437319f,0.42174515235456267f,0f,2.852684429217087f,0f,1.7098953017932643f,-0.9756755373437319f,0f,-2.680646507566158f,65.33763804854932f,0f,0f,0f,1f],start_interpolation:0}
execute if entity @s[tag=aj.favor_incantations.locator_origin.lightning_spear3_locator0] at @s on origin run tp @s ^-1.39378 ^1.7099 ^66.09715 ~-20 ~0
execute if entity @s[tag=aj.favor_incantations.locator_origin.lightning_spear3_locator1] at @s on origin run tp @s ^-1.88162 ^1.7099 ^64.75683 ~-20 ~0
execute if entity @s[tag=aj.favor_incantations.bone.lightning_spear3] run data modify entity @s {} merge value {transformation:[-2.680646507566158f,0f,-0.975675537343731f,-1.6702234290713014f,0f,2.852684429217087f,0f,1.7098953017932643f,0.975675537343731f,0f,-2.680646507566158f,65.33763804854932f,0f,0f,0f,1f],start_interpolation:0}
execute if entity @s[tag=aj.favor_incantations.locator_origin.lightning_spear4_locator0] at @s on origin run tp @s ^-1.0878 ^1.06328 ^66.09176 ~-15 ~-15
execute if entity @s[tag=aj.favor_incantations.locator_origin.lightning_spear4_locator1] at @s on origin run tp @s ^-1.44439 ^0.69412 ^64.76096 ~-15 ~-15
execute if entity @s[tag=aj.favor_incantations.bone.lightning_spear4] run data modify entity @s {} merge value {transformation:[-2.7554815644334743f,-0.19109362226738902f,-0.7131711073042715f,-1.2898655051756898f,1.9794474595665518e-17f,2.7554815644334743f,-0.7383290599487959f,0.854089973028138f,0.7383290599487956f,-0.7131711073042718f,-2.661590806949698f,65.33763804854932f,0f,0f,0f,1f],start_interpolation:0}
execute if entity @s[tag=aj.favor_incantations.locator_origin.lightning_spear5_locator1] at @s on origin run tp @s ^-0.16068 ^1.15837 ^66.09176 ~15 ~-15
execute if entity @s[tag=aj.favor_incantations.locator_origin.lightning_spear5_locator0] at @s on origin run tp @s ^0.19591 ^0.78921 ^64.76096 ~15 ~-15
execute if entity @s[tag=aj.favor_incantations.bone.lightning_spear5] run data modify entity @s {} merge value {transformation:[-2.7554815644334743f,0.19109362226738918f,0.7131711073042721f,0.04138722845895101f,-1.9794474595665518e-17f,2.7554815644334743f,-0.7383290599487959f,0.949179454002041f,-0.7383290599487963f,-0.7131711073042718f,-2.661590806949698f,65.33763804854932f,0f,0f,0f,1f],start_interpolation:0}
execute if entity @s[tag=aj.favor_incantations.locator_origin.blackhole0] at @s on origin run tp @s ^0 ^1.1875 ^-0.625 ~0 ~0
execute if entity @s[tag=aj.favor_incantations.locator_origin.blackhole1] at @s on origin run tp @s ^0 ^1.1875 ^-0.625 ~0 ~0
execute if entity @s[tag=aj.favor_incantations.locator_origin.blackhole2] at @s on origin run tp @s ^0 ^1.1875 ^-0.625 ~0 ~0
execute if entity @s[tag=aj.favor_incantations.locator_origin.blackhole3] at @s on origin run tp @s ^0 ^1.1875 ^-0.625 ~0 ~0