execute if entity @s[tag=aj.favor_incantations.bone.slash_left] run data modify entity @s {} merge value {transformation:[0.000006872111696273564f,-0.000008384878081383222f,-0.000004310337748412583f,0.19726546576556508f,0.00000779602016028384f,0.00000805336944821382f,-0.000003236730032322018f,0.3626587370507557f,0.0000053016282032503144f,-9.7374082898202e-7f,0.000010346771395154405f,0.004979360734309768f,0f,0f,0f,1f],start_interpolation:0}
execute if entity @s[tag=aj.favor_incantations.locator_origin.twinaxe_left0] at @s on origin run tp @s ^0.19727 ^0.36266 ^0.00498 ~-157.38399 ~-16.10712
execute if entity @s[tag=aj.favor_incantations.locator_origin.twinaxe_left1] at @s on origin run tp @s ^0.19727 ^0.36266 ^0.00499 ~-157.38399 ~-16.10712
execute if entity @s[tag=aj.favor_incantations.bone.twinaxe_left] run data modify entity @s {} merge value {transformation:[0.000005890381453948768f,-0.000007187038355471333f,-0.000003694575212925071f,0.19726546576556508f,0.000006682302994529006f,0.000006902888098468988f,-0.000002774340027704587f,0.3626587370507557f,0.0000045442527456431265f,-8.346349962703026e-7f,0.000008868661195846632f,0.004979360734309768f,0f,0f,0f,1f],start_interpolation:0}
execute if entity @s[tag=aj.favor_incantations.bone.right_arm2] run data modify entity @s {} merge value {transformation:[0.5890381453948768f,-0.7187038355471332f,-0.3694575212925071f,0.4469075273584088f,0.6682302994529006f,0.6902888098468988f,-0.27743400277045865f,1.0898011965212417f,0.4544252745643126f,-0.08346349962703026f,0.8868661195846631f,0.12502699594170336f,0f,0f,0f,1f],start_interpolation:0}
execute if entity @s[tag=aj.favor_incantations.bone.right_arm] run data modify entity @s {} merge value {transformation:[0.5890381453948768f,-0.7187038355471332f,-0.3694575212925071f,0.26723156847162544f,0.6682302994529006f,0.6902888098468988f,-0.27743400277045865f,1.2623733989829664f,0.4544252745643126f,-0.08346349962703026f,0.8868661195846631f,0.10416112103494579f,0f,0f,0f,1f],start_interpolation:0}
execute if entity @s[tag=aj.favor_incantations.locator_origin.messermers_orb] at @s on origin run tp @s ^-0.62211 ^1.49082 ^-0.45377 ~-58.27901 ~-29.41474
execute if entity @s[tag=aj.favor_incantations.bone.messermers_orb] run data modify entity @s {} merge value {transformation:[0.000005862771530609012f,0.0000032749449535392234f,-0.0000074096319430298635f,-0.6221056188935118f,-0.000001404898911672452f,-0.000008596836621407503f,-0.000004911278769608633f,1.4908230578253647f,-0.000007978356286094407f,0.000003920348920200201f,-0.000004580032239627041f,-0.45377238868114983f,0f,0f,0f,1f],start_interpolation:0}
execute if entity @s[tag=aj.favor_incantations.bone.slash_right] run data modify entity @s {} merge value {transformation:[0.000006839900119043848f,0.000003820769112462427f,-0.000008644570600201509f,-0.7815046237849419f,-0.0000016390487302845275f,-0.000010029642724975421f,-0.000005729825231210072f,1.4524668097789997f,-0.000009308082333776808f,0.000004573740406900235f,-0.000005343370946231548f,-0.564150173925408f,0f,0f,0f,1f],start_interpolation:0}
execute if entity @s[tag=aj.favor_incantations.locator_origin.twinaxe_right0] at @s on origin run tp @s ^-0.78151 ^1.45246 ^-0.56415 ~-58.27901 ~-29.41474
execute if entity @s[tag=aj.favor_incantations.locator_origin.twinaxe_right1] at @s on origin run tp @s ^-0.7815 ^1.45247 ^-0.56415 ~-58.27901 ~-29.41474
execute if entity @s[tag=aj.favor_incantations.bone.twinaxe_right] run data modify entity @s {} merge value {transformation:[0.000005862771530609012f,0.0000032749449535392234f,-0.0000074096319430298635f,-0.7815046237849419f,-0.000001404898911672452f,-0.000008596836621407503f,-0.000004911278769608633f,1.4524668097789997f,-0.000007978356286094407f,0.000003920348920200201f,-0.000004580032239627041f,-0.564150173925408f,0f,0f,0f,1f],start_interpolation:0}
execute if entity @s[tag=aj.favor_incantations.bone.left_arm2] run data modify entity @s {} merge value {transformation:[0.5862771530609012f,0.32749449535392233f,-0.7409631943029863f,-0.5768743171213375f,-0.1404898911672452f,-0.8596836621407502f,-0.4911278769608633f,1.28468276048813f,-0.7978356286094407f,0.3920348920200201f,-0.458003223962704f,-0.30589893888805475f,0f,0f,0f,1f],start_interpolation:0}
execute if entity @s[tag=aj.favor_incantations.bone.left_arm] run data modify entity @s {} merge value {transformation:[-0.4024815193368407f,0.8992235358818664f,-0.17148078349605944f,-0.3464762606903382f,0.36981221056001357f,0.3310725585274126f,0.8681185920776202f,1.3216325688728832f,0.8374052516631508f,0.2859860022907187f,-0.46579442995891285f,-0.1989441327375234f,0f,0f,0f,1f],start_interpolation:0}
execute if entity @s[tag=aj.favor_incantations.bone.head] run data modify entity @s {} merge value {transformation:[0.9992749513393194f,-0.00029169177319635434f,-0.038072122894714455f,-0.0003746208770282857f,0.00016357229272523236f,0.9999943140525765f,-0.003368249786160572f,1.407215103918055f,0.038072888909378044f,0.003359580096733474f,0.9992693172271767f,-0.056238755628938514f,0f,0f,0f,1f],start_interpolation:0}
execute if entity @s[tag=aj.favor_incantations.bone.body_top] run data modify entity @s {} merge value {transformation:[0.8561324969190808f,-0.00045067173176335123f,-0.5167561752065383f,-0.00019716888264646618f,-0.0035065519511637885f,0.9999715300893893f,-0.006681549528316263f,1.0134763139453578f,0.5167444743899194f,0.007532324055412332f,0.8561065425995822f,-0.05920460822575712f,0f,0f,0f,1f],start_interpolation:0}
execute if entity @s[tag=aj.favor_incantations.locator_origin.player_camera] at @s on origin run tp @s ^-0.1393 ^-0.11366 ^0.2119 ~-153.46448 ~-0.39765
execute if entity @s[tag=aj.favor_incantations.bone.body] run data modify entity @s {} merge value {transformation:[0.8946628003947522f,-0.00045067173176335123f,-0.4467418387444924f,0f,-0.0029618171455421637f,0.9999715300893893f,-0.006940219728648822f,0.57598876953125f,0.4467322478051213f,0.007532324055412332f,0.8946359946175361f,-0.06250000000000001f,0f,0f,0f,1f],start_interpolation:0}
execute if entity @s[tag=aj.favor_incantations.bone.right_leg2] run data modify entity @s {} merge value {transformation:[0.9989283585286389f,-0.04541469217198293f,0.008924139297601708f,0.14101808912418307f,0.045448529639784074f,0.9989601006515924f,-0.003626080493078887f,0.417267172933691f,-0.008750181761577018f,0.004027783644220628f,0.9999536045627591f,0.2070750649456733f,0f,0f,0f,1f],start_interpolation:0}
execute if entity @s[tag=aj.favor_incantations.bone.right_leg] run data modify entity @s {} merge value {transformation:[0.9989283585286389f,-0.03625006321511812f,-0.028776161039633256f,0.12799072265625f,0.045448529639784074f,0.6507293883584252f,0.7579483453905362f,0.651123046875f,-0.008750181761577018f,-0.7584439307183952f,0.6516795518317032f,-0.06549072265625001f,0f,0f,0f,1f],start_interpolation:0}
execute if entity @s[tag=aj.favor_incantations.bone.left_leg2] run data modify entity @s {} merge value {transformation:[0.9624340423034857f,-0.20408162049859244f,-0.17908491390968917f,-0.10171425425356764f,-0.04848517097441973f,0.5197938857519824f,-0.8529147111701358f,0.330210069543069f,0.26715145968336684f,0.8295571158814343f,0.49037239836630575f,-0.27020839161814675f,0f,0f,0f,1f],start_interpolation:0}
execute if entity @s[tag=aj.favor_incantations.bone.left_leg] run data modify entity @s {} merge value {transformation:[0.9624340423034857f,-0.07311712946833353f,-0.26148537166289676f,-0.12799072265625f,-0.04848517097441973f,0.9012972521410255f,-0.4304793275856785f,0.65411376953125f,0.26715145968336684f,0.42698612232875616f,0.8638940611716803f,-0.11676025390625001f,0f,0f,0f,1f],start_interpolation:0}
execute if entity @s[tag=aj.favor_incantations.locator_origin.lightning_spear_locator0] at @s on origin run tp @s ^-0.78824 ^1.61756 ^0.35496 ~8.34989 ~-10.80396
execute if entity @s[tag=aj.favor_incantations.locator_origin.lightning_spear_locator1] at @s on origin run tp @s ^-0.70076 ^1.50259 ^-0.24109 ~8.34989 ~-10.80396
execute if entity @s[tag=aj.favor_incantations.locator_origin.lightning_spear_locator2] at @s on origin run tp @s ^-0.59737 ^1.36673 ^-0.94552 ~8.34989 ~-10.80396
execute if entity @s[tag=aj.favor_incantations.bone.main_lightning_spear] run data modify entity @s {} merge value {transformation:[-1.6555556164286238f,-0.005242311525725451f,0.23859565425382218f,-1.37337890625f,-0.05038704524469693f,1.6422464187924408f,-0.3135404483989498f,2.2592724609375f,-0.233273474125223f,-0.31752005492657137f,-1.6256027399510247f,-0.4283935546875f,0f,0f,0f,1f],start_interpolation:0}
execute if entity @s[tag=aj.favor_incantations.locator_origin.lightning_spear0_locator0] at @s on origin run tp @s ^0.00001 ^0.00002 ^-0.02083 ~-1.10443 ~-1.10443
execute if entity @s[tag=aj.favor_incantations.locator_origin.lightning_spear0_locator1] at @s on origin run tp @s ^0.00001 ^0.00002 ^-0.02084 ~-1.10443 ~-1.10443
execute if entity @s[tag=aj.favor_incantations.bone.lightning_spear0] run data modify entity @s {} merge value {transformation:[-0.00001874651669805125f,-6.965956783233987e-9f,-3.6133525309846326e-7f,0.000009375000000002552f,-5.0821976835258025e-25f,0.00001874651669805125f,-3.6140239302699435e-7f,0.0000221875f,3.6140239302699207e-7f,-3.613352530984656e-7f,-0.000018743034043216766f,-0.020833020833333334f,0f,0f,0f,1f],start_interpolation:0}
execute if entity @s[tag=aj.favor_incantations.locator_origin.lightning_spear1_locator0] at @s on origin run tp @s ^-0.00001 ^0.00002 ^-0.02084 ~1.10443 ~-1.10443
execute if entity @s[tag=aj.favor_incantations.locator_origin.lightning_spear1_locator1] at @s on origin run tp @s ^-0.00001 ^0.00002 ^-0.02083 ~1.10443 ~-1.10443
execute if entity @s[tag=aj.favor_incantations.bone.lightning_spear1] run data modify entity @s {} merge value {transformation:[-0.00001874651669805125f,6.965956783234075e-9f,3.6133525309846786e-7f,-0.00000874999999999745f,5.0821976835258025e-25f,0.00001874651669805125f,-3.6140239302699435e-7f,0.0000221875f,-3.614023930269966e-7f,-3.613352530984656e-7f,-0.000018743034043216766f,-0.020833020833333334f,0f,0f,0f,1f],start_interpolation:0}
execute if entity @s[tag=aj.favor_incantations.locator_origin.lightning_spear2_locator0] at @s on origin run tp @s ^0.00002 ^0.00001 ^-0.02084 ~-1.47258 ~0
execute if entity @s[tag=aj.favor_incantations.locator_origin.lightning_spear2_locator1] at @s on origin run tp @s ^0.00002 ^0.00001 ^-0.02083 ~-1.47258 ~0
execute if entity @s[tag=aj.favor_incantations.bone.lightning_spear2] run data modify entity @s {} merge value {transformation:[-0.00001874380761233554f,0f,-4.818466475469346e-7f,0.00001687500000000255f,0f,0.000018750000000000002f,0f,0.000013437500000000001f,4.818466475469346e-7f,0f,-0.00001874380761233554f,-0.020833020833333334f,0f,0f,0f,1f],start_interpolation:0}
execute if entity @s[tag=aj.favor_incantations.locator_origin.lightning_spear3_locator0] at @s on origin run tp @s ^-0.00002 ^0.00001 ^-0.02083 ~1.47258 ~0
execute if entity @s[tag=aj.favor_incantations.locator_origin.lightning_spear3_locator1] at @s on origin run tp @s ^-0.00002 ^0.00001 ^-0.02084 ~1.47258 ~0
execute if entity @s[tag=aj.favor_incantations.bone.lightning_spear3] run data modify entity @s {} merge value {transformation:[-0.00001874380761233554f,0f,4.818466475469392e-7f,-0.00001624999999999745f,0f,0.000018750000000000002f,0f,0.000013437500000000001f,-4.818466475469392e-7f,0f,-0.00001874380761233554f,-0.020833020833333334f,0f,0f,0f,1f],start_interpolation:0}
execute if entity @s[tag=aj.favor_incantations.locator_origin.lightning_spear4_locator0] at @s on origin run tp @s ^-0.00001 ^0.00001 ^-0.02083 ~1.10443 ~1.10443
execute if entity @s[tag=aj.favor_incantations.locator_origin.lightning_spear4_locator1] at @s on origin run tp @s ^-0.00001 ^0.00001 ^-0.02084 ~1.10443 ~1.10443
execute if entity @s[tag=aj.favor_incantations.bone.lightning_spear4] run data modify entity @s {} merge value {transformation:[-0.00001874651669805125f,-6.965956783234075e-9f,3.6133525309846786e-7f,-0.00001187499999999745f,-5.0821976835258025e-25f,0.00001874651669805125f,3.6140239302699435e-7f,0.0000071875f,-3.614023930269966e-7f,3.613352530984656e-7f,-0.000018743034043216766f,-0.020833020833333334f,0f,0f,0f,1f],start_interpolation:0}
execute if entity @s[tag=aj.favor_incantations.locator_origin.lightning_spear5_locator1] at @s on origin run tp @s ^0.00001 ^0.00001 ^-0.02083 ~-1.10443 ~1.10443
execute if entity @s[tag=aj.favor_incantations.locator_origin.lightning_spear5_locator0] at @s on origin run tp @s ^0.00001 ^0.00001 ^-0.02084 ~-1.10443 ~1.10443
execute if entity @s[tag=aj.favor_incantations.bone.lightning_spear5] run data modify entity @s {} merge value {transformation:[-0.00001874651669805125f,6.965956783233987e-9f,-3.6133525309846326e-7f,0.000011250000000002552f,5.0821976835258025e-25f,0.00001874651669805125f,3.6140239302699435e-7f,0.0000071875f,3.6140239302699207e-7f,3.613352530984656e-7f,-0.000018743034043216766f,-0.020833020833333334f,0f,0f,0f,1f],start_interpolation:0}
execute if entity @s[tag=aj.favor_incantations.locator_origin.blackhole0] at @s on origin run tp @s ^0 ^1.1875 ^-0.625 ~0 ~0
execute if entity @s[tag=aj.favor_incantations.locator_origin.blackhole1] at @s on origin run tp @s ^0 ^1.1875 ^-0.625 ~0 ~0
execute if entity @s[tag=aj.favor_incantations.locator_origin.blackhole2] at @s on origin run tp @s ^0 ^1.1875 ^-0.625 ~0 ~0
execute if entity @s[tag=aj.favor_incantations.locator_origin.blackhole3] at @s on origin run tp @s ^0 ^1.1875 ^-0.625 ~0 ~0