execute if entity @s[tag=aj.favor_incantations.bone.slash_left] run data modify entity @s {} merge value {transformation:[0.000009076691860178595f,-0.000004659691168306456f,0.000005657919600213987f,0.1548837384660781f,0.000006932954323175533f,0.000002535158774088604f,-0.000009034280572023121f,0.45238006785835405f,0.0000023788485322189994f,0.00001039092677855443f,0.000004741395517628868f,-0.4470017603849176f,0f,0f,0f,1f],start_interpolation:0}
execute if entity @s[tag=aj.favor_incantations.locator_origin.twinaxe_left0] at @s on origin run tp @s ^0.15489 ^0.45239 ^-0.447 ~129.96336 ~-50.74767
execute if entity @s[tag=aj.favor_incantations.locator_origin.twinaxe_left1] at @s on origin run tp @s ^0.15489 ^0.45238 ^-0.447 ~129.96336 ~-50.74767
execute if entity @s[tag=aj.favor_incantations.bone.twinaxe_left] run data modify entity @s {} merge value {transformation:[0.000007780021594438795f,-0.000003994021001405534f,0.0000048496453716119886f,0.1548837384660781f,0.000005942532277007599f,0.000002172993234933089f,-0.000007743669061734103f,0.45238006785835405f,0.000002039013027616285f,0.000008906508667332369f,0.000004064053300824744f,-0.4470017603849176f,0f,0f,0f,1f],start_interpolation:0}
execute if entity @s[tag=aj.favor_incantations.bone.right_arm2] run data modify entity @s {} merge value {transformation:[0.7780021594438794f,-0.39940210014055333f,0.4849645371611988f,0.47401621607209754f,0.5942532277007598f,0.21729932349330888f,-0.7743669061734102f,1.0740289954017999f,0.2039013027616285f,0.8906508667332368f,0.4064053300824744f,-0.10469221827262548f,0f,0f,0f,1f],start_interpolation:0}
execute if entity @s[tag=aj.favor_incantations.bone.right_arm] run data modify entity @s {} merge value {transformation:[0.7780021594438794f,-0.39940210014055333f,0.4849645371611988f,0.3741656910369592f,0.5942532277007598f,0.21729932349330888f,-0.7743669061734102f,1.1283538262751271f,0.2039013027616285f,0.8906508667332368f,0.4064053300824744f,0.11797049841068372f,0f,0f,0f,1f],start_interpolation:0}
execute if entity @s[tag=aj.favor_incantations.locator_origin.messermers_orb] at @s on origin run tp @s ^-0.72798 ^1.27327 ^0.52031 ~-155.44558 ~-63.07333
execute if entity @s[tag=aj.favor_incantations.bone.messermers_orb] run data modify entity @s {} merge value {transformation:[-0.000005897943395177085f,0.00000785320974350553f,-0.0000018818502681660902f,-0.7279750576382419f,-0.000002327566400183038f,-0.000003884549763737117f,-0.000008915868313618643f,1.273267436082882f,-0.000007732832492691536f,-0.0000048205155178216865f,0.000004118972175484355f,0.5203114682099881f,0f,0f,0f,1f],start_interpolation:0}
execute if entity @s[tag=aj.favor_incantations.bone.slash_right] run data modify entity @s {} merge value {transformation:[-0.000006880933961039933f,0.000009162078034089786f,-0.0000021954919795271054f,-0.8123423110632657f,-0.000002715494133546878f,-0.00000453197472435997f,-0.000010401846365888418f,1.1303733412258894f,-0.000009021637908140126f,-0.0000056239347707919675f,0.000004805467538065081f,0.6276704184867052f,0f,0f,0f,1f],start_interpolation:0}
execute if entity @s[tag=aj.favor_incantations.locator_origin.twinaxe_right0] at @s on origin run tp @s ^-0.81234 ^1.13037 ^0.62767 ~-155.44558 ~-63.07333
execute if entity @s[tag=aj.favor_incantations.locator_origin.twinaxe_right1] at @s on origin run tp @s ^-0.81234 ^1.13038 ^0.62767 ~-155.44558 ~-63.07333
execute if entity @s[tag=aj.favor_incantations.bone.twinaxe_right] run data modify entity @s {} merge value {transformation:[-0.000005897943395177085f,0.00000785320974350553f,-0.0000018818502681660902f,-0.8123423110632657f,-0.000002327566400183038f,-0.000003884549763737117f,-0.000008915868313618643f,1.1303733412258894f,-0.000007732832492691536f,-0.0000048205155178216865f,0.000004118972175484355f,0.6276704184867052f,0f,0f,0f,1f],start_interpolation:0}
execute if entity @s[tag=aj.favor_incantations.bone.left_arm2] run data modify entity @s {} merge value {transformation:[-0.5897943395177084f,0.785320974350553f,-0.188185026816609f,-0.49478266783074687f,-0.23275664001830376f,-0.3884549763737116f,-0.8915868313618641f,1.190700981990598f,-0.7732832492691535f,-0.48205155178216863f,0.41189721754843545f,0.44812878334376804f,0f,0f,0f,1f],start_interpolation:0}
execute if entity @s[tag=aj.favor_incantations.bone.left_arm] run data modify entity @s {} merge value {transformation:[0.5601460249569253f,0.8033257185909058f,-0.20224791859339325f,-0.2902059063572169f,0.21206879993537503f,0.09695096057928163f,0.9724337177086797f,1.1969306903259986f,0.8007891450431411f,-0.5875953548941303f,-0.11605362591455598f,0.3033790858408754f,0f,0f,0f,1f],start_interpolation:0}
execute if entity @s[tag=aj.favor_incantations.bone.head] run data modify entity @s {} merge value {transformation:[0.8768769533104837f,0.13750938237307223f,0.46062780909569484f,0.07951688443619645f,0.12432831866668706f,0.8607384727635056f,-0.4936311889277893f,1.277480369313535f,-0.46435899682297366f,0.4901228940420191f,0.7376654192826428f,0.2142184460779465f,0f,0f,0f,1f],start_interpolation:0}
execute if entity @s[tag=aj.favor_incantations.bone.body_top] run data modify entity @s {} merge value {transformation:[0.9868795096525466f,0.09565940984805588f,0.13006963802313992f,0.041850991808524446f,-0.045679181693983786f,0.9380994696280901f,-0.34334064344796694f,0.9081037031474746f,-0.15486202177330954f,0.33289437122158977f,0.9301607881550723f,0.0831412874094455f,0f,0f,0f,1f],start_interpolation:0}
execute if entity @s[tag=aj.favor_incantations.locator_origin.player_camera] at @s on origin run tp @s ^-0.04563 ^-0.25337 ^0.00188 ~176.07133 ~-19.85024
execute if entity @s[tag=aj.favor_incantations.bone.body] run data modify entity @s {} merge value {transformation:[0.9933258823219374f,0.09565940984805588f,0.06444353200179308f,0f,-0.06831132835072745f,0.9380994696280901f,-0.3395628770970924f,0.4976851851851851f,-0.09293682762125872f,0.33289437122158977f,0.9383731047300315f,-0.06250000000000001f,0f,0f,0f,1f],start_interpolation:0}
execute if entity @s[tag=aj.favor_incantations.bone.right_leg2] run data modify entity @s {} merge value {transformation:[0.9872924878483579f,0.11529003082071695f,0.10936979579188293f,0.0875839745651959f,-0.02154005313753185f,0.7789697517295757f,-0.6266914328449014f,0.2419612131674695f,-0.15744703728248538f,0.6163719126336966f,0.7715543375338164f,-0.09712716809365657f,0f,0f,0f,1f],start_interpolation:0}
execute if entity @s[tag=aj.favor_incantations.bone.right_leg] run data modify entity @s {} merge value {transformation:[0.9872924878483579f,0.046143143238875445f,0.15206693845223773f,0.10416666666666677f,-0.02154005313753185f,0.9869420670637882f,-0.15962888952407492f,0.5966435185185184f,-0.15744703728248538f,0.1543248735359716f,0.9753944145109065f,-0.041666666666666775f,0f,0f,0f,1f],start_interpolation:0}
execute if entity @s[tag=aj.favor_incantations.bone.left_leg2] run data modify entity @s {} merge value {transformation:[0.9744216269051245f,0.22458730001537536f,-0.007939627911567687f,-0.1515384597698305f,-0.1762339458194056f,0.7417534484128863f,-0.647103869644213f,0.27811081824813655f,-0.13944206453037467f,0.6319512373905091f,0.7623605080276072f,0.08691042493409559f,0f,0f,0f,1f],start_interpolation:0}
execute if entity @s[tag=aj.favor_incantations.bone.left_leg] run data modify entity @s {} merge value {transformation:[0.9744216269051245f,0.13181716341749905f,0.18200749558228285f,-0.10416666666666677f,-0.1762339458194056f,0.9507640999472144f,0.254929838568352f,0.6197916666666667f,-0.13944206453037467f,-0.28048504715960804f,0.9496757599093384f,-0.013888888888888541f,0f,0f,0f,1f],start_interpolation:0}
execute if entity @s[tag=aj.favor_incantations.locator_origin.lightning_spear_locator0] at @s on origin run tp @s ^-0.29037 ^1.59413 ^4.5479 ~-0.68486 ~0.58265
execute if entity @s[tag=aj.favor_incantations.locator_origin.lightning_spear_locator1] at @s on origin run tp @s ^-0.30286 ^1.60475 ^3.50286 ~-0.68486 ~0.58265
execute if entity @s[tag=aj.favor_incantations.locator_origin.lightning_spear_locator2] at @s on origin run tp @s ^-0.31762 ^1.61732 ^2.2678 ~-0.68486 ~0.58265
execute if entity @s[tag=aj.favor_incantations.bone.main_lightning_spear] run data modify entity @s {} merge value {transformation:[-2.850250074496579f,0.009267759051241801f,-0.034069285301819685f,-1.4375000000000004f,0.008921466040763026f,2.850307400758218f,0.028986606444667523f,2.9375f,0.03416160128700312f,0.028877751845714277f,-2.8501177440892524f,3.625f,0f,0f,0f,1f],start_interpolation:0}
execute if entity @s[tag=aj.favor_incantations.locator_origin.lightning_spear0_locator0] at @s on origin run tp @s ^0.61607 ^2.65965 ^4.86489 ~15 ~15
execute if entity @s[tag=aj.favor_incantations.locator_origin.lightning_spear0_locator1] at @s on origin run tp @s ^0.9704 ^3.02648 ^3.54251 ~15 ~15
execute if entity @s[tag=aj.favor_incantations.bone.lightning_spear0] run data modify entity @s {} merge value {transformation:[-2.738054341659998f,-0.18988503819670277f,0.7086606101472521f,0.816855021686833f,1.966928315075977e-17f,2.738054341659998f,0.7336594496803258f,2.867521515982649f,-0.733659449680326f,0.7086606101472518f,-2.644757402392304f,4.1155433326651245f,0f,0f,0f,1f],start_interpolation:0}
execute if entity @s[tag=aj.favor_incantations.locator_origin.lightning_spear1_locator0] at @s on origin run tp @s ^-1.58078 ^3.02058 ^3.54251 ~-15 ~15
execute if entity @s[tag=aj.favor_incantations.locator_origin.lightning_spear1_locator1] at @s on origin run tp @s ^-1.22645 ^2.65375 ^4.86489 ~-15 ~15
execute if entity @s[tag=aj.favor_incantations.bone.lightning_spear1] run data modify entity @s {} merge value {transformation:[-2.738054341659998f,0.18988503819670263f,-0.7086606101472515f,-1.42723691044613f,-1.966928315075977e-17f,2.738054341659998f,0.7336594496803258f,2.861616010898089f,0.7336594496803255f,0.7086606101472518f,-2.644757402392304f,4.1155433326651245f,0f,0f,0f,1f],start_interpolation:0}
execute if entity @s[tag=aj.favor_incantations.locator_origin.lightning_spear2_locator0] at @s on origin run tp @s ^1.94227 ^1.71595 ^3.53841 ~20 ~0
execute if entity @s[tag=aj.favor_incantations.locator_origin.lightning_spear2_locator1] at @s on origin run tp @s ^1.45752 ^1.71595 ^4.87026 ~20 ~0
execute if entity @s[tag=aj.favor_incantations.bone.lightning_spear2] run data modify entity @s {} merge value {transformation:[-2.663692583988048f,0f,0.9695048138072759f,1.7322083097936996f,0f,2.834642440589007f,0f,1.7159480244933658f,-0.9695048138072759f,0f,-2.663692583988048f,4.1155433326651245f,0f,0f,0f,1f],start_interpolation:0}
execute if entity @s[tag=aj.favor_incantations.locator_origin.lightning_spear3_locator0] at @s on origin run tp @s ^-2.12105 ^1.71595 ^4.87026 ~-20 ~0
execute if entity @s[tag=aj.favor_incantations.locator_origin.lightning_spear3_locator1] at @s on origin run tp @s ^-2.6058 ^1.71595 ^3.53841 ~-20 ~0
execute if entity @s[tag=aj.favor_incantations.bone.lightning_spear3] run data modify entity @s {} merge value {transformation:[-2.663692583988048f,0f,-0.969504813807275f,-2.3957397443140405f,0f,2.834642440589007f,0f,1.7159480244933658f,0.969504813807275f,0f,-2.663692583988048f,4.1155433326651245f,0f,0f,0f,1f],start_interpolation:0}
execute if entity @s[tag=aj.favor_incantations.locator_origin.lightning_spear4_locator0] at @s on origin run tp @s ^-1.46267 ^0.97303 ^4.86489 ~-15 ~-15
execute if entity @s[tag=aj.favor_incantations.locator_origin.lightning_spear4_locator1] at @s on origin run tp @s ^-1.817 ^0.6062 ^3.54251 ~-15 ~-15
execute if entity @s[tag=aj.favor_incantations.bone.lightning_spear4] run data modify entity @s {} merge value {transformation:[-2.738054341659998f,-0.18988503819670263f,-0.7086606101472515f,-1.6634571138285468f,1.966928315075977e-17f,2.738054341659998f,-0.7336594496803258f,0.7651617058791362f,0.7336594496803255f,-0.7086606101472518f,-2.644757402392304f,4.1155433326651245f,0f,0f,0f,1f],start_interpolation:0}
execute if entity @s[tag=aj.favor_incantations.locator_origin.lightning_spear5_locator1] at @s on origin run tp @s ^0.7578 ^0.96713 ^4.86489 ~15 ~-15
execute if entity @s[tag=aj.favor_incantations.locator_origin.lightning_spear5_locator0] at @s on origin run tp @s ^1.11213 ^0.6003 ^3.54251 ~15 ~-15
execute if entity @s[tag=aj.favor_incantations.bone.lightning_spear5] run data modify entity @s {} merge value {transformation:[-2.738054341659998f,0.18988503819670277f,0.7086606101472521f,0.9585871437162831f,-1.966928315075977e-17f,2.738054341659998f,-0.7336594496803258f,0.7592562007945758f,-0.733659449680326f,-0.7086606101472518f,-2.644757402392304f,4.1155433326651245f,0f,0f,0f,1f],start_interpolation:0}
execute if entity @s[tag=aj.favor_incantations.locator_origin.blackhole0] at @s on origin run tp @s ^0 ^1.1875 ^-0.625 ~0 ~0
execute if entity @s[tag=aj.favor_incantations.locator_origin.blackhole1] at @s on origin run tp @s ^0 ^1.1875 ^-0.625 ~0 ~0
execute if entity @s[tag=aj.favor_incantations.locator_origin.blackhole2] at @s on origin run tp @s ^0 ^1.1875 ^-0.625 ~0 ~0
execute if entity @s[tag=aj.favor_incantations.locator_origin.blackhole3] at @s on origin run tp @s ^0 ^1.1875 ^-0.625 ~0 ~0