execute if entity @s[tag=aj.favor_incantations.bone.slash_left] run data modify entity @s {} merge value {transformation:[0.000010350568907719754f,0.0000021806991859826743f,0.000004921522676764865f,-0.08568024484216763f,0.000005344707640779945f,-0.0000028930267671985054f,-0.00000995869506863086f,0.6525416018629359f,-6.410418334592421e-7f,0.000011089907948023672f,-0.000003565686214914003f,-0.49059785930929545f,0f,0f,0f,1f],start_interpolation:0}
execute if entity @s[tag=aj.favor_incantations.locator_origin.twinaxe_left0] at @s on origin run tp @s ^-0.08567 ^0.65255 ^-0.4906 ~54.07634 ~-58.60568
execute if entity @s[tag=aj.favor_incantations.locator_origin.twinaxe_left1] at @s on origin run tp @s ^-0.08567 ^0.65254 ^-0.4906 ~54.07634 ~-58.60568
execute if entity @s[tag=aj.favor_incantations.bone.twinaxe_left] run data modify entity @s {} merge value {transformation:[0.00000887191620661693f,0.000001869170730842292f,0.000004218448008655598f,-0.08568024484216763f,0.000004581177977811381f,-0.00000247973722902729f,-0.000008536024344540736f,0.6525416018629359f,-5.494644286793503e-7f,0.00000950563538402029f,-0.000003056302469926288f,-0.49059785930929545f,0f,0f,0f,1f],start_interpolation:0}
execute if entity @s[tag=aj.favor_incantations.bone.right_arm2] run data modify entity @s {} merge value {transformation:[0.887191620661693f,0.1869170730842292f,0.42184480086555975f,0.5035796795392755f,0.45811779778113804f,-0.247973722902729f,-0.8536024344540736f,1.0500562558905042f,-0.05494644286793503f,0.9505635384020289f,-0.30563024699262875f,-0.17401676171924882f,0f,0f,0f,1f],start_interpolation:0}
execute if entity @s[tag=aj.favor_incantations.bone.right_arm] run data modify entity @s {} merge value {transformation:[0.887191620661693f,0.1869170730842292f,0.42184480086555975f,0.5503089478103328f,0.45811779778113804f,-0.247973722902729f,-0.8536024344540736f,0.9880628251648219f,-0.05494644286793503f,0.9505635384020289f,-0.30563024699262875f,0.0636241228812584f,0f,0f,0f,1f],start_interpolation:0}
execute if entity @s[tag=aj.favor_incantations.locator_origin.messermers_orb] at @s on origin run tp @s ^-0.01113 ^0.8879 ^1.07643 ~-37.41574 ~-73.71352
execute if entity @s[tag=aj.favor_incantations.bone.messermers_orb] run data modify entity @s {} merge value {transformation:[-0.00000983400324812334f,6.236787260878819e-7f,-0.0000017039380747330485f,-0.011132095461721295f,0.000001799578431377873f,0.0000021508580443400425f,-0.000009598714869315438f,0.8878961611139987f,-2.3215853466786085e-7f,-0.000009746016341035099f,-0.000002227390377786916f,1.0764267436614166f,0f,0f,0f,1f],start_interpolation:0}
execute if entity @s[tag=aj.favor_incantations.bone.slash_right] run data modify entity @s {} merge value {transformation:[-0.000011473003789477231f,7.276251804358622e-7f,-0.0000019879277538552236f,-0.04697892640101521f,0.000002099508169940852f,0.000002509334385063383f,-0.000011198500680868012f,0.6944773945372089f,-2.7085162377917103e-7f,-0.000011370352397874283f,-0.0000025986221074180686f,1.0955757762093814f,0f,0f,0f,1f],start_interpolation:0}
execute if entity @s[tag=aj.favor_incantations.locator_origin.twinaxe_right0] at @s on origin run tp @s ^-0.04698 ^0.69447 ^1.09558 ~-37.41574 ~-73.71352
execute if entity @s[tag=aj.favor_incantations.locator_origin.twinaxe_right1] at @s on origin run tp @s ^-0.04698 ^0.69448 ^1.09558 ~-37.41574 ~-73.71352
execute if entity @s[tag=aj.favor_incantations.bone.twinaxe_right] run data modify entity @s {} merge value {transformation:[-0.00000983400324812334f,6.236787260878819e-7f,-0.0000017039380747330485f,-0.04697892640101521f,0.000001799578431377873f,0.0000021508580443400425f,-0.000009598714869315438f,0.6944773945372089f,-2.3215853466786085e-7f,-0.000009746016341035099f,-0.000002227390377786916f,1.0955757762093814f,0f,0f,0f,1f],start_interpolation:0}
execute if entity @s[tag=aj.favor_incantations.bone.left_arm2] run data modify entity @s {} merge value {transformation:[-0.9834003248123341f,0.062367872608788184f,-0.17039380747330485f,0.06592239299124664f,0.1799578431377873f,0.21508580443400424f,-0.9598714869315438f,0.930420247026388f,-0.023215853466786084f,-0.9746016341035099f,-0.22273903777869158f,0.8342273259772133f,0f,0f,0f,1f],start_interpolation:0}
execute if entity @s[tag=aj.favor_incantations.bone.left_arm] run data modify entity @s {} merge value {transformation:[0.9520818119588172f,0.14015841608586926f,0.27183789606586484f,0.10177751070091154f,-0.3021182389582015f,0.2926935906227595f,0.9072238046354119f,1.0063153160959841f,0.047589841626241025f,-0.9458784702109765f,0.3210126579518827f,0.5987207463983248f,0f,0f,0f,1f],start_interpolation:0}
execute if entity @s[tag=aj.favor_incantations.bone.head] run data modify entity @s {} merge value {transformation:[0.7129438246799857f,0.5362263182690339f,0.4518544438713764f,0.38569324602083965f,0.11533024346895217f,0.545939195157503f,-0.8298489803164009f,1.1005262123238981f,-0.6916719148498558f,0.6437481889577746f,0.32738086599787575f,0.3439346110422625f,0f,0f,0f,1f],start_interpolation:0}
execute if entity @s[tag=aj.favor_incantations.bone.body_top] run data modify entity @s {} merge value {transformation:[0.7402065081860306f,0.4639918749122883f,0.48662702889833753f,0.20299644527412614f,-0.020090889833563455f,0.738678150164088f,-0.6737588193232477f,0.8096716906967885f,-0.6720793713429535f,0.48894389298317287f,0.5560963838488072f,0.15141295318013814f,0f,0f,0f,1f],start_interpolation:0}
execute if entity @s[tag=aj.favor_incantations.locator_origin.player_camera] at @s on origin run tp @s ^-0.2034 ^-0.22856 ^-0.19529 ~150.38471 ~-41.53632
execute if entity @s[tag=aj.favor_incantations.bone.body] run data modify entity @s {} merge value {transformation:[0.8049102878828145f,0.4639918749122883f,0.36990670239370377f,0f,-0.12107870884543029f,0.738678150164088f,-0.6630946664952784f,0.48649999999999993f,-0.5809125362089617f,0.48894389298317287f,0.6507491796304712f,-0.06250000000000001f,0f,0f,0f,1f],start_interpolation:0}
execute if entity @s[tag=aj.favor_incantations.bone.right_leg2] run data modify entity @s {} merge value {transformation:[0.9769485966179476f,0.19594444308885234f,0.08471844420680881f,0.07098933814224143f,-0.019094270523812587f,0.4754715726652649f,-0.8795238441454463f,0.298775520326692f,-0.2126190217252119f,0.857631948337875f,0.4682527018510353f,-0.3038491684378438f,0f,0f,0f,1f],start_interpolation:0}
execute if entity @s[tag=aj.favor_incantations.bone.right_leg] run data modify entity @s {} merge value {transformation:[0.9769485966179476f,0.15863836343028476f,0.1428471533296466f,0.128f,-0.019094270523812587f,0.7314072477865959f,-0.6816735631652445f,0.5616249999999999f,-0.2126190217252119f,0.6632324686966088f,0.7175763681081031f,-0.06550000000000002f,0f,0f,0f,1f],start_interpolation:0}
execute if entity @s[tag=aj.favor_incantations.bone.left_leg2] run data modify entity @s {} merge value {transformation:[0.833225380294315f,0.30643842204672944f,0.4602509740640476f,-0.009624023755950992f,-0.0911276633355275f,0.8971025930845372f,-0.43232243344060434f,0.37932393239313916f,-0.5453725466214823f,0.3182804281989542f,0.7754136666432243f,0.307014840115965f,0f,0f,0f,1f],start_interpolation:0}
execute if entity @s[tag=aj.favor_incantations.bone.left_leg] run data modify entity @s {} merge value {transformation:[0.833225380294315f,-0.32939402085300595f,0.444111522772922f,-0.128f,-0.0911276633355275f,0.7104029707321344f,0.6978705955619314f,0.634625f,-0.5453725466214823f,-0.6219543377139897f,0.5619088780134655f,0.08349999999999998f,0f,0f,0f,1f],start_interpolation:0}
execute if entity @s[tag=aj.favor_incantations.locator_origin.lightning_spear_locator0] at @s on origin run tp @s ^-0.70358 ^1.44414 ^27.80613 ~-2.06029 ~1.77544
execute if entity @s[tag=aj.favor_incantations.locator_origin.lightning_spear_locator1] at @s on origin run tp @s ^-0.74154 ^1.47687 ^26.7508 ~-2.06029 ~1.77544
execute if entity @s[tag=aj.favor_incantations.locator_origin.lightning_spear_locator2] at @s on origin run tp @s ^-0.78641 ^1.51556 ^25.5036 ~-2.06029 ~1.77544
execute if entity @s[tag=aj.favor_incantations.bone.main_lightning_spear] run data modify entity @s {} merge value {transformation:[-2.8793841882863767f,0.03046599378647695f,-0.10353983295363857f,-1.8756250000000034f,0.02726123330664051f,2.8798939581868574f,0.08927257303617153f,2.82875f,0.10442939693432086f,0.08823032562843693f,-2.878161199139912f,26.929687500000007f,0f,0f,0f,1f],start_interpolation:0}
execute if entity @s[tag=aj.favor_incantations.locator_origin.lightning_spear0_locator0] at @s on origin run tp @s ^-0.14773 ^2.0855 ^24.1786 ~15 ~15
execute if entity @s[tag=aj.favor_incantations.locator_origin.lightning_spear0_locator1] at @s on origin run tp @s ^0.21221 ^2.45813 ^22.83531 ~15 ~15
execute if entity @s[tag=aj.favor_incantations.bone.lightning_spear0] run data modify entity @s {} merge value {transformation:[-2.781358349763787f,-0.19288818649355985f,0.7198685121737866f,0.056235926843884336f,1.9980364922949807e-17f,2.781358349763787f,0.7452627236807667f,2.296661202772243f,-0.7452627236807671f,0.7198685121737862f,-2.6865858622015852f,23.41740078256197f,0f,0f,0f,1f],start_interpolation:0}
execute if entity @s[tag=aj.favor_incantations.locator_origin.lightning_spear1_locator0] at @s on origin run tp @s ^-1.63546 ^2.48657 ^22.83531 ~-15 ~15
execute if entity @s[tag=aj.favor_incantations.locator_origin.lightning_spear1_locator1] at @s on origin run tp @s ^-1.27552 ^2.11394 ^24.1786 ~-15 ~15
execute if entity @s[tag=aj.favor_incantations.bone.lightning_spear1] run data modify entity @s {} merge value {transformation:[-2.781358349763787f,0.1928881864935597f,-0.719868512173786f,-1.4794835657935264f,-1.9980364922949807e-17f,2.781358349763787f,0.7452627236807667f,2.3251004526358985f,0.7452627236807664f,0.7198685121737862f,-2.6865858622015852f,23.41740078256197f,0f,0f,0f,1f],start_interpolation:0}
execute if entity @s[tag=aj.favor_incantations.locator_origin.lightning_spear2_locator0] at @s on origin run tp @s ^0.82063 ^1.45059 ^22.83114 ~20 ~0
execute if entity @s[tag=aj.favor_incantations.locator_origin.lightning_spear2_locator1] at @s on origin run tp @s ^0.32821 ^1.45059 ^24.18405 ~20 ~0
execute if entity @s[tag=aj.favor_incantations.bone.lightning_spear2] run data modify entity @s {} merge value {transformation:[-2.7058205153033517f,0f,0.9848381268372572f,0.6072463929522145f,0f,2.879474048695145f,0f,1.4505935193284842f,-0.9848381268372572f,0f,-2.7058205153033517f,23.41740078256197f,0f,0f,0f,1f],start_interpolation:0}
execute if entity @s[tag=aj.favor_incantations.locator_origin.lightning_spear3_locator0] at @s on origin run tp @s ^-1.82611 ^1.45059 ^24.18405 ~-20 ~0
execute if entity @s[tag=aj.favor_incantations.locator_origin.lightning_spear3_locator1] at @s on origin run tp @s ^-2.31853 ^1.45059 ^22.83114 ~-20 ~0
execute if entity @s[tag=aj.favor_incantations.bone.lightning_spear3] run data modify entity @s {} merge value {transformation:[-2.7058205153033517f,0f,-0.9848381268372565f,-2.1051470627939532f,0f,2.879474048695145f,0f,1.4505935193284842f,0.9848381268372565f,0f,-2.7058205153033517f,23.417400782561966f,0f,0f,0f,1f],start_interpolation:0}
execute if entity @s[tag=aj.favor_incantations.locator_origin.lightning_spear4_locator0] at @s on origin run tp @s ^-1.23997 ^0.73037 ^24.1786 ~-15 ~-15
execute if entity @s[tag=aj.favor_incantations.locator_origin.lightning_spear4_locator1] at @s on origin run tp @s ^-1.59991 ^0.35773 ^22.83531 ~-15 ~-15
execute if entity @s[tag=aj.favor_incantations.bone.lightning_spear4] run data modify entity @s {} merge value {transformation:[-2.781358349763787f,-0.1928881864935597f,-0.719868512173786f,-1.4439345034639568f,1.9980364922949807e-17f,2.781358349763787f,-0.7452627236807667f,0.5192080862937584f,0.7452627236807664f,-0.7198685121737862f,-2.6865858622015852f,23.41740078256197f,0f,0f,0f,1f],start_interpolation:0}
execute if entity @s[tag=aj.favor_incantations.locator_origin.lightning_spear5_locator1] at @s on origin run tp @s ^-0.16906 ^0.75881 ^24.1786 ~15 ~-15
execute if entity @s[tag=aj.favor_incantations.locator_origin.lightning_spear5_locator0] at @s on origin run tp @s ^0.19088 ^0.38617 ^22.83531 ~15 ~-15
execute if entity @s[tag=aj.favor_incantations.bone.lightning_spear5] run data modify entity @s {} merge value {transformation:[-2.781358349763787f,0.19288818649355985f,0.7198685121737866f,0.03490648944614242f,-1.9980364922949807e-17f,2.781358349763787f,-0.7452627236807667f,0.5476473361574141f,-0.7452627236807671f,-0.7198685121737862f,-2.6865858622015852f,23.41740078256197f,0f,0f,0f,1f],start_interpolation:0}
execute if entity @s[tag=aj.favor_incantations.locator_origin.blackhole0] at @s on origin run tp @s ^0 ^1.1875 ^-0.625 ~0 ~0
execute if entity @s[tag=aj.favor_incantations.locator_origin.blackhole1] at @s on origin run tp @s ^0 ^1.1875 ^-0.625 ~0 ~0
execute if entity @s[tag=aj.favor_incantations.locator_origin.blackhole2] at @s on origin run tp @s ^0 ^1.1875 ^-0.625 ~0 ~0
execute if entity @s[tag=aj.favor_incantations.locator_origin.blackhole3] at @s on origin run tp @s ^0 ^1.1875 ^-0.625 ~0 ~0