execute if entity @s[tag=aj.favor_incantations.bone.slash_left] run data modify entity @s {} merge value {transformation:[0.0000044197566996560145f,-0.000008449744993650896f,-0.000006721508117173453f,0.26256339236224097f,0.000008800425492852232f,0.000007027023857341917f,-0.0000030470572630351422f,0.31410219051765054f,0.00000625534755003377f,-0.000003915846825621545f,0.000009035921744773323f,0.088483196236808f,0f,0f,0f,1f],start_interpolation:0}
execute if entity @s[tag=aj.favor_incantations.locator_origin.twinaxe_left0] at @s on origin run tp @s ^0.26257 ^0.31411 ^0.08849 ~-143.35572 ~-15.13987
execute if entity @s[tag=aj.favor_incantations.locator_origin.twinaxe_left1] at @s on origin run tp @s ^0.26256 ^0.31411 ^0.08849 ~-143.35572 ~-15.13987
execute if entity @s[tag=aj.favor_incantations.bone.twinaxe_left] run data modify entity @s {} merge value {transformation:[0.000003788362885419441f,-0.000007242638565986482f,-0.000005761292671862959f,0.26256339236224097f,0.0000075432218510161985f,0.0000060231633062930716f,-0.000002611763368315836f,0.31410219051765054f,0.000005361726471457517f,-0.0000033564401362470385f,0.000007745075781234276f,0.088483196236808f,0f,0f,0f,1f],start_interpolation:0}
execute if entity @s[tag=aj.favor_incantations.bone.right_arm2] run data modify entity @s {} merge value {transformation:[0.37883628854194407f,-0.7242638565986481f,-0.5761292671862959f,0.4047051231451805f,0.7543221851016197f,0.6023163306293071f,-0.2611763368315836f,1.0698931092525945f,0.5361726471457516f,-0.3356440136247038f,0.7745075781234275f,0.2069929659936497f,0f,0f,0f,1f],start_interpolation:0}
execute if entity @s[tag=aj.favor_incantations.bone.right_arm] run data modify entity @s {} merge value {transformation:[0.37883628854194407f,-0.7242638565986481f,-0.5761292671862959f,0.22363915899551845f,0.7543221851016197f,0.6023163306293071f,-0.2611763368315836f,1.2204721919099213f,0.5361726471457516f,-0.3356440136247038f,0.7745075781234275f,0.12308196258747375f,0f,0f,0f,1f],start_interpolation:0}
execute if entity @s[tag=aj.favor_incantations.locator_origin.messermers_orb] at @s on origin run tp @s ^-0.40446 ^1.42255 ^-0.78441 ~-52.79915 ~-32.80002
execute if entity @s[tag=aj.favor_incantations.bone.messermers_orb] run data modify entity @s {} merge value {transformation:[0.000006982647822846249f,0.0000025329349521761177f,-0.000006695287141724776f,-0.4044566594847745f,-0.000002256996371668923f,-0.000008096983972230201f,-0.000005417085741588421f,1.4225528697272873f,-0.000006793275848982865f,0.000005293684074582826f,-0.000005082156250857929f,-0.7844065888694798f,0f,0f,0f,1f],start_interpolation:0}
execute if entity @s[tag=aj.favor_incantations.bone.slash_right] run data modify entity @s {} merge value {transformation:[0.000008146422459987292f,0.000002955090777538804f,-0.00000781116833201224f,-0.5458241368432148f,-0.0000026331624336137436f,-0.000009446481300935236f,-0.000006319933365186491f,1.3715886618989432f,-0.00000792548849048001f,0.0000061759647536799635f,-0.000005929182292667584f,-0.9127825440392086f,0f,0f,0f,1f],start_interpolation:0}
execute if entity @s[tag=aj.favor_incantations.locator_origin.twinaxe_right0] at @s on origin run tp @s ^-0.54583 ^1.37159 ^-0.91279 ~-52.79915 ~-32.80002
execute if entity @s[tag=aj.favor_incantations.locator_origin.twinaxe_right1] at @s on origin run tp @s ^-0.54582 ^1.37159 ^-0.91278 ~-52.79915 ~-32.80002
execute if entity @s[tag=aj.favor_incantations.bone.twinaxe_right] run data modify entity @s {} merge value {transformation:[0.000006982647822846249f,0.0000025329349521761177f,-0.000006695287141724776f,-0.5458241368432148f,-0.000002256996371668923f,-0.000008096983972230201f,-0.000005417085741588421f,1.3715886618989432f,-0.000006793275848982865f,0.000005293684074582826f,-0.000005082156250857929f,-0.9127825440392086f,0f,0f,0f,1f],start_interpolation:0}
execute if entity @s[tag=aj.favor_incantations.bone.left_arm2] run data modify entity @s {} merge value {transformation:[0.6982647822846249f,0.25329349521761174f,-0.6695287141724776f,-0.38477483457316064f,-0.2256996371668923f,-0.8096983972230201f,-0.5417085741588421f,1.234234497744463f,-0.6793275848982865f,0.5293684074582825f,-0.5082156250857929f,-0.6096065129487662f,0f,0f,0f,1f],start_interpolation:0}
execute if entity @s[tag=aj.favor_incantations.bone.left_arm] run data modify entity @s {} merge value {transformation:[-0.8246155269501112f,0.5609393838567566f,0.0731863399220985f,-0.2432435943304463f,0.3294536882257726f,0.37104098964770216f,0.8682101423708947f,1.2633748625816712f,0.45985813032632794f,0.7400510736696868f,-0.4907697100811314f,-0.39367914093443934f,0f,0f,0f,1f],start_interpolation:0}
execute if entity @s[tag=aj.favor_incantations.bone.head] run data modify entity @s {} merge value {transformation:[0.9913073098014085f,0.04931742753644648f,-0.12197380405432223f,0.0422818297518742f,-0.04225142204379068f,0.9973124864382653f,0.05985500588591078f,1.3500894267030155f,0.12459789271722188f,-0.05418113818952387f,0.9907268894074267f,-0.13888979939118742f,0f,0f,0f,1f],start_interpolation:0}
execute if entity @s[tag=aj.favor_incantations.bone.body_top] run data modify entity @s {} merge value {transformation:[0.6037415187656612f,0.050865359099999036f,-0.7955557138014668f,0.02225359460624958f,0.042680350957902284f,0.994468483251748f,0.09597303507276522f,0.9585174614226397f,0.7960367869392992f,-0.09189750302699239f,0.5982309610650061f,-0.10270515757430917f,0f,0f,0f,1f],start_interpolation:0}
execute if entity @s[tag=aj.favor_incantations.locator_origin.player_camera] at @s on origin run tp @s ^-0.26215 ^-0.12902 ^0.21298 ~-133.06081 ~5.73695
execute if entity @s[tag=aj.favor_incantations.bone.body] run data modify entity @s {} merge value {transformation:[0.6847827936400835f,0.050865359099999036f,-0.7269699036260794f,0f,0.032251111281107914f,0.994468483251748f,0.0999615007895616f,0.5234375f,0.7280332350625324f,-0.09189750302699239f,0.679354441791461f,-0.06250000000000001f,0f,0f,0f,1f],start_interpolation:0}
execute if entity @s[tag=aj.favor_incantations.bone.right_leg2] run data modify entity @s {} merge value {transformation:[0.9995367983438902f,-0.008657859488999296f,0.029175850039270822f,0.10031652147099265f,0.006774492367825605f,0.9979240945504282f,0.06404379570939223f,0.4591622215374177f,-0.029669765917572505f,-0.0638164789437402f,0.9975205070601905f,0.2849291929249876f,0f,0f,0f,1f],start_interpolation:0}
execute if entity @s[tag=aj.favor_incantations.bone.right_leg] run data modify entity @s {} merge value {transformation:[0.9995367983438902f,-0.02914162496276218f,0.008772368606880958f,0.08984375f,0.006774492367825605f,0.4940703400697941f,0.8693955401981749f,0.63671875f,-0.029669765917572505f,-0.8689334063999655f,0.49403890558593533f,-0.027343750000000007f,0f,0f,0f,1f],start_interpolation:0}
execute if entity @s[tag=aj.favor_incantations.bone.left_leg2] run data modify entity @s {} merge value {transformation:[0.8284407578006534f,-0.4735506888484302f,-0.29905794740460645f,-0.010566886931249325f,-0.1585518484971871f,0.31382495952709377f,-0.9361491366849317f,0.31403900867160006f,0.537165916782519f,0.8229602905784672f,0.18490305021335018f,-0.3817589915844894f,0f,0f,0f,1f],start_interpolation:0}
execute if entity @s[tag=aj.favor_incantations.bone.left_leg] run data modify entity @s {} merge value {transformation:[0.8284407578006534f,-0.2205964885391323f,-0.5148039433210313f,-0.08984375f,-0.1585518484971871f,0.7891958019572868f,-0.5933222543535005f,0.59765625f,0.537165916782519f,0.5731554548437966f,0.6188259871967211f,-0.17578125f,0f,0f,0f,1f],start_interpolation:0}
execute if entity @s[tag=aj.favor_incantations.locator_origin.lightning_spear_locator0] at @s on origin run tp @s ^-0.72334 ^1.69541 ^0.04343 ~23.68155 ~-18.83168
execute if entity @s[tag=aj.favor_incantations.locator_origin.lightning_spear_locator1] at @s on origin run tp @s ^-0.38032 ^1.40414 ^-0.73869 ~23.68155 ~-18.83168
execute if entity @s[tag=aj.favor_incantations.locator_origin.lightning_spear_locator2] at @s on origin run tp @s ^0.02508 ^1.05992 ^-1.66302 ~23.68155 ~-18.83168
execute if entity @s[tag=aj.favor_incantations.bone.main_lightning_spear] run data modify entity @s {} merge value {transformation:[-2.2737198658537743f,0.10578772447015258f,0.935532098797028f,-1.2716210937499997f,-0.21895509865602533f,2.3188915919160897f,-0.7943637885878504f,2.4251904296875f,-0.9156800834902303f,-0.8171683554803991f,-2.1330680351097655f,-1.4152099609375004f,0f,0f,0f,1f],start_interpolation:0}
execute if entity @s[tag=aj.favor_incantations.locator_origin.lightning_spear0_locator0] at @s on origin run tp @s ^1.1151 ^2.65097 ^0.56554 ~3.87 ~3.87
execute if entity @s[tag=aj.favor_incantations.locator_origin.lightning_spear0_locator1] at @s on origin run tp @s ^1.19102 ^2.72706 ^-0.55667 ~3.87 ~3.87
execute if entity @s[tag=aj.favor_incantations.bone.lightning_spear0] run data modify entity @s {} merge value {transformation:[-2.2495462596427123f,-0.010270757425910357f,0.15182838972218077f,1.158120234375f,9.778148343103642e-19f,2.2495462596427123f,0.15217538691829313f,2.694088515625f,-0.1521753869182934f,0.1518283897221805f,-2.2444167425740895f,-0.07037635416666647f,0f,0f,0f,1f],start_interpolation:0}
execute if entity @s[tag=aj.favor_incantations.locator_origin.lightning_spear1_locator0] at @s on origin run tp @s ^-1.08035 ^2.72706 ^-0.55667 ~-3.87 ~3.87
execute if entity @s[tag=aj.favor_incantations.locator_origin.lightning_spear1_locator1] at @s on origin run tp @s ^-1.00443 ^2.65097 ^0.56554 ~-3.87 ~3.87
execute if entity @s[tag=aj.favor_incantations.bone.lightning_spear1] run data modify entity @s {} merge value {transformation:[-2.2495462596427123f,0.010270757425910321f,-0.1518283897221802f,-1.04745265625f,-9.778148343103642e-19f,2.2495462596427123f,0.15217538691829313f,2.694088515625f,0.15217538691829285f,0.1518283897221805f,-2.2444167425740895f,-0.07037635416666674f,0f,0f,0f,1f],start_interpolation:0}
execute if entity @s[tag=aj.favor_incantations.locator_origin.lightning_spear2_locator0] at @s on origin run tp @s ^2.11577 ^1.63243 ^-0.55691 ~5.16 ~0
execute if entity @s[tag=aj.favor_incantations.locator_origin.lightning_spear2_locator1] at @s on origin run tp @s ^2.01438 ^1.63243 ^0.56586 ~5.16 ~0
execute if entity @s[tag=aj.favor_incantations.bone.lightning_spear2] run data modify entity @s {} merge value {transformation:[-2.2455502197190285f,0f,0.20278050541428633f,2.0718323437499997f,0f,2.2546874999999997f,0f,1.632431328125f,-0.20278050541428633f,0f,-2.2455502197190285f,-0.07037635416666636f,0f,0f,0f,1f],start_interpolation:0}
execute if entity @s[tag=aj.favor_incantations.locator_origin.lightning_spear3_locator0] at @s on origin run tp @s ^-1.90134 ^1.63243 ^0.56586 ~-5.16 ~0
execute if entity @s[tag=aj.favor_incantations.locator_origin.lightning_spear3_locator1] at @s on origin run tp @s ^-2.00273 ^1.63243 ^-0.55691 ~-5.16 ~0
execute if entity @s[tag=aj.favor_incantations.bone.lightning_spear3] run data modify entity @s {} merge value {transformation:[-2.2455502197190285f,0f,-0.20278050541428577f,-1.9587973437499997f,0f,2.2546874999999997f,0f,1.632431328125f,0.20278050541428577f,0f,-2.2455502197190285f,-0.07037635416666685f,0f,0f,0f,1f],start_interpolation:0}
execute if entity @s[tag=aj.favor_incantations.locator_origin.lightning_spear4_locator0] at @s on origin run tp @s ^-1.39205 ^0.92399 ^0.56554 ~-3.87 ~-3.87
execute if entity @s[tag=aj.favor_incantations.locator_origin.lightning_spear4_locator1] at @s on origin run tp @s ^-1.46797 ^0.8479 ^-0.55667 ~-3.87 ~-3.87
execute if entity @s[tag=aj.favor_incantations.bone.lightning_spear4] run data modify entity @s {} merge value {transformation:[-2.2495462596427123f,-0.010270757425910321f,-0.1518283897221802f,-1.435071015625f,9.778148343103642e-19f,2.2495462596427123f,-0.15217538691829313f,0.8808688281249999f,0.15217538691829285f,-0.1518283897221805f,-2.2444167425740895f,-0.0703763541666668f,0f,0f,0f,1f],start_interpolation:0}
execute if entity @s[tag=aj.favor_incantations.locator_origin.lightning_spear5_locator1] at @s on origin run tp @s ^1.34767 ^0.92399 ^0.56554 ~3.87 ~-3.87
execute if entity @s[tag=aj.favor_incantations.locator_origin.lightning_spear5_locator0] at @s on origin run tp @s ^1.42359 ^0.8479 ^-0.55667 ~3.87 ~-3.87
execute if entity @s[tag=aj.favor_incantations.bone.lightning_spear5] run data modify entity @s {} merge value {transformation:[-2.2495462596427123f,0.010270757425910357f,0.15182838972218077f,1.3906912499999997f,-9.778148343103642e-19f,2.2495462596427123f,-0.15217538691829313f,0.8808688281249999f,-0.1521753869182934f,-0.1518283897221805f,-2.2444167425740895f,-0.07037635416666645f,0f,0f,0f,1f],start_interpolation:0}
execute if entity @s[tag=aj.favor_incantations.locator_origin.blackhole0] at @s on origin run tp @s ^0 ^1.1875 ^-0.625 ~0 ~0
execute if entity @s[tag=aj.favor_incantations.locator_origin.blackhole1] at @s on origin run tp @s ^0 ^1.1875 ^-0.625 ~0 ~0
execute if entity @s[tag=aj.favor_incantations.locator_origin.blackhole2] at @s on origin run tp @s ^0 ^1.1875 ^-0.625 ~0 ~0
execute if entity @s[tag=aj.favor_incantations.locator_origin.blackhole3] at @s on origin run tp @s ^0 ^1.1875 ^-0.625 ~0 ~0