execute if entity @s[tag=aj.favor_incantations.bone.slash_left] run data modify entity @s {} merge value {transformation:[0.000004466849601774304f,-0.0000089835736728122f,-0.000005954306828791706f,0.298893214977125f,0.000008670296783894908f,0.000006823823961428773f,-0.0000037911068744791794f,0.29799421130133696f,0.000006401899673176824f,-0.0000029735402670381487f,0.000009288963880110222f,0.0301914420611136f,0f,0f,0f,1f],start_interpolation:0}
execute if entity @s[tag=aj.favor_incantations.locator_origin.twinaxe_left0] at @s on origin run tp @s ^0.2989 ^0.298 ^0.03019 ~-147.33977 ~-18.96267
execute if entity @s[tag=aj.favor_incantations.locator_origin.twinaxe_left1] at @s on origin run tp @s ^0.29889 ^0.298 ^0.0302 ~-147.33977 ~-18.96267
execute if entity @s[tag=aj.favor_incantations.bone.twinaxe_left] run data modify entity @s {} merge value {transformation:[0.00000382872823009226f,-0.000007700206005267599f,-0.000005103691567535748f,0.298893214977125f,0.000007431682957624207f,0.000005848991966938948f,-0.0000032495201781250107f,0.29799421130133696f,0.0000054873425770087055f,-0.000002548748800318413f,0.000007961969040094475f,0.0301914420611136f,0f,0f,0f,1f],start_interpolation:0}
execute if entity @s[tag=aj.favor_incantations.bone.right_arm2] run data modify entity @s {} merge value {transformation:[0.382872823009226f,-0.7700206005267598f,-0.5103691567535747f,0.4171810600226507f,0.7431682957624206f,0.5848991966938948f,-0.32495201781250105f,1.0526319169446872f,0.5487342577008705f,-0.2548748800318413f,0.7961969040094474f,0.1785109247187403f,0f,0f,0f,1f],start_interpolation:0}
execute if entity @s[tag=aj.favor_incantations.bone.right_arm] run data modify entity @s {} merge value {transformation:[0.382872823009226f,-0.7700206005267598f,-0.5103691567535747f,0.22467590989096076f,0.7431682957624206f,0.5848991966938948f,-0.32495201781250105f,1.198856716118161f,0.5487342577008705f,-0.2548748800318413f,0.7961969040094474f,0.11479220471078f,0f,0f,0f,1f],start_interpolation:0}
execute if entity @s[tag=aj.favor_incantations.locator_origin.messermers_orb] at @s on origin run tp @s ^-0.28732 ^1.32661 ^-0.84164 ~-41.65263 ~-37.67245
execute if entity @s[tag=aj.favor_incantations.bone.messermers_orb] run data modify entity @s {} merge value {transformation:[0.000008497812560181097f,3.376962841154513e-7f,-0.000005260526866362624f,-0.2873172092964327f,-0.0000035011737312239853f,-0.000007098716258206416f,-0.0000061114654534950135f,1.3266127118416209f,-0.000003940680676712524f,0.000007035210636872962f,-0.00000591412268210713f,-0.841639294714518f,0f,0f,0f,1f],start_interpolation:0}
execute if entity @s[tag=aj.favor_incantations.bone.slash_right] run data modify entity @s {} merge value {transformation:[0.000009914114653544614f,3.939789981346932e-7f,-0.0000061372813440897285f,-0.3880626898164534f,-0.000004084702686427983f,-0.000008281835634574151f,-0.000007130043029077516f,1.2563897112023796f,-0.000004597460789497945f,0.000008207745743018456f,-0.000006899809795791652f,-0.9964991614844827f,0f,0f,0f,1f],start_interpolation:0}
execute if entity @s[tag=aj.favor_incantations.locator_origin.twinaxe_right0] at @s on origin run tp @s ^-0.38807 ^1.25639 ^-0.9965 ~-41.65263 ~-37.67245
execute if entity @s[tag=aj.favor_incantations.locator_origin.twinaxe_right1] at @s on origin run tp @s ^-0.38806 ^1.25639 ^-0.9965 ~-41.65263 ~-37.67245
execute if entity @s[tag=aj.favor_incantations.bone.twinaxe_right] run data modify entity @s {} merge value {transformation:[0.000008497812560181097f,3.376962841154513e-7f,-0.000005260526866362624f,-0.3880626898164534f,-0.0000035011737312239853f,-0.000007098716258206416f,-0.0000061114654534950135f,1.2563897112023796f,-0.000003940680676712524f,0.000007035210636872962f,-0.00000591412268210713f,-0.9964991614844827f,0f,0f,0f,1f],start_interpolation:0}
execute if entity @s[tag=aj.favor_incantations.bone.left_arm2] run data modify entity @s {} merge value {transformation:[0.8497812560181097f,0.03376962841154513f,-0.5260526866362624f,-0.33198613069467825f,-0.3501173731223985f,-0.7098716258206416f,-0.6111465453495013f,1.1710271412066104f,-0.39406806767125235f,0.7035210636872962f,-0.5914122682107129f,-0.6411297745632407f,0f,0f,0f,1f],start_interpolation:0}
execute if entity @s[tag=aj.favor_incantations.bone.left_arm] run data modify entity @s {} merge value {transformation:[-0.8267021185561575f,0.5140309163235295f,0.2287702433411158f,-0.2177765418226156f,0.47857749079918627f,0.42863440690187254f,0.7663133370366423f,1.2302911593672885f,0.2958499492565709f,0.7429971482337414f,-0.6003565983991612f,-0.41785820010485775f,0f,0f,0f,1f],start_interpolation:0}
execute if entity @s[tag=aj.favor_incantations.bone.head] run data modify entity @s {} merge value {transformation:[0.9943869302186142f,0.057756438411182366f,-0.08865002443573455f,0.054249882424209486f,-0.05516268263423597f,0.997982373379773f,0.03143661667339133f,1.3241385460880153f,0.09028682880130179f,-0.026369987586847228f,0.995566628759559f,-0.15646366110838844f,0f,0f,0f,1f],start_interpolation:0}
execute if entity @s[tag=aj.favor_incantations.bone.body_top] run data modify entity @s {} merge value {transformation:[0.5753842754606854f,0.06526301645017682f,-0.8152752137998593f,0.028552569696952357f,0.05516278313464641f,0.9914448674743038f,0.1182968389928488f,0.933757129520008f,0.8160208348500804f,-0.1130389908070838f,0.5668616971077636f,-0.11195455847809918f,0f,0f,0f,1f],start_interpolation:0}
execute if entity @s[tag=aj.favor_incantations.locator_origin.player_camera] at @s on origin run tp @s ^-0.283 ^-0.14329 ^0.21391 ~-129.84127 ~7.04532
execute if entity @s[tag=aj.favor_incantations.bone.body] run data modify entity @s {} merge value {transformation:[0.6442506813817778f,0.06526301645017682f,-0.7620248015799349f,0f,0.04464262322359764f,0.9914448674743038f,0.12265443714181695f,0.5f,0.7635103769634248f,-0.1130389908070838f,0.6358255191689659f,-0.06250000000000001f,0f,0f,0f,1f],start_interpolation:0}
execute if entity @s[tag=aj.favor_incantations.bone.right_leg2] run data modify entity @s {} merge value {transformation:[0.9975608595805173f,0.027026509456477037f,0.06435758867125496f,0.07493639160678901f,-0.02712370581086488f,0.999631881740638f,0.0006368600763698717f,0.4221134720613893f,-0.06431668536286009f,-0.002380922987031797f,0.9979266983048729f,0.2850411179930649f,0f,0f,0f,1f],start_interpolation:0}
execute if entity @s[tag=aj.favor_incantations.bone.right_leg] run data modify entity @s {} merge value {transformation:[0.9975608595805173f,-0.03460561142758681f,0.06061998920077733f,0.0625f,-0.02712370581086488f,0.608032077742221f,0.7934489882907175f,0.640625f,-0.06431668536286009f,-0.7931578935459197f,0.605610369701291f,-7.654042494670958e-18f,0f,0f,0f,1f],start_interpolation:0}
execute if entity @s[tag=aj.favor_incantations.bone.left_leg2] run data modify entity @s {} merge value {transformation:[0.7647308411148316f,-0.4860505515510008f,-0.42301489570081374f,-0.0066107451528097105f,-0.23587891132009267f,0.39975704813022195f,-0.8857513430216515f,0.27786434771216767f,0.5996231148331843f,0.7771416626376297f,0.19105746871182616f,-0.37689462110976457f,0f,0f,0f,1f],start_interpolation:0}
execute if entity @s[tag=aj.favor_incantations.bone.left_leg] run data modify entity @s {} merge value {transformation:[0.7647308411148316f,-0.1555179265313121f,-0.6253006598230997f,-0.0625f,-0.23587891132009267f,0.835507902018316f,-0.49627380029515955f,0.578125f,0.5996231148331843f,0.5270111196097796f,0.602255261467591f,-0.1875f,0f,0f,0f,1f],start_interpolation:0}
execute if entity @s[tag=aj.favor_incantations.locator_origin.lightning_spear_locator0] at @s on origin run tp @s ^-0.8428 ^1.55604 ^-0.04356 ~31.80998 ~-20.72598
execute if entity @s[tag=aj.favor_incantations.locator_origin.lightning_spear_locator1] at @s on origin run tp @s ^-0.3344 ^1.19108 ^-0.86321 ~31.80998 ~-20.72598
execute if entity @s[tag=aj.favor_incantations.locator_origin.lightning_spear_locator2] at @s on origin run tp @s ^0.26644 ^0.75977 ^-1.83187 ~31.80998 ~-20.72598
execute if entity @s[tag=aj.favor_incantations.bone.main_lightning_spear] run data modify entity @s {} merge value {transformation:[-2.4365571015726264f,0.225511523594317f,1.3865389621291473f,-1.2499999999999998f,-0.32480834606403075f,2.6103547578551756f,-0.9953410603757867f,2.3125f,-1.3666913620503907f,-1.0224230244223849f,-2.235388585912488f,-1.8125000000000002f,0f,0f,0f,1f],start_interpolation:0}
execute if entity @s[tag=aj.favor_incantations.locator_origin.lightning_spear0_locator0] at @s on origin run tp @s ^1.24482 ^3.11833 ^0.61835 ~14.04 ~14.04
execute if entity @s[tag=aj.favor_incantations.locator_origin.lightning_spear0_locator1] at @s on origin run tp @s ^1.56971 ^3.45323 ^-0.68087 ~14.04 ~14.04
execute if entity @s[tag=aj.favor_incantations.bone.lightning_spear0] run data modify entity @s {} merge value {transformation:[-2.6784588999969015f,-0.16249328350737313f,0.6497920688563616f,1.4289232031249999f,-9.578926193909431e-18f,2.6784588999969015f,0.669801313774195f,3.308109296875f,-0.6698013137741953f,0.6497920688563613f,-2.598444216492627f,-0.11787162202380955f,0f,0f,0f,1f],start_interpolation:0}
execute if entity @s[tag=aj.favor_incantations.locator_origin.lightning_spear1_locator0] at @s on origin run tp @s ^-1.42177 ^3.45323 ^-0.68087 ~-14.04 ~14.04
execute if entity @s[tag=aj.favor_incantations.locator_origin.lightning_spear1_locator1] at @s on origin run tp @s ^-1.09688 ^3.11833 ^0.61835 ~-14.04 ~14.04
execute if entity @s[tag=aj.favor_incantations.bone.lightning_spear1] run data modify entity @s {} merge value {transformation:[-2.6784588999969015f,0.16249328350737297f,-0.649792068856361f,-1.28098296875f,9.578926193909431e-18f,2.6784588999969015f,0.669801313774195f,3.308109296875f,0.6698013137741947f,0.6497920688563613f,-2.598444216492627f,-0.11787162202380988f,0f,0f,0f,1f],start_interpolation:0}
execute if entity @s[tag=aj.favor_incantations.locator_origin.lightning_spear2_locator0] at @s on origin run tp @s ^2.74392 ^2.00476 ^-0.68443 ~18.72 ~0
execute if entity @s[tag=aj.favor_incantations.locator_origin.lightning_spear2_locator1] at @s on origin run tp @s ^2.30087 ^2.00476 ^0.62301 ~18.72 ~0
execute if entity @s[tag=aj.favor_incantations.bone.lightning_spear2] run data modify entity @s {} merge value {transformation:[-2.6148792264464267f,0f,0.8861052477020924f,2.5519345312499997f,0f,2.7609375f,0f,2.004762734375f,-0.8861052477020924f,0f,-2.6148792264464267f,-0.11787162202380941f,0f,0f,0f,1f],start_interpolation:0}
execute if entity @s[tag=aj.favor_incantations.locator_origin.lightning_spear3_locator0] at @s on origin run tp @s ^-2.1492 ^2.00476 ^0.62301 ~-18.72 ~0
execute if entity @s[tag=aj.favor_incantations.locator_origin.lightning_spear3_locator1] at @s on origin run tp @s ^-2.59226 ^2.00476 ^-0.68443 ~-18.72 ~0
execute if entity @s[tag=aj.favor_incantations.bone.lightning_spear3] run data modify entity @s {} merge value {transformation:[-2.6148792264464267f,0f,-0.8861052477020918f,-2.40026703125f,0f,2.7609375f,0f,2.004762734375f,0.8861052477020918f,0f,-2.6148792264464267f,-0.11787162202381f,0f,0f,0f,1f],start_interpolation:0}
execute if entity @s[tag=aj.favor_incantations.locator_origin.lightning_spear4_locator0] at @s on origin run tp @s ^-1.57567 ^1.27423 ^0.61835 ~-14.04 ~-14.04
execute if entity @s[tag=aj.favor_incantations.locator_origin.lightning_spear4_locator1] at @s on origin run tp @s ^-1.90056 ^0.93933 ^-0.68087 ~-14.04 ~-14.04
execute if entity @s[tag=aj.favor_incantations.bone.lightning_spear4] run data modify entity @s {} merge value {transformation:[-2.6784588999969015f,-0.16249328350737297f,-0.649792068856361f,-1.759775546875f,-9.578926193909431e-18f,2.6784588999969015f,-0.669801313774195f,1.084450234375f,0.6698013137741947f,-0.6497920688563613f,-2.598444216492627f,-0.11787162202380994f,0f,0f,0f,1f],start_interpolation:0}
execute if entity @s[tag=aj.favor_incantations.locator_origin.lightning_spear5_locator1] at @s on origin run tp @s ^1.53209 ^1.27423 ^0.61835 ~14.04 ~-14.04
execute if entity @s[tag=aj.favor_incantations.locator_origin.lightning_spear5_locator0] at @s on origin run tp @s ^1.85699 ^0.93933 ^-0.68087 ~14.04 ~-14.04
execute if entity @s[tag=aj.favor_incantations.bone.lightning_spear5] run data modify entity @s {} merge value {transformation:[-2.6784588999969015f,0.16249328350737313f,0.6497920688563616f,1.7161987499999998f,9.578926193909431e-18f,2.6784588999969015f,-0.669801313774195f,1.084450234375f,-0.6698013137741953f,-0.6497920688563613f,-2.598444216492627f,-0.1178716220238095f,0f,0f,0f,1f],start_interpolation:0}
execute if entity @s[tag=aj.favor_incantations.locator_origin.blackhole0] at @s on origin run tp @s ^0 ^1.1875 ^-0.625 ~0 ~0
execute if entity @s[tag=aj.favor_incantations.locator_origin.blackhole1] at @s on origin run tp @s ^0 ^1.1875 ^-0.625 ~0 ~0
execute if entity @s[tag=aj.favor_incantations.locator_origin.blackhole2] at @s on origin run tp @s ^0 ^1.1875 ^-0.625 ~0 ~0
execute if entity @s[tag=aj.favor_incantations.locator_origin.blackhole3] at @s on origin run tp @s ^0 ^1.1875 ^-0.625 ~0 ~0