execute if entity @s[tag=aj.favor_incantations.bone.slash_left] run data modify entity @s {} merge value {transformation:[0.000004129003288763205f,-0.000008309379928420084f,-0.00000707224491640831f,0.26555412150879854f,0.000008768177249629741f,0.000007027475800795063f,-0.000003137636482995821f,0.3018679806503488f,0.000006494729453300515f,-0.0000042047473390823795f,0.000008732107434864826f,0.08168744155009136f,0f,0f,0f,1f],start_interpolation:0}
execute if entity @s[tag=aj.favor_incantations.locator_origin.twinaxe_left0] at @s on origin run tp @s ^0.26556 ^0.30187 ^0.08169 ~-140.99555 ~-15.60122
execute if entity @s[tag=aj.favor_incantations.locator_origin.twinaxe_left1] at @s on origin run tp @s ^0.26555 ^0.30187 ^0.0817 ~-140.99555 ~-15.60122
execute if entity @s[tag=aj.favor_incantations.bone.twinaxe_left] run data modify entity @s {} merge value {transformation:[0.0000035391456760827473f,-0.000007122325652931501f,-0.0000060619242140642655f,0.26555412150879854f,0.000007515580499682635f,0.000006023550686395768f,-0.0000026894026997107036f,0.3018679806503488f,0.00000556691095997187f,-0.0000036040691477848967f,0.000007484663515598422f,0.08168744155009136f,0f,0f,0f,1f],start_interpolation:0}
execute if entity @s[tag=aj.favor_incantations.bone.right_arm2] run data modify entity @s {} merge value {transformation:[0.3539145676082747f,-0.71223256529315f,-0.6061924214064265f,0.39995878909908295f,0.7515580499682635f,0.6023550686395768f,-0.26894026997107034f,1.0572263995729734f,0.5566910959971869f,-0.36040691477848963f,0.7484663515598422f,0.21144796826240894f,0f,0f,0f,1f],start_interpolation:0}
execute if entity @s[tag=aj.favor_incantations.bone.right_arm] run data modify entity @s {} merge value {transformation:[0.3539145676082747f,-0.71223256529315f,-0.6061924214064265f,0.22190064777579543f,0.7515580499682635f,0.6023550686395768f,-0.26894026997107034f,1.2078151667328676f,0.5566910959971869f,-0.36040691477848963f,0.7484663515598422f,0.12134623956778653f,0f,0f,0f,1f],start_interpolation:0}
execute if entity @s[tag=aj.favor_incantations.locator_origin.messermers_orb] at @s on origin run tp @s ^-0.2601 ^1.36377 ^-0.85295 ~-39.77265 ~-34.21092
execute if entity @s[tag=aj.favor_incantations.bone.messermers_orb] run data modify entity @s {} merge value {transformation:[0.000008460970362605008f,6.500446461263998e-7f,-0.000005290503046134844f,-0.2600978324159967f,-0.00000292120642505053f,-0.000007736604807703235f,-0.00000562241043251617f,1.3637687973647905f,-0.0000044585349101877825f,0.0000063025699526039056f,-0.000006356026938833034f,-0.8529544618844959f,0f,0f,0f,1f],start_interpolation:0}
execute if entity @s[tag=aj.favor_incantations.bone.slash_right] run data modify entity @s {} merge value {transformation:[0.000009871132089705844f,7.583854204807999e-7f,-0.000006172253553823985f,-0.36335754356931504f,-0.000003408074162558952f,-0.00000902603894232044f,-0.0000065594788379355325f,1.3067023818032577f,-0.000005201624061885747f,0.00000735299827803789f,-0.0000074153647619718735f,-1.0115210291913896f,0f,0f,0f,1f],start_interpolation:0}
execute if entity @s[tag=aj.favor_incantations.locator_origin.twinaxe_right0] at @s on origin run tp @s ^-0.36336 ^1.3067 ^-1.01152 ~-39.77265 ~-34.21092
execute if entity @s[tag=aj.favor_incantations.locator_origin.twinaxe_right1] at @s on origin run tp @s ^-0.36336 ^1.3067 ^-1.01152 ~-39.77265 ~-34.21092
execute if entity @s[tag=aj.favor_incantations.bone.twinaxe_right] run data modify entity @s {} merge value {transformation:[0.000008460970362605008f,6.500446461263998e-7f,-0.000005290503046134844f,-0.36335754356931504f,-0.00000292120642505053f,-0.000007736604807703235f,-0.00000562241043251617f,1.3067023818032577f,-0.0000044585349101877825f,0.0000063025699526039056f,-0.000006356026938833034f,-1.0115210291913896f,0f,0f,0f,1f],start_interpolation:0}
execute if entity @s[tag=aj.favor_incantations.bone.left_arm2] run data modify entity @s {} merge value {transformation:[0.8460970362605008f,0.06500446461263998f,-0.5290503046134843f,-0.296727781029118f,-0.292120642505053f,-0.7736604807703235f,-0.562241043251617f,1.1886112173287755f,-0.4458534910187782f,0.6302569952603905f,-0.6356026938833034f,-0.6675243698807246f,0f,0f,0f,1f],start_interpolation:0}
execute if entity @s[tag=aj.favor_incantations.bone.left_arm] run data modify entity @s {} merge value {transformation:[-0.8622578509208177f,0.4670947342096077f,0.19579046912214249f,-0.19081206552924296f,0.41559138655530947f,0.43158205325592913f,0.8006377025399387f,1.240558084805393f,0.289474002194408f,0.7717249772950541f,-0.5662555619793062f,-0.4367323176155859f,0f,0f,0f,1f],start_interpolation:0}
execute if entity @s[tag=aj.favor_incantations.bone.head] run data modify entity @s {} merge value {transformation:[0.9870121339488191f,0.07702101748537897f,-0.14097804901230204f,0.06870366677229317f,-0.06833256965519967f,0.9955118978091686f,0.06547305739542722f,1.3323759245758362f,0.1453881266201451f,-0.0549893097420269f,0.9878453666703002f,-0.16031954663458117f,0f,0f,0f,1f],start_interpolation:0}
execute if entity @s[tag=aj.favor_incantations.bone.body_top] run data modify entity @s {} merge value {transformation:[0.5282498119513634f,0.08265102769599178f,-0.8450567695688529f,0.036159824616996405f,0.056624507600106316f,0.9896063754295772f,0.13218504774814827f,0.94271841425044f,0.8471987968076881f,-0.11767765008671416f,0.5180793079806164f,-0.11398397191293747f,0f,0f,0f,1f],start_interpolation:0}
execute if entity @s[tag=aj.favor_incantations.locator_origin.player_camera] at @s on origin run tp @s ^-0.30221 ^-0.12766 ^0.20707 ~-127.55501 ~7.89609
execute if entity @s[tag=aj.favor_incantations.bone.body] run data modify entity @s {} merge value {transformation:[0.6136349550563891f,0.08265102769599178f,-0.78525215666927f,0f,0.042506578747870366f,0.9896063754295772f,0.13737689934004854f,0.509765625f,0.7884448824718785f,-0.11767765008671416f,0.6037438512928928f,-0.06250000000000001f,0f,0f,0f,1f],start_interpolation:0}
execute if entity @s[tag=aj.favor_incantations.bone.right_leg2] run data modify entity @s {} merge value {transformation:[0.9989175884822071f,0.010732631776962421f,0.04525993853323401f,0.08204357266040405f,-0.013879275441220812f,0.9974649356918375f,0.06979303531517422f,0.4602945091797159f,-0.044396138729834486f,-0.07034566568324285f,0.9965342293094916f,0.3014966470717674f,0f,0f,0f,1f],start_interpolation:0}
execute if entity @s[tag=aj.favor_incantations.bone.right_leg] run data modify entity @s {} merge value {transformation:[0.9989175884822071f,-0.031284289141993854f,0.03442302534310589f,0.07080078125f,-0.013879275441220812f,0.5058652788042688f,0.8625008321233703f,0.64208984375f,-0.044396138729834486f,-0.862045017938831f,0.504883521134055f,-0.008300781250000007f,0f,0f,0f,1f],start_interpolation:0}
execute if entity @s[tag=aj.favor_incantations.bone.left_leg2] run data modify entity @s {} merge value {transformation:[0.7614887199443878f,-0.5327525697924902f,-0.3692013390779558f,0.0159309496192737f,-0.20482606559004043f,0.34262993228145255f,-0.9168702265641042f,0.29925054609846125f,0.6149643991747507f,0.7738083928753328f,0.1517872157440564f,-0.3959181046725655f,0f,0f,0f,1f],start_interpolation:0}
execute if entity @s[tag=aj.favor_incantations.bone.left_leg] run data modify entity @s {} merge value {transformation:[0.7614887199443878f,-0.24134046850580507f,-0.6015726952404474f,-0.07080078125f,-0.20482606559004043f,0.790944132595586f,-0.5765879481636088f,0.58349609375f,0.6149643991747507f,0.5622829869149649f,0.552862216446036f,-0.19384765625f,0f,0f,0f,1f],start_interpolation:0}
execute if entity @s[tag=aj.favor_incantations.locator_origin.lightning_spear_locator0] at @s on origin run tp @s ^-0.79478 ^1.6779 ^-0.00165 ~29.99748 ~-20.78318
execute if entity @s[tag=aj.favor_incantations.locator_origin.lightning_spear_locator1] at @s on origin run tp @s ^-0.33785 ^1.33103 ^-0.79316 ~29.99748 ~-20.78318
execute if entity @s[tag=aj.favor_incantations.locator_origin.lightning_spear_locator2] at @s on origin run tp @s ^0.20216 ^0.92111 ^-1.72858 ~29.99748 ~-20.78318
execute if entity @s[tag=aj.favor_incantations.bone.main_lightning_spear] run data modify entity @s {} merge value {transformation:[-2.3483775936421165f,0.1995319015610841f,1.24617374819213f,-1.2256249999999997f,-0.29166636412504415f,2.475414027376982f,-0.9459891319922705f,2.4010937500000002f,-1.2278813959262846f,-0.9696142150715563f,-2.1586558003103296f,-1.6648437500000002f,0f,0f,0f,1f],start_interpolation:0}
execute if entity @s[tag=aj.favor_incantations.locator_origin.lightning_spear0_locator0] at @s on origin run tp @s ^1.23862 ^2.96731 ^0.52393 ~9.36 ~9.36
execute if entity @s[tag=aj.favor_incantations.locator_origin.lightning_spear0_locator1] at @s on origin run tp @s ^1.44322 ^3.17468 ^-0.71734 ~9.36 ~9.36
execute if entity @s[tag=aj.favor_incantations.bone.lightning_spear0] run data modify entity @s {} merge value {transformation:[-2.516049157730064f,-0.06744966113170103f,0.40920310250419223f,1.35456f,4.4235448637408586e-18f,2.516049157730064f,0.41472477124695295f,3.0848200000000006f,-0.4147247712469532f,0.4092031025041919f,-2.4825503388682995f,-0.17945523809523792f,0f,0f,0f,1f],start_interpolation:0}
execute if entity @s[tag=aj.favor_incantations.locator_origin.lightning_spear1_locator0] at @s on origin run tp @s ^-1.26642 ^3.17468 ^-0.71734 ~-9.36 ~9.36
execute if entity @s[tag=aj.favor_incantations.locator_origin.lightning_spear1_locator1] at @s on origin run tp @s ^-1.06182 ^2.96731 ^0.52393 ~-9.36 ~9.36
execute if entity @s[tag=aj.favor_incantations.bone.lightning_spear1] run data modify entity @s {} merge value {transformation:[-2.516049157730064f,0.06744966113170094f,-0.4092031025041916f,-1.1777600000000001f,-4.4235448637408586e-18f,2.516049157730064f,0.41472477124695295f,3.0848200000000006f,0.4147247712469526f,0.4092031025041919f,-2.4825503388682995f,-0.17945523809523822f,0f,0f,0f,1f],start_interpolation:0}
execute if entity @s[tag=aj.favor_incantations.locator_origin.lightning_spear2_locator0] at @s on origin run tp @s ^2.52455 ^1.87034 ^-0.7189 ~12.48 ~0
execute if entity @s[tag=aj.favor_incantations.locator_origin.lightning_spear2_locator1] at @s on origin run tp @s ^2.24903 ^1.87034 ^0.52597 ~12.48 ~0
execute if entity @s[tag=aj.favor_incantations.bone.lightning_spear2] run data modify entity @s {} merge value {transformation:[-2.48974732325821f,0f,0.5510519633651455f,2.40516f,0f,2.5500000000000003f,0f,1.8703400000000003f,-0.5510519633651455f,0f,-2.48974732325821f,-0.17945523809523778f,0f,0f,0f,1f],start_interpolation:0}
execute if entity @s[tag=aj.favor_incantations.locator_origin.lightning_spear3_locator0] at @s on origin run tp @s ^-2.06611 ^1.87034 ^0.52597 ~-12.48 ~0
execute if entity @s[tag=aj.favor_incantations.locator_origin.lightning_spear3_locator1] at @s on origin run tp @s ^-2.34163 ^1.87034 ^-0.7189 ~-12.48 ~0
execute if entity @s[tag=aj.favor_incantations.bone.lightning_spear3] run data modify entity @s {} merge value {transformation:[-2.48974732325821f,0f,-0.5510519633651448f,-2.22224f,0f,2.5500000000000003f,0f,1.8703400000000003f,0.5510519633651448f,0f,-2.48974732325821f,-0.17945523809523836f,0f,0f,0f,1f],start_interpolation:0}
execute if entity @s[tag=aj.favor_incantations.locator_origin.lightning_spear4_locator0] at @s on origin run tp @s ^-1.51742 ^1.13785 ^0.52393 ~-9.36 ~-9.36
execute if entity @s[tag=aj.favor_incantations.locator_origin.lightning_spear4_locator1] at @s on origin run tp @s ^-1.72202 ^0.93048 ^-0.71734 ~-9.36 ~-9.36
execute if entity @s[tag=aj.favor_incantations.bone.lightning_spear4] run data modify entity @s {} merge value {transformation:[-2.516049157730064f,-0.06744966113170094f,-0.4092031025041916f,-1.6333600000000001f,4.4235448637408586e-18f,2.516049157730064f,-0.41472477124695295f,1.02034f,0.4147247712469526f,-0.4092031025041919f,-2.4825503388682995f,-0.17945523809523828f,0f,0f,0f,1f],start_interpolation:0}
execute if entity @s[tag=aj.favor_incantations.locator_origin.lightning_spear5_locator1] at @s on origin run tp @s ^1.51198 ^1.13785 ^0.52393 ~9.36 ~-9.36
execute if entity @s[tag=aj.favor_incantations.locator_origin.lightning_spear5_locator0] at @s on origin run tp @s ^1.71658 ^0.93048 ^-0.71734 ~9.36 ~-9.36
execute if entity @s[tag=aj.favor_incantations.bone.lightning_spear5] run data modify entity @s {} merge value {transformation:[-2.516049157730064f,0.06744966113170103f,0.40920310250419223f,1.6279200000000003f,-4.4235448637408586e-18f,2.516049157730064f,-0.41472477124695295f,1.02034f,-0.4147247712469532f,-0.4092031025041919f,-2.4825503388682995f,-0.1794552380952379f,0f,0f,0f,1f],start_interpolation:0}
execute if entity @s[tag=aj.favor_incantations.locator_origin.blackhole0] at @s on origin run tp @s ^0 ^1.1875 ^-0.625 ~0 ~0
execute if entity @s[tag=aj.favor_incantations.locator_origin.blackhole1] at @s on origin run tp @s ^0 ^1.1875 ^-0.625 ~0 ~0
execute if entity @s[tag=aj.favor_incantations.locator_origin.blackhole2] at @s on origin run tp @s ^0 ^1.1875 ^-0.625 ~0 ~0
execute if entity @s[tag=aj.favor_incantations.locator_origin.blackhole3] at @s on origin run tp @s ^0 ^1.1875 ^-0.625 ~0 ~0