execute if entity @s[tag=aj.nep_fume_ugs_skills.bone.right_arm2] run data modify entity @s {} merge value {transformation:[-0.926397336641529f,0.3752473570136442f,-0.031263328641677746f,-0.8327142466640193f,0.35288551626704545f,0.8362181153909065f,-0.41977503010662937f,2.2780409305531686f,-0.13137650883024543f,-0.399910845747344f,-0.907089592257138f,21.721945420079035f,0f,0f,0f,1f],start_interpolation:0}
execute if entity @s[tag=aj.nep_fume_ugs_skills.bone.right_arm] run data modify entity @s {} merge value {transformation:[-0.926397336641529f,0.3752473570136442f,-0.031263328641677746f,-0.807317976045989f,0.35288551626704545f,0.8362181153909065f,-0.41977503010662937f,2.50730811092042f,-0.13137650883024543f,-0.399910845747344f,-0.907089592257138f,21.634034192592342f,0f,0f,0f,1f],start_interpolation:0}
execute if entity @s[tag=aj.nep_fume_ugs_skills.locator_origin.fume_ugs_locator] at @s on origin run tp @s ^-0.19667 ^4.04029 ^20.09458 ~166.41883 ~36.09957
execute if entity @s[tag=aj.nep_fume_ugs_skills.locator_origin.fume_ugs_locator2] at @s on origin run tp @s ^-0.10934 ^3.63658 ^20.37634 ~166.41883 ~36.09957
execute if entity @s[tag=aj.nep_fume_ugs_skills.locator_origin.fume_ugs_locator3] at @s on origin run tp @s ^-0.02202 ^3.23286 ^20.6581 ~166.41883 ~36.09957
execute if entity @s[tag=aj.nep_fume_ugs_skills.locator_origin.fume_ugs_locator4] at @s on origin run tp @s ^0.06531 ^2.82915 ^20.93986 ~166.41883 ~36.09957
execute if entity @s[tag=aj.nep_fume_ugs_skills.locator_origin.fume_ugs_locator5] at @s on origin run tp @s ^0.16355 ^2.37497 ^21.25685 ~166.41883 ~36.09957
execute if entity @s[tag=aj.nep_fume_ugs_skills.locator_origin.fume_ugs_locator10] at @s on origin run tp @s ^0.2347 ^2.59592 ^21.55137 ~166.41883 ~36.09957
execute if entity @s[tag=aj.nep_fume_ugs_skills.locator_origin.fume_ugs_locator9] at @s on origin run tp @s ^0.13646 ^3.05009 ^21.23439 ~166.41883 ~36.09957
execute if entity @s[tag=aj.nep_fume_ugs_skills.locator_origin.fume_ugs_locator8] at @s on origin run tp @s ^0.04913 ^3.45381 ^20.95263 ~166.41883 ~36.09957
execute if entity @s[tag=aj.nep_fume_ugs_skills.locator_origin.fume_ugs_locator7] at @s on origin run tp @s ^-0.03819 ^3.85752 ^20.67087 ~166.41883 ~36.09957
execute if entity @s[tag=aj.nep_fume_ugs_skills.locator_origin.fume_ugs_locator6] at @s on origin run tp @s ^-0.12552 ^4.26124 ^20.38911 ~166.41883 ~36.09957
execute if entity @s[tag=aj.nep_fume_ugs_skills.bone.fume_ugs_slash] run data modify entity @s {} merge value {transformation:[0.000025764694347703414f,-0.000006239165988823712f,0.0000028921348593103687f,-0.1185295243417861f,8.067829531837512e-7f,0.000013879803113060013f,0.00002275546698972038f,3.98488931703824f,-0.0000068294024297141f,-0.000021898287248497486f,0.000013599095159105989f,20.375890528081694f,0f,0f,0f,1f],start_interpolation:0}
execute if entity @s[tag=aj.nep_fume_ugs_skills.bone.gravity_vortex] run data modify entity @s {} merge value {transformation:[0.20631117425487291f,0.6441173586925818f,0.12649024143694548f,-0.13676247904799665f,-0.9537740100849146f,0.02016957382959379f,0.39279348771703326f,3.8411596318938237f,0.6656593720245397f,-0.17073506074285164f,0.5236009351335731f,20.416698479589186f,0f,0f,0f,1f],start_interpolation:0}
execute if entity @s[tag=aj.nep_fume_ugs_skills.bone.fume_ultra_greatsword] run data modify entity @s {} merge value {transformation:[2.0057814549687087f,-0.362583701801581f,0.39389061183465f,0.24177306957310474f,0.06280805290535497f,1.6762199745492414f,1.2231589207508473f,2.309995534705774f,-0.5316689791532421f,-1.1698699312786884f,1.630493312005954f,21.54585776926003f,0f,0f,0f,1f],start_interpolation:0}
execute if entity @s[tag=aj.nep_fume_ugs_skills.bone.left_arm2] run data modify entity @s {} merge value {transformation:[-0.6798535427181593f,-0.20219160601955238f,-0.7049239071763725f,0.22004806701144747f,-0.7315735679349243f,0.2538155630267035f,0.6327541186467318f,2.341574279715038f,0.05098308692628586f,0.9458838271271328f,-0.32047544434292524f,21.675603839948035f,0f,0f,0f,1f],start_interpolation:0}
execute if entity @s[tag=aj.nep_fume_ugs_skills.bone.left_arm] run data modify entity @s {} merge value {transformation:[-0.6798535427181593f,-0.6414275307003536f,-0.3554854192695051f,0.004255308880322606f,-0.7315735679349243f,0.6268994339056849f,0.26795002233195764f,2.5524794115319405f,0.05098308692628586f,0.44223050847762513f,-0.8954512282749342f,21.824381584255207f,0f,0f,0f,1f],start_interpolation:0}
execute if entity @s[tag=aj.nep_fume_ugs_skills.bone.head] run data modify entity @s {} merge value {transformation:[-0.8695512304080351f,0.009307426720615335f,0.4937550298515589f,-0.4049261585135801f,-0.011308381737867156f,0.9991849428802173f,-0.03875010224409875f,2.6061656443840246f,-0.49371325503610286f,-0.03927876944734704f,-0.8687372445523207f,21.673008279481014f,0f,0f,0f,1f],start_interpolation:0}
execute if entity @s[tag=aj.nep_fume_ugs_skills.bone.body_top] run data modify entity @s {} merge value {transformation:[-0.9890097637944165f,0.03436757014778903f,0.14380040765397856f,-0.41845838925927203f,0.004430280403222603f,0.9790606414030261f,-0.20352059618388588f,2.220660516831583f,-0.14778382771759038f,-0.20064678063111926f,-0.9684527916669483f,21.752012949354516f,0f,0f,0f,1f],start_interpolation:0}
execute if entity @s[tag=aj.nep_fume_ugs_skills.bone.body] run data modify entity @s {} merge value {transformation:[-0.9890097637944165f,0.03436757014778903f,0.14380040765397856f,-0.43349420119892973f,0.004430280403222603f,0.9790606414030261f,-0.20352059618388588f,1.7923214862177592f,-0.14778382771759038f,-0.20064678063111926f,-0.9684527916669483f,21.83979591588063f,0f,0f,0f,1f],start_interpolation:0}
execute if entity @s[tag=aj.nep_fume_ugs_skills.bone.right_leg2] run data modify entity @s {} merge value {transformation:[-0.9106255079961079f,0.3954807111661654f,0.11981732463352637f,-0.7027322592347355f,0.31692760035032874f,0.8544640450912855f,-0.41164073144238345f,1.5647021179814293f,-0.265175565094173f,-0.33687713300511013f,-0.9034355079003945f,21.87228746824316f,0f,0f,0f,1f],start_interpolation:0}
execute if entity @s[tag=aj.nep_fume_ugs_skills.bone.right_leg] run data modify entity @s {} merge value {transformation:[-0.9106255079961079f,0.3745538050794289f,0.17455838933535375f,-0.5538984619718765f,0.31692760035032874f,0.9041031851791029f,-0.286625760679642f,1.8846622063996956f,-0.265175565094173f,-0.20568635747059805f,-0.9420058609305273f,21.802512301731763f,0f,0f,0f,1f],start_interpolation:0}
execute if entity @s[tag=aj.nep_fume_ugs_skills.bone.left_leg2] run data modify entity @s {} merge value {transformation:[-0.9061151163170155f,-0.017639729128073156f,0.42266326542306804f,-0.23176042433915034f,-0.18410172460954286f,0.9159956685464444f,-0.3564526479070466f,1.532976695525448f,-0.3808699922251615f,-0.40080016861328965f,-0.8332450263049666f,21.846570314519926f,0f,0f,0f,1f],start_interpolation:0}
execute if entity @s[tag=aj.nep_fume_ugs_skills.bone.left_leg] run data modify entity @s {} merge value {transformation:[-0.9061151163170155f,-0.1780432138472066f,0.38373950798003653f,-0.30990275300794357f,-0.18410172460954286f,0.9826781728157461f,0.02121706076013588f,1.8832500744340825f,-0.3808699922251615f,-0.05142200574136685f,-0.9231976095874278f,21.822139437578105f,0f,0f,0f,1f],start_interpolation:0}
execute if entity @s[tag=aj.nep_fume_ugs_skills.bone.gravity_effect1] run data modify entity @s {} merge value {transformation:[-1f,0f,1.2246467991473532e-16f,-0.31250000000000244f,0f,1f,0f,1.3125f,-1.2246467991473532e-16f,0f,-1f,19.961844000000006f,0f,0f,0f,1f],start_interpolation:0}
execute if entity @s[tag=aj.nep_fume_ugs_skills.bone.gravity_effect2] run data modify entity @s {} merge value {transformation:[-1f,0f,1.2246467991473532e-16f,-0.1718750000000025f,0f,1f,0f,1.40625f,-1.2246467991473532e-16f,0f,-1f,20.602469000000006f,0f,0f,0f,1f],start_interpolation:0}
execute if entity @s[tag=aj.nep_fume_ugs_skills.bone.gravity_effect3] run data modify entity @s {} merge value {transformation:[-1f,0f,1.2246467991473532e-16f,0.28124999999999756f,0f,1f,0f,1.46875f,-1.2246467991473532e-16f,0f,-1f,20.055594000000006f,0f,0f,0f,1f],start_interpolation:0}
execute if entity @s[tag=aj.nep_fume_ugs_skills.bone.gravity_effect4] run data modify entity @s {} merge value {transformation:[-1f,0f,1.2246467991473532e-16f,-0.5468750000000024f,0f,1f,0f,0.96875f,-1.2246467991473532e-16f,0f,-1f,20.414969000000006f,0f,0f,0f,1f],start_interpolation:0}
execute if entity @s[tag=aj.nep_fume_ugs_skills.bone.gravity_effect5] run data modify entity @s {} merge value {transformation:[-1f,0f,1.2246467991473532e-16f,0.20312499999999745f,0f,1f,0f,0.59375f,-1.2246467991473532e-16f,0f,-1f,20.602469000000006f,0f,0f,0f,1f],start_interpolation:0}
execute if entity @s[tag=aj.nep_fume_ugs_skills.bone.gravity_effect6] run data modify entity @s {} merge value {transformation:[-1f,0f,1.2246467991473532e-16f,0.5156249999999976f,0f,1f,0f,0.71875f,-1.2246467991473532e-16f,0f,-1f,20.102469000000006f,0f,0f,0f,1f],start_interpolation:0}
execute if entity @s[tag=aj.nep_fume_ugs_skills.bone.gravity_effect7] run data modify entity @s {} merge value {transformation:[-1f,0f,1.2246467991473532e-16f,-0.06250000000000247f,0f,1f,0f,0.78125f,-1.2246467991473532e-16f,0f,-1f,20.274344000000006f,0f,0f,0f,1f],start_interpolation:0}
execute if entity @s[tag=aj.nep_fume_ugs_skills.bone.gravity_effect8] run data modify entity @s {} merge value {transformation:[-1f,0f,1.2246467991473532e-16f,0.09374999999999752f,0f,1f,0f,1.65625f,-1.2246467991473532e-16f,0f,-1f,20.305594000000006f,0f,0f,0f,1f],start_interpolation:0}
execute if entity @s[tag=aj.nep_fume_ugs_skills.bone.gravity_effect9] run data modify entity @s {} merge value {transformation:[-1f,0f,1.2246467991473532e-16f,0.43749999999999745f,0f,1f,0f,1.15625f,-1.2246467991473532e-16f,0f,-1f,20.899344000000006f,0f,0f,0f,1f],start_interpolation:0}
execute if entity @s[tag=aj.nep_fume_ugs_skills.locator_origin.nep_ride] at @s on origin run tp @s ^-0.0625 ^1 ^20.33684 ~0 ~0
execute if entity @s[tag=aj.nep_fume_ugs_skills.locator_origin.wave_of_destruction0] at @s on origin run tp @s ^-0.375 ^0.49999 ^14.37502 ~0 ~90
execute if entity @s[tag=aj.nep_fume_ugs_skills.locator_origin.wave_of_destruction1] at @s on origin run tp @s ^-0.375 ^0.5 ^14.37502 ~0 ~90
execute if entity @s[tag=aj.nep_fume_ugs_skills.locator_origin.wave_of_destruction2] at @s on origin run tp @s ^-0.375 ^0.50001 ^14.37502 ~0 ~90
execute if entity @s[tag=aj.nep_fume_ugs_skills.locator_origin.wave_of_destruction3] at @s on origin run tp @s ^-0.375 ^0.50002 ^14.37502 ~0 ~90
execute if entity @s[tag=aj.nep_fume_ugs_skills.locator_origin.wave_of_destruction4] at @s on origin run tp @s ^-0.375 ^0.50003 ^14.37502 ~0 ~90
execute if entity @s[tag=aj.nep_fume_ugs_skills.locator_origin.wave_of_destruction5] at @s on origin run tp @s ^-0.37501 ^0.50003 ^14.37502 ~0 ~90
execute if entity @s[tag=aj.nep_fume_ugs_skills.locator_origin.wave_of_destruction6] at @s on origin run tp @s ^-0.37499 ^0.50003 ^14.37502 ~0 ~90
execute if entity @s[tag=aj.nep_fume_ugs_skills.locator_origin.wave_of_destruction7] at @s on origin run tp @s ^-0.375 ^0.50003 ^14.37503 ~0 ~90
execute if entity @s[tag=aj.nep_fume_ugs_skills.locator_origin.wave_of_destruction8] at @s on origin run tp @s ^-0.375 ^0.50003 ^14.37501 ~0 ~90
execute if entity @s[tag=aj.nep_fume_ugs_skills.locator_origin.wave_of_destruction12] at @s on origin run tp @s ^-0.37501 ^0.50002 ^14.37502 ~0 ~90
execute if entity @s[tag=aj.nep_fume_ugs_skills.locator_origin.wave_of_destruction11] at @s on origin run tp @s ^-0.375 ^0.50002 ^14.37503 ~0 ~90
execute if entity @s[tag=aj.nep_fume_ugs_skills.locator_origin.wave_of_destruction10] at @s on origin run tp @s ^-0.37499 ^0.50002 ^14.37502 ~0 ~90
execute if entity @s[tag=aj.nep_fume_ugs_skills.locator_origin.wave_of_destruction9] at @s on origin run tp @s ^-0.375 ^0.50002 ^14.37501 ~0 ~90
execute if entity @s[tag=aj.nep_fume_ugs_skills.locator_origin.wave_of_destruction13] at @s on origin run tp @s ^-0.37501 ^0.50001 ^14.37502 ~0 ~90
execute if entity @s[tag=aj.nep_fume_ugs_skills.locator_origin.wave_of_destruction14] at @s on origin run tp @s ^-0.375 ^0.50001 ^14.37503 ~0 ~90
execute if entity @s[tag=aj.nep_fume_ugs_skills.locator_origin.wave_of_destruction15] at @s on origin run tp @s ^-0.37499 ^0.50001 ^14.37502 ~0 ~90
execute if entity @s[tag=aj.nep_fume_ugs_skills.locator_origin.wave_of_destruction16] at @s on origin run tp @s ^-0.375 ^0.50001 ^14.37501 ~0 ~90
execute if entity @s[tag=aj.nep_fume_ugs_skills.locator_origin.wave_of_destruction17] at @s on origin run tp @s ^-0.37501 ^0.5 ^14.37502 ~0 ~90
execute if entity @s[tag=aj.nep_fume_ugs_skills.locator_origin.wave_of_destruction18] at @s on origin run tp @s ^-0.375 ^0.5 ^14.37503 ~0 ~90
execute if entity @s[tag=aj.nep_fume_ugs_skills.locator_origin.wave_of_destruction19] at @s on origin run tp @s ^-0.37499 ^0.5 ^14.37502 ~0 ~90
execute if entity @s[tag=aj.nep_fume_ugs_skills.locator_origin.wave_of_destruction20] at @s on origin run tp @s ^-0.375 ^0.5 ^14.37501 ~0 ~90
execute if entity @s[tag=aj.nep_fume_ugs_skills.locator_origin.wave_of_destruction24] at @s on origin run tp @s ^-0.37499 ^0.49999 ^14.37502 ~0 ~90
execute if entity @s[tag=aj.nep_fume_ugs_skills.locator_origin.wave_of_destruction23] at @s on origin run tp @s ^-0.375 ^0.49999 ^14.37503 ~0 ~90
execute if entity @s[tag=aj.nep_fume_ugs_skills.locator_origin.wave_of_destruction22] at @s on origin run tp @s ^-0.37501 ^0.49999 ^14.37502 ~0 ~90
execute if entity @s[tag=aj.nep_fume_ugs_skills.locator_origin.wave_of_destruction21] at @s on origin run tp @s ^-0.375 ^0.49999 ^14.37501 ~0 ~90
execute if entity @s[tag=aj.nep_fume_ugs_skills.bone.gravity_thunder] run data modify entity @s {} merge value {transformation:[-0.000033461391666666666f,-4.0978386199599245e-21f,9.09902957415537e-37f,-0.37499625000000175f,0f,7.429921492866735e-21f,0.000033461391666666666f,0.5000153125f,-4.0978386199599245e-21f,0.000033461391666666666f,-7.429921492866735e-21f,14.37500656250001f,0f,0f,0f,1f],start_interpolation:0}
execute if entity @s[tag=aj.nep_fume_ugs_skills.bone.wave_of_destruction] run data modify entity @s {} merge value {transformation:[-0.00003297589166666667f,-4.038382017861322e-21f,8.967009396923679e-37f,-0.3750000000000018f,0f,7.322118837175633e-21f,0.00003297589166666667f,0.5f,-4.038382017861322e-21f,0.00003297589166666667f,-7.322118837175633e-21f,14.37500000000001f,0f,0f,0f,1f],start_interpolation:0}
execute if entity @s[tag=aj.nep_fume_ugs_skills.bone.obsidian_edges0] run data modify entity @s {} merge value {transformation:[-1.2668996496258977f,1.2668996496258975f,4.8720113465180265e-32f,-1.1250000000000016f,2.8130823218084305e-16f,2.81308232180843e-16f,1.7916666666666667f,0.15762624999999966f,1.2668996496258975f,1.2668996496258977f,-3.978299171573478e-16f,14.03458250000001f,0f,0f,0f,1f],start_interpolation:0}
execute if entity @s[tag=aj.nep_fume_ugs_skills.bone.obsidian_edges1] run data modify entity @s {} merge value {transformation:[-1.2668996496258973f,-1.266899649625898f,4.8720113465180265e-32f,1.1011043749999985f,-2.8130823218084305e-16f,2.81308232180843e-16f,1.7916666666666667f,0.12402187499999931f,-1.266899649625898f,1.2668996496258973f,-3.978299171573478e-16f,14.02630812500001f,0f,0f,0f,1f],start_interpolation:0}
execute if entity @s[tag=aj.nep_fume_ugs_skills.bone.obsidian_edges2] run data modify entity @s {} merge value {transformation:[1.2668996496258977f,-1.2668996496258977f,4.8720113465180265e-32f,1.101104374999998f,-2.813082321808431e-16f,-2.81308232180843e-16f,1.7916666666666667f,0.12402187499999981f,-1.2668996496258977f,-1.2668996496258977f,-3.978299171573478e-16f,16.27630812500001f,0f,0f,0f,1f],start_interpolation:0}
execute if entity @s[tag=aj.nep_fume_ugs_skills.bone.obsidian_edges3] run data modify entity @s {} merge value {transformation:[1.2668996496258973f,1.2668996496258982f,4.8720113465180265e-32f,-1.125000000000002f,2.813082321808431e-16f,-2.81308232180843e-16f,1.7916666666666667f,0.1576262500000002f,1.2668996496258982f,-1.2668996496258973f,-3.978299171573478e-16f,16.34708250000001f,0f,0f,0f,1f],start_interpolation:0}
execute if entity @s[tag=aj.nep_fume_ugs_skills.locator_origin.wave_of_destruction25] at @s on origin run tp @s ^2 ^0.22013 ^16.40958 ~0 ~90
execute if entity @s[tag=aj.nep_fume_ugs_skills.locator_origin.wave_of_destruction26] at @s on origin run tp @s ^0 ^0.22013 ^18.40958 ~0 ~90
execute if entity @s[tag=aj.nep_fume_ugs_skills.locator_origin.wave_of_destruction27] at @s on origin run tp @s ^-2 ^0.22013 ^16.40958 ~0 ~90
execute if entity @s[tag=aj.nep_fume_ugs_skills.locator_origin.wave_of_destruction28] at @s on origin run tp @s ^0 ^0.22013 ^14.40958 ~0 ~90
execute if entity @s[tag=aj.nep_fume_ugs_skills.locator_origin.wave_of_destruction29] at @s on origin run tp @s ^1.625 ^0.40763 ^14.72208 ~0 ~90
execute if entity @s[tag=aj.nep_fume_ugs_skills.locator_origin.wave_of_destruction30] at @s on origin run tp @s ^1.4375 ^0.28263 ^17.84708 ~0 ~90
execute if entity @s[tag=aj.nep_fume_ugs_skills.locator_origin.wave_of_destruction31] at @s on origin run tp @s ^-1.5625 ^0.40763 ^17.97208 ~0 ~90
execute if entity @s[tag=aj.nep_fume_ugs_skills.locator_origin.wave_of_destruction32] at @s on origin run tp @s ^-1.5 ^0.40763 ^14.90958 ~0 ~90
execute if entity @s[tag=aj.nep_fume_ugs_skills.bone.obsidian] run data modify entity @s {} merge value {transformation:[-3.5201812500000007f,-4.3109787002310296e-16f,9.572295623330239e-32f,-1.856393632738483e-15f,0f,7.81637254920753e-16f,3.5201812500000007f,-0.0009781249999999964f,-4.3109787002310296e-16f,3.5201812500000007f,-7.81637254920753e-16f,15.15860437500001f,0f,0f,0f,1f],start_interpolation:0}