execute if entity @s[tag=aj.nep_fume_ugs_skills.bone.right_arm2] run data modify entity @s {} merge value {transformation:[-0.8118363139590872f,0.0964158959734083f,-0.5758695810172357f,-0.36495772213377686f,-0.520816812897544f,0.3262819498385913f,0.7888535584078777f,1.2065578608079826f,0.2639538723727432f,0.9403425249414022f,-0.21467251581481403f,1.1563336659078487f,0f,0f,0f,1f],start_interpolation:0}
execute if entity @s[tag=aj.nep_fume_ugs_skills.bone.right_arm] run data modify entity @s {} merge value {transformation:[-0.8118363139590872f,0.0964158959734083f,-0.5758695810172357f,-0.3881649854037039f,-0.520816812897544f,0.3262819498385913f,0.7888535584078777f,1.2341532723443218f,0.2639538723727432f,0.9403425249414022f,-0.21467251581481403f,1.40053980176552f,0f,0f,0f,1f],start_interpolation:0}
execute if entity @s[tag=aj.nep_fume_ugs_skills.locator_origin.fume_ugs_locator] at @s on origin run tp @s ^-0.88183 ^2.46428 ^3.17832 ~124.88094 ~-20.97198
execute if entity @s[tag=aj.nep_fume_ugs_skills.locator_origin.fume_ugs_locator2] at @s on origin run tp @s ^-0.63551 ^2.36088 ^2.75567 ~124.88094 ~-20.97198
execute if entity @s[tag=aj.nep_fume_ugs_skills.locator_origin.fume_ugs_locator3] at @s on origin run tp @s ^-0.38919 ^2.25748 ^2.33302 ~124.88094 ~-20.97198
execute if entity @s[tag=aj.nep_fume_ugs_skills.locator_origin.fume_ugs_locator4] at @s on origin run tp @s ^-0.14286 ^2.15408 ^1.91037 ~124.88094 ~-20.97198
execute if entity @s[tag=aj.nep_fume_ugs_skills.locator_origin.fume_ugs_locator5] at @s on origin run tp @s ^0.13425 ^2.03775 ^1.43488 ~124.88094 ~-20.97198
execute if entity @s[tag=aj.nep_fume_ugs_skills.locator_origin.fume_ugs_locator10] at @s on origin run tp @s ^0.4215 ^1.90354 ^1.63513 ~124.88094 ~-20.97198
execute if entity @s[tag=aj.nep_fume_ugs_skills.locator_origin.fume_ugs_locator9] at @s on origin run tp @s ^0.14439 ^2.01986 ^2.11061 ~124.88094 ~-20.97198
execute if entity @s[tag=aj.nep_fume_ugs_skills.locator_origin.fume_ugs_locator8] at @s on origin run tp @s ^-0.10194 ^2.12326 ^2.53326 ~124.88094 ~-20.97198
execute if entity @s[tag=aj.nep_fume_ugs_skills.locator_origin.fume_ugs_locator7] at @s on origin run tp @s ^-0.34826 ^2.22667 ^2.95591 ~124.88094 ~-20.97198
execute if entity @s[tag=aj.nep_fume_ugs_skills.locator_origin.fume_ugs_locator6] at @s on origin run tp @s ^-0.59458 ^2.33007 ^3.37856 ~124.88094 ~-20.97198
execute if entity @s[tag=aj.nep_fume_ugs_skills.locator_origin.foe_ride_locator] at @s on origin run tp @s ^-0.30714 ^2.21622 ^2.5388 ~124.88094 ~-20.97198
execute if entity @s[tag=aj.nep_fume_ugs_skills.bone.fume_ugs_slash] run data modify entity @s {} merge value {transformation:[0.000011012612276056985f,-0.0000199541202496492f,0.000013844369506441556f,-0.6186454850683102f,0.00002428178948790211f,0.00000874737989027276f,-0.000006707395577388349f,2.3483472373204246f,4.776831937132497e-7f,0.000015376200480902356f,0.000021781996893045706f,3.1034680994211303f,0f,0f,0f,1f],start_interpolation:0}
execute if entity @s[tag=aj.nep_fume_ugs_skills.bone.gravity_vortex] run data modify entity @s {} merge value {transformation:[1.1960910849688886f,0.5658729837351079f,1.0496042099969567f,-0.607983086395499f,-0.5020937897287787f,1.2476974875271498f,-0.4904252503031104f,2.3108877970606994f,-2.0523051117054627f,0.024545312894954437f,0.7316951569538652f,2.95804632309797f,0f,0f,0f,1f],start_interpolation:0}
execute if entity @s[tag=aj.nep_fume_ugs_skills.bone.fume_ultra_greatsword] run data modify entity @s {} merge value {transformation:[0.8573318656910363f,-1.022730431941673f,1.5902139905217532f,0.4028098175237781f,1.8903373116331792f,0.429320646978907f,-0.743023976951655f,1.9171739696329577f,0.0371876366305765f,1.7548453623205689f,1.1085625079461332f,1.3500060482930156f,0f,0f,0f,1f],start_interpolation:0}
execute if entity @s[tag=aj.nep_fume_ugs_skills.bone.left_arm2] run data modify entity @s {} merge value {transformation:[-0.36550403625789746f,0.5122955476003013f,-0.7771486803618033f,0.47754924253029746f,-0.35503202858993566f,-0.8485264689124051f,-0.392371112889774f,1.805586041294322f,-0.8604411997077432f,0.13249944703262675f,0.49202117676127255f,1.3662967919969409f,0f,0f,0f,1f],start_interpolation:0}
execute if entity @s[tag=aj.nep_fume_ugs_skills.bone.left_arm] run data modify entity @s {} merge value {transformation:[-0.36550403625789746f,-0.13126761494215472f,-0.9215072505122155f,0.4333873710888644f,-0.35503202858993566f,-0.8955017188743217f,0.26838206007192383f,1.50431575614488f,-0.8604411997077432f,0.4252593147251835f,0.2807052851033741f,1.5093651885275041f,0f,0f,0f,1f],start_interpolation:0}
execute if entity @s[tag=aj.nep_fume_ugs_skills.bone.head] run data modify entity @s {} merge value {transformation:[-0.9968467446716206f,-0.028476135291590016f,0.07406535868033803f,-0.045575994233638034f,0.07934910286977531f,-0.3640308295922028f,0.9280006869502706f,1.420841146242818f,0.0005362008521631392f,0.9309514836044182f,0.36514250322768327f,1.5454240683532476f,0f,0f,0f,1f],start_interpolation:0}
execute if entity @s[tag=aj.nep_fume_ugs_skills.bone.body_top] run data modify entity @s {} merge value {transformation:[-0.8718225152262352f,-0.08764274958423186f,-0.48191726508801874f,-0.011066661584846732f,-0.4782581199694669f,-0.060210401596741736f,0.8761528851877562f,1.444548991871535f,-0.10580487998136598f,0.9943306572689361f,0.010576927117743821f,1.153906372053604f,0f,0f,0f,1f],start_interpolation:0}
execute if entity @s[tag=aj.nep_fume_ugs_skills.bone.body] run data modify entity @s {} merge value {transformation:[-0.8718225152262352f,-0.08764274958423186f,-0.48191726508801874f,0.027277041358254706f,-0.4782581199694669f,-0.060210401596741736f,0.8761528851877562f,1.4708910425701096f,-0.10580487998136598f,0.9943306572689361f,0.010576927117743821f,0.7188867094984444f,0f,0f,0f,1f],start_interpolation:0}
execute if entity @s[tag=aj.nep_fume_ugs_skills.bone.right_leg2] run data modify entity @s {} merge value {transformation:[-0.8792432955338123f,-0.04645756079456516f,-0.47410222769341603f,-0.1294932742112832f,-0.4164016745183585f,0.5583674503367586f,0.7175203382920473f,1.268083143193516f,0.23138900733861043f,0.8282919083568586f,-0.5102858432617995f,0.468796642719375f,0f,0f,0f,1f],start_interpolation:0}
execute if entity @s[tag=aj.nep_fume_ugs_skills.bone.right_leg] run data modify entity @s {} merge value {transformation:[-0.8792432955338123f,0.07189653398266702f,-0.4709162512168375f,-0.08991728081854643f,-0.4164016745183585f,0.3641728920107586f,0.833059271710499f,1.4054640524242317f,0.23138900733861043f,0.9285520949983364f,-0.2902587365731699f,0.7988795986197363f,0f,0f,0f,1f],start_interpolation:0}
execute if entity @s[tag=aj.nep_fume_ugs_skills.bone.left_leg2] run data modify entity @s {} merge value {transformation:[-0.9686783831474365f,-0.23934656308322855f,-0.06614690289887794f,0.21354462804126342f,-0.10875433306982096f,0.16944337487172106f,0.9795210246598177f,1.605179863277381f,-0.22323683625559193f,0.9560346047357947f,-0.1901661102464539f,0.48524409511968636f,0f,0f,0f,1f],start_interpolation:0}
execute if entity @s[tag=aj.nep_fume_ugs_skills.bone.left_leg] run data modify entity @s {} merge value {transformation:[-0.9686783831474365f,-0.19581406696785347f,-0.15270573401276222f,0.1280383479880124f,-0.10875433306982096f,-0.21830120182696838f,0.9698025986351239f,1.5250285824165983f,-0.22323683625559193f,0.9560342234765499f,0.19016802696611215f,0.8253308186150778f,0f,0f,0f,1f],start_interpolation:0}
execute if entity @s[tag=aj.nep_fume_ugs_skills.bone.gravity_effect1] run data modify entity @s {} merge value {transformation:[-1f,0f,1.2246467991473532e-16f,-0.3124999999999998f,0f,1f,0f,1.3125f,-1.2246467991473532e-16f,0f,-1f,-1.6518065599173546f,0f,0f,0f,1f],start_interpolation:0}
execute if entity @s[tag=aj.nep_fume_ugs_skills.bone.gravity_effect2] run data modify entity @s {} merge value {transformation:[-1f,0f,1.2246467991473532e-16f,-0.17187499999999986f,0f,1f,0f,1.40625f,-1.2246467991473532e-16f,0f,-1f,-1.0111815599173546f,0f,0f,0f,1f],start_interpolation:0}
execute if entity @s[tag=aj.nep_fume_ugs_skills.bone.gravity_effect3] run data modify entity @s {} merge value {transformation:[-1f,0f,1.2246467991473532e-16f,0.2812500000000002f,0f,1f,0f,1.46875f,-1.2246467991473532e-16f,0f,-1f,-1.5580565599173546f,0f,0f,0f,1f],start_interpolation:0}
execute if entity @s[tag=aj.nep_fume_ugs_skills.bone.gravity_effect4] run data modify entity @s {} merge value {transformation:[-1f,0f,1.2246467991473532e-16f,-0.5468749999999999f,0f,1f,0f,0.96875f,-1.2246467991473532e-16f,0f,-1f,-1.1986815599173546f,0f,0f,0f,1f],start_interpolation:0}
execute if entity @s[tag=aj.nep_fume_ugs_skills.bone.gravity_effect5] run data modify entity @s {} merge value {transformation:[-1f,0f,1.2246467991473532e-16f,0.2031250000000001f,0f,1f,0f,0.59375f,-1.2246467991473532e-16f,0f,-1f,-1.0111815599173546f,0f,0f,0f,1f],start_interpolation:0}
execute if entity @s[tag=aj.nep_fume_ugs_skills.bone.gravity_effect6] run data modify entity @s {} merge value {transformation:[-1f,0f,1.2246467991473532e-16f,0.5156250000000001f,0f,1f,0f,0.71875f,-1.2246467991473532e-16f,0f,-1f,-1.5111815599173546f,0f,0f,0f,1f],start_interpolation:0}
execute if entity @s[tag=aj.nep_fume_ugs_skills.bone.gravity_effect7] run data modify entity @s {} merge value {transformation:[-1f,0f,1.2246467991473532e-16f,-0.06249999999999983f,0f,1f,0f,0.78125f,-1.2246467991473532e-16f,0f,-1f,-1.3393065599173546f,0f,0f,0f,1f],start_interpolation:0}
execute if entity @s[tag=aj.nep_fume_ugs_skills.bone.gravity_effect8] run data modify entity @s {} merge value {transformation:[-1f,0f,1.2246467991473532e-16f,0.09375000000000017f,0f,1f,0f,1.65625f,-1.2246467991473532e-16f,0f,-1f,-1.3080565599173546f,0f,0f,0f,1f],start_interpolation:0}
execute if entity @s[tag=aj.nep_fume_ugs_skills.bone.gravity_effect9] run data modify entity @s {} merge value {transformation:[-1f,0f,1.2246467991473532e-16f,0.4375000000000001f,0f,1f,0f,1.15625f,-1.2246467991473532e-16f,0f,-1f,-0.7143065599173545f,0f,0f,0f,1f],start_interpolation:0}
execute if entity @s[tag=aj.nep_fume_ugs_skills.locator_origin.nep_ride] at @s on origin run tp @s ^-0.0625 ^1 ^-1.27681 ~0 ~0
execute if entity @s[tag=aj.nep_fume_ugs_skills.locator_origin.wave_of_destruction0] at @s on origin run tp @s ^-0.375 ^2.56249 ^0.18752 ~0 ~90
execute if entity @s[tag=aj.nep_fume_ugs_skills.locator_origin.wave_of_destruction1] at @s on origin run tp @s ^-0.375 ^2.5625 ^0.18752 ~0 ~90
execute if entity @s[tag=aj.nep_fume_ugs_skills.locator_origin.wave_of_destruction2] at @s on origin run tp @s ^-0.375 ^2.56251 ^0.18752 ~0 ~90
execute if entity @s[tag=aj.nep_fume_ugs_skills.locator_origin.wave_of_destruction3] at @s on origin run tp @s ^-0.375 ^2.56252 ^0.18752 ~0 ~90
execute if entity @s[tag=aj.nep_fume_ugs_skills.locator_origin.wave_of_destruction4] at @s on origin run tp @s ^-0.375 ^2.56253 ^0.18752 ~0 ~90
execute if entity @s[tag=aj.nep_fume_ugs_skills.locator_origin.wave_of_destruction5] at @s on origin run tp @s ^-0.37501 ^2.56253 ^0.18752 ~0 ~90
execute if entity @s[tag=aj.nep_fume_ugs_skills.locator_origin.wave_of_destruction6] at @s on origin run tp @s ^-0.37499 ^2.56253 ^0.18752 ~0 ~90
execute if entity @s[tag=aj.nep_fume_ugs_skills.locator_origin.wave_of_destruction7] at @s on origin run tp @s ^-0.375 ^2.56253 ^0.18753 ~0 ~90
execute if entity @s[tag=aj.nep_fume_ugs_skills.locator_origin.wave_of_destruction8] at @s on origin run tp @s ^-0.375 ^2.56253 ^0.18751 ~0 ~90
execute if entity @s[tag=aj.nep_fume_ugs_skills.locator_origin.wave_of_destruction12] at @s on origin run tp @s ^-0.37501 ^2.56252 ^0.18752 ~0 ~90
execute if entity @s[tag=aj.nep_fume_ugs_skills.locator_origin.wave_of_destruction11] at @s on origin run tp @s ^-0.375 ^2.56252 ^0.18753 ~0 ~90
execute if entity @s[tag=aj.nep_fume_ugs_skills.locator_origin.wave_of_destruction10] at @s on origin run tp @s ^-0.37499 ^2.56252 ^0.18752 ~0 ~90
execute if entity @s[tag=aj.nep_fume_ugs_skills.locator_origin.wave_of_destruction9] at @s on origin run tp @s ^-0.375 ^2.56252 ^0.18751 ~0 ~90
execute if entity @s[tag=aj.nep_fume_ugs_skills.locator_origin.wave_of_destruction13] at @s on origin run tp @s ^-0.37501 ^2.56251 ^0.18752 ~0 ~90
execute if entity @s[tag=aj.nep_fume_ugs_skills.locator_origin.wave_of_destruction14] at @s on origin run tp @s ^-0.375 ^2.56251 ^0.18753 ~0 ~90
execute if entity @s[tag=aj.nep_fume_ugs_skills.locator_origin.wave_of_destruction15] at @s on origin run tp @s ^-0.37499 ^2.56251 ^0.18752 ~0 ~90
execute if entity @s[tag=aj.nep_fume_ugs_skills.locator_origin.wave_of_destruction16] at @s on origin run tp @s ^-0.375 ^2.56251 ^0.18751 ~0 ~90
execute if entity @s[tag=aj.nep_fume_ugs_skills.locator_origin.wave_of_destruction17] at @s on origin run tp @s ^-0.37501 ^2.5625 ^0.18752 ~0 ~90
execute if entity @s[tag=aj.nep_fume_ugs_skills.locator_origin.wave_of_destruction18] at @s on origin run tp @s ^-0.375 ^2.5625 ^0.18753 ~0 ~90
execute if entity @s[tag=aj.nep_fume_ugs_skills.locator_origin.wave_of_destruction19] at @s on origin run tp @s ^-0.37499 ^2.5625 ^0.18752 ~0 ~90
execute if entity @s[tag=aj.nep_fume_ugs_skills.locator_origin.wave_of_destruction20] at @s on origin run tp @s ^-0.375 ^2.5625 ^0.18751 ~0 ~90
execute if entity @s[tag=aj.nep_fume_ugs_skills.locator_origin.wave_of_destruction24] at @s on origin run tp @s ^-0.37499 ^2.56249 ^0.18752 ~0 ~90
execute if entity @s[tag=aj.nep_fume_ugs_skills.locator_origin.wave_of_destruction23] at @s on origin run tp @s ^-0.375 ^2.56249 ^0.18753 ~0 ~90
execute if entity @s[tag=aj.nep_fume_ugs_skills.locator_origin.wave_of_destruction22] at @s on origin run tp @s ^-0.37501 ^2.56249 ^0.18752 ~0 ~90
execute if entity @s[tag=aj.nep_fume_ugs_skills.locator_origin.wave_of_destruction21] at @s on origin run tp @s ^-0.375 ^2.56249 ^0.18751 ~0 ~90
execute if entity @s[tag=aj.nep_fume_ugs_skills.locator_origin.wave_of_destruction25] at @s on origin run tp @s ^0.00002 ^-0.00098 ^2.31487 ~0 ~90
execute if entity @s[tag=aj.nep_fume_ugs_skills.locator_origin.wave_of_destruction26] at @s on origin run tp @s ^0 ^-0.00098 ^2.31489 ~0 ~90
execute if entity @s[tag=aj.nep_fume_ugs_skills.locator_origin.wave_of_destruction27] at @s on origin run tp @s ^-0.00002 ^-0.00098 ^2.31487 ~0 ~90
execute if entity @s[tag=aj.nep_fume_ugs_skills.locator_origin.wave_of_destruction28] at @s on origin run tp @s ^0 ^-0.00098 ^2.31485 ~0 ~90
execute if entity @s[tag=aj.nep_fume_ugs_skills.locator_origin.wave_of_destruction29] at @s on origin run tp @s ^0.00002 ^-0.00097 ^2.31485 ~0 ~90
execute if entity @s[tag=aj.nep_fume_ugs_skills.locator_origin.wave_of_destruction30] at @s on origin run tp @s ^0.00001 ^-0.00098 ^2.31488 ~0 ~90
execute if entity @s[tag=aj.nep_fume_ugs_skills.locator_origin.wave_of_destruction31] at @s on origin run tp @s ^-0.00002 ^-0.00097 ^2.31488 ~0 ~90
execute if entity @s[tag=aj.nep_fume_ugs_skills.locator_origin.wave_of_destruction32] at @s on origin run tp @s ^-0.00002 ^-0.00097 ^2.31485 ~0 ~90