execute if entity @s[tag=aj.nep_fume_ugs_skills.bone.right_arm2] run data modify entity @s {} merge value {transformation:[-0.016943830256622078f,-0.37456633577274934f,-0.9270452883877957f,0.3259181727196339f,0.6219332359193089f,0.7220317828906792f,-0.3030992486870339f,1.199994168870888f,0.7828869373512191f,-0.5816959382714336f,0.22072126930439845f,1.2557541708496913f,0f,0f,0f,1f],start_interpolation:0}
execute if entity @s[tag=aj.nep_fume_ugs_skills.bone.right_arm] run data modify entity @s {} merge value {transformation:[-0.016943830256622078f,-0.37456633577274934f,-0.9270452883877957f,0.252231162302019f,0.6219332359193089f,0.7220317828906792f,-0.3030992486870339f,1.4187944579681182f,0.7828869373512191f,-0.5816959382714336f,0.22072126930439845f,1.1683849624089724f,0f,0f,0f,1f],start_interpolation:0}
execute if entity @s[tag=aj.nep_fume_ugs_skills.locator_origin.fume_ugs_locator] at @s on origin run tp @s ^-2.19886 ^0.26591 ^-0.1336 ~13.83684 ~1.70133
execute if entity @s[tag=aj.nep_fume_ugs_skills.locator_origin.fume_ugs_locator2] at @s on origin run tp @s ^-1.75247 ^0.45908 ^-0.01774 ~13.83684 ~1.70133
execute if entity @s[tag=aj.nep_fume_ugs_skills.locator_origin.fume_ugs_locator3] at @s on origin run tp @s ^-1.30608 ^0.65226 ^0.09812 ~13.83684 ~1.70133
execute if entity @s[tag=aj.nep_fume_ugs_skills.locator_origin.fume_ugs_locator4] at @s on origin run tp @s ^-0.8597 ^0.84543 ^0.21397 ~13.83684 ~1.70133
execute if entity @s[tag=aj.nep_fume_ugs_skills.locator_origin.fume_ugs_locator5] at @s on origin run tp @s ^-0.35751 ^1.06275 ^0.34431 ~13.83684 ~1.70133
execute if entity @s[tag=aj.nep_fume_ugs_skills.locator_origin.fume_ugs_locator10] at @s on origin run tp @s ^-0.26787 ^1.07388 ^-0.01964 ~13.83684 ~1.70133
execute if entity @s[tag=aj.nep_fume_ugs_skills.locator_origin.fume_ugs_locator9] at @s on origin run tp @s ^-0.77005 ^0.85656 ^-0.14998 ~13.83684 ~1.70133
execute if entity @s[tag=aj.nep_fume_ugs_skills.locator_origin.fume_ugs_locator8] at @s on origin run tp @s ^-1.21644 ^0.66339 ^-0.26584 ~13.83684 ~1.70133
execute if entity @s[tag=aj.nep_fume_ugs_skills.locator_origin.fume_ugs_locator7] at @s on origin run tp @s ^-1.66283 ^0.47022 ^-0.3817 ~13.83684 ~1.70133
execute if entity @s[tag=aj.nep_fume_ugs_skills.locator_origin.fume_ugs_locator6] at @s on origin run tp @s ^-2.10921 ^0.27704 ^-0.49755 ~13.83684 ~1.70133
execute if entity @s[tag=aj.nep_fume_ugs_skills.locator_origin.foe_ride_locator] at @s on origin run tp @s ^-1.37286 ^0.60953 ^-0.11283 ~13.83684 ~1.70133
execute if entity @s[tag=aj.nep_fume_ugs_skills.bone.fume_ugs_slash] run data modify entity @s {} merge value {transformation:[0.000010182650579522951f,-0.000023807300074512097f,0.000006374731480508737f,-2.3499818772627807f,-0.000024583349709725477f,-0.000010302582857202943f,7.917162565715042e-7f,0.18359449717175136f,0.0000017560339791110307f,-0.000006179025873365174f,-0.000025881404425409426f,-0.38262539798693307f,0f,0f,0f,1f],start_interpolation:0}
execute if entity @s[tag=aj.nep_fume_ugs_skills.bone.gravity_vortex] run data modify entity @s {} merge value {transformation:[0.00001190365003725605f,0.000005091325289761473f,0.0000031873657402543686f,-1.8604736475059804f,0.000005151291428601469f,-0.000012291674854862742f,3.958581282857521e-7f,0.43481262219030525f,0.000003089512936682587f,8.780169895555147e-7f,-0.000012940702212704713f,-0.19657636255177247f,0f,0f,0f,1f],start_interpolation:0}
execute if entity @s[tag=aj.nep_fume_ugs_skills.bone.fume_ultra_greatsword] run data modify entity @s {} merge value {transformation:[0.7927193476158616f,-1.8533983108007666f,0.4962728457576052f,-0.1045742925528705f,-1.9138137749021285f,-0.802056075433249f,0.0616351105740916f,1.1576402405606527f,0.13670724527379374f,-0.48103716424147885f,-2.0148673345181236f,0.19978909101879028f,0f,0f,0f,1f],start_interpolation:0}
execute if entity @s[tag=aj.nep_fume_ugs_skills.bone.left_arm2] run data modify entity @s {} merge value {transformation:[0.35830408999713426f,0.8345319261413828f,-0.4185386999335663f,0.010212959824254852f,-0.849621073325784f,0.47729760851194536f,0.22434577034016207f,1.2221880108858487f,0.3869912283916377f,0.27521529237949705f,0.880053596088556f,0.230784377263581f,0f,0f,0f,1f],start_interpolation:0}
execute if entity @s[tag=aj.nep_fume_ugs_skills.bone.left_arm] run data modify entity @s {} merge value {transformation:[0.35830408999713426f,0.8345319261413828f,-0.4185386999335663f,0.2909714062412772f,-0.849621073325784f,0.47729760851194536f,0.22434577034016207f,1.3827634554514905f,0.3869912283916377f,0.27521529237949705f,0.880053596088556f,0.32337402602146875f,0f,0f,0f,1f],start_interpolation:0}
execute if entity @s[tag=aj.nep_fume_ugs_skills.bone.head] run data modify entity @s {} merge value {transformation:[-0.3725832131699989f,-0.4230638891627203f,-0.825953203850214f,0.21128692597203252f,-0.013414728932644934f,0.892399312412921f,-0.45104712863802765f,1.4811612883279297f,0.9279018236384616f,-0.15697265013835815f,-0.3381682906438121f,0.7589402435291791f,0f,0f,0f,1f],start_interpolation:0}
execute if entity @s[tag=aj.nep_fume_ugs_skills.bone.body_top] run data modify entity @s {} merge value {transformation:[0.0418118732673018f,-0.23426659317391443f,-0.9712728404400934f,0.30352939703426135f,0.09231545214803512f,0.9688703518556133f,-0.22971307883941638f,1.0996685872847818f,0.9948515590521949f,-0.08005875728405847f,0.06213671083626261f,0.7904633792097772f,0f,0f,0f,1f],start_interpolation:0}
execute if entity @s[tag=aj.nep_fume_ugs_skills.bone.body] run data modify entity @s {} merge value {transformation:[0.0418118732673018f,-0.23426659317391443f,-0.9712728404400934f,0.4060210315478489f,0.09231545214803512f,0.9688703518556133f,-0.22971307883941638f,0.6757878083479509f,0.9948515590521949f,-0.08005875728405847f,0.06213671083626261f,0.8254890855215528f,0f,0f,0f,1f],start_interpolation:0}
execute if entity @s[tag=aj.nep_fume_ugs_skills.bone.right_leg2] run data modify entity @s {} merge value {transformation:[-0.09810078157859813f,-0.29253601127418233f,-0.9512091876981952f,0.45305451358813f,0.3946353311134363f,0.8660204258648057f,-0.30703676884361764f,0.46251261544496625f,0.9135858974889315f,-0.4055012997423464f,0.030487765031422965f,1.1026380166751026f,0f,0f,0f,1f],start_interpolation:0}
execute if entity @s[tag=aj.nep_fume_ugs_skills.bone.right_leg] run data modify entity @s {} merge value {transformation:[-0.09810078157859813f,-0.18171079152441963f,-0.9784464343525595f,0.3892850225962073f,0.3946353311134363f,0.8954779741401054f,-0.2058692625598125f,0.7781588353529192f,0.9135858974889315f,-0.4063254681576108f,-0.016137590769440185f,0.9423400219076967f,0f,0f,0f,1f],start_interpolation:0}
execute if entity @s[tag=aj.nep_fume_ugs_skills.bone.left_leg2] run data modify entity @s {} merge value {transformation:[-0.02913752666234211f,-0.2180712243995504f,-0.9754977937591056f,0.25383084422830726f,-0.11303192025371603f,0.9703713716964273f,-0.21354902480637022f,0.4280812986357221f,0.9931640295257169f,0.10404009842784208f,-0.05292323096113842f,0.6292930345222254f,0f,0f,0f,1f],start_interpolation:0}
execute if entity @s[tag=aj.nep_fume_ugs_skills.bone.left_leg] run data modify entity @s {} merge value {transformation:[-0.02913752666234211f,0.3808890589451604f,-0.9241615277189762f,0.39025757593262517f,-0.11303192025371603f,0.9173683814793205f,0.3816530330886543f,0.7559944369758886f,0.9931640295257169f,0.11558017753006788f,0.01632277606165873f,0.6863478487834329f,0f,0f,0f,1f],start_interpolation:0}
execute if entity @s[tag=aj.nep_fume_ugs_skills.bone.gravity_effect1] run data modify entity @s {} merge value {transformation:[-1f,0f,1.2246467991473532e-16f,-0.3125f,0f,1f,0f,1.3125f,-1.2246467991473532e-16f,0f,-1f,0.17228499999998886f,0f,0f,0f,1f],start_interpolation:0}
execute if entity @s[tag=aj.nep_fume_ugs_skills.bone.gravity_effect2] run data modify entity @s {} merge value {transformation:[-1f,0f,1.2246467991473532e-16f,-0.1718750000000001f,0f,1f,0f,1.40625f,-1.2246467991473532e-16f,0f,-1f,0.8129099999999889f,0f,0f,0f,1f],start_interpolation:0}
execute if entity @s[tag=aj.nep_fume_ugs_skills.bone.gravity_effect3] run data modify entity @s {} merge value {transformation:[-1f,0f,1.2246467991473532e-16f,0.28125f,0f,1f,0f,1.46875f,-1.2246467991473532e-16f,0f,-1f,0.266034999999989f,0f,0f,0f,1f],start_interpolation:0}
execute if entity @s[tag=aj.nep_fume_ugs_skills.bone.gravity_effect4] run data modify entity @s {} merge value {transformation:[-1f,0f,1.2246467991473532e-16f,-0.5468750000000001f,0f,1f,0f,0.96875f,-1.2246467991473532e-16f,0f,-1f,0.6254099999999889f,0f,0f,0f,1f],start_interpolation:0}
execute if entity @s[tag=aj.nep_fume_ugs_skills.bone.gravity_effect5] run data modify entity @s {} merge value {transformation:[-1f,0f,1.2246467991473532e-16f,0.2031249999999999f,0f,1f,0f,0.59375f,-1.2246467991473532e-16f,0f,-1f,0.8129099999999889f,0f,0f,0f,1f],start_interpolation:0}
execute if entity @s[tag=aj.nep_fume_ugs_skills.bone.gravity_effect6] run data modify entity @s {} merge value {transformation:[-1f,0f,1.2246467991473532e-16f,0.5156249999999999f,0f,1f,0f,0.71875f,-1.2246467991473532e-16f,0f,-1f,0.31290999999998903f,0f,0f,0f,1f],start_interpolation:0}
execute if entity @s[tag=aj.nep_fume_ugs_skills.bone.gravity_effect7] run data modify entity @s {} merge value {transformation:[-1f,0f,1.2246467991473532e-16f,-0.06250000000000006f,0f,1f,0f,0.78125f,-1.2246467991473532e-16f,0f,-1f,0.4847849999999889f,0f,0f,0f,1f],start_interpolation:0}
execute if entity @s[tag=aj.nep_fume_ugs_skills.bone.gravity_effect8] run data modify entity @s {} merge value {transformation:[-1f,0f,1.2246467991473532e-16f,0.09374999999999993f,0f,1f,0f,1.65625f,-1.2246467991473532e-16f,0f,-1f,0.5160349999999889f,0f,0f,0f,1f],start_interpolation:0}
execute if entity @s[tag=aj.nep_fume_ugs_skills.bone.gravity_effect9] run data modify entity @s {} merge value {transformation:[-1f,0f,1.2246467991473532e-16f,0.4374999999999999f,0f,1f,0f,1.15625f,-1.2246467991473532e-16f,0f,-1f,1.109784999999989f,0f,0f,0f,1f],start_interpolation:0}
execute if entity @s[tag=aj.nep_fume_ugs_skills.locator_origin.nep_ride] at @s on origin run tp @s ^-0.0625 ^1 ^0.54728 ~0 ~0
execute if entity @s[tag=aj.nep_fume_ugs_skills.locator_origin.wave_of_destruction0] at @s on origin run tp @s ^-0.375 ^0.49999 ^3.43752 ~0 ~90
execute if entity @s[tag=aj.nep_fume_ugs_skills.locator_origin.wave_of_destruction1] at @s on origin run tp @s ^-0.375 ^0.5 ^3.43752 ~0 ~90
execute if entity @s[tag=aj.nep_fume_ugs_skills.locator_origin.wave_of_destruction2] at @s on origin run tp @s ^-0.375 ^0.50001 ^3.43752 ~0 ~90
execute if entity @s[tag=aj.nep_fume_ugs_skills.locator_origin.wave_of_destruction3] at @s on origin run tp @s ^-0.375 ^0.50002 ^3.43752 ~0 ~90
execute if entity @s[tag=aj.nep_fume_ugs_skills.locator_origin.wave_of_destruction4] at @s on origin run tp @s ^-0.375 ^0.50003 ^3.43752 ~0 ~90
execute if entity @s[tag=aj.nep_fume_ugs_skills.locator_origin.wave_of_destruction5] at @s on origin run tp @s ^-0.37501 ^0.50003 ^3.43752 ~0 ~90
execute if entity @s[tag=aj.nep_fume_ugs_skills.locator_origin.wave_of_destruction6] at @s on origin run tp @s ^-0.37499 ^0.50003 ^3.43752 ~0 ~90
execute if entity @s[tag=aj.nep_fume_ugs_skills.locator_origin.wave_of_destruction7] at @s on origin run tp @s ^-0.375 ^0.50003 ^3.43753 ~0 ~90
execute if entity @s[tag=aj.nep_fume_ugs_skills.locator_origin.wave_of_destruction8] at @s on origin run tp @s ^-0.375 ^0.50003 ^3.43751 ~0 ~90
execute if entity @s[tag=aj.nep_fume_ugs_skills.locator_origin.wave_of_destruction12] at @s on origin run tp @s ^-0.37501 ^0.50002 ^3.43752 ~0 ~90
execute if entity @s[tag=aj.nep_fume_ugs_skills.locator_origin.wave_of_destruction11] at @s on origin run tp @s ^-0.375 ^0.50002 ^3.43753 ~0 ~90
execute if entity @s[tag=aj.nep_fume_ugs_skills.locator_origin.wave_of_destruction10] at @s on origin run tp @s ^-0.37499 ^0.50002 ^3.43752 ~0 ~90
execute if entity @s[tag=aj.nep_fume_ugs_skills.locator_origin.wave_of_destruction9] at @s on origin run tp @s ^-0.375 ^0.50002 ^3.43751 ~0 ~90
execute if entity @s[tag=aj.nep_fume_ugs_skills.locator_origin.wave_of_destruction13] at @s on origin run tp @s ^-0.37501 ^0.50001 ^3.43752 ~0 ~90
execute if entity @s[tag=aj.nep_fume_ugs_skills.locator_origin.wave_of_destruction14] at @s on origin run tp @s ^-0.375 ^0.50001 ^3.43753 ~0 ~90
execute if entity @s[tag=aj.nep_fume_ugs_skills.locator_origin.wave_of_destruction15] at @s on origin run tp @s ^-0.37499 ^0.50001 ^3.43752 ~0 ~90
execute if entity @s[tag=aj.nep_fume_ugs_skills.locator_origin.wave_of_destruction16] at @s on origin run tp @s ^-0.375 ^0.50001 ^3.43751 ~0 ~90
execute if entity @s[tag=aj.nep_fume_ugs_skills.locator_origin.wave_of_destruction17] at @s on origin run tp @s ^-0.37501 ^0.5 ^3.43752 ~0 ~90
execute if entity @s[tag=aj.nep_fume_ugs_skills.locator_origin.wave_of_destruction18] at @s on origin run tp @s ^-0.375 ^0.5 ^3.43753 ~0 ~90
execute if entity @s[tag=aj.nep_fume_ugs_skills.locator_origin.wave_of_destruction19] at @s on origin run tp @s ^-0.37499 ^0.5 ^3.43752 ~0 ~90
execute if entity @s[tag=aj.nep_fume_ugs_skills.locator_origin.wave_of_destruction20] at @s on origin run tp @s ^-0.375 ^0.5 ^3.43751 ~0 ~90
execute if entity @s[tag=aj.nep_fume_ugs_skills.locator_origin.wave_of_destruction24] at @s on origin run tp @s ^-0.37499 ^0.49999 ^3.43752 ~0 ~90
execute if entity @s[tag=aj.nep_fume_ugs_skills.locator_origin.wave_of_destruction23] at @s on origin run tp @s ^-0.375 ^0.49999 ^3.43753 ~0 ~90
execute if entity @s[tag=aj.nep_fume_ugs_skills.locator_origin.wave_of_destruction22] at @s on origin run tp @s ^-0.37501 ^0.49999 ^3.43752 ~0 ~90
execute if entity @s[tag=aj.nep_fume_ugs_skills.locator_origin.wave_of_destruction21] at @s on origin run tp @s ^-0.375 ^0.49999 ^3.43751 ~0 ~90
execute if entity @s[tag=aj.nep_fume_ugs_skills.locator_origin.wave_of_destruction25] at @s on origin run tp @s ^0.00002 ^-0.00098 ^4.09612 ~0 ~90
execute if entity @s[tag=aj.nep_fume_ugs_skills.locator_origin.wave_of_destruction26] at @s on origin run tp @s ^0 ^-0.00098 ^4.09614 ~0 ~90
execute if entity @s[tag=aj.nep_fume_ugs_skills.locator_origin.wave_of_destruction27] at @s on origin run tp @s ^-0.00002 ^-0.00098 ^4.09612 ~0 ~90
execute if entity @s[tag=aj.nep_fume_ugs_skills.locator_origin.wave_of_destruction28] at @s on origin run tp @s ^0 ^-0.00098 ^4.0961 ~0 ~90
execute if entity @s[tag=aj.nep_fume_ugs_skills.locator_origin.wave_of_destruction29] at @s on origin run tp @s ^0.00002 ^-0.00097 ^4.0961 ~0 ~90
execute if entity @s[tag=aj.nep_fume_ugs_skills.locator_origin.wave_of_destruction30] at @s on origin run tp @s ^0.00001 ^-0.00098 ^4.09613 ~0 ~90
execute if entity @s[tag=aj.nep_fume_ugs_skills.locator_origin.wave_of_destruction31] at @s on origin run tp @s ^-0.00002 ^-0.00097 ^4.09613 ~0 ~90
execute if entity @s[tag=aj.nep_fume_ugs_skills.locator_origin.wave_of_destruction32] at @s on origin run tp @s ^-0.00002 ^-0.00097 ^4.0961 ~0 ~90