execute if entity @s[tag=aj.nep_fume_ugs_skills.bone.right_arm2] run data modify entity @s {} merge value {transformation:[0.9660461815202626f,-0.2583694547931698f,0f,0.38009453841337143f,0.2583694547931698f,0.9660461815202626f,0f,2.1470489400337627f,0f,0f,1f,0.12605202261991563f,0f,0f,0f,1f],start_interpolation:0}
execute if entity @s[tag=aj.nep_fume_ugs_skills.bone.right_arm] run data modify entity @s {} merge value {transformation:[0.9660461815202626f,-0.2583694547931698f,0f,0.3856021785915485f,0.2583694547931698f,0.9660461815202626f,0f,2.39323464061359f,0f,0f,1f,0.10876077261991562f,0f,0f,0f,1f],start_interpolation:0}
execute if entity @s[tag=aj.nep_fume_ugs_skills.locator_origin.fume_ugs_locator] at @s on origin run tp @s ^-0.5217 ^2.2196 ^2.44025 ~51.24504 ~71.07009
execute if entity @s[tag=aj.nep_fume_ugs_skills.locator_origin.fume_ugs_locator2] at @s on origin run tp @s ^-0.54794 ^2.12151 ^1.95067 ~51.24504 ~71.07009
execute if entity @s[tag=aj.nep_fume_ugs_skills.locator_origin.fume_ugs_locator3] at @s on origin run tp @s ^-0.57417 ^2.02342 ^1.46109 ~51.24504 ~71.07009
execute if entity @s[tag=aj.nep_fume_ugs_skills.locator_origin.fume_ugs_locator4] at @s on origin run tp @s ^-0.60041 ^1.92533 ^0.97151 ~51.24504 ~71.07009
execute if entity @s[tag=aj.nep_fume_ugs_skills.locator_origin.fume_ugs_locator5] at @s on origin run tp @s ^-0.62992 ^1.81497 ^0.42073 ~51.24504 ~71.07009
execute if entity @s[tag=aj.nep_fume_ugs_skills.locator_origin.fume_ugs_locator10] at @s on origin run tp @s ^-0.53505 ^2.16969 ^0.34457 ~51.24504 ~71.07009
execute if entity @s[tag=aj.nep_fume_ugs_skills.locator_origin.fume_ugs_locator9] at @s on origin run tp @s ^-0.50554 ^2.28005 ^0.89535 ~51.24504 ~71.07009
execute if entity @s[tag=aj.nep_fume_ugs_skills.locator_origin.fume_ugs_locator8] at @s on origin run tp @s ^-0.4793 ^2.37814 ^1.38493 ~51.24504 ~71.07009
execute if entity @s[tag=aj.nep_fume_ugs_skills.locator_origin.fume_ugs_locator7] at @s on origin run tp @s ^-0.45307 ^2.47623 ^1.87452 ~51.24504 ~71.07009
execute if entity @s[tag=aj.nep_fume_ugs_skills.locator_origin.fume_ugs_locator6] at @s on origin run tp @s ^-0.42683 ^2.57432 ^2.3641 ~51.24504 ~71.07009
execute if entity @s[tag=aj.nep_fume_ugs_skills.locator_origin.foe_ride_locator] at @s on origin run tp @s ^-0.52018 ^2.2253 ^1.54541 ~51.24504 ~71.07009
execute if entity @s[tag=aj.nep_fume_ugs_skills.bone.fume_ugs_slash] run data modify entity @s {} merge value {transformation:[-0.000025761231507207006f,-0.0000012890170663190982f,0.0000067681974960793205f,-0.48341458713130164f,0.000006889852127817857f,-0.000004819648730647613f,0.000025306363525427383f,2.3696489555440583f,6.631983647676897e-22f,0.00002619581134889729f,0.0000049890458891550645f,2.186618434884587f,0f,0f,0f,1f],start_interpolation:0}
execute if entity @s[tag=aj.nep_fume_ugs_skills.bone.gravity_vortex] run data modify entity @s {} merge value {transformation:[-6.99590282047244e-7f,-0.000012880615753603503f,0.000003373142306968998f,-0.4735256917008821f,-0.0000026157756192249658f,0.000003444926063908929f,0.000012612215511235406f,2.2815900919123133f,-0.000013055499573930946f,3.230502427376256e-21f,-0.000002707712808417225f,2.064910863315422f,0f,0f,0f,1f],start_interpolation:0}
execute if entity @s[tag=aj.nep_fume_ugs_skills.bone.fume_ultra_greatsword] run data modify entity @s {} merge value {transformation:[-2.0055118728360655f,0.10892620691475544f,0.525198257195073f,-0.5900446303298321f,0.5363749881506202f,0.4072762639133273f,1.9637219550993525f,1.9624866764290811f,5.162999269716465e-17f,2.032741283661048f,-0.4215908842705619f,0.15517574579351145f,0f,0f,0f,1f],start_interpolation:0}
execute if entity @s[tag=aj.nep_fume_ugs_skills.bone.left_arm2] run data modify entity @s {} merge value {transformation:[0.9660461815202627f,0.25298567302267494f,0.052469271153543134f,-0.5578469647627621f,-0.25836945479316975f,0.9459161633426554f,0.1961831714418727f,2.0895215532925597f,0f,-0.2030784606312921f,0.9791624680448209f,0.12157982157713419f,0f,0f,0f,1f],start_interpolation:0}
execute if entity @s[tag=aj.nep_fume_ugs_skills.bone.left_arm] run data modify entity @s {} merge value {transformation:[0.9660461815202627f,0.2581818254500372f,0.009844804589545295f,-0.47098782140845147f,-0.25836945479316975f,0.965344633380141f,0.03680983067118663f,2.4142888282582655f,0f,-0.0381035931566534f,0.9992737944069945f,0.10876077261991562f,0f,0f,0f,1f],start_interpolation:0}
execute if entity @s[tag=aj.nep_fume_ugs_skills.bone.head] run data modify entity @s {} merge value {transformation:[1f,0f,0f,-0.01768907140845151f,0f,1f,0f,2.4958749415395154f,0f,0f,1f,0.10876077261991562f,0f,0f,0f,1f],start_interpolation:0}
execute if entity @s[tag=aj.nep_fume_ugs_skills.bone.body_top] run data modify entity @s {} merge value {transformation:[1f,0f,0f,-0.01768907140845151f,0f,1f,0f,2.1021249415395156f,0f,0f,1f,0.10876077261991562f,0f,0f,0f,1f],start_interpolation:0}
execute if entity @s[tag=aj.nep_fume_ugs_skills.bone.body] run data modify entity @s {} merge value {transformation:[1f,0f,0f,-0.01768907140845151f,0f,1f,0f,1.6646249415395156f,0f,0f,1f,0.10876077261991562f,0f,0f,0f,1f],start_interpolation:0}
execute if entity @s[tag=aj.nep_fume_ugs_skills.bone.right_leg2] run data modify entity @s {} merge value {transformation:[0.9770393556621783f,-0.21305272839351938f,0.0016224707433030103f,0.1988838386796828f,0.2130588526769231f,0.9770161756547773f,-0.0067318500359612315f,1.4118001766742883f,-0.0001509411434361136f,0.006922964176619972f,0.9999760246044804f,0.13867507934099688f,0f,0f,0f,1f],start_interpolation:0}
execute if entity @s[tag=aj.nep_fume_ugs_skills.bone.right_leg] run data modify entity @s {} merge value {transformation:[0.9770393556621783f,-0.21233160391210504f,-0.017589413502119726f,0.10731092859154849f,0.2130588526769231f,0.9736453827848464f,0.08136703188480683f,1.7583749415395156f,-0.0001509411434361136f,-0.08324637266489719f,0.9965289853561251f,0.10876077261991562f,0f,0f,0f,1f],start_interpolation:0}
execute if entity @s[tag=aj.nep_fume_ugs_skills.bone.left_leg2] run data modify entity @s {} merge value {transformation:[0.9772415531763704f,0.20793631006731075f,-0.04196948535574921f,-0.23407044502241225f,-0.2116103439039502f,0.96941357453969f,-0.1243317491674299f,1.4104842471737407f,0.014832703674218206f,0.130383328895116f,0.991352701336886f,0.11276584192328214f,0f,0f,0f,1f],start_interpolation:0}
execute if entity @s[tag=aj.nep_fume_ugs_skills.bone.left_leg] run data modify entity @s {} merge value {transformation:[0.9772415531763704f,0.21178984165726597f,-0.012000404835898459f,-0.1426890714084515f,-0.2116103439039502f,0.9772441210136321f,0.014662547430288145f,1.7583749415395156f,0.014832703674218206f,-0.011789440829985886f,0.999820483880296f,0.10876077261991562f,0f,0f,0f,1f],start_interpolation:0}
execute if entity @s[tag=aj.nep_fume_ugs_skills.bone.gravity_effect1] run data modify entity @s {} merge value {transformation:[-1f,0f,1.2246467991473532e-16f,-0.3124999999999998f,0f,1f,0f,1.3125f,-1.2246467991473532e-16f,0f,-1f,-1.8535714285714286f,0f,0f,0f,1f],start_interpolation:0}
execute if entity @s[tag=aj.nep_fume_ugs_skills.bone.gravity_effect2] run data modify entity @s {} merge value {transformation:[-1f,0f,1.2246467991473532e-16f,-0.17187499999999983f,0f,1f,0f,1.40625f,-1.2246467991473532e-16f,0f,-1f,-1.2129464285714286f,0f,0f,0f,1f],start_interpolation:0}
execute if entity @s[tag=aj.nep_fume_ugs_skills.bone.gravity_effect3] run data modify entity @s {} merge value {transformation:[-1f,0f,1.2246467991473532e-16f,0.2812500000000002f,0f,1f,0f,1.46875f,-1.2246467991473532e-16f,0f,-1f,-1.7598214285714286f,0f,0f,0f,1f],start_interpolation:0}
execute if entity @s[tag=aj.nep_fume_ugs_skills.bone.gravity_effect4] run data modify entity @s {} merge value {transformation:[-1f,0f,1.2246467991473532e-16f,-0.5468749999999998f,0f,1f,0f,0.96875f,-1.2246467991473532e-16f,0f,-1f,-1.4004464285714286f,0f,0f,0f,1f],start_interpolation:0}
execute if entity @s[tag=aj.nep_fume_ugs_skills.bone.gravity_effect5] run data modify entity @s {} merge value {transformation:[-1f,0f,1.2246467991473532e-16f,0.2031250000000001f,0f,1f,0f,0.59375f,-1.2246467991473532e-16f,0f,-1f,-1.2129464285714286f,0f,0f,0f,1f],start_interpolation:0}
execute if entity @s[tag=aj.nep_fume_ugs_skills.bone.gravity_effect6] run data modify entity @s {} merge value {transformation:[-1f,0f,1.2246467991473532e-16f,0.5156250000000002f,0f,1f,0f,0.71875f,-1.2246467991473532e-16f,0f,-1f,-1.7129464285714286f,0f,0f,0f,1f],start_interpolation:0}
execute if entity @s[tag=aj.nep_fume_ugs_skills.bone.gravity_effect7] run data modify entity @s {} merge value {transformation:[-1f,0f,1.2246467991473532e-16f,-0.06249999999999981f,0f,1f,0f,0.78125f,-1.2246467991473532e-16f,0f,-1f,-1.5410714285714286f,0f,0f,0f,1f],start_interpolation:0}
execute if entity @s[tag=aj.nep_fume_ugs_skills.bone.gravity_effect8] run data modify entity @s {} merge value {transformation:[-1f,0f,1.2246467991473532e-16f,0.09375000000000018f,0f,1f,0f,1.65625f,-1.2246467991473532e-16f,0f,-1f,-1.5098214285714286f,0f,0f,0f,1f],start_interpolation:0}
execute if entity @s[tag=aj.nep_fume_ugs_skills.bone.gravity_effect9] run data modify entity @s {} merge value {transformation:[-1f,0f,1.2246467991473532e-16f,0.4375000000000001f,0f,1f,0f,1.15625f,-1.2246467991473532e-16f,0f,-1f,-0.9160714285714285f,0f,0f,0f,1f],start_interpolation:0}
execute if entity @s[tag=aj.nep_fume_ugs_skills.locator_origin.nep_ride] at @s on origin run tp @s ^-0.0625 ^1 ^-1.47857 ~0 ~0
execute if entity @s[tag=aj.nep_fume_ugs_skills.locator_origin.wave_of_destruction0] at @s on origin run tp @s ^-0.375 ^2.56249 ^0.18752 ~0 ~90
execute if entity @s[tag=aj.nep_fume_ugs_skills.locator_origin.wave_of_destruction1] at @s on origin run tp @s ^-0.375 ^2.5625 ^0.18752 ~0 ~90
execute if entity @s[tag=aj.nep_fume_ugs_skills.locator_origin.wave_of_destruction2] at @s on origin run tp @s ^-0.375 ^2.56251 ^0.18752 ~0 ~90
execute if entity @s[tag=aj.nep_fume_ugs_skills.locator_origin.wave_of_destruction3] at @s on origin run tp @s ^-0.375 ^2.56252 ^0.18752 ~0 ~90
execute if entity @s[tag=aj.nep_fume_ugs_skills.locator_origin.wave_of_destruction4] at @s on origin run tp @s ^-0.375 ^2.56253 ^0.18752 ~0 ~90
execute if entity @s[tag=aj.nep_fume_ugs_skills.locator_origin.wave_of_destruction5] at @s on origin run tp @s ^-0.37501 ^2.56253 ^0.18752 ~0 ~90
execute if entity @s[tag=aj.nep_fume_ugs_skills.locator_origin.wave_of_destruction6] at @s on origin run tp @s ^-0.37499 ^2.56253 ^0.18752 ~0 ~90
execute if entity @s[tag=aj.nep_fume_ugs_skills.locator_origin.wave_of_destruction7] at @s on origin run tp @s ^-0.375 ^2.56253 ^0.18753 ~0 ~90
execute if entity @s[tag=aj.nep_fume_ugs_skills.locator_origin.wave_of_destruction8] at @s on origin run tp @s ^-0.375 ^2.56253 ^0.18751 ~0 ~90
execute if entity @s[tag=aj.nep_fume_ugs_skills.locator_origin.wave_of_destruction12] at @s on origin run tp @s ^-0.37501 ^2.56252 ^0.18752 ~0 ~90
execute if entity @s[tag=aj.nep_fume_ugs_skills.locator_origin.wave_of_destruction11] at @s on origin run tp @s ^-0.375 ^2.56252 ^0.18753 ~0 ~90
execute if entity @s[tag=aj.nep_fume_ugs_skills.locator_origin.wave_of_destruction10] at @s on origin run tp @s ^-0.37499 ^2.56252 ^0.18752 ~0 ~90
execute if entity @s[tag=aj.nep_fume_ugs_skills.locator_origin.wave_of_destruction9] at @s on origin run tp @s ^-0.375 ^2.56252 ^0.18751 ~0 ~90
execute if entity @s[tag=aj.nep_fume_ugs_skills.locator_origin.wave_of_destruction13] at @s on origin run tp @s ^-0.37501 ^2.56251 ^0.18752 ~0 ~90
execute if entity @s[tag=aj.nep_fume_ugs_skills.locator_origin.wave_of_destruction14] at @s on origin run tp @s ^-0.375 ^2.56251 ^0.18753 ~0 ~90
execute if entity @s[tag=aj.nep_fume_ugs_skills.locator_origin.wave_of_destruction15] at @s on origin run tp @s ^-0.37499 ^2.56251 ^0.18752 ~0 ~90
execute if entity @s[tag=aj.nep_fume_ugs_skills.locator_origin.wave_of_destruction16] at @s on origin run tp @s ^-0.375 ^2.56251 ^0.18751 ~0 ~90
execute if entity @s[tag=aj.nep_fume_ugs_skills.locator_origin.wave_of_destruction17] at @s on origin run tp @s ^-0.37501 ^2.5625 ^0.18752 ~0 ~90
execute if entity @s[tag=aj.nep_fume_ugs_skills.locator_origin.wave_of_destruction18] at @s on origin run tp @s ^-0.375 ^2.5625 ^0.18753 ~0 ~90
execute if entity @s[tag=aj.nep_fume_ugs_skills.locator_origin.wave_of_destruction19] at @s on origin run tp @s ^-0.37499 ^2.5625 ^0.18752 ~0 ~90
execute if entity @s[tag=aj.nep_fume_ugs_skills.locator_origin.wave_of_destruction20] at @s on origin run tp @s ^-0.375 ^2.5625 ^0.18751 ~0 ~90
execute if entity @s[tag=aj.nep_fume_ugs_skills.locator_origin.wave_of_destruction24] at @s on origin run tp @s ^-0.37499 ^2.56249 ^0.18752 ~0 ~90
execute if entity @s[tag=aj.nep_fume_ugs_skills.locator_origin.wave_of_destruction23] at @s on origin run tp @s ^-0.375 ^2.56249 ^0.18753 ~0 ~90
execute if entity @s[tag=aj.nep_fume_ugs_skills.locator_origin.wave_of_destruction22] at @s on origin run tp @s ^-0.37501 ^2.56249 ^0.18752 ~0 ~90
execute if entity @s[tag=aj.nep_fume_ugs_skills.locator_origin.wave_of_destruction21] at @s on origin run tp @s ^-0.375 ^2.56249 ^0.18751 ~0 ~90
execute if entity @s[tag=aj.nep_fume_ugs_skills.locator_origin.wave_of_destruction25] at @s on origin run tp @s ^0.00002 ^-0.00098 ^2.31487 ~0 ~90
execute if entity @s[tag=aj.nep_fume_ugs_skills.locator_origin.wave_of_destruction26] at @s on origin run tp @s ^0 ^-0.00098 ^2.31489 ~0 ~90
execute if entity @s[tag=aj.nep_fume_ugs_skills.locator_origin.wave_of_destruction27] at @s on origin run tp @s ^-0.00002 ^-0.00098 ^2.31487 ~0 ~90
execute if entity @s[tag=aj.nep_fume_ugs_skills.locator_origin.wave_of_destruction28] at @s on origin run tp @s ^0 ^-0.00098 ^2.31485 ~0 ~90
execute if entity @s[tag=aj.nep_fume_ugs_skills.locator_origin.wave_of_destruction29] at @s on origin run tp @s ^0.00002 ^-0.00097 ^2.31485 ~0 ~90
execute if entity @s[tag=aj.nep_fume_ugs_skills.locator_origin.wave_of_destruction30] at @s on origin run tp @s ^0.00001 ^-0.00098 ^2.31488 ~0 ~90
execute if entity @s[tag=aj.nep_fume_ugs_skills.locator_origin.wave_of_destruction31] at @s on origin run tp @s ^-0.00002 ^-0.00097 ^2.31488 ~0 ~90
execute if entity @s[tag=aj.nep_fume_ugs_skills.locator_origin.wave_of_destruction32] at @s on origin run tp @s ^-0.00002 ^-0.00097 ^2.31485 ~0 ~90