execute if entity @s[tag=aj.nep_fume_ugs_skills.bone.right_arm2] run data modify entity @s {} merge value {transformation:[-0.026763291793327967f,-0.36585219867020996f,-0.9302880709439194f,0.315742049944154f,0.6209308254406309f,0.7232336843194347f,-0.30228785599714936f,1.2161954217047923f,0.7834083457750511f,-0.5857347578844112f,0.20781279358135846f,1.2977935918827244f,0f,0f,0f,1f],start_interpolation:0}
execute if entity @s[tag=aj.nep_fume_ugs_skills.bone.right_arm] run data modify entity @s {} merge value {transformation:[-0.026763291793327967f,-0.36585219867020996f,-0.9302880709439194f,0.24349427787998973f,0.6209308254406309f,0.7232336843194347f,-0.30228785599714936f,1.435196834170056f,0.7834083457750511f,-0.5857347578844112f,0.20781279358135846f,1.2097286428788476f,0f,0f,0f,1f],start_interpolation:0}
execute if entity @s[tag=aj.nep_fume_ugs_skills.locator_origin.fume_ugs_locator] at @s on origin run tp @s ^-2.12799 ^0.20787 ^-0.24282 ~17.0926 ~2.6186
execute if entity @s[tag=aj.nep_fume_ugs_skills.locator_origin.fume_ugs_locator2] at @s on origin run tp @s ^-1.69557 ^0.41429 ^-0.09998 ~17.0926 ~2.6186
execute if entity @s[tag=aj.nep_fume_ugs_skills.locator_origin.fume_ugs_locator3] at @s on origin run tp @s ^-1.26315 ^0.62072 ^0.04287 ~17.0926 ~2.6186
execute if entity @s[tag=aj.nep_fume_ugs_skills.locator_origin.fume_ugs_locator4] at @s on origin run tp @s ^-0.83073 ^0.82714 ^0.18571 ~17.0926 ~2.6186
execute if entity @s[tag=aj.nep_fume_ugs_skills.locator_origin.fume_ugs_locator5] at @s on origin run tp @s ^-0.34426 ^1.05936 ^0.34641 ~17.0926 ~2.6186
execute if entity @s[tag=aj.nep_fume_ugs_skills.locator_origin.fume_ugs_locator10] at @s on origin run tp @s ^-0.23416 ^1.07649 ^-0.01165 ~17.0926 ~2.6186
execute if entity @s[tag=aj.nep_fume_ugs_skills.locator_origin.fume_ugs_locator9] at @s on origin run tp @s ^-0.72063 ^0.84427 ^-0.17235 ~17.0926 ~2.6186
execute if entity @s[tag=aj.nep_fume_ugs_skills.locator_origin.fume_ugs_locator8] at @s on origin run tp @s ^-1.15305 ^0.63785 ^-0.31519 ~17.0926 ~2.6186
execute if entity @s[tag=aj.nep_fume_ugs_skills.locator_origin.fume_ugs_locator7] at @s on origin run tp @s ^-1.58546 ^0.43143 ^-0.45804 ~17.0926 ~2.6186
execute if entity @s[tag=aj.nep_fume_ugs_skills.locator_origin.fume_ugs_locator6] at @s on origin run tp @s ^-2.01788 ^0.225 ^-0.60088 ~17.0926 ~2.6186
execute if entity @s[tag=aj.nep_fume_ugs_skills.bone.fume_ugs_slash] run data modify entity @s {} merge value {transformation:[0.000010859974426111716f,-0.000023062294626084645f,0.000007829599808098757f,-2.2617139718103605f,-0.000024257475952387113f,-0.000011009161818384363f,0.000001218329835102832f,0.12288007173549964f,0.000002178744361937234f,-0.000007618400996758344f,-0.00002546221024123851f,-0.5007425439093589f,0f,0f,0f,1f],start_interpolation:0}
execute if entity @s[tag=aj.nep_fume_ugs_skills.bone.gravity_vortex] run data modify entity @s {} merge value {transformation:[0.000011531147313042314f,0.000005429987213055851f,0.000003914799904049375f,-1.792214878113695f,0.000005504580909192174f,-0.000012128737976193546f,6.091649175514154e-7f,0.38809817489817655f,0.000003809200498379168f,0.0000010893721809686152f,-0.000012731105120619241f,-0.2849346300214998f,0f,0f,0f,1f],start_interpolation:0}
execute if entity @s[tag=aj.nep_fume_ugs_skills.bone.fume_ultra_greatsword] run data modify entity @s {} merge value {transformation:[0.8454490090727964f,-1.795399636640688f,0.6095343450604876f,-0.08662764803995968f,-1.8884445028933348f,-0.8570632475612219f,0.09484697766275538f,1.1635693068174584f,0.1696152485768135f,-0.5930925175976365f,-1.982233067280416f,0.21744431814126458f,0f,0f,0f,1f],start_interpolation:0}
execute if entity @s[tag=aj.nep_fume_ugs_skills.bone.left_arm2] run data modify entity @s {} merge value {transformation:[0.36285439108741535f,0.8012460930305823f,-0.4757534963316711f,0.024013350588312055f,-0.840953904023309f,0.5014983508822463f,0.20321401371544967f,1.2315052979807706f,0.40141402837536283f,0.3263496628857087f,0.8557819087582117f,0.2554772809345806f,0f,0f,0f,1f],start_interpolation:0}
execute if entity @s[tag=aj.nep_fume_ugs_skills.bone.left_arm] run data modify entity @s {} merge value {transformation:[0.36285439108741535f,0.8012460930305823f,-0.4757534963316711f,0.2935731934096359f,-0.840953904023309f,0.5014983508822463f,0.20321401371544967f,1.4002222724719169f,0.40141402837536283f,0.3263496628857087f,0.8557819087582117f,0.3652697212315793f,0f,0f,0f,1f],start_interpolation:0}
execute if entity @s[tag=aj.nep_fume_ugs_skills.bone.head] run data modify entity @s {} merge value {transformation:[-0.3850657422017724f,-0.4198683575910214f,-0.8218484875428176f,0.20814279314036038f,-0.01418379433776705f,0.8931042493694067f,-0.44962608880768107f,1.4981462136541959f,0.9227801440000659f,-0.16147867367589758f,-0.34985917707999453f,0.7998523025789784f,0f,0f,0f,1f],start_interpolation:0}
execute if entity @s[tag=aj.nep_fume_ugs_skills.bone.body_top] run data modify entity @s {} merge value {transformation:[0.028512952381131204f,-0.23203523167273737f,-0.9722893925211212f,0.29950666561150074f,0.09096763888421418f,0.9692510096792307f,-0.22864244774674553f,1.1165036285929988f,0.9954455787346402f,-0.08192759912490513f,0.04874390504756777f,0.8321112947344098f,0f,0f,0f,1f],start_interpolation:0}
execute if entity @s[tag=aj.nep_fume_ugs_skills.bone.body] run data modify entity @s {} merge value {transformation:[0.028512952381131204f,-0.23203523167273737f,-0.9722893925211212f,0.40102207946832336f,0.09096763888421418f,0.9692510096792307f,-0.22864244774674553f,0.6924563118583353f,0.9954455787346402f,-0.08192759912490513f,0.04874390504756777f,0.8679546193515558f,0f,0f,0f,1f],start_interpolation:0}
execute if entity @s[tag=aj.nep_fume_ugs_skills.bone.right_leg2] run data modify entity @s {} merge value {transformation:[-0.10993905259218498f,-0.27225706264173366f,-0.9559233737893579f,0.4003385637452268f,0.3935589385853047f,0.8712233260090247f,-0.2933961112172099f,0.47216146641658624f,0.9127019045530372f,-0.40846787885887453f,0.01136773353798902f,1.1430096691026865f,0f,0f,0f,1f],start_interpolation:0}
execute if entity @s[tag=aj.nep_fume_ugs_skills.bone.right_leg] run data modify entity @s {} merge value {transformation:[-0.10993905259218498f,-0.05349138336092951f,-0.9924978975399733f,0.3828328955466457f,0.3935589385853047f,0.9145946180872324f,-0.09288727806044386f,0.79469454887629f,0.9127019045530372f,-0.4008183584518104f,-0.07949765375943454f,0.9847046042754259f,0f,0f,0f,1f],start_interpolation:0}
execute if entity @s[tag=aj.nep_fume_ugs_skills.bone.left_leg2] run data modify entity @s {} merge value {transformation:[-0.04264701344237845f,-0.3625868131708861f,-0.9309737027215254f,0.30273323115363765f,-0.11429310873766756f,0.9274747128499605f,-0.35598840194445025f,0.4282367706137428f,0.9925312677893455f,0.09122203647400443f,-0.08099520061096277f,0.6696617519375243f,0f,0f,0f,1f],start_interpolation:0}
execute if entity @s[tag=aj.nep_fume_ugs_skills.bone.left_leg] run data modify entity @s {} merge value {transformation:[-0.04264701344237845f,0.23697084950238853f,-0.970580263930069f,0.3872282706085214f,-0.11429310873766756f,0.9639293660269923f,0.24036901340622238f,0.7728630567056671f,0.9925312677893455f,0.1211816561898598f,-0.014024573560622554f,0.7287197106899637f,0f,0f,0f,1f],start_interpolation:0}
execute if entity @s[tag=aj.nep_fume_ugs_skills.bone.gravity_effect1] run data modify entity @s {} merge value {transformation:[-1f,0f,1.2246467991473532e-16f,-0.31249999999999983f,0f,1f,0f,1.3125f,-1.2246467991473532e-16f,0f,-1f,-1.2565925f,0f,0f,0f,1f],start_interpolation:0}
execute if entity @s[tag=aj.nep_fume_ugs_skills.bone.gravity_effect2] run data modify entity @s {} merge value {transformation:[-1f,0f,1.2246467991473532e-16f,-0.17187499999999992f,0f,1f,0f,1.40625f,-1.2246467991473532e-16f,0f,-1f,-0.6159675f,0f,0f,0f,1f],start_interpolation:0}
execute if entity @s[tag=aj.nep_fume_ugs_skills.bone.gravity_effect3] run data modify entity @s {} merge value {transformation:[-1f,0f,1.2246467991473532e-16f,0.28125000000000017f,0f,1f,0f,1.46875f,-1.2246467991473532e-16f,0f,-1f,-1.1628425f,0f,0f,0f,1f],start_interpolation:0}
execute if entity @s[tag=aj.nep_fume_ugs_skills.bone.gravity_effect4] run data modify entity @s {} merge value {transformation:[-1f,0f,1.2246467991473532e-16f,-0.5468749999999999f,0f,1f,0f,0.96875f,-1.2246467991473532e-16f,0f,-1f,-0.8034675f,0f,0f,0f,1f],start_interpolation:0}
execute if entity @s[tag=aj.nep_fume_ugs_skills.bone.gravity_effect5] run data modify entity @s {} merge value {transformation:[-1f,0f,1.2246467991473532e-16f,0.20312500000000006f,0f,1f,0f,0.59375f,-1.2246467991473532e-16f,0f,-1f,-0.6159675f,0f,0f,0f,1f],start_interpolation:0}
execute if entity @s[tag=aj.nep_fume_ugs_skills.bone.gravity_effect6] run data modify entity @s {} merge value {transformation:[-1f,0f,1.2246467991473532e-16f,0.5156250000000001f,0f,1f,0f,0.71875f,-1.2246467991473532e-16f,0f,-1f,-1.1159675f,0f,0f,0f,1f],start_interpolation:0}
execute if entity @s[tag=aj.nep_fume_ugs_skills.bone.gravity_effect7] run data modify entity @s {} merge value {transformation:[-1f,0f,1.2246467991473532e-16f,-0.06249999999999988f,0f,1f,0f,0.78125f,-1.2246467991473532e-16f,0f,-1f,-0.9440925f,0f,0f,0f,1f],start_interpolation:0}
execute if entity @s[tag=aj.nep_fume_ugs_skills.bone.gravity_effect8] run data modify entity @s {} merge value {transformation:[-1f,0f,1.2246467991473532e-16f,0.09375000000000011f,0f,1f,0f,1.65625f,-1.2246467991473532e-16f,0f,-1f,-0.9128425f,0f,0f,0f,1f],start_interpolation:0}
execute if entity @s[tag=aj.nep_fume_ugs_skills.bone.gravity_effect9] run data modify entity @s {} merge value {transformation:[-1f,0f,1.2246467991473532e-16f,0.43750000000000006f,0f,1f,0f,1.15625f,-1.2246467991473532e-16f,0f,-1f,-0.3190924999999999f,0f,0f,0f,1f],start_interpolation:0}
execute if entity @s[tag=aj.nep_fume_ugs_skills.locator_origin.nep_ride] at @s on origin run tp @s ^-0.0625 ^1 ^-0.88159 ~0 ~0
execute if entity @s[tag=aj.nep_fume_ugs_skills.locator_origin.wave_of_destruction0] at @s on origin run tp @s ^-0.375 ^0.49999 ^3.43752 ~0 ~90
execute if entity @s[tag=aj.nep_fume_ugs_skills.locator_origin.wave_of_destruction1] at @s on origin run tp @s ^-0.375 ^0.5 ^3.43752 ~0 ~90
execute if entity @s[tag=aj.nep_fume_ugs_skills.locator_origin.wave_of_destruction2] at @s on origin run tp @s ^-0.375 ^0.50001 ^3.43752 ~0 ~90
execute if entity @s[tag=aj.nep_fume_ugs_skills.locator_origin.wave_of_destruction3] at @s on origin run tp @s ^-0.375 ^0.50002 ^3.43752 ~0 ~90
execute if entity @s[tag=aj.nep_fume_ugs_skills.locator_origin.wave_of_destruction4] at @s on origin run tp @s ^-0.375 ^0.50003 ^3.43752 ~0 ~90
execute if entity @s[tag=aj.nep_fume_ugs_skills.locator_origin.wave_of_destruction5] at @s on origin run tp @s ^-0.37501 ^0.50003 ^3.43752 ~0 ~90
execute if entity @s[tag=aj.nep_fume_ugs_skills.locator_origin.wave_of_destruction6] at @s on origin run tp @s ^-0.37499 ^0.50003 ^3.43752 ~0 ~90
execute if entity @s[tag=aj.nep_fume_ugs_skills.locator_origin.wave_of_destruction7] at @s on origin run tp @s ^-0.375 ^0.50003 ^3.43753 ~0 ~90
execute if entity @s[tag=aj.nep_fume_ugs_skills.locator_origin.wave_of_destruction8] at @s on origin run tp @s ^-0.375 ^0.50003 ^3.43751 ~0 ~90
execute if entity @s[tag=aj.nep_fume_ugs_skills.locator_origin.wave_of_destruction12] at @s on origin run tp @s ^-0.37501 ^0.50002 ^3.43752 ~0 ~90
execute if entity @s[tag=aj.nep_fume_ugs_skills.locator_origin.wave_of_destruction11] at @s on origin run tp @s ^-0.375 ^0.50002 ^3.43753 ~0 ~90
execute if entity @s[tag=aj.nep_fume_ugs_skills.locator_origin.wave_of_destruction10] at @s on origin run tp @s ^-0.37499 ^0.50002 ^3.43752 ~0 ~90
execute if entity @s[tag=aj.nep_fume_ugs_skills.locator_origin.wave_of_destruction9] at @s on origin run tp @s ^-0.375 ^0.50002 ^3.43751 ~0 ~90
execute if entity @s[tag=aj.nep_fume_ugs_skills.locator_origin.wave_of_destruction13] at @s on origin run tp @s ^-0.37501 ^0.50001 ^3.43752 ~0 ~90
execute if entity @s[tag=aj.nep_fume_ugs_skills.locator_origin.wave_of_destruction14] at @s on origin run tp @s ^-0.375 ^0.50001 ^3.43753 ~0 ~90
execute if entity @s[tag=aj.nep_fume_ugs_skills.locator_origin.wave_of_destruction15] at @s on origin run tp @s ^-0.37499 ^0.50001 ^3.43752 ~0 ~90
execute if entity @s[tag=aj.nep_fume_ugs_skills.locator_origin.wave_of_destruction16] at @s on origin run tp @s ^-0.375 ^0.50001 ^3.43751 ~0 ~90
execute if entity @s[tag=aj.nep_fume_ugs_skills.locator_origin.wave_of_destruction17] at @s on origin run tp @s ^-0.37501 ^0.5 ^3.43752 ~0 ~90
execute if entity @s[tag=aj.nep_fume_ugs_skills.locator_origin.wave_of_destruction18] at @s on origin run tp @s ^-0.375 ^0.5 ^3.43753 ~0 ~90
execute if entity @s[tag=aj.nep_fume_ugs_skills.locator_origin.wave_of_destruction19] at @s on origin run tp @s ^-0.37499 ^0.5 ^3.43752 ~0 ~90
execute if entity @s[tag=aj.nep_fume_ugs_skills.locator_origin.wave_of_destruction20] at @s on origin run tp @s ^-0.375 ^0.5 ^3.43751 ~0 ~90
execute if entity @s[tag=aj.nep_fume_ugs_skills.locator_origin.wave_of_destruction24] at @s on origin run tp @s ^-0.37499 ^0.49999 ^3.43752 ~0 ~90
execute if entity @s[tag=aj.nep_fume_ugs_skills.locator_origin.wave_of_destruction23] at @s on origin run tp @s ^-0.375 ^0.49999 ^3.43753 ~0 ~90
execute if entity @s[tag=aj.nep_fume_ugs_skills.locator_origin.wave_of_destruction22] at @s on origin run tp @s ^-0.37501 ^0.49999 ^3.43752 ~0 ~90
execute if entity @s[tag=aj.nep_fume_ugs_skills.locator_origin.wave_of_destruction21] at @s on origin run tp @s ^-0.375 ^0.49999 ^3.43751 ~0 ~90
execute if entity @s[tag=aj.nep_fume_ugs_skills.locator_origin.wave_of_destruction25] at @s on origin run tp @s ^0.00002 ^-0.00098 ^4.09612 ~0 ~90
execute if entity @s[tag=aj.nep_fume_ugs_skills.locator_origin.wave_of_destruction26] at @s on origin run tp @s ^0 ^-0.00098 ^4.09614 ~0 ~90
execute if entity @s[tag=aj.nep_fume_ugs_skills.locator_origin.wave_of_destruction27] at @s on origin run tp @s ^-0.00002 ^-0.00098 ^4.09612 ~0 ~90
execute if entity @s[tag=aj.nep_fume_ugs_skills.locator_origin.wave_of_destruction28] at @s on origin run tp @s ^0 ^-0.00098 ^4.0961 ~0 ~90
execute if entity @s[tag=aj.nep_fume_ugs_skills.locator_origin.wave_of_destruction29] at @s on origin run tp @s ^0.00002 ^-0.00097 ^4.0961 ~0 ~90
execute if entity @s[tag=aj.nep_fume_ugs_skills.locator_origin.wave_of_destruction30] at @s on origin run tp @s ^0.00001 ^-0.00098 ^4.09613 ~0 ~90
execute if entity @s[tag=aj.nep_fume_ugs_skills.locator_origin.wave_of_destruction31] at @s on origin run tp @s ^-0.00002 ^-0.00097 ^4.09613 ~0 ~90
execute if entity @s[tag=aj.nep_fume_ugs_skills.locator_origin.wave_of_destruction32] at @s on origin run tp @s ^-0.00002 ^-0.00097 ^4.0961 ~0 ~90