execute if entity @s[tag=aj.nep_fume_ugs_skills.bone.right_arm2] run data modify entity @s {} merge value {transformation:[-0.4417783951124402f,-0.14711810570664835f,-0.8849791594072507f,-0.15794866796791215f,-0.8792228166520375f,0.2670818573299774f,0.3945054120840764f,0.523256056906796f,0.1783229886759809f,0.9523778370260707f,-0.24734058957479882f,14.316957097898312f,0f,0f,0f,1f],start_interpolation:0}
execute if entity @s[tag=aj.nep_fume_ugs_skills.bone.right_arm] run data modify entity @s {} merge value {transformation:[-0.4417783951124402f,-0.14711810570664835f,-0.8849791594072507f,-0.2078762242888723f,-0.8792228166520375f,0.2670818573299774f,0.3945054120840764f,0.5189710871350856f,0.1783229886759809f,0.9523778370260707f,-0.24734058957479882f,14.558670975759613f,0f,0f,0f,1f],start_interpolation:0}
execute if entity @s[tag=aj.nep_fume_ugs_skills.locator_origin.fume_ugs_locator] at @s on origin run tp @s ^-0.42987 ^0.66217 ^16.80907 ~103.74099 ~22.19588
execute if entity @s[tag=aj.nep_fume_ugs_skills.locator_origin.fume_ugs_locator2] at @s on origin run tp @s ^-0.37468 ^0.80744 ^16.33383 ~103.74099 ~22.19588
execute if entity @s[tag=aj.nep_fume_ugs_skills.locator_origin.fume_ugs_locator3] at @s on origin run tp @s ^-0.31949 ^0.95272 ^15.8586 ~103.74099 ~22.19588
execute if entity @s[tag=aj.nep_fume_ugs_skills.locator_origin.fume_ugs_locator4] at @s on origin run tp @s ^-0.2643 ^1.09799 ^15.38336 ~103.74099 ~22.19588
execute if entity @s[tag=aj.nep_fume_ugs_skills.locator_origin.fume_ugs_locator5] at @s on origin run tp @s ^-0.20221 ^1.26143 ^14.84872 ~103.74099 ~22.19588
execute if entity @s[tag=aj.nep_fume_ugs_skills.locator_origin.fume_ugs_locator10] at @s on origin run tp @s ^0.13506 ^1.40309 ^14.93119 ~103.74099 ~22.19588
execute if entity @s[tag=aj.nep_fume_ugs_skills.locator_origin.fume_ugs_locator9] at @s on origin run tp @s ^0.07297 ^1.23966 ^15.46583 ~103.74099 ~22.19588
execute if entity @s[tag=aj.nep_fume_ugs_skills.locator_origin.fume_ugs_locator8] at @s on origin run tp @s ^0.01779 ^1.09438 ^15.94107 ~103.74099 ~22.19588
execute if entity @s[tag=aj.nep_fume_ugs_skills.locator_origin.fume_ugs_locator7] at @s on origin run tp @s ^-0.0374 ^0.94911 ^16.41631 ~103.74099 ~22.19588
execute if entity @s[tag=aj.nep_fume_ugs_skills.locator_origin.fume_ugs_locator6] at @s on origin run tp @s ^-0.09259 ^0.80383 ^16.89154 ~103.74099 ~22.19588
execute if entity @s[tag=aj.nep_fume_ugs_skills.locator_origin.foe_ride_locator] at @s on origin run tp @s ^-0.16465 ^0.98723 ^16.01864 ~103.74099 ~22.19588
execute if entity @s[tag=aj.nep_fume_ugs_skills.bone.fume_ugs_slash] run data modify entity @s {} merge value {transformation:[-0.000011279068089153644f,-0.00001189766533355198f,0.000021031863772907573f,-0.2239898378875082f,0.000023443416862347283f,-0.0000110134085123949f,0.000006342093492564506f,0.8034870657697103f,0.000005856615060728985f,0.000021172187030654473f,0.000015117859222804647f,16.64797206054156f,0f,0f,0f,1f],start_interpolation:0}
execute if entity @s[tag=aj.nep_fume_ugs_skills.bone.gravity_vortex] run data modify entity @s {} merge value {transformation:[0.2861504294623479f,-0.6188364131094894f,1.3159012924910365f,-0.2457405822512351f,0.7532307799311361f,1.286244562711398f,0.5527181140185043f,0.793311533280375f,-2.4640159614714277f,0.3213285555594604f,0.3217795779241297f,16.49937178429327f,0f,0f,0f,1f],start_interpolation:0}
execute if entity @s[tag=aj.nep_fume_ugs_skills.bone.fume_ultra_greatsword] run data modify entity @s {} merge value {transformation:[-0.8780754507406111f,-0.22914864660724324f,1.8671503422501197f,0.006310699096045064f,1.825070002733736f,-0.6031855836401917f,0.7842592918226204f,1.404498062521983f,0.4559374824777515f,1.9731786663773527f,0.456577444279872f,14.675750488010692f,0f,0f,0f,1f],start_interpolation:0}
execute if entity @s[tag=aj.nep_fume_ugs_skills.bone.left_arm2] run data modify entity @s {} merge value {transformation:[-0.27515559556843766f,0.9608956890296896f,0.03112672535838451f,0.13643590351456425f,-0.48144963481619274f,-0.10969589984253125f,-0.8695821172799563f,1.39596625120259f,-0.8321632336042807f,-0.25425633593264757f,0.4928063192323856f,14.639724454336562f,0f,0f,0f,1f],start_interpolation:0}
execute if entity @s[tag=aj.nep_fume_ugs_skills.bone.left_arm] run data modify entity @s {} merge value {transformation:[-0.27515559556843766f,0.7014657763028584f,-0.6574459391487687f,0.37242740413947373f,-0.48144963481619274f,-0.692454126574227f,-0.5373206972801985f,1.1630065061021977f,-0.8321632336042807f,0.1686803108431825f,0.5282530694384223f,14.69647293876237f,0f,0f,0f,1f],start_interpolation:0}
execute if entity @s[tag=aj.nep_fume_ugs_skills.bone.head] run data modify entity @s {} merge value {transformation:[-0.9009374541583375f,0.12092568712559079f,-0.41675974120336684f,-0.011526632943577676f,-0.4320357423100797f,-0.34003510556136446f,0.8352970994517159f,0.8507407491463737f,-0.040704066888601995f,0.9326055464016262f,0.3585945813305782f,14.715472631311394f,0f,0f,0f,1f],start_interpolation:0}
execute if entity @s[tag=aj.nep_fume_ugs_skills.bone.body_top] run data modify entity @s {} merge value {transformation:[-0.508615521600842f,-0.08531969605604167f,-0.8567559749728088f,0.022067997378488732f,-0.850131931298906f,-0.10779614873664056f,0.5154179757279911f,0.8931854827114258f,-0.13633029954010667f,0.9905051942228535f,-0.017706203569710068f,14.325461211086147f,0f,0f,0f,1f],start_interpolation:0}
execute if entity @s[tag=aj.nep_fume_ugs_skills.bone.body] run data modify entity @s {} merge value {transformation:[-0.508615521600842f,-0.08531969605604167f,-0.8567559749728088f,0.05939536440300697f,-0.850131931298906f,-0.10779614873664056f,0.5154179757279911f,0.940346297783706f,-0.13633029954010667f,0.9905051942228535f,-0.017706203569710068f,13.892115188613648f,0f,0f,0f,1f],start_interpolation:0}
execute if entity @s[tag=aj.nep_fume_ugs_skills.bone.right_leg2] run data modify entity @s {} merge value {transformation:[-0.5596096856413758f,-0.29852431359803433f,-0.7731236860471828f,0.03586680867811056f,-0.8043481078531918f,0.42037359325360346f,0.41989303815143675f,0.689200609716132f,0.19965250093437442f,0.8568367850914644f,-0.4753626011633365f,13.637900185465833f,0f,0f,0f,1f],start_interpolation:0}
execute if entity @s[tag=aj.nep_fume_ugs_skills.bone.right_leg] run data modify entity @s {} merge value {transformation:[-0.5596096856413758f,-0.1580271507996083f,-0.8135505020258536f,-0.012180297302352178f,-0.8043481078531918f,0.3400497211156722f,0.4872271632022824f,0.8239739174272828f,0.19965250093437442f,0.9270348465830782f,-0.31740395727107495f,13.967933763129528f,0f,0f,0f,1f],start_interpolation:0}
execute if entity @s[tag=aj.nep_fume_ugs_skills.bone.left_leg2] run data modify entity @s {} merge value {transformation:[-0.7731590305870346f,-0.3301707139921132f,-0.5414909168616356f,0.16220766687820082f,-0.5778968193492128f,0.015038008006537873f,0.8159712767623982f,1.152761596885636f,-0.26126687430246426f,0.9438014398893093f,-0.202431377150596f,13.664898675928963f,0f,0f,0f,1f],start_interpolation:0}
execute if entity @s[tag=aj.nep_fume_ugs_skills.bone.left_leg] run data modify entity @s {} merge value {transformation:[-0.7731590305870346f,-0.09781836223282113f,-0.6266232372261702f,0.11497358309785832f,-0.5778968193492128f,-0.2983653810957779f,0.7596139582377579f,1.0365069002520093f,-0.26126687430246426f,0.9494259672947966f,0.17415496840044623f,14.002016338014554f,0f,0f,0f,1f],start_interpolation:0}
execute if entity @s[tag=aj.nep_fume_ugs_skills.bone.gravity_effect1] run data modify entity @s {} merge value {transformation:[-1f,0f,1.2246467991473532e-16f,-0.3125000000000005f,0f,1f,0f,1.3125f,-1.2246467991473532e-16f,0f,-1f,4.030862348894033f,0f,0f,0f,1f],start_interpolation:0}
execute if entity @s[tag=aj.nep_fume_ugs_skills.bone.gravity_effect2] run data modify entity @s {} merge value {transformation:[-1f,0f,1.2246467991473532e-16f,-0.17187500000000056f,0f,1f,0f,1.40625f,-1.2246467991473532e-16f,0f,-1f,4.671487348894033f,0f,0f,0f,1f],start_interpolation:0}
execute if entity @s[tag=aj.nep_fume_ugs_skills.bone.gravity_effect3] run data modify entity @s {} merge value {transformation:[-1f,0f,1.2246467991473532e-16f,0.2812499999999995f,0f,1f,0f,1.46875f,-1.2246467991473532e-16f,0f,-1f,4.124612348894033f,0f,0f,0f,1f],start_interpolation:0}
execute if entity @s[tag=aj.nep_fume_ugs_skills.bone.gravity_effect4] run data modify entity @s {} merge value {transformation:[-1f,0f,1.2246467991473532e-16f,-0.5468750000000006f,0f,1f,0f,0.96875f,-1.2246467991473532e-16f,0f,-1f,4.483987348894033f,0f,0f,0f,1f],start_interpolation:0}
execute if entity @s[tag=aj.nep_fume_ugs_skills.bone.gravity_effect5] run data modify entity @s {} merge value {transformation:[-1f,0f,1.2246467991473532e-16f,0.2031249999999994f,0f,1f,0f,0.59375f,-1.2246467991473532e-16f,0f,-1f,4.671487348894033f,0f,0f,0f,1f],start_interpolation:0}
execute if entity @s[tag=aj.nep_fume_ugs_skills.bone.gravity_effect6] run data modify entity @s {} merge value {transformation:[-1f,0f,1.2246467991473532e-16f,0.5156249999999994f,0f,1f,0f,0.71875f,-1.2246467991473532e-16f,0f,-1f,4.171487348894033f,0f,0f,0f,1f],start_interpolation:0}
execute if entity @s[tag=aj.nep_fume_ugs_skills.bone.gravity_effect7] run data modify entity @s {} merge value {transformation:[-1f,0f,1.2246467991473532e-16f,-0.06250000000000053f,0f,1f,0f,0.78125f,-1.2246467991473532e-16f,0f,-1f,4.343362348894033f,0f,0f,0f,1f],start_interpolation:0}
execute if entity @s[tag=aj.nep_fume_ugs_skills.bone.gravity_effect8] run data modify entity @s {} merge value {transformation:[-1f,0f,1.2246467991473532e-16f,0.09374999999999946f,0f,1f,0f,1.65625f,-1.2246467991473532e-16f,0f,-1f,4.374612348894033f,0f,0f,0f,1f],start_interpolation:0}
execute if entity @s[tag=aj.nep_fume_ugs_skills.bone.gravity_effect9] run data modify entity @s {} merge value {transformation:[-1f,0f,1.2246467991473532e-16f,0.4374999999999994f,0f,1f,0f,1.15625f,-1.2246467991473532e-16f,0f,-1f,4.968362348894033f,0f,0f,0f,1f],start_interpolation:0}
execute if entity @s[tag=aj.nep_fume_ugs_skills.locator_origin.nep_ride] at @s on origin run tp @s ^-0.0625 ^1 ^4.40586 ~0 ~0
execute if entity @s[tag=aj.nep_fume_ugs_skills.locator_origin.wave_of_destruction0] at @s on origin run tp @s ^0 ^-0.0625 ^8.8125 ~0 ~90
execute if entity @s[tag=aj.nep_fume_ugs_skills.locator_origin.wave_of_destruction1] at @s on origin run tp @s ^0 ^0.875 ^8.8125 ~0 ~90
execute if entity @s[tag=aj.nep_fume_ugs_skills.locator_origin.wave_of_destruction2] at @s on origin run tp @s ^0 ^1.8125 ^8.8125 ~0 ~90
execute if entity @s[tag=aj.nep_fume_ugs_skills.locator_origin.wave_of_destruction3] at @s on origin run tp @s ^0 ^2.75 ^8.8125 ~0 ~90
execute if entity @s[tag=aj.nep_fume_ugs_skills.locator_origin.wave_of_destruction4] at @s on origin run tp @s ^0 ^3.6875 ^8.8125 ~0 ~90
execute if entity @s[tag=aj.nep_fume_ugs_skills.locator_origin.wave_of_destruction5] at @s on origin run tp @s ^-0.9375 ^3.6875 ^8.8125 ~0 ~90
execute if entity @s[tag=aj.nep_fume_ugs_skills.locator_origin.wave_of_destruction6] at @s on origin run tp @s ^0.9375 ^3.6875 ^8.8125 ~0 ~90
execute if entity @s[tag=aj.nep_fume_ugs_skills.locator_origin.wave_of_destruction7] at @s on origin run tp @s ^0 ^3.6875 ^9.75 ~0 ~90
execute if entity @s[tag=aj.nep_fume_ugs_skills.locator_origin.wave_of_destruction8] at @s on origin run tp @s ^0 ^3.6875 ^7.875 ~0 ~90
execute if entity @s[tag=aj.nep_fume_ugs_skills.locator_origin.wave_of_destruction12] at @s on origin run tp @s ^-0.9375 ^2.75 ^8.8125 ~0 ~90
execute if entity @s[tag=aj.nep_fume_ugs_skills.locator_origin.wave_of_destruction11] at @s on origin run tp @s ^0 ^2.75 ^9.75 ~0 ~90
execute if entity @s[tag=aj.nep_fume_ugs_skills.locator_origin.wave_of_destruction10] at @s on origin run tp @s ^0.9375 ^2.75 ^8.8125 ~0 ~90
execute if entity @s[tag=aj.nep_fume_ugs_skills.locator_origin.wave_of_destruction9] at @s on origin run tp @s ^0 ^2.75 ^7.875 ~0 ~90
execute if entity @s[tag=aj.nep_fume_ugs_skills.locator_origin.wave_of_destruction13] at @s on origin run tp @s ^-0.9375 ^1.8125 ^8.8125 ~0 ~90
execute if entity @s[tag=aj.nep_fume_ugs_skills.locator_origin.wave_of_destruction14] at @s on origin run tp @s ^0 ^1.8125 ^9.75 ~0 ~90
execute if entity @s[tag=aj.nep_fume_ugs_skills.locator_origin.wave_of_destruction15] at @s on origin run tp @s ^0.9375 ^1.8125 ^8.8125 ~0 ~90
execute if entity @s[tag=aj.nep_fume_ugs_skills.locator_origin.wave_of_destruction16] at @s on origin run tp @s ^0 ^1.8125 ^7.875 ~0 ~90
execute if entity @s[tag=aj.nep_fume_ugs_skills.locator_origin.wave_of_destruction17] at @s on origin run tp @s ^-0.9375 ^0.875 ^8.8125 ~0 ~90
execute if entity @s[tag=aj.nep_fume_ugs_skills.locator_origin.wave_of_destruction18] at @s on origin run tp @s ^0 ^0.875 ^9.75 ~0 ~90
execute if entity @s[tag=aj.nep_fume_ugs_skills.locator_origin.wave_of_destruction19] at @s on origin run tp @s ^0.9375 ^0.875 ^8.8125 ~0 ~90
execute if entity @s[tag=aj.nep_fume_ugs_skills.locator_origin.wave_of_destruction20] at @s on origin run tp @s ^0 ^0.875 ^7.875 ~0 ~90
execute if entity @s[tag=aj.nep_fume_ugs_skills.locator_origin.wave_of_destruction24] at @s on origin run tp @s ^0.9375 ^-0.0625 ^8.8125 ~0 ~90
execute if entity @s[tag=aj.nep_fume_ugs_skills.locator_origin.wave_of_destruction23] at @s on origin run tp @s ^0 ^-0.0625 ^9.75 ~0 ~90
execute if entity @s[tag=aj.nep_fume_ugs_skills.locator_origin.wave_of_destruction22] at @s on origin run tp @s ^-0.9375 ^-0.0625 ^8.8125 ~0 ~90
execute if entity @s[tag=aj.nep_fume_ugs_skills.locator_origin.wave_of_destruction21] at @s on origin run tp @s ^0 ^-0.0625 ^7.875 ~0 ~90
execute if entity @s[tag=aj.nep_fume_ugs_skills.bone.gravity_thunder] run data modify entity @s {} merge value {transformation:[-3.346139166666666f,-4.0978386199599245e-16f,9.09902957415537e-32f,-8.881784197001252e-16f,0f,7.429921492866734e-16f,3.346139166666666f,2.03125f,-4.0978386199599245e-16f,3.346139166666666f,-7.429921492866734e-16f,7.53125f,0f,0f,0f,1f],start_interpolation:0}
execute if entity @s[tag=aj.nep_fume_ugs_skills.bone.wave_of_destruction] run data modify entity @s {} merge value {transformation:[-3.297589166666667f,-4.0383820178613216e-16f,8.967009396923679e-32f,-0.37500000000000083f,0f,7.322118837175633e-16f,3.297589166666667f,0.5f,-4.0383820178613216e-16f,3.297589166666667f,-7.322118837175633e-16f,6.875f,0f,0f,0f,1f],start_interpolation:0}
execute if entity @s[tag=aj.nep_fume_ugs_skills.bone.obsidian_edges0] run data modify entity @s {} merge value {transformation:[-1.2668996496258977f,1.2668996496258975f,4.8720113465180265e-32f,-1.1250000000000007f,2.8130823218084305e-16f,2.81308232180843e-16f,1.7916666666666667f,0.15762624999999966f,1.2668996496258975f,1.2668996496258977f,-3.978299171573478e-16f,6.409582499999999f,0f,0f,0f,1f],start_interpolation:0}
execute if entity @s[tag=aj.nep_fume_ugs_skills.bone.obsidian_edges1] run data modify entity @s {} merge value {transformation:[-1.2668996496258973f,-1.266899649625898f,4.8720113465180265e-32f,1.1011043749999994f,-2.8130823218084305e-16f,2.81308232180843e-16f,1.7916666666666667f,0.12402187499999931f,-1.266899649625898f,1.2668996496258973f,-3.978299171573478e-16f,6.401308125f,0f,0f,0f,1f],start_interpolation:0}
execute if entity @s[tag=aj.nep_fume_ugs_skills.bone.obsidian_edges2] run data modify entity @s {} merge value {transformation:[1.2668996496258977f,-1.2668996496258977f,4.8720113465180265e-32f,1.101104374999999f,-2.813082321808431e-16f,-2.81308232180843e-16f,1.7916666666666667f,0.12402187499999981f,-1.2668996496258977f,-1.2668996496258977f,-3.978299171573478e-16f,8.651308125f,0f,0f,0f,1f],start_interpolation:0}
execute if entity @s[tag=aj.nep_fume_ugs_skills.bone.obsidian_edges3] run data modify entity @s {} merge value {transformation:[1.2668996496258973f,1.2668996496258982f,4.8720113465180265e-32f,-1.125000000000001f,2.813082321808431e-16f,-2.81308232180843e-16f,1.7916666666666667f,0.1576262500000002f,1.2668996496258982f,-1.2668996496258973f,-3.978299171573478e-16f,8.722082499999999f,0f,0f,0f,1f],start_interpolation:0}
execute if entity @s[tag=aj.nep_fume_ugs_skills.locator_origin.wave_of_destruction25] at @s on origin run tp @s ^2 ^0.22013 ^8.78458 ~0 ~90
execute if entity @s[tag=aj.nep_fume_ugs_skills.locator_origin.wave_of_destruction26] at @s on origin run tp @s ^0 ^0.22013 ^10.78458 ~0 ~90
execute if entity @s[tag=aj.nep_fume_ugs_skills.locator_origin.wave_of_destruction27] at @s on origin run tp @s ^-2 ^0.22013 ^8.78458 ~0 ~90
execute if entity @s[tag=aj.nep_fume_ugs_skills.locator_origin.wave_of_destruction28] at @s on origin run tp @s ^0 ^0.22013 ^6.78458 ~0 ~90
execute if entity @s[tag=aj.nep_fume_ugs_skills.locator_origin.wave_of_destruction29] at @s on origin run tp @s ^1.625 ^0.40763 ^7.09708 ~0 ~90
execute if entity @s[tag=aj.nep_fume_ugs_skills.locator_origin.wave_of_destruction30] at @s on origin run tp @s ^1.4375 ^0.28263 ^10.22208 ~0 ~90
execute if entity @s[tag=aj.nep_fume_ugs_skills.locator_origin.wave_of_destruction31] at @s on origin run tp @s ^-1.5625 ^0.40763 ^10.34708 ~0 ~90
execute if entity @s[tag=aj.nep_fume_ugs_skills.locator_origin.wave_of_destruction32] at @s on origin run tp @s ^-1.5 ^0.40763 ^7.28458 ~0 ~90
execute if entity @s[tag=aj.nep_fume_ugs_skills.bone.obsidian] run data modify entity @s {} merge value {transformation:[-3.5201812500000007f,-4.3109787002310296e-16f,9.572295623330239e-32f,-9.226004483886246e-16f,0f,7.81637254920753e-16f,3.5201812500000007f,-0.0009781249999999964f,-4.3109787002310296e-16f,3.5201812500000007f,-7.81637254920753e-16f,7.5336043749999995f,0f,0f,0f,1f],start_interpolation:0}