execute if entity @s[tag=aj.nep_fume_ugs_skills.bone.right_arm2] run data modify entity @s {} merge value {transformation:[-0.5778053658787202f,0.6810918967210932f,0.44972745900447575f,-1.089550294425932f,-0.43155107127329656f,0.2127438391032588f,-0.8766434462234217f,0.7289528742458861f,-0.6927514937151914f,-0.7006096539047053f,0.17100140587404733f,11.875651919510588f,0f,0f,0f,1f],start_interpolation:0}
execute if entity @s[tag=aj.nep_fume_ugs_skills.bone.right_arm] run data modify entity @s {} merge value {transformation:[-0.5778053658787202f,0.6810918967210932f,0.44972745900447575f,-0.9761405388079607f,-0.43155107127329656f,0.2127438391032588f,-0.8766434462234217f,0.7646588733648385f,-0.6927514937151914f,-0.7006096539047053f,0.17100140587404733f,11.659318603928682f,0f,0f,0f,1f],start_interpolation:0}
execute if entity @s[tag=aj.nep_fume_ugs_skills.locator_origin.fume_ugs_locator] at @s on origin run tp @s ^0.04882 ^0.72664 ^9.54853 ~-55.02816 ~77.46104
execute if entity @s[tag=aj.nep_fume_ugs_skills.locator_origin.fume_ugs_locator2] at @s on origin run tp @s ^0.03596 ^0.78754 ^10.04465 ~-55.02816 ~77.46104
execute if entity @s[tag=aj.nep_fume_ugs_skills.locator_origin.fume_ugs_locator3] at @s on origin run tp @s ^0.02309 ^0.84844 ^10.54076 ~-55.02816 ~77.46104
execute if entity @s[tag=aj.nep_fume_ugs_skills.locator_origin.fume_ugs_locator4] at @s on origin run tp @s ^0.01023 ^0.90933 ^11.03687 ~-55.02816 ~77.46104
execute if entity @s[tag=aj.nep_fume_ugs_skills.locator_origin.fume_ugs_locator5] at @s on origin run tp @s ^-0.00424 ^0.97785 ^11.59499 ~-55.02816 ~77.46104
execute if entity @s[tag=aj.nep_fume_ugs_skills.locator_origin.fume_ugs_locator10] at @s on origin run tp @s ^-0.07096 ^1.3439 ^11.54833 ~-55.02816 ~77.46104
execute if entity @s[tag=aj.nep_fume_ugs_skills.locator_origin.fume_ugs_locator9] at @s on origin run tp @s ^-0.05649 ^1.27539 ^10.9902 ~-55.02816 ~77.46104
execute if entity @s[tag=aj.nep_fume_ugs_skills.locator_origin.fume_ugs_locator8] at @s on origin run tp @s ^-0.04362 ^1.21449 ^10.49409 ~-55.02816 ~77.46104
execute if entity @s[tag=aj.nep_fume_ugs_skills.locator_origin.fume_ugs_locator7] at @s on origin run tp @s ^-0.03076 ^1.15359 ^9.99798 ~-55.02816 ~77.46104
execute if entity @s[tag=aj.nep_fume_ugs_skills.locator_origin.fume_ugs_locator6] at @s on origin run tp @s ^-0.01789 ^1.09269 ^9.50187 ~-55.02816 ~77.46104
execute if entity @s[tag=aj.nep_fume_ugs_skills.bone.fume_ugs_slash] run data modify entity @s {} merge value {transformation:[0.00002623231503112605f,0.0000024493385332864148f,-0.000004120376192561761f,0.008854345918950825f,0.000004792526586736108f,-0.000012962201298826522f,0.000022806230234636333f,0.95165614342164f,9.1913732918186e-8f,-0.00002317527107390917f,-0.00001319126505031427f,9.738479214121043f,0f,0f,0f,1f],start_interpolation:0}
execute if entity @s[tag=aj.nep_fume_ugs_skills.bone.gravity_vortex] run data modify entity @s {} merge value {transformation:[-0.060783643421218544f,1.311615751556301f,-0.23720262537483552f,-0.016555708469395275f,0.2877477168923565f,0.23962632933680508f,1.301531450578136f,0.9076208542095655f,2.3441230450033292f,0.0045956866459090015f,-0.16591737536809392f,9.880150237915462f,0f,0f,0f,1f],start_interpolation:0}
execute if entity @s[tag=aj.nep_fume_ugs_skills.bone.fume_ultra_greatsword] run data modify entity @s {} merge value {transformation:[2.042185725173161f,0.0534124206317252f,-0.3693244877086189f,-0.046750392497368745f,0.3730981947774056f,-0.2528525969390611f,2.0264844685501577f,1.2043579739028585f,0.007155484107680773f,-2.0598516154187987f,-0.25833335344812225f,11.79686702613444f,0f,0f,0f,1f],start_interpolation:0}
execute if entity @s[tag=aj.nep_fume_ugs_skills.bone.left_arm2] run data modify entity @s {} merge value {transformation:[-0.4801642861518114f,-0.5251868838572992f,-0.7025816645263251f,-0.11248024027074188f,-0.8142946440674359f,0.5646748179762578f,0.13441198825465067f,1.281217749455533f,0.3261387602653351f,0.6366483228343103f,-0.6987935475409388f,11.886730242999418f,0f,0f,0f,1f],start_interpolation:0}
execute if entity @s[tag=aj.nep_fume_ugs_skills.bone.left_arm] run data modify entity @s {} merge value {transformation:[-0.4801642861518114f,-0.8657018629375742f,0.1414303461451444f,-0.4037246658390957f,-0.8142946440674359f,0.3799627038201813f,-0.43880813158913257f,1.4090469989341f,0.3261387602653351f,-0.32586596663670053f,-0.8873809107933973f,11.777100530590879f,0f,0f,0f,1f],start_interpolation:0}
execute if entity @s[tag=aj.nep_fume_ugs_skills.bone.head] run data modify entity @s {} merge value {transformation:[-0.6373198446605992f,-0.4161690067284187f,0.6485574557743295f,-0.6449933553797362f,-0.7548011129917612f,0.5066800111767807f,-0.41659410233499f,1.0150917937914037f,-0.15523754516285165f,-0.7550355780442264f,-0.6370420554871026f,11.630407335147732f,0f,0f,0f,1f],start_interpolation:0}
execute if entity @s[tag=aj.nep_fume_ugs_skills.bone.body_top] run data modify entity @s {} merge value {transformation:[-0.7698689416063865f,0.20103565509129798f,0.6057115469692446f,-0.7241511445719349f,-0.6129137809568093f,0.031617547913780866f,-0.789516958511436f,1.0026423843003525f,-0.17787217281826595f,-0.97907353965161f,0.0988761553205649f,12.015917541385553f,0f,0f,0f,1f],start_interpolation:0}
execute if entity @s[tag=aj.nep_fume_ugs_skills.bone.body] run data modify entity @s {} merge value {transformation:[-0.7698689416063865f,0.20103565509129798f,0.6057115469692446f,-0.8121042436743777f,-0.6129137809568093f,0.031617547913780866f,-0.789516958511436f,0.9888097070880733f,-0.17787217281826595f,-0.97907353965161f,0.0988761553205649f,12.444262214983132f,0f,0f,0f,1f],start_interpolation:0}
execute if entity @s[tag=aj.nep_fume_ugs_skills.bone.right_leg2] run data modify entity @s {} merge value {transformation:[-0.6206383044984174f,0.15575071218849124f,0.7684723876900899f,-0.9472997797427554f,-0.6148523570384724f,0.5115292007520205f,-0.600245329696312f,0.7156730038882237f,-0.4865847038631247f,-0.845032302596047f,-0.22171092335664985f,12.623936721919591f,0f,0f,0f,1f],start_interpolation:0}
execute if entity @s[tag=aj.nep_fume_ugs_skills.bone.right_leg] run data modify entity @s {} merge value {transformation:[-0.6206383044984174f,0.13387558267714994f,0.7725836028237874f,-0.8894907687103668f,-0.6148523570384724f,0.5283605081556567f,-0.585484203429718f,0.915159629585389f,-0.4865847038631247f,-0.8383987725327072f,-0.24560705238670436f,12.33024004903851f,0f,0f,0f,1f],start_interpolation:0}
execute if entity @s[tag=aj.nep_fume_ugs_skills.bone.left_leg2] run data modify entity @s {} merge value {transformation:[-0.7145903057767465f,0.4268598184500576f,0.5542124053850473f,-0.7336855116426002f,-0.6988951373508383f,-0.4015435066357121f,-0.5918685658708772f,1.083156050408414f,-0.030104515894613736f,-0.8102798946484355f,0.5852693486346875f,12.717666929130765f,0f,0f,0f,1f],start_interpolation:0}
execute if entity @s[tag=aj.nep_fume_ugs_skills.bone.left_leg] run data modify entity @s {} merge value {transformation:[-0.7145903057767465f,0.1822791439654295f,0.6753776784623005f,-0.6793444178077856f,-0.6988951373508383f,-0.144479532897074f,-0.7004793013081803f,1.020313481752421f,-0.030104515894613736f,-0.9725738934646939f,0.23063768094931378f,12.367677803106037f,0f,0f,0f,1f],start_interpolation:0}
execute if entity @s[tag=aj.nep_fume_ugs_skills.bone.gravity_effect1] run data modify entity @s {} merge value {transformation:[-1f,0f,1.2246467991473532e-16f,-0.31250000000000155f,0f,1f,0f,1.3125f,-1.2246467991473532e-16f,0f,-1f,12.699060000000001f,0f,0f,0f,1f],start_interpolation:0}
execute if entity @s[tag=aj.nep_fume_ugs_skills.bone.gravity_effect2] run data modify entity @s {} merge value {transformation:[-1f,0f,1.2246467991473532e-16f,-0.1718750000000016f,0f,1f,0f,1.40625f,-1.2246467991473532e-16f,0f,-1f,13.339685000000001f,0f,0f,0f,1f],start_interpolation:0}
execute if entity @s[tag=aj.nep_fume_ugs_skills.bone.gravity_effect3] run data modify entity @s {} merge value {transformation:[-1f,0f,1.2246467991473532e-16f,0.28124999999999845f,0f,1f,0f,1.46875f,-1.2246467991473532e-16f,0f,-1f,12.792810000000001f,0f,0f,0f,1f],start_interpolation:0}
execute if entity @s[tag=aj.nep_fume_ugs_skills.bone.gravity_effect4] run data modify entity @s {} merge value {transformation:[-1f,0f,1.2246467991473532e-16f,-0.5468750000000016f,0f,1f,0f,0.96875f,-1.2246467991473532e-16f,0f,-1f,13.152185000000001f,0f,0f,0f,1f],start_interpolation:0}
execute if entity @s[tag=aj.nep_fume_ugs_skills.bone.gravity_effect5] run data modify entity @s {} merge value {transformation:[-1f,0f,1.2246467991473532e-16f,0.20312499999999833f,0f,1f,0f,0.59375f,-1.2246467991473532e-16f,0f,-1f,13.339685000000001f,0f,0f,0f,1f],start_interpolation:0}
execute if entity @s[tag=aj.nep_fume_ugs_skills.bone.gravity_effect6] run data modify entity @s {} merge value {transformation:[-1f,0f,1.2246467991473532e-16f,0.5156249999999984f,0f,1f,0f,0.71875f,-1.2246467991473532e-16f,0f,-1f,12.839685000000001f,0f,0f,0f,1f],start_interpolation:0}
execute if entity @s[tag=aj.nep_fume_ugs_skills.bone.gravity_effect7] run data modify entity @s {} merge value {transformation:[-1f,0f,1.2246467991473532e-16f,-0.06250000000000158f,0f,1f,0f,0.78125f,-1.2246467991473532e-16f,0f,-1f,13.011560000000001f,0f,0f,0f,1f],start_interpolation:0}
execute if entity @s[tag=aj.nep_fume_ugs_skills.bone.gravity_effect8] run data modify entity @s {} merge value {transformation:[-1f,0f,1.2246467991473532e-16f,0.0937499999999984f,0f,1f,0f,1.65625f,-1.2246467991473532e-16f,0f,-1f,13.042810000000001f,0f,0f,0f,1f],start_interpolation:0}
execute if entity @s[tag=aj.nep_fume_ugs_skills.bone.gravity_effect9] run data modify entity @s {} merge value {transformation:[-1f,0f,1.2246467991473532e-16f,0.43749999999999833f,0f,1f,0f,1.15625f,-1.2246467991473532e-16f,0f,-1f,13.636560000000001f,0f,0f,0f,1f],start_interpolation:0}
execute if entity @s[tag=aj.nep_fume_ugs_skills.locator_origin.nep_ride] at @s on origin run tp @s ^-0.0625 ^1 ^13.07406 ~0 ~0
execute if entity @s[tag=aj.nep_fume_ugs_skills.locator_origin.wave_of_destruction0] at @s on origin run tp @s ^-0.375 ^0.49999 ^12.75002 ~0 ~90
execute if entity @s[tag=aj.nep_fume_ugs_skills.locator_origin.wave_of_destruction1] at @s on origin run tp @s ^-0.375 ^0.5 ^12.75002 ~0 ~90
execute if entity @s[tag=aj.nep_fume_ugs_skills.locator_origin.wave_of_destruction2] at @s on origin run tp @s ^-0.375 ^0.50001 ^12.75002 ~0 ~90
execute if entity @s[tag=aj.nep_fume_ugs_skills.locator_origin.wave_of_destruction3] at @s on origin run tp @s ^-0.375 ^0.50002 ^12.75002 ~0 ~90
execute if entity @s[tag=aj.nep_fume_ugs_skills.locator_origin.wave_of_destruction4] at @s on origin run tp @s ^-0.375 ^0.50003 ^12.75002 ~0 ~90
execute if entity @s[tag=aj.nep_fume_ugs_skills.locator_origin.wave_of_destruction5] at @s on origin run tp @s ^-0.37501 ^0.50003 ^12.75002 ~0 ~90
execute if entity @s[tag=aj.nep_fume_ugs_skills.locator_origin.wave_of_destruction6] at @s on origin run tp @s ^-0.37499 ^0.50003 ^12.75002 ~0 ~90
execute if entity @s[tag=aj.nep_fume_ugs_skills.locator_origin.wave_of_destruction7] at @s on origin run tp @s ^-0.375 ^0.50003 ^12.75003 ~0 ~90
execute if entity @s[tag=aj.nep_fume_ugs_skills.locator_origin.wave_of_destruction8] at @s on origin run tp @s ^-0.375 ^0.50003 ^12.75001 ~0 ~90
execute if entity @s[tag=aj.nep_fume_ugs_skills.locator_origin.wave_of_destruction12] at @s on origin run tp @s ^-0.37501 ^0.50002 ^12.75002 ~0 ~90
execute if entity @s[tag=aj.nep_fume_ugs_skills.locator_origin.wave_of_destruction11] at @s on origin run tp @s ^-0.375 ^0.50002 ^12.75003 ~0 ~90
execute if entity @s[tag=aj.nep_fume_ugs_skills.locator_origin.wave_of_destruction10] at @s on origin run tp @s ^-0.37499 ^0.50002 ^12.75002 ~0 ~90
execute if entity @s[tag=aj.nep_fume_ugs_skills.locator_origin.wave_of_destruction9] at @s on origin run tp @s ^-0.375 ^0.50002 ^12.75001 ~0 ~90
execute if entity @s[tag=aj.nep_fume_ugs_skills.locator_origin.wave_of_destruction13] at @s on origin run tp @s ^-0.37501 ^0.50001 ^12.75002 ~0 ~90
execute if entity @s[tag=aj.nep_fume_ugs_skills.locator_origin.wave_of_destruction14] at @s on origin run tp @s ^-0.375 ^0.50001 ^12.75003 ~0 ~90
execute if entity @s[tag=aj.nep_fume_ugs_skills.locator_origin.wave_of_destruction15] at @s on origin run tp @s ^-0.37499 ^0.50001 ^12.75002 ~0 ~90
execute if entity @s[tag=aj.nep_fume_ugs_skills.locator_origin.wave_of_destruction16] at @s on origin run tp @s ^-0.375 ^0.50001 ^12.75001 ~0 ~90
execute if entity @s[tag=aj.nep_fume_ugs_skills.locator_origin.wave_of_destruction17] at @s on origin run tp @s ^-0.37501 ^0.5 ^12.75002 ~0 ~90
execute if entity @s[tag=aj.nep_fume_ugs_skills.locator_origin.wave_of_destruction18] at @s on origin run tp @s ^-0.375 ^0.5 ^12.75003 ~0 ~90
execute if entity @s[tag=aj.nep_fume_ugs_skills.locator_origin.wave_of_destruction19] at @s on origin run tp @s ^-0.37499 ^0.5 ^12.75002 ~0 ~90
execute if entity @s[tag=aj.nep_fume_ugs_skills.locator_origin.wave_of_destruction20] at @s on origin run tp @s ^-0.375 ^0.5 ^12.75001 ~0 ~90
execute if entity @s[tag=aj.nep_fume_ugs_skills.locator_origin.wave_of_destruction24] at @s on origin run tp @s ^-0.37499 ^0.49999 ^12.75002 ~0 ~90
execute if entity @s[tag=aj.nep_fume_ugs_skills.locator_origin.wave_of_destruction23] at @s on origin run tp @s ^-0.375 ^0.49999 ^12.75003 ~0 ~90
execute if entity @s[tag=aj.nep_fume_ugs_skills.locator_origin.wave_of_destruction22] at @s on origin run tp @s ^-0.37501 ^0.49999 ^12.75002 ~0 ~90
execute if entity @s[tag=aj.nep_fume_ugs_skills.locator_origin.wave_of_destruction21] at @s on origin run tp @s ^-0.375 ^0.49999 ^12.75001 ~0 ~90
execute if entity @s[tag=aj.nep_fume_ugs_skills.bone.gravity_thunder] run data modify entity @s {} merge value {transformation:[-0.000033461391666666666f,-4.0978386199599245e-21f,9.09902957415537e-37f,-0.37499625000000153f,0f,7.429921492866735e-21f,0.000033461391666666666f,0.5000153125f,-4.0978386199599245e-21f,0.000033461391666666666f,-7.429921492866735e-21f,12.7500065625f,0f,0f,0f,1f],start_interpolation:0}
execute if entity @s[tag=aj.nep_fume_ugs_skills.bone.wave_of_destruction] run data modify entity @s {} merge value {transformation:[-0.00003297589166666667f,-4.038382017861322e-21f,8.967009396923679e-37f,-0.37500000000000155f,0f,7.322118837175633e-21f,0.00003297589166666667f,0.5f,-4.038382017861322e-21f,0.00003297589166666667f,-7.322118837175633e-21f,12.75f,0f,0f,0f,1f],start_interpolation:0}
execute if entity @s[tag=aj.nep_fume_ugs_skills.bone.obsidian_edges0] run data modify entity @s {} merge value {transformation:[-0.00001266899649625898f,0.000012668996496258978f,4.872011346518026e-37f,-0.000011250000001642079f,2.813082321808431e-21f,2.8130823218084306e-21f,0.000017916666666666667f,-0.0009765389562499964f,0.000012668996496258978f,0.00001266899649625898f,-3.978299171573478e-21f,13.408593134781249f,0f,0f,0f,1f],start_interpolation:0}
execute if entity @s[tag=aj.nep_fume_ugs_skills.bone.obsidian_edges1] run data modify entity @s {} merge value {transformation:[-0.000012668996496258976f,-0.000012668996496258981f,4.872011346518026e-37f,0.000011011043748357923f,-2.813082321808431e-21f,2.8130823218084306e-21f,0.000017916666666666667f,-0.0009768749999999964f,-0.000012668996496258981f,0.000012668996496258976f,-3.978299171573478e-21f,13.4085930520375f,0f,0f,0f,1f],start_interpolation:0}
execute if entity @s[tag=aj.nep_fume_ugs_skills.bone.obsidian_edges2] run data modify entity @s {} merge value {transformation:[0.00001266899649625898f,-0.00001266899649625898f,4.872011346518026e-37f,0.00001101104374835792f,-2.8130823218084314e-21f,-2.8130823218084306e-21f,0.000017916666666666667f,-0.0009768749999999964f,-0.00001266899649625898f,-0.00001266899649625898f,-3.978299171573478e-21f,13.4086155520375f,0f,0f,0f,1f],start_interpolation:0}
execute if entity @s[tag=aj.nep_fume_ugs_skills.bone.obsidian_edges3] run data modify entity @s {} merge value {transformation:[0.000012668996496258976f,0.000012668996496258981f,4.872011346518026e-37f,-0.000011250000001642082f,2.8130823218084314e-21f,-2.8130823218084306e-21f,0.000017916666666666667f,-0.0009765389562499964f,0.000012668996496258981f,-0.000012668996496258976f,-3.978299171573478e-21f,13.40861625978125f,0f,0f,0f,1f],start_interpolation:0}
execute if entity @s[tag=aj.nep_fume_ugs_skills.locator_origin.wave_of_destruction25] at @s on origin run tp @s ^0.00002 ^-0.00098 ^13.40862 ~0 ~90
execute if entity @s[tag=aj.nep_fume_ugs_skills.locator_origin.wave_of_destruction26] at @s on origin run tp @s ^0 ^-0.00098 ^13.40864 ~0 ~90
execute if entity @s[tag=aj.nep_fume_ugs_skills.locator_origin.wave_of_destruction27] at @s on origin run tp @s ^-0.00002 ^-0.00098 ^13.40862 ~0 ~90
execute if entity @s[tag=aj.nep_fume_ugs_skills.locator_origin.wave_of_destruction28] at @s on origin run tp @s ^0 ^-0.00098 ^13.4086 ~0 ~90
execute if entity @s[tag=aj.nep_fume_ugs_skills.locator_origin.wave_of_destruction29] at @s on origin run tp @s ^0.00002 ^-0.00097 ^13.4086 ~0 ~90
execute if entity @s[tag=aj.nep_fume_ugs_skills.locator_origin.wave_of_destruction30] at @s on origin run tp @s ^0.00001 ^-0.00098 ^13.40863 ~0 ~90
execute if entity @s[tag=aj.nep_fume_ugs_skills.locator_origin.wave_of_destruction31] at @s on origin run tp @s ^-0.00002 ^-0.00097 ^13.40863 ~0 ~90
execute if entity @s[tag=aj.nep_fume_ugs_skills.locator_origin.wave_of_destruction32] at @s on origin run tp @s ^-0.00002 ^-0.00097 ^13.4086 ~0 ~90
execute if entity @s[tag=aj.nep_fume_ugs_skills.bone.obsidian] run data modify entity @s {} merge value {transformation:[-0.00003520181250000001f,-4.3109787002310295e-21f,9.57229562333024e-37f,-1.6420804428876945e-15f,0f,7.816372549207531e-21f,0.00003520181250000001f,-0.0009781249999999964f,-4.3109787002310295e-21f,0.00003520181250000001f,-7.816372549207531e-21f,13.408604375f,0f,0f,0f,1f],start_interpolation:0}