execute if entity @s[tag=aj.nep_fume_ugs_skills.bone.right_arm2] run data modify entity @s {} merge value {transformation:[0.08584988765134793f,-0.09966780960561504f,-0.9913103068760409f,-0.09411466383401271f,0.8811971472022239f,-0.45667468118127214f,0.12222857002618724f,1.996259665485656f,-0.4648885721900616f,-0.8840331234158607f,0.04862151941973496f,20.109908440541684f,0f,0f,0f,1f],start_interpolation:0}
execute if entity @s[tag=aj.nep_fume_ugs_skills.bone.right_arm] run data modify entity @s {} merge value {transformation:[0.08584988765134793f,-0.09966780960561504f,-0.9913103068760409f,-0.09461809530420749f,0.8811971472022239f,-0.45667468118127214f,0.12222857002618724f,1.9469252899266647f,-0.4648885721900616f,-0.8840331234158607f,0.04862151941973496f,19.868035361134666f,0f,0f,0f,1f],start_interpolation:0}
execute if entity @s[tag=aj.nep_fume_ugs_skills.locator_origin.fume_ugs_locator] at @s on origin run tp @s ^-0.32763 ^1.76506 ^17.53994 ~85.03216 ~-23.08085
execute if entity @s[tag=aj.nep_fume_ugs_skills.locator_origin.fume_ugs_locator2] at @s on origin run tp @s ^-0.35611 ^1.60258 ^18.01194 ~85.03216 ~-23.08085
execute if entity @s[tag=aj.nep_fume_ugs_skills.locator_origin.fume_ugs_locator3] at @s on origin run tp @s ^-0.38458 ^1.44009 ^18.48394 ~85.03216 ~-23.08085
execute if entity @s[tag=aj.nep_fume_ugs_skills.locator_origin.fume_ugs_locator4] at @s on origin run tp @s ^-0.41306 ^1.2776 ^18.95595 ~85.03216 ~-23.08085
execute if entity @s[tag=aj.nep_fume_ugs_skills.locator_origin.fume_ugs_locator5] at @s on origin run tp @s ^-0.4451 ^1.0948 ^19.48695 ~85.03216 ~-23.08085
execute if entity @s[tag=aj.nep_fume_ugs_skills.locator_origin.fume_ugs_locator10] at @s on origin run tp @s ^-0.10141 ^0.94779 ^19.45708 ~85.03216 ~-23.08085
execute if entity @s[tag=aj.nep_fume_ugs_skills.locator_origin.fume_ugs_locator9] at @s on origin run tp @s ^-0.06937 ^1.13059 ^18.92607 ~85.03216 ~-23.08085
execute if entity @s[tag=aj.nep_fume_ugs_skills.locator_origin.fume_ugs_locator8] at @s on origin run tp @s ^-0.0409 ^1.29308 ^18.45407 ~85.03216 ~-23.08085
execute if entity @s[tag=aj.nep_fume_ugs_skills.locator_origin.fume_ugs_locator7] at @s on origin run tp @s ^-0.01242 ^1.45557 ^17.98207 ~85.03216 ~-23.08085
execute if entity @s[tag=aj.nep_fume_ugs_skills.locator_origin.fume_ugs_locator6] at @s on origin run tp @s ^0.01605 ^1.61805 ^17.51006 ~85.03216 ~-23.08085
execute if entity @s[tag=aj.nep_fume_ugs_skills.locator_origin.foe_ride_locator] at @s on origin run tp @s ^-0.20562 ^1.40721 ^18.35101 ~85.03216 ~-23.08085
execute if entity @s[tag=aj.nep_fume_ugs_skills.bone.fume_ugs_slash] run data modify entity @s {} merge value {transformation:[-0.000010559133513950174f,-0.00000794964951271557f,0.000023160718537443238f,-0.15452686582018132f,-0.000022950443847742843f,0.000012006958308122628f,-0.000006342017856307187f,1.613413864824119f,-0.000008537736101408172f,-0.000022444311883483927f,-0.000011596164773351808f,17.72794430208094f,0f,0f,0f,1f],start_interpolation:0}
execute if entity @s[tag=aj.nep_fume_ugs_skills.bone.gravity_vortex] run data modify entity @s {} merge value {transformation:[-0.13454775253462656f,-0.5279566756975087f,1.2219956488312005f,-0.20083598126831925f,-0.7677532485488913f,-1.147522192387142f,-0.5227062254940107f,1.6191570053626374f,2.230214810647286f,-0.4268868050704089f,-0.10621964905419592f,17.871045450595318f,0f,0f,0f,1f],start_interpolation:0}
execute if entity @s[tag=aj.nep_fume_ugs_skills.bone.fume_ultra_greatsword] run data modify entity @s {} merge value {transformation:[-0.8220285440610211f,0.11823116794153835f,1.9026472252301792f,-0.27142129808990184f,-1.7866920535467803f,0.674647933962962f,-0.8138535930941747f,0.9409426840532257f,-0.6646627554946262f,-1.9597570145624408f,-0.16538399357738306f,19.687033041634393f,0f,0f,0f,1f],start_interpolation:0}
execute if entity @s[tag=aj.nep_fume_ugs_skills.bone.left_arm2] run data modify entity @s {} merge value {transformation:[-0.4563536148607663f,0.6410553384846962f,0.6170813813459158f,-0.187888071034491f,0.7485906735677778f,-0.09828034055474391f,0.6557079975932769f,0.9222553965039838f,0.4809920806529486f,0.7611760819026803f,-0.4350374589485738f,19.791800503154665f,0f,0f,0f,1f],start_interpolation:0}
execute if entity @s[tag=aj.nep_fume_ugs_skills.bone.left_arm] run data modify entity @s {} merge value {transformation:[-0.4563536148607663f,0.8433642837586325f,-0.2836865578130215f,0.09584181233436155f,0.7485906735677778f,0.5362392863074161f,0.38994798533631936f,1.1026603686990641f,0.4809920806529486f,-0.034410938679471675f,-0.8760493739786277f,19.78022376009575f,0f,0f,0f,1f],start_interpolation:0}
execute if entity @s[tag=aj.nep_fume_ugs_skills.bone.head] run data modify entity @s {} merge value {transformation:[-0.2672720345457539f,0.7472569512054156f,-0.6084182019178593f,-0.06765479193617348f,0.9608831187111619f,0.2542345107524056f,-0.10985647781718069f,1.5559464992058794f,0.07258988721361337f,-0.6139803436736984f,-0.7859763646933936f,19.72796539535212f,0f,0f,0f,1f],start_interpolation:0}
execute if entity @s[tag=aj.nep_fume_ugs_skills.bone.body_top] run data modify entity @s {} merge value {transformation:[-0.04561292951404936f,0.08334891511197351f,-0.9954759761093203f,-0.10047342726151305f,0.9944752817318439f,0.09810014889024636f,-0.03735337751906758f,1.5173195655803449f,0.09454297798100521f,-0.991680048774487f,-0.08736307101467192f,20.118439414557074f,0f,0f,0f,1f],start_interpolation:0}
execute if entity @s[tag=aj.nep_fume_ugs_skills.bone.body] run data modify entity @s {} merge value {transformation:[-0.04561292951404936f,0.08334891511197351f,-0.9954759761093203f,-0.13693857762300146f,0.9944752817318439f,0.09810014889024636f,-0.03735337751906758f,1.474400750440862f,0.09454297798100521f,-0.991680048774487f,-0.08736307101467192f,20.55229943589591f,0f,0f,0f,1f],start_interpolation:0}
execute if entity @s[tag=aj.nep_fume_ugs_skills.bone.right_leg2] run data modify entity @s {} merge value {transformation:[-0.07636278967968894f,0.45614916528406263f,-0.8866209242754138f,-0.3197090775171427f,0.9663062550434987f,-0.185359090708569f,-0.17858955444118868f,1.685440406548149f,-0.24580672451368255f,-0.8703849415645617f,-0.42662525438786336f,20.769813410827233f,0f,0f,0f,1f],start_interpolation:0}
execute if entity @s[tag=aj.nep_fume_ugs_skills.bone.right_leg] run data modify entity @s {} merge value {transformation:[-0.07636278967968894f,0.5111364894828172f,-0.8561005860712386f,-0.13482623302051014f,0.9663062550434987f,-0.17373167776637524f,-0.18991978729002978f,1.6079070496158032f,-0.24580672451368255f,-0.8417581560398821f,-0.4806477513982482f,20.471147303570927f,0f,0f,0f,1f],start_interpolation:0}
execute if entity @s[tag=aj.nep_fume_ugs_skills.bone.left_leg2] run data modify entity @s {} merge value {transformation:[-0.1718086858278773f,-0.4137246136203142f,-0.894043466258112f,-0.15586539658564857f,0.9603508301578543f,0.13193035537710557f,-0.24560265541152393f,1.2833772126098595f,0.21956333594026772f,-0.9007920544802739f,0.37465399516886067f,20.782847927649755f,0f,0f,0f,1f],start_interpolation:0}
execute if entity @s[tag=aj.nep_fume_ugs_skills.bone.left_leg] run data modify entity @s {} merge value {transformation:[-0.1718086858278773f,-0.04009608026871202f,-0.9843140148454573f,-0.17295943614827755f,0.9603508301578543f,0.2158758222207106f,-0.17641970523627257f,1.375963067941644f,0.21956333594026772f,-0.9755972190036304f,0.0014169626543807795f,20.435673354194392f,0f,0f,0f,1f],start_interpolation:0}
execute if entity @s[tag=aj.nep_fume_ugs_skills.bone.gravity_effect1] run data modify entity @s {} merge value {transformation:[-1f,0f,1.2246467991473532e-16f,-0.31250000000000266f,0f,1f,0f,1.3125f,-1.2246467991473532e-16f,0f,-1f,21.647169837962956f,0f,0f,0f,1f],start_interpolation:0}
execute if entity @s[tag=aj.nep_fume_ugs_skills.bone.gravity_effect2] run data modify entity @s {} merge value {transformation:[-1f,0f,1.2246467991473532e-16f,-0.17187500000000272f,0f,1f,0f,1.40625f,-1.2246467991473532e-16f,0f,-1f,22.287794837962956f,0f,0f,0f,1f],start_interpolation:0}
execute if entity @s[tag=aj.nep_fume_ugs_skills.bone.gravity_effect3] run data modify entity @s {} merge value {transformation:[-1f,0f,1.2246467991473532e-16f,0.28124999999999734f,0f,1f,0f,1.46875f,-1.2246467991473532e-16f,0f,-1f,21.740919837962956f,0f,0f,0f,1f],start_interpolation:0}
execute if entity @s[tag=aj.nep_fume_ugs_skills.bone.gravity_effect4] run data modify entity @s {} merge value {transformation:[-1f,0f,1.2246467991473532e-16f,-0.5468750000000027f,0f,1f,0f,0.96875f,-1.2246467991473532e-16f,0f,-1f,22.100294837962956f,0f,0f,0f,1f],start_interpolation:0}
execute if entity @s[tag=aj.nep_fume_ugs_skills.bone.gravity_effect5] run data modify entity @s {} merge value {transformation:[-1f,0f,1.2246467991473532e-16f,0.20312499999999725f,0f,1f,0f,0.59375f,-1.2246467991473532e-16f,0f,-1f,22.287794837962956f,0f,0f,0f,1f],start_interpolation:0}
execute if entity @s[tag=aj.nep_fume_ugs_skills.bone.gravity_effect6] run data modify entity @s {} merge value {transformation:[-1f,0f,1.2246467991473532e-16f,0.5156249999999973f,0f,1f,0f,0.71875f,-1.2246467991473532e-16f,0f,-1f,21.787794837962956f,0f,0f,0f,1f],start_interpolation:0}
execute if entity @s[tag=aj.nep_fume_ugs_skills.bone.gravity_effect7] run data modify entity @s {} merge value {transformation:[-1f,0f,1.2246467991473532e-16f,-0.06250000000000268f,0f,1f,0f,0.78125f,-1.2246467991473532e-16f,0f,-1f,21.959669837962956f,0f,0f,0f,1f],start_interpolation:0}
execute if entity @s[tag=aj.nep_fume_ugs_skills.bone.gravity_effect8] run data modify entity @s {} merge value {transformation:[-1f,0f,1.2246467991473532e-16f,0.09374999999999731f,0f,1f,0f,1.65625f,-1.2246467991473532e-16f,0f,-1f,21.990919837962956f,0f,0f,0f,1f],start_interpolation:0}
execute if entity @s[tag=aj.nep_fume_ugs_skills.bone.gravity_effect9] run data modify entity @s {} merge value {transformation:[-1f,0f,1.2246467991473532e-16f,0.4374999999999972f,0f,1f,0f,1.15625f,-1.2246467991473532e-16f,0f,-1f,22.584669837962956f,0f,0f,0f,1f],start_interpolation:0}
execute if entity @s[tag=aj.nep_fume_ugs_skills.locator_origin.nep_ride] at @s on origin run tp @s ^-0.0625 ^1 ^22.02217 ~0 ~0
execute if entity @s[tag=aj.nep_fume_ugs_skills.locator_origin.wave_of_destruction0] at @s on origin run tp @s ^-0.375 ^0.49999 ^12.75002 ~0 ~90
execute if entity @s[tag=aj.nep_fume_ugs_skills.locator_origin.wave_of_destruction1] at @s on origin run tp @s ^-0.375 ^0.5 ^12.75002 ~0 ~90
execute if entity @s[tag=aj.nep_fume_ugs_skills.locator_origin.wave_of_destruction2] at @s on origin run tp @s ^-0.375 ^0.50001 ^12.75002 ~0 ~90
execute if entity @s[tag=aj.nep_fume_ugs_skills.locator_origin.wave_of_destruction3] at @s on origin run tp @s ^-0.375 ^0.50002 ^12.75002 ~0 ~90
execute if entity @s[tag=aj.nep_fume_ugs_skills.locator_origin.wave_of_destruction4] at @s on origin run tp @s ^-0.375 ^0.50003 ^12.75002 ~0 ~90
execute if entity @s[tag=aj.nep_fume_ugs_skills.locator_origin.wave_of_destruction5] at @s on origin run tp @s ^-0.37501 ^0.50003 ^12.75002 ~0 ~90
execute if entity @s[tag=aj.nep_fume_ugs_skills.locator_origin.wave_of_destruction6] at @s on origin run tp @s ^-0.37499 ^0.50003 ^12.75002 ~0 ~90
execute if entity @s[tag=aj.nep_fume_ugs_skills.locator_origin.wave_of_destruction7] at @s on origin run tp @s ^-0.375 ^0.50003 ^12.75003 ~0 ~90
execute if entity @s[tag=aj.nep_fume_ugs_skills.locator_origin.wave_of_destruction8] at @s on origin run tp @s ^-0.375 ^0.50003 ^12.75001 ~0 ~90
execute if entity @s[tag=aj.nep_fume_ugs_skills.locator_origin.wave_of_destruction12] at @s on origin run tp @s ^-0.37501 ^0.50002 ^12.75002 ~0 ~90
execute if entity @s[tag=aj.nep_fume_ugs_skills.locator_origin.wave_of_destruction11] at @s on origin run tp @s ^-0.375 ^0.50002 ^12.75003 ~0 ~90
execute if entity @s[tag=aj.nep_fume_ugs_skills.locator_origin.wave_of_destruction10] at @s on origin run tp @s ^-0.37499 ^0.50002 ^12.75002 ~0 ~90
execute if entity @s[tag=aj.nep_fume_ugs_skills.locator_origin.wave_of_destruction9] at @s on origin run tp @s ^-0.375 ^0.50002 ^12.75001 ~0 ~90
execute if entity @s[tag=aj.nep_fume_ugs_skills.locator_origin.wave_of_destruction13] at @s on origin run tp @s ^-0.37501 ^0.50001 ^12.75002 ~0 ~90
execute if entity @s[tag=aj.nep_fume_ugs_skills.locator_origin.wave_of_destruction14] at @s on origin run tp @s ^-0.375 ^0.50001 ^12.75003 ~0 ~90
execute if entity @s[tag=aj.nep_fume_ugs_skills.locator_origin.wave_of_destruction15] at @s on origin run tp @s ^-0.37499 ^0.50001 ^12.75002 ~0 ~90
execute if entity @s[tag=aj.nep_fume_ugs_skills.locator_origin.wave_of_destruction16] at @s on origin run tp @s ^-0.375 ^0.50001 ^12.75001 ~0 ~90
execute if entity @s[tag=aj.nep_fume_ugs_skills.locator_origin.wave_of_destruction17] at @s on origin run tp @s ^-0.37501 ^0.5 ^12.75002 ~0 ~90
execute if entity @s[tag=aj.nep_fume_ugs_skills.locator_origin.wave_of_destruction18] at @s on origin run tp @s ^-0.375 ^0.5 ^12.75003 ~0 ~90
execute if entity @s[tag=aj.nep_fume_ugs_skills.locator_origin.wave_of_destruction19] at @s on origin run tp @s ^-0.37499 ^0.5 ^12.75002 ~0 ~90
execute if entity @s[tag=aj.nep_fume_ugs_skills.locator_origin.wave_of_destruction20] at @s on origin run tp @s ^-0.375 ^0.5 ^12.75001 ~0 ~90
execute if entity @s[tag=aj.nep_fume_ugs_skills.locator_origin.wave_of_destruction24] at @s on origin run tp @s ^-0.37499 ^0.49999 ^12.75002 ~0 ~90
execute if entity @s[tag=aj.nep_fume_ugs_skills.locator_origin.wave_of_destruction23] at @s on origin run tp @s ^-0.375 ^0.49999 ^12.75003 ~0 ~90
execute if entity @s[tag=aj.nep_fume_ugs_skills.locator_origin.wave_of_destruction22] at @s on origin run tp @s ^-0.37501 ^0.49999 ^12.75002 ~0 ~90
execute if entity @s[tag=aj.nep_fume_ugs_skills.locator_origin.wave_of_destruction21] at @s on origin run tp @s ^-0.375 ^0.49999 ^12.75001 ~0 ~90
execute if entity @s[tag=aj.nep_fume_ugs_skills.locator_origin.wave_of_destruction25] at @s on origin run tp @s ^0.00002 ^-0.00098 ^13.40862 ~0 ~90
execute if entity @s[tag=aj.nep_fume_ugs_skills.locator_origin.wave_of_destruction26] at @s on origin run tp @s ^0 ^-0.00098 ^13.40864 ~0 ~90
execute if entity @s[tag=aj.nep_fume_ugs_skills.locator_origin.wave_of_destruction27] at @s on origin run tp @s ^-0.00002 ^-0.00098 ^13.40862 ~0 ~90
execute if entity @s[tag=aj.nep_fume_ugs_skills.locator_origin.wave_of_destruction28] at @s on origin run tp @s ^0 ^-0.00098 ^13.4086 ~0 ~90
execute if entity @s[tag=aj.nep_fume_ugs_skills.locator_origin.wave_of_destruction29] at @s on origin run tp @s ^0.00002 ^-0.00097 ^13.4086 ~0 ~90
execute if entity @s[tag=aj.nep_fume_ugs_skills.locator_origin.wave_of_destruction30] at @s on origin run tp @s ^0.00001 ^-0.00098 ^13.40863 ~0 ~90
execute if entity @s[tag=aj.nep_fume_ugs_skills.locator_origin.wave_of_destruction31] at @s on origin run tp @s ^-0.00002 ^-0.00097 ^13.40863 ~0 ~90
execute if entity @s[tag=aj.nep_fume_ugs_skills.locator_origin.wave_of_destruction32] at @s on origin run tp @s ^-0.00002 ^-0.00097 ^13.4086 ~0 ~90