execute if entity @s[tag=aj.nep_fume_ugs_skills.bone.right_arm2] run data modify entity @s {} merge value {transformation:[-0.06373792456498184f,-0.30840978513473244f,-0.9491158419314776f,0.12752025056859043f,-0.9755519913854029f,0.21969025914173115f,-0.005873852416802161f,0.46326988403876235f,0.2103230588312277f,0.9255374624894378f,-0.3148723812157693f,7.030226870407698f,0f,0f,0f,1f],start_interpolation:0}
execute if entity @s[tag=aj.nep_fume_ugs_skills.bone.right_arm] run data modify entity @s {} merge value {transformation:[-0.06373792456498184f,-0.30840978513473244f,-0.9491158419314776f,0.06662907614336136f,-0.9755519913854029f,0.21969025914173115f,-0.005873852416802161f,0.448064725829327f,0.2103230588312277f,0.9255374624894378f,-0.3148723812157693f,7.2689691216202f,0f,0f,0f,1f],start_interpolation:0}
execute if entity @s[tag=aj.nep_fume_ugs_skills.locator_origin.fume_ugs_locator] at @s on origin run tp @s ^-0.46606 ^0.61344 ^9.46586 ~111.20558 ~42.86463
execute if entity @s[tag=aj.nep_fume_ugs_skills.locator_origin.fume_ugs_locator2] at @s on origin run tp @s ^-0.41461 ^0.74832 ^8.98715 ~111.20558 ~42.86463
execute if entity @s[tag=aj.nep_fume_ugs_skills.locator_origin.fume_ugs_locator3] at @s on origin run tp @s ^-0.36315 ^0.8832 ^8.50844 ~111.20558 ~42.86463
execute if entity @s[tag=aj.nep_fume_ugs_skills.locator_origin.fume_ugs_locator4] at @s on origin run tp @s ^-0.31169 ^1.01808 ^8.02974 ~111.20558 ~42.86463
execute if entity @s[tag=aj.nep_fume_ugs_skills.locator_origin.fume_ugs_locator5] at @s on origin run tp @s ^-0.2538 ^1.16982 ^7.49119 ~111.20558 ~42.86463
execute if entity @s[tag=aj.nep_fume_ugs_skills.locator_origin.fume_ugs_locator10] at @s on origin run tp @s ^0.00245 ^1.42492 ^7.59061 ~111.20558 ~42.86463
execute if entity @s[tag=aj.nep_fume_ugs_skills.locator_origin.fume_ugs_locator9] at @s on origin run tp @s ^-0.05544 ^1.27318 ^8.12916 ~111.20558 ~42.86463
execute if entity @s[tag=aj.nep_fume_ugs_skills.locator_origin.fume_ugs_locator8] at @s on origin run tp @s ^-0.1069 ^1.1383 ^8.60787 ~111.20558 ~42.86463
execute if entity @s[tag=aj.nep_fume_ugs_skills.locator_origin.fume_ugs_locator7] at @s on origin run tp @s ^-0.15836 ^1.00342 ^9.08657 ~111.20558 ~42.86463
execute if entity @s[tag=aj.nep_fume_ugs_skills.locator_origin.fume_ugs_locator6] at @s on origin run tp @s ^-0.20981 ^0.86854 ^9.56528 ~111.20558 ~42.86463
execute if entity @s[tag=aj.nep_fume_ugs_skills.bone.fume_ugs_slash] run data modify entity @s {} merge value {transformation:[-0.000019275129123597764f,-0.000009508775160464437f,0.000015784920124203375f,-0.30622421380829684f,0.00001817376301377701f,-0.000013588092452821653f,0.00001400675524608588f,0.8113438742892773f,0.0000030487450367022674f,0.000020882003006235253f,0.000016302092358340923f,9.312248116129117f,0f,0f,0f,1f],start_interpolation:0}
execute if entity @s[tag=aj.nep_fume_ugs_skills.bone.gravity_vortex] run data modify entity @s {} merge value {transformation:[0.2718397614453073f,-1.077556418349917f,1.018694348111368f,-0.30718226511057184f,0.7125617900030929f,1.0159856702122296f,1.0141257075974353f,0.7878100823009332f,-2.528969300018104f,0.17043697923605897f,0.39523961720804734f,9.16356422608808f,0f,0f,0f,1f],start_interpolation:0}
execute if entity @s[tag=aj.nep_fume_ugs_skills.bone.fume_ultra_greatsword] run data modify entity @s {} merge value {transformation:[-1.5005688022720844f,-0.2136465060061496f,1.4185994643024114f,-0.09085078176102535f,1.4148274506225387f,-0.56002233057535f,1.4122373292835309f,1.3697821083803248f,0.2373448011072713f,1.987588025655296f,0.5503973888555721f,7.325876672974123f,0f,0f,0f,1f],start_interpolation:0}
execute if entity @s[tag=aj.nep_fume_ugs_skills.bone.left_arm2] run data modify entity @s {} merge value {transformation:[-0.000659484948794818f,0.9603719419460501f,0.2787208248451767f,0.03717622616576233f,-0.5828357187828297f,0.22611664220462901f,-0.7804958609941545f,1.4062437645564863f,-0.8125897427303058f,-0.162963177561304f,0.559589950560782f,7.301734001169904f,0f,0f,0f,1f],start_interpolation:0}
execute if entity @s[tag=aj.nep_fume_ugs_skills.bone.left_arm] run data modify entity @s {} merge value {transformation:[-0.000659484948794818f,0.8761708979172778f,-0.4820001273054131f,0.3319427050060965f,-0.5828357187828297f,-0.3920053049549742f,-0.7117825270390251f,1.2743630735828646f,-0.8125897427303058f,0.2804574807880684f,0.5109222166626793f,7.396087128251437f,0f,0f,0f,1f],start_interpolation:0}
execute if entity @s[tag=aj.nep_fume_ugs_skills.bone.head] run data modify entity @s {} merge value {transformation:[-0.6469804973897437f,0.18114260310460994f,-0.7406777931987742f,0.10200103849564703f,-0.7602608512234604f,-0.2277416061240041f,0.6083890194086667f,0.8363848363189513f,-0.0584779795675248f,0.9567241599230915f,0.2850600072355912f,7.414458922833286f,0f,0f,0f,1f],start_interpolation:0}
execute if entity @s[tag=aj.nep_fume_ugs_skills.bone.body_top] run data modify entity @s {} merge value {transformation:[-0.11431999173361923f,-0.10440299034301216f,-0.987942789384822f,0.14310971594320807f,-0.9875063040280551f,-0.0966227416191443f,0.12448030087869817f,0.8744300408314895f,-0.10845385652376016f,0.9898303195040234f,-0.09205270009992449f,7.024713234528576f,0f,0f,0f,1f],start_interpolation:0}
execute if entity @s[tag=aj.nep_fume_ugs_skills.bone.body] run data modify entity @s {} merge value {transformation:[-0.11431999173361923f,-0.10440299034301216f,-0.987942789384822f,0.1887860242182759f,-0.9875063040280551f,-0.0966227416191443f,0.12448030087869817f,0.9167024902898651f,-0.10845385652376016f,0.9898303195040234f,-0.09205270009992449f,6.591662469745566f,0f,0f,0f,1f],start_interpolation:0}
execute if entity @s[tag=aj.nep_fume_ugs_skills.bone.right_leg2] run data modify entity @s {} merge value {transformation:[-0.2028814017009074f,-0.5328982370782032f,-0.8214977819585509f,0.28582276762778325f,-0.9539137585678089f,0.29699482888118145f,0.0429256663649434f,0.6682975253790404f,0.2211055812477645f,0.7923468562042644f,-0.568593687446763f,6.352639748584988f,0f,0f,0f,1f],start_interpolation:0}
execute if entity @s[tag=aj.nep_fume_ugs_skills.bone.right_leg] run data modify entity @s {} merge value {transformation:[-0.2028814017009074f,-0.3458352546015829f,-0.9160988557565903f,0.1647082449069161f,-0.9539137585678089f,0.28105291799068105f,0.10515606736636841f,0.7842058202595634f,0.2211055812477645f,0.8952135130590814f,-0.3869174175163304f,6.670902330133599f,0f,0f,0f,1f],start_interpolation:0}
execute if entity @s[tag=aj.nep_fume_ugs_skills.bone.left_leg2] run data modify entity @s {} merge value {transformation:[-0.45628906193463326f,-0.37401154990066754f,-0.8074129380309146f,0.21355581275384908f,-0.8500848687443819f,-0.08494111917149941f,0.5197506346371696f,1.1440467273576587f,-0.2629752990123975f,0.9235260509670498f,-0.2791838557197504f,6.357101117606368f,0f,0f,0f,1f],start_interpolation:0}
execute if entity @s[tag=aj.nep_fume_ugs_skills.bone.left_leg] run data modify entity @s {} merge value {transformation:[-0.45628906193463326f,-0.03655806141439863f,-0.8890803113917405f,0.19328824284032092f,-0.8500848687443819f,-0.27737531830803613f,0.4476814143175514f,1.0310823962665772f,-0.2629752990123975f,0.9600658523971868f,0.09548586895558583f,6.698015794264538f,0f,0f,0f,1f],start_interpolation:0}
execute if entity @s[tag=aj.nep_fume_ugs_skills.bone.gravity_effect1] run data modify entity @s {} merge value {transformation:[-1f,0f,1.2246467991473532e-16f,-0.3125000000000006f,0f,1f,0f,1.3125f,-1.2246467991473532e-16f,0f,-1f,5.173781250000001f,0f,0f,0f,1f],start_interpolation:0}
execute if entity @s[tag=aj.nep_fume_ugs_skills.bone.gravity_effect2] run data modify entity @s {} merge value {transformation:[-1f,0f,1.2246467991473532e-16f,-0.17187500000000072f,0f,1f,0f,1.40625f,-1.2246467991473532e-16f,0f,-1f,5.814406250000001f,0f,0f,0f,1f],start_interpolation:0}
execute if entity @s[tag=aj.nep_fume_ugs_skills.bone.gravity_effect3] run data modify entity @s {} merge value {transformation:[-1f,0f,1.2246467991473532e-16f,0.2812499999999994f,0f,1f,0f,1.46875f,-1.2246467991473532e-16f,0f,-1f,5.267531250000001f,0f,0f,0f,1f],start_interpolation:0}
execute if entity @s[tag=aj.nep_fume_ugs_skills.bone.gravity_effect4] run data modify entity @s {} merge value {transformation:[-1f,0f,1.2246467991473532e-16f,-0.5468750000000007f,0f,1f,0f,0.96875f,-1.2246467991473532e-16f,0f,-1f,5.626906250000001f,0f,0f,0f,1f],start_interpolation:0}
execute if entity @s[tag=aj.nep_fume_ugs_skills.bone.gravity_effect5] run data modify entity @s {} merge value {transformation:[-1f,0f,1.2246467991473532e-16f,0.20312499999999928f,0f,1f,0f,0.59375f,-1.2246467991473532e-16f,0f,-1f,5.814406250000001f,0f,0f,0f,1f],start_interpolation:0}
execute if entity @s[tag=aj.nep_fume_ugs_skills.bone.gravity_effect6] run data modify entity @s {} merge value {transformation:[-1f,0f,1.2246467991473532e-16f,0.5156249999999993f,0f,1f,0f,0.71875f,-1.2246467991473532e-16f,0f,-1f,5.314406250000001f,0f,0f,0f,1f],start_interpolation:0}
execute if entity @s[tag=aj.nep_fume_ugs_skills.bone.gravity_effect7] run data modify entity @s {} merge value {transformation:[-1f,0f,1.2246467991473532e-16f,-0.06250000000000067f,0f,1f,0f,0.78125f,-1.2246467991473532e-16f,0f,-1f,5.486281250000001f,0f,0f,0f,1f],start_interpolation:0}
execute if entity @s[tag=aj.nep_fume_ugs_skills.bone.gravity_effect8] run data modify entity @s {} merge value {transformation:[-1f,0f,1.2246467991473532e-16f,0.09374999999999932f,0f,1f,0f,1.65625f,-1.2246467991473532e-16f,0f,-1f,5.517531250000001f,0f,0f,0f,1f],start_interpolation:0}
execute if entity @s[tag=aj.nep_fume_ugs_skills.bone.gravity_effect9] run data modify entity @s {} merge value {transformation:[-1f,0f,1.2246467991473532e-16f,0.4374999999999993f,0f,1f,0f,1.15625f,-1.2246467991473532e-16f,0f,-1f,6.111281250000001f,0f,0f,0f,1f],start_interpolation:0}
execute if entity @s[tag=aj.nep_fume_ugs_skills.locator_origin.nep_ride] at @s on origin run tp @s ^-0.0625 ^1 ^5.54878 ~0 ~0
execute if entity @s[tag=aj.nep_fume_ugs_skills.locator_origin.wave_of_destruction0] at @s on origin run tp @s ^-0.375 ^2.56249 ^0.18752 ~0 ~90
execute if entity @s[tag=aj.nep_fume_ugs_skills.locator_origin.wave_of_destruction1] at @s on origin run tp @s ^-0.375 ^2.5625 ^0.18752 ~0 ~90
execute if entity @s[tag=aj.nep_fume_ugs_skills.locator_origin.wave_of_destruction2] at @s on origin run tp @s ^-0.375 ^2.56251 ^0.18752 ~0 ~90
execute if entity @s[tag=aj.nep_fume_ugs_skills.locator_origin.wave_of_destruction3] at @s on origin run tp @s ^-0.375 ^2.56252 ^0.18752 ~0 ~90
execute if entity @s[tag=aj.nep_fume_ugs_skills.locator_origin.wave_of_destruction4] at @s on origin run tp @s ^-0.375 ^2.56253 ^0.18752 ~0 ~90
execute if entity @s[tag=aj.nep_fume_ugs_skills.locator_origin.wave_of_destruction5] at @s on origin run tp @s ^-0.37501 ^2.56253 ^0.18752 ~0 ~90
execute if entity @s[tag=aj.nep_fume_ugs_skills.locator_origin.wave_of_destruction6] at @s on origin run tp @s ^-0.37499 ^2.56253 ^0.18752 ~0 ~90
execute if entity @s[tag=aj.nep_fume_ugs_skills.locator_origin.wave_of_destruction7] at @s on origin run tp @s ^-0.375 ^2.56253 ^0.18753 ~0 ~90
execute if entity @s[tag=aj.nep_fume_ugs_skills.locator_origin.wave_of_destruction8] at @s on origin run tp @s ^-0.375 ^2.56253 ^0.18751 ~0 ~90
execute if entity @s[tag=aj.nep_fume_ugs_skills.locator_origin.wave_of_destruction12] at @s on origin run tp @s ^-0.37501 ^2.56252 ^0.18752 ~0 ~90
execute if entity @s[tag=aj.nep_fume_ugs_skills.locator_origin.wave_of_destruction11] at @s on origin run tp @s ^-0.375 ^2.56252 ^0.18753 ~0 ~90
execute if entity @s[tag=aj.nep_fume_ugs_skills.locator_origin.wave_of_destruction10] at @s on origin run tp @s ^-0.37499 ^2.56252 ^0.18752 ~0 ~90
execute if entity @s[tag=aj.nep_fume_ugs_skills.locator_origin.wave_of_destruction9] at @s on origin run tp @s ^-0.375 ^2.56252 ^0.18751 ~0 ~90
execute if entity @s[tag=aj.nep_fume_ugs_skills.locator_origin.wave_of_destruction13] at @s on origin run tp @s ^-0.37501 ^2.56251 ^0.18752 ~0 ~90
execute if entity @s[tag=aj.nep_fume_ugs_skills.locator_origin.wave_of_destruction14] at @s on origin run tp @s ^-0.375 ^2.56251 ^0.18753 ~0 ~90
execute if entity @s[tag=aj.nep_fume_ugs_skills.locator_origin.wave_of_destruction15] at @s on origin run tp @s ^-0.37499 ^2.56251 ^0.18752 ~0 ~90
execute if entity @s[tag=aj.nep_fume_ugs_skills.locator_origin.wave_of_destruction16] at @s on origin run tp @s ^-0.375 ^2.56251 ^0.18751 ~0 ~90
execute if entity @s[tag=aj.nep_fume_ugs_skills.locator_origin.wave_of_destruction17] at @s on origin run tp @s ^-0.37501 ^2.5625 ^0.18752 ~0 ~90
execute if entity @s[tag=aj.nep_fume_ugs_skills.locator_origin.wave_of_destruction18] at @s on origin run tp @s ^-0.375 ^2.5625 ^0.18753 ~0 ~90
execute if entity @s[tag=aj.nep_fume_ugs_skills.locator_origin.wave_of_destruction19] at @s on origin run tp @s ^-0.37499 ^2.5625 ^0.18752 ~0 ~90
execute if entity @s[tag=aj.nep_fume_ugs_skills.locator_origin.wave_of_destruction20] at @s on origin run tp @s ^-0.375 ^2.5625 ^0.18751 ~0 ~90
execute if entity @s[tag=aj.nep_fume_ugs_skills.locator_origin.wave_of_destruction24] at @s on origin run tp @s ^-0.37499 ^2.56249 ^0.18752 ~0 ~90
execute if entity @s[tag=aj.nep_fume_ugs_skills.locator_origin.wave_of_destruction23] at @s on origin run tp @s ^-0.375 ^2.56249 ^0.18753 ~0 ~90
execute if entity @s[tag=aj.nep_fume_ugs_skills.locator_origin.wave_of_destruction22] at @s on origin run tp @s ^-0.37501 ^2.56249 ^0.18752 ~0 ~90
execute if entity @s[tag=aj.nep_fume_ugs_skills.locator_origin.wave_of_destruction21] at @s on origin run tp @s ^-0.375 ^2.56249 ^0.18751 ~0 ~90
execute if entity @s[tag=aj.nep_fume_ugs_skills.locator_origin.wave_of_destruction25] at @s on origin run tp @s ^0.00002 ^-0.00098 ^2.31487 ~0 ~90
execute if entity @s[tag=aj.nep_fume_ugs_skills.locator_origin.wave_of_destruction26] at @s on origin run tp @s ^0 ^-0.00098 ^2.31489 ~0 ~90
execute if entity @s[tag=aj.nep_fume_ugs_skills.locator_origin.wave_of_destruction27] at @s on origin run tp @s ^-0.00002 ^-0.00098 ^2.31487 ~0 ~90
execute if entity @s[tag=aj.nep_fume_ugs_skills.locator_origin.wave_of_destruction28] at @s on origin run tp @s ^0 ^-0.00098 ^2.31485 ~0 ~90
execute if entity @s[tag=aj.nep_fume_ugs_skills.locator_origin.wave_of_destruction29] at @s on origin run tp @s ^0.00002 ^-0.00097 ^2.31485 ~0 ~90
execute if entity @s[tag=aj.nep_fume_ugs_skills.locator_origin.wave_of_destruction30] at @s on origin run tp @s ^0.00001 ^-0.00098 ^2.31488 ~0 ~90
execute if entity @s[tag=aj.nep_fume_ugs_skills.locator_origin.wave_of_destruction31] at @s on origin run tp @s ^-0.00002 ^-0.00097 ^2.31488 ~0 ~90
execute if entity @s[tag=aj.nep_fume_ugs_skills.locator_origin.wave_of_destruction32] at @s on origin run tp @s ^-0.00002 ^-0.00097 ^2.31485 ~0 ~90