execute if entity @s[tag=aj.nep_fume_ugs_skills.bone.right_arm2] run data modify entity @s {} merge value {transformation:[-0.4390098757913598f,0.6187541379568202f,0.6514703720960513f,-1.0615193807222572f,-0.5839497139965834f,0.3545623276167863f,-0.7302659018181497f,0.6823689888716002f,-0.6828419000624985f,-0.701019880314588f,0.2056649384867469f,6.086255570991607f,0f,0f,0f,1f],start_interpolation:0}
execute if entity @s[tag=aj.nep_fume_ugs_skills.bone.right_arm] run data modify entity @s {} merge value {transformation:[-0.4390098757913598f,0.6187541379568202f,0.6514703720960513f,-0.9567681724663624f,-0.5839497139965834f,0.3545623276167863f,-0.7302659018181497f,0.7385658690922507f,-0.6828419000624985f,-0.701019880314588f,0.2056649384867469f,5.869909053526521f,0f,0f,0f,1f],start_interpolation:0}
execute if entity @s[tag=aj.nep_fume_ugs_skills.locator_origin.fume_ugs_locator] at @s on origin run tp @s ^0.10804 ^0.8798 ^3.78337 ~-67.65731 ~64.07101
execute if entity @s[tag=aj.nep_fume_ugs_skills.locator_origin.fume_ugs_locator2] at @s on origin run tp @s ^0.06644 ^0.95221 ^4.27635 ~-67.65731 ~64.07101
execute if entity @s[tag=aj.nep_fume_ugs_skills.locator_origin.fume_ugs_locator3] at @s on origin run tp @s ^0.02484 ^1.02462 ^4.76933 ~-67.65731 ~64.07101
execute if entity @s[tag=aj.nep_fume_ugs_skills.locator_origin.fume_ugs_locator4] at @s on origin run tp @s ^-0.01676 ^1.09703 ^5.2623 ~-67.65731 ~64.07101
execute if entity @s[tag=aj.nep_fume_ugs_skills.locator_origin.fume_ugs_locator5] at @s on origin run tp @s ^-0.06355 ^1.17849 ^5.8169 ~-67.65731 ~64.07101
execute if entity @s[tag=aj.nep_fume_ugs_skills.locator_origin.fume_ugs_locator10] at @s on origin run tp @s ^-0.21522 ^1.51574 ^5.75457 ~-67.65731 ~64.07101
execute if entity @s[tag=aj.nep_fume_ugs_skills.locator_origin.fume_ugs_locator9] at @s on origin run tp @s ^-0.16842 ^1.43428 ^5.19997 ~-67.65731 ~64.07101
execute if entity @s[tag=aj.nep_fume_ugs_skills.locator_origin.fume_ugs_locator8] at @s on origin run tp @s ^-0.12682 ^1.36187 ^4.70699 ~-67.65731 ~64.07101
execute if entity @s[tag=aj.nep_fume_ugs_skills.locator_origin.fume_ugs_locator7] at @s on origin run tp @s ^-0.08522 ^1.28946 ^4.21401 ~-67.65731 ~64.07101
execute if entity @s[tag=aj.nep_fume_ugs_skills.locator_origin.fume_ugs_locator6] at @s on origin run tp @s ^-0.04362 ^1.21705 ^3.72104 ~-67.65731 ~64.07101
execute if entity @s[tag=aj.nep_fume_ugs_skills.locator_origin.foe_ride_locator] at @s on origin run tp @s ^-0.04059 ^1.17514 ^4.61491 ~-67.65731 ~64.07101
execute if entity @s[tag=aj.nep_fume_ugs_skills.bone.fume_ugs_slash] run data modify entity @s {} merge value {transformation:[0.000024287379075413447f,0.000006176868878459651f,-0.000009114857081523383f,0.009463707783578745f,0.000011002112185286493f,-0.000012745458866887027f,0.000020678924460570304f,1.0946247143794485f,4.3342383489016684e-7f,-0.000022594483402855635f,-0.000014156714825429715f,3.9634918051829726f,0f,0f,0f,1f],start_interpolation:0}
execute if entity @s[tag=aj.nep_fume_ugs_skills.bone.gravity_vortex] run data modify entity @s {} merge value {transformation:[-0.19655213922482712f,1.2143689537706723f,-0.5392407641531527f,-0.008682401526472733f,0.3421301733726945f,0.5501056092643244f,1.1991155504858149f,1.0504757047062525f,2.3293175934239008f,0.02167119174450805f,-0.22162823068463805f,4.106239975765829f,0f,0f,0f,1f],start_interpolation:0}
execute if entity @s[tag=aj.nep_fume_ugs_skills.bone.fume_ultra_greatsword] run data modify entity @s {} merge value {transformation:[1.890772461020937f,0.172716292499785f,-0.8395978697864589f,-0.16530025895152148f,0.8565144336245534f,-0.30064010155416443f,1.867022912106414f,1.3945391757252381f,0.03374204554619949f,-2.0468416186023357f,-0.3450751551759815f,6.008832695722953f,0f,0f,0f,1f],start_interpolation:0}
execute if entity @s[tag=aj.nep_fume_ugs_skills.bone.left_arm2] run data modify entity @s {} merge value {transformation:[-0.27882503402957315f,-0.6641820271077443f,-0.6936273028546781f,-0.25021494065233557f,-0.8950383078320292f,0.44151896639255694f,-0.06298753709128552f,1.4561358030483897f,0.3480847998858687f,0.6032605052402287f,-0.7175748984640689f,6.09426447005606f,0f,0f,0f,1f],start_interpolation:0}
execute if entity @s[tag=aj.nep_fume_ugs_skills.bone.left_arm] run data modify entity @s {} merge value {transformation:[-0.27882503402957315f,-0.9219400617729254f,0.26885520805173607f,-0.5603797783593691f,-0.8950383078320292f,0.1480001426935434f,-0.4207165141468405f,1.5059269360542435f,0.3480847998858687f,-0.3579420068402501f,-0.8664378176347043f,5.97384338297732f,0f,0f,0f,1f],start_interpolation:0}
execute if entity @s[tag=aj.nep_fume_ugs_skills.bone.head] run data modify entity @s {} merge value {transformation:[-0.41192289495895906f,-0.4389401479293251f,0.7985305724544384f,-0.6951167970063188f,-0.9012459521907921f,0.32555140394301413f,-0.2859580686926764f,1.060627897769272f,-0.13444427198041353f,-0.8374651216179184f,-0.5296951083454913f,5.837883481858914f,0f,0f,0f,1f],start_interpolation:0}
execute if entity @s[tag=aj.nep_fume_ugs_skills.bone.body_top] run data modify entity @s {} merge value {transformation:[-0.5937688064162577f,0.21585881194757123f,0.7751410051284837f,-0.7801112042106749f,-0.7866471874899599f,0.0468312010964439f,-0.6156241069175253f,1.0421881123375472f,-0.16918867261477313f,-0.9753008827579556f,0.14199782093540586f,6.221908204444859f,0f,0f,0f,1f],start_interpolation:0}
execute if entity @s[tag=aj.nep_fume_ugs_skills.bone.body] run data modify entity @s {} merge value {transformation:[-0.5937688064162577f,0.21585881194757123f,0.7751410051284837f,-0.8745494344377374f,-0.7866471874899599f,0.0468312010964439f,-0.6156241069175253f,1.021699461857853f,-0.16918867261477313f,-0.9753008827579556f,0.14199782093540586f,6.648602340651465f,0f,0f,0f,1f],start_interpolation:0}
execute if entity @s[tag=aj.nep_fume_ugs_skills.bone.right_leg2] run data modify entity @s {} merge value {transformation:[-0.43956424818588385f,0.057617286530093514f,0.8963612664599515f,-0.9561081753443417f,-0.7626419005195755f,0.5032555390801752f,-0.4063387674798118f,0.7349852494718432f,-0.4745109095570605f,-0.8622146546411928f,-0.17727178577906727f,6.838463457365909f,0f,0f,0f,1f],start_interpolation:0}
execute if entity @s[tag=aj.nep_fume_ugs_skills.bone.right_leg] run data modify entity @s {} merge value {transformation:[-0.43956424818588385f,0.057617286530093514f,0.8963612664599515f,-0.9285337716196849f,-0.7626419005195755f,0.5032555390801752f,-0.4063387674798118f,0.9277589885243995f,-0.4745109095570605f,-0.8622146546411928f,-0.17727178577906727f,6.5360192988160595f,0f,0f,0f,1f],start_interpolation:0}
execute if entity @s[tag=aj.nep_fume_ugs_skills.bone.left_leg2] run data modify entity @s {} merge value {transformation:[-0.5241213224305505f,0.49992474047307406f,0.6894723295655747f,-0.8166928952221946f,-0.8515297979800615f,-0.29438916824012595f,-0.433857143279816f,1.137296706628894f,-0.01392273413115968f,-0.814500013189574f,0.5799964534275159f,6.924359204362318f,0f,0f,0f,1f],start_interpolation:0}
execute if entity @s[tag=aj.nep_fume_ugs_skills.bone.left_leg] run data modify entity @s {} merge value {transformation:[-0.5241213224305505f,0.1980205979201815f,0.8283022891269738f,-0.7537186385076067f,-0.8515297979800615f,-0.1059501863836416f,-0.513489592063274f,1.0859157053038342f,-0.01392273413115968f,-0.9744549249732413f,0.22415119154202068f,6.57394692297926f,0f,0f,0f,1f],start_interpolation:0}
execute if entity @s[tag=aj.nep_fume_ugs_skills.bone.gravity_effect1] run data modify entity @s {} merge value {transformation:[-1f,0f,1.2246467991473532e-16f,-0.3125000000000016f,0f,1f,0f,1.3125f,-1.2246467991473532e-16f,0f,-1f,13.114939999999997f,0f,0f,0f,1f],start_interpolation:0}
execute if entity @s[tag=aj.nep_fume_ugs_skills.bone.gravity_effect2] run data modify entity @s {} merge value {transformation:[-1f,0f,1.2246467991473532e-16f,-0.17187500000000167f,0f,1f,0f,1.40625f,-1.2246467991473532e-16f,0f,-1f,13.755564999999997f,0f,0f,0f,1f],start_interpolation:0}
execute if entity @s[tag=aj.nep_fume_ugs_skills.bone.gravity_effect3] run data modify entity @s {} merge value {transformation:[-1f,0f,1.2246467991473532e-16f,0.2812499999999984f,0f,1f,0f,1.46875f,-1.2246467991473532e-16f,0f,-1f,13.208689999999997f,0f,0f,0f,1f],start_interpolation:0}
execute if entity @s[tag=aj.nep_fume_ugs_skills.bone.gravity_effect4] run data modify entity @s {} merge value {transformation:[-1f,0f,1.2246467991473532e-16f,-0.5468750000000017f,0f,1f,0f,0.96875f,-1.2246467991473532e-16f,0f,-1f,13.568064999999997f,0f,0f,0f,1f],start_interpolation:0}
execute if entity @s[tag=aj.nep_fume_ugs_skills.bone.gravity_effect5] run data modify entity @s {} merge value {transformation:[-1f,0f,1.2246467991473532e-16f,0.20312499999999828f,0f,1f,0f,0.59375f,-1.2246467991473532e-16f,0f,-1f,13.755564999999997f,0f,0f,0f,1f],start_interpolation:0}
execute if entity @s[tag=aj.nep_fume_ugs_skills.bone.gravity_effect6] run data modify entity @s {} merge value {transformation:[-1f,0f,1.2246467991473532e-16f,0.5156249999999983f,0f,1f,0f,0.71875f,-1.2246467991473532e-16f,0f,-1f,13.255564999999997f,0f,0f,0f,1f],start_interpolation:0}
execute if entity @s[tag=aj.nep_fume_ugs_skills.bone.gravity_effect7] run data modify entity @s {} merge value {transformation:[-1f,0f,1.2246467991473532e-16f,-0.06250000000000164f,0f,1f,0f,0.78125f,-1.2246467991473532e-16f,0f,-1f,13.427439999999997f,0f,0f,0f,1f],start_interpolation:0}
execute if entity @s[tag=aj.nep_fume_ugs_skills.bone.gravity_effect8] run data modify entity @s {} merge value {transformation:[-1f,0f,1.2246467991473532e-16f,0.09374999999999835f,0f,1f,0f,1.65625f,-1.2246467991473532e-16f,0f,-1f,13.458689999999997f,0f,0f,0f,1f],start_interpolation:0}
execute if entity @s[tag=aj.nep_fume_ugs_skills.bone.gravity_effect9] run data modify entity @s {} merge value {transformation:[-1f,0f,1.2246467991473532e-16f,0.4374999999999983f,0f,1f,0f,1.15625f,-1.2246467991473532e-16f,0f,-1f,14.052439999999997f,0f,0f,0f,1f],start_interpolation:0}
execute if entity @s[tag=aj.nep_fume_ugs_skills.locator_origin.nep_ride] at @s on origin run tp @s ^-0.0625 ^1 ^13.48994 ~0 ~0
execute if entity @s[tag=aj.nep_fume_ugs_skills.locator_origin.wave_of_destruction0] at @s on origin run tp @s ^-0.375 ^0.49999 ^7.53127 ~0 ~90
execute if entity @s[tag=aj.nep_fume_ugs_skills.locator_origin.wave_of_destruction1] at @s on origin run tp @s ^-0.375 ^0.5 ^7.53127 ~0 ~90
execute if entity @s[tag=aj.nep_fume_ugs_skills.locator_origin.wave_of_destruction2] at @s on origin run tp @s ^-0.375 ^0.50001 ^7.53127 ~0 ~90
execute if entity @s[tag=aj.nep_fume_ugs_skills.locator_origin.wave_of_destruction3] at @s on origin run tp @s ^-0.375 ^0.50002 ^7.53127 ~0 ~90
execute if entity @s[tag=aj.nep_fume_ugs_skills.locator_origin.wave_of_destruction4] at @s on origin run tp @s ^-0.375 ^0.50003 ^7.53127 ~0 ~90
execute if entity @s[tag=aj.nep_fume_ugs_skills.locator_origin.wave_of_destruction5] at @s on origin run tp @s ^-0.37501 ^0.50003 ^7.53127 ~0 ~90
execute if entity @s[tag=aj.nep_fume_ugs_skills.locator_origin.wave_of_destruction6] at @s on origin run tp @s ^-0.37499 ^0.50003 ^7.53127 ~0 ~90
execute if entity @s[tag=aj.nep_fume_ugs_skills.locator_origin.wave_of_destruction7] at @s on origin run tp @s ^-0.375 ^0.50003 ^7.53128 ~0 ~90
execute if entity @s[tag=aj.nep_fume_ugs_skills.locator_origin.wave_of_destruction8] at @s on origin run tp @s ^-0.375 ^0.50003 ^7.53126 ~0 ~90
execute if entity @s[tag=aj.nep_fume_ugs_skills.locator_origin.wave_of_destruction12] at @s on origin run tp @s ^-0.37501 ^0.50002 ^7.53127 ~0 ~90
execute if entity @s[tag=aj.nep_fume_ugs_skills.locator_origin.wave_of_destruction11] at @s on origin run tp @s ^-0.375 ^0.50002 ^7.53128 ~0 ~90
execute if entity @s[tag=aj.nep_fume_ugs_skills.locator_origin.wave_of_destruction10] at @s on origin run tp @s ^-0.37499 ^0.50002 ^7.53127 ~0 ~90
execute if entity @s[tag=aj.nep_fume_ugs_skills.locator_origin.wave_of_destruction9] at @s on origin run tp @s ^-0.375 ^0.50002 ^7.53126 ~0 ~90
execute if entity @s[tag=aj.nep_fume_ugs_skills.locator_origin.wave_of_destruction13] at @s on origin run tp @s ^-0.37501 ^0.50001 ^7.53127 ~0 ~90
execute if entity @s[tag=aj.nep_fume_ugs_skills.locator_origin.wave_of_destruction14] at @s on origin run tp @s ^-0.375 ^0.50001 ^7.53128 ~0 ~90
execute if entity @s[tag=aj.nep_fume_ugs_skills.locator_origin.wave_of_destruction15] at @s on origin run tp @s ^-0.37499 ^0.50001 ^7.53127 ~0 ~90
execute if entity @s[tag=aj.nep_fume_ugs_skills.locator_origin.wave_of_destruction16] at @s on origin run tp @s ^-0.375 ^0.50001 ^7.53126 ~0 ~90
execute if entity @s[tag=aj.nep_fume_ugs_skills.locator_origin.wave_of_destruction17] at @s on origin run tp @s ^-0.37501 ^0.5 ^7.53127 ~0 ~90
execute if entity @s[tag=aj.nep_fume_ugs_skills.locator_origin.wave_of_destruction18] at @s on origin run tp @s ^-0.375 ^0.5 ^7.53128 ~0 ~90
execute if entity @s[tag=aj.nep_fume_ugs_skills.locator_origin.wave_of_destruction19] at @s on origin run tp @s ^-0.37499 ^0.5 ^7.53127 ~0 ~90
execute if entity @s[tag=aj.nep_fume_ugs_skills.locator_origin.wave_of_destruction20] at @s on origin run tp @s ^-0.375 ^0.5 ^7.53126 ~0 ~90
execute if entity @s[tag=aj.nep_fume_ugs_skills.locator_origin.wave_of_destruction24] at @s on origin run tp @s ^-0.37499 ^0.49999 ^7.53127 ~0 ~90
execute if entity @s[tag=aj.nep_fume_ugs_skills.locator_origin.wave_of_destruction23] at @s on origin run tp @s ^-0.375 ^0.49999 ^7.53128 ~0 ~90
execute if entity @s[tag=aj.nep_fume_ugs_skills.locator_origin.wave_of_destruction22] at @s on origin run tp @s ^-0.37501 ^0.49999 ^7.53127 ~0 ~90
execute if entity @s[tag=aj.nep_fume_ugs_skills.locator_origin.wave_of_destruction21] at @s on origin run tp @s ^-0.375 ^0.49999 ^7.53126 ~0 ~90
execute if entity @s[tag=aj.nep_fume_ugs_skills.bone.gravity_thunder] run data modify entity @s {} merge value {transformation:[-0.000033461391666666666f,-4.0978386199599245e-21f,9.09902957415537e-37f,-0.3749962500000009f,0f,7.429921492866735e-21f,0.000033461391666666666f,0.5000153125f,-4.0978386199599245e-21f,0.000033461391666666666f,-7.429921492866735e-21f,7.531256562499991f,0f,0f,0f,1f],start_interpolation:0}
execute if entity @s[tag=aj.nep_fume_ugs_skills.bone.wave_of_destruction] run data modify entity @s {} merge value {transformation:[-0.00003297589166666667f,-4.038382017861322e-21f,8.967009396923679e-37f,-0.37500000000000094f,0f,7.322118837175633e-21f,0.00003297589166666667f,0.5f,-4.038382017861322e-21f,0.00003297589166666667f,-7.322118837175633e-21f,7.531249999999991f,0f,0f,0f,1f],start_interpolation:0}
execute if entity @s[tag=aj.nep_fume_ugs_skills.bone.obsidian_edges0] run data modify entity @s {} merge value {transformation:[-1.2668996496258977f,1.2668996496258975f,4.8720113465180265e-32f,-1.1250000000000009f,2.8130823218084305e-16f,2.81308232180843e-16f,1.7916666666666667f,0.15762624999999966f,1.2668996496258975f,1.2668996496258977f,-3.978299171573478e-16f,7.15958249999999f,0f,0f,0f,1f],start_interpolation:0}
execute if entity @s[tag=aj.nep_fume_ugs_skills.bone.obsidian_edges1] run data modify entity @s {} merge value {transformation:[-1.2668996496258973f,-1.266899649625898f,4.8720113465180265e-32f,1.1011043749999991f,-2.8130823218084305e-16f,2.81308232180843e-16f,1.7916666666666667f,0.12402187499999931f,-1.266899649625898f,1.2668996496258973f,-3.978299171573478e-16f,7.151308124999991f,0f,0f,0f,1f],start_interpolation:0}
execute if entity @s[tag=aj.nep_fume_ugs_skills.bone.obsidian_edges2] run data modify entity @s {} merge value {transformation:[1.2668996496258977f,-1.2668996496258977f,4.8720113465180265e-32f,1.1011043749999987f,-2.813082321808431e-16f,-2.81308232180843e-16f,1.7916666666666667f,0.12402187499999981f,-1.2668996496258977f,-1.2668996496258977f,-3.978299171573478e-16f,9.401308124999991f,0f,0f,0f,1f],start_interpolation:0}
execute if entity @s[tag=aj.nep_fume_ugs_skills.bone.obsidian_edges3] run data modify entity @s {} merge value {transformation:[1.2668996496258973f,1.2668996496258982f,4.8720113465180265e-32f,-1.1250000000000013f,2.813082321808431e-16f,-2.81308232180843e-16f,1.7916666666666667f,0.1576262500000002f,1.2668996496258982f,-1.2668996496258973f,-3.978299171573478e-16f,9.47208249999999f,0f,0f,0f,1f],start_interpolation:0}
execute if entity @s[tag=aj.nep_fume_ugs_skills.locator_origin.wave_of_destruction25] at @s on origin run tp @s ^2 ^0.22013 ^9.53458 ~0 ~90
execute if entity @s[tag=aj.nep_fume_ugs_skills.locator_origin.wave_of_destruction26] at @s on origin run tp @s ^0 ^0.22013 ^11.53458 ~0 ~90
execute if entity @s[tag=aj.nep_fume_ugs_skills.locator_origin.wave_of_destruction27] at @s on origin run tp @s ^-2 ^0.22013 ^9.53458 ~0 ~90
execute if entity @s[tag=aj.nep_fume_ugs_skills.locator_origin.wave_of_destruction28] at @s on origin run tp @s ^0 ^0.22013 ^7.53458 ~0 ~90
execute if entity @s[tag=aj.nep_fume_ugs_skills.locator_origin.wave_of_destruction29] at @s on origin run tp @s ^1.625 ^0.40763 ^7.84708 ~0 ~90
execute if entity @s[tag=aj.nep_fume_ugs_skills.locator_origin.wave_of_destruction30] at @s on origin run tp @s ^1.4375 ^0.28263 ^10.97208 ~0 ~90
execute if entity @s[tag=aj.nep_fume_ugs_skills.locator_origin.wave_of_destruction31] at @s on origin run tp @s ^-1.5625 ^0.40763 ^11.09708 ~0 ~90
execute if entity @s[tag=aj.nep_fume_ugs_skills.locator_origin.wave_of_destruction32] at @s on origin run tp @s ^-1.5 ^0.40763 ^8.03458 ~0 ~90
execute if entity @s[tag=aj.nep_fume_ugs_skills.bone.obsidian] run data modify entity @s {} merge value {transformation:[-3.5201812500000007f,-4.3109787002310296e-16f,9.572295623330239e-32f,-1.014448958324675e-15f,0f,7.81637254920753e-16f,3.5201812500000007f,-0.0009781249999999964f,-4.3109787002310296e-16f,3.5201812500000007f,-7.81637254920753e-16f,8.28360437499999f,0f,0f,0f,1f],start_interpolation:0}