execute if entity @s[tag=aj.nep_fume_ugs_skills.bone.right_arm2] run data modify entity @s {} merge value {transformation:[0.6749697576303556f,-0.08841032099552575f,0.7325294816086843f,-0.2469902189165252f,-0.5235755166255666f,0.642137785817841f,0.5599354805825686f,0.0943717877202555f,-0.51988893494158f,-0.7614740173941782f,0.38713410616849664f,17.44391431594126f,0f,0f,0f,1f],start_interpolation:0}
execute if entity @s[tag=aj.nep_fume_ugs_skills.bone.right_arm] run data modify entity @s {} merge value {transformation:[0.6749697576303556f,-0.08841032099552575f,0.7325294816086843f,-0.2340331365824837f,-0.5235755166255666f,0.642137785817841f,0.5599354805825686f,0.20040493283748692f,-0.51988893494158f,-0.7614740173941782f,0.38713410616849664f,17.221370206544925f,0f,0f,0f,1f],start_interpolation:0}
execute if entity @s[tag=aj.nep_fume_ugs_skills.locator_origin.fume_ugs_locator] at @s on origin run tp @s ^0.25648 ^1.17731 ^15.14473 ~-66.77754 ~-18.27192
execute if entity @s[tag=aj.nep_fume_ugs_skills.locator_origin.fume_ugs_locator2] at @s on origin run tp @s ^0.06272 ^1.16633 ^15.60552 ~-66.77754 ~-18.27192
execute if entity @s[tag=aj.nep_fume_ugs_skills.locator_origin.fume_ugs_locator3] at @s on origin run tp @s ^-0.13105 ^1.15535 ^16.06632 ~-66.77754 ~-18.27192
execute if entity @s[tag=aj.nep_fume_ugs_skills.locator_origin.fume_ugs_locator4] at @s on origin run tp @s ^-0.32482 ^1.14437 ^16.52712 ~-66.77754 ~-18.27192
execute if entity @s[tag=aj.nep_fume_ugs_skills.locator_origin.fume_ugs_locator5] at @s on origin run tp @s ^-0.5428 ^1.13202 ^17.04551 ~-66.77754 ~-18.27192
execute if entity @s[tag=aj.nep_fume_ugs_skills.locator_origin.fume_ugs_locator10] at @s on origin run tp @s ^-0.87005 ^1.01445 ^16.90511 ~-66.77754 ~-18.27192
execute if entity @s[tag=aj.nep_fume_ugs_skills.locator_origin.fume_ugs_locator9] at @s on origin run tp @s ^-0.65206 ^1.0268 ^16.38671 ~-66.77754 ~-18.27192
execute if entity @s[tag=aj.nep_fume_ugs_skills.locator_origin.fume_ugs_locator8] at @s on origin run tp @s ^-0.45829 ^1.03778 ^15.92591 ~-66.77754 ~-18.27192
execute if entity @s[tag=aj.nep_fume_ugs_skills.locator_origin.fume_ugs_locator7] at @s on origin run tp @s ^-0.26452 ^1.04876 ^15.46512 ~-66.77754 ~-18.27192
execute if entity @s[tag=aj.nep_fume_ugs_skills.locator_origin.fume_ugs_locator6] at @s on origin run tp @s ^-0.07076 ^1.05974 ^15.00432 ~-66.77754 ~-18.27192
execute if entity @s[tag=aj.nep_fume_ugs_skills.bone.fume_ugs_slash] run data modify entity @s {} merge value {transformation:[-0.000007924452653922185f,0.00001845283014476181f,-0.00001754443561062676f,-0.0053576382014352f,0.000025315341242123267f,0.0000037405331643967494f,-0.0000075002013674309926f,1.1105522942616715f,-0.000002729039948720316f,-0.00001888418868804616f,-0.00001862930137347267f,15.268386294599862f,0f,0f,0f,1f],start_interpolation:0}
execute if entity @s[tag=aj.nep_fume_ugs_skills.bone.gravity_vortex] run data modify entity @s {} merge value {transformation:[-0.9155479453649923f,-0.3962226326961087f,-1.163526867338382f,0.0005769491419538308f,-0.05188043165417395f,1.2657670621061619f,-0.4180361301654725f,1.0943768308493182f,2.177265861246467f,-0.13645199743601594f,-0.4992282049682143f,15.41791419032313f,0f,0f,0f,1f],start_interpolation:0}
execute if entity @s[tag=aj.nep_fume_ugs_skills.bone.fume_ultra_greatsword] run data modify entity @s {} merge value {transformation:[-0.6169186391078415f,0.8045195913556503f,-1.8116113324458611f,-0.8090495618056011f,1.9707993156992942f,0.04558889994246187f,-0.6508822546676407f,1.0627833691939137f,-0.2124557600078764f,-1.9132291758508635f,-0.7772983151355097f,17.180376856406983f,0f,0f,0f,1f],start_interpolation:0}
execute if entity @s[tag=aj.nep_fume_ugs_skills.bone.left_arm2] run data modify entity @s {} merge value {transformation:[0.7462747879951939f,-0.6473830969653042f,0.1548194644298333f,-0.8987867286764228f,-0.35631258680928013f,-0.5849805988429839f,-0.7285870157082017f,0.9889241593154503f,0.5622413016525982f,0.4885619968242679f,-0.6672270183191596f,17.2496249158005f,0f,0f,0f,1f],start_interpolation:0}
execute if entity @s[tag=aj.nep_fume_ugs_skills.bone.left_arm] run data modify entity @s {} merge value {transformation:[0.7462747879951939f,-0.16160170511941818f,0.6457234932269581f,-0.9531537085725552f,-0.35631258680928013f,-0.9163785561313136f,0.18246008424849627f,0.6806307876482262f,0.5622413016525982f,-0.3662447689253537f,-0.7414509342841281f,17.12641073328606f,0f,0f,0f,1f],start_interpolation:0}
execute if entity @s[tag=aj.nep_fume_ugs_skills.bone.head] run data modify entity @s {} merge value {transformation:[0.8537230659908469f,-0.2062421724376226f,0.47814338111428295f,-0.5066404804121373f,-0.5113180891877269f,-0.5057860407969137f,0.6947908265114002f,0.4931281885697611f,0.09854307821760055f,-0.8376423146207412f,-0.5372565630052437f,17.106438497117164f,0f,0f,0f,1f],start_interpolation:0}
execute if entity @s[tag=aj.nep_fume_ugs_skills.bone.body_top] run data modify entity @s {} merge value {transformation:[0.7308837590251928f,0.21548985723574943f,0.6475901884847552f,-0.5914896116987136f,-0.6813234589405269f,0.17463099176129232f,0.7108462288102708f,0.4243672355637522f,0.04009083549292122f,-0.9607643509961139f,0.2744532505992518f,17.484739460321883f,0f,0f,0f,1f],start_interpolation:0}
execute if entity @s[tag=aj.nep_fume_ugs_skills.bone.body] run data modify entity @s {} merge value {transformation:[0.7308837590251928f,0.21548985723574943f,0.6475901884847552f,-0.685766424239354f,-0.6813234589405269f,0.17463099176129232f,0.7108462288102708f,0.34796617666818686f,0.04009083549292122f,-0.9607643509961139f,0.2744532505992518f,17.905073863882684f,0f,0f,0f,1f],start_interpolation:0}
execute if entity @s[tag=aj.nep_fume_ugs_skills.bone.right_leg2] run data modify entity @s {} merge value {transformation:[0.7992602062748321f,-0.26792868650612495f,0.5379566354387832f,-0.45579844145355136f,-0.5396147365037159f,0.07412675968460791f,0.8386424504201333f,0.25933928716901355f,-0.264573352425255f,-0.9605828659963509f,-0.08533169833478474f,18.15910256737151f,0f,0f,0f,1f],start_interpolation:0}
execute if entity @s[tag=aj.nep_fume_ugs_skills.bone.right_leg] run data modify entity @s {} merge value {transformation:[0.7992602062748321f,-0.2947252815826302f,0.523755793344143f,-0.5742037802453533f,-0.5396147365037159f,0.03172628132551769f,0.8413140788203175f,0.27917239977824204f,-0.264573352425255f,-0.9550552085975417f,-0.13368055100562792f,17.82001356041341f,0f,0f,0f,1f],start_interpolation:0}
execute if entity @s[tag=aj.nep_fume_ugs_skills.bone.left_leg2] run data modify entity @s {} merge value {transformation:[0.7646146345961177f,0.5526354560370579f,0.33159992957200535f,-0.8597892266158688f,-0.6117354116455241f,0.46038809292829413f,0.64329043987046f,0.41944110480318497f,0.20284044641127907f,-0.694720704039085f,0.6900861516355123f,18.137846635955512f,0f,0f,0f,1f],start_interpolation:0}
execute if entity @s[tag=aj.nep_fume_ugs_skills.bone.left_leg] run data modify entity @s {} merge value {transformation:[0.7646146345961177f,0.3836707875520418f,0.5178428210766679f,-0.7099604336737894f,-0.6117354116455241f,0.17916654253107922f,0.7705057664783181f,0.47427071521833025f,0.20284044641127907f,-0.9059227764090355f,0.37169836760876146f,17.815450020158693f,0f,0f,0f,1f],start_interpolation:0}
execute if entity @s[tag=aj.nep_fume_ugs_skills.bone.gravity_effect1] run data modify entity @s {} merge value {transformation:[-1f,0f,1.2246467991473532e-16f,-0.3125000000000021f,0f,1f,0f,1.3125f,-1.2246467991473532e-16f,0f,-1f,17.244632500000005f,0f,0f,0f,1f],start_interpolation:0}
execute if entity @s[tag=aj.nep_fume_ugs_skills.bone.gravity_effect2] run data modify entity @s {} merge value {transformation:[-1f,0f,1.2246467991473532e-16f,-0.17187500000000216f,0f,1f,0f,1.40625f,-1.2246467991473532e-16f,0f,-1f,17.885257500000005f,0f,0f,0f,1f],start_interpolation:0}
execute if entity @s[tag=aj.nep_fume_ugs_skills.bone.gravity_effect3] run data modify entity @s {} merge value {transformation:[-1f,0f,1.2246467991473532e-16f,0.2812499999999979f,0f,1f,0f,1.46875f,-1.2246467991473532e-16f,0f,-1f,17.338382500000005f,0f,0f,0f,1f],start_interpolation:0}
execute if entity @s[tag=aj.nep_fume_ugs_skills.bone.gravity_effect4] run data modify entity @s {} merge value {transformation:[-1f,0f,1.2246467991473532e-16f,-0.5468750000000021f,0f,1f,0f,0.96875f,-1.2246467991473532e-16f,0f,-1f,17.697757500000005f,0f,0f,0f,1f],start_interpolation:0}
execute if entity @s[tag=aj.nep_fume_ugs_skills.bone.gravity_effect5] run data modify entity @s {} merge value {transformation:[-1f,0f,1.2246467991473532e-16f,0.20312499999999778f,0f,1f,0f,0.59375f,-1.2246467991473532e-16f,0f,-1f,17.885257500000005f,0f,0f,0f,1f],start_interpolation:0}
execute if entity @s[tag=aj.nep_fume_ugs_skills.bone.gravity_effect6] run data modify entity @s {} merge value {transformation:[-1f,0f,1.2246467991473532e-16f,0.5156249999999979f,0f,1f,0f,0.71875f,-1.2246467991473532e-16f,0f,-1f,17.385257500000005f,0f,0f,0f,1f],start_interpolation:0}
execute if entity @s[tag=aj.nep_fume_ugs_skills.bone.gravity_effect7] run data modify entity @s {} merge value {transformation:[-1f,0f,1.2246467991473532e-16f,-0.06250000000000214f,0f,1f,0f,0.78125f,-1.2246467991473532e-16f,0f,-1f,17.557132500000005f,0f,0f,0f,1f],start_interpolation:0}
execute if entity @s[tag=aj.nep_fume_ugs_skills.bone.gravity_effect8] run data modify entity @s {} merge value {transformation:[-1f,0f,1.2246467991473532e-16f,0.09374999999999785f,0f,1f,0f,1.65625f,-1.2246467991473532e-16f,0f,-1f,17.588382500000005f,0f,0f,0f,1f],start_interpolation:0}
execute if entity @s[tag=aj.nep_fume_ugs_skills.bone.gravity_effect9] run data modify entity @s {} merge value {transformation:[-1f,0f,1.2246467991473532e-16f,0.4374999999999978f,0f,1f,0f,1.15625f,-1.2246467991473532e-16f,0f,-1f,18.182132500000005f,0f,0f,0f,1f],start_interpolation:0}
execute if entity @s[tag=aj.nep_fume_ugs_skills.locator_origin.nep_ride] at @s on origin run tp @s ^-0.0625 ^1 ^17.61963 ~0 ~0
execute if entity @s[tag=aj.nep_fume_ugs_skills.locator_origin.wave_of_destruction0] at @s on origin run tp @s ^-0.375 ^0.49999 ^12.75002 ~0 ~90
execute if entity @s[tag=aj.nep_fume_ugs_skills.locator_origin.wave_of_destruction1] at @s on origin run tp @s ^-0.375 ^0.5 ^12.75002 ~0 ~90
execute if entity @s[tag=aj.nep_fume_ugs_skills.locator_origin.wave_of_destruction2] at @s on origin run tp @s ^-0.375 ^0.50001 ^12.75002 ~0 ~90
execute if entity @s[tag=aj.nep_fume_ugs_skills.locator_origin.wave_of_destruction3] at @s on origin run tp @s ^-0.375 ^0.50002 ^12.75002 ~0 ~90
execute if entity @s[tag=aj.nep_fume_ugs_skills.locator_origin.wave_of_destruction4] at @s on origin run tp @s ^-0.375 ^0.50003 ^12.75002 ~0 ~90
execute if entity @s[tag=aj.nep_fume_ugs_skills.locator_origin.wave_of_destruction5] at @s on origin run tp @s ^-0.37501 ^0.50003 ^12.75002 ~0 ~90
execute if entity @s[tag=aj.nep_fume_ugs_skills.locator_origin.wave_of_destruction6] at @s on origin run tp @s ^-0.37499 ^0.50003 ^12.75002 ~0 ~90
execute if entity @s[tag=aj.nep_fume_ugs_skills.locator_origin.wave_of_destruction7] at @s on origin run tp @s ^-0.375 ^0.50003 ^12.75003 ~0 ~90
execute if entity @s[tag=aj.nep_fume_ugs_skills.locator_origin.wave_of_destruction8] at @s on origin run tp @s ^-0.375 ^0.50003 ^12.75001 ~0 ~90
execute if entity @s[tag=aj.nep_fume_ugs_skills.locator_origin.wave_of_destruction12] at @s on origin run tp @s ^-0.37501 ^0.50002 ^12.75002 ~0 ~90
execute if entity @s[tag=aj.nep_fume_ugs_skills.locator_origin.wave_of_destruction11] at @s on origin run tp @s ^-0.375 ^0.50002 ^12.75003 ~0 ~90
execute if entity @s[tag=aj.nep_fume_ugs_skills.locator_origin.wave_of_destruction10] at @s on origin run tp @s ^-0.37499 ^0.50002 ^12.75002 ~0 ~90
execute if entity @s[tag=aj.nep_fume_ugs_skills.locator_origin.wave_of_destruction9] at @s on origin run tp @s ^-0.375 ^0.50002 ^12.75001 ~0 ~90
execute if entity @s[tag=aj.nep_fume_ugs_skills.locator_origin.wave_of_destruction13] at @s on origin run tp @s ^-0.37501 ^0.50001 ^12.75002 ~0 ~90
execute if entity @s[tag=aj.nep_fume_ugs_skills.locator_origin.wave_of_destruction14] at @s on origin run tp @s ^-0.375 ^0.50001 ^12.75003 ~0 ~90
execute if entity @s[tag=aj.nep_fume_ugs_skills.locator_origin.wave_of_destruction15] at @s on origin run tp @s ^-0.37499 ^0.50001 ^12.75002 ~0 ~90
execute if entity @s[tag=aj.nep_fume_ugs_skills.locator_origin.wave_of_destruction16] at @s on origin run tp @s ^-0.375 ^0.50001 ^12.75001 ~0 ~90
execute if entity @s[tag=aj.nep_fume_ugs_skills.locator_origin.wave_of_destruction17] at @s on origin run tp @s ^-0.37501 ^0.5 ^12.75002 ~0 ~90
execute if entity @s[tag=aj.nep_fume_ugs_skills.locator_origin.wave_of_destruction18] at @s on origin run tp @s ^-0.375 ^0.5 ^12.75003 ~0 ~90
execute if entity @s[tag=aj.nep_fume_ugs_skills.locator_origin.wave_of_destruction19] at @s on origin run tp @s ^-0.37499 ^0.5 ^12.75002 ~0 ~90
execute if entity @s[tag=aj.nep_fume_ugs_skills.locator_origin.wave_of_destruction20] at @s on origin run tp @s ^-0.375 ^0.5 ^12.75001 ~0 ~90
execute if entity @s[tag=aj.nep_fume_ugs_skills.locator_origin.wave_of_destruction24] at @s on origin run tp @s ^-0.37499 ^0.49999 ^12.75002 ~0 ~90
execute if entity @s[tag=aj.nep_fume_ugs_skills.locator_origin.wave_of_destruction23] at @s on origin run tp @s ^-0.375 ^0.49999 ^12.75003 ~0 ~90
execute if entity @s[tag=aj.nep_fume_ugs_skills.locator_origin.wave_of_destruction22] at @s on origin run tp @s ^-0.37501 ^0.49999 ^12.75002 ~0 ~90
execute if entity @s[tag=aj.nep_fume_ugs_skills.locator_origin.wave_of_destruction21] at @s on origin run tp @s ^-0.375 ^0.49999 ^12.75001 ~0 ~90
execute if entity @s[tag=aj.nep_fume_ugs_skills.locator_origin.wave_of_destruction25] at @s on origin run tp @s ^0.00002 ^-0.00098 ^13.40862 ~0 ~90
execute if entity @s[tag=aj.nep_fume_ugs_skills.locator_origin.wave_of_destruction26] at @s on origin run tp @s ^0 ^-0.00098 ^13.40864 ~0 ~90
execute if entity @s[tag=aj.nep_fume_ugs_skills.locator_origin.wave_of_destruction27] at @s on origin run tp @s ^-0.00002 ^-0.00098 ^13.40862 ~0 ~90
execute if entity @s[tag=aj.nep_fume_ugs_skills.locator_origin.wave_of_destruction28] at @s on origin run tp @s ^0 ^-0.00098 ^13.4086 ~0 ~90
execute if entity @s[tag=aj.nep_fume_ugs_skills.locator_origin.wave_of_destruction29] at @s on origin run tp @s ^0.00002 ^-0.00097 ^13.4086 ~0 ~90
execute if entity @s[tag=aj.nep_fume_ugs_skills.locator_origin.wave_of_destruction30] at @s on origin run tp @s ^0.00001 ^-0.00098 ^13.40863 ~0 ~90
execute if entity @s[tag=aj.nep_fume_ugs_skills.locator_origin.wave_of_destruction31] at @s on origin run tp @s ^-0.00002 ^-0.00097 ^13.40863 ~0 ~90
execute if entity @s[tag=aj.nep_fume_ugs_skills.locator_origin.wave_of_destruction32] at @s on origin run tp @s ^-0.00002 ^-0.00097 ^13.4086 ~0 ~90