execute if entity @s[tag=aj.nep_fume_ugs_skills.bone.right_arm2] run data modify entity @s {} merge value {transformation:[0.9662413124430776f,-0.2576387512162694f,0f,0.38103935755264584f,0.2576387512162694f,0.9662413124430776f,0f,2.1540246259700258f,0f,0f,1f,0.11588380674295398f,0f,0f,0f,1f],start_interpolation:0}
execute if entity @s[tag=aj.nep_fume_ugs_skills.bone.right_arm] run data modify entity @s {} merge value {transformation:[0.9662413124430776f,-0.2576387512162694f,0f,0.3867331886832229f,0.2576387512162694f,0.9662413124430776f,0f,2.4002060906609506f,0f,0f,1f,0.09859255674295397f,0f,0f,0f,1f],start_interpolation:0}
execute if entity @s[tag=aj.nep_fume_ugs_skills.locator_origin.fume_ugs_locator] at @s on origin run tp @s ^-0.57413 ^2.02536 ^2.40695 ~65.90552 ~73.71751
execute if entity @s[tag=aj.nep_fume_ugs_skills.locator_origin.fume_ugs_locator2] at @s on origin run tp @s ^-0.58887 ^1.97006 ^1.91024 ~65.90552 ~73.71751
execute if entity @s[tag=aj.nep_fume_ugs_skills.locator_origin.fume_ugs_locator3] at @s on origin run tp @s ^-0.60362 ^1.91477 ^1.41353 ~65.90552 ~73.71751
execute if entity @s[tag=aj.nep_fume_ugs_skills.locator_origin.fume_ugs_locator4] at @s on origin run tp @s ^-0.61836 ^1.85947 ^0.91681 ~65.90552 ~73.71751
execute if entity @s[tag=aj.nep_fume_ugs_skills.locator_origin.fume_ugs_locator5] at @s on origin run tp @s ^-0.63495 ^1.79726 ^0.35801 ~65.90552 ~73.71751
execute if entity @s[tag=aj.nep_fume_ugs_skills.locator_origin.fume_ugs_locator10] at @s on origin run tp @s ^-0.53897 ^2.15722 ^0.31509 ~65.90552 ~73.71751
execute if entity @s[tag=aj.nep_fume_ugs_skills.locator_origin.fume_ugs_locator9] at @s on origin run tp @s ^-0.52238 ^2.21943 ^0.87389 ~65.90552 ~73.71751
execute if entity @s[tag=aj.nep_fume_ugs_skills.locator_origin.fume_ugs_locator8] at @s on origin run tp @s ^-0.50764 ^2.27472 ^1.3706 ~65.90552 ~73.71751
execute if entity @s[tag=aj.nep_fume_ugs_skills.locator_origin.fume_ugs_locator7] at @s on origin run tp @s ^-0.49289 ^2.33002 ^1.86732 ~65.90552 ~73.71751
execute if entity @s[tag=aj.nep_fume_ugs_skills.locator_origin.fume_ugs_locator6] at @s on origin run tp @s ^-0.47815 ^2.38532 ^2.36403 ~65.90552 ~73.71751
execute if entity @s[tag=aj.nep_fume_ugs_skills.locator_origin.foe_ride_locator] at @s on origin run tp @s ^-0.55194 ^2.10857 ^1.51624 ~65.90552 ~73.71751
execute if entity @s[tag=aj.nep_fume_ugs_skills.bone.fume_ugs_slash] run data modify entity @s {} merge value {transformation:[-0.000025766434998482073f,-0.0000018853714558532104f,0.000006606611313946298f,-0.5302547749395924f,0.000006870366699100515f,-0.000007070845442877947f,0.000024777254029733274f,2.1968097094751284f,3.5066636540510717e-22f,0.000025642925541121415f,0.000007317887728273363f,2.168226638499557f,0f,0f,0f,1f],start_interpolation:0}
execute if entity @s[tag=aj.nep_fume_ugs_skills.bone.gravity_vortex] run data modify entity @s {} merge value {transformation:[-3.9319229733961115e-7f,-0.000012883217499241037f,0.0000034126066961107782f,-0.5174019466593203f,-0.0000014746176172272196f,0.000003435183349550258f,0.00001279854663685348f,2.119624439416815f,-0.000013245704227335505f,3.116470344815083e-21f,-0.0000015261380342957464f,2.039610443619463f,0f,0f,0f,1f],start_interpolation:0}
execute if entity @s[tag=aj.nep_fume_ugs_skills.bone.fume_ultra_greatsword] run data modify entity @s {} merge value {transformation:[-2.005916964631829f,0.06122004069577701f,0.5313428625844482f,-0.5892094690226548f,0.534858047524975f,0.22959796300227825f,1.992733711358087f,1.967212218002103f,2.7299376546787594e-17f,2.062356148196138f,-0.23761969193984772f,0.10722692412231663f,0f,0f,0f,1f],start_interpolation:0}
execute if entity @s[tag=aj.nep_fume_ugs_skills.bone.left_arm2] run data modify entity @s {} merge value {transformation:[0.9662413124430776f,0.2559455022083085f,0.029489422300470674f,-0.5564677554878811f,-0.2576387512162694f,0.959890997764011f,0.11059632129204175f,2.0966721540560425f,8.673617379884035e-19f,-0.1144603525721812f,0.9934278170501628f,0.08551653759058173f,0f,0f,0f,1f],start_interpolation:0}
execute if entity @s[tag=aj.nep_fume_ugs_skills.bone.left_arm] run data modify entity @s {} merge value {transformation:[0.9662413124430776f,0.2574440733180125f,-0.010013752628688179f,-0.4698568113167771f,-0.2576387512162694f,0.9655111977882465f,-0.037555303450069605f,2.4214954656609504f,8.673617379884035e-19f,0.03886741641703716f,0.9992443764870856f,0.09859255674295397f,0f,0f,0f,1f],start_interpolation:0}
execute if entity @s[tag=aj.nep_fume_ugs_skills.bone.head] run data modify entity @s {} merge value {transformation:[1f,0f,0f,-0.016558061316777117f,0f,1f,0f,2.502846715660951f,0f,0f,1f,0.09859255674295397f,0f,0f,0f,1f],start_interpolation:0}
execute if entity @s[tag=aj.nep_fume_ugs_skills.bone.body_top] run data modify entity @s {} merge value {transformation:[1f,0f,0f,-0.016558061316777117f,0f,1f,0f,2.1090967156609506f,0f,0f,1f,0.09859255674295397f,0f,0f,0f,1f],start_interpolation:0}
execute if entity @s[tag=aj.nep_fume_ugs_skills.bone.body] run data modify entity @s {} merge value {transformation:[1f,0f,0f,-0.016558061316777117f,0f,1f,0f,1.6715967156609506f,0f,0f,1f,0.09859255674295397f,0f,0f,0f,1f],start_interpolation:0}
execute if entity @s[tag=aj.nep_fume_ugs_skills.bone.right_leg2] run data modify entity @s {} merge value {transformation:[0.9755256747797748f,-0.2198789614422149f,-0.0017029857774107683f,0.2023842621003304f,0.2198855023397232f,0.9755016008052843f,0.006855121234186343f,1.4196072393011934f,0.00015396841447947764f,-0.007061808650820178f,0.9999750532649835f,0.1307419829816372f,0f,0f,0f,1f],start_interpolation:0}
execute if entity @s[tag=aj.nep_fume_ugs_skills.bone.right_leg] run data modify entity @s {} merge value {transformation:[0.9755256747797748f,-0.21899056625717855f,-0.01981892367979079f,0.10844193868322288f,0.2198855023397232f,0.9716179125810512f,0.0872295695991235f,1.7653467156609506f,0.00015396841447947764f,-0.08945257873309771f,0.9959910704678664f,0.09859255674295397f,0f,0f,0f,1f],start_interpolation:0}
execute if entity @s[tag=aj.nep_fume_ugs_skills.bone.left_leg2] run data modify entity @s {} merge value {transformation:[0.9750858430890956f,0.2214142752175164f,-0.01353947329586519f,-0.23638715033425828f,-0.22131125604511104f,0.9668381673598736f,-0.12745699699873836f,1.418374246648582f,-0.015130319063484566f,0.12727795121741628f,0.9917516809055249f,0.09511680163427581f,0f,0f,0f,1f],start_interpolation:0}
execute if entity @s[tag=aj.nep_fume_ugs_skills.bone.left_leg] run data modify entity @s {} merge value {transformation:[0.9750858430890956f,0.22147721104476947f,0.012467702076091476f,-0.14155806131677712f,-0.22131125604511104f,0.975110837949422f,-0.013423176275062952f,1.7653467156609506f,-0.015130319063484566f,0.01032950634864726f,0.9998321732889127f,0.09859255674295397f,0f,0f,0f,1f],start_interpolation:0}
execute if entity @s[tag=aj.nep_fume_ugs_skills.bone.gravity_effect1] run data modify entity @s {} merge value {transformation:[-1f,0f,1.2246467991473532e-16f,-0.3124999999999998f,0f,1f,0f,1.3125f,-1.2246467991473532e-16f,0f,-1f,-1.8696428571428572f,0f,0f,0f,1f],start_interpolation:0}
execute if entity @s[tag=aj.nep_fume_ugs_skills.bone.gravity_effect2] run data modify entity @s {} merge value {transformation:[-1f,0f,1.2246467991473532e-16f,-0.17187499999999983f,0f,1f,0f,1.40625f,-1.2246467991473532e-16f,0f,-1f,-1.2290178571428572f,0f,0f,0f,1f],start_interpolation:0}
execute if entity @s[tag=aj.nep_fume_ugs_skills.bone.gravity_effect3] run data modify entity @s {} merge value {transformation:[-1f,0f,1.2246467991473532e-16f,0.2812500000000002f,0f,1f,0f,1.46875f,-1.2246467991473532e-16f,0f,-1f,-1.7758928571428572f,0f,0f,0f,1f],start_interpolation:0}
execute if entity @s[tag=aj.nep_fume_ugs_skills.bone.gravity_effect4] run data modify entity @s {} merge value {transformation:[-1f,0f,1.2246467991473532e-16f,-0.5468749999999998f,0f,1f,0f,0.96875f,-1.2246467991473532e-16f,0f,-1f,-1.4165178571428572f,0f,0f,0f,1f],start_interpolation:0}
execute if entity @s[tag=aj.nep_fume_ugs_skills.bone.gravity_effect5] run data modify entity @s {} merge value {transformation:[-1f,0f,1.2246467991473532e-16f,0.2031250000000001f,0f,1f,0f,0.59375f,-1.2246467991473532e-16f,0f,-1f,-1.2290178571428572f,0f,0f,0f,1f],start_interpolation:0}
execute if entity @s[tag=aj.nep_fume_ugs_skills.bone.gravity_effect6] run data modify entity @s {} merge value {transformation:[-1f,0f,1.2246467991473532e-16f,0.5156250000000002f,0f,1f,0f,0.71875f,-1.2246467991473532e-16f,0f,-1f,-1.7290178571428572f,0f,0f,0f,1f],start_interpolation:0}
execute if entity @s[tag=aj.nep_fume_ugs_skills.bone.gravity_effect7] run data modify entity @s {} merge value {transformation:[-1f,0f,1.2246467991473532e-16f,-0.06249999999999981f,0f,1f,0f,0.78125f,-1.2246467991473532e-16f,0f,-1f,-1.5571428571428572f,0f,0f,0f,1f],start_interpolation:0}
execute if entity @s[tag=aj.nep_fume_ugs_skills.bone.gravity_effect8] run data modify entity @s {} merge value {transformation:[-1f,0f,1.2246467991473532e-16f,0.09375000000000018f,0f,1f,0f,1.65625f,-1.2246467991473532e-16f,0f,-1f,-1.5258928571428572f,0f,0f,0f,1f],start_interpolation:0}
execute if entity @s[tag=aj.nep_fume_ugs_skills.bone.gravity_effect9] run data modify entity @s {} merge value {transformation:[-1f,0f,1.2246467991473532e-16f,0.4375000000000001f,0f,1f,0f,1.15625f,-1.2246467991473532e-16f,0f,-1f,-0.932142857142857f,0f,0f,0f,1f],start_interpolation:0}
execute if entity @s[tag=aj.nep_fume_ugs_skills.locator_origin.nep_ride] at @s on origin run tp @s ^-0.0625 ^1 ^-1.49464 ~0 ~0
execute if entity @s[tag=aj.nep_fume_ugs_skills.locator_origin.wave_of_destruction0] at @s on origin run tp @s ^-0.375 ^2.56249 ^0.18752 ~0 ~90
execute if entity @s[tag=aj.nep_fume_ugs_skills.locator_origin.wave_of_destruction1] at @s on origin run tp @s ^-0.375 ^2.5625 ^0.18752 ~0 ~90
execute if entity @s[tag=aj.nep_fume_ugs_skills.locator_origin.wave_of_destruction2] at @s on origin run tp @s ^-0.375 ^2.56251 ^0.18752 ~0 ~90
execute if entity @s[tag=aj.nep_fume_ugs_skills.locator_origin.wave_of_destruction3] at @s on origin run tp @s ^-0.375 ^2.56252 ^0.18752 ~0 ~90
execute if entity @s[tag=aj.nep_fume_ugs_skills.locator_origin.wave_of_destruction4] at @s on origin run tp @s ^-0.375 ^2.56253 ^0.18752 ~0 ~90
execute if entity @s[tag=aj.nep_fume_ugs_skills.locator_origin.wave_of_destruction5] at @s on origin run tp @s ^-0.37501 ^2.56253 ^0.18752 ~0 ~90
execute if entity @s[tag=aj.nep_fume_ugs_skills.locator_origin.wave_of_destruction6] at @s on origin run tp @s ^-0.37499 ^2.56253 ^0.18752 ~0 ~90
execute if entity @s[tag=aj.nep_fume_ugs_skills.locator_origin.wave_of_destruction7] at @s on origin run tp @s ^-0.375 ^2.56253 ^0.18753 ~0 ~90
execute if entity @s[tag=aj.nep_fume_ugs_skills.locator_origin.wave_of_destruction8] at @s on origin run tp @s ^-0.375 ^2.56253 ^0.18751 ~0 ~90
execute if entity @s[tag=aj.nep_fume_ugs_skills.locator_origin.wave_of_destruction12] at @s on origin run tp @s ^-0.37501 ^2.56252 ^0.18752 ~0 ~90
execute if entity @s[tag=aj.nep_fume_ugs_skills.locator_origin.wave_of_destruction11] at @s on origin run tp @s ^-0.375 ^2.56252 ^0.18753 ~0 ~90
execute if entity @s[tag=aj.nep_fume_ugs_skills.locator_origin.wave_of_destruction10] at @s on origin run tp @s ^-0.37499 ^2.56252 ^0.18752 ~0 ~90
execute if entity @s[tag=aj.nep_fume_ugs_skills.locator_origin.wave_of_destruction9] at @s on origin run tp @s ^-0.375 ^2.56252 ^0.18751 ~0 ~90
execute if entity @s[tag=aj.nep_fume_ugs_skills.locator_origin.wave_of_destruction13] at @s on origin run tp @s ^-0.37501 ^2.56251 ^0.18752 ~0 ~90
execute if entity @s[tag=aj.nep_fume_ugs_skills.locator_origin.wave_of_destruction14] at @s on origin run tp @s ^-0.375 ^2.56251 ^0.18753 ~0 ~90
execute if entity @s[tag=aj.nep_fume_ugs_skills.locator_origin.wave_of_destruction15] at @s on origin run tp @s ^-0.37499 ^2.56251 ^0.18752 ~0 ~90
execute if entity @s[tag=aj.nep_fume_ugs_skills.locator_origin.wave_of_destruction16] at @s on origin run tp @s ^-0.375 ^2.56251 ^0.18751 ~0 ~90
execute if entity @s[tag=aj.nep_fume_ugs_skills.locator_origin.wave_of_destruction17] at @s on origin run tp @s ^-0.37501 ^2.5625 ^0.18752 ~0 ~90
execute if entity @s[tag=aj.nep_fume_ugs_skills.locator_origin.wave_of_destruction18] at @s on origin run tp @s ^-0.375 ^2.5625 ^0.18753 ~0 ~90
execute if entity @s[tag=aj.nep_fume_ugs_skills.locator_origin.wave_of_destruction19] at @s on origin run tp @s ^-0.37499 ^2.5625 ^0.18752 ~0 ~90
execute if entity @s[tag=aj.nep_fume_ugs_skills.locator_origin.wave_of_destruction20] at @s on origin run tp @s ^-0.375 ^2.5625 ^0.18751 ~0 ~90
execute if entity @s[tag=aj.nep_fume_ugs_skills.locator_origin.wave_of_destruction24] at @s on origin run tp @s ^-0.37499 ^2.56249 ^0.18752 ~0 ~90
execute if entity @s[tag=aj.nep_fume_ugs_skills.locator_origin.wave_of_destruction23] at @s on origin run tp @s ^-0.375 ^2.56249 ^0.18753 ~0 ~90
execute if entity @s[tag=aj.nep_fume_ugs_skills.locator_origin.wave_of_destruction22] at @s on origin run tp @s ^-0.37501 ^2.56249 ^0.18752 ~0 ~90
execute if entity @s[tag=aj.nep_fume_ugs_skills.locator_origin.wave_of_destruction21] at @s on origin run tp @s ^-0.375 ^2.56249 ^0.18751 ~0 ~90
execute if entity @s[tag=aj.nep_fume_ugs_skills.locator_origin.wave_of_destruction25] at @s on origin run tp @s ^0.00002 ^-0.00098 ^2.31487 ~0 ~90
execute if entity @s[tag=aj.nep_fume_ugs_skills.locator_origin.wave_of_destruction26] at @s on origin run tp @s ^0 ^-0.00098 ^2.31489 ~0 ~90
execute if entity @s[tag=aj.nep_fume_ugs_skills.locator_origin.wave_of_destruction27] at @s on origin run tp @s ^-0.00002 ^-0.00098 ^2.31487 ~0 ~90
execute if entity @s[tag=aj.nep_fume_ugs_skills.locator_origin.wave_of_destruction28] at @s on origin run tp @s ^0 ^-0.00098 ^2.31485 ~0 ~90
execute if entity @s[tag=aj.nep_fume_ugs_skills.locator_origin.wave_of_destruction29] at @s on origin run tp @s ^0.00002 ^-0.00097 ^2.31485 ~0 ~90
execute if entity @s[tag=aj.nep_fume_ugs_skills.locator_origin.wave_of_destruction30] at @s on origin run tp @s ^0.00001 ^-0.00098 ^2.31488 ~0 ~90
execute if entity @s[tag=aj.nep_fume_ugs_skills.locator_origin.wave_of_destruction31] at @s on origin run tp @s ^-0.00002 ^-0.00097 ^2.31488 ~0 ~90
execute if entity @s[tag=aj.nep_fume_ugs_skills.locator_origin.wave_of_destruction32] at @s on origin run tp @s ^-0.00002 ^-0.00097 ^2.31485 ~0 ~90