execute if entity @s[tag=aj.nep_fume_ugs_skills.bone.right_arm2] run data modify entity @s {} merge value {transformation:[-0.7864427876045096f,0.6157645515206958f,-0.048391723624654326f,-0.9508672607694034f,0.504025600256712f,0.5944944985974436f,-0.6265257260665643f,2.6410590835800476f,-0.35702371925505116f,-0.5171173060611014f,-0.7778970083895422f,21.863813919311763f,0f,0f,0f,1f],start_interpolation:0}
execute if entity @s[tag=aj.nep_fume_ugs_skills.bone.right_arm] run data modify entity @s {} merge value {transformation:[-0.7864427876045096f,0.6157645515206958f,-0.048391723624654326f,-0.8586688973111165f,0.504025600256712f,0.5944944985974436f,-0.6265257260665643f,2.8271745428151616f,-0.35702371925505116f,-0.5171173060611014f,-0.7778970083895422f,21.730407427406806f,0f,0f,0f,1f],start_interpolation:0}
execute if entity @s[tag=aj.nep_fume_ugs_skills.locator_origin.fume_ugs_locator] at @s on origin run tp @s ^0.6608 ^2.54898 ^19.82594 ~-85.29563 ~67.18787
execute if entity @s[tag=aj.nep_fume_ugs_skills.locator_origin.fume_ugs_locator2] at @s on origin run tp @s ^0.58927 ^2.53606 ^20.32063 ~-85.29563 ~67.18787
execute if entity @s[tag=aj.nep_fume_ugs_skills.locator_origin.fume_ugs_locator3] at @s on origin run tp @s ^0.51775 ^2.52314 ^20.81532 ~-85.29563 ~67.18787
execute if entity @s[tag=aj.nep_fume_ugs_skills.locator_origin.fume_ugs_locator4] at @s on origin run tp @s ^0.44623 ^2.51023 ^21.31001 ~-85.29563 ~67.18787
execute if entity @s[tag=aj.nep_fume_ugs_skills.locator_origin.fume_ugs_locator5] at @s on origin run tp @s ^0.36576 ^2.4957 ^21.86653 ~-85.29563 ~67.18787
execute if entity @s[tag=aj.nep_fume_ugs_skills.locator_origin.fume_ugs_locator10] at @s on origin run tp @s ^0.22086 ^2.84136 ^21.85461 ~-85.29563 ~67.18787
execute if entity @s[tag=aj.nep_fume_ugs_skills.locator_origin.fume_ugs_locator9] at @s on origin run tp @s ^0.30132 ^2.8559 ^21.29808 ~-85.29563 ~67.18787
execute if entity @s[tag=aj.nep_fume_ugs_skills.locator_origin.fume_ugs_locator8] at @s on origin run tp @s ^0.37285 ^2.86881 ^20.80339 ~-85.29563 ~67.18787
execute if entity @s[tag=aj.nep_fume_ugs_skills.locator_origin.fume_ugs_locator7] at @s on origin run tp @s ^0.44437 ^2.88173 ^20.3087 ~-85.29563 ~67.18787
execute if entity @s[tag=aj.nep_fume_ugs_skills.locator_origin.fume_ugs_locator6] at @s on origin run tp @s ^0.51589 ^2.89465 ^19.81401 ~-85.29563 ~67.18787
execute if entity @s[tag=aj.nep_fume_ugs_skills.bone.fume_ugs_slash] run data modify entity @s {} merge value {transformation:[0.00002429783955765827f,0.000007467444484053542f,-0.000008059986155012175f,0.5529023641092048f,0.000010315975574170098f,-0.000008770190881687629f,0.00002297336525115556f,2.7313011382888885f,0.0000037824267203127194f,-0.000024050616122824246f,-0.000010879899968709404f,20.034329514941774f,0f,0f,0f,1f],start_interpolation:0}
execute if entity @s[tag=aj.nep_fume_ugs_skills.bone.gravity_vortex] run data modify entity @s {} merge value {transformation:[-0.0000019072979761831008f,0.000012148919778829123f,-0.000005152061763546725f,0.525601118742584f,-3.444632077403862e-7f,0.000005157987787085044f,0.000012290414348774923f,2.6635427166932564f,0.000013191714721988901f,0.000001891213360156355f,-4.2397228424162793e-7f,20.165930787151694f,0f,0f,0f,1f],start_interpolation:0}
execute if entity @s[tag=aj.nep_fume_ugs_skills.bone.fume_ultra_greatsword] run data modify entity @s {} merge value {transformation:[1.8915868095636943f,0.2969662948917092f,-0.802176016584225f,0.2539798487294689f,0.8030986984491414f,0.05363292144517831f,1.9136175141042555f,2.6772497978796124f,0.2944619201763449f,-2.053949982213672f,-0.06601248465642147f,22.08655617618249f,0f,0f,0f,1f],start_interpolation:0}
execute if entity @s[tag=aj.nep_fume_ugs_skills.bone.left_arm2] run data modify entity @s {} merge value {transformation:[-0.6522003523121601f,-0.5830958602212062f,-0.4843902540687475f,0.17934889150613617f,-0.7187269346381792f,0.6787821279602567f,0.15062010552164756f,2.7692631840708053f,0.24096948742423988f,0.44637880836195293f,-0.8617886432158768f,22.15187839841352f,0f,0f,0f,1f],start_interpolation:0}
execute if entity @s[tag=aj.nep_fume_ugs_skills.bone.left_arm] run data modify entity @s {} merge value {transformation:[-0.6522003523121601f,-0.6989031076851614f,0.29354581671677415f,-0.05578013251489716f,-0.7187269346381792f,0.4470283715665222f,-0.5325384760185784f,2.9196550532159877f,0.24096948742423988f,-0.5583010667038054f,-0.7938725496248702f,21.964051525874982f,0f,0f,0f,1f],start_interpolation:0}
execute if entity @s[tag=aj.nep_fume_ugs_skills.bone.head] run data modify entity @s {} merge value {transformation:[-0.979131058898896f,0.06083768627330287f,0.19391014782222782f,-0.45106900293861996f,-0.03114704927648919f,0.8979481016039159f,-0.4389977997066634f,2.91119705817711f,-0.2008288595319284f,-0.4358761094105008f,-0.8773139611474731f,21.734082914875085f,0f,0f,0f,1f],start_interpolation:0}
execute if entity @s[tag=aj.nep_fume_ugs_skills.bone.body_top] run data modify entity @s {} merge value {transformation:[-0.9890097637944161f,0.0850314107224581f,0.1209518346692692f,-0.48455012091058786f,0.004430280403222631f,0.8347465279399945f,-0.5506165695905574f,2.582515612800737f,-0.1477838277175903f,-0.5440293128891796f,-0.8259491794187247f,21.9482944568252f,0f,0f,0f,1f],start_interpolation:0}
execute if entity @s[tag=aj.nep_fume_ugs_skills.bone.body] run data modify entity @s {} merge value {transformation:[-0.9890097637944161f,0.0850314107224581f,0.1209518346692692f,-0.5217513631016633f,0.004430280403222631f,0.8347465279399945f,-0.5506165695905574f,2.2173140068269896f,-0.1477838277175903f,-0.5440293128891796f,-0.8259491794187247f,22.186307281214216f,0f,0f,0f,1f],start_interpolation:0}
execute if entity @s[tag=aj.nep_fume_ugs_skills.bone.right_leg2] run data modify entity @s {} merge value {transformation:[-0.8951945801554873f,0.33164861678103724f,0.2977177499704473f,-0.7606779452599609f,0.24765948439101915f,0.9255583968398202f,-0.28636765500048517f,1.9595915235053958f,-0.3705286000451457f,-0.18262214823653528f,-0.9106907858993949f,22.147549022827643f,0f,0f,0f,1f],start_interpolation:0}
execute if entity @s[tag=aj.nep_fume_ugs_skills.bone.right_leg] run data modify entity @s {} merge value {transformation:[-0.8951945801554873f,0.30409639269369493f,0.325809833508633f,-0.6374058888207348f,0.24765948439101915f,0.9472095577321192f,-0.20361442368382943f,2.2961252788717665f,-0.3705286000451457f,-0.10158463314697525f,-0.9232492181729584f,22.116831554666156f,0f,0f,0f,1f],start_interpolation:0}
execute if entity @s[tag=aj.nep_fume_ugs_skills.bone.left_leg2] run data modify entity @s {} merge value {transformation:[-0.970441641909701f,0.060442190819292016f,0.23364451890974977f,-0.3733841476675571f,-0.17582120372372073f,0.48611250653442556f,-0.8560265973157377f,1.9994444629856731f,-0.16531764566659546f,-0.8718035171756204f,-0.4611168002485613f,22.334582940176475f,0f,0f,0f,1f],start_interpolation:0}
execute if entity @s[tag=aj.nep_fume_ugs_skills.bone.left_leg] run data modify entity @s {} merge value {transformation:[-0.970441641909701f,-0.03357058345158766f,0.23898961394655652f,-0.40061172675031054f,-0.17582120372372073f,0.77669659174151f,-0.6048382500291003f,2.275822594334595f,-0.16531764566659546f,-0.628979666049581f,-0.7596411361474651f,22.105960284476367f,0f,0f,0f,1f],start_interpolation:0}
execute if entity @s[tag=aj.nep_fume_ugs_skills.bone.gravity_effect1] run data modify entity @s {} merge value {transformation:[-1f,0f,1.2246467991473532e-16f,-0.3125000000000028f,0f,1f,0f,1.3125f,-1.2246467991473532e-16f,0f,-1f,22.4640625f,0f,0f,0f,1f],start_interpolation:0}
execute if entity @s[tag=aj.nep_fume_ugs_skills.bone.gravity_effect2] run data modify entity @s {} merge value {transformation:[-1f,0f,1.2246467991473532e-16f,-0.17187500000000283f,0f,1f,0f,1.40625f,-1.2246467991473532e-16f,0f,-1f,23.1046875f,0f,0f,0f,1f],start_interpolation:0}
execute if entity @s[tag=aj.nep_fume_ugs_skills.bone.gravity_effect3] run data modify entity @s {} merge value {transformation:[-1f,0f,1.2246467991473532e-16f,0.2812499999999972f,0f,1f,0f,1.46875f,-1.2246467991473532e-16f,0f,-1f,22.5578125f,0f,0f,0f,1f],start_interpolation:0}
execute if entity @s[tag=aj.nep_fume_ugs_skills.bone.gravity_effect4] run data modify entity @s {} merge value {transformation:[-1f,0f,1.2246467991473532e-16f,-0.5468750000000028f,0f,1f,0f,0.96875f,-1.2246467991473532e-16f,0f,-1f,22.9171875f,0f,0f,0f,1f],start_interpolation:0}
execute if entity @s[tag=aj.nep_fume_ugs_skills.bone.gravity_effect5] run data modify entity @s {} merge value {transformation:[-1f,0f,1.2246467991473532e-16f,0.20312499999999714f,0f,1f,0f,0.59375f,-1.2246467991473532e-16f,0f,-1f,23.1046875f,0f,0f,0f,1f],start_interpolation:0}
execute if entity @s[tag=aj.nep_fume_ugs_skills.bone.gravity_effect6] run data modify entity @s {} merge value {transformation:[-1f,0f,1.2246467991473532e-16f,0.5156249999999972f,0f,1f,0f,0.71875f,-1.2246467991473532e-16f,0f,-1f,22.6046875f,0f,0f,0f,1f],start_interpolation:0}
execute if entity @s[tag=aj.nep_fume_ugs_skills.bone.gravity_effect7] run data modify entity @s {} merge value {transformation:[-1f,0f,1.2246467991473532e-16f,-0.06250000000000279f,0f,1f,0f,0.78125f,-1.2246467991473532e-16f,0f,-1f,22.7765625f,0f,0f,0f,1f],start_interpolation:0}
execute if entity @s[tag=aj.nep_fume_ugs_skills.bone.gravity_effect8] run data modify entity @s {} merge value {transformation:[-1f,0f,1.2246467991473532e-16f,0.0937499999999972f,0f,1f,0f,1.65625f,-1.2246467991473532e-16f,0f,-1f,22.8078125f,0f,0f,0f,1f],start_interpolation:0}
execute if entity @s[tag=aj.nep_fume_ugs_skills.bone.gravity_effect9] run data modify entity @s {} merge value {transformation:[-1f,0f,1.2246467991473532e-16f,0.4374999999999971f,0f,1f,0f,1.15625f,-1.2246467991473532e-16f,0f,-1f,23.4015625f,0f,0f,0f,1f],start_interpolation:0}
execute if entity @s[tag=aj.nep_fume_ugs_skills.locator_origin.nep_ride] at @s on origin run tp @s ^-0.0625 ^1 ^22.83906 ~0 ~0
execute if entity @s[tag=aj.nep_fume_ugs_skills.locator_origin.wave_of_destruction0] at @s on origin run tp @s ^-0.375 ^0.49999 ^12.75002 ~0 ~90
execute if entity @s[tag=aj.nep_fume_ugs_skills.locator_origin.wave_of_destruction1] at @s on origin run tp @s ^-0.375 ^0.5 ^12.75002 ~0 ~90
execute if entity @s[tag=aj.nep_fume_ugs_skills.locator_origin.wave_of_destruction2] at @s on origin run tp @s ^-0.375 ^0.50001 ^12.75002 ~0 ~90
execute if entity @s[tag=aj.nep_fume_ugs_skills.locator_origin.wave_of_destruction3] at @s on origin run tp @s ^-0.375 ^0.50002 ^12.75002 ~0 ~90
execute if entity @s[tag=aj.nep_fume_ugs_skills.locator_origin.wave_of_destruction4] at @s on origin run tp @s ^-0.375 ^0.50003 ^12.75002 ~0 ~90
execute if entity @s[tag=aj.nep_fume_ugs_skills.locator_origin.wave_of_destruction5] at @s on origin run tp @s ^-0.37501 ^0.50003 ^12.75002 ~0 ~90
execute if entity @s[tag=aj.nep_fume_ugs_skills.locator_origin.wave_of_destruction6] at @s on origin run tp @s ^-0.37499 ^0.50003 ^12.75002 ~0 ~90
execute if entity @s[tag=aj.nep_fume_ugs_skills.locator_origin.wave_of_destruction7] at @s on origin run tp @s ^-0.375 ^0.50003 ^12.75003 ~0 ~90
execute if entity @s[tag=aj.nep_fume_ugs_skills.locator_origin.wave_of_destruction8] at @s on origin run tp @s ^-0.375 ^0.50003 ^12.75001 ~0 ~90
execute if entity @s[tag=aj.nep_fume_ugs_skills.locator_origin.wave_of_destruction12] at @s on origin run tp @s ^-0.37501 ^0.50002 ^12.75002 ~0 ~90
execute if entity @s[tag=aj.nep_fume_ugs_skills.locator_origin.wave_of_destruction11] at @s on origin run tp @s ^-0.375 ^0.50002 ^12.75003 ~0 ~90
execute if entity @s[tag=aj.nep_fume_ugs_skills.locator_origin.wave_of_destruction10] at @s on origin run tp @s ^-0.37499 ^0.50002 ^12.75002 ~0 ~90
execute if entity @s[tag=aj.nep_fume_ugs_skills.locator_origin.wave_of_destruction9] at @s on origin run tp @s ^-0.375 ^0.50002 ^12.75001 ~0 ~90
execute if entity @s[tag=aj.nep_fume_ugs_skills.locator_origin.wave_of_destruction13] at @s on origin run tp @s ^-0.37501 ^0.50001 ^12.75002 ~0 ~90
execute if entity @s[tag=aj.nep_fume_ugs_skills.locator_origin.wave_of_destruction14] at @s on origin run tp @s ^-0.375 ^0.50001 ^12.75003 ~0 ~90
execute if entity @s[tag=aj.nep_fume_ugs_skills.locator_origin.wave_of_destruction15] at @s on origin run tp @s ^-0.37499 ^0.50001 ^12.75002 ~0 ~90
execute if entity @s[tag=aj.nep_fume_ugs_skills.locator_origin.wave_of_destruction16] at @s on origin run tp @s ^-0.375 ^0.50001 ^12.75001 ~0 ~90
execute if entity @s[tag=aj.nep_fume_ugs_skills.locator_origin.wave_of_destruction17] at @s on origin run tp @s ^-0.37501 ^0.5 ^12.75002 ~0 ~90
execute if entity @s[tag=aj.nep_fume_ugs_skills.locator_origin.wave_of_destruction18] at @s on origin run tp @s ^-0.375 ^0.5 ^12.75003 ~0 ~90
execute if entity @s[tag=aj.nep_fume_ugs_skills.locator_origin.wave_of_destruction19] at @s on origin run tp @s ^-0.37499 ^0.5 ^12.75002 ~0 ~90
execute if entity @s[tag=aj.nep_fume_ugs_skills.locator_origin.wave_of_destruction20] at @s on origin run tp @s ^-0.375 ^0.5 ^12.75001 ~0 ~90
execute if entity @s[tag=aj.nep_fume_ugs_skills.locator_origin.wave_of_destruction24] at @s on origin run tp @s ^-0.37499 ^0.49999 ^12.75002 ~0 ~90
execute if entity @s[tag=aj.nep_fume_ugs_skills.locator_origin.wave_of_destruction23] at @s on origin run tp @s ^-0.375 ^0.49999 ^12.75003 ~0 ~90
execute if entity @s[tag=aj.nep_fume_ugs_skills.locator_origin.wave_of_destruction22] at @s on origin run tp @s ^-0.37501 ^0.49999 ^12.75002 ~0 ~90
execute if entity @s[tag=aj.nep_fume_ugs_skills.locator_origin.wave_of_destruction21] at @s on origin run tp @s ^-0.375 ^0.49999 ^12.75001 ~0 ~90
execute if entity @s[tag=aj.nep_fume_ugs_skills.locator_origin.wave_of_destruction25] at @s on origin run tp @s ^0.00002 ^-0.00098 ^13.40862 ~0 ~90
execute if entity @s[tag=aj.nep_fume_ugs_skills.locator_origin.wave_of_destruction26] at @s on origin run tp @s ^0 ^-0.00098 ^13.40864 ~0 ~90
execute if entity @s[tag=aj.nep_fume_ugs_skills.locator_origin.wave_of_destruction27] at @s on origin run tp @s ^-0.00002 ^-0.00098 ^13.40862 ~0 ~90
execute if entity @s[tag=aj.nep_fume_ugs_skills.locator_origin.wave_of_destruction28] at @s on origin run tp @s ^0 ^-0.00098 ^13.4086 ~0 ~90
execute if entity @s[tag=aj.nep_fume_ugs_skills.locator_origin.wave_of_destruction29] at @s on origin run tp @s ^0.00002 ^-0.00097 ^13.4086 ~0 ~90
execute if entity @s[tag=aj.nep_fume_ugs_skills.locator_origin.wave_of_destruction30] at @s on origin run tp @s ^0.00001 ^-0.00098 ^13.40863 ~0 ~90
execute if entity @s[tag=aj.nep_fume_ugs_skills.locator_origin.wave_of_destruction31] at @s on origin run tp @s ^-0.00002 ^-0.00097 ^13.40863 ~0 ~90
execute if entity @s[tag=aj.nep_fume_ugs_skills.locator_origin.wave_of_destruction32] at @s on origin run tp @s ^-0.00002 ^-0.00097 ^13.4086 ~0 ~90