execute if entity @s[tag=aj.nep_fume_ugs_skills.bone.right_arm2] run data modify entity @s {} merge value {transformation:[-0.5357481842696326f,0.8052272792230111f,0.2541316820998508f,-1.286353814706775f,-0.3513259806549893f,0.06110335291991856f,-0.9342571570926039f,0.9201939589729415f,-0.7678176465597822f,-0.5898096379825032f,0.25016125314354043f,7.788507442800032f,0f,0f,0f,1f],start_interpolation:0}
execute if entity @s[tag=aj.nep_fume_ugs_skills.bone.right_arm] run data modify entity @s {} merge value {transformation:[-0.5357481842696326f,0.8052272792230111f,0.2541316820998508f,-1.1373169778987497f,-0.3513259806549893f,0.06110335291991856f,-0.9342571570926039f,0.9265774828241633f,-0.7678176465597822f,-0.5898096379825032f,0.25016125314354043f,7.591824788835402f,0f,0f,0f,1f],start_interpolation:0}
execute if entity @s[tag=aj.nep_fume_ugs_skills.locator_origin.fume_ugs_locator] at @s on origin run tp @s ^0.18146 ^0.60426 ^5.67758 ~10.28921 ~80.19612
execute if entity @s[tag=aj.nep_fume_ugs_skills.locator_origin.fume_ugs_locator2] at @s on origin run tp @s ^0.10235 ^0.68938 ^6.16389 ~10.28921 ~80.19612
execute if entity @s[tag=aj.nep_fume_ugs_skills.locator_origin.fume_ugs_locator3] at @s on origin run tp @s ^0.02323 ^0.77451 ^6.65019 ~10.28921 ~80.19612
execute if entity @s[tag=aj.nep_fume_ugs_skills.locator_origin.fume_ugs_locator4] at @s on origin run tp @s ^-0.05588 ^0.85963 ^7.1365 ~10.28921 ~80.19612
execute if entity @s[tag=aj.nep_fume_ugs_skills.locator_origin.fume_ugs_locator5] at @s on origin run tp @s ^-0.14489 ^0.95539 ^7.6836 ~10.28921 ~80.19612
execute if entity @s[tag=aj.nep_fume_ugs_skills.locator_origin.fume_ugs_locator10] at @s on origin run tp @s ^-0.13348 ^1.32492 ^7.62077 ~10.28921 ~80.19612
execute if entity @s[tag=aj.nep_fume_ugs_skills.locator_origin.fume_ugs_locator9] at @s on origin run tp @s ^-0.04448 ^1.22915 ^7.07367 ~10.28921 ~80.19612
execute if entity @s[tag=aj.nep_fume_ugs_skills.locator_origin.fume_ugs_locator8] at @s on origin run tp @s ^0.03464 ^1.14403 ^6.58737 ~10.28921 ~80.19612
execute if entity @s[tag=aj.nep_fume_ugs_skills.locator_origin.fume_ugs_locator7] at @s on origin run tp @s ^0.11375 ^1.05891 ^6.10106 ~10.28921 ~80.19612
execute if entity @s[tag=aj.nep_fume_ugs_skills.locator_origin.fume_ugs_locator6] at @s on origin run tp @s ^0.19287 ^0.97378 ^5.61475 ~10.28921 ~80.19612
execute if entity @s[tag=aj.nep_fume_ugs_skills.bone.fume_ugs_slash] run data modify entity @s {} merge value {transformation:[0.00002631823581501848f,0.000003587891995683689f,0.0000023640232070563507f,0.1550747333314107f,-8.1916690980121e-8f,-0.000014250238214724004f,0.000022539634238169696f,0.8413377028564395f,0.000004295912516792088f,-0.00002225238982586008f,-0.000014053020806827999f,5.854797239244407f,0f,0f,0f,1f],start_interpolation:0}
execute if entity @s[tag=aj.nep_fume_ugs_skills.bone.gravity_vortex] run data modify entity @s {} merge value {transformation:[-0.37381711945589624f,1.3159117907509226f,0.04055229157587936f,0.09987348335499768f,0.4022119771946216f,-0.004095834549006096f,1.3138618407483165f,0.8092925694319739f,2.297801674775891f,0.2147956258396039f,-0.22338386882487477f,5.991110804115326f,0f,0f,0f,1f],start_interpolation:0}
execute if entity @s[tag=aj.nep_fume_ugs_skills.bone.fume_ultra_greatsword] run data modify entity @s {} merge value {transformation:[2.048874658199187f,0.3284843767155309f,0.06313991798364417f,-0.1753330729856007f,-0.006377214392802414f,-0.35343579456340085f,2.045682886045129f,1.1949582192900887f,0.3344367894322638f,-2.0191476304062435f,-0.34780868376033003f,7.872145424013259f,0f,0f,0f,1f],start_interpolation:0}
execute if entity @s[tag=aj.nep_fume_ugs_skills.bone.left_arm2] run data modify entity @s {} merge value {transformation:[-0.6697715025166622f,-0.5033359656554419f,-0.5459478364223798f,-0.23876884687444544f,-0.6968733569679637f,0.6799812624364985f,0.22801975152049306f,1.2866097056009196f,0.25646375721488346f,0.5331776330764165f,-0.8061934958942895f,7.948820996262702f,0f,0f,0f,1f],start_interpolation:0}
execute if entity @s[tag=aj.nep_fume_ugs_skills.bone.left_arm] run data modify entity @s {} merge value {transformation:[-0.6697715025166622f,-0.7166763293895796f,0.19437379789789735f,-0.4798772408927171f,-0.6968733569679637f,0.5162363947331444f,-0.49786294208459286f,1.460284938008701f,0.25646375721488346f,-0.46890833181508385f,-0.8451930652753966f,7.791068144397179f,0f,0f,0f,1f],start_interpolation:0}
execute if entity @s[tag=aj.nep_fume_ugs_skills.bone.head] run data modify entity @s {} merge value {transformation:[-0.7334790172880561f,-0.15748444438805753f,0.6612164403385121f,-0.7646851102985426f,-0.6343207633144976f,0.5081221045490172f,-0.582622601773044f,1.1106809521902448f,-0.2442246924990621f,-0.8467647705499225f,-0.47259255488134383f,7.613327579456684f,0f,0f,0f,1f],start_interpolation:0}
execute if entity @s[tag=aj.nep_fume_ugs_skills.bone.body_top] run data modify entity @s {} merge value {transformation:[-0.8335065748073126f,0.35493342029122604f,0.4234253852963408f,-0.9044401445382129f,-0.46950309818792446f,-0.05100359998137495f,-0.8814564501896168f,1.1307636196829112f,-0.2912621337299492f,-0.9334992768874073f,0.20915417640048561f,7.980892919731101f,0f,0f,0f,1f],start_interpolation:0}
execute if entity @s[tag=aj.nep_fume_ugs_skills.bone.body] run data modify entity @s {} merge value {transformation:[-0.8335065748073126f,0.35493342029122604f,0.4234253852963408f,-1.0597235159156242f,-0.46950309818792446f,-0.05100359998137495f,-0.8814564501896168f,1.1530776946747627f,-0.2912621337299492f,-0.9334992768874073f,0.20915417640048561f,8.389298853369342f,0f,0f,0f,1f],start_interpolation:0}
execute if entity @s[tag=aj.nep_fume_ugs_skills.bone.right_leg2] run data modify entity @s {} merge value {transformation:[-0.6406030386454529f,0.3818372248824719f,0.6662042333791237f,-1.2755973795794613f,-0.5129634312933534f,0.4328055027064925f,-0.7413149903939148f,0.9235397503710685f,-0.5713985168286336f,-0.8166270449360794f,-0.08138798710500708f,8.549632866432175f,0f,0f,0f,1f],start_interpolation:0}
execute if entity @s[tag=aj.nep_fume_ugs_skills.bone.right_leg] run data modify entity @s {} merge value {transformation:[-0.6406030386454529f,0.375516180831695f,0.6697875370681297f,-1.1306368296142357f,-0.5129634312933534f,0.4398008095109316f,-0.7371863849185488f,1.0896082199030181f,-0.5713985168286336f,-0.8158203514788703f,-0.08911166634583093f,8.265375529444903f,0f,0f,0f,1f],start_interpolation:0}
execute if entity @s[tag=aj.nep_fume_ugs_skills.bone.left_leg2] run data modify entity @s {} merge value {transformation:[-0.8196534627147648f,0.45651774219479235f,0.34606321983283017f,-1.0046426298444084f,-0.5570377286907738f,-0.49415313641166225f,-0.6674740793390717f,1.2400182873700638f,-0.13370553419630898f,-0.739867710361715f,0.6593319355904078f,8.673506628752907f,0f,0f,0f,1f],start_interpolation:0}
execute if entity @s[tag=aj.nep_fume_ugs_skills.bone.left_leg] run data modify entity @s {} merge value {transformation:[-0.8196534627147648f,0.28933473746109084f,0.4944225022771701f,-0.913470043924247f,-0.5570377286907738f,-0.2011066969607885f,-0.8057698587391724f,1.159041853638987f,-0.13370553419630898f,-0.9358640425488329f,0.32600816552570666f,8.335091339490104f,0f,0f,0f,1f],start_interpolation:0}
execute if entity @s[tag=aj.nep_fume_ugs_skills.bone.gravity_effect1] run data modify entity @s {} merge value {transformation:[-1f,0f,1.2246467991473532e-16f,-0.312500000000001f,0f,1f,0f,1.3125f,-1.2246467991473532e-16f,0f,-1f,8.512499999999996f,0f,0f,0f,1f],start_interpolation:0}
execute if entity @s[tag=aj.nep_fume_ugs_skills.bone.gravity_effect2] run data modify entity @s {} merge value {transformation:[-1f,0f,1.2246467991473532e-16f,-0.1718750000000011f,0f,1f,0f,1.40625f,-1.2246467991473532e-16f,0f,-1f,9.153124999999996f,0f,0f,0f,1f],start_interpolation:0}
execute if entity @s[tag=aj.nep_fume_ugs_skills.bone.gravity_effect3] run data modify entity @s {} merge value {transformation:[-1f,0f,1.2246467991473532e-16f,0.281249999999999f,0f,1f,0f,1.46875f,-1.2246467991473532e-16f,0f,-1f,8.606249999999996f,0f,0f,0f,1f],start_interpolation:0}
execute if entity @s[tag=aj.nep_fume_ugs_skills.bone.gravity_effect4] run data modify entity @s {} merge value {transformation:[-1f,0f,1.2246467991473532e-16f,-0.5468750000000011f,0f,1f,0f,0.96875f,-1.2246467991473532e-16f,0f,-1f,8.965624999999996f,0f,0f,0f,1f],start_interpolation:0}
execute if entity @s[tag=aj.nep_fume_ugs_skills.bone.gravity_effect5] run data modify entity @s {} merge value {transformation:[-1f,0f,1.2246467991473532e-16f,0.20312499999999886f,0f,1f,0f,0.59375f,-1.2246467991473532e-16f,0f,-1f,9.153124999999996f,0f,0f,0f,1f],start_interpolation:0}
execute if entity @s[tag=aj.nep_fume_ugs_skills.bone.gravity_effect6] run data modify entity @s {} merge value {transformation:[-1f,0f,1.2246467991473532e-16f,0.5156249999999989f,0f,1f,0f,0.71875f,-1.2246467991473532e-16f,0f,-1f,8.653124999999996f,0f,0f,0f,1f],start_interpolation:0}
execute if entity @s[tag=aj.nep_fume_ugs_skills.bone.gravity_effect7] run data modify entity @s {} merge value {transformation:[-1f,0f,1.2246467991473532e-16f,-0.06250000000000107f,0f,1f,0f,0.78125f,-1.2246467991473532e-16f,0f,-1f,8.824999999999996f,0f,0f,0f,1f],start_interpolation:0}
execute if entity @s[tag=aj.nep_fume_ugs_skills.bone.gravity_effect8] run data modify entity @s {} merge value {transformation:[-1f,0f,1.2246467991473532e-16f,0.09374999999999892f,0f,1f,0f,1.65625f,-1.2246467991473532e-16f,0f,-1f,8.856249999999996f,0f,0f,0f,1f],start_interpolation:0}
execute if entity @s[tag=aj.nep_fume_ugs_skills.bone.gravity_effect9] run data modify entity @s {} merge value {transformation:[-1f,0f,1.2246467991473532e-16f,0.4374999999999989f,0f,1f,0f,1.15625f,-1.2246467991473532e-16f,0f,-1f,9.449999999999996f,0f,0f,0f,1f],start_interpolation:0}
execute if entity @s[tag=aj.nep_fume_ugs_skills.locator_origin.nep_ride] at @s on origin run tp @s ^-0.0625 ^1 ^8.8875 ~0 ~0
execute if entity @s[tag=aj.nep_fume_ugs_skills.locator_origin.wave_of_destruction0] at @s on origin run tp @s ^-0.375 ^0.49999 ^9.53127 ~0 ~90
execute if entity @s[tag=aj.nep_fume_ugs_skills.locator_origin.wave_of_destruction1] at @s on origin run tp @s ^-0.375 ^0.5 ^9.53127 ~0 ~90
execute if entity @s[tag=aj.nep_fume_ugs_skills.locator_origin.wave_of_destruction2] at @s on origin run tp @s ^-0.375 ^0.50001 ^9.53127 ~0 ~90
execute if entity @s[tag=aj.nep_fume_ugs_skills.locator_origin.wave_of_destruction3] at @s on origin run tp @s ^-0.375 ^0.50002 ^9.53127 ~0 ~90
execute if entity @s[tag=aj.nep_fume_ugs_skills.locator_origin.wave_of_destruction4] at @s on origin run tp @s ^-0.375 ^0.50003 ^9.53127 ~0 ~90
execute if entity @s[tag=aj.nep_fume_ugs_skills.locator_origin.wave_of_destruction5] at @s on origin run tp @s ^-0.37501 ^0.50003 ^9.53127 ~0 ~90
execute if entity @s[tag=aj.nep_fume_ugs_skills.locator_origin.wave_of_destruction6] at @s on origin run tp @s ^-0.37499 ^0.50003 ^9.53127 ~0 ~90
execute if entity @s[tag=aj.nep_fume_ugs_skills.locator_origin.wave_of_destruction7] at @s on origin run tp @s ^-0.375 ^0.50003 ^9.53128 ~0 ~90
execute if entity @s[tag=aj.nep_fume_ugs_skills.locator_origin.wave_of_destruction8] at @s on origin run tp @s ^-0.375 ^0.50003 ^9.53126 ~0 ~90
execute if entity @s[tag=aj.nep_fume_ugs_skills.locator_origin.wave_of_destruction12] at @s on origin run tp @s ^-0.37501 ^0.50002 ^9.53127 ~0 ~90
execute if entity @s[tag=aj.nep_fume_ugs_skills.locator_origin.wave_of_destruction11] at @s on origin run tp @s ^-0.375 ^0.50002 ^9.53128 ~0 ~90
execute if entity @s[tag=aj.nep_fume_ugs_skills.locator_origin.wave_of_destruction10] at @s on origin run tp @s ^-0.37499 ^0.50002 ^9.53127 ~0 ~90
execute if entity @s[tag=aj.nep_fume_ugs_skills.locator_origin.wave_of_destruction9] at @s on origin run tp @s ^-0.375 ^0.50002 ^9.53126 ~0 ~90
execute if entity @s[tag=aj.nep_fume_ugs_skills.locator_origin.wave_of_destruction13] at @s on origin run tp @s ^-0.37501 ^0.50001 ^9.53127 ~0 ~90
execute if entity @s[tag=aj.nep_fume_ugs_skills.locator_origin.wave_of_destruction14] at @s on origin run tp @s ^-0.375 ^0.50001 ^9.53128 ~0 ~90
execute if entity @s[tag=aj.nep_fume_ugs_skills.locator_origin.wave_of_destruction15] at @s on origin run tp @s ^-0.37499 ^0.50001 ^9.53127 ~0 ~90
execute if entity @s[tag=aj.nep_fume_ugs_skills.locator_origin.wave_of_destruction16] at @s on origin run tp @s ^-0.375 ^0.50001 ^9.53126 ~0 ~90
execute if entity @s[tag=aj.nep_fume_ugs_skills.locator_origin.wave_of_destruction17] at @s on origin run tp @s ^-0.37501 ^0.5 ^9.53127 ~0 ~90
execute if entity @s[tag=aj.nep_fume_ugs_skills.locator_origin.wave_of_destruction18] at @s on origin run tp @s ^-0.375 ^0.5 ^9.53128 ~0 ~90
execute if entity @s[tag=aj.nep_fume_ugs_skills.locator_origin.wave_of_destruction19] at @s on origin run tp @s ^-0.37499 ^0.5 ^9.53127 ~0 ~90
execute if entity @s[tag=aj.nep_fume_ugs_skills.locator_origin.wave_of_destruction20] at @s on origin run tp @s ^-0.375 ^0.5 ^9.53126 ~0 ~90
execute if entity @s[tag=aj.nep_fume_ugs_skills.locator_origin.wave_of_destruction24] at @s on origin run tp @s ^-0.37499 ^0.49999 ^9.53127 ~0 ~90
execute if entity @s[tag=aj.nep_fume_ugs_skills.locator_origin.wave_of_destruction23] at @s on origin run tp @s ^-0.375 ^0.49999 ^9.53128 ~0 ~90
execute if entity @s[tag=aj.nep_fume_ugs_skills.locator_origin.wave_of_destruction22] at @s on origin run tp @s ^-0.37501 ^0.49999 ^9.53127 ~0 ~90
execute if entity @s[tag=aj.nep_fume_ugs_skills.locator_origin.wave_of_destruction21] at @s on origin run tp @s ^-0.375 ^0.49999 ^9.53126 ~0 ~90
execute if entity @s[tag=aj.nep_fume_ugs_skills.bone.gravity_thunder] run data modify entity @s {} merge value {transformation:[-0.000033461391666666666f,-4.0978386199599245e-21f,9.09902957415537e-37f,-0.37499625000000114f,0f,7.429921492866735e-21f,0.000033461391666666666f,0.5000153125f,-4.0978386199599245e-21f,0.000033461391666666666f,-7.429921492866735e-21f,9.5312565625f,0f,0f,0f,1f],start_interpolation:0}
execute if entity @s[tag=aj.nep_fume_ugs_skills.bone.wave_of_destruction] run data modify entity @s {} merge value {transformation:[-0.00003297589166666667f,-4.038382017861322e-21f,8.967009396923679e-37f,-0.37500000000000117f,0f,7.322118837175633e-21f,0.00003297589166666667f,0.5f,-4.038382017861322e-21f,0.00003297589166666667f,-7.322118837175633e-21f,9.53125f,0f,0f,0f,1f],start_interpolation:0}
execute if entity @s[tag=aj.nep_fume_ugs_skills.bone.obsidian_edges0] run data modify entity @s {} merge value {transformation:[-1.2668996496258977f,1.2668996496258975f,4.8720113465180265e-32f,-1.125000000000001f,2.8130823218084305e-16f,2.81308232180843e-16f,1.7916666666666667f,0.15762624999999966f,1.2668996496258975f,1.2668996496258977f,-3.978299171573478e-16f,9.065832499999999f,0f,0f,0f,1f],start_interpolation:0}
execute if entity @s[tag=aj.nep_fume_ugs_skills.bone.obsidian_edges1] run data modify entity @s {} merge value {transformation:[-1.2668996496258973f,-1.266899649625898f,4.8720113465180265e-32f,1.101104374999999f,-2.8130823218084305e-16f,2.81308232180843e-16f,1.7916666666666667f,0.12402187499999931f,-1.266899649625898f,1.2668996496258973f,-3.978299171573478e-16f,9.057558125f,0f,0f,0f,1f],start_interpolation:0}
execute if entity @s[tag=aj.nep_fume_ugs_skills.bone.obsidian_edges2] run data modify entity @s {} merge value {transformation:[1.2668996496258977f,-1.2668996496258977f,4.8720113465180265e-32f,1.1011043749999985f,-2.813082321808431e-16f,-2.81308232180843e-16f,1.7916666666666667f,0.12402187499999981f,-1.2668996496258977f,-1.2668996496258977f,-3.978299171573478e-16f,11.307558125f,0f,0f,0f,1f],start_interpolation:0}
execute if entity @s[tag=aj.nep_fume_ugs_skills.bone.obsidian_edges3] run data modify entity @s {} merge value {transformation:[1.2668996496258973f,1.2668996496258982f,4.8720113465180265e-32f,-1.1250000000000016f,2.813082321808431e-16f,-2.81308232180843e-16f,1.7916666666666667f,0.1576262500000002f,1.2668996496258982f,-1.2668996496258973f,-3.978299171573478e-16f,11.378332499999999f,0f,0f,0f,1f],start_interpolation:0}
execute if entity @s[tag=aj.nep_fume_ugs_skills.locator_origin.wave_of_destruction25] at @s on origin run tp @s ^2 ^0.22013 ^11.44083 ~0 ~90
execute if entity @s[tag=aj.nep_fume_ugs_skills.locator_origin.wave_of_destruction26] at @s on origin run tp @s ^0 ^0.22013 ^13.44083 ~0 ~90
execute if entity @s[tag=aj.nep_fume_ugs_skills.locator_origin.wave_of_destruction27] at @s on origin run tp @s ^-2 ^0.22013 ^11.44083 ~0 ~90
execute if entity @s[tag=aj.nep_fume_ugs_skills.locator_origin.wave_of_destruction28] at @s on origin run tp @s ^0 ^0.22013 ^9.44083 ~0 ~90
execute if entity @s[tag=aj.nep_fume_ugs_skills.locator_origin.wave_of_destruction29] at @s on origin run tp @s ^1.625 ^0.40763 ^9.75333 ~0 ~90
execute if entity @s[tag=aj.nep_fume_ugs_skills.locator_origin.wave_of_destruction30] at @s on origin run tp @s ^1.4375 ^0.28263 ^12.87833 ~0 ~90
execute if entity @s[tag=aj.nep_fume_ugs_skills.locator_origin.wave_of_destruction31] at @s on origin run tp @s ^-1.5625 ^0.40763 ^13.00333 ~0 ~90
execute if entity @s[tag=aj.nep_fume_ugs_skills.locator_origin.wave_of_destruction32] at @s on origin run tp @s ^-1.5 ^0.40763 ^9.94083 ~0 ~90
execute if entity @s[tag=aj.nep_fume_ugs_skills.bone.obsidian] run data modify entity @s {} merge value {transformation:[-3.5201812500000007f,-4.3109787002310296e-16f,9.572295623330239e-32f,-1.2478972544121402e-15f,0f,7.81637254920753e-16f,3.5201812500000007f,-0.0009781249999999964f,-4.3109787002310296e-16f,3.5201812500000007f,-7.81637254920753e-16f,10.189854375f,0f,0f,0f,1f],start_interpolation:0}