execute if entity @s[tag=aj.nep_fume_ugs_skills.bone.right_arm2] run data modify entity @s {} merge value {transformation:[-0.041527256659969036f,-0.35265890519353343f,-0.9348300292256323f,0.3003016582039112f,0.6194456600873655f,0.7250296012756707f,-0.30103015043840853f,1.2316379722957158f,0.7839404066338367f,-0.5915773608428077f,0.1883445379750463f,1.3489075757686841f,0f,0f,0f,1f],start_interpolation:0}
execute if entity @s[tag=aj.nep_fume_ugs_skills.bone.right_arm] run data modify entity @s {} merge value {transformation:[-0.041527256659969036f,-0.35265890519353343f,-0.9348300292256323f,0.23023378030468308f,0.6194456600873655f,0.7250296012756707f,-0.30103015043840853f,1.4509397172227292f,0.7839404066338367f,-0.5915773608428077f,0.1883445379750463f,1.259834809136334f,0f,0f,0f,1f],start_interpolation:0}
execute if entity @s[tag=aj.nep_fume_ugs_skills.locator_origin.fume_ugs_locator] at @s on origin run tp @s ^-2.00972 ^0.11615 ^-0.3831 ~21.40888 ~3.8492
execute if entity @s[tag=aj.nep_fume_ugs_skills.locator_origin.fume_ugs_locator2] at @s on origin run tp @s ^-1.6001 ^0.34178 ^-0.20619 ~21.40888 ~3.8492
execute if entity @s[tag=aj.nep_fume_ugs_skills.locator_origin.fume_ugs_locator3] at @s on origin run tp @s ^-1.19047 ^0.56741 ^-0.02928 ~21.40888 ~3.8492
execute if entity @s[tag=aj.nep_fume_ugs_skills.locator_origin.fume_ugs_locator4] at @s on origin run tp @s ^-0.78084 ^0.79303 ^0.14763 ~21.40888 ~3.8492
execute if entity @s[tag=aj.nep_fume_ugs_skills.locator_origin.fume_ugs_locator5] at @s on origin run tp @s ^-0.32001 ^1.04686 ^0.34666 ~21.40888 ~3.8492
execute if entity @s[tag=aj.nep_fume_ugs_skills.locator_origin.fume_ugs_locator10] at @s on origin run tp @s ^-0.18344 ^1.07204 ^-0.00168 ~21.40888 ~3.8492
execute if entity @s[tag=aj.nep_fume_ugs_skills.locator_origin.fume_ugs_locator9] at @s on origin run tp @s ^-0.64427 ^0.81821 ^-0.20071 ~21.40888 ~3.8492
execute if entity @s[tag=aj.nep_fume_ugs_skills.locator_origin.fume_ugs_locator8] at @s on origin run tp @s ^-1.05389 ^0.59258 ^-0.37762 ~21.40888 ~3.8492
execute if entity @s[tag=aj.nep_fume_ugs_skills.locator_origin.fume_ugs_locator7] at @s on origin run tp @s ^-1.46352 ^0.36695 ^-0.55453 ~21.40888 ~3.8492
execute if entity @s[tag=aj.nep_fume_ugs_skills.locator_origin.fume_ugs_locator6] at @s on origin run tp @s ^-1.87315 ^0.14133 ^-0.73144 ~21.40888 ~3.8492
execute if entity @s[tag=aj.nep_fume_ugs_skills.locator_origin.foe_ride_locator] at @s on origin run tp @s ^-1.22459 ^0.52359 ^-0.24768 ~21.40888 ~3.8492
execute if entity @s[tag=aj.nep_fume_ugs_skills.bone.fume_ugs_slash] run data modify entity @s {} merge value {transformation:[0.5905638118618546f,-1.7067820291189566f,0.7587452329060635f,-1.4339736790098587f,-1.1864884975890888f,-0.9401150978264177f,0.13985576580074213f,0.40415145634640315f,0.14579851503250815f,-0.7371271842043237f,-1.9352064009020338f,-0.3552225806383819f,0f,0f,0f,1f],start_interpolation:0}
execute if entity @s[tag=aj.nep_fume_ugs_skills.bone.gravity_vortex] run data modify entity @s {} merge value {transformation:[0.000010923404986361565f,0.000005905638118618676f,0.000004855969490598914f,-1.6807456119882038f,0.000006016736626089204f,-0.000011864884975891155f,8.950769011247695e-7f,0.31247468102051024f,0.000004717613978907776f,0.0000014579851503251128f,-0.000012385320965773291f,-0.39821364049444447f,0f,0f,0f,1f],start_interpolation:0}
execute if entity @s[tag=aj.nep_fume_ugs_skills.bone.fume_ultra_greatsword] run data modify entity @s {} merge value {transformation:[0.9195078550689282f,-1.7007741563764953f,0.7560744496862508f,-0.058458771423318706f,-1.8473625907462523f,-0.9368058926820894f,0.1393634735051266f,1.1642257795220814f,0.22700828790562025f,-0.7345324965159407f,-1.9283944743709014f,0.2385542579734859f,0f,0f,0f,1f],start_interpolation:0}
execute if entity @s[tag=aj.nep_fume_ugs_skills.bone.left_arm2] run data modify entity @s {} merge value {transformation:[0.37063273688948273f,0.748519670163464f,-0.5498633264041094f,0.04550954852130873f,-0.8258775974755698f,0.5364610339806508f,0.1735965236068771f,1.237046599317094f,0.4249206612225319f,0.38977924829163413f,0.8170156481166172f,0.2853618682939726f,0f,0f,0f,1f],start_interpolation:0}
execute if entity @s[tag=aj.nep_fume_ugs_skills.bone.left_arm] run data modify entity @s {} merge value {transformation:[0.37063273688948273f,0.748519670163464f,-0.5498633264041094f,0.29733121420563974f,-0.8258775974755698f,0.5364610339806508f,0.1735965236068771f,1.4175261732503268f,0.4249206612225319f,0.38977924829163413f,0.8170156481166172f,0.41649383912454596f,0f,0f,0f,1f],start_interpolation:0}
execute if entity @s[tag=aj.nep_fume_ugs_skills.bone.head] run data modify entity @s {} merge value {transformation:[-0.40368617135607526f,-0.41495312048926236f,-0.8153841934033907f,0.20329457378072968f,-0.015298671414154433f,0.8941670953299409f,-0.44747196144806534f,1.5147531239467131f,0.9147696025277818f,-0.16816394805498913f,-0.3673111227089695f,0.8494530866992018f,0f,0f,0f,1f],start_interpolation:0}
execute if entity @s[tag=aj.nep_fume_ugs_skills.bone.body_top] run data modify entity @s {} merge value {transformation:[0.00852033801599171f,-0.22863563464416214f,-0.973474781599891f,0.2933198549218685f,0.08897120309917389f,0.9698224234525951f,-0.226999101292542f,1.1328855447122537f,0.9959977554488662f,-0.08467711343330929f,0.028605202348938784f,0.8827947001135673f,0f,0f,0f,1f],start_interpolation:0}
execute if entity @s[tag=aj.nep_fume_ugs_skills.bone.body] run data modify entity @s {} merge value {transformation:[0.00852033801599171f,-0.22863563464416214f,-0.973474781599891f,0.3933479450786894f,0.08897120309917389f,0.9698224234525951f,-0.226999101292542f,0.7085882344517433f,0.9959977554488662f,-0.08467711343330929f,0.028605202348938784f,0.9198409372406401f,0f,0f,0f,1f],start_interpolation:0}
execute if entity @s[tag=aj.nep_fume_ugs_skills.bone.right_leg2] run data modify entity @s {} merge value {transformation:[-0.1276997929748347f,-0.24682439596657169f,-0.9606094317827212f,0.3442983468476961f,0.3919705855823076f,0.8771330932962593f,-0.27748260609054276f,0.4862044832256613f,0.911071798988668f,-0.4119651128436409f,-0.015261811402292033f,1.1891102453377076f,0f,0f,0f,1f],start_interpolation:0}
execute if entity @s[tag=aj.nep_fume_ugs_skills.bone.right_leg] run data modify entity @s {} merge value {transformation:[-0.1276997929748347f,0.0742531908726822f,-0.9890294366293707f,0.3729783965827981f,0.3919705855823076f,0.9197928186765445f,0.018445344922795315f,0.8106304870378209f,0.911071798988668f,-0.3853149807057639f,-0.14656241923245433f,1.0364021772873757f,0f,0f,0f,1f],start_interpolation:0}
execute if entity @s[tag=aj.nep_fume_ugs_skills.bone.left_leg2] run data modify entity @s {} merge value {transformation:[-0.06292464083423165f,-0.49436074017085374f,-0.8669763250248587f,0.3503207918651314f,-0.11615594438565888f,0.8664218405325912f,-0.48561403483836174f,0.43594755186266576f,0.991235736926267f,0.07014736506700416f,-0.11194222176818575f,0.7213029212172706f,0f,0f,0f,1f],start_interpolation:0}
execute if entity @s[tag=aj.nep_fume_ugs_skills.bone.left_leg] run data modify entity @s {} merge value {transformation:[-0.06292464083423165f,0.09232057998131074f,-0.9937391006133341f,0.38251530278288004f,-0.11615594438565888f,0.9882679894335432f,0.09916742229612835f,0.7892914239343194f,0.991235736926267f,0.12166877813513714f,-0.05146282412911295f,0.7805156967490584f,0f,0f,0f,1f],start_interpolation:0}
execute if entity @s[tag=aj.nep_fume_ugs_skills.bone.gravity_effect1] run data modify entity @s {} merge value {transformation:[-1f,0f,1.2246467991473532e-16f,-0.31250000000000044f,0f,1f,0f,1.3125f,-1.2246467991473532e-16f,0f,-1f,3.5566049999999745f,0f,0f,0f,1f],start_interpolation:0}
execute if entity @s[tag=aj.nep_fume_ugs_skills.bone.gravity_effect2] run data modify entity @s {} merge value {transformation:[-1f,0f,1.2246467991473532e-16f,-0.1718750000000005f,0f,1f,0f,1.40625f,-1.2246467991473532e-16f,0f,-1f,4.1972299999999745f,0f,0f,0f,1f],start_interpolation:0}
execute if entity @s[tag=aj.nep_fume_ugs_skills.bone.gravity_effect3] run data modify entity @s {} merge value {transformation:[-1f,0f,1.2246467991473532e-16f,0.28124999999999956f,0f,1f,0f,1.46875f,-1.2246467991473532e-16f,0f,-1f,3.6503549999999745f,0f,0f,0f,1f],start_interpolation:0}
execute if entity @s[tag=aj.nep_fume_ugs_skills.bone.gravity_effect4] run data modify entity @s {} merge value {transformation:[-1f,0f,1.2246467991473532e-16f,-0.5468750000000004f,0f,1f,0f,0.96875f,-1.2246467991473532e-16f,0f,-1f,4.0097299999999745f,0f,0f,0f,1f],start_interpolation:0}
execute if entity @s[tag=aj.nep_fume_ugs_skills.bone.gravity_effect5] run data modify entity @s {} merge value {transformation:[-1f,0f,1.2246467991473532e-16f,0.20312499999999944f,0f,1f,0f,0.59375f,-1.2246467991473532e-16f,0f,-1f,4.1972299999999745f,0f,0f,0f,1f],start_interpolation:0}
execute if entity @s[tag=aj.nep_fume_ugs_skills.bone.gravity_effect6] run data modify entity @s {} merge value {transformation:[-1f,0f,1.2246467991473532e-16f,0.5156249999999996f,0f,1f,0f,0.71875f,-1.2246467991473532e-16f,0f,-1f,3.6972299999999745f,0f,0f,0f,1f],start_interpolation:0}
execute if entity @s[tag=aj.nep_fume_ugs_skills.bone.gravity_effect7] run data modify entity @s {} merge value {transformation:[-1f,0f,1.2246467991473532e-16f,-0.06250000000000047f,0f,1f,0f,0.78125f,-1.2246467991473532e-16f,0f,-1f,3.8691049999999745f,0f,0f,0f,1f],start_interpolation:0}
execute if entity @s[tag=aj.nep_fume_ugs_skills.bone.gravity_effect8] run data modify entity @s {} merge value {transformation:[-1f,0f,1.2246467991473532e-16f,0.09374999999999951f,0f,1f,0f,1.65625f,-1.2246467991473532e-16f,0f,-1f,3.9003549999999745f,0f,0f,0f,1f],start_interpolation:0}
execute if entity @s[tag=aj.nep_fume_ugs_skills.bone.gravity_effect9] run data modify entity @s {} merge value {transformation:[-1f,0f,1.2246467991473532e-16f,0.43749999999999944f,0f,1f,0f,1.15625f,-1.2246467991473532e-16f,0f,-1f,4.4941049999999745f,0f,0f,0f,1f],start_interpolation:0}
execute if entity @s[tag=aj.nep_fume_ugs_skills.locator_origin.nep_ride] at @s on origin run tp @s ^-0.0625 ^1 ^3.9316 ~0 ~0
execute if entity @s[tag=aj.nep_fume_ugs_skills.locator_origin.wave_of_destruction0] at @s on origin run tp @s ^-0.375 ^0.49999 ^3.43752 ~0 ~90
execute if entity @s[tag=aj.nep_fume_ugs_skills.locator_origin.wave_of_destruction1] at @s on origin run tp @s ^-0.375 ^0.5 ^3.43752 ~0 ~90
execute if entity @s[tag=aj.nep_fume_ugs_skills.locator_origin.wave_of_destruction2] at @s on origin run tp @s ^-0.375 ^0.50001 ^3.43752 ~0 ~90
execute if entity @s[tag=aj.nep_fume_ugs_skills.locator_origin.wave_of_destruction3] at @s on origin run tp @s ^-0.375 ^0.50002 ^3.43752 ~0 ~90
execute if entity @s[tag=aj.nep_fume_ugs_skills.locator_origin.wave_of_destruction4] at @s on origin run tp @s ^-0.375 ^0.50003 ^3.43752 ~0 ~90
execute if entity @s[tag=aj.nep_fume_ugs_skills.locator_origin.wave_of_destruction5] at @s on origin run tp @s ^-0.37501 ^0.50003 ^3.43752 ~0 ~90
execute if entity @s[tag=aj.nep_fume_ugs_skills.locator_origin.wave_of_destruction6] at @s on origin run tp @s ^-0.37499 ^0.50003 ^3.43752 ~0 ~90
execute if entity @s[tag=aj.nep_fume_ugs_skills.locator_origin.wave_of_destruction7] at @s on origin run tp @s ^-0.375 ^0.50003 ^3.43753 ~0 ~90
execute if entity @s[tag=aj.nep_fume_ugs_skills.locator_origin.wave_of_destruction8] at @s on origin run tp @s ^-0.375 ^0.50003 ^3.43751 ~0 ~90
execute if entity @s[tag=aj.nep_fume_ugs_skills.locator_origin.wave_of_destruction12] at @s on origin run tp @s ^-0.37501 ^0.50002 ^3.43752 ~0 ~90
execute if entity @s[tag=aj.nep_fume_ugs_skills.locator_origin.wave_of_destruction11] at @s on origin run tp @s ^-0.375 ^0.50002 ^3.43753 ~0 ~90
execute if entity @s[tag=aj.nep_fume_ugs_skills.locator_origin.wave_of_destruction10] at @s on origin run tp @s ^-0.37499 ^0.50002 ^3.43752 ~0 ~90
execute if entity @s[tag=aj.nep_fume_ugs_skills.locator_origin.wave_of_destruction9] at @s on origin run tp @s ^-0.375 ^0.50002 ^3.43751 ~0 ~90
execute if entity @s[tag=aj.nep_fume_ugs_skills.locator_origin.wave_of_destruction13] at @s on origin run tp @s ^-0.37501 ^0.50001 ^3.43752 ~0 ~90
execute if entity @s[tag=aj.nep_fume_ugs_skills.locator_origin.wave_of_destruction14] at @s on origin run tp @s ^-0.375 ^0.50001 ^3.43753 ~0 ~90
execute if entity @s[tag=aj.nep_fume_ugs_skills.locator_origin.wave_of_destruction15] at @s on origin run tp @s ^-0.37499 ^0.50001 ^3.43752 ~0 ~90
execute if entity @s[tag=aj.nep_fume_ugs_skills.locator_origin.wave_of_destruction16] at @s on origin run tp @s ^-0.375 ^0.50001 ^3.43751 ~0 ~90
execute if entity @s[tag=aj.nep_fume_ugs_skills.locator_origin.wave_of_destruction17] at @s on origin run tp @s ^-0.37501 ^0.5 ^3.43752 ~0 ~90
execute if entity @s[tag=aj.nep_fume_ugs_skills.locator_origin.wave_of_destruction18] at @s on origin run tp @s ^-0.375 ^0.5 ^3.43753 ~0 ~90
execute if entity @s[tag=aj.nep_fume_ugs_skills.locator_origin.wave_of_destruction19] at @s on origin run tp @s ^-0.37499 ^0.5 ^3.43752 ~0 ~90
execute if entity @s[tag=aj.nep_fume_ugs_skills.locator_origin.wave_of_destruction20] at @s on origin run tp @s ^-0.375 ^0.5 ^3.43751 ~0 ~90
execute if entity @s[tag=aj.nep_fume_ugs_skills.locator_origin.wave_of_destruction24] at @s on origin run tp @s ^-0.37499 ^0.49999 ^3.43752 ~0 ~90
execute if entity @s[tag=aj.nep_fume_ugs_skills.locator_origin.wave_of_destruction23] at @s on origin run tp @s ^-0.375 ^0.49999 ^3.43753 ~0 ~90
execute if entity @s[tag=aj.nep_fume_ugs_skills.locator_origin.wave_of_destruction22] at @s on origin run tp @s ^-0.37501 ^0.49999 ^3.43752 ~0 ~90
execute if entity @s[tag=aj.nep_fume_ugs_skills.locator_origin.wave_of_destruction21] at @s on origin run tp @s ^-0.375 ^0.49999 ^3.43751 ~0 ~90
execute if entity @s[tag=aj.nep_fume_ugs_skills.locator_origin.wave_of_destruction25] at @s on origin run tp @s ^0.00002 ^-0.00098 ^4.09612 ~0 ~90
execute if entity @s[tag=aj.nep_fume_ugs_skills.locator_origin.wave_of_destruction26] at @s on origin run tp @s ^0 ^-0.00098 ^4.09614 ~0 ~90
execute if entity @s[tag=aj.nep_fume_ugs_skills.locator_origin.wave_of_destruction27] at @s on origin run tp @s ^-0.00002 ^-0.00098 ^4.09612 ~0 ~90
execute if entity @s[tag=aj.nep_fume_ugs_skills.locator_origin.wave_of_destruction28] at @s on origin run tp @s ^0 ^-0.00098 ^4.0961 ~0 ~90
execute if entity @s[tag=aj.nep_fume_ugs_skills.locator_origin.wave_of_destruction29] at @s on origin run tp @s ^0.00002 ^-0.00097 ^4.0961 ~0 ~90
execute if entity @s[tag=aj.nep_fume_ugs_skills.locator_origin.wave_of_destruction30] at @s on origin run tp @s ^0.00001 ^-0.00098 ^4.09613 ~0 ~90
execute if entity @s[tag=aj.nep_fume_ugs_skills.locator_origin.wave_of_destruction31] at @s on origin run tp @s ^-0.00002 ^-0.00097 ^4.09613 ~0 ~90
execute if entity @s[tag=aj.nep_fume_ugs_skills.locator_origin.wave_of_destruction32] at @s on origin run tp @s ^-0.00002 ^-0.00097 ^4.0961 ~0 ~90