execute if entity @s[tag=aj.nep_fume_ugs_skills.bone.right_arm2] run data modify entity @s {} merge value {transformation:[-0.6872208159467955f,0.7066789540023819f,0.16832232798865635f,-1.0669009547979487f,-0.21962944053329814f,0.01874715287342396f,-0.9754032259071994f,0.9178687336785472f,-0.6924524958294624f,-0.7072859395104927f,0.14232406960984584f,16.55870263138662f,0f,0f,0f,1f],start_interpolation:0}
execute if entity @s[tag=aj.nep_fume_ugs_skills.bone.right_arm] run data modify entity @s {} merge value {transformation:[-0.6872208159467955f,0.7066789540023819f,0.16832232798865635f,-0.9501183162707147f,-0.21962944053329814f,0.01874715287342396f,-0.9754032259071994f,0.9240280636872569f,-0.6924524958294624f,-0.7072859395104927f,0.14232406960984584f,16.341307602489138f,0f,0f,0f,1f],start_interpolation:0}
execute if entity @s[tag=aj.nep_fume_ugs_skills.locator_origin.fume_ugs_locator] at @s on origin run tp @s ^-0.01886 ^0.66423 ^14.20293 ~50.54972 ~81.69102
execute if entity @s[tag=aj.nep_fume_ugs_skills.locator_origin.fume_ugs_locator2] at @s on origin run tp @s ^-0.00449 ^0.70881 ^14.70073 ~50.54972 ~81.69102
execute if entity @s[tag=aj.nep_fume_ugs_skills.locator_origin.fume_ugs_locator3] at @s on origin run tp @s ^0.00989 ^0.75338 ^15.19853 ~50.54972 ~81.69102
execute if entity @s[tag=aj.nep_fume_ugs_skills.locator_origin.fume_ugs_locator4] at @s on origin run tp @s ^0.02426 ^0.79796 ^15.69633 ~50.54972 ~81.69102
execute if entity @s[tag=aj.nep_fume_ugs_skills.locator_origin.fume_ugs_locator5] at @s on origin run tp @s ^0.04043 ^0.8481 ^16.25636 ~50.54972 ~81.69102
execute if entity @s[tag=aj.nep_fume_ugs_skills.locator_origin.fume_ugs_locator10] at @s on origin run tp @s ^0.08228 ^1.21917 ^16.22193 ~50.54972 ~81.69102
execute if entity @s[tag=aj.nep_fume_ugs_skills.locator_origin.fume_ugs_locator9] at @s on origin run tp @s ^0.06611 ^1.16902 ^15.6619 ~50.54972 ~81.69102
execute if entity @s[tag=aj.nep_fume_ugs_skills.locator_origin.fume_ugs_locator8] at @s on origin run tp @s ^0.05173 ^1.12445 ^15.1641 ~50.54972 ~81.69102
execute if entity @s[tag=aj.nep_fume_ugs_skills.locator_origin.fume_ugs_locator7] at @s on origin run tp @s ^0.03736 ^1.07987 ^14.6663 ~50.54972 ~81.69102
execute if entity @s[tag=aj.nep_fume_ugs_skills.locator_origin.fume_ugs_locator6] at @s on origin run tp @s ^0.02299 ^1.0353 ^14.16849 ~50.54972 ~81.69102
execute if entity @s[tag=aj.nep_fume_ugs_skills.locator_origin.foe_ride_locator] at @s on origin run tp @s ^0.02722 ^0.92777 ^15.05686 ~50.54972 ~81.69102
execute if entity @s[tag=aj.nep_fume_ugs_skills.bone.fume_ugs_slash] run data modify entity @s {} merge value {transformation:[0.000026489030059164735f,-0.0000018469993044071345f,0.000002455807648269453f,0.011808963945568296f,-0.0000030329964943421435f,-0.000012294089853103295f,0.000023468434077718993f,0.8843613550226505f,-4.932848072740756e-7f,-0.000023591419189282656f,-0.000012422267178159167f,14.400191652243047f,0f,0f,0f,1f],start_interpolation:0}
execute if entity @s[tag=aj.nep_fume_ugs_skills.bone.gravity_vortex] run data modify entity @s {} merge value {transformation:[0.06791667341017121f,1.3244515029582367f,0.14878432277036402f,-0.022750681907404577f,0.2106118913985186f,-0.15164982471710717f,1.3193375203642683f,0.8446555686847176f,2.35211313645293f,-0.02466424036370407f,-0.12243165617848313f,14.541204197616755f,0f,0f,0f,1f],start_interpolation:0}
execute if entity @s[tag=aj.nep_fume_ugs_skills.bone.fume_ultra_greatsword] run data modify entity @s {} merge value {transformation:[2.0621709901059746f,-0.059680429206143644f,0.2316571905534568f,0.06932198806709357f,-0.23611877708453585f,-0.18507102075907927f,2.054208519207166f,1.0699757687340519f,-0.038402222246286775f,-2.0668727497465746f,-0.19062608866989825f,16.465657708170177f,0f,0f,0f,1f],start_interpolation:0}
execute if entity @s[tag=aj.nep_fume_ugs_skills.bone.left_arm2] run data modify entity @s {} merge value {transformation:[-0.6903383892134326f,-0.3265849460700914f,-0.6455812740303111f,0.03043247884473524f,-0.6508132404228174f,0.6700985926099844f,0.3569453771552036f,1.159402459935787f,0.31603011639487144f,0.6665659376104618f,-0.675140590061752f,16.559432484655083f,0f,0f,0f,1f],start_interpolation:0}
execute if entity @s[tag=aj.nep_fume_ugs_skills.bone.left_arm] run data modify entity @s {} merge value {transformation:[-0.6903383892134326f,-0.7234377297131871f,-0.008411872896906161f,-0.21295096367118582f,-0.6508132404228174f,0.6260315122579599f,-0.42956567804046464f,1.3700158939865614f,0.31603011639487144f,-0.29107111998176993f,-0.9029964388877747f,16.461508519276315f,0f,0f,0f,1f],start_interpolation:0}
execute if entity @s[tag=aj.nep_fume_ugs_skills.bone.head] run data modify entity @s {} merge value {transformation:[-0.8218658086307842f,-0.2779704334419767f,0.49726153152616537f,-0.5610121738162345f,-0.5475721397540753f,0.6262719750414132f,-0.5549307750006944f,1.0684325932882925f,-0.15716661340377439f,-0.7283651909652242f,-0.6669203882183999f,16.310408224320224f,0f,0f,0f,1f],start_interpolation:0}
execute if entity @s[tag=aj.nep_fume_ugs_skills.bone.body_top] run data modify entity @s {} merge value {transformation:[-0.9179720837129407f,0.18381914186383314f,0.35147941135743144f,-0.6333909609251188f,-0.35647742070648514f,0.006228837282663616f,-0.9342831744779299f,1.0659799886082437f,-0.17392843945190273f,-0.9829403464455768f,0.05980947482862327f,16.69744098573317f,0f,0f,0f,1f],start_interpolation:0}
execute if entity @s[tag=aj.nep_fume_ugs_skills.bone.body] run data modify entity @s {} merge value {transformation:[-0.9179720837129407f,0.18381914186383314f,0.35147941135743144f,-0.7138118354905458f,-0.35647742070648514f,0.006228837282663616f,-0.9342831744779299f,1.0632548722970785f,-0.17392843945190273f,-0.9829403464455768f,0.05980947482862327f,17.12747738730311f,0f,0f,0f,1f],start_interpolation:0}
execute if entity @s[tag=aj.nep_fume_ugs_skills.bone.right_leg2] run data modify entity @s {} merge value {transformation:[-0.7813629473205664f,0.28639996569108644f,0.5544790385638244f,-0.9169195270428216f,-0.39081362368890504f,0.4681412288431098f,-0.7925329654950702f,0.8316521613483331f,-0.48655591260785774f,-0.8359538560886051f,-0.2538592019150124f,17.30175316883535f,0f,0f,0f,1f],start_interpolation:0}
execute if entity @s[tag=aj.nep_fume_ugs_skills.bone.right_leg] run data modify entity @s {} merge value {transformation:[-0.7813629473205664f,0.2598551084132416f,0.5674039717750141f,-0.8113253014049291f,-0.39081362368890504f,0.5051005884815174f,-0.7695051052818116f,1.0192791482040175f,-0.48655591260785774f,-0.8230119793460894f,-0.2931119679562186f,17.013585674892347f,0f,0f,0f,1f],start_interpolation:0}
execute if entity @s[tag=aj.nep_fume_ugs_skills.bone.left_leg2] run data modify entity @s {} merge value {transformation:[-0.8874683180893063f,0.27666130750051643f,0.36858988770697904f,-0.6062658019659587f,-0.45990733487516516f,-0.48000767336935407f,-0.747046100876353f,1.1198452878604042f,-0.029752776605915986f,-0.8324969395971642f,0.5532301671507027f,17.400890345955126f,0f,0f,0f,1f],start_interpolation:0}
execute if entity @s[tag=aj.nep_fume_ugs_skills.bone.left_leg] run data modify entity @s {} merge value {transformation:[-0.8874683180893063f,0.11454847607476873f,0.44640635190002265f,-0.5789666358467341f,-0.45990733487516516f,-0.15758709885598943f,-0.87387158644859f,1.0560263721016085f,-0.029752776605915986f,-0.9808389026252483f,0.19253524191985674f,17.047936478189712f,0f,0f,0f,1f],start_interpolation:0}
execute if entity @s[tag=aj.nep_fume_ugs_skills.bone.gravity_effect1] run data modify entity @s {} merge value {transformation:[-1f,0f,1.2246467991473532e-16f,-0.31250000000000244f,0f,1f,0f,1.3125f,-1.2246467991473532e-16f,0f,-1f,20.136987499999996f,0f,0f,0f,1f],start_interpolation:0}
execute if entity @s[tag=aj.nep_fume_ugs_skills.bone.gravity_effect2] run data modify entity @s {} merge value {transformation:[-1f,0f,1.2246467991473532e-16f,-0.17187500000000255f,0f,1f,0f,1.40625f,-1.2246467991473532e-16f,0f,-1f,20.777612499999996f,0f,0f,0f,1f],start_interpolation:0}
execute if entity @s[tag=aj.nep_fume_ugs_skills.bone.gravity_effect3] run data modify entity @s {} merge value {transformation:[-1f,0f,1.2246467991473532e-16f,0.28124999999999756f,0f,1f,0f,1.46875f,-1.2246467991473532e-16f,0f,-1f,20.230737499999996f,0f,0f,0f,1f],start_interpolation:0}
execute if entity @s[tag=aj.nep_fume_ugs_skills.bone.gravity_effect4] run data modify entity @s {} merge value {transformation:[-1f,0f,1.2246467991473532e-16f,-0.5468750000000026f,0f,1f,0f,0.96875f,-1.2246467991473532e-16f,0f,-1f,20.590112499999996f,0f,0f,0f,1f],start_interpolation:0}
execute if entity @s[tag=aj.nep_fume_ugs_skills.bone.gravity_effect5] run data modify entity @s {} merge value {transformation:[-1f,0f,1.2246467991473532e-16f,0.20312499999999745f,0f,1f,0f,0.59375f,-1.2246467991473532e-16f,0f,-1f,20.777612499999996f,0f,0f,0f,1f],start_interpolation:0}
execute if entity @s[tag=aj.nep_fume_ugs_skills.bone.gravity_effect6] run data modify entity @s {} merge value {transformation:[-1f,0f,1.2246467991473532e-16f,0.5156249999999974f,0f,1f,0f,0.71875f,-1.2246467991473532e-16f,0f,-1f,20.277612499999996f,0f,0f,0f,1f],start_interpolation:0}
execute if entity @s[tag=aj.nep_fume_ugs_skills.bone.gravity_effect7] run data modify entity @s {} merge value {transformation:[-1f,0f,1.2246467991473532e-16f,-0.0625000000000025f,0f,1f,0f,0.78125f,-1.2246467991473532e-16f,0f,-1f,20.449487499999996f,0f,0f,0f,1f],start_interpolation:0}
execute if entity @s[tag=aj.nep_fume_ugs_skills.bone.gravity_effect8] run data modify entity @s {} merge value {transformation:[-1f,0f,1.2246467991473532e-16f,0.09374999999999749f,0f,1f,0f,1.65625f,-1.2246467991473532e-16f,0f,-1f,20.480737499999996f,0f,0f,0f,1f],start_interpolation:0}
execute if entity @s[tag=aj.nep_fume_ugs_skills.bone.gravity_effect9] run data modify entity @s {} merge value {transformation:[-1f,0f,1.2246467991473532e-16f,0.43749999999999745f,0f,1f,0f,1.15625f,-1.2246467991473532e-16f,0f,-1f,21.074487499999996f,0f,0f,0f,1f],start_interpolation:0}
execute if entity @s[tag=aj.nep_fume_ugs_skills.locator_origin.nep_ride] at @s on origin run tp @s ^-0.0625 ^1 ^20.51199 ~0 ~0
execute if entity @s[tag=aj.nep_fume_ugs_skills.locator_origin.wave_of_destruction0] at @s on origin run tp @s ^-0.375 ^0.49999 ^12.75002 ~0 ~90
execute if entity @s[tag=aj.nep_fume_ugs_skills.locator_origin.wave_of_destruction1] at @s on origin run tp @s ^-0.375 ^0.5 ^12.75002 ~0 ~90
execute if entity @s[tag=aj.nep_fume_ugs_skills.locator_origin.wave_of_destruction2] at @s on origin run tp @s ^-0.375 ^0.50001 ^12.75002 ~0 ~90
execute if entity @s[tag=aj.nep_fume_ugs_skills.locator_origin.wave_of_destruction3] at @s on origin run tp @s ^-0.375 ^0.50002 ^12.75002 ~0 ~90
execute if entity @s[tag=aj.nep_fume_ugs_skills.locator_origin.wave_of_destruction4] at @s on origin run tp @s ^-0.375 ^0.50003 ^12.75002 ~0 ~90
execute if entity @s[tag=aj.nep_fume_ugs_skills.locator_origin.wave_of_destruction5] at @s on origin run tp @s ^-0.37501 ^0.50003 ^12.75002 ~0 ~90
execute if entity @s[tag=aj.nep_fume_ugs_skills.locator_origin.wave_of_destruction6] at @s on origin run tp @s ^-0.37499 ^0.50003 ^12.75002 ~0 ~90
execute if entity @s[tag=aj.nep_fume_ugs_skills.locator_origin.wave_of_destruction7] at @s on origin run tp @s ^-0.375 ^0.50003 ^12.75003 ~0 ~90
execute if entity @s[tag=aj.nep_fume_ugs_skills.locator_origin.wave_of_destruction8] at @s on origin run tp @s ^-0.375 ^0.50003 ^12.75001 ~0 ~90
execute if entity @s[tag=aj.nep_fume_ugs_skills.locator_origin.wave_of_destruction12] at @s on origin run tp @s ^-0.37501 ^0.50002 ^12.75002 ~0 ~90
execute if entity @s[tag=aj.nep_fume_ugs_skills.locator_origin.wave_of_destruction11] at @s on origin run tp @s ^-0.375 ^0.50002 ^12.75003 ~0 ~90
execute if entity @s[tag=aj.nep_fume_ugs_skills.locator_origin.wave_of_destruction10] at @s on origin run tp @s ^-0.37499 ^0.50002 ^12.75002 ~0 ~90
execute if entity @s[tag=aj.nep_fume_ugs_skills.locator_origin.wave_of_destruction9] at @s on origin run tp @s ^-0.375 ^0.50002 ^12.75001 ~0 ~90
execute if entity @s[tag=aj.nep_fume_ugs_skills.locator_origin.wave_of_destruction13] at @s on origin run tp @s ^-0.37501 ^0.50001 ^12.75002 ~0 ~90
execute if entity @s[tag=aj.nep_fume_ugs_skills.locator_origin.wave_of_destruction14] at @s on origin run tp @s ^-0.375 ^0.50001 ^12.75003 ~0 ~90
execute if entity @s[tag=aj.nep_fume_ugs_skills.locator_origin.wave_of_destruction15] at @s on origin run tp @s ^-0.37499 ^0.50001 ^12.75002 ~0 ~90
execute if entity @s[tag=aj.nep_fume_ugs_skills.locator_origin.wave_of_destruction16] at @s on origin run tp @s ^-0.375 ^0.50001 ^12.75001 ~0 ~90
execute if entity @s[tag=aj.nep_fume_ugs_skills.locator_origin.wave_of_destruction17] at @s on origin run tp @s ^-0.37501 ^0.5 ^12.75002 ~0 ~90
execute if entity @s[tag=aj.nep_fume_ugs_skills.locator_origin.wave_of_destruction18] at @s on origin run tp @s ^-0.375 ^0.5 ^12.75003 ~0 ~90
execute if entity @s[tag=aj.nep_fume_ugs_skills.locator_origin.wave_of_destruction19] at @s on origin run tp @s ^-0.37499 ^0.5 ^12.75002 ~0 ~90
execute if entity @s[tag=aj.nep_fume_ugs_skills.locator_origin.wave_of_destruction20] at @s on origin run tp @s ^-0.375 ^0.5 ^12.75001 ~0 ~90
execute if entity @s[tag=aj.nep_fume_ugs_skills.locator_origin.wave_of_destruction24] at @s on origin run tp @s ^-0.37499 ^0.49999 ^12.75002 ~0 ~90
execute if entity @s[tag=aj.nep_fume_ugs_skills.locator_origin.wave_of_destruction23] at @s on origin run tp @s ^-0.375 ^0.49999 ^12.75003 ~0 ~90
execute if entity @s[tag=aj.nep_fume_ugs_skills.locator_origin.wave_of_destruction22] at @s on origin run tp @s ^-0.37501 ^0.49999 ^12.75002 ~0 ~90
execute if entity @s[tag=aj.nep_fume_ugs_skills.locator_origin.wave_of_destruction21] at @s on origin run tp @s ^-0.375 ^0.49999 ^12.75001 ~0 ~90
execute if entity @s[tag=aj.nep_fume_ugs_skills.locator_origin.wave_of_destruction25] at @s on origin run tp @s ^0.00002 ^-0.00098 ^13.40862 ~0 ~90
execute if entity @s[tag=aj.nep_fume_ugs_skills.locator_origin.wave_of_destruction26] at @s on origin run tp @s ^0 ^-0.00098 ^13.40864 ~0 ~90
execute if entity @s[tag=aj.nep_fume_ugs_skills.locator_origin.wave_of_destruction27] at @s on origin run tp @s ^-0.00002 ^-0.00098 ^13.40862 ~0 ~90
execute if entity @s[tag=aj.nep_fume_ugs_skills.locator_origin.wave_of_destruction28] at @s on origin run tp @s ^0 ^-0.00098 ^13.4086 ~0 ~90
execute if entity @s[tag=aj.nep_fume_ugs_skills.locator_origin.wave_of_destruction29] at @s on origin run tp @s ^0.00002 ^-0.00097 ^13.4086 ~0 ~90
execute if entity @s[tag=aj.nep_fume_ugs_skills.locator_origin.wave_of_destruction30] at @s on origin run tp @s ^0.00001 ^-0.00098 ^13.40863 ~0 ~90
execute if entity @s[tag=aj.nep_fume_ugs_skills.locator_origin.wave_of_destruction31] at @s on origin run tp @s ^-0.00002 ^-0.00097 ^13.40863 ~0 ~90
execute if entity @s[tag=aj.nep_fume_ugs_skills.locator_origin.wave_of_destruction32] at @s on origin run tp @s ^-0.00002 ^-0.00097 ^13.4086 ~0 ~90