execute if entity @s[tag=aj.nep_fume_ugs_skills.bone.right_arm2] run data modify entity @s {} merge value {transformation:[-0.7326084492082147f,0.27411586235945207f,0.6230131251841082f,-0.6194154473632081f,0.6134554414815069f,-0.1306398743017891f,0.7788489228079749f,1.174329377441942f,0.29488520048565475f,0.9527820932644289f,-0.07244999164381177f,7.942568067488566f,0f,0f,0f,1f],start_interpolation:0}
execute if entity @s[tag=aj.nep_fume_ugs_skills.bone.right_arm] run data modify entity @s {} merge value {transformation:[-0.7326084492082147f,0.27411586235945207f,0.6230131251841082f,-0.6158829741505887f,0.6134554414815069f,-0.1306398743017891f,0.7788489228079749f,1.1722622997636836f,0.29488520048565475f,0.9527820932644289f,-0.07244999164381177f,8.189387777843613f,0f,0f,0f,1f],start_interpolation:0}
execute if entity @s[tag=aj.nep_fume_ugs_skills.locator_origin.fume_ugs_locator] at @s on origin run tp @s ^-0.39131 ^0.92291 ^10.43077 ~111.22539 ~-85.04419
execute if entity @s[tag=aj.nep_fume_ugs_skills.locator_origin.fume_ugs_locator2] at @s on origin run tp @s ^-0.26906 ^0.91757 ^9.94597 ~111.22539 ~-85.04419
execute if entity @s[tag=aj.nep_fume_ugs_skills.locator_origin.fume_ugs_locator3] at @s on origin run tp @s ^-0.14681 ^0.91223 ^9.46118 ~111.22539 ~-85.04419
execute if entity @s[tag=aj.nep_fume_ugs_skills.locator_origin.fume_ugs_locator4] at @s on origin run tp @s ^-0.02456 ^0.9069 ^8.97638 ~111.22539 ~-85.04419
execute if entity @s[tag=aj.nep_fume_ugs_skills.locator_origin.fume_ugs_locator5] at @s on origin run tp @s ^0.11298 ^0.90089 ^8.43099 ~111.22539 ~-85.04419
execute if entity @s[tag=aj.nep_fume_ugs_skills.locator_origin.fume_ugs_locator10] at @s on origin run tp @s ^0.14317 ^0.52729 ^8.44272 ~111.22539 ~-85.04419
execute if entity @s[tag=aj.nep_fume_ugs_skills.locator_origin.fume_ugs_locator9] at @s on origin run tp @s ^0.00564 ^0.5333 ^8.98811 ~111.22539 ~-85.04419
execute if entity @s[tag=aj.nep_fume_ugs_skills.locator_origin.fume_ugs_locator8] at @s on origin run tp @s ^-0.11661 ^0.53864 ^9.47291 ~111.22539 ~-85.04419
execute if entity @s[tag=aj.nep_fume_ugs_skills.locator_origin.fume_ugs_locator7] at @s on origin run tp @s ^-0.23886 ^0.54397 ^9.9577 ~111.22539 ~-85.04419
execute if entity @s[tag=aj.nep_fume_ugs_skills.locator_origin.fume_ugs_locator6] at @s on origin run tp @s ^-0.36111 ^0.54931 ^10.4425 ~111.22539 ~-85.04419
execute if entity @s[tag=aj.nep_fume_ugs_skills.locator_origin.foe_ride_locator] at @s on origin run tp @s ^-0.16227 ^0.72677 ^9.58824 ~111.22539 ~-85.04419
execute if entity @s[tag=aj.nep_fume_ugs_skills.bone.fume_ugs_slash] run data modify entity @s {} merge value {transformation:[0.000025767991004425917f,-0.000006845470085414876f,-5.111653515511657e-7f,-0.32019651238766456f,0.000002286008103971232f,0.000010429750055690813f,-0.000024435744143273117f,0.7183817298644005f,0.000006472705590053842f,0.000023568431517532476f,0.000010665093963907607f,10.227247083811672f,0f,0f,0f,1f],start_interpolation:0}
execute if entity @s[tag=aj.nep_fume_ugs_skills.bone.gravity_vortex] run data modify entity @s {} merge value {transformation:[0.648836213537981f,1.447220429033177f,0.12060508338936189f,-0.32274580283443033f,-0.028329659965332446f,0.12839020428229433f,-1.4920942425924788f,0.7700323983057353f,-2.573026634661195f,0.3635297668116315f,0.046841127310962974f,10.085872158981704f,0f,0f,0f,1f],start_interpolation:0}
execute if entity @s[tag=aj.nep_fume_ugs_skills.bone.fume_ultra_greatsword] run data modify entity @s {} merge value {transformation:[2.0060380996945573f,-0.5075823280264868f,0.16717452811077807f,0.18495923641364787f,0.17796573089416043f,0.022162195107749638f,-2.068239114738746f,0.6956235913739182f,0.5039001301856916f,2.0128698461110734f,0.06492797098034946f,8.215230626798055f,0f,0f,0f,1f],start_interpolation:0}
execute if entity @s[tag=aj.nep_fume_ugs_skills.bone.left_arm2] run data modify entity @s {} merge value {transformation:[-0.37068996258464254f,-0.4008938445856335f,-0.8377786563361155f,0.13668702421433115f,0.5614827457195395f,-0.8152684720125708f,0.1416843138866663f,0.5835995806038247f,-0.7398148943473927f,-0.41787730725134914f,0.527306815986782f,8.156718659885238f,0f,0f,0f,1f],start_interpolation:0}
execute if entity @s[tag=aj.nep_fume_ugs_skills.bone.left_arm] run data modify entity @s {} merge value {transformation:[-0.37068996258464254f,-0.8758737250710688f,-0.308924212986174f,-0.15797988858485945f,0.5614827457195395f,-0.4762959259106587f,0.676667804184709f,0.42336112835942397f,-0.7398148943473927f,0.07737834768873716f,0.668346103011544f,8.182750767229356f,0f,0f,0f,1f],start_interpolation:0}
execute if entity @s[tag=aj.nep_fume_ugs_skills.bone.head] run data modify entity @s {} merge value {transformation:[-0.1736596797782246f,-0.3819860964519176f,0.9077053143706671f,-0.3526891732625661f,0.9716378761838367f,-0.2166808421877978f,0.09470612542887902f,0.8663427521455606f,0.16050592881351242f,0.8984074992709118f,0.4087808851567042f,8.291138863319727f,0f,0f,0f,1f],start_interpolation:0}
execute if entity @s[tag=aj.nep_fume_ugs_skills.bone.body_top] run data modify entity @s {} merge value {transformation:[-0.679226494589058f,-0.10440299034301216f,0.7264649920372612f,-0.3115804958150051f,0.7339287220482529f,-0.0966227416191443f,0.6723188802604155f,0.9043879566580987f,9.376577169706302e-7f,0.9898303195040234f,0.14225307936801856f,7.901393175015017f,0f,0f,0f,1f],start_interpolation:0}
execute if entity @s[tag=aj.nep_fume_ugs_skills.bone.body] run data modify entity @s {} merge value {transformation:[-0.679226494589058f,-0.10440299034301216f,0.7264649920372612f,-0.2659041875399373f,0.7339287220482529f,-0.0966227416191443f,0.6723188802604155f,0.9466604061164743f,9.376577169706302e-7f,0.9898303195040234f,0.14225307936801856f,7.468342410232007f,0f,0f,0f,1f],start_interpolation:0}
execute if entity @s[tag=aj.nep_fume_ugs_skills.bone.right_leg2] run data modify entity @s {} merge value {transformation:[-0.6294177704761414f,0.4840102355102071f,0.6079205228730133f,-0.4954624597598126f,0.6999207681183962f,0.013281432447668412f,0.7140969975491375f,1.0886487518757122f,0.33755620060280034f,0.8749615394253009f,-0.3471283854154108f,7.232980291957084f,0f,0f,0f,1f],start_interpolation:0}
execute if entity @s[tag=aj.nep_fume_ugs_skills.bone.right_leg] run data modify entity @s {} merge value {transformation:[-0.6294177704761414f,0.34791659794892793f,0.6948289797356527f,-0.3605952797082269f,0.6999207681183962f,-0.13459304494789903f,0.7014240020188984f,1.029343114345711f,0.33755620060280034f,0.9278139647166868f,-0.15879879820485107f,7.561139119892724f,0f,0f,0f,1f],start_interpolation:0}
execute if entity @s[tag=aj.nep_fume_ugs_skills.bone.left_leg2] run data modify entity @s {} merge value {transformation:[-0.34316790184365187f,0.08063424334058289f,0.9358065558357229f,-0.08350023933174015f,0.9361388023334355f,0.11069864048522428f,0.3337513352189688f,0.8403794628726373f,-0.07668072710888393f,0.9905775738404412f,-0.11347306418017511f,7.2178406472628325f,0f,0f,0f,1f],start_interpolation:0}
execute if entity @s[tag=aj.nep_fume_ugs_skills.bone.left_leg] run data modify entity @s {} merge value {transformation:[-0.34316790184365187f,-0.2836213377750684f,0.8954299123342413f,-0.19078865606096243f,0.9361388023334355f,-0.02544889829690266f,0.3507085632561534f,0.8458609338336478f,-0.07668072710888393f,0.9585986075173251f,0.27424218449373977f,7.561138885478295f,0f,0f,0f,1f],start_interpolation:0}
execute if entity @s[tag=aj.nep_fume_ugs_skills.bone.gravity_effect1] run data modify entity @s {} merge value {transformation:[-1f,0f,1.2246467991473532e-16f,-0.3125000000000001f,0f,1f,0f,1.3125f,-1.2246467991473532e-16f,0f,-1f,0.7656159607438022f,0f,0f,0f,1f],start_interpolation:0}
execute if entity @s[tag=aj.nep_fume_ugs_skills.bone.gravity_effect2] run data modify entity @s {} merge value {transformation:[-1f,0f,1.2246467991473532e-16f,-0.17187500000000017f,0f,1f,0f,1.40625f,-1.2246467991473532e-16f,0f,-1f,1.4062409607438022f,0f,0f,0f,1f],start_interpolation:0}
execute if entity @s[tag=aj.nep_fume_ugs_skills.bone.gravity_effect3] run data modify entity @s {} merge value {transformation:[-1f,0f,1.2246467991473532e-16f,0.2812499999999999f,0f,1f,0f,1.46875f,-1.2246467991473532e-16f,0f,-1f,0.8593659607438022f,0f,0f,0f,1f],start_interpolation:0}
execute if entity @s[tag=aj.nep_fume_ugs_skills.bone.gravity_effect4] run data modify entity @s {} merge value {transformation:[-1f,0f,1.2246467991473532e-16f,-0.5468750000000001f,0f,1f,0f,0.96875f,-1.2246467991473532e-16f,0f,-1f,1.2187409607438022f,0f,0f,0f,1f],start_interpolation:0}
execute if entity @s[tag=aj.nep_fume_ugs_skills.bone.gravity_effect5] run data modify entity @s {} merge value {transformation:[-1f,0f,1.2246467991473532e-16f,0.2031249999999998f,0f,1f,0f,0.59375f,-1.2246467991473532e-16f,0f,-1f,1.4062409607438022f,0f,0f,0f,1f],start_interpolation:0}
execute if entity @s[tag=aj.nep_fume_ugs_skills.bone.gravity_effect6] run data modify entity @s {} merge value {transformation:[-1f,0f,1.2246467991473532e-16f,0.5156249999999999f,0f,1f,0f,0.71875f,-1.2246467991473532e-16f,0f,-1f,0.9062409607438023f,0f,0f,0f,1f],start_interpolation:0}
execute if entity @s[tag=aj.nep_fume_ugs_skills.bone.gravity_effect7] run data modify entity @s {} merge value {transformation:[-1f,0f,1.2246467991473532e-16f,-0.06250000000000012f,0f,1f,0f,0.78125f,-1.2246467991473532e-16f,0f,-1f,1.0781159607438022f,0f,0f,0f,1f],start_interpolation:0}
execute if entity @s[tag=aj.nep_fume_ugs_skills.bone.gravity_effect8] run data modify entity @s {} merge value {transformation:[-1f,0f,1.2246467991473532e-16f,0.09374999999999986f,0f,1f,0f,1.65625f,-1.2246467991473532e-16f,0f,-1f,1.1093659607438022f,0f,0f,0f,1f],start_interpolation:0}
execute if entity @s[tag=aj.nep_fume_ugs_skills.bone.gravity_effect9] run data modify entity @s {} merge value {transformation:[-1f,0f,1.2246467991473532e-16f,0.4374999999999998f,0f,1f,0f,1.15625f,-1.2246467991473532e-16f,0f,-1f,1.7031159607438022f,0f,0f,0f,1f],start_interpolation:0}
execute if entity @s[tag=aj.nep_fume_ugs_skills.locator_origin.nep_ride] at @s on origin run tp @s ^-0.0625 ^1 ^1.14062 ~0 ~0
execute if entity @s[tag=aj.nep_fume_ugs_skills.locator_origin.wave_of_destruction0] at @s on origin run tp @s ^-0.1875 ^0.21875 ^2.90625 ~0 ~90
execute if entity @s[tag=aj.nep_fume_ugs_skills.locator_origin.wave_of_destruction1] at @s on origin run tp @s ^-0.1875 ^0.6875 ^2.90625 ~0 ~90
execute if entity @s[tag=aj.nep_fume_ugs_skills.locator_origin.wave_of_destruction2] at @s on origin run tp @s ^-0.1875 ^1.15625 ^2.90625 ~0 ~90
execute if entity @s[tag=aj.nep_fume_ugs_skills.locator_origin.wave_of_destruction3] at @s on origin run tp @s ^-0.1875 ^1.625 ^2.90625 ~0 ~90
execute if entity @s[tag=aj.nep_fume_ugs_skills.locator_origin.wave_of_destruction4] at @s on origin run tp @s ^-0.1875 ^2.09375 ^2.90625 ~0 ~90
execute if entity @s[tag=aj.nep_fume_ugs_skills.locator_origin.wave_of_destruction5] at @s on origin run tp @s ^-0.65625 ^2.09375 ^2.90625 ~0 ~90
execute if entity @s[tag=aj.nep_fume_ugs_skills.locator_origin.wave_of_destruction6] at @s on origin run tp @s ^0.28125 ^2.09375 ^2.90625 ~0 ~90
execute if entity @s[tag=aj.nep_fume_ugs_skills.locator_origin.wave_of_destruction7] at @s on origin run tp @s ^-0.1875 ^2.09375 ^3.375 ~0 ~90
execute if entity @s[tag=aj.nep_fume_ugs_skills.locator_origin.wave_of_destruction8] at @s on origin run tp @s ^-0.1875 ^2.09375 ^2.4375 ~0 ~90
execute if entity @s[tag=aj.nep_fume_ugs_skills.locator_origin.wave_of_destruction12] at @s on origin run tp @s ^-0.65625 ^1.625 ^2.90625 ~0 ~90
execute if entity @s[tag=aj.nep_fume_ugs_skills.locator_origin.wave_of_destruction11] at @s on origin run tp @s ^-0.1875 ^1.625 ^3.375 ~0 ~90
execute if entity @s[tag=aj.nep_fume_ugs_skills.locator_origin.wave_of_destruction10] at @s on origin run tp @s ^0.28125 ^1.625 ^2.90625 ~0 ~90
execute if entity @s[tag=aj.nep_fume_ugs_skills.locator_origin.wave_of_destruction9] at @s on origin run tp @s ^-0.1875 ^1.625 ^2.4375 ~0 ~90
execute if entity @s[tag=aj.nep_fume_ugs_skills.locator_origin.wave_of_destruction13] at @s on origin run tp @s ^-0.65625 ^1.15625 ^2.90625 ~0 ~90
execute if entity @s[tag=aj.nep_fume_ugs_skills.locator_origin.wave_of_destruction14] at @s on origin run tp @s ^-0.1875 ^1.15625 ^3.375 ~0 ~90
execute if entity @s[tag=aj.nep_fume_ugs_skills.locator_origin.wave_of_destruction15] at @s on origin run tp @s ^0.28125 ^1.15625 ^2.90625 ~0 ~90
execute if entity @s[tag=aj.nep_fume_ugs_skills.locator_origin.wave_of_destruction16] at @s on origin run tp @s ^-0.1875 ^1.15625 ^2.4375 ~0 ~90
execute if entity @s[tag=aj.nep_fume_ugs_skills.locator_origin.wave_of_destruction17] at @s on origin run tp @s ^-0.65625 ^0.6875 ^2.90625 ~0 ~90
execute if entity @s[tag=aj.nep_fume_ugs_skills.locator_origin.wave_of_destruction18] at @s on origin run tp @s ^-0.1875 ^0.6875 ^3.375 ~0 ~90
execute if entity @s[tag=aj.nep_fume_ugs_skills.locator_origin.wave_of_destruction19] at @s on origin run tp @s ^0.28125 ^0.6875 ^2.90625 ~0 ~90
execute if entity @s[tag=aj.nep_fume_ugs_skills.locator_origin.wave_of_destruction20] at @s on origin run tp @s ^-0.1875 ^0.6875 ^2.4375 ~0 ~90
execute if entity @s[tag=aj.nep_fume_ugs_skills.locator_origin.wave_of_destruction24] at @s on origin run tp @s ^0.28125 ^0.21875 ^2.90625 ~0 ~90
execute if entity @s[tag=aj.nep_fume_ugs_skills.locator_origin.wave_of_destruction23] at @s on origin run tp @s ^-0.1875 ^0.21875 ^3.375 ~0 ~90
execute if entity @s[tag=aj.nep_fume_ugs_skills.locator_origin.wave_of_destruction22] at @s on origin run tp @s ^-0.65625 ^0.21875 ^2.90625 ~0 ~90
execute if entity @s[tag=aj.nep_fume_ugs_skills.locator_origin.wave_of_destruction21] at @s on origin run tp @s ^-0.1875 ^0.21875 ^2.4375 ~0 ~90
execute if entity @s[tag=aj.nep_fume_ugs_skills.bone.gravity_thunder] run data modify entity @s {} merge value {transformation:[-1.6730695833333145f,-2.0489193099799396e-16f,4.5495147870776344e-32f,-0.18750000000000233f,0f,3.7149607464333255e-16f,1.6730695833333145f,1.2656249999999916f,-2.0489193099799396e-16f,1.6730695833333145f,-3.7149607464333255e-16f,2.265624999999996f,0f,0f,0f,1f],start_interpolation:0}
execute if entity @s[tag=aj.nep_fume_ugs_skills.bone.wave_of_destruction] run data modify entity @s {} merge value {transformation:[-1.6487945833333153f,-2.0191910089306383e-16f,4.4835046984617896e-32f,-0.3750000000000002f,0f,3.661059418587776e-16f,1.6487945833333153f,0.5f,-2.0191910089306383e-16f,1.6487945833333153f,-3.661059418587776e-16f,1.9375f,0f,0f,0f,1f],start_interpolation:0}
execute if entity @s[tag=aj.nep_fume_ugs_skills.bone.obsidian_edges0] run data modify entity @s {} merge value {transformation:[-0.6334498248129432f,0.6334498248129431f,2.4360056732589916e-32f,-0.5624999999999952f,1.4065411609042027e-16f,1.4065411609042024e-16f,0.8958333333333254f,0.07832406249999913f,0.6334498248129431f,0.6334498248129432f,-1.9891495857867211e-16f,1.7528434375000048f,0f,0f,0f,1f],start_interpolation:0}
execute if entity @s[tag=aj.nep_fume_ugs_skills.bone.obsidian_edges1] run data modify entity @s {} merge value {transformation:[-0.633449824812943f,-0.6334498248129433f,2.4360056732589916e-32f,0.5505521874999949f,-1.4065411609042027e-16f,1.4065411609042024e-16f,0.8958333333333254f,0.0615218749999991f,-0.6334498248129433f,0.633449824812943f,-1.9891495857867211e-16f,1.748706250000005f,0f,0f,0f,1f],start_interpolation:0}
execute if entity @s[tag=aj.nep_fume_ugs_skills.bone.obsidian_edges2] run data modify entity @s {} merge value {transformation:[0.6334498248129432f,-0.6334498248129432f,2.4360056732589916e-32f,0.5505521874999947f,-1.406541160904203e-16f,-1.4065411609042024e-16f,0.8958333333333254f,0.06152187499999935f,-0.6334498248129432f,-0.6334498248129432f,-1.9891495857867211e-16f,2.8737062499999952f,0f,0f,0f,1f],start_interpolation:0}
execute if entity @s[tag=aj.nep_fume_ugs_skills.bone.obsidian_edges3] run data modify entity @s {} merge value {transformation:[0.633449824812943f,0.6334498248129434f,2.4360056732589916e-32f,-0.5624999999999954f,1.406541160904203e-16f,-1.4065411609042024e-16f,0.8958333333333254f,0.07832406249999939f,0.6334498248129434f,-0.633449824812943f,-1.9891495857867211e-16f,2.9090934374999944f,0f,0f,0f,1f],start_interpolation:0}
execute if entity @s[tag=aj.nep_fume_ugs_skills.locator_origin.wave_of_destruction25] at @s on origin run tp @s ^1 ^0.10957 ^2.94034 ~0 ~90
execute if entity @s[tag=aj.nep_fume_ugs_skills.locator_origin.wave_of_destruction26] at @s on origin run tp @s ^0 ^0.10957 ^3.94034 ~0 ~90
execute if entity @s[tag=aj.nep_fume_ugs_skills.locator_origin.wave_of_destruction27] at @s on origin run tp @s ^-1 ^0.10957 ^2.94034 ~0 ~90
execute if entity @s[tag=aj.nep_fume_ugs_skills.locator_origin.wave_of_destruction28] at @s on origin run tp @s ^0 ^0.10957 ^1.94034 ~0 ~90
execute if entity @s[tag=aj.nep_fume_ugs_skills.locator_origin.wave_of_destruction29] at @s on origin run tp @s ^0.8125 ^0.20332 ^2.09659 ~0 ~90
execute if entity @s[tag=aj.nep_fume_ugs_skills.locator_origin.wave_of_destruction30] at @s on origin run tp @s ^0.71875 ^0.14082 ^3.65909 ~0 ~90
execute if entity @s[tag=aj.nep_fume_ugs_skills.locator_origin.wave_of_destruction31] at @s on origin run tp @s ^-0.78125 ^0.20332 ^3.72159 ~0 ~90
execute if entity @s[tag=aj.nep_fume_ugs_skills.locator_origin.wave_of_destruction32] at @s on origin run tp @s ^-0.75 ^0.20332 ^2.19034 ~0 ~90
execute if entity @s[tag=aj.nep_fume_ugs_skills.bone.obsidian] run data modify entity @s {} merge value {transformation:[-1.7600906249999848f,-2.1554893501154958e-16f,4.7861478116650775e-32f,-2.8348790008359966e-16f,0f,3.9081862746037306e-16f,1.7600906249999848f,-0.0009781249999999964f,-2.1554893501154958e-16f,1.7600906249999848f,-3.9081862746037306e-16f,2.314854375f,0f,0f,0f,1f],start_interpolation:0}