execute if entity @s[tag=aj.nep_fume_ugs_skills.bone.right_arm2] run data modify entity @s {} merge value {transformation:[-0.8917647604306771f,0.4293039226513584f,0.14301662158705214f,-0.7981932351638655f,0.4271193296618529f,0.9029609041778923f,-0.047230114921022526f,2.6263343161805364f,-0.14941449154358144f,0.01896701142510554f,-0.9885927180565175f,21.67337336480425f,0f,0f,0f,1f],start_interpolation:0}
execute if entity @s[tag=aj.nep_fume_ugs_skills.bone.right_arm] run data modify entity @s {} merge value {transformation:[-0.8917647604306771f,0.4293039226513584f,0.14301662158705214f,-0.7606441625632392f,0.4271193296618529f,0.9029609041778923f,-0.047230114921022526f,2.870054736439118f,-0.14941449154358144f,0.01896701142510554f,-0.9885927180565175f,21.684652476865256f,0f,0f,0f,1f],start_interpolation:0}
execute if entity @s[tag=aj.nep_fume_ugs_skills.locator_origin.fume_ugs_locator] at @s on origin run tp @s ^1.83573 ^2.53351 ^20.46399 ~-48.85024 ~32.26319
execute if entity @s[tag=aj.nep_fume_ugs_skills.locator_origin.fume_ugs_locator2] at @s on origin run tp @s ^1.52526 ^2.56994 ^20.85422 ~-48.85024 ~32.26319
execute if entity @s[tag=aj.nep_fume_ugs_skills.locator_origin.fume_ugs_locator3] at @s on origin run tp @s ^1.21478 ^2.60636 ^21.24445 ~-48.85024 ~32.26319
execute if entity @s[tag=aj.nep_fume_ugs_skills.locator_origin.fume_ugs_locator4] at @s on origin run tp @s ^0.9043 ^2.64279 ^21.63467 ~-48.85024 ~32.26319
execute if entity @s[tag=aj.nep_fume_ugs_skills.locator_origin.fume_ugs_locator5] at @s on origin run tp @s ^0.55502 ^2.68376 ^22.07368 ~-48.85024 ~32.26319
execute if entity @s[tag=aj.nep_fume_ugs_skills.locator_origin.fume_ugs_locator10] at @s on origin run tp @s ^0.31624 ^2.88394 ^21.86502 ~-48.85024 ~32.26319
execute if entity @s[tag=aj.nep_fume_ugs_skills.locator_origin.fume_ugs_locator9] at @s on origin run tp @s ^0.66553 ^2.84297 ^21.42601 ~-48.85024 ~32.26319
execute if entity @s[tag=aj.nep_fume_ugs_skills.locator_origin.fume_ugs_locator8] at @s on origin run tp @s ^0.976 ^2.80654 ^21.03578 ~-48.85024 ~32.26319
execute if entity @s[tag=aj.nep_fume_ugs_skills.locator_origin.fume_ugs_locator7] at @s on origin run tp @s ^1.28648 ^2.77012 ^20.64556 ~-48.85024 ~32.26319
execute if entity @s[tag=aj.nep_fume_ugs_skills.locator_origin.fume_ugs_locator6] at @s on origin run tp @s ^1.59696 ^2.73369 ^20.25533 ~-48.85024 ~32.26319
execute if entity @s[tag=aj.nep_fume_ugs_skills.bone.fume_ugs_slash] run data modify entity @s {} merge value {transformation:[0.00001219064384827897f,0.000021796125893316018f,-0.00000935030532754141f,1.57252433316659f,0.000022465630039918507f,-0.000007242231254746227f,0.000012407927485015395f,2.659244035820299f,0.000007602287852024644f,-0.000013549542191771937f,-0.000021673168594357927f,20.52075669431401f,0f,0f,0f,1f],start_interpolation:0}
execute if entity @s[tag=aj.nep_fume_ugs_skills.bone.gravity_vortex] run data modify entity @s {} merge value {transformation:[-0.000008279393832234402f,0.000006095321924139482f,-0.000008489785991981259f,1.5090570003705102f,9.71320473735375e-7f,0.000011232815019959242f,0.000007117456079418985f,2.611883730774517f,0.000010406053626896176f,0.000003801143926012316f,-0.0000074191057780354f,20.64875808382479f,0f,0f,0f,1f],start_interpolation:0}
execute if entity @s[tag=aj.nep_fume_ugs_skills.bone.fume_ultra_greatsword] run data modify entity @s {} merge value {transformation:[0.9490416235885171f,1.289101619678897f,-1.321859678951482f,0.2830297789434493f,1.748949298607654f,-0.15123459776059747f,1.108187911565536f,2.8087585298481796f,0.5918381092801179f,-1.6202225497077345f,-1.1551547696401119f,22.139014923835074f,0f,0f,0f,1f],start_interpolation:0}
execute if entity @s[tag=aj.nep_fume_ugs_skills.bone.left_arm2] run data modify entity @s {} merge value {transformation:[-0.5490407314293757f,-0.828505111350003f,0.11015242030212302f,0.17132255032383886f,-0.830693962173032f,0.526389976676638f,-0.18127640128720007f,2.882456849135807f,0.09220529507987002f,-0.19103107841732908f,-0.9772437314395759f,22.11918342011131f,0f,0f,0f,1f],start_interpolation:0}
execute if entity @s[tag=aj.nep_fume_ugs_skills.bone.left_arm] run data modify entity @s {} merge value {transformation:[-0.5490407314293757f,-0.4481711706692009f,0.7054763475925289f,0.020546214097725835f,-0.830693962173032f,0.19949117499626356f,-0.5197603412226444f,2.9495708235364053f,0.09220529507987002f,-0.871404540313859f,-0.48182186612857847f,21.82602046685142f,0f,0f,0f,1f],start_interpolation:0}
execute if entity @s[tag=aj.nep_fume_ugs_skills.bone.head] run data modify entity @s {} merge value {transformation:[-0.9932747330991772f,0.00850028972884196f,0.11546882549538884f,-0.3637156669507493f,-0.03844108256226729f,0.9165171346406171f,-0.3981439753174649f,2.9878566073002184f,-0.10921349622734253f,-0.3999050974727366f,-0.9100265519517117f,21.72685976036916f,0f,0f,0f,1f],start_interpolation:0}
execute if entity @s[tag=aj.nep_fume_ugs_skills.bone.body_top] run data modify entity @s {} merge value {transformation:[-0.987194178219404f,-0.011656388883272514f,0.1590967727137104f,-0.35912596382796075f,-0.04202393048649592f,0.9811011976613865f,-0.1888767566797448f,2.6015480107210474f,-0.1538884133266123f,-0.19314390631235379f,-0.9690272378515593f,21.80291017347965f,0f,0f,0f,1f],start_interpolation:0}
execute if entity @s[tag=aj.nep_fume_ugs_skills.bone.body] run data modify entity @s {} merge value {transformation:[-0.987194178219404f,-0.011656388883272514f,0.1590967727137104f,-0.35402629369152905f,-0.04202393048649592f,0.9811011976613865f,-0.1888767566797448f,2.172316236744191f,-0.1538884133266123f,-0.19314390631235379f,-0.9690272378515593f,21.887410632491303f,0f,0f,0f,1f],start_interpolation:0}
execute if entity @s[tag=aj.nep_fume_ugs_skills.bone.right_leg2] run data modify entity @s {} merge value {transformation:[-0.9232626275300719f,0.3194477874881518f,0.21339923072774356f,-0.5985977909564273f,0.27476376770293165f,0.9373132527691881f,-0.2143565677578697f,1.9200511783208463f,-0.26849765839566925f,-0.13927303131679666f,-0.9531589742450486f,21.857879715671505f,0f,0f,0f,1f],start_interpolation:0}
execute if entity @s[tag=aj.nep_fume_ugs_skills.bone.right_leg] run data modify entity @s {} merge value {transformation:[-0.9232626275300719f,0.29399223645080635f,0.24729473409864852f,-0.47851835242676133f,0.27476376770293165f,0.9552236195162307f,-0.1097848289883505f,2.2590414827141334f,-0.26849765839566925f,-0.03341259680068487f,-0.9627006833959751f,21.850067339608692f,0f,0f,0f,1f],start_interpolation:0}
execute if entity @s[tag=aj.nep_fume_ugs_skills.bone.left_leg2] run data modify entity @s {} merge value {transformation:[-0.9507455959464224f,-0.044521760088622714f,0.3067582511801338f,-0.16887199519536272f,-0.20003277965830396f,0.8441111571049517f,-0.49745677351214374f,1.9230525774496243f,-0.2367904112303861f,-0.5343165422570697f,-0.8114407765325783f,21.908580226667745f,0f,0f,0f,1f],start_interpolation:0}
execute if entity @s[tag=aj.nep_fume_ugs_skills.bone.left_leg] run data modify entity @s {} merge value {transformation:[-0.9507455959464224f,-0.15852404336518236f,0.2663699297286327f,-0.24069697321638797f,-0.20003277965830396f,0.9702254867545743f,-0.136562776458382f,2.2686018495698885f,-0.2367904112303861f,-0.18311917574902792f,-0.9541476136438959f,21.839071922707465f,0f,0f,0f,1f],start_interpolation:0}
execute if entity @s[tag=aj.nep_fume_ugs_skills.bone.gravity_effect1] run data modify entity @s {} merge value {transformation:[-1f,0f,1.2246467991473532e-16f,-0.3125000000000028f,0f,1f,0f,1.3125f,-1.2246467991473532e-16f,0f,-1f,22.966284f,0f,0f,0f,1f],start_interpolation:0}
execute if entity @s[tag=aj.nep_fume_ugs_skills.bone.gravity_effect2] run data modify entity @s {} merge value {transformation:[-1f,0f,1.2246467991473532e-16f,-0.1718750000000029f,0f,1f,0f,1.40625f,-1.2246467991473532e-16f,0f,-1f,23.606909f,0f,0f,0f,1f],start_interpolation:0}
execute if entity @s[tag=aj.nep_fume_ugs_skills.bone.gravity_effect3] run data modify entity @s {} merge value {transformation:[-1f,0f,1.2246467991473532e-16f,0.2812499999999972f,0f,1f,0f,1.46875f,-1.2246467991473532e-16f,0f,-1f,23.060034f,0f,0f,0f,1f],start_interpolation:0}
execute if entity @s[tag=aj.nep_fume_ugs_skills.bone.gravity_effect4] run data modify entity @s {} merge value {transformation:[-1f,0f,1.2246467991473532e-16f,-0.5468750000000029f,0f,1f,0f,0.96875f,-1.2246467991473532e-16f,0f,-1f,23.419409f,0f,0f,0f,1f],start_interpolation:0}
execute if entity @s[tag=aj.nep_fume_ugs_skills.bone.gravity_effect5] run data modify entity @s {} merge value {transformation:[-1f,0f,1.2246467991473532e-16f,0.20312499999999709f,0f,1f,0f,0.59375f,-1.2246467991473532e-16f,0f,-1f,23.606909f,0f,0f,0f,1f],start_interpolation:0}
execute if entity @s[tag=aj.nep_fume_ugs_skills.bone.gravity_effect6] run data modify entity @s {} merge value {transformation:[-1f,0f,1.2246467991473532e-16f,0.5156249999999971f,0f,1f,0f,0.71875f,-1.2246467991473532e-16f,0f,-1f,23.106909f,0f,0f,0f,1f],start_interpolation:0}
execute if entity @s[tag=aj.nep_fume_ugs_skills.bone.gravity_effect7] run data modify entity @s {} merge value {transformation:[-1f,0f,1.2246467991473532e-16f,-0.06250000000000284f,0f,1f,0f,0.78125f,-1.2246467991473532e-16f,0f,-1f,23.278784f,0f,0f,0f,1f],start_interpolation:0}
execute if entity @s[tag=aj.nep_fume_ugs_skills.bone.gravity_effect8] run data modify entity @s {} merge value {transformation:[-1f,0f,1.2246467991473532e-16f,0.09374999999999714f,0f,1f,0f,1.65625f,-1.2246467991473532e-16f,0f,-1f,23.310034f,0f,0f,0f,1f],start_interpolation:0}
execute if entity @s[tag=aj.nep_fume_ugs_skills.bone.gravity_effect9] run data modify entity @s {} merge value {transformation:[-1f,0f,1.2246467991473532e-16f,0.4374999999999971f,0f,1f,0f,1.15625f,-1.2246467991473532e-16f,0f,-1f,23.903784f,0f,0f,0f,1f],start_interpolation:0}
execute if entity @s[tag=aj.nep_fume_ugs_skills.locator_origin.nep_ride] at @s on origin run tp @s ^-0.0625 ^1 ^23.34128 ~0 ~0
execute if entity @s[tag=aj.nep_fume_ugs_skills.locator_origin.wave_of_destruction0] at @s on origin run tp @s ^-0.375 ^0.49999 ^12.75002 ~0 ~90
execute if entity @s[tag=aj.nep_fume_ugs_skills.locator_origin.wave_of_destruction1] at @s on origin run tp @s ^-0.375 ^0.5 ^12.75002 ~0 ~90
execute if entity @s[tag=aj.nep_fume_ugs_skills.locator_origin.wave_of_destruction2] at @s on origin run tp @s ^-0.375 ^0.50001 ^12.75002 ~0 ~90
execute if entity @s[tag=aj.nep_fume_ugs_skills.locator_origin.wave_of_destruction3] at @s on origin run tp @s ^-0.375 ^0.50002 ^12.75002 ~0 ~90
execute if entity @s[tag=aj.nep_fume_ugs_skills.locator_origin.wave_of_destruction4] at @s on origin run tp @s ^-0.375 ^0.50003 ^12.75002 ~0 ~90
execute if entity @s[tag=aj.nep_fume_ugs_skills.locator_origin.wave_of_destruction5] at @s on origin run tp @s ^-0.37501 ^0.50003 ^12.75002 ~0 ~90
execute if entity @s[tag=aj.nep_fume_ugs_skills.locator_origin.wave_of_destruction6] at @s on origin run tp @s ^-0.37499 ^0.50003 ^12.75002 ~0 ~90
execute if entity @s[tag=aj.nep_fume_ugs_skills.locator_origin.wave_of_destruction7] at @s on origin run tp @s ^-0.375 ^0.50003 ^12.75003 ~0 ~90
execute if entity @s[tag=aj.nep_fume_ugs_skills.locator_origin.wave_of_destruction8] at @s on origin run tp @s ^-0.375 ^0.50003 ^12.75001 ~0 ~90
execute if entity @s[tag=aj.nep_fume_ugs_skills.locator_origin.wave_of_destruction12] at @s on origin run tp @s ^-0.37501 ^0.50002 ^12.75002 ~0 ~90
execute if entity @s[tag=aj.nep_fume_ugs_skills.locator_origin.wave_of_destruction11] at @s on origin run tp @s ^-0.375 ^0.50002 ^12.75003 ~0 ~90
execute if entity @s[tag=aj.nep_fume_ugs_skills.locator_origin.wave_of_destruction10] at @s on origin run tp @s ^-0.37499 ^0.50002 ^12.75002 ~0 ~90
execute if entity @s[tag=aj.nep_fume_ugs_skills.locator_origin.wave_of_destruction9] at @s on origin run tp @s ^-0.375 ^0.50002 ^12.75001 ~0 ~90
execute if entity @s[tag=aj.nep_fume_ugs_skills.locator_origin.wave_of_destruction13] at @s on origin run tp @s ^-0.37501 ^0.50001 ^12.75002 ~0 ~90
execute if entity @s[tag=aj.nep_fume_ugs_skills.locator_origin.wave_of_destruction14] at @s on origin run tp @s ^-0.375 ^0.50001 ^12.75003 ~0 ~90
execute if entity @s[tag=aj.nep_fume_ugs_skills.locator_origin.wave_of_destruction15] at @s on origin run tp @s ^-0.37499 ^0.50001 ^12.75002 ~0 ~90
execute if entity @s[tag=aj.nep_fume_ugs_skills.locator_origin.wave_of_destruction16] at @s on origin run tp @s ^-0.375 ^0.50001 ^12.75001 ~0 ~90
execute if entity @s[tag=aj.nep_fume_ugs_skills.locator_origin.wave_of_destruction17] at @s on origin run tp @s ^-0.37501 ^0.5 ^12.75002 ~0 ~90
execute if entity @s[tag=aj.nep_fume_ugs_skills.locator_origin.wave_of_destruction18] at @s on origin run tp @s ^-0.375 ^0.5 ^12.75003 ~0 ~90
execute if entity @s[tag=aj.nep_fume_ugs_skills.locator_origin.wave_of_destruction19] at @s on origin run tp @s ^-0.37499 ^0.5 ^12.75002 ~0 ~90
execute if entity @s[tag=aj.nep_fume_ugs_skills.locator_origin.wave_of_destruction20] at @s on origin run tp @s ^-0.375 ^0.5 ^12.75001 ~0 ~90
execute if entity @s[tag=aj.nep_fume_ugs_skills.locator_origin.wave_of_destruction24] at @s on origin run tp @s ^-0.37499 ^0.49999 ^12.75002 ~0 ~90
execute if entity @s[tag=aj.nep_fume_ugs_skills.locator_origin.wave_of_destruction23] at @s on origin run tp @s ^-0.375 ^0.49999 ^12.75003 ~0 ~90
execute if entity @s[tag=aj.nep_fume_ugs_skills.locator_origin.wave_of_destruction22] at @s on origin run tp @s ^-0.37501 ^0.49999 ^12.75002 ~0 ~90
execute if entity @s[tag=aj.nep_fume_ugs_skills.locator_origin.wave_of_destruction21] at @s on origin run tp @s ^-0.375 ^0.49999 ^12.75001 ~0 ~90
execute if entity @s[tag=aj.nep_fume_ugs_skills.locator_origin.wave_of_destruction25] at @s on origin run tp @s ^0.00002 ^-0.00098 ^13.40862 ~0 ~90
execute if entity @s[tag=aj.nep_fume_ugs_skills.locator_origin.wave_of_destruction26] at @s on origin run tp @s ^0 ^-0.00098 ^13.40864 ~0 ~90
execute if entity @s[tag=aj.nep_fume_ugs_skills.locator_origin.wave_of_destruction27] at @s on origin run tp @s ^-0.00002 ^-0.00098 ^13.40862 ~0 ~90
execute if entity @s[tag=aj.nep_fume_ugs_skills.locator_origin.wave_of_destruction28] at @s on origin run tp @s ^0 ^-0.00098 ^13.4086 ~0 ~90
execute if entity @s[tag=aj.nep_fume_ugs_skills.locator_origin.wave_of_destruction29] at @s on origin run tp @s ^0.00002 ^-0.00097 ^13.4086 ~0 ~90
execute if entity @s[tag=aj.nep_fume_ugs_skills.locator_origin.wave_of_destruction30] at @s on origin run tp @s ^0.00001 ^-0.00098 ^13.40863 ~0 ~90
execute if entity @s[tag=aj.nep_fume_ugs_skills.locator_origin.wave_of_destruction31] at @s on origin run tp @s ^-0.00002 ^-0.00097 ^13.40863 ~0 ~90
execute if entity @s[tag=aj.nep_fume_ugs_skills.locator_origin.wave_of_destruction32] at @s on origin run tp @s ^-0.00002 ^-0.00097 ^13.4086 ~0 ~90