execute if entity @s[tag=aj.nep_fume_ugs_skills.bone.right_arm2] run data modify entity @s {} merge value {transformation:[-0.44004374284078235f,-0.8788072354986177f,-0.1845517467323268f,1.1179395717475433f,-0.8783496976195609f,0.46397153042410544f,-0.11503142026220263f,1.4903966201174357f,0.18671720080994547f,0.11148211422103041f,-0.9760678383854822f,2.2112857172942357f,0f,0f,0f,1f],start_interpolation:0}
execute if entity @s[tag=aj.nep_fume_ugs_skills.bone.right_arm] run data modify entity @s {} merge value {transformation:[-0.44004374284078235f,-0.8788072354986177f,-0.1845517467323268f,0.8830461237409337f,-0.8783496976195609f,0.46397153042410544f,-0.11503142026220263f,1.5415278905614214f,0.18671720080994547f,0.11148211422103041f,-0.9760678383854822f,2.2673879074424064f,0f,0f,0f,1f],start_interpolation:0}
execute if entity @s[tag=aj.nep_fume_ugs_skills.locator_origin.fume_ugs_locator] at @s on origin run tp @s ^0.98861 ^5.12631 ^2.67425 ~-167.46234 ~-9.33447
execute if entity @s[tag=aj.nep_fume_ugs_skills.locator_origin.fume_ugs_locator2] at @s on origin run tp @s ^0.97929 ^4.63368 ^2.58923 ~-167.46234 ~-9.33447
execute if entity @s[tag=aj.nep_fume_ugs_skills.locator_origin.fume_ugs_locator3] at @s on origin run tp @s ^0.96997 ^4.14105 ^2.5042 ~-167.46234 ~-9.33447
execute if entity @s[tag=aj.nep_fume_ugs_skills.locator_origin.fume_ugs_locator4] at @s on origin run tp @s ^0.96065 ^3.64842 ^2.41917 ~-167.46234 ~-9.33447
execute if entity @s[tag=aj.nep_fume_ugs_skills.locator_origin.fume_ugs_locator5] at @s on origin run tp @s ^0.95017 ^3.09421 ^2.32352 ~-167.46234 ~-9.33447
execute if entity @s[tag=aj.nep_fume_ugs_skills.locator_origin.fume_ugs_locator10] at @s on origin run tp @s ^0.86984 ^3.03339 ^2.68473 ~-167.46234 ~-9.33447
execute if entity @s[tag=aj.nep_fume_ugs_skills.locator_origin.fume_ugs_locator9] at @s on origin run tp @s ^0.88032 ^3.5876 ^2.78038 ~-167.46234 ~-9.33447
execute if entity @s[tag=aj.nep_fume_ugs_skills.locator_origin.fume_ugs_locator8] at @s on origin run tp @s ^0.88965 ^4.08023 ^2.86541 ~-167.46234 ~-9.33447
execute if entity @s[tag=aj.nep_fume_ugs_skills.locator_origin.fume_ugs_locator7] at @s on origin run tp @s ^0.89897 ^4.57286 ^2.95044 ~-167.46234 ~-9.33447
execute if entity @s[tag=aj.nep_fume_ugs_skills.locator_origin.fume_ugs_locator6] at @s on origin run tp @s ^0.90829 ^5.06549 ^3.03546 ~-167.46234 ~-9.33447
execute if entity @s[tag=aj.nep_fume_ugs_skills.bone.fume_ugs_slash] run data modify entity @s {} merge value {transformation:[1.3021472413387325f,0.08009786456744511f,-0.27527199593017565f,0.9362811156852886f,-0.07251057255030358f,1.330627035171385f,0.04417791209590864f,4.53510598874715f,0.27736718717266257f,-0.02817451224887338f,1.3038601988392702f,2.7739410553923887f,0f,0f,0f,1f],start_interpolation:0}
execute if entity @s[tag=aj.nep_fume_ugs_skills.bone.gravity_vortex] run data modify entity @s {} merge value {transformation:[-2.485590423144045e-7f,0.000013021472413387543f,-0.0000028560903990680626f,0.9206179480763858f,-0.000013136780928994984f,-7.25105725503045e-7f,-0.000002162634108723447f,4.756566473832363f,-0.000002267373591593389f,0.000002773671871726673f,0.000012843034653924863f,2.749514266945014f,0f,0f,0f,1f],start_interpolation:0}
execute if entity @s[tag=aj.nep_fume_ugs_skills.bone.fume_ultra_greatsword] run data modify entity @s {} merge value {transformation:[2.0274432547644405f,0.03870064288835323f,-0.4446932751348973f,0.9018956383693257f,-0.11289896146082458f,2.045396790644519f,-0.3367221307282407f,2.8356084526239833f,0.43186071042784285f,0.3530300682110908f,1.9996604956161013f,2.4805576918956036f,0f,0f,0f,1f],start_interpolation:0}
execute if entity @s[tag=aj.nep_fume_ugs_skills.bone.left_arm2] run data modify entity @s {} merge value {transformation:[0.7465716262554934f,-0.00027758553150236676f,-0.6653049900733502f,0.9047569168213884f,-0.013384570198959361f,-0.9998037932336988f,-0.014602339404900688f,2.700617221110845f,-0.6651703993344988f,0.019806513620006072f,-0.7464288592139265f,2.4890674646203386f,0f,0f,0f,1f],start_interpolation:0}
execute if entity @s[tag=aj.nep_fume_ugs_skills.bone.left_arm] run data modify entity @s {} merge value {transformation:[0.7465716262554934f,-0.21157149323394636f,-0.6307680319427944f,0.8335788119199289f,-0.013384570198959361f,-0.9526728682927501f,0.3037025836232762f,2.3801135071197783f,-0.6651703993344988f,-0.2182931727508266f,-0.7140703260740926f,2.4156280134361006f,0f,0f,0f,1f],start_interpolation:0}
execute if entity @s[tag=aj.nep_fume_ugs_skills.bone.head] run data modify entity @s {} merge value {transformation:[-0.09103946057987711f,-0.8621328614773938f,-0.4984363006223829f,0.7575315566371396f,-0.8382944324247602f,-0.20383431390586515f,0.505681734928378f,1.9351209133498635f,-0.5375632624937963f,0.4638733681031135f,-0.7041642118012668f,2.3178021122397916f,0f,0f,0f,1f],start_interpolation:0}
execute if entity @s[tag=aj.nep_fume_ugs_skills.bone.body_top] run data modify entity @s {} merge value {transformation:[0.06786222275982332f,-0.9547612541898638f,-0.28952662437139504f,1.1334688004743985f,-0.9963386045629447f,-0.07997899009574212f,0.03021168980427476f,1.966612640700062f,-0.0520009978717779f,0.2864163204865671f,-0.9566930477322784f,2.205025686048206f,0f,0f,0f,1f],start_interpolation:0}
execute if entity @s[tag=aj.nep_fume_ugs_skills.bone.body] run data modify entity @s {} merge value {transformation:[0.06786222275982332f,-0.9547612541898638f,-0.28952662437139504f,1.551176849182464f,-0.9963386045629447f,-0.07997899009574212f,0.03021168980427476f,2.001603448866949f,-0.0520009978717779f,0.2864163204865671f,-0.9566930477322784f,2.0797185458353327f,0f,0f,0f,1f],start_interpolation:0}
execute if entity @s[tag=aj.nep_fume_ugs_skills.bone.right_leg2] run data modify entity @s {} merge value {transformation:[-0.2710670687543509f,-0.9093248381892987f,-0.3156754391601131f,1.7727523568148207f,-0.9624788160425355f,0.2517822076080043f,0.10119411347207437f,1.7702844266322075f,-0.01253686189934404f,0.3312613146506034f,-0.9434557586393073f,1.9328259649181587f,0f,0f,0f,1f],start_interpolation:0}
execute if entity @s[tag=aj.nep_fume_ugs_skills.bone.right_leg] run data modify entity @s {} merge value {transformation:[-0.2710670687543509f,-0.8538073608819903f,-0.44444981127305616f,1.4701507594471421f,-0.9624788160425355f,0.23440677521317127f,0.13670403214068344f,1.8695630929751055f,-0.01253686189934404f,0.46482948942369495f,-0.885311455283294f,2.1000699511469763f,0f,0f,0f,1f],start_interpolation:0}
execute if entity @s[tag=aj.nep_fume_ugs_skills.bone.left_leg2] run data modify entity @s {} merge value {transformation:[0.19472630094723384f,-0.9603190441077813f,-0.19967223453280908f,1.7148480024811033f,-0.958023295436696f,-0.22987976539952376f,0.1713086654564599f,2.227406451445741f,-0.21041158028972795f,0.15793234938978706f,-0.9647716516856213f,1.8870590099703026f,0f,0f,0f,1f],start_interpolation:0}
execute if entity @s[tag=aj.nep_fume_ugs_skills.bone.left_leg] run data modify entity @s {} merge value {transformation:[0.19472630094723384f,-0.7687261650629227f,-0.6092140435569915f,1.441629635363916f,-0.958023295436696f,-0.28229760313552815f,0.049994286319030565f,2.1109866363277123f,-0.21041158028972795f,0.573906043191382f,-0.7914283419668461f,2.0900188133001785f,0f,0f,0f,1f],start_interpolation:0}
execute if entity @s[tag=aj.nep_fume_ugs_skills.bone.gravity_effect1] run data modify entity @s {} merge value {transformation:[-1f,0f,1.2246467991473532e-16f,-0.31250000000000044f,0f,1f,0f,1.3125f,-1.2246467991473532e-16f,0f,-1f,3.8399825000000085f,0f,0f,0f,1f],start_interpolation:0}
execute if entity @s[tag=aj.nep_fume_ugs_skills.bone.gravity_effect2] run data modify entity @s {} merge value {transformation:[-1f,0f,1.2246467991473532e-16f,-0.17187500000000056f,0f,1f,0f,1.40625f,-1.2246467991473532e-16f,0f,-1f,4.4806075000000085f,0f,0f,0f,1f],start_interpolation:0}
execute if entity @s[tag=aj.nep_fume_ugs_skills.bone.gravity_effect3] run data modify entity @s {} merge value {transformation:[-1f,0f,1.2246467991473532e-16f,0.28124999999999956f,0f,1f,0f,1.46875f,-1.2246467991473532e-16f,0f,-1f,3.9337325000000085f,0f,0f,0f,1f],start_interpolation:0}
execute if entity @s[tag=aj.nep_fume_ugs_skills.bone.gravity_effect4] run data modify entity @s {} merge value {transformation:[-1f,0f,1.2246467991473532e-16f,-0.5468750000000006f,0f,1f,0f,0.96875f,-1.2246467991473532e-16f,0f,-1f,4.2931075000000085f,0f,0f,0f,1f],start_interpolation:0}
execute if entity @s[tag=aj.nep_fume_ugs_skills.bone.gravity_effect5] run data modify entity @s {} merge value {transformation:[-1f,0f,1.2246467991473532e-16f,0.20312499999999944f,0f,1f,0f,0.59375f,-1.2246467991473532e-16f,0f,-1f,4.4806075000000085f,0f,0f,0f,1f],start_interpolation:0}
execute if entity @s[tag=aj.nep_fume_ugs_skills.bone.gravity_effect6] run data modify entity @s {} merge value {transformation:[-1f,0f,1.2246467991473532e-16f,0.5156249999999994f,0f,1f,0f,0.71875f,-1.2246467991473532e-16f,0f,-1f,3.9806075000000085f,0f,0f,0f,1f],start_interpolation:0}
execute if entity @s[tag=aj.nep_fume_ugs_skills.bone.gravity_effect7] run data modify entity @s {} merge value {transformation:[-1f,0f,1.2246467991473532e-16f,-0.0625000000000005f,0f,1f,0f,0.78125f,-1.2246467991473532e-16f,0f,-1f,4.1524825000000085f,0f,0f,0f,1f],start_interpolation:0}
execute if entity @s[tag=aj.nep_fume_ugs_skills.bone.gravity_effect8] run data modify entity @s {} merge value {transformation:[-1f,0f,1.2246467991473532e-16f,0.09374999999999949f,0f,1f,0f,1.65625f,-1.2246467991473532e-16f,0f,-1f,4.1837325000000085f,0f,0f,0f,1f],start_interpolation:0}
execute if entity @s[tag=aj.nep_fume_ugs_skills.bone.gravity_effect9] run data modify entity @s {} merge value {transformation:[-1f,0f,1.2246467991473532e-16f,0.43749999999999944f,0f,1f,0f,1.15625f,-1.2246467991473532e-16f,0f,-1f,4.7774825000000085f,0f,0f,0f,1f],start_interpolation:0}
execute if entity @s[tag=aj.nep_fume_ugs_skills.locator_origin.nep_ride] at @s on origin run tp @s ^-0.0625 ^1 ^4.21498 ~0 ~0
execute if entity @s[tag=aj.nep_fume_ugs_skills.locator_origin.wave_of_destruction0] at @s on origin run tp @s ^0 ^-0.0625 ^5.375 ~0 ~90
execute if entity @s[tag=aj.nep_fume_ugs_skills.locator_origin.wave_of_destruction1] at @s on origin run tp @s ^0 ^0.875 ^5.375 ~0 ~90
execute if entity @s[tag=aj.nep_fume_ugs_skills.locator_origin.wave_of_destruction2] at @s on origin run tp @s ^0 ^1.8125 ^5.375 ~0 ~90
execute if entity @s[tag=aj.nep_fume_ugs_skills.locator_origin.wave_of_destruction3] at @s on origin run tp @s ^0 ^2.75 ^5.375 ~0 ~90
execute if entity @s[tag=aj.nep_fume_ugs_skills.locator_origin.wave_of_destruction4] at @s on origin run tp @s ^0 ^3.6875 ^5.375 ~0 ~90
execute if entity @s[tag=aj.nep_fume_ugs_skills.locator_origin.wave_of_destruction5] at @s on origin run tp @s ^-0.9375 ^3.6875 ^5.375 ~0 ~90
execute if entity @s[tag=aj.nep_fume_ugs_skills.locator_origin.wave_of_destruction6] at @s on origin run tp @s ^0.9375 ^3.6875 ^5.375 ~0 ~90
execute if entity @s[tag=aj.nep_fume_ugs_skills.locator_origin.wave_of_destruction7] at @s on origin run tp @s ^0 ^3.6875 ^6.3125 ~0 ~90
execute if entity @s[tag=aj.nep_fume_ugs_skills.locator_origin.wave_of_destruction8] at @s on origin run tp @s ^0 ^3.6875 ^4.4375 ~0 ~90
execute if entity @s[tag=aj.nep_fume_ugs_skills.locator_origin.wave_of_destruction12] at @s on origin run tp @s ^-0.9375 ^2.75 ^5.375 ~0 ~90
execute if entity @s[tag=aj.nep_fume_ugs_skills.locator_origin.wave_of_destruction11] at @s on origin run tp @s ^0 ^2.75 ^6.3125 ~0 ~90
execute if entity @s[tag=aj.nep_fume_ugs_skills.locator_origin.wave_of_destruction10] at @s on origin run tp @s ^0.9375 ^2.75 ^5.375 ~0 ~90
execute if entity @s[tag=aj.nep_fume_ugs_skills.locator_origin.wave_of_destruction9] at @s on origin run tp @s ^0 ^2.75 ^4.4375 ~0 ~90
execute if entity @s[tag=aj.nep_fume_ugs_skills.locator_origin.wave_of_destruction13] at @s on origin run tp @s ^-0.9375 ^1.8125 ^5.375 ~0 ~90
execute if entity @s[tag=aj.nep_fume_ugs_skills.locator_origin.wave_of_destruction14] at @s on origin run tp @s ^0 ^1.8125 ^6.3125 ~0 ~90
execute if entity @s[tag=aj.nep_fume_ugs_skills.locator_origin.wave_of_destruction15] at @s on origin run tp @s ^0.9375 ^1.8125 ^5.375 ~0 ~90
execute if entity @s[tag=aj.nep_fume_ugs_skills.locator_origin.wave_of_destruction16] at @s on origin run tp @s ^0 ^1.8125 ^4.4375 ~0 ~90
execute if entity @s[tag=aj.nep_fume_ugs_skills.locator_origin.wave_of_destruction17] at @s on origin run tp @s ^-0.9375 ^0.875 ^5.375 ~0 ~90
execute if entity @s[tag=aj.nep_fume_ugs_skills.locator_origin.wave_of_destruction18] at @s on origin run tp @s ^0 ^0.875 ^6.3125 ~0 ~90
execute if entity @s[tag=aj.nep_fume_ugs_skills.locator_origin.wave_of_destruction19] at @s on origin run tp @s ^0.9375 ^0.875 ^5.375 ~0 ~90
execute if entity @s[tag=aj.nep_fume_ugs_skills.locator_origin.wave_of_destruction20] at @s on origin run tp @s ^0 ^0.875 ^4.4375 ~0 ~90
execute if entity @s[tag=aj.nep_fume_ugs_skills.locator_origin.wave_of_destruction24] at @s on origin run tp @s ^0.9375 ^-0.0625 ^5.375 ~0 ~90
execute if entity @s[tag=aj.nep_fume_ugs_skills.locator_origin.wave_of_destruction23] at @s on origin run tp @s ^0 ^-0.0625 ^6.3125 ~0 ~90
execute if entity @s[tag=aj.nep_fume_ugs_skills.locator_origin.wave_of_destruction22] at @s on origin run tp @s ^-0.9375 ^-0.0625 ^5.375 ~0 ~90
execute if entity @s[tag=aj.nep_fume_ugs_skills.locator_origin.wave_of_destruction21] at @s on origin run tp @s ^0 ^-0.0625 ^4.4375 ~0 ~90
execute if entity @s[tag=aj.nep_fume_ugs_skills.bone.gravity_thunder] run data modify entity @s {} merge value {transformation:[-3.346139166666666f,-4.0978386199599245e-16f,9.09902957415537e-32f,-4.996003610813204e-16f,0f,7.429921492866734e-16f,3.346139166666666f,2.03125f,-4.0978386199599245e-16f,3.346139166666666f,-7.429921492866734e-16f,4.09375f,0f,0f,0f,1f],start_interpolation:0}
execute if entity @s[tag=aj.nep_fume_ugs_skills.bone.wave_of_destruction] run data modify entity @s {} merge value {transformation:[-3.297589166666667f,-4.0383820178613216e-16f,8.967009396923679e-32f,-0.37500000000000044f,0f,7.322118837175633e-16f,3.297589166666667f,0.5f,-4.0383820178613216e-16f,3.297589166666667f,-7.322118837175633e-16f,3.4375f,0f,0f,0f,1f],start_interpolation:0}
execute if entity @s[tag=aj.nep_fume_ugs_skills.bone.obsidian_edges0] run data modify entity @s {} merge value {transformation:[-1.2668996496258977f,1.2668996496258975f,4.8720113465180265e-32f,-1.1250000000000002f,2.8130823218084305e-16f,2.81308232180843e-16f,1.7916666666666667f,0.15762624999999966f,1.2668996496258975f,1.2668996496258977f,-3.978299171573478e-16f,2.972082499999999f,0f,0f,0f,1f],start_interpolation:0}
execute if entity @s[tag=aj.nep_fume_ugs_skills.bone.obsidian_edges1] run data modify entity @s {} merge value {transformation:[-1.2668996496258973f,-1.266899649625898f,4.8720113465180265e-32f,1.1011043749999998f,-2.8130823218084305e-16f,2.81308232180843e-16f,1.7916666666666667f,0.12402187499999931f,-1.266899649625898f,1.2668996496258973f,-3.978299171573478e-16f,2.963808125f,0f,0f,0f,1f],start_interpolation:0}
execute if entity @s[tag=aj.nep_fume_ugs_skills.bone.obsidian_edges2] run data modify entity @s {} merge value {transformation:[1.2668996496258977f,-1.2668996496258977f,4.8720113465180265e-32f,1.1011043749999994f,-2.813082321808431e-16f,-2.81308232180843e-16f,1.7916666666666667f,0.12402187499999981f,-1.2668996496258977f,-1.2668996496258977f,-3.978299171573478e-16f,5.213808125f,0f,0f,0f,1f],start_interpolation:0}
execute if entity @s[tag=aj.nep_fume_ugs_skills.bone.obsidian_edges3] run data modify entity @s {} merge value {transformation:[1.2668996496258973f,1.2668996496258982f,4.8720113465180265e-32f,-1.1250000000000007f,2.813082321808431e-16f,-2.81308232180843e-16f,1.7916666666666667f,0.1576262500000002f,1.2668996496258982f,-1.2668996496258973f,-3.978299171573478e-16f,5.284582499999999f,0f,0f,0f,1f],start_interpolation:0}
execute if entity @s[tag=aj.nep_fume_ugs_skills.locator_origin.wave_of_destruction25] at @s on origin run tp @s ^2 ^0.22013 ^5.34708 ~0 ~90
execute if entity @s[tag=aj.nep_fume_ugs_skills.locator_origin.wave_of_destruction26] at @s on origin run tp @s ^0 ^0.22013 ^7.34708 ~0 ~90
execute if entity @s[tag=aj.nep_fume_ugs_skills.locator_origin.wave_of_destruction27] at @s on origin run tp @s ^-2 ^0.22013 ^5.34708 ~0 ~90
execute if entity @s[tag=aj.nep_fume_ugs_skills.locator_origin.wave_of_destruction28] at @s on origin run tp @s ^0 ^0.22013 ^3.34708 ~0 ~90
execute if entity @s[tag=aj.nep_fume_ugs_skills.locator_origin.wave_of_destruction29] at @s on origin run tp @s ^1.625 ^0.40763 ^3.65958 ~0 ~90
execute if entity @s[tag=aj.nep_fume_ugs_skills.locator_origin.wave_of_destruction30] at @s on origin run tp @s ^1.4375 ^0.28263 ^6.78458 ~0 ~90
execute if entity @s[tag=aj.nep_fume_ugs_skills.locator_origin.wave_of_destruction31] at @s on origin run tp @s ^-1.5625 ^0.40763 ^6.90958 ~0 ~90
execute if entity @s[tag=aj.nep_fume_ugs_skills.locator_origin.wave_of_destruction32] at @s on origin run tp @s ^-1.5 ^0.40763 ^3.84708 ~0 ~90
execute if entity @s[tag=aj.nep_fume_ugs_skills.bone.obsidian] run data modify entity @s {} merge value {transformation:[-3.5201812500000007f,-4.3109787002310296e-16f,9.572295623330239e-32f,-5.016281111817219e-16f,0f,7.81637254920753e-16f,3.5201812500000007f,-0.0009781249999999964f,-4.3109787002310296e-16f,3.5201812500000007f,-7.81637254920753e-16f,4.0961043749999995f,0f,0f,0f,1f],start_interpolation:0}