execute if entity @s[tag=aj.nep_fume_ugs_skills.bone.right_arm2] run data modify entity @s {} merge value {transformation:[-0.5412021958114444f,0.6645440871662535f,0.5152488131585005f,-1.081902496031828f,-0.48064267895657053f,0.2583096658296493f,-0.8380087897536795f,0.6875369631436559f,-0.6899875349702513f,-0.7011827670096772f,0.17961049199401025f,9.857917951993779f,0f,0f,0f,1f],start_interpolation:0}
execute if entity @s[tag=aj.nep_fume_ugs_skills.bone.right_arm] run data modify entity @s {} merge value {transformation:[-0.5412021958114444f,0.6645440871662535f,0.5152488131585005f,-0.9710146883427053f,-0.48064267895657053f,0.2583096658296493f,-0.8380087897536795f,0.7299630983999664f,-0.6899875349702513f,-0.7011827670096772f,0.17961049199401025f,9.641490801141154f,0f,0f,0f,1f],start_interpolation:0}
execute if entity @s[tag=aj.nep_fume_ugs_skills.locator_origin.fume_ugs_locator] at @s on origin run tp @s ^0.07039 ^0.74394 ^7.53847 ~-61.07784 ~73.60304
execute if entity @s[tag=aj.nep_fume_ugs_skills.locator_origin.fume_ugs_locator2] at @s on origin run tp @s ^0.04929 ^0.80899 ^8.03377 ~-61.07784 ~73.60304
execute if entity @s[tag=aj.nep_fume_ugs_skills.locator_origin.fume_ugs_locator3] at @s on origin run tp @s ^0.0282 ^0.87405 ^8.52907 ~-61.07784 ~73.60304
execute if entity @s[tag=aj.nep_fume_ugs_skills.locator_origin.fume_ugs_locator4] at @s on origin run tp @s ^0.00711 ^0.9391 ^9.02437 ~-61.07784 ~73.60304
execute if entity @s[tag=aj.nep_fume_ugs_skills.locator_origin.fume_ugs_locator5] at @s on origin run tp @s ^-0.01662 ^1.01229 ^9.58159 ~-61.07784 ~73.60304
execute if entity @s[tag=aj.nep_fume_ugs_skills.locator_origin.fume_ugs_locator10] at @s on origin run tp @s ^-0.10927 ^1.37204 ^9.53039 ~-61.07784 ~73.60304
execute if entity @s[tag=aj.nep_fume_ugs_skills.locator_origin.fume_ugs_locator9] at @s on origin run tp @s ^-0.08555 ^1.29885 ^8.97318 ~-61.07784 ~73.60304
execute if entity @s[tag=aj.nep_fume_ugs_skills.locator_origin.fume_ugs_locator8] at @s on origin run tp @s ^-0.06445 ^1.2338 ^8.47788 ~-61.07784 ~73.60304
execute if entity @s[tag=aj.nep_fume_ugs_skills.locator_origin.fume_ugs_locator7] at @s on origin run tp @s ^-0.04336 ^1.16874 ^7.98258 ~-61.07784 ~73.60304
execute if entity @s[tag=aj.nep_fume_ugs_skills.locator_origin.fume_ugs_locator6] at @s on origin run tp @s ^-0.02227 ^1.10369 ^7.48728 ~-61.07784 ~73.60304
execute if entity @s[tag=aj.nep_fume_ugs_skills.bone.fume_ugs_slash] run data modify entity @s {} merge value {transformation:[0.00002581535410537114f,0.0000035607212140807546f,-0.000005656842578771878f,0.012770439144763057f,0.000006680521697293759f,-0.000012995276227672807f,0.00002230705127822999f,0.9674711272993652f,2.2188595583921783e-7f,-0.000023012065776743965f,-0.0000134724424816187f,7.725619296439899f,0f,0f,0f,1f],start_interpolation:0}
execute if entity @s[tag=aj.nep_fume_ugs_skills.bone.gravity_vortex] run data modify entity @s {} merge value {transformation:[-0.099658889332447f,1.2907677052685556f,-0.32944350465326555f,-0.010487646815323465f,0.30737874227309614f,0.3340260848646875f,1.2791052508987342f,0.9232127663048906f,2.340297558981687f,0.011094297791960585f,-0.1820288772223743f,7.867590122536407f,0f,0f,0f,1f],start_interpolation:0}
execute if entity @s[tag=aj.nep_fume_ugs_skills.bone.fume_ultra_greatsword] run data modify entity @s {} merge value {transformation:[2.009725317103141f,0.08757327164197291f,-0.5129435367451345f,-0.0769670549658262f,0.5200786141343186f,-0.2701029709879142f,1.9915668756493294f,1.2372494677313417f,0.01727382166208309f,-2.056490045479781f,-0.2834189618352368f,9.78063202532815f,0f,0f,0f,1f],start_interpolation:0}
execute if entity @s[tag=aj.nep_fume_ugs_skills.bone.left_arm2] run data modify entity @s {} merge value {transformation:[-0.42251634118643855f,-0.5695944016113216f,-0.7050121694577102f,-0.14878153777314462f,-0.8434352679203154f,0.531860404605352f,0.07577241477752708f,1.31009351166021f,0.3318085144456243f,0.6266472114883084f,-0.7051357189047487f,9.869173885794524f,0f,0f,0f,1f],start_interpolation:0}
execute if entity @s[tag=aj.nep_fume_ugs_skills.bone.left_arm] run data modify entity @s {} merge value {transformation:[-0.42251634118643855f,-0.8883628568819358f,0.1796980131859886f,-0.4476497059331318f,-0.8434352679203154f,0.3127967570248854f,-0.43677813317850644f,1.4153264050147734f,0.3318085144456243f,-0.3361095406370981f,-0.8814383055178101f,9.75609797100011f,0f,0f,0f,1f],start_interpolation:0}
execute if entity @s[tag=aj.nep_fume_ugs_skills.bone.head] run data modify entity @s {} merge value {transformation:[-0.5823343243785288f,-0.43072777321539313f,0.6894637916754677f,-0.6586380861692267f,-0.7986614679582101f,0.46142416183658147f,-0.38629988671011267f,1.0034017131583186f,-0.15174516219451842f,-0.7756038474983982f,-0.6127088031816113f,9.612111411053295f,0f,0f,0f,1f],start_interpolation:0}
execute if entity @s[tag=aj.nep_fume_ugs_skills.bone.body_top] run data modify entity @s {} merge value {transformation:[-0.7221046478103444f,0.20582509335843266f,0.6604550768634398f,-0.7396817166791095f,-0.6689098030434165f,0.035732376063873264f,-0.7424842575390055f,0.9893320900831685f,-0.176421520804911f,-0.9779362086786765f,0.11187590782675208f,9.997173793220524f,0f,0f,0f,1f],start_interpolation:0}
execute if entity @s[tag=aj.nep_fume_ugs_skills.bone.body] run data modify entity @s {} merge value {transformation:[-0.7221046478103444f,0.20582509335843266f,0.6604550768634398f,-0.8297301950234238f,-0.6689098030434165f,0.035732376063873264f,-0.7424842575390055f,0.9736991755552239f,-0.176421520804911f,-0.9779362086786765f,0.11187590782675208f,10.425020884517444f,0f,0f,0f,1f],start_interpolation:0}
execute if entity @s[tag=aj.nep_fume_ugs_skills.bone.right_leg2] run data modify entity @s {} merge value {transformation:[-0.5707299038922672f,0.12527571261941425f,0.811525337023326f,-0.9491086564701894f,-0.6633018818817403f,0.512242358450432f,-0.5455624434483018f,0.6953068439522279f,-0.4840433764604848f,-0.8496550841587655f,-0.20925641607342957f,10.607590489415855f,0f,0f,0f,1f],start_interpolation:0}
execute if entity @s[tag=aj.nep_fume_ugs_skills.bone.right_leg] run data modify entity @s {} merge value {transformation:[-0.5707299038922672f,0.10989586984211142f,0.8137507447583507f,-0.9006971734973639f,-0.6633018818817403f,0.5224749205541703f,-0.5357710060128822f,0.893435360430785f,-0.4840433764604848f,-0.8455429351508773f,-0.2252979239166981f,10.311286674853203f,0f,0f,0f,1f],start_interpolation:0}
execute if entity @s[tag=aj.nep_fume_ugs_skills.bone.left_leg2] run data modify entity @s {} merge value {transformation:[-0.661943803385012f,0.455608755702991f,0.5951899384960719f,-0.7585668934422403f,-0.74907005057161f,-0.3735826102681292f,-0.5471106767756385f,1.075572743246524f,-0.02691580384887992f,-0.80799547958638f,0.5885735675946938f,10.698803295369881f,0f,0f,0f,1f],start_interpolation:0}
execute if entity @s[tag=aj.nep_fume_ugs_skills.bone.left_leg] run data modify entity @s {} merge value {transformation:[-0.661943803385012f,0.1931582756540849f,0.7242377245811807f,-0.6994935100569443f,-0.74907005057161f,-0.13577513565677699f,-0.648428231860728f,1.0150743343296884f,-0.02691580384887992f,-0.9717278389980013f,0.2345645890142933f,10.349168043794835f,0f,0f,0f,1f],start_interpolation:0}
execute if entity @s[tag=aj.nep_fume_ugs_skills.bone.gravity_effect1] run data modify entity @s {} merge value {transformation:[-1f,0f,1.2246467991473532e-16f,-0.3125000000000013f,0f,1f,0f,1.3125f,-1.2246467991473532e-16f,0f,-1f,10.612057500000004f,0f,0f,0f,1f],start_interpolation:0}
execute if entity @s[tag=aj.nep_fume_ugs_skills.bone.gravity_effect2] run data modify entity @s {} merge value {transformation:[-1f,0f,1.2246467991473532e-16f,-0.1718750000000014f,0f,1f,0f,1.40625f,-1.2246467991473532e-16f,0f,-1f,11.252682500000004f,0f,0f,0f,1f],start_interpolation:0}
execute if entity @s[tag=aj.nep_fume_ugs_skills.bone.gravity_effect3] run data modify entity @s {} merge value {transformation:[-1f,0f,1.2246467991473532e-16f,0.2812499999999987f,0f,1f,0f,1.46875f,-1.2246467991473532e-16f,0f,-1f,10.705807500000004f,0f,0f,0f,1f],start_interpolation:0}
execute if entity @s[tag=aj.nep_fume_ugs_skills.bone.gravity_effect4] run data modify entity @s {} merge value {transformation:[-1f,0f,1.2246467991473532e-16f,-0.5468750000000013f,0f,1f,0f,0.96875f,-1.2246467991473532e-16f,0f,-1f,11.065182500000004f,0f,0f,0f,1f],start_interpolation:0}
execute if entity @s[tag=aj.nep_fume_ugs_skills.bone.gravity_effect5] run data modify entity @s {} merge value {transformation:[-1f,0f,1.2246467991473532e-16f,0.2031249999999986f,0f,1f,0f,0.59375f,-1.2246467991473532e-16f,0f,-1f,11.252682500000004f,0f,0f,0f,1f],start_interpolation:0}
execute if entity @s[tag=aj.nep_fume_ugs_skills.bone.gravity_effect6] run data modify entity @s {} merge value {transformation:[-1f,0f,1.2246467991473532e-16f,0.5156249999999987f,0f,1f,0f,0.71875f,-1.2246467991473532e-16f,0f,-1f,10.752682500000004f,0f,0f,0f,1f],start_interpolation:0}
execute if entity @s[tag=aj.nep_fume_ugs_skills.bone.gravity_effect7] run data modify entity @s {} merge value {transformation:[-1f,0f,1.2246467991473532e-16f,-0.06250000000000133f,0f,1f,0f,0.78125f,-1.2246467991473532e-16f,0f,-1f,10.924557500000004f,0f,0f,0f,1f],start_interpolation:0}
execute if entity @s[tag=aj.nep_fume_ugs_skills.bone.gravity_effect8] run data modify entity @s {} merge value {transformation:[-1f,0f,1.2246467991473532e-16f,0.09374999999999865f,0f,1f,0f,1.65625f,-1.2246467991473532e-16f,0f,-1f,10.955807500000004f,0f,0f,0f,1f],start_interpolation:0}
execute if entity @s[tag=aj.nep_fume_ugs_skills.bone.gravity_effect9] run data modify entity @s {} merge value {transformation:[-1f,0f,1.2246467991473532e-16f,0.4374999999999986f,0f,1f,0f,1.15625f,-1.2246467991473532e-16f,0f,-1f,11.549557500000004f,0f,0f,0f,1f],start_interpolation:0}
execute if entity @s[tag=aj.nep_fume_ugs_skills.locator_origin.nep_ride] at @s on origin run tp @s ^-0.0625 ^1 ^10.98706 ~0 ~0
execute if entity @s[tag=aj.nep_fume_ugs_skills.locator_origin.wave_of_destruction0] at @s on origin run tp @s ^-0.375 ^0.49999 ^11.62502 ~0 ~90
execute if entity @s[tag=aj.nep_fume_ugs_skills.locator_origin.wave_of_destruction1] at @s on origin run tp @s ^-0.375 ^0.5 ^11.62502 ~0 ~90
execute if entity @s[tag=aj.nep_fume_ugs_skills.locator_origin.wave_of_destruction2] at @s on origin run tp @s ^-0.375 ^0.50001 ^11.62502 ~0 ~90
execute if entity @s[tag=aj.nep_fume_ugs_skills.locator_origin.wave_of_destruction3] at @s on origin run tp @s ^-0.375 ^0.50002 ^11.62502 ~0 ~90
execute if entity @s[tag=aj.nep_fume_ugs_skills.locator_origin.wave_of_destruction4] at @s on origin run tp @s ^-0.375 ^0.50003 ^11.62502 ~0 ~90
execute if entity @s[tag=aj.nep_fume_ugs_skills.locator_origin.wave_of_destruction5] at @s on origin run tp @s ^-0.37501 ^0.50003 ^11.62502 ~0 ~90
execute if entity @s[tag=aj.nep_fume_ugs_skills.locator_origin.wave_of_destruction6] at @s on origin run tp @s ^-0.37499 ^0.50003 ^11.62502 ~0 ~90
execute if entity @s[tag=aj.nep_fume_ugs_skills.locator_origin.wave_of_destruction7] at @s on origin run tp @s ^-0.375 ^0.50003 ^11.62503 ~0 ~90
execute if entity @s[tag=aj.nep_fume_ugs_skills.locator_origin.wave_of_destruction8] at @s on origin run tp @s ^-0.375 ^0.50003 ^11.62501 ~0 ~90
execute if entity @s[tag=aj.nep_fume_ugs_skills.locator_origin.wave_of_destruction12] at @s on origin run tp @s ^-0.37501 ^0.50002 ^11.62502 ~0 ~90
execute if entity @s[tag=aj.nep_fume_ugs_skills.locator_origin.wave_of_destruction11] at @s on origin run tp @s ^-0.375 ^0.50002 ^11.62503 ~0 ~90
execute if entity @s[tag=aj.nep_fume_ugs_skills.locator_origin.wave_of_destruction10] at @s on origin run tp @s ^-0.37499 ^0.50002 ^11.62502 ~0 ~90
execute if entity @s[tag=aj.nep_fume_ugs_skills.locator_origin.wave_of_destruction9] at @s on origin run tp @s ^-0.375 ^0.50002 ^11.62501 ~0 ~90
execute if entity @s[tag=aj.nep_fume_ugs_skills.locator_origin.wave_of_destruction13] at @s on origin run tp @s ^-0.37501 ^0.50001 ^11.62502 ~0 ~90
execute if entity @s[tag=aj.nep_fume_ugs_skills.locator_origin.wave_of_destruction14] at @s on origin run tp @s ^-0.375 ^0.50001 ^11.62503 ~0 ~90
execute if entity @s[tag=aj.nep_fume_ugs_skills.locator_origin.wave_of_destruction15] at @s on origin run tp @s ^-0.37499 ^0.50001 ^11.62502 ~0 ~90
execute if entity @s[tag=aj.nep_fume_ugs_skills.locator_origin.wave_of_destruction16] at @s on origin run tp @s ^-0.375 ^0.50001 ^11.62501 ~0 ~90
execute if entity @s[tag=aj.nep_fume_ugs_skills.locator_origin.wave_of_destruction17] at @s on origin run tp @s ^-0.37501 ^0.5 ^11.62502 ~0 ~90
execute if entity @s[tag=aj.nep_fume_ugs_skills.locator_origin.wave_of_destruction18] at @s on origin run tp @s ^-0.375 ^0.5 ^11.62503 ~0 ~90
execute if entity @s[tag=aj.nep_fume_ugs_skills.locator_origin.wave_of_destruction19] at @s on origin run tp @s ^-0.37499 ^0.5 ^11.62502 ~0 ~90
execute if entity @s[tag=aj.nep_fume_ugs_skills.locator_origin.wave_of_destruction20] at @s on origin run tp @s ^-0.375 ^0.5 ^11.62501 ~0 ~90
execute if entity @s[tag=aj.nep_fume_ugs_skills.locator_origin.wave_of_destruction24] at @s on origin run tp @s ^-0.37499 ^0.49999 ^11.62502 ~0 ~90
execute if entity @s[tag=aj.nep_fume_ugs_skills.locator_origin.wave_of_destruction23] at @s on origin run tp @s ^-0.375 ^0.49999 ^11.62503 ~0 ~90
execute if entity @s[tag=aj.nep_fume_ugs_skills.locator_origin.wave_of_destruction22] at @s on origin run tp @s ^-0.37501 ^0.49999 ^11.62502 ~0 ~90
execute if entity @s[tag=aj.nep_fume_ugs_skills.locator_origin.wave_of_destruction21] at @s on origin run tp @s ^-0.375 ^0.49999 ^11.62501 ~0 ~90
execute if entity @s[tag=aj.nep_fume_ugs_skills.bone.gravity_thunder] run data modify entity @s {} merge value {transformation:[-0.000033461391666666666f,-4.0978386199599245e-21f,9.09902957415537e-37f,-0.3749962500000014f,0f,7.429921492866735e-21f,0.000033461391666666666f,0.5000153125f,-4.0978386199599245e-21f,0.000033461391666666666f,-7.429921492866735e-21f,11.62500656250001f,0f,0f,0f,1f],start_interpolation:0}
execute if entity @s[tag=aj.nep_fume_ugs_skills.bone.wave_of_destruction] run data modify entity @s {} merge value {transformation:[-0.00003297589166666667f,-4.038382017861322e-21f,8.967009396923679e-37f,-0.37500000000000144f,0f,7.322118837175633e-21f,0.00003297589166666667f,0.5f,-4.038382017861322e-21f,0.00003297589166666667f,-7.322118837175633e-21f,11.62500000000001f,0f,0f,0f,1f],start_interpolation:0}
execute if entity @s[tag=aj.nep_fume_ugs_skills.bone.obsidian_edges0] run data modify entity @s {} merge value {transformation:[-1.2668996496258977f,1.2668996496258975f,4.8720113465180265e-32f,-1.1250000000000013f,2.8130823218084305e-16f,2.81308232180843e-16f,1.7916666666666667f,0.15762624999999966f,1.2668996496258975f,1.2668996496258977f,-3.978299171573478e-16f,11.15958250000001f,0f,0f,0f,1f],start_interpolation:0}
execute if entity @s[tag=aj.nep_fume_ugs_skills.bone.obsidian_edges1] run data modify entity @s {} merge value {transformation:[-1.2668996496258973f,-1.266899649625898f,4.8720113465180265e-32f,1.1011043749999987f,-2.8130823218084305e-16f,2.81308232180843e-16f,1.7916666666666667f,0.12402187499999931f,-1.266899649625898f,1.2668996496258973f,-3.978299171573478e-16f,11.15130812500001f,0f,0f,0f,1f],start_interpolation:0}
execute if entity @s[tag=aj.nep_fume_ugs_skills.bone.obsidian_edges2] run data modify entity @s {} merge value {transformation:[1.2668996496258977f,-1.2668996496258977f,4.8720113465180265e-32f,1.1011043749999982f,-2.813082321808431e-16f,-2.81308232180843e-16f,1.7916666666666667f,0.12402187499999981f,-1.2668996496258977f,-1.2668996496258977f,-3.978299171573478e-16f,13.40130812500001f,0f,0f,0f,1f],start_interpolation:0}
execute if entity @s[tag=aj.nep_fume_ugs_skills.bone.obsidian_edges3] run data modify entity @s {} merge value {transformation:[1.2668996496258973f,1.2668996496258982f,4.8720113465180265e-32f,-1.1250000000000018f,2.813082321808431e-16f,-2.81308232180843e-16f,1.7916666666666667f,0.1576262500000002f,1.2668996496258982f,-1.2668996496258973f,-3.978299171573478e-16f,13.47208250000001f,0f,0f,0f,1f],start_interpolation:0}
execute if entity @s[tag=aj.nep_fume_ugs_skills.locator_origin.wave_of_destruction25] at @s on origin run tp @s ^2 ^0.22013 ^13.53458 ~0 ~90
execute if entity @s[tag=aj.nep_fume_ugs_skills.locator_origin.wave_of_destruction26] at @s on origin run tp @s ^0 ^0.22013 ^15.53458 ~0 ~90
execute if entity @s[tag=aj.nep_fume_ugs_skills.locator_origin.wave_of_destruction27] at @s on origin run tp @s ^-2 ^0.22013 ^13.53458 ~0 ~90
execute if entity @s[tag=aj.nep_fume_ugs_skills.locator_origin.wave_of_destruction28] at @s on origin run tp @s ^0 ^0.22013 ^11.53458 ~0 ~90
execute if entity @s[tag=aj.nep_fume_ugs_skills.locator_origin.wave_of_destruction29] at @s on origin run tp @s ^1.625 ^0.40763 ^11.84708 ~0 ~90
execute if entity @s[tag=aj.nep_fume_ugs_skills.locator_origin.wave_of_destruction30] at @s on origin run tp @s ^1.4375 ^0.28263 ^14.97208 ~0 ~90
execute if entity @s[tag=aj.nep_fume_ugs_skills.locator_origin.wave_of_destruction31] at @s on origin run tp @s ^-1.5625 ^0.40763 ^15.09708 ~0 ~90
execute if entity @s[tag=aj.nep_fume_ugs_skills.locator_origin.wave_of_destruction32] at @s on origin run tp @s ^-1.5 ^0.40763 ^12.03458 ~0 ~90
execute if entity @s[tag=aj.nep_fume_ugs_skills.bone.obsidian] run data modify entity @s {} merge value {transformation:[-3.5201812500000007f,-4.3109787002310296e-16f,9.572295623330239e-32f,-1.5043076779836187e-15f,0f,7.81637254920753e-16f,3.5201812500000007f,-0.0009781249999999964f,-4.3109787002310296e-16f,3.5201812500000007f,-7.81637254920753e-16f,12.28360437500001f,0f,0f,0f,1f],start_interpolation:0}