execute if entity @s[tag=aj.nep_fume_ugs_skills.bone.right_arm2] run data modify entity @s {} merge value {transformation:[-0.859847096351583f,0.5046867756240075f,0.07716365339973738f,-0.8404551047489113f,0.4923881389179059f,0.8596860179525991f,-0.13599217326656987f,2.640404765789957f,-0.1349699653579013f,-0.07893800762019848f,-0.9877003084965807f,21.686649163667102f,0f,0f,0f,1f],start_interpolation:0}
execute if entity @s[tag=aj.nep_fume_ugs_skills.bone.right_arm] run data modify entity @s {} merge value {transformation:[-0.859847096351583f,0.5046867756240075f,0.07716365339973738f,-0.7817465463143005f,0.4923881389179059f,0.8596860179525991f,-0.13599217326656987f,2.8799284566937184f,-0.1349699653579013f,-0.07893800762019848f,-0.9877003084965807f,21.67576334098618f,0f,0f,0f,1f],start_interpolation:0}
execute if entity @s[tag=aj.nep_fume_ugs_skills.locator_origin.fume_ugs_locator] at @s on origin run tp @s ^1.68048 ^2.68227 ^20.34936 ~-56.22526 ~33.52004
execute if entity @s[tag=aj.nep_fume_ugs_skills.locator_origin.fume_ugs_locator2] at @s on origin run tp @s ^1.40379 ^2.68458 ^20.76582 ~-56.22526 ~33.52004
execute if entity @s[tag=aj.nep_fume_ugs_skills.locator_origin.fume_ugs_locator3] at @s on origin run tp @s ^1.1271 ^2.68688 ^21.18227 ~-56.22526 ~33.52004
execute if entity @s[tag=aj.nep_fume_ugs_skills.locator_origin.fume_ugs_locator4] at @s on origin run tp @s ^0.85041 ^2.68919 ^21.59873 ~-56.22526 ~33.52004
execute if entity @s[tag=aj.nep_fume_ugs_skills.locator_origin.fume_ugs_locator5] at @s on origin run tp @s ^0.53913 ^2.69178 ^22.06724 ~-56.22526 ~33.52004
execute if entity @s[tag=aj.nep_fume_ugs_skills.locator_origin.fume_ugs_locator10] at @s on origin run tp @s ^0.27926 ^2.89886 ^21.89344 ~-56.22526 ~33.52004
execute if entity @s[tag=aj.nep_fume_ugs_skills.locator_origin.fume_ugs_locator9] at @s on origin run tp @s ^0.59053 ^2.89627 ^21.42493 ~-56.22526 ~33.52004
execute if entity @s[tag=aj.nep_fume_ugs_skills.locator_origin.fume_ugs_locator8] at @s on origin run tp @s ^0.86723 ^2.89397 ^21.00847 ~-56.22526 ~33.52004
execute if entity @s[tag=aj.nep_fume_ugs_skills.locator_origin.fume_ugs_locator7] at @s on origin run tp @s ^1.14392 ^2.89166 ^20.59201 ~-56.22526 ~33.52004
execute if entity @s[tag=aj.nep_fume_ugs_skills.locator_origin.fume_ugs_locator6] at @s on origin run tp @s ^1.42061 ^2.88936 ^20.17556 ~-56.22526 ~33.52004
execute if entity @s[tag=aj.nep_fume_ugs_skills.bone.fume_ugs_slash] run data modify entity @s {} merge value {transformation:[0.000012322531070740577f,0.000020705473863622748f,-0.000011425834376735079f,1.4205090956808275f,0.000022231467172529324f,-0.00000574897553880366f,0.000013558106752865631f,2.7969269352141315f,0.000008064006850102285f,-0.000015790622009540496f,-0.000019918312207223563f,20.4364147377229f,0f,0f,0f,1f],start_interpolation:0}
execute if entity @s[tag=aj.nep_fume_ugs_skills.bone.gravity_vortex] run data modify entity @s {} merge value {transformation:[-0.000007378442998312209f,0.000006161265535370284f,-0.000009239868164703094f,1.369217227151608f,6.144900232491615e-8f,0.00001111573358626465f,0.000007363047510173965f,2.7395470266073247f,0.000011105520281308234f,0.000004032003425051136f,-0.00000617965577031643f,20.565767537669498f,0f,0f,0f,1f],start_interpolation:0}
execute if entity @s[tag=aj.nep_fume_ugs_skills.bone.fume_ultra_greatsword] run data modify entity @s {} merge value {transformation:[0.9593090438571529f,1.148823574837211f,-1.4386474732442718f,0.27116228119900626f,1.7307197193814061f,-0.00956760966198906f,1.1464264973340863f,2.8048980064790374f,0.6277829332804623f,-1.7291295077996922f,-0.9621724034382682f,22.16350733766408f,0f,0f,0f,1f],start_interpolation:0}
execute if entity @s[tag=aj.nep_fume_ugs_skills.bone.left_arm2] run data modify entity @s {} merge value {transformation:[-0.5092332474764206f,-0.8597135594655059f,0.03967487033084699f,0.1556123149638392f,-0.855807200861838f,0.5009692548318069f,-0.1289334738006005f,2.8748753494744923f,0.0909699654701736f,-0.09961125129429454f,-0.9908592553929849f,22.15611731046597f,0f,0f,0f,1f],start_interpolation:0}
execute if entity @s[tag=aj.nep_fume_ugs_skills.bone.left_arm] run data modify entity @s {} merge value {transformation:[-0.5092332474764206f,-0.4606116885824841f,0.7269926904761917f,0.0006506677795952709f,-0.855807200861838f,0.1817280412668239f,-0.48432319165031684f,2.936013347732716f,0.0909699654701736f,-0.8687990511956818f,-0.4867367605018537f,21.863830910918203f,0f,0f,0f,1f],start_interpolation:0}
execute if entity @s[tag=aj.nep_fume_ugs_skills.bone.head] run data modify entity @s {} merge value {transformation:[-0.9924718619682252f,0.03135472186256473f,0.11839123539454224f,-0.3821655830386109f,-0.013258009655361093f,0.9334869292019345f,-0.35836626262682875f,2.9876704801955936f,-0.12175314526246563f,-0.35723806407781367f,-0.9260438095428494f,21.71978238627049f,0f,0f,0f,1f],start_interpolation:0}
execute if entity @s[tag=aj.nep_fume_ugs_skills.bone.body_top] run data modify entity @s {} merge value {transformation:[-0.9884922567010247f,0.00905403784889812f,0.15100027430685947f,-0.38573061044161455f,-0.015642868497860646f,0.9867375936151933f,-0.1615680104836867f,2.599142552709611f,-0.15046049018687502f,-0.16207080472783741f,-0.9752408395609757f,21.783597765632077f,0f,0f,0f,1f],start_interpolation:0}
execute if entity @s[tag=aj.nep_fume_ugs_skills.bone.body] run data modify entity @s {} merge value {transformation:[-0.9884922567010247f,0.00905403784889812f,0.15100027430685947f,-0.3896917520005075f,-0.015642868497860646f,0.9867375936151933f,-0.1615680104836867f,2.167444855502964f,-0.15046049018687502f,-0.16207080472783741f,-0.9752408395609757f,21.854503742700505f,0f,0f,0f,1f],start_interpolation:0}
execute if entity @s[tag=aj.nep_fume_ugs_skills.bone.right_leg2] run data modify entity @s {} merge value {transformation:[-0.9181016632978772f,0.3053400000796585f,0.25269907043957596f,-0.626451819839773f,0.30314296450005723f,0.9517056789808237f,-0.04858645562054011f,1.920750467365242f,-0.25533052877356555f,0.03199663962049534f,-0.9663242396469252f,21.768993939181634f,0f,0f,0f,1f],start_interpolation:0}
execute if entity @s[tag=aj.nep_fume_ugs_skills.bone.right_leg] run data modify entity @s {} merge value {transformation:[-0.9181016632978772f,0.27743168921305705f,0.28305652027477013f,-0.5124044680398013f,0.30314296450005723f,0.951602887783588f,0.050559737302061286f,2.2579961463421556f,-0.25533052877356555f,0.1322255715900904f,-0.9577696587874799f,21.82050204348391f,0f,0f,0f,1f],start_interpolation:0}
execute if entity @s[tag=aj.nep_fume_ugs_skills.bone.left_leg2] run data modify entity @s {} merge value {transformation:[-0.9558489264607819f,-0.01234119226498491f,0.29359925878184695f,-0.21522384014925028f,-0.17170793958211714f,0.8342624055566156f,-0.5239490644703484f,1.9163618798783044f,-0.23847266775929532f,-0.5512294745823813f,-0.7995479054336875f,21.884711936697094f,0f,0f,0f,1f],start_interpolation:0}
execute if entity @s[tag=aj.nep_fume_ugs_skills.bone.left_leg] run data modify entity @s {} merge value {transformation:[-0.9558489264607819f,-0.12375734703088957f,0.2665275761335911f,-0.27463427621442593f,-0.17170793958211714f,0.9712645876133782f,-0.1648074158910294f,2.2627271544958916f,-0.23847266775929532f,-0.2032958924919309f,-0.9496323324464444f,21.80792633989907f,0f,0f,0f,1f],start_interpolation:0}
execute if entity @s[tag=aj.nep_fume_ugs_skills.bone.gravity_effect1] run data modify entity @s {} merge value {transformation:[-1f,0f,1.2246467991473532e-16f,-0.31250000000000283f,0f,1f,0f,1.3125f,-1.2246467991473532e-16f,0f,-1f,23.0625f,0f,0f,0f,1f],start_interpolation:0}
execute if entity @s[tag=aj.nep_fume_ugs_skills.bone.gravity_effect2] run data modify entity @s {} merge value {transformation:[-1f,0f,1.2246467991473532e-16f,-0.1718750000000029f,0f,1f,0f,1.40625f,-1.2246467991473532e-16f,0f,-1f,23.703125f,0f,0f,0f,1f],start_interpolation:0}
execute if entity @s[tag=aj.nep_fume_ugs_skills.bone.gravity_effect3] run data modify entity @s {} merge value {transformation:[-1f,0f,1.2246467991473532e-16f,0.28124999999999717f,0f,1f,0f,1.46875f,-1.2246467991473532e-16f,0f,-1f,23.15625f,0f,0f,0f,1f],start_interpolation:0}
execute if entity @s[tag=aj.nep_fume_ugs_skills.bone.gravity_effect4] run data modify entity @s {} merge value {transformation:[-1f,0f,1.2246467991473532e-16f,-0.5468750000000029f,0f,1f,0f,0.96875f,-1.2246467991473532e-16f,0f,-1f,23.515625f,0f,0f,0f,1f],start_interpolation:0}
execute if entity @s[tag=aj.nep_fume_ugs_skills.bone.gravity_effect5] run data modify entity @s {} merge value {transformation:[-1f,0f,1.2246467991473532e-16f,0.20312499999999706f,0f,1f,0f,0.59375f,-1.2246467991473532e-16f,0f,-1f,23.703125f,0f,0f,0f,1f],start_interpolation:0}
execute if entity @s[tag=aj.nep_fume_ugs_skills.bone.gravity_effect6] run data modify entity @s {} merge value {transformation:[-1f,0f,1.2246467991473532e-16f,0.5156249999999971f,0f,1f,0f,0.71875f,-1.2246467991473532e-16f,0f,-1f,23.203125f,0f,0f,0f,1f],start_interpolation:0}
execute if entity @s[tag=aj.nep_fume_ugs_skills.bone.gravity_effect7] run data modify entity @s {} merge value {transformation:[-1f,0f,1.2246467991473532e-16f,-0.06250000000000286f,0f,1f,0f,0.78125f,-1.2246467991473532e-16f,0f,-1f,23.375f,0f,0f,0f,1f],start_interpolation:0}
execute if entity @s[tag=aj.nep_fume_ugs_skills.bone.gravity_effect8] run data modify entity @s {} merge value {transformation:[-1f,0f,1.2246467991473532e-16f,0.09374999999999713f,0f,1f,0f,1.65625f,-1.2246467991473532e-16f,0f,-1f,23.40625f,0f,0f,0f,1f],start_interpolation:0}
execute if entity @s[tag=aj.nep_fume_ugs_skills.bone.gravity_effect9] run data modify entity @s {} merge value {transformation:[-1f,0f,1.2246467991473532e-16f,0.43749999999999706f,0f,1f,0f,1.15625f,-1.2246467991473532e-16f,0f,-1f,24f,0f,0f,0f,1f],start_interpolation:0}
execute if entity @s[tag=aj.nep_fume_ugs_skills.locator_origin.nep_ride] at @s on origin run tp @s ^-0.0625 ^1 ^23.4375 ~0 ~0
execute if entity @s[tag=aj.nep_fume_ugs_skills.locator_origin.wave_of_destruction0] at @s on origin run tp @s ^-0.375 ^0.49999 ^12.75002 ~0 ~90
execute if entity @s[tag=aj.nep_fume_ugs_skills.locator_origin.wave_of_destruction1] at @s on origin run tp @s ^-0.375 ^0.5 ^12.75002 ~0 ~90
execute if entity @s[tag=aj.nep_fume_ugs_skills.locator_origin.wave_of_destruction2] at @s on origin run tp @s ^-0.375 ^0.50001 ^12.75002 ~0 ~90
execute if entity @s[tag=aj.nep_fume_ugs_skills.locator_origin.wave_of_destruction3] at @s on origin run tp @s ^-0.375 ^0.50002 ^12.75002 ~0 ~90
execute if entity @s[tag=aj.nep_fume_ugs_skills.locator_origin.wave_of_destruction4] at @s on origin run tp @s ^-0.375 ^0.50003 ^12.75002 ~0 ~90
execute if entity @s[tag=aj.nep_fume_ugs_skills.locator_origin.wave_of_destruction5] at @s on origin run tp @s ^-0.37501 ^0.50003 ^12.75002 ~0 ~90
execute if entity @s[tag=aj.nep_fume_ugs_skills.locator_origin.wave_of_destruction6] at @s on origin run tp @s ^-0.37499 ^0.50003 ^12.75002 ~0 ~90
execute if entity @s[tag=aj.nep_fume_ugs_skills.locator_origin.wave_of_destruction7] at @s on origin run tp @s ^-0.375 ^0.50003 ^12.75003 ~0 ~90
execute if entity @s[tag=aj.nep_fume_ugs_skills.locator_origin.wave_of_destruction8] at @s on origin run tp @s ^-0.375 ^0.50003 ^12.75001 ~0 ~90
execute if entity @s[tag=aj.nep_fume_ugs_skills.locator_origin.wave_of_destruction12] at @s on origin run tp @s ^-0.37501 ^0.50002 ^12.75002 ~0 ~90
execute if entity @s[tag=aj.nep_fume_ugs_skills.locator_origin.wave_of_destruction11] at @s on origin run tp @s ^-0.375 ^0.50002 ^12.75003 ~0 ~90
execute if entity @s[tag=aj.nep_fume_ugs_skills.locator_origin.wave_of_destruction10] at @s on origin run tp @s ^-0.37499 ^0.50002 ^12.75002 ~0 ~90
execute if entity @s[tag=aj.nep_fume_ugs_skills.locator_origin.wave_of_destruction9] at @s on origin run tp @s ^-0.375 ^0.50002 ^12.75001 ~0 ~90
execute if entity @s[tag=aj.nep_fume_ugs_skills.locator_origin.wave_of_destruction13] at @s on origin run tp @s ^-0.37501 ^0.50001 ^12.75002 ~0 ~90
execute if entity @s[tag=aj.nep_fume_ugs_skills.locator_origin.wave_of_destruction14] at @s on origin run tp @s ^-0.375 ^0.50001 ^12.75003 ~0 ~90
execute if entity @s[tag=aj.nep_fume_ugs_skills.locator_origin.wave_of_destruction15] at @s on origin run tp @s ^-0.37499 ^0.50001 ^12.75002 ~0 ~90
execute if entity @s[tag=aj.nep_fume_ugs_skills.locator_origin.wave_of_destruction16] at @s on origin run tp @s ^-0.375 ^0.50001 ^12.75001 ~0 ~90
execute if entity @s[tag=aj.nep_fume_ugs_skills.locator_origin.wave_of_destruction17] at @s on origin run tp @s ^-0.37501 ^0.5 ^12.75002 ~0 ~90
execute if entity @s[tag=aj.nep_fume_ugs_skills.locator_origin.wave_of_destruction18] at @s on origin run tp @s ^-0.375 ^0.5 ^12.75003 ~0 ~90
execute if entity @s[tag=aj.nep_fume_ugs_skills.locator_origin.wave_of_destruction19] at @s on origin run tp @s ^-0.37499 ^0.5 ^12.75002 ~0 ~90
execute if entity @s[tag=aj.nep_fume_ugs_skills.locator_origin.wave_of_destruction20] at @s on origin run tp @s ^-0.375 ^0.5 ^12.75001 ~0 ~90
execute if entity @s[tag=aj.nep_fume_ugs_skills.locator_origin.wave_of_destruction24] at @s on origin run tp @s ^-0.37499 ^0.49999 ^12.75002 ~0 ~90
execute if entity @s[tag=aj.nep_fume_ugs_skills.locator_origin.wave_of_destruction23] at @s on origin run tp @s ^-0.375 ^0.49999 ^12.75003 ~0 ~90
execute if entity @s[tag=aj.nep_fume_ugs_skills.locator_origin.wave_of_destruction22] at @s on origin run tp @s ^-0.37501 ^0.49999 ^12.75002 ~0 ~90
execute if entity @s[tag=aj.nep_fume_ugs_skills.locator_origin.wave_of_destruction21] at @s on origin run tp @s ^-0.375 ^0.49999 ^12.75001 ~0 ~90
execute if entity @s[tag=aj.nep_fume_ugs_skills.locator_origin.wave_of_destruction25] at @s on origin run tp @s ^0.00002 ^-0.00098 ^13.40862 ~0 ~90
execute if entity @s[tag=aj.nep_fume_ugs_skills.locator_origin.wave_of_destruction26] at @s on origin run tp @s ^0 ^-0.00098 ^13.40864 ~0 ~90
execute if entity @s[tag=aj.nep_fume_ugs_skills.locator_origin.wave_of_destruction27] at @s on origin run tp @s ^-0.00002 ^-0.00098 ^13.40862 ~0 ~90
execute if entity @s[tag=aj.nep_fume_ugs_skills.locator_origin.wave_of_destruction28] at @s on origin run tp @s ^0 ^-0.00098 ^13.4086 ~0 ~90
execute if entity @s[tag=aj.nep_fume_ugs_skills.locator_origin.wave_of_destruction29] at @s on origin run tp @s ^0.00002 ^-0.00097 ^13.4086 ~0 ~90
execute if entity @s[tag=aj.nep_fume_ugs_skills.locator_origin.wave_of_destruction30] at @s on origin run tp @s ^0.00001 ^-0.00098 ^13.40863 ~0 ~90
execute if entity @s[tag=aj.nep_fume_ugs_skills.locator_origin.wave_of_destruction31] at @s on origin run tp @s ^-0.00002 ^-0.00097 ^13.40863 ~0 ~90
execute if entity @s[tag=aj.nep_fume_ugs_skills.locator_origin.wave_of_destruction32] at @s on origin run tp @s ^-0.00002 ^-0.00097 ^13.4086 ~0 ~90