execute if entity @s[tag=aj.nep_fume_ugs_skills.bone.right_arm2] run data modify entity @s {} merge value {transformation:[-0.9054568474970165f,0.38996428448758724f,0.16755821121285072f,-0.7782380182124234f,0.3933095995058345f,0.9192974403291287f,-0.014134183417268992f,2.613265295888795f,-0.15954766139723295f,0.05310435978709488f,-0.9857608587858808f,21.670030256937117f,0f,0f,0f,1f],start_interpolation:0}
execute if entity @s[tag=aj.nep_fume_ugs_skills.bone.right_arm] run data modify entity @s {} merge value {transformation:[-0.9054568474970165f,0.38996428448758724f,0.16755821121285072f,-0.7513571667689758f,0.3933095995058345f,0.9192974403291287f,-0.014134183417268992f,2.8579449032669544f,-0.15954766139723295f,0.05310435978709488f,-0.9857608587858808f,21.68863214275066f,0f,0f,0f,1f],start_interpolation:0}
execute if entity @s[tag=aj.nep_fume_ugs_skills.locator_origin.fume_ugs_locator] at @s on origin run tp @s ^1.88705 ^2.44655 ^20.50386 ~-45.8426 ~32.24846
execute if entity @s[tag=aj.nep_fume_ugs_skills.locator_origin.fume_ugs_locator2] at @s on origin run tp @s ^1.56569 ^2.49995 ^20.88317 ~-45.8426 ~32.24846
execute if entity @s[tag=aj.nep_fume_ugs_skills.locator_origin.fume_ugs_locator3] at @s on origin run tp @s ^1.24434 ^2.55336 ^21.26248 ~-45.8426 ~32.24846
execute if entity @s[tag=aj.nep_fume_ugs_skills.locator_origin.fume_ugs_locator4] at @s on origin run tp @s ^0.92299 ^2.60676 ^21.6418 ~-45.8426 ~32.24846
execute if entity @s[tag=aj.nep_fume_ugs_skills.locator_origin.fume_ugs_locator5] at @s on origin run tp @s ^0.56146 ^2.66684 ^22.06853 ~-45.8426 ~32.24846
execute if entity @s[tag=aj.nep_fume_ugs_skills.locator_origin.fume_ugs_locator10] at @s on origin run tp @s ^0.33393 ^2.86694 ^21.84759 ~-45.8426 ~32.24846
execute if entity @s[tag=aj.nep_fume_ugs_skills.locator_origin.fume_ugs_locator9] at @s on origin run tp @s ^0.69545 ^2.80686 ^21.42086 ~-45.8426 ~32.24846
execute if entity @s[tag=aj.nep_fume_ugs_skills.locator_origin.fume_ugs_locator8] at @s on origin run tp @s ^1.01681 ^2.75345 ^21.04154 ~-45.8426 ~32.24846
execute if entity @s[tag=aj.nep_fume_ugs_skills.locator_origin.fume_ugs_locator7] at @s on origin run tp @s ^1.33816 ^2.70005 ^20.66223 ~-45.8426 ~32.24846
execute if entity @s[tag=aj.nep_fume_ugs_skills.locator_origin.fume_ugs_locator6] at @s on origin run tp @s ^1.65951 ^2.64665 ^20.28292 ~-45.8426 ~32.24846
execute if entity @s[tag=aj.nep_fume_ugs_skills.locator_origin.foe_ride_locator] at @s on origin run tp @s ^1.21091 ^2.64005 ^21.05719 ~-45.8426 ~32.24846
execute if entity @s[tag=aj.nep_fume_ugs_skills.bone.fume_ugs_slash] run data modify entity @s {} merge value {transformation:[0.000012472669061716667f,0.00002202622202662767f,-0.000008389826030479418f,1.6252286117519772f,0.00002237255676515618f,-0.000008076621191702408f,0.000012056036041200241f,2.5795954349806016f,0.000007417030495951306f,-0.00001267773025705143f,-0.00002225699722026047f,20.549223266543425f,0f,0f,0f,1f],start_interpolation:0}
execute if entity @s[tag=aj.nep_fume_ugs_skills.bone.gravity_vortex] run data modify entity @s {} merge value {transformation:[-0.000008569464143330366f,0.000006236334530858336f,-0.000008090129399037886f,1.5567813613591148f,0.0000014240898789485206f,0.00001118627838257809f,0.000007114557030618302f,2.53697395933258f,0.000010115039796789207f,0.0000037085152479756508f,-0.00000785561342879603f,20.67632102525777f,0f,0f,0f,1f],start_interpolation:0}
execute if entity @s[tag=aj.nep_fume_ugs_skills.bone.fume_ultra_greatsword] run data modify entity @s {} merge value {transformation:[0.9709972864546426f,1.3342655671165384f,-1.2596331474301987f,0.29059047115909276f,1.7417035441674087f,-0.22173079415228425f,1.1077365296672697f,2.7995656433433065f,0.5774158241098092f,-1.5749116963600793f,-1.223119010863542f,22.12220280481334f,0f,0f,0f,1f],start_interpolation:0}
execute if entity @s[tag=aj.nep_fume_ugs_skills.bone.left_arm2] run data modify entity @s {} merge value {transformation:[-0.5720778400706616f,-0.8098380308441216f,0.12995887310454496f,0.18132086685320445f,-0.8147509304151064f,0.5428659692778848f,-0.2036601600404496f,2.8756036904779925f,0.09438149335439627f,-0.22239357724201247f,-0.9703778802681434f,22.09808632301316f,0f,0f,0f,1f],start_interpolation:0}
execute if entity @s[tag=aj.nep_fume_ugs_skills.bone.left_arm] run data modify entity @s {} merge value {transformation:[-0.5720778400706616f,-0.4513029115356742f,0.6848741686905057f,0.029490720711175866f,-0.8147509304151064f,0.21660091248297672f,-0.5378335858788114f,2.9484739232112185f,0.09438149335439627f,-0.8656845422848706f,-0.4916120492433321f,21.806847318769293f,0f,0f,0f,1f],start_interpolation:0}
execute if entity @s[tag=aj.nep_fume_ugs_skills.bone.head] run data modify entity @s {} merge value {transformation:[-0.9930578650370839f,-0.0018386067997908095f,0.11761248323637319f,-0.3557619792896873f,-0.051207975609141795f,0.9069124273029362f,-0.4181956389508511f,2.980750258152588f,-0.10589532530760723f,-0.42131516555725024f,-0.900710670165211f,21.729058894920087f,0f,0f,0f,1f],start_interpolation:0}
execute if entity @s[tag=aj.nep_fume_ugs_skills.bone.body_top] run data modify entity @s {} merge value {transformation:[-0.9862399399779636f,-0.020883423881799812f,0.1639959249470467f,-0.3475391311362286f,-0.05576107372652055f,0.9758798772931895f,-0.21106673767103998f,2.5964975564683948f,-0.15563252696377405f,-0.21730703555385253f,-0.963616193746072f,21.814623540169418f,0f,0f,0f,1f],start_interpolation:0}
execute if entity @s[tag=aj.nep_fume_ugs_skills.bone.body] run data modify entity @s {} merge value {transformation:[-0.9862399399779636f,-0.020883423881799812f,0.1639959249470467f,-0.33840263318794117f,-0.05576107372652055f,0.9758798772931895f,-0.21106673767103998f,2.1695501101526244f,-0.15563252696377405f,-0.21730703555385253f,-0.963616193746072f,21.909695368224227f,0f,0f,0f,1f],start_interpolation:0}
execute if entity @s[tag=aj.nep_fume_ugs_skills.bone.right_leg2] run data modify entity @s {} merge value {transformation:[-0.9251288385402171f,0.3249156360917541f,0.196383455322288f,-0.5861134349740297f,0.2587373340602787f,0.9181254775194297f,-0.30016761899495364f,1.9180622361879267f,-0.2778338065545839f,-0.22688198904454943f,-0.9334521621286116f,21.908528112878837f,0f,0f,0f,1f],start_interpolation:0}
execute if entity @s[tag=aj.nep_fume_ugs_skills.bone.right_leg] run data modify entity @s {} merge value {transformation:[-0.9251288385402171f,0.3005714092458671f,0.2319341717927389f,-0.4636404466741053f,0.2587373340602787f,0.9462239974672999f,-0.19420385830457573f,2.254068714433046f,-0.2778338065545839f,-0.11965356058620939f,-0.9531481528988204f,21.869868767770583f,0f,0f,0f,1f],start_interpolation:0}
execute if entity @s[tag=aj.nep_fume_ugs_skills.bone.left_leg2] run data modify entity @s {} merge value {transformation:[-0.9479524157712576f,-0.06020645594977532f,0.31266819488941633f,-0.14801141057784512f,-0.2153876034478015f,0.8444564213138372f,-0.4904095561699834f,1.9213220706002776f,-0.23450884357407686f,-0.5322297766602275f,-0.8134722288571097f,21.928237368772397f,0f,0f,0f,1f],start_interpolation:0}
execute if entity @s[tag=aj.nep_fume_ugs_skills.bone.left_leg] run data modify entity @s {} merge value {transformation:[-0.9479524157712576f,-0.17527645038871845f,0.2658277325121843f,-0.2258131414327167f,-0.2153876034478015f,0.9678476159693518f,-0.12991986970227232f,2.2657768762853916f,-0.23450884357407686f,-0.18041385257671902f,-0.955225860246662f,21.859736939821794f,0f,0f,0f,1f],start_interpolation:0}
execute if entity @s[tag=aj.nep_fume_ugs_skills.bone.gravity_effect1] run data modify entity @s {} merge value {transformation:[-1f,0f,1.2246467991473532e-16f,-0.31250000000000244f,0f,1f,0f,1.3125f,-1.2246467991473532e-16f,0f,-1f,20.257130742187492f,0f,0f,0f,1f],start_interpolation:0}
execute if entity @s[tag=aj.nep_fume_ugs_skills.bone.gravity_effect2] run data modify entity @s {} merge value {transformation:[-1f,0f,1.2246467991473532e-16f,-0.17187500000000255f,0f,1f,0f,1.40625f,-1.2246467991473532e-16f,0f,-1f,20.897755742187492f,0f,0f,0f,1f],start_interpolation:0}
execute if entity @s[tag=aj.nep_fume_ugs_skills.bone.gravity_effect3] run data modify entity @s {} merge value {transformation:[-1f,0f,1.2246467991473532e-16f,0.28124999999999756f,0f,1f,0f,1.46875f,-1.2246467991473532e-16f,0f,-1f,20.350880742187492f,0f,0f,0f,1f],start_interpolation:0}
execute if entity @s[tag=aj.nep_fume_ugs_skills.bone.gravity_effect4] run data modify entity @s {} merge value {transformation:[-1f,0f,1.2246467991473532e-16f,-0.5468750000000026f,0f,1f,0f,0.96875f,-1.2246467991473532e-16f,0f,-1f,20.710255742187492f,0f,0f,0f,1f],start_interpolation:0}
execute if entity @s[tag=aj.nep_fume_ugs_skills.bone.gravity_effect5] run data modify entity @s {} merge value {transformation:[-1f,0f,1.2246467991473532e-16f,0.20312499999999742f,0f,1f,0f,0.59375f,-1.2246467991473532e-16f,0f,-1f,20.897755742187492f,0f,0f,0f,1f],start_interpolation:0}
execute if entity @s[tag=aj.nep_fume_ugs_skills.bone.gravity_effect6] run data modify entity @s {} merge value {transformation:[-1f,0f,1.2246467991473532e-16f,0.5156249999999974f,0f,1f,0f,0.71875f,-1.2246467991473532e-16f,0f,-1f,20.397755742187492f,0f,0f,0f,1f],start_interpolation:0}
execute if entity @s[tag=aj.nep_fume_ugs_skills.bone.gravity_effect7] run data modify entity @s {} merge value {transformation:[-1f,0f,1.2246467991473532e-16f,-0.06250000000000251f,0f,1f,0f,0.78125f,-1.2246467991473532e-16f,0f,-1f,20.569630742187492f,0f,0f,0f,1f],start_interpolation:0}
execute if entity @s[tag=aj.nep_fume_ugs_skills.bone.gravity_effect8] run data modify entity @s {} merge value {transformation:[-1f,0f,1.2246467991473532e-16f,0.09374999999999747f,0f,1f,0f,1.65625f,-1.2246467991473532e-16f,0f,-1f,20.600880742187492f,0f,0f,0f,1f],start_interpolation:0}
execute if entity @s[tag=aj.nep_fume_ugs_skills.bone.gravity_effect9] run data modify entity @s {} merge value {transformation:[-1f,0f,1.2246467991473532e-16f,0.43749999999999745f,0f,1f,0f,1.15625f,-1.2246467991473532e-16f,0f,-1f,21.194630742187492f,0f,0f,0f,1f],start_interpolation:0}
execute if entity @s[tag=aj.nep_fume_ugs_skills.locator_origin.nep_ride] at @s on origin run tp @s ^-0.0625 ^1 ^20.63213 ~0 ~0
execute if entity @s[tag=aj.nep_fume_ugs_skills.locator_origin.wave_of_destruction0] at @s on origin run tp @s ^-0.375 ^0.49999 ^12.75002 ~0 ~90
execute if entity @s[tag=aj.nep_fume_ugs_skills.locator_origin.wave_of_destruction1] at @s on origin run tp @s ^-0.375 ^0.5 ^12.75002 ~0 ~90
execute if entity @s[tag=aj.nep_fume_ugs_skills.locator_origin.wave_of_destruction2] at @s on origin run tp @s ^-0.375 ^0.50001 ^12.75002 ~0 ~90
execute if entity @s[tag=aj.nep_fume_ugs_skills.locator_origin.wave_of_destruction3] at @s on origin run tp @s ^-0.375 ^0.50002 ^12.75002 ~0 ~90
execute if entity @s[tag=aj.nep_fume_ugs_skills.locator_origin.wave_of_destruction4] at @s on origin run tp @s ^-0.375 ^0.50003 ^12.75002 ~0 ~90
execute if entity @s[tag=aj.nep_fume_ugs_skills.locator_origin.wave_of_destruction5] at @s on origin run tp @s ^-0.37501 ^0.50003 ^12.75002 ~0 ~90
execute if entity @s[tag=aj.nep_fume_ugs_skills.locator_origin.wave_of_destruction6] at @s on origin run tp @s ^-0.37499 ^0.50003 ^12.75002 ~0 ~90
execute if entity @s[tag=aj.nep_fume_ugs_skills.locator_origin.wave_of_destruction7] at @s on origin run tp @s ^-0.375 ^0.50003 ^12.75003 ~0 ~90
execute if entity @s[tag=aj.nep_fume_ugs_skills.locator_origin.wave_of_destruction8] at @s on origin run tp @s ^-0.375 ^0.50003 ^12.75001 ~0 ~90
execute if entity @s[tag=aj.nep_fume_ugs_skills.locator_origin.wave_of_destruction12] at @s on origin run tp @s ^-0.37501 ^0.50002 ^12.75002 ~0 ~90
execute if entity @s[tag=aj.nep_fume_ugs_skills.locator_origin.wave_of_destruction11] at @s on origin run tp @s ^-0.375 ^0.50002 ^12.75003 ~0 ~90
execute if entity @s[tag=aj.nep_fume_ugs_skills.locator_origin.wave_of_destruction10] at @s on origin run tp @s ^-0.37499 ^0.50002 ^12.75002 ~0 ~90
execute if entity @s[tag=aj.nep_fume_ugs_skills.locator_origin.wave_of_destruction9] at @s on origin run tp @s ^-0.375 ^0.50002 ^12.75001 ~0 ~90
execute if entity @s[tag=aj.nep_fume_ugs_skills.locator_origin.wave_of_destruction13] at @s on origin run tp @s ^-0.37501 ^0.50001 ^12.75002 ~0 ~90
execute if entity @s[tag=aj.nep_fume_ugs_skills.locator_origin.wave_of_destruction14] at @s on origin run tp @s ^-0.375 ^0.50001 ^12.75003 ~0 ~90
execute if entity @s[tag=aj.nep_fume_ugs_skills.locator_origin.wave_of_destruction15] at @s on origin run tp @s ^-0.37499 ^0.50001 ^12.75002 ~0 ~90
execute if entity @s[tag=aj.nep_fume_ugs_skills.locator_origin.wave_of_destruction16] at @s on origin run tp @s ^-0.375 ^0.50001 ^12.75001 ~0 ~90
execute if entity @s[tag=aj.nep_fume_ugs_skills.locator_origin.wave_of_destruction17] at @s on origin run tp @s ^-0.37501 ^0.5 ^12.75002 ~0 ~90
execute if entity @s[tag=aj.nep_fume_ugs_skills.locator_origin.wave_of_destruction18] at @s on origin run tp @s ^-0.375 ^0.5 ^12.75003 ~0 ~90
execute if entity @s[tag=aj.nep_fume_ugs_skills.locator_origin.wave_of_destruction19] at @s on origin run tp @s ^-0.37499 ^0.5 ^12.75002 ~0 ~90
execute if entity @s[tag=aj.nep_fume_ugs_skills.locator_origin.wave_of_destruction20] at @s on origin run tp @s ^-0.375 ^0.5 ^12.75001 ~0 ~90
execute if entity @s[tag=aj.nep_fume_ugs_skills.locator_origin.wave_of_destruction24] at @s on origin run tp @s ^-0.37499 ^0.49999 ^12.75002 ~0 ~90
execute if entity @s[tag=aj.nep_fume_ugs_skills.locator_origin.wave_of_destruction23] at @s on origin run tp @s ^-0.375 ^0.49999 ^12.75003 ~0 ~90
execute if entity @s[tag=aj.nep_fume_ugs_skills.locator_origin.wave_of_destruction22] at @s on origin run tp @s ^-0.37501 ^0.49999 ^12.75002 ~0 ~90
execute if entity @s[tag=aj.nep_fume_ugs_skills.locator_origin.wave_of_destruction21] at @s on origin run tp @s ^-0.375 ^0.49999 ^12.75001 ~0 ~90
execute if entity @s[tag=aj.nep_fume_ugs_skills.locator_origin.wave_of_destruction25] at @s on origin run tp @s ^0.00002 ^-0.00098 ^13.40862 ~0 ~90
execute if entity @s[tag=aj.nep_fume_ugs_skills.locator_origin.wave_of_destruction26] at @s on origin run tp @s ^0 ^-0.00098 ^13.40864 ~0 ~90
execute if entity @s[tag=aj.nep_fume_ugs_skills.locator_origin.wave_of_destruction27] at @s on origin run tp @s ^-0.00002 ^-0.00098 ^13.40862 ~0 ~90
execute if entity @s[tag=aj.nep_fume_ugs_skills.locator_origin.wave_of_destruction28] at @s on origin run tp @s ^0 ^-0.00098 ^13.4086 ~0 ~90
execute if entity @s[tag=aj.nep_fume_ugs_skills.locator_origin.wave_of_destruction29] at @s on origin run tp @s ^0.00002 ^-0.00097 ^13.4086 ~0 ~90
execute if entity @s[tag=aj.nep_fume_ugs_skills.locator_origin.wave_of_destruction30] at @s on origin run tp @s ^0.00001 ^-0.00098 ^13.40863 ~0 ~90
execute if entity @s[tag=aj.nep_fume_ugs_skills.locator_origin.wave_of_destruction31] at @s on origin run tp @s ^-0.00002 ^-0.00097 ^13.40863 ~0 ~90
execute if entity @s[tag=aj.nep_fume_ugs_skills.locator_origin.wave_of_destruction32] at @s on origin run tp @s ^-0.00002 ^-0.00097 ^13.4086 ~0 ~90