execute if entity @s[tag=aj.nep_fume_ugs_skills.bone.right_arm2] run data modify entity @s {} merge value {transformation:[-0.9264592616614126f,0.37622310564605566f,-0.01137590698924773f,-0.7879097773219254f,0.33027331012663874f,0.7980674135507655f,-0.5039920079191582f,2.5857748487061025f,-0.18053469777243414f,-0.47068522199706764f,-0.8636333971621218f,21.953485217678736f,0f,0f,0f,1f],start_interpolation:0}
execute if entity @s[tag=aj.nep_fume_ugs_skills.bone.right_arm] run data modify entity @s {} merge value {transformation:[-0.9264592616614126f,0.37622310564605566f,-0.01137590698924773f,-0.7626310414169908f,0.33027331012663874f,0.7980674135507655f,-0.5039920079191582f,2.80592054341299f,-0.18053469777243414f,-0.47068522199706764f,-0.8636333971621218f,21.844702961727016f,0f,0f,0f,1f],start_interpolation:0}
execute if entity @s[tag=aj.nep_fume_ugs_skills.locator_origin.fume_ugs_locator] at @s on origin run tp @s ^0.6357 ^3.10101 ^19.71415 ~-114.2667 ~58.02611
execute if entity @s[tag=aj.nep_fume_ugs_skills.locator_origin.fume_ugs_locator2] at @s on origin run tp @s ^0.59701 ^2.95659 ^20.19127 ~-114.2667 ~58.02611
execute if entity @s[tag=aj.nep_fume_ugs_skills.locator_origin.fume_ugs_locator3] at @s on origin run tp @s ^0.55832 ^2.81216 ^20.6684 ~-114.2667 ~58.02611
execute if entity @s[tag=aj.nep_fume_ugs_skills.locator_origin.fume_ugs_locator4] at @s on origin run tp @s ^0.51963 ^2.66774 ^21.14552 ~-114.2667 ~58.02611
execute if entity @s[tag=aj.nep_fume_ugs_skills.locator_origin.fume_ugs_locator5] at @s on origin run tp @s ^0.4761 ^2.50526 ^21.68228 ~-114.2667 ~58.02611
execute if entity @s[tag=aj.nep_fume_ugs_skills.locator_origin.fume_ugs_locator10] at @s on origin run tp @s ^0.29507 ^2.82337 ^21.76389 ~-114.2667 ~58.02611
execute if entity @s[tag=aj.nep_fume_ugs_skills.locator_origin.fume_ugs_locator9] at @s on origin run tp @s ^0.3386 ^2.98585 ^21.22713 ~-114.2667 ~58.02611
execute if entity @s[tag=aj.nep_fume_ugs_skills.locator_origin.fume_ugs_locator8] at @s on origin run tp @s ^0.37729 ^3.13027 ^20.75001 ~-114.2667 ~58.02611
execute if entity @s[tag=aj.nep_fume_ugs_skills.locator_origin.fume_ugs_locator7] at @s on origin run tp @s ^0.41598 ^3.27469 ^20.27289 ~-114.2667 ~58.02611
execute if entity @s[tag=aj.nep_fume_ugs_skills.locator_origin.fume_ugs_locator6] at @s on origin run tp @s ^0.45467 ^3.41912 ^19.79576 ~-114.2667 ~58.02611
execute if entity @s[tag=aj.nep_fume_ugs_skills.locator_origin.foe_ride_locator] at @s on origin run tp @s ^0.47748 ^3.00732 ^20.58992 ~-114.2667 ~58.02611
execute if entity @s[tag=aj.nep_fume_ugs_skills.bone.fume_ugs_slash] run data modify entity @s {} merge value {transformation:[0.0000232622929782101f,0.00000683275721129342f,-0.000011103614969844105f,0.5224116606422992f,0.000011835070476552069f,-0.000001540420433831582f,0.000023846788522004193f,3.2114569518683704f,0.000005468815531911272f,-0.000025730364258783095f,-0.000004376245296983962f,19.96570210393681f,0f,0f,0f,1f],start_interpolation:0}
execute if entity @s[tag=aj.nep_fume_ugs_skills.bone.gravity_vortex] run data modify entity @s {} merge value {transformation:[-0.0000010317375249062744f,0.00001163114648910505f,-0.000006436592794829992f,0.5106949982081037f,-0.000003851303986102917f,0.000005917535238276035f,0.000011310526605254373f,3.1102412124643264f,0.000012723236736935526f,0.000002734407765955633f,0.0000029017303257114415f,20.07648816109774f,0f,0f,0f,1f],start_interpolation:0}
execute if entity @s[tag=aj.nep_fume_ugs_skills.bone.fume_ultra_greatsword] run data modify entity @s {} merge value {transformation:[1.8109695083536563f,0.1606415326279073f,-1.0021774981550295f,0.35976508101033866f,0.9213602365995786f,0.5996480306362243f,1.7610489924381059f,2.6116065829793813f,0.42574728915929244f,-1.9810079599408614f,0.4517994117132714f,21.945004029309988f,0f,0f,0f,1f],start_interpolation:0}
execute if entity @s[tag=aj.nep_fume_ugs_skills.bone.left_arm2] run data modify entity @s {} merge value {transformation:[-0.6441098560144367f,-0.6135784137540351f,-0.4567756818835085f,0.280827504367263f,-0.7564828556510607f,0.599468646411991f,0.2614785480206593f,2.692270309895013f,0.11338510700739668f,0.5139638821396475f,-0.8502852141280971f,22.019606025834474f,0f,0f,0f,1f],start_interpolation:0}
execute if entity @s[tag=aj.nep_fume_ugs_skills.bone.left_arm] run data modify entity @s {} merge value {transformation:[-0.6441098560144367f,-0.7568546392961015f,0.11087627501422542f,0.02620173627377298f,-0.7564828556510607f,0.60878159942686f,-0.23899509054641915f,2.8970804204591936f,0.11338510700739668f,-0.23781509450672486f,-0.9646697871985412f,21.939598785396182f,0f,0f,0f,1f],start_interpolation:0}
execute if entity @s[tag=aj.nep_fume_ugs_skills.bone.head] run data modify entity @s {} merge value {transformation:[-0.9675367593789371f,0.018499495166754323f,0.2520523515642745f,-0.36605950131264436f,-0.0689018520039292f,0.9402297051109404f,-0.3334975808269419f,2.9277982265379303f,-0.2431566450684292f,-0.3400380424387386f,-0.9084321524767256f,21.8776858932476f,0f,0f,0f,1f],start_interpolation:0}
execute if entity @s[tag=aj.nep_fume_ugs_skills.bone.body_top] run data modify entity @s {} merge value {transformation:[-0.9860380210597326f,-0.010593376076455427f,0.1661830358607937f,-0.36188835948254006f,-0.05835885934509266f,0.9566639627039609f,-0.2852863578923717f,2.5511117912232457f,-0.15595917594212516f,-0.2910014481868734f,-0.9439252579482106f,21.992267713471183f,0f,0f,0f,1f],start_interpolation:0}
execute if entity @s[tag=aj.nep_fume_ugs_skills.bone.body] run data modify entity @s {} merge value {transformation:[-0.9860380210597326f,-0.010593376076455427f,0.1661830358607937f,-0.3572537574490908f,-0.05835885934509266f,0.9566639627039609f,-0.2852863578923717f,2.1325713075402626f,-0.15595917594212516f,-0.2910014481868734f,-0.9439252579482106f,22.11958084705294f,0f,0f,0f,1f],start_interpolation:0}
execute if entity @s[tag=aj.nep_fume_ugs_skills.bone.right_leg2] run data modify entity @s {} merge value {transformation:[-0.921387443921698f,0.30218646370889923f,0.24439418842220995f,-0.5916233658227179f,0.2453570062775193f,0.9399614150353093f,-0.23721820696429008f,1.8725738739084787f,-0.30140523826565097f,-0.1586060509436182f,-0.9402122116576114f,22.078882874160296f,0f,0f,0f,1f],start_interpolation:0}
execute if entity @s[tag=aj.nep_fume_ugs_skills.bone.right_leg] run data modify entity @s {} merge value {transformation:[-0.921387443921698f,0.2663653507414715f,0.2830100318147988f,-0.48150163908872506f,0.2453570062775193f,0.9634045939206387f,-0.10794224327455404f,2.214963696625622f,-0.30140523826565097f,-0.030018133469330993f,-0.9530235012889472f,22.072804564292657f,0f,0f,0f,1f],start_interpolation:0}
execute if entity @s[tag=aj.nep_fume_ugs_skills.bone.left_leg2] run data modify entity @s {} merge value {transformation:[-0.9371140349518825f,-0.11568323419045584f,0.3292942070906175f,-0.143444729845926f,-0.23409252581511583f,0.9081200302392114f,-0.34715803322958483f,1.8792761572043633f,-0.2588783012415325f,-0.4024119779598644f,-0.8780926062441978f,22.089801277059443f,0f,0f,0f,1f],start_interpolation:0}
execute if entity @s[tag=aj.nep_fume_ugs_skills.bone.left_leg] run data modify entity @s {} merge value {transformation:[-0.9371140349518825f,-0.23289280975065024f,0.25995812097845644f,-0.2417829901461891f,-0.23409252581511583f,0.9718451367309496f,0.026790288723743894f,2.224875307501187f,-0.2588783012415325f,-0.03574869758256488f,-0.9652481835090128f,22.07290911540881f,0f,0f,0f,1f],start_interpolation:0}
execute if entity @s[tag=aj.nep_fume_ugs_skills.bone.gravity_effect1] run data modify entity @s {} merge value {transformation:[-1f,0f,1.2246467991473532e-16f,-0.3125000000000013f,0f,1f,0f,1.3125f,-1.2246467991473532e-16f,0f,-1f,10.58203125f,0f,0f,0f,1f],start_interpolation:0}
execute if entity @s[tag=aj.nep_fume_ugs_skills.bone.gravity_effect2] run data modify entity @s {} merge value {transformation:[-1f,0f,1.2246467991473532e-16f,-0.1718750000000014f,0f,1f,0f,1.40625f,-1.2246467991473532e-16f,0f,-1f,11.22265625f,0f,0f,0f,1f],start_interpolation:0}
execute if entity @s[tag=aj.nep_fume_ugs_skills.bone.gravity_effect3] run data modify entity @s {} merge value {transformation:[-1f,0f,1.2246467991473532e-16f,0.2812499999999987f,0f,1f,0f,1.46875f,-1.2246467991473532e-16f,0f,-1f,10.67578125f,0f,0f,0f,1f],start_interpolation:0}
execute if entity @s[tag=aj.nep_fume_ugs_skills.bone.gravity_effect4] run data modify entity @s {} merge value {transformation:[-1f,0f,1.2246467991473532e-16f,-0.5468750000000013f,0f,1f,0f,0.96875f,-1.2246467991473532e-16f,0f,-1f,11.03515625f,0f,0f,0f,1f],start_interpolation:0}
execute if entity @s[tag=aj.nep_fume_ugs_skills.bone.gravity_effect5] run data modify entity @s {} merge value {transformation:[-1f,0f,1.2246467991473532e-16f,0.2031249999999986f,0f,1f,0f,0.59375f,-1.2246467991473532e-16f,0f,-1f,11.22265625f,0f,0f,0f,1f],start_interpolation:0}
execute if entity @s[tag=aj.nep_fume_ugs_skills.bone.gravity_effect6] run data modify entity @s {} merge value {transformation:[-1f,0f,1.2246467991473532e-16f,0.5156249999999987f,0f,1f,0f,0.71875f,-1.2246467991473532e-16f,0f,-1f,10.72265625f,0f,0f,0f,1f],start_interpolation:0}
execute if entity @s[tag=aj.nep_fume_ugs_skills.bone.gravity_effect7] run data modify entity @s {} merge value {transformation:[-1f,0f,1.2246467991473532e-16f,-0.06250000000000133f,0f,1f,0f,0.78125f,-1.2246467991473532e-16f,0f,-1f,10.89453125f,0f,0f,0f,1f],start_interpolation:0}
execute if entity @s[tag=aj.nep_fume_ugs_skills.bone.gravity_effect8] run data modify entity @s {} merge value {transformation:[-1f,0f,1.2246467991473532e-16f,0.09374999999999865f,0f,1f,0f,1.65625f,-1.2246467991473532e-16f,0f,-1f,10.92578125f,0f,0f,0f,1f],start_interpolation:0}
execute if entity @s[tag=aj.nep_fume_ugs_skills.bone.gravity_effect9] run data modify entity @s {} merge value {transformation:[-1f,0f,1.2246467991473532e-16f,0.4374999999999986f,0f,1f,0f,1.15625f,-1.2246467991473532e-16f,0f,-1f,11.51953125f,0f,0f,0f,1f],start_interpolation:0}
execute if entity @s[tag=aj.nep_fume_ugs_skills.locator_origin.nep_ride] at @s on origin run tp @s ^-0.0625 ^1 ^10.95703 ~0 ~0
execute if entity @s[tag=aj.nep_fume_ugs_skills.locator_origin.wave_of_destruction0] at @s on origin run tp @s ^-0.375 ^0.49999 ^15.50002 ~0 ~90
execute if entity @s[tag=aj.nep_fume_ugs_skills.locator_origin.wave_of_destruction1] at @s on origin run tp @s ^-0.375 ^0.5 ^15.50002 ~0 ~90
execute if entity @s[tag=aj.nep_fume_ugs_skills.locator_origin.wave_of_destruction2] at @s on origin run tp @s ^-0.375 ^0.50001 ^15.50002 ~0 ~90
execute if entity @s[tag=aj.nep_fume_ugs_skills.locator_origin.wave_of_destruction3] at @s on origin run tp @s ^-0.375 ^0.50002 ^15.50002 ~0 ~90
execute if entity @s[tag=aj.nep_fume_ugs_skills.locator_origin.wave_of_destruction4] at @s on origin run tp @s ^-0.375 ^0.50003 ^15.50002 ~0 ~90
execute if entity @s[tag=aj.nep_fume_ugs_skills.locator_origin.wave_of_destruction5] at @s on origin run tp @s ^-0.37501 ^0.50003 ^15.50002 ~0 ~90
execute if entity @s[tag=aj.nep_fume_ugs_skills.locator_origin.wave_of_destruction6] at @s on origin run tp @s ^-0.37499 ^0.50003 ^15.50002 ~0 ~90
execute if entity @s[tag=aj.nep_fume_ugs_skills.locator_origin.wave_of_destruction7] at @s on origin run tp @s ^-0.375 ^0.50003 ^15.50003 ~0 ~90
execute if entity @s[tag=aj.nep_fume_ugs_skills.locator_origin.wave_of_destruction8] at @s on origin run tp @s ^-0.375 ^0.50003 ^15.50001 ~0 ~90
execute if entity @s[tag=aj.nep_fume_ugs_skills.locator_origin.wave_of_destruction12] at @s on origin run tp @s ^-0.37501 ^0.50002 ^15.50002 ~0 ~90
execute if entity @s[tag=aj.nep_fume_ugs_skills.locator_origin.wave_of_destruction11] at @s on origin run tp @s ^-0.375 ^0.50002 ^15.50003 ~0 ~90
execute if entity @s[tag=aj.nep_fume_ugs_skills.locator_origin.wave_of_destruction10] at @s on origin run tp @s ^-0.37499 ^0.50002 ^15.50002 ~0 ~90
execute if entity @s[tag=aj.nep_fume_ugs_skills.locator_origin.wave_of_destruction9] at @s on origin run tp @s ^-0.375 ^0.50002 ^15.50001 ~0 ~90
execute if entity @s[tag=aj.nep_fume_ugs_skills.locator_origin.wave_of_destruction13] at @s on origin run tp @s ^-0.37501 ^0.50001 ^15.50002 ~0 ~90
execute if entity @s[tag=aj.nep_fume_ugs_skills.locator_origin.wave_of_destruction14] at @s on origin run tp @s ^-0.375 ^0.50001 ^15.50003 ~0 ~90
execute if entity @s[tag=aj.nep_fume_ugs_skills.locator_origin.wave_of_destruction15] at @s on origin run tp @s ^-0.37499 ^0.50001 ^15.50002 ~0 ~90
execute if entity @s[tag=aj.nep_fume_ugs_skills.locator_origin.wave_of_destruction16] at @s on origin run tp @s ^-0.375 ^0.50001 ^15.50001 ~0 ~90
execute if entity @s[tag=aj.nep_fume_ugs_skills.locator_origin.wave_of_destruction17] at @s on origin run tp @s ^-0.37501 ^0.5 ^15.50002 ~0 ~90
execute if entity @s[tag=aj.nep_fume_ugs_skills.locator_origin.wave_of_destruction18] at @s on origin run tp @s ^-0.375 ^0.5 ^15.50003 ~0 ~90
execute if entity @s[tag=aj.nep_fume_ugs_skills.locator_origin.wave_of_destruction19] at @s on origin run tp @s ^-0.37499 ^0.5 ^15.50002 ~0 ~90
execute if entity @s[tag=aj.nep_fume_ugs_skills.locator_origin.wave_of_destruction20] at @s on origin run tp @s ^-0.375 ^0.5 ^15.50001 ~0 ~90
execute if entity @s[tag=aj.nep_fume_ugs_skills.locator_origin.wave_of_destruction24] at @s on origin run tp @s ^-0.37499 ^0.49999 ^15.50002 ~0 ~90
execute if entity @s[tag=aj.nep_fume_ugs_skills.locator_origin.wave_of_destruction23] at @s on origin run tp @s ^-0.375 ^0.49999 ^15.50003 ~0 ~90
execute if entity @s[tag=aj.nep_fume_ugs_skills.locator_origin.wave_of_destruction22] at @s on origin run tp @s ^-0.37501 ^0.49999 ^15.50002 ~0 ~90
execute if entity @s[tag=aj.nep_fume_ugs_skills.locator_origin.wave_of_destruction21] at @s on origin run tp @s ^-0.375 ^0.49999 ^15.50001 ~0 ~90
execute if entity @s[tag=aj.nep_fume_ugs_skills.bone.gravity_thunder] run data modify entity @s {} merge value {transformation:[-0.000033461391666666666f,-4.0978386199599245e-21f,9.09902957415537e-37f,-0.37499625000000186f,0f,7.429921492866735e-21f,0.000033461391666666666f,0.5000153125f,-4.0978386199599245e-21f,0.000033461391666666666f,-7.429921492866735e-21f,15.5000065625f,0f,0f,0f,1f],start_interpolation:0}
execute if entity @s[tag=aj.nep_fume_ugs_skills.bone.wave_of_destruction] run data modify entity @s {} merge value {transformation:[-0.00003297589166666667f,-4.038382017861322e-21f,8.967009396923679e-37f,-0.3750000000000019f,0f,7.322118837175633e-21f,0.00003297589166666667f,0.5f,-4.038382017861322e-21f,0.00003297589166666667f,-7.322118837175633e-21f,15.5f,0f,0f,0f,1f],start_interpolation:0}
execute if entity @s[tag=aj.nep_fume_ugs_skills.bone.obsidian_edges0] run data modify entity @s {} merge value {transformation:[-0.00001266899649625898f,0.000012668996496258978f,4.872011346518026e-37f,-0.000011250000001994165f,2.813082321808431e-21f,2.8130823218084306e-21f,0.000017916666666666667f,-0.0009765389562499964f,0.000012668996496258978f,0.00001266899649625898f,-3.978299171573478e-21f,16.28359313478125f,0f,0f,0f,1f],start_interpolation:0}
execute if entity @s[tag=aj.nep_fume_ugs_skills.bone.obsidian_edges1] run data modify entity @s {} merge value {transformation:[-0.000012668996496258976f,-0.000012668996496258981f,4.872011346518026e-37f,0.000011011043748005837f,-2.813082321808431e-21f,2.8130823218084306e-21f,0.000017916666666666667f,-0.0009768749999999964f,-0.000012668996496258981f,0.000012668996496258976f,-3.978299171573478e-21f,16.2835930520375f,0f,0f,0f,1f],start_interpolation:0}
execute if entity @s[tag=aj.nep_fume_ugs_skills.bone.obsidian_edges2] run data modify entity @s {} merge value {transformation:[0.00001266899649625898f,-0.00001266899649625898f,4.872011346518026e-37f,0.000011011043748005834f,-2.8130823218084314e-21f,-2.8130823218084306e-21f,0.000017916666666666667f,-0.0009768749999999964f,-0.00001266899649625898f,-0.00001266899649625898f,-3.978299171573478e-21f,16.2836155520375f,0f,0f,0f,1f],start_interpolation:0}
execute if entity @s[tag=aj.nep_fume_ugs_skills.bone.obsidian_edges3] run data modify entity @s {} merge value {transformation:[0.000012668996496258976f,0.000012668996496258981f,4.872011346518026e-37f,-0.000011250000001994169f,2.8130823218084314e-21f,-2.8130823218084306e-21f,0.000017916666666666667f,-0.0009765389562499964f,0.000012668996496258981f,-0.000012668996496258976f,-3.978299171573478e-21f,16.28361625978125f,0f,0f,0f,1f],start_interpolation:0}
execute if entity @s[tag=aj.nep_fume_ugs_skills.locator_origin.wave_of_destruction25] at @s on origin run tp @s ^0.00002 ^-0.00098 ^16.28362 ~0 ~90
execute if entity @s[tag=aj.nep_fume_ugs_skills.locator_origin.wave_of_destruction26] at @s on origin run tp @s ^0 ^-0.00098 ^16.28364 ~0 ~90
execute if entity @s[tag=aj.nep_fume_ugs_skills.locator_origin.wave_of_destruction27] at @s on origin run tp @s ^-0.00002 ^-0.00098 ^16.28362 ~0 ~90
execute if entity @s[tag=aj.nep_fume_ugs_skills.locator_origin.wave_of_destruction28] at @s on origin run tp @s ^0 ^-0.00098 ^16.2836 ~0 ~90
execute if entity @s[tag=aj.nep_fume_ugs_skills.locator_origin.wave_of_destruction29] at @s on origin run tp @s ^0.00002 ^-0.00097 ^16.2836 ~0 ~90
execute if entity @s[tag=aj.nep_fume_ugs_skills.locator_origin.wave_of_destruction30] at @s on origin run tp @s ^0.00001 ^-0.00098 ^16.28363 ~0 ~90
execute if entity @s[tag=aj.nep_fume_ugs_skills.locator_origin.wave_of_destruction31] at @s on origin run tp @s ^-0.00002 ^-0.00097 ^16.28363 ~0 ~90
execute if entity @s[tag=aj.nep_fume_ugs_skills.locator_origin.wave_of_destruction32] at @s on origin run tp @s ^-0.00002 ^-0.00097 ^16.2836 ~0 ~90
execute if entity @s[tag=aj.nep_fume_ugs_skills.bone.obsidian] run data modify entity @s {} merge value {transformation:[-0.00003520181250000001f,-4.3109787002310295e-21f,9.57229562333024e-37f,-1.9941663976425587e-15f,0f,7.816372549207531e-21f,0.00003520181250000001f,-0.0009781249999999964f,-4.3109787002310295e-21f,0.00003520181250000001f,-7.816372549207531e-21f,16.283604375f,0f,0f,0f,1f],start_interpolation:0}