execute if entity @s[tag=aj.nep_fume_ugs_skills.bone.right_arm2] run data modify entity @s {} merge value {transformation:[-0.03601654971285202f,-0.025294848240582063f,-0.9990310199384543f,-0.16941469903662867f,0.8780314887489266f,-0.47820355328490416f,-0.01954651864236312f,1.398915147272317f,-0.47724575735372055f,-0.8778846919033151f,0.039432915308104666f,11.400853407545487f,0f,0f,0f,1f],start_interpolation:0}
execute if entity @s[tag=aj.nep_fume_ugs_skills.bone.right_arm] run data modify entity @s {} merge value {transformation:[-0.03601654971285202f,-0.025294848240582063f,-0.9990310199384543f,-0.16060253162320498f,0.8780314887489266f,-0.47820355328490416f,-0.01954651864236312f,1.346724533193657f,-0.47724575735372055f,-0.8778846919033151f,0.039432915308104666f,11.15974097297513f,0f,0f,0f,1f],start_interpolation:0}
execute if entity @s[tag=aj.nep_fume_ugs_skills.locator_origin.fume_ugs_locator] at @s on origin run tp @s ^-0.38536 ^1.08319 ^8.83866 ~85.17891 ~-15.6356
execute if entity @s[tag=aj.nep_fume_ugs_skills.locator_origin.fume_ugs_locator2] at @s on origin run tp @s ^-0.38853 ^0.92907 ^9.3143 ~85.17891 ~-15.6356
execute if entity @s[tag=aj.nep_fume_ugs_skills.locator_origin.fume_ugs_locator3] at @s on origin run tp @s ^-0.3917 ^0.77496 ^9.78994 ~85.17891 ~-15.6356
execute if entity @s[tag=aj.nep_fume_ugs_skills.locator_origin.fume_ugs_locator4] at @s on origin run tp @s ^-0.39487 ^0.62084 ^10.26559 ~85.17891 ~-15.6356
execute if entity @s[tag=aj.nep_fume_ugs_skills.locator_origin.fume_ugs_locator5] at @s on origin run tp @s ^-0.39844 ^0.44745 ^10.80069 ~85.17891 ~-15.6356
execute if entity @s[tag=aj.nep_fume_ugs_skills.locator_origin.fume_ugs_locator10] at @s on origin run tp @s ^-0.03859 ^0.34639 ^10.77034 ~85.17891 ~-15.6356
execute if entity @s[tag=aj.nep_fume_ugs_skills.locator_origin.fume_ugs_locator9] at @s on origin run tp @s ^-0.03503 ^0.51977 ^10.23524 ~85.17891 ~-15.6356
execute if entity @s[tag=aj.nep_fume_ugs_skills.locator_origin.fume_ugs_locator8] at @s on origin run tp @s ^-0.03186 ^0.67389 ^9.75959 ~85.17891 ~-15.6356
execute if entity @s[tag=aj.nep_fume_ugs_skills.locator_origin.fume_ugs_locator7] at @s on origin run tp @s ^-0.02869 ^0.82801 ^9.28395 ~85.17891 ~-15.6356
execute if entity @s[tag=aj.nep_fume_ugs_skills.locator_origin.fume_ugs_locator6] at @s on origin run tp @s ^-0.02552 ^0.98212 ^8.80831 ~85.17891 ~-15.6356
execute if entity @s[tag=aj.nep_fume_ugs_skills.locator_origin.foe_ride_locator] at @s on origin run tp @s ^-0.21099 ^0.76295 ^9.65586 ~85.17891 ~-15.6356
execute if entity @s[tag=aj.nep_fume_ugs_skills.bone.fume_ugs_slash] run data modify entity @s {} merge value {transformation:[-0.000007502309384520043f,-0.000009636311356133f,0.000023705863588102336f,-0.19232256833957817f,-0.000024328858872600717f,0.000010344366980870545f,-0.000003494539860019403f,0.9599665264715895f,-0.000007933037940608351f,-0.000022610764832792567f,-0.000011701766269248883f,9.028023178329818f,0f,0f,0f,1f],start_interpolation:0}
execute if entity @s[tag=aj.nep_fume_ugs_skills.bone.gravity_vortex] run data modify entity @s {} merge value {transformation:[-0.01497681013624259f,-0.37511546922600214f,1.2794509437327997f,-0.23788927486628914f,-0.7282093002205935f,-1.2164429436300357f,-0.3593575857050212f,0.9627874822369396f,2.2474192221813847f,-0.39665189703041787f,-0.10791286278885384f,9.171449724017315f,0f,0f,0f,1f],start_interpolation:0}
execute if entity @s[tag=aj.nep_fume_ugs_skills.bone.fume_ultra_greatsword] run data modify entity @s {} merge value {transformation:[-0.5840547855848853f,0.013160574748291772f,1.9921051193919692f,-0.20445057633661745f,-1.8940016632319658f,0.6398994739716195f,-0.559519760942718f,0.3223853367294966f,-0.6175870036763602f,-1.9748750498406584f,-0.16802032736224545f,11.002169481068622f,0f,0f,0f,1f],start_interpolation:0}
execute if entity @s[tag=aj.nep_fume_ugs_skills.bone.left_arm2] run data modify entity @s {} merge value {transformation:[-0.5474818883639367f,0.6542187225484513f,0.5217867811477513f,-0.11838316847134922f,0.6925882769559325f,0.004286169606479762f,0.721320391624497f,0.31724196934205723f,0.46966483851430835f,0.756293257815497f,-0.45545081803214676f,11.106424854104796f,0f,0f,0f,1f],start_interpolation:0}
execute if entity @s[tag=aj.nep_fume_ugs_skills.bone.left_arm] run data modify entity @s {} merge value {transformation:[-0.5474818883639367f,0.7649151153763921f,-0.33936477156914735f,0.13895435536304768f,0.6925882769559325f,0.6417981344351684f,0.32926681165697624f,0.5331597089670768f,0.46966483851430835f,-0.05477244657908541f,-0.8811440963651013f,11.08799796529887f,0f,0f,0f,1f],start_interpolation:0}
execute if entity @s[tag=aj.nep_fume_ugs_skills.bone.head] run data modify entity @s {} merge value {transformation:[-0.3617976173548046f,0.7277513820574824f,-0.5826494743752987f,-0.08333870692582594f,0.930469519360954f,0.3205705096018085f,-0.17737255118487905f,0.9596463414082732f,0.05769711965585787f,-0.6063105427807289f,-0.7931321252454451f,11.027787175479116f,0f,0f,0f,1f],start_interpolation:0}
execute if entity @s[tag=aj.nep_fume_ugs_skills.bone.body_top] run data modify entity @s {} merge value {transformation:[-0.1757574169893816f,0.06208745453555942f,-0.9824736527574245f,-0.10778564214920247f,0.981668512399352f,0.08580153497653879f,-0.17019115241196767f,0.9258619870112611f,0.07373101204286124f,-0.9943758065163117f,-0.07602955529378548f,11.419322649294914f,0f,0f,0f,1f],start_interpolation:0}
execute if entity @s[tag=aj.nep_fume_ugs_skills.bone.body] run data modify entity @s {} merge value {transformation:[-0.1757574169893816f,0.06208745453555942f,-0.9824736527574245f,-0.13494890350850972f,0.981668512399352f,0.08580153497653879f,-0.17019115241196767f,0.8883238154590254f,0.07373101204286124f,-0.9943758065163117f,-0.07602955529378548f,11.8543620646458f,0f,0f,0f,1f],start_interpolation:0}
execute if entity @s[tag=aj.nep_fume_ugs_skills.bone.right_leg2] run data modify entity @s {} merge value {transformation:[-0.20512085683997483f,0.49033004424454507f,-0.8470548280957837f,-0.3381397336383684f,0.9420110450372571f,-0.13594882045045134f,-0.30681119478589164f,1.0798542729809333f,-0.2655948514505698f,-0.8608683789809416f,-0.4340103788547877f,12.071546531972443f,0f,0f,0f,1f],start_interpolation:0}
execute if entity @s[tag=aj.nep_fume_ugs_skills.bone.right_leg] run data modify entity @s {} merge value {transformation:[-0.20512085683997483f,0.511545985337795f,-0.8344136498008764f,-0.15109788176947372f,0.9420110450372571f,-0.1281643881439482f,-0.31014364517027077f,1.0190762734129948f,-0.2655948514505698f,-0.8496438044830742f,-0.45559277912021173f,11.770355709290254f,0f,0f,0f,1f],start_interpolation:0}
execute if entity @s[tag=aj.nep_fume_ugs_skills.bone.left_leg2] run data modify entity @s {} merge value {transformation:[-0.29532929066208236f,-0.44195946282700316f,-0.8470256450041515f,-0.12150900575718117f,0.9343739793227313f,0.05134401995653007f,-0.3525748975456253f,0.7028401827826025f,0.19931351394633592f,-0.8955644169083378f,0.3977920289875018f,12.089686186576904f,0f,0f,0f,1f],start_interpolation:0}
execute if entity @s[tag=aj.nep_fume_ugs_skills.bone.left_leg] run data modify entity @s {} merge value {transformation:[-0.29532929066208236f,-0.0841746207741084f,-0.9516802211323755f,-0.1563737802644714f,0.9343739793227313f,0.18236026111321893f,-0.3060882257312806f,0.7829754950470832f,0.19931351394633592f,-0.9796220538474287f,0.0247942488111665f,11.740748784630895f,0f,0f,0f,1f],start_interpolation:0}
execute if entity @s[tag=aj.nep_fume_ugs_skills.bone.gravity_effect1] run data modify entity @s {} merge value {transformation:[-1f,0f,1.2246467991473532e-16f,-0.3125000000000021f,0f,1f,0f,1.3125f,-1.2246467991473532e-16f,0f,-1f,17.31598668981482f,0f,0f,0f,1f],start_interpolation:0}
execute if entity @s[tag=aj.nep_fume_ugs_skills.bone.gravity_effect2] run data modify entity @s {} merge value {transformation:[-1f,0f,1.2246467991473532e-16f,-0.1718750000000022f,0f,1f,0f,1.40625f,-1.2246467991473532e-16f,0f,-1f,17.95661168981482f,0f,0f,0f,1f],start_interpolation:0}
execute if entity @s[tag=aj.nep_fume_ugs_skills.bone.gravity_effect3] run data modify entity @s {} merge value {transformation:[-1f,0f,1.2246467991473532e-16f,0.2812499999999979f,0f,1f,0f,1.46875f,-1.2246467991473532e-16f,0f,-1f,17.40973668981482f,0f,0f,0f,1f],start_interpolation:0}
execute if entity @s[tag=aj.nep_fume_ugs_skills.bone.gravity_effect4] run data modify entity @s {} merge value {transformation:[-1f,0f,1.2246467991473532e-16f,-0.5468750000000022f,0f,1f,0f,0.96875f,-1.2246467991473532e-16f,0f,-1f,17.76911168981482f,0f,0f,0f,1f],start_interpolation:0}
execute if entity @s[tag=aj.nep_fume_ugs_skills.bone.gravity_effect5] run data modify entity @s {} merge value {transformation:[-1f,0f,1.2246467991473532e-16f,0.20312499999999778f,0f,1f,0f,0.59375f,-1.2246467991473532e-16f,0f,-1f,17.95661168981482f,0f,0f,0f,1f],start_interpolation:0}
execute if entity @s[tag=aj.nep_fume_ugs_skills.bone.gravity_effect6] run data modify entity @s {} merge value {transformation:[-1f,0f,1.2246467991473532e-16f,0.5156249999999978f,0f,1f,0f,0.71875f,-1.2246467991473532e-16f,0f,-1f,17.45661168981482f,0f,0f,0f,1f],start_interpolation:0}
execute if entity @s[tag=aj.nep_fume_ugs_skills.bone.gravity_effect7] run data modify entity @s {} merge value {transformation:[-1f,0f,1.2246467991473532e-16f,-0.06250000000000215f,0f,1f,0f,0.78125f,-1.2246467991473532e-16f,0f,-1f,17.62848668981482f,0f,0f,0f,1f],start_interpolation:0}
execute if entity @s[tag=aj.nep_fume_ugs_skills.bone.gravity_effect8] run data modify entity @s {} merge value {transformation:[-1f,0f,1.2246467991473532e-16f,0.09374999999999784f,0f,1f,0f,1.65625f,-1.2246467991473532e-16f,0f,-1f,17.65973668981482f,0f,0f,0f,1f],start_interpolation:0}
execute if entity @s[tag=aj.nep_fume_ugs_skills.bone.gravity_effect9] run data modify entity @s {} merge value {transformation:[-1f,0f,1.2246467991473532e-16f,0.4374999999999978f,0f,1f,0f,1.15625f,-1.2246467991473532e-16f,0f,-1f,18.25348668981482f,0f,0f,0f,1f],start_interpolation:0}
execute if entity @s[tag=aj.nep_fume_ugs_skills.locator_origin.nep_ride] at @s on origin run tp @s ^-0.0625 ^1 ^17.69099 ~0 ~0
execute if entity @s[tag=aj.nep_fume_ugs_skills.locator_origin.wave_of_destruction0] at @s on origin run tp @s ^0 ^-0.0625 ^14.6875 ~0 ~90
execute if entity @s[tag=aj.nep_fume_ugs_skills.locator_origin.wave_of_destruction1] at @s on origin run tp @s ^0 ^0.875 ^14.6875 ~0 ~90
execute if entity @s[tag=aj.nep_fume_ugs_skills.locator_origin.wave_of_destruction2] at @s on origin run tp @s ^0 ^1.8125 ^14.6875 ~0 ~90
execute if entity @s[tag=aj.nep_fume_ugs_skills.locator_origin.wave_of_destruction3] at @s on origin run tp @s ^0 ^2.75 ^14.6875 ~0 ~90
execute if entity @s[tag=aj.nep_fume_ugs_skills.locator_origin.wave_of_destruction4] at @s on origin run tp @s ^0 ^3.6875 ^14.6875 ~0 ~90
execute if entity @s[tag=aj.nep_fume_ugs_skills.locator_origin.wave_of_destruction5] at @s on origin run tp @s ^-0.9375 ^3.6875 ^14.6875 ~0 ~90
execute if entity @s[tag=aj.nep_fume_ugs_skills.locator_origin.wave_of_destruction6] at @s on origin run tp @s ^0.9375 ^3.6875 ^14.6875 ~0 ~90
execute if entity @s[tag=aj.nep_fume_ugs_skills.locator_origin.wave_of_destruction7] at @s on origin run tp @s ^0 ^3.6875 ^15.625 ~0 ~90
execute if entity @s[tag=aj.nep_fume_ugs_skills.locator_origin.wave_of_destruction8] at @s on origin run tp @s ^0 ^3.6875 ^13.75 ~0 ~90
execute if entity @s[tag=aj.nep_fume_ugs_skills.locator_origin.wave_of_destruction12] at @s on origin run tp @s ^-0.9375 ^2.75 ^14.6875 ~0 ~90
execute if entity @s[tag=aj.nep_fume_ugs_skills.locator_origin.wave_of_destruction11] at @s on origin run tp @s ^0 ^2.75 ^15.625 ~0 ~90
execute if entity @s[tag=aj.nep_fume_ugs_skills.locator_origin.wave_of_destruction10] at @s on origin run tp @s ^0.9375 ^2.75 ^14.6875 ~0 ~90
execute if entity @s[tag=aj.nep_fume_ugs_skills.locator_origin.wave_of_destruction9] at @s on origin run tp @s ^0 ^2.75 ^13.75 ~0 ~90
execute if entity @s[tag=aj.nep_fume_ugs_skills.locator_origin.wave_of_destruction13] at @s on origin run tp @s ^-0.9375 ^1.8125 ^14.6875 ~0 ~90
execute if entity @s[tag=aj.nep_fume_ugs_skills.locator_origin.wave_of_destruction14] at @s on origin run tp @s ^0 ^1.8125 ^15.625 ~0 ~90
execute if entity @s[tag=aj.nep_fume_ugs_skills.locator_origin.wave_of_destruction15] at @s on origin run tp @s ^0.9375 ^1.8125 ^14.6875 ~0 ~90
execute if entity @s[tag=aj.nep_fume_ugs_skills.locator_origin.wave_of_destruction16] at @s on origin run tp @s ^0 ^1.8125 ^13.75 ~0 ~90
execute if entity @s[tag=aj.nep_fume_ugs_skills.locator_origin.wave_of_destruction17] at @s on origin run tp @s ^-0.9375 ^0.875 ^14.6875 ~0 ~90
execute if entity @s[tag=aj.nep_fume_ugs_skills.locator_origin.wave_of_destruction18] at @s on origin run tp @s ^0 ^0.875 ^15.625 ~0 ~90
execute if entity @s[tag=aj.nep_fume_ugs_skills.locator_origin.wave_of_destruction19] at @s on origin run tp @s ^0.9375 ^0.875 ^14.6875 ~0 ~90
execute if entity @s[tag=aj.nep_fume_ugs_skills.locator_origin.wave_of_destruction20] at @s on origin run tp @s ^0 ^0.875 ^13.75 ~0 ~90
execute if entity @s[tag=aj.nep_fume_ugs_skills.locator_origin.wave_of_destruction24] at @s on origin run tp @s ^0.9375 ^-0.0625 ^14.6875 ~0 ~90
execute if entity @s[tag=aj.nep_fume_ugs_skills.locator_origin.wave_of_destruction23] at @s on origin run tp @s ^0 ^-0.0625 ^15.625 ~0 ~90
execute if entity @s[tag=aj.nep_fume_ugs_skills.locator_origin.wave_of_destruction22] at @s on origin run tp @s ^-0.9375 ^-0.0625 ^14.6875 ~0 ~90
execute if entity @s[tag=aj.nep_fume_ugs_skills.locator_origin.wave_of_destruction21] at @s on origin run tp @s ^0 ^-0.0625 ^13.75 ~0 ~90
execute if entity @s[tag=aj.nep_fume_ugs_skills.bone.gravity_thunder] run data modify entity @s {} merge value {transformation:[-3.346139166666666f,-4.0978386199599245e-16f,9.09902957415537e-32f,-1.609823385706477e-15f,0f,7.429921492866734e-16f,3.346139166666666f,2.03125f,-4.0978386199599245e-16f,3.346139166666666f,-7.429921492866734e-16f,13.40625f,0f,0f,0f,1f],start_interpolation:0}
execute if entity @s[tag=aj.nep_fume_ugs_skills.bone.wave_of_destruction] run data modify entity @s {} merge value {transformation:[-3.297589166666667f,-4.0383820178613216e-16f,8.967009396923679e-32f,-0.37500000000000155f,0f,7.322118837175633e-16f,3.297589166666667f,0.5f,-4.0383820178613216e-16f,3.297589166666667f,-7.322118837175633e-16f,12.75f,0f,0f,0f,1f],start_interpolation:0}
execute if entity @s[tag=aj.nep_fume_ugs_skills.bone.obsidian_edges0] run data modify entity @s {} merge value {transformation:[-1.2668996496258977f,1.2668996496258975f,4.8720113465180265e-32f,-1.1250000000000013f,2.8130823218084305e-16f,2.81308232180843e-16f,1.7916666666666667f,0.15762624999999966f,1.2668996496258975f,1.2668996496258977f,-3.978299171573478e-16f,12.284582499999999f,0f,0f,0f,1f],start_interpolation:0}
execute if entity @s[tag=aj.nep_fume_ugs_skills.bone.obsidian_edges1] run data modify entity @s {} merge value {transformation:[-1.2668996496258973f,-1.266899649625898f,4.8720113465180265e-32f,1.1011043749999987f,-2.8130823218084305e-16f,2.81308232180843e-16f,1.7916666666666667f,0.12402187499999931f,-1.266899649625898f,1.2668996496258973f,-3.978299171573478e-16f,12.276308125f,0f,0f,0f,1f],start_interpolation:0}
execute if entity @s[tag=aj.nep_fume_ugs_skills.bone.obsidian_edges2] run data modify entity @s {} merge value {transformation:[1.2668996496258977f,-1.2668996496258977f,4.8720113465180265e-32f,1.1011043749999982f,-2.813082321808431e-16f,-2.81308232180843e-16f,1.7916666666666667f,0.12402187499999981f,-1.2668996496258977f,-1.2668996496258977f,-3.978299171573478e-16f,14.526308125f,0f,0f,0f,1f],start_interpolation:0}
execute if entity @s[tag=aj.nep_fume_ugs_skills.bone.obsidian_edges3] run data modify entity @s {} merge value {transformation:[1.2668996496258973f,1.2668996496258982f,4.8720113465180265e-32f,-1.1250000000000018f,2.813082321808431e-16f,-2.81308232180843e-16f,1.7916666666666667f,0.1576262500000002f,1.2668996496258982f,-1.2668996496258973f,-3.978299171573478e-16f,14.597082499999999f,0f,0f,0f,1f],start_interpolation:0}
execute if entity @s[tag=aj.nep_fume_ugs_skills.locator_origin.wave_of_destruction25] at @s on origin run tp @s ^2 ^0.22013 ^14.65958 ~0 ~90
execute if entity @s[tag=aj.nep_fume_ugs_skills.locator_origin.wave_of_destruction26] at @s on origin run tp @s ^0 ^0.22013 ^16.65958 ~0 ~90
execute if entity @s[tag=aj.nep_fume_ugs_skills.locator_origin.wave_of_destruction27] at @s on origin run tp @s ^-2 ^0.22013 ^14.65958 ~0 ~90
execute if entity @s[tag=aj.nep_fume_ugs_skills.locator_origin.wave_of_destruction28] at @s on origin run tp @s ^0 ^0.22013 ^12.65958 ~0 ~90
execute if entity @s[tag=aj.nep_fume_ugs_skills.locator_origin.wave_of_destruction29] at @s on origin run tp @s ^1.625 ^0.40763 ^12.97208 ~0 ~90
execute if entity @s[tag=aj.nep_fume_ugs_skills.locator_origin.wave_of_destruction30] at @s on origin run tp @s ^1.4375 ^0.28263 ^16.09708 ~0 ~90
execute if entity @s[tag=aj.nep_fume_ugs_skills.locator_origin.wave_of_destruction31] at @s on origin run tp @s ^-1.5625 ^0.40763 ^16.22208 ~0 ~90
execute if entity @s[tag=aj.nep_fume_ugs_skills.locator_origin.wave_of_destruction32] at @s on origin run tp @s ^-1.5 ^0.40763 ^13.15958 ~0 ~90
execute if entity @s[tag=aj.nep_fume_ugs_skills.bone.obsidian] run data modify entity @s {} merge value {transformation:[-3.5201812500000007f,-4.3109787002310296e-16f,9.572295623330239e-32f,-1.6420804428876945e-15f,0f,7.81637254920753e-16f,3.5201812500000007f,-0.0009781249999999964f,-4.3109787002310296e-16f,3.5201812500000007f,-7.81637254920753e-16f,13.408604375f,0f,0f,0f,1f],start_interpolation:0}