execute if entity @s[tag=aj.nep_fume_ugs_skills.bone.right_arm2] run data modify entity @s {} merge value {transformation:[0.6849431949377301f,-0.4536816024920928f,-0.5701103606045942f,0.5273270683008653f,-0.4477462964065467f,0.3551918633948499f,-0.8205863721950998f,1.8601884622878486f,0.5747835016445015f,0.8173198539973812f,0.040151992465932484f,0.4194688147000959f,0f,0f,0f,1f],start_interpolation:0}
execute if entity @s[tag=aj.nep_fume_ugs_skills.bone.right_arm] run data modify entity @s {} merge value {transformation:[0.6849431949377301f,-0.4536816024920928f,-0.5701103606045942f,0.4771443081198494f,-0.4477462964065467f,0.3551918633948499f,-0.8205863721950998f,1.9274841375252638f,0.5747835016445015f,0.8173198539973812f,0.040151992465932484f,0.6516105325106314f,0f,0f,0f,1f],start_interpolation:0}
execute if entity @s[tag=aj.nep_fume_ugs_skills.locator_origin.fume_ugs_locator] at @s on origin run tp @s ^-2.42697 ^2.40939 ^0.09604 ~171.17443 ~-38.54983
execute if entity @s[tag=aj.nep_fume_ugs_skills.locator_origin.fume_ugs_locator2] at @s on origin run tp @s ^-1.95653 ^2.56927 ^0.15192 ~171.17443 ~-38.54983
execute if entity @s[tag=aj.nep_fume_ugs_skills.locator_origin.fume_ugs_locator3] at @s on origin run tp @s ^-1.48609 ^2.72915 ^0.20781 ~171.17443 ~-38.54983
execute if entity @s[tag=aj.nep_fume_ugs_skills.locator_origin.fume_ugs_locator4] at @s on origin run tp @s ^-1.01565 ^2.88903 ^0.2637 ~171.17443 ~-38.54983
execute if entity @s[tag=aj.nep_fume_ugs_skills.locator_origin.fume_ugs_locator5] at @s on origin run tp @s ^-0.48641 ^3.0689 ^0.32657 ~171.17443 ~-38.54983
execute if entity @s[tag=aj.nep_fume_ugs_skills.locator_origin.fume_ugs_locator10] at @s on origin run tp @s ^-0.44141 ^2.8352 ^0.61637 ~171.17443 ~-38.54983
execute if entity @s[tag=aj.nep_fume_ugs_skills.locator_origin.fume_ugs_locator9] at @s on origin run tp @s ^-0.97065 ^2.65533 ^0.5535 ~171.17443 ~-38.54983
execute if entity @s[tag=aj.nep_fume_ugs_skills.locator_origin.fume_ugs_locator8] at @s on origin run tp @s ^-1.4411 ^2.49545 ^0.49761 ~171.17443 ~-38.54983
execute if entity @s[tag=aj.nep_fume_ugs_skills.locator_origin.fume_ugs_locator7] at @s on origin run tp @s ^-1.91154 ^2.33557 ^0.44173 ~171.17443 ~-38.54983
execute if entity @s[tag=aj.nep_fume_ugs_skills.locator_origin.fume_ugs_locator6] at @s on origin run tp @s ^-2.38198 ^2.17569 ^0.38584 ~171.17443 ~-38.54983
execute if entity @s[tag=aj.nep_fume_ugs_skills.bone.fume_ugs_slash] run data modify entity @s {} merge value {transformation:[-0.000008447260586483277f,-0.000024404779036050718f,-0.000006645423981710854f,-2.1990846622080005f,0.000019032210003613268f,-0.0000015183215664228103f,-0.000018616680507287303f,2.353426801638046f,0.00001665922813558665f,-0.000010640139610624796f,0.000017898845161182982f,0.2783695119425532f,0f,0f,0f,1f],start_interpolation:0}
execute if entity @s[tag=aj.nep_fume_ugs_skills.bone.gravity_vortex] run data modify entity @s {} merge value {transformation:[1.309073193406983f,-0.24873857703638816f,0.0942195551057087f,-2.0676878308097653f,0.4448962105495131f,0.560423676491236f,-0.4893504055762995f,2.4087833152031086f,0.155512864186328f,0.49054870020240565f,0.6068298444756186f,0.23004337203218916f,0f,0f,0f,1f],start_interpolation:0}
execute if entity @s[tag=aj.nep_fume_ugs_skills.bone.fume_ultra_greatsword] run data modify entity @s {} merge value {transformation:[-0.6576192366577225f,-1.9532696960195355f,0.24909924566217223f,-0.24640139419552987f,1.4816575487812915f,-0.6638301741391802f,-1.2937528388536044f,3.014977723504126f,1.2969209103554193f,-0.23204093284180413f,1.6043469567923183f,0.5092134404104209f,0f,0f,0f,1f],start_interpolation:0}
execute if entity @s[tag=aj.nep_fume_ugs_skills.bone.left_arm2] run data modify entity @s {} merge value {transformation:[0.6479745255256097f,0.5636308309029757f,-0.5122980584830295f,-0.1644176200223541f,0.16399862117081088f,-0.7600738622490508f,-0.6288021757117924f,2.916876578788675f,-0.7437966567039229f,0.32343161623661915f,-0.5849431793726928f,0.5536117013299088f,0f,0f,0f,1f],start_interpolation:0}
execute if entity @s[tag=aj.nep_fume_ugs_skills.bone.left_arm] run data modify entity @s {} merge value {transformation:[0.6479745255256097f,0.2679618677685375f,-0.7129694605604487f,-0.07426833931311463f,0.16399862117081088f,-0.9631991713211074f,-0.21295964082521585f,2.592831545077619f,-0.7437966567039229f,0.021066413751012772f,-0.6680739028638503f,0.560698986034229f,0f,0f,0f,1f],start_interpolation:0}
execute if entity @s[tag=aj.nep_fume_ugs_skills.bone.head] run data modify entity @s {} merge value {transformation:[0.26922231653417183f,0.2652438996711698f,-0.9258320679082161f,0.17949297700339334f,-0.9277916225104501f,0.329266763737565f,-0.17545969194437983f,2.2116294333698843f,0.2583061158381663f,0.9062169011804075f,0.33473702892805074f,0.7138688823307423f,0f,0f,0f,1f],start_interpolation:0}
execute if entity @s[tag=aj.nep_fume_ugs_skills.bone.body_top] run data modify entity @s {} merge value {transformation:[0.7552362501693552f,0.06740302066969324f,-0.6519777904459102f,0.15295303761470164f,-0.6487162203058128f,0.21910957668624664f,-0.7288060502743606f,2.125355037549675f,0.0937308484025975f,0.973369316451353f,0.20920492787875355f,0.330604713978022f,0f,0f,0f,1f],start_interpolation:0}
execute if entity @s[tag=aj.nep_fume_ugs_skills.bone.body] run data modify entity @s {} merge value {transformation:[0.7552362501693552f,0.06740302066969324f,-0.6519777904459102f,0.12346421607171083f,-0.6487162203058128f,0.21910957668624664f,-0.7288060502743606f,2.029494597749442f,0.0937308484025975f,0.973369316451353f,0.20920492787875355f,-0.09524436196944497f,0f,0f,0f,1f],start_interpolation:0}
execute if entity @s[tag=aj.nep_fume_ugs_skills.bone.right_leg2] run data modify entity @s {} merge value {transformation:[0.7094242252659899f,-0.4585590446236365f,-0.5352017107592304f,0.35061346003666466f,-0.5905027987374889f,0.02781165314252876f,-0.8065562327777724f,1.882335757916874f,0.3847384998787384f,0.8882286386642444f,-0.2510501387526417f,-0.31771224872528947f,0f,0f,0f,1f],start_interpolation:0}
execute if entity @s[tag=aj.nep_fume_ugs_skills.bone.right_leg] run data modify entity @s {} merge value {transformation:[0.7094242252659899f,-0.32094866361382846f,-0.6274625279092344f,0.22418778053066396f,-0.5905027987374889f,0.21533002818338398f,-0.7777785183750806f,1.968946593025551f,0.3847384998787384f,0.922293301660074f,-0.03676074569452176f,0.007725367498194302f,0f,0f,0f,1f],start_interpolation:0}
execute if entity @s[tag=aj.nep_fume_ugs_skills.bone.left_leg2] run data modify entity @s {} merge value {transformation:[0.44768716028419586f,-0.058525965906811916f,-0.8922728942601285f,-0.07489613717988045f,-0.8930712537806771f,0.020640223204237085f,-0.4494415611141106f,2.0764166499196834f,0.044720713179488294f,0.9980724886002788f,-0.04302749483718499f,-0.3537027781300666f,0f,0f,0f,1f],start_interpolation:0}
execute if entity @s[tag=aj.nep_fume_ugs_skills.bone.left_leg] run data modify entity @s {} merge value {transformation:[0.44768716028419586f,0.28738711176004184f,-0.8467495819372414f,0.03537871798832515f,-0.8930712537806771f,0.19106291901953126f,-0.4073311879126684f,2.1311256481020044f,0.044720713179488294f,0.9385646535907672f,0.3421935838714113f,-0.015707344602455153f,0f,0f,0f,1f],start_interpolation:0}
execute if entity @s[tag=aj.nep_fume_ugs_skills.bone.gravity_effect1] run data modify entity @s {} merge value {transformation:[-1f,0f,1.2246467991473532e-16f,-0.31249999999999956f,0f,1f,0f,1.3125f,-1.2246467991473532e-16f,0f,-1f,-3.575999999999998f,0f,0f,0f,1f],start_interpolation:0}
execute if entity @s[tag=aj.nep_fume_ugs_skills.bone.gravity_effect2] run data modify entity @s {} merge value {transformation:[-1f,0f,1.2246467991473532e-16f,-0.17187499999999964f,0f,1f,0f,1.40625f,-1.2246467991473532e-16f,0f,-1f,-2.935374999999998f,0f,0f,0f,1f],start_interpolation:0}
execute if entity @s[tag=aj.nep_fume_ugs_skills.bone.gravity_effect3] run data modify entity @s {} merge value {transformation:[-1f,0f,1.2246467991473532e-16f,0.28125000000000044f,0f,1f,0f,1.46875f,-1.2246467991473532e-16f,0f,-1f,-3.482249999999998f,0f,0f,0f,1f],start_interpolation:0}
execute if entity @s[tag=aj.nep_fume_ugs_skills.bone.gravity_effect4] run data modify entity @s {} merge value {transformation:[-1f,0f,1.2246467991473532e-16f,-0.5468749999999996f,0f,1f,0f,0.96875f,-1.2246467991473532e-16f,0f,-1f,-3.122874999999998f,0f,0f,0f,1f],start_interpolation:0}
execute if entity @s[tag=aj.nep_fume_ugs_skills.bone.gravity_effect5] run data modify entity @s {} merge value {transformation:[-1f,0f,1.2246467991473532e-16f,0.20312500000000033f,0f,1f,0f,0.59375f,-1.2246467991473532e-16f,0f,-1f,-2.935374999999998f,0f,0f,0f,1f],start_interpolation:0}
execute if entity @s[tag=aj.nep_fume_ugs_skills.bone.gravity_effect6] run data modify entity @s {} merge value {transformation:[-1f,0f,1.2246467991473532e-16f,0.5156250000000004f,0f,1f,0f,0.71875f,-1.2246467991473532e-16f,0f,-1f,-3.435374999999998f,0f,0f,0f,1f],start_interpolation:0}
execute if entity @s[tag=aj.nep_fume_ugs_skills.bone.gravity_effect7] run data modify entity @s {} merge value {transformation:[-1f,0f,1.2246467991473532e-16f,-0.062499999999999604f,0f,1f,0f,0.78125f,-1.2246467991473532e-16f,0f,-1f,-3.263499999999998f,0f,0f,0f,1f],start_interpolation:0}
execute if entity @s[tag=aj.nep_fume_ugs_skills.bone.gravity_effect8] run data modify entity @s {} merge value {transformation:[-1f,0f,1.2246467991473532e-16f,0.09375000000000039f,0f,1f,0f,1.65625f,-1.2246467991473532e-16f,0f,-1f,-3.232249999999998f,0f,0f,0f,1f],start_interpolation:0}
execute if entity @s[tag=aj.nep_fume_ugs_skills.bone.gravity_effect9] run data modify entity @s {} merge value {transformation:[-1f,0f,1.2246467991473532e-16f,0.43750000000000033f,0f,1f,0f,1.15625f,-1.2246467991473532e-16f,0f,-1f,-2.638499999999998f,0f,0f,0f,1f],start_interpolation:0}
execute if entity @s[tag=aj.nep_fume_ugs_skills.locator_origin.nep_ride] at @s on origin run tp @s ^-0.0625 ^1 ^-3.201 ~0 ~0
execute if entity @s[tag=aj.nep_fume_ugs_skills.locator_origin.wave_of_destruction0] at @s on origin run tp @s ^-0.375 ^2.56249 ^0.18752 ~0 ~90
execute if entity @s[tag=aj.nep_fume_ugs_skills.locator_origin.wave_of_destruction1] at @s on origin run tp @s ^-0.375 ^2.5625 ^0.18752 ~0 ~90
execute if entity @s[tag=aj.nep_fume_ugs_skills.locator_origin.wave_of_destruction2] at @s on origin run tp @s ^-0.375 ^2.56251 ^0.18752 ~0 ~90
execute if entity @s[tag=aj.nep_fume_ugs_skills.locator_origin.wave_of_destruction3] at @s on origin run tp @s ^-0.375 ^2.56252 ^0.18752 ~0 ~90
execute if entity @s[tag=aj.nep_fume_ugs_skills.locator_origin.wave_of_destruction4] at @s on origin run tp @s ^-0.375 ^2.56253 ^0.18752 ~0 ~90
execute if entity @s[tag=aj.nep_fume_ugs_skills.locator_origin.wave_of_destruction5] at @s on origin run tp @s ^-0.37501 ^2.56253 ^0.18752 ~0 ~90
execute if entity @s[tag=aj.nep_fume_ugs_skills.locator_origin.wave_of_destruction6] at @s on origin run tp @s ^-0.37499 ^2.56253 ^0.18752 ~0 ~90
execute if entity @s[tag=aj.nep_fume_ugs_skills.locator_origin.wave_of_destruction7] at @s on origin run tp @s ^-0.375 ^2.56253 ^0.18753 ~0 ~90
execute if entity @s[tag=aj.nep_fume_ugs_skills.locator_origin.wave_of_destruction8] at @s on origin run tp @s ^-0.375 ^2.56253 ^0.18751 ~0 ~90
execute if entity @s[tag=aj.nep_fume_ugs_skills.locator_origin.wave_of_destruction12] at @s on origin run tp @s ^-0.37501 ^2.56252 ^0.18752 ~0 ~90
execute if entity @s[tag=aj.nep_fume_ugs_skills.locator_origin.wave_of_destruction11] at @s on origin run tp @s ^-0.375 ^2.56252 ^0.18753 ~0 ~90
execute if entity @s[tag=aj.nep_fume_ugs_skills.locator_origin.wave_of_destruction10] at @s on origin run tp @s ^-0.37499 ^2.56252 ^0.18752 ~0 ~90
execute if entity @s[tag=aj.nep_fume_ugs_skills.locator_origin.wave_of_destruction9] at @s on origin run tp @s ^-0.375 ^2.56252 ^0.18751 ~0 ~90
execute if entity @s[tag=aj.nep_fume_ugs_skills.locator_origin.wave_of_destruction13] at @s on origin run tp @s ^-0.37501 ^2.56251 ^0.18752 ~0 ~90
execute if entity @s[tag=aj.nep_fume_ugs_skills.locator_origin.wave_of_destruction14] at @s on origin run tp @s ^-0.375 ^2.56251 ^0.18753 ~0 ~90
execute if entity @s[tag=aj.nep_fume_ugs_skills.locator_origin.wave_of_destruction15] at @s on origin run tp @s ^-0.37499 ^2.56251 ^0.18752 ~0 ~90
execute if entity @s[tag=aj.nep_fume_ugs_skills.locator_origin.wave_of_destruction16] at @s on origin run tp @s ^-0.375 ^2.56251 ^0.18751 ~0 ~90
execute if entity @s[tag=aj.nep_fume_ugs_skills.locator_origin.wave_of_destruction17] at @s on origin run tp @s ^-0.37501 ^2.5625 ^0.18752 ~0 ~90
execute if entity @s[tag=aj.nep_fume_ugs_skills.locator_origin.wave_of_destruction18] at @s on origin run tp @s ^-0.375 ^2.5625 ^0.18753 ~0 ~90
execute if entity @s[tag=aj.nep_fume_ugs_skills.locator_origin.wave_of_destruction19] at @s on origin run tp @s ^-0.37499 ^2.5625 ^0.18752 ~0 ~90
execute if entity @s[tag=aj.nep_fume_ugs_skills.locator_origin.wave_of_destruction20] at @s on origin run tp @s ^-0.375 ^2.5625 ^0.18751 ~0 ~90
execute if entity @s[tag=aj.nep_fume_ugs_skills.locator_origin.wave_of_destruction24] at @s on origin run tp @s ^-0.37499 ^2.56249 ^0.18752 ~0 ~90
execute if entity @s[tag=aj.nep_fume_ugs_skills.locator_origin.wave_of_destruction23] at @s on origin run tp @s ^-0.375 ^2.56249 ^0.18753 ~0 ~90
execute if entity @s[tag=aj.nep_fume_ugs_skills.locator_origin.wave_of_destruction22] at @s on origin run tp @s ^-0.37501 ^2.56249 ^0.18752 ~0 ~90
execute if entity @s[tag=aj.nep_fume_ugs_skills.locator_origin.wave_of_destruction21] at @s on origin run tp @s ^-0.375 ^2.56249 ^0.18751 ~0 ~90
execute if entity @s[tag=aj.nep_fume_ugs_skills.locator_origin.wave_of_destruction25] at @s on origin run tp @s ^0.00002 ^-0.00098 ^2.31487 ~0 ~90
execute if entity @s[tag=aj.nep_fume_ugs_skills.locator_origin.wave_of_destruction26] at @s on origin run tp @s ^0 ^-0.00098 ^2.31489 ~0 ~90
execute if entity @s[tag=aj.nep_fume_ugs_skills.locator_origin.wave_of_destruction27] at @s on origin run tp @s ^-0.00002 ^-0.00098 ^2.31487 ~0 ~90
execute if entity @s[tag=aj.nep_fume_ugs_skills.locator_origin.wave_of_destruction28] at @s on origin run tp @s ^0 ^-0.00098 ^2.31485 ~0 ~90
execute if entity @s[tag=aj.nep_fume_ugs_skills.locator_origin.wave_of_destruction29] at @s on origin run tp @s ^0.00002 ^-0.00097 ^2.31485 ~0 ~90
execute if entity @s[tag=aj.nep_fume_ugs_skills.locator_origin.wave_of_destruction30] at @s on origin run tp @s ^0.00001 ^-0.00098 ^2.31488 ~0 ~90
execute if entity @s[tag=aj.nep_fume_ugs_skills.locator_origin.wave_of_destruction31] at @s on origin run tp @s ^-0.00002 ^-0.00097 ^2.31488 ~0 ~90
execute if entity @s[tag=aj.nep_fume_ugs_skills.locator_origin.wave_of_destruction32] at @s on origin run tp @s ^-0.00002 ^-0.00097 ^2.31485 ~0 ~90