execute if entity @s[tag=aj.nep_fume_ugs_skills.bone.right_arm2] run data modify entity @s {} merge value {transformation:[0.8893167983833026f,-0.33890649167419257f,0.30701469348284194f,0.3631391705042616f,0.17367202046786706f,-0.37076255036878636f,-0.9123448693069097f,1.3439170542829486f,0.4230291496101441f,0.8646834803239414f,-0.2708667890956634f,9.018714630998252f,0f,0f,0f,1f],start_interpolation:0}
execute if entity @s[tag=aj.nep_fume_ugs_skills.bone.right_arm] run data modify entity @s {} merge value {transformation:[0.8893167983833026f,-0.33890649167419257f,0.30701469348284194f,0.3390100678208793f,0.17367202046786706f,-0.37076255036878636f,-0.9123448693069097f,1.2840137004967571f,0.4230291496101441f,0.8646834803239414f,-0.2708667890956634f,9.25697115049338f,0f,0f,0f,1f],start_interpolation:0}
execute if entity @s[tag=aj.nep_fume_ugs_skills.locator_origin.fume_ugs_locator] at @s on origin run tp @s ^-0.1772 ^0.74433 ^11.39657 ~-94.38242 ~28.26345
execute if entity @s[tag=aj.nep_fume_ugs_skills.locator_origin.fume_ugs_locator2] at @s on origin run tp @s ^-0.20802 ^0.75809 ^10.89771 ~-94.38242 ~28.26345
execute if entity @s[tag=aj.nep_fume_ugs_skills.locator_origin.fume_ugs_locator3] at @s on origin run tp @s ^-0.23883 ^0.77184 ^10.39885 ~-94.38242 ~28.26345
execute if entity @s[tag=aj.nep_fume_ugs_skills.locator_origin.fume_ugs_locator4] at @s on origin run tp @s ^-0.26964 ^0.7856 ^9.89999 ~-94.38242 ~28.26345
execute if entity @s[tag=aj.nep_fume_ugs_skills.locator_origin.fume_ugs_locator5] at @s on origin run tp @s ^-0.30431 ^0.80108 ^9.33878 ~-94.38242 ~28.26345
execute if entity @s[tag=aj.nep_fume_ugs_skills.locator_origin.fume_ugs_locator10] at @s on origin run tp @s ^-0.63363 ^0.97865 ^9.36401 ~-94.38242 ~28.26345
execute if entity @s[tag=aj.nep_fume_ugs_skills.locator_origin.fume_ugs_locator9] at @s on origin run tp @s ^-0.59897 ^0.96317 ^9.92523 ~-94.38242 ~28.26345
execute if entity @s[tag=aj.nep_fume_ugs_skills.locator_origin.fume_ugs_locator8] at @s on origin run tp @s ^-0.56816 ^0.94942 ^10.42409 ~-94.38242 ~28.26345
execute if entity @s[tag=aj.nep_fume_ugs_skills.locator_origin.fume_ugs_locator7] at @s on origin run tp @s ^-0.53734 ^0.93566 ^10.92295 ~-94.38242 ~28.26345
execute if entity @s[tag=aj.nep_fume_ugs_skills.locator_origin.fume_ugs_locator6] at @s on origin run tp @s ^-0.50653 ^0.9219 ^11.42181 ~-94.38242 ~28.26345
execute if entity @s[tag=aj.nep_fume_ugs_skills.bone.fume_ugs_slash] run data modify entity @s {} merge value {transformation:[-0.000012647964479405018f,0.00001048025228093315f,-0.000021007246791686358f,-0.3698003479254035f,-0.000023475992057194773f,-0.0000055101764013837386f,0.000011385379399355745f,0.8449156900321191f,1.3380048336723696e-7f,0.000023893793739478488f,0.000011839756301420296f,11.193845316645051f,0f,0f,0f,1f],start_interpolation:0}
execute if entity @s[tag=aj.nep_fume_ugs_skills.bone.gravity_vortex] run data modify entity @s {} merge value {transformation:[-0.16379087848740265f,-0.7114480019665315f,-1.3173066146346724f,-0.3135739001341317f,0.07313068739530942f,-1.3205245532172045f,0.7102896871026967f,0.8505827636442135f,-2.6517525781719646f,0.007526277189407403f,0.10095466029505985f,11.054320644384703f,0f,0f,0f,1f],start_interpolation:0}
execute if entity @s[tag=aj.nep_fume_ugs_skills.bone.fume_ultra_greatsword] run data modify entity @s {} merge value {transformation:[-0.9846440347216797f,0.12793598635714423f,-1.8231523546543869f,-0.4969842873938324f,-1.8276059816526111f,-0.0571219027048234f,0.9830409269501325f,0.9041267898444366f,0.010416367630139386f,2.0712666346045854f,0.13972124984836284f,9.124007453934905f,0f,0f,0f,1f],start_interpolation:0}
execute if entity @s[tag=aj.nep_fume_ugs_skills.bone.left_arm2] run data modify entity @s {} merge value {transformation:[0.7317715863808998f,-0.42794030349232687f,0.5304502257634329f,-0.5594032962926504f,0.15815570259890327f,0.8636770441314311f,0.47859036469181193f,1.0175583542682034f,-0.6629457889609294f,-0.26632510224777806f,0.6996955200740403f,9.084759737413982f,0f,0f,0f,1f],start_interpolation:0}
execute if entity @s[tag=aj.nep_fume_ugs_skills.bone.left_arm] run data modify entity @s {} merge value {transformation:[0.7317715863808998f,0.07248546117680502f,0.677684442261712f,-0.5350173183869772f,0.15815570259890327f,0.949126386944611f,-0.272297402376365f,1.3368689405010339f,-0.6629457889609294f,0.30643916121059755f,0.6830797328098065f,9.187853771629852f,0f,0f,0f,1f],start_interpolation:0}
execute if entity @s[tag=aj.nep_fume_ugs_skills.bone.head] run data modify entity @s {} merge value {transformation:[0.8881913936874775f,-0.042801886136035874f,-0.45747573347959636f,-0.06860155280606497f,-0.4392612631668851f,0.21296063788320124f,-0.8727527194992938f,1.2201397973784065f,0.13477978654282466f,0.9761228228330582f,0.17034859519201445f,9.311595846544272f,0f,0f,0f,1f],start_interpolation:0}
execute if entity @s[tag=aj.nep_fume_ugs_skills.bone.body_top] run data modify entity @s {} merge value {transformation:[0.9841011304700057f,-0.10440299034301216f,0.14368361289685824f,-0.027492875358503942f,0.13375298179139672f,-0.0966227416191443f,-0.9862931540185761f,1.2581850018909446f,0.11685505923821868f,0.9898303195040234f,-0.08112233799019473f,8.921850158239563f,0f,0f,0f,1f],start_interpolation:0}
execute if entity @s[tag=aj.nep_fume_ugs_skills.bone.body] run data modify entity @s {} merge value {transformation:[0.9841011304700057f,-0.10440299034301216f,0.14368361289685824f,0.01818343291656388f,0.13375298179139672f,-0.0966227416191443f,-0.9862931540185761f,1.3004574513493203f,0.11685505923821868f,0.9898303195040234f,-0.08112233799019473f,8.488799393456553f,0f,0f,0f,1f],start_interpolation:0}
execute if entity @s[tag=aj.nep_fume_ugs_skills.bone.right_leg2] run data modify entity @s {} merge value {transformation:[0.9003751213275129f,-0.3310419240860025f,0.28237543340720045f,0.2823756035761031f,0.03329308534854823f,-0.5946508218224313f,-0.8032944482404205f,1.4601200212918923f,0.4338389232911695f,0.7326674857009452f,-0.5243873988133337f,8.307241198608693f,0f,0f,0f,1f],start_interpolation:0}
execute if entity @s[tag=aj.nep_fume_ugs_skills.bone.right_leg] run data modify entity @s {} merge value {transformation:[0.9003751213275129f,-0.3809362043122183f,0.21026709000380162f,0.13140829388065722f,0.03329308534854823f,-0.4215140863634671f,-0.9062104862917589f,1.3081181920464502f,0.4338389232911695f,0.8229298167166942f,-0.3668382550882435f,8.596202868314831f,0f,0f,0f,1f],start_interpolation:0}
execute if entity @s[tag=aj.nep_fume_ugs_skills.bone.left_leg2] run data modify entity @s {} merge value {transformation:[0.9721903294205887f,-0.034958778435503095f,-0.23156823441781732f,-0.15004732854963848f,-0.2284317719059817f,-0.359511631975332f,-0.9047487563176461f,1.273186705795246f,-0.0516225625572901f,0.9324855335525217f,-0.35749942762232173f,8.209026825460993f,0f,0f,0f,1f],start_interpolation:0}
execute if entity @s[tag=aj.nep_fume_ugs_skills.bone.left_leg] run data modify entity @s {} merge value {transformation:[0.9721903294205887f,0.05631962689557579f,-0.22731929748138616f,-0.11461698873684421f,-0.2284317719059817f,0.014086921013943515f,-0.97345800332641f,1.274679946598601f,-0.0516225625572901f,0.9983134068431067f,0.02656036054590788f,8.566989103505277f,0f,0f,0f,1f],start_interpolation:0}
execute if entity @s[tag=aj.nep_fume_ugs_skills.bone.gravity_effect1] run data modify entity @s {} merge value {transformation:[-1f,0f,1.2246467991473532e-16f,-0.31250000000000094f,0f,1f,0f,1.3125f,-1.2246467991473532e-16f,0f,-1f,7.863874250000004f,0f,0f,0f,1f],start_interpolation:0}
execute if entity @s[tag=aj.nep_fume_ugs_skills.bone.gravity_effect2] run data modify entity @s {} merge value {transformation:[-1f,0f,1.2246467991473532e-16f,-0.17187500000000105f,0f,1f,0f,1.40625f,-1.2246467991473532e-16f,0f,-1f,8.504499250000004f,0f,0f,0f,1f],start_interpolation:0}
execute if entity @s[tag=aj.nep_fume_ugs_skills.bone.gravity_effect3] run data modify entity @s {} merge value {transformation:[-1f,0f,1.2246467991473532e-16f,0.28124999999999906f,0f,1f,0f,1.46875f,-1.2246467991473532e-16f,0f,-1f,7.957624250000004f,0f,0f,0f,1f],start_interpolation:0}
execute if entity @s[tag=aj.nep_fume_ugs_skills.bone.gravity_effect4] run data modify entity @s {} merge value {transformation:[-1f,0f,1.2246467991473532e-16f,-0.546875000000001f,0f,1f,0f,0.96875f,-1.2246467991473532e-16f,0f,-1f,8.316999250000004f,0f,0f,0f,1f],start_interpolation:0}
execute if entity @s[tag=aj.nep_fume_ugs_skills.bone.gravity_effect5] run data modify entity @s {} merge value {transformation:[-1f,0f,1.2246467991473532e-16f,0.20312499999999895f,0f,1f,0f,0.59375f,-1.2246467991473532e-16f,0f,-1f,8.504499250000004f,0f,0f,0f,1f],start_interpolation:0}
execute if entity @s[tag=aj.nep_fume_ugs_skills.bone.gravity_effect6] run data modify entity @s {} merge value {transformation:[-1f,0f,1.2246467991473532e-16f,0.515624999999999f,0f,1f,0f,0.71875f,-1.2246467991473532e-16f,0f,-1f,8.004499250000004f,0f,0f,0f,1f],start_interpolation:0}
execute if entity @s[tag=aj.nep_fume_ugs_skills.bone.gravity_effect7] run data modify entity @s {} merge value {transformation:[-1f,0f,1.2246467991473532e-16f,-0.062500000000001f,0f,1f,0f,0.78125f,-1.2246467991473532e-16f,0f,-1f,8.176374250000004f,0f,0f,0f,1f],start_interpolation:0}
execute if entity @s[tag=aj.nep_fume_ugs_skills.bone.gravity_effect8] run data modify entity @s {} merge value {transformation:[-1f,0f,1.2246467991473532e-16f,0.09374999999999899f,0f,1f,0f,1.65625f,-1.2246467991473532e-16f,0f,-1f,8.207624250000004f,0f,0f,0f,1f],start_interpolation:0}
execute if entity @s[tag=aj.nep_fume_ugs_skills.bone.gravity_effect9] run data modify entity @s {} merge value {transformation:[-1f,0f,1.2246467991473532e-16f,0.43749999999999895f,0f,1f,0f,1.15625f,-1.2246467991473532e-16f,0f,-1f,8.801374250000004f,0f,0f,0f,1f],start_interpolation:0}
execute if entity @s[tag=aj.nep_fume_ugs_skills.locator_origin.nep_ride] at @s on origin run tp @s ^-0.0625 ^1 ^8.23887 ~0 ~0
execute if entity @s[tag=aj.nep_fume_ugs_skills.locator_origin.wave_of_destruction0] at @s on origin run tp @s ^0 ^-0.0625 ^4.14583 ~0 ~90
execute if entity @s[tag=aj.nep_fume_ugs_skills.locator_origin.wave_of_destruction1] at @s on origin run tp @s ^0 ^0.875 ^4.14583 ~0 ~90
execute if entity @s[tag=aj.nep_fume_ugs_skills.locator_origin.wave_of_destruction2] at @s on origin run tp @s ^0 ^1.8125 ^4.14583 ~0 ~90
execute if entity @s[tag=aj.nep_fume_ugs_skills.locator_origin.wave_of_destruction3] at @s on origin run tp @s ^0 ^2.75 ^4.14583 ~0 ~90
execute if entity @s[tag=aj.nep_fume_ugs_skills.locator_origin.wave_of_destruction4] at @s on origin run tp @s ^0 ^3.6875 ^4.14583 ~0 ~90
execute if entity @s[tag=aj.nep_fume_ugs_skills.locator_origin.wave_of_destruction5] at @s on origin run tp @s ^-0.9375 ^3.6875 ^4.14583 ~0 ~90
execute if entity @s[tag=aj.nep_fume_ugs_skills.locator_origin.wave_of_destruction6] at @s on origin run tp @s ^0.9375 ^3.6875 ^4.14583 ~0 ~90
execute if entity @s[tag=aj.nep_fume_ugs_skills.locator_origin.wave_of_destruction7] at @s on origin run tp @s ^0 ^3.6875 ^5.08333 ~0 ~90
execute if entity @s[tag=aj.nep_fume_ugs_skills.locator_origin.wave_of_destruction8] at @s on origin run tp @s ^0 ^3.6875 ^3.20833 ~0 ~90
execute if entity @s[tag=aj.nep_fume_ugs_skills.locator_origin.wave_of_destruction12] at @s on origin run tp @s ^-0.9375 ^2.75 ^4.14583 ~0 ~90
execute if entity @s[tag=aj.nep_fume_ugs_skills.locator_origin.wave_of_destruction11] at @s on origin run tp @s ^0 ^2.75 ^5.08333 ~0 ~90
execute if entity @s[tag=aj.nep_fume_ugs_skills.locator_origin.wave_of_destruction10] at @s on origin run tp @s ^0.9375 ^2.75 ^4.14583 ~0 ~90
execute if entity @s[tag=aj.nep_fume_ugs_skills.locator_origin.wave_of_destruction9] at @s on origin run tp @s ^0 ^2.75 ^3.20833 ~0 ~90
execute if entity @s[tag=aj.nep_fume_ugs_skills.locator_origin.wave_of_destruction13] at @s on origin run tp @s ^-0.9375 ^1.8125 ^4.14583 ~0 ~90
execute if entity @s[tag=aj.nep_fume_ugs_skills.locator_origin.wave_of_destruction14] at @s on origin run tp @s ^0 ^1.8125 ^5.08333 ~0 ~90
execute if entity @s[tag=aj.nep_fume_ugs_skills.locator_origin.wave_of_destruction15] at @s on origin run tp @s ^0.9375 ^1.8125 ^4.14583 ~0 ~90
execute if entity @s[tag=aj.nep_fume_ugs_skills.locator_origin.wave_of_destruction16] at @s on origin run tp @s ^0 ^1.8125 ^3.20833 ~0 ~90
execute if entity @s[tag=aj.nep_fume_ugs_skills.locator_origin.wave_of_destruction17] at @s on origin run tp @s ^-0.9375 ^0.875 ^4.14583 ~0 ~90
execute if entity @s[tag=aj.nep_fume_ugs_skills.locator_origin.wave_of_destruction18] at @s on origin run tp @s ^0 ^0.875 ^5.08333 ~0 ~90
execute if entity @s[tag=aj.nep_fume_ugs_skills.locator_origin.wave_of_destruction19] at @s on origin run tp @s ^0.9375 ^0.875 ^4.14583 ~0 ~90
execute if entity @s[tag=aj.nep_fume_ugs_skills.locator_origin.wave_of_destruction20] at @s on origin run tp @s ^0 ^0.875 ^3.20833 ~0 ~90
execute if entity @s[tag=aj.nep_fume_ugs_skills.locator_origin.wave_of_destruction24] at @s on origin run tp @s ^0.9375 ^-0.0625 ^4.14583 ~0 ~90
execute if entity @s[tag=aj.nep_fume_ugs_skills.locator_origin.wave_of_destruction23] at @s on origin run tp @s ^0 ^-0.0625 ^5.08333 ~0 ~90
execute if entity @s[tag=aj.nep_fume_ugs_skills.locator_origin.wave_of_destruction22] at @s on origin run tp @s ^-0.9375 ^-0.0625 ^4.14583 ~0 ~90
execute if entity @s[tag=aj.nep_fume_ugs_skills.locator_origin.wave_of_destruction21] at @s on origin run tp @s ^0 ^-0.0625 ^3.20833 ~0 ~90
execute if entity @s[tag=aj.nep_fume_ugs_skills.bone.gravity_thunder] run data modify entity @s {} merge value {transformation:[-3.346139166666666f,-4.0978386199599245e-16f,9.09902957415537e-32f,-3.3306690738754696e-16f,0f,7.429921492866734e-16f,3.346139166666666f,2.03125f,-4.0978386199599245e-16f,3.346139166666666f,-7.429921492866734e-16f,2.8645833333333326f,0f,0f,0f,1f],start_interpolation:0}
execute if entity @s[tag=aj.nep_fume_ugs_skills.bone.wave_of_destruction] run data modify entity @s {} merge value {transformation:[-3.297589166666667f,-4.0383820178613216e-16f,8.967009396923679e-32f,-0.3750000000000003f,0f,7.322118837175633e-16f,3.297589166666667f,0.5f,-4.0383820178613216e-16f,3.297589166666667f,-7.322118837175633e-16f,2.208333333333333f,0f,0f,0f,1f],start_interpolation:0}
execute if entity @s[tag=aj.nep_fume_ugs_skills.bone.obsidian_edges0] run data modify entity @s {} merge value {transformation:[-1.2668996496258977f,1.2668996496258975f,4.8720113465180265e-32f,-1.1250000000000002f,2.8130823218084305e-16f,2.81308232180843e-16f,1.7916666666666667f,0.15762624999999966f,1.2668996496258975f,1.2668996496258977f,-3.978299171573478e-16f,1.7637491666666667f,0f,0f,0f,1f],start_interpolation:0}
execute if entity @s[tag=aj.nep_fume_ugs_skills.bone.obsidian_edges1] run data modify entity @s {} merge value {transformation:[-1.2668996496258973f,-1.266899649625898f,4.8720113465180265e-32f,1.1011043749999998f,-2.8130823218084305e-16f,2.81308232180843e-16f,1.7916666666666667f,0.12402187499999931f,-1.266899649625898f,1.2668996496258973f,-3.978299171573478e-16f,1.755474791666667f,0f,0f,0f,1f],start_interpolation:0}
execute if entity @s[tag=aj.nep_fume_ugs_skills.bone.obsidian_edges2] run data modify entity @s {} merge value {transformation:[1.2668996496258977f,-1.2668996496258977f,4.8720113465180265e-32f,1.1011043749999994f,-2.813082321808431e-16f,-2.81308232180843e-16f,1.7916666666666667f,0.12402187499999981f,-1.2668996496258977f,-1.2668996496258977f,-3.978299171573478e-16f,4.005474791666667f,0f,0f,0f,1f],start_interpolation:0}
execute if entity @s[tag=aj.nep_fume_ugs_skills.bone.obsidian_edges3] run data modify entity @s {} merge value {transformation:[1.2668996496258973f,1.2668996496258982f,4.8720113465180265e-32f,-1.1250000000000007f,2.813082321808431e-16f,-2.81308232180843e-16f,1.7916666666666667f,0.1576262500000002f,1.2668996496258982f,-1.2668996496258973f,-3.978299171573478e-16f,4.076249166666667f,0f,0f,0f,1f],start_interpolation:0}
execute if entity @s[tag=aj.nep_fume_ugs_skills.locator_origin.wave_of_destruction25] at @s on origin run tp @s ^2 ^0.22013 ^4.13875 ~0 ~90
execute if entity @s[tag=aj.nep_fume_ugs_skills.locator_origin.wave_of_destruction26] at @s on origin run tp @s ^0 ^0.22013 ^6.13875 ~0 ~90
execute if entity @s[tag=aj.nep_fume_ugs_skills.locator_origin.wave_of_destruction27] at @s on origin run tp @s ^-2 ^0.22013 ^4.13875 ~0 ~90
execute if entity @s[tag=aj.nep_fume_ugs_skills.locator_origin.wave_of_destruction28] at @s on origin run tp @s ^0 ^0.22013 ^2.13875 ~0 ~90
execute if entity @s[tag=aj.nep_fume_ugs_skills.locator_origin.wave_of_destruction29] at @s on origin run tp @s ^1.625 ^0.40763 ^2.45125 ~0 ~90
execute if entity @s[tag=aj.nep_fume_ugs_skills.locator_origin.wave_of_destruction30] at @s on origin run tp @s ^1.4375 ^0.28263 ^5.57625 ~0 ~90
execute if entity @s[tag=aj.nep_fume_ugs_skills.locator_origin.wave_of_destruction31] at @s on origin run tp @s ^-1.5625 ^0.40763 ^5.70125 ~0 ~90
execute if entity @s[tag=aj.nep_fume_ugs_skills.locator_origin.wave_of_destruction32] at @s on origin run tp @s ^-1.5 ^0.40763 ^2.63875 ~0 ~90
execute if entity @s[tag=aj.nep_fume_ugs_skills.bone.obsidian] run data modify entity @s {} merge value {transformation:[-3.5201812500000007f,-4.3109787002310296e-16f,9.572295623330239e-32f,-3.5364995628475016e-16f,0f,7.81637254920753e-16f,3.5201812500000007f,-0.0009781249999999964f,-4.3109787002310296e-16f,3.5201812500000007f,-7.81637254920753e-16f,2.887771041666667f,0f,0f,0f,1f],start_interpolation:0}