execute if entity @s[tag=aj.nep_fume_ugs_skills.bone.right_arm2] run data modify entity @s {} merge value {transformation:[0.7576271766789737f,-0.2114011989624846f,-0.6175035175889052f,0.4971895571488343f,-0.4631252843371156f,0.4925330042878371f,-0.7368352669999336f,1.8051125724984265f,0.4599087215579993f,0.8442279151771881f,0.27525114908109927f,0.42858720926899957f,0f,0f,0f,1f],start_interpolation:0}
execute if entity @s[tag=aj.nep_fume_ugs_skills.bone.right_arm] run data modify entity @s {} merge value {transformation:[0.7576271766789737f,-0.2114011989624846f,-0.6175035175889052f,0.5101122758786559f,-0.4631252843371156f,0.4925330042878371f,-0.7368352669999336f,1.9023679564852034f,0.4599087215579993f,0.8442279151771881f,0.27525114908109927f,0.6551067762452092f,0f,0f,0f,1f],start_interpolation:0}
execute if entity @s[tag=aj.nep_fume_ugs_skills.locator_origin.fume_ugs_locator] at @s on origin run tp @s ^-2.38127 ^2.04743 ^0.03207 ~169.07407 ~-28.77843
execute if entity @s[tag=aj.nep_fume_ugs_skills.locator_origin.fume_ugs_locator2] at @s on origin run tp @s ^-1.92846 ^2.25734 ^0.06208 ~169.07407 ~-28.77843
execute if entity @s[tag=aj.nep_fume_ugs_skills.locator_origin.fume_ugs_locator3] at @s on origin run tp @s ^-1.47565 ^2.46725 ^0.0921 ~169.07407 ~-28.77843
execute if entity @s[tag=aj.nep_fume_ugs_skills.locator_origin.fume_ugs_locator4] at @s on origin run tp @s ^-1.02283 ^2.67716 ^0.12211 ~169.07407 ~-28.77843
execute if entity @s[tag=aj.nep_fume_ugs_skills.locator_origin.fume_ugs_locator5] at @s on origin run tp @s ^-0.51342 ^2.91331 ^0.15588 ~169.07407 ~-28.77843
execute if entity @s[tag=aj.nep_fume_ugs_skills.locator_origin.fume_ugs_locator10] at @s on origin run tp @s ^-0.45113 ^2.73278 ^0.4786 ~169.07407 ~-28.77843
execute if entity @s[tag=aj.nep_fume_ugs_skills.locator_origin.fume_ugs_locator9] at @s on origin run tp @s ^-0.96054 ^2.49663 ^0.44484 ~169.07407 ~-28.77843
execute if entity @s[tag=aj.nep_fume_ugs_skills.locator_origin.fume_ugs_locator8] at @s on origin run tp @s ^-1.41335 ^2.28672 ^0.41482 ~169.07407 ~-28.77843
execute if entity @s[tag=aj.nep_fume_ugs_skills.locator_origin.fume_ugs_locator7] at @s on origin run tp @s ^-1.86616 ^2.07681 ^0.38481 ~169.07407 ~-28.77843
execute if entity @s[tag=aj.nep_fume_ugs_skills.locator_origin.fume_ugs_locator6] at @s on origin run tp @s ^-2.31897 ^1.8669 ^0.35479 ~169.07407 ~-28.77843
execute if entity @s[tag=aj.nep_fume_ugs_skills.locator_origin.foe_ride_locator] at @s on origin run tp @s ^-1.5577 ^2.32451 ^0.24596 ~169.07407 ~-28.77843
execute if entity @s[tag=aj.nep_fume_ugs_skills.bone.fume_ugs_slash] run data modify entity @s {} merge value {transformation:[-0.000010405226762580877f,-0.000024006907229771986f,-0.000005148861271339894f,-2.15178337175998f,0.0000205174441778122f,-0.000005430127510198348f,-0.000016144946910549388f,2.042071445225382f,0.000013486172605329566f,-0.000010261249027054171f,0.000020589828264828944f,0.2207992611611594f,0f,0f,0f,1f],start_interpolation:0}
execute if entity @s[tag=aj.nep_fume_ugs_skills.bone.gravity_vortex] run data modify entity @s {} merge value {transformation:[0.5177283284224461f,-0.12589414304580387f,0.053600554450548545f,-2.0253949992540856f,0.24000396891818634f,0.24824312926507508f,-0.1553281621194571f,2.1012787663572663f,0.03431756640370574f,0.16317089303824428f,0.277666831707782f,0.1643602753985816f,0f,0f,0f,1f],start_interpolation:0}
execute if entity @s[tag=aj.nep_fume_ugs_skills.bone.fume_ultra_greatsword] run data modify entity @s {} merge value {transformation:[-0.8100469034669212f,-1.8800677012206997f,0.34488469523939586f,-0.27207191071243797f,1.5972830292426798f,-0.8715453363403317f,-0.9994356663621452f,2.911134360889632f,1.0498985373249068f,-0.12462008477824371f,1.7866054113297887f,0.34459327770425713f,0f,0f,0f,1f],start_interpolation:0}
execute if entity @s[tag=aj.nep_fume_ugs_skills.bone.left_arm2] run data modify entity @s {} merge value {transformation:[0.6225686367313605f,0.6276771910619428f,-0.4673645647447453f,-0.17468409169445806f,-0.038633812552149205f,-0.5718411417547998f,-0.8194541702403204f,2.8384121300223737f,-0.7816109780998093f,0.5282225406182098f,-0.33176079710644346f,0.4059666976024591f,0f,0f,0f,1f],start_interpolation:0}
execute if entity @s[tag=aj.nep_fume_ugs_skills.bone.left_arm] run data modify entity @s {} merge value {transformation:[0.6225686367313605f,0.3544111146782576f,-0.6977112972791617f,-0.055450889424931926f,-0.038633812552149205f,-0.8765629874771482f,-0.47973404873202596f,2.54351333125664f,-0.7816109780998093f,0.3256226201873136f,-0.5320283715519385f,0.5155146946272513f,0f,0f,0f,1f],start_interpolation:0}
execute if entity @s[tag=aj.nep_fume_ugs_skills.bone.head] run data modify entity @s {} merge value {transformation:[0.2713464674858933f,0.19933974255298553f,-0.9416128512408042f,0.2189022234112885f,-0.8994954426105028f,0.4006157280336464f,-0.17439893111773191f,2.1966990937315587f,0.34246027989514793f,0.8942990022866967f,0.28801085257878073f,0.6972602675068895f,0f,0f,0f,1f],start_interpolation:0}
execute if entity @s[tag=aj.nep_fume_ugs_skills.bone.body_top] run data modify entity @s {} merge value {transformation:[0.7583075545046302f,0.142112774082364f,-0.636218211169582f,0.1629453186163577f,-0.6386529957818001f,0.3576759727498354f,-0.6813150882641535f,2.055864179461311f,0.130736390343851f,0.9229690449630876f,0.3619891411075564f,0.33384120605267376f,0f,0f,0f,1f],start_interpolation:0}
execute if entity @s[tag=aj.nep_fume_ugs_skills.bone.body] run data modify entity @s {} merge value {transformation:[0.7583075545046302f,0.142112774082364f,-0.636218211169582f,0.10077097995532344f,-0.6386529957818001f,0.3576759727498354f,-0.6813150882641535f,1.8993809413832576f,0.130736390343851f,0.9229690449630876f,0.3619891411075564f,-0.06995775111867708f,0f,0f,0f,1f],start_interpolation:0}
execute if entity @s[tag=aj.nep_fume_ugs_skills.bone.right_leg2] run data modify entity @s {} merge value {transformation:[0.7568250880887974f,-0.23229094907968245f,-0.6109473799068499f,0.26277808686060433f,-0.5630089179093021f,0.24312596721755875f,-0.7898801949784056f,1.70664414758999f,0.3320191928096646f,0.9417699714050066f,0.05322195567462629f,-0.2911952317815962f,0f,0f,0f,1f],start_interpolation:0}
execute if entity @s[tag=aj.nep_fume_ugs_skills.bone.right_leg] run data modify entity @s {} merge value {transformation:[0.7568250880887974f,-0.117064898839911f,-0.6430486727293555f,0.20888249683862384f,-0.5630089179093021f,0.38299903283062736f,-0.7323473897034121f,1.8530814393558297f,0.3320191928096646f,0.9163010151202526f,0.22395469473894364f,0.03291264563959362f,0f,0f,0f,1f],start_interpolation:0}
execute if entity @s[tag=aj.nep_fume_ugs_skills.bone.left_leg2] run data modify entity @s {} merge value {transformation:[0.4527972789418779f,0.08814578485508506f,-0.8872457071156291f,-0.1390555576813755f,-0.8777098331322295f,0.21911462103096158f,-0.42616221286436484f,1.8950998913787f,0.15684410414747954f,0.9717093719125792f,0.17658092629566635f,-0.3005636961013476f,0f,0f,0f,1f],start_interpolation:0}
execute if entity @s[tag=aj.nep_fume_ugs_skills.bone.left_leg] run data modify entity @s {} merge value {transformation:[0.4527972789418779f,0.4209703190549565f,-0.7859762176157747f,0.019305608212466324f,-0.8777098331322295f,0.36552073200770974f,-0.30987101073760065f,2.0127446883012796f,0.15684410414747954f,0.8301678052943973f,0.5349965813412816f,0.0002285480536308171f,0f,0f,0f,1f],start_interpolation:0}
execute if entity @s[tag=aj.nep_fume_ugs_skills.bone.gravity_effect1] run data modify entity @s {} merge value {transformation:[-1f,0f,1.2246467991473532e-16f,-0.3124999999999998f,0f,1f,0f,1.3125f,-1.2246467991473532e-16f,0f,-1f,-1.8707475000000007f,0f,0f,0f,1f],start_interpolation:0}
execute if entity @s[tag=aj.nep_fume_ugs_skills.bone.gravity_effect2] run data modify entity @s {} merge value {transformation:[-1f,0f,1.2246467991473532e-16f,-0.17187499999999983f,0f,1f,0f,1.40625f,-1.2246467991473532e-16f,0f,-1f,-1.2301225000000007f,0f,0f,0f,1f],start_interpolation:0}
execute if entity @s[tag=aj.nep_fume_ugs_skills.bone.gravity_effect3] run data modify entity @s {} merge value {transformation:[-1f,0f,1.2246467991473532e-16f,0.2812500000000002f,0f,1f,0f,1.46875f,-1.2246467991473532e-16f,0f,-1f,-1.7769975000000007f,0f,0f,0f,1f],start_interpolation:0}
execute if entity @s[tag=aj.nep_fume_ugs_skills.bone.gravity_effect4] run data modify entity @s {} merge value {transformation:[-1f,0f,1.2246467991473532e-16f,-0.5468749999999998f,0f,1f,0f,0.96875f,-1.2246467991473532e-16f,0f,-1f,-1.4176225000000007f,0f,0f,0f,1f],start_interpolation:0}
execute if entity @s[tag=aj.nep_fume_ugs_skills.bone.gravity_effect5] run data modify entity @s {} merge value {transformation:[-1f,0f,1.2246467991473532e-16f,0.2031250000000001f,0f,1f,0f,0.59375f,-1.2246467991473532e-16f,0f,-1f,-1.2301225000000007f,0f,0f,0f,1f],start_interpolation:0}
execute if entity @s[tag=aj.nep_fume_ugs_skills.bone.gravity_effect6] run data modify entity @s {} merge value {transformation:[-1f,0f,1.2246467991473532e-16f,0.5156250000000002f,0f,1f,0f,0.71875f,-1.2246467991473532e-16f,0f,-1f,-1.7301225000000007f,0f,0f,0f,1f],start_interpolation:0}
execute if entity @s[tag=aj.nep_fume_ugs_skills.bone.gravity_effect7] run data modify entity @s {} merge value {transformation:[-1f,0f,1.2246467991473532e-16f,-0.06249999999999981f,0f,1f,0f,0.78125f,-1.2246467991473532e-16f,0f,-1f,-1.5582475000000007f,0f,0f,0f,1f],start_interpolation:0}
execute if entity @s[tag=aj.nep_fume_ugs_skills.bone.gravity_effect8] run data modify entity @s {} merge value {transformation:[-1f,0f,1.2246467991473532e-16f,0.09375000000000018f,0f,1f,0f,1.65625f,-1.2246467991473532e-16f,0f,-1f,-1.5269975000000007f,0f,0f,0f,1f],start_interpolation:0}
execute if entity @s[tag=aj.nep_fume_ugs_skills.bone.gravity_effect9] run data modify entity @s {} merge value {transformation:[-1f,0f,1.2246467991473532e-16f,0.4375000000000001f,0f,1f,0f,1.15625f,-1.2246467991473532e-16f,0f,-1f,-0.9332475000000006f,0f,0f,0f,1f],start_interpolation:0}
execute if entity @s[tag=aj.nep_fume_ugs_skills.locator_origin.nep_ride] at @s on origin run tp @s ^-0.0625 ^1 ^-1.49575 ~0 ~0
execute if entity @s[tag=aj.nep_fume_ugs_skills.locator_origin.wave_of_destruction0] at @s on origin run tp @s ^-0.375 ^2.56249 ^0.18752 ~0 ~90
execute if entity @s[tag=aj.nep_fume_ugs_skills.locator_origin.wave_of_destruction1] at @s on origin run tp @s ^-0.375 ^2.5625 ^0.18752 ~0 ~90
execute if entity @s[tag=aj.nep_fume_ugs_skills.locator_origin.wave_of_destruction2] at @s on origin run tp @s ^-0.375 ^2.56251 ^0.18752 ~0 ~90
execute if entity @s[tag=aj.nep_fume_ugs_skills.locator_origin.wave_of_destruction3] at @s on origin run tp @s ^-0.375 ^2.56252 ^0.18752 ~0 ~90
execute if entity @s[tag=aj.nep_fume_ugs_skills.locator_origin.wave_of_destruction4] at @s on origin run tp @s ^-0.375 ^2.56253 ^0.18752 ~0 ~90
execute if entity @s[tag=aj.nep_fume_ugs_skills.locator_origin.wave_of_destruction5] at @s on origin run tp @s ^-0.37501 ^2.56253 ^0.18752 ~0 ~90
execute if entity @s[tag=aj.nep_fume_ugs_skills.locator_origin.wave_of_destruction6] at @s on origin run tp @s ^-0.37499 ^2.56253 ^0.18752 ~0 ~90
execute if entity @s[tag=aj.nep_fume_ugs_skills.locator_origin.wave_of_destruction7] at @s on origin run tp @s ^-0.375 ^2.56253 ^0.18753 ~0 ~90
execute if entity @s[tag=aj.nep_fume_ugs_skills.locator_origin.wave_of_destruction8] at @s on origin run tp @s ^-0.375 ^2.56253 ^0.18751 ~0 ~90
execute if entity @s[tag=aj.nep_fume_ugs_skills.locator_origin.wave_of_destruction12] at @s on origin run tp @s ^-0.37501 ^2.56252 ^0.18752 ~0 ~90
execute if entity @s[tag=aj.nep_fume_ugs_skills.locator_origin.wave_of_destruction11] at @s on origin run tp @s ^-0.375 ^2.56252 ^0.18753 ~0 ~90
execute if entity @s[tag=aj.nep_fume_ugs_skills.locator_origin.wave_of_destruction10] at @s on origin run tp @s ^-0.37499 ^2.56252 ^0.18752 ~0 ~90
execute if entity @s[tag=aj.nep_fume_ugs_skills.locator_origin.wave_of_destruction9] at @s on origin run tp @s ^-0.375 ^2.56252 ^0.18751 ~0 ~90
execute if entity @s[tag=aj.nep_fume_ugs_skills.locator_origin.wave_of_destruction13] at @s on origin run tp @s ^-0.37501 ^2.56251 ^0.18752 ~0 ~90
execute if entity @s[tag=aj.nep_fume_ugs_skills.locator_origin.wave_of_destruction14] at @s on origin run tp @s ^-0.375 ^2.56251 ^0.18753 ~0 ~90
execute if entity @s[tag=aj.nep_fume_ugs_skills.locator_origin.wave_of_destruction15] at @s on origin run tp @s ^-0.37499 ^2.56251 ^0.18752 ~0 ~90
execute if entity @s[tag=aj.nep_fume_ugs_skills.locator_origin.wave_of_destruction16] at @s on origin run tp @s ^-0.375 ^2.56251 ^0.18751 ~0 ~90
execute if entity @s[tag=aj.nep_fume_ugs_skills.locator_origin.wave_of_destruction17] at @s on origin run tp @s ^-0.37501 ^2.5625 ^0.18752 ~0 ~90
execute if entity @s[tag=aj.nep_fume_ugs_skills.locator_origin.wave_of_destruction18] at @s on origin run tp @s ^-0.375 ^2.5625 ^0.18753 ~0 ~90
execute if entity @s[tag=aj.nep_fume_ugs_skills.locator_origin.wave_of_destruction19] at @s on origin run tp @s ^-0.37499 ^2.5625 ^0.18752 ~0 ~90
execute if entity @s[tag=aj.nep_fume_ugs_skills.locator_origin.wave_of_destruction20] at @s on origin run tp @s ^-0.375 ^2.5625 ^0.18751 ~0 ~90
execute if entity @s[tag=aj.nep_fume_ugs_skills.locator_origin.wave_of_destruction24] at @s on origin run tp @s ^-0.37499 ^2.56249 ^0.18752 ~0 ~90
execute if entity @s[tag=aj.nep_fume_ugs_skills.locator_origin.wave_of_destruction23] at @s on origin run tp @s ^-0.375 ^2.56249 ^0.18753 ~0 ~90
execute if entity @s[tag=aj.nep_fume_ugs_skills.locator_origin.wave_of_destruction22] at @s on origin run tp @s ^-0.37501 ^2.56249 ^0.18752 ~0 ~90
execute if entity @s[tag=aj.nep_fume_ugs_skills.locator_origin.wave_of_destruction21] at @s on origin run tp @s ^-0.375 ^2.56249 ^0.18751 ~0 ~90
execute if entity @s[tag=aj.nep_fume_ugs_skills.locator_origin.wave_of_destruction25] at @s on origin run tp @s ^0.00002 ^-0.00098 ^2.31487 ~0 ~90
execute if entity @s[tag=aj.nep_fume_ugs_skills.locator_origin.wave_of_destruction26] at @s on origin run tp @s ^0 ^-0.00098 ^2.31489 ~0 ~90
execute if entity @s[tag=aj.nep_fume_ugs_skills.locator_origin.wave_of_destruction27] at @s on origin run tp @s ^-0.00002 ^-0.00098 ^2.31487 ~0 ~90
execute if entity @s[tag=aj.nep_fume_ugs_skills.locator_origin.wave_of_destruction28] at @s on origin run tp @s ^0 ^-0.00098 ^2.31485 ~0 ~90
execute if entity @s[tag=aj.nep_fume_ugs_skills.locator_origin.wave_of_destruction29] at @s on origin run tp @s ^0.00002 ^-0.00097 ^2.31485 ~0 ~90
execute if entity @s[tag=aj.nep_fume_ugs_skills.locator_origin.wave_of_destruction30] at @s on origin run tp @s ^0.00001 ^-0.00098 ^2.31488 ~0 ~90
execute if entity @s[tag=aj.nep_fume_ugs_skills.locator_origin.wave_of_destruction31] at @s on origin run tp @s ^-0.00002 ^-0.00097 ^2.31488 ~0 ~90
execute if entity @s[tag=aj.nep_fume_ugs_skills.locator_origin.wave_of_destruction32] at @s on origin run tp @s ^-0.00002 ^-0.00097 ^2.31485 ~0 ~90