execute if entity @s[tag=aj.nep_fume_ugs_skills.bone.right_arm2] run data modify entity @s {} merge value {transformation:[-0.9540120473038753f,0.2449703532402132f,0.1727730871184345f,-0.6175870494944149f,0.1918054132366358f,0.055903824611777675f,0.9798395000442159f,0.9534786662368429f,0.230372952084641f,0.9679175008373084f,-0.10031956200396266f,4.485672612861981f,0f,0f,0f,1f],start_interpolation:0}
execute if entity @s[tag=aj.nep_fume_ugs_skills.bone.right_arm] run data modify entity @s {} merge value {transformation:[-0.9540120473038753f,0.2449703532402132f,0.1727730871184345f,-0.6284202291061607f,0.1918054132366358f,0.055903824611777675f,0.9798395000442159f,0.9629725666151107f,0.230372952084641f,0.9679175008373084f,-0.10031956200396266f,4.732105773268973f,0f,0f,0f,1f],start_interpolation:0}
execute if entity @s[tag=aj.nep_fume_ugs_skills.locator_origin.fume_ugs_locator] at @s on origin run tp @s ^-0.40658 ^1.02481 ^6.98725 ~102.25062 ~-57.82863
execute if entity @s[tag=aj.nep_fume_ugs_skills.locator_origin.fume_ugs_locator2] at @s on origin run tp @s ^-0.27241 ^1.04305 ^6.50593 ~102.25062 ~-57.82863
execute if entity @s[tag=aj.nep_fume_ugs_skills.locator_origin.fume_ugs_locator3] at @s on origin run tp @s ^-0.13824 ^1.06128 ^6.02462 ~102.25062 ~-57.82863
execute if entity @s[tag=aj.nep_fume_ugs_skills.locator_origin.fume_ugs_locator4] at @s on origin run tp @s ^-0.00406 ^1.07952 ^5.5433 ~102.25062 ~-57.82863
execute if entity @s[tag=aj.nep_fume_ugs_skills.locator_origin.fume_ugs_locator5] at @s on origin run tp @s ^0.14688 ^1.10003 ^5.00182 ~102.25062 ~-57.82863
execute if entity @s[tag=aj.nep_fume_ugs_skills.locator_origin.fume_ugs_locator10] at @s on origin run tp @s ^0.342 ^0.78261 ^5.04419 ~102.25062 ~-57.82863
execute if entity @s[tag=aj.nep_fume_ugs_skills.locator_origin.fume_ugs_locator9] at @s on origin run tp @s ^0.19106 ^0.76209 ^5.58567 ~102.25062 ~-57.82863
execute if entity @s[tag=aj.nep_fume_ugs_skills.locator_origin.fume_ugs_locator8] at @s on origin run tp @s ^0.05689 ^0.74386 ^6.06699 ~102.25062 ~-57.82863
execute if entity @s[tag=aj.nep_fume_ugs_skills.locator_origin.fume_ugs_locator7] at @s on origin run tp @s ^-0.07729 ^0.72562 ^6.5483 ~102.25062 ~-57.82863
execute if entity @s[tag=aj.nep_fume_ugs_skills.locator_origin.fume_ugs_locator6] at @s on origin run tp @s ^-0.21146 ^0.70739 ^7.02962 ~102.25062 ~-57.82863
execute if entity @s[tag=aj.nep_fume_ugs_skills.bone.fume_ugs_slash] run data modify entity @s {} merge value {transformation:[0.000021618902398315325f,-0.000011921060032883873f,0.00001008079847510141f,-0.24124187254229001f,0.0000141654148962156f,0.000007739556503038318f,-0.000021226196010247878f,0.8617309078403186f,0.000006563169281780061f,0.000022563215726925277f,0.000012607030425522209f,6.801840565934296f,0f,0f,0f,1f],start_interpolation:0}
execute if entity @s[tag=aj.nep_fume_ugs_skills.bone.gravity_vortex] run data modify entity @s {} merge value {transformation:[0.691000188469632f,1.178192777762858f,0.7561872317127007f,-0.26016075529808913f,0.09390819352600983f,0.7719906042055207f,-1.230148468818287f,0.8969847662042509f,-2.4788198287611487f,0.35768137089285795f,0.1641928527575579f,6.656712554716226f,0f,0f,0f,1f],start_interpolation:0}
execute if entity @s[tag=aj.nep_fume_ugs_skills.bone.fume_ultra_greatsword] run data modify entity @s {} merge value {transformation:[1.6830315517088463f,-0.5570843867640803f,1.0802026578268542f,0.31390967442951867f,1.1027775496703833f,-0.07570879035275221f,-1.7572495141573687f,0.9358657020342496f,0.5109427285865773f,1.9984246708562747f,0.23454714455198925f,4.804286742155615f,0f,0f,0f,1f],start_interpolation:0}
execute if entity @s[tag=aj.nep_fume_ugs_skills.bone.left_arm2] run data modify entity @s {} merge value {transformation:[-0.5490290283769267f,0.030836671786271697f,-0.8352342340162033f,0.3242685934753099f,0.2808873722116442f,-0.934388725516491f,-0.21913464755648554f,0.8104941178223568f,-0.7871908346338423f,-0.3549180318056742f,0.5043449023908749f,4.754508288985155f,0f,0f,0f,1f],start_interpolation:0}
execute if entity @s[tag=aj.nep_fume_ugs_skills.bone.left_arm] run data modify entity @s {} merge value {transformation:[-0.5490290283769267f,-0.5687949710227126f,-0.6124046104813057f,0.13291130097792267f,0.2808873722116442f,-0.8156641993570815f,0.5057610087968515f,0.5360836523159949f,-0.7871908346338423f,0.10566075348228014f,0.60759064759263f,4.790055290522895f,0f,0f,0f,1f],start_interpolation:0}
execute if entity @s[tag=aj.nep_fume_ugs_skills.bone.head] run data modify entity @s {} merge value {transformation:[-0.630421165179983f,-0.28345403638424693f,0.7226499593514079f,-0.256953451302863f,0.7706966431490321f,-0.3397444869627965f,0.5390736200345922f,0.8274181303936431f,0.09271374618645656f,0.8967873175039133f,0.4326391896629442f,4.861907136888407f,0f,0f,0f,1f],start_interpolation:0}
execute if entity @s[tag=aj.nep_fume_ugs_skills.bone.body_top] run data modify entity @s {} merge value {transformation:[-0.9476999600649292f,-0.10440299034301216f,0.30160371566074784f,-0.21584477385530196f,0.31149187469066547f,-0.0966227416191443f,0.9453236788548646f,0.8654633349061812f,-0.06955284102484291f,0.9898303195040234f,0.12409005155908315f,4.472161448583697f,0f,0f,0f,1f],start_interpolation:0}
execute if entity @s[tag=aj.nep_fume_ugs_skills.bone.body] run data modify entity @s {} merge value {transformation:[-0.9476999600649292f,-0.10440299034301216f,0.30160371566074784f,-0.17016846558023413f,0.31149187469066547f,-0.0966227416191443f,0.9453236788548646f,0.9077357843645568f,-0.06955284102484291f,0.9898303195040234f,0.12409005155908315f,4.039110683800687f,0f,0f,0f,1f],start_interpolation:0}
execute if entity @s[tag=aj.nep_fume_ugs_skills.bone.right_leg2] run data modify entity @s {} merge value {transformation:[-0.9081678485633583f,0.368082857038042f,0.19936441304935573f,-0.4250457141177042f,0.3190648675973346f,0.3003693620067926f,0.8988747724976643f,0.911228172297751f,0.27097743282586645f,0.8799393483202947f,-0.39022810531374885f,3.7875586836111212f,0f,0f,0f,1f],start_interpolation:0}
execute if entity @s[tag=aj.nep_fume_ugs_skills.bone.right_leg] run data modify entity @s {} merge value {transformation:[-0.9081678485633583f,0.3128677580546616f,0.27810955540155663f,-0.2984187409330077f,0.3190648675973346f,0.08729350381232043f,0.9437041138287275f,0.9376138866740953f,0.27097743282586645f,0.945776723207977f,-0.17910226334997795f,4.123213171126084f,0f,0f,0f,1f],start_interpolation:0}
execute if entity @s[tag=aj.nep_fume_ugs_skills.bone.left_leg2] run data modify entity @s {} merge value {transformation:[-0.747051868998582f,-0.04285017698372112f,0.6633832733482129f,0.055639033887253456f,0.6482213497562914f,0.17429404387354544f,0.7412359057616803f,0.8936833347118285f,-0.14738584309850655f,0.9837608696236451f,-0.10243029166936934f,3.8021898651451687f,0f,0f,0f,1f],start_interpolation:0}
execute if entity @s[tag=aj.nep_fume_ugs_skills.bone.left_leg] run data modify entity @s {} merge value {transformation:[-0.747051868998582f,-0.2934541894982289f,0.5964881756511722f,-0.06149375091677539f,0.6482213497562914f,-0.12263200083573311f,0.7515121250460013f,0.8597409180014289f,-0.14738584309850655f,0.9480749079249816f,0.28183573623155034f,4.140601381382295f,0f,0f,0f,1f],start_interpolation:0}
execute if entity @s[tag=aj.nep_fume_ugs_skills.bone.gravity_effect1] run data modify entity @s {} merge value {transformation:[-1f,0f,1.2246467991473532e-16f,-0.3125000000000002f,0f,1f,0f,1.3125f,-1.2246467991473532e-16f,0f,-1f,2.1244999999999985f,0f,0f,0f,1f],start_interpolation:0}
execute if entity @s[tag=aj.nep_fume_ugs_skills.bone.gravity_effect2] run data modify entity @s {} merge value {transformation:[-1f,0f,1.2246467991473532e-16f,-0.17187500000000033f,0f,1f,0f,1.40625f,-1.2246467991473532e-16f,0f,-1f,2.7651249999999985f,0f,0f,0f,1f],start_interpolation:0}
execute if entity @s[tag=aj.nep_fume_ugs_skills.bone.gravity_effect3] run data modify entity @s {} merge value {transformation:[-1f,0f,1.2246467991473532e-16f,0.2812499999999998f,0f,1f,0f,1.46875f,-1.2246467991473532e-16f,0f,-1f,2.2182499999999985f,0f,0f,0f,1f],start_interpolation:0}
execute if entity @s[tag=aj.nep_fume_ugs_skills.bone.gravity_effect4] run data modify entity @s {} merge value {transformation:[-1f,0f,1.2246467991473532e-16f,-0.5468750000000003f,0f,1f,0f,0.96875f,-1.2246467991473532e-16f,0f,-1f,2.5776249999999985f,0f,0f,0f,1f],start_interpolation:0}
execute if entity @s[tag=aj.nep_fume_ugs_skills.bone.gravity_effect5] run data modify entity @s {} merge value {transformation:[-1f,0f,1.2246467991473532e-16f,0.20312499999999964f,0f,1f,0f,0.59375f,-1.2246467991473532e-16f,0f,-1f,2.7651249999999985f,0f,0f,0f,1f],start_interpolation:0}
execute if entity @s[tag=aj.nep_fume_ugs_skills.bone.gravity_effect6] run data modify entity @s {} merge value {transformation:[-1f,0f,1.2246467991473532e-16f,0.5156249999999997f,0f,1f,0f,0.71875f,-1.2246467991473532e-16f,0f,-1f,2.2651249999999985f,0f,0f,0f,1f],start_interpolation:0}
execute if entity @s[tag=aj.nep_fume_ugs_skills.bone.gravity_effect7] run data modify entity @s {} merge value {transformation:[-1f,0f,1.2246467991473532e-16f,-0.06250000000000029f,0f,1f,0f,0.78125f,-1.2246467991473532e-16f,0f,-1f,2.4369999999999985f,0f,0f,0f,1f],start_interpolation:0}
execute if entity @s[tag=aj.nep_fume_ugs_skills.bone.gravity_effect8] run data modify entity @s {} merge value {transformation:[-1f,0f,1.2246467991473532e-16f,0.0937499999999997f,0f,1f,0f,1.65625f,-1.2246467991473532e-16f,0f,-1f,2.4682499999999985f,0f,0f,0f,1f],start_interpolation:0}
execute if entity @s[tag=aj.nep_fume_ugs_skills.bone.gravity_effect9] run data modify entity @s {} merge value {transformation:[-1f,0f,1.2246467991473532e-16f,0.43749999999999967f,0f,1f,0f,1.15625f,-1.2246467991473532e-16f,0f,-1f,3.0619999999999985f,0f,0f,0f,1f],start_interpolation:0}
execute if entity @s[tag=aj.nep_fume_ugs_skills.locator_origin.nep_ride] at @s on origin run tp @s ^-0.0625 ^1 ^2.4995 ~0 ~0
execute if entity @s[tag=aj.nep_fume_ugs_skills.locator_origin.wave_of_destruction0] at @s on origin run tp @s ^-0.375 ^2.56249 ^0.18752 ~0 ~90
execute if entity @s[tag=aj.nep_fume_ugs_skills.locator_origin.wave_of_destruction1] at @s on origin run tp @s ^-0.375 ^2.5625 ^0.18752 ~0 ~90
execute if entity @s[tag=aj.nep_fume_ugs_skills.locator_origin.wave_of_destruction2] at @s on origin run tp @s ^-0.375 ^2.56251 ^0.18752 ~0 ~90
execute if entity @s[tag=aj.nep_fume_ugs_skills.locator_origin.wave_of_destruction3] at @s on origin run tp @s ^-0.375 ^2.56252 ^0.18752 ~0 ~90
execute if entity @s[tag=aj.nep_fume_ugs_skills.locator_origin.wave_of_destruction4] at @s on origin run tp @s ^-0.375 ^2.56253 ^0.18752 ~0 ~90
execute if entity @s[tag=aj.nep_fume_ugs_skills.locator_origin.wave_of_destruction5] at @s on origin run tp @s ^-0.37501 ^2.56253 ^0.18752 ~0 ~90
execute if entity @s[tag=aj.nep_fume_ugs_skills.locator_origin.wave_of_destruction6] at @s on origin run tp @s ^-0.37499 ^2.56253 ^0.18752 ~0 ~90
execute if entity @s[tag=aj.nep_fume_ugs_skills.locator_origin.wave_of_destruction7] at @s on origin run tp @s ^-0.375 ^2.56253 ^0.18753 ~0 ~90
execute if entity @s[tag=aj.nep_fume_ugs_skills.locator_origin.wave_of_destruction8] at @s on origin run tp @s ^-0.375 ^2.56253 ^0.18751 ~0 ~90
execute if entity @s[tag=aj.nep_fume_ugs_skills.locator_origin.wave_of_destruction12] at @s on origin run tp @s ^-0.37501 ^2.56252 ^0.18752 ~0 ~90
execute if entity @s[tag=aj.nep_fume_ugs_skills.locator_origin.wave_of_destruction11] at @s on origin run tp @s ^-0.375 ^2.56252 ^0.18753 ~0 ~90
execute if entity @s[tag=aj.nep_fume_ugs_skills.locator_origin.wave_of_destruction10] at @s on origin run tp @s ^-0.37499 ^2.56252 ^0.18752 ~0 ~90
execute if entity @s[tag=aj.nep_fume_ugs_skills.locator_origin.wave_of_destruction9] at @s on origin run tp @s ^-0.375 ^2.56252 ^0.18751 ~0 ~90
execute if entity @s[tag=aj.nep_fume_ugs_skills.locator_origin.wave_of_destruction13] at @s on origin run tp @s ^-0.37501 ^2.56251 ^0.18752 ~0 ~90
execute if entity @s[tag=aj.nep_fume_ugs_skills.locator_origin.wave_of_destruction14] at @s on origin run tp @s ^-0.375 ^2.56251 ^0.18753 ~0 ~90
execute if entity @s[tag=aj.nep_fume_ugs_skills.locator_origin.wave_of_destruction15] at @s on origin run tp @s ^-0.37499 ^2.56251 ^0.18752 ~0 ~90
execute if entity @s[tag=aj.nep_fume_ugs_skills.locator_origin.wave_of_destruction16] at @s on origin run tp @s ^-0.375 ^2.56251 ^0.18751 ~0 ~90
execute if entity @s[tag=aj.nep_fume_ugs_skills.locator_origin.wave_of_destruction17] at @s on origin run tp @s ^-0.37501 ^2.5625 ^0.18752 ~0 ~90
execute if entity @s[tag=aj.nep_fume_ugs_skills.locator_origin.wave_of_destruction18] at @s on origin run tp @s ^-0.375 ^2.5625 ^0.18753 ~0 ~90
execute if entity @s[tag=aj.nep_fume_ugs_skills.locator_origin.wave_of_destruction19] at @s on origin run tp @s ^-0.37499 ^2.5625 ^0.18752 ~0 ~90
execute if entity @s[tag=aj.nep_fume_ugs_skills.locator_origin.wave_of_destruction20] at @s on origin run tp @s ^-0.375 ^2.5625 ^0.18751 ~0 ~90
execute if entity @s[tag=aj.nep_fume_ugs_skills.locator_origin.wave_of_destruction24] at @s on origin run tp @s ^-0.37499 ^2.56249 ^0.18752 ~0 ~90
execute if entity @s[tag=aj.nep_fume_ugs_skills.locator_origin.wave_of_destruction23] at @s on origin run tp @s ^-0.375 ^2.56249 ^0.18753 ~0 ~90
execute if entity @s[tag=aj.nep_fume_ugs_skills.locator_origin.wave_of_destruction22] at @s on origin run tp @s ^-0.37501 ^2.56249 ^0.18752 ~0 ~90
execute if entity @s[tag=aj.nep_fume_ugs_skills.locator_origin.wave_of_destruction21] at @s on origin run tp @s ^-0.375 ^2.56249 ^0.18751 ~0 ~90
execute if entity @s[tag=aj.nep_fume_ugs_skills.locator_origin.wave_of_destruction25] at @s on origin run tp @s ^0.00002 ^-0.00098 ^2.31487 ~0 ~90
execute if entity @s[tag=aj.nep_fume_ugs_skills.locator_origin.wave_of_destruction26] at @s on origin run tp @s ^0 ^-0.00098 ^2.31489 ~0 ~90
execute if entity @s[tag=aj.nep_fume_ugs_skills.locator_origin.wave_of_destruction27] at @s on origin run tp @s ^-0.00002 ^-0.00098 ^2.31487 ~0 ~90
execute if entity @s[tag=aj.nep_fume_ugs_skills.locator_origin.wave_of_destruction28] at @s on origin run tp @s ^0 ^-0.00098 ^2.31485 ~0 ~90
execute if entity @s[tag=aj.nep_fume_ugs_skills.locator_origin.wave_of_destruction29] at @s on origin run tp @s ^0.00002 ^-0.00097 ^2.31485 ~0 ~90
execute if entity @s[tag=aj.nep_fume_ugs_skills.locator_origin.wave_of_destruction30] at @s on origin run tp @s ^0.00001 ^-0.00098 ^2.31488 ~0 ~90
execute if entity @s[tag=aj.nep_fume_ugs_skills.locator_origin.wave_of_destruction31] at @s on origin run tp @s ^-0.00002 ^-0.00097 ^2.31488 ~0 ~90
execute if entity @s[tag=aj.nep_fume_ugs_skills.locator_origin.wave_of_destruction32] at @s on origin run tp @s ^-0.00002 ^-0.00097 ^2.31485 ~0 ~90