execute if entity @s[tag=aj.nep_fume_ugs_skills.bone.right_arm2] run data modify entity @s {} merge value {transformation:[-0.9249569354429278f,0.3266556661834267f,0.19429550516234578f,-0.7488519359046799f,0.3353900636395415f,0.9419904311542069f,0.012943447213803777f,2.585478559279737f,-0.1787964563068677f,0.07713691311022261f,-0.9808576470864327f,21.68142770142546f,0f,0f,0f,1f],start_interpolation:0}
execute if entity @s[tag=aj.nep_fume_ugs_skills.bone.right_arm] run data modify entity @s {} merge value {transformation:[-0.9249569354429278f,0.3266556661834267f,0.19429550516234578f,-0.7387438927815504f,0.3353900636395415f,0.9419904311542069f,0.012943447213803777f,2.831062419898587f,-0.1787964563068677f,0.07713691311022261f,-0.9808576470864327f,21.704299418996232f,0f,0f,0f,1f],start_interpolation:0}
execute if entity @s[tag=aj.nep_fume_ugs_skills.locator_origin.fume_ugs_locator] at @s on origin run tp @s ^1.90243 ^2.30855 ^20.50646 ~-43.14815 ~33.85812
execute if entity @s[tag=aj.nep_fume_ugs_skills.locator_origin.fume_ugs_locator2] at @s on origin run tp @s ^1.57886 ^2.38486 ^20.87993 ~-43.14815 ~33.85812
execute if entity @s[tag=aj.nep_fume_ugs_skills.locator_origin.fume_ugs_locator3] at @s on origin run tp @s ^1.25529 ^2.46116 ^21.2534 ~-43.14815 ~33.85812
execute if entity @s[tag=aj.nep_fume_ugs_skills.locator_origin.fume_ugs_locator4] at @s on origin run tp @s ^0.93172 ^2.53747 ^21.62687 ~-43.14815 ~33.85812
execute if entity @s[tag=aj.nep_fume_ugs_skills.locator_origin.fume_ugs_locator5] at @s on origin run tp @s ^0.56771 ^2.62332 ^22.04703 ~-43.14815 ~33.85812
execute if entity @s[tag=aj.nep_fume_ugs_skills.locator_origin.fume_ugs_locator10] at @s on origin run tp @s ^0.35474 ^2.83225 ^21.81983 ~-43.14815 ~33.85812
execute if entity @s[tag=aj.nep_fume_ugs_skills.locator_origin.fume_ugs_locator9] at @s on origin run tp @s ^0.71875 ^2.7464 ^21.39967 ~-43.14815 ~33.85812
execute if entity @s[tag=aj.nep_fume_ugs_skills.locator_origin.fume_ugs_locator8] at @s on origin run tp @s ^1.04232 ^2.67009 ^21.0262 ~-43.14815 ~33.85812
execute if entity @s[tag=aj.nep_fume_ugs_skills.locator_origin.fume_ugs_locator7] at @s on origin run tp @s ^1.36589 ^2.59378 ^20.65273 ~-43.14815 ~33.85812
execute if entity @s[tag=aj.nep_fume_ugs_skills.locator_origin.fume_ugs_locator6] at @s on origin run tp @s ^1.68946 ^2.51748 ^20.27926 ~-43.14815 ~33.85812
execute if entity @s[tag=aj.nep_fume_ugs_skills.locator_origin.foe_ride_locator] at @s on origin run tp @s ^1.2297 ^2.54655 ^21.04644 ~-43.14815 ~33.85812
execute if entity @s[tag=aj.nep_fume_ugs_skills.bone.fume_ugs_slash] run data modify entity @s {} merge value {transformation:[0.000013563051055142572f,0.0000217388609813681f,-0.0000073876031579572714f,1.647608929504349f,0.00002176734252063131f,-0.000009445493044099624f,0.000012168671737477907f,2.456273076272807f,0.000007303256587045533f,-0.00001221948016479136f,-0.000022549010152047873f,20.545894877671614f,0f,0f,0f,1f],start_interpolation:0}
execute if entity @s[tag=aj.nep_fume_ugs_skills.bone.gravity_vortex] run data modify entity @s {} merge value {transformation:[-0.000008628487693677971f,0.000006781525527571288f,-0.000007572178644004967f,1.5750555178235723f,0.000002034874315049635f,0.000010883671260315655f,0.000007428510227300511f,2.419290180868346f,0.00000995923011179966f,0.000003651628293522764f,-0.000008078188173343379f,20.672479728439594f,0f,0f,0f,1f],start_interpolation:0}
execute if entity @s[tag=aj.nep_fume_ugs_skills.bone.fume_ultra_greatsword] run data modify entity @s {} merge value {transformation:[1.055883524642849f,1.3434555339056604f,-1.1789882148715736f,0.3037140964006565f,1.6945876152311474f,-0.3168299308532278f,1.1566190423906897f,2.771337312577253f,0.5685585253014948f,-1.550652128407207f,-1.2577738985895643f,22.094633619767034f,0f,0f,0f,1f],start_interpolation:0}
execute if entity @s[tag=aj.nep_fume_ugs_skills.bone.left_arm2] run data modify entity @s {} merge value {transformation:[-0.6113621927984756f,-0.7816727899843792f,0.12338524472025786f,0.19835931352693487f,-0.7846559194807474f,0.5785377725494887f,-0.22273107945973655f,2.852263940295485f,0.10271979965159356f,-0.23298432378920725f,-0.9670403030008744f,22.069050688280857f,0f,0f,0f,1f],start_interpolation:0}
execute if entity @s[tag=aj.nep_fume_ugs_skills.bone.left_arm] run data modify entity @s {} merge value {transformation:[-0.6113621927984756f,-0.4654795872269065f,0.6399726737070186f,0.04175976154463884f,-0.7846559194807474f,0.2515933254753244f,-0.5665826388092834f,2.936906539310178f,0.10271979965159356f,-0.8485455511941227f,-0.5190559606711012f,21.783577690538436f,0f,0f,0f,1f],start_interpolation:0}
execute if entity @s[tag=aj.nep_fume_ugs_skills.bone.head] run data modify entity @s {} merge value {transformation:[-0.9915422178930466f,-0.015765104645932677f,0.12882349013763905f,-0.345286929392382f,-0.07247886941941559f,0.8906544419606768f,-0.44886688283209275f,2.9617760990767885f,-0.10766078034002413f,-0.45440744546191103f,-0.8842641177189982f,21.740584152323095f,0f,0f,0f,1f],start_interpolation:0}
execute if entity @s[tag=aj.nep_fume_ugs_skills.bone.body_top] run data modify entity @s {} merge value {transformation:[-0.9842149900971996f,-0.03373964661735945f,0.1737310839029872f,-0.3320019435367967f,-0.07875456975777352f,0.9626036812634283f,-0.2592139474649559f,2.5827508995793136f,-0.15848839392914257f,-0.2688043695036094f,-0.9500661239753414f,21.84642587281514f,0f,0f,0f,1f],start_interpolation:0}
execute if entity @s[tag=aj.nep_fume_ugs_skills.bone.body] run data modify entity @s {} merge value {transformation:[-0.9842149900971996f,-0.03373964661735945f,0.1737310839029872f,-0.31724084814170195f,-0.07875456975777352f,0.9626036812634283f,-0.2592139474649559f,2.161611789026564f,-0.15848839392914257f,-0.2688043695036094f,-0.9500661239753414f,21.964027784472968f,0f,0f,0f,1f],start_interpolation:0}
execute if entity @s[tag=aj.nep_fume_ugs_skills.bone.right_leg2] run data modify entity @s {} merge value {transformation:[-0.9268959532449899f,0.3325927282603008f,0.1739136825164513f,-0.5691081750672712f,0.22972925739224145f,0.8691915349688119f,-0.4378704646771356f,1.9166604780989762f,-0.29679683313012717f,-0.3659073006198861f,-0.8820563968346903f,22.00702998197872f,0f,0f,0f,1f],start_interpolation:0}
execute if entity @s[tag=aj.nep_fume_ugs_skills.bone.right_leg] run data modify entity @s {} merge value {transformation:[-0.9268959532449899f,0.30941109432650815f,0.2124350878874203f,-0.4434308137742293f,0.22972925739224145f,0.9153129863598352f,-0.3307969245610518f,2.2420115629252884f,-0.29679683313012717f,-0.25781177573709485f,-0.9194806839380664f,21.91901632559086f,0f,0f,0f,1f],start_interpolation:0}
execute if entity @s[tag=aj.nep_fume_ugs_skills.bone.left_leg2] run data modify entity @s {} merge value {transformation:[-0.9430393757805514f,-0.08643103903654807f,0.3212575465549289f,-0.11796050816208231f,-0.2417325872480773f,0.8414725358961973f,-0.4832073339621144f,1.914781305295138f,-0.2285652904309406f,-0.5333419604939096f,-0.8144349336728709f,21.979269843538578f,0f,0f,0f,1f],start_interpolation:0}
execute if entity @s[tag=aj.nep_fume_ugs_skills.bone.left_leg] run data modify entity @s {} merge value {transformation:[-0.9430393757805514f,-0.2027918085283786f,0.26372754524550335f,-0.2055738045985395f,-0.2417325872480773f,0.9623346941894719f,-0.12440776752923052f,2.256843264343728f,-0.2285652904309406f,-0.1810729652737979f,-0.9565408978486882f,21.910625413980323f,0f,0f,0f,1f],start_interpolation:0}
execute if entity @s[tag=aj.nep_fume_ugs_skills.bone.gravity_effect1] run data modify entity @s {} merge value {transformation:[-1f,0f,1.2246467991473532e-16f,-0.3125000000000021f,0f,1f,0f,1.3125f,-1.2246467991473532e-16f,0f,-1f,17.4777783203125f,0f,0f,0f,1f],start_interpolation:0}
execute if entity @s[tag=aj.nep_fume_ugs_skills.bone.gravity_effect2] run data modify entity @s {} merge value {transformation:[-1f,0f,1.2246467991473532e-16f,-0.17187500000000222f,0f,1f,0f,1.40625f,-1.2246467991473532e-16f,0f,-1f,18.1184033203125f,0f,0f,0f,1f],start_interpolation:0}
execute if entity @s[tag=aj.nep_fume_ugs_skills.bone.gravity_effect3] run data modify entity @s {} merge value {transformation:[-1f,0f,1.2246467991473532e-16f,0.2812499999999979f,0f,1f,0f,1.46875f,-1.2246467991473532e-16f,0f,-1f,17.5715283203125f,0f,0f,0f,1f],start_interpolation:0}
execute if entity @s[tag=aj.nep_fume_ugs_skills.bone.gravity_effect4] run data modify entity @s {} merge value {transformation:[-1f,0f,1.2246467991473532e-16f,-0.5468750000000022f,0f,1f,0f,0.96875f,-1.2246467991473532e-16f,0f,-1f,17.9309033203125f,0f,0f,0f,1f],start_interpolation:0}
execute if entity @s[tag=aj.nep_fume_ugs_skills.bone.gravity_effect5] run data modify entity @s {} merge value {transformation:[-1f,0f,1.2246467991473532e-16f,0.20312499999999775f,0f,1f,0f,0.59375f,-1.2246467991473532e-16f,0f,-1f,18.1184033203125f,0f,0f,0f,1f],start_interpolation:0}
execute if entity @s[tag=aj.nep_fume_ugs_skills.bone.gravity_effect6] run data modify entity @s {} merge value {transformation:[-1f,0f,1.2246467991473532e-16f,0.5156249999999978f,0f,1f,0f,0.71875f,-1.2246467991473532e-16f,0f,-1f,17.6184033203125f,0f,0f,0f,1f],start_interpolation:0}
execute if entity @s[tag=aj.nep_fume_ugs_skills.bone.gravity_effect7] run data modify entity @s {} merge value {transformation:[-1f,0f,1.2246467991473532e-16f,-0.06250000000000218f,0f,1f,0f,0.78125f,-1.2246467991473532e-16f,0f,-1f,17.7902783203125f,0f,0f,0f,1f],start_interpolation:0}
execute if entity @s[tag=aj.nep_fume_ugs_skills.bone.gravity_effect8] run data modify entity @s {} merge value {transformation:[-1f,0f,1.2246467991473532e-16f,0.09374999999999781f,0f,1f,0f,1.65625f,-1.2246467991473532e-16f,0f,-1f,17.8215283203125f,0f,0f,0f,1f],start_interpolation:0}
execute if entity @s[tag=aj.nep_fume_ugs_skills.bone.gravity_effect9] run data modify entity @s {} merge value {transformation:[-1f,0f,1.2246467991473532e-16f,0.4374999999999978f,0f,1f,0f,1.15625f,-1.2246467991473532e-16f,0f,-1f,18.4152783203125f,0f,0f,0f,1f],start_interpolation:0}
execute if entity @s[tag=aj.nep_fume_ugs_skills.locator_origin.nep_ride] at @s on origin run tp @s ^-0.0625 ^1 ^17.85278 ~0 ~0
execute if entity @s[tag=aj.nep_fume_ugs_skills.locator_origin.wave_of_destruction0] at @s on origin run tp @s ^-0.375 ^0.49999 ^12.75002 ~0 ~90
execute if entity @s[tag=aj.nep_fume_ugs_skills.locator_origin.wave_of_destruction1] at @s on origin run tp @s ^-0.375 ^0.5 ^12.75002 ~0 ~90
execute if entity @s[tag=aj.nep_fume_ugs_skills.locator_origin.wave_of_destruction2] at @s on origin run tp @s ^-0.375 ^0.50001 ^12.75002 ~0 ~90
execute if entity @s[tag=aj.nep_fume_ugs_skills.locator_origin.wave_of_destruction3] at @s on origin run tp @s ^-0.375 ^0.50002 ^12.75002 ~0 ~90
execute if entity @s[tag=aj.nep_fume_ugs_skills.locator_origin.wave_of_destruction4] at @s on origin run tp @s ^-0.375 ^0.50003 ^12.75002 ~0 ~90
execute if entity @s[tag=aj.nep_fume_ugs_skills.locator_origin.wave_of_destruction5] at @s on origin run tp @s ^-0.37501 ^0.50003 ^12.75002 ~0 ~90
execute if entity @s[tag=aj.nep_fume_ugs_skills.locator_origin.wave_of_destruction6] at @s on origin run tp @s ^-0.37499 ^0.50003 ^12.75002 ~0 ~90
execute if entity @s[tag=aj.nep_fume_ugs_skills.locator_origin.wave_of_destruction7] at @s on origin run tp @s ^-0.375 ^0.50003 ^12.75003 ~0 ~90
execute if entity @s[tag=aj.nep_fume_ugs_skills.locator_origin.wave_of_destruction8] at @s on origin run tp @s ^-0.375 ^0.50003 ^12.75001 ~0 ~90
execute if entity @s[tag=aj.nep_fume_ugs_skills.locator_origin.wave_of_destruction12] at @s on origin run tp @s ^-0.37501 ^0.50002 ^12.75002 ~0 ~90
execute if entity @s[tag=aj.nep_fume_ugs_skills.locator_origin.wave_of_destruction11] at @s on origin run tp @s ^-0.375 ^0.50002 ^12.75003 ~0 ~90
execute if entity @s[tag=aj.nep_fume_ugs_skills.locator_origin.wave_of_destruction10] at @s on origin run tp @s ^-0.37499 ^0.50002 ^12.75002 ~0 ~90
execute if entity @s[tag=aj.nep_fume_ugs_skills.locator_origin.wave_of_destruction9] at @s on origin run tp @s ^-0.375 ^0.50002 ^12.75001 ~0 ~90
execute if entity @s[tag=aj.nep_fume_ugs_skills.locator_origin.wave_of_destruction13] at @s on origin run tp @s ^-0.37501 ^0.50001 ^12.75002 ~0 ~90
execute if entity @s[tag=aj.nep_fume_ugs_skills.locator_origin.wave_of_destruction14] at @s on origin run tp @s ^-0.375 ^0.50001 ^12.75003 ~0 ~90
execute if entity @s[tag=aj.nep_fume_ugs_skills.locator_origin.wave_of_destruction15] at @s on origin run tp @s ^-0.37499 ^0.50001 ^12.75002 ~0 ~90
execute if entity @s[tag=aj.nep_fume_ugs_skills.locator_origin.wave_of_destruction16] at @s on origin run tp @s ^-0.375 ^0.50001 ^12.75001 ~0 ~90
execute if entity @s[tag=aj.nep_fume_ugs_skills.locator_origin.wave_of_destruction17] at @s on origin run tp @s ^-0.37501 ^0.5 ^12.75002 ~0 ~90
execute if entity @s[tag=aj.nep_fume_ugs_skills.locator_origin.wave_of_destruction18] at @s on origin run tp @s ^-0.375 ^0.5 ^12.75003 ~0 ~90
execute if entity @s[tag=aj.nep_fume_ugs_skills.locator_origin.wave_of_destruction19] at @s on origin run tp @s ^-0.37499 ^0.5 ^12.75002 ~0 ~90
execute if entity @s[tag=aj.nep_fume_ugs_skills.locator_origin.wave_of_destruction20] at @s on origin run tp @s ^-0.375 ^0.5 ^12.75001 ~0 ~90
execute if entity @s[tag=aj.nep_fume_ugs_skills.locator_origin.wave_of_destruction24] at @s on origin run tp @s ^-0.37499 ^0.49999 ^12.75002 ~0 ~90
execute if entity @s[tag=aj.nep_fume_ugs_skills.locator_origin.wave_of_destruction23] at @s on origin run tp @s ^-0.375 ^0.49999 ^12.75003 ~0 ~90
execute if entity @s[tag=aj.nep_fume_ugs_skills.locator_origin.wave_of_destruction22] at @s on origin run tp @s ^-0.37501 ^0.49999 ^12.75002 ~0 ~90
execute if entity @s[tag=aj.nep_fume_ugs_skills.locator_origin.wave_of_destruction21] at @s on origin run tp @s ^-0.375 ^0.49999 ^12.75001 ~0 ~90
execute if entity @s[tag=aj.nep_fume_ugs_skills.bone.gravity_thunder] run data modify entity @s {} merge value {transformation:[-0.000033461391666666666f,-4.0978386199599245e-21f,9.09902957415537e-37f,-0.37499625000000153f,0f,7.429921492866735e-21f,0.000033461391666666666f,0.5000153125f,-4.0978386199599245e-21f,0.000033461391666666666f,-7.429921492866735e-21f,12.7500065625f,0f,0f,0f,1f],start_interpolation:0}
execute if entity @s[tag=aj.nep_fume_ugs_skills.bone.wave_of_destruction] run data modify entity @s {} merge value {transformation:[-0.00003297589166666667f,-4.038382017861322e-21f,8.967009396923679e-37f,-0.37500000000000155f,0f,7.322118837175633e-21f,0.00003297589166666667f,0.5f,-4.038382017861322e-21f,0.00003297589166666667f,-7.322118837175633e-21f,12.75f,0f,0f,0f,1f],start_interpolation:0}
execute if entity @s[tag=aj.nep_fume_ugs_skills.bone.obsidian_edges0] run data modify entity @s {} merge value {transformation:[-0.00001266899649625898f,0.000012668996496258978f,4.872011346518026e-37f,-0.000011250000001642079f,2.813082321808431e-21f,2.8130823218084306e-21f,0.000017916666666666667f,-0.0009765389562499964f,0.000012668996496258978f,0.00001266899649625898f,-3.978299171573478e-21f,13.408593134781249f,0f,0f,0f,1f],start_interpolation:0}
execute if entity @s[tag=aj.nep_fume_ugs_skills.bone.obsidian_edges1] run data modify entity @s {} merge value {transformation:[-0.000012668996496258976f,-0.000012668996496258981f,4.872011346518026e-37f,0.000011011043748357923f,-2.813082321808431e-21f,2.8130823218084306e-21f,0.000017916666666666667f,-0.0009768749999999964f,-0.000012668996496258981f,0.000012668996496258976f,-3.978299171573478e-21f,13.4085930520375f,0f,0f,0f,1f],start_interpolation:0}
execute if entity @s[tag=aj.nep_fume_ugs_skills.bone.obsidian_edges2] run data modify entity @s {} merge value {transformation:[0.00001266899649625898f,-0.00001266899649625898f,4.872011346518026e-37f,0.00001101104374835792f,-2.8130823218084314e-21f,-2.8130823218084306e-21f,0.000017916666666666667f,-0.0009768749999999964f,-0.00001266899649625898f,-0.00001266899649625898f,-3.978299171573478e-21f,13.4086155520375f,0f,0f,0f,1f],start_interpolation:0}
execute if entity @s[tag=aj.nep_fume_ugs_skills.bone.obsidian_edges3] run data modify entity @s {} merge value {transformation:[0.000012668996496258976f,0.000012668996496258981f,4.872011346518026e-37f,-0.000011250000001642082f,2.8130823218084314e-21f,-2.8130823218084306e-21f,0.000017916666666666667f,-0.0009765389562499964f,0.000012668996496258981f,-0.000012668996496258976f,-3.978299171573478e-21f,13.40861625978125f,0f,0f,0f,1f],start_interpolation:0}
execute if entity @s[tag=aj.nep_fume_ugs_skills.locator_origin.wave_of_destruction25] at @s on origin run tp @s ^0.00002 ^-0.00098 ^13.40862 ~0 ~90
execute if entity @s[tag=aj.nep_fume_ugs_skills.locator_origin.wave_of_destruction26] at @s on origin run tp @s ^0 ^-0.00098 ^13.40864 ~0 ~90
execute if entity @s[tag=aj.nep_fume_ugs_skills.locator_origin.wave_of_destruction27] at @s on origin run tp @s ^-0.00002 ^-0.00098 ^13.40862 ~0 ~90
execute if entity @s[tag=aj.nep_fume_ugs_skills.locator_origin.wave_of_destruction28] at @s on origin run tp @s ^0 ^-0.00098 ^13.4086 ~0 ~90
execute if entity @s[tag=aj.nep_fume_ugs_skills.locator_origin.wave_of_destruction29] at @s on origin run tp @s ^0.00002 ^-0.00097 ^13.4086 ~0 ~90
execute if entity @s[tag=aj.nep_fume_ugs_skills.locator_origin.wave_of_destruction30] at @s on origin run tp @s ^0.00001 ^-0.00098 ^13.40863 ~0 ~90
execute if entity @s[tag=aj.nep_fume_ugs_skills.locator_origin.wave_of_destruction31] at @s on origin run tp @s ^-0.00002 ^-0.00097 ^13.40863 ~0 ~90
execute if entity @s[tag=aj.nep_fume_ugs_skills.locator_origin.wave_of_destruction32] at @s on origin run tp @s ^-0.00002 ^-0.00097 ^13.4086 ~0 ~90
execute if entity @s[tag=aj.nep_fume_ugs_skills.bone.obsidian] run data modify entity @s {} merge value {transformation:[-0.00003520181250000001f,-4.3109787002310295e-21f,9.57229562333024e-37f,-1.6420804428876945e-15f,0f,7.816372549207531e-21f,0.00003520181250000001f,-0.0009781249999999964f,-4.3109787002310295e-21f,0.00003520181250000001f,-7.816372549207531e-21f,13.408604375f,0f,0f,0f,1f],start_interpolation:0}