execute if entity @s[tag=aj.crystal_blade.bone.right_arm2] run data modify entity @s {} merge value {transformation:[0.8462169283571096f,-0.5090446891034908f,0.15744972104576382f,0.4352423277774357f,0.5324653118358664f,0.8189208851365297f,-0.2141244394709217f,1.1764993430006325f,-0.019939956203361982f,0.265032240270374f,0.9640333551096013f,1.2072699708711114f,0f,0f,0f,1f],start_interpolation:0}
execute if entity @s[tag=aj.crystal_blade.bone.right_arm] run data modify entity @s {} merge value {transformation:[0.8462169283571096f,-0.49344738292622403f,0.20106364774647578f,0.3118804820458797f,0.5324653118358664f,0.797230762739781f,-0.284435937660628f,1.3758070336855779f,-0.019939956203361982f,0.3477539233777349f,0.937373781861857f,1.2942084517155452f,0f,0f,0f,1f],start_interpolation:0}
execute if entity @s[tag=aj.crystal_blade.bone.crystal_effect] run data modify entity @s {} merge value {transformation:[-0.027466867712957282f,1.0018954283612673f,-0.2660924997792007f,-1.05814768768719f,-0.27307429349648726f,-0.22620320250616763f,-0.32575840973439407f,1.3835371955433677f,-0.13073638135359597f,0.26198790392829624f,0.7363288939384165f,1.6421832878374012f,0f,0f,0f,1f],start_interpolation:0}
execute if entity @s[tag=aj.crystal_blade.bone.crystal_slash] run data modify entity @s {} merge value {transformation:[-9.035153852946493e-7f,-0.04900955973814729f,-0.2824094926901899f,-1.0189241470357748f,-0.000008982707022910783f,0.011065146174305903f,-0.3457341612747113f,1.4315558290537442f,-0.000004300538860315666f,-0.01281562073723323f,0.7814811374346415f,1.5336442409714788f,0f,0f,0f,1f],start_interpolation:0}
execute if entity @s[tag=aj.crystal_blade.locator_origin.aquamarine_dagger] at @s on origin run tp @s ^-1.13659 ^1.2875 ^1.85926 ~-160.1313 ~-22.59092
execute if entity @s[tag=aj.crystal_blade.bone.aquamarine_dagger] run data modify entity @s {} merge value {transformation:[-0.09035153852946493f,0.9451843663785555f,-0.3137883252113221f,-1.0189241470357748f,-0.8982707022910783f,-0.2133992476473283f,-0.3841490680830125f,1.4315558290537442f,-0.4300538860315666f,0.24715839993235533f,0.8683123749273794f,1.5336442409714788f,0f,0f,0f,1f],start_interpolation:0}
execute if entity @s[tag=aj.crystal_blade.bone.left_arm2] run data modify entity @s {} merge value {transformation:[0.26979734585376347f,0.9629167587590923f,0.000841350787775752f,-0.5101867216463465f,-0.45792703770185367f,0.12753676058521018f,0.8797938411020139f,1.513470289152123f,0.8470609306961745f,-0.23775132050172518f,0.47535469839669864f,1.272974518365098f,0f,0f,0f,1f],start_interpolation:0}
execute if entity @s[tag=aj.crystal_blade.bone.left_arm] run data modify entity @s {} merge value {transformation:[-0.325692621695153f,0.9454753345816005f,0.000841350787775752f,-0.31452946571284046f,-0.4491953778414472f,-0.1555194832966071f,0.8797938411020139f,1.4184409960977904f,0.8319542227185441f,0.2861644317747518f,0.47535469839669864f,1.448509904148604f,0f,0f,0f,1f],start_interpolation:0}
execute if entity @s[tag=aj.crystal_blade.bone.head] run data modify entity @s {} merge value {transformation:[0.922102637144461f,-0.032992127996368976f,0.38553630965384f,0.003802782848086747f,0.061769753065712515f,0.9961320457892701f,-0.06249355933121828f,1.5175243896802044f,-0.3819832773531209f,0.08143995850904398f,0.9205739019658411f,1.3518680976291866f,0f,0f,0f,1f],start_interpolation:0}
execute if entity @s[tag=aj.crystal_blade.bone.body_top] run data modify entity @s {} merge value {transformation:[0.9922378670686252f,0.013889629642799476f,0.12357626529188874f,-0.0016662588237655474f,0.002505927587593687f,0.9913075364573886f,-0.13154120453192247f,1.1271970472001076f,-0.12432914172482305f,0.13082983738875925f,0.9835780691774292f,1.3003538491573625f,0f,0f,0f,1f],start_interpolation:0}
execute if entity @s[tag=aj.crystal_blade.bone.body] run data modify entity @s {} merge value {transformation:[0.9922378670686252f,0.013889629642799476f,0.12357626529188874f,-0.007742971792490318f,0.002505927587593687f,0.9913075364573886f,-0.13154120453192247f,0.6935f,-0.12432914172482305f,0.13082983738875925f,0.9835780691774292f,1.2431157952997804f,0f,0f,0f,1f],start_interpolation:0}
execute if entity @s[tag=aj.crystal_blade.locator_origin.player_camera] at @s on origin run tp @s ^0.06539 ^-0.119 ^1.86382 ~173.28 ~0
execute if entity @s[tag=aj.crystal_blade.bone.right_leg2] run data modify entity @s {} merge value {transformation:[0.9931769887922767f,-0.09557972264844738f,0.06681306423111842f,0.160153000463926f,0.09909517212933124f,0.993747430122881f,-0.05144115069502325f,0.43341394105023573f,-0.06147857996216159f,0.05771101924776367f,0.996438569337428f,1.3677574096020197f,0f,0f,0f,1f],start_interpolation:0}
execute if entity @s[tag=aj.crystal_blade.bone.right_leg] run data modify entity @s {} merge value {transformation:[0.9931769887922767f,-0.11361197648735988f,0.02630185795987172f,0.11932369641378104f,0.09909517212933124f,0.9411090335993441f,0.3232552145571157f,0.771625f,-0.06147857996216159f,-0.3184432534633828f,0.9459462344813746f,1.2533168653886166f,0f,0f,0f,1f],start_interpolation:0}
execute if entity @s[tag=aj.crystal_blade.bone.left_leg2] run data modify entity @s {} merge value {transformation:[0.9864402464801822f,0.08677841147877542f,0.13930235972637933f,-0.15538422205394709f,-0.07261499057911444f,0.9919513490310171f,-0.10372841606204278f,0.44560174520610174f,-0.14718255082485956f,0.09220644476806093f,0.9848021467665078f,1.2796351834927038f,0f,0f,0f,1f],start_interpolation:0}
execute if entity @s[tag=aj.crystal_blade.bone.left_leg] run data modify entity @s {} merge value {transformation:[0.9864402464801822f,0.0694145599767947f,0.14871872440061212f,-0.1304383645622865f,-0.07261499057911444f,0.9972285885903791f,0.016192752738044873f,0.8039807692307692f,-0.14718255082485956f,-0.026772391773397995f,0.9887469523449463f,1.270013855199139f,0f,0f,0f,1f],start_interpolation:0}
execute if entity @s[tag=aj.crystal_blade.locator_origin.commands] at @s on origin run tp @s ^0 ^0 ^0 ~0 ~0