execute if entity @s[tag=aj.crystal_blade.bone.right_arm2] run data modify entity @s {} merge value {transformation:[0.8233891041601015f,-0.5672643137241452f,-0.015542893086554438f,0.4593537155214463f,0.5522438543152798f,0.807289026399847f,-0.20811331823165793f,1.1747673770853038f,0.13060286567081753f,0.1627747714772218f,0.9779812192721845f,1.2527932647981883f,0f,0f,0f,1f],start_interpolation:0}
execute if entity @s[tag=aj.crystal_blade.bone.right_arm] run data modify entity @s {} merge value {transformation:[0.8233891041601015f,-0.5674765357554964f,0.0008743668373968616f,0.3174845815825722f,0.5522438543152798f,0.8009304916587847f,-0.23138079631253225f,1.375f,0.13060286567081753f,0.19099929030799634f,0.9728628693605343f,1.3005430873751873f,0f,0f,0f,1f],start_interpolation:0}
execute if entity @s[tag=aj.crystal_blade.bone.crystal_effect] run data modify entity @s {} merge value {transformation:[0.0370542946823329f,0.0000032935475703761642f,-0.000009434788939145844f,-1.2522984566464186f,-0.7403597561745533f,-0.000006250753553375573f,-0.0000024728168469739737f,1.2557700103925693f,-0.6711888040505081f,0.0000070767665226876f,0.0000022067928119995726f,1.495470628520232f,0f,0f,0f,1f],start_interpolation:0}
execute if entity @s[tag=aj.crystal_blade.locator_origin.aquamarine_dagger2] at @s on origin run tp @s ^-1.54047 ^1.14037 ^1.60686 ~-103.16478 ~-14.31671
execute if entity @s[tag=aj.crystal_blade.bone.crystal_slash] run data modify entity @s {} merge value {transformation:[3.70542946823329e-7f,0.07384751192952828f,-0.8491310045231258f,-1.1343635949070956f,-0.0000074035975617455335f,-0.14015361482959335f,-0.2225535162276576f,1.2866802209797439f,-0.000006711888040505081f,0.15867437437588652f,0.19861135307996153f,1.4678857183702372f,0f,0f,0f,1f],start_interpolation:0}
execute if entity @s[tag=aj.crystal_blade.locator_origin.aquamarine_dagger1] at @s on origin run tp @s ^-1.19333 ^1.27123 ^1.48168 ~-103.16478 ~-14.31671
execute if entity @s[tag=aj.crystal_blade.locator_origin.aquamarine_dagger3] at @s on origin run tp @s ^-1.66507 ^1.14758 ^1.59202 ~-103.16478 ~-14.31671
execute if entity @s[tag=aj.crystal_blade.bone.aquamarine_dagger] run data modify entity @s {} merge value {transformation:[0.0370542946823329f,0.3293547570376164f,-0.9434788939145843f,-1.1343635949070956f,-0.7403597561745533f,-0.6250753553375572f,-0.24728168469739734f,1.2866802209797439f,-0.6711888040505081f,0.70767665226876f,0.22067928119995725f,1.4678857183702372f,0f,0f,0f,1f],start_interpolation:0}
execute if entity @s[tag=aj.crystal_blade.bone.left_arm2] run data modify entity @s {} merge value {transformation:[0.10878984011769119f,0.952722140939116f,-0.28369930005474847f,-0.6234186663186606f,0.7257090131083664f,0.11892028613717942f,0.677646215837093f,1.2987213494085403f,0.6793461554910338f,-0.2796041625395415f,-0.6784617257518021f,1.2769389212619318f,0f,0f,0f,1f],start_interpolation:0}
execute if entity @s[tag=aj.crystal_blade.bone.left_arm] run data modify entity @s {} merge value {transformation:[-0.02051200110838286f,0.958693884907469f,-0.28369930005474847f,-0.38630919523034124f,0.7030814367502753f,0.21557388399070143f,0.677646215837093f,1.4405000000000001f,0.7108134432519535f,-0.18556383155719797f,-0.6784617257518021f,1.3193996437791264f,0f,0f,0f,1f],start_interpolation:0}
execute if entity @s[tag=aj.crystal_blade.bone.head] run data modify entity @s {} merge value {transformation:[0.8950909141374368f,-0.0038998033337954265f,-0.4458666246340553f,0.007773175890646938f,-0.028925752667142347f,0.9973474998811764f,-0.0667927040432269f,1.51875f,0.44494444176913495f,0.07268257022646152f,0.8926038806346455f,1.258888613613877f,0f,0f,0f,1f],start_interpolation:0}
execute if entity @s[tag=aj.crystal_blade.bone.body_top] run data modify entity @s {} merge value {transformation:[0.9910764982141609f,0f,-0.1332943160361927f,0.007773175890646938f,0f,1f,0f,1.125f,0.1332943160361927f,0f,0.9910764982141609f,1.258888613613877f,0f,0f,0f,1f],start_interpolation:0}
execute if entity @s[tag=aj.crystal_blade.bone.body] run data modify entity @s {} merge value {transformation:[0.9910764982141609f,0f,-0.1332943160361927f,0.007773175890646938f,0f,1f,0f,0.6875f,0.1332943160361927f,0f,0.9910764982141609f,1.258888613613877f,0f,0f,0f,1f],start_interpolation:0}
execute if entity @s[tag=aj.crystal_blade.locator_origin.player_camera] at @s on origin run tp @s ^-0.00056 ^0.125 ^1.32083 ~-172.34 ~0
execute if entity @s[tag=aj.crystal_blade.bone.right_leg2] run data modify entity @s {} merge value {transformation:[0.9774014550921084f,-0.1809731701706642f,-0.10924791651198254f,0.1834120148684282f,0.09523551516642928f,0.8383590506725199f,-0.5367348496291777f,0.4229509503295087f,0.1887235868534034f,0.5142011414163246f,0.8366484291094648f,1.1804379373182714f,0f,0f,0f,1f],start_interpolation:0}
execute if entity @s[tag=aj.crystal_blade.bone.right_leg] run data modify entity @s {} merge value {transformation:[0.9774014550921084f,-0.14401190038542244f,-0.15474807957195605f,0.13165773816741702f,0.09523551516642928f,0.953527790387454f,-0.2858582683950287f,0.765625f,0.1887235868534034f,0.2646607744003607f,0.9456944973187628f,1.275550403118401f,0f,0f,0f,1f],start_interpolation:0}
execute if entity @s[tag=aj.crystal_blade.bone.left_leg2] run data modify entity @s {} merge value {transformation:[0.9855536448480028f,0.1235027947699177f,-0.1158925054127152f,-0.166039940698498f,-0.12348014847016134f,0.9923194312202314f,0.007402658748281027f,0.4303370453831441f,0.11591663409797381f,0.007014706464006731f,0.9932341757272655f,1.293083341382313f,0f,0f,0f,1f],start_interpolation:0}
execute if entity @s[tag=aj.crystal_blade.bone.left_leg] run data modify entity @s {} merge value {transformation:[0.9855536448480028f,0.14073979576501222f,-0.09421423997909914f,-0.11546157659544673f,-0.12348014847016134f,0.9778447432816858f,0.16903346109620118f,0.78175f,0.11591663409797381f,-0.1549579553440116f,0.981097021713449f,1.2373953261805588f,0f,0f,0f,1f],start_interpolation:0}