execute if entity @s[tag=aj.crystal_blade.bone.right_arm2] run data modify entity @s {} merge value {transformation:[0.8463266870040185f,-0.5325280931372727f,0.012040302503760036f,0.4469312345455126f,0.51378227592039f,0.8101524529137858f,-0.2822778347441406f,1.1598194707023135f,0.14056639646397015f,0.24508535871682804f,0.9592571371263169f,1.3545067747410418f,0f,0f,0f,1f],start_interpolation:0}
execute if entity @s[tag=aj.crystal_blade.bone.right_arm] run data modify entity @s {} merge value {transformation:[0.8463266870040185f,-0.5288505871509652f,0.06362542993867383f,0.3147185877577713f,0.51378227592039f,0.7789601882889619f,-0.35951188855292293f,1.354559517774554f,0.14056639646397015f,0.33695412377785827f,0.9309688537508811f,1.4387453056855064f,0f,0f,0f,1f],start_interpolation:0}
execute if entity @s[tag=aj.crystal_blade.bone.crystal_effect] run data modify entity @s {} merge value {transformation:[-0.000002038062017785429f,0.000006947156010692643f,0.0000068980668723025155f,-0.9366879204043966f,-0.000009775186639967989f,-0.0000018329475875328184f,-0.0000010421272931599733f,1.4878191507672769f,5.403974143643762e-7f,-0.000006955381118562418f,0.000007164540748023814f,1.724501312621546f,0f,0f,0f,1f],start_interpolation:0}
execute if entity @s[tag=aj.crystal_blade.bone.crystal_slash] run data modify entity @s {} merge value {transformation:[-0.000002038062017785429f,-0.07976364308573027f,0.6208260185072264f,-1.022913756308178f,-0.000009775186639967989f,0.02104495378278419f,-0.09379145638439759f,1.5008457419317764f,5.403974143643762e-7f,0.07985807950942027f,0.6448086673221433f,1.6349445532712483f,0f,0f,0f,1f],start_interpolation:0}
execute if entity @s[tag=aj.crystal_blade.locator_origin.aquamarine_dagger] at @s on origin run tp @s ^-0.76424 ^1.46177 ^1.90361 ~136.08557 ~-5.98181
execute if entity @s[tag=aj.crystal_blade.bone.aquamarine_dagger] run data modify entity @s {} merge value {transformation:[-0.20380620177854286f,0.6947156010692642f,0.6898066872302515f,-1.022913756308178f,-0.9775186639967988f,-0.18329475875328183f,-0.10421272931599733f,1.5008457419317764f,0.05403974143643761f,-0.6955381118562417f,0.7164540748023813f,1.6349445532712483f,0f,0f,0f,1f],start_interpolation:0}
execute if entity @s[tag=aj.crystal_blade.bone.left_arm2] run data modify entity @s {} merge value {transformation:[0.30172031267895943f,0.9454861544987115f,0.12255931040989401f,-0.5291646044437666f,-0.03562973052202553f,-0.11727825650116892f,0.9924597386569257f,1.4066270984814044f,0.9527304840403913f,-0.3038120178717154f,-0.0016978153248803918f,1.3573363729024137f,0f,0f,0f,1f],start_interpolation:0}
execute if entity @s[tag=aj.crystal_blade.bone.left_arm] run data modify entity @s {} merge value {transformation:[-0.19715298260285988f,0.9726818168767456f,0.12255931040989401f,-0.3106382730499377f,0.026023059626330558f,-0.11977674028253804f,0.9924597386569257f,1.3799357958640612f,0.9800272964660116f,0.19885576583202688f,-0.0016978153248803918f,1.5295537264186718f,0f,0f,0f,1f],start_interpolation:0}
execute if entity @s[tag=aj.crystal_blade.bone.head] run data modify entity @s {} merge value {transformation:[0.9947759650523964f,-0.025309590775369626f,0.09889491376636228f,0.003212369929112536f,0.030486130869725826f,0.9982236111961208f,-0.05118806379587057f,1.4902276865587136f,-0.09742368900153009f,0.053935578845132254f,0.9937804476623463f,1.4923954383306075f,0f,0f,0f,1f],start_interpolation:0}
execute if entity @s[tag=aj.crystal_blade.bone.body_top] run data modify entity @s {} merge value {transformation:[0.9993048410793738f,0.005402052234056293f,0.036887022473867506f,0.0010853118619528705f,0.005651015760773991f,0.956063382326272f,-0.29310556971118834f,1.113777729767744f,-0.03684970306798364f,0.29311026390508615f,0.9553682392550487f,1.3769832719179798f,0f,0f,0f,1f],start_interpolation:0}
execute if entity @s[tag=aj.crystal_blade.bone.body] run data modify entity @s {} merge value {transformation:[0.9993048410793738f,0.005402052234056293f,0.036887022473867506f,-0.0012780859904467576f,0.005651015760773991f,0.956063382326272f,-0.29310556971118834f,0.6955f,-0.03684970306798364f,0.29311026390508615f,0.9553682392550487f,1.2487475314595047f,0f,0f,0f,1f],start_interpolation:0}
execute if entity @s[tag=aj.crystal_blade.locator_origin.player_camera] at @s on origin run tp @s ^0.01137 ^-0.117 ^1.87362 ~178.84 ~0
execute if entity @s[tag=aj.crystal_blade.bone.right_leg2] run data modify entity @s {} merge value {transformation:[0.994460913631565f,-0.10499128365802786f,-0.004931694932998595f,0.1560790573087682f,0.09909517212933124f,0.95218858237918f,-0.2889931667832061f,0.42706319254622443f,0.03503766715594586f,0.28690370151423156f,0.9573184569085157f,1.3859908795864084f,0f,0f,0f,1f],start_interpolation:0}
execute if entity @s[tag=aj.crystal_blade.bone.right_leg] run data modify entity @s {} merge value {transformation:[0.994460913631565f,-0.08729193443280547f,-0.058545789276867904f,0.12470851837197872f,0.09909517212933124f,0.9643458990018103f,0.24539179680471906f,0.773625f,0.03503766715594586f,-0.24983415551395102f,0.9676545130463143f,1.2962067299485822f,0f,0f,0f,1f],start_interpolation:0}
execute if entity @s[tag=aj.crystal_blade.bone.left_leg2] run data modify entity @s {} merge value {transformation:[0.9960595586472921f,0.06691873966441172f,0.058199982036836524f,-0.14703215424842872f,-0.07261499057911444f,0.9921299062104607f,0.10200643286586239f,0.4616268171127239f,-0.05091580079461119f,-0.10583067364686502f,0.9930797801510682f,1.3635194446827414f,0f,0f,0f,1f],start_interpolation:0}
execute if entity @s[tag=aj.crystal_blade.bone.left_leg] run data modify entity @s {} merge value {transformation:[0.9960595586472921f,0.05967149333539497f,0.06560997264505845f,-0.12558771133102115f,-0.07261499057911444f,0.9734531376662666f,0.21706232264235922f,0.8114615384615385f,-0.05091580079461119f,-0.22097126883562132f,0.9739503475940746f,1.28410789494494f,0f,0f,0f,1f],start_interpolation:0}
execute if entity @s[tag=aj.crystal_blade.locator_origin.commands] at @s on origin run tp @s ^0 ^0 ^0 ~0 ~0