execute if entity @s[tag=aj.crystal_blade.bone.right_arm2] run data modify entity @s {} merge value {transformation:[0.8420083840173351f,-0.5342559793162811f,0.07478255016591419f,0.448122145717323f,0.5369817750297508f,0.8167572865705773f,-0.21108791561755955f,1.171667488778796f,0.0516957883237516f,0.21789466124407295f,0.9746022070931899f,1.208110945349182f,0f,0f,0f,1f],start_interpolation:0}
execute if entity @s[tag=aj.crystal_blade.bone.right_arm] run data modify entity @s {} merge value {transformation:[0.8420083840173351f,-0.533011403655172f,0.083190893840969f,0.31486929480353f,0.5369817750297508f,0.8133300448848169f,-0.22393037170861818f,1.375f,0.0516957883237516f,0.2332232442558099f,0.9710481264120646f,1.2664167564131346f,0f,0f,0f,1f],start_interpolation:0}
execute if entity @s[tag=aj.crystal_blade.bone.crystal_effect] run data modify entity @s {} merge value {transformation:[0.06747192982111169f,0.000006588020810260378f,-0.000007492845632481538f,-1.0020861035742368f,-0.3467496111401252f,-0.000006886985602567304f,-0.000006367566256227557f,0.8057373217905537f,-0.9355277899989856f,0.000003027773292967423f,0.0000018197154448854093f,1.4327630753975047f,0f,0f,0f,1f],start_interpolation:0}
execute if entity @s[tag=aj.crystal_blade.locator_origin.aquamarine_dagger2] at @s on origin run tp @s ^-1.2456 ^0.59879 ^1.4919 ~-103.6506 ~-39.55039
execute if entity @s[tag=aj.crystal_blade.bone.crystal_slash] run data modify entity @s {} merge value {transformation:[6.74719298211117e-7f,0.000006588020810260378f,-0.6743561069233384f,-0.9084255331682175f,-0.0000034674961114012524f,-0.000006886985602567304f,-0.5730809630604802f,0.8853318999933981f,-0.000009355277899989856f,0.000003027773292967423f,0.16377439003968683f,1.4100166323364371f,0f,0f,0f,1f],start_interpolation:0}
execute if entity @s[tag=aj.crystal_blade.locator_origin.aquamarine_dagger1] at @s on origin run tp @s ^-0.95526 ^0.84553 ^1.42139 ~-103.6506 ~-39.55039
execute if entity @s[tag=aj.crystal_blade.locator_origin.aquamarine_dagger3] at @s on origin run tp @s ^-1.3299 ^0.52716 ^1.51238 ~-103.6506 ~-39.55039
execute if entity @s[tag=aj.crystal_blade.bone.aquamarine_dagger] run data modify entity @s {} merge value {transformation:[0.06747192982111169f,0.6588020810260378f,-0.7492845632481537f,-0.9084255331682175f,-0.3467496111401252f,-0.6886985602567304f,-0.6367566256227557f,0.8853318999933981f,-0.9355277899989856f,0.3027773292967423f,0.18197154448854092f,1.4100166323364371f,0f,0f,0f,1f],start_interpolation:0}
execute if entity @s[tag=aj.crystal_blade.bone.left_arm2] run data modify entity @s {} merge value {transformation:[-0.07368621830487831f,0.7097096108988132f,-0.7006301516704662f,-0.548965339074756f,0.3330327326516286f,0.6797214056211668f,0.6535044068122066f,1.2043780570132547f,0.9400316697933715f,-0.18517850560537594f,-0.28644263098785583f,1.2586754001716636f,0f,0f,0f,1f],start_interpolation:0}
execute if entity @s[tag=aj.crystal_blade.bone.left_arm] run data modify entity @s {} merge value {transformation:[-0.07368621830487831f,0.7097096108988132f,-0.7006301516704662f,-0.38074871363816243f,0.3330327326516286f,0.6797214056211668f,0.6535044068122066f,1.4159375f,0.9400316697933715f,-0.18517850560537594f,-0.28644263098785583f,1.329884732494491f,0f,0f,0f,1f],start_interpolation:0}
execute if entity @s[tag=aj.crystal_blade.bone.head] run data modify entity @s {} merge value {transformation:[0.9990482215818579f,-0.0019026509541271825f,-0.04357787137382791f,0.002666725559199376f,0f,0.9990482215818578f,-0.043619387365336f,1.51875f,0.04361938736533482f,0.0435778713738291f,0.998097349045873f,1.2527856978614673f,0f,0f,0f,1f],start_interpolation:0}
execute if entity @s[tag=aj.crystal_blade.bone.body_top] run data modify entity @s {} merge value {transformation:[0.9990482215818579f,0f,-0.04361938736533482f,0.002666725559199376f,0f,1f,0f,1.125f,0.04361938736533482f,0f,0.9990482215818579f,1.2527856978614673f,0f,0f,0f,1f],start_interpolation:0}
execute if entity @s[tag=aj.crystal_blade.bone.body] run data modify entity @s {} merge value {transformation:[0.9990482215818579f,0f,-0.04361938736533482f,0.002666725559199376f,0f,1f,0f,0.6875f,0.04361938736533482f,0f,0.9990482215818579f,1.2527856978614673f,0f,0f,0f,1f],start_interpolation:0}
execute if entity @s[tag=aj.crystal_blade.locator_origin.player_camera] at @s on origin run tp @s ^-0.00006 ^0.125 ^1.31523 ~-177.5 ~0
execute if entity @s[tag=aj.crystal_blade.bone.right_leg2] run data modify entity @s {} merge value {transformation:[0.9901959870664437f,-0.10764260705019447f,-0.08902233621372163f,0.15482109797844978f,0.09909517212933126f,0.9904913897091373f,-0.0954303608539756f,0.415829179835203f,0.09844823034554598f,0.08567307663145537f,0.9914474619879419f,1.336016264021198f,0f,0f,0f,1f],start_interpolation:0}
execute if entity @s[tag=aj.crystal_blade.bone.right_leg] run data modify entity @s {} merge value {transformation:[0.9901959870664437f,-0.0758910461816157f,-0.1172708672559871f,0.12754775325693163f,0.09909517212933126f,0.9733448908933482f,0.20683295248212807f,0.765625f,0.09844823034554598f,-0.21642613631739566f,0.9713226412786612f,1.258238121282134f,0f,0f,0f,1f],start_interpolation:0}
execute if entity @s[tag=aj.crystal_blade.bone.left_leg2] run data modify entity @s {} merge value {transformation:[0.9792009411510139f,0.1665030465328853f,-0.1159407277199713f,-0.18965117392865466f,-0.19627908470848546f,0.9220949503963527f,-0.33348976499968797f,0.4161622761302527f,0.05138129771587992f,0.34931023166923664f,0.9355973088333551f,1.1975491045300803f,0f,0f,0f,1f],start_interpolation:0}
execute if entity @s[tag=aj.crystal_blade.bone.left_leg] run data modify entity @s {} merge value {transformation:[0.9792009411510139f,0.18765042585077368f,-0.07715461442449167f,-0.12221430213853286f,-0.19627908470848546f,0.9724180142462533f,-0.12600685090649957f,0.765625f,0.05138129771587992f,0.13852986409939522f,0.9890244885732786f,1.2473332744408006f,0f,0f,0f,1f],start_interpolation:0}