execute if entity @s[tag=aj.crystal_blade.bone.right_arm2] run data modify entity @s {} merge value {transformation:[0.8681677362760913f,0.1576450115002651f,0.4705665011858883f,0.2586424283090837f,0.266150845332606f,0.6524080172591262f,-0.7095967210639822f,1.1926911001591025f,-0.4188657412799314f,0.7412906510708854f,0.5244422383989649f,0.5430537596430496f,0f,0f,0f,1f],start_interpolation:0}
execute if entity @s[tag=aj.crystal_blade.bone.right_arm] run data modify entity @s {} merge value {transformation:[0.8681677362760913f,0.2645203744646911f,0.4198973126638308f,0.32477252192525646f,0.266150845332606f,0.46596291681695257f,-0.8438259818707748f,1.3091818293633406f,-0.4188657412799314f,0.8443385172100688f,0.3341316494101034f,0.7541383889455667f,0f,0f,0f,1f],start_interpolation:0}
execute if entity @s[tag=aj.crystal_blade.bone.crystal_effect] run data modify entity @s {} merge value {transformation:[-0.062444920737415394f,1.4022967189625883f,0.0566262796378561f,-0.2112972059996658f,-0.9864404285481978f,-0.034552376251603616f,-0.5401816418897292f,0.659117327104855f,-0.5372717308771663f,-0.09954450151629736f,0.9852016332810722f,1.800740121550587f,0f,0f,0f,1f],start_interpolation:0}
execute if entity @s[tag=aj.crystal_blade.bone.crystal_slash] run data modify entity @s {} merge value {transformation:[-5.55065962110359e-7f,-0.8413780313775526f,0.04813233769217769f,-0.2175890148483165f,-0.000008768359364872871f,0.02073142575096216f,-0.45915439560626986f,0.7191375095370471f,-0.000004775748718908145f,0.05972670090977838f,0.8374213882889114f,1.6912732734082456f,0f,0f,0f,1f],start_interpolation:0}
execute if entity @s[tag=aj.crystal_blade.locator_origin.aquamarine_dagger] at @s on origin run tp @s ^-0.19871 ^0.53908 ^2.01967 ~176.71044 ~-28.69595
execute if entity @s[tag=aj.crystal_blade.bone.aquamarine_dagger] run data modify entity @s {} merge value {transformation:[-0.0555065962110359f,0.9971887779289518f,0.05033447078920542f,-0.2175890148483165f,-0.876835936487287f,-0.024570578667807014f,-0.4801614594575371f,0.7191375095370471f,-0.4775748718908145f,-0.0707872010782559f,0.8757347851387309f,1.6912732734082456f,0f,0f,0f,1f],start_interpolation:0}
execute if entity @s[tag=aj.crystal_blade.bone.left_arm2] run data modify entity @s {} merge value {transformation:[0.9598230849365125f,-0.07094632771094027f,0.27148897621687834f,-0.314628922203968f,-0.15513561930214567f,0.6720364192695403f,0.7240856239417508f,1.1312935207704957f,-0.23382169541489628f,-0.7371117077890615f,0.6340297666463279f,1.2867717958014233f,0f,0f,0f,1f],start_interpolation:0}
execute if entity @s[tag=aj.crystal_blade.bone.left_arm] run data modify entity @s {} merge value {transformation:[0.9598230849365125f,-0.0856409152661633f,0.26721766269341307f,-0.21606126540344472f,-0.15513561930214567f,0.6315639200284109f,0.7596446238486039f,1.2697925483648302f,-0.23382169541489628f,-0.770579423908218f,0.5929036736288474f,1.064899227897507f,0f,0f,0f,1f],start_interpolation:0}
execute if entity @s[tag=aj.crystal_blade.bone.head] run data modify entity @s {} merge value {transformation:[0.9994013647179171f,0.02305841533403176f,0.02579189179274194f,0.03052738409682669f,-0.020303798353765112f,0.9945371954643988f,-0.10238907466237654f,1.4225236827861174f,-0.02801192553850701f,0.1018041075796618f,0.9944100038251497f,0.9763296179321953f,0f,0f,0f,1f],start_interpolation:0}
execute if entity @s[tag=aj.crystal_blade.bone.body_top] run data modify entity @s {} merge value {transformation:[0.8653340597259219f,0.10786171956242838f,0.4894515446203955f,0.027390198370298782f,0.06302284959761685f,0.9453994358521175f,-0.3197624542048271f,1.053137329901056f,-0.49721734232310427f,0.30754797372691967f,0.8112885789591859f,0.8326318149898069f,0f,0f,0f,1f],start_interpolation:0}
execute if entity @s[tag=aj.crystal_blade.bone.body] run data modify entity @s {} merge value {transformation:[0.8653340597259219f,0.06479276024477074f,0.49698980200615644f,-0.0009566342367884131f,0.06302284959761685f,0.9696710397738425f,-0.236148671502745f,0.62890625f,-0.49721734232310427f,0.23566920215373682f,0.8350059530622344f,0.729526539047547f,0f,0f,0f,1f],start_interpolation:0}
execute if entity @s[tag=aj.crystal_blade.locator_origin.player_camera] at @s on origin run tp @s ^0.00854 ^-0.18359 ^1.35445 ~179.1296 ~0
execute if entity @s[tag=aj.crystal_blade.bone.right_leg2] run data modify entity @s {} merge value {transformation:[0.9942711143562694f,-0.07976250805222322f,0.07115401229699969f,0.16173261811237122f,0.09909517212933124f,0.43834819406731534f,-0.893325812690186f,0.371738314259956f,0.040063674536926455f,0.895259070362955f,0.44374102685627015f,0.5586675597919564f,0f,0f,0f,1f],start_interpolation:0}
execute if entity @s[tag=aj.crystal_blade.bone.right_leg] run data modify entity @s {} merge value {transformation:[0.9942711143562694f,-0.10683593681591393f,-0.0033217106148198013f,0.12333845331915215f,0.09909517212933124f,0.9329890385809919f,-0.3459936426415585f,0.70703125f,0.040063674536926455f,0.34368231914426783f,0.9382309766204787f,0.6821783932344276f,0f,0f,0f,1f],start_interpolation:0}
execute if entity @s[tag=aj.crystal_blade.bone.left_leg2] run data modify entity @s {} merge value {transformation:[0.9840466446241944f,0.17667774931982194f,-0.02090870869152814f,-0.17738610561652407f,-0.1699880836750566f,0.968390496908784f,0.18254834128318065f,0.4909228287401442f,0.052500024879489036f,-0.17608185139883326f,0.9829745312039436f,1.0762344512471327f,0f,0f,0f,1f],start_interpolation:0}
execute if entity @s[tag=aj.crystal_blade.bone.left_leg] run data modify entity @s {} merge value {transformation:[0.9840466446241944f,0.1457901001980985f,0.10196787674602933f,-0.12499278835783244f,-0.1699880836750566f,0.6013451722013379f,0.7806971469645738f,0.70703125f,0.052500024879489036f,-0.7855757319026422f,0.6165342787171542f,0.7939181725946206f,0f,0f,0f,1f],start_interpolation:0}
execute if entity @s[tag=aj.crystal_blade.locator_origin.commands] at @s on origin run tp @s ^0 ^0 ^0 ~0 ~0