execute if entity @s[tag=aj.crystal_blade.bone.right_arm2] run data modify entity @s {} merge value {transformation:[0.9763940349922724f,-0.20638118912941594f,-0.06372984548104356f,0.3655646199520961f,0.21485134486029217f,0.958326693467558f,0.1882786450961987f,1.0683843607961128f,0.022216841432418116f,-0.19752658899769632f,0.980045743113913f,0.1427093768447007f,0f,0f,0f,1f],start_interpolation:0}
execute if entity @s[tag=aj.crystal_blade.bone.right_arm] run data modify entity @s {} merge value {transformation:[0.9763940349922724f,-0.2106250808407103f,-0.04787236940400691f,0.31290834974191856f,0.21485134486029217f,0.9698577693655348f,0.11495567325292169f,1.3108488031374965f,0.022216841432418116f,-0.12252747660077307f,0.9922164226793537f,0.11207750769450744f,0f,0f,0f,1f],start_interpolation:0}
execute if entity @s[tag=aj.crystal_blade.bone.crystal_effect] run data modify entity @s {} merge value {transformation:[0.12579086889679159f,0.17625873882826218f,-0.12527340470322781f,-0.6429495573356419f,-0.08523615506314519f,0.246716887410244f,-0.19605820739972357f,0.9159635993137556f,-0.003931306683745922f,0.29062627970173566f,0.24241236227814028f,0.6141599990082505f,0f,0f,0f,1f],start_interpolation:0}
execute if entity @s[tag=aj.crystal_blade.locator_origin.aquamarine_dagger2] at @s on origin run tp @s ^-0.62628 ^0.94425 ^0.53422 ~-152.67107 ~-35.69756
execute if entity @s[tag=aj.crystal_blade.bone.crystal_slash] run data modify entity @s {} merge value {transformation:[0.000008275715058999447f,-0.05322265124968352f,-0.03326188900387659f,-0.5963448680859291f,-0.000005607641780470078f,-0.07449801889730402f,-0.05205627122754008f,0.9889019205190098f,-2.586385976148632e-7f,-0.08775678999740044f,0.06436396541120966f,0.523976828517871f,0f,0f,0f,1f],start_interpolation:0}
execute if entity @s[tag=aj.crystal_blade.locator_origin.aquamarine_dagger1] at @s on origin run tp @s ^-0.61965 ^0.95243 ^0.56907 ~-152.67107 ~-35.69756
execute if entity @s[tag=aj.crystal_blade.locator_origin.aquamarine_dagger3] at @s on origin run tp @s ^-0.80607 ^0.66068 ^0.9298 ~-152.67107 ~-35.69756
execute if entity @s[tag=aj.crystal_blade.bone.aquamarine_dagger] run data modify entity @s {} merge value {transformation:[0.8275715058999445f,0.4196636638768147f,-0.3728375139977017f,-0.5963448680859291f,-0.5607641780470077f,0.5874211605005809f,-0.5835065696420343f,0.9889019205190098f,-0.02586385976148632f,0.6919673326231801f,0.7214653639230364f,0.523976828517871f,0f,0f,0f,1f],start_interpolation:0}
execute if entity @s[tag=aj.crystal_blade.bone.left_arm2] run data modify entity @s {} merge value {transformation:[0.8164287766641134f,0.5295437439882232f,0.23027695463870243f,-0.553503980748541f,-0.5761205698449324f,0.7739881595543183f,0.2627306945738718f,1.1825258965520522f,-0.0391042406433081f,-0.34716818989166387f,0.9369872498017549f,0.16406133249512259f,0f,0f,0f,1f],start_interpolation:0}
execute if entity @s[tag=aj.crystal_blade.bone.left_arm] run data modify entity @s {} merge value {transformation:[0.8164287766641134f,0.5575025299629357f,0.15044926626496338f,-0.31207475117479294f,-0.5761205698449324f,0.8040655678476872f,0.14684567274293864f,1.3115272172833574f,-0.0391042406433081f,-0.20656594996925878f,0.9776509431678609f,0.10753181492239437f,0f,0f,0f,1f],start_interpolation:0}
execute if entity @s[tag=aj.crystal_blade.bone.head] run data modify entity @s {} merge value {transformation:[0.9999991045327159f,0.001307479776824324f,0.00028536012330736184f,-0.005182227147484621f,-0.0012749981907458582f,0.9956017046168892f,-0.09367827999892847f,1.454593146284613f,-0.000406587481820782f,0.09367783227945259f,0.9956024801224848f,0.11980283156204699f,0f,0f,0f,1f],start_interpolation:0}
execute if entity @s[tag=aj.crystal_blade.bone.body_top] run data modify entity @s {} merge value {transformation:[0.9999729614667384f,0.0005748738973278805f,-0.007331156487447216f,0.0002730808092308126f,-0.001085462633377697f,0.997558042941634f,-0.06983389387201862f,1.0617984994750185f,0.007273108435380921f,0.06983996336238296f,0.9975316944394441f,0.09234467046785517f,0f,0f,0f,1f],start_interpolation:0}
execute if entity @s[tag=aj.crystal_blade.bone.body] run data modify entity @s {} merge value {transformation:[0.9999729614667384f,0.0006720646149837739f,-0.007322886356796415f,-0.000020947459824588455f,-0.001085462633377697f,0.9983965702286135f,-0.05659602748084662f,0.625f,0.007273108435380921f,0.05660244592678389f,0.9983703045507679f,0.06758110037488722f,0f,0f,0f,1f],start_interpolation:0}
execute if entity @s[tag=aj.crystal_blade.locator_origin.player_camera] at @s on origin run tp @s ^0 ^0.0625 ^0.13008 ~179.9808 ~0
execute if entity @s[tag=aj.crystal_blade.bone.right_leg2] run data modify entity @s {} merge value {transformation:[0.993566220833329f,-0.10746425246537109f,-0.03574352054618808f,0.15146548566029544f,0.09909517212933125f,0.9777268469299684f,-0.18501448498169082f,0.3676953323536434f,0.054829842965624064f,0.18028213232165047f,0.9820855569073014f,0.18809406247199772f,0f,0f,0f,1f],start_interpolation:0}
execute if entity @s[tag=aj.crystal_blade.bone.right_leg] run data modify entity @s {} merge value {transformation:[0.993566220833329f,-0.07370669672074372f,-0.08598539223317582f,0.12497714152627816f,0.09909517212933125f,0.9333695099724706f,0.34496594718088974f,0.703125f,0.054829842965624064f,-0.35126724970066103f,0.9346683944630303f,0.06185739461082268f,0f,0f,0f,1f],start_interpolation:0}
execute if entity @s[tag=aj.crystal_blade.bone.left_leg2] run data modify entity @s {} merge value {transformation:[0.9844925787040624f,0.15004753421278208f,-0.09088509202993578f,-0.1856262973733119f,-0.16435041489132576f,0.9700727914989083f,-0.17873925231622806f,0.34987282591383634f,0.061345770854028696f,0.19090447001099567f,0.9796898385346998f,0.10281789067558086f,0f,0f,0f,1f],start_interpolation:0}
execute if entity @s[tag=aj.crystal_blade.bone.left_leg] run data modify entity @s {} merge value {transformation:[0.9844925787040624f,0.16864931874732525f,-0.04828840194797292f,-0.1250179484484919f,-0.16435041489132576f,0.9829625713701945f,0.08230142410884689f,0.703125f,0.061345770854028696f,-0.07308892235734692f,0.9954369421650812f,0.07655155920340931f,0f,0f,0f,1f],start_interpolation:0}