execute if entity @s[tag=aj.crystal_blade.bone.right_arm2] run data modify entity @s {} merge value {transformation:[0.893590476129311f,0.31878593663040133f,0.3160246629262803f,0.27645871899042856f,0.25191770189808893f,0.22655485319121416f,-0.940856189843003f,1.262453403889804f,-0.37152864282767867f,0.9203523374785253f,0.12213943857918266f,0.6280595286520334f,0f,0f,0f,1f],start_interpolation:0}
execute if entity @s[tag=aj.crystal_blade.bone.right_arm] run data modify entity @s {} merge value {transformation:[0.893590476129311f,0.37369816071614825f,0.24868804886515786f,0.36988325916946563f,0.25191770189808893f,0.04104829508194152f,-0.9668777114719582f,1.2727154776602894f,-0.37152864282767867f,0.926641636312676f,-0.057460816304586215f,0.8597199377302024f,0f,0f,0f,1f],start_interpolation:0}
execute if entity @s[tag=aj.crystal_blade.bone.crystal_effect] run data modify entity @s {} merge value {transformation:[0.1708676567682943f,0.8151334431067183f,0.09322420818854031f,-0.09151707771498638f,-1.076584024398687f,0.14752178036048022f,-0.11517115019052915f,0.8287196755705912f,-0.21526491473207326f,-0.09077025224546427f,0.6499917673446755f,2.0065764793093326f,0f,0f,0f,1f],start_interpolation:0}
execute if entity @s[tag=aj.crystal_blade.locator_origin.aquamarine_dagger2] at @s on origin run tp @s ^-0.11943 ^0.7593 ^2.33162 ~171.83809 ~-9.94814
execute if entity @s[tag=aj.crystal_blade.bone.crystal_slash] run data modify entity @s {} merge value {transformation:[0.0000015378089109146489f,-0.2934480395184185f,0.12585268105452938f,-0.10899661675033767f,-0.000009689256219588184f,-0.053107840929772866f,-0.15548105275721427f,0.8503142662313155f,-0.0000019373842325886594f,0.03267729080836713f,0.8774888859153114f,1.8847030229322062f,0f,0f,0f,1f],start_interpolation:0}
execute if entity @s[tag=aj.crystal_blade.locator_origin.aquamarine_dagger1] at @s on origin run tp @s ^-0.10026 ^0.83952 ^1.94564 ~171.83809 ~-9.94814
execute if entity @s[tag=aj.crystal_blade.locator_origin.aquamarine_dagger3] at @s on origin run tp @s ^-0.03034 ^0.75314 ^2.43313 ~171.83809 ~-9.94814
execute if entity @s[tag=aj.crystal_blade.bone.aquamarine_dagger] run data modify entity @s {} merge value {transformation:[0.15378089109146487f,0.9781601317280616f,0.1398363122828104f,-0.10899661675033767f,-0.9689256219588183f,0.1770261364325762f,-0.17275672528579364f,0.8503142662313155f,-0.19373842325886592f,-0.10892430269455708f,0.9749876510170127f,1.8847030229322062f,0f,0f,0f,1f],start_interpolation:0}
execute if entity @s[tag=aj.crystal_blade.bone.left_arm2] run data modify entity @s {} merge value {transformation:[0.9747984497795107f,-0.16546361945324495f,0.1496321253771883f,-0.2597143340831935f,-0.06430013794595228f,0.4338773106074362f,0.8986745637883546f,1.1346147181109687f,-0.2136199301741164f,-0.8856479379400651f,0.4123035962187518f,1.4039428457304615f,0f,0f,0f,1f],start_interpolation:0}
execute if entity @s[tag=aj.crystal_blade.bone.left_arm] run data modify entity @s {} merge value {transformation:[0.9747984497795107f,-0.16546361945324495f,0.1496321253771883f,-0.17923043272406589f,-0.06430013794595228f,0.4338773106074362f,0.8986745637883546f,1.2350465285195837f,-0.2136199301741164f,-0.8856479379400651f,0.4123035962187518f,1.1558283699736807f,0f,0f,0f,1f],start_interpolation:0}
execute if entity @s[tag=aj.crystal_blade.bone.head] run data modify entity @s {} merge value {transformation:[0.9986513474389939f,0.03225658426307737f,0.04068167929131011f,0.07419866144239583f,-0.029814915905233746f,0.9977971959860406f,-0.059260665470097174f,1.3790318982103156f,-0.042503612174094874f,0.05796782257488986f,0.997413241589503f,1.0924491899678368f,0f,0f,0f,1f],start_interpolation:0}
execute if entity @s[tag=aj.crystal_blade.bone.body_top] run data modify entity @s {} merge value {transformation:[0.8785819070296506f,0.1655633537523059f,0.4479761249602832f,0.0539355747846234f,0.0602703186251287f,0.892054956870073f,-0.447889989412978f,1.0308672638724183f,-0.4737734915895653f,0.42050770482575095f,0.773764789098865f,0.9026472276455038f,0f,0f,0f,1f],start_interpolation:0}
execute if entity @s[tag=aj.crystal_blade.bone.body] run data modify entity @s {} merge value {transformation:[0.8785819070296506f,0.12588964330220404f,0.4607012376251949f,-0.001141144160090861f,0.0602703186251287f,0.9276966031369563f,-0.3684379204438353f,0.625f,-0.4737734915895653f,0.3514695011482451f,0.8074700418155684f,0.7488793208931465f,0f,0f,0f,1f],start_interpolation:0}
execute if entity @s[tag=aj.crystal_blade.locator_origin.player_camera] at @s on origin run tp @s ^-0.00001 ^0.0625 ^0.81137 ~178.9632 ~0
execute if entity @s[tag=aj.crystal_blade.bone.right_leg2] run data modify entity @s {} merge value {transformation:[0.9943832751265093f,-0.07805812428922422f,0.07147608957633932f,0.16090780933168758f,0.09909517212933126f,0.4494368393218756f,-0.8877987803106179f,0.3630276374505404f,0.03717591975103067f,0.8898951942182913f,0.4546476595099267f,0.58575994471227f,0f,0f,0f,1f],start_interpolation:0}
execute if entity @s[tag=aj.crystal_blade.bone.right_leg] run data modify entity @s {} merge value {transformation:[0.9943832751265093f,-0.10572441010502362f,-0.004924556489841397f,0.1229130994501947f,0.09909517212933126f,0.9463578783984963f,-0.30754985425741166f,0.703125f,0.03717591975103067f,0.30533443156814416f,0.9515192251813007f,0.6954895060570718f,0f,0f,0f,1f],start_interpolation:0}
execute if entity @s[tag=aj.crystal_blade.bone.left_leg2] run data modify entity @s {} merge value {transformation:[0.985426783889596f,0.1687572107532144f,-0.021332074718660637f,-0.17637590634200456f,-0.16435041489132574f,0.9769311479520615f,0.13636155354833923f,0.46567833307467277f,0.043851963673893074f,-0.13086839182882426f,0.9904294368111648f,1.0784495962522642f,0f,0f,0f,1f],start_interpolation:0}
execute if entity @s[tag=aj.crystal_blade.bone.left_leg] run data modify entity @s {} merge value {transformation:[0.985426783889596f,0.14298751685182065f,0.0921337268189974f,-0.1249897674733815f,-0.16435041489132574f,0.6607211601400409f,0.7324182477712087f,0.703125f,0.043851963673893074f,-0.7368867745914217f,0.6745923856034803f,0.8136309116334721f,0f,0f,0f,1f],start_interpolation:0}