execute if entity @s[tag=aj.crystal_blade.bone.right_arm2] run data modify entity @s {} merge value {transformation:[0.9702292566345435f,-0.2389703932355203f,0.039348960942338064f,0.3749309248119655f,0.24140254896992214f,0.9673090710547423f,-0.077704378293864f,1.133219950843222f,-0.01949356101909608f,0.08489000066010334f,0.9961996230006926f,1.2474971667516874f,0f,0f,0f,1f],start_interpolation:0}
execute if entity @s[tag=aj.crystal_blade.bone.right_arm] run data modify entity @s {} merge value {transformation:[0.9702292566345435f,-0.23887546800941423f,0.03992117675700677f,0.3152120578096119f,0.24140254896992214f,0.9671201966271128f,-0.08002083870317196f,1.375f,-0.01949356101909608f,0.0872756326772715f,0.9959934563136329f,1.2693160749210053f,0f,0f,0f,1f],start_interpolation:0}
execute if entity @s[tag=aj.crystal_blade.bone.crystal_effect] run data modify entity @s {} merge value {transformation:[-0.024912696029656744f,0.000004568635869491466f,-0.000008891878432010264f,-1.1328620149104933f,0.016591186267514355f,-0.000008891524476222494f,-0.000004573102419863346f,0.9464488991986413f,-0.9995519446806005f,-2.6145512183212035e-7f,1.457127578172012e-7f,1.2391634120216253f,0f,0f,0f,1f],start_interpolation:0}
execute if entity @s[tag=aj.crystal_blade.bone.crystal_slash] run data modify entity @s {} merge value {transformation:[-2.4912696029656746e-7f,0.000004568635869491466f,-0.8002690588809237f,-1.021713534510365f,1.6591186267514356e-7f,-0.000008891524476222494f,-0.41157921778770107f,1.003612679446933f,-0.000009995519446806005f,-2.6145512183212035e-7f,0.013114148203548108f,1.2373420025489104f,0f,0f,0f,1f],start_interpolation:0}
execute if entity @s[tag=aj.crystal_blade.locator_origin.aquamarine_dagger] at @s on origin run tp @s ^-1.35516 ^0.83212 ^1.24281 ~-90.93883 ~-27.21368
execute if entity @s[tag=aj.crystal_blade.bone.aquamarine_dagger] run data modify entity @s {} merge value {transformation:[-0.024912696029656744f,0.4568635869491465f,-0.8891878432010263f,-1.021713534510365f,0.016591186267514355f,-0.8891524476222493f,-0.4573102419863345f,1.003612679446933f,-0.9995519446806005f,-0.026145512183212035f,0.014571275781720119f,1.2373420025489104f,0f,0f,0f,1f],start_interpolation:0}
execute if entity @s[tag=aj.crystal_blade.bone.left_arm2] run data modify entity @s {} merge value {transformation:[0.011874356063875642f,0.8609830894605065f,-0.5084949550694766f,-0.5930120541062699f,-0.02986846041480311f,0.508609295562458f,0.8604792034325464f,1.2594722318974474f,0.9994833038828197f,0.004970324989501854f,0.031755647198271744f,1.1775326761928997f,0f,0f,0f,1f],start_interpolation:0}
execute if entity @s[tag=aj.crystal_blade.bone.left_arm] run data modify entity @s {} merge value {transformation:[0.015480718875627374f,0.8609257970417568f,-0.5084949550694766f,-0.3758455149863773f,-0.02773774697456438f,0.5087299458974923f,0.8604792034325464f,1.3831875f,0.9994953550346636f,0.0007836677548968413f,0.031755647198271744f,1.302665512510957f,0f,0f,0f,1f],start_interpolation:0}
execute if entity @s[tag=aj.crystal_blade.bone.head] run data modify entity @s {} merge value {transformation:[0.9990160570059337f,-0.0025454783048557304f,-0.04427683801398288f,0.003123372412765002f,0.0006498890079411386f,0.9990845612538224f,-0.04277402375899003f,1.51875f,0.04434518563039655f,0.04270316152765267f,0.9981031732776671f,1.2532878982540263f,0f,0f,0f,1f],start_interpolation:0}
execute if entity @s[tag=aj.crystal_blade.bone.body_top] run data modify entity @s {} merge value {transformation:[0.9986837932699102f,0f,-0.05129016533433255f,0.003123372412765002f,0f,1f,0f,1.125f,0.05129016533433255f,0f,0.9986837932699102f,1.2532878982540263f,0f,0f,0f,1f],start_interpolation:0}
execute if entity @s[tag=aj.crystal_blade.bone.body] run data modify entity @s {} merge value {transformation:[0.9986837932699102f,0f,-0.05129016533433255f,0.003123372412765002f,0f,1f,0f,0.6875f,0.05129016533433255f,0f,0.9986837932699102f,1.2532878982540263f,0f,0f,0f,1f],start_interpolation:0}
execute if entity @s[tag=aj.crystal_blade.locator_origin.player_camera] at @s on origin run tp @s ^-0.02893 ^-0.125 ^1.87747 ~-177.06 ~0
execute if entity @s[tag=aj.crystal_blade.bone.right_leg2] run data modify entity @s {} merge value {transformation:[0.9829027535541544f,-0.16096506825818677f,-0.0894003571374209f,0.1734336419478109f,0.16702718208139603f,0.983805819696437f,0.06502330026513603f,0.43555007635767334f,0.07748611166918434f,-0.07884387060551468f,0.9938709909069342f,1.3943579168468074f,0f,0f,0f,1f],start_interpolation:0}
execute if entity @s[tag=aj.crystal_blade.bone.right_leg] run data modify entity @s {} merge value {transformation:[0.9829027535541544f,-0.12653856104711547f,-0.13375413871647693f,0.1279588465715038f,0.16702718208139603f,0.9184693527438655f,0.35849123910663827f,0.765625f,0.07748611166918434f,-0.3747026029244928f,0.9239014351433817f,1.259699168920818f,0f,0f,0f,1f],start_interpolation:0}
execute if entity @s[tag=aj.crystal_blade.bone.left_leg2] run data modify entity @s {} merge value {transformation:[0.9896012940208511f,0.0850717532173001f,-0.11598308358028657f,-0.16062912105232816f,-0.125825010876414f,0.9027016606144864f,-0.41145811276702116f,0.41679873460930233f,0.06969465912254141f,0.421773053582591f,0.9040188857327094f,1.1697009007886656f,0f,0f,0f,1f],start_interpolation:0}
execute if entity @s[tag=aj.crystal_blade.bone.left_leg] run data modify entity @s {} merge value {transformation:[0.9896012940208511f,0.10829083633072524f,-0.09466981376895714f,-0.12171210174597377f,-0.125825010876414f,0.9706469993480282f,-0.20496943502536932f,0.765625f,0.06969465912254141f,0.21474984848297535f,0.9741792222513944f,1.246876627587235f,0f,0f,0f,1f],start_interpolation:0}
execute if entity @s[tag=aj.crystal_blade.locator_origin.commands] at @s on origin run tp @s ^0 ^0 ^0 ~0 ~0