execute if entity @s[tag=aj.crystal_blade.bone.right_arm2] run data modify entity @s {} merge value {transformation:[0.8696760237485633f,-0.13876630401355586f,0.47371671554559397f,0.2861756156925627f,0.2704290080491956f,0.9367811811802305f,-0.22205668238560275f,1.1127049405437768f,-0.4129549192374585f,0.32122411406522644f,0.8522225667163443f,0.5121608479320576f,0f,0f,0f,1f],start_interpolation:0}
execute if entity @s[tag=aj.crystal_blade.bone.right_arm] run data modify entity @s {} merge value {transformation:[0.8696760237485633f,-0.0005686974970386116f,0.49362261931565155f,0.28603344131830305f,0.2704290080491956f,0.837128019476185f,-0.4754837858575287f,1.321986945412823f,-0.4129549192374585f,0.5470067235336662f,0.7281839596465627f,0.6489125288154741f,0f,0f,0f,1f],start_interpolation:0}
execute if entity @s[tag=aj.crystal_blade.bone.crystal_effect] run data modify entity @s {} merge value {transformation:[-0.1751936820893768f,1.9166499347892092f,-0.09233138450092869f,-0.4199580705000381f,-0.8922306678423502f,-0.3168845387534839f,-0.8917280194946386f,0.5937373722418661f,-0.6385918182627519f,-0.08307475008914383f,1.2712392147444407f,1.5893056656553957f,0f,0f,0f,1f],start_interpolation:0}
execute if entity @s[tag=aj.crystal_blade.locator_origin.aquamarine_dagger2] at @s on origin run tp @s ^-0.73496 ^0.45632 ^1.86772 ~-175.84584 ~-34.97743
execute if entity @s[tag=aj.crystal_blade.bone.crystal_slash] run data modify entity @s {} merge value {transformation:[-0.0000015767431388043913f,-1.1828468168984836f,-0.05342030103268017f,-0.41253858424549916f,-0.000008030076010581151f,0.1955630296307215f,-0.5159283541361838f,0.6653940880941138f,-0.000005747326364364767f,0.05126898862644305f,0.735502688530712f,1.4871525144705746f,0f,0f,0f,1f],start_interpolation:0}
execute if entity @s[tag=aj.crystal_blade.locator_origin.aquamarine_dagger1] at @s on origin run tp @s ^-0.41625 ^0.62957 ^1.53823 ~-175.84584 ~-34.97743
execute if entity @s[tag=aj.crystal_blade.locator_origin.aquamarine_dagger3] at @s on origin run tp @s ^-0.44593 ^0.34294 ^1.94684 ~-175.84584 ~-34.97743
execute if entity @s[tag=aj.crystal_blade.bone.aquamarine_dagger] run data modify entity @s {} merge value {transformation:[-0.15767431388043912f,0.9857056807487361f,-0.059355890036311296f,-0.41253858424549916f,-0.8030076010581151f,-0.16296919135893456f,-0.5732537268179819f,0.6653940880941138f,-0.5747326364364767f,-0.04272415718870254f,0.8172252094785689f,1.4871525144705746f,0f,0f,0f,1f],start_interpolation:0}
execute if entity @s[tag=aj.crystal_blade.bone.left_arm2] run data modify entity @s {} merge value {transformation:[0.9152218674886461f,0.11158204200175997f,0.3871929508311228f,-0.4070809746349472f,-0.3260812373302491f,0.769601870520941f,0.5489845057484251f,1.1326776833081635f,-0.23672760703341855f,-0.6286989810659677f,0.7407412714807005f,1.1286075592987468f,0f,0f,0f,1f],start_interpolation:0}
execute if entity @s[tag=aj.crystal_blade.bone.left_arm] run data modify entity @s {} merge value {transformation:[0.9152218674886461f,0.11158204200175997f,0.3871929508311228f,-0.26478273069842645f,-0.3260812373302491f,0.769601870520941f,0.5489845057484251f,1.2843179962721176f,-0.23672760703341855f,-0.6286989810659677f,0.7407412714807005f,0.9418418631530775f,0f,0f,0f,1f],start_interpolation:0}
execute if entity @s[tag=aj.crystal_blade.bone.head] run data modify entity @s {} merge value {transformation:[0.9999241698430819f,0.0016074023168808627f,0.012209456229272497f,-0.018276074560488822f,3.774776977105709e-9f,0.9914448538374264f,-0.13052624946455765f,1.441282679370022f,-0.012314810742468596f,0.13051635168466674f,0.9913696724125168f,0.8436543663476124f,0f,0f,0f,1f],start_interpolation:0}
execute if entity @s[tag=aj.crystal_blade.bone.body_top] run data modify entity @s {} merge value {transformation:[0.8813058752267672f,0.04278614503526448f,0.47060524867855297f,-0.00007118094887779568f,0.060270318625128695f,0.9775813806808296f,-0.20174769599425024f,1.058757125672263f,-0.4686869349401653f,0.20616495807771074f,0.8589694797122936f,0.7438359564648481f,0f,0f,0f,1f],start_interpolation:0}
execute if entity @s[tag=aj.crystal_blade.bone.body] run data modify entity @s {} merge value {transformation:[0.8813058752267672f,0.0016073808463892693f,0.47254351187757937f,-0.000774410069173101f,0.060270318625128695f,0.9914448586794584f,-0.11577815377217847f,0.625f,-0.4686869349401653f,0.13051631516742795f,0.8736693015618148f,0.6867350685790984f,0f,0f,0f,1f],start_interpolation:0}
execute if entity @s[tag=aj.crystal_blade.locator_origin.player_camera] at @s on origin run tp @s ^0 ^0.0625 ^0.74923 ~179.2944 ~0
execute if entity @s[tag=aj.crystal_blade.bone.right_leg2] run data modify entity @s {} merge value {transformation:[0.9941517664059942f,-0.08720191315566521f,0.06370315293478686f,0.16235468744572107f,0.09909517212933126f,0.5021666650304322f,-0.8590743782658589f,0.3630276374505404f,0.04292332946661099f,0.8603629855323885f,0.5078711656643788f,0.5359179160364496f,0f,0f,0f,1f],start_interpolation:0}
execute if entity @s[tag=aj.crystal_blade.bone.right_leg] run data modify entity @s {} merge value {transformation:[0.9941517664059942f,-0.10748762890373623f,-0.010424729468610136f,0.12372632080844086f,0.09909517212933126f,0.9463578783984963f,-0.30754985425741166f,0.703125f,0.04292332946661099f,0.30471819050681825f,0.9514748615500835f,0.6454260157498374f,0f,0f,0f,1f],start_interpolation:0}
execute if entity @s[tag=aj.crystal_blade.bone.left_leg2] run data modify entity @s {} merge value {transformation:[0.9851568339466661f,0.16951087580463037f,-0.027056893985220265f,-0.17791132497866774f,-0.16435041489132574f,0.9769311479520615f,0.13636155354833923f,0.46567833307467277f,0.04954748886905741f,-0.1298907046135892f,0.9902895794674178f,1.0152868934919774f,0f,0f,0f,1f],start_interpolation:0}
execute if entity @s[tag=aj.crystal_blade.bone.left_leg] run data modify entity @s {} merge value {transformation:[0.9851568339466661f,0.14724470066867013f,0.08823270738889288f,-0.1249952606758644f,-0.16435041489132574f,0.6607211601400409f,0.7324182477712087f,0.703125f,0.04954748886905741f,-0.7360479241653983f,0.6751136938905757f,0.7507696707450373f,0f,0f,0f,1f],start_interpolation:0}