execute if entity @s[tag=aj.crystal_blade.bone.right_arm2] run data modify entity @s {} merge value {transformation:[0.8427857434846945f,-0.5365489856526147f,-0.04274782537276839f,0.44924460267337313f,0.5020776141717658f,0.8122884010779303f,-0.2968259133260551f,1.124498832425484f,0.1939852054321105f,0.2286979218738321f,0.9539743186292029f,1.4109738975644606f,0f,0f,0f,1f],start_interpolation:0}
execute if entity @s[tag=aj.crystal_blade.bone.right_arm] run data modify entity @s {} merge value {transformation:[0.8427857434846945f,-0.5380515986140753f,0.014583134360912336f,0.3147317030198543f,0.5020776141717658f,0.7760954589066061f,-0.3815676978101422f,1.3185226971521355f,0.1939852054321105f,0.3289016811957371f,0.9242258512831586f,1.4931993178633949f,0f,0f,0f,1f],start_interpolation:0}
execute if entity @s[tag=aj.crystal_blade.bone.crystal_effect] run data modify entity @s {} merge value {transformation:[-0.007843144074407418f,0.07767533713762013f,-0.09487026944854421f,-0.9107088833403489f,-0.04012647248066383f,-0.016693206896040085f,0.017747613020676158f,1.3977620236553943f,-0.0005025254764928526f,0.12063198736217197f,0.06354321857273201f,1.7267295212919866f,0f,0f,0f,1f],start_interpolation:0}
execute if entity @s[tag=aj.crystal_blade.bone.crystal_slash] run data modify entity @s {} merge value {transformation:[-0.0000019181602355887666f,-0.000005377523340296782f,0.7388934447434703f,-1.0133329728880531f,-0.000009813539465379722f,0.0000011556835543412372f,-0.13822660141103565f,1.4169601627402604f,-1.2290025240314306e-7f,-0.000008351445278919602f,-0.49490391388377875f,1.795466175998067f,0f,0f,0f,1f],start_interpolation:0}
execute if entity @s[tag=aj.crystal_blade.locator_origin.aquamarine_dagger] at @s on origin run tp @s ^-0.70546 ^1.35937 ^1.58926 ~56.18619 ~-8.83475
execute if entity @s[tag=aj.crystal_blade.bone.aquamarine_dagger] run data modify entity @s {} merge value {transformation:[-0.19181602355887667f,-0.5377523340296781f,0.8209927163816336f,-1.0133329728880531f,-0.981353946537972f,0.1155683554341237f,-0.1535851126789285f,1.4169601627402604f,-0.012290025240314306f,-0.8351445278919601f,-0.5498932376486431f,1.795466175998067f,0f,0f,0f,1f],start_interpolation:0}
execute if entity @s[tag=aj.crystal_blade.bone.left_arm2] run data modify entity @s {} merge value {transformation:[0.43404744391128874f,0.8931134205725603f,0.11811534374185853f,-0.5557515088413016f,-0.1131839647881141f,-0.07600962424561775f,0.9906623678816526f,1.376596672928728f,0.8937517589067554f,-0.44336323146515066f,0.0680943348294088f,1.4559952439337593f,0f,0f,0f,1f],start_interpolation:0}
execute if entity @s[tag=aj.crystal_blade.bone.left_arm] run data modify entity @s {} merge value {transformation:[0.06690361778742483f,0.9907434943009701f,0.11811534374185853f,-0.299702683042631f,-0.07635786027316499f,-0.11294932508705338f,0.9906623678816526f,1.338814609122819f,0.9948333443856099f,-0.0752979313306971f,0.0680943348294088f,1.5615249291492863f,0f,0f,0f,1f],start_interpolation:0}
execute if entity @s[tag=aj.crystal_blade.bone.head] run data modify entity @s {} merge value {transformation:[0.9999629355716722f,0.0033416713767213564f,0.007934778843397562f,0.0028851693792303697f,-0.0030069744448663143f,0.99912044239416f,-0.04182463024087524f,1.4512980918849943f,-0.008067563918033083f,0.04179922035765754f,0.9990934588865649f,1.5518742401885306f,0f,0f,0f,1f],start_interpolation:0}
execute if entity @s[tag=aj.crystal_blade.bone.body_top] run data modify entity @s {} merge value {transformation:[0.9997847890717322f,0.0040780030907298604f,0.020340733309880288f,0.0012794556622554869f,0.003601412138577777f,0.9314840767037524f,-0.36376427075506734f,1.0845262366828918f,-0.02043050100706736f,0.3637592400725372f,0.9312689245811062f,1.408644039409969f,0f,0f,0f,1f],start_interpolation:0}
execute if entity @s[tag=aj.crystal_blade.bone.body] run data modify entity @s {} merge value {transformation:[0.9997847890717322f,0.0040780030907298604f,0.020340733309880288f,-0.000504670689938827f,0.003601412138577777f,0.9314840767037524f,-0.36376427075506734f,0.677001953125f,-0.02043050100706736f,0.3637592400725372f,0.9312689245811062f,1.2494993718782341f,0f,0f,0f,1f],start_interpolation:0}
execute if entity @s[tag=aj.crystal_blade.locator_origin.player_camera] at @s on origin run tp @s ^0.00452 ^-0.1355 ^1.87448 ~179.5392 ~0
execute if entity @s[tag=aj.crystal_blade.bone.right_leg2] run data modify entity @s {} merge value {transformation:[0.993959300188374f,-0.10974089681077545f,0.0013583579073004615f,0.15665596517436928f,0.09909517212933125f,0.8920803606103155f,-0.44087728119515035f,0.4037474813853004f,0.04717050381006977f,0.4383486805963218f,0.8975663640031124f,1.3637225140691511f,0f,0f,0f,1f],start_interpolation:0}
execute if entity @s[tag=aj.crystal_blade.bone.right_leg] run data modify entity @s {} merge value {transformation:[0.993959300188374f,-0.0884527064433853f,-0.06496944121568148f,0.12486827379627768f,0.09909517212933125f,0.9777515735365554f,0.18488376701984446f,0.755126953125f,0.04717050381006977f,-0.1902050976436494f,0.9806105059607885f,1.2953675571034646f,0f,0f,0f,1f],start_interpolation:0}
execute if entity @s[tag=aj.crystal_blade.bone.left_leg2] run data modify entity @s {} merge value {transformation:[0.9966067197116173f,0.06372422524667101f,0.052098650101139496f,-0.14493470167353728f,-0.07261499057911441f,0.9787125045670186f,0.1919606640625846f,0.46088423401680506f,-0.03875705572982231f,-0.1950924307113551f,0.9800187927332262f,1.4255128390591325f,0f,0f,0f,1f],start_interpolation:0}
execute if entity @s[tag=aj.crystal_blade.bone.left_leg] run data modify entity @s {} merge value {transformation:[0.9966067197116173f,0.055270600793884024f,0.06099349894482634f,-0.1250718295132352f,-0.07261499057911441f,0.9392974658796595f,0.33533167720220686f,0.7984442608173077f,-0.03875705572982231f,-0.33862284518315217f,0.9401236404597121f,1.3038202540714372f,0f,0f,0f,1f],start_interpolation:0}
execute if entity @s[tag=aj.crystal_blade.locator_origin.commands] at @s on origin run tp @s ^0 ^0 ^0 ~0 ~0