execute if entity @s[tag=aj.crystal_blade.bone.right_arm2] run data modify entity @s {} merge value {transformation:[0.7998549003498632f,0.2896727888782961f,0.5256632132551986f,0.17158615483998646f,0.3889937894337253f,0.4167818548152411f,-0.821569666722645f,1.191077987959045f,-0.4570732656460021f,0.8616162491969598f,0.22068409310927212f,1.09357054263993f,0f,0f,0f,1f],start_interpolation:0}
execute if entity @s[tag=aj.crystal_blade.bone.right_arm] run data modify entity @s {} merge value {transformation:[0.7998549003498632f,0.35580741562956536f,0.48335620547306524f,0.2605380087473778f,0.3889937894337253f,0.30597986802961263f,-0.8689419728282042f,1.267572954966448f,-0.4570732656460021f,0.8830500570995908f,0.10633262193752513f,1.3143330569148277f,0f,0f,0f,1f],start_interpolation:0}
execute if entity @s[tag=aj.crystal_blade.bone.crystal_effect] run data modify entity @s {} merge value {transformation:[0.1787220555697257f,0.03761792516604136f,-0.10918977832727386f,0.7177587418561743f,-0.8828995482827725f,0.002750855301094601f,-0.023146446777049134f,1.2395284710935353f,-0.030799225197820735f,0.13943285850967388f,0.029915225725224467f,1.4706806452951477f,0f,0f,0f,1f],start_interpolation:0}
execute if entity @s[tag=aj.crystal_blade.bone.crystal_slash] run data modify entity @s {} merge value {transformation:[0.000001982863042563525f,0.4687772212999002f,0.8504203888951132f,0.5996447989540752f,-0.000009795483154024844f,0.03427988913671735f,0.1802752104750941f,1.214490247416439f,-3.417073801533366e-7f,1.737547929120552f,-0.2329935849753058f,1.5030408654306069f,0f,0f,0f,1f],start_interpolation:0}
execute if entity @s[tag=aj.crystal_blade.locator_origin.aquamarine_dagger] at @s on origin run tp @s ^0.95399 ^1.2896 ^1.40596 ~74.67838 ~11.55484
execute if entity @s[tag=aj.crystal_blade.bone.aquamarine_dagger] run data modify entity @s {} merge value {transformation:[0.1982863042563525f,-0.2604317896110557f,0.9449115432167924f,0.5996447989540752f,-0.9795483154024843f,-0.01904438285373186f,0.2003057894167712f,1.214490247416439f,-0.03417073801533366f,-0.9653044050669735f,-0.2588817610836731f,1.5030408654306069f,0f,0f,0f,1f],start_interpolation:0}
execute if entity @s[tag=aj.crystal_blade.bone.left_arm2] run data modify entity @s {} merge value {transformation:[-0.21482359136028334f,-0.9632343417279466f,-0.16133947908369978f,0.06116823874939156f,-0.2765542615211125f,-0.09844020580394436f,0.9559431292267283f,1.2361487185734603f,-0.9366795423353615f,0.24997825664886653f,-0.2452392835032986f,1.6868686509725983f,0f,0f,0f,1f],start_interpolation:0}
execute if entity @s[tag=aj.crystal_blade.bone.left_arm] run data modify entity @s {} merge value {transformation:[-0.21482359136028334f,-0.9632343417279466f,-0.16133947908369978f,-0.2064932956026305f,-0.2765542615211125f,-0.09844020580394436f,0.9559431292267283f,1.1769693844323352f,-0.9366795423353615f,0.24997825664886653f,-0.2452392835032986f,1.6322782723428948f,0f,0f,0f,1f],start_interpolation:0}
execute if entity @s[tag=aj.crystal_blade.bone.head] run data modify entity @s {} merge value {transformation:[0.9951496241845524f,-0.003240782982969176f,0.09831949354528519f,0.006688616588844583f,0.003692980688917935f,0.999983423084722f,-0.004417629386111788f,1.3431136576724403f,-0.09830354713323092f,0.004759294214382648f,0.9951450958225165f,1.5338197326731253f,0f,0f,0f,1f],start_interpolation:0}
execute if entity @s[tag=aj.crystal_blade.bone.body_top] run data modify entity @s {} merge value {transformation:[0.8170125167978446f,0.010205351935952747f,0.5765296160541235f,0.0026702592640631883f,0.19024843709038564f,0.9390840994555673f,-0.2862282067413898f,0.9733492935118107f,-0.544330854885443f,0.34353588595893375f,0.7653019113252582f,1.3985524775767952f,0f,0f,0f,1f],start_interpolation:0}
execute if entity @s[tag=aj.crystal_blade.bone.body] run data modify entity @s {} merge value {transformation:[0.8170125167978446f,0.010205351935952747f,0.5765296160541235f,-0.0017945822079161386f,0.19024843709038564f,0.9390840994555673f,-0.2862282067413898f,0.5625f,-0.544330854885443f,0.34353588595893375f,0.7653019113252582f,1.2482555274697618f,0f,0f,0f,1f],start_interpolation:0}
execute if entity @s[tag=aj.crystal_blade.locator_origin.player_camera] at @s on origin run tp @s ^0.0159 ^-0.25 ^1.873 ~178.3776 ~0
execute if entity @s[tag=aj.crystal_blade.bone.right_leg2] run data modify entity @s {} merge value {transformation:[0.9947112934993579f,-0.08645233336588319f,0.05545661944645004f,0.15706929553367574f,0.09909517212933125f,0.6657950366359366f,-0.7395249259163682f,0.2830326527650394f,0.027010913451647543f,0.7411092788830443f,0.6708408509534595f,1.1800527844742288f,0f,0f,0f,1f],start_interpolation:0}
execute if entity @s[tag=aj.crystal_blade.bone.right_leg] run data modify entity @s {} merge value {transformation:[0.9947112934993579f,-0.09929325854148652f,-0.02627339705952954f,0.12138578074532902f,0.09909517212933125f,0.9950395749146729f,-0.008740206764452675f,0.640625f,0.027010913451647543f,0.006090415572084215f,0.9996165851928763f,1.1822415275704465f,0f,0f,0f,1f],start_interpolation:0}
execute if entity @s[tag=aj.crystal_blade.bone.left_leg2] run data modify entity @s {} merge value {transformation:[0.9956162149051014f,0.058219032099332435f,0.07320448701723037f,-0.13386828453209176f,-0.07261499057911443f,0.9744281091376221f,0.21264271270295992f,0.40019530173367546f,-0.05895265694804663f,-0.21702627588357892f,0.9743840001841525f,1.5697996247695878f,0f,0f,0f,1f],start_interpolation:0}
execute if entity @s[tag=aj.crystal_blade.bone.left_leg] run data modify entity @s {} merge value {transformation:[0.9956162149051014f,0.02967058571132544f,0.0887017979614046f,-0.12320541779208419f,-0.07261499057911443f,0.842934812567164f,0.5330928295386792f,0.703125f,-0.05895265694804663f,-0.5371969453616681f,0.8413940968017656f,1.3767444725302382f,0f,0f,0f,1f],start_interpolation:0}
execute if entity @s[tag=aj.crystal_blade.locator_origin.commands] at @s on origin run tp @s ^0 ^0 ^0 ~0 ~0