# This file was generated by Animated Java via MC-Build. It is not recommended to edit this file directly.
$data merge entity $(bone_right_arm2) { transformation: [0.9540035118851317f,-0.2822451463897352f,-0.10106916765400042f,0.38306128659743377f,0.29978835310660706f,0.8958178649128653f,0.3280812342158323f,1.0883075891672482f,-0.002059770002645475f,-0.3432900089463608f,0.9392271967448259f,0.0967273490779242f,0f,0f,0f,1f], start_interpolation: 0, interpolation_duration: 1 }
$data merge entity $(bone_right_arm) { transformation: [0.9540035118851317f,-0.2822451463897352f,-0.10106916765400042f,0.3125f,0.29978835310660706f,0.8958178649128653f,0.3280812342158323f,1.3122620553954645f,-0.002059770002645475f,-0.3432900089463608f,0.9392271967448259f,0.010904846841333993f,0f,0f,0f,1f], start_interpolation: 0, interpolation_duration: 1 }
$data merge entity $(bone_crystal_effect) { transformation: [0.000008191520442889919f,0.0000040557978767263855f,0.0000040557978767263914f,-0.5020986590453963f,-0.000005730305186777723f,0.000006095202332602062f,0.000005478331040657432f,1.1295959195207421f,-2.501905276082527e-7f,-0.000006811682032199107f,0.000007316993412058737f,0.48506913863434226f,0f,0f,0f,1f], start_interpolation: 0, interpolation_duration: 1 }
$data merge entity $(bone_crystal_slash) { transformation: [0.000008191520442889919f,0.0000040557978767263855f,0.0000040557978767263914f,-0.5035181883022505f,-0.000005730305186777723f,0.000006095202332602062f,0.000005478331040657432f,1.127678503656512f,-2.501905276082527e-7f,-0.000006811682032199107f,0.000007316993412058737f,0.4825081909401217f,0f,0f,0f,1f], start_interpolation: 0, interpolation_duration: 1 }
$data merge entity $(bone_aquamarine_dagger) { transformation: [0.8191520442889918f,0.4055797876726385f,0.40557978767263914f,-0.5035181883022505f,-0.5730305186777722f,0.6095202332602061f,0.5478331040657431f,1.127678503656512f,-0.025019052760825267f,-0.6811682032199107f,0.7316993412058737f,0.4825081909401217f,0f,0f,0f,1f], start_interpolation: 0, interpolation_duration: 1 }
$data merge entity $(bone_left_arm2) { transformation: [0.8191520442889918f,0.5087685126991366f,0.26484812406938824f,-0.5420861337109082f,-0.5730305186777722f,0.7460463698372689f,0.3391914484719747f,1.1973792777708687f,-0.025019052760825267f,-0.42961542632747884f,0.9026652937054851f,0.12143608501830687f,0f,0f,0f,1f], start_interpolation: 0, interpolation_duration: 1 }
$data merge entity $(bone_left_arm) { transformation: [0.8191520442889918f,0.5087685126991366f,0.26484812406938824f,-0.3125f,-0.5730305186777722f,0.7460463698372689f,0.3391914484719747f,1.3122620553954645f,-0.025019052760825267f,-0.42961542632747884f,0.9026652937054851f,0.010904846841333993f,0f,0f,0f,1f], start_interpolation: 0, interpolation_duration: 1 }
$data merge entity $(bone_head) { transformation: [1f,0f,0f,-1.3877787807814457e-17f,0f,0.9990482215818578f,-0.043619387365336f,1.4558752372478565f,0f,0.043619387365336f,0.9990482215818578f,0.017175133775101045f,0f,0f,0f,1f], start_interpolation: 0, interpolation_duration: 1 }
$data merge entity $(bone_body_top) { transformation: [1f,0f,0f,-1.3877787807814457e-17f,0f,0.9990482215818578f,-0.043619387365336f,1.0625f,0f,0.043619387365336f,0.9990482215818578f,-6.938893903907228e-18f,0f,0f,0f,1f], start_interpolation: 0, interpolation_duration: 1 }
$data merge entity $(bone_body) { transformation: [1f,0f,0f,-1.3877787807814457e-17f,0f,1f,0f,0.625f,0f,0f,1f,-6.938893903907228e-18f,0f,0f,0f,1f], start_interpolation: 0, interpolation_duration: 1 }
$data merge entity $(bone_right_leg2) { transformation: [0.9762960071199334f,-0.2131514098652129f,0.03758434453528548f,0.20160128792031087f,0.21643961393810288f,0.9614638770465723f,-0.1695320224998768f,0.3575989191863881f,-3.469446951953614e-18f,0.17364817766693028f,0.984807753012208f,0.03115481384905308f,0f,0f,0f,1f], start_interpolation: 0, interpolation_duration: 1 }
$data merge entity $(bone_right_leg) { transformation: [0.9762960071199334f,-0.2131514098652129f,-0.0375843445352855f,0.12499999999999999f,0.21643961393810288f,0.9614638770465722f,0.1695320224998769f,0.703125f,-3.469446951953614e-18f,-0.17364817766693033f,0.984807753012208f,-0.03125000000000001f,0f,0f,0f,1f], start_interpolation: 0, interpolation_duration: 1 }
$data merge entity $(bone_left_leg2) { transformation: [0.9760717914816385f,0.20381184183068882f,-0.07579308018155254f,-0.20314366579232881f,-0.20680712846239285f,0.9777926522368388f,-0.033946146302457236f,0.3687499916694488f,0.0671912902909618f,0.04880842510500405f,0.99654556752203f,0.13725618814711066f,0f,0f,0f,1f], start_interpolation: 0, interpolation_duration: 1 }
$data merge entity $(bone_left_leg) { transformation: [0.9760717914816385f,0.2174432439438715f,-0.0015144427988389025f,-0.125f,-0.20680712846239285f,0.9304348057893599f,0.30252583987629134f,0.703125f,0.0671912902909618f,-0.2949737409310905f,0.9531399806272705f,0.031249999999999993f,0f,0f,0f,1f], start_interpolation: 0, interpolation_duration: 1 }
data modify entity @s data merge value {"locators":{"aquamarine_dagger":{"posx":-0.3514257679250108,"posy":1.3331159176811658,"posz":0.7568954438923243,"roty":151.0004660318645,"rotx":33.218481488716655},"player_camera":{"posx":-1.3877787807814457e-17,"posy":-0.1875,"posz":0.625,"roty":180,"rotx":0}},"cameras":{}}