# This file was generated by Animated Java via MC-Build. It is not recommended to edit this file directly.
$data merge entity $(bone_right_arm2) { transformation: [0.9431532632346202f,-0.289345194890887f,0.16352761309161826f,0.38237604663031427f,0.3229116853833336f,0.9142276155226124f,-0.24477726703828814f,1.1015476328146256f,-0.07867633375280236f,0.28366745532294163f,0.955689703459143f,0.010533616132593973f,0f,0f,0f,1f], start_interpolation: 0, interpolation_duration: 1 }
$data merge entity $(bone_right_arm) { transformation: [0.9431532632346202f,-0.289345194890887f,0.16352761309161826f,0.31003974790759253f,0.3229116853833336f,0.9142276155226124f,-0.24477726703828814f,1.3301045366952788f,-0.07867633375280236f,0.28366745532294163f,0.955689703459143f,0.08145047996332938f,0f,0f,0f,1f], start_interpolation: 0, interpolation_duration: 1 }
$data merge entity $(bone_crystal_effect) { transformation: [-0.19485736537601223f,1.8744933978196672f,-0.13817089430895038f,-0.7982493864449873f,-0.7529502484244704f,-0.48367604277717013f,0.047891239508414646f,1.2452244927945808f,0.0058993356562940915f,0.18219820170560905f,1.5486666263479576f,0.7575494931296525f,0f,0f,0f,1f], start_interpolation: 0, interpolation_duration: 1 }
$data merge entity $(bone_crystal_slash) { transformation: [-0.000002505308983405872f,0.000009640251760215434f,-8.882414634146812e-7f,-0.7914642085994585f,-0.000009680788908314622f,-0.0000024874767914254474f,3.078722539826656e-7f,1.2428726908544354f,7.584860129520976e-8f,9.370193230574183e-7f,0.000009955714026522587f,0.6814988998714938f,0f,0f,0f,1f], start_interpolation: 0, interpolation_duration: 1 }
$data merge entity $(bone_aquamarine_dagger) { transformation: [-0.25053089834058717f,0.9640251760215434f,-0.08882414634146811f,-0.7914642085994585f,-0.9680788908314621f,-0.2487476791425447f,0.03078722539826656f,1.2428726908544354f,0.007584860129520976f,0.09370193230574182f,0.9955714026522586f,0.6814988998714938f,0f,0f,0f,1f], start_interpolation: 0, interpolation_duration: 1 }
$data merge entity $(bone_left_arm2) { transformation: [0.7301616655998131f,0.6366274466549707f,0.2481318928595817f,-0.5592229301135645f,-0.48972870016748987f,0.23436586381433694f,0.8397847593942275f,1.314595773866006f,0.4764763817029836f,-0.7346959480248495f,0.48289970142370203f,0.2912309594752902f,0f,0f,0f,1f], start_interpolation: 0, interpolation_duration: 1 }
$data merge entity $(bone_left_arm) { transformation: [0.7301616655998131f,0.6366274466549707f,0.2481318928595817f,-0.30879586024984523f,-0.48972870016748987f,0.23436586381433694f,0.8397847593942275f,1.311971152298654f,0.4764763817029836f,-0.7346959480248495f,0.48289970142370203f,0.16711652018195078f,0f,0f,0f,1f], start_interpolation: 0, interpolation_duration: 1 }
$data merge entity $(bone_head) { transformation: [0.9974739455299163f,-0.006789427368002587f,0.07070807354889792f,0.0009480343800905051f,0.013608346024305499f,0.9952489007674092f,-0.09640766795097988f,1.4611760386357366f,-0.06971757961565013f,0.09712635686196737f,0.9928272407097104f,0.15630291150503167f,0f,0f,0f,1f], start_interpolation: 0, interpolation_duration: 1 }
$data merge entity $(bone_body_top) { transformation: [0.9901369730519004f,0.002268456008465291f,0.14008436280669603f,0.000054829826757296785f,0.02901341503459963f,0.974874394008836f,-0.2208577317051294f,1.0773192459947574f,-0.13706566434979425f,0.22274373170359363f,0.9651933659340532f,0.06859756714674167f,0f,0f,0f,1f], start_interpolation: 0, interpolation_duration: 1 }
$data merge entity $(bone_body) { transformation: [0.99924795250423f,0.00012532531830242437f,0.03877516872521073f,-1.3877787807814457e-17f,0.006733272557104894f,0.9842417854745746f,-0.17669966261001482f,0.646713464849631f,-0.03818628623963983f,0.17682785985072014f,0.98350074505505f,-0.00876462153794838f,0f,0f,0f,1f], start_interpolation: 0, interpolation_duration: 1 }
$data merge entity $(bone_right_leg2) { transformation: [0.9762960071199334f,-0.19818003411388618f,0.0870102325033897f,0.20275363461926169f,0.2131514098652129f,0.8105437468112457f,-0.5455138045711212f,0.38377699799204906f,0.03758434453528551f,0.5511293029623867f,0.8335729772863603f,-0.08741278209018458f,0f,0f,0f,1f], start_interpolation: 0, interpolation_duration: 1 }
$data merge entity $(bone_right_leg) { transformation: [0.9762960071199334f,-0.21635793981011953f,-0.00594544891456621f,0.12499999999999999f,0.2131514098652129f,0.9658710630894829f,-0.14717189255718696f,0.730886911289832f,0.03758434453528551f,0.14241605024544407f,0.9890930621930073f,-0.03623201403322812f,0f,0f,0f,1f], start_interpolation: 0, interpolation_duration: 1 }
$data merge entity $(bone_left_leg2) { transformation: [0.9897851598447035f,0.1405893908941303f,0.0236634849338008f,-0.1643446622881004f,-0.14025385096800536f,0.9899974207201409f,-0.01529589017065175f,0.4063959578920856f,-0.025577228931988112f,0.01182075020823653f,0.9996029587914771f,0.22328900865272716f,0f,0f,0f,1f], start_interpolation: 0, interpolation_duration: 1 }
$data merge entity $(bone_left_leg) { transformation: [0.9897851598447035f,0.10948079941036636f,0.09131972356321452f,-0.125f,-0.14025385096800536f,0.8626651044883535f,0.4859400938250953f,0.7164162298175877f,-0.025577228931988112f,-0.49378423634069685f,0.8692082220628126f,0.04583529871778924f,0f,0f,0f,1f], start_interpolation: 0, interpolation_duration: 1 }
data modify entity @s data merge value {"locators":{"aquamarine_dagger":{"posx":-0.8247732634775091,"posy":1.2544179003787854,"posz":1.0548381758660907,"roty":185.09838793738265,"rotx":1.7642568625577368},"player_camera":{"posx":-1.3877787807814457e-17,"posy":-0.2619729455146196,"posz":0.46565107974030084,"roty":180,"rotx":-10.000000000000002}},"cameras":{}}