# This file was generated by Animated Java via MC-Build. It is not recommended to edit this file directly.
$data merge entity $(bone_right_arm2) { transformation: [0.9292639985077985f,-0.2190494874258698f,0.29746553268532144f,0.3608086879579691f,0.3486789652115446f,0.7860799794981871f,-0.510393225906395f,1.1440698507602713f,-0.1220303253142628f,0.5780100240398895f,0.8068537735011849f,-0.0394237454955014f,0f,0f,0f,1f], start_interpolation: 0, interpolation_duration: 1 }
$data merge entity $(bone_right_arm) { transformation: [0.9292639985077985f,-0.2190494874258698f,0.29746553268532144f,0.3060463161015017f,0.3486789652115446f,0.7860799794981871f,-0.510393225906395f,1.3405898456348182f,-0.1220303253142628f,0.5780100240398895f,0.8068537735011849f,0.10507876051447099f,0f,0f,0f,1f], start_interpolation: 0, interpolation_duration: 1 }
$data merge entity $(bone_crystal_effect) { transformation: [-0.0000036949447108537158f,0.0000069289876045103666f,-0.000006191648759440079f,-0.8013667196815335f,-0.000008952593458743282f,-0.000004439716564937f,3.7414861417763885e-7f,1.2578028866964814f,-0.000002489669445167615f,0.000005681377262562813f,0.000007843691634315635f,0.8007549842867527f,0f,0f,0f,1f], start_interpolation: 0, interpolation_duration: 1 }
$data merge entity $(bone_crystal_slash) { transformation: [-0.36949447108537153f,-0.207869628135311f,-0.6191648759440078f,-0.840064524428034f,-0.8952593458743281f,0.13319149694811f,0.03741486141776388f,1.2601413155350918f,-0.2489669445167615f,-0.1704413178768844f,0.7843691634315635f,0.8497780570012254f,0f,0f,0f,1f], start_interpolation: 0, interpolation_duration: 1 }
$data merge entity $(bone_aquamarine_dagger) { transformation: [-0.36949447108537153f,0.6928987604510366f,-0.6191648759440078f,-0.840064524428034f,-0.8952593458743281f,-0.44397165649369996f,0.03741486141776388f,1.2601413155350918f,-0.2489669445167615f,0.5681377262562812f,0.7843691634315635f,0.8497780570012254f,0f,0f,0f,1f], start_interpolation: 0, interpolation_duration: 1 }
$data merge entity $(bone_left_arm2) { transformation: [0.7416122568105572f,0.574994096607816f,0.3455329932358322f,-0.5405955135855127f,-0.4605812173070268f,0.06194735297110521f,0.8854532555272755f,1.3442468603778328f,0.48772554045521277f,-0.8158089937761379f,0.3107723972003237f,0.3777350007058199f,0f,0f,0f,1f], start_interpolation: 0, interpolation_duration: 1 }
$data merge entity $(bone_left_arm) { transformation: [0.7416122568105572f,0.574994096607816f,0.3455329932358322f,-0.3041454573322391f,-0.4605812173070268f,0.06194735297110521f,0.8854532555272755f,1.3021610464572309f,0.48772554045521277f,-0.8158089937761379f,0.3107723972003237f,0.23474844481868704f,0f,0f,0f,1f], start_interpolation: 0, interpolation_duration: 1 }
$data merge entity $(bone_head) { transformation: [0.9961946991491278f,-0.011376067980657927f,0.08641010626355004f,0.0014969262807943524f,0.02255751930876216f,0.9913163196583398f,-0.12954965342168692f,1.4584784368536439f,-0.08418598285827271f,0.13100587565580352f,0.9878006786967919f,0.21311700244886903f,0f,0f,0f,1f], start_interpolation: 0, interpolation_duration: 1 }
$data merge entity $(bone_body_top) { transformation: [0.9763068374939852f,0.003801717538525409f,0.21635735718077737f,-2.7755575615628914e-17f,0.061486078684140064f,0.953759936053003f,-0.2942132670499741f,1.0829354620327738f,-0.20747149488674568f,0.30054538978984346f,0.9309285941926642f,0.09477725521911814f,0f,0f,0f,1f], start_interpolation: 0, interpolation_duration: 1 }
$data merge entity $(bone_body) { transformation: [0.9961946980917455f,-6.162975822039155e-33f,0.08715574274765818f,-2.7755575615628914e-17f,0.022557566113149838f,0.9659258262890683f,-0.25783416049629954f,0.6603429130313065f,-0.08418598282936919f,0.25881904510252074f,0.9622501868990582f,-0.01845607701323468f,0f,0f,0f,1f], start_interpolation: 0, interpolation_duration: 1 }
$data merge entity $(bone_right_leg2) { transformation: [0.9762960071199334f,-0.19198428229200928f,0.09994069158504512f,0.2027829862590057f,0.20906461293484896f,0.716968071638129f,-0.6650178733462014f,0.409036774547119f,0.05601869420181802f,0.6701483564139545f,0.7401101852397374f,-0.1343219248297793f,0f,0f,0f,1f], start_interpolation: 0, interpolation_duration: 1 }
$data merge entity $(bone_right_leg) { transformation: [0.9762960071199334f,-0.21643961393810288f,2.465190328815662e-32f,0.12499999999999997f,0.20906461293484896f,0.9430295273800398f,-0.25881904510252074f,0.7479380109493208f,0.05601869420181802f,0.25268400030018495f,0.9659258262890682f,-0.04351361222190034f,0f,0f,0f,1f], start_interpolation: 0, interpolation_duration: 1 }
$data merge entity $(bone_left_leg2) { transformation: [0.9923997605687728f,0.1083555261922591f,0.05832491034404742f,-0.1465798119607009f,-0.10804263589987115f,0.9941099148204868f,-0.008500946030431888f,0.4207237078679535f,-0.058902496134292937f,0.002134759753014026f,0.9982614581110232f,0.23915124968321796f,0f,0f,0f,1f], start_interpolation: 0, interpolation_duration: 1 }
$data merge entity $(bone_left_leg) { transformation: [0.9923997605687728f,0.06004817241238511f,0.10741011224728791f,-0.12500000000000003f,-0.10804263589987115f,0.8429913533301036f,0.5269652427233588f,0.7236737254709594f,-0.058902496134292937f,-0.5345650523562244f,0.8430721800347443f,0.04704193399269982f,0f,0f,0f,1f], start_interpolation: 0, interpolation_duration: 1 }
data modify entity @s data merge value {"locators":{"aquamarine_dagger":{"posx":-1.072251352907037,"posy":1.2741718885667532,"posz":1.1439164932880619,"roty":218.28683586777424,"rotx":2.144214119703083},"player_camera":{"posx":-2.7755575615628914e-17,"posy":-0.2862337240176367,"posz":0.3749570902716348,"roty":180,"rotx":-15}},"cameras":{}}