# This file was generated by Animated Java via MC-Build. It is not recommended to edit this file directly.
$data merge entity $(bone_right_arm2) { transformation: [0.8077605096215827f,-0.006105898428639317f,0.5894791574773957f,0.2448173639050743f,0.4125863399073685f,0.7200783987799214f,-0.5579064542845744f,1.194555401477589f,-0.42106468768791633f,0.693865849869356f,0.5841701046504809f,-0.22184893689160312f,0f,0f,0f,1f], start_interpolation: 0, interpolation_duration: 1 }
$data merge entity $(bone_right_arm) { transformation: [0.8077605096215827f,-0.006105898428639317f,0.5894791574773957f,0.24329088929791448f,0.4125863399073685f,0.7200783987799214f,-0.5579064542845744f,1.3745750011725693f,-0.42106468768791633f,0.693865849869356f,0.5841701046504809f,-0.048382474424264146f,0f,0f,0f,1f], start_interpolation: 0, interpolation_duration: 1 }
$data merge entity $(bone_crystal_effect) { transformation: [0.000012058446943359442f,0.03837721883670353f,-0.1511075840169879f,0.4505094442362516f,0.07633579530708297f,-0.026491580784179694f,-0.00428164399049017f,1.2376349262604949f,0.010810716433259074f,0.1870174961046052f,0.030401761441946465f,0.09406564695587272f,0f,0f,0f,1f], start_interpolation: 0, interpolation_duration: 1 }
$data merge entity $(bone_crystal_slash) { transformation: [-0.00015640515005945627f,0.11946602475519687f,0.9799771257572303f,0.4981472211827836f,-0.9901201685418701f,-0.0824667326528698f,0.02776772058538477f,1.2389847460111734f,-0.14022135138433092f,0.5821744643444521f,-0.19716436464556455f,0.08448126811893555f,0f,0f,0f,1f], start_interpolation: 0, interpolation_duration: 1 }
$data merge entity $(bone_aquamarine_dagger) { transformation: [-0.00015640515005945627f,-0.19911004125866172f,0.9799771257572303f,0.4981472211827836f,-0.9901201685418701f,0.13744455442144984f,0.02776772058538477f,1.2389847460111734f,-0.14022135138433092f,-0.9702907739074215f,-0.19716436464556455f,0.08448126811893555f,0f,0f,0f,1f], start_interpolation: 0, interpolation_duration: 1 }
$data merge entity $(bone_left_arm2) { transformation: [-0.29018194180060586f,-0.9552550611617906f,0.05729056447280517f,-0.023791142059045034f,0.11748838625766268f,0.023851602882724594f,0.9927877820231749f,1.2779186227151023f,-0.9497320252299589f,0.29482006235110225f,0.10531007116079803f,0.29812718159785984f,0f,0f,0f,1f], start_interpolation: 0, interpolation_duration: 1 }
$data merge entity $(bone_left_arm) { transformation: [-0.29018194180060586f,-0.9552550611617906f,0.05729056447280517f,-0.2988776500745684f,0.11748838625766268f,0.023851602882724594f,0.9927877820231749f,1.2985675717179912f,-0.9497320252299589f,0.29482006235110225f,0.10531007116079803f,0.25311569403189055f,0f,0f,0f,1f], start_interpolation: 0, interpolation_duration: 1 }
$data merge entity $(bone_head) { transformation: [0.9982745121287837f,-0.046417028085494624f,0.03596467624975058f,-0.033701139503336655f,0.04774822988302423f,0.9981707619373338f,-0.0370841820252301f,1.4780018848473195f,-0.034177550776450405f,0.03873744334817328f,0.998664761321721f,0.12739752504637109f,0f,0f,0f,1f], start_interpolation: 0, interpolation_duration: 1 }
$data merge entity $(bone_body_top) { transformation: [0.8674696629959726f,-0.041097454713111076f,0.49578965600116903f,-0.01751901671004917f,0.12161188712732474f,0.9838650323620121f,-0.13122555774172884f,1.0906050283547772f,-0.4823970695298475f,0.17412810603518544f,0.8584710070803874f,0.058834583295016826f,0f,0f,0f,1f], start_interpolation: 0, interpolation_duration: 1 }
$data merge entity $(bone_body) { transformation: [0.863373221536101f,-0.04004346676582661f,0.5029743543201273f,-2.7755575615628914e-17f,0.12305546179736757f,0.9834562635965042f,-0.13293280601356422f,0.6603429130313065f,-0.48933018878484436f,0.17666436641886057f,0.8540173698360068f,-0.01845607701323468f,0f,0f,0f,1f], start_interpolation: 0, interpolation_duration: 1 }
$data merge entity $(bone_right_leg2) { transformation: [0.9657796738864128f,-0.16504516928980317f,0.20007427021472352f,0.21081187513448946f,0.20275651189847196f,0.9614829449122931f,-0.18558109689714866f,0.4133470918827549f,-0.16173873497285296f,0.21979681239018076f,0.9620446678156356f,0.03600270203897864f,0f,0f,0f,1f], start_interpolation: 0, interpolation_duration: 1 }
$data merge entity $(bone_right_leg) { transformation: [0.9657796738864128f,-0.238780869939449f,0.10125866707997855f,0.12499999999999997f,0.20275651189847196f,0.9385376021881983f,0.27935097308151974f,0.7506340426691387f,-0.16173873497285296f,-0.24926063754589706f,0.9548349156684593f,-0.05357533957907812f,0f,0f,0f,1f], start_interpolation: 0, interpolation_duration: 1 }
$data merge entity $(bone_left_leg2) { transformation: [0.9515536325269147f,0.19145812922982836f,0.24060230501108587f,-0.17561442308427427f,-0.17629654461847657f,0.980810904517735f,-0.08324360596879482f,0.3694353006605665f,-0.2519230294761055f,0.03679340064355077f,0.967047585638196f,0.11193537353359229f,0f,0f,0f,1f], start_interpolation: 0, interpolation_duration: 1 }
$data merge entity $(bone_left_leg) { transformation: [0.9515536325269147f,0.14084013379971969f,0.2733308272700141f,-0.12500000000000003f,-0.17629654461847657f,0.9782049199042088f,0.10970261177741453f,0.7209776937511415f,-0.2519230294761055f,-0.15257519911990172f,0.9556440738230438f,0.0571036613498776f,0f,0f,0f,1f], start_interpolation: 0, interpolation_duration: 1 }
data modify entity @s data merge value {"locators":{"aquamarine_dagger":{"posx":0.8656386433417449,"posy":1.2493976412306926,"posz":0.010544631376848843,"roty":78.62436749336226,"rotx":1.5911777195471097},"player_camera":{"posx":-2.7755575615628914e-17,"posy":-0.2862337240176367,"posz":0.3749570902716348,"roty":180,"rotx":-15}},"cameras":{}}