# This file was generated by Animated Java via MC-Build. It is not recommended to edit this file directly.
$data merge entity $(bone_right_arm2) { transformation: [0.866705776176989f,-0.013932988280239561f,0.49862507897119024f,0.2915873034590672f,0.34994328952745407f,0.72933290768932f,-0.5878887682854184f,1.1759303067565674f,-0.35547263137426977f,0.6840170915986123f,0.6369927996020267f,0.1948645021464266f,0f,0f,0f,1f], start_interpolation: 0, interpolation_duration: 1 }
$data merge entity $(bone_right_arm) { transformation: [0.866705776176989f,-0.013932988280239561f,0.49862507897119024f,0.2881040563890073f,0.34994328952745407f,0.72933290768932f,-0.5878887682854184f,1.3582635336788975f,-0.35547263137426977f,0.6840170915986123f,0.6369927996020267f,0.3658687750460797f,0f,0f,0f,1f], start_interpolation: 0, interpolation_duration: 1 }
$data merge entity $(bone_crystal_effect) { transformation: [0.006877779767517174f,0.07498499971474516f,-0.17064677980241058f,0.5954236697966587f,0.0889079343725279f,-0.04483726775717773f,0.0017240194203997786f,1.174234662892865f,0.01658614177554944f,0.20925050516628013f,0.06152075496757963f,0.5813006694796102f,0f,0f,0f,1f], start_interpolation: 0, interpolation_duration: 1 }
$data merge entity $(bone_crystal_slash) { transformation: [-0.07582752193687682f,0.29100178689298306f,0.9406903736607881f,0.5235653773642375f,-0.9802099764571199f,-0.17400446871205535f,-0.009503657054953776f,1.174960636695674f,-0.18286221307543252f,0.8120593604492999f,-0.3391331617587826f,0.6072066748917394f,0f,0f,0f,1f], start_interpolation: 0, interpolation_duration: 1 }
$data merge entity $(bone_aquamarine_dagger) { transformation: [-0.07582752193687682f,-0.3306838487420262f,0.9406903736607881f,0.5235653773642375f,-0.9802099764571199f,0.19773235080915383f,-0.009503657054953776f,1.174960636695674f,-0.18286221307543252f,-0.9227947277832955f,-0.3391331617587826f,0.6072066748917394f,0f,0f,0f,1f], start_interpolation: 0, interpolation_duration: 1 }
$data merge entity $(bone_left_arm2) { transformation: [-0.08495744363328123f,-0.9866909266156885f,0.13864792860180689f,-0.02313314091797075f,0.17241625024759716f,0.12249368144557105f,0.9773780919667009f,1.266324386152411f,-0.9813535904157358f,0.10694070011078505f,0.15971479968355887f,0.7183528557449048f,0f,0f,0f,1f], start_interpolation: 0, interpolation_duration: 1 }
$data merge entity $(bone_left_arm) { transformation: [-0.08495744363328123f,-0.9866909266156885f,0.13864792860180689f,-0.28042555302605304f,0.17241625024759716f,0.12249368144557105f,0.9773780919667009f,1.3184998377947534f,-0.9813535904157358f,0.10694070011078505f,0.15971479968355887f,0.6224188319706341f,0f,0f,0f,1f], start_interpolation: 0, interpolation_duration: 1 }
$data merge entity $(bone_head) { transformation: [0.9990651494037193f,-0.023179723521786065f,0.03649010364986138f,0.004642004305785995f,0.025903121665094085f,0.9967695997426188f,-0.07602232117570935f,1.4801534291207068f,-0.034610049623301664f,0.07689645925784185f,0.996438196286493f,0.5178965057992352f,0f,0f,0f,1f], start_interpolation: 0, interpolation_duration: 1 }
$data merge entity $(bone_body_top) { transformation: [0.9096473750640967f,0.005584366082148649f,0.4153437948187732f,0.0024431601609399647f,0.06362191341463055f,0.9862382148443912f,-0.15259893746029068f,1.0918221320257278f,-0.4104800910792871f,0.16523618984958774f,0.8967737152657469f,0.45283475604595996f,0f,0f,0f,1f], start_interpolation: 0, interpolation_duration: 1 }
$data merge entity $(bone_body) { transformation: [0.9096473750640967f,0.005584366082148649f,0.4153437948187732f,-6.938893903907228e-17f,0.06362191341463055f,0.9862382148443912f,-0.15259893746029068f,0.6603429130313065f,-0.4104800910792871f,0.16523618984958774f,0.8967737152657469f,0.3805439229867653f,0f,0f,0f,1f], start_interpolation: 0, interpolation_duration: 1 }
$data merge entity $(bone_right_leg2) { transformation: [0.8914818277891466f,0.20546555680377807f,0.40378714155980217f,0.11503157829799288f,0.18472311279418097f,0.6489631091307537f,-0.7380543710235538f,0.4089029355437719f,-0.41368771110748565f,0.7325508773830378f,0.5405845814708282f,0.24672963594680047f,0f,0f,0f,1f], start_interpolation: 0, interpolation_duration: 1 }
$data merge entity $(bone_right_leg) { transformation: [0.8914818277891466f,-0.007044391785719521f,0.4530016857210264f,0.11249999999999992f,0.18472311279418097f,0.9186453446404167f,-0.34923931962211563f,0.7390411062739216f,-0.41368771110748565f,0.39502038847996085f,0.820256892908429f,0.3886900880567864f,0f,0f,0f,1f], start_interpolation: 0, interpolation_duration: 1 }
$data merge entity $(bone_left_leg2) { transformation: [0.9989380914554402f,-0.013113924295305935f,-0.04416689290565365f,-0.12934197583480075f,0.014693160839317874f,0.9992572671788565f,0.03562337736365395f,0.4298019511593748f,0.04366692643079462f,-0.036234499856081126f,0.9983888323475314f,0.6762683161894064f,0f,0f,0f,1f], start_interpolation: 0, interpolation_duration: 1 }
$data merge entity $(bone_left_leg) { transformation: [0.9989380914554402f,0.012082019714228003f,-0.04446025459877057f,-0.12500000000000006f,0.014693160839317874f,0.8310721711212232f,0.5559704645144435f,0.7284685126560644f,0.04366692643079462f,-0.5560333363994295f,0.8300121254226388f,0.4764438359208614f,0f,0f,0f,1f], start_interpolation: 0, interpolation_duration: 1 }
data modify entity @s data merge value {"locators":{"aquamarine_dagger":{"posx":0.8763242674870331,"posy":1.1713967653000663,"posz":0.48003173923219594,"roty":70.17499675400087,"rotx":-0.54452763630876},"player_camera":{"posx":-6.938893903907228e-17,"posy":-0.2862337240176367,"posz":0.7739570902716348,"roty":180,"rotx":-15}},"cameras":{}}