# This file was generated by Animated Java via MC-Build. It is not recommended to edit this file directly.
$data merge entity $(bone_right_arm2) { transformation: [0.8891803776331539f,-0.1188339832013672f,0.4418560178029252f,0.3189417827706035f,0.3410751898892853f,0.8158572265360747f,-0.4669525679882831f,1.153874346240391f,-0.3050015915928141f,0.5659111859164486f,0.7659755601717907f,0.22056418229483235f,0f,0f,0f,1f], start_interpolation: 0, interpolation_duration: 1 }
$data merge entity $(bone_right_arm) { transformation: [0.8891803776331539f,-0.1188339832013672f,0.4418560178029252f,0.2892332869702617f,0.3410751898892853f,0.8158572265360747f,-0.4669525679882831f,1.3578386528744097f,-0.3050015915928141f,0.5659111859164486f,0.7659755601717907f,0.3620419787739445f,0f,0f,0f,1f], start_interpolation: 0, interpolation_duration: 1 }
$data merge entity $(bone_crystal_effect) { transformation: [0.001549663371936715f,-0.009668651924324359f,-0.12216512499725588f,0.609799880700753f,0.060118091190404586f,-0.028418042869780624f,0.004489827036714484f,1.2252146044803927f,0.011482674158329589f,0.1500888751764543f,-0.007019707306381864f,0.5363537244084549f,0f,0f,0f,1f], start_interpolation: 0, interpolation_duration: 1 }
$data merge entity $(bone_crystal_slash) { transformation: [-0.025311168408299743f,-0.027794151398457718f,0.997681854144257f,0.5143186095033534f,-0.9819288227766108f,-0.08169240056966257f,-0.036666920799834975f,1.2287237433850644f,-0.18755034458605044f,0.4314554865072467f,0.057327609668785265f,0.5308672930143719f,0f,0f,0f,1f], start_interpolation: 0, interpolation_duration: 1 }
$data merge entity $(bone_aquamarine_dagger) { transformation: [-0.025311168408299743f,0.06316852590558579f,0.997681854144257f,0.5143186095033534f,-0.9819288227766108f,0.18566454674923333f,-0.036666920799834975f,1.2287237433850644f,-0.18755034458605044f,-0.9805806511528344f,0.057327609668785265f,0.5308672930143719f,0f,0f,0f,1f], start_interpolation: 0, interpolation_duration: 1 }
$data merge entity $(bone_left_arm2) { transformation: [-0.13579307281686268f,-0.9868948934921583f,0.08717058319213022f,-0.03172038707294128f,0.17263676636380065f,0.0630692234090183f,0.9829643024840903f,1.286825467581962f,-0.9755802315926684f,0.14852859070793464f,0.16180997950654963f,0.6652015105030711f,0f,0f,0f,1f], start_interpolation: 0, interpolation_duration: 1 }
$data merge entity $(bone_left_arm) { transformation: [-0.13579307281686268f,-0.9868948934921583f,0.08717058319213022f,-0.2954182445480887f,0.17263676636380065f,0.0630692234090183f,0.9829643024840903f,1.3241723692296916f,-0.9755802315926684f,0.14852859070793464f,0.16180997950654963f,0.5803861292309712f,0f,0f,0f,1f], start_interpolation: 0, interpolation_duration: 1 }
$data merge entity $(bone_head) { transformation: [0.9957043903933334f,-0.026430759340244595f,-0.08873658722386324f,-0.0037390879902317676f,0.022104390634559636f,0.9985349948372694f,-0.04938886514194607f,1.4833258724563883f,0.08991197287411162f,0.047215241670806055f,0.9948299141500783f,0.4914268995784663f,0f,0f,0f,1f], start_interpolation: 0, interpolation_duration: 1 }
$data merge entity $(bone_body_top) { transformation: [0.9354424504293606f,-0.004498150965692269f,0.35345040468586686f,-0.001967941047490437f,0.053866053831548986f,0.9900546880301732f,-0.12996215970078853f,1.0934918390445074f,-0.3493506407312428f,0.14061109965918922f,0.9263814810720815f,0.43606127908766057f,0f,0f,0f,1f], start_interpolation: 0, interpolation_duration: 1 }
$data merge entity $(bone_body) { transformation: [0.9354424504293606f,-0.004498150965692269f,0.35345040468586686f,-6.938893903907228e-17f,0.053866053831548986f,0.9900546880301732f,-0.12996215970078853f,0.6603429130313065f,-0.3493506407312428f,0.14061109965918922f,0.9263814810720815f,0.3745439229867653f,0f,0f,0f,1f], start_interpolation: 0, interpolation_duration: 1 }
$data merge entity $(bone_right_leg2) { transformation: [0.8246243592617484f,0.17901194420204808f,0.5366091593936444f,0.1251446773160722f,0.16438541507449542f,0.8318379488263281f,-0.5301160837054402f,0.39164525735142963f,-0.5412689732683157f,0.5253573552596463f,0.6565268828095716f,0.30842315460159264f,0f,0f,0f,1f], start_interpolation: 0, interpolation_duration: 1 }
$data merge entity $(bone_right_leg) { transformation: [0.8246243592617484f,-0.10475040644472293f,0.5558974891666774f,0.0874999999999999f,0.16438541507449542f,0.9846715131827617f,-0.0583047719930061f,0.7455115824014846f,-0.5412689732683157f,0.13946097474216912f,0.8292035546842689f,0.35854194239955967f,0f,0f,0f,1f], start_interpolation: 0, interpolation_duration: 1 }
$data merge entity $(bone_left_leg2) { transformation: [0.99881630800894f,-0.01842103122598215f,-0.04501831254014065f,-0.12671372978369577f,0.02366729503602711f,0.9926200850032447f,0.11893370419619814f,0.4508155225018153f,0.042495199741477155f,-0.11985838500798562f,0.9918811045393541f,0.7058239169842306f,0f,0f,0f,1f], start_interpolation: 0, interpolation_duration: 1 }
$data merge entity $(bone_left_leg) { transformation: [0.99881630800894f,0.004768639398109783f,-0.04840705458588851f,-0.12500000000000006f,0.02366729503602711f,0.8217896617291485f,0.5692992280170152f,0.746146182185728f,0.042495199741477155f,-0.5697710171230039f,0.8207040550926681f,0.5010624577056512f,0f,0f,0f,1f], start_interpolation: 0, interpolation_duration: 1 }
data modify entity @s data merge value {"locators":{"aquamarine_dagger":{"posx":0.8884493048074498,"posy":1.2149736480851263,"posz":0.5523651466401663,"roty":93.28864578525217,"rotx":-2.101330849351742},"player_camera":{"posx":-6.938893903907228e-17,"posy":-0.2862337240176367,"posz":0.7679570902716348,"roty":180,"rotx":-15}},"cameras":{}}