# This file was generated by Animated Java via MC-Build. It is not recommended to edit this file directly.
$data merge entity $(bone_right_arm2) { transformation: [0.9487337918019727f,-0.30955672906537784f,-0.06386566983439086f,0.3921795480827055f,0.315202212318252f,0.9416115755926242f,0.11838583555331061f,1.1105580287591315f,0.023489521977484582f,-0.13244724308312422f,0.9909116863560289f,0.4235300671932005f,0f,0f,0f,1f], start_interpolation: 0, interpolation_duration: 1 }
$data merge entity $(bone_right_arm) { transformation: [0.9487337918019727f,-0.30955672906537784f,-0.06386566983439086f,0.31479036581636105f,0.315202212318252f,0.9416115755926242f,0.11838583555331061f,1.3459609226572875f,0.023489521977484582f,-0.13244724308312422f,0.9909116863560289f,0.39041825642241945f,0f,0f,0f,1f], start_interpolation: 0, interpolation_duration: 1 }
$data merge entity $(bone_crystal_effect) { transformation: [-0.11356760090497157f,0.7924000115330696f,-0.9012103095288464f,-1.1529253000343906f,-0.1545800028251254f,-1.1498275755743037f,-0.5691211475895426f,1.272450172392339f,-0.5287850912717487f,0.1659452640821622f,0.3599251274435777f,0.48611553836426497f,0f,0f,0f,1f], start_interpolation: 0, interpolation_duration: 1 }
$data merge entity $(bone_crystal_slash) { transformation: [-0.20189795716439446f,0.000005634844526457399f,-0.8010758306923101f,-1.1185040729343307f,-0.27480889391133484f,-0.000008176551648528404f,-0.5058854645240393f,1.294187438446106f,-0.9400623844831114f,0.0000011800552112509346f,0.3199334466165144f,0.4723683980799617f,0f,0f,0f,1f], start_interpolation: 0, interpolation_duration: 1 }
$data merge entity $(bone_aquamarine_dagger) { transformation: [-0.20189795716439446f,0.5634844526457399f,-0.8010758306923101f,-1.1185040729343307f,-0.27480889391133484f,-0.8176551648528404f,-0.5058854645240393f,1.294187438446106f,-0.9400623844831114f,0.11800552112509344f,0.3199334466165144f,0.4723683980799617f,0f,0f,0f,1f], start_interpolation: 0, interpolation_duration: 1 }
$data merge entity $(bone_left_arm2) { transformation: [0.18918573004645636f,0.9715537702515596f,0.14245010023432222f,-0.5764215926314334f,-0.9567295343283952f,0.1497161594439109f,0.2495068531025495f,1.4310465642144041f,0.2210822419159012f,-0.18348935421801607f,0.9578383471119195f,0.3887248545897673f,0f,0f,0f,1f], start_interpolation: 0, interpolation_duration: 1 }
$data merge entity $(bone_left_arm) { transformation: [0.18918573004645636f,0.9715537702515596f,0.14245010023432222f,-0.30988493381273646f,-0.9567295343283952f,0.1497161594439109f,0.2495068531025495f,1.3488844122843324f,0.2210822419159012f,-0.18348935421801607f,0.9578383471119195f,0.3704877962747509f,0f,0f,0f,1f], start_interpolation: 0, interpolation_duration: 1 }
$data merge entity $(bone_head) { transformation: [0.9993856961103855f,0.00871213182364784f,-0.03394597426864512f,0.002965556620373032f,-0.010133161623219911f,0.9990697138879159f,-0.0419168919104885f,1.4910847979445243f,0.033549209312260055f,0.04223512224446921f,0.9985442629165303f,0.3854522025060566f,0f,0f,0f,1f], start_interpolation: 0, interpolation_duration: 1 }
$data merge entity $(bone_body_top) { transformation: [0.999480479406556f,0.0035675869117270387f,-0.03203191547298119f,0.00156081927388051f,-0.004677583403271835f,0.9993887337301868f,-0.03464504447506672f,1.0975754840382632f,0.0318887362362696f,0.034776877617192586f,0.9988862183874859f,0.37175880694428703f,0f,0f,0f,1f], start_interpolation: 0, interpolation_duration: 1 }
$data merge entity $(bone_body) { transformation: [0.999480479406556f,0.0035675869117270387f,-0.03203191547298119f,-6.938893903907228e-17f,-0.004677583403271835f,0.9993887337301868f,-0.03464504447506672f,0.6603429130313065f,0.0318887362362696f,0.034776877617192586f,0.9988862183874859f,0.3565439229867653f,0f,0f,0f,1f], start_interpolation: 0, interpolation_duration: 1 }
$data merge entity $(bone_right_leg2) { transformation: [0.9599406937971904f,-0.16888687806920324f,0.22358686635893205f,0.19026306360512432f,0.17593182056498832f,0.9843313524787674f,-0.011822987778443587f,0.3824132166455047f,-0.2180868150642253f,0.050685411543742516f,0.9746122973530467f,0.3789452097133096f,0f,0f,0f,1f], start_interpolation: 0, interpolation_duration: 1 }
$data merge entity $(bone_right_leg) { transformation: [0.9599406937971904f,-0.18160156829252005f,0.21338869413787143f,0.12499999999999993f,0.17593182056498832f,0.9833534652233331f,0.045430792926733465f,0.73580586821014f,-0.2180868150642253f,-0.006069005434183816f,0.9759105021815176f,0.37676416088539977f,0f,0f,0f,1f], start_interpolation: 0, interpolation_duration: 1 }
$data merge entity $(bone_left_leg2) { transformation: [0.968004979104636f,0.23527080175334922f,-0.08725829628734112f,-0.2113995121159571f,-0.2236360445047687f,0.9665906513444958f,0.12525746417553116f,0.3920706381916229f,0.11381247746576068f,-0.10173574876000861f,0.9882795947490497f,0.43619148267632113f,0f,0f,0f,1f], start_interpolation: 0, interpolation_duration: 1 }
$data merge entity $(bone_left_leg) { transformation: [0.968004979104636f,0.24041603371396741f,-0.07187830800650254f,-0.12500000000000006f,-0.2236360445047687f,0.956480640051526f,0.1874345347178167f,0.73580586821014f,0.11381247746576068f,-0.16536298237473765f,0.9796437128023829f,0.37676416088539977f,0f,0f,0f,1f], start_interpolation: 0, interpolation_duration: 1 }
data modify entity @s data merge value {"locators":{"aquamarine_dagger":{"posx":-1.418907509443947,"posy":1.1044803892495914,"posz":0.5923434405611546,"roty":248.2292341525872,"rotx":-30.390149127093522},"player_camera":{"posx":-6.938893903907228e-17,"posy":-0.2862337240176367,"posz":0.7499570902716348,"roty":180,"rotx":-15}},"cameras":{}}