# This file was generated by Animated Java via MC-Build. It is not recommended to edit this file directly.
$data merge entity $(bone_black_knight_shield) { transformation: [0.20069264238955306f,0.2639314187804177f,0.9434313273743113f,0.06960839476001715f,0.3790571223453214f,0.8670931551662553f,-0.3232107025813229f,1.1570980412909282f,-0.9033483056329841f,0.422480374034563f,0.07397413240878735f,-0.4262408014839063f,0f,0f,0f,1f], start_interpolation: 0, interpolation_duration: 1 }
$data merge entity $(bone_right_arm2) { transformation: [0.20069264238955306f,0.2639314187804177f,0.9434313273743113f,0.029652304037694366f,0.3790571223453214f,0.8670931551662553f,-0.3232107025813229f,1.0930984499866117f,-0.9033483056329841f,0.422480374034563f,0.07397413240878735f,-0.19595963046147863f,0f,0f,0f,1f], start_interpolation: 0, interpolation_duration: 1 }
$data merge entity $(bone_right_arm) { transformation: [0.20069264238955306f,0.2639314187804177f,0.9434313273743113f,0.09563515873279879f,0.3790571223453214f,0.8670931551662553f,-0.3232107025813229f,1.3098717387781755f,-0.9033483056329841f,0.422480374034563f,0.07397413240878735f,-0.09033953695283789f,0f,0f,0f,1f], start_interpolation: 0, interpolation_duration: 1 }
$data merge entity $(bone_flame_slash) { transformation: [0.000008233974292900881f,0.27491172725158713f,0.000003395420626530034f,2.7623182282539624f,-0.0000025149884947008046f,-0.09140893410508552f,0.000010724508711364363f,0.4208980195004919f,0.0000072414777646119985f,-0.344336970111142f,-1.3613107214816916e-7f,-3.7654072966880903f,0f,0f,0f,1f], start_interpolation: 0, interpolation_duration: 1 }
$data merge entity $(bone_sword_body) { transformation: [0.7406859376698554f,2.7820849159409864f,0.3054345594342312f,3.508174113278622f,-0.22623541744992276f,-0.9250511766028483f,0.9647215923146759f,0.18592742032634357f,0.6514060595041515f,-3.484662877514621f,-0.012245650427522313f,-3.6825122346290784f,0f,0f,0f,1f], start_interpolation: 0, interpolation_duration: 1 }
$data merge entity $(bone_ringed_knight_straight_sword) { transformation: [0.7319088260356339f,0.6109149494479711f,0.3018151668026697f,0.615337737073331f,-0.22355453286229374f,-0.2031309646779677f,0.9532896632323878f,1.1519763623599928f,0.6436869124099553f,-0.7651932669136484f,-0.012100539746503925f,-0.03561274712641721f,0f,0f,0f,1f], start_interpolation: 0, interpolation_duration: 1 }
$data merge entity $(bone_left_arm2) { transformation: [-0.3018151668026694f,-0.7795304707945255f,-0.5488532137017531f,0.23910624944499523f,-0.953289663232388f,0.25406961562522007f,0.16336293456697237f,1.3379353473670434f,0.012100539746503703f,0.5725215065994629f,-0.8198004034025139f,0.37690265317939076f,0f,0f,0f,1f], start_interpolation: 0, interpolation_duration: 1 }
$data merge entity $(bone_left_arm) { transformation: [-0.3018151668026694f,-0.7795304707945255f,-0.5488532137017531f,0.00649673589603017f,-0.953289663232388f,0.25406961562522007f,0.16336293456697237f,1.2822915433693f,0.012100539746503703f,0.5725215065994629f,-0.8198004034025139f,0.5215455972975694f,0f,0f,0f,1f], start_interpolation: 0, interpolation_duration: 1 }
$data merge entity $(bone_head) { transformation: [0.9296476889808027f,0.15894217034671457f,0.33240421305712853f,0.07802752402397756f,-0.1254371856239401f,0.984807753012208f,-0.12007998196948144f,1.443621444691398f,-0.3464400191020057f,0.06993622875535815f,0.935461510203429f,0.22966081212501124f,0f,0f,0f,1f], start_interpolation: 0, interpolation_duration: 1 }
$data merge entity $(bone_body_top) { transformation: [0.15572243015454704f,0.15894217034671457f,0.9749296955330875f,0.015444044449958685f,0.044943455527547777f,0.984807753012208f,-0.16773125949652062f,1.055853391942841f,-0.9867778932221809f,0.06993622875535815f,0.1462132461696704f,0.20212342205258896f,0f,0f,0f,1f], start_interpolation: 0, interpolation_duration: 1 }
$data merge entity $(bone_body) { transformation: [0.4027466898587375f,0.15894217034671457f,0.9014058410579034f,-0.05409315507672893f,0f,0.984807753012208f,-0.17364817766693033f,0.625f,-0.9153114791194472f,0.06993622875535815f,0.39662806267288786f,0.17152632197211976f,0f,0f,0f,1f], start_interpolation: 0, interpolation_duration: 1 }
$data merge entity $(bone_right_leg2) { transformation: [0.7364827317592308f,-0.07163908319989432f,0.6726522337573404f,0.2176295119510239f,0.1071127302242447f,0.994181589231947f,-0.011394325611822076f,0.4587283928229637f,-0.6679221877167799f,0.08044134130233455f,0.7398710304945804f,0.24784233942299208f,0f,0f,0f,1f], start_interpolation: 0, interpolation_duration: 1 }
$data merge entity $(bone_right_leg) { transformation: [0.7364827317592308f,-0.5443299105964051f,0.40161938978412226f,0.022010950330440815f,0.1071127302242447f,0.6800601243187098f,0.7252896596088553f,0.703125f,-0.6679221877167799f,-0.4911447604746799f,0.5591572009854655f,0.07133719112740397f,0f,0f,0f,1f], start_interpolation: 0, interpolation_duration: 1 }
$data merge entity $(bone_left_leg2) { transformation: [0.8641193545053281f,0.4770903383120756f,0.16025776192922703f,-0.23836769402262595f,-0.2476843213712727f,0.6803195648434933f,-0.6897954527524897f,0.3553925820006938f,-0.4381212367783004f,0.5563722663652723f,0.7060450999075224f,0.2759331712465625f,0f,0f,0f,1f], start_interpolation: 0, interpolation_duration: 1 }
$data merge entity $(bone_left_leg) { transformation: [0.8641193545053281f,0.24347931939478074f,0.44047197663001203f,-0.15086731361512662f,-0.2476843213712727f,0.967603250085026f,-0.04895331829147823f,0.703125f,-0.4381212367783004f,-0.06679649281174158f,0.8964307058729658f,0.2519281816423429f,0f,0f,0f,1f], start_interpolation: 0, interpolation_duration: 1 }
$data merge entity $(bone_flame_blast) { transformation: [-0.00003416666666666667f,0f,4.184209897086791e-21f,0.06249999999999987f,0f,0.00003416666666666667f,0f,0.4458786231884057f,-4.184209897086791e-21f,0f,-0.00003416666666666667f,1.0625f,0f,0f,0f,1f], start_interpolation: 0, interpolation_duration: 1 }
data modify entity @s data merge value {"locators":{"rkss1":{"posx":1.1424808329616032,"posy":0.9688135367337993,"posz":-0.6927588009451644,"roty":87.7040957080591,"rotx":72.41876824112175},"rkss2":{"posx":1.8297601510905703,"posy":0.7402912014710857,"posz":-1.553601226223019,"roty":87.7040957080591,"rotx":72.41876824112175},"rkss3":{"posx":2.517039469219538,"posy":0.511768866208372,"posz":-2.414443651500873,"roty":87.7040957080591,"rotx":72.41876824112175},"rkss4":{"posx":3.2043187873485053,"posy":0.2832465309456583,"posz":-3.2752860767787277,"roty":87.7040957080591,"rotx":72.41876824112175},"rkss5":{"posx":4.063417935009714,"posy":-0.002406388132733722,"posz":-4.351339108376045,"roty":87.7040957080591,"rotx":72.41876824112175},"player_camera":{"posx":0.38704929464500437,"posy":-0.1875,"posz":0.5938283462487919,"roty":133.75,"rotx":0}},"cameras":{}}