# This file was generated by Animated Java via MC-Build. It is not recommended to edit this file directly.
$data merge entity $(bone_black_knight_shield) { transformation: [0.6770816001687929f,-0.3551840692051753f,-0.6445190328421037f,0.5113056100348222f,0.3417061877216335f,0.9274148887298946f,-0.1521134623722205f,1.122796919033686f,0.6517648256738123f,-0.11724291511631098f,0.7493041511091575f,0.6336522083434035f,0f,0f,0f,1f], start_interpolation: 0, interpolation_duration: 1 }
$data merge entity $(bone_right_arm2) { transformation: [0.6770816001687929f,-0.3551840692051753f,-0.6445190328421037f,0.3374859964961736f,0.3417061877216335f,0.9274148887298946f,-0.1521134623722205f,1.069662075365872f,0.6517648256738123f,-0.11724291511631098f,0.7493041511091575f,0.47338591451322076f,0f,0f,0f,1f], start_interpolation: 0, interpolation_duration: 1 }
$data merge entity $(bone_right_arm) { transformation: [0.6770816001687929f,-0.3551840692051753f,-0.6445190328421037f,0.24868997919487978f,0.3417061877216335f,0.9274148887298946f,-0.1521134623722205f,1.3015157975483458f,0.6517648256738123f,-0.11724291511631098f,0.7493041511091575f,0.444075185734143f,0f,0f,0f,1f], start_interpolation: 0, interpolation_duration: 1 }
$data merge entity $(bone_flame_slash) { transformation: [5.255832429024471f,-4.80059452397139f,-1.838942997699105e-7f,-3.3364501838331444f,0.6327765085034791f,1.0495480124384398f,0.000011110028420346187f,1.2991799026378175f,-3.4461713750303535f,-7.128778106878735f,0.0000017595315813057157f,0.12615566682973267f,0f,0f,0f,1f], start_interpolation: 0, interpolation_duration: 1 }
$data merge entity $(bone_sword_body) { transformation: [0.8420360120579483f,-2.5249358738385905f,-0.016542184492202332f,-3.209865878507788f,0.10137701590366689f,0.5520235909717088f,0.9994009606221047f,2.0525800596448374f,-0.5521105249615835f,-3.749474672108455f,0.1582784027250103f,-4.617012053330412f,0f,0f,0f,1f], start_interpolation: 0, interpolation_duration: 1 }
$data merge entity $(bone_ringed_knight_straight_sword) { transformation: [0.8320579043310516f,-0.554447875723356f,-0.0163461599795476f,-0.5622098572179246f,0.10017570055464059f,0.12121824975227409f,0.9875580818085498f,1.4813671690076509f,-0.5455680277092914f,-0.8233429959821446f,0.15640280722717473f,-0.7099335851722033f,0f,0f,0f,1f], start_interpolation: 0, interpolation_duration: 1 }
$data merge entity $(bone_left_arm2) { transformation: [0.016346159979547373f,0.31884211041774657f,-0.9476668780105597f,-0.28296323273872437f,-0.9875580818085498f,-0.14310899951806672f,-0.06518319807707983f,1.4634594128358773f,-0.1564028072271751f,0.9369415792253517f,0.31253582036330446f,-0.19217875220199607f,0f,0f,0f,1f], start_interpolation: 0, interpolation_duration: 1 }
$data merge entity $(bone_left_arm) { transformation: [0.016346159979547373f,0.31884211041774657f,-0.9476668780105597f,-0.2012094351368443f,-0.9875580818085498f,-0.14310899951806672f,-0.06518319807707983f,1.3042374027302919f,-0.1564028072271751f,0.9369415792253517f,0.31253582036330446f,0.02250629170094498f,0f,0f,0f,1f], start_interpolation: 0, interpolation_duration: 1 }
$data merge entity $(bone_head) { transformation: [0.9660337675518966f,0.0067610439657503464f,-0.2583274051160309f,0.017990963196515858f,-0.00469303718334204f,0.9999518242083899f,0.008621175343823128f,1.456556801130708f,0.25837324813433094f,-0.0071160063804331765f,0.9660189579411522f,0.2330583146556482f,0f,0f,0f,1f], start_interpolation: 0, interpolation_duration: 1 }
$data merge entity $(bone_body_top) { transformation: [0.7177749663270433f,0.0067610439657503464f,-0.6962423328114326f,0.015328802135001658f,0.00010179522368558607f,0.9999518242083899f,0.009815238155317966f,1.0628257703486543f,0.6962751520425994f,-0.0071160063804331765f,0.7177396987078598f,0.23586024216794377f,0f,0f,0f,1f], start_interpolation: 0, interpolation_duration: 1 }
$data merge entity $(bone_body) { transformation: [0.7257285988449871f,0.0060942798645241564f,-0.6879541122570786f,0.01266255469427234f,-2.168404344971009e-19f,0.9999607653040764f,0.008858208198382775f,0.6253429355281208f,0.687981104986534f,-0.006428655024089508f,0.7257001251040883f,0.23867277874098292f,0f,0f,0f,1f], start_interpolation: 0, interpolation_duration: 1 }
$data merge entity $(bone_right_leg2) { transformation: [0.8237066328249399f,-0.5132099720634524f,-0.24108692958107514f,0.2592973256511373f,0.25425004102055754f,0.7143456628921009f,-0.651971771281771f,0.36913375951431f,0.5068178170518916f,0.4757371106839108f,0.7188949171032439f,0.2402501553367491f,0f,0f,0f,1f], start_interpolation: 0, interpolation_duration: 1 }
$data merge entity $(bone_right_leg) { transformation: [0.8237066328249399f,-0.3515144305666503f,-0.4449100899548171f,0.1329718271662473f,0.25425004102055754f,0.9303211854297345f,-0.264309304758002f,0.7034679355281208f,0.5068178170518916f,0.10459491882504257f,0.8556842894869219f,0.2778389542894988f,0f,0f,0f,1f], start_interpolation: 0, interpolation_duration: 1 }
$data merge entity $(bone_left_leg2) { transformation: [0.7524320003929736f,0.055666075856475095f,-0.6563134714321881f,-0.24860981118769648f,-0.06357024883129789f,0.9979080911667801f,0.011758615879432f,0.42057283158409364f,0.6555950794874497f,0.03287445182226356f,0.7543966875386121f,0.31930727201362175f,0f,0f,0f,1f], start_interpolation: 0, interpolation_duration: 1 }
$data merge entity $(bone_left_leg) { transformation: [0.7524320003929736f,0.44159923287718855f,-0.4887087090557187f,-0.08991008687245686f,-0.06357024883129789f,0.7871863761920757f,0.6134300551824265f,0.7034679355281208f,0.6555950794874497f,-0.43049706928139087f,0.6203767928380124f,0.16459738774062188f,0f,0f,0f,1f], start_interpolation: 0, interpolation_duration: 1 }
$data merge entity $(bone_flame_blast) { transformation: [-0.00003416666666666667f,0f,4.184209897086791e-21f,0.06249999999999987f,0f,0.00003416666666666667f,0f,0.604393115942029f,-4.184209897086791e-21f,0f,-0.00003416666666666667f,1.0625f,0f,0f,0f,1f], start_interpolation: 0, interpolation_duration: 1 }
data modify entity @s data merge value {"locators":{"rkss1":{"posx":-1.0369320760436462,"posy":1.578784303254035,"posz":-1.422968028373932,"roty":185.96650488605457,"rotx":80.95241608863982},"rkss2":{"posx":-1.660685936232422,"posy":1.715154834225343,"posz":-2.349228898853845,"roty":185.96650488605457,"rotx":80.95241608863982},"rkss3":{"posx":-2.2844397964211973,"posy":1.8515253651966515,"posz":-3.2754897693337575,"roty":185.96650488605457,"rotx":80.95241608863982},"rkss4":{"posx":-2.908193656609973,"posy":1.98789589616796,"posz":-4.20175063981367,"roty":185.96650488605457,"rotx":80.95241608863982},"rkss5":{"posx":-3.687885981845942,"posy":2.158359059882095,"posz":-5.359576727913561,"roty":185.96650488605457,"rotx":80.95241608863982},"player_camera":{"posx":-0.261573046225297,"posy":-0.1871570644718792,"posz":0.7784229561118208,"roty":206.93415637860082,"rotx":0}},"cameras":{}}