# This file was generated by Animated Java via MC-Build. It is not recommended to edit this file directly.
$data merge entity $(bone_black_knight_shield) { transformation: [0.5549185495907163f,-0.29761770599189885f,-0.7768456116888706f,0.4340524603732495f,0.3382374491949397f,0.9338638781007517f,-0.11616232238004315f,1.1216281160555344f,0.7600400195267591f,-0.19829765066370353f,0.6188838424607801f,0.7162718334349815f,0f,0f,0f,1f], start_interpolation: 0, interpolation_duration: 1 }
$data merge entity $(bone_right_arm2) { transformation: [0.5549185495907163f,-0.29761770599189885f,-0.7768456116888706f,0.29138465668619473f,0.3382374491949397f,0.9338638781007517f,-0.11616232238004315f,1.0695292261544078f,0.7600400195267591f,-0.19829765066370353f,0.6188838424607801f,0.5274506003530717f,0f,0f,0f,1f], start_interpolation: 0, interpolation_duration: 1 }
$data merge entity $(bone_right_arm) { transformation: [0.5549185495907163f,-0.29761770599189885f,-0.7768456116888706f,0.21698023018822f,0.3382374491949397f,0.9338638781007517f,-0.11616232238004315f,1.3029951956795958f,0.7600400195267591f,-0.19829765066370353f,0.6188838424607801f,0.47787618768714574f,0f,0f,0f,1f], start_interpolation: 0, interpolation_duration: 1 }
$data merge entity $(bone_flame_slash) { transformation: [0.000010823482237335904f,-1.6156130251331016f,-6.163997619900109e-7f,-0.9297555571242959f,9.147298940044238e-7f,0.5394630748137572f,0.000011167741554038186f,1.647512337515006f,-0.0000029288225414129906f,-5.802023044555905f,0.0000012099999651352958f,-2.9834779260321977f,0f,0f,0f,1f], start_interpolation: 0, interpolation_duration: 1 }
$data merge entity $(bone_sword_body) { transformation: [0.9736247411807012f,-1.216734951564589f,-0.05544814927132817f,-1.535854969632016f,0.08228439209962807f,0.40627524536720366f,1.0045925370132749f,1.875162019437285f,-0.2634617978131698f,-4.369563823931639f,0.10884536760449143f,-5.39229346748815f,0f,0f,0f,1f], start_interpolation: 0, interpolation_duration: 1 }
$data merge entity $(bone_ringed_knight_straight_sword) { transformation: [0.9620873099854136f,-0.2671814821925543f,-0.05479108995466763f,-0.2521854894465462f,0.08130932391150432f,0.08921353175214589f,0.9926881381367276f,1.4558535394685161f,-0.2603397814589325f,-0.9595076869549817f,0.10755555245647072f,-0.8340041179498058f,0f,0f,0f,1f], start_interpolation: 0, interpolation_duration: 1 }
$data merge entity $(bone_left_arm2) { transformation: [0.05479108995466753f,-0.005272147153424223f,-0.9984839212155457f,-0.1538675782001323f,-0.9926881381367277f,-0.10800347760298708f,-0.053902775701240364f,1.457512301062428f,-0.10755555245647112f,0.9941365365431725f,-0.01115122619847786f,-0.25319670137067385f,0f,0f,0f,1f], start_interpolation: 0, interpolation_duration: 1 }
$data merge entity $(bone_left_arm) { transformation: [0.05479108995466753f,-0.005272147153424223f,-0.9984839212155457f,-0.14833672874415493f,-0.9926881381367277f,-0.10800347760298708f,-0.053902775701240364f,1.3064254143945904f,-0.10755555245647112f,0.9941365365431725f,-0.01115122619847786f,-0.018107011291939618f,0f,0f,0f,1f], start_interpolation: 0, interpolation_duration: 1 }
$data merge entity $(bone_head) { transformation: [0.9302692567328202f,0.027103960033387487f,-0.3658749585968884f,0.03105588693906791f,-0.018003024353598688f,0.999438361955726f,0.028263965846623218f,1.4593328306678774f,0.3664355347013851f,-0.019706242710468308f,0.9302347353793807f,0.2265323572015174f,0f,0f,0f,1f], start_interpolation: 0, interpolation_duration: 1 }
$data merge entity $(bone_body_top) { transformation: [0.5776429076017869f,0.027103960033387487f,-0.8158394735778982f,0.020383702675921586f,0.000429829396818851f,0.999438361955726f,0.033507848303718064f,1.0658039756478104f,0.8162894624727453f,-0.019706242710468308f,0.5773068312900802f,0.2342916902687643f,0f,0f,0f,1f], start_interpolation: 0, interpolation_duration: 1 }
$data merge entity $(bone_body) { transformation: [0.5922022541351615f,0.019289895598344965f,-0.8055584337123153f,0.011944373351645665f,0f,0.999713417980807f,0.02393912924757646f,0.6284293552812072f,0.8057893584537053f,-0.014176806302447754f,0.5920325396174009f,0.2404940430260852f,0f,0f,0f,1f], start_interpolation: 0, interpolation_duration: 1 }
$data merge entity $(bone_right_leg2) { transformation: [0.703770101064969f,-0.6284462775877875f,-0.3313048762590992f,0.2793997366328326f,0.32362510503723024f,0.6987458409601633f,-0.6379820069018528f,0.38177729552815176f,0.6324353217813227f,0.34177408609625115f,0.6951374237058651f,0.2919439479660807f,0f,0f,0f,1f], start_interpolation: 0, interpolation_duration: 1 }
$data merge entity $(bone_right_leg) { transformation: [0.703770101064969f,-0.42788886031050444f,-0.5671144223780429f,0.12562717745874508f,0.32362510503723024f,0.9037274706171978f,-0.28025604407663285f,0.7065543552812072f,0.6324353217813227f,0.013703359953658012f,0.7744919506937019f,0.2968685929494265f,0f,0f,0f,1f], start_interpolation: 0, interpolation_duration: 1 }
$data merge entity $(bone_left_leg2) { transformation: [0.5836709040320381f,0.11203797780956648f,-0.8042237047704864f,-0.28155900296662323f,-0.14629941461807927f,0.988736633524645f,0.031565025087257115f,0.42914851589542785f,0.7987019200357732f,0.09923387050143181f,0.5934878953074565f,0.2483985527363668f,0f,0f,0f,1f], start_interpolation: 0, interpolation_duration: 1 }
$data merge entity $(bone_left_leg) { transformation: [0.5836709040320381f,0.5722934903779512f,-0.5760281561325326f,-0.07589102986204702f,-0.14629941461807927f,0.7719119008995601f,0.6186667103796963f,0.7065543552812072f,0.7987019200357732f,-0.27682517609612345f,0.5342687196631669f,0.1489145050768224f,0f,0f,0f,1f], start_interpolation: 0, interpolation_duration: 1 }
$data merge entity $(bone_flame_blast) { transformation: [-0.00003416666666666667f,0f,4.184209897086791e-21f,0.06249999999999987f,0f,0.00003416666666666667f,0f,0.6723278985507246f,-4.184209897086791e-21f,0f,-0.00003416666666666667f,1.0625f,0f,0f,0f,1f], start_interpolation: 0, interpolation_duration: 1 }
data modify entity @s data merge value {"locators":{"rkss1":{"posx":-0.4784775537446775,"posy":1.5255698357723582,"posz":-1.6629799559263772,"roty":206.99526263773717,"rotx":83.06707343923993},"rkss2":{"posx":-0.7790567212113011,"posy":1.6259350589935224,"posz":-2.7424261037507316,"roty":206.99526263773717,"rotx":83.06707343923993},"rkss3":{"posx":-1.0796358886779247,"posy":1.7263002822146865,"posz":-3.821872251575086,"roty":206.99526263773717,"rotx":83.06707343923993},"rkss4":{"posx":-1.380215056144548,"posy":1.8266655054358505,"posz":-4.9013183993994405,"roty":206.99526263773717,"rotx":83.06707343923993},"rkss5":{"posx":-1.7559390154778276,"posy":1.9521220344623058,"posz":-6.250626084179884,"roty":206.99526263773717,"rotx":83.06707343923993},"player_camera":{"posx":-0.34501714588316135,"posy":-0.18407064471879275,"posz":0.7266870673151047,"roty":216.2860082304527,"rotx":0}},"cameras":{}}