# This file was generated by Animated Java via MC-Build. It is not recommended to edit this file directly.
$data merge entity $(bone_black_knight_shield) { transformation: [0.544349921069181f,-0.2886742425133897f,-0.7876232253694002f,0.42566980624982953f,0.3371196142557345f,0.9350472091440166f,-0.1097136379674406f,1.1214649135934018f,0.7681364000723058f,-0.20580062774760066f,0.6063106237751837f,0.7221156272876048f,0f,0f,0f,1f], start_interpolation: 0, interpolation_duration: 1 }
$data merge entity $(bone_right_arm2) { transformation: [0.544349921069181f,-0.2886742425133897f,-0.7876232253694002f,0.2858208909474409f,0.3371196142557345f,0.9350472091440166f,-0.1097136379674406f,1.0696717785045382f,0.7681364000723058f,-0.20580062774760066f,0.6063106237751837f,0.5311140392135716f,0f,0f,0f,1f], start_interpolation: 0, interpolation_duration: 1 }
$data merge entity $(bone_right_arm) { transformation: [0.544349921069181f,-0.2886742425133897f,-0.7876232253694002f,0.21365233031909345f,0.3371196142557345f,0.9350472091440166f,-0.1097136379674406f,1.3034335807905424f,0.7681364000723058f,-0.20580062774760066f,0.6063106237751837f,0.4796638822766714f,0f,0f,0f,1f], start_interpolation: 0, interpolation_duration: 1 }
$data merge entity $(bone_flame_slash) { transformation: [0.000010809988903424166f,-1.4727990567281606f,-6.964901784703932e-7f,-0.9322161671516841f,9.623670614113263e-7f,0.4183740021505596f,0.0000111755189869763f,1.6100102039536692f,-0.0000029631890839021563f,-5.237030665875953f,0.0000010886582581446159f,-2.9893272715412005f,0f,0f,0f,1f], start_interpolation: 0, interpolation_duration: 1 }
$data merge entity $(bone_sword_body) { transformation: [0.9724109503276832f,-1.2292461738141853f,-0.06265267082057406f,-1.5452418682354696f,0.08656958643635787f,0.3491886004526592f,1.0052921548410103f,1.8066667995121997f,-0.26655323505144307f,-4.370996762095142f,0.09793009232869401f,-5.39911955751012f,0f,0f,0f,1f], start_interpolation: 0, interpolation_duration: 1 }
$data merge entity $(bone_ringed_knight_straight_sword) { transformation: [0.9608879025265924f,-0.2699288076477729f,-0.06191023808625716f,-0.24855467229431658f,0.0855437387921179f,0.07667793853847599f,0.9933794655090042f,1.4470164131030985f,-0.2633945852357472f,-0.9598223442613433f,0.09676962294618807f,-0.839417522805868f,0f,0f,0f,1f], start_interpolation: 0, interpolation_duration: 1 }
$data merge entity $(bone_left_arm2) { transformation: [0.06191023808625673f,-0.005886174554001422f,-0.9980643643419109f,-0.15019723496319543f,-0.9933794655090045f,-0.09731731943469164f,-0.0610456947138016f,1.4556789799828442f,-0.0967696229461884f,0.9952359982874244f,-0.011872143348464648f,-0.258523802293547f,0f,0f,0f,1f], start_interpolation: 0, interpolation_duration: 1 }
$data merge entity $(bone_left_arm) { transformation: [0.06191023808625673f,-0.005886174554001422f,-0.9980643643419109f,-0.14392999884091368f,-0.9933794655090045f,-0.09731731943469164f,-0.0610456947138016f,1.3071772169355458f,-0.0967696229461884f,0.9952359982874244f,-0.011872143348464648f,-0.021811005589964433f,0f,0f,0f,1f], start_interpolation: 0, interpolation_duration: 1 }
$data merge entity $(bone_head) { transformation: [0.9194365904152781f,0.029926379020250145f,-0.392097906197246f,0.031891785337321975f,-0.019319740174103175f,0.9993335901967378f,0.030969713335831383f,1.4601425685826752f,0.39276341968815415f,-0.02089945796509471f,0.9194020387249706f,0.22531198155660842f,0f,0f,0f,1f], start_interpolation: 0, interpolation_duration: 1 }
$data merge entity $(bone_body_top) { transformation: [0.5646228102538368f,0.029926379020250145f,-0.8248063372572959f,0.02010827359809848f,0.0003524652192931f,0.9993335901967378f,0.036500017435168675f,1.0666549674427097f,0.8253489915843656f,-0.02089945796509471f,0.5642359920701943f,0.23354114313036448f,0f,0f,0f,1f], start_interpolation: 0, interpolation_duration: 1 }
$data merge entity $(bone_body) { transformation: [0.5764166651790803f,0.02005095469551159f,-0.8169099015923522f,0.01133598091881216f,0f,0.9996989104941734f,0.024537488803108694f,0.629286694101509f,0.8171559386701097f,-0.014143817467756935f,0.5762431121702114f,0.23972906327250815f,0f,0f,0f,1f], start_interpolation: 0, interpolation_duration: 1 }
$data merge entity $(bone_right_leg2) { transformation: [0.6758250645428296f,-0.6472110420310391f,-0.3526731478419884f,0.28035058576727157f,0.3462631796676928f,0.7011873365617434f,-0.6232480480931066f,0.3840352218309722f,0.6506629638623206f,0.29908892677353516f,0.6979853303181635f,0.30820855280513537f,0f,0f,0f,1f], start_interpolation: 0, interpolation_duration: 1 }
$data merge entity $(bone_right_leg) { transformation: [0.6758250645428296f,-0.435428932474413f,-0.5946949864425237f,0.1238683131592794f,0.3462631796676928f,0.8998301837093196f,-0.265344023659986f,0.707411694101509f,0.6506629638623206f,-0.026594835021959584f,0.7589007986608365f,0.29865103396911863f,0f,0f,0f,1f], start_interpolation: 0, interpolation_duration: 1 }
$data merge entity $(bone_left_leg2) { transformation: [0.5371514665984807f,0.11931878312914379f,-0.8350037903648592f,-0.2878543274142978f,-0.18043619023189003f,0.9832831509369084f,0.02443412241489945f,0.43003540832937937f,0.8239606077875947f,0.1375400780724129f,0.5497014132582634f,0.22417492109612477f,0f,0f,0f,1f], start_interpolation: 0, interpolation_duration: 1 }
$data merge entity $(bone_left_leg) { transformation: [0.5371514665984807f,0.5965907170295752f,-0.5962783060662518f,-0.07345453848179419f,-0.18043619023189003f,0.7718296647572301f,0.6096898800663687f,0.707411694101509f,0.8239606077875947f,-0.2199056273833824f,0.522235992497088f,0.14514633625522172f,0f,0f,0f,1f], start_interpolation: 0, interpolation_duration: 1 }
$data merge entity $(bone_flame_blast) { transformation: [-0.00003416666666666667f,0f,4.184209897086791e-21f,0.06249999999999987f,0f,0.00003416666666666667f,0f,0.6949728260869565f,-4.184209897086791e-21f,0f,-0.00003416666666666667f,1.0625f,0f,0f,0f,1f], start_interpolation: 0, interpolation_duration: 1 }
data modify entity @s data merge value {"locators":{"rkss1":{"posx":-0.4771659103288368,"posy":1.505936653314855,"posz":-1.6685946494931088,"roty":212.60986660863665,"rotx":83.40334072345325},"rkss2":{"posx":-0.7808358189325812,"posy":1.5921993341706404,"posz":-2.74839478678712,"roty":212.60986660863665,"rotx":83.40334072345325},"rkss3":{"posx":-1.0845057275363257,"posy":1.678462015026426,"posz":-3.828194924081131,"roty":212.60986660863665,"rotx":83.40334072345325},"rkss4":{"posx":-1.3881756361400701,"posy":1.7647246958822114,"posz":-4.907995061375142,"roty":212.60986660863665,"rotx":83.40334072345325},"rkss5":{"posx":-1.7677630218947507,"posy":1.8725530469519434,"posz":-6.257745232992656,"roty":212.60986660863665,"rotx":83.40334072345325},"player_camera":{"posx":-0.35855485694599976,"posy":-0.18321330589849105,"posz":0.7152058142148542,"roty":217.880658436214,"rotx":0}},"cameras":{}}