# This file was generated by Animated Java via MC-Build. It is not recommended to edit this file directly.
$data merge entity $(bone_black_knight_shield) { transformation: [0.5590810677417881f,-0.2984208503531478f,-0.7735459622848574f,0.4329791892033283f,0.337070446657231f,0.9342082706566177f,-0.11678365051267464f,1.1212091781050517f,0.7575037119928831f,-0.19544795499384454f,0.6228870067722773f,0.7168686643362763f,0f,0f,0f,1f], start_interpolation: 0, interpolation_duration: 1 }
$data merge entity $(bone_right_arm2) { transformation: [0.5590810677417881f,-0.2984208503531478f,-0.7735459622848574f,0.2892861041659407f,0.337070446657231f,0.9342082706566177f,-0.11678365051267464f,1.0694014689537406f,0.7575037119928831f,-0.19544795499384454f,0.6228870067722773f,0.5287460628623389f,0f,0f,0f,1f], start_interpolation: 0, interpolation_duration: 1 }
$data merge entity $(bone_right_arm) { transformation: [0.5590810677417881f,-0.2984208503531478f,-0.7735459622848574f,0.21468089157765372f,0.337070446657231f,0.9342082706566177f,-0.11678365051267464f,1.302953536617895f,0.7575037119928831f,-0.19544795499384454f,0.6228870067722773f,0.4798840741138778f,0f,0f,0f,1f], start_interpolation: 0, interpolation_duration: 1 }
$data merge entity $(bone_flame_slash) { transformation: [0.000010364778526670319f,-1.6393316484065381f,-7.231912693045472e-7f,-1.294924231100815f,0.0000011104111714243135f,0.3024368005624667f,0.00001116673864655025f,1.5923756832407154f,-0.000004230939981073928f,-3.9365910034188487f,0.000001159069621568373f,-2.865846993008775f,0f,0f,0f,1f], start_interpolation: 0, interpolation_duration: 1 }
$data merge entity $(bone_sword_body) { transformation: [0.9323621168438839f,-1.7463059475212634f,-0.06505456349084324f,-2.1935398743783017f,0.09988687242011537f,0.3221722609240827f,1.0045023206187764f,1.775061850847965f,-0.38059357919158204f,-4.1934725587169455f,0.10426393609416497f,-5.185478187423785f,0f,0f,0f,1f], start_interpolation: 0, interpolation_duration: 1 }
$data merge entity $(bone_ringed_knight_straight_sword) { transformation: [0.9213136468151395f,-0.38346939144012593f,-0.06428366838262642f,-0.3576409206389415f,0.09870321523771673f,0.07074545042396882f,0.9925989908044667f,1.4437991125613905f,-0.376083553873238f,-0.9208400007997307f,0.10302841080607758f,-0.8126794543776796f,0f,0f,0f,1f], start_interpolation: 0, interpolation_duration: 1 }
$data merge entity $(bone_left_arm2) { transformation: [0.06428366838262617f,0.11452357696980942f,-0.9913384690898022f,-0.1907772355789585f,-0.9925989908044669f,-0.09522201208729426f,-0.07536585346163438f,1.4551298534164414f,-0.10302841080607789f,0.9888463574954842f,0.10755476667580427f,-0.24770444018213422f,0f,0f,0f,1f], start_interpolation: 0, interpolation_duration: 1 }
$data merge entity $(bone_left_arm) { transformation: [0.06428366838262617f,0.11452357696980942f,-0.9913384690898022f,-0.15411088278867788f,-0.9925989908044669f,-0.09522201208729426f,-0.07536585346163438f,1.3072494765440594f,-0.10302841080607789f,0.9888463574954842f,0.10755476667580427f,-0.01337140215902291f,0f,0f,0f,1f], start_interpolation: 0, interpolation_duration: 1 }
$data merge entity $(bone_head) { transformation: [0.9051950445141782f,0.024123682500953418f,-0.4243111821877524f,0.026214864978004748f,-0.014453372163567579f,0.9995575870508681f,0.025994811061974606f,1.4602057616487691f,0.4247505519950226f,-0.017397646727058836f,0.905143243066137f,0.23046791376210057f,0f,0f,0f,1f], start_interpolation: 0, interpolation_duration: 1 }
$data merge entity $(bone_body_top) { transformation: [0.5824661946775478f,0.024123682500953418f,-0.8124968799942865f,0.01671616499325434f,0.00009057329225544236f,0.9995575870508681f,0.029742595137699022f,1.06662996174749f,0.8128549217753042f,-0.017397646727058836f,0.5822063191292453f,0.23731823716088f,0f,0f,0f,1f], start_interpolation: 0, interpolation_duration: 1 }
$data merge entity $(bone_body) { transformation: [0.586544945966263f,0.014590601374731307f,-0.8097852435757008f,0.010332776891809392f,0f,0.9998377177783113f,0.018014941239369097f,0.6292009602194788f,0.8099166786536955f,-0.01056657273583115f,0.5864497601493113f,0.2419411127328061f,0f,0f,0f,1f], start_interpolation: 0, interpolation_duration: 1 }
$data merge entity $(bone_right_leg2) { transformation: [0.6524130348921153f,-0.6650271925214837f,-0.3634502237031271f,0.2810284816788271f,0.3821315911687162f,0.7028101518939939f,-0.6000277805448733f,0.3858749455617534f,0.6544712972573546f,0.252580133030559f,0.7126504033988478f,0.3311330653471409f,0f,0f,0f,1f], start_interpolation: 0, interpolation_duration: 1 }
$data merge entity $(bone_right_leg) { transformation: [0.6524130348921153f,-0.4390473676101868f,-0.6177334707601856f,0.12324583394391622f,0.3821315911687162f,0.8944723886128012f,-0.23215209032049472f,0.7073259602194788f,0.6544712972573546f,-0.08459642429722092f,0.7513393148653941f,0.3007312253653271f,0f,0f,0f,1f], start_interpolation: 0, interpolation_duration: 1 }
$data merge entity $(bone_left_leg2) { transformation: [0.4847628648371186f,0.12629291338955423f,-0.8654796733040517f,-0.2963278607773443f,-0.23783123814705676f,0.9712691367382691f,0.008518578586555803f,0.4306567714485454f,0.8416895312621795f,0.20170861173305388f,0.5008716092137551f,0.19604767176691804f,0f,0f,0f,1f], start_interpolation: 0, interpolation_duration: 1 }
$data merge entity $(bone_left_leg) { transformation: [0.4847628648371186f,0.6224493091780392f,-0.6144605946508622f,-0.07263514029148646f,-0.23783123814705676f,0.769862090493032f,0.5922403766910329f,0.7073259602194788f,0.8416895312621795f,-0.14095821765856806f,0.5212384424024884f,0.14539081229587014f,0f,0f,0f,1f], start_interpolation: 0, interpolation_duration: 1 }
$data merge entity $(bone_flame_blast) { transformation: [-0.00003416666666666667f,0f,4.184209897086791e-21f,0.06249999999999987f,0f,0.00003416666666666667f,0f,0.7402626811594203f,-4.184209897086791e-21f,0f,-0.00003416666666666667f,1.0625f,0f,0f,0f,1f], start_interpolation: 0, interpolation_duration: 1 }
data modify entity @s data merge value {"locators":{"rkss1":{"posx":-0.6842656012547152,"posy":1.4976605424520515,"posz":-1.6087225842810597,"roty":211.9617375857484,"rotx":83.02488587563586},"rkss2":{"posx":-1.1156686666248568,"posy":1.5772491741790164,"posz":-2.644667585180757,"roty":211.9617375857484,"rotx":83.02488587563586},"rkss3":{"posx":-1.5470717319949985,"posy":1.6568378059059814,"posz":-3.6806125860804544,"roty":211.9617375857484,"rotx":83.02488587563586},"rkss4":{"posx":-1.9784747973651402,"posy":1.7364264376329461,"posz":-4.7165575869801515,"roty":211.9617375857484,"rotx":83.02488587563586},"rkss5":{"posx":-2.5177286290778174,"posy":1.8359122272916524,"posz":-6.011488838104773,"roty":211.9617375857484,"rotx":83.02488587563586},"player_camera":{"posx":-0.36304568584742747,"posy":-0.1832990397805212,"posz":0.7127634544191053,"roty":218.4156378600823,"rotx":0}},"cameras":{}}