# This file was generated by Animated Java via MC-Build. It is not recommended to edit this file directly.
$data merge entity $(bone_black_knight_shield) { transformation: [0.7498871050844135f,-0.4985005777698094f,-0.4349327575514226f,0.5652433129283013f,0.3585223822785453f,0.8587378148242192f,-0.36610253590523173f,1.1214932606551145f,0.555995531486931f,0.11860244244572367f,0.822680028694312f,0.6175808278412952f,0f,0f,0f,1f], start_interpolation: 0, interpolation_duration: 1 }
$data merge entity $(bone_right_arm2) { transformation: [0.7498871050844135f,-0.4985005777698094f,-0.4349327575514226f,0.3694548223174822f,0.3585223822785453f,0.8587378148242192f,-0.36610253590523173f,1.0621660688515684f,0.555995531486931f,0.11860244244572367f,0.822680028694312f,0.48770009078828525f,0f,0f,0f,1f], start_interpolation: 0, interpolation_duration: 1 }
$data merge entity $(bone_right_arm) { transformation: [0.7498871050844135f,-0.4985005777698094f,-0.4349327575514226f,0.24482967787502988f,0.3585223822785453f,0.8587378148242192f,-0.36610253590523173f,1.2768505225576232f,0.555995531486931f,0.11860244244572367f,0.822680028694312f,0.5173507013997162f,0f,0f,0f,1f], start_interpolation: 0, interpolation_duration: 1 }
$data merge entity $(bone_flame_slash) { transformation: [-1.0228470205299964f,-5.942211702835186f,0.0000020343775571828432f,-2.9820372144666774f,-1.1045237647378796f,1.6294529326564995f,0.0000103579700296301f,2.699693744827595f,3.4754808984832826f,-1.230967504332866f,0.000003890535287092953f,-1.9926901888751107f,0f,0f,0f,1f], start_interpolation: 0, interpolation_duration: 1 }
$data merge entity $(bone_sword_body) { transformation: [0.27329718474916026f,-4.3067300376795f,0.1830021317671149f,-5.531952026693121f,0.2951206087837f,1.1809767542796243f,0.9317496595012972f,2.8014191721869834f,-0.928622879218826f,-0.8921669222569546f,0.34997252537484846f,-0.929832289192239f,0f,0f,0f,1f], start_interpolation: 0, interpolation_duration: 1 }
$data merge entity $(bone_ringed_knight_straight_sword) { transformation: [0.2700586192818474f,-0.94571008533186f,0.18083356063847494f,-1.0314531747922604f,0.29162343623442377f,0.25932937920262594f,0.9207084470782311f,1.5760854492782155f,-0.9176187190714941f,-0.19590994763918296f,0.3458253588527069f,-0.010214933228552991f,0f,0f,0f,1f], start_interpolation: 0, interpolation_duration: 1 }
$data merge entity $(bone_left_arm2) { transformation: [-0.18083356063847528f,0.8802348153012424f,-0.43873214297381835f,-0.476876412169148f,-0.920708447078231f,-0.3083630975141825f,-0.23918226433047107f,1.472124365650189f,-0.34582535885270704f,0.3606922095402768f,0.8662020267531991f,0.1463973736621701f,0f,0f,0f,1f], start_interpolation: 0, interpolation_duration: 1 }
$data merge entity $(bone_left_arm) { transformation: [-0.18083356063847528f,0.8802348153012424f,-0.43873214297381835f,-0.2794219034236468f,-0.920708447078231f,-0.3083630975141825f,-0.23918226433047107f,1.2799450353868644f,-0.34582535885270704f,0.3606922095402768f,0.8662020267531991f,0.19334225619065093f,0f,0f,0f,1f], start_interpolation: 0, interpolation_duration: 1 }
$data merge entity $(bone_head) { transformation: [0.9466302348852575f,-0.0667163841777692f,-0.3153412793836653f,-0.03482398525988272f,0.031104559613624103f,0.9926861350551521f,-0.11664794743374902f,1.4313947262010434f,0.32081724512925597f,0.10061392225486732f,0.94178189294346f,0.3742432655686401f,0f,0f,0f,1f], start_interpolation: 0, interpolation_duration: 1 }
$data merge entity $(bone_body_top) { transformation: [0.8390224573061749f,-0.06665779705005753f,-0.5399981983565701f,-0.008577477671422563f,0f,0.9924671657092096f,-0.12251091783644541f,1.0406107797030422f,0.5440967893085829f,0.10278941132996933f,0.8327022401690356f,0.3337699348574647f,0f,0f,0f,1f], start_interpolation: 0, interpolation_duration: 1 }
$data merge entity $(bone_body) { transformation: [0.8390224573061749f,-0.037778842752344236f,-0.5427836356930835f,0.00795076603272804f,0f,0.9975865440831437f,-0.06943404830664804f,0.6041666666666667f,0.5440967893085829f,0.0582567258309595f,0.836997513592214f,0.3082826173064199f,0f,0f,0f,1f], start_interpolation: 0, interpolation_duration: 1 }
$data merge entity $(bone_right_leg2) { transformation: [0.8532300480197683f,-0.5214697593530077f,-0.008232571682066453f,0.2905673103075317f,0.36173503009386465f,0.6030953605590905f,-0.7109316099844565f,0.3612768392953967f,0.3756943613619653f,0.6036102021606468f,0.7032129625429328f,0.2765630188992511f,0f,0f,0f,1f], start_interpolation: 0, interpolation_duration: 1 }
$data merge entity $(bone_right_leg) { transformation: [0.8532300480197683f,-0.43257527462985773f,-0.2913367758026565f,0.13511057098742657f,0.36173503009386465f,0.8932586500765775f,-0.26690213949378794f,0.6822916666666667f,0.3756943613619653f,0.12234220793444014f,0.9186327508850048f,0.32052974987569055f,0f,0f,0f,1f], start_interpolation: 0, interpolation_duration: 1 }
$data merge entity $(bone_left_leg2) { transformation: [0.7682544057195725f,0.1711710976204988f,-0.616835167149102f,-0.2926307624914072f,-0.2187484338185236f,0.9757798620017273f,-0.0016684165646375648f,0.41255112964985985f,0.6016097495839059f,0.1362134951144115f,0.7870905875147451f,0.389256060092483f,0f,0f,0f,1f], start_interpolation: 0, interpolation_duration: 1 }
$data merge entity $(bone_left_leg) { transformation: [0.7682544057195725f,0.5264442952753208f,-0.36419990673329095f,-0.10343984387683877f,-0.2187484338185236f,0.7505823638728539f,0.6235184341661293f,0.6822916666666667f,0.6016097495839059f,-0.39935262490073836f,0.691797072984904f,0.24573871051878013f,0f,0f,0f,1f], start_interpolation: 0, interpolation_duration: 1 }
$data merge entity $(bone_flame_blast) { transformation: [-0.00003416666666666667f,0f,4.184209897086791e-21f,0.06249999999999987f,0f,0.00003416666666666667f,0f,0.8081974637681159f,-4.184209897086791e-21f,0f,-0.00003416666666666667f,1.0625f,0f,0f,0f,1f], start_interpolation: 0, interpolation_duration: 1 }
data modify entity @s data merge value {"locators":{"rkss1":{"posx":-1.8470876431908336,"posy":1.7937938088375893,"posz":-0.1851803138663789,"roty":152.39473936248228,"rotx":67.02987277852161},"rkss2":{"posx":-2.911011489189176,"posy":2.085539360440543,"posz":-0.40557900496045973,"roty":152.39473936248228,"rotx":67.02987277852161},"rkss3":{"posx":-3.9749353351875185,"posy":2.3772849120434976,"posz":-0.6259776960545406,"roty":152.39473936248228,"rotx":67.02987277852161},"rkss4":{"posx":-5.0388591811858605,"posy":2.6690304636464517,"posz":-0.8463763871486214,"roty":152.39473936248228,"rotx":67.02987277852161},"rkss5":{"posx":-6.368763988683789,"posy":3.0337124031501443,"posz":-1.1218747510162224,"roty":152.39473936248228,"rotx":67.02987277852161},"player_camera":{"posx":-0.17114223483698215,"posy":-0.20833333333333326,"posz":0.8795102673578986,"roty":197.40740740740742,"rotx":0}},"cameras":{}}