# This file was generated by Animated Java via MC-Build. It is not recommended to edit this file directly.
$data merge entity $(bone_black_knight_shield) { transformation: [0.8925588705643147f,-0.450710426444317f,0.01409872587637856f,0.6284030979747953f,0.36555547929073356f,0.7049093340086011f,-0.6078421031715987f,1.1279833974145637f,0.26402245006339387f,0.5476887275834081f,0.7939327449731436f,0.4574132286999706f,0f,0f,0f,1f], start_interpolation: 0, interpolation_duration: 1 }
$data merge entity $(bone_right_arm2) { transformation: [0.8925588705643147f,-0.450710426444317f,0.01409872587637856f,0.39983461281107247f,0.36555547929073356f,0.7049093340086011f,-0.6078421031715987f,1.0621531023888062f,0.26402245006339387f,0.5476887275834081f,0.7939327449731436f,0.4111025987412521f,0f,0f,0f,1f], start_interpolation: 0, interpolation_duration: 1 }
$data merge entity $(bone_right_arm) { transformation: [0.8925588705643147f,-0.450710426444317f,0.01409872587637856f,0.2871570061999932f,0.36555547929073356f,0.7049093340086011f,-0.6078421031715987f,1.2383804358909565f,0.26402245006339387f,0.5476887275834081f,0.7939327449731436f,0.5480247806371041f,0f,0f,0f,1f], start_interpolation: 0, interpolation_duration: 1 }
$data merge entity $(bone_flame_slash) { transformation: [3.8661476375390755f,-5.21679521765037f,0.000006720765627826047f,-3.02229319028451f,-4.7897076813096f,1.4004019407808317f,0.00000832464161791773f,3.6303281712119024f,3.993808836481137f,6.729519999410698f,0.0000034776646343579354f,0.1705367610007552f,0f,0f,0f,1f], start_interpolation: 0, interpolation_duration: 1 }
$data merge entity $(bone_sword_body) { transformation: [-0.5332212336882336f,-2.753116319403206f,0.6045654763821101f,-3.659526644626259f,0.6605991488880644f,0.7390494117620591f,0.7488419034595497f,2.187015767499347f,-0.5508283372900337f,3.5514430908546224f,0.3128328069740926f,4.857308643607118f,0f,0f,0f,1f], start_interpolation: 0, interpolation_duration: 1 }
$data merge entity $(bone_ringed_knight_straight_sword) { transformation: [-0.5269025741109473f,-0.6045537673761898f,0.597401389140093f,-0.7906990235039254f,0.6527710638922795f,0.1622870428717526f,0.7399681438149093f,1.4274928496791652f,-0.5443010339326934f,0.7798574600958802f,0.3091257452762609f,1.143202863282662f,0f,0f,0f,1f], start_interpolation: 0, interpolation_duration: 1 }
$data merge entity $(bone_left_arm2) { transformation: [-0.5974013891400933f,0.6435667945565855f,0.4784698122114375f,-0.4118944728304421f,-0.7399681438149094f,-0.212383846071737f,-0.6382321271033711f,1.3850536706485408f,-0.3091257452762607f,-0.7353331781389566f,0.6030973310631198f,0.7027155330186668f,0f,0f,0f,1f], start_interpolation: 0, interpolation_duration: 1 }
$data merge entity $(bone_left_arm) { transformation: [-0.5974013891400933f,0.6435667945565855f,0.4784698122114375f,-0.32567794783380744f,-0.7399681438149094f,-0.212383846071737f,-0.6382321271033711f,1.2394616911537428f,-0.3091257452762607f,-0.7353331781389566f,0.6030973310631198f,0.4802415203243951f,0f,0f,0f,1f], start_interpolation: 0, interpolation_duration: 1 }
$data merge entity $(bone_head) { transformation: [0.9901089006912163f,-0.038715189926629756f,-0.13485362005143522f,-0.03016584407014604f,-0.0008464701788820285f,0.9595078990327292f,-0.2816804487039064f,1.385464479916571f,0.14029842572270054f,0.27900846898032106f,0.9499845398620914f,0.5634701055013174f,0f,0f,0f,1f], start_interpolation: 0, interpolation_duration: 1 }
$data merge entity $(bone_body_top) { transformation: [0.9912326305564192f,-0.037690202349069266f,-0.12663854376566427f,-0.015325326895200015f,0f,0.958451748273039f,-0.2852547041371182f,1.0080741040340617f,0.13212824119090452f,0.2827537707604287f,0.9500486477020835f,0.45213580826439853f,0f,0f,0f,1f], start_interpolation: 0, interpolation_duration: 1 }
$data merge entity $(bone_body) { transformation: [0.9912326305564192f,-0.02147042232314707f,-0.1303721330862833f,-0.005932017128823172f,0f,0.9867090631889666f,-0.16249684495630032f,0.5763888888888888f,0.13212824119090452f,0.16107217508315214f,0.9780582202986594f,0.38166673166551945f,0f,0f,0f,1f], start_interpolation: 0, interpolation_duration: 1 }
$data merge entity $(bone_right_leg2) { transformation: [0.9553135982459732f,-0.09303942620806258f,0.28057012345794446f,0.204635426764937f,0.2905087910176933f,0.47082267840587544f,-0.833024998328475f,0.33131353310426953f,-0.05459460914568297f,0.8773081959434736f,0.4768120782684077f,0.2082091137878332f,0f,0f,0f,1f], start_interpolation: 0, interpolation_duration: 1 }
$data merge entity $(bone_right_leg) { transformation: [0.9553135982459732f,-0.2531116131350348f,0.1526775697426187f,0.1136734407945339f,0.2905087910176933f,0.899340120444158f,-0.3267904375910125f,0.6545138888888888f,-0.05459460914568297f,0.356541525008894f,0.9326829952328727f,0.3363412243379045f,0f,0f,0f,1f], start_interpolation: 0, interpolation_duration: 1 }
$data merge entity $(bone_left_leg2) { transformation: [0.9820442543783962f,0.1256692430393145f,-0.1406994093672954f,-0.20104773666886733f,-0.12739972270338112f,0.991845887028502f,-0.0033237087336041027f,0.3916852385885299f,0.13913444252765625f,0.021189094802986252f,0.9900467813007368f,0.608996182188628f,0f,0f,0f,1f], start_interpolation: 0, interpolation_duration: 1 }
$data merge entity $(bone_left_leg) { transformation: [0.9820442543783962f,0.18776811930365744f,-0.01822678840464062f,-0.13356856879411544f,-0.12739972270338112f,0.7313492877923031f,0.6699981566398467f,0.6545138888888888f,0.13913444252765625f,-0.6556457523837538f,0.7421389723519849f,0.37337348992571656f,0f,0f,0f,1f], start_interpolation: 0, interpolation_duration: 1 }
$data merge entity $(bone_flame_blast) { transformation: [-0.00003416666666666667f,0f,4.184209897086791e-21f,0.06249999999999987f,0f,0.00003416666666666667f,0f,0.8308423913043478f,-4.184209897086791e-21f,0f,-0.00003416666666666667f,1.0625f,0f,0f,0f,1f], start_interpolation: 0, interpolation_duration: 1 }
data modify entity @s data merge value {"locators":{"rkss1":{"posx":-1.3183792251785982,"posy":1.5642696261071651,"posz":1.8111213601624359,"roty":117.35933512505505,"rotx":47.728701983203635},"rkss2":{"posx":-1.9985022134768116,"posy":1.7468425493378867,"posz":2.688461002770301,"roty":117.35933512505505,"rotx":47.728701983203635},"rkss3":{"posx":-2.6786252017750254,"posy":1.9294154725686083,"posz":3.5658006453781663,"roty":117.35933512505505,"rotx":47.728701983203635},"rkss4":{"posx":-3.3587481900732388,"posy":2.11198839579933,"posz":4.443140287986031,"roty":117.35933512505505,"rotx":47.728701983203635},"rkss5":{"posx":-4.208901925446006,"posy":2.340204549837732,"posz":5.539814841245863,"roty":117.35933512505505,"rotx":47.728701983203635},"player_camera":{"posx":0.08263309996973955,"posy":-0.23611111111111116,"posz":0.9729623811034338,"roty":171.4814814814815,"rotx":0}},"cameras":{}}