# This file was generated by Animated Java via MC-Build. It is not recommended to edit this file directly.
$data merge entity $(bone_black_knight_shield) { transformation: [0.9254718572207692f,-0.1599078625047685f,0.3434112942253011f,0.5920487889401627f,0.36414940388690364f,0.6253501465554252f,-0.6901683894905075f,1.130747905320799f,-0.1043889512407947f,0.7637844392970208f,0.6369743143538699f,0.27598810799682927f,0f,0f,0f,1f], start_interpolation: 0, interpolation_duration: 1 }
$data merge entity $(bone_right_arm2) { transformation: [0.9254718572207692f,-0.1599078625047685f,0.3434112942253011f,0.3646668379173915f,0.36414940388690364f,0.6253501465554252f,-0.6901683894905075f,1.0627672624186295f,-0.1043889512407947f,0.7637844392970208f,0.6369743143538699f,0.3249568239293146f,0f,0f,0f,1f], start_interpolation: 0, interpolation_duration: 1 }
$data merge entity $(bone_right_arm) { transformation: [0.9254718572207692f,-0.1599078625047685f,0.3434112942253011f,0.3246898722911994f,0.36414940388690364f,0.6253501465554252f,-0.6901683894905075f,1.2191047990574857f,-0.1043889512407947f,0.7637844392970208f,0.6369743143538699f,0.5159029337535698f,0f,0f,0f,1f], start_interpolation: 0, interpolation_duration: 1 }
$data merge entity $(bone_flame_slash) { transformation: [-0.000004870743426357095f,0.9521406569677344f,0.000009842661805079739f,0.7545204478611943f,0.000009073760144915159f,-1.492353128030106f,0.000005439385889294802f,-0.2467488577766317f,0.00000452827067511963f,4.014531922977797f,-3.123935629381377e-7f,4.7530238601464925f,0f,0f,0f,1f], start_interpolation: 0, interpolation_duration: 1 }
$data merge entity $(bone_sword_body) { transformation: [-0.4381470033263337f,0.9882654431498936f,0.8853951845038285f,1.0379752939465439f,0.8162287495750808f,-1.548973898568414f,0.4892991518365673f,-0.6988150921944483f,0.4073399177254714f,4.166845665992281f,-0.028101316673572335f,5.808493321197487f,0f,0f,0f,1f], start_interpolation: 0, interpolation_duration: 1 }
$data merge entity $(bone_ringed_knight_straight_sword) { transformation: [-0.4329549712317417f,0.21701211554820157f,0.8749032715626432f,0.0033604884872885377f,0.8065564573257918f,-0.34013746507808684f,0.4835009679373157f,0.931472777150784f,0.4025129488995226f,0.9149930308781304f,-0.02776831670561224f,1.4641449929394565f,0f,0f,0f,1f], start_interpolation: 0, interpolation_duration: 1 }
$data merge entity $(bone_left_arm2) { transformation: [-0.8749032715626431f,-0.22423554552308675f,0.42925829698789536f,-0.08951575944970203f,-0.4835009679373158f,0.3536030727311321f,-0.8007444542166873f,1.1916630348733155f,0.027768316705612597f,-0.9081207447685938f,-0.4177865884734353f,0.953338311201861f,0f,0f,0f,1f], start_interpolation: 0, interpolation_duration: 1 }
$data merge entity $(bone_left_arm) { transformation: [-0.8749032715626431f,-0.22423554552308675f,0.42925829698789536f,-0.2549375547758041f,-0.4835009679373158f,0.3536030727311321f,-0.8007444542166873f,1.219626182063934f,0.027768316705612597f,-0.9081207447685938f,-0.4177865884734353f,0.729779164597914f,0f,0f,0f,1f], start_interpolation: 0, interpolation_duration: 1 }
$data merge entity $(bone_head) { transformation: [0.9916288780634918f,0.12872796972911812f,0.010063697131749982f,0.05257574365302453f,-0.11541310182402527f,0.9186073629071069f,-0.3779422293687333f,1.3590392606797466f,-0.05789632214482643f,0.3736169463799391f,0.9257744829383839f,0.6855636541307611f,0f,0f,0f,1f], start_interpolation: 0, interpolation_duration: 1 }
$data merge entity $(bone_body_top) { transformation: [0.9456321627174222f,0.1253018415669983f,0.30013207315162027f,0.0032381435360189434f,3.469446951953614e-18f,0.9228072778591088f,-0.3852618952482346f,0.9956838950227224f,-0.3252380863834534f,0.36431603921620104f,0.8726362419332861f,0.542114213689382f,0f,0f,0f,1f], start_interpolation: 0, interpolation_duration: 1 }
$data merge entity $(bone_body) { transformation: [0.9456321627174222f,0.06850892457971905f,0.3179407807867702f,-0.026734510967608142f,3.469446951953614e-18f,0.9775631886233652f,-0.2106423799915841f,0.5680000000000001f,-0.3252380863834534f,0.19919020935138673f,0.9244151922508521f,0.45496849709815024f,0f,0f,0f,1f], start_interpolation: 0, interpolation_duration: 1 }
$data merge entity $(bone_right_leg2) { transformation: [0.8640159379685872f,0.32518140091708453f,0.3843611783646526f,0.07846826698378317f,0.22742647473905145f,0.429015459977636f,-0.8741984521193943f,0.31543361741236314f,-0.44916996507338924f,0.8427353034006464f,0.2967213353943233f,0.22433554964288357f,0f,0f,0f,1f], start_interpolation: 0, interpolation_duration: 1 }
$data merge entity $(bone_right_leg) { transformation: [0.8640159379685872f,-0.03974445122446019f,0.5018932531257304f,0.0641851048249928f,0.22742647473905145f,0.9201847167655984f,-0.31864915756797946f,0.6461250000000001f,-0.44916996507338924f,0.3894617640126973f,0.8040932015930045f,0.36429837108494667f,0f,0f,0f,1f], start_interpolation: 0, interpolation_duration: 1 }
$data merge entity $(bone_left_leg2) { transformation: [0.9472773523691213f,0.017060238633951036f,0.3199602568230938f,-0.08052963499982353f,-0.0409933947732629f,0.9968281185911697f,0.06821468735508734f,0.3841780530020818f,-0.31778162198829385f,-0.07773448555011819f,0.9449720580433834f,0.7321230755425872f,0f,0f,0f,1f], start_interpolation: 0, interpolation_duration: 1 }
$data merge entity $(bone_left_leg) { transformation: [0.9472773523691213f,-0.18918410443463363f,0.25860199596641387f,-0.14851767253102f,-0.0409933947732629f,0.7288958525159465f,0.6833962084837866f,0.6461250000000001f,-0.31778162198829385f,-0.6579667247014224f,0.6827112346462242f,0.49566628385301353f,0f,0f,0f,1f], start_interpolation: 0, interpolation_duration: 1 }
$data merge entity $(bone_flame_blast) { transformation: [-0.00003416666666666667f,0f,4.184209897086791e-21f,0.06249999999999987f,0f,0.00003416666666666667f,0f,0.8987771739130435f,-4.184209897086791e-21f,0f,-0.00003416666666666667f,1.0625f,0f,0f,0f,1f], start_interpolation: 0, interpolation_duration: 1 }
data modify entity @s data merge value {"locators":{"rkss1":{"posx":0.18220110508120735,"posy":0.6376324565063498,"posz":2.254678547004986,"roty":88.18211510495154,"rotx":28.91430651124671},"rkss2":{"posx":0.4263397350729341,"posy":0.25497780829350236,"posz":3.2840457067428828,"roty":88.18211510495154,"rotx":28.91430651124671},"rkss3":{"posx":0.6704783650646609,"posy":-0.1276768399193453,"posz":4.31341286648078,"roty":88.18211510495154,"rotx":28.91430651124671},"rkss4":{"posx":0.9146169950563877,"posy":-0.510331488132193,"posz":5.342780026218676,"roty":88.18211510495154,"rotx":28.91430651124671},"rkss5":{"posx":1.2197902825460463,"posy":-0.9886497983982526,"posz":6.629488975891047,"roty":88.18211510495154,"rotx":28.91430651124671},"player_camera":{"posx":0.28625349806715367,"posy":-0.24449999999999994,"posz":0.9617392708590121,"roty":148.3,"rotx":0}},"cameras":{}}