# This file was generated by Animated Java via MC-Build. It is not recommended to edit this file directly.
$data merge entity $(bone_black_knight_shield) { transformation: [0.9094781017605928f,-0.13997178586852752f,0.39148113821578123f,0.5792312831157286f,0.36919004612333567f,0.7048914415681115f,-0.6056622536096161f,1.1279863759246107f,-0.1911760765927522f,0.6953674961952168f,0.6927595203054213f,0.23505062568198232f,0f,0f,0f,1f], start_interpolation: 0, interpolation_duration: 1 }
$data merge entity $(bone_right_arm2) { transformation: [0.9094781017605928f,-0.13997178586852752f,0.39148113821578123f,0.35631684561175625f,0.36919004612333567f,0.7048914415681115f,-0.6056622536096161f,1.0612821793976297f,-0.1911760765927522f,0.6953674961952168f,0.6927595203054213f,0.3027378350968201f,0f,0f,0f,1f], start_interpolation: 0, interpolation_duration: 1 }
$data merge entity $(bone_right_arm) { transformation: [0.9094781017605928f,-0.13997178586852752f,0.39148113821578123f,0.3213238991446244f,0.36919004612333567f,0.7048914415681115f,-0.6056622536096161f,1.2375050397896576f,-0.1911760765927522f,0.6953674961952168f,0.6927595203054213f,0.4765797091456243f,0f,0f,0f,1f], start_interpolation: 0, interpolation_duration: 1 }
$data merge entity $(bone_flame_slash) { transformation: [-0.000004105530428770585f,1.1041569947332124f,0.000010084224622787258f,0.9290841587158813f,0.00000864473409559822f,-2.027903149586977f,0.000004979322748367726f,-0.7836223705683527f,0.000005914025051928718f,3.730764318055611f,-2.779545372158242e-7f,4.460217791831393f,0f,0f,0f,1f], start_interpolation: 0, interpolation_duration: 1 }
$data merge entity $(bone_sword_body) { transformation: [-0.36931238149332773f,1.1460493717201397f,0.9071249319836243f,1.2416070828247452f,0.7776357748681904f,-2.1048430083576957f,0.4479142401519745f,-1.3614600408837592f,0.5319952473943883f,3.872311748363857f,-0.025003359216799508f,5.442556441719135f,0f,0f,0f,1f], start_interpolation: 0, interpolation_duration: 1 }
$data merge entity $(bone_ringed_knight_straight_sword) { transformation: [-0.36493603811294084f,0.2516597138993077f,0.8963755220255339f,0.04331979107534703f,0.7684208084976195f,-0.4622001480540119f,0.44260646652157554f,0.8484326214323619f,0.5256911157269971f,0.8503166536878886f,-0.02470706997473993f,1.4074466888968746f,0f,0f,0f,1f], start_interpolation: 0, interpolation_duration: 1 }
$data merge entity $(bone_left_arm2) { transformation: [-0.8963755220255338f,-0.25849348206463907f,0.36012781514838516f,-0.06546592677970711f,-0.4426064665215757f,0.4766015725831525f,-0.7595725487434044f,1.1753421690111605f,0.02470706997474026f,-0.8402571396550964f,-0.5416248701379018f,0.93999648468264f,0f,0f,0f,1f], start_interpolation: 0, interpolation_duration: 1 }
$data merge entity $(bone_left_arm) { transformation: [-0.8963755220255338f,-0.25849348206463907f,0.36012781514838516f,-0.2421362375490586f,-0.4426064665215757f,0.4766015725831525f,-0.7595725487434044f,1.2391667538417517f,0.02470706997474026f,-0.8402571396550964f,-0.5416248701379018f,0.7330205835157084f,0f,0f,0f,1f], start_interpolation: 0, interpolation_duration: 1 }
$data merge entity $(bone_head) { transformation: [0.9883418613992458f,0.15072638091241147f,0.021492396397810087f,0.06069129033820751f,-0.1328442688238647f,0.9226930996515309f,-0.3619251912980123f,1.3789621930264286f,-0.07438256009661626f,0.35485067557001587f,0.9319593514746105f,0.6616231758921065f,0f,0f,0f,1f], start_interpolation: 0, interpolation_duration: 1 }
$data merge entity $(bone_body_top) { transformation: [0.9188600919545173f,0.14192028772996867f,0.3681776247193448f,0.004810177044532342f,-1.734723475976807e-18f,0.9330791405761253f,-0.35967112397538875f,1.0115622814245793f,-0.3945834910552338f,0.33048744204941033f,0.8573691849106205f,0.5314937455851512f,0f,0f,0f,1f], start_interpolation: 0, interpolation_duration: 1 }
$data merge entity $(bone_body) { transformation: [0.9188600919545173f,0.07244877647819976f,0.3878753745730033f,-0.026886162664680052f,-1.734723475976807e-18f,0.9829995003990385f,-0.183608230249193f,0.5814999999999999f,-0.3945834910552338f,0.1687102753303797f,0.9032390113279052f,0.4576830001281101f,0f,0f,0f,1f], start_interpolation: 0, interpolation_duration: 1 }
$data merge entity $(bone_right_leg2) { transformation: [0.8545584139576f,0.3082421530863677f,0.41799125851499747f,0.08315336986789534f,0.23063523954852208f,0.49588273257128723f,-0.8372023063848004f,0.3241338697767412f,-0.46533568895225197f,0.8118417891426344f,0.35266925863905324f,0.237285652847651f,0f,0f,0f,1f], start_interpolation: 0, interpolation_duration: 1 }
$data merge entity $(bone_right_leg) { transformation: [0.8545584139576f,-0.05945521945595603f,0.5159408822856697f,0.06178665037591115f,0.23063523954852208f,0.9335405362734155f,-0.27442567921522887f,0.6596249999999999f,-0.46533568895225197f,0.3535069221582344f,0.8114773888245717f,0.3643272029982665f,0f,0f,0f,1f], start_interpolation: 0, interpolation_duration: 1 }
$data merge entity $(bone_left_leg2) { transformation: [0.9418439310914756f,-0.010468262918632204f,0.3358875182819722f,-0.0783445036604894f,-0.03921897645704582f,0.9892605152567012f,0.1408030711302412f,0.3928491795738429f,-0.3337542229722607f,-0.14578768269477516f,0.9313184580059981f,0.7292661753536493f,0f,0f,0f,1f], start_interpolation: 0, interpolation_duration: 1 }
$data merge entity $(bone_left_leg) { transformation: [0.9418439310914756f,-0.19612367364281416f,0.27288370069134354f,-0.14882644887587573f,-0.03921897645704582f,0.7423327177075674f,0.6688826564551953f,0.6596249999999999f,-0.3337542229722607f,-0.6406852900275953f,0.691469795284247f,0.49901989924998225f,0f,0f,0f,1f], start_interpolation: 0, interpolation_duration: 1 }
$data merge entity $(bone_flame_blast) { transformation: [-0.00003416666666666667f,0f,4.184209897086791e-21f,0.06249999999999987f,0f,0.00003416666666666667f,0f,0.944067028985507f,-4.184209897086791e-21f,0f,-0.00003416666666666667f,1.0625f,0f,0f,0f,1f], start_interpolation: 0, interpolation_duration: 1 }
data modify entity @s data merge value {"locators":{"rkss1":{"posx":0.2521240142061426,"posy":0.4495285231620054,"posz":2.1426648314025214,"roty":88.42113883572004,"rotx":26.27030258190682},"rkss2":{"posx":0.5352411923428637,"posy":-0.07044664339875784,"posz":3.0992710668013963,"roty":88.42113883572004,"rotx":26.27030258190682},"rkss3":{"posx":0.8183583704795849,"posy":-0.5904218099595211,"posz":4.055877302200271,"roty":88.42113883572004,"rotx":26.27030258190682},"rkss4":{"posx":1.1014755486163061,"posy":-1.1103969765202844,"posz":5.012483537599145,"roty":88.42113883572004,"rotx":26.27030258190682},"rkss5":{"posx":1.4553720212872077,"posy":-1.7603659347212386,"posz":6.208241331847739,"roty":88.42113883572004,"rotx":26.27030258190682},"player_camera":{"posx":0.2932118413793072,"posy":-0.2310000000000001,"posz":0.9582062992535916,"roty":147.39999999999998,"rotx":0}},"cameras":{}}