# This file was generated by Animated Java via MC-Build. It is not recommended to edit this file directly.
$data merge entity $(bone_black_knight_shield) { transformation: [0.8720927337348141f,-0.23609229958250702f,0.42861951640678025f,0.5748937977730016f,0.38606965462437637f,0.8701622186742735f,-0.30621550413080106f,1.140189978657379f,-0.30067338682556055f,0.4325253047738475f,0.8500102206356918f,0.19082959531574495f,0f,0f,0f,1f], start_interpolation: 0, interpolation_duration: 1 }
$data merge entity $(bone_right_arm2) { transformation: [0.8720927337348141f,-0.23609229958250702f,0.42861951640678025f,0.35796029686345054f,0.38606965462437637f,0.8701622186742735f,-0.30621550413080106f,1.0746015808076628f,-0.30067338682556055f,0.4325253047738475f,0.8500102206356918f,0.2766192966267049f,0f,0f,0f,1f], start_interpolation: 0, interpolation_duration: 1 }
$data merge entity $(bone_right_arm) { transformation: [0.8720927337348141f,-0.23609229958250702f,0.42861951640678025f,0.2989372219678238f,0.38606965462437637f,0.8701622186742735f,-0.30621550413080106f,1.292142135476231f,-0.30067338682556055f,0.4325253047738475f,0.8500102206356918f,0.3847506228201668f,0f,0f,0f,1f], start_interpolation: 0, interpolation_duration: 1 }
$data merge entity $(bone_flame_slash) { transformation: [0.1594763463773166f,0.6893926985443526f,0.000010185118548568468f,0.5232018906950916f,-0.3058750365959798f,-2.1343119853225807f,0.0000046999191477889246f,-0.9381628571184171f,-0.21752883047954535f,3.506544781761974f,8.582657839233397e-7f,4.561594418075501f,0f,0f,0f,1f], start_interpolation: 0, interpolation_duration: 1 }
$data merge entity $(bone_sword_body) { transformation: [-0.3957426513723086f,0.7542269764699329f,0.916200830130025f,0.7514870942278767f,0.7590329269564481f,-2.335034413524217f,0.4227805306550345f,-1.5779795537011403f,0.5398006543253567f,3.8363195232399225f,0.07720517144233752f,5.357665425771323f,0f,0f,0f,1f], start_interpolation: 0, interpolation_duration: 1 }
$data merge entity $(bone_ringed_knight_straight_sword) { transformation: [-0.39105310989073966f,0.16561986751816274f,0.9053438709838638f,-0.03809650326274279f,0.7500384039135168f,-0.5127476241015207f,0.4177705909145711f,0.8718677476016745f,0.5334040287621058f,0.8424131607836574f,0.07629029190429686f,1.360612177099104f,0f,0f,0f,1f], start_interpolation: 0, interpolation_duration: 1 }
$data merge entity $(bone_left_arm2) { transformation: [-0.9053438709838638f,-0.16608045107006314f,0.3908577222523781f,-0.09576366159747451f,-0.41777059091457125f,0.5136308862499539f,-0.7494338169958552f,1.221487540831954f,-0.07629029190429659f,-0.8417841745141397f,-0.5343961029973048f,0.9002192702021172f,0f,0f,0f,1f], start_interpolation: 0, interpolation_duration: 1 }
$data merge entity $(bone_left_arm) { transformation: [-0.9053438709838638f,-0.16608045107006314f,0.3908577222523781f,-0.2504517582379733f,-0.41777059091457125f,0.5136308862499539f,-0.7494338169958552f,1.2976739385301213f,-0.07629029190429659f,-0.8417841745141397f,-0.5343961029973048f,0.6802369400855452f,0f,0f,0f,1f], start_interpolation: 0, interpolation_duration: 1 }
$data merge entity $(bone_head) { transformation: [0.9911920139233873f,0.12963711010944018f,0.027066791774649823f,0.04197649576273725f,-0.11802983109795422f,0.9574389641880076f,-0.26340005471826256f,1.438482040183646f,-0.06006122297695715f,0.2578853418421997f,0.9643069013324774f,0.5681992497177338f,0f,0f,0f,1f], start_interpolation: 0, interpolation_duration: 1 }
$data merge entity $(bone_body_top) { transformation: [0.8883969943263332f,0.10988427647186275f,0.445731114301203f,-0.0012904380980587153f,-1.0842021724855044e-19f,0.9709309726937534f,-0.23935965880649557f,1.0561779696854805f,-0.4590760072928413f,0.2126464014466673f,0.8625721578394738f,0.4844697291481086f,0f,0f,0f,1f], start_interpolation: 0, interpolation_duration: 1 }
$data merge entity $(bone_body) { transformation: [0.8883969943263332f,0.044289588446775704f,0.45693458265615233f,-0.020667133043523085f,-1.0842021724855044e-19f,0.9953353592810984f,-0.09647550240743402f,0.62071875f,-0.4590760072928413f,0.08570854636488731f,0.8842529415320489f,0.4469722401134704f,0f,0f,0f,1f], start_interpolation: 0, interpolation_duration: 1 }
$data merge entity $(bone_right_leg2) { transformation: [0.8862495054322632f,0.10905722494445341f,0.45018700093237213f,0.13671073811925777f,0.24076366968629828f,0.7218336189444396f,-0.6488367143748575f,0.35184295674874433f,-0.3957204435965569f,0.683419891610559f,0.6134676701104598f,0.28881858677216943f,0f,0f,0f,1f], start_interpolation: 0, interpolation_duration: 1 }
$data merge entity $(bone_right_leg) { transformation: [0.8862495054322632f,-0.17730880515536918f,0.427929201779271f,0.07299038626654697f,0.24076366968629828f,0.9655674246991462f,-0.09855152824307443f,0.69884375f,-0.3957204435965569f,0.19037104815132413f,0.8984231711980221f,0.35723318220155154f,0f,0f,0f,1f], start_interpolation: 0, interpolation_duration: 1 }
$data merge entity $(bone_left_leg2) { transformation: [0.9661608654874164f,-0.005939671535116181f,0.2578718718717909f,-0.1118650448445764f,-0.05415336413022104f,0.9727829816429314f,0.22530131774862683f,0.40168769607368837f,-0.2521915842251404f,-0.23164194552788353f,0.9395431942801092f,0.6747129956834877f,0f,0f,0f,1f], start_interpolation: 0, interpolation_duration: 1 }
$data merge entity $(bone_left_leg) { transformation: [0.9661608654874164f,-0.09819759173039985f,0.23851711674208229f,-0.14715480437268885f,-0.05415336413022104f,0.826869019621041f,0.5597812407935069f,0.69884375f,-0.2521915842251404f,-0.5537552323628989f,0.7935707577001094f,0.47570720905307096f,0f,0f,0f,1f], start_interpolation: 0, interpolation_duration: 1 }
$data merge entity $(bone_flame_blast) { transformation: [-0.00003416666666666667f,0f,4.184209897086791e-21f,0.06249999999999987f,0f,0.00003416666666666667f,0f,1.0572916666666665f,-4.184209897086791e-21f,0f,-0.00003416666666666667f,1.0625f,0f,0f,0f,1f], start_interpolation: 0, interpolation_duration: 1 }
data modify entity @s data merge value {"locators":{"rkss1":{"posx":0.09636742698769496,"posy":0.429505533217039,"posz":2.0882827914775612,"roty":94.81674368483694,"rotx":24.693915379813486},"rkss2":{"posx":0.28268977794562794,"posy":-0.14733554389717152,"posz":3.035997597359176,"roty":94.81674368483694,"rotx":24.693915379813486},"rkss3":{"posx":0.46901212890356103,"posy":-0.7241766210113825,"posz":3.9837124032407907,"roty":94.81674368483694,"rotx":24.693915379813486},"rkss4":{"posx":0.6553344798614942,"posy":-1.3010176981255932,"posz":4.931427209122405,"roty":94.81674368483694,"rotx":24.693915379813486},"rkss5":{"posx":0.8882374185589106,"posy":-2.022069044518357,"posz":6.1160707164744235,"roty":94.81674368483694,"rotx":24.693915379813486},"player_camera":{"posx":0.25910285807572747,"posy":-0.19178125000000001,"posz":0.9668331722254007,"roty":151.71249999999998,"rotx":0}},"cameras":{}}