# This file was generated by Animated Java via MC-Build. It is not recommended to edit this file directly.
$data merge entity $(bone_black_knight_shield) { transformation: [0.8985682590988406f,0.3229363159512215f,-0.29713165361491106f,0.43706200998611333f,-0.08965237039744162f,0.7979052560889022f,0.5960785642747299f,0.8319270400479999f,0.42957832373409915f,-0.5089787207197922f,0.7459243431020636f,1.0099296618106075f,0f,0f,0f,1f], start_interpolation: 0, interpolation_duration: 1 }
$data merge entity $(bone_right_arm2) { transformation: [0.8985682590988406f,0.3229363159512215f,-0.29713165361491106f,0.23121832819343308f,-0.08965237039744162f,0.7979052560889022f,0.5960785642747299f,0.8784197974532135f,0.42957832373409915f,-0.5089787207197922f,0.7459243431020636f,0.8908135135548638f,0f,0f,0f,1f], start_interpolation: 0, interpolation_duration: 1 }
$data merge entity $(bone_right_arm) { transformation: [0.8985682590988406f,0.3229363159512215f,-0.29713165361491106f,0.31195240718123846f,-0.08965237039744162f,0.7979052560889022f,0.5960785642747299f,1.077896111475439f,0.42957832373409915f,-0.5089787207197922f,0.7459243431020636f,0.7635688333749158f,0f,0f,0f,1f], start_interpolation: 0, interpolation_duration: 1 }
$data merge entity $(bone_flame_slash) { transformation: [0.018901457342676165f,0.01349101559747344f,0.000011241346540563379f,0.07280826746733071f,0.06099581992664555f,-1.116773337587854f,8.3379907534709e-8f,-0.02049664960725678f,-0.5022064389887859f,-0.1351306958134758f,4.3321558834303357e-7f,1.19201663938664f,0f,0f,0f,1f], start_interpolation: 0, interpolation_duration: 1 }
$data merge entity $(bone_sword_body) { transformation: [-0.03778395100098977f,0.010103309753564334f,1.011213662671706f,0.08628172086224511f,-0.1219304432240813f,-0.8363422955559423f,0.007500427229705855f,-0.42407270899166283f,1.003909018184056f,-0.10119825799281626f,0.03896984406931042f,0.9229958508193906f,0f,0f,0f,1f], start_interpolation: 0, interpolation_duration: 1 }
$data merge entity $(bone_ringed_knight_straight_sword) { transformation: [-0.03733621203491605f,0.011992013864420836f,0.9992308036056337f,0.08112317246247339f,-0.12048557022547324f,-0.9926874111892036f,0.007411547336418578f,0.26284029053176494f,0.9920127189901988f,-0.12011617405642294f,0.038508052297158535f,1.0205499213806373f,0f,0f,0f,1f], start_interpolation: 0, interpolation_duration: 1 }
$data merge entity $(bone_left_arm2) { transformation: [-0.8047607687917882f,-0.328159295733896f,-0.4946428829338235f,-0.11127614301334204f,-0.025826515798088034f,0.8518618689259957f,-0.5231293791708136f,0.8934448705529521f,0.5930371793533538f,-0.40821909912857274f,-0.6940202237768545f,0.931380336278944f,0f,0f,0f,1f], start_interpolation: 0, interpolation_duration: 1 }
$data merge entity $(bone_left_arm) { transformation: [-0.8047607687917882f,-0.328159295733896f,-0.4946428829338235f,-0.29391106304578957f,-0.025826515798088034f,0.8518618689259957f,-0.5231293791708136f,1.10318202330969f,0.5930371793533538f,-0.40821909912857274f,-0.6940202237768545f,0.9034552089159701f,0f,0f,0f,1f], start_interpolation: 0, interpolation_duration: 1 }
$data merge entity $(bone_head) { transformation: [0.9960957534374391f,0.08801954431799217f,0.006768293873144392f,0.07370174930051546f,-0.057528163933481244f,0.705359662685715f,-0.7065113280127481f,1.165107615320985f,-0.06696088663050051f,0.7033635660694598f,0.7076693674221809f,0.8452081874250088f,0f,0f,0f,1f], start_interpolation: 0, interpolation_duration: 1 }
$data merge entity $(bone_body_top) { transformation: [0.9921686551481296f,0.10361491959811167f,0.06975176111202197f,0.03290337470875899f,-6.938893903907228e-18f,0.5584366996197039f,-0.829547137007809f,0.9452231648457265f,-0.12490540317196744f,0.8230506673070189f,0.5540633892470416f,0.5211319871728701f,0f,0f,0f,1f], start_interpolation: 0, interpolation_duration: 1 }
$data merge entity $(bone_body) { transformation: [0.9921686551481296f,0.08497564118307581f,0.09154507167006248f,-0.004273468308836681f,-6.938893903907228e-18f,0.7329152250045177f,-0.6803199783606074f,0.62457275390625f,-0.12490540317196744f,0.6749921580004484f,0.727175513130321f,0.22582291804767396f,0f,0f,0f,1f], start_interpolation: 0, interpolation_duration: 1 }
$data merge entity $(bone_right_leg2) { transformation: [0.9990889960988449f,-0.019182375393853195f,0.038121048627387875f,0.12122860828466103f,0.019462157442144606f,0.9997862167283416f,-0.006981781128534814f,0.4378749989385301f,-0.03797897183836793f,0.007717338548935637f,0.9992487379946104f,0.4056994690906351f,0f,0f,0f,1f], start_interpolation: 0, interpolation_duration: 1 }
$data merge entity $(bone_right_leg) { transformation: [0.9990889960988449f,-0.04033921564078885f,0.01392571562571604f,0.10673170266375254f,0.019462157442144606f,0.7211032638232207f,0.6925541908985866f,0.697021484375f,-0.03797897183836793f,-0.6916522468589144f,0.7212314241026356f,0.15713694287571275f,0f,0f,0f,1f], start_interpolation: 0, interpolation_duration: 1 }
$data merge entity $(bone_left_leg2) { transformation: [0.9822508442468568f,0.16102901680603354f,-0.09619217599586255f,-0.20094140845309258f,-0.18501177118218315f,0.7473015243202689f,-0.638209273101413f,0.4064394674345091f,-0.030885652014622234f,0.6446782821648986f,0.763829816781557f,0.01202645325073809f,0f,0f,0f,1f], start_interpolation: 0, interpolation_duration: 1 }
$data merge entity $(bone_left_leg) { transformation: [0.9822508442468568f,0.17222915893180726f,-0.07429936601330528f,-0.13904655446197434f,-0.18501177118218315f,0.824370884095279f,-0.5349610172526587f,0.70269775390625f,-0.030885652014622234f,0.5392121681394163f,0.8416034186183071f,0.2058058261758408f,0f,0f,0f,1f], start_interpolation: 0, interpolation_duration: 1 }
$data merge entity $(bone_flame_blast) { transformation: [-5.093364197530871f,0f,6.237572161397907e-16f,0.06249999999999987f,0f,222.71604938271662f,0f,1.010995370370373f,-6.237572161397907e-16f,0f,-5.093364197530871f,1.0625f,0f,0f,0f,1f], start_interpolation: 0, interpolation_duration: 1 }
data modify entity @s data merge value {"locators":{"rkss1":{"posx":0.07311634664789622,"posy":0.2885053373745341,"posz":1.0271673498991518,"roty":92.2069551722021,"rotx":0.42465426988175087},"rkss2":{"posx":0.07561224308818401,"posy":0.08189742281428136,"posz":1.0021675846689027,"roty":92.2069551722021,"rotx":0.42465426988175087},"rkss3":{"posx":0.07810813952847179,"posy":-0.12471049174597143,"posz":0.9771678194386535,"roty":92.2069551722021,"rotx":0.42465426988175087},"rkss4":{"posx":0.08060403596875958,"posy":-0.3313184063062243,"posz":0.9521680542084043,"roty":92.2069551722021,"rotx":0.42465426988175087},"rkss5":{"posx":0.0837239065191193,"posy":-0.5895782995065403,"posz":0.9209183476705929,"roty":92.2069551722021,"rotx":0.42465426988175087},"player_camera":{"posx":0.14345607701323473,"posy":-0.18792724609375,"posz":0.7771570869686932,"roty":165,"rotx":0}},"cameras":{}}