# This file was generated by Animated Java via MC-Build. It is not recommended to edit this file directly.
$data merge entity $(bone_black_knight_shield) { transformation: [0.9109455270441325f,-0.16923387082491054f,-0.37621555486702735f,0.5739984179146124f,0.16774679672981146f,0.9851364985607898f,-0.03697419898083393f,1.0464924277937977f,0.37688096123998505f,-0.02942747303124199f,0.9257941266209353f,0.6476274846893061f,0f,0f,0f,1f], start_interpolation: 0, interpolation_duration: 1 }
$data merge entity $(bone_right_arm2) { transformation: [0.9109455270441325f,-0.16923387082491054f,-0.37621555486702735f,0.34979820168466147f,0.16774679672981146f,0.9851364985607898f,-0.03697419898083393f,1.0369670675065568f,0.37688096123998505f,-0.02942747303124199f,0.9257941266209353f,0.5561650052005447f,0f,0f,0f,1f], start_interpolation: 0, interpolation_duration: 1 }
$data merge entity $(bone_right_arm) { transformation: [0.9109455270441325f,-0.16923387082491054f,-0.37621555486702735f,0.3074897339784338f,0.16774679672981146f,0.9851364985607898f,-0.03697419898083393f,1.2832511921467542f,0.37688096123998505f,-0.02942747303124199f,0.9257941266209353f,0.5488081369427342f,0f,0f,0f,1f], start_interpolation: 0, interpolation_duration: 1 }
$data merge entity $(bone_flame_slash) { transformation: [0.0000019829746395564497f,-0.8548964126690322f,0.000007038858141732786f,-1.2111671714361538f,-1.2962260461476284e-8f,-0.7152606558130954f,-0.000008683464251344956f,0.30908894071308596f,0.00001107384953657398f,0.15224755450068936f,-0.0000012706001165497584f,1.0615437493342936f,0f,0f,0f,1f], start_interpolation: 0, interpolation_duration: 1 }
$data merge entity $(bone_sword_body) { transformation: [0.17837818992727975f,-0.7690208015032239f,0.633179441345774f,-1.4911418499470521f,-0.001166018219477216f,-0.643411663291254f,-0.7811197402905872f,0.0746986099074427f,0.9961464944922107f,0.13695406209916253f,-0.11429664524717922f,1.1114039589085651f,0f,0f,0f,1f], start_interpolation: 0, interpolation_duration: 1 }
$data merge entity $(bone_ringed_knight_straight_sword) { transformation: [0.17626441240501772f,-0.7599079223724731f,0.6256762792651365f,-0.8182966433496577f,-0.001152200929909003f,-0.6357872496116403f,-0.7718634890084405f,0.6307486500958286f,0.9843421810287982f,0.1353311595561683f,-0.11294223258220075f,1.0059999534654558f,0f,0f,0f,1f], start_interpolation: 0, interpolation_duration: 1 }
$data merge entity $(bone_left_arm2) { transformation: [-0.6334116046667729f,0.5450155714752049f,-0.5493157251736192f,-0.40095515102971674f,0.7179836799194457f,0.6786915120924006f,-0.15452270636725746f,1.1190376964478754f,0.28859863901757116f,-0.4922762011953112f,-0.8212033653693337f,0.7202627361988881f,0f,0f,0f,1f], start_interpolation: 0, interpolation_duration: 1 }
$data merge entity $(bone_left_arm) { transformation: [-0.6334116046667729f,0.5450155714752049f,-0.5493157251736192f,-0.34387770874426216f,0.7179836799194457f,0.6786915120924006f,-0.15452270636725746f,1.3784585344609064f,0.28859863901757116f,-0.4922762011953112f,-0.8212033653693337f,0.6332685157772567f,0f,0f,0f,1f], start_interpolation: 0, interpolation_duration: 1 }
$data merge entity $(bone_head) { transformation: [0.9988399894036216f,0.033715225621146275f,0.03437963248041176f,0.030523939001585027f,-0.01573895065972789f,0.9033469882678425f,-0.4286216329346306f,1.394619269176621f,-0.0455078125194305f,0.4275833279592807f,0.902829738461778f,0.6100564646261228f,0f,0f,0f,1f], start_interpolation: 0, interpolation_duration: 1 }
$data merge entity $(bone_body_top) { transformation: [0.9961946980917454f,0.04419391794360803f,0.07512004466645161f,0.013122583811289362f,0f,0.8619058515047728f,-0.5070683416876196f,1.0552438401466167f,-0.08715574274765864f,0.5051387935593803f,0.858626039523306f,0.4111580646621168f,0f,0f,0f,1f], start_interpolation: 0, interpolation_duration: 1 }
$data merge entity $(bone_body) { transformation: [0.9961946980917454f,0.03575315974114404f,0.07948481026221477f,-0.0025194235754611577f,0f,0.9119859203351244f,-0.4102215024965125f,0.6562499999999998f,-0.08715574274765864f,0.4086604858302555f,0.9085155385721718f,0.23236910211137998f,0f,0f,0f,1f], start_interpolation: 0, interpolation_duration: 1 }
$data merge entity $(bone_right_leg2) { transformation: [0.9913350033104955f,-0.10419762131790773f,0.07998604205153345f,0.18455191814533697f,0.1157630479929187f,0.9807749726948113f,-0.1570966888730676f,0.3643767258523848f,-0.06207920691156568f,0.16499487460882561f,0.9843387950406348f,0.3950110090441843f,0f,0f,0f,1f], start_interpolation: 0, interpolation_duration: 1 }
$data merge entity $(bone_right_leg) { transformation: [0.9913350033104955f,-0.13003575572155518f,0.018590681679373916f,0.13782031843290307f,0.1157630479929187f,0.931734328062928f,0.34419479750355514f,0.6992187499999996f,-0.06207920691156568f,-0.33906023674717173f,0.9387141886251549f,0.2731612364631695f,0f,0f,0f,1f], start_interpolation: 0, interpolation_duration: 1 }
$data merge entity $(bone_left_leg2) { transformation: [0.9859978247780077f,0.16409877656926336f,-0.02966278917276914f,-0.19872649359172456f,-0.16337105790812875f,0.9148963845794789f,-0.36915376595854643f,0.38211086076866907f,-0.03343930278902382f,0.3688308514913976f,0.9288948358221798f,0.16709314476420306f,0f,0f,0f,1f], start_interpolation: 0, interpolation_duration: 1 }
$data merge entity $(bone_left_leg) { transformation: [0.9859978247780077f,0.1660659175784354f,0.015178950947594333f,-0.13904655446197434f,-0.16337105790812875f,0.980213256991529f,-0.11176702669409137f,0.7343749999999998f,-0.03343930278902382f,0.1077222439280355f,0.9936185038494868f,0.2058058261758408f,0f,0f,0f,1f], start_interpolation: 0, interpolation_duration: 1 }
$data merge entity $(bone_flame_blast) { transformation: [-5.285156249999988f,0f,6.472449684556113e-16f,0.06249999999999987f,0f,18.151041666666803f,0f,0.08984375000000056f,-6.472449684556113e-16f,0f,-5.285156249999988f,1.0625f,0f,0f,0f,1f], start_interpolation: 0, interpolation_duration: 1 }
data modify entity @s data merge value {"locators":{"rkss1":{"posx":-0.8331532986167476,"posy":0.6275452554185087,"posz":1.0124877976112352,"roty":79.76760017724759,"rotx":-50.52152471734796},"rkss2":{"posx":-1.023130279209866,"posy":0.4685984430155986,"posz":1.0463205875002775,"roty":79.76760017724759,"rotx":-50.52152471734796},"rkss3":{"posx":-1.213107259802984,"posy":0.3096516306126885,"posz":1.0801533773893195,"roty":79.76760017724759,"rotx":-50.52152471734796},"rkss4":{"posx":-1.4030842403961024,"posy":0.15070481820977844,"posz":1.1139861672783615,"roty":79.76760017724759,"rotx":-50.52152471734796},"rkss5":{"posx":-1.6405554661375001,"posy":-0.047978697293859174,"posz":1.1562771546396642,"roty":79.76760017724759,"rotx":-50.52152471734796},"player_camera":{"posx":0.14345607701323473,"posy":-0.15625000000000022,"posz":0.7771570869686932,"roty":165,"rotx":0}},"cameras":{}}