# This file was generated by Animated Java via MC-Build. It is not recommended to edit this file directly.
$data merge entity $(bone_black_knight_shield) { transformation: [0.911321616391843f,-0.37092797983569725f,-0.17862067425683717f,0.6288522857067935f,0.29591892859428465f,0.8918167117760236f,-0.342191379635156f,1.179771974817609f,0.28622525953620737f,0.2589891626535932f,0.9224964576796061f,0.3508661124440104f,0f,0f,0f,1f], start_interpolation: 0, interpolation_duration: 1 }
$data merge entity $(bone_right_arm2) { transformation: [0.911321616391843f,-0.37092797983569725f,-0.17862067425683717f,0.3982635697349922f,0.29591892859428465f,0.8918167117760236f,-0.342191379635156f,1.136522847807203f,0.28622525953620737f,0.2589891626535932f,0.9224964576796061f,0.29020136419839165f,0f,0f,0f,1f], start_interpolation: 0, interpolation_duration: 1 }
$data merge entity $(bone_right_arm) { transformation: [0.911321616391843f,-0.37092797983569725f,-0.17862067425683717f,0.3055315747760679f,0.29591892859428465f,0.8918167117760236f,-0.342191379635156f,1.3594770257512088f,0.28622525953620737f,0.2589891626535932f,0.9224964576796061f,0.35494865486178995f,0f,0f,0f,1f], start_interpolation: 0, interpolation_duration: 1 }
$data merge entity $(bone_flame_slash) { transformation: [3.126517400295435e-8f,-1.0310474335438293f,0.000004500626786033575f,-1.6746901961003777f,0.0000029104892879977287f,-0.4340005344652894f,-0.000009962725817407347f,0.8304765734370912f,0.000010866948725072053f,0.11920455472223393f,0.00000265536302979505f,0.6991539129791442f,0f,0f,0f,1f], start_interpolation: 0, interpolation_duration: 1 }
$data merge entity $(bone_sword_body) { transformation: [0.002812454095558128f,-0.9274771913666724f,0.40485321577812633f,-2.0123934168962863f,0.26181263271823746f,-0.3904045378144963f,-0.8961955249454975f,0.6882080155444099f,0.9775347626455267f,0.10723028060104521f,0.23886278795809818f,0.7382292297463411f,0f,0f,0f,1f], start_interpolation: 0, interpolation_duration: 1 }
$data merge entity $(bone_ringed_knight_straight_sword) { transformation: [0.002779126578040386f,-0.916486607594515f,0.4000557143140955f,-1.2051982638811025f,0.25871015893313143f,-0.385778252858035f,-0.8855756282139863f,1.027747782251084f,0.9659509977841824f,0.10595960419754127f,0.23603226931511553f,0.6596731645978212f,0f,0f,0f,1f], start_interpolation: 0, interpolation_duration: 1 }
$data merge entity $(bone_left_arm2) { transformation: [-0.4344923362062662f,0.8838639033769609f,-0.1732079965973389f,-0.5359950304052749f,0.8775203577764087f,0.3720949216527999f,-0.3024952742906255f,1.277424452649956f,-0.20291483796407134f,-0.2834254215617209f,-0.9372809605164163f,0.4707801760050108f,0f,0f,0f,1f], start_interpolation: 0, interpolation_duration: 1 }
$data merge entity $(bone_left_arm) { transformation: [-0.4344923362062662f,0.8838639033769609f,-0.1732079965973389f,-0.36934059658681795f,0.8775203577764087f,0.3720949216527999f,-0.3024952742906255f,1.480138227785207f,-0.20291483796407134f,-0.2834254215617209f,-0.9372809605164163f,0.3745594658690717f,0f,0f,0f,1f], start_interpolation: 0, interpolation_duration: 1 }
$data merge entity $(bone_head) { transformation: [0.9990642597110105f,0.008528682974263456f,0.04240125628816632f,0.0074226738907611865f,-0.0008088170555092676f,0.9838775019077238f,-0.17884184928250874f,1.4905079446434106f,-0.0432429275496118f,0.17864020489951685f,0.982963746234009f,0.3917517665938082f,0f,0f,0f,1f], start_interpolation: 0, interpolation_duration: 1 }
$data merge entity $(bone_body_top) { transformation: [0.9981181129001491f,0.013129344211738156f,0.05989868964522305f,0.002252994607389287f,3.469446951953614e-18f,0.976809693706585f,-0.2141093699043728f,1.1058891277464427f,-0.06132073630220902f,0.21370644024319255f,0.9749714481449893f,0.30760485574805113f,0f,0f,0f,1f], start_interpolation: 0, interpolation_duration: 1 }
$data merge entity $(bone_body) { transformation: [0.9981181129001491f,0.010462912739626282f,0.060421520649914295f,-0.0023245297161972114f,3.469446951953614e-18f,0.985335863420441f,-0.17062601283946718f,0.6748046874999998f,-0.06132073630220902f,0.1703049139470056f,0.9834815725700496f,0.2330964558962362f,0f,0f,0f,1f], start_interpolation: 0, interpolation_duration: 1 }
$data merge entity $(bone_right_leg2) { transformation: [0.9834710517240753f,-0.14254419971755503f,0.11165053312735633f,0.18861929475663544f,0.16601015316876291f,0.9560394941371871f,-0.24172115069806172f,0.3870986685030147f,-0.07228637123016327f,0.25626087640682294f,0.9639009512172825f,0.27020166112671784f,0f,0f,0f,1f], start_interpolation: 0, interpolation_duration: 1 }
$data merge entity $(bone_right_leg) { transformation: [0.9834710517240753f,-0.173354397575181f,0.05227755983294538f,0.12632005812805477f,0.16601015316876291f,0.9785624006872622f,0.12188624617267486f,0.7387695312499996f,-0.07228637123016327f,-0.11119298899898367f,0.9911663834754723f,0.2302416807052081f,0f,0f,0f,1f], start_interpolation: 0, interpolation_duration: 1 }
$data merge entity $(bone_left_leg2) { transformation: [0.9879720269698583f,0.1545786778760577f,0.004087330566445696f,-0.19075264483988885f,-0.15064833898961258f,0.9681406429732143f,-0.2000219322551448f,0.40138371005693485f,-0.034876236676857464f,0.1970003242878066f,0.979782894495387f,0.25958590228615336f,0f,0f,0f,1f], start_interpolation: 0, interpolation_duration: 1 }
$data merge entity $(bone_left_leg) { transformation: [0.9879720269698583f,0.1438778167037621f,0.056660813492466267f,-0.13904655446197434f,-0.15064833898961258f,0.9782148937546155f,0.14283101762683442f,0.7529296874999998f,-0.034876236676857464f,-0.14964890743739145f,0.9881239054987258f,0.2058058261758408f,0f,0f,0f,1f], start_interpolation: 0, interpolation_duration: 1 }
$data merge entity $(bone_flame_blast) { transformation: [-6.519694010416656f,0f,7.984322401276929e-16f,0.06249999999999987f,0f,8.141276041666764f,0f,0.049316406250000444f,-7.984322401276929e-16f,0f,-6.519694010416656f,1.0625f,0f,0f,0f,1f], start_interpolation: 0, interpolation_duration: 1 }
data modify entity @s data merge value {"locators":{"rkss1":{"posx":-1.22122857351321,"posy":1.0299347813234447,"posz":0.6630377259362443,"roty":120.54054088050762,"rotx":-62.32244174010479},"rkss2":{"posx":-1.4503502254118388,"posy":0.933490218108936,"posz":0.6895276269856296,"roty":120.54054088050762,"rotx":-62.32244174010479},"rkss3":{"posx":-1.6794718773104675,"posy":0.8370456548944272,"posz":0.716017528035015,"roty":120.54054088050762,"rotx":-62.32244174010479},"rkss4":{"posx":-1.9085935292090963,"posy":0.7406010916799184,"posz":0.7425074290844003,"roty":120.54054088050762,"rotx":-62.32244174010479},"rkss5":{"posx":-2.194995594082382,"posy":0.6200453876617825,"posz":0.7756198053961318,"roty":120.54054088050762,"rotx":-62.32244174010479},"player_camera":{"posx":0.14345607701323473,"posy":-0.13769531250000022,"posz":0.7771570869686932,"roty":165,"rotx":0}},"cameras":{}}