# This file was generated by Animated Java via MC-Build. It is not recommended to edit this file directly.
execute on vehicle unless entity @s[tag=aj.transforms_only] run function animated_java:rkss_cancel/variants/flame_burst1/apply
$data merge entity $(bone_black_knight_shield) { transformation: [0.8466426820105512f,-0.44085290048977976f,-0.2980685980235574f,0.6375204301660651f,0.46251711482477276f,0.8866070310827009f,0.0024271235829057547f,1.236785732332033f,0.2631997102812781f,-0.1399167343975231f,0.9545413662819355f,0.322768614112792f,0f,0f,0f,1f], start_interpolation: 0, interpolation_duration: 1 }
$data merge entity $(bone_right_arm2) { transformation: [0.8466426820105512f,-0.44085290048977976f,-0.2980685980235574f,0.4202861585098422f,0.46251711482477276f,0.8866070310827009f,0.0024271235829057547f,1.1533482422293249f,0.2631997102812781f,-0.1399167343975231f,0.9545413662819355f,0.25517193472880567f,0f,0f,0f,1f], start_interpolation: 0, interpolation_duration: 1 }
$data merge entity $(bone_right_arm) { transformation: [0.8466426820105512f,-0.44085290048977976f,-0.2980685980235574f,0.3100729333873973f,0.46251711482477276f,0.8866070310827009f,0.0024271235829057547f,1.375f,0.2631997102812781f,-0.1399167343975231f,0.9545413662819355f,0.2201927511294249f,0f,0f,0f,1f], start_interpolation: 0, interpolation_duration: 1 }
$data merge entity $(bone_flame_slash) { transformation: [-0.0000033435137861768894f,-1.0133118331344981f,0.0000035641728976868145f,-1.735925996922453f,2.2934623039705348e-7f,-0.3799334218923266f,-0.000010586546169526741f,0.9264672167257485f,0.0000107392185874135f,-0.30736740841993765f,0.0000013357438960644221f,-0.21237537150046992f,0f,0f,0f,1f], start_interpolation: 0, interpolation_duration: 1 }
$data merge entity $(bone_sword_body) { transformation: [-0.30076528730016633f,-0.911523158293422f,0.3206146449858029f,-2.0678287936876014f,0.020630806178147627f,-0.34176854679891366f,-0.9523111923025677f,0.801903605217058f,0.966044817035435f,-0.27649189688503134f,0.12015664428249048f,-0.31304874667302696f,0f,0f,0f,1f], start_interpolation: 0, interpolation_duration: 1 }
$data merge entity $(bone_ringed_knight_straight_sword) { transformation: [-0.2972012254379457f,-0.9007216294528871f,0.31681536868327237f,-1.2790609946928457f,0.020386331590849197f,-0.33771859723762365f,-0.9410263261801547f,1.0956043716294601f,0.9545972077700887f,-0.2732154741510557f,0.11873279076128196f,-0.05886860843287656f,0f,0f,0f,1f], start_interpolation: 0, interpolation_duration: 1 }
$data merge entity $(bone_left_arm2) { transformation: [-0.31681536868327265f,0.9007216294528875f,0.2972012254379455f,-0.5650774169382762f,0.9410263261801548f,0.3377185972376241f,-0.020386331590849044f,1.2979420599180747f,-0.11873279076128228f,0.27321547415105557f,-0.954597207770089f,0.1342782964016238f,0f,0f,0f,1f], start_interpolation: 0, interpolation_duration: 1 }
$data merge entity $(bone_left_arm) { transformation: [-0.31681536868327265f,0.9007216294528875f,0.2972012254379455f,-0.37949893066046336f,0.9410263261801548f,0.3377185972376241f,-0.020386331590849044f,1.5f,-0.11873279076128228f,0.27321547415105557f,-0.954597207770089f,0.1877405660942274f,0f,0f,0f,1f], start_interpolation: 0, interpolation_duration: 1 }
$data merge entity $(bone_head) { transformation: [0.9990482215818577f,0f,0.04361938736533619f,-0.002129635856933265f,0f,1f,0f,1.51875f,-0.04361938736533619f,0f,0.9990482215818577f,0.23382380968109245f,0f,0f,0f,1f], start_interpolation: 0, interpolation_duration: 1 }
$data merge entity $(bone_body_top) { transformation: [0.9990482215818577f,0f,0.04361938736533619f,-0.002129635856933265f,0f,1f,0f,1.125f,-0.04361938736533619f,0f,0.9990482215818577f,0.23382380968109245f,0f,0f,0f,1f], start_interpolation: 0, interpolation_duration: 1 }
$data merge entity $(bone_body) { transformation: [0.9990482215818577f,0f,0.04361938736533619f,-0.002129635856933265f,0f,1f,0f,0.6875f,-0.04361938736533619f,0f,0.9990482215818577f,0.23382380968109245f,0f,0f,0f,1f], start_interpolation: 0, interpolation_duration: 1 }
$data merge entity $(bone_right_leg2) { transformation: [0.976561856097601f,-0.16584311463005588f,0.1371969480163837f,0.1822813935007776f,0.20026325793856178f,0.9337012101906311f,-0.2968108448294706f,0.42205640326406585f,-0.07887692143486097f,0.3173296573255534f,0.9450292693068325f,0.11746486547021044f,0f,0f,0f,1f], start_interpolation: 0, interpolation_duration: 1 }
$data merge entity $(bone_right_leg) { transformation: [0.976561856097601f,-0.17716953341656305f,0.12222069237312275f,0.11861109242920026f,0.20026325793856178f,0.9560169648304255f,-0.2143039674766987f,0.765625f,-0.07887692143486097f,0.2337573942902731f,0.9690902496050513f,0.20147142904327733f,0f,0f,0f,1f], start_interpolation: 0, interpolation_duration: 1 }
$data merge entity $(bone_left_leg2) { transformation: [0.9892286099254932f,0.13715330160205227f,0.05114419971543891f,-0.1818994440657733f,-0.1419248472445125f,0.9842136240164866f,0.10573968051283142f,0.43381049933881166f,-0.035834271856674066f,-0.11185934989973051f,0.9930777365345129f,0.33700475006079833f,0f,0f,0f,1f], start_interpolation: 0, interpolation_duration: 1 }
$data merge entity $(bone_left_leg) { transformation: [0.9892286099254932f,0.11924282324535364f,0.08489938992332965f,-0.13904655446197434f,-0.1419248472445125f,0.9233099148833066f,0.35686991861573725f,0.765625f,-0.035834271856674066f,-0.3650752664624905f,0.93028810310454f,0.2058058261758408f,0f,0f,0f,1f], start_interpolation: 0, interpolation_duration: 1 }
execute on vehicle unless entity @s[tag=aj.transforms_only] positioned ^0 ^0 ^0 rotated ~0 ~0 run function animated_java:rkss_cancel/animations/rkss_skill/zzz/frames/zzz/1
data modify entity @s data merge value {"locators":{"rkss1":{"posx":-1.295369740729646,"posy":1.0979942140185799,"posz":-0.060046539205913685,"roty":110.54447436107814,"rotx":-70.22463496829074},"rkss2":{"posx":-1.5205501480928678,"posy":1.013564564709174,"posz":-0.1283504077436776,"roty":110.54447436107814,"rotx":-70.22463496829074},"rkss3":{"posx":-1.7457305554560896,"posy":0.929134915399768,"posz":-0.19665427628144155,"roty":110.54447436107814,"rotx":-70.22463496829074},"rkss4":{"posx":-1.9709109628193113,"posy":0.8447052660903621,"posz":-0.26495814481920543,"roty":110.54447436107814,"rotx":-70.22463496829074},"rkss5":{"posx":-2.2523864720233386,"posy":0.7391682044536048,"posz":-0.35033798049141035,"roty":110.54447436107814,"rotx":-70.22463496829074},"player_camera":{"posx":0.14345607701323473,"posy":-0.125,"posz":0.7771570869686932,"roty":165,"rotx":0}},"cameras":{}}