execute if entity @s[tag=aj.starscaller.bone.core] run data modify entity @s {} merge value {transformation:[-0.9736912843187204f,-0.16112926928674437f,-0.1611292692867442f,0.8400521782095464f,-0.21412888317561463f,0.888826618247285f,0.405137092951335f,-1.4574442807372334f,0.07793653977258855f,0.42898088684021163f,-0.8999451619371376f,-15.81894741235751f,0f,0f,0f,1f],start_interpolation:0}
execute if entity @s[tag=aj.starscaller.bone.face1] run data modify entity @s {} merge value {transformation:[-0.9736912843187204f,-0.16112926928674437f,-0.1611292692867442f,0.8400521782095464f,-0.21412888317561463f,0.888826618247285f,0.405137092951335f,-1.4574442807372334f,0.07793653977258855f,0.42898088684021163f,-0.8999451619371376f,-15.81894741235751f,0f,0f,0f,1f],start_interpolation:0}
execute if entity @s[tag=aj.starscaller.bone.face2] run data modify entity @s {} merge value {transformation:[-0.9736912843187204f,-0.16112926928674437f,-0.1611292692867442f,0.8400521782095464f,-0.21412888317561463f,0.888826618247285f,0.405137092951335f,-1.4574442807372334f,0.07793653977258855f,0.42898088684021163f,-0.8999451619371376f,-15.81894741235751f,0f,0f,0f,1f],start_interpolation:0}
execute if entity @s[tag=aj.starscaller.bone.face3] run data modify entity @s {} merge value {transformation:[-0.9736912843187204f,-0.16112926928674437f,-0.1611292692867442f,0.8400521782095464f,-0.21412888317561463f,0.888826618247285f,0.405137092951335f,-1.4574442807372334f,0.07793653977258855f,0.42898088684021163f,-0.8999451619371376f,-15.81894741235751f,0f,0f,0f,1f],start_interpolation:0}
execute if entity @s[tag=aj.starscaller.bone.face4] run data modify entity @s {} merge value {transformation:[-0.9736912843187204f,-0.16112926928674437f,-0.1611292692867442f,0.8400521782095464f,-0.21412888317561463f,0.888826618247285f,0.405137092951335f,-1.4574442807372334f,0.07793653977258855f,0.42898088684021163f,-0.8999451619371376f,-15.81894741235751f,0f,0f,0f,1f],start_interpolation:0}
execute if entity @s[tag=aj.starscaller.bone.up] run data modify entity @s {} merge value {transformation:[-0.9736912843187204f,-0.16112926928674437f,-0.1611292692867442f,0.8400521782095464f,-0.21412888317561463f,0.888826618247285f,0.405137092951335f,-1.4574442807372334f,0.07793653977258855f,0.42898088684021163f,-0.8999451619371376f,-15.81894741235751f,0f,0f,0f,1f],start_interpolation:0}
execute if entity @s[tag=aj.starscaller.bone.down] run data modify entity @s {} merge value {transformation:[-0.9736912843187204f,-0.16112926928674437f,-0.1611292692867442f,0.8400521782095464f,-0.21412888317561463f,0.888826618247285f,0.405137092951335f,-1.4574442807372334f,0.07793653977258855f,0.42898088684021163f,-0.8999451619371376f,-15.81894741235751f,0f,0f,0f,1f],start_interpolation:0}
execute if entity @s[tag=aj.starscaller.bone.effects] run data modify entity @s {} merge value {transformation:[-1.228402027316567f,-0.20327954479983257f,-0.20327954479983237f,0.8400521782095464f,-0.2701434822680996f,1.121337365725562f,0.5111180867463291f,-1.4574442807372334f,0.09832418652660765f,0.5411992482229958f,-1.135364441688329f,-15.81894741235751f,0f,0f,0f,1f],start_interpolation:0}
execute if entity @s[tag=aj.starscaller.locator_origin.starscaller_meteorite1] at @s on origin run tp @s ^0.14172 ^-0.63977 ^-15.8814 ~-10.15088 ~23.89972
execute if entity @s[tag=aj.starscaller.bone.core2] run data modify entity @s {} merge value {transformation:[0.2767086123718688f,-0.6794969991983904f,-0.6794969991983901f,1.7696274274714408f,-0.9030012623007825f,0.057982121196969605f,-0.4257074040989802f,-0.9375150614528049f,0.32866558098229204f,0.7313835530703996f,-0.5975424957069496f,-16.00818617210231f,0f,0f,0f,1f],start_interpolation:0}
execute if entity @s[tag=aj.starscaller.bone.face5] run data modify entity @s {} merge value {transformation:[0.2767086123718688f,-0.6794969991983904f,-0.6794969991983901f,1.7696274274714408f,-0.9030012623007825f,0.057982121196969605f,-0.4257074040989802f,-0.9375150614528049f,0.32866558098229204f,0.7313835530703996f,-0.5975424957069496f,-16.00818617210231f,0f,0f,0f,1f],start_interpolation:0}
execute if entity @s[tag=aj.starscaller.bone.face6] run data modify entity @s {} merge value {transformation:[0.2767086123718688f,-0.6794969991983904f,-0.6794969991983901f,1.7696274274714408f,-0.9030012623007825f,0.057982121196969605f,-0.4257074040989802f,-0.9375150614528049f,0.32866558098229204f,0.7313835530703996f,-0.5975424957069496f,-16.00818617210231f,0f,0f,0f,1f],start_interpolation:0}
execute if entity @s[tag=aj.starscaller.bone.face7] run data modify entity @s {} merge value {transformation:[0.2767086123718688f,-0.6794969991983904f,-0.6794969991983901f,1.7696274274714408f,-0.9030012623007825f,0.057982121196969605f,-0.4257074040989802f,-0.9375150614528049f,0.32866558098229204f,0.7313835530703996f,-0.5975424957069496f,-16.00818617210231f,0f,0f,0f,1f],start_interpolation:0}
execute if entity @s[tag=aj.starscaller.bone.face8] run data modify entity @s {} merge value {transformation:[0.2767086123718688f,-0.6794969991983904f,-0.6794969991983901f,1.7696274274714408f,-0.9030012623007825f,0.057982121196969605f,-0.4257074040989802f,-0.9375150614528049f,0.32866558098229204f,0.7313835530703996f,-0.5975424957069496f,-16.00818617210231f,0f,0f,0f,1f],start_interpolation:0}
execute if entity @s[tag=aj.starscaller.bone.up2] run data modify entity @s {} merge value {transformation:[0.2767086123718688f,-0.6794969991983904f,-0.6794969991983901f,1.7696274274714408f,-0.9030012623007825f,0.057982121196969605f,-0.4257074040989802f,-0.9375150614528049f,0.32866558098229204f,0.7313835530703996f,-0.5975424957069496f,-16.00818617210231f,0f,0f,0f,1f],start_interpolation:0}
execute if entity @s[tag=aj.starscaller.bone.down2] run data modify entity @s {} merge value {transformation:[0.2767086123718688f,-0.6794969991983904f,-0.6794969991983901f,1.7696274274714408f,-0.9030012623007825f,0.057982121196969605f,-0.4257074040989802f,-0.9375150614528049f,0.32866558098229204f,0.7313835530703996f,-0.5975424957069496f,-16.00818617210231f,0f,0f,0f,1f],start_interpolation:0}
execute if entity @s[tag=aj.starscaller.bone.effects2] run data modify entity @s {} merge value {transformation:[0.349093625349012f,-0.8572486010849449f,-0.8572486010849446f,1.7696274274714408f,-1.1392199962597258f,0.07314983339540504f,-0.5370694455838277f,-0.9375150614528049f,0.4146421689193943f,0.9227083099201152f,-0.7538553799912097f,-16.00818617210231f,0f,0f,0f,1f],start_interpolation:0}
execute if entity @s[tag=aj.starscaller.locator_origin.starscaller_meteorite2] at @s on origin run tp @s ^1.01614 ^-1.55476 ^-15.54838 ~-48.67194 ~-25.19545
execute if entity @s[tag=aj.starscaller.bone.core3] run data modify entity @s {} merge value {transformation:[-0.015100252770793188f,-0.7070261601830086f,-0.7070261601830083f,1.807398339249077f,-0.9395854814342267f,0.2518783222730897f,-0.2318112030228604f,0.16455751598298962f,0.34198114779073774f,0.6608111073413976f,-0.6681149414359516f,-16.941396672527926f,0f,0f,0f,1f],start_interpolation:0}
execute if entity @s[tag=aj.starscaller.bone.face9] run data modify entity @s {} merge value {transformation:[-0.015100252770793188f,-0.7070261601830086f,-0.7070261601830083f,1.807398339249077f,-0.9395854814342267f,0.2518783222730897f,-0.2318112030228604f,0.16455751598298962f,0.34198114779073774f,0.6608111073413976f,-0.6681149414359516f,-16.941396672527926f,0f,0f,0f,1f],start_interpolation:0}
execute if entity @s[tag=aj.starscaller.bone.face10] run data modify entity @s {} merge value {transformation:[-0.015100252770793188f,-0.7070261601830086f,-0.7070261601830083f,1.807398339249077f,-0.9395854814342267f,0.2518783222730897f,-0.2318112030228604f,0.16455751598298962f,0.34198114779073774f,0.6608111073413976f,-0.6681149414359516f,-16.941396672527926f,0f,0f,0f,1f],start_interpolation:0}
execute if entity @s[tag=aj.starscaller.bone.face11] run data modify entity @s {} merge value {transformation:[-0.015100252770793188f,-0.7070261601830086f,-0.7070261601830083f,1.807398339249077f,-0.9395854814342267f,0.2518783222730897f,-0.2318112030228604f,0.16455751598298962f,0.34198114779073774f,0.6608111073413976f,-0.6681149414359516f,-16.941396672527926f,0f,0f,0f,1f],start_interpolation:0}
execute if entity @s[tag=aj.starscaller.bone.face12] run data modify entity @s {} merge value {transformation:[-0.015100252770793188f,-0.7070261601830086f,-0.7070261601830083f,1.807398339249077f,-0.9395854814342267f,0.2518783222730897f,-0.2318112030228604f,0.16455751598298962f,0.34198114779073774f,0.6608111073413976f,-0.6681149414359516f,-16.941396672527926f,0f,0f,0f,1f],start_interpolation:0}
execute if entity @s[tag=aj.starscaller.bone.up3] run data modify entity @s {} merge value {transformation:[-0.015100252770793188f,-0.7070261601830086f,-0.7070261601830083f,1.807398339249077f,-0.9395854814342267f,0.2518783222730897f,-0.2318112030228604f,0.16455751598298962f,0.34198114779073774f,0.6608111073413976f,-0.6681149414359516f,-16.941396672527926f,0f,0f,0f,1f],start_interpolation:0}
execute if entity @s[tag=aj.starscaller.bone.down3] run data modify entity @s {} merge value {transformation:[-0.015100252770793188f,-0.7070261601830086f,-0.7070261601830083f,1.807398339249077f,-0.9395854814342267f,0.2518783222730897f,-0.2318112030228604f,0.16455751598298962f,0.34198114779073774f,0.6608111073413976f,-0.6681149414359516f,-16.941396672527926f,0f,0f,0f,1f],start_interpolation:0}
execute if entity @s[tag=aj.starscaller.bone.effects3] run data modify entity @s {} merge value {transformation:[-0.019050371935508893f,-0.8919791955849156f,-0.8919791955849153f,1.807398339249077f,-1.1853743879802603f,0.31776790724161386f,-0.29245137173761926f,0.16455751598298962f,0.4314409936863312f,0.8336746122765635f,-0.8428890776347614f,-16.941396672527926f,0f,0f,0f,1f],start_interpolation:0}
execute if entity @s[tag=aj.starscaller.locator_origin.starscaller_meteorite3] at @s on origin run tp @s ^0.87188 ^-0.21649 ^-16.56755 ~-46.62082 ~-13.40373
execute if entity @s[tag=aj.starscaller.bone.core4] run data modify entity @s {} merge value {transformation:[-0.9950918843917932f,0.06997192871998606f,0.0699719287199862f,0.45658991843424723f,0.09298751875918145f,0.9030465256955713f,0.4193570003996213f,-0.6607010607702846f,-0.03384468898661225f,0.42380526379501504f,-0.9051207849823341f,-15.04476045630298f,0f,0f,0f,1f],start_interpolation:0}
execute if entity @s[tag=aj.starscaller.bone.face13] run data modify entity @s {} merge value {transformation:[-0.9950918843917932f,0.06997192871998606f,0.0699719287199862f,0.45658991843424723f,0.09298751875918145f,0.9030465256955713f,0.4193570003996213f,-0.6607010607702846f,-0.03384468898661225f,0.42380526379501504f,-0.9051207849823341f,-15.04476045630298f,0f,0f,0f,1f],start_interpolation:0}
execute if entity @s[tag=aj.starscaller.bone.face14] run data modify entity @s {} merge value {transformation:[-0.9950918843917932f,0.06997192871998606f,0.0699719287199862f,0.45658991843424723f,0.09298751875918145f,0.9030465256955713f,0.4193570003996213f,-0.6607010607702846f,-0.03384468898661225f,0.42380526379501504f,-0.9051207849823341f,-15.04476045630298f,0f,0f,0f,1f],start_interpolation:0}
execute if entity @s[tag=aj.starscaller.bone.face15] run data modify entity @s {} merge value {transformation:[-0.9950918843917932f,0.06997192871998606f,0.0699719287199862f,0.45658991843424723f,0.09298751875918145f,0.9030465256955713f,0.4193570003996213f,-0.6607010607702846f,-0.03384468898661225f,0.42380526379501504f,-0.9051207849823341f,-15.04476045630298f,0f,0f,0f,1f],start_interpolation:0}
execute if entity @s[tag=aj.starscaller.bone.face16] run data modify entity @s {} merge value {transformation:[-0.9950918843917932f,0.06997192871998606f,0.0699719287199862f,0.45658991843424723f,0.09298751875918145f,0.9030465256955713f,0.4193570003996213f,-0.6607010607702846f,-0.03384468898661225f,0.42380526379501504f,-0.9051207849823341f,-15.04476045630298f,0f,0f,0f,1f],start_interpolation:0}
execute if entity @s[tag=aj.starscaller.bone.up4] run data modify entity @s {} merge value {transformation:[-0.9950918843917932f,0.06997192871998606f,0.0699719287199862f,0.45658991843424723f,0.09298751875918145f,0.9030465256955713f,0.4193570003996213f,-0.6607010607702846f,-0.03384468898661225f,0.42380526379501504f,-0.9051207849823341f,-15.04476045630298f,0f,0f,0f,1f],start_interpolation:0}
execute if entity @s[tag=aj.starscaller.bone.down4] run data modify entity @s {} merge value {transformation:[-0.9950918843917932f,0.06997192871998606f,0.0699719287199862f,0.45658991843424723f,0.09298751875918145f,0.9030465256955713f,0.4193570003996213f,-0.6607010607702846f,-0.03384468898661225f,0.42380526379501504f,-0.9051207849823341f,-15.04476045630298f,0f,0f,0f,1f],start_interpolation:0}
execute if entity @s[tag=aj.starscaller.bone.effects4] run data modify entity @s {} merge value {transformation:[-1.2554008727811719f,0.08827608963863931f,0.08827608963863949f,0.45658991843424723f,0.11731239500499209f,1.1392771002379758f,0.5290578212587428f,-0.6607010607702846f,-0.04269821989229636f,0.534669718849839f,-1.1418939710614857f,-15.04476045630298f,0f,0f,0f,1f],start_interpolation:0}
execute if entity @s[tag=aj.starscaller.locator_origin.starscaller_meteorite4] at @s on origin run tp @s ^0.05088 ^0.3292 ^-15.1699 ~4.42056 ~24.794
execute if entity @s[tag=aj.starscaller.bone.core5] run data modify entity @s {} merge value {transformation:[-0.6623779442899469f,-0.5297430787269544f,-0.5297430787269539f,1.8032977104638093f,-0.7039893764797593f,0.6819704147992262f,0.198280889503276f,-2.428726344716964f,0.2562311782782555f,0.5042703876686184f,-0.8246556611087306f,-15.731474095111226f,0f,0f,0f,1f],start_interpolation:0}
execute if entity @s[tag=aj.starscaller.bone.face17] run data modify entity @s {} merge value {transformation:[-0.6623779442899469f,-0.5297430787269544f,-0.5297430787269539f,1.8032977104638093f,-0.7039893764797593f,0.6819704147992262f,0.198280889503276f,-2.428726344716964f,0.2562311782782555f,0.5042703876686184f,-0.8246556611087306f,-15.731474095111226f,0f,0f,0f,1f],start_interpolation:0}
execute if entity @s[tag=aj.starscaller.bone.face18] run data modify entity @s {} merge value {transformation:[-0.6623779442899469f,-0.5297430787269544f,-0.5297430787269539f,1.8032977104638093f,-0.7039893764797593f,0.6819704147992262f,0.198280889503276f,-2.428726344716964f,0.2562311782782555f,0.5042703876686184f,-0.8246556611087306f,-15.731474095111226f,0f,0f,0f,1f],start_interpolation:0}
execute if entity @s[tag=aj.starscaller.bone.face19] run data modify entity @s {} merge value {transformation:[-0.6623779442899469f,-0.5297430787269544f,-0.5297430787269539f,1.8032977104638093f,-0.7039893764797593f,0.6819704147992262f,0.198280889503276f,-2.428726344716964f,0.2562311782782555f,0.5042703876686184f,-0.8246556611087306f,-15.731474095111226f,0f,0f,0f,1f],start_interpolation:0}
execute if entity @s[tag=aj.starscaller.bone.face20] run data modify entity @s {} merge value {transformation:[-0.6623779442899469f,-0.5297430787269544f,-0.5297430787269539f,1.8032977104638093f,-0.7039893764797593f,0.6819704147992262f,0.198280889503276f,-2.428726344716964f,0.2562311782782555f,0.5042703876686184f,-0.8246556611087306f,-15.731474095111226f,0f,0f,0f,1f],start_interpolation:0}
execute if entity @s[tag=aj.starscaller.bone.up5] run data modify entity @s {} merge value {transformation:[-0.6623779442899469f,-0.5297430787269544f,-0.5297430787269539f,1.8032977104638093f,-0.7039893764797593f,0.6819704147992262f,0.198280889503276f,-2.428726344716964f,0.2562311782782555f,0.5042703876686184f,-0.8246556611087306f,-15.731474095111226f,0f,0f,0f,1f],start_interpolation:0}
execute if entity @s[tag=aj.starscaller.bone.down5] run data modify entity @s {} merge value {transformation:[-0.6623779442899469f,-0.5297430787269544f,-0.5297430787269539f,1.8032977104638093f,-0.7039893764797593f,0.6819704147992262f,0.198280889503276f,-2.428726344716964f,0.2562311782782555f,0.5042703876686184f,-0.8246556611087306f,-15.731474095111226f,0f,0f,0f,1f],start_interpolation:0}
execute if entity @s[tag=aj.starscaller.bone.effects5] run data modify entity @s {} merge value {transformation:[-0.8356513226724249f,-0.668320115775118f,-0.6683201157751174f,1.8032977104638093f,-0.8881480107754476f,0.8603690446869322f,0.250149765707699f,-2.428726344716964f,0.32325943954500097f,0.636183949167483f,-1.0403797407438415f,-15.731474095111226f,0f,0f,0f,1f],start_interpolation:0}
execute if entity @s[tag=aj.starscaller.locator_origin.starscaller_meteorite5] at @s on origin run tp @s ^0.77682 ^-2.12748 ^-15.60597 ~-32.71592 ~11.43645
execute if entity @s[tag=aj.starscaller.bone.core6] run data modify entity @s {} merge value {transformation:[0.16409119891732432f,0.6975220707754972f,0.697522070775497f,-1.2384169852278317f,0.9269552494506758f,0.1328122283398061f,-0.3508772969561438f,-2.812703646894341f,-0.3373841192968482f,0.7041476214434564f,-0.6247784273338928f,-15.99078445116329f,0f,0f,0f,1f],start_interpolation:0}
execute if entity @s[tag=aj.starscaller.bone.face21] run data modify entity @s {} merge value {transformation:[0.16409119891732432f,0.6975220707754972f,0.697522070775497f,-1.2384169852278317f,0.9269552494506758f,0.1328122283398061f,-0.3508772969561438f,-2.812703646894341f,-0.3373841192968482f,0.7041476214434564f,-0.6247784273338928f,-15.99078445116329f,0f,0f,0f,1f],start_interpolation:0}
execute if entity @s[tag=aj.starscaller.bone.face22] run data modify entity @s {} merge value {transformation:[0.16409119891732432f,0.6975220707754972f,0.697522070775497f,-1.2384169852278317f,0.9269552494506758f,0.1328122283398061f,-0.3508772969561438f,-2.812703646894341f,-0.3373841192968482f,0.7041476214434564f,-0.6247784273338928f,-15.99078445116329f,0f,0f,0f,1f],start_interpolation:0}
execute if entity @s[tag=aj.starscaller.bone.face23] run data modify entity @s {} merge value {transformation:[0.16409119891732432f,0.6975220707754972f,0.697522070775497f,-1.2384169852278317f,0.9269552494506758f,0.1328122283398061f,-0.3508772969561438f,-2.812703646894341f,-0.3373841192968482f,0.7041476214434564f,-0.6247784273338928f,-15.99078445116329f,0f,0f,0f,1f],start_interpolation:0}
execute if entity @s[tag=aj.starscaller.bone.face24] run data modify entity @s {} merge value {transformation:[0.16409119891732432f,0.6975220707754972f,0.697522070775497f,-1.2384169852278317f,0.9269552494506758f,0.1328122283398061f,-0.3508772969561438f,-2.812703646894341f,-0.3373841192968482f,0.7041476214434564f,-0.6247784273338928f,-15.99078445116329f,0f,0f,0f,1f],start_interpolation:0}
execute if entity @s[tag=aj.starscaller.bone.up6] run data modify entity @s {} merge value {transformation:[0.16409119891732432f,0.6975220707754972f,0.697522070775497f,-1.2384169852278317f,0.9269552494506758f,0.1328122283398061f,-0.3508772969561438f,-2.812703646894341f,-0.3373841192968482f,0.7041476214434564f,-0.6247784273338928f,-15.99078445116329f,0f,0f,0f,1f],start_interpolation:0}
execute if entity @s[tag=aj.starscaller.bone.down6] run data modify entity @s {} merge value {transformation:[0.16409119891732432f,0.6975220707754972f,0.697522070775497f,-0.2094513776551707f,0.9269552494506758f,0.1328122283398061f,-0.3508772969561438f,-2.4562623236192143f,-0.3373841192968482f,0.7041476214434564f,-0.6247784273338928f,-16.1421346219541f,0f,0f,0f,1f],start_interpolation:0}
execute if entity @s[tag=aj.starscaller.bone.effects6] run data modify entity @s {} merge value {transformation:[0.20701629424143736f,0.8799889037090326f,0.8799889037090323f,-1.2384169852278317f,1.1694401767739555f,0.16755496652021531f,-0.44266431245901755f,-2.812703646894341f,-0.42564141510072534f,0.888347651500746f,-0.7882160384105789f,-15.99078445116329f,0f,0f,0f,1f],start_interpolation:0}
execute if entity @s[tag=aj.starscaller.locator_origin.starscaller_meteorite6] at @s on origin run tp @s ^-0.24087 ^-2.41675 ^-15.89975 ~48.14884 ~-20.54098
execute if entity @s[tag=aj.starscaller.bone.core7] run data modify entity @s {} merge value {transformation:[-0.9450968791466614f,-0.23107562509624696f,-0.23107562509624674f,1.101516277290922f,-0.30708241742791154f,0.8698266933060633f,0.38613716801011283f,0.7065945330658799f,0.11176885941026848f,0.43589629397210883f,-0.8930297548052408f,-15.542415553758245f,0f,0f,0f,1f],start_interpolation:0}
execute if entity @s[tag=aj.starscaller.bone.face25] run data modify entity @s {} merge value {transformation:[-0.9450968791466614f,-0.23107562509624696f,-0.23107562509624674f,1.88043070192975f,-0.30708241742791154f,0.8698266933060633f,0.38613716801011283f,-0.057963765522705546f,0.11176885941026848f,0.43589629397210883f,-0.8930297548052408f,-15.530183333974197f,0f,0f,0f,1f],start_interpolation:0}
execute if entity @s[tag=aj.starscaller.bone.face26] run data modify entity @s {} merge value {transformation:[-0.9450968791466614f,-0.23107562509624696f,-0.23107562509624674f,1.88043070192975f,-0.30708241742791154f,0.8698266933060633f,0.38613716801011283f,-0.057963765522705546f,0.11176885941026848f,0.43589629397210883f,-0.8930297548052408f,-15.530183333974197f,0f,0f,0f,1f],start_interpolation:0}
execute if entity @s[tag=aj.starscaller.bone.face27] run data modify entity @s {} merge value {transformation:[-0.9450968791466614f,-0.23107562509624696f,-0.23107562509624674f,1.88043070192975f,-0.30708241742791154f,0.8698266933060633f,0.38613716801011283f,-0.057963765522705546f,0.11176885941026848f,0.43589629397210883f,-0.8930297548052408f,-15.530183333974197f,0f,0f,0f,1f],start_interpolation:0}
execute if entity @s[tag=aj.starscaller.bone.face28] run data modify entity @s {} merge value {transformation:[-0.9450968791466614f,-0.23107562509624696f,-0.23107562509624674f,1.88043070192975f,-0.30708241742791154f,0.8698266933060633f,0.38613716801011283f,-0.057963765522705546f,0.11176885941026848f,0.43589629397210883f,-0.8930297548052408f,-15.530183333974197f,0f,0f,0f,1f],start_interpolation:0}
execute if entity @s[tag=aj.starscaller.bone.up7] run data modify entity @s {} merge value {transformation:[-0.9450968791466614f,-0.23107562509624696f,-0.23107562509624674f,1.88043070192975f,-0.30708241742791154f,0.8698266933060633f,0.38613716801011283f,-0.057963765522705546f,0.11176885941026848f,0.43589629397210883f,-0.8930297548052408f,-15.530183333974197f,0f,0f,0f,1f],start_interpolation:0}
execute if entity @s[tag=aj.starscaller.bone.down7] run data modify entity @s {} merge value {transformation:[-0.9450968791466614f,-0.23107562509624696f,-0.23107562509624674f,1.88043070192975f,-0.30708241742791154f,0.8698266933060633f,0.38613716801011283f,-0.057963765522705546f,0.11176885941026848f,0.43589629397210883f,-0.8930297548052408f,-15.530183333974197f,0f,0f,0f,1f],start_interpolation:0}
execute if entity @s[tag=aj.starscaller.bone.effects7] run data modify entity @s {} merge value {transformation:[-1.1923275282952006f,-0.2915233718357474f,-0.2915233718357471f,1.88043070192975f,-0.38741300265992973f,1.0973671950025186f,0.48714791602328494f,-0.057963765522705546f,0.14100680133590723f,0.5499236768764635f,-1.126640013034862f,-15.530183333974197f,0f,0f,0f,1f],start_interpolation:0}
execute if entity @s[tag=aj.starscaller.locator_origin.starscaller_meteorite7] at @s on origin run tp @s ^1.1046 ^0.6883 ^-15.56665 ~-14.50736 ~22.71436
execute if entity @s[tag=aj.starscaller.bone.core8] run data modify entity @s {} merge value {transformation:[-0.6623779442899468f,0.5297430787269544f,0.5297430787269541f,-0.5819380429684284f,0.7039893764797593f,0.6819704147992262f,0.198280889503276f,-0.4659158950431562f,-0.2562311782782556f,0.5042703876686186f,-0.8246556611087305f,-15.913789788061196f,0f,0f,0f,1f],start_interpolation:0}
execute if entity @s[tag=aj.starscaller.bone.face29] run data modify entity @s {} merge value {transformation:[-0.6623779442899468f,0.5297430787269544f,0.5297430787269541f,-0.5819380429684284f,0.7039893764797593f,0.6819704147992262f,0.198280889503276f,-0.4659158950431562f,-0.2562311782782556f,0.5042703876686186f,-0.8246556611087305f,-15.913789788061196f,0f,0f,0f,1f],start_interpolation:0}
execute if entity @s[tag=aj.starscaller.bone.face30] run data modify entity @s {} merge value {transformation:[-0.6623779442899468f,0.5297430787269544f,0.5297430787269541f,-0.5819380429684284f,0.7039893764797593f,0.6819704147992262f,0.198280889503276f,-0.4659158950431562f,-0.2562311782782556f,0.5042703876686186f,-0.8246556611087305f,-15.913789788061196f,0f,0f,0f,1f],start_interpolation:0}
execute if entity @s[tag=aj.starscaller.bone.face31] run data modify entity @s {} merge value {transformation:[-0.6623779442899468f,0.5297430787269544f,0.5297430787269541f,-0.5819380429684284f,0.7039893764797593f,0.6819704147992262f,0.198280889503276f,-0.4659158950431562f,-0.2562311782782556f,0.5042703876686186f,-0.8246556611087305f,-15.913789788061196f,0f,0f,0f,1f],start_interpolation:0}
execute if entity @s[tag=aj.starscaller.bone.face32] run data modify entity @s {} merge value {transformation:[-0.6623779442899468f,0.5297430787269544f,0.5297430787269541f,-0.5819380429684284f,0.7039893764797593f,0.6819704147992262f,0.198280889503276f,-0.4659158950431562f,-0.2562311782782556f,0.5042703876686186f,-0.8246556611087305f,-15.913789788061196f,0f,0f,0f,1f],start_interpolation:0}
execute if entity @s[tag=aj.starscaller.bone.up8] run data modify entity @s {} merge value {transformation:[-0.6623779442899468f,0.5297430787269544f,0.5297430787269541f,-0.5819380429684284f,0.7039893764797593f,0.6819704147992262f,0.198280889503276f,-0.4659158950431562f,-0.2562311782782556f,0.5042703876686186f,-0.8246556611087305f,-15.913789788061196f,0f,0f,0f,1f],start_interpolation:0}
execute if entity @s[tag=aj.starscaller.bone.down8] run data modify entity @s {} merge value {transformation:[-0.6623779442899468f,0.5297430787269544f,0.5297430787269541f,-0.5819380429684284f,0.7039893764797593f,0.6819704147992262f,0.198280889503276f,-0.4659158950431562f,-0.2562311782782556f,0.5042703876686186f,-0.8246556611087305f,-15.913789788061196f,0f,0f,0f,1f],start_interpolation:0}
execute if entity @s[tag=aj.starscaller.bone.effects8] run data modify entity @s {} merge value {transformation:[-0.8356513226724248f,0.668320115775118f,0.6683201157751176f,-0.5819380429684284f,0.8881480107754476f,0.8603690446869322f,0.250149765707699f,-0.4659158950431562f,-0.3232594395450011f,0.6361839491674832f,-1.0403797407438415f,-15.913789788061196f,0f,0f,0f,1f],start_interpolation:0}
execute if entity @s[tag=aj.starscaller.locator_origin.starscaller_meteorite8] at @s on origin run tp @s ^-0.21784 ^0.53932 ^-16.04451 ~32.71592 ~11.43645
execute if entity @s[tag=aj.starscaller.bone.core9] run data modify entity @s {} merge value {transformation:[-0.9429647161808763f,-0.23539067954989282f,-0.23539067954989257f,0.0690500309367964f,-0.3128168056932542f,0.8684099498533283f,0.3847204245573777f,-1.7892848542858393f,0.11385600605057862f,0.43641194641849557f,-0.892514102358854f,-14.367945105469104f,0f,0f,0f,1f],start_interpolation:0}
execute if entity @s[tag=aj.starscaller.bone.face33] run data modify entity @s {} merge value {transformation:[-0.9429647161808763f,-0.23539067954989282f,-0.23539067954989257f,0.0690500309367964f,-0.3128168056932542f,0.8684099498533283f,0.3847204245573777f,-1.7892848542858393f,0.11385600605057862f,0.43641194641849557f,-0.892514102358854f,-14.367945105469104f,0f,0f,0f,1f],start_interpolation:0}
execute if entity @s[tag=aj.starscaller.bone.face34] run data modify entity @s {} merge value {transformation:[-0.9429647161808763f,-0.23539067954989282f,-0.23539067954989257f,0.0690500309367964f,-0.3128168056932542f,0.8684099498533283f,0.3847204245573777f,-1.7892848542858393f,0.11385600605057862f,0.43641194641849557f,-0.892514102358854f,-14.367945105469104f,0f,0f,0f,1f],start_interpolation:0}
execute if entity @s[tag=aj.starscaller.bone.face35] run data modify entity @s {} merge value {transformation:[-0.9429647161808763f,-0.23539067954989282f,-0.23539067954989257f,0.0690500309367964f,-0.3128168056932542f,0.8684099498533283f,0.3847204245573777f,-1.7892848542858393f,0.11385600605057862f,0.43641194641849557f,-0.892514102358854f,-14.367945105469104f,0f,0f,0f,1f],start_interpolation:0}
execute if entity @s[tag=aj.starscaller.bone.face36] run data modify entity @s {} merge value {transformation:[-0.9429647161808763f,-0.23539067954989282f,-0.23539067954989257f,0.0690500309367964f,-0.3128168056932542f,0.8684099498533283f,0.3847204245573777f,-1.7892848542858393f,0.11385600605057862f,0.43641194641849557f,-0.892514102358854f,-14.367945105469104f,0f,0f,0f,1f],start_interpolation:0}
execute if entity @s[tag=aj.starscaller.bone.up9] run data modify entity @s {} merge value {transformation:[-0.9429647161808763f,-0.23539067954989282f,-0.23539067954989257f,0.0690500309367964f,-0.3128168056932542f,0.8684099498533283f,0.3847204245573777f,-1.7892848542858393f,0.11385600605057862f,0.43641194641849557f,-0.892514102358854f,-14.367945105469104f,0f,0f,0f,1f],start_interpolation:0}
execute if entity @s[tag=aj.starscaller.bone.down9] run data modify entity @s {} merge value {transformation:[-0.9429647161808763f,-0.23539067954989282f,-0.23539067954989257f,0.0690500309367964f,-0.3128168056932542f,0.8684099498533283f,0.3847204245573777f,-1.7892848542858393f,0.11385600605057862f,0.43641194641849557f,-0.892514102358854f,-14.367945105469104f,0f,0f,0f,1f],start_interpolation:0}
execute if entity @s[tag=aj.starscaller.bone.effects9] run data modify entity @s {} merge value {transformation:[-1.1896376066003873f,-0.29696721396949793f,-0.29696721396949766f,0.0690500309367964f,-0.3946474662769025f,1.0955798414978142f,0.4853605625185804f,-1.7892848542858393f,0.14363993075336712f,0.5505742203502868f,-1.1259894695610384f,-14.367945105469104f,0f,0f,0f,1f],start_interpolation:0}
execute if entity @s[tag=aj.starscaller.locator_origin.starscaller_meteorite9] at @s on origin run tp @s ^-0.72609 ^-0.99347 ^-14.37541 ~-14.77469 ~22.62638
execute if entity @s[tag=aj.starscaller.bone.meteorite_staff_effects] run data modify entity @s {} merge value {transformation:[-0.000007067115993565323f,7.54289406945805e-7f,-0.000007034693953830727f,-0.3034928925169132f,0.0000066493060936211665f,0.000004105093400560732f,-0.000006239786586575312f,5.832636451060842f,0.000002417147080097871f,-0.000009087312895638735f,-0.0000034026672376140837f,-1.0083461643283027f,0f,0f,0f,1f],start_interpolation:0}
execute if entity @s[tag=aj.starscaller.bone.meteorite_staff] run data modify entity @s {} merge value {transformation:[-1.5372706721245137f,0.11628628357081158f,0.0035344009740858936f,-0.3785709087126438f,0.044642661487628944f,0.6328685659197794f,-1.405069579115943f,5.458840558759781f,-0.1074338145662612f,-1.400960738077638f,-0.6344313177671886f,-0.20805432002111024f,0f,0f,0f,1f],start_interpolation:0}
execute if entity @s[tag=aj.starscaller.bone.right_arm2] run data modify entity @s {} merge value {transformation:[-0.9971485440807657f,0.0019399027659808415f,0.07543883492517525f,-0.31639829680985576f,0.028957402046029587f,0.9329779720911258f,0.35876673822899907f,5.672243625245541f,-0.06968679863757483f,0.3599282433624639f,-0.930373801074416f,-0.12223435023567866f,0f,0f,0f,1f],start_interpolation:0}
execute if entity @s[tag=aj.starscaller.bone.right_arm] run data modify entity @s {} merge value {transformation:[-0.9971485440807657f,0.021301140101804852f,0.07239504449872644f,-0.31107301178440455f,0.028957402046029587f,0.9939004990178393f,0.10641084023178626f,5.920718750000001f,-0.06968679863757483f,0.10820378682122646f,-0.9916832612347516f,-0.09518340353037205f,0f,0f,0f,1f],start_interpolation:0}
execute if entity @s[tag=aj.starscaller.bone.left_arm2] run data modify entity @s {} merge value {transformation:[-0.9950128776319789f,-0.0799382101680407f,0.05965949967657011f,0.4502673153586233f,-0.08158865922944421f,0.9963332007165606f,-0.02575740349948985f,5.696241892935681f,-0.05738173953158045f,-0.030496486765266173f,-0.9978864165140768f,0.05144249952046589f,0f,0f,0f,1f],start_interpolation:0}
execute if entity @s[tag=aj.starscaller.bone.left_arm] run data modify entity @s {} merge value {transformation:[-0.9950128776319789f,-0.057368124526758185f,0.08159823303730834f,0.3115486745229364f,-0.08158865922944421f,0.9387017578720035f,-0.3349362632698231f,5.920718750000001f,-0.05738173953158045f,-0.33992338556841445f,-0.9387009257010652f,-0.04071106431308528f,0f,0f,0f,1f],start_interpolation:0}
execute if entity @s[tag=aj.starscaller.locator_origin.player_camera] at @s on origin run tp @s ^0.03837 ^4.85822 ^-0.50378 ~5 ~0
execute if entity @s[tag=aj.starscaller.bone.head] run data modify entity @s {} merge value {transformation:[-0.9961946980917454f,0.009302919453854959f,0.08665782817224982f,-0.005209402552462758f,0f,0.9942870709409174f,-0.10673903016109458f,6.0644687500000005f,-0.08715574274765885f,-0.10633285592593733f,-0.9905035084525131f,-0.005685065290994579f,0f,0f,0f,1f],start_interpolation:0}
execute if entity @s[tag=aj.starscaller.bone.body_top] run data modify entity @s {} merge value {transformation:[-0.9961946980917454f,0f,0.08715574274765885f,-0.005209402552462758f,0f,1f,0f,5.670718750000001f,-0.08715574274765885f,0f,-0.9961946980917454f,-0.005685065290994579f,0f,0f,0f,1f],start_interpolation:0}
execute if entity @s[tag=aj.starscaller.bone.body] run data modify entity @s {} merge value {transformation:[-0.9961946980917454f,0f,0.08715574274765885f,-0.005209402552462758f,0f,1f,0f,5.233218750000001f,-0.08715574274765885f,0f,-0.9961946980917454f,-0.005685065290994579f,0f,0f,0f,1f],start_interpolation:0}
execute if entity @s[tag=aj.starscaller.bone.right_leg2] run data modify entity @s {} merge value {transformation:[-0.989405640546695f,0.1327567693418111f,0.05875473298645235f,-0.17660048081522087f,0.1333556214840367f,0.9910477534414386f,0.006374058148764822f,4.9555343298055545f,-0.05738254676284833f,0.014141803018097511f,-0.9982520987878798f,-0.03538261037755476f,0f,0f,0f,1f],start_interpolation:0}
execute if entity @s[tag=aj.starscaller.bone.right_leg] run data modify entity @s {} merge value {transformation:[-0.989405640546695f,0.13041180104706765f,0.06379059963696995f,-0.12973373981393094f,0.1333556214840367f,0.9900783866280239f,0.044283931065968174f,5.311343750000001f,-0.05738254676284833f,0.052321606241677414f,-0.9969802870906227f,-0.016579533134451936f,0f,0f,0f,1f],start_interpolation:0}
execute if entity @s[tag=aj.starscaller.bone.left_leg2] run data modify entity @s {} merge value {transformation:[-0.9793039610203147f,-0.054257162855709355f,0.19498695394505497f,0.16088428643424119f,-0.10627446477033119f,0.9577490202500332f,-0.2672499810063248f,4.9551186509565905f,-0.17224833835976938f,-0.28244109914980564f,-0.9436935601366303f,0.02814536631369429f,0f,0f,0f,1f],start_interpolation:0}
execute if entity @s[tag=aj.starscaller.bone.left_leg] run data modify entity @s {} merge value {transformation:[-0.976178421669643f,-0.11567123958326478f,0.18356430317421601f,0.11931493470900542f,-0.12531821151511305f,0.9912350582077489f,-0.041813935984715625f,5.311343750000001f,-0.17711870293455156f,-0.06382181220516595f,-0.982117987493168f,0.005209402552462779f,0f,0f,0f,1f],start_interpolation:0}