execute if entity @s[tag=aj.starscaller.bone.core] run data modify entity @s {} merge value {transformation:[-0.8322109517210742f,-0.392061813898972f,-0.39206181389897166f,0.38582982559177803f,-0.5210211572212412f,0.7948181685579372f,0.3111286432619868f,10.040933838390092f,0.18963619265146275f,0.4631971642966458f,-0.8657288844807032f,-0.42196839443439627f,0f,0f,0f,1f],start_interpolation:0}
execute if entity @s[tag=aj.starscaller.bone.face1] run data modify entity @s {} merge value {transformation:[-0.8322109517210742f,-0.392061813898972f,-0.39206181389897166f,0.38582982559177803f,-0.5210211572212412f,0.7948181685579372f,0.3111286432619868f,10.040933838390092f,0.18963619265146275f,0.4631971642966458f,-0.8657288844807032f,-0.42196839443439627f,0f,0f,0f,1f],start_interpolation:0}
execute if entity @s[tag=aj.starscaller.bone.face2] run data modify entity @s {} merge value {transformation:[-0.8322109517210742f,-0.392061813898972f,-0.39206181389897166f,0.38582982559177803f,-0.5210211572212412f,0.7948181685579372f,0.3111286432619868f,10.040933838390092f,0.18963619265146275f,0.4631971642966458f,-0.8657288844807032f,-0.42196839443439627f,0f,0f,0f,1f],start_interpolation:0}
execute if entity @s[tag=aj.starscaller.bone.face3] run data modify entity @s {} merge value {transformation:[-0.8322109517210742f,-0.392061813898972f,-0.39206181389897166f,0.38582982559177803f,-0.5210211572212412f,0.7948181685579372f,0.3111286432619868f,10.040933838390092f,0.18963619265146275f,0.4631971642966458f,-0.8657288844807032f,-0.42196839443439627f,0f,0f,0f,1f],start_interpolation:0}
execute if entity @s[tag=aj.starscaller.bone.face4] run data modify entity @s {} merge value {transformation:[-0.8322109517210742f,-0.392061813898972f,-0.39206181389897166f,0.38582982559177803f,-0.5210211572212412f,0.7948181685579372f,0.3111286432619868f,10.040933838390092f,0.18963619265146275f,0.4631971642966458f,-0.8657288844807032f,-0.42196839443439627f,0f,0f,0f,1f],start_interpolation:0}
execute if entity @s[tag=aj.starscaller.bone.up] run data modify entity @s {} merge value {transformation:[-0.8322109517210742f,-0.392061813898972f,-0.39206181389897166f,0.38582982559177803f,-0.5210211572212412f,0.7948181685579372f,0.3111286432619868f,10.040933838390092f,0.18963619265146275f,0.4631971642966458f,-0.8657288844807032f,-0.42196839443439627f,0f,0f,0f,1f],start_interpolation:0}
execute if entity @s[tag=aj.starscaller.bone.down] run data modify entity @s {} merge value {transformation:[-0.8322109517210742f,-0.392061813898972f,-0.39206181389897166f,0.38582982559177803f,-0.5210211572212412f,0.7948181685579372f,0.3111286432619868f,10.040933838390092f,0.18963619265146275f,0.4631971642966458f,-0.8657288844807032f,-0.42196839443439627f,0f,0f,0f,1f],start_interpolation:0}
execute if entity @s[tag=aj.starscaller.bone.effects] run data modify entity @s {} merge value {transformation:[-1.0499114418637325f,-0.49462240731042795f,-0.4946224073104275f,0.38582982559177803f,-0.6573166013837876f,1.0027369714906662f,0.39251769251143276f,10.040933838390092f,0.2392436773927208f,0.5843662614967345f,-1.09219742841459f,-0.42196839443439627f,0f,0f,0f,1f],start_interpolation:0}
execute if entity @s[tag=aj.starscaller.locator_origin.starscaller_meteorite1] at @s on origin run tp @s ^-0.54486 ^10.58178 ^-0.38367 ~-24.3643 ~18.12726
execute if entity @s[tag=aj.starscaller.bone.core2] run data modify entity @s {} merge value {transformation:[-0.7609509675313445f,0.45877751961768487f,0.4587775196176848f,2.60711716295007f,0.6096813964134027f,0.7474685439453405f,0.26377901864939013f,5.859891089845214f,-0.22190588068033149f,0.48043101825930945f,-0.8484950305180395f,1.099806714230489f,0f,0f,0f,1f],start_interpolation:0}
execute if entity @s[tag=aj.starscaller.bone.face5] run data modify entity @s {} merge value {transformation:[-0.7609509675313445f,0.45877751961768487f,0.4587775196176848f,2.60711716295007f,0.6096813964134027f,0.7474685439453405f,0.26377901864939013f,5.859891089845214f,-0.22190588068033149f,0.48043101825930945f,-0.8484950305180395f,1.099806714230489f,0f,0f,0f,1f],start_interpolation:0}
execute if entity @s[tag=aj.starscaller.bone.face6] run data modify entity @s {} merge value {transformation:[-0.7609509675313445f,0.45877751961768487f,0.4587775196176848f,2.60711716295007f,0.6096813964134027f,0.7474685439453405f,0.26377901864939013f,5.859891089845214f,-0.22190588068033149f,0.48043101825930945f,-0.8484950305180395f,1.099806714230489f,0f,0f,0f,1f],start_interpolation:0}
execute if entity @s[tag=aj.starscaller.bone.face7] run data modify entity @s {} merge value {transformation:[-0.7609509675313445f,0.45877751961768487f,0.4587775196176848f,2.60711716295007f,0.6096813964134027f,0.7474685439453405f,0.26377901864939013f,5.859891089845214f,-0.22190588068033149f,0.48043101825930945f,-0.8484950305180395f,1.099806714230489f,0f,0f,0f,1f],start_interpolation:0}
execute if entity @s[tag=aj.starscaller.bone.face8] run data modify entity @s {} merge value {transformation:[-0.7609509675313445f,0.45877751961768487f,0.4587775196176848f,2.60711716295007f,0.6096813964134027f,0.7474685439453405f,0.26377901864939013f,5.859891089845214f,-0.22190588068033149f,0.48043101825930945f,-0.8484950305180395f,1.099806714230489f,0f,0f,0f,1f],start_interpolation:0}
execute if entity @s[tag=aj.starscaller.bone.up2] run data modify entity @s {} merge value {transformation:[-0.7609509675313445f,0.45877751961768487f,0.4587775196176848f,2.60711716295007f,0.6096813964134027f,0.7474685439453405f,0.26377901864939013f,5.859891089845214f,-0.22190588068033149f,0.48043101825930945f,-0.8484950305180395f,1.099806714230489f,0f,0f,0f,1f],start_interpolation:0}
execute if entity @s[tag=aj.starscaller.bone.down2] run data modify entity @s {} merge value {transformation:[-0.7609509675313445f,0.45877751961768487f,0.4587775196176848f,2.60711716295007f,0.6096813964134027f,0.7474685439453405f,0.26377901864939013f,5.859891089845214f,-0.22190588068033149f,0.48043101825930945f,-0.8484950305180395f,1.099806714230489f,0f,0f,0f,1f],start_interpolation:0}
execute if entity @s[tag=aj.starscaller.bone.effects2] run data modify entity @s {} merge value {transformation:[-0.9600103505681908f,0.578790469075574f,0.5787904690755739f,2.60711716295007f,0.7691697311385909f,0.9430010204725885f,0.33278174149335515f,5.859891089845214f,-0.27995488723298473f,0.6061083695828988f,-1.0704553203284257f,1.099806714230489f,0f,0f,0f,1f],start_interpolation:0}
execute if entity @s[tag=aj.starscaller.locator_origin.starscaller_meteorite2] at @s on origin run tp @s ^2.82879 ^6.90394 ^0.95496 ~28.39989 ~15.29441
execute if entity @s[tag=aj.starscaller.bone.core3] run data modify entity @s {} merge value {transformation:[-0.729581389750519f,0.4835860811322538f,0.48358608113225393f,-0.18631609785411185f,0.6426501400428086f,0.7266246194192976f,0.24293509412334735f,10.337156073273102f,-0.23390552202258874f,0.48801758635208076f,-0.8409084624252687f,-1.0773861524147208f,0f,0f,0f,1f],start_interpolation:0}
execute if entity @s[tag=aj.starscaller.bone.face9] run data modify entity @s {} merge value {transformation:[-0.729581389750519f,0.4835860811322538f,0.48358608113225393f,-0.18631609785411185f,0.6426501400428086f,0.7266246194192976f,0.24293509412334735f,10.337156073273102f,-0.23390552202258874f,0.48801758635208076f,-0.8409084624252687f,-1.0773861524147208f,0f,0f,0f,1f],start_interpolation:0}
execute if entity @s[tag=aj.starscaller.bone.face10] run data modify entity @s {} merge value {transformation:[-0.729581389750519f,0.4835860811322538f,0.48358608113225393f,-0.18631609785411185f,0.6426501400428086f,0.7266246194192976f,0.24293509412334735f,10.337156073273102f,-0.23390552202258874f,0.48801758635208076f,-0.8409084624252687f,-1.0773861524147208f,0f,0f,0f,1f],start_interpolation:0}
execute if entity @s[tag=aj.starscaller.bone.face11] run data modify entity @s {} merge value {transformation:[-0.729581389750519f,0.4835860811322538f,0.48358608113225393f,-0.18631609785411185f,0.6426501400428086f,0.7266246194192976f,0.24293509412334735f,10.337156073273102f,-0.23390552202258874f,0.48801758635208076f,-0.8409084624252687f,-1.0773861524147208f,0f,0f,0f,1f],start_interpolation:0}
execute if entity @s[tag=aj.starscaller.bone.face12] run data modify entity @s {} merge value {transformation:[-0.729581389750519f,0.4835860811322538f,0.48358608113225393f,-0.18631609785411185f,0.6426501400428086f,0.7266246194192976f,0.24293509412334735f,10.337156073273102f,-0.23390552202258874f,0.48801758635208076f,-0.8409084624252687f,-1.0773861524147208f,0f,0f,0f,1f],start_interpolation:0}
execute if entity @s[tag=aj.starscaller.bone.up3] run data modify entity @s {} merge value {transformation:[-0.729581389750519f,0.4835860811322538f,0.48358608113225393f,-0.18631609785411185f,0.6426501400428086f,0.7266246194192976f,0.24293509412334735f,10.337156073273102f,-0.23390552202258874f,0.48801758635208076f,-0.8409084624252687f,-1.0773861524147208f,0f,0f,0f,1f],start_interpolation:0}
execute if entity @s[tag=aj.starscaller.bone.down3] run data modify entity @s {} merge value {transformation:[-0.729581389750519f,0.4835860811322538f,0.48358608113225393f,-0.18631609785411185f,0.6426501400428086f,0.7266246194192976f,0.24293509412334735f,10.337156073273102f,-0.23390552202258874f,0.48801758635208076f,-0.8409084624252687f,-1.0773861524147208f,0f,0f,0f,1f],start_interpolation:0}
execute if entity @s[tag=aj.starscaller.bone.effects3] run data modify entity @s {} merge value {transformation:[-0.9204347134410773f,0.6100887745550434f,0.6100887745550435f,-0.18631609785411185f,0.8107628645728487f,0.9167044729349982f,0.30648519395576496f,10.337156073273102f,-0.29509354975291696f,0.6156795301505484f,-1.0608841597607768f,-1.0773861524147208f,0f,0f,0f,1f],start_interpolation:0}
execute if entity @s[tag=aj.starscaller.locator_origin.starscaller_meteorite3] at @s on origin run tp @s ^0.0836 ^11.37033 ^-1.21828 ~29.90216 ~14.05984
execute if entity @s[tag=aj.starscaller.bone.core4] run data modify entity @s {} merge value {transformation:[-0.6090641535025776f,-0.5608212089954286f,-0.5608212089954285f,-1.5803779260369362f,-0.7452899133408311f,0.6465453721310258f,0.1628558468350756f,6.0740997902134595f,0.2712633443548996f,0.5171640487474538f,-0.8117620000298954f,2.1170444868857947f,0f,0f,0f,1f],start_interpolation:0}
execute if entity @s[tag=aj.starscaller.bone.face13] run data modify entity @s {} merge value {transformation:[-0.6090641535025776f,-0.5608212089954286f,-0.5608212089954285f,-1.5803779260369362f,-0.7452899133408311f,0.6465453721310258f,0.1628558468350756f,6.0740997902134595f,0.2712633443548996f,0.5171640487474538f,-0.8117620000298954f,2.1170444868857947f,0f,0f,0f,1f],start_interpolation:0}
execute if entity @s[tag=aj.starscaller.bone.face14] run data modify entity @s {} merge value {transformation:[-0.6090641535025776f,-0.5608212089954286f,-0.5608212089954285f,-1.5803779260369362f,-0.7452899133408311f,0.6465453721310258f,0.1628558468350756f,6.0740997902134595f,0.2712633443548996f,0.5171640487474538f,-0.8117620000298954f,2.1170444868857947f,0f,0f,0f,1f],start_interpolation:0}
execute if entity @s[tag=aj.starscaller.bone.face15] run data modify entity @s {} merge value {transformation:[-0.6090641535025776f,-0.5608212089954286f,-0.5608212089954285f,-1.5803779260369362f,-0.7452899133408311f,0.6465453721310258f,0.1628558468350756f,6.0740997902134595f,0.2712633443548996f,0.5171640487474538f,-0.8117620000298954f,2.1170444868857947f,0f,0f,0f,1f],start_interpolation:0}
execute if entity @s[tag=aj.starscaller.bone.face16] run data modify entity @s {} merge value {transformation:[-0.6090641535025776f,-0.5608212089954286f,-0.5608212089954285f,-1.5803779260369362f,-0.7452899133408311f,0.6465453721310258f,0.1628558468350756f,6.0740997902134595f,0.2712633443548996f,0.5171640487474538f,-0.8117620000298954f,2.1170444868857947f,0f,0f,0f,1f],start_interpolation:0}
execute if entity @s[tag=aj.starscaller.bone.up4] run data modify entity @s {} merge value {transformation:[-0.6090641535025776f,-0.5608212089954286f,-0.5608212089954285f,-1.5803779260369362f,-0.7452899133408311f,0.6465453721310258f,0.1628558468350756f,6.0740997902134595f,0.2712633443548996f,0.5171640487474538f,-0.8117620000298954f,2.1170444868857947f,0f,0f,0f,1f],start_interpolation:0}
execute if entity @s[tag=aj.starscaller.bone.down4] run data modify entity @s {} merge value {transformation:[-0.6090641535025776f,-0.5608212089954286f,-0.5608212089954285f,-1.5803779260369362f,-0.7452899133408311f,0.6465453721310258f,0.1628558468350756f,6.0740997902134595f,0.2712633443548996f,0.5171640487474538f,-0.8117620000298954f,2.1170444868857947f,0f,0f,0f,1f],start_interpolation:0}
execute if entity @s[tag=aj.starscaller.bone.effects4] run data modify entity @s {} merge value {transformation:[-0.7683910218544312f,-0.707528064785069f,-0.7075280647850689f,-1.5803779260369362f,-0.9402524755339062f,0.8156770617841163f,0.20545778280488294f,6.0740997902134595f,0.34222391378945216f,0.6524505006544424f,-1.0241131892568824f,2.1170444868857947f,0f,0f,0f,1f],start_interpolation:0}
execute if entity @s[tag=aj.starscaller.locator_origin.starscaller_meteorite4] at @s on origin run tp @s ^-2.62099 ^6.3082 ^2.26699 ~-34.63939 ~9.3727
execute if entity @s[tag=aj.starscaller.bone.core5] run data modify entity @s {} merge value {transformation:[-0.699328794220754f,0.5054400249157887f,0.5054400249157887f,4.459014513126196f,0.6716924152052639f,0.7065228882979826f,0.22283336300203244f,7.770753120459899f,-0.24447604571709108f,0.4953340181374619f,-0.8335920306398876f,0.13050897241972315f,0f,0f,0f,1f],start_interpolation:0}
execute if entity @s[tag=aj.starscaller.bone.face17] run data modify entity @s {} merge value {transformation:[-0.699328794220754f,0.5054400249157887f,0.5054400249157887f,4.459014513126196f,0.6716924152052639f,0.7065228882979826f,0.22283336300203244f,7.770753120459899f,-0.24447604571709108f,0.4953340181374619f,-0.8335920306398876f,0.13050897241972315f,0f,0f,0f,1f],start_interpolation:0}
execute if entity @s[tag=aj.starscaller.bone.face18] run data modify entity @s {} merge value {transformation:[-0.699328794220754f,0.5054400249157887f,0.5054400249157887f,4.459014513126196f,0.6716924152052639f,0.7065228882979826f,0.22283336300203244f,7.770753120459899f,-0.24447604571709108f,0.4953340181374619f,-0.8335920306398876f,0.13050897241972315f,0f,0f,0f,1f],start_interpolation:0}
execute if entity @s[tag=aj.starscaller.bone.face19] run data modify entity @s {} merge value {transformation:[-0.699328794220754f,0.5054400249157887f,0.5054400249157887f,4.459014513126196f,0.6716924152052639f,0.7065228882979826f,0.22283336300203244f,7.770753120459899f,-0.24447604571709108f,0.4953340181374619f,-0.8335920306398876f,0.13050897241972315f,0f,0f,0f,1f],start_interpolation:0}
execute if entity @s[tag=aj.starscaller.bone.face20] run data modify entity @s {} merge value {transformation:[-0.699328794220754f,0.5054400249157887f,0.5054400249157887f,4.459014513126196f,0.6716924152052639f,0.7065228882979826f,0.22283336300203244f,7.770753120459899f,-0.24447604571709108f,0.4953340181374619f,-0.8335920306398876f,0.13050897241972315f,0f,0f,0f,1f],start_interpolation:0}
execute if entity @s[tag=aj.starscaller.bone.up5] run data modify entity @s {} merge value {transformation:[-0.699328794220754f,0.5054400249157887f,0.5054400249157887f,4.459014513126196f,0.6716924152052639f,0.7065228882979826f,0.22283336300203244f,7.770753120459899f,-0.24447604571709108f,0.4953340181374619f,-0.8335920306398876f,0.13050897241972315f,0f,0f,0f,1f],start_interpolation:0}
execute if entity @s[tag=aj.starscaller.bone.down5] run data modify entity @s {} merge value {transformation:[-0.699328794220754f,0.5054400249157887f,0.5054400249157887f,4.459014513126196f,0.6716924152052639f,0.7065228882979826f,0.22283336300203244f,7.770753120459899f,-0.24447604571709108f,0.4953340181374619f,-0.8335920306398876f,0.13050897241972315f,0f,0f,0f,1f],start_interpolation:0}
execute if entity @s[tag=aj.starscaller.bone.effects5] run data modify entity @s {} merge value {transformation:[-0.8822682532099442f,0.6376595552335824f,0.6376595552335824f,4.459014513126196f,0.8474023932016865f,0.8913442713396094f,0.2811249923603762f,7.770753120459899f,-0.30842924757135826f,0.6249098886662601f,-1.0516538012450651f,0.13050897241972315f,0f,0f,0f,1f],start_interpolation:0}
execute if entity @s[tag=aj.starscaller.locator_origin.starscaller_meteorite5] at @s on origin run tp @s ^4.77274 ^8.79207 ^-0.00607 ~31.2301 ~12.8755
execute if entity @s[tag=aj.starscaller.bone.core6] run data modify entity @s {} merge value {transformation:[-0.6874127884361382f,-0.5135482734341793f,-0.5135482734341791f,-1.3384403979001365f,-0.6824676778713137f,0.6986051430557034f,0.21491561775975332f,7.043065206412213f,0.24839792059393284f,0.4982158417281538f,-0.8307102070491952f,-0.015335548347980343f,0f,0f,0f,1f],start_interpolation:0}
execute if entity @s[tag=aj.starscaller.bone.face21] run data modify entity @s {} merge value {transformation:[-0.6874127884361382f,-0.5135482734341793f,-0.5135482734341791f,-1.3384403979001365f,-0.6824676778713137f,0.6986051430557034f,0.21491561775975332f,7.043065206412213f,0.24839792059393284f,0.4982158417281538f,-0.8307102070491952f,-0.015335548347980343f,0f,0f,0f,1f],start_interpolation:0}
execute if entity @s[tag=aj.starscaller.bone.face22] run data modify entity @s {} merge value {transformation:[-0.6874127884361382f,-0.5135482734341793f,-0.5135482734341791f,-1.3384403979001365f,-0.6824676778713137f,0.6986051430557034f,0.21491561775975332f,7.043065206412213f,0.24839792059393284f,0.4982158417281538f,-0.8307102070491952f,-0.015335548347980343f,0f,0f,0f,1f],start_interpolation:0}
execute if entity @s[tag=aj.starscaller.bone.face23] run data modify entity @s {} merge value {transformation:[-0.6874127884361382f,-0.5135482734341793f,-0.5135482734341791f,-1.3384403979001365f,-0.6824676778713137f,0.6986051430557034f,0.21491561775975332f,7.043065206412213f,0.24839792059393284f,0.4982158417281538f,-0.8307102070491952f,-0.015335548347980343f,0f,0f,0f,1f],start_interpolation:0}
execute if entity @s[tag=aj.starscaller.bone.face24] run data modify entity @s {} merge value {transformation:[-0.6874127884361382f,-0.5135482734341793f,-0.5135482734341791f,-1.3384403979001365f,-0.6824676778713137f,0.6986051430557034f,0.21491561775975332f,7.043065206412213f,0.24839792059393284f,0.4982158417281538f,-0.8307102070491952f,-0.015335548347980343f,0f,0f,0f,1f],start_interpolation:0}
execute if entity @s[tag=aj.starscaller.bone.up6] run data modify entity @s {} merge value {transformation:[-0.6874127884361382f,-0.5135482734341793f,-0.5135482734341791f,-1.3384403979001365f,-0.6824676778713137f,0.6986051430557034f,0.21491561775975332f,7.043065206412213f,0.24839792059393284f,0.4982158417281538f,-0.8307102070491952f,-0.015335548347980343f,0f,0f,0f,1f],start_interpolation:0}
execute if entity @s[tag=aj.starscaller.bone.down6] run data modify entity @s {} merge value {transformation:[-0.6874127884361382f,-0.5135482734341793f,-0.5135482734341791f,-2.407820578950192f,-0.6824676778713137f,0.6986051430557034f,0.21491561775975332f,7.275215572740074f,0.24839792059393284f,0.4982158417281538f,-0.8307102070491952f,-0.12144751042152291f,0f,0f,0f,1f],start_interpolation:0}
execute if entity @s[tag=aj.starscaller.bone.effects6] run data modify entity @s {} merge value {transformation:[-0.8672351047171138f,-0.6478888641309571f,-0.6478888641309568f,-1.3384403979001365f,-0.8609963882563977f,0.8813553000259787f,0.27113602104674567f,7.043065206412213f,0.3133770571360348f,0.62854557689536f,-1.0480181130159647f,-0.015335548347980343f,0f,0f,0f,1f],start_interpolation:0}
execute if entity @s[tag=aj.starscaller.locator_origin.starscaller_meteorite6] at @s on origin run tp @s ^-2.35618 ^7.37691 ^0.09831 ~-31.72452 ~12.41058
execute if entity @s[tag=aj.starscaller.bone.core7] run data modify entity @s {} merge value {transformation:[-0.43502951552604524f,0.6366903959622662f,0.6366903959622663f,-2.291339500443923f,0.8461144522006203f,0.5309057902327512f,0.04721626493680109f,12.928424735271976f,-0.30796047538347904f,0.5592534144614151f,-0.7696726343159348f,-0.38548236671796765f,0f,0f,0f,1f],start_interpolation:0}
execute if entity @s[tag=aj.starscaller.bone.face25] run data modify entity @s {} merge value {transformation:[-0.43502951552604524f,0.6366903959622662f,0.6366903959622663f,-2.9179651848390695f,0.8461144522006203f,0.5309057902327512f,0.04721626493680109f,12.036618020011863f,-0.30796047538347904f,0.5592534144614151f,-0.7696726343159348f,-0.3269355109079797f,0f,0f,0f,1f],start_interpolation:0}
execute if entity @s[tag=aj.starscaller.bone.face26] run data modify entity @s {} merge value {transformation:[-0.43502951552604524f,0.6366903959622662f,0.6366903959622663f,-2.9179651848390695f,0.8461144522006203f,0.5309057902327512f,0.04721626493680109f,12.036618020011863f,-0.30796047538347904f,0.5592534144614151f,-0.7696726343159348f,-0.3269355109079797f,0f,0f,0f,1f],start_interpolation:0}
execute if entity @s[tag=aj.starscaller.bone.face27] run data modify entity @s {} merge value {transformation:[-0.43502951552604524f,0.6366903959622662f,0.6366903959622663f,-2.9179651848390695f,0.8461144522006203f,0.5309057902327512f,0.04721626493680109f,12.036618020011863f,-0.30796047538347904f,0.5592534144614151f,-0.7696726343159348f,-0.3269355109079797f,0f,0f,0f,1f],start_interpolation:0}
execute if entity @s[tag=aj.starscaller.bone.face28] run data modify entity @s {} merge value {transformation:[-0.43502951552604524f,0.6366903959622662f,0.6366903959622663f,-2.9179651848390695f,0.8461144522006203f,0.5309057902327512f,0.04721626493680109f,12.036618020011863f,-0.30796047538347904f,0.5592534144614151f,-0.7696726343159348f,-0.3269355109079797f,0f,0f,0f,1f],start_interpolation:0}
execute if entity @s[tag=aj.starscaller.bone.up7] run data modify entity @s {} merge value {transformation:[-0.43502951552604524f,0.6366903959622662f,0.6366903959622663f,-2.9179651848390695f,0.8461144522006203f,0.5309057902327512f,0.04721626493680109f,12.036618020011863f,-0.30796047538347904f,0.5592534144614151f,-0.7696726343159348f,-0.3269355109079797f,0f,0f,0f,1f],start_interpolation:0}
execute if entity @s[tag=aj.starscaller.bone.down7] run data modify entity @s {} merge value {transformation:[-0.43502951552604524f,0.6366903959622662f,0.6366903959622663f,-2.9179651848390695f,0.8461144522006203f,0.5309057902327512f,0.04721626493680109f,12.036618020011863f,-0.30796047538347904f,0.5592534144614151f,-0.7696726343159348f,-0.3269355109079797f,0f,0f,0f,1f],start_interpolation:0}
execute if entity @s[tag=aj.starscaller.bone.effects7] run data modify entity @s {} merge value {transformation:[-0.5488301553285904f,0.8032440936556903f,0.8032440936556904f,-2.9179651848390695f,1.0674519995855996f,0.6697869843749581f,0.05956770539572495f,12.036618020011863f,-0.3885207543570965f,0.7055501463061687f,-0.9710135436051569f,-0.3269355109079797f,0f,0f,0f,1f],start_interpolation:0}
execute if entity @s[tag=aj.starscaller.locator_origin.starscaller_meteorite7] at @s on origin run tp @s ^-2.29982 ^12.91464 ^-0.41136 ~39.59831 ~2.7063
execute if entity @s[tag=aj.starscaller.bone.core8] run data modify entity @s {} merge value {transformation:[-0.6993287942207541f,-0.5054400249157887f,-0.5054400249157885f,2.954845417152946f,-0.6716924152052639f,0.7065228882979826f,0.22283336300203244f,7.104840154236023f,0.24447604571709092f,0.4953340181374618f,-0.8335920306398877f,0.920483152492226f,0f,0f,0f,1f],start_interpolation:0}
execute if entity @s[tag=aj.starscaller.bone.face29] run data modify entity @s {} merge value {transformation:[-0.6993287942207541f,-0.5054400249157887f,-0.5054400249157885f,2.954845417152946f,-0.6716924152052639f,0.7065228882979826f,0.22283336300203244f,7.104840154236023f,0.24447604571709092f,0.4953340181374618f,-0.8335920306398877f,0.920483152492226f,0f,0f,0f,1f],start_interpolation:0}
execute if entity @s[tag=aj.starscaller.bone.face30] run data modify entity @s {} merge value {transformation:[-0.6993287942207541f,-0.5054400249157887f,-0.5054400249157885f,2.954845417152946f,-0.6716924152052639f,0.7065228882979826f,0.22283336300203244f,7.104840154236023f,0.24447604571709092f,0.4953340181374618f,-0.8335920306398877f,0.920483152492226f,0f,0f,0f,1f],start_interpolation:0}
execute if entity @s[tag=aj.starscaller.bone.face31] run data modify entity @s {} merge value {transformation:[-0.6993287942207541f,-0.5054400249157887f,-0.5054400249157885f,2.954845417152946f,-0.6716924152052639f,0.7065228882979826f,0.22283336300203244f,7.104840154236023f,0.24447604571709092f,0.4953340181374618f,-0.8335920306398877f,0.920483152492226f,0f,0f,0f,1f],start_interpolation:0}
execute if entity @s[tag=aj.starscaller.bone.face32] run data modify entity @s {} merge value {transformation:[-0.6993287942207541f,-0.5054400249157887f,-0.5054400249157885f,2.954845417152946f,-0.6716924152052639f,0.7065228882979826f,0.22283336300203244f,7.104840154236023f,0.24447604571709092f,0.4953340181374618f,-0.8335920306398877f,0.920483152492226f,0f,0f,0f,1f],start_interpolation:0}
execute if entity @s[tag=aj.starscaller.bone.up8] run data modify entity @s {} merge value {transformation:[-0.6993287942207541f,-0.5054400249157887f,-0.5054400249157885f,2.954845417152946f,-0.6716924152052639f,0.7065228882979826f,0.22283336300203244f,7.104840154236023f,0.24447604571709092f,0.4953340181374618f,-0.8335920306398877f,0.920483152492226f,0f,0f,0f,1f],start_interpolation:0}
execute if entity @s[tag=aj.starscaller.bone.down8] run data modify entity @s {} merge value {transformation:[-0.6993287942207541f,-0.5054400249157887f,-0.5054400249157885f,2.954845417152946f,-0.6716924152052639f,0.7065228882979826f,0.22283336300203244f,7.104840154236023f,0.24447604571709092f,0.4953340181374618f,-0.8335920306398877f,0.920483152492226f,0f,0f,0f,1f],start_interpolation:0}
execute if entity @s[tag=aj.starscaller.bone.effects8] run data modify entity @s {} merge value {transformation:[-0.8822682532099443f,-0.6376595552335824f,-0.6376595552335823f,2.954845417152946f,-0.8474023932016865f,0.8913442713396094f,0.2811249923603762f,7.104840154236023f,0.30842924757135803f,0.62490988866626f,-1.0516538012450654f,0.920483152492226f,0f,0f,0f,1f],start_interpolation:0}
execute if entity @s[tag=aj.starscaller.locator_origin.starscaller_meteorite8] at @s on origin run tp @s ^1.94179 ^7.45446 ^1.02838 ~-31.2301 ~12.8755
execute if entity @s[tag=aj.starscaller.bone.core9] run data modify entity @s {} merge value {transformation:[-0.14677766193502523f,0.699448467707553f,0.6994484677075528f,0.31101003178263487f,0.9295152885139696f,0.3393730918100202f,-0.14431643348592998f,7.089813050500978f,-0.33831589731444595f,0.6289656155759736f,-0.6999604332013754f,2.021155934469208f,0f,0f,0f,1f],start_interpolation:0}
execute if entity @s[tag=aj.starscaller.bone.face33] run data modify entity @s {} merge value {transformation:[-0.14677766193502523f,0.699448467707553f,0.6994484677075528f,0.31101003178263487f,0.9295152885139696f,0.3393730918100202f,-0.14431643348592998f,7.089813050500978f,-0.33831589731444595f,0.6289656155759736f,-0.6999604332013754f,2.021155934469208f,0f,0f,0f,1f],start_interpolation:0}
execute if entity @s[tag=aj.starscaller.bone.face34] run data modify entity @s {} merge value {transformation:[-0.14677766193502523f,0.699448467707553f,0.6994484677075528f,0.31101003178263487f,0.9295152885139696f,0.3393730918100202f,-0.14431643348592998f,7.089813050500978f,-0.33831589731444595f,0.6289656155759736f,-0.6999604332013754f,2.021155934469208f,0f,0f,0f,1f],start_interpolation:0}
execute if entity @s[tag=aj.starscaller.bone.face35] run data modify entity @s {} merge value {transformation:[-0.14677766193502523f,0.699448467707553f,0.6994484677075528f,0.31101003178263487f,0.9295152885139696f,0.3393730918100202f,-0.14431643348592998f,7.089813050500978f,-0.33831589731444595f,0.6289656155759736f,-0.6999604332013754f,2.021155934469208f,0f,0f,0f,1f],start_interpolation:0}
execute if entity @s[tag=aj.starscaller.bone.face36] run data modify entity @s {} merge value {transformation:[-0.14677766193502523f,0.699448467707553f,0.6994484677075528f,0.31101003178263487f,0.9295152885139696f,0.3393730918100202f,-0.14431643348592998f,7.089813050500978f,-0.33831589731444595f,0.6289656155759736f,-0.6999604332013754f,2.021155934469208f,0f,0f,0f,1f],start_interpolation:0}
execute if entity @s[tag=aj.starscaller.bone.up9] run data modify entity @s {} merge value {transformation:[-0.14677766193502523f,0.699448467707553f,0.6994484677075528f,0.31101003178263487f,0.9295152885139696f,0.3393730918100202f,-0.14431643348592998f,7.089813050500978f,-0.33831589731444595f,0.6289656155759736f,-0.6999604332013754f,2.021155934469208f,0f,0f,0f,1f],start_interpolation:0}
execute if entity @s[tag=aj.starscaller.bone.down9] run data modify entity @s {} merge value {transformation:[-0.14677766193502523f,0.699448467707553f,0.6994484677075528f,0.31101003178263487f,0.9295152885139696f,0.3393730918100202f,-0.14431643348592998f,7.089813050500978f,-0.33831589731444595f,0.6289656155759736f,-0.6999604332013754f,2.021155934469208f,0f,0f,0f,1f],start_interpolation:0}
execute if entity @s[tag=aj.starscaller.bone.effects9] run data modify entity @s {} merge value {transformation:[-0.18517365862212246f,0.8824192324332025f,0.8824192324332023f,0.31101003178263487f,1.172669903922597f,0.4281506887347878f,-0.1820685902444454f,7.089813050500978f,-0.42681693964763234f,0.7934985654375379f,-0.8830651244737866f,2.021155934469208f,0f,0f,0f,1f],start_interpolation:0}
execute if entity @s[tag=aj.starscaller.locator_origin.starscaller_meteorite9] at @s on origin run tp @s ^1.19936 ^7.77936 ^2.05236 ~44.97904 ~-8.2977
execute if entity @s[tag=aj.starscaller.bone.meteorite_staff_effects] run data modify entity @s {} merge value {transformation:[-0.000006843223871122843f,9.284831941082849e-7f,-0.00000723244122049761f,-0.25324493495876843f,0.0000072870773795256766f,5.140387128061686e-7f,-0.0000068289287202709785f,7.137440399261999f,-2.622790775104145e-7f,-0.000009943524684939191f,-0.0000010283610871212648f,-1.384789951988697f,0f,0f,0f,1f],start_interpolation:0}
execute if entity @s[tag=aj.starscaller.bone.meteorite_staff] run data modify entity @s {} merge value {transformation:[-1.534420561382653f,0.1431411590916939f,-0.04242947667766237f,-0.34408039924461326f,0.04994383699487194f,0.07924763489095098f,-1.5388182272840192f,7.081000983868044f,-0.14069564692442896f,-1.5329600555947918f,-0.0835123583575477f,-0.5047952789936816f,0f,0f,0f,1f],start_interpolation:0}
execute if entity @s[tag=aj.starscaller.bone.right_arm2] run data modify entity @s {} merge value {transformation:[-0.9952998235995588f,-0.06139919375454245f,0.0748892525598899f,-0.2965977643723787f,0.03239600237505207f,0.5176659747571972f,0.8549692612069726f,7.199322519092802f,-0.09126204124827825f,0.8533768672661408f,-0.5132437649326337f,-0.3035074667497236f,0f,0f,0f,1f],start_interpolation:0}
execute if entity @s[tag=aj.starscaller.bone.right_arm] run data modify entity @s {} merge value {transformation:[-0.9952998235995588f,-0.05688642759872809f,0.07837216022122578f,-0.3108193712720608f,0.03239600237505207f,0.5670744625008325f,0.823029193291166f,7.341091134718011f,-0.09126204124827825f,0.8216997555886494f,-0.5625662196512966f,-0.09808252785256126f,0f,0f,0f,1f],start_interpolation:0}
execute if entity @s[tag=aj.starscaller.bone.left_arm2] run data modify entity @s {} merge value {transformation:[-0.9586849400221873f,-0.2778920630127132f,-0.06082094285025072f,0.4982086571786662f,-0.2834151303754946f,0.9514394642441935f,0.12016159849537328f,7.160569309482513f,0.02447549077948466f,0.13243469029397142f,-0.9908895009827499f,0.060262551881029705f,0f,0f,0f,1f],start_interpolation:0}
execute if entity @s[tag=aj.starscaller.bone.left_arm] run data modify entity @s {} merge value {transformation:[-0.9586849400221873f,-0.2662828985624504f,0.10008298410736446f,0.31180231503528016f,-0.2834151303754946f,0.8637948661297367f,-0.41657447488072485f,7.341091134718011f,0.02447549077948466f,-0.42772870745495906f,-0.9035757318399014f,-0.04361018863527448f,0f,0f,0f,1f],start_interpolation:0}
execute if entity @s[tag=aj.starscaller.locator_origin.player_camera] at @s on origin run tp @s ^0.03754 ^6.27356 ^-0.49431 ~5 ~-0.66796
execute if entity @s[tag=aj.starscaller.bone.head] run data modify entity @s {} merge value {transformation:[-0.9961946980917454f,0.01626648420786314f,0.08562432472966677f,-0.004809335739221129f,0f,0.9824289488023071f,-0.1866369753162374f,7.485559977705448f,-0.08715574274765885f,-0.18592676527791566f,-0.9786905100487051f,-0.010257849890945412f,0f,0f,0f,1f],start_interpolation:0}
execute if entity @s[tag=aj.starscaller.bone.body_top] run data modify entity @s {} merge value {transformation:[-0.9961946980917454f,0.0010160427002961995f,0.08714982014397542f,-0.005209402552462758f,0f,0.9999320457436686f,-0.011657782588554582f,7.091836734693878f,-0.08715574274765885f,-0.011613421206224338f,-0.9961270024218752f,-0.005685065290994579f,0f,0f,0f,1f],start_interpolation:0}
execute if entity @s[tag=aj.starscaller.bone.body] run data modify entity @s {} merge value {transformation:[-0.9961946980917454f,0f,0.08715574274765885f,-0.005209402552462758f,0f,1f,0f,6.654336734693878f,-0.08715574274765885f,0f,-0.9961946980917454f,-0.005685065290994579f,0f,0f,0f,1f],start_interpolation:0}
execute if entity @s[tag=aj.starscaller.bone.right_leg2] run data modify entity @s {} merge value {transformation:[-0.9838170718285174f,0.17252536987860206f,0.048362856894658676f,-0.187856362462315f,0.16709982618686045f,0.9808702123479066f,-0.09985626979260563f,6.3790110808243075f,-0.06466542559268203f,-0.09015887797008225f,-0.9938258194754719f,-0.045644746717815f,0f,0f,0f,1f],start_interpolation:0}
execute if entity @s[tag=aj.starscaller.bone.right_leg] run data modify entity @s {} merge value {transformation:[-0.9838170718285174f,0.16173251519550344f,0.0771139592246302f,-0.12973373981393094f,0.16709982618686045f,0.983514862941414f,0.06910978557087748f,6.732461734693878f,-0.06466542559268203f,0.08087711605805376f,-0.9946241877367801f,-0.016579533134451936f,0f,0f,0f,1f],start_interpolation:0}
execute if entity @s[tag=aj.starscaller.bone.left_leg2] run data modify entity @s {} merge value {transformation:[-0.9758920351490522f,-0.0038292518675826503f,0.2182202386644634f,0.23961831782203896f,-0.09279013984944302f,0.9122639837495818f,-0.3989541501226221f,6.393823082878592f,-0.19754676833439103f,-0.4095848639579806f,-0.890626472510873f,0.004047450193515368f,0f,0f,0f,1f],start_interpolation:0}
execute if entity @s[tag=aj.starscaller.bone.left_leg] run data modify entity @s {} merge value {transformation:[-0.9282265744826932f,-0.334757239966702f,0.16227451036438484f,0.11931493470900542f,-0.3291632036913306f,0.9422988572251425f,0.061028264008164065f,6.732461734693878f,-0.1733407388924616f,0.003233258737940621f,-0.9848566059473577f,0.005209402552462779f,0f,0f,0f,1f],start_interpolation:0}
execute if entity @s[tag=aj.starscaller.bone.vortex_effect] run data modify entity @s {} merge value {transformation:[-0.664287542456399f,0f,1.5285613624303789f,0f,0f,1.6666666666666667f,0f,7.625f,-1.5285613624303789f,0f,-0.664287542456399f,0f,0f,0f,0f,1f],start_interpolation:0}