execute if entity @s[tag=aj.starscaller.bone.core] run data modify entity @s {} merge value {transformation:[0.15882757058623548f,-0.6981310059085167f,-0.6981310059085165f,-0.530463110255479f,-0.9277644792109612f,0.13630971473993933f,-0.34737981055601075f,9.643509552808519f,0.3376786548422745f,0.7028746404990571f,-0.6260514082782922f,-1.9877241074763645f,0f,0f,0f,1f],start_interpolation:0}
execute if entity @s[tag=aj.starscaller.bone.face1] run data modify entity @s {} merge value {transformation:[0.15882757058623548f,-0.6981310059085167f,-0.6981310059085165f,-0.530463110255479f,-0.9277644792109612f,0.13630971473993933f,-0.34737981055601075f,9.643509552808519f,0.3376786548422745f,0.7028746404990571f,-0.6260514082782922f,-1.9877241074763645f,0f,0f,0f,1f],start_interpolation:0}
execute if entity @s[tag=aj.starscaller.bone.face2] run data modify entity @s {} merge value {transformation:[0.15882757058623548f,-0.6981310059085167f,-0.6981310059085165f,-0.530463110255479f,-0.9277644792109612f,0.13630971473993933f,-0.34737981055601075f,9.643509552808519f,0.3376786548422745f,0.7028746404990571f,-0.6260514082782922f,-1.9877241074763645f,0f,0f,0f,1f],start_interpolation:0}
execute if entity @s[tag=aj.starscaller.bone.face3] run data modify entity @s {} merge value {transformation:[0.15882757058623548f,-0.6981310059085167f,-0.6981310059085165f,-0.530463110255479f,-0.9277644792109612f,0.13630971473993933f,-0.34737981055601075f,9.643509552808519f,0.3376786548422745f,0.7028746404990571f,-0.6260514082782922f,-1.9877241074763645f,0f,0f,0f,1f],start_interpolation:0}
execute if entity @s[tag=aj.starscaller.bone.face4] run data modify entity @s {} merge value {transformation:[0.15882757058623548f,-0.6981310059085167f,-0.6981310059085165f,-0.530463110255479f,-0.9277644792109612f,0.13630971473993933f,-0.34737981055601075f,9.643509552808519f,0.3376786548422745f,0.7028746404990571f,-0.6260514082782922f,-1.9877241074763645f,0f,0f,0f,1f],start_interpolation:0}
execute if entity @s[tag=aj.starscaller.bone.up] run data modify entity @s {} merge value {transformation:[0.15882757058623548f,-0.6981310059085167f,-0.6981310059085165f,-0.530463110255479f,-0.9277644792109612f,0.13630971473993933f,-0.34737981055601075f,9.643509552808519f,0.3376786548422745f,0.7028746404990571f,-0.6260514082782922f,-1.9877241074763645f,0f,0f,0f,1f],start_interpolation:0}
execute if entity @s[tag=aj.starscaller.bone.down] run data modify entity @s {} merge value {transformation:[0.15882757058623548f,-0.6981310059085167f,-0.6981310059085165f,-0.530463110255479f,-0.9277644792109612f,0.13630971473993933f,-0.34737981055601075f,9.643509552808519f,0.3376786548422745f,0.7028746404990571f,-0.6260514082782922f,-1.9877241074763645f,0f,0f,0f,1f],start_interpolation:0}
execute if entity @s[tag=aj.starscaller.bone.effects] run data modify entity @s {} merge value {transformation:[0.20037573802296968f,-0.8807571319595595f,-0.8807571319595592f,-0.530463110255479f,-1.1704610953074874f,0.17196737058876138f,-0.4382519083904717f,9.643509552808519f,0.4260129990585417f,0.8867416677582403f,-0.7898220221530847f,-1.9877241074763645f,0f,0f,0f,1f],start_interpolation:0}
execute if entity @s[tag=aj.starscaller.locator_origin.starscaller_meteorite1] at @s on origin run tp @s ^-1.36735 ^9.11669 ^-1.56082 ~-48.11572 ~-20.32714
execute if entity @s[tag=aj.starscaller.bone.core2] run data modify entity @s {} merge value {transformation:[-0.04405124741892402f,0.7064203732908744f,0.706420373290874f,1.640445620898018f,0.9387804354532618f,0.27111518773604687f,-0.21257433755990318f,5.11343359930043f,-0.3416881350164509f,0.6538094609122974f,-0.6751165878650514f,-0.33891130143433734f,0f,0f,0f,1f],start_interpolation:0}
execute if entity @s[tag=aj.starscaller.bone.face5] run data modify entity @s {} merge value {transformation:[-0.04405124741892402f,0.7064203732908744f,0.706420373290874f,1.640445620898018f,0.9387804354532618f,0.27111518773604687f,-0.21257433755990318f,5.11343359930043f,-0.3416881350164509f,0.6538094609122974f,-0.6751165878650514f,-0.33891130143433734f,0f,0f,0f,1f],start_interpolation:0}
execute if entity @s[tag=aj.starscaller.bone.face6] run data modify entity @s {} merge value {transformation:[-0.04405124741892402f,0.7064203732908744f,0.706420373290874f,1.640445620898018f,0.9387804354532618f,0.27111518773604687f,-0.21257433755990318f,5.11343359930043f,-0.3416881350164509f,0.6538094609122974f,-0.6751165878650514f,-0.33891130143433734f,0f,0f,0f,1f],start_interpolation:0}
execute if entity @s[tag=aj.starscaller.bone.face7] run data modify entity @s {} merge value {transformation:[-0.04405124741892402f,0.7064203732908744f,0.706420373290874f,1.640445620898018f,0.9387804354532618f,0.27111518773604687f,-0.21257433755990318f,5.11343359930043f,-0.3416881350164509f,0.6538094609122974f,-0.6751165878650514f,-0.33891130143433734f,0f,0f,0f,1f],start_interpolation:0}
execute if entity @s[tag=aj.starscaller.bone.face8] run data modify entity @s {} merge value {transformation:[-0.04405124741892402f,0.7064203732908744f,0.706420373290874f,1.640445620898018f,0.9387804354532618f,0.27111518773604687f,-0.21257433755990318f,5.11343359930043f,-0.3416881350164509f,0.6538094609122974f,-0.6751165878650514f,-0.33891130143433734f,0f,0f,0f,1f],start_interpolation:0}
execute if entity @s[tag=aj.starscaller.bone.up2] run data modify entity @s {} merge value {transformation:[-0.04405124741892402f,0.7064203732908744f,0.706420373290874f,1.640445620898018f,0.9387804354532618f,0.27111518773604687f,-0.21257433755990318f,5.11343359930043f,-0.3416881350164509f,0.6538094609122974f,-0.6751165878650514f,-0.33891130143433734f,0f,0f,0f,1f],start_interpolation:0}
execute if entity @s[tag=aj.starscaller.bone.down2] run data modify entity @s {} merge value {transformation:[-0.04405124741892402f,0.7064203732908744f,0.706420373290874f,1.640445620898018f,0.9387804354532618f,0.27111518773604687f,-0.21257433755990318f,5.11343359930043f,-0.3416881350164509f,0.6538094609122974f,-0.6751165878650514f,-0.33891130143433734f,0f,0f,0f,1f],start_interpolation:0}
execute if entity @s[tag=aj.starscaller.bone.effects2] run data modify entity @s {} merge value {transformation:[-0.05557474171404533f,0.8912149391327896f,0.8912149391327892f,1.640445620898018f,1.184358747673084f,0.34203700044855023f,-0.26818227853068277f,5.11343359930043f,-0.4310713308457981f,0.8248413847366063f,-0.851722305174718f,-0.33891130143433734f,0f,0f,0f,1f],start_interpolation:0}
execute if entity @s[tag=aj.starscaller.locator_origin.starscaller_meteorite2] at @s on origin run tp @s ^2.5456 ^5.69682 ^-0.31609 ~46.29802 ~-12.27326
execute if entity @s[tag=aj.starscaller.bone.core3] run data modify entity @s {} merge value {transformation:[0.05768450889920684f,0.7059293510802115f,0.7059293510802113f,-0.0281003877505277f,0.9381279032469836f,0.20351553940443262f,-0.28017398589151754f,9.45357332468724f,-0.34145063271646553f,0.6784137207518682f,-0.6505123280254809f,-2.4506818602693805f,0f,0f,0f,1f],start_interpolation:0}
execute if entity @s[tag=aj.starscaller.bone.face9] run data modify entity @s {} merge value {transformation:[0.05768450889920684f,0.7059293510802115f,0.7059293510802113f,-0.0281003877505277f,0.9381279032469836f,0.20351553940443262f,-0.28017398589151754f,9.45357332468724f,-0.34145063271646553f,0.6784137207518682f,-0.6505123280254809f,-2.4506818602693805f,0f,0f,0f,1f],start_interpolation:0}
execute if entity @s[tag=aj.starscaller.bone.face10] run data modify entity @s {} merge value {transformation:[0.05768450889920684f,0.7059293510802115f,0.7059293510802113f,-0.0281003877505277f,0.9381279032469836f,0.20351553940443262f,-0.28017398589151754f,9.45357332468724f,-0.34145063271646553f,0.6784137207518682f,-0.6505123280254809f,-2.4506818602693805f,0f,0f,0f,1f],start_interpolation:0}
execute if entity @s[tag=aj.starscaller.bone.face11] run data modify entity @s {} merge value {transformation:[0.05768450889920684f,0.7059293510802115f,0.7059293510802113f,-0.0281003877505277f,0.9381279032469836f,0.20351553940443262f,-0.28017398589151754f,9.45357332468724f,-0.34145063271646553f,0.6784137207518682f,-0.6505123280254809f,-2.4506818602693805f,0f,0f,0f,1f],start_interpolation:0}
execute if entity @s[tag=aj.starscaller.bone.face12] run data modify entity @s {} merge value {transformation:[0.05768450889920684f,0.7059293510802115f,0.7059293510802113f,-0.0281003877505277f,0.9381279032469836f,0.20351553940443262f,-0.28017398589151754f,9.45357332468724f,-0.34145063271646553f,0.6784137207518682f,-0.6505123280254809f,-2.4506818602693805f,0f,0f,0f,1f],start_interpolation:0}
execute if entity @s[tag=aj.starscaller.bone.up3] run data modify entity @s {} merge value {transformation:[0.05768450889920684f,0.7059293510802115f,0.7059293510802113f,-0.0281003877505277f,0.9381279032469836f,0.20351553940443262f,-0.28017398589151754f,9.45357332468724f,-0.34145063271646553f,0.6784137207518682f,-0.6505123280254809f,-2.4506818602693805f,0f,0f,0f,1f],start_interpolation:0}
execute if entity @s[tag=aj.starscaller.bone.down3] run data modify entity @s {} merge value {transformation:[0.05768450889920684f,0.7059293510802115f,0.7059293510802113f,-0.0281003877505277f,0.9381279032469836f,0.20351553940443262f,-0.28017398589151754f,9.45357332468724f,-0.34145063271646553f,0.6784137207518682f,-0.6505123280254809f,-2.4506818602693805f,0f,0f,0f,1f],start_interpolation:0}
execute if entity @s[tag=aj.starscaller.bone.effects3] run data modify entity @s {} merge value {transformation:[0.07277436782863465f,0.8905954689898913f,0.8905954689898911f,-0.0281003877505277f,1.1835355176637465f,0.2567537629442281f,-0.35346551603500515f,9.45357332468724f,-0.4307716996264445f,0.855881944670035f,-0.8206817452412898f,-2.4506818602693805f,0f,0f,0f,1f],start_interpolation:0}
execute if entity @s[tag=aj.starscaller.locator_origin.starscaller_meteorite3] at @s on origin run tp @s ^0.92727 ^9.94791 ^-2.39545 ~47.3395 ~-16.27059
execute if entity @s[tag=aj.starscaller.bone.core4] run data modify entity @s {} merge value {transformation:[0.46222636286971036f,-0.6270354014998829f,-0.6270354014998825f,-1.0269134023446154f,-0.8332836785587582f,-0.06528756437660982f,-0.54897708967256f,5.841491945497663f,0.30329045569523394f,0.7762500494065362f,-0.5526759993708128f,0.46027490421670414f,0f,0f,0f,1f],start_interpolation:0}
execute if entity @s[tag=aj.starscaller.bone.face13] run data modify entity @s {} merge value {transformation:[0.46222636286971036f,-0.6270354014998829f,-0.6270354014998825f,-1.0269134023446154f,-0.8332836785587582f,-0.06528756437660982f,-0.54897708967256f,5.841491945497663f,0.30329045569523394f,0.7762500494065362f,-0.5526759993708128f,0.46027490421670414f,0f,0f,0f,1f],start_interpolation:0}
execute if entity @s[tag=aj.starscaller.bone.face14] run data modify entity @s {} merge value {transformation:[0.46222636286971036f,-0.6270354014998829f,-0.6270354014998825f,-1.0269134023446154f,-0.8332836785587582f,-0.06528756437660982f,-0.54897708967256f,5.841491945497663f,0.30329045569523394f,0.7762500494065362f,-0.5526759993708128f,0.46027490421670414f,0f,0f,0f,1f],start_interpolation:0}
execute if entity @s[tag=aj.starscaller.bone.face15] run data modify entity @s {} merge value {transformation:[0.46222636286971036f,-0.6270354014998829f,-0.6270354014998825f,-1.0269134023446154f,-0.8332836785587582f,-0.06528756437660982f,-0.54897708967256f,5.841491945497663f,0.30329045569523394f,0.7762500494065362f,-0.5526759993708128f,0.46027490421670414f,0f,0f,0f,1f],start_interpolation:0}
execute if entity @s[tag=aj.starscaller.bone.face16] run data modify entity @s {} merge value {transformation:[0.46222636286971036f,-0.6270354014998829f,-0.6270354014998825f,-1.0269134023446154f,-0.8332836785587582f,-0.06528756437660982f,-0.54897708967256f,5.841491945497663f,0.30329045569523394f,0.7762500494065362f,-0.5526759993708128f,0.46027490421670414f,0f,0f,0f,1f],start_interpolation:0}
execute if entity @s[tag=aj.starscaller.bone.up4] run data modify entity @s {} merge value {transformation:[0.46222636286971036f,-0.6270354014998829f,-0.6270354014998825f,-1.0269134023446154f,-0.8332836785587582f,-0.06528756437660982f,-0.54897708967256f,5.841491945497663f,0.30329045569523394f,0.7762500494065362f,-0.5526759993708128f,0.46027490421670414f,0f,0f,0f,1f],start_interpolation:0}
execute if entity @s[tag=aj.starscaller.bone.down4] run data modify entity @s {} merge value {transformation:[0.46222636286971036f,-0.6270354014998829f,-0.6270354014998825f,-1.0269134023446154f,-0.8332836785587582f,-0.06528756437660982f,-0.54897708967256f,5.841491945497663f,0.30329045569523394f,0.7762500494065362f,-0.5526759993708128f,0.46027490421670414f,0f,0f,0f,1f],start_interpolation:0}
execute if entity @s[tag=aj.starscaller.bone.effects4] run data modify entity @s {} merge value {transformation:[0.5831415052930229f,-0.7910634210314916f,-0.7910634210314911f,-1.0269134023446154f,-1.0512647864436728f,-0.08236632876394995f,-0.6925856077431831f,5.841491945497663f,0.3826290905977126f,0.9793115638934361f,-0.6972521260178886f,0.46027490421670414f,0f,0f,0f,1f],start_interpolation:0}
execute if entity @s[tag=aj.starscaller.locator_origin.starscaller_meteorite4] at @s on origin run tp @s ^-1.61878 ^5.09732 ^0.96629 ~-48.60669 ~-33.29687
execute if entity @s[tag=aj.starscaller.bone.core5] run data modify entity @s {} merge value {transformation:[0.25749509128698866f,0.6832628622876797f,0.6832628622876797f,3.6576114751658033f,0.9080058158562683f,0.07074879552618482f,-0.41294072976976526f,6.309680296145128f,-0.3304870895122799f,0.7267368636239954f,-0.6021891851533543f,-1.0403539350440496f,0f,0f,0f,1f],start_interpolation:0}
execute if entity @s[tag=aj.starscaller.bone.face17] run data modify entity @s {} merge value {transformation:[0.25749509128698866f,0.6832628622876797f,0.6832628622876797f,3.6576114751658033f,0.9080058158562683f,0.07074879552618482f,-0.41294072976976526f,6.309680296145128f,-0.3304870895122799f,0.7267368636239954f,-0.6021891851533543f,-1.0403539350440496f,0f,0f,0f,1f],start_interpolation:0}
execute if entity @s[tag=aj.starscaller.bone.face18] run data modify entity @s {} merge value {transformation:[0.25749509128698866f,0.6832628622876797f,0.6832628622876797f,3.6576114751658033f,0.9080058158562683f,0.07074879552618482f,-0.41294072976976526f,6.309680296145128f,-0.3304870895122799f,0.7267368636239954f,-0.6021891851533543f,-1.0403539350440496f,0f,0f,0f,1f],start_interpolation:0}
execute if entity @s[tag=aj.starscaller.bone.face19] run data modify entity @s {} merge value {transformation:[0.25749509128698866f,0.6832628622876797f,0.6832628622876797f,3.6576114751658033f,0.9080058158562683f,0.07074879552618482f,-0.41294072976976526f,6.309680296145128f,-0.3304870895122799f,0.7267368636239954f,-0.6021891851533543f,-1.0403539350440496f,0f,0f,0f,1f],start_interpolation:0}
execute if entity @s[tag=aj.starscaller.bone.face20] run data modify entity @s {} merge value {transformation:[0.25749509128698866f,0.6832628622876797f,0.6832628622876797f,3.6576114751658033f,0.9080058158562683f,0.07074879552618482f,-0.41294072976976526f,6.309680296145128f,-0.3304870895122799f,0.7267368636239954f,-0.6021891851533543f,-1.0403539350440496f,0f,0f,0f,1f],start_interpolation:0}
execute if entity @s[tag=aj.starscaller.bone.up5] run data modify entity @s {} merge value {transformation:[0.25749509128698866f,0.6832628622876797f,0.6832628622876797f,3.6576114751658033f,0.9080058158562683f,0.07074879552618482f,-0.41294072976976526f,6.309680296145128f,-0.3304870895122799f,0.7267368636239954f,-0.6021891851533543f,-1.0403539350440496f,0f,0f,0f,1f],start_interpolation:0}
execute if entity @s[tag=aj.starscaller.bone.down5] run data modify entity @s {} merge value {transformation:[0.25749509128698866f,0.6832628622876797f,0.6832628622876797f,3.6576114751658033f,0.9080058158562683f,0.07074879552618482f,-0.41294072976976526f,6.309680296145128f,-0.3304870895122799f,0.7267368636239954f,-0.6021891851533543f,-1.0403539350440496f,0f,0f,0f,1f],start_interpolation:0}
execute if entity @s[tag=aj.starscaller.bone.effects5] run data modify entity @s {} merge value {transformation:[0.3248539832441016f,0.8619995872835289f,0.8619995872835289f,3.6576114751658033f,1.1455337055764057f,0.08925617929853312f,-0.5209630996807f,6.309680296145128f,-0.4169401711784749f,0.9168460794285819f,-0.7597176104827436f,-1.0403539350440496f,0f,0f,0f,1f],start_interpolation:0}
execute if entity @s[tag=aj.starscaller.locator_origin.starscaller_meteorite5] at @s on origin run tp @s ^4.68314 ^6.6147 ^-0.91622 ~48.60887 ~-24.3897
execute if entity @s[tag=aj.starscaller.bone.core6] run data modify entity @s {} merge value {transformation:[0.12525627466243971f,-0.7015379054825506f,-0.7015379054825502f,-1.432672292403452f,-0.9322919968004633f,0.15861659956211194f,-0.32507292573383806f,6.388324959685198f,0.3393265364799699f,0.6947555984045819f,-0.6341704503727676f,-1.4680449163349834f,0f,0f,0f,1f],start_interpolation:0}
execute if entity @s[tag=aj.starscaller.bone.face21] run data modify entity @s {} merge value {transformation:[0.12525627466243971f,-0.7015379054825506f,-0.7015379054825502f,-1.432672292403452f,-0.9322919968004633f,0.15861659956211194f,-0.32507292573383806f,6.388324959685198f,0.3393265364799699f,0.6947555984045819f,-0.6341704503727676f,-1.4680449163349834f,0f,0f,0f,1f],start_interpolation:0}
execute if entity @s[tag=aj.starscaller.bone.face22] run data modify entity @s {} merge value {transformation:[0.12525627466243971f,-0.7015379054825506f,-0.7015379054825502f,-1.432672292403452f,-0.9322919968004633f,0.15861659956211194f,-0.32507292573383806f,6.388324959685198f,0.3393265364799699f,0.6947555984045819f,-0.6341704503727676f,-1.4680449163349834f,0f,0f,0f,1f],start_interpolation:0}
execute if entity @s[tag=aj.starscaller.bone.face23] run data modify entity @s {} merge value {transformation:[0.12525627466243971f,-0.7015379054825506f,-0.7015379054825502f,-1.432672292403452f,-0.9322919968004633f,0.15861659956211194f,-0.32507292573383806f,6.388324959685198f,0.3393265364799699f,0.6947555984045819f,-0.6341704503727676f,-1.4680449163349834f,0f,0f,0f,1f],start_interpolation:0}
execute if entity @s[tag=aj.starscaller.bone.face24] run data modify entity @s {} merge value {transformation:[0.12525627466243971f,-0.7015379054825506f,-0.7015379054825502f,-1.432672292403452f,-0.9322919968004633f,0.15861659956211194f,-0.32507292573383806f,6.388324959685198f,0.3393265364799699f,0.6947555984045819f,-0.6341704503727676f,-1.4680449163349834f,0f,0f,0f,1f],start_interpolation:0}
execute if entity @s[tag=aj.starscaller.bone.up6] run data modify entity @s {} merge value {transformation:[0.12525627466243971f,-0.7015379054825506f,-0.7015379054825502f,-1.432672292403452f,-0.9322919968004633f,0.15861659956211194f,-0.32507292573383806f,6.388324959685198f,0.3393265364799699f,0.6947555984045819f,-0.6341704503727676f,-1.4680449163349834f,0f,0f,0f,1f],start_interpolation:0}
execute if entity @s[tag=aj.starscaller.bone.down6] run data modify entity @s {} merge value {transformation:[0.12525627466243971f,-0.7015379054825506f,-0.7015379054825502f,-2.307810527384965f,-0.9322919968004633f,0.15861659956211194f,-0.32507292573383806f,5.756324547666242f,0.3393265364799699f,0.6947555984045819f,-0.6341704503727676f,-1.2596317171723137f,0f,0f,0f,1f],start_interpolation:0}
execute if entity @s[tag=aj.starscaller.bone.effects6] run data modify entity @s {} merge value {transformation:[0.15802242888218843f,-0.8850552523299553f,-0.8850552523299549f,-1.432672292403452f,-1.176172979428487f,0.2001095784733135f,-0.41010970050591944f,6.388324959685198f,0.42809195486016327f,0.8764987417617318f,-0.8000649481495935f,-1.4680449163349834f,0f,0f,0f,1f],start_interpolation:0}
execute if entity @s[tag=aj.starscaller.locator_origin.starscaller_meteorite6] at @s on origin run tp @s ^-2.29081 ^5.88852 ^-1.05098 ~-47.88731 ~-18.96999
execute if entity @s[tag=aj.starscaller.bone.core7] run data modify entity @s {} merge value {transformation:[0.6540271699267338f,0.5349058146055372f,0.5349058146055371f,-0.5854361201367376f,0.7108502706717661f,-0.19273210871390845f,-0.6764216340098583f,11.866183878815308f,-0.25872833954459573f,0.8226360700649323f,-0.5062899787124167f,-1.7325338299901882f,0f,0f,0f,1f],start_interpolation:0}
execute if entity @s[tag=aj.starscaller.bone.face25] run data modify entity @s {} merge value {transformation:[0.6540271699267338f,0.5349058146055372f,0.5349058146055371f,-1.621641541065625f,0.7108502706717661f,-0.19273210871390845f,-0.6764216340098583f,12.001426923964264f,-0.25872833954459573f,0.8226360700649323f,-0.5062899787124167f,-2.0478025160793356f,0f,0f,0f,1f],start_interpolation:0}
execute if entity @s[tag=aj.starscaller.bone.face26] run data modify entity @s {} merge value {transformation:[0.6540271699267338f,0.5349058146055372f,0.5349058146055371f,-1.621641541065625f,0.7108502706717661f,-0.19273210871390845f,-0.6764216340098583f,12.001426923964264f,-0.25872833954459573f,0.8226360700649323f,-0.5062899787124167f,-2.0478025160793356f,0f,0f,0f,1f],start_interpolation:0}
execute if entity @s[tag=aj.starscaller.bone.face27] run data modify entity @s {} merge value {transformation:[0.6540271699267338f,0.5349058146055372f,0.5349058146055371f,-1.621641541065625f,0.7108502706717661f,-0.19273210871390845f,-0.6764216340098583f,12.001426923964264f,-0.25872833954459573f,0.8226360700649323f,-0.5062899787124167f,-2.0478025160793356f,0f,0f,0f,1f],start_interpolation:0}
execute if entity @s[tag=aj.starscaller.bone.face28] run data modify entity @s {} merge value {transformation:[0.6540271699267338f,0.5349058146055372f,0.5349058146055371f,-1.621641541065625f,0.7108502706717661f,-0.19273210871390845f,-0.6764216340098583f,12.001426923964264f,-0.25872833954459573f,0.8226360700649323f,-0.5062899787124167f,-2.0478025160793356f,0f,0f,0f,1f],start_interpolation:0}
execute if entity @s[tag=aj.starscaller.bone.up7] run data modify entity @s {} merge value {transformation:[0.6540271699267338f,0.5349058146055372f,0.5349058146055371f,-1.621641541065625f,0.7108502706717661f,-0.19273210871390845f,-0.6764216340098583f,12.001426923964264f,-0.25872833954459573f,0.8226360700649323f,-0.5062899787124167f,-2.0478025160793356f,0f,0f,0f,1f],start_interpolation:0}
execute if entity @s[tag=aj.starscaller.bone.down7] run data modify entity @s {} merge value {transformation:[0.6540271699267338f,0.5349058146055372f,0.5349058146055371f,-1.621641541065625f,0.7108502706717661f,-0.19273210871390845f,-0.6764216340098583f,12.001426923964264f,-0.25872833954459573f,0.8226360700649323f,-0.5062899787124167f,-2.0478025160793356f,0f,0f,0f,1f],start_interpolation:0}
execute if entity @s[tag=aj.starscaller.bone.effects7] run data modify entity @s {} merge value {transformation:[0.8251160448871138f,0.6748333867901589f,0.6748333867901588f,-1.621641541065625f,0.8968036662900828f,-0.24314946316769684f,-0.8533687421469297f,12.001426923964264f,-0.3264098405103902f,1.0378318389884222f,-0.6387318509229023f,-2.0478025160793356f,0f,0f,0f,1f],start_interpolation:0}
execute if entity @s[tag=aj.starscaller.locator_origin.starscaller_meteorite7] at @s on origin run tp @s ^-0.59256 ^11.86205 ^-1.76192 ~46.5743 ~-42.56465
execute if entity @s[tag=aj.starscaller.bone.core8] run data modify entity @s {} merge value {transformation:[0.25749509128698866f,-0.68326286228768f,-0.6832628622876797f,2.5417811667757704f,-0.9080058158562683f,0.07074879552618482f,-0.41294072976976526f,7.807682188053927f,0.3304870895122799f,0.7267368636239951f,-0.6021891851533545f,-1.0534931483353533f,0f,0f,0f,1f],start_interpolation:0}
execute if entity @s[tag=aj.starscaller.bone.face29] run data modify entity @s {} merge value {transformation:[0.25749509128698866f,-0.68326286228768f,-0.6832628622876797f,2.5417811667757704f,-0.9080058158562683f,0.07074879552618482f,-0.41294072976976526f,7.807682188053927f,0.3304870895122799f,0.7267368636239951f,-0.6021891851533545f,-1.0534931483353533f,0f,0f,0f,1f],start_interpolation:0}
execute if entity @s[tag=aj.starscaller.bone.face30] run data modify entity @s {} merge value {transformation:[0.25749509128698866f,-0.68326286228768f,-0.6832628622876797f,2.5417811667757704f,-0.9080058158562683f,0.07074879552618482f,-0.41294072976976526f,7.807682188053927f,0.3304870895122799f,0.7267368636239951f,-0.6021891851533545f,-1.0534931483353533f,0f,0f,0f,1f],start_interpolation:0}
execute if entity @s[tag=aj.starscaller.bone.face31] run data modify entity @s {} merge value {transformation:[0.25749509128698866f,-0.68326286228768f,-0.6832628622876797f,2.5417811667757704f,-0.9080058158562683f,0.07074879552618482f,-0.41294072976976526f,7.807682188053927f,0.3304870895122799f,0.7267368636239951f,-0.6021891851533545f,-1.0534931483353533f,0f,0f,0f,1f],start_interpolation:0}
execute if entity @s[tag=aj.starscaller.bone.face32] run data modify entity @s {} merge value {transformation:[0.25749509128698866f,-0.68326286228768f,-0.6832628622876797f,2.5417811667757704f,-0.9080058158562683f,0.07074879552618482f,-0.41294072976976526f,7.807682188053927f,0.3304870895122799f,0.7267368636239951f,-0.6021891851533545f,-1.0534931483353533f,0f,0f,0f,1f],start_interpolation:0}
execute if entity @s[tag=aj.starscaller.bone.up8] run data modify entity @s {} merge value {transformation:[0.25749509128698866f,-0.68326286228768f,-0.6832628622876797f,2.5417811667757704f,-0.9080058158562683f,0.07074879552618482f,-0.41294072976976526f,7.807682188053927f,0.3304870895122799f,0.7267368636239951f,-0.6021891851533545f,-1.0534931483353533f,0f,0f,0f,1f],start_interpolation:0}
execute if entity @s[tag=aj.starscaller.bone.down8] run data modify entity @s {} merge value {transformation:[0.25749509128698866f,-0.68326286228768f,-0.6832628622876797f,2.5417811667757704f,-0.9080058158562683f,0.07074879552618482f,-0.41294072976976526f,7.807682188053927f,0.3304870895122799f,0.7267368636239951f,-0.6021891851533545f,-1.0534931483353533f,0f,0f,0f,1f],start_interpolation:0}
execute if entity @s[tag=aj.starscaller.bone.effects8] run data modify entity @s {} merge value {transformation:[0.3248539832441016f,-0.8619995872835291f,-0.8619995872835289f,2.5417811667757704f,-1.1455337055764057f,0.08925617929853312f,-0.5209630996807f,7.807682188053927f,0.4169401711784749f,0.9168460794285815f,-0.7597176104827439f,-1.0534931483353533f,0f,0f,0f,1f],start_interpolation:0}
execute if entity @s[tag=aj.starscaller.locator_origin.starscaller_meteorite8] at @s on origin run tp @s ^1.77375 ^7.20469 ^-0.59887 ~-48.60887 ~-24.3897
execute if entity @s[tag=aj.starscaller.bone.core9] run data modify entity @s {} merge value {transformation:[0.8680736891749714f,0.35103281197215364f,0.3510328119721536f,0.038065152966406335f,0.4664966478053566f,-0.334958106253461f,-0.8186476315494108f,6.717093961548134f,-0.16979089418611343f,0.8744020997081475f,-0.4545239490692016f,0.4076262764298337f,0f,0f,0f,1f],start_interpolation:0}
execute if entity @s[tag=aj.starscaller.bone.face33] run data modify entity @s {} merge value {transformation:[0.8680736891749714f,0.35103281197215364f,0.3510328119721536f,0.038065152966406335f,0.4664966478053566f,-0.334958106253461f,-0.8186476315494108f,6.717093961548134f,-0.16979089418611343f,0.8744020997081475f,-0.4545239490692016f,0.4076262764298337f,0f,0f,0f,1f],start_interpolation:0}
execute if entity @s[tag=aj.starscaller.bone.face34] run data modify entity @s {} merge value {transformation:[0.8680736891749714f,0.35103281197215364f,0.3510328119721536f,0.038065152966406335f,0.4664966478053566f,-0.334958106253461f,-0.8186476315494108f,6.717093961548134f,-0.16979089418611343f,0.8744020997081475f,-0.4545239490692016f,0.4076262764298337f,0f,0f,0f,1f],start_interpolation:0}
execute if entity @s[tag=aj.starscaller.bone.face35] run data modify entity @s {} merge value {transformation:[0.8680736891749714f,0.35103281197215364f,0.3510328119721536f,0.038065152966406335f,0.4664966478053566f,-0.334958106253461f,-0.8186476315494108f,6.717093961548134f,-0.16979089418611343f,0.8744020997081475f,-0.4545239490692016f,0.4076262764298337f,0f,0f,0f,1f],start_interpolation:0}
execute if entity @s[tag=aj.starscaller.bone.face36] run data modify entity @s {} merge value {transformation:[0.8680736891749714f,0.35103281197215364f,0.3510328119721536f,0.038065152966406335f,0.4664966478053566f,-0.334958106253461f,-0.8186476315494108f,6.717093961548134f,-0.16979089418611343f,0.8744020997081475f,-0.4545239490692016f,0.4076262764298337f,0f,0f,0f,1f],start_interpolation:0}
execute if entity @s[tag=aj.starscaller.bone.up9] run data modify entity @s {} merge value {transformation:[0.8680736891749714f,0.35103281197215364f,0.3510328119721536f,0.038065152966406335f,0.4664966478053566f,-0.334958106253461f,-0.8186476315494108f,6.717093961548134f,-0.16979089418611343f,0.8744020997081475f,-0.4545239490692016f,0.4076262764298337f,0f,0f,0f,1f],start_interpolation:0}
execute if entity @s[tag=aj.starscaller.bone.down9] run data modify entity @s {} merge value {transformation:[0.8680736891749714f,0.35103281197215364f,0.3510328119721536f,0.038065152966406335f,0.4664966478053566f,-0.334958106253461f,-0.8186476315494108f,6.717093961548134f,-0.16979089418611343f,0.8744020997081475f,-0.4545239490692016f,0.4076262764298337f,0f,0f,0f,1f],start_interpolation:0}
execute if entity @s[tag=aj.starscaller.bone.effects9] run data modify entity @s {} merge value {transformation:[1.0951556174078456f,0.44286050910165087f,0.4428605091016508f,0.038065152966406335f,0.5885288665199826f,-0.4225807742294471f,-1.0328000532086798f,6.717093961548134f,-0.2142069894197002f,1.1031394953102593f,-0.5734241946010655f,0.4076262764298337f,0f,0f,0f,1f],start_interpolation:0}
execute if entity @s[tag=aj.starscaller.locator_origin.starscaller_meteorite9] at @s on origin run tp @s ^0.95477 ^6.24793 ^0.86057 ~37.67922 ~-54.94964
execute if entity @s[tag=aj.starscaller.bone.meteorite_staff_effects] run data modify entity @s {} merge value {transformation:[-0.000006632215177634093f,0.000001141421008929712f,-0.0000073966803309277775f,-0.23700764486431203f,0.000007252247149523651f,-0.00000146143947963647f,-0.000006728232006224664f,6.503186221335767f,-0.0000018489546018726531f,-0.000009826563627623532f,1.4147138396217384e-7f,-1.2934142689030894f,0f,0f,0f,1f],start_interpolation:0}
execute if entity @s[tag=aj.starscaller.bone.meteorite_staff] run data modify entity @s {} merge value {transformation:[-1.529322101776996f,0.17596907220999725f,-0.08333610113902813f,-0.3469859845054122f,0.0571240936126361f,-0.2253052531106224f,-1.5240441240203f,6.621990810673525f,-0.1861366649976204f,-1.5149285592586277f,0.21698090560519928f,-0.42185397377502776f,0f,0f,0f,1f],start_interpolation:0}
execute if entity @s[tag=aj.starscaller.bone.right_arm2] run data modify entity @s {} merge value {transformation:[-0.9919927146661597f,-0.05797597227351696f,0.11220178558384572f,-0.29886748167837324f,0.03705346612711531f,0.7157119664431789f,0.6974119455085385f,6.785375133328911f,-0.12073729621467272f,0.695985034127156f,-0.7078328457862011f,-0.255236020161266f,0f,0f,0f,1f],start_interpolation:0}
execute if entity @s[tag=aj.starscaller.bone.right_arm] run data modify entity @s {} merge value {transformation:[-0.9919927146661597f,-0.04820223166399676f,0.1167347373829799f,-0.3109180395943724f,0.03705346612711531f,0.7725471801484142f,0.6338752993236922f,6.978511928366014f,-0.12073729621467272f,0.6331251055734121f,-0.7645751146848988f,-0.096954743767913f,0f,0f,0f,1f],start_interpolation:0}
execute if entity @s[tag=aj.starscaller.bone.left_arm2] run data modify entity @s {} merge value {transformation:[-0.9732025579972445f,-0.22624784003265008f,-0.04109374633907491f,0.4872612260597752f,-0.22994845431273295f,0.958075434101704f,0.17092445971836928f,6.779372071817702f,0.0006996190426457605f,0.17579356487480385f,-0.984426804329201f,0.04496960439031997f,0f,0f,0f,1f],start_interpolation:0}
execute if entity @s[tag=aj.starscaller.bone.left_arm] run data modify entity @s {} merge value {transformation:[-0.9732025579972445f,-0.21562903838860434f,0.07988052898689176f,0.3117036467129685f,-0.22994845431273295f,0.9115336533496152f,-0.34092536891567427f,6.978511928366014f,0.0006996190426457605f,-0.3501578452851076f,-0.9366904472228196f,-0.04248240455062621f,0f,0f,0f,1f],start_interpolation:0}
execute if entity @s[tag=aj.starscaller.locator_origin.player_camera] at @s on origin run tp @s ^0.03786 ^5.91292 ^-0.49801 ~5 ~-0.40788
execute if entity @s[tag=aj.starscaller.bone.head] run data modify entity @s {} merge value {transformation:[-0.9961946980917454f,0.015528195577014223f,0.08576128867978887f,-0.004965103962512287f,0f,0.9840004338910023f,-0.17816606327333878f,7.122703208462842f,-0.08715574274765885f,-0.17748808761277854f,-0.9802560151621935f,-0.008477410951619283f,0f,0f,0f,1f],start_interpolation:0}
execute if entity @s[tag=aj.starscaller.bone.body_top] run data modify entity @s {} merge value {transformation:[-0.9961946980917454f,0.0006204408633662746f,0.08715353433470815f,-0.005209402552462758f,0f,0.9999746613030758f,-0.007118760552160411f,6.728963185574756f,-0.08715574274765885f,-0.007091671519046868f,-0.996169455816213f,-0.005685065290994579f,0f,0f,0f,1f],start_interpolation:0}
execute if entity @s[tag=aj.starscaller.bone.body] run data modify entity @s {} merge value {transformation:[-0.9961946980917454f,0f,0.08715574274765885f,-0.005209402552462758f,0f,1f,0f,6.291463185574756f,-0.08715574274765885f,0f,-0.9961946980917454f,-0.005685065290994579f,0f,0f,0f,1f],start_interpolation:0}
execute if entity @s[tag=aj.starscaller.bone.right_leg2] run data modify entity @s {} merge value {transformation:[-0.984402336264619f,0.16436557247319689f,0.06273754013601512f,-0.1841981619484468f,0.16388786890301038f,0.9863969470098642f,-0.012721216767611288f,6.019332963182903f,-0.06397504812963821f,-0.0022408737530566214f,-0.9979489825144535f,-0.07578507792365873f,0f,0f,0f,1f],start_interpolation:0}
execute if entity @s[tag=aj.starscaller.bone.right_leg] run data modify entity @s {} merge value {transformation:[-0.984402336264619f,0.1515531746351745f,0.08935141641160563f,-0.12973373981393094f,0.16388786890301038f,0.9746232275251565f,0.15248059153504315f,6.369588185574756f,-0.06397504812963821f,0.16474586376127107f,-0.9842591089699719f,-0.016579533134451936f,0f,0f,0f,1f],start_interpolation:0}
execute if entity @s[tag=aj.starscaller.bone.left_leg2] run data modify entity @s {} merge value {transformation:[-0.9725938656743015f,0.00005181111699370522f,0.2325105799062201f,0.22867678302107203f,-0.10463721868940884f,0.8929148412985598f,-0.4378974065391488f,6.027943440969531f,-0.20763483551096007f,-0.4502255917919104f,-0.8684380758453423f,0.026871471761087746f,0f,0f,0f,1f],start_interpolation:0}
execute if entity @s[tag=aj.starscaller.bone.left_leg] run data modify entity @s {} merge value {transformation:[-0.9346364089371277f,-0.3043112300857505f,0.18398222287168786f,0.11931493470900542f,-0.3102045945397571f,0.9506636371623647f,-0.00342906746052034f,6.369588185574756f,-0.1738617054314576f,-0.06027706214573904f,-0.9829235896871861f,0.005209402552462779f,0f,0f,0f,1f],start_interpolation:0}