execute if entity @s[tag=aj.starscaller.bone.core] run data modify entity @s {} merge value {transformation:[-0.9321691477431485f,-0.25598894506971637f,-0.2559889450697162f,0.45205072578405614f,-0.34019037730218005f,0.8612366937992006f,0.3775471685032505f,9.92182784023901f,0.12381917132178202f,0.4390227981049677f,-0.8899032506723815f,-0.42514923011385475f,0f,0f,0f,1f],start_interpolation:0}
execute if entity @s[tag=aj.starscaller.bone.face1] run data modify entity @s {} merge value {transformation:[-0.9321691477431485f,-0.25598894506971637f,-0.2559889450697162f,0.45205072578405614f,-0.34019037730218005f,0.8612366937992006f,0.3775471685032505f,9.92182784023901f,0.12381917132178202f,0.4390227981049677f,-0.8899032506723815f,-0.42514923011385475f,0f,0f,0f,1f],start_interpolation:0}
execute if entity @s[tag=aj.starscaller.bone.face2] run data modify entity @s {} merge value {transformation:[-0.9321691477431485f,-0.25598894506971637f,-0.2559889450697162f,0.45205072578405614f,-0.34019037730218005f,0.8612366937992006f,0.3775471685032505f,9.92182784023901f,0.12381917132178202f,0.4390227981049677f,-0.8899032506723815f,-0.42514923011385475f,0f,0f,0f,1f],start_interpolation:0}
execute if entity @s[tag=aj.starscaller.bone.face3] run data modify entity @s {} merge value {transformation:[-0.9321691477431485f,-0.25598894506971637f,-0.2559889450697162f,0.45205072578405614f,-0.34019037730218005f,0.8612366937992006f,0.3775471685032505f,9.92182784023901f,0.12381917132178202f,0.4390227981049677f,-0.8899032506723815f,-0.42514923011385475f,0f,0f,0f,1f],start_interpolation:0}
execute if entity @s[tag=aj.starscaller.bone.face4] run data modify entity @s {} merge value {transformation:[-0.9321691477431485f,-0.25598894506971637f,-0.2559889450697162f,0.45205072578405614f,-0.34019037730218005f,0.8612366937992006f,0.3775471685032505f,9.92182784023901f,0.12381917132178202f,0.4390227981049677f,-0.8899032506723815f,-0.42514923011385475f,0f,0f,0f,1f],start_interpolation:0}
execute if entity @s[tag=aj.starscaller.bone.up] run data modify entity @s {} merge value {transformation:[-0.9321691477431485f,-0.25598894506971637f,-0.2559889450697162f,0.45205072578405614f,-0.34019037730218005f,0.8612366937992006f,0.3775471685032505f,9.92182784023901f,0.12381917132178202f,0.4390227981049677f,-0.8899032506723815f,-0.42514923011385475f,0f,0f,0f,1f],start_interpolation:0}
execute if entity @s[tag=aj.starscaller.bone.down] run data modify entity @s {} merge value {transformation:[-0.9321691477431485f,-0.25598894506971637f,-0.2559889450697162f,0.45205072578405614f,-0.34019037730218005f,0.8612366937992006f,0.3775471685032505f,9.92182784023901f,0.12381917132178202f,0.4390227981049677f,-0.8899032506723815f,-0.42514923011385475f,0f,0f,0f,1f],start_interpolation:0}
execute if entity @s[tag=aj.starscaller.bone.effects] run data modify entity @s {} merge value {transformation:[-1.1760179939279596f,-0.3229538398449266f,-0.32295383984492637f,0.45205072578405614f,-0.4291817703225911f,1.0865301124704905f,0.47631083349125725f,9.92182784023901f,0.15620938948709667f,0.5538680523444073f,-1.1226956375669175f,-0.42514923011385475f,0f,0f,0f,1f],start_interpolation:0}
execute if entity @s[tag=aj.starscaller.locator_origin.starscaller_meteorite1] at @s on origin run tp @s ^-0.35002 ^10.64026 ^-0.45149 ~-16.04837 ~22.18183
execute if entity @s[tag=aj.starscaller.bone.core2] run data modify entity @s {} merge value {transformation:[-0.8794355090750287f,0.33659559220074864f,0.3365955922007487f,2.9050290618522006f,0.44731065037921286f,0.8261971407627624f,0.3425076154668122f,5.956764023163156f,-0.1628077622082894f,0.45177615243222324f,-0.877149896345126f,1.018015976267685f,0f,0f,0f,1f],start_interpolation:0}
execute if entity @s[tag=aj.starscaller.bone.face5] run data modify entity @s {} merge value {transformation:[-0.8794355090750287f,0.33659559220074864f,0.3365955922007487f,2.9050290618522006f,0.44731065037921286f,0.8261971407627624f,0.3425076154668122f,5.956764023163156f,-0.1628077622082894f,0.45177615243222324f,-0.877149896345126f,1.018015976267685f,0f,0f,0f,1f],start_interpolation:0}
execute if entity @s[tag=aj.starscaller.bone.face6] run data modify entity @s {} merge value {transformation:[-0.8794355090750287f,0.33659559220074864f,0.3365955922007487f,2.9050290618522006f,0.44731065037921286f,0.8261971407627624f,0.3425076154668122f,5.956764023163156f,-0.1628077622082894f,0.45177615243222324f,-0.877149896345126f,1.018015976267685f,0f,0f,0f,1f],start_interpolation:0}
execute if entity @s[tag=aj.starscaller.bone.face7] run data modify entity @s {} merge value {transformation:[-0.8794355090750287f,0.33659559220074864f,0.3365955922007487f,2.9050290618522006f,0.44731065037921286f,0.8261971407627624f,0.3425076154668122f,5.956764023163156f,-0.1628077622082894f,0.45177615243222324f,-0.877149896345126f,1.018015976267685f,0f,0f,0f,1f],start_interpolation:0}
execute if entity @s[tag=aj.starscaller.bone.face8] run data modify entity @s {} merge value {transformation:[-0.8794355090750287f,0.33659559220074864f,0.3365955922007487f,2.9050290618522006f,0.44731065037921286f,0.8261971407627624f,0.3425076154668122f,5.956764023163156f,-0.1628077622082894f,0.45177615243222324f,-0.877149896345126f,1.018015976267685f,0f,0f,0f,1f],start_interpolation:0}
execute if entity @s[tag=aj.starscaller.bone.up2] run data modify entity @s {} merge value {transformation:[-0.8794355090750287f,0.33659559220074864f,0.3365955922007487f,2.9050290618522006f,0.44731065037921286f,0.8261971407627624f,0.3425076154668122f,5.956764023163156f,-0.1628077622082894f,0.45177615243222324f,-0.877149896345126f,1.018015976267685f,0f,0f,0f,1f],start_interpolation:0}
execute if entity @s[tag=aj.starscaller.bone.down2] run data modify entity @s {} merge value {transformation:[-0.8794355090750287f,0.33659559220074864f,0.3365955922007487f,2.9050290618522006f,0.44731065037921286f,0.8261971407627624f,0.3425076154668122f,5.956764023163156f,-0.1628077622082894f,0.45177615243222324f,-0.877149896345126f,1.018015976267685f,0f,0f,0f,1f],start_interpolation:0}
execute if entity @s[tag=aj.starscaller.bone.effects2] run data modify entity @s {} merge value {transformation:[-1.1094896089142001f,0.42464661490168637f,0.4246466149016864f,2.9050290618522006f,0.5643239480679747f,1.042324460556554f,0.4321051815773207f,5.956764023163156f,-0.20539711958032894f,0.5699575938274131f,-1.1066060960839117f,1.018015976267685f,0f,0f,0f,1f],start_interpolation:0}
execute if entity @s[tag=aj.starscaller.locator_origin.starscaller_meteorite2] at @s on origin run tp @s ^2.90709 ^7.02296 ^0.86511 ~20.9937 ~20.02973
execute if entity @s[tag=aj.starscaller.bone.core3] run data modify entity @s {} merge value {transformation:[-0.8632132195001998f,0.35697544571027545f,0.3569754457102756f,-0.20294057742192984f,0.47439396857828947f,0.815418029169363f,0.3317285038734129f,10.421208775428225f,-0.17266528387791344f,0.45569942820405474f,-0.873226620573295f,-1.1669209442515598f,0f,0f,0f,1f],start_interpolation:0}
execute if entity @s[tag=aj.starscaller.bone.face9] run data modify entity @s {} merge value {transformation:[-0.8632132195001998f,0.35697544571027545f,0.3569754457102756f,-0.20294057742192984f,0.47439396857828947f,0.815418029169363f,0.3317285038734129f,10.421208775428225f,-0.17266528387791344f,0.45569942820405474f,-0.873226620573295f,-1.1669209442515598f,0f,0f,0f,1f],start_interpolation:0}
execute if entity @s[tag=aj.starscaller.bone.face10] run data modify entity @s {} merge value {transformation:[-0.8632132195001998f,0.35697544571027545f,0.3569754457102756f,-0.20294057742192984f,0.47439396857828947f,0.815418029169363f,0.3317285038734129f,10.421208775428225f,-0.17266528387791344f,0.45569942820405474f,-0.873226620573295f,-1.1669209442515598f,0f,0f,0f,1f],start_interpolation:0}
execute if entity @s[tag=aj.starscaller.bone.face11] run data modify entity @s {} merge value {transformation:[-0.8632132195001998f,0.35697544571027545f,0.3569754457102756f,-0.20294057742192984f,0.47439396857828947f,0.815418029169363f,0.3317285038734129f,10.421208775428225f,-0.17266528387791344f,0.45569942820405474f,-0.873226620573295f,-1.1669209442515598f,0f,0f,0f,1f],start_interpolation:0}
execute if entity @s[tag=aj.starscaller.bone.face12] run data modify entity @s {} merge value {transformation:[-0.8632132195001998f,0.35697544571027545f,0.3569754457102756f,-0.20294057742192984f,0.47439396857828947f,0.815418029169363f,0.3317285038734129f,10.421208775428225f,-0.17266528387791344f,0.45569942820405474f,-0.873226620573295f,-1.1669209442515598f,0f,0f,0f,1f],start_interpolation:0}
execute if entity @s[tag=aj.starscaller.bone.up3] run data modify entity @s {} merge value {transformation:[-0.8632132195001998f,0.35697544571027545f,0.3569754457102756f,-0.20294057742192984f,0.47439396857828947f,0.815418029169363f,0.3317285038734129f,10.421208775428225f,-0.17266528387791344f,0.45569942820405474f,-0.873226620573295f,-1.1669209442515598f,0f,0f,0f,1f],start_interpolation:0}
execute if entity @s[tag=aj.starscaller.bone.down3] run data modify entity @s {} merge value {transformation:[-0.8632132195001998f,0.35697544571027545f,0.3569754457102756f,-0.20294057742192984f,0.47439396857828947f,0.815418029169363f,0.3317285038734129f,10.421208775428225f,-0.17266528387791344f,0.45569942820405474f,-0.873226620573295f,-1.1669209442515598f,0f,0f,0f,1f],start_interpolation:0}
execute if entity @s[tag=aj.starscaller.bone.effects3] run data modify entity @s {} merge value {transformation:[-1.0890236832944806f,0.45035769373200973f,0.4503576937320099f,-0.20294057742192984f,0.5984920704677592f,1.0287256097223618f,0.4185063307431286f,10.421208775428225f,-0.2178332990946148f,0.5749071707512856f,-1.1016565191600398f,-1.1669209442515598f,0f,0f,0f,1f],start_interpolation:0}
execute if entity @s[tag=aj.starscaller.locator_origin.starscaller_meteorite3] at @s on origin run tp @s ^-0.16602 ^11.4868 ^-1.31961 ~22.23477 ~19.37372
execute if entity @s[tag=aj.starscaller.bone.core4] run data modify entity @s {} merge value {transformation:[-0.8038417268058913f,-0.42061768760105833f,-0.4206176876010581f,-1.9159373342097763f,-0.5589698016295397f,0.7759678675712325f,0.2922783422752823f,5.989954300787436f,0.203448369646836f,0.47005811276276543f,-0.8588679360145841f,2.125959539483037f,0f,0f,0f,1f],start_interpolation:0}
execute if entity @s[tag=aj.starscaller.bone.face13] run data modify entity @s {} merge value {transformation:[-0.8038417268058913f,-0.42061768760105833f,-0.4206176876010581f,-1.9159373342097763f,-0.5589698016295397f,0.7759678675712325f,0.2922783422752823f,5.989954300787436f,0.203448369646836f,0.47005811276276543f,-0.8588679360145841f,2.125959539483037f,0f,0f,0f,1f],start_interpolation:0}
execute if entity @s[tag=aj.starscaller.bone.face14] run data modify entity @s {} merge value {transformation:[-0.8038417268058913f,-0.42061768760105833f,-0.4206176876010581f,-1.9159373342097763f,-0.5589698016295397f,0.7759678675712325f,0.2922783422752823f,5.989954300787436f,0.203448369646836f,0.47005811276276543f,-0.8588679360145841f,2.125959539483037f,0f,0f,0f,1f],start_interpolation:0}
execute if entity @s[tag=aj.starscaller.bone.face15] run data modify entity @s {} merge value {transformation:[-0.8038417268058913f,-0.42061768760105833f,-0.4206176876010581f,-1.9159373342097763f,-0.5589698016295397f,0.7759678675712325f,0.2922783422752823f,5.989954300787436f,0.203448369646836f,0.47005811276276543f,-0.8588679360145841f,2.125959539483037f,0f,0f,0f,1f],start_interpolation:0}
execute if entity @s[tag=aj.starscaller.bone.face16] run data modify entity @s {} merge value {transformation:[-0.8038417268058913f,-0.42061768760105833f,-0.4206176876010581f,-1.9159373342097763f,-0.5589698016295397f,0.7759678675712325f,0.2922783422752823f,5.989954300787436f,0.203448369646836f,0.47005811276276543f,-0.8588679360145841f,2.125959539483037f,0f,0f,0f,1f],start_interpolation:0}
execute if entity @s[tag=aj.starscaller.bone.up4] run data modify entity @s {} merge value {transformation:[-0.8038417268058913f,-0.42061768760105833f,-0.4206176876010581f,-1.9159373342097763f,-0.5589698016295397f,0.7759678675712325f,0.2922783422752823f,5.989954300787436f,0.203448369646836f,0.47005811276276543f,-0.8588679360145841f,2.125959539483037f,0f,0f,0f,1f],start_interpolation:0}
execute if entity @s[tag=aj.starscaller.bone.down4] run data modify entity @s {} merge value {transformation:[-0.8038417268058913f,-0.42061768760105833f,-0.4206176876010581f,-1.9159373342097763f,-0.5589698016295397f,0.7759678675712325f,0.2922783422752823f,5.989954300787436f,0.203448369646836f,0.47005811276276543f,-0.8588679360145841f,2.125959539483037f,0f,0f,0f,1f],start_interpolation:0}
execute if entity @s[tag=aj.starscaller.bone.effects4] run data modify entity @s {} merge value {transformation:[-1.0141210286594142f,-0.530648295302208f,-0.5306482953022077f,-1.9159373342097763f,-0.705192342366399f,0.9789555652888049f,0.3687362863095717f,5.989954300787436f,0.25666902205382996f,0.5930219854832061f,-1.0835417044281193f,2.125959539483037f,0f,0f,0f,1f],start_interpolation:0}
execute if entity @s[tag=aj.starscaller.locator_origin.starscaller_meteorite4] at @s on origin run tp @s ^-2.86992 ^6.48708 ^2.18017 ~-26.09261 ~16.99441
execute if entity @s[tag=aj.starscaller.bone.core5] run data modify entity @s {} merge value {transformation:[-0.8543504266755958f,0.3674815290863113f,0.36748152908631143f,4.689366034265052f,0.4883557764473303f,0.8095290310445962f,0.32583950574864595f,7.997348355552133f,-0.17774696635878792f,0.4578428482311188f,-0.8710832005462302f,-0.004701940316277575f,0f,0f,0f,1f],start_interpolation:0}
execute if entity @s[tag=aj.starscaller.bone.face17] run data modify entity @s {} merge value {transformation:[-0.8543504266755958f,0.3674815290863113f,0.36748152908631143f,4.689366034265052f,0.4883557764473303f,0.8095290310445962f,0.32583950574864595f,7.997348355552133f,-0.17774696635878792f,0.4578428482311188f,-0.8710832005462302f,-0.004701940316277575f,0f,0f,0f,1f],start_interpolation:0}
execute if entity @s[tag=aj.starscaller.bone.face18] run data modify entity @s {} merge value {transformation:[-0.8543504266755958f,0.3674815290863113f,0.36748152908631143f,4.689366034265052f,0.4883557764473303f,0.8095290310445962f,0.32583950574864595f,7.997348355552133f,-0.17774696635878792f,0.4578428482311188f,-0.8710832005462302f,-0.004701940316277575f,0f,0f,0f,1f],start_interpolation:0}
execute if entity @s[tag=aj.starscaller.bone.face19] run data modify entity @s {} merge value {transformation:[-0.8543504266755958f,0.3674815290863113f,0.36748152908631143f,4.689366034265052f,0.4883557764473303f,0.8095290310445962f,0.32583950574864595f,7.997348355552133f,-0.17774696635878792f,0.4578428482311188f,-0.8710832005462302f,-0.004701940316277575f,0f,0f,0f,1f],start_interpolation:0}
execute if entity @s[tag=aj.starscaller.bone.face20] run data modify entity @s {} merge value {transformation:[-0.8543504266755958f,0.3674815290863113f,0.36748152908631143f,4.689366034265052f,0.4883557764473303f,0.8095290310445962f,0.32583950574864595f,7.997348355552133f,-0.17774696635878792f,0.4578428482311188f,-0.8710832005462302f,-0.004701940316277575f,0f,0f,0f,1f],start_interpolation:0}
execute if entity @s[tag=aj.starscaller.bone.up5] run data modify entity @s {} merge value {transformation:[-0.8543504266755958f,0.3674815290863113f,0.36748152908631143f,4.689366034265052f,0.4883557764473303f,0.8095290310445962f,0.32583950574864595f,7.997348355552133f,-0.17774696635878792f,0.4578428482311188f,-0.8710832005462302f,-0.004701940316277575f,0f,0f,0f,1f],start_interpolation:0}
execute if entity @s[tag=aj.starscaller.bone.down5] run data modify entity @s {} merge value {transformation:[-0.8543504266755958f,0.3674815290863113f,0.36748152908631143f,4.689366034265052f,0.4883557764473303f,0.8095290310445962f,0.32583950574864595f,7.997348355552133f,-0.17774696635878792f,0.4578428482311188f,-0.8710832005462302f,-0.004701940316277575f,0f,0f,0f,1f],start_interpolation:0}
execute if entity @s[tag=aj.starscaller.bone.effects5] run data modify entity @s {} merge value {transformation:[-1.077842446645076f,0.46361209410112597f,0.46361209410112614f,4.689366034265052f,0.6161061883792021f,1.0212960914018925f,0.4110768124226593f,7.997348355552133f,-0.22424431371723513f,0.5776112942748711f,-1.0989523956364535f,-0.004701940316277575f,0f,0f,0f,1f],start_interpolation:0}
execute if entity @s[tag=aj.starscaller.locator_origin.starscaller_meteorite5] at @s on origin run tp @s ^4.74451 ^9.06219 ^-0.15712 ~22.87329 ~19.01644
execute if entity @s[tag=aj.starscaller.bone.core6] run data modify entity @s {} merge value {transformation:[-0.8394733472171061f,-0.3842424360427335f,-0.38424243604273317f,-1.4122643635392547f,-0.510629782302853f,0.7996437618335372f,0.315954236537587f,6.97365660844756f,0.1858540414880691f,0.4614407919816522f,-0.8674852567956968f,-0.052117553932856886f,0f,0f,0f,1f],start_interpolation:0}
execute if entity @s[tag=aj.starscaller.bone.face21] run data modify entity @s {} merge value {transformation:[-0.8394733472171061f,-0.3842424360427335f,-0.38424243604273317f,-1.4122643635392547f,-0.510629782302853f,0.7996437618335372f,0.315954236537587f,6.97365660844756f,0.1858540414880691f,0.4614407919816522f,-0.8674852567956968f,-0.052117553932856886f,0f,0f,0f,1f],start_interpolation:0}
execute if entity @s[tag=aj.starscaller.bone.face22] run data modify entity @s {} merge value {transformation:[-0.8394733472171061f,-0.3842424360427335f,-0.38424243604273317f,-1.4122643635392547f,-0.510629782302853f,0.7996437618335372f,0.315954236537587f,6.97365660844756f,0.1858540414880691f,0.4614407919816522f,-0.8674852567956968f,-0.052117553932856886f,0f,0f,0f,1f],start_interpolation:0}
execute if entity @s[tag=aj.starscaller.bone.face23] run data modify entity @s {} merge value {transformation:[-0.8394733472171061f,-0.3842424360427335f,-0.38424243604273317f,-1.4122643635392547f,-0.510629782302853f,0.7996437618335372f,0.315954236537587f,6.97365660844756f,0.1858540414880691f,0.4614407919816522f,-0.8674852567956968f,-0.052117553932856886f,0f,0f,0f,1f],start_interpolation:0}
execute if entity @s[tag=aj.starscaller.bone.face24] run data modify entity @s {} merge value {transformation:[-0.8394733472171061f,-0.3842424360427335f,-0.38424243604273317f,-1.4122643635392547f,-0.510629782302853f,0.7996437618335372f,0.315954236537587f,6.97365660844756f,0.1858540414880691f,0.4614407919816522f,-0.8674852567956968f,-0.052117553932856886f,0f,0f,0f,1f],start_interpolation:0}
execute if entity @s[tag=aj.starscaller.bone.up6] run data modify entity @s {} merge value {transformation:[-0.8394733472171061f,-0.3842424360427335f,-0.38424243604273317f,-1.4122643635392547f,-0.510629782302853f,0.7996437618335372f,0.315954236537587f,6.97365660844756f,0.1858540414880691f,0.4614407919816522f,-0.8674852567956968f,-0.052117553932856886f,0f,0f,0f,1f],start_interpolation:0}
execute if entity @s[tag=aj.starscaller.bone.down6] run data modify entity @s {} merge value {transformation:[-0.8394733472171061f,-0.3842424360427335f,-0.38424243604273317f,-2.391316889142825f,-0.510629782302853f,0.7996437618335372f,0.315954236537587f,7.436340448952506f,0.1858540414880691f,0.4614407919816522f,-0.8674852567956968f,-0.24213683860883406f,0f,0f,0f,1f],start_interpolation:0}
execute if entity @s[tag=aj.starscaller.bone.effects6] run data modify entity @s {} merge value {transformation:[-1.0590736285795581f,-0.48475753559425727f,-0.4847575355942568f,-1.4122643635392547f,-0.6442069163923214f,1.0088249057858776f,0.39860562680664424f,6.97365660844756f,0.23447214227522079f,0.5821504346251092f,-1.0944132552862154f,-0.052117553932856886f,0f,0f,0f,1f],start_interpolation:0}
execute if entity @s[tag=aj.starscaller.locator_origin.starscaller_meteorite6] at @s on origin run tp @s ^-2.33632 ^7.52603 ^-0.01801 ~-23.89039 ~18.41843
execute if entity @s[tag=aj.starscaller.bone.core7] run data modify entity @s {} merge value {transformation:[-0.6986009910445191f,0.5059430083080583f,0.505943008308058f,-2.796813413910757f,0.6723608429373534f,0.7060392899983416f,0.2223497647023912f,12.913271096227138f,-0.2447193335153297f,0.4955100335238726f,-0.8334160152534762f,-0.40788341227328173f,0f,0f,0f,1f],start_interpolation:0}
execute if entity @s[tag=aj.starscaller.bone.face25] run data modify entity @s {} merge value {transformation:[-0.6986009910445191f,0.5059430083080583f,0.505943008308058f,-3.118305123592909f,0.6723608429373534f,0.7060392899983416f,0.2223497647023912f,11.876144703813507f,-0.2447193335153297f,0.4955100335238726f,-0.8334160152534762f,-0.29644451952623885f,0f,0f,0f,1f],start_interpolation:0}
execute if entity @s[tag=aj.starscaller.bone.face26] run data modify entity @s {} merge value {transformation:[-0.6986009910445191f,0.5059430083080583f,0.505943008308058f,-3.118305123592909f,0.6723608429373534f,0.7060392899983416f,0.2223497647023912f,11.876144703813507f,-0.2447193335153297f,0.4955100335238726f,-0.8334160152534762f,-0.29644451952623885f,0f,0f,0f,1f],start_interpolation:0}
execute if entity @s[tag=aj.starscaller.bone.face27] run data modify entity @s {} merge value {transformation:[-0.6986009910445191f,0.5059430083080583f,0.505943008308058f,-3.118305123592909f,0.6723608429373534f,0.7060392899983416f,0.2223497647023912f,11.876144703813507f,-0.2447193335153297f,0.4955100335238726f,-0.8334160152534762f,-0.29644451952623885f,0f,0f,0f,1f],start_interpolation:0}
execute if entity @s[tag=aj.starscaller.bone.face28] run data modify entity @s {} merge value {transformation:[-0.6986009910445191f,0.5059430083080583f,0.505943008308058f,-3.118305123592909f,0.6723608429373534f,0.7060392899983416f,0.2223497647023912f,11.876144703813507f,-0.2447193335153297f,0.4955100335238726f,-0.8334160152534762f,-0.29644451952623885f,0f,0f,0f,1f],start_interpolation:0}
execute if entity @s[tag=aj.starscaller.bone.up7] run data modify entity @s {} merge value {transformation:[-0.6986009910445191f,0.5059430083080583f,0.505943008308058f,-3.118305123592909f,0.6723608429373534f,0.7060392899983416f,0.2223497647023912f,11.876144703813507f,-0.2447193335153297f,0.4955100335238726f,-0.8334160152534762f,-0.29644451952623885f,0f,0f,0f,1f],start_interpolation:0}
execute if entity @s[tag=aj.starscaller.bone.down7] run data modify entity @s {} merge value {transformation:[-0.6986009910445191f,0.5059430083080583f,0.505943008308058f,-3.118305123592909f,0.6723608429373534f,0.7060392899983416f,0.2223497647023912f,11.876144703813507f,-0.2447193335153297f,0.4955100335238726f,-0.8334160152534762f,-0.29644451952623885f,0f,0f,0f,1f],start_interpolation:0}
execute if entity @s[tag=aj.starscaller.bone.effects7] run data modify entity @s {} merge value {transformation:[-0.8813500618780787f,0.6382941155184708f,0.6382941155184705f,-3.118305123592909f,0.8482456768937943f,0.8907341671502703f,0.28051488817103676f,11.876144703813507f,-0.30873617773432754f,0.6251319484309802f,-1.0514317414803442f,-0.29644451952623885f,0f,0f,0f,1f],start_interpolation:0}
execute if entity @s[tag=aj.starscaller.locator_origin.starscaller_meteorite7] at @s on origin run tp @s ^-2.80356 ^12.89716 ^-0.43291 ~31.26074 ~12.84708
execute if entity @s[tag=aj.starscaller.bone.core8] run data modify entity @s {} merge value {transformation:[-0.8543504266755959f,-0.36748152908631143f,-0.3674815290863112f,2.8677917571923004f,-0.4883557764473303f,0.8095290310445962f,0.32583950574864595f,6.682583106058322f,0.17774696635878773f,0.45784284823111876f,-0.8710832005462303f,1.033845393715857f,0f,0f,0f,1f],start_interpolation:0}
execute if entity @s[tag=aj.starscaller.bone.face29] run data modify entity @s {} merge value {transformation:[-0.8543504266755959f,-0.36748152908631143f,-0.3674815290863112f,2.8677917571923004f,-0.4883557764473303f,0.8095290310445962f,0.32583950574864595f,6.682583106058322f,0.17774696635878773f,0.45784284823111876f,-0.8710832005462303f,1.033845393715857f,0f,0f,0f,1f],start_interpolation:0}
execute if entity @s[tag=aj.starscaller.bone.face30] run data modify entity @s {} merge value {transformation:[-0.8543504266755959f,-0.36748152908631143f,-0.3674815290863112f,2.8677917571923004f,-0.4883557764473303f,0.8095290310445962f,0.32583950574864595f,6.682583106058322f,0.17774696635878773f,0.45784284823111876f,-0.8710832005462303f,1.033845393715857f,0f,0f,0f,1f],start_interpolation:0}
execute if entity @s[tag=aj.starscaller.bone.face31] run data modify entity @s {} merge value {transformation:[-0.8543504266755959f,-0.36748152908631143f,-0.3674815290863112f,2.8677917571923004f,-0.4883557764473303f,0.8095290310445962f,0.32583950574864595f,6.682583106058322f,0.17774696635878773f,0.45784284823111876f,-0.8710832005462303f,1.033845393715857f,0f,0f,0f,1f],start_interpolation:0}
execute if entity @s[tag=aj.starscaller.bone.face32] run data modify entity @s {} merge value {transformation:[-0.8543504266755959f,-0.36748152908631143f,-0.3674815290863112f,2.8677917571923004f,-0.4883557764473303f,0.8095290310445962f,0.32583950574864595f,6.682583106058322f,0.17774696635878773f,0.45784284823111876f,-0.8710832005462303f,1.033845393715857f,0f,0f,0f,1f],start_interpolation:0}
execute if entity @s[tag=aj.starscaller.bone.up8] run data modify entity @s {} merge value {transformation:[-0.8543504266755959f,-0.36748152908631143f,-0.3674815290863112f,2.8677917571923004f,-0.4883557764473303f,0.8095290310445962f,0.32583950574864595f,6.682583106058322f,0.17774696635878773f,0.45784284823111876f,-0.8710832005462303f,1.033845393715857f,0f,0f,0f,1f],start_interpolation:0}
execute if entity @s[tag=aj.starscaller.bone.down8] run data modify entity @s {} merge value {transformation:[-0.8543504266755959f,-0.36748152908631143f,-0.3674815290863112f,2.8677917571923004f,-0.4883557764473303f,0.8095290310445962f,0.32583950574864595f,6.682583106058322f,0.17774696635878773f,0.45784284823111876f,-0.8710832005462303f,1.033845393715857f,0f,0f,0f,1f],start_interpolation:0}
execute if entity @s[tag=aj.starscaller.bone.effects8] run data modify entity @s {} merge value {transformation:[-1.0778424466450762f,-0.46361209410112614f,-0.46361209410112586f,2.8677917571923004f,-0.6161061883792021f,1.0212960914018925f,0.4110768124226593f,6.682583106058322f,0.22424431371723488f,0.5776112942748711f,-1.0989523956364535f,1.033845393715857f,0f,0f,0f,1f],start_interpolation:0}
execute if entity @s[tag=aj.starscaller.locator_origin.starscaller_meteorite8] at @s on origin run tp @s ^1.9583 ^7.25907 ^1.05917 ~-22.87329 ~19.01644
execute if entity @s[tag=aj.starscaller.bone.core9] run data modify entity @s {} merge value {transformation:[-0.5065954276024551f,0.6096560803979099f,0.6096560803979099f,0.5844142689513426f,0.8101878460362804f,0.5784586926141762f,0.09476916731822593f,7.0672257215443715f,-0.29488426012145474f,0.5419455734416093f,-0.7869804753357399f,2.0138707671862566f,0f,0f,0f,1f],start_interpolation:0}
execute if entity @s[tag=aj.starscaller.bone.face33] run data modify entity @s {} merge value {transformation:[-0.5065954276024551f,0.6096560803979099f,0.6096560803979099f,0.5844142689513426f,0.8101878460362804f,0.5784586926141762f,0.09476916731822593f,7.0672257215443715f,-0.29488426012145474f,0.5419455734416093f,-0.7869804753357399f,2.0138707671862566f,0f,0f,0f,1f],start_interpolation:0}
execute if entity @s[tag=aj.starscaller.bone.face34] run data modify entity @s {} merge value {transformation:[-0.5065954276024551f,0.6096560803979099f,0.6096560803979099f,0.5844142689513426f,0.8101878460362804f,0.5784586926141762f,0.09476916731822593f,7.0672257215443715f,-0.29488426012145474f,0.5419455734416093f,-0.7869804753357399f,2.0138707671862566f,0f,0f,0f,1f],start_interpolation:0}
execute if entity @s[tag=aj.starscaller.bone.face35] run data modify entity @s {} merge value {transformation:[-0.5065954276024551f,0.6096560803979099f,0.6096560803979099f,0.5844142689513426f,0.8101878460362804f,0.5784586926141762f,0.09476916731822593f,7.0672257215443715f,-0.29488426012145474f,0.5419455734416093f,-0.7869804753357399f,2.0138707671862566f,0f,0f,0f,1f],start_interpolation:0}
execute if entity @s[tag=aj.starscaller.bone.face36] run data modify entity @s {} merge value {transformation:[-0.5065954276024551f,0.6096560803979099f,0.6096560803979099f,0.5844142689513426f,0.8101878460362804f,0.5784586926141762f,0.09476916731822593f,7.0672257215443715f,-0.29488426012145474f,0.5419455734416093f,-0.7869804753357399f,2.0138707671862566f,0f,0f,0f,1f],start_interpolation:0}
execute if entity @s[tag=aj.starscaller.bone.up9] run data modify entity @s {} merge value {transformation:[-0.5065954276024551f,0.6096560803979099f,0.6096560803979099f,0.5844142689513426f,0.8101878460362804f,0.5784586926141762f,0.09476916731822593f,7.0672257215443715f,-0.29488426012145474f,0.5419455734416093f,-0.7869804753357399f,2.0138707671862566f,0f,0f,0f,1f],start_interpolation:0}
execute if entity @s[tag=aj.starscaller.bone.down9] run data modify entity @s {} merge value {transformation:[-0.5065954276024551f,0.6096560803979099f,0.6096560803979099f,0.5844142689513426f,0.8101878460362804f,0.5784586926141762f,0.09476916731822593f,7.0672257215443715f,-0.29488426012145474f,0.5419455734416093f,-0.7869804753357399f,2.0138707671862566f,0f,0f,0f,1f],start_interpolation:0}
execute if entity @s[tag=aj.starscaller.bone.effects9] run data modify entity @s {} merge value {transformation:[-0.6391172030789786f,0.7691377926327669f,0.7691377926327669f,0.5844142689513426f,1.0221272477287953f,0.7297793891863052f,0.119560110207072f,7.0672257215443715f,-0.3720238938057181f,0.6837146966727891f,-0.9928489932385358f,2.0138707671862566f,0f,0f,0f,1f],start_interpolation:0}
execute if entity @s[tag=aj.starscaller.locator_origin.starscaller_meteorite9] at @s on origin run tp @s ^1.16939 ^8.02586 ^1.94714 ~37.76414 ~5.43803
execute if entity @s[tag=aj.starscaller.bone.meteorite_staff_effects] run data modify entity @s {} merge value {transformation:[-0.000006904886022183682f,7.300767374030296e-7f,-0.0000071964947702444265f,-0.2765660783676924f,0.000007224827784631587f,0.0000011812238778611446f,-0.0000068122370505426535f,7.255371171828989f,3.5272156592393476e-7f,-0.000009903115575811159f,-0.0000013430894940615612f,-1.3979618957784612f,0f,0f,0f,1f],start_interpolation:0}
execute if entity @s[tag=aj.starscaller.bone.meteorite_staff] run data modify entity @s {} merge value {transformation:[-1.5372238889563619f,0.11255349701630038f,-0.031788938994423525f,-0.34975356110217676f,0.04497746299739061f,0.18210534783692642f,-1.530212658823152f,7.139830817315418f,-0.10796228116943382f,-1.5267303179375535f,-0.18486425626956238f,-0.5221073801587104f,0f,0f,0f,1f],start_interpolation:0}
execute if entity @s[tag=aj.starscaller.bone.right_arm2] run data modify entity @s {} merge value {transformation:[-0.9971181982419646f,-0.049027864467757684f,0.05789272182605926f,-0.2993357135307723f,0.02917457059290202f,0.45661549596256196f,0.8891856573728476f,7.244351258846113f,-0.0700295877855787f,0.8883121958819402f,-0.45386925373061693f,-0.31400911582474833f,0f,0f,0f,1f],start_interpolation:0}
execute if entity @s[tag=aj.starscaller.bone.right_arm] run data modify entity @s {} merge value {transformation:[-0.9971181982419646f,-0.04582863693147359f,0.06045688357583005f,-0.3107928727636407f,0.02917457059290202f,0.5039865042129734f,0.8632186559626166f,7.370347884899357f,-0.0700295877855787f,0.8624948345400043f,-0.5011970842157725f,-0.09838540718974723f,0f,0f,0f,1f],start_interpolation:0}
execute if entity @s[tag=aj.starscaller.bone.left_arm2] run data modify entity @s {} merge value {transformation:[-0.9529798744019817f,-0.2973681768033869f,-0.05832260633247316f,0.5010214353381175f,-0.30123948610847984f,0.9505386810528604f,0.07570328811476884f,7.199277819594028f,0.0329261445341239f,0.08971278195953081f,-0.995423269649248f,0.07039434480109896f,0f,0f,0f,1f],start_interpolation:0}
execute if entity @s[tag=aj.starscaller.bone.left_arm] run data modify entity @s {} merge value {transformation:[-0.9529798744019817f,-0.28028054997667845f,0.11520491434636651f,0.31182881354370023f,-0.30123948610847984f,0.8349000042755576f,-0.46064818991261997f,7.370347884899357f,0.0329261445341239f,-0.47369272336129964f,-0.8800744700539114f,-0.04391306797246045f,0f,0f,0f,1f],start_interpolation:0}
execute if entity @s[tag=aj.starscaller.locator_origin.player_camera] at @s on origin run tp @s ^0.03745 ^6.3023 ^-0.49332 ~5 ~-0.73786
execute if entity @s[tag=aj.starscaller.bone.head] run data modify entity @s {} merge value {transformation:[-0.9961946980917454f,0.016110895815951765f,0.08565373622851273f,-0.0047674721861239965f,0f,0.982766407906191f,-0.18485179872309138f,7.51489081939301f,-0.08715574274765885f,-0.1841483818206661f,-0.979026685018817f,-0.010736352492425064f,0f,0f,0f,1f],start_interpolation:0}
execute if entity @s[tag=aj.starscaller.bone.body_top] run data modify entity @s {} merge value {transformation:[-0.9961946980917454f,0.0011223628351460606f,0.08714851573929627f,-0.005209402552462758f,0f,0.9999170793784238f,-0.012877669328062828f,7.121173469387755f,-0.08715574274765885f,-0.01282866590839488f,-0.9961120930081687f,-0.005685065290994579f,0f,0f,0f,1f],start_interpolation:0}
execute if entity @s[tag=aj.starscaller.bone.body] run data modify entity @s {} merge value {transformation:[-0.9961946980917454f,0f,0.08715574274765885f,-0.005209402552462758f,0f,1f,0f,6.683673469387755f,-0.08715574274765885f,0f,-0.9961946980917454f,-0.005685065290994579f,0f,0f,0f,1f],start_interpolation:0}
execute if entity @s[tag=aj.starscaller.bone.right_leg2] run data modify entity @s {} merge value {transformation:[-0.9838262462098395f,0.1736492764776148f,0.04395277064596641f,-0.1888343016808531f,0.16704995000882475f,0.9780205564356691f,-0.12478022836697047f,6.407663256646747f,-0.06465470957869338f,-0.11541975553632507f,-0.9912103957088171f,-0.03225643681135771f,0f,0f,0f,1f],start_interpolation:0}
execute if entity @s[tag=aj.starscaller.bone.right_leg] run data modify entity @s {} merge value {transformation:[-0.9838262462098395f,0.16445373736882693f,0.0709991938974023f,-0.12973373981393094f,0.16704995000882475f,0.985419722409762f,0.03228443724020866f,6.761798469387755f,-0.06465470957869338f,0.043622688492259545f,-0.9969537750457651f,-0.016579533134451936f,0f,0f,0f,1f],start_interpolation:0}
execute if entity @s[tag=aj.starscaller.bone.left_leg2] run data modify entity @s {} merge value {transformation:[-0.9770431904179046f,-0.01358320269840474f,0.21260785653981915f,0.24091013155741148f,-0.09295780908654594f,0.9251341276546056f,-0.3680838105358364f,6.423763578998365f,-0.1916910268839715f,-0.3793973411256413f,-0.905158664411363f,-0.004660329350212581f,0f,0f,0f,1f],start_interpolation:0}
execute if entity @s[tag=aj.starscaller.bone.left_leg] run data modify entity @s {} merge value {transformation:[-0.9283290345670517f,-0.33835185209991253f,0.15402346496675295f,0.11931493470900542f,-0.32886972874510806f,0.9406188254313452f,0.08414824275809672f,6.761798469387755f,-0.17334908449404818f,0.02746360181614013f,-0.984477447928778f,0.005209402552462779f,0f,0f,0f,1f],start_interpolation:0}
execute if entity @s[tag=aj.starscaller.bone.vortex_effect] run data modify entity @s {} merge value {transformation:[-0.6019446032779747f,0f,1.5864125363985058f,0f,0f,1.696774010013655f,0f,7.68921875f,-1.5864125363985058f,0f,-0.6019446032779747f,0f,0f,0f,0f,1f],start_interpolation:0}