execute if entity @s[tag=aj.starscaller.bone.core] run data modify entity @s {} merge value {transformation:[-0.6066398774942543f,-0.5621334623707064f,-0.562133462370706f,0.21899552685770263f,-0.7470338010338333f,0.6449345303625825f,0.1612450050666322f,10.117885631499854f,0.2718980675670557f,0.5177503472032798f,-0.8111757015740695f,-0.6291037550659033f,0f,0f,0f,1f],start_interpolation:0}
execute if entity @s[tag=aj.starscaller.bone.face1] run data modify entity @s {} merge value {transformation:[-0.6066398774942543f,-0.5621334623707064f,-0.562133462370706f,0.21899552685770263f,-0.7470338010338333f,0.6449345303625825f,0.1612450050666322f,10.117885631499854f,0.2718980675670557f,0.5177503472032798f,-0.8111757015740695f,-0.6291037550659033f,0f,0f,0f,1f],start_interpolation:0}
execute if entity @s[tag=aj.starscaller.bone.face2] run data modify entity @s {} merge value {transformation:[-0.6066398774942543f,-0.5621334623707064f,-0.562133462370706f,0.21899552685770263f,-0.7470338010338333f,0.6449345303625825f,0.1612450050666322f,10.117885631499854f,0.2718980675670557f,0.5177503472032798f,-0.8111757015740695f,-0.6291037550659033f,0f,0f,0f,1f],start_interpolation:0}
execute if entity @s[tag=aj.starscaller.bone.face3] run data modify entity @s {} merge value {transformation:[-0.6066398774942543f,-0.5621334623707064f,-0.562133462370706f,0.21899552685770263f,-0.7470338010338333f,0.6449345303625825f,0.1612450050666322f,10.117885631499854f,0.2718980675670557f,0.5177503472032798f,-0.8111757015740695f,-0.6291037550659033f,0f,0f,0f,1f],start_interpolation:0}
execute if entity @s[tag=aj.starscaller.bone.face4] run data modify entity @s {} merge value {transformation:[-0.6066398774942543f,-0.5621334623707064f,-0.562133462370706f,0.21899552685770263f,-0.7470338010338333f,0.6449345303625825f,0.1612450050666322f,10.117885631499854f,0.2718980675670557f,0.5177503472032798f,-0.8111757015740695f,-0.6291037550659033f,0f,0f,0f,1f],start_interpolation:0}
execute if entity @s[tag=aj.starscaller.bone.up] run data modify entity @s {} merge value {transformation:[-0.6066398774942543f,-0.5621334623707064f,-0.562133462370706f,0.21899552685770263f,-0.7470338010338333f,0.6449345303625825f,0.1612450050666322f,10.117885631499854f,0.2718980675670557f,0.5177503472032798f,-0.8111757015740695f,-0.6291037550659033f,0f,0f,0f,1f],start_interpolation:0}
execute if entity @s[tag=aj.starscaller.bone.down] run data modify entity @s {} merge value {transformation:[-0.6066398774942543f,-0.5621334623707064f,-0.562133462370706f,0.21899552685770263f,-0.7470338010338333f,0.6449345303625825f,0.1612450050666322f,10.117885631499854f,0.2718980675670557f,0.5177503472032798f,-0.8111757015740695f,-0.6291037550659033f,0f,0f,0f,1f],start_interpolation:0}
execute if entity @s[tag=aj.starscaller.bone.effects] run data modify entity @s {} merge value {transformation:[-0.7653325724142857f,-0.7091835943481913f,-0.7091835943481909f,0.21899552685770263f,-0.9424525518948601f,0.8136448352191773f,0.20342555623994396f,10.117885631499854f,0.3430246760979522f,0.6531901706333652f,-1.0233735192779598f,-0.6291037550659033f,0f,0f,0f,1f],start_interpolation:0}
execute if entity @s[tag=aj.starscaller.locator_origin.starscaller_meteorite1] at @s on origin run tp @s ^-0.82212 ^10.349 ^-0.47807 ~-34.72142 ~9.27917
execute if entity @s[tag=aj.starscaller.bone.core2] run data modify entity @s {} merge value {transformation:[-0.5626892561215362f,0.5845428987873312f,0.5845428987873313f,2.2443903389664004f,0.776814284826306f,0.6157309675615046f,0.13204144226555448f,5.715469822689743f,-0.2827372772295629f,0.5283795747973961f,-0.8005464739799533f,0.9732445582039446f,0f,0f,0f,1f],start_interpolation:0}
execute if entity @s[tag=aj.starscaller.bone.face5] run data modify entity @s {} merge value {transformation:[-0.5626892561215362f,0.5845428987873312f,0.5845428987873313f,2.2443903389664004f,0.776814284826306f,0.6157309675615046f,0.13204144226555448f,5.715469822689743f,-0.2827372772295629f,0.5283795747973961f,-0.8005464739799533f,0.9732445582039446f,0f,0f,0f,1f],start_interpolation:0}
execute if entity @s[tag=aj.starscaller.bone.face6] run data modify entity @s {} merge value {transformation:[-0.5626892561215362f,0.5845428987873312f,0.5845428987873313f,2.2443903389664004f,0.776814284826306f,0.6157309675615046f,0.13204144226555448f,5.715469822689743f,-0.2827372772295629f,0.5283795747973961f,-0.8005464739799533f,0.9732445582039446f,0f,0f,0f,1f],start_interpolation:0}
execute if entity @s[tag=aj.starscaller.bone.face7] run data modify entity @s {} merge value {transformation:[-0.5626892561215362f,0.5845428987873312f,0.5845428987873313f,2.2443903389664004f,0.776814284826306f,0.6157309675615046f,0.13204144226555448f,5.715469822689743f,-0.2827372772295629f,0.5283795747973961f,-0.8005464739799533f,0.9732445582039446f,0f,0f,0f,1f],start_interpolation:0}
execute if entity @s[tag=aj.starscaller.bone.face8] run data modify entity @s {} merge value {transformation:[-0.5626892561215362f,0.5845428987873312f,0.5845428987873313f,2.2443903389664004f,0.776814284826306f,0.6157309675615046f,0.13204144226555448f,5.715469822689743f,-0.2827372772295629f,0.5283795747973961f,-0.8005464739799533f,0.9732445582039446f,0f,0f,0f,1f],start_interpolation:0}
execute if entity @s[tag=aj.starscaller.bone.up2] run data modify entity @s {} merge value {transformation:[-0.5626892561215362f,0.5845428987873312f,0.5845428987873313f,2.2443903389664004f,0.776814284826306f,0.6157309675615046f,0.13204144226555448f,5.715469822689743f,-0.2827372772295629f,0.5283795747973961f,-0.8005464739799533f,0.9732445582039446f,0f,0f,0f,1f],start_interpolation:0}
execute if entity @s[tag=aj.starscaller.bone.down2] run data modify entity @s {} merge value {transformation:[-0.5626892561215362f,0.5845428987873312f,0.5845428987873313f,2.2443903389664004f,0.776814284826306f,0.6157309675615046f,0.13204144226555448f,5.715469822689743f,-0.2827372772295629f,0.5283795747973961f,-0.8005464739799533f,0.9732445582039446f,0f,0f,0f,1f],start_interpolation:0}
execute if entity @s[tag=aj.starscaller.bone.effects2] run data modify entity @s {} merge value {transformation:[-0.7098847798073659f,0.7374551805978973f,0.7374551805978975f,2.2443903389664004f,0.98002339930235f,0.7768018272479073f,0.16658254826867414f,5.715469822689743f,-0.35669934623043614f,0.66659992887574f,-1.009963761035585f,0.9732445582039446f,0f,0f,0f,1f],start_interpolation:0}
execute if entity @s[tag=aj.starscaller.locator_origin.starscaller_meteorite2] at @s on origin run tp @s ^2.73026 ^6.67018 ^0.86091 ~36.13617 ~7.58758
execute if entity @s[tag=aj.starscaller.bone.core3] run data modify entity @s {} merge value {transformation:[-0.5079109838704494f,0.6091085422417553f,0.6091085422417553f,-0.1659770119109778f,0.8094602083178668f,0.5793328311107613f,0.09564330581481117f,10.173616084613977f,-0.2946194216506228f,0.5416274130482264f,-0.787298635729123f,-1.1861307060347106f,0f,0f,0f,1f],start_interpolation:0}
execute if entity @s[tag=aj.starscaller.bone.face9] run data modify entity @s {} merge value {transformation:[-0.5079109838704494f,0.6091085422417553f,0.6091085422417553f,-0.1659770119109778f,0.8094602083178668f,0.5793328311107613f,0.09564330581481117f,10.173616084613977f,-0.2946194216506228f,0.5416274130482264f,-0.787298635729123f,-1.1861307060347106f,0f,0f,0f,1f],start_interpolation:0}
execute if entity @s[tag=aj.starscaller.bone.face10] run data modify entity @s {} merge value {transformation:[-0.5079109838704494f,0.6091085422417553f,0.6091085422417553f,-0.1659770119109778f,0.8094602083178668f,0.5793328311107613f,0.09564330581481117f,10.173616084613977f,-0.2946194216506228f,0.5416274130482264f,-0.787298635729123f,-1.1861307060347106f,0f,0f,0f,1f],start_interpolation:0}
execute if entity @s[tag=aj.starscaller.bone.face11] run data modify entity @s {} merge value {transformation:[-0.5079109838704494f,0.6091085422417553f,0.6091085422417553f,-0.1659770119109778f,0.8094602083178668f,0.5793328311107613f,0.09564330581481117f,10.173616084613977f,-0.2946194216506228f,0.5416274130482264f,-0.787298635729123f,-1.1861307060347106f,0f,0f,0f,1f],start_interpolation:0}
execute if entity @s[tag=aj.starscaller.bone.face12] run data modify entity @s {} merge value {transformation:[-0.5079109838704494f,0.6091085422417553f,0.6091085422417553f,-0.1659770119109778f,0.8094602083178668f,0.5793328311107613f,0.09564330581481117f,10.173616084613977f,-0.2946194216506228f,0.5416274130482264f,-0.787298635729123f,-1.1861307060347106f,0f,0f,0f,1f],start_interpolation:0}
execute if entity @s[tag=aj.starscaller.bone.up3] run data modify entity @s {} merge value {transformation:[-0.5079109838704494f,0.6091085422417553f,0.6091085422417553f,-0.1659770119109778f,0.8094602083178668f,0.5793328311107613f,0.09564330581481117f,10.173616084613977f,-0.2946194216506228f,0.5416274130482264f,-0.787298635729123f,-1.1861307060347106f,0f,0f,0f,1f],start_interpolation:0}
execute if entity @s[tag=aj.starscaller.bone.down3] run data modify entity @s {} merge value {transformation:[-0.5079109838704494f,0.6091085422417553f,0.6091085422417553f,-0.1659770119109778f,0.8094602083178668f,0.5793328311107613f,0.09564330581481117f,10.173616084613977f,-0.2946194216506228f,0.5416274130482264f,-0.787298635729123f,-1.1861307060347106f,0f,0f,0f,1f],start_interpolation:0}
execute if entity @s[tag=aj.starscaller.bone.effects3] run data modify entity @s {} merge value {transformation:[-0.6407768995481565f,0.7684470223733575f,0.7684470223733575f,-0.1659770119109778f,1.0212092651373452f,0.7308821961217827f,0.12066291714254959f,10.173616084613977f,-0.3716897754668557f,0.6833133077741332f,-0.9932503821371917f,-1.1861307060347106f,0f,0f,0f,1f],start_interpolation:0}
execute if entity @s[tag=aj.starscaller.locator_origin.starscaller_meteorite3] at @s on origin run tp @s ^0.37952 ^11.09688 ^-1.28702 ~37.72801 ~5.48835
execute if entity @s[tag=aj.starscaller.bone.core4] run data modify entity @s {} merge value {transformation:[-0.2874531208294717f,-0.6772631332522823f,-0.6772631332522819f,-1.2603624608206057f,-0.9000326196555228f,0.43284673268428897f,-0.05084279261166136f,6.154320030459907f,0.3275850834232441f,0.5949439926092511f,-0.7339820561680979f,1.8870015950602625f,0f,0f,0f,1f],start_interpolation:0}
execute if entity @s[tag=aj.starscaller.bone.face13] run data modify entity @s {} merge value {transformation:[-0.2874531208294717f,-0.6772631332522823f,-0.6772631332522819f,-1.2603624608206057f,-0.9000326196555228f,0.43284673268428897f,-0.05084279261166136f,6.154320030459907f,0.3275850834232441f,0.5949439926092511f,-0.7339820561680979f,1.8870015950602625f,0f,0f,0f,1f],start_interpolation:0}
execute if entity @s[tag=aj.starscaller.bone.face14] run data modify entity @s {} merge value {transformation:[-0.2874531208294717f,-0.6772631332522823f,-0.6772631332522819f,-1.2603624608206057f,-0.9000326196555228f,0.43284673268428897f,-0.05084279261166136f,6.154320030459907f,0.3275850834232441f,0.5949439926092511f,-0.7339820561680979f,1.8870015950602625f,0f,0f,0f,1f],start_interpolation:0}
execute if entity @s[tag=aj.starscaller.bone.face15] run data modify entity @s {} merge value {transformation:[-0.2874531208294717f,-0.6772631332522823f,-0.6772631332522819f,-1.2603624608206057f,-0.9000326196555228f,0.43284673268428897f,-0.05084279261166136f,6.154320030459907f,0.3275850834232441f,0.5949439926092511f,-0.7339820561680979f,1.8870015950602625f,0f,0f,0f,1f],start_interpolation:0}
execute if entity @s[tag=aj.starscaller.bone.face16] run data modify entity @s {} merge value {transformation:[-0.2874531208294717f,-0.6772631332522823f,-0.6772631332522819f,-1.2603624608206057f,-0.9000326196555228f,0.43284673268428897f,-0.05084279261166136f,6.154320030459907f,0.3275850834232441f,0.5949439926092511f,-0.7339820561680979f,1.8870015950602625f,0f,0f,0f,1f],start_interpolation:0}
execute if entity @s[tag=aj.starscaller.bone.up4] run data modify entity @s {} merge value {transformation:[-0.2874531208294717f,-0.6772631332522823f,-0.6772631332522819f,-1.2603624608206057f,-0.9000326196555228f,0.43284673268428897f,-0.05084279261166136f,6.154320030459907f,0.3275850834232441f,0.5949439926092511f,-0.7339820561680979f,1.8870015950602625f,0f,0f,0f,1f],start_interpolation:0}
execute if entity @s[tag=aj.starscaller.bone.down4] run data modify entity @s {} merge value {transformation:[-0.2874531208294717f,-0.6772631332522823f,-0.6772631332522819f,-1.2603624608206057f,-0.9000326196555228f,0.43284673268428897f,-0.05084279261166136f,6.154320030459907f,0.3275850834232441f,0.5949439926092511f,-0.7339820561680979f,1.8870015950602625f,0f,0f,0f,1f],start_interpolation:0}
execute if entity @s[tag=aj.starscaller.bone.effects4] run data modify entity @s {} merge value {transformation:[-0.362648821112189f,-0.854430371630552f,-0.8544303716305517f,-1.2603624608206057f,-1.1354747777263516f,0.5460763719568091f,-0.0641429070224243f,6.154320030459907f,0.41327902085242385f,0.7505771268892169f,-0.9259865630221077f,1.8870015950602625f,0f,0f,0f,1f],start_interpolation:0}
execute if entity @s[tag=aj.starscaller.locator_origin.starscaller_meteorite4] at @s on origin run tp @s ^-2.293 ^6.03057 ^2.1672 ~-42.69848 ~-2.91433
execute if entity @s[tag=aj.starscaller.bone.core5] run data modify entity @s {} merge value {transformation:[-0.42561353526652024f,0.6398644851052193f,0.6398644851052192f,4.16129722181577f,0.850332581943832f,0.524649219511923f,0.04095969421597284f,7.419813800208924f,-0.30949574905428107f,0.5615306199723774f,-0.7673954288049717f,0.08454271898954857f,0f,0f,0f,1f],start_interpolation:0}
execute if entity @s[tag=aj.starscaller.bone.face17] run data modify entity @s {} merge value {transformation:[-0.42561353526652024f,0.6398644851052193f,0.6398644851052192f,4.16129722181577f,0.850332581943832f,0.524649219511923f,0.04095969421597284f,7.419813800208924f,-0.30949574905428107f,0.5615306199723774f,-0.7673954288049717f,0.08454271898954857f,0f,0f,0f,1f],start_interpolation:0}
execute if entity @s[tag=aj.starscaller.bone.face18] run data modify entity @s {} merge value {transformation:[-0.42561353526652024f,0.6398644851052193f,0.6398644851052192f,4.16129722181577f,0.850332581943832f,0.524649219511923f,0.04095969421597284f,7.419813800208924f,-0.30949574905428107f,0.5615306199723774f,-0.7673954288049717f,0.08454271898954857f,0f,0f,0f,1f],start_interpolation:0}
execute if entity @s[tag=aj.starscaller.bone.face19] run data modify entity @s {} merge value {transformation:[-0.42561353526652024f,0.6398644851052193f,0.6398644851052192f,4.16129722181577f,0.850332581943832f,0.524649219511923f,0.04095969421597284f,7.419813800208924f,-0.30949574905428107f,0.5615306199723774f,-0.7673954288049717f,0.08454271898954857f,0f,0f,0f,1f],start_interpolation:0}
execute if entity @s[tag=aj.starscaller.bone.face20] run data modify entity @s {} merge value {transformation:[-0.42561353526652024f,0.6398644851052193f,0.6398644851052192f,4.16129722181577f,0.850332581943832f,0.524649219511923f,0.04095969421597284f,7.419813800208924f,-0.30949574905428107f,0.5615306199723774f,-0.7673954288049717f,0.08454271898954857f,0f,0f,0f,1f],start_interpolation:0}
execute if entity @s[tag=aj.starscaller.bone.up5] run data modify entity @s {} merge value {transformation:[-0.42561353526652024f,0.6398644851052193f,0.6398644851052192f,4.16129722181577f,0.850332581943832f,0.524649219511923f,0.04095969421597284f,7.419813800208924f,-0.30949574905428107f,0.5615306199723774f,-0.7673954288049717f,0.08454271898954857f,0f,0f,0f,1f],start_interpolation:0}
execute if entity @s[tag=aj.starscaller.bone.down5] run data modify entity @s {} merge value {transformation:[-0.42561353526652024f,0.6398644851052193f,0.6398644851052192f,4.16129722181577f,0.850332581943832f,0.524649219511923f,0.04095969421597284f,7.419813800208924f,-0.30949574905428107f,0.5615306199723774f,-0.7673954288049717f,0.08454271898954857f,0f,0f,0f,1f],start_interpolation:0}
execute if entity @s[tag=aj.starscaller.bone.effects5] run data modify entity @s {} merge value {transformation:[-0.5369510213297004f,0.8072485020353085f,0.8072485020353084f,4.16129722181577f,1.0727735621912162f,0.6618937390709372f,0.05167446009170397f,7.419813800208924f,-0.3904576447453252f,0.7084230526485932f,-0.9681406372627316f,0.08454271898954857f,0f,0f,0f,1f],start_interpolation:0}
execute if entity @s[tag=aj.starscaller.locator_origin.starscaller_meteorite5] at @s on origin run tp @s ^4.78831 ^8.29174 ^0.00234 ~39.8218 ~2.34747
execute if entity @s[tag=aj.starscaller.bone.core6] run data modify entity @s {} merge value {transformation:[-0.44280203040790966f,-0.6340056631713289f,-0.6340056631713286f,-1.3038972205950181f,-0.8425466408607368f,0.5360703389782605f,0.05238081368231029f,7.027676594882154f,0.3066618982542839f,0.5573736724446321f,-0.7715523763327172f,-0.1752880541929973f,0f,0f,0f,1f],start_interpolation:0}
execute if entity @s[tag=aj.starscaller.bone.face21] run data modify entity @s {} merge value {transformation:[-0.44280203040790966f,-0.6340056631713289f,-0.6340056631713286f,-1.3038972205950181f,-0.8425466408607368f,0.5360703389782605f,0.05238081368231029f,7.027676594882154f,0.3066618982542839f,0.5573736724446321f,-0.7715523763327172f,-0.1752880541929973f,0f,0f,0f,1f],start_interpolation:0}
execute if entity @s[tag=aj.starscaller.bone.face22] run data modify entity @s {} merge value {transformation:[-0.44280203040790966f,-0.6340056631713289f,-0.6340056631713286f,-1.3038972205950181f,-0.8425466408607368f,0.5360703389782605f,0.05238081368231029f,7.027676594882154f,0.3066618982542839f,0.5573736724446321f,-0.7715523763327172f,-0.1752880541929973f,0f,0f,0f,1f],start_interpolation:0}
execute if entity @s[tag=aj.starscaller.bone.face23] run data modify entity @s {} merge value {transformation:[-0.44280203040790966f,-0.6340056631713289f,-0.6340056631713286f,-1.3038972205950181f,-0.8425466408607368f,0.5360703389782605f,0.05238081368231029f,7.027676594882154f,0.3066618982542839f,0.5573736724446321f,-0.7715523763327172f,-0.1752880541929973f,0f,0f,0f,1f],start_interpolation:0}
execute if entity @s[tag=aj.starscaller.bone.face24] run data modify entity @s {} merge value {transformation:[-0.44280203040790966f,-0.6340056631713289f,-0.6340056631713286f,-1.3038972205950181f,-0.8425466408607368f,0.5360703389782605f,0.05238081368231029f,7.027676594882154f,0.3066618982542839f,0.5573736724446321f,-0.7715523763327172f,-0.1752880541929973f,0f,0f,0f,1f],start_interpolation:0}
execute if entity @s[tag=aj.starscaller.bone.up6] run data modify entity @s {} merge value {transformation:[-0.44280203040790966f,-0.6340056631713289f,-0.6340056631713286f,-1.3038972205950181f,-0.8425466408607368f,0.5360703389782605f,0.05238081368231029f,7.027676594882154f,0.3066618982542839f,0.5573736724446321f,-0.7715523763327172f,-0.1752880541929973f,0f,0f,0f,1f],start_interpolation:0}
execute if entity @s[tag=aj.starscaller.bone.down6] run data modify entity @s {} merge value {transformation:[-0.44280203040790966f,-0.6340056631713289f,-0.6340056631713286f,-2.4007660589543174f,-0.8425466408607368f,0.5360703389782605f,0.05238081368231029f,6.953008389357832f,0.3066618982542839f,0.5573736724446321f,-0.7715523763327172f,-0.16972718879227922f,0f,0f,0f,1f],start_interpolation:0}
execute if entity @s[tag=aj.starscaller.bone.effects6] run data modify entity @s {} merge value {transformation:[-0.5586359050482368f,-0.799857053783501f,-0.7998570537835006f,-1.3038972205950181f,-1.0629508740711995f,0.6763025424900724f,0.06608326351083908f,7.027676594882154f,0.3868824786491586f,0.7031786770926347f,-0.9733850128186903f,-0.1752880541929973f,0f,0f,0f,1f],start_interpolation:0}
execute if entity @s[tag=aj.starscaller.locator_origin.starscaller_meteorite6] at @s on origin run tp @s ^-2.35743 ^7.06815 ^0.04513 ~-39.41088 ~3.00257
execute if entity @s[tag=aj.starscaller.bone.core7] run data modify entity @s {} merge value {transformation:[-0.051116369527381744f,0.7061823832291275f,0.7061823832291274f,-1.6852160463703705f,0.9384641642608561f,0.2758097001399084f,-0.2078798251560418f,12.797030512904568f,-0.34157302171645937f,0.652100798132899f,-0.6768252506444505f,-0.5330744145808186f,0f,0f,0f,1f],start_interpolation:0}
execute if entity @s[tag=aj.starscaller.bone.face25] run data modify entity @s {} merge value {transformation:[-0.051116369527381744f,0.7061823832291275f,0.7061823832291274f,-2.5959325612154274f,0.9384641642608561f,0.2758097001399084f,-0.2078798251560418f,12.197261874696737f,-0.34157302171645937f,0.652100798132899f,-0.6768252506444505f,-0.5808207260902009f,0f,0f,0f,1f],start_interpolation:0}
execute if entity @s[tag=aj.starscaller.bone.face26] run data modify entity @s {} merge value {transformation:[-0.051116369527381744f,0.7061823832291275f,0.7061823832291274f,-2.5959325612154274f,0.9384641642608561f,0.2758097001399084f,-0.2078798251560418f,12.197261874696737f,-0.34157302171645937f,0.652100798132899f,-0.6768252506444505f,-0.5808207260902009f,0f,0f,0f,1f],start_interpolation:0}
execute if entity @s[tag=aj.starscaller.bone.face27] run data modify entity @s {} merge value {transformation:[-0.051116369527381744f,0.7061823832291275f,0.7061823832291274f,-2.5959325612154274f,0.9384641642608561f,0.2758097001399084f,-0.2078798251560418f,12.197261874696737f,-0.34157302171645937f,0.652100798132899f,-0.6768252506444505f,-0.5808207260902009f,0f,0f,0f,1f],start_interpolation:0}
execute if entity @s[tag=aj.starscaller.bone.face28] run data modify entity @s {} merge value {transformation:[-0.051116369527381744f,0.7061823832291275f,0.7061823832291274f,-2.5959325612154274f,0.9384641642608561f,0.2758097001399084f,-0.2078798251560418f,12.197261874696737f,-0.34157302171645937f,0.652100798132899f,-0.6768252506444505f,-0.5808207260902009f,0f,0f,0f,1f],start_interpolation:0}
execute if entity @s[tag=aj.starscaller.bone.up7] run data modify entity @s {} merge value {transformation:[-0.051116369527381744f,0.7061823832291275f,0.7061823832291274f,-2.5959325612154274f,0.9384641642608561f,0.2758097001399084f,-0.2078798251560418f,12.197261874696737f,-0.34157302171645937f,0.652100798132899f,-0.6768252506444505f,-0.5808207260902009f,0f,0f,0f,1f],start_interpolation:0}
execute if entity @s[tag=aj.starscaller.bone.down7] run data modify entity @s {} merge value {transformation:[-0.051116369527381744f,0.7061823832291275f,0.7061823832291274f,-2.5959325612154274f,0.9384641642608561f,0.2758097001399084f,-0.2078798251560418f,12.197261874696737f,-0.34157302171645937f,0.652100798132899f,-0.6768252506444505f,-0.5808207260902009f,0f,0f,0f,1f],start_interpolation:0}
execute if entity @s[tag=aj.starscaller.bone.effects7] run data modify entity @s {} merge value {transformation:[-0.06448804972146066f,0.8909146925566527f,0.8909146925566526f,-2.5959325612154274f,1.1839597421769992f,0.34795956404446576f,-0.26225971493476746f,12.197261874696737f,-0.4309261047219146f,0.8226857478771452f,-0.85387794203418f,-0.5808207260902009f,0f,0f,0f,1f],start_interpolation:0}
execute if entity @s[tag=aj.starscaller.locator_origin.starscaller_meteorite7] at @s on origin run tp @s ^-1.69463 ^12.78665 ^-0.56019 ~46.21604 ~-11.99813
execute if entity @s[tag=aj.starscaller.bone.core8] run data modify entity @s {} merge value {transformation:[-0.42561353526652024f,-0.6398644851052193f,-0.6398644851052191f,2.955308270079367f,-0.850332581943832f,0.524649219511923f,0.04095969421597284f,7.560440051446161f,0.3094957490542809f,0.5615306199723773f,-0.7673954288049719f,0.570101674275852f,0f,0f,0f,1f],start_interpolation:0}
execute if entity @s[tag=aj.starscaller.bone.face29] run data modify entity @s {} merge value {transformation:[-0.42561353526652024f,-0.6398644851052193f,-0.6398644851052191f,2.955308270079367f,-0.850332581943832f,0.524649219511923f,0.04095969421597284f,7.560440051446161f,0.3094957490542809f,0.5615306199723773f,-0.7673954288049719f,0.570101674275852f,0f,0f,0f,1f],start_interpolation:0}
execute if entity @s[tag=aj.starscaller.bone.face30] run data modify entity @s {} merge value {transformation:[-0.42561353526652024f,-0.6398644851052193f,-0.6398644851052191f,2.955308270079367f,-0.850332581943832f,0.524649219511923f,0.04095969421597284f,7.560440051446161f,0.3094957490542809f,0.5615306199723773f,-0.7673954288049719f,0.570101674275852f,0f,0f,0f,1f],start_interpolation:0}
execute if entity @s[tag=aj.starscaller.bone.face31] run data modify entity @s {} merge value {transformation:[-0.42561353526652024f,-0.6398644851052193f,-0.6398644851052191f,2.955308270079367f,-0.850332581943832f,0.524649219511923f,0.04095969421597284f,7.560440051446161f,0.3094957490542809f,0.5615306199723773f,-0.7673954288049719f,0.570101674275852f,0f,0f,0f,1f],start_interpolation:0}
execute if entity @s[tag=aj.starscaller.bone.face32] run data modify entity @s {} merge value {transformation:[-0.42561353526652024f,-0.6398644851052193f,-0.6398644851052191f,2.955308270079367f,-0.850332581943832f,0.524649219511923f,0.04095969421597284f,7.560440051446161f,0.3094957490542809f,0.5615306199723773f,-0.7673954288049719f,0.570101674275852f,0f,0f,0f,1f],start_interpolation:0}
execute if entity @s[tag=aj.starscaller.bone.up8] run data modify entity @s {} merge value {transformation:[-0.42561353526652024f,-0.6398644851052193f,-0.6398644851052191f,2.955308270079367f,-0.850332581943832f,0.524649219511923f,0.04095969421597284f,7.560440051446161f,0.3094957490542809f,0.5615306199723773f,-0.7673954288049719f,0.570101674275852f,0f,0f,0f,1f],start_interpolation:0}
execute if entity @s[tag=aj.starscaller.bone.down8] run data modify entity @s {} merge value {transformation:[-0.42561353526652024f,-0.6398644851052193f,-0.6398644851052191f,2.955308270079367f,-0.850332581943832f,0.524649219511923f,0.04095969421597284f,7.560440051446161f,0.3094957490542809f,0.5615306199723773f,-0.7673954288049719f,0.570101674275852f,0f,0f,0f,1f],start_interpolation:0}
execute if entity @s[tag=aj.starscaller.bone.effects8] run data modify entity @s {} merge value {transformation:[-0.5369510213297004f,-0.8072485020353085f,-0.8072485020353082f,2.955308270079367f,-1.0727735621912162f,0.6618937390709372f,0.05167446009170397f,7.560440051446161f,0.39045764474532496f,0.7084230526485931f,-0.9681406372627318f,0.570101674275852f,0f,0f,0f,1f],start_interpolation:0}
execute if entity @s[tag=aj.starscaller.locator_origin.starscaller_meteorite8] at @s on origin run tp @s ^1.90268 ^7.58203 ^0.7974 ~-39.8218 ~2.34747
execute if entity @s[tag=aj.starscaller.bone.core9] run data modify entity @s {} merge value {transformation:[0.28672198740775295f,0.6774180769424996f,0.6774180769424996f,0.08857400687514583f,0.9002385283615462f,0.051328603736288f,-0.432360921559662f,7.123596558715828f,-0.3276600280632129f,0.7338052353792583f,-0.595120813398091f,1.802585152448773f,0f,0f,0f,1f],start_interpolation:0}
execute if entity @s[tag=aj.starscaller.bone.face33] run data modify entity @s {} merge value {transformation:[0.28672198740775295f,0.6774180769424996f,0.6774180769424996f,0.08857400687514583f,0.9002385283615462f,0.051328603736288f,-0.432360921559662f,7.123596558715828f,-0.3276600280632129f,0.7338052353792583f,-0.595120813398091f,1.802585152448773f,0f,0f,0f,1f],start_interpolation:0}
execute if entity @s[tag=aj.starscaller.bone.face34] run data modify entity @s {} merge value {transformation:[0.28672198740775295f,0.6774180769424996f,0.6774180769424996f,0.08857400687514583f,0.9002385283615462f,0.051328603736288f,-0.432360921559662f,7.123596558715828f,-0.3276600280632129f,0.7338052353792583f,-0.595120813398091f,1.802585152448773f,0f,0f,0f,1f],start_interpolation:0}
execute if entity @s[tag=aj.starscaller.bone.face35] run data modify entity @s {} merge value {transformation:[0.28672198740775295f,0.6774180769424996f,0.6774180769424996f,0.08857400687514583f,0.9002385283615462f,0.051328603736288f,-0.432360921559662f,7.123596558715828f,-0.3276600280632129f,0.7338052353792583f,-0.595120813398091f,1.802585152448773f,0f,0f,0f,1f],start_interpolation:0}
execute if entity @s[tag=aj.starscaller.bone.face36] run data modify entity @s {} merge value {transformation:[0.28672198740775295f,0.6774180769424996f,0.6774180769424996f,0.08857400687514583f,0.9002385283615462f,0.051328603736288f,-0.432360921559662f,7.123596558715828f,-0.3276600280632129f,0.7338052353792583f,-0.595120813398091f,1.802585152448773f,0f,0f,0f,1f],start_interpolation:0}
execute if entity @s[tag=aj.starscaller.bone.up9] run data modify entity @s {} merge value {transformation:[0.28672198740775295f,0.6774180769424996f,0.6774180769424996f,0.08857400687514583f,0.9002385283615462f,0.051328603736288f,-0.432360921559662f,7.123596558715828f,-0.3276600280632129f,0.7338052353792583f,-0.595120813398091f,1.802585152448773f,0f,0f,0f,1f],start_interpolation:0}
execute if entity @s[tag=aj.starscaller.bone.down9] run data modify entity @s {} merge value {transformation:[0.28672198740775295f,0.6774180769424996f,0.6774180769424996f,0.08857400687514583f,0.9002385283615462f,0.051328603736288f,-0.432360921559662f,7.123596558715828f,-0.3276600280632129f,0.7338052353792583f,-0.595120813398091f,1.802585152448773f,0f,0f,0f,1f],start_interpolation:0}
execute if entity @s[tag=aj.starscaller.bone.effects9] run data modify entity @s {} merge value {transformation:[0.36172642836621033f,0.8546258474926124f,0.8546258474926124f,0.08857400687514583f,1.1357345506913508f,0.06475580289609115f,-0.5454634760831418f,7.123596558715828f,-0.41337357047935064f,0.9257634871673883f,-0.7508002027439367f,1.802585152448773f,0f,0f,0f,1f],start_interpolation:0}
execute if entity @s[tag=aj.starscaller.locator_origin.starscaller_meteorite9] at @s on origin run tp @s ^1.16338 ^7.40245 ^1.98327 ~48.70026 ~-25.61748
execute if entity @s[tag=aj.starscaller.bone.meteorite_staff_effects] run data modify entity @s {} merge value {transformation:[-0.00000677522577606629f,0.0000010587945638031922f,-0.000007278411210902263f,-0.23916004456443152f,0.000007311759769661297f,-1.0212194813877695e-7f,-0.0000068211245538012985f,6.998021412454145f,-7.965455128801741e-7f,-0.000009943265317760015f,-7.049752240620314e-7f,-1.366242172091818f,0f,0f,0f,1f],start_interpolation:0}
execute if entity @s[tag=aj.starscaller.bone.meteorite_staff] run data modify entity @s {} merge value {transformation:[-1.5320192271305126f,0.16323082858632545f,-0.05485339927988433f,-0.34162288697771537f,0.05348527110112748f,-0.015743800338061446f,-1.5406581611886738f,6.9962016849592015f,-0.16368422217420855f,-1.5329200698213354f,0.00998228737752174f,-0.4857166652505481f,0f,0f,0f,1f],start_interpolation:0}
execute if entity @s[tag=aj.starscaller.bone.right_arm2] run data modify entity @s {} merge value {transformation:[-0.9937422013819542f,-0.06713095531596314f,0.08927413976574297f,-0.2955351962416018f,0.034693148822352964f,0.5742137983351228f,0.8179699867515564f,7.127341408352536f,-0.10617354951840556f,0.8159484963157402f,-0.568291499798075f,-0.2921974998398721f,0f,0f,0f,1f],start_interpolation:0}
execute if entity @s[tag=aj.starscaller.bone.right_arm] run data modify entity @s {} merge value {transformation:[-0.9937422013819542f,-0.061240117409840075f,0.09341351728832531f,-0.3108452255940618f,0.034693148822352964f,0.6257177007372935f,0.7792777068599005f,7.28377083353686f,-0.10617354951840556f,0.7776419529601423f,-0.619677472867135f,-0.09778701159983655f,0f,0f,0f,1f],start_interpolation:0}
execute if entity @s[tag=aj.starscaller.bone.left_arm2] run data modify entity @s {} merge value {transformation:[-0.9644450377803063f,-0.2576633106759597f,-0.05878254360307385f,0.49459026162226594f,-0.2638287732485149f,0.9517103251139896f,0.15697718139146238f,7.094850421137671f,0.015496693425603808f,0.16690439000496138f,-0.9858512956272588f,0.05162315978213373f,0f,0f,0f,1f],start_interpolation:0}
execute if entity @s[tag=aj.starscaller.bone.left_arm] run data modify entity @s {} merge value {transformation:[-0.9644450377803063f,-0.2490326847457939f,0.08847876032837185f,0.31177646071327914f,-0.2638287732485149f,0.8875960362210145f,-0.37758132222201796f,7.28377083353686f,0.015496693425603808f,-0.38749967537153585f,-0.9217395804020936f,-0.04331467238254976f,0f,0f,0f,1f],start_interpolation:0}
execute if entity @s[tag=aj.starscaller.locator_origin.player_camera] at @s on origin run tp @s ^0.03762 ^6.21675 ^-0.49528 ~5 ~-0.59978
execute if entity @s[tag=aj.starscaller.bone.head] run data modify entity @s {} merge value {transformation:[-0.9961946980917454f,0.016201494539483333f,0.0856366455939464f,-0.004850169236987916f,0f,0.9825703148659902f,-0.18589130249731634f,7.428167201914699f,-0.08715574274765885f,-0.18518392996919536f,-0.9788313381718364f,-0.009791120875766352f,0f,0f,0f,1f],start_interpolation:0}
execute if entity @s[tag=aj.starscaller.bone.body_top] run data modify entity @s {} merge value {transformation:[-0.9961946980917454f,0.0009123385789837247f,0.08715096747720812f,-0.005209402552462758f,0f,0.9999452099161777f,-0.010467911238221096f,7.034438775510204f,-0.08715574274765885f,-0.010428077675610853f,-0.9961401165007338f,-0.005685065290994579f,0f,0f,0f,1f],start_interpolation:0}
execute if entity @s[tag=aj.starscaller.bone.body] run data modify entity @s {} merge value {transformation:[-0.9961946980917454f,0f,0.08715574274765885f,-0.005209402552462758f,0f,1f,0f,6.596938775510204f,-0.08715574274765885f,0f,-0.9961946980917454f,-0.005685065290994579f,0f,0f,0f,1f],start_interpolation:0}
execute if entity @s[tag=aj.starscaller.bone.right_leg2] run data modify entity @s {} merge value {transformation:[-0.9838812369793681f,0.17077324141781586f,0.053049142647179595f,-0.1867648207327846f,0.16675068402955376f,0.9833103212077585f,-0.07276689894430681f,6.322633924184725f,-0.06459040869683627f,-0.06274800572087867f,-0.9959371299848341f,-0.057701866834371264f,0f,0f,0f,1f],start_interpolation:0}
execute if entity @s[tag=aj.starscaller.bone.right_leg] run data modify entity @s {} merge value {transformation:[-0.9838812369793681f,0.158695181687245f,0.08242299939459086f,-0.12973373981393094f,0.16675068402955376f,0.9806743689056824f,0.10233274914277253f,6.675063775510204f,-0.06459040869683627f,0.11442736333890595f,-0.9913296412514263f,-0.016579533134451936f,0f,0f,0f,1f],start_interpolation:0}
execute if entity @s[tag=aj.starscaller.bone.left_leg2] run data modify entity @s {} merge value {transformation:[-0.9745520997832042f,0.0005974378652852663f,0.22416031735377379f,0.2374552292537687f,-0.09630968146391561f,0.9018787607472374f,-0.4211165470144181f,6.335739065599479f,-0.2024170201946135f,-0.43198882390754584f,-0.878870300985594f,0.012420690501138074f,0f,0f,0f,1f],start_interpolation:0}
execute if entity @s[tag=aj.starscaller.bone.left_leg] run data modify entity @s {} merge value {transformation:[-0.9289418775085353f,-0.32873821090716737f,0.1702885107706098f,0.11931493470900542f,-0.3271082058903423f,0.9442078884472356f,0.03836254727223165f,6.675063775510204f,-0.17339899033765688f,-0.0200661925528356f,-0.9846472150299891f,0.005209402552462779f,0f,0f,0f,1f],start_interpolation:0}
execute if entity @s[tag=aj.starscaller.bone.vortex_effect] run data modify entity @s {} merge value {transformation:[-0.5130909310267809f,0f,1.0546516978310025f,0f,0f,1.1728395061728376f,0f,7.555555555555555f,-1.0546516978310025f,0f,-0.5130909310267809f,0f,0f,0f,0f,1f],start_interpolation:0}