execute if entity @s[tag=aj.starscaller.bone.core] run data modify entity @s {} merge value {transformation:[0.5400283125473344f,-0.5951341956429991f,-0.5951341956429985f,-1.0249619695631136f,-0.7908893351081363f,-0.11698408316273931f,-0.6006736084586894f,8.879488726268985f,0.28786017657794927f,0.795066043459871f,-0.5338600053174782f,-3.0697292810311665f,0f,0f,0f,1f],start_interpolation:0}
execute if entity @s[tag=aj.starscaller.bone.face1] run data modify entity @s {} merge value {transformation:[0.5400283125473344f,-0.5951341956429991f,-0.5951341956429985f,-1.0249619695631136f,-0.7908893351081363f,-0.11698408316273931f,-0.6006736084586894f,8.879488726268985f,0.28786017657794927f,0.795066043459871f,-0.5338600053174782f,-3.0697292810311665f,0f,0f,0f,1f],start_interpolation:0}
execute if entity @s[tag=aj.starscaller.bone.face2] run data modify entity @s {} merge value {transformation:[0.5400283125473344f,-0.5951341956429991f,-0.5951341956429985f,-1.0249619695631136f,-0.7908893351081363f,-0.11698408316273931f,-0.6006736084586894f,8.879488726268985f,0.28786017657794927f,0.795066043459871f,-0.5338600053174782f,-3.0697292810311665f,0f,0f,0f,1f],start_interpolation:0}
execute if entity @s[tag=aj.starscaller.bone.face3] run data modify entity @s {} merge value {transformation:[0.5400283125473344f,-0.5951341956429991f,-0.5951341956429985f,-1.0249619695631136f,-0.7908893351081363f,-0.11698408316273931f,-0.6006736084586894f,8.879488726268985f,0.28786017657794927f,0.795066043459871f,-0.5338600053174782f,-3.0697292810311665f,0f,0f,0f,1f],start_interpolation:0}
execute if entity @s[tag=aj.starscaller.bone.face4] run data modify entity @s {} merge value {transformation:[0.5400283125473344f,-0.5951341956429991f,-0.5951341956429985f,-1.0249619695631136f,-0.7908893351081363f,-0.11698408316273931f,-0.6006736084586894f,8.879488726268985f,0.28786017657794927f,0.795066043459871f,-0.5338600053174782f,-3.0697292810311665f,0f,0f,0f,1f],start_interpolation:0}
execute if entity @s[tag=aj.starscaller.bone.up] run data modify entity @s {} merge value {transformation:[0.5400283125473344f,-0.5951341956429991f,-0.5951341956429985f,-1.0249619695631136f,-0.7908893351081363f,-0.11698408316273931f,-0.6006736084586894f,8.879488726268985f,0.28786017657794927f,0.795066043459871f,-0.5338600053174782f,-3.0697292810311665f,0f,0f,0f,1f],start_interpolation:0}
execute if entity @s[tag=aj.starscaller.bone.down] run data modify entity @s {} merge value {transformation:[0.5400283125473344f,-0.5951341956429991f,-0.5951341956429985f,-1.0249619695631136f,-0.7908893351081363f,-0.11698408316273931f,-0.6006736084586894f,8.879488726268985f,0.28786017657794927f,0.795066043459871f,-0.5338600053174782f,-3.0697292810311665f,0f,0f,0f,1f],start_interpolation:0}
execute if entity @s[tag=aj.starscaller.bone.effects] run data modify entity @s {} merge value {transformation:[0.6812958939091699f,-0.7508170856893218f,-0.7508170856893212f,-1.0249619695631136f,-0.9977803830396343f,-0.14758629068085619f,-0.7578055696600893f,8.879488726268985f,0.3631623597611567f,1.0030496887111653f,-0.6735140012001595f,-3.0697292810311665f,0f,0f,0f,1f],start_interpolation:0}
execute if entity @s[tag=aj.starscaller.locator_origin.starscaller_meteorite1] at @s on origin run tp @s ^-1.53606 ^8.08866 ^-2.54674 ~-48.10658 ~-36.91816
execute if entity @s[tag=aj.starscaller.bone.core2] run data modify entity @s {} merge value {transformation:[0.214289990185478f,0.6906807511818713f,0.6906807511818713f,1.447922677123925f,0.9178636416346957f,0.09945698767311292f,-0.3842325376228371f,4.59436065838533f,-0.3340750446702095f,0.7162879362029185f,-0.6126381125744309f,-1.5100702143028744f,0f,0f,0f,1f],start_interpolation:0}
execute if entity @s[tag=aj.starscaller.bone.face5] run data modify entity @s {} merge value {transformation:[0.214289990185478f,0.6906807511818713f,0.6906807511818713f,1.447922677123925f,0.9178636416346957f,0.09945698767311292f,-0.3842325376228371f,4.59436065838533f,-0.3340750446702095f,0.7162879362029185f,-0.6126381125744309f,-1.5100702143028744f,0f,0f,0f,1f],start_interpolation:0}
execute if entity @s[tag=aj.starscaller.bone.face6] run data modify entity @s {} merge value {transformation:[0.214289990185478f,0.6906807511818713f,0.6906807511818713f,1.447922677123925f,0.9178636416346957f,0.09945698767311292f,-0.3842325376228371f,4.59436065838533f,-0.3340750446702095f,0.7162879362029185f,-0.6126381125744309f,-1.5100702143028744f,0f,0f,0f,1f],start_interpolation:0}
execute if entity @s[tag=aj.starscaller.bone.face7] run data modify entity @s {} merge value {transformation:[0.214289990185478f,0.6906807511818713f,0.6906807511818713f,1.447922677123925f,0.9178636416346957f,0.09945698767311292f,-0.3842325376228371f,4.59436065838533f,-0.3340750446702095f,0.7162879362029185f,-0.6126381125744309f,-1.5100702143028744f,0f,0f,0f,1f],start_interpolation:0}
execute if entity @s[tag=aj.starscaller.bone.face8] run data modify entity @s {} merge value {transformation:[0.214289990185478f,0.6906807511818713f,0.6906807511818713f,1.447922677123925f,0.9178636416346957f,0.09945698767311292f,-0.3842325376228371f,4.59436065838533f,-0.3340750446702095f,0.7162879362029185f,-0.6126381125744309f,-1.5100702143028744f,0f,0f,0f,1f],start_interpolation:0}
execute if entity @s[tag=aj.starscaller.bone.up2] run data modify entity @s {} merge value {transformation:[0.214289990185478f,0.6906807511818713f,0.6906807511818713f,1.447922677123925f,0.9178636416346957f,0.09945698767311292f,-0.3842325376228371f,4.59436065838533f,-0.3340750446702095f,0.7162879362029185f,-0.6126381125744309f,-1.5100702143028744f,0f,0f,0f,1f],start_interpolation:0}
execute if entity @s[tag=aj.starscaller.bone.down2] run data modify entity @s {} merge value {transformation:[0.214289990185478f,0.6906807511818713f,0.6906807511818713f,1.447922677123925f,0.9178636416346957f,0.09945698767311292f,-0.3842325376228371f,4.59436065838533f,-0.3340750446702095f,0.7162879362029185f,-0.6126381125744309f,-1.5100702143028744f,0f,0f,0f,1f],start_interpolation:0}
execute if entity @s[tag=aj.starscaller.bone.effects2] run data modify entity @s {} merge value {transformation:[0.27034673373056856f,0.8713579433690612f,0.8713579433690612f,1.447922677123925f,1.1579702687522038f,0.12547423116140324f,-0.4847450478178298f,4.59436065838533f,-0.4214667099910365f,0.9036637866073872f,-0.772899903303938f,-1.5100702143028744f,0f,0f,0f,1f],start_interpolation:0}
execute if entity @s[tag=aj.starscaller.locator_origin.starscaller_meteorite2] at @s on origin run tp @s ^2.46159 ^4.94199 ^-1.40144 ~48.42678 ~-22.5961
execute if entity @s[tag=aj.starscaller.bone.core3] run data modify entity @s {} merge value {transformation:[0.3288468841071035f,0.6677798015862151f,0.6677798015862149f,0.09687604295293673f,0.8874299731752909f,0.023338167473377025f,-0.46035135782257297f,8.785538564422998f,-0.32299809523146f,0.7439929210230831f,-0.584933127754266f,-3.567623104852691f,0f,0f,0f,1f],start_interpolation:0}
execute if entity @s[tag=aj.starscaller.bone.face9] run data modify entity @s {} merge value {transformation:[0.3288468841071035f,0.6677798015862151f,0.6677798015862149f,0.09687604295293673f,0.8874299731752909f,0.023338167473377025f,-0.46035135782257297f,8.785538564422998f,-0.32299809523146f,0.7439929210230831f,-0.584933127754266f,-3.567623104852691f,0f,0f,0f,1f],start_interpolation:0}
execute if entity @s[tag=aj.starscaller.bone.face10] run data modify entity @s {} merge value {transformation:[0.3288468841071035f,0.6677798015862151f,0.6677798015862149f,0.09687604295293673f,0.8874299731752909f,0.023338167473377025f,-0.46035135782257297f,8.785538564422998f,-0.32299809523146f,0.7439929210230831f,-0.584933127754266f,-3.567623104852691f,0f,0f,0f,1f],start_interpolation:0}
execute if entity @s[tag=aj.starscaller.bone.face11] run data modify entity @s {} merge value {transformation:[0.3288468841071035f,0.6677798015862151f,0.6677798015862149f,0.09687604295293673f,0.8874299731752909f,0.023338167473377025f,-0.46035135782257297f,8.785538564422998f,-0.32299809523146f,0.7439929210230831f,-0.584933127754266f,-3.567623104852691f,0f,0f,0f,1f],start_interpolation:0}
execute if entity @s[tag=aj.starscaller.bone.face12] run data modify entity @s {} merge value {transformation:[0.3288468841071035f,0.6677798015862151f,0.6677798015862149f,0.09687604295293673f,0.8874299731752909f,0.023338167473377025f,-0.46035135782257297f,8.785538564422998f,-0.32299809523146f,0.7439929210230831f,-0.584933127754266f,-3.567623104852691f,0f,0f,0f,1f],start_interpolation:0}
execute if entity @s[tag=aj.starscaller.bone.up3] run data modify entity @s {} merge value {transformation:[0.3288468841071035f,0.6677798015862151f,0.6677798015862149f,0.09687604295293673f,0.8874299731752909f,0.023338167473377025f,-0.46035135782257297f,8.785538564422998f,-0.32299809523146f,0.7439929210230831f,-0.584933127754266f,-3.567623104852691f,0f,0f,0f,1f],start_interpolation:0}
execute if entity @s[tag=aj.starscaller.bone.down3] run data modify entity @s {} merge value {transformation:[0.3288468841071035f,0.6677798015862151f,0.6677798015862149f,0.09687604295293673f,0.8874299731752909f,0.023338167473377025f,-0.46035135782257297f,8.785538564422998f,-0.32299809523146f,0.7439929210230831f,-0.584933127754266f,-3.567623104852691f,0f,0f,0f,1f],start_interpolation:0}
execute if entity @s[tag=aj.starscaller.bone.effects3] run data modify entity @s {} merge value {transformation:[0.414870899657426f,0.842466267574241f,0.8424662675742407f,0.09687604295293673f,1.119575368195637f,0.02944326677239285f,-0.5807760122068402f,8.785538564422998f,-0.4074921090408354f,0.9386161992128644f,-0.7379474906984603f,-3.567623104852691f,0f,0f,0f,1f],start_interpolation:0}
execute if entity @s[tag=aj.starscaller.locator_origin.starscaller_meteorite3] at @s on origin run tp @s ^1.13776 ^9.01804 ^-3.41709 ~48.78368 ~-27.40978
execute if entity @s[tag=aj.starscaller.bone.core4] run data modify entity @s {} merge value {transformation:[0.7498038335236646f,-0.4678644094356914f,-0.46786440943569096f,-1.071466185190499f,-0.621757200994921f,-0.2563721602733817f,-0.7400616855693317f,5.31432957503268f,0.2263011141028196f,0.8457991545397469f,-0.4831268942376022f,-0.7079396970834824f,0f,0f,0f,1f],start_interpolation:0}
execute if entity @s[tag=aj.starscaller.bone.face13] run data modify entity @s {} merge value {transformation:[0.7498038335236646f,-0.4678644094356914f,-0.46786440943569096f,-1.071466185190499f,-0.621757200994921f,-0.2563721602733817f,-0.7400616855693317f,5.31432957503268f,0.2263011141028196f,0.8457991545397469f,-0.4831268942376022f,-0.7079396970834824f,0f,0f,0f,1f],start_interpolation:0}
execute if entity @s[tag=aj.starscaller.bone.face14] run data modify entity @s {} merge value {transformation:[0.7498038335236646f,-0.4678644094356914f,-0.46786440943569096f,-1.071466185190499f,-0.621757200994921f,-0.2563721602733817f,-0.7400616855693317f,5.31432957503268f,0.2263011141028196f,0.8457991545397469f,-0.4831268942376022f,-0.7079396970834824f,0f,0f,0f,1f],start_interpolation:0}
execute if entity @s[tag=aj.starscaller.bone.face15] run data modify entity @s {} merge value {transformation:[0.7498038335236646f,-0.4678644094356914f,-0.46786440943569096f,-1.071466185190499f,-0.621757200994921f,-0.2563721602733817f,-0.7400616855693317f,5.31432957503268f,0.2263011141028196f,0.8457991545397469f,-0.4831268942376022f,-0.7079396970834824f,0f,0f,0f,1f],start_interpolation:0}
execute if entity @s[tag=aj.starscaller.bone.face16] run data modify entity @s {} merge value {transformation:[0.7498038335236646f,-0.4678644094356914f,-0.46786440943569096f,-1.071466185190499f,-0.621757200994921f,-0.2563721602733817f,-0.7400616855693317f,5.31432957503268f,0.2263011141028196f,0.8457991545397469f,-0.4831268942376022f,-0.7079396970834824f,0f,0f,0f,1f],start_interpolation:0}
execute if entity @s[tag=aj.starscaller.bone.up4] run data modify entity @s {} merge value {transformation:[0.7498038335236646f,-0.4678644094356914f,-0.46786440943569096f,-1.071466185190499f,-0.621757200994921f,-0.2563721602733817f,-0.7400616855693317f,5.31432957503268f,0.2263011141028196f,0.8457991545397469f,-0.4831268942376022f,-0.7079396970834824f,0f,0f,0f,1f],start_interpolation:0}
execute if entity @s[tag=aj.starscaller.bone.down4] run data modify entity @s {} merge value {transformation:[0.7498038335236646f,-0.4678644094356914f,-0.46786440943569096f,-1.071466185190499f,-0.621757200994921f,-0.2563721602733817f,-0.7400616855693317f,5.31432957503268f,0.2263011141028196f,0.8457991545397469f,-0.4831268942376022f,-0.7079396970834824f,0f,0f,0f,1f],start_interpolation:0}
execute if entity @s[tag=aj.starscaller.bone.effects4] run data modify entity @s {} merge value {transformation:[0.9459472052629678f,-0.5902544249045014f,-0.5902544249045009f,-1.071466185190499f,-0.7844044806616853f,-0.3234373014314298f,-0.9336565804106628f,5.31432957503268f,0.2854998825858923f,1.06705422229f,-0.6095094676213247f,-0.7079396970834824f,0f,0f,0f,1f],start_interpolation:0}
execute if entity @s[tag=aj.starscaller.locator_origin.starscaller_meteorite4] at @s on origin run tp @s ^-1.31064 ^4.42512 ^-0.14914 ~-44.08054 ~-47.73667
execute if entity @s[tag=aj.starscaller.bone.core5] run data modify entity @s {} merge value {transformation:[0.5403164737740505f,0.5950034067836822f,0.5950034067836822f,3.4630707781938974f,0.7907155263861008f,-0.11717555564295445f,-0.6008650809389045f,5.481406606884878f,-0.2877969153766723f,0.7951357337433509f,-0.5337903150339987f,-2.0989729791021183f,0f,0f,0f,1f],start_interpolation:0}
execute if entity @s[tag=aj.starscaller.bone.face17] run data modify entity @s {} merge value {transformation:[0.5403164737740505f,0.5950034067836822f,0.5950034067836822f,3.4630707781938974f,0.7907155263861008f,-0.11717555564295445f,-0.6008650809389045f,5.481406606884878f,-0.2877969153766723f,0.7951357337433509f,-0.5337903150339987f,-2.0989729791021183f,0f,0f,0f,1f],start_interpolation:0}
execute if entity @s[tag=aj.starscaller.bone.face18] run data modify entity @s {} merge value {transformation:[0.5403164737740505f,0.5950034067836822f,0.5950034067836822f,3.4630707781938974f,0.7907155263861008f,-0.11717555564295445f,-0.6008650809389045f,5.481406606884878f,-0.2877969153766723f,0.7951357337433509f,-0.5337903150339987f,-2.0989729791021183f,0f,0f,0f,1f],start_interpolation:0}
execute if entity @s[tag=aj.starscaller.bone.face19] run data modify entity @s {} merge value {transformation:[0.5403164737740505f,0.5950034067836822f,0.5950034067836822f,3.4630707781938974f,0.7907155263861008f,-0.11717555564295445f,-0.6008650809389045f,5.481406606884878f,-0.2877969153766723f,0.7951357337433509f,-0.5337903150339987f,-2.0989729791021183f,0f,0f,0f,1f],start_interpolation:0}
execute if entity @s[tag=aj.starscaller.bone.face20] run data modify entity @s {} merge value {transformation:[0.5403164737740505f,0.5950034067836822f,0.5950034067836822f,3.4630707781938974f,0.7907155263861008f,-0.11717555564295445f,-0.6008650809389045f,5.481406606884878f,-0.2877969153766723f,0.7951357337433509f,-0.5337903150339987f,-2.0989729791021183f,0f,0f,0f,1f],start_interpolation:0}
execute if entity @s[tag=aj.starscaller.bone.up5] run data modify entity @s {} merge value {transformation:[0.5403164737740505f,0.5950034067836822f,0.5950034067836822f,3.4630707781938974f,0.7907155263861008f,-0.11717555564295445f,-0.6008650809389045f,5.481406606884878f,-0.2877969153766723f,0.7951357337433509f,-0.5337903150339987f,-2.0989729791021183f,0f,0f,0f,1f],start_interpolation:0}
execute if entity @s[tag=aj.starscaller.bone.down5] run data modify entity @s {} merge value {transformation:[0.5403164737740505f,0.5950034067836822f,0.5950034067836822f,3.4630707781938974f,0.7907155263861008f,-0.11717555564295445f,-0.6008650809389045f,5.481406606884878f,-0.2877969153766723f,0.7951357337433509f,-0.5337903150339987f,-2.0989729791021183f,0f,0f,0f,1f],start_interpolation:0}
execute if entity @s[tag=aj.starscaller.bone.effects5] run data modify entity @s {} merge value {transformation:[0.6816594360716528f,0.7506520833908288f,0.7506520833908288f,3.4630707781938974f,0.9975611071870595f,-0.1478278510056322f,-0.7580471299848651f,5.481406606884878f,-0.3630825498777258f,1.0031376094791642f,-0.6734260804321612f,-2.0989729791021183f,0f,0f,0f,1f],start_interpolation:0}
execute if entity @s[tag=aj.starscaller.locator_origin.starscaller_meteorite5] at @s on origin run tp @s ^4.51417 ^5.48113 ^-1.86372 ~48.10404 ~-36.93188
execute if entity @s[tag=aj.starscaller.bone.core6] run data modify entity @s {} merge value {transformation:[0.3671867674811428f,-0.657713416993583f,-0.6577134169935828f,-1.554747342567459f,-0.8740524924731312f,-0.0021372673880462323f,-0.4858267926839962f,5.709526485818902f,0.3181290904464034f,0.7532652210176287f,-0.5756608277597207f,-2.5810684895569795f,0f,0f,0f,1f],start_interpolation:0}
execute if entity @s[tag=aj.starscaller.bone.face21] run data modify entity @s {} merge value {transformation:[0.3671867674811428f,-0.657713416993583f,-0.6577134169935828f,-1.554747342567459f,-0.8740524924731312f,-0.0021372673880462323f,-0.4858267926839962f,5.709526485818902f,0.3181290904464034f,0.7532652210176287f,-0.5756608277597207f,-2.5810684895569795f,0f,0f,0f,1f],start_interpolation:0}
execute if entity @s[tag=aj.starscaller.bone.face22] run data modify entity @s {} merge value {transformation:[0.3671867674811428f,-0.657713416993583f,-0.6577134169935828f,-1.554747342567459f,-0.8740524924731312f,-0.0021372673880462323f,-0.4858267926839962f,5.709526485818902f,0.3181290904464034f,0.7532652210176287f,-0.5756608277597207f,-2.5810684895569795f,0f,0f,0f,1f],start_interpolation:0}
execute if entity @s[tag=aj.starscaller.bone.face23] run data modify entity @s {} merge value {transformation:[0.3671867674811428f,-0.657713416993583f,-0.6577134169935828f,-1.554747342567459f,-0.8740524924731312f,-0.0021372673880462323f,-0.4858267926839962f,5.709526485818902f,0.3181290904464034f,0.7532652210176287f,-0.5756608277597207f,-2.5810684895569795f,0f,0f,0f,1f],start_interpolation:0}
execute if entity @s[tag=aj.starscaller.bone.face24] run data modify entity @s {} merge value {transformation:[0.3671867674811428f,-0.657713416993583f,-0.6577134169935828f,-1.554747342567459f,-0.8740524924731312f,-0.0021372673880462323f,-0.4858267926839962f,5.709526485818902f,0.3181290904464034f,0.7532652210176287f,-0.5756608277597207f,-2.5810684895569795f,0f,0f,0f,1f],start_interpolation:0}
execute if entity @s[tag=aj.starscaller.bone.up6] run data modify entity @s {} merge value {transformation:[0.3671867674811428f,-0.657713416993583f,-0.6577134169935828f,-1.554747342567459f,-0.8740524924731312f,-0.0021372673880462323f,-0.4858267926839962f,5.709526485818902f,0.3181290904464034f,0.7532652210176287f,-0.5756608277597207f,-2.5810684895569795f,0f,0f,0f,1f],start_interpolation:0}
execute if entity @s[tag=aj.starscaller.bone.down6] run data modify entity @s {} merge value {transformation:[0.3671867674811428f,-0.657713416993583f,-0.6577134169935828f,-2.2377730412539694f,-0.8740524924731312f,-0.0021372673880462323f,-0.4858267926839962f,4.893247512846916f,0.3181290904464034f,0.7532652210176287f,-0.5756608277597207f,-2.305583379393997f,0f,0f,0f,1f],start_interpolation:0}
execute if entity @s[tag=aj.starscaller.bone.effects6] run data modify entity @s {} merge value {transformation:[0.4632402249479401f,-0.8297665880757339f,-0.8297665880757337f,-1.554747342567459f,-1.1026984332989473f,-0.0026963613977817945f,-0.6129156403770147f,5.709526485818902f,0.4013494070927919f,0.9503140672071915f,-0.7262496227041336f,-2.5810684895569795f,0f,0f,0f,1f],start_interpolation:0}
execute if entity @s[tag=aj.starscaller.locator_origin.starscaller_meteorite6] at @s on origin run tp @s ^-2.2344 ^5.02785 ^-2.09781 ~-48.8061 ~-29.06666
execute if entity @s[tag=aj.starscaller.bone.core7] run data modify entity @s {} merge value {transformation:[0.8608473057584379f,0.3598207304814708f,0.359820730481471f,-0.14716582233238457f,0.47817514162692043f,-0.33015644167311886f,-0.8138459669690689f,11.007138102201457f,-0.1740415183182245f,0.8726544367259729f,-0.45627161205137656f,-2.779952750205306f,0f,0f,0f,1f],start_interpolation:0}
execute if entity @s[tag=aj.starscaller.bone.face25] run data modify entity @s {} merge value {transformation:[0.8608473057584379f,0.3598207304814708f,0.359820730481471f,-1.0546490200901562f,0.47817514162692043f,-0.33015644167311886f,-0.8138459669690689f,11.44091941400869f,-0.1740415183182245f,0.8726544367259729f,-0.45627161205137656f,-3.203880479147492f,0f,0f,0f,1f],start_interpolation:0}
execute if entity @s[tag=aj.starscaller.bone.face26] run data modify entity @s {} merge value {transformation:[0.8608473057584379f,0.3598207304814708f,0.359820730481471f,-1.0546490200901562f,0.47817514162692043f,-0.33015644167311886f,-0.8138459669690689f,11.44091941400869f,-0.1740415183182245f,0.8726544367259729f,-0.45627161205137656f,-3.203880479147492f,0f,0f,0f,1f],start_interpolation:0}
execute if entity @s[tag=aj.starscaller.bone.face27] run data modify entity @s {} merge value {transformation:[0.8608473057584379f,0.3598207304814708f,0.359820730481471f,-1.0546490200901562f,0.47817514162692043f,-0.33015644167311886f,-0.8138459669690689f,11.44091941400869f,-0.1740415183182245f,0.8726544367259729f,-0.45627161205137656f,-3.203880479147492f,0f,0f,0f,1f],start_interpolation:0}
execute if entity @s[tag=aj.starscaller.bone.face28] run data modify entity @s {} merge value {transformation:[0.8608473057584379f,0.3598207304814708f,0.359820730481471f,-1.0546490200901562f,0.47817514162692043f,-0.33015644167311886f,-0.8138459669690689f,11.44091941400869f,-0.1740415183182245f,0.8726544367259729f,-0.45627161205137656f,-3.203880479147492f,0f,0f,0f,1f],start_interpolation:0}
execute if entity @s[tag=aj.starscaller.bone.up7] run data modify entity @s {} merge value {transformation:[0.8608473057584379f,0.3598207304814708f,0.359820730481471f,-1.0546490200901562f,0.47817514162692043f,-0.33015644167311886f,-0.8138459669690689f,11.44091941400869f,-0.1740415183182245f,0.8726544367259729f,-0.45627161205137656f,-3.203880479147492f,0f,0f,0f,1f],start_interpolation:0}
execute if entity @s[tag=aj.starscaller.bone.down7] run data modify entity @s {} merge value {transformation:[0.8608473057584379f,0.3598207304814708f,0.359820730481471f,-1.0546490200901562f,0.47817514162692043f,-0.33015644167311886f,-0.8138459669690689f,11.44091941400869f,-0.1740415183182245f,0.8726544367259729f,-0.45627161205137656f,-3.203880479147492f,0f,0f,0f,1f],start_interpolation:0}
execute if entity @s[tag=aj.starscaller.bone.effects7] run data modify entity @s {} merge value {transformation:[1.0860388632764295f,0.45394728484524927f,0.45394728484524954f,-1.0546490200901562f,0.603262371602603f,-0.41652302820667825f,-1.0267423071859112f,11.44091941400869f,-0.21956954671618395f,1.1009346560712272f,-0.575629033840098f,-3.203880479147492f,0f,0f,0f,1f],start_interpolation:0}
execute if entity @s[tag=aj.starscaller.locator_origin.starscaller_meteorite7] at @s on origin run tp @s ^-0.15196 ^11.00483 ^-2.81001 ~38.25969 ~-54.47341
execute if entity @s[tag=aj.starscaller.bone.core8] run data modify entity @s {} merge value {transformation:[0.5403164737740503f,-0.5950034067836825f,-0.5950034067836822f,2.210359240856672f,-0.7907155263861008f,-0.11717555564295445f,-0.6008650809389045f,7.415064852128352f,0.2877969153766724f,0.7951357337433508f,-0.5337903150339989f,-2.2706781373762026f,0f,0f,0f,1f],start_interpolation:0}
execute if entity @s[tag=aj.starscaller.bone.face29] run data modify entity @s {} merge value {transformation:[0.5403164737740503f,-0.5950034067836825f,-0.5950034067836822f,2.210359240856672f,-0.7907155263861008f,-0.11717555564295445f,-0.6008650809389045f,7.415064852128352f,0.2877969153766724f,0.7951357337433508f,-0.5337903150339989f,-2.2706781373762026f,0f,0f,0f,1f],start_interpolation:0}
execute if entity @s[tag=aj.starscaller.bone.face30] run data modify entity @s {} merge value {transformation:[0.5403164737740503f,-0.5950034067836825f,-0.5950034067836822f,2.210359240856672f,-0.7907155263861008f,-0.11717555564295445f,-0.6008650809389045f,7.415064852128352f,0.2877969153766724f,0.7951357337433508f,-0.5337903150339989f,-2.2706781373762026f,0f,0f,0f,1f],start_interpolation:0}
execute if entity @s[tag=aj.starscaller.bone.face31] run data modify entity @s {} merge value {transformation:[0.5403164737740503f,-0.5950034067836825f,-0.5950034067836822f,2.210359240856672f,-0.7907155263861008f,-0.11717555564295445f,-0.6008650809389045f,7.415064852128352f,0.2877969153766724f,0.7951357337433508f,-0.5337903150339989f,-2.2706781373762026f,0f,0f,0f,1f],start_interpolation:0}
execute if entity @s[tag=aj.starscaller.bone.face32] run data modify entity @s {} merge value {transformation:[0.5403164737740503f,-0.5950034067836825f,-0.5950034067836822f,2.210359240856672f,-0.7907155263861008f,-0.11717555564295445f,-0.6008650809389045f,7.415064852128352f,0.2877969153766724f,0.7951357337433508f,-0.5337903150339989f,-2.2706781373762026f,0f,0f,0f,1f],start_interpolation:0}
execute if entity @s[tag=aj.starscaller.bone.up8] run data modify entity @s {} merge value {transformation:[0.5403164737740503f,-0.5950034067836825f,-0.5950034067836822f,2.210359240856672f,-0.7907155263861008f,-0.11717555564295445f,-0.6008650809389045f,7.415064852128352f,0.2877969153766724f,0.7951357337433508f,-0.5337903150339989f,-2.2706781373762026f,0f,0f,0f,1f],start_interpolation:0}
execute if entity @s[tag=aj.starscaller.bone.down8] run data modify entity @s {} merge value {transformation:[0.5403164737740503f,-0.5950034067836825f,-0.5950034067836822f,2.210359240856672f,-0.7907155263861008f,-0.11717555564295445f,-0.6008650809389045f,7.415064852128352f,0.2877969153766724f,0.7951357337433508f,-0.5337903150339989f,-2.2706781373762026f,0f,0f,0f,1f],start_interpolation:0}
execute if entity @s[tag=aj.starscaller.bone.effects8] run data modify entity @s {} merge value {transformation:[0.6816594360716527f,-0.750652083390829f,-0.7506520833908288f,2.210359240856672f,-0.9975611071870595f,-0.1478278510056322f,-0.7580471299848651f,7.415064852128352f,0.363082549877726f,1.003137609479164f,-0.6734260804321615f,-2.2706781373762026f,0f,0f,0f,1f],start_interpolation:0}
execute if entity @s[tag=aj.starscaller.locator_origin.starscaller_meteorite8] at @s on origin run tp @s ^1.69958 ^6.62407 ^-1.74763 ~-48.10404 ~-36.93188
execute if entity @s[tag=aj.starscaller.bone.core9] run data modify entity @s {} merge value {transformation:[0.9769877016013869f,0.15082279489460318f,0.15082279489460326f,0.15024471586090504f,0.20043234088484171f,-0.40732744034862256f,-0.8910169656445727f,6.141050454849253f,-0.072951406066379f,0.9007423831924526f,-0.4281836655848967f,-0.7427970462641031f,0f,0f,0f,1f],start_interpolation:0}
execute if entity @s[tag=aj.starscaller.bone.face33] run data modify entity @s {} merge value {transformation:[0.9769877016013869f,0.15082279489460318f,0.15082279489460326f,0.15024471586090504f,0.20043234088484171f,-0.40732744034862256f,-0.8910169656445727f,6.141050454849253f,-0.072951406066379f,0.9007423831924526f,-0.4281836655848967f,-0.7427970462641031f,0f,0f,0f,1f],start_interpolation:0}
execute if entity @s[tag=aj.starscaller.bone.face34] run data modify entity @s {} merge value {transformation:[0.9769877016013869f,0.15082279489460318f,0.15082279489460326f,0.15024471586090504f,0.20043234088484171f,-0.40732744034862256f,-0.8910169656445727f,6.141050454849253f,-0.072951406066379f,0.9007423831924526f,-0.4281836655848967f,-0.7427970462641031f,0f,0f,0f,1f],start_interpolation:0}
execute if entity @s[tag=aj.starscaller.bone.face35] run data modify entity @s {} merge value {transformation:[0.9769877016013869f,0.15082279489460318f,0.15082279489460326f,0.15024471586090504f,0.20043234088484171f,-0.40732744034862256f,-0.8910169656445727f,6.141050454849253f,-0.072951406066379f,0.9007423831924526f,-0.4281836655848967f,-0.7427970462641031f,0f,0f,0f,1f],start_interpolation:0}
execute if entity @s[tag=aj.starscaller.bone.face36] run data modify entity @s {} merge value {transformation:[0.9769877016013869f,0.15082279489460318f,0.15082279489460326f,0.15024471586090504f,0.20043234088484171f,-0.40732744034862256f,-0.8910169656445727f,6.141050454849253f,-0.072951406066379f,0.9007423831924526f,-0.4281836655848967f,-0.7427970462641031f,0f,0f,0f,1f],start_interpolation:0}
execute if entity @s[tag=aj.starscaller.bone.up9] run data modify entity @s {} merge value {transformation:[0.9769877016013869f,0.15082279489460318f,0.15082279489460326f,0.15024471586090504f,0.20043234088484171f,-0.40732744034862256f,-0.8910169656445727f,6.141050454849253f,-0.072951406066379f,0.9007423831924526f,-0.4281836655848967f,-0.7427970462641031f,0f,0f,0f,1f],start_interpolation:0}
execute if entity @s[tag=aj.starscaller.bone.down9] run data modify entity @s {} merge value {transformation:[0.9769877016013869f,0.15082279489460318f,0.15082279489460326f,0.15024471586090504f,0.20043234088484171f,-0.40732744034862256f,-0.8910169656445727f,6.141050454849253f,-0.072951406066379f,0.9007423831924526f,-0.4281836655848967f,-0.7427970462641031f,0f,0f,0f,1f],start_interpolation:0}
execute if entity @s[tag=aj.starscaller.bone.effects9] run data modify entity @s {} merge value {transformation:[1.2325607640107568f,0.19027696971090086f,0.19027696971090097f,0.15024471586090504f,0.25286402153123505f,-0.5138814135077864f,-1.1241006924870196f,6.141050454849253f,-0.09203497715421743f,1.1363702103770505f,-0.5401934795342744f,-0.7427970462641031f,0f,0f,0f,1f],start_interpolation:0}
execute if entity @s[tag=aj.starscaller.locator_origin.starscaller_meteorite9] at @s on origin run tp @s ^0.84612 ^5.43935 ^-0.20521 ~19.40423 ~-63.00132
execute if entity @s[tag=aj.starscaller.bone.meteorite_staff_effects] run data modify entity @s {} merge value {transformation:[-0.000006622099243722046f,0.00000104166100977921f,-0.000007420427477376333f,-0.2542573047688409f,0.000007191997733367363f,-0.0000018958478193176916f,-0.000006684379526121108f,6.142783062535999f,-0.0000021030858778315786f,-0.00000976323222025852f,5.062868789246529e-7f,-1.2435869513319604f,0f,0f,0f,1f],start_interpolation:0}
execute if entity @s[tag=aj.starscaller.bone.meteorite_staff] run data modify entity @s {} merge value {transformation:[-1.530808071545135f,0.16058940567429486f,-0.0870275932595671f,-0.3554280242301177f,0.055336625975461004f,-0.2922765388114774f,-1.5126957373500942f,6.3001644723708585f,-0.17407072421584233f,-1.5051649672898548f,0.284453713854139f,-0.37708669683475604f,0f,0f,0f,1f],start_interpolation:0}
execute if entity @s[tag=aj.starscaller.bone.right_arm2] run data modify entity @s {} merge value {transformation:[-0.9929565869481958f,-0.04151478174335215f,0.11096728947303405f,-0.30346381071094974f,0.03589402765975849f,0.7871761271230153f,0.6156828434071968f,6.479950028278462f,-0.11291074003189773f,0.6153293977898442f,-0.7801415877909835f,-0.22961383807545457f,0f,0f,0f,1f],start_interpolation:0}
execute if entity @s[tag=aj.starscaller.bone.right_arm] run data modify entity @s {} merge value {transformation:[-0.9929565869481958f,-0.029991715867037916f,0.11461986483826077f,-0.31096173967770924f,0.03589402765975849f,0.845813893077876f,0.5322691772541484f,6.6914035015479305f,-0.11291074003189773f,0.5326343541828658f,-0.8387799529850786f,-0.09645524952973814f,0f,0f,0f,1f],start_interpolation:0}
execute if entity @s[tag=aj.starscaller.bone.left_arm2] run data modify entity @s {} merge value {transformation:[-0.9764183369992473f,-0.21385633590817438f,-0.029541475311069876f,0.4839502558254262f,-0.21581953192518685f,0.9635082389439703f,0.1583470969948056f,6.4889490830645125f,-0.005400075112229688f,0.16098863649034106f,-0.9869414866696825f,0.044349342025586005f,0f,0f,0f,1f],start_interpolation:0}
execute if entity @s[tag=aj.starscaller.bone.left_arm] run data modify entity @s {} merge value {transformation:[-0.9764183369992473f,-0.2009520682835545f,0.0789018214250223f,0.3116599466296317f,-0.21581953192518685f,0.9177274398962656f,-0.3334640545861569f,6.6914035015479305f,-0.005400075112229688f,-0.3426289717960346f,-0.9394552819984432f,-0.041982910312451355f,0f,0f,0f,1f],start_interpolation:0}
execute if entity @s[tag=aj.starscaller.locator_origin.player_camera] at @s on origin run tp @s ^0.03801 ^5.62668 ^-0.49964 ~5 ~-0.29279
execute if entity @s[tag=aj.starscaller.bone.head] run data modify entity @s {} merge value {transformation:[-0.9961946980917454f,0.014997263940508205f,0.08585572530818675f,-0.0050340369671406015f,0f,0.9850839726851274f,-0.17207430592301456f,6.835471004738611f,-0.08715574274765885f,-0.1714195112383241f,-0.9813354307640777f,-0.007689503103331167f,0f,0f,0f,1f],start_interpolation:0}
execute if entity @s[tag=aj.starscaller.bone.body_top] run data modify entity @s {} merge value {transformation:[-0.9961946980917454f,0.0004453729151038892f,0.08715460479436861f,-0.005209402552462758f,0f,0.9999869434502608f,-0.00511008111529005f,6.441726145755071f,-0.08715574274765885f,-0.005090635713870701f,-0.9961816912261199f,-0.005685065290994579f,0f,0f,0f,1f],start_interpolation:0}
execute if entity @s[tag=aj.starscaller.bone.body] run data modify entity @s {} merge value {transformation:[-0.9961946980917454f,0f,0.08715574274765885f,-0.005209402552462758f,0f,1f,0f,6.004226145755071f,-0.08715574274765885f,0f,-0.9961946980917454f,-0.005685065290994579f,0f,0f,0f,1f],start_interpolation:0}
execute if entity @s[tag=aj.starscaller.bone.right_leg2] run data modify entity @s {} merge value {transformation:[-0.9848806209608331f,0.1592704694114102f,0.06814014990644642f,-0.182379981643071f,0.16121589530993347f,0.9866263734667962f,0.024038183774453742f,5.733607794482718f,-0.06340029617612611f,0.03466001663627544f,-0.9973861266789068f,-0.08554937284425412f,0f,0f,0f,1f],start_interpolation:0}
execute if entity @s[tag=aj.starscaller.bone.right_leg] run data modify entity @s {} merge value {transformation:[-0.9848806209608331f,0.14649389030717233f,0.09246460165097832f,-0.12973373981393094f,0.16121589530993347f,0.9704162818013304f,0.17972666778833157f,6.082351145755071f,-0.06340029617612611f,0.19191607571423214f,-0.9793613338943029f,-0.016579533134451936f,0f,0f,0f,1f],start_interpolation:0}
execute if entity @s[tag=aj.starscaller.bone.left_leg2] run data modify entity @s {} merge value {transformation:[-0.9720552556902563f,0.004968606634327757f,0.23469957995928253f,0.22100056259273784f,-0.10400382088962745f,0.8871876806953605f,-0.44953445303196204f,5.739100927998995f,-0.21045613586994466f,-0.4613819807605194f,-0.8618786937291065f,0.03666908655114453f,0f,0f,0f,1f],start_interpolation:0}
execute if entity @s[tag=aj.starscaller.bone.left_leg] run data modify entity @s {} merge value {transformation:[-0.9396760667861643f,-0.282951312372125f,0.19221718012752131f,0.11931493470900542f,-0.2943450847508827f,0.9551310407125617f,-0.032949448407135186f,6.082351145755071f,-0.17426950562929683f,-0.08753999025720138f,-0.9807991076227025f,0.005209402552462779f,0f,0f,0f,1f],start_interpolation:0}