execute if entity @s[tag=aj.starscaller.bone.core] run data modify entity @s {} merge value {transformation:[-0.9579895123154886f,0.20280051071623625f,0.2028005107162364f,0.028261659297297126f,0.2695068813961564f,0.8783933713337561f,0.3947038460378057f,-0.8922728513021724f,-0.09809248275811269f,0.43277827816348613f,-0.8961477706138634f,-13.690459533301642f,0f,0f,0f,1f],start_interpolation:0}
execute if entity @s[tag=aj.starscaller.bone.face1] run data modify entity @s {} merge value {transformation:[-0.9579895123154886f,0.20280051071623625f,0.2028005107162364f,0.028261659297297126f,0.2695068813961564f,0.8783933713337561f,0.3947038460378057f,-0.8922728513021724f,-0.09809248275811269f,0.43277827816348613f,-0.8961477706138634f,-13.690459533301642f,0f,0f,0f,1f],start_interpolation:0}
execute if entity @s[tag=aj.starscaller.bone.face2] run data modify entity @s {} merge value {transformation:[-0.9579895123154886f,0.20280051071623625f,0.2028005107162364f,0.028261659297297126f,0.2695068813961564f,0.8783933713337561f,0.3947038460378057f,-0.8922728513021724f,-0.09809248275811269f,0.43277827816348613f,-0.8961477706138634f,-13.690459533301642f,0f,0f,0f,1f],start_interpolation:0}
execute if entity @s[tag=aj.starscaller.bone.face3] run data modify entity @s {} merge value {transformation:[-0.9579895123154886f,0.20280051071623625f,0.2028005107162364f,0.028261659297297126f,0.2695068813961564f,0.8783933713337561f,0.3947038460378057f,-0.8922728513021724f,-0.09809248275811269f,0.43277827816348613f,-0.8961477706138634f,-13.690459533301642f,0f,0f,0f,1f],start_interpolation:0}
execute if entity @s[tag=aj.starscaller.bone.face4] run data modify entity @s {} merge value {transformation:[-0.9579895123154886f,0.20280051071623625f,0.2028005107162364f,0.028261659297297126f,0.2695068813961564f,0.8783933713337561f,0.3947038460378057f,-0.8922728513021724f,-0.09809248275811269f,0.43277827816348613f,-0.8961477706138634f,-13.690459533301642f,0f,0f,0f,1f],start_interpolation:0}
execute if entity @s[tag=aj.starscaller.bone.up] run data modify entity @s {} merge value {transformation:[-0.9579895123154886f,0.20280051071623625f,0.2028005107162364f,0.028261659297297126f,0.2695068813961564f,0.8783933713337561f,0.3947038460378057f,-0.8922728513021724f,-0.09809248275811269f,0.43277827816348613f,-0.8961477706138634f,-13.690459533301642f,0f,0f,0f,1f],start_interpolation:0}
execute if entity @s[tag=aj.starscaller.bone.down] run data modify entity @s {} merge value {transformation:[-0.9579895123154886f,0.20280051071623625f,0.2028005107162364f,0.028261659297297126f,0.2695068813961564f,0.8783933713337561f,0.3947038460378057f,-0.8922728513021724f,-0.09809248275811269f,0.43277827816348613f,-0.8961477706138634f,-13.690459533301642f,0f,0f,0f,1f],start_interpolation:0}
execute if entity @s[tag=aj.starscaller.bone.effects] run data modify entity @s {} merge value {transformation:[-1.2085927829781749f,0.25585168781598605f,0.2558516878159863f,0.028261659297297126f,0.34000797256231435f,1.1081748553216197f,0.4979555763423862f,-0.8922728513021724f,-0.1237527814258821f,0.5459900102182504f,-1.1305736796930748f,-13.690459533301642f,0f,0f,0f,1f],start_interpolation:0}
execute if entity @s[tag=aj.starscaller.locator_origin.starscaller_meteorite1] at @s on origin run tp @s ^-0.18456 ^0.15353 ^-13.83595 ~12.7514 ~23.2475
execute if entity @s[tag=aj.starscaller.bone.core2] run data modify entity @s {} merge value {transformation:[0.557584137968594f,-0.5869837855877369f,-0.5869837855877366f,1.6749296019979232f,-0.7800580428774819f,-0.12864928001778891f,-0.6123388053137393f,-0.06348713711478071f,0.28391790860735233f,0.7993118278919651f,-0.5296142208853845f,-13.99211286385091f,0f,0f,0f,1f],start_interpolation:0}
execute if entity @s[tag=aj.starscaller.bone.face5] run data modify entity @s {} merge value {transformation:[0.557584137968594f,-0.5869837855877369f,-0.5869837855877366f,1.6749296019979232f,-0.7800580428774819f,-0.12864928001778891f,-0.6123388053137393f,-0.06348713711478071f,0.28391790860735233f,0.7993118278919651f,-0.5296142208853845f,-13.99211286385091f,0f,0f,0f,1f],start_interpolation:0}
execute if entity @s[tag=aj.starscaller.bone.face6] run data modify entity @s {} merge value {transformation:[0.557584137968594f,-0.5869837855877369f,-0.5869837855877366f,1.6749296019979232f,-0.7800580428774819f,-0.12864928001778891f,-0.6123388053137393f,-0.06348713711478071f,0.28391790860735233f,0.7993118278919651f,-0.5296142208853845f,-13.99211286385091f,0f,0f,0f,1f],start_interpolation:0}
execute if entity @s[tag=aj.starscaller.bone.face7] run data modify entity @s {} merge value {transformation:[0.557584137968594f,-0.5869837855877369f,-0.5869837855877366f,1.6749296019979232f,-0.7800580428774819f,-0.12864928001778891f,-0.6123388053137393f,-0.06348713711478071f,0.28391790860735233f,0.7993118278919651f,-0.5296142208853845f,-13.99211286385091f,0f,0f,0f,1f],start_interpolation:0}
execute if entity @s[tag=aj.starscaller.bone.face8] run data modify entity @s {} merge value {transformation:[0.557584137968594f,-0.5869837855877369f,-0.5869837855877366f,1.6749296019979232f,-0.7800580428774819f,-0.12864928001778891f,-0.6123388053137393f,-0.06348713711478071f,0.28391790860735233f,0.7993118278919651f,-0.5296142208853845f,-13.99211286385091f,0f,0f,0f,1f],start_interpolation:0}
execute if entity @s[tag=aj.starscaller.bone.up2] run data modify entity @s {} merge value {transformation:[0.557584137968594f,-0.5869837855877369f,-0.5869837855877366f,1.6749296019979232f,-0.7800580428774819f,-0.12864928001778891f,-0.6123388053137393f,-0.06348713711478071f,0.28391790860735233f,0.7993118278919651f,-0.5296142208853845f,-13.99211286385091f,0f,0f,0f,1f],start_interpolation:0}
execute if entity @s[tag=aj.starscaller.bone.down2] run data modify entity @s {} merge value {transformation:[0.557584137968594f,-0.5869837855877369f,-0.5869837855877366f,1.6749296019979232f,-0.7800580428774819f,-0.12864928001778891f,-0.6123388053137393f,-0.06348713711478071f,0.28391790860735233f,0.7993118278919651f,-0.5296142208853845f,-13.99211286385091f,0f,0f,0f,1f],start_interpolation:0}
execute if entity @s[tag=aj.starscaller.bone.effects2] run data modify entity @s {} merge value {transformation:[0.7034441989068675f,-0.7405345860956742f,-0.7405345860956738f,1.6749296019979232f,-0.9841157014830941f,-0.16230302040470904f,-0.7725222993839425f,-0.06348713711478071f,0.3581888224138497f,1.0084061402763889f,-0.6681575496349365f,-13.99211286385091f,0f,0f,0f,1f],start_interpolation:0}
execute if entity @s[tag=aj.starscaller.locator_origin.starscaller_meteorite2] at @s on origin run tp @s ^1.18331 ^-0.86421 ^-13.46552 ~-47.94121 ~-37.75881
execute if entity @s[tag=aj.starscaller.bone.core3] run data modify entity @s {} merge value {transformation:[0.3114750797604253f,-0.6719312742714976f,-0.6719312742714973f,1.8453608699056703f,-0.8929469733675505f,0.034881089128658976f,-0.448808436167291f,1.4718901184299291f,0.32500611908388344f,0.7397916411240937f,-0.5891344076532555f,-15.083033369476473f,0f,0f,0f,1f],start_interpolation:0}
execute if entity @s[tag=aj.starscaller.bone.face9] run data modify entity @s {} merge value {transformation:[0.3114750797604253f,-0.6719312742714976f,-0.6719312742714973f,1.8453608699056703f,-0.8929469733675505f,0.034881089128658976f,-0.448808436167291f,1.4718901184299291f,0.32500611908388344f,0.7397916411240937f,-0.5891344076532555f,-15.083033369476473f,0f,0f,0f,1f],start_interpolation:0}
execute if entity @s[tag=aj.starscaller.bone.face10] run data modify entity @s {} merge value {transformation:[0.3114750797604253f,-0.6719312742714976f,-0.6719312742714973f,1.8453608699056703f,-0.8929469733675505f,0.034881089128658976f,-0.448808436167291f,1.4718901184299291f,0.32500611908388344f,0.7397916411240937f,-0.5891344076532555f,-15.083033369476473f,0f,0f,0f,1f],start_interpolation:0}
execute if entity @s[tag=aj.starscaller.bone.face11] run data modify entity @s {} merge value {transformation:[0.3114750797604253f,-0.6719312742714976f,-0.6719312742714973f,1.8453608699056703f,-0.8929469733675505f,0.034881089128658976f,-0.448808436167291f,1.4718901184299291f,0.32500611908388344f,0.7397916411240937f,-0.5891344076532555f,-15.083033369476473f,0f,0f,0f,1f],start_interpolation:0}
execute if entity @s[tag=aj.starscaller.bone.face12] run data modify entity @s {} merge value {transformation:[0.3114750797604253f,-0.6719312742714976f,-0.6719312742714973f,1.8453608699056703f,-0.8929469733675505f,0.034881089128658976f,-0.448808436167291f,1.4718901184299291f,0.32500611908388344f,0.7397916411240937f,-0.5891344076532555f,-15.083033369476473f,0f,0f,0f,1f],start_interpolation:0}
execute if entity @s[tag=aj.starscaller.bone.up3] run data modify entity @s {} merge value {transformation:[0.3114750797604253f,-0.6719312742714976f,-0.6719312742714973f,1.8453608699056703f,-0.8929469733675505f,0.034881089128658976f,-0.448808436167291f,1.4718901184299291f,0.32500611908388344f,0.7397916411240937f,-0.5891344076532555f,-15.083033369476473f,0f,0f,0f,1f],start_interpolation:0}
execute if entity @s[tag=aj.starscaller.bone.down3] run data modify entity @s {} merge value {transformation:[0.3114750797604253f,-0.6719312742714976f,-0.6719312742714973f,1.8453608699056703f,-0.8929469733675505f,0.034881089128658976f,-0.448808436167291f,1.4718901184299291f,0.32500611908388344f,0.7397916411240937f,-0.5891344076532555f,-15.083033369476473f,0f,0f,0f,1f],start_interpolation:0}
execute if entity @s[tag=aj.starscaller.bone.effects3] run data modify entity @s {} merge value {transformation:[0.3929547543439376f,-0.8477037361077285f,-0.8477037361077283f,1.8453608699056703f,-1.1265355765594403f,0.04400573497033484f,-0.5662135440088981f,1.4718901184299291f,0.4100254177095505f,0.9333158942513653f,-0.7432477956599596f,-15.083033369476473f,0f,0f,0f,1f],start_interpolation:0}
execute if entity @s[tag=aj.starscaller.locator_origin.starscaller_meteorite3] at @s on origin run tp @s ^1.11919 ^0.82935 ^-14.61402 ~-48.75644 ~-26.66726
execute if entity @s[tag=aj.starscaller.bone.core4] run data modify entity @s {} merge value {transformation:[-0.8561668995302661f,0.36536162917630777f,0.3653616291763079f,0.16638233287162107f,0.4855385862361259f,0.8107360100913302f,0.32704648479538f,-0.2946750136613607f,-0.1767215929776434f,0.4574035437847247f,-0.8715225049926245f,-12.843789585788834f,0f,0f,0f,1f],start_interpolation:0}
execute if entity @s[tag=aj.starscaller.bone.face13] run data modify entity @s {} merge value {transformation:[-0.8561668995302661f,0.36536162917630777f,0.3653616291763079f,0.16638233287162107f,0.4855385862361259f,0.8107360100913302f,0.32704648479538f,-0.2946750136613607f,-0.1767215929776434f,0.4574035437847247f,-0.8715225049926245f,-12.843789585788834f,0f,0f,0f,1f],start_interpolation:0}
execute if entity @s[tag=aj.starscaller.bone.face14] run data modify entity @s {} merge value {transformation:[-0.8561668995302661f,0.36536162917630777f,0.3653616291763079f,0.16638233287162107f,0.4855385862361259f,0.8107360100913302f,0.32704648479538f,-0.2946750136613607f,-0.1767215929776434f,0.4574035437847247f,-0.8715225049926245f,-12.843789585788834f,0f,0f,0f,1f],start_interpolation:0}
execute if entity @s[tag=aj.starscaller.bone.face15] run data modify entity @s {} merge value {transformation:[-0.8561668995302661f,0.36536162917630777f,0.3653616291763079f,0.16638233287162107f,0.4855385862361259f,0.8107360100913302f,0.32704648479538f,-0.2946750136613607f,-0.1767215929776434f,0.4574035437847247f,-0.8715225049926245f,-12.843789585788834f,0f,0f,0f,1f],start_interpolation:0}
execute if entity @s[tag=aj.starscaller.bone.face16] run data modify entity @s {} merge value {transformation:[-0.8561668995302661f,0.36536162917630777f,0.3653616291763079f,0.16638233287162107f,0.4855385862361259f,0.8107360100913302f,0.32704648479538f,-0.2946750136613607f,-0.1767215929776434f,0.4574035437847247f,-0.8715225049926245f,-12.843789585788834f,0f,0f,0f,1f],start_interpolation:0}
execute if entity @s[tag=aj.starscaller.bone.up4] run data modify entity @s {} merge value {transformation:[-0.8561668995302661f,0.36536162917630777f,0.3653616291763079f,0.16638233287162107f,0.4855385862361259f,0.8107360100913302f,0.32704648479538f,-0.2946750136613607f,-0.1767215929776434f,0.4574035437847247f,-0.8715225049926245f,-12.843789585788834f,0f,0f,0f,1f],start_interpolation:0}
execute if entity @s[tag=aj.starscaller.bone.down4] run data modify entity @s {} merge value {transformation:[-0.8561668995302661f,0.36536162917630777f,0.3653616291763079f,0.16638233287162107f,0.4855385862361259f,0.8107360100913302f,0.32704648479538f,-0.2946750136613607f,-0.1767215929776434f,0.4574035437847247f,-0.8715225049926245f,-12.843789585788834f,0f,0f,0f,1f],start_interpolation:0}
execute if entity @s[tag=aj.starscaller.bone.effects4] run data modify entity @s {} merge value {transformation:[-1.0801340959318453f,0.4609376433906232f,0.4609376433906233f,0.16638233287162107f,0.6125520411638439f,1.0228188076178173f,0.4125995286385841f,-0.2946750136613607f,-0.22295070992264465f,0.5770570708970402f,-1.0995066190142846f,-12.843789585788834f,0f,0f,0f,1f],start_interpolation:0}
execute if entity @s[tag=aj.starscaller.locator_origin.starscaller_meteorite4] at @s on origin run tp @s ^0.21784 ^0.77034 ^-12.99627 ~22.74452 ~19.08961
execute if entity @s[tag=aj.starscaller.bone.core5] run data modify entity @s {} merge value {transformation:[-0.30503051880867743f,-0.6734078937001367f,-0.6734078937001364f,2.2772175567356623f,-0.8949092913903997f,0.44452626370643533f,-0.03916326158951483f,-1.4574386535204673f,0.3257203444343646f,0.5906929909670011f,-0.7382330578103481f,-13.750800446987983f,0f,0f,0f,1f],start_interpolation:0}
execute if entity @s[tag=aj.starscaller.bone.face17] run data modify entity @s {} merge value {transformation:[-0.30503051880867743f,-0.6734078937001367f,-0.6734078937001364f,2.2772175567356623f,-0.8949092913903997f,0.44452626370643533f,-0.03916326158951483f,-1.4574386535204673f,0.3257203444343646f,0.5906929909670011f,-0.7382330578103481f,-13.750800446987983f,0f,0f,0f,1f],start_interpolation:0}
execute if entity @s[tag=aj.starscaller.bone.face18] run data modify entity @s {} merge value {transformation:[-0.30503051880867743f,-0.6734078937001367f,-0.6734078937001364f,2.2772175567356623f,-0.8949092913903997f,0.44452626370643533f,-0.03916326158951483f,-1.4574386535204673f,0.3257203444343646f,0.5906929909670011f,-0.7382330578103481f,-13.750800446987983f,0f,0f,0f,1f],start_interpolation:0}
execute if entity @s[tag=aj.starscaller.bone.face19] run data modify entity @s {} merge value {transformation:[-0.30503051880867743f,-0.6734078937001367f,-0.6734078937001364f,2.2772175567356623f,-0.8949092913903997f,0.44452626370643533f,-0.03916326158951483f,-1.4574386535204673f,0.3257203444343646f,0.5906929909670011f,-0.7382330578103481f,-13.750800446987983f,0f,0f,0f,1f],start_interpolation:0}
execute if entity @s[tag=aj.starscaller.bone.face20] run data modify entity @s {} merge value {transformation:[-0.30503051880867743f,-0.6734078937001367f,-0.6734078937001364f,2.2772175567356623f,-0.8949092913903997f,0.44452626370643533f,-0.03916326158951483f,-1.4574386535204673f,0.3257203444343646f,0.5906929909670011f,-0.7382330578103481f,-13.750800446987983f,0f,0f,0f,1f],start_interpolation:0}
execute if entity @s[tag=aj.starscaller.bone.up5] run data modify entity @s {} merge value {transformation:[-0.30503051880867743f,-0.6734078937001367f,-0.6734078937001364f,2.2772175567356623f,-0.8949092913903997f,0.44452626370643533f,-0.03916326158951483f,-1.4574386535204673f,0.3257203444343646f,0.5906929909670011f,-0.7382330578103481f,-13.750800446987983f,0f,0f,0f,1f],start_interpolation:0}
execute if entity @s[tag=aj.starscaller.bone.down5] run data modify entity @s {} merge value {transformation:[-0.30503051880867743f,-0.6734078937001367f,-0.6734078937001364f,2.2772175567356623f,-0.8949092913903997f,0.44452626370643533f,-0.03916326158951483f,-1.4574386535204673f,0.3257203444343646f,0.5906929909670011f,-0.7382330578103481f,-13.750800446987983f,0f,0f,0f,1f],start_interpolation:0}
execute if entity @s[tag=aj.starscaller.bone.effects5] run data modify entity @s {} merge value {transformation:[-0.38482434189618586f,-0.8495666287195119f,-0.8495666287195117f,2.2772175567356623f,-1.1290112230773142f,0.5608111855643375f,-0.04940809341489565f,-1.4574386535204673f,0.4109264793526213f,0.7452140933286159f,-0.931349596582709f,-13.750800446987983f,0f,0f,0f,1f],start_interpolation:0}
execute if entity @s[tag=aj.starscaller.locator_origin.starscaller_meteorite5] at @s on origin run tp @s ^1.24085 ^-1.5633 ^-13.47712 ~-42.37072 ~-2.24446
execute if entity @s[tag=aj.starscaller.bone.core6] run data modify entity @s {} merge value {transformation:[0.4700878620331683f,0.6241063218591382f,0.6241063218591383f,-1.6004668083014961f,0.8293911483252292f,-0.07051123988699004f,-0.5542007651829401f,-1.7432283108926483f,-0.30187369055424795f,0.7781513118057802f,-0.550774736971569f,-14.045848183121839f,0f,0f,0f,1f],start_interpolation:0}
execute if entity @s[tag=aj.starscaller.bone.face21] run data modify entity @s {} merge value {transformation:[0.4700878620331683f,0.6241063218591382f,0.6241063218591383f,-1.6004668083014961f,0.8293911483252292f,-0.07051123988699004f,-0.5542007651829401f,-1.7432283108926483f,-0.30187369055424795f,0.7781513118057802f,-0.550774736971569f,-14.045848183121839f,0f,0f,0f,1f],start_interpolation:0}
execute if entity @s[tag=aj.starscaller.bone.face22] run data modify entity @s {} merge value {transformation:[0.4700878620331683f,0.6241063218591382f,0.6241063218591383f,-1.6004668083014961f,0.8293911483252292f,-0.07051123988699004f,-0.5542007651829401f,-1.7432283108926483f,-0.30187369055424795f,0.7781513118057802f,-0.550774736971569f,-14.045848183121839f,0f,0f,0f,1f],start_interpolation:0}
execute if entity @s[tag=aj.starscaller.bone.face23] run data modify entity @s {} merge value {transformation:[0.4700878620331683f,0.6241063218591382f,0.6241063218591383f,-1.6004668083014961f,0.8293911483252292f,-0.07051123988699004f,-0.5542007651829401f,-1.7432283108926483f,-0.30187369055424795f,0.7781513118057802f,-0.550774736971569f,-14.045848183121839f,0f,0f,0f,1f],start_interpolation:0}
execute if entity @s[tag=aj.starscaller.bone.face24] run data modify entity @s {} merge value {transformation:[0.4700878620331683f,0.6241063218591382f,0.6241063218591383f,-1.6004668083014961f,0.8293911483252292f,-0.07051123988699004f,-0.5542007651829401f,-1.7432283108926483f,-0.30187369055424795f,0.7781513118057802f,-0.550774736971569f,-14.045848183121839f,0f,0f,0f,1f],start_interpolation:0}
execute if entity @s[tag=aj.starscaller.bone.up6] run data modify entity @s {} merge value {transformation:[0.4700878620331683f,0.6241063218591382f,0.6241063218591383f,-1.6004668083014961f,0.8293911483252292f,-0.07051123988699004f,-0.5542007651829401f,-1.7432283108926483f,-0.30187369055424795f,0.7781513118057802f,-0.550774736971569f,-14.045848183121839f,0f,0f,0f,1f],start_interpolation:0}
execute if entity @s[tag=aj.starscaller.bone.down6] run data modify entity @s {} merge value {transformation:[0.4700878620331683f,0.6241063218591382f,0.6241063218591383f,-0.5019039030715027f,0.8293911483252292f,-0.07051123988699004f,-0.5542007651829401f,-1.7140926647542714f,-0.30187369055424795f,0.7781513118057802f,-0.550774736971569f,-14.078068829928528f,0f,0f,0f,1f],start_interpolation:0}
execute if entity @s[tag=aj.starscaller.bone.effects6] run data modify entity @s {} merge value {transformation:[0.5930595169520224f,0.7873681149043755f,0.7873681149043756f,-1.6004668083014961f,1.0463539978731418f,-0.08895648078681076f,-0.6991757597660438f,-1.7432283108926483f,-0.38084170973126447f,0.981710183069047f,-0.6948535068422779f,-14.045848183121839f,0f,0f,0f,1f],start_interpolation:0}
execute if entity @s[tag=aj.starscaller.locator_origin.starscaller_meteorite6] at @s on origin run tp @s ^-0.54628 ^-1.66292 ^-13.83992 ~48.57155 ~-33.65568
execute if entity @s[tag=aj.starscaller.bone.core7] run data modify entity @s {} merge value {transformation:[-0.7323052377541326f,-0.4815231244487973f,-0.48152312444879697f,1.3558678112474838f,-0.6399086231686638f,0.7284345157017535f,0.24474499040580333f,2.0080246126865027f,0.2329076914836613f,0.4873588379781574f,-0.841567210799192f,-13.68190390809093f,0f,0f,0f,1f],start_interpolation:0}
execute if entity @s[tag=aj.starscaller.bone.face25] run data modify entity @s {} merge value {transformation:[-0.7323052377541326f,-0.4815231244487973f,-0.48152312444879697f,2.3604361275488297f,-0.6399086231686638f,0.7284345157017535f,0.24474499040580333f,1.5973407892106382f,0.2329076914836613f,0.4873588379781574f,-0.841567210799192f,-13.798471463914488f,0f,0f,0f,1f],start_interpolation:0}
execute if entity @s[tag=aj.starscaller.bone.face26] run data modify entity @s {} merge value {transformation:[-0.7323052377541326f,-0.4815231244487973f,-0.48152312444879697f,2.3604361275488297f,-0.6399086231686638f,0.7284345157017535f,0.24474499040580333f,1.5973407892106382f,0.2329076914836613f,0.4873588379781574f,-0.841567210799192f,-13.798471463914488f,0f,0f,0f,1f],start_interpolation:0}
execute if entity @s[tag=aj.starscaller.bone.face27] run data modify entity @s {} merge value {transformation:[-0.7323052377541326f,-0.4815231244487973f,-0.48152312444879697f,2.3604361275488297f,-0.6399086231686638f,0.7284345157017535f,0.24474499040580333f,1.5973407892106382f,0.2329076914836613f,0.4873588379781574f,-0.841567210799192f,-13.798471463914488f,0f,0f,0f,1f],start_interpolation:0}
execute if entity @s[tag=aj.starscaller.bone.face28] run data modify entity @s {} merge value {transformation:[-0.7323052377541326f,-0.4815231244487973f,-0.48152312444879697f,2.3604361275488297f,-0.6399086231686638f,0.7284345157017535f,0.24474499040580333f,1.5973407892106382f,0.2329076914836613f,0.4873588379781574f,-0.841567210799192f,-13.798471463914488f,0f,0f,0f,1f],start_interpolation:0}
execute if entity @s[tag=aj.starscaller.bone.up7] run data modify entity @s {} merge value {transformation:[-0.7323052377541326f,-0.4815231244487973f,-0.48152312444879697f,2.3604361275488297f,-0.6399086231686638f,0.7284345157017535f,0.24474499040580333f,1.5973407892106382f,0.2329076914836613f,0.4873588379781574f,-0.841567210799192f,-13.798471463914488f,0f,0f,0f,1f],start_interpolation:0}
execute if entity @s[tag=aj.starscaller.bone.down7] run data modify entity @s {} merge value {transformation:[-0.7323052377541326f,-0.4815231244487973f,-0.48152312444879697f,2.3604361275488297f,-0.6399086231686638f,0.7284345157017535f,0.24474499040580333f,1.5973407892106382f,0.2329076914836613f,0.4873588379781574f,-0.841567210799192f,-13.798471463914488f,0f,0f,0f,1f],start_interpolation:0}
execute if entity @s[tag=aj.starscaller.bone.effects7] run data modify entity @s {} merge value {transformation:[-0.9238711007885129f,-0.6074861630158045f,-0.607486163015804f,2.3604361275488297f,-0.8073041863035054f,0.918987825264846f,0.3087685462856128f,1.5973407892106382f,0.2938346938129724f,0.614848457868141f,-1.061715232043184f,-13.798471463914488f,0f,0f,0f,1f],start_interpolation:0}
execute if entity @s[tag=aj.starscaller.locator_origin.starscaller_meteorite7] at @s on origin run tp @s ^1.36228 ^1.99161 ^-13.70682 ~-29.77708 ~14.16676
execute if entity @s[tag=aj.starscaller.bone.core8] run data modify entity @s {} merge value {transformation:[-0.30503051880867743f,0.6734078937001367f,0.6734078937001365f,-0.6336761278190479f,0.8949092913903997f,0.44452626370643533f,-0.03916326158951483f,0.6373908429038544f,-0.3257203444343647f,0.5906929909670013f,-0.738233057810348f,-13.981167143311339f,0f,0f,0f,1f],start_interpolation:0}
execute if entity @s[tag=aj.starscaller.bone.face29] run data modify entity @s {} merge value {transformation:[-0.30503051880867743f,0.6734078937001367f,0.6734078937001365f,-0.6336761278190479f,0.8949092913903997f,0.44452626370643533f,-0.03916326158951483f,0.6373908429038544f,-0.3257203444343647f,0.5906929909670013f,-0.738233057810348f,-13.981167143311339f,0f,0f,0f,1f],start_interpolation:0}
execute if entity @s[tag=aj.starscaller.bone.face30] run data modify entity @s {} merge value {transformation:[-0.30503051880867743f,0.6734078937001367f,0.6734078937001365f,-0.6336761278190479f,0.8949092913903997f,0.44452626370643533f,-0.03916326158951483f,0.6373908429038544f,-0.3257203444343647f,0.5906929909670013f,-0.738233057810348f,-13.981167143311339f,0f,0f,0f,1f],start_interpolation:0}
execute if entity @s[tag=aj.starscaller.bone.face31] run data modify entity @s {} merge value {transformation:[-0.30503051880867743f,0.6734078937001367f,0.6734078937001365f,-0.6336761278190479f,0.8949092913903997f,0.44452626370643533f,-0.03916326158951483f,0.6373908429038544f,-0.3257203444343647f,0.5906929909670013f,-0.738233057810348f,-13.981167143311339f,0f,0f,0f,1f],start_interpolation:0}
execute if entity @s[tag=aj.starscaller.bone.face32] run data modify entity @s {} merge value {transformation:[-0.30503051880867743f,0.6734078937001367f,0.6734078937001365f,-0.6336761278190479f,0.8949092913903997f,0.44452626370643533f,-0.03916326158951483f,0.6373908429038544f,-0.3257203444343647f,0.5906929909670013f,-0.738233057810348f,-13.981167143311339f,0f,0f,0f,1f],start_interpolation:0}
execute if entity @s[tag=aj.starscaller.bone.up8] run data modify entity @s {} merge value {transformation:[-0.30503051880867743f,0.6734078937001367f,0.6734078937001365f,-0.6336761278190479f,0.8949092913903997f,0.44452626370643533f,-0.03916326158951483f,0.6373908429038544f,-0.3257203444343647f,0.5906929909670013f,-0.738233057810348f,-13.981167143311339f,0f,0f,0f,1f],start_interpolation:0}
execute if entity @s[tag=aj.starscaller.bone.down8] run data modify entity @s {} merge value {transformation:[-0.30503051880867743f,0.6734078937001367f,0.6734078937001365f,-0.6336761278190479f,0.8949092913903997f,0.44452626370643533f,-0.03916326158951483f,0.6373908429038544f,-0.3257203444343647f,0.5906929909670013f,-0.738233057810348f,-13.981167143311339f,0f,0f,0f,1f],start_interpolation:0}
execute if entity @s[tag=aj.starscaller.bone.effects8] run data modify entity @s {} merge value {transformation:[-0.38482434189618586f,0.8495666287195119f,0.8495666287195118f,-0.6336761278190479f,1.1290112230773142f,0.5608111855643375f,-0.04940809341489565f,0.6373908429038544f,-0.41092647935262144f,0.7452140933286162f,-0.9313495965827088f,-13.981167143311339f,0f,0f,0f,1f],start_interpolation:0}
execute if entity @s[tag=aj.starscaller.locator_origin.starscaller_meteorite8] at @s on origin run tp @s ^0.09766 ^1.42644 ^-14.03321 ~42.37072 ~-2.24446
execute if entity @s[tag=aj.starscaller.bone.core9] run data modify entity @s {} merge value {transformation:[-0.7583619152887222f,-0.4609160473663405f,-0.4609160473663402f,0.42093637205706735f,-0.6125233416446243f,0.7457482144619074f,0.26205868916595704f,-0.807544031286441f,0.22294026415191076f,0.48105716698440965f,-0.8478688817929396f,-12.391076086176978f,0f,0f,0f,1f],start_interpolation:0}
execute if entity @s[tag=aj.starscaller.bone.face33] run data modify entity @s {} merge value {transformation:[-0.7583619152887222f,-0.4609160473663405f,-0.4609160473663402f,0.42093637205706735f,-0.6125233416446243f,0.7457482144619074f,0.26205868916595704f,-0.807544031286441f,0.22294026415191076f,0.48105716698440965f,-0.8478688817929396f,-12.391076086176978f,0f,0f,0f,1f],start_interpolation:0}
execute if entity @s[tag=aj.starscaller.bone.face34] run data modify entity @s {} merge value {transformation:[-0.7583619152887222f,-0.4609160473663405f,-0.4609160473663402f,0.42093637205706735f,-0.6125233416446243f,0.7457482144619074f,0.26205868916595704f,-0.807544031286441f,0.22294026415191076f,0.48105716698440965f,-0.8478688817929396f,-12.391076086176978f,0f,0f,0f,1f],start_interpolation:0}
execute if entity @s[tag=aj.starscaller.bone.face35] run data modify entity @s {} merge value {transformation:[-0.7583619152887222f,-0.4609160473663405f,-0.4609160473663402f,0.42093637205706735f,-0.6125233416446243f,0.7457482144619074f,0.26205868916595704f,-0.807544031286441f,0.22294026415191076f,0.48105716698440965f,-0.8478688817929396f,-12.391076086176978f,0f,0f,0f,1f],start_interpolation:0}
execute if entity @s[tag=aj.starscaller.bone.face36] run data modify entity @s {} merge value {transformation:[-0.7583619152887222f,-0.4609160473663405f,-0.4609160473663402f,0.42093637205706735f,-0.6125233416446243f,0.7457482144619074f,0.26205868916595704f,-0.807544031286441f,0.22294026415191076f,0.48105716698440965f,-0.8478688817929396f,-12.391076086176978f,0f,0f,0f,1f],start_interpolation:0}
execute if entity @s[tag=aj.starscaller.bone.up9] run data modify entity @s {} merge value {transformation:[-0.7583619152887222f,-0.4609160473663405f,-0.4609160473663402f,0.42093637205706735f,-0.6125233416446243f,0.7457482144619074f,0.26205868916595704f,-0.807544031286441f,0.22294026415191076f,0.48105716698440965f,-0.8478688817929396f,-12.391076086176978f,0f,0f,0f,1f],start_interpolation:0}
execute if entity @s[tag=aj.starscaller.bone.down9] run data modify entity @s {} merge value {transformation:[-0.7583619152887222f,-0.4609160473663405f,-0.4609160473663402f,0.42093637205706735f,-0.6125233416446243f,0.7457482144619074f,0.26205868916595704f,-0.807544031286441f,0.22294026415191076f,0.48105716698440965f,-0.8478688817929396f,-12.391076086176978f,0f,0f,0f,1f],start_interpolation:0}
execute if entity @s[tag=aj.starscaller.bone.effects9] run data modify entity @s {} merge value {transformation:[-0.9567440205980187f,-0.581488420535373f,-0.5814884205353725f,0.42093637205706735f,-0.7727551091118546f,0.9408306649819566f,0.3306113860027231f,-0.807544031286441f,0.2812598580938462f,0.606898314379265f,-1.06966537553206f,-12.391076086176978f,0f,0f,0f,1f],start_interpolation:0}
execute if entity @s[tag=aj.starscaller.locator_origin.starscaller_meteorite9] at @s on origin run tp @s ^-0.592 ^-0.33025 ^-12.28262 ~-28.52926 ~15.19225
execute if entity @s[tag=aj.starscaller.bone.meteorite_staff_effects] run data modify entity @s {} merge value {transformation:[-0.000007000000435046591f,7.51305468133462e-7f,-0.000007101797941570874f,-0.30368224228336205f,0.000006962866524055097f,0.0000029278886705143054f,-0.0000065533165421233f,5.833764456719207f,0.0000015869731180900476f,-0.000009532208979382833f,-0.0000025726461660774147f,-1.0488910040482744f,0f,0f,0f,1f],start_interpolation:0}
execute if entity @s[tag=aj.starscaller.bone.meteorite_staff] run data modify entity @s {} merge value {transformation:[-1.53726941076738f,0.11582625967057539f,-0.011097179855560366f,-0.3786017375249721f,0.04464598362489853f,0.4513828367042887f,-1.4734301415357516f,5.56381619469928f,-0.1074504815074716f,-1.4695488843215199f,-0.4534496462941598f,-0.20785466788508378f,0f,0f,0f,1f],start_interpolation:0}
execute if entity @s[tag=aj.starscaller.bone.right_arm2] run data modify entity @s {} merge value {transformation:[-0.9971477259031656f,0.0026956507851563574f,0.07542642900860215f,-0.3162552884671267f,0.02895955694588013f,0.9365339646364976f,0.34937870161723056f,5.778024183803394f,-0.06969760962646808f,0.3505664937627211f,-0.9339407779207782f,-0.12419328274138788f,0f,0f,0f,1f],start_interpolation:0}
execute if entity @s[tag=aj.starscaller.bone.right_arm] run data modify entity @s {} merge value {transformation:[-0.9971477259031656f,0.020729106730888507f,0.07257214934315123f,-0.31107301178440455f,0.02895955694588013f,0.9930282647864238f,0.11426377114712499f,6.02628125f,-0.06969760962646808f,0.11603951684406333f,-0.9907961817361595f,-0.09518340353037205f,0f,0f,0f,1f],start_interpolation:0}
execute if entity @s[tag=aj.starscaller.bone.left_arm2] run data modify entity @s {} merge value {transformation:[-0.9939322303950974f,-0.09689922319626647f,0.052050570849773416f,0.4543250320599317f,-0.09711451461072321f,0.9952719005231608f,-0.0016171211887425208f,5.803832496179489f,-0.05164777278596604f,-0.0066621747932328335f,-0.9986431409634142f,0.05015402057748162f,0f,0f,0f,1f],start_interpolation:0}
execute if entity @s[tag=aj.starscaller.bone.left_arm] run data modify entity @s {} merge value {transformation:[-0.9939322303950974f,-0.07413931495043265f,0.08125320523221038f,0.3115486745229364f,-0.09711451461072321f,0.9383522725874042f,-0.33175862246816973f,6.02628125f,-0.05164777278596604f,-0.3376364531692846f,-0.9398585707740897f,-0.04071106431308528f,0f,0f,0f,1f],start_interpolation:0}
execute if entity @s[tag=aj.starscaller.locator_origin.player_camera] at @s on origin run tp @s ^0.03837 ^4.96378 ^-0.50378 ~5 ~0
execute if entity @s[tag=aj.starscaller.bone.head] run data modify entity @s {} merge value {transformation:[-0.9961946980917454f,0.009978255713454318f,0.08658266516348988f,-0.005209402552462758f,0f,0.9934246721317241f,-0.11448764474814084f,6.17003125f,-0.08715574274765885f,-0.11405198469510917f,-0.9896443913311541f,-0.005685065290994579f,0f,0f,0f,1f],start_interpolation:0}
execute if entity @s[tag=aj.starscaller.bone.body_top] run data modify entity @s {} merge value {transformation:[-0.9961946980917454f,0f,0.08715574274765885f,-0.005209402552462758f,0f,1f,0f,5.77628125f,-0.08715574274765885f,0f,-0.9961946980917454f,-0.005685065290994579f,0f,0f,0f,1f],start_interpolation:0}
execute if entity @s[tag=aj.starscaller.bone.body] run data modify entity @s {} merge value {transformation:[-0.9961946980917454f,0f,0.08715574274765885f,-0.005209402552462758f,0f,1f,0f,5.33878125f,-0.08715574274765885f,0f,-0.9961946980917454f,-0.005685065290994579f,0f,0f,0f,1f],start_interpolation:0}
execute if entity @s[tag=aj.starscaller.bone.right_leg2] run data modify entity @s {} merge value {transformation:[-0.9888635897617118f,0.13429787055759673f,0.0641317612987189f,-0.17669990069310756f,0.13698587208348692f,0.9897843914738912f,0.03951872017392841f,5.06246521042976f,-0.058169336364681246f,0.04786376874373445f,-0.9971586573602712f,-0.05285789894162365f,0f,0f,0f,1f],start_interpolation:0}
execute if entity @s[tag=aj.starscaller.bone.right_leg] run data modify entity @s {} merge value {transformation:[-0.9888635897617118f,0.13068844766379584f,0.07119923097062328f,-0.12973373981393094f,0.13698587208348692f,0.9862707188041456f,0.09222223202178728f,5.41690625f,-0.058169336364681246f,0.1009484961590865f,-0.9931896744479936f,-0.016579533134451936f,0f,0f,0f,1f],start_interpolation:0}
execute if entity @s[tag=aj.starscaller.bone.left_leg2] run data modify entity @s {} merge value {transformation:[-0.9781784144537776f,-0.04413713174898568f,0.20302439040092282f,0.1672604453441466f,-0.10744053424129198f,0.9438339640165223f,-0.31246436592162646f,5.062208824085532f,-0.17783003429859487f,-0.32745894699920935f,-0.9279801274442948f,0.03747943020330771f,0f,0f,0f,1f],start_interpolation:0}
execute if entity @s[tag=aj.starscaller.bone.left_leg] run data modify entity @s {} merge value {transformation:[-0.9730950897696018f,-0.13341359481082762f,0.18784770157215874f,0.11931493470900542f,-0.14762979000362234f,0.9869841416750404f,-0.0637789086255803f,5.41690625f,-0.1768937290289763f,-0.08979485955017721f,-0.9801252429299978f,0.005209402552462779f,0f,0f,0f,1f],start_interpolation:0}