execute if entity @s[tag=aj.starscaller.bone.core] run data modify entity @s {} merge value {transformation:[-0.42294370886264704f,0.6407490222909076f,0.6407490222909077f,-1.35671352547756f,0.8515080664510056f,0.5228752185850125f,0.03918569328906263f,0.599114613470747f,-0.30992359042573336f,0.5621763035053333f,-0.7667497452720158f,-10.889886026058054f,0f,0f,0f,1f],start_interpolation:0}
execute if entity @s[tag=aj.starscaller.bone.face1] run data modify entity @s {} merge value {transformation:[-0.42294370886264704f,0.6407490222909076f,0.6407490222909077f,-1.35671352547756f,0.8515080664510056f,0.5228752185850125f,0.03918569328906263f,0.599114613470747f,-0.30992359042573336f,0.5621763035053333f,-0.7667497452720158f,-10.889886026058054f,0f,0f,0f,1f],start_interpolation:0}
execute if entity @s[tag=aj.starscaller.bone.face2] run data modify entity @s {} merge value {transformation:[-0.42294370886264704f,0.6407490222909076f,0.6407490222909077f,-1.35671352547756f,0.8515080664510056f,0.5228752185850125f,0.03918569328906263f,0.599114613470747f,-0.30992359042573336f,0.5621763035053333f,-0.7667497452720158f,-10.889886026058054f,0f,0f,0f,1f],start_interpolation:0}
execute if entity @s[tag=aj.starscaller.bone.face3] run data modify entity @s {} merge value {transformation:[-0.42294370886264704f,0.6407490222909076f,0.6407490222909077f,-1.35671352547756f,0.8515080664510056f,0.5228752185850125f,0.03918569328906263f,0.599114613470747f,-0.30992359042573336f,0.5621763035053333f,-0.7667497452720158f,-10.889886026058054f,0f,0f,0f,1f],start_interpolation:0}
execute if entity @s[tag=aj.starscaller.bone.face4] run data modify entity @s {} merge value {transformation:[-0.42294370886264704f,0.6407490222909076f,0.6407490222909077f,-1.35671352547756f,0.8515080664510056f,0.5228752185850125f,0.03918569328906263f,0.599114613470747f,-0.30992359042573336f,0.5621763035053333f,-0.7667497452720158f,-10.889886026058054f,0f,0f,0f,1f],start_interpolation:0}
execute if entity @s[tag=aj.starscaller.bone.up] run data modify entity @s {} merge value {transformation:[-0.42294370886264704f,0.6407490222909076f,0.6407490222909077f,-1.35671352547756f,0.8515080664510056f,0.5228752185850125f,0.03918569328906263f,0.599114613470747f,-0.30992359042573336f,0.5621763035053333f,-0.7667497452720158f,-10.889886026058054f,0f,0f,0f,1f],start_interpolation:0}
execute if entity @s[tag=aj.starscaller.bone.down] run data modify entity @s {} merge value {transformation:[-0.42294370886264704f,0.6407490222909076f,0.6407490222909077f,-1.35671352547756f,0.8515080664510056f,0.5228752185850125f,0.03918569328906263f,0.599114613470747f,-0.30992359042573336f,0.5621763035053333f,-0.7667497452720158f,-10.889886026058054f,0f,0f,0f,1f],start_interpolation:0}
execute if entity @s[tag=aj.starscaller.bone.effects] run data modify entity @s {} merge value {transformation:[-0.5335827872498444f,0.8083644278833011f,0.8083644278833012f,-1.35671352547756f,1.074256545119118f,0.6596556720673867f,0.049436393088153945f,0.599114613470747f,-0.3909974063890064f,0.7092376424201786f,-0.967326047491146f,-10.889886026058054f,0f,0f,0f,1f],start_interpolation:0}
execute if entity @s[tag=aj.starscaller.locator_origin.starscaller_meteorite1] at @s on origin run tp @s ^-0.7272 ^1.4693 ^-10.97145 ~39.88446 ~2.24575
execute if entity @s[tag=aj.starscaller.bone.core2] run data modify entity @s {} merge value {transformation:[0.8894032406380976f,-0.32323511221899315f,-0.3232351122189929f,1.4756693735545314f,-0.4295555605072895f,-0.34913080452750367f,-0.8328203298234537f,1.110590861904457f,0.15634543798818795f,0.8795605400191352f,-0.44936550875821424f,-11.076048156022068f,0f,0f,0f,1f],start_interpolation:0}
execute if entity @s[tag=aj.starscaller.bone.face5] run data modify entity @s {} merge value {transformation:[0.8894032406380976f,-0.32323511221899315f,-0.3232351122189929f,1.4756693735545314f,-0.4295555605072895f,-0.34913080452750367f,-0.8328203298234537f,1.110590861904457f,0.15634543798818795f,0.8795605400191352f,-0.44936550875821424f,-11.076048156022068f,0f,0f,0f,1f],start_interpolation:0}
execute if entity @s[tag=aj.starscaller.bone.face6] run data modify entity @s {} merge value {transformation:[0.8894032406380976f,-0.32323511221899315f,-0.3232351122189929f,1.4756693735545314f,-0.4295555605072895f,-0.34913080452750367f,-0.8328203298234537f,1.110590861904457f,0.15634543798818795f,0.8795605400191352f,-0.44936550875821424f,-11.076048156022068f,0f,0f,0f,1f],start_interpolation:0}
execute if entity @s[tag=aj.starscaller.bone.face7] run data modify entity @s {} merge value {transformation:[0.8894032406380976f,-0.32323511221899315f,-0.3232351122189929f,1.4756693735545314f,-0.4295555605072895f,-0.34913080452750367f,-0.8328203298234537f,1.110590861904457f,0.15634543798818795f,0.8795605400191352f,-0.44936550875821424f,-11.076048156022068f,0f,0f,0f,1f],start_interpolation:0}
execute if entity @s[tag=aj.starscaller.bone.face8] run data modify entity @s {} merge value {transformation:[0.8894032406380976f,-0.32323511221899315f,-0.3232351122189929f,1.4756693735545314f,-0.4295555605072895f,-0.34913080452750367f,-0.8328203298234537f,1.110590861904457f,0.15634543798818795f,0.8795605400191352f,-0.44936550875821424f,-11.076048156022068f,0f,0f,0f,1f],start_interpolation:0}
execute if entity @s[tag=aj.starscaller.bone.up2] run data modify entity @s {} merge value {transformation:[0.8894032406380976f,-0.32323511221899315f,-0.3232351122189929f,1.4756693735545314f,-0.4295555605072895f,-0.34913080452750367f,-0.8328203298234537f,1.110590861904457f,0.15634543798818795f,0.8795605400191352f,-0.44936550875821424f,-11.076048156022068f,0f,0f,0f,1f],start_interpolation:0}
execute if entity @s[tag=aj.starscaller.bone.down2] run data modify entity @s {} merge value {transformation:[0.8894032406380976f,-0.32323511221899315f,-0.3232351122189929f,1.4756693735545314f,-0.4295555605072895f,-0.34913080452750367f,-0.8328203298234537f,1.110590861904457f,0.15634543798818795f,0.8795605400191352f,-0.44936550875821424f,-11.076048156022068f,0f,0f,0f,1f],start_interpolation:0}
execute if entity @s[tag=aj.starscaller.bone.effects2] run data modify entity @s {} merge value {transformation:[1.1220648284494028f,-0.40779112799343686f,-0.4077911279934366f,1.4756693735545314f,-0.5419242524507761f,-0.4404609499820332f,-1.0506802289612662f,1.110590861904457f,0.1972442971190455f,1.1096473470676491f,-0.566916342843676f,-11.076048156022068f,0f,0f,0f,1f],start_interpolation:0}
execute if entity @s[tag=aj.starscaller.locator_origin.starscaller_meteorite2] at @s on origin run tp @s ^1.49612 ^0.19573 ^-10.50792 ~-35.72801 ~-56.38955
execute if entity @s[tag=aj.starscaller.bone.core3] run data modify entity @s {} merge value {transformation:[0.7545367772468868f,-0.46404431457668016f,-0.46404431457667994f,1.6415662505798896f,-0.6166805774279807f,-0.25951702637397517f,-0.743206551669925f,3.356528336923269f,0.22445337423387898f,0.8469437921911158f,-0.4819822565862334f,-12.425591431189865f,0f,0f,0f,1f],start_interpolation:0}
execute if entity @s[tag=aj.starscaller.bone.face9] run data modify entity @s {} merge value {transformation:[0.7545367772468868f,-0.46404431457668016f,-0.46404431457667994f,1.6415662505798896f,-0.6166805774279807f,-0.25951702637397517f,-0.743206551669925f,3.356528336923269f,0.22445337423387898f,0.8469437921911158f,-0.4819822565862334f,-12.425591431189865f,0f,0f,0f,1f],start_interpolation:0}
execute if entity @s[tag=aj.starscaller.bone.face10] run data modify entity @s {} merge value {transformation:[0.7545367772468868f,-0.46404431457668016f,-0.46404431457667994f,1.6415662505798896f,-0.6166805774279807f,-0.25951702637397517f,-0.743206551669925f,3.356528336923269f,0.22445337423387898f,0.8469437921911158f,-0.4819822565862334f,-12.425591431189865f,0f,0f,0f,1f],start_interpolation:0}
execute if entity @s[tag=aj.starscaller.bone.face11] run data modify entity @s {} merge value {transformation:[0.7545367772468868f,-0.46404431457668016f,-0.46404431457667994f,1.6415662505798896f,-0.6166805774279807f,-0.25951702637397517f,-0.743206551669925f,3.356528336923269f,0.22445337423387898f,0.8469437921911158f,-0.4819822565862334f,-12.425591431189865f,0f,0f,0f,1f],start_interpolation:0}
execute if entity @s[tag=aj.starscaller.bone.face12] run data modify entity @s {} merge value {transformation:[0.7545367772468868f,-0.46404431457668016f,-0.46404431457667994f,1.6415662505798896f,-0.6166805774279807f,-0.25951702637397517f,-0.743206551669925f,3.356528336923269f,0.22445337423387898f,0.8469437921911158f,-0.4819822565862334f,-12.425591431189865f,0f,0f,0f,1f],start_interpolation:0}
execute if entity @s[tag=aj.starscaller.bone.up3] run data modify entity @s {} merge value {transformation:[0.7545367772468868f,-0.46404431457668016f,-0.46404431457667994f,1.6415662505798896f,-0.6166805774279807f,-0.25951702637397517f,-0.743206551669925f,3.356528336923269f,0.22445337423387898f,0.8469437921911158f,-0.4819822565862334f,-12.425591431189865f,0f,0f,0f,1f],start_interpolation:0}
execute if entity @s[tag=aj.starscaller.bone.down3] run data modify entity @s {} merge value {transformation:[0.7545367772468868f,-0.46404431457668016f,-0.46404431457667994f,1.6415662505798896f,-0.6166805774279807f,-0.25951702637397517f,-0.743206551669925f,3.356528336923269f,0.22445337423387898f,0.8469437921911158f,-0.4819822565862334f,-12.425591431189865f,0f,0f,0f,1f],start_interpolation:0}
execute if entity @s[tag=aj.starscaller.bone.effects3] run data modify entity @s {} merge value {transformation:[0.9519182535391669f,-0.5854350202893781f,-0.5854350202893778f,1.6415662505798896f,-0.7779998483290502f,-0.3274048422278036f,-0.9376241212070363f,3.356528336923269f,0.2831687870553942f,1.068498289043117f,-0.6080654008682079f,-12.425591431189865f,0f,0f,0f,1f],start_interpolation:0}
execute if entity @s[tag=aj.starscaller.locator_origin.starscaller_meteorite3] at @s on origin run tp @s ^1.40978 ^2.46573 ^-11.86621 ~-43.91372 ~-48.00529
execute if entity @s[tag=aj.starscaller.bone.core4] run data modify entity @s {} merge value {transformation:[-0.3032734558133267f,0.6738045751547856f,0.6738045751547855f,-0.47019385664312274f,0.8954364517085499f,0.44335876031450305f,-0.040330764981447054f,0.521925186079887f,-0.3259122150988577f,0.5911179274500695f,-0.7378081213272797f,-9.797613599611816f,0f,0f,0f,1f],start_interpolation:0}
execute if entity @s[tag=aj.starscaller.bone.face13] run data modify entity @s {} merge value {transformation:[-0.3032734558133267f,0.6738045751547856f,0.6738045751547855f,-0.47019385664312274f,0.8954364517085499f,0.44335876031450305f,-0.040330764981447054f,0.521925186079887f,-0.3259122150988577f,0.5911179274500695f,-0.7378081213272797f,-9.797613599611816f,0f,0f,0f,1f],start_interpolation:0}
execute if entity @s[tag=aj.starscaller.bone.face14] run data modify entity @s {} merge value {transformation:[-0.3032734558133267f,0.6738045751547856f,0.6738045751547855f,-0.47019385664312274f,0.8954364517085499f,0.44335876031450305f,-0.040330764981447054f,0.521925186079887f,-0.3259122150988577f,0.5911179274500695f,-0.7378081213272797f,-9.797613599611816f,0f,0f,0f,1f],start_interpolation:0}
execute if entity @s[tag=aj.starscaller.bone.face15] run data modify entity @s {} merge value {transformation:[-0.3032734558133267f,0.6738045751547856f,0.6738045751547855f,-0.47019385664312274f,0.8954364517085499f,0.44335876031450305f,-0.040330764981447054f,0.521925186079887f,-0.3259122150988577f,0.5911179274500695f,-0.7378081213272797f,-9.797613599611816f,0f,0f,0f,1f],start_interpolation:0}
execute if entity @s[tag=aj.starscaller.bone.face16] run data modify entity @s {} merge value {transformation:[-0.3032734558133267f,0.6738045751547856f,0.6738045751547855f,-0.47019385664312274f,0.8954364517085499f,0.44335876031450305f,-0.040330764981447054f,0.521925186079887f,-0.3259122150988577f,0.5911179274500695f,-0.7378081213272797f,-9.797613599611816f,0f,0f,0f,1f],start_interpolation:0}
execute if entity @s[tag=aj.starscaller.bone.up4] run data modify entity @s {} merge value {transformation:[-0.3032734558133267f,0.6738045751547856f,0.6738045751547855f,-0.47019385664312274f,0.8954364517085499f,0.44335876031450305f,-0.040330764981447054f,0.521925186079887f,-0.3259122150988577f,0.5911179274500695f,-0.7378081213272797f,-9.797613599611816f,0f,0f,0f,1f],start_interpolation:0}
execute if entity @s[tag=aj.starscaller.bone.down4] run data modify entity @s {} merge value {transformation:[-0.3032734558133267f,0.6738045751547856f,0.6738045751547855f,-0.47019385664312274f,0.8954364517085499f,0.44335876031450305f,-0.040330764981447054f,0.521925186079887f,-0.3259122150988577f,0.5911179274500695f,-0.7378081213272797f,-9.797613599611816f,0f,0f,0f,1f],start_interpolation:0}
execute if entity @s[tag=aj.starscaller.bone.effects4] run data modify entity @s {} merge value {transformation:[-0.3826076436671143f,0.8500670792328702f,0.8500670792328701f,-0.47019385664312274f,1.1296762848006403f,0.5593382715548915f,-0.05088100742434165f,0.521925186079887f,-0.41116854202386194f,0.7457501901856882f,-0.9308134997256367f,-9.797613599611816f,0f,0f,0f,1f],start_interpolation:0}
execute if entity @s[tag=aj.starscaller.locator_origin.starscaller_meteorite4] at @s on origin run tp @s ^0.26254 ^1.30971 ^-9.84919 ~42.40395 ~-2.31141
execute if entity @s[tag=aj.starscaller.bone.core5] run data modify entity @s {} merge value {transformation:[0.3317495417533521f,-0.6670615569594913f,-0.6670615569594909f,2.7470204847505557f,-0.8864754791814431f,0.021409458794985736f,-0.4622800665009643f,0.07838010556646413f,0.3226506878289136f,0.7446949135725884f,-0.584231135204761f,-10.966398608344612f,0f,0f,0f,1f],start_interpolation:0}
execute if entity @s[tag=aj.starscaller.bone.face17] run data modify entity @s {} merge value {transformation:[0.3317495417533521f,-0.6670615569594913f,-0.6670615569594909f,2.7470204847505557f,-0.8864754791814431f,0.021409458794985736f,-0.4622800665009643f,0.07838010556646413f,0.3226506878289136f,0.7446949135725884f,-0.584231135204761f,-10.966398608344612f,0f,0f,0f,1f],start_interpolation:0}
execute if entity @s[tag=aj.starscaller.bone.face18] run data modify entity @s {} merge value {transformation:[0.3317495417533521f,-0.6670615569594913f,-0.6670615569594909f,2.7470204847505557f,-0.8864754791814431f,0.021409458794985736f,-0.4622800665009643f,0.07838010556646413f,0.3226506878289136f,0.7446949135725884f,-0.584231135204761f,-10.966398608344612f,0f,0f,0f,1f],start_interpolation:0}
execute if entity @s[tag=aj.starscaller.bone.face19] run data modify entity @s {} merge value {transformation:[0.3317495417533521f,-0.6670615569594913f,-0.6670615569594909f,2.7470204847505557f,-0.8864754791814431f,0.021409458794985736f,-0.4622800665009643f,0.07838010556646413f,0.3226506878289136f,0.7446949135725884f,-0.584231135204761f,-10.966398608344612f,0f,0f,0f,1f],start_interpolation:0}
execute if entity @s[tag=aj.starscaller.bone.face20] run data modify entity @s {} merge value {transformation:[0.3317495417533521f,-0.6670615569594913f,-0.6670615569594909f,2.7470204847505557f,-0.8864754791814431f,0.021409458794985736f,-0.4622800665009643f,0.07838010556646413f,0.3226506878289136f,0.7446949135725884f,-0.584231135204761f,-10.966398608344612f,0f,0f,0f,1f],start_interpolation:0}
execute if entity @s[tag=aj.starscaller.bone.up5] run data modify entity @s {} merge value {transformation:[0.3317495417533521f,-0.6670615569594913f,-0.6670615569594909f,2.7470204847505557f,-0.8864754791814431f,0.021409458794985736f,-0.4622800665009643f,0.07838010556646413f,0.3226506878289136f,0.7446949135725884f,-0.584231135204761f,-10.966398608344612f,0f,0f,0f,1f],start_interpolation:0}
execute if entity @s[tag=aj.starscaller.bone.down5] run data modify entity @s {} merge value {transformation:[0.3317495417533521f,-0.6670615569594913f,-0.6670615569594909f,2.7470204847505557f,-0.8864754791814431f,0.021409458794985736f,-0.4622800665009643f,0.07838010556646413f,0.3226506878289136f,0.7446949135725884f,-0.584231135204761f,-10.966398608344612f,0f,0f,0f,1f],start_interpolation:0}
execute if entity @s[tag=aj.starscaller.bone.effects5] run data modify entity @s {} merge value {transformation:[0.4185328719834416f,-0.8415601352407325f,-0.8415601352407318f,2.7470204847505557f,-1.1183711853339977f,0.027010021565420872f,-0.5832092574138121f,0.07838010556646413f,0.40705382232258525f,0.939501828040873f,-0.7370618618704521f,-10.966398608344612f,0f,0f,0f,1f],start_interpolation:0}
execute if entity @s[tag=aj.starscaller.locator_origin.starscaller_meteorite5] at @s on origin run tp @s ^2.03738 ^-0.5786 ^-10.49212 ~-48.78722 ~-27.53433
execute if entity @s[tag=aj.starscaller.bone.core6] run data modify entity @s {} merge value {transformation:[0.8404484010944382f,0.38317521129230303f,0.38317521129230314f,-1.96247311901568f,0.5092115195321063f,-0.3166021237858613f,-0.8002916490818113f,-0.057948989911148274f,-0.18533783605514942f,0.8677210684692291f,-0.46120498030812007f,-11.315845540204794f,0f,0f,0f,1f],start_interpolation:0}
execute if entity @s[tag=aj.starscaller.bone.face21] run data modify entity @s {} merge value {transformation:[0.8404484010944382f,0.38317521129230303f,0.38317521129230314f,-1.96247311901568f,0.5092115195321063f,-0.3166021237858613f,-0.8002916490818113f,-0.057948989911148274f,-0.18533783605514942f,0.8677210684692291f,-0.46120498030812007f,-11.315845540204794f,0f,0f,0f,1f],start_interpolation:0}
execute if entity @s[tag=aj.starscaller.bone.face22] run data modify entity @s {} merge value {transformation:[0.8404484010944382f,0.38317521129230303f,0.38317521129230314f,-1.96247311901568f,0.5092115195321063f,-0.3166021237858613f,-0.8002916490818113f,-0.057948989911148274f,-0.18533783605514942f,0.8677210684692291f,-0.46120498030812007f,-11.315845540204794f,0f,0f,0f,1f],start_interpolation:0}
execute if entity @s[tag=aj.starscaller.bone.face23] run data modify entity @s {} merge value {transformation:[0.8404484010944382f,0.38317521129230303f,0.38317521129230314f,-1.96247311901568f,0.5092115195321063f,-0.3166021237858613f,-0.8002916490818113f,-0.057948989911148274f,-0.18533783605514942f,0.8677210684692291f,-0.46120498030812007f,-11.315845540204794f,0f,0f,0f,1f],start_interpolation:0}
execute if entity @s[tag=aj.starscaller.bone.face24] run data modify entity @s {} merge value {transformation:[0.8404484010944382f,0.38317521129230303f,0.38317521129230314f,-1.96247311901568f,0.5092115195321063f,-0.3166021237858613f,-0.8002916490818113f,-0.057948989911148274f,-0.18533783605514942f,0.8677210684692291f,-0.46120498030812007f,-11.315845540204794f,0f,0f,0f,1f],start_interpolation:0}
execute if entity @s[tag=aj.starscaller.bone.up6] run data modify entity @s {} merge value {transformation:[0.8404484010944382f,0.38317521129230303f,0.38317521129230314f,-1.96247311901568f,0.5092115195321063f,-0.3166021237858613f,-0.8002916490818113f,-0.057948989911148274f,-0.18533783605514942f,0.8677210684692291f,-0.46120498030812007f,-11.315845540204794f,0f,0f,0f,1f],start_interpolation:0}
execute if entity @s[tag=aj.starscaller.bone.down6] run data modify entity @s {} merge value {transformation:[0.8404484010944382f,0.38317521129230303f,0.38317521129230314f,-0.9843201867622036f,0.5092115195321063f,-0.3166021237858613f,-0.8002916490818113f,-0.5361797743417462f,-0.18533783605514942f,0.8677210684692291f,-0.46120498030812007f,-11.163399908418485f,0f,0f,0f,1f],start_interpolation:0}
execute if entity @s[tag=aj.starscaller.bone.effects6] run data modify entity @s {} merge value {transformation:[1.0603037496445689f,0.4834111324086228f,0.483411132408623f,-1.96247311901568f,0.6424176461267753f,-0.39942299676986576f,-1.0096422757490988f,-0.057948989911148274f,-0.23382090115750445f,1.094710753623211f,-0.5818529362881137f,-11.315845540204794f,0f,0f,0f,1f],start_interpolation:0}
execute if entity @s[tag=aj.starscaller.locator_origin.starscaller_meteorite6] at @s on origin run tp @s ^-1.03933 ^-0.46073 ^-10.93409 ~39.72025 ~-53.15796
execute if entity @s[tag=aj.starscaller.bone.core7] run data modify entity @s {} merge value {transformation:[-0.16827432841965934f,-0.6970235829564568f,-0.6970235829564564f,1.5069545933293704f,-0.926292796002955f,0.35365683183667485f,-0.13003269345927526f,4.017073085182252f,0.3371430059602908f,0.6237667593722749f,-0.7051592894050747f,-11.069743599098699f,0f,0f,0f,1f],start_interpolation:0}
execute if entity @s[tag=aj.starscaller.bone.face25] run data modify entity @s {} merge value {transformation:[-0.16827432841965934f,-0.6970235829564568f,-0.6970235829564564f,2.5152234850521835f,-0.926292796002955f,0.35365683183667485f,-0.13003269345927526f,4.246471205070004f,0.3371430059602908f,0.6237667593722749f,-0.7051592894050747f,-11.419281929797878f,0f,0f,0f,1f],start_interpolation:0}
execute if entity @s[tag=aj.starscaller.bone.face26] run data modify entity @s {} merge value {transformation:[-0.16827432841965934f,-0.6970235829564568f,-0.6970235829564564f,2.5152234850521835f,-0.926292796002955f,0.35365683183667485f,-0.13003269345927526f,4.246471205070004f,0.3371430059602908f,0.6237667593722749f,-0.7051592894050747f,-11.419281929797878f,0f,0f,0f,1f],start_interpolation:0}
execute if entity @s[tag=aj.starscaller.bone.face27] run data modify entity @s {} merge value {transformation:[-0.16827432841965934f,-0.6970235829564568f,-0.6970235829564564f,2.5152234850521835f,-0.926292796002955f,0.35365683183667485f,-0.13003269345927526f,4.246471205070004f,0.3371430059602908f,0.6237667593722749f,-0.7051592894050747f,-11.419281929797878f,0f,0f,0f,1f],start_interpolation:0}
execute if entity @s[tag=aj.starscaller.bone.face28] run data modify entity @s {} merge value {transformation:[-0.16827432841965934f,-0.6970235829564568f,-0.6970235829564564f,2.5152234850521835f,-0.926292796002955f,0.35365683183667485f,-0.13003269345927526f,4.246471205070004f,0.3371430059602908f,0.6237667593722749f,-0.7051592894050747f,-11.419281929797878f,0f,0f,0f,1f],start_interpolation:0}
execute if entity @s[tag=aj.starscaller.bone.up7] run data modify entity @s {} merge value {transformation:[-0.16827432841965934f,-0.6970235829564568f,-0.6970235829564564f,2.5152234850521835f,-0.926292796002955f,0.35365683183667485f,-0.13003269345927526f,4.246471205070004f,0.3371430059602908f,0.6237667593722749f,-0.7051592894050747f,-11.419281929797878f,0f,0f,0f,1f],start_interpolation:0}
execute if entity @s[tag=aj.starscaller.bone.down7] run data modify entity @s {} merge value {transformation:[-0.16827432841965934f,-0.6970235829564568f,-0.6970235829564564f,2.5152234850521835f,-0.926292796002955f,0.35365683183667485f,-0.13003269345927526f,4.246471205070004f,0.3371430059602908f,0.6237667593722749f,-0.7051592894050747f,-11.419281929797878f,0f,0f,0f,1f],start_interpolation:0}
execute if entity @s[tag=aj.starscaller.bone.effects7] run data modify entity @s {} merge value {transformation:[-0.21229370079108256f,-0.8793600150074866f,-0.8793600150074861f,2.5152234850521835f,-1.1686044301966896f,0.44617095397592343f,-0.16404832500330965f,4.246471205070004f,0.42533722822321063f,0.786939725276183f,-0.8896239646351423f,-11.419281929797878f,0f,0f,0f,1f],start_interpolation:0}
execute if entity @s[tag=aj.starscaller.locator_origin.starscaller_meteorite7] at @s on origin run tp @s ^1.51624 ^4.00565 ^-11.09648 ~-44.66756 ~-7.47148
execute if entity @s[tag=aj.starscaller.bone.core8] run data modify entity @s {} merge value {transformation:[0.3317495417533521f,0.6670615569594911f,0.6670615569594911f,-0.4595010735947168f,0.8864754791814431f,0.021409458794985736f,-0.4622800665009643f,2.3848503450553196f,-0.32265068782891343f,0.7446949135725887f,-0.5842311352047608f,-11.273796235501438f,0f,0f,0f,1f],start_interpolation:0}
execute if entity @s[tag=aj.starscaller.bone.face29] run data modify entity @s {} merge value {transformation:[0.3317495417533521f,0.6670615569594911f,0.6670615569594911f,-0.4595010735947168f,0.8864754791814431f,0.021409458794985736f,-0.4622800665009643f,2.3848503450553196f,-0.32265068782891343f,0.7446949135725887f,-0.5842311352047608f,-11.273796235501438f,0f,0f,0f,1f],start_interpolation:0}
execute if entity @s[tag=aj.starscaller.bone.face30] run data modify entity @s {} merge value {transformation:[0.3317495417533521f,0.6670615569594911f,0.6670615569594911f,-0.4595010735947168f,0.8864754791814431f,0.021409458794985736f,-0.4622800665009643f,2.3848503450553196f,-0.32265068782891343f,0.7446949135725887f,-0.5842311352047608f,-11.273796235501438f,0f,0f,0f,1f],start_interpolation:0}
execute if entity @s[tag=aj.starscaller.bone.face31] run data modify entity @s {} merge value {transformation:[0.3317495417533521f,0.6670615569594911f,0.6670615569594911f,-0.4595010735947168f,0.8864754791814431f,0.021409458794985736f,-0.4622800665009643f,2.3848503450553196f,-0.32265068782891343f,0.7446949135725887f,-0.5842311352047608f,-11.273796235501438f,0f,0f,0f,1f],start_interpolation:0}
execute if entity @s[tag=aj.starscaller.bone.face32] run data modify entity @s {} merge value {transformation:[0.3317495417533521f,0.6670615569594911f,0.6670615569594911f,-0.4595010735947168f,0.8864754791814431f,0.021409458794985736f,-0.4622800665009643f,2.3848503450553196f,-0.32265068782891343f,0.7446949135725887f,-0.5842311352047608f,-11.273796235501438f,0f,0f,0f,1f],start_interpolation:0}
execute if entity @s[tag=aj.starscaller.bone.up8] run data modify entity @s {} merge value {transformation:[0.3317495417533521f,0.6670615569594911f,0.6670615569594911f,-0.4595010735947168f,0.8864754791814431f,0.021409458794985736f,-0.4622800665009643f,2.3848503450553196f,-0.32265068782891343f,0.7446949135725887f,-0.5842311352047608f,-11.273796235501438f,0f,0f,0f,1f],start_interpolation:0}
execute if entity @s[tag=aj.starscaller.bone.down8] run data modify entity @s {} merge value {transformation:[0.3317495417533521f,0.6670615569594911f,0.6670615569594911f,-0.4595010735947168f,0.8864754791814431f,0.021409458794985736f,-0.4622800665009643f,2.3848503450553196f,-0.32265068782891343f,0.7446949135725887f,-0.5842311352047608f,-11.273796235501438f,0f,0f,0f,1f],start_interpolation:0}
execute if entity @s[tag=aj.starscaller.bone.effects8] run data modify entity @s {} merge value {transformation:[0.4185328719834416f,0.8415601352407321f,0.8415601352407321f,-0.4595010735947168f,1.1183711853339977f,0.027010021565420872f,-0.5832092574138121f,2.3848503450553196f,-0.407053822322585f,0.9395018280408733f,-0.7370618618704518f,-11.273796235501438f,0f,0f,0f,1f],start_interpolation:0}
execute if entity @s[tag=aj.starscaller.locator_origin.starscaller_meteorite8] at @s on origin run tp @s ^0.58189 ^2.61434 ^-11.12217 ~48.78722 ~-27.53433
execute if entity @s[tag=aj.starscaller.bone.core9] run data modify entity @s {} merge value {transformation:[-0.27458861818493185f,-0.67992686767155f,-0.6799268676715498f,0.7658969197615001f,-0.9035725257123126f,0.4242987463498419f,-0.0593907789461085f,0.7834622782738057f,0.32887350386001424f,0.5980552051979044f,-0.7308708435794451f,-9.62676087320796f,0f,0f,0f,1f],start_interpolation:0}
execute if entity @s[tag=aj.starscaller.bone.face33] run data modify entity @s {} merge value {transformation:[-0.27458861818493185f,-0.67992686767155f,-0.6799268676715498f,0.7658969197615001f,-0.9035725257123126f,0.4242987463498419f,-0.0593907789461085f,0.7834622782738057f,0.32887350386001424f,0.5980552051979044f,-0.7308708435794451f,-9.62676087320796f,0f,0f,0f,1f],start_interpolation:0}
execute if entity @s[tag=aj.starscaller.bone.face34] run data modify entity @s {} merge value {transformation:[-0.27458861818493185f,-0.67992686767155f,-0.6799268676715498f,0.7658969197615001f,-0.9035725257123126f,0.4242987463498419f,-0.0593907789461085f,0.7834622782738057f,0.32887350386001424f,0.5980552051979044f,-0.7308708435794451f,-9.62676087320796f,0f,0f,0f,1f],start_interpolation:0}
execute if entity @s[tag=aj.starscaller.bone.face35] run data modify entity @s {} merge value {transformation:[-0.27458861818493185f,-0.67992686767155f,-0.6799268676715498f,0.7658969197615001f,-0.9035725257123126f,0.4242987463498419f,-0.0593907789461085f,0.7834622782738057f,0.32887350386001424f,0.5980552051979044f,-0.7308708435794451f,-9.62676087320796f,0f,0f,0f,1f],start_interpolation:0}
execute if entity @s[tag=aj.starscaller.bone.face36] run data modify entity @s {} merge value {transformation:[-0.27458861818493185f,-0.67992686767155f,-0.6799268676715498f,0.7658969197615001f,-0.9035725257123126f,0.4242987463498419f,-0.0593907789461085f,0.7834622782738057f,0.32887350386001424f,0.5980552051979044f,-0.7308708435794451f,-9.62676087320796f,0f,0f,0f,1f],start_interpolation:0}
execute if entity @s[tag=aj.starscaller.bone.up9] run data modify entity @s {} merge value {transformation:[-0.27458861818493185f,-0.67992686767155f,-0.6799268676715498f,0.7658969197615001f,-0.9035725257123126f,0.4242987463498419f,-0.0593907789461085f,0.7834622782738057f,0.32887350386001424f,0.5980552051979044f,-0.7308708435794451f,-9.62676087320796f,0f,0f,0f,1f],start_interpolation:0}
execute if entity @s[tag=aj.starscaller.bone.down9] run data modify entity @s {} merge value {transformation:[-0.27458861818493185f,-0.67992686767155f,-0.6799268676715498f,0.7658969197615001f,-0.9035725257123126f,0.4242987463498419f,-0.0593907789461085f,0.7834622782738057f,0.32887350386001424f,0.5980552051979044f,-0.7308708435794451f,-9.62676087320796f,0f,0f,0f,1f],start_interpolation:0}
execute if entity @s[tag=aj.starscaller.bone.effects9] run data modify entity @s {} merge value {transformation:[-0.34641905569939785f,-0.8577909201057814f,-0.8577909201057812f,0.7658969197615001f,-1.1399406981332632f,0.5352922929455072f,-0.07492698603372629f,0.7834622782738057f,0.4149044829491416f,0.754502210653306f,-0.9220614792580192f,-9.62676087320796f,0f,0f,0f,1f],start_interpolation:0}
execute if entity @s[tag=aj.starscaller.locator_origin.starscaller_meteorite9] at @s on origin run tp @s ^-0.3063 ^0.67324 ^-9.30446 ~-42.93195 ~-3.40484
execute if entity @s[tag=aj.starscaller.bone.meteorite_staff_effects] run data modify entity @s {} merge value {transformation:[-0.0000069018719653111395f,7.248705787421824e-7f,-0.00000719991152852076f,-0.30538203099649075f,0.0000072303206493304f,0.0000010954841113474514f,-0.0000068207314761432816f,5.502781002609432f,2.9432411100448333e-7f,-0.000009913348435612421f,-0.000001280193779012444f,-1.0913677567163904f,0f,0f,0f,1f],start_interpolation:0}
execute if entity @s[tag=aj.starscaller.bone.meteorite_staff] run data modify entity @s {} merge value {transformation:[-1.537267788360763f,0.11175088088941977f,-0.03248997691530732f,-0.3781133734570645f,0.04465025595360208f,0.16888713383273207f,-1.5317374454455808f,5.394827479425726f,-0.10747191550724455f,-1.5283078838235813f,-0.17164180939095264f,-0.21450784638991882f,0f,0f,0f,1f],start_interpolation:0}
execute if entity @s[tag=aj.starscaller.bone.right_arm2] run data modify entity @s {} merge value {transformation:[-0.9971466735313059f,0.0027967835510819914f,0.07543665864299377f,-0.3157437033728761f,0.02896232818612027f,0.9370120361754207f,0.34809427976976515f,5.609143498495657f,-0.06971151276145593f,0.34928587441257974f,-0.9344194362941883f,-0.13114095911493906f,0f,0f,0f,1f],start_interpolation:0}
execute if entity @s[tag=aj.starscaller.bone.right_arm] run data modify entity @s {} merge value {transformation:[-0.9971466735313059f,0.01868276635388612f,0.07314004174744003f,-0.31107301178440455f,0.02896232818612027f,0.989426006017373f,0.1421174238527738f,5.8565f,-0.06971151276145593f,0.14383022233826798f,-0.9871439470161552f,-0.09518340353037205f,0f,0f,0f,1f],start_interpolation:0}
execute if entity @s[tag=aj.starscaller.bone.left_arm2] run data modify entity @s {} merge value {transformation:[-0.9915896381824161f,-0.12371672661071642f,0.038002118440873686f,0.46083217012620187f,-0.12232592920116218f,0.9918008909450547f,0.036977828027993265f,5.637543782551756f,-0.042265310768255335f,0.03201818666515688f,-0.9985932501415868f,0.04815744969062267f,0f,0f,0f,1f],start_interpolation:0}
execute if entity @s[tag=aj.starscaller.bone.left_arm] run data modify entity @s {} merge value {transformation:[-0.9915896381824161f,-0.10133916332185391f,0.08050070450928712f,0.3115486745229364f,-0.12232592920116218f,0.9369878343935558f,-0.32724633725000896f,5.8565f,-0.042265310768255335f,-0.3343414006307041f,-0.9415038350054458f,-0.04071106431308528f,0f,0f,0f,1f],start_interpolation:0}
execute if entity @s[tag=aj.starscaller.locator_origin.player_camera] at @s on origin run tp @s ^0.03837 ^4.794 ^-0.50378 ~5 ~0
execute if entity @s[tag=aj.starscaller.bone.head] run data modify entity @s {} merge value {transformation:[-0.9961946980917454f,0.011060543082490657f,0.08645107217736779f,-0.005209402552462758f,0f,0.9919148119438179f,-0.12690549966987416f,6.000249999999999f,-0.08715574274765885f,-0.1264225859298124f,-0.9881402766171021f,-0.005685065290994579f,0f,0f,0f,1f],start_interpolation:0}
execute if entity @s[tag=aj.starscaller.bone.body_top] run data modify entity @s {} merge value {transformation:[-0.9961946980917454f,0f,0.08715574274765885f,-0.005209402552462758f,0f,1f,0f,5.6065f,-0.08715574274765885f,0f,-0.9961946980917454f,-0.005685065290994579f,0f,0f,0f,1f],start_interpolation:0}
execute if entity @s[tag=aj.starscaller.bone.body] run data modify entity @s {} merge value {transformation:[-0.9961946980917454f,0f,0.08715574274765885f,-0.005209402552462758f,0f,1f,0f,5.169f,-0.08715574274765885f,0f,-0.9961946980917454f,-0.005685065290994579f,0f,0f,0f,1f],start_interpolation:0}
execute if entity @s[tag=aj.starscaller.bone.right_leg2] run data modify entity @s {} merge value {transformation:[-0.9880225889279002f,0.13678501773826898f,0.0714228443185441f,-0.17675399395511968f,0.14243936139674643f,0.9864674524384762f,0.08119725121227815f,4.895940546091163f,-0.05934974383345394f,0.09039814269045686f,-0.9941356968266551f,-0.07665420049308302f,0f,0f,0f,1f],start_interpolation:0}
execute if entity @s[tag=aj.starscaller.bone.right_leg] run data modify entity @s {} merge value {transformation:[-0.9880225889279002f,0.13083896804504694f,0.08180787375990609f,-0.12973373981393094f,0.14243936139674643f,0.9772089152245891f,0.15739683710439972f,5.247125f,-0.05934974383345394f,0.1671642917805387f,-0.9841411013977692f,-0.016579533134451936f,0f,0f,0f,1f],start_interpolation:0}
execute if entity @s[tag=aj.starscaller.bone.left_leg2] run data modify entity @s {} merge value {transformation:[-0.9762280275489512f,-0.025656893826203647f,0.21522212253175751f,0.1770301723948845f,-0.10726312492081976f,0.9200400246593022f,-0.3768567036117723f,4.895223151058233f,-0.18834399448908523f,-0.3909834738503682f,-0.9009208971467993f,0.04975635166493251f,0f,0f,0f,1f],start_interpolation:0}
execute if entity @s[tag=aj.starscaller.bone.left_leg] run data modify entity @s {} merge value {transformation:[-0.9675166718334353f,-0.16059892225635913f,0.19524209560043232f,0.11931493470900542f,-0.18102146524800175f,0.979205144881436f,-0.09158882768762039f,5.247125f,-0.17647299749202128f,-0.12395672796513317f,-0.9764691550419599f,0.005209402552462779f,0f,0f,0f,1f],start_interpolation:0}