execute if entity @s[tag=aj.starscaller.bone.core] run data modify entity @s {} merge value {transformation:[-0.1455766857457355f,0.6995739519762321f,0.6995739519762321f,-1.751312631169212f,0.9296820478273289f,0.3385750875390662f,-0.1451144377568837f,1.267223474813393f,-0.3383765927407954f,0.6292560653774182f,-0.6996699833999309f,-10.10914348096407f,0f,0f,0f,1f],start_interpolation:0}
execute if entity @s[tag=aj.starscaller.bone.face1] run data modify entity @s {} merge value {transformation:[-0.1455766857457355f,0.6995739519762321f,0.6995739519762321f,-1.751312631169212f,0.9296820478273289f,0.3385750875390662f,-0.1451144377568837f,1.267223474813393f,-0.3383765927407954f,0.6292560653774182f,-0.6996699833999309f,-10.10914348096407f,0f,0f,0f,1f],start_interpolation:0}
execute if entity @s[tag=aj.starscaller.bone.face2] run data modify entity @s {} merge value {transformation:[-0.1455766857457355f,0.6995739519762321f,0.6995739519762321f,-1.751312631169212f,0.9296820478273289f,0.3385750875390662f,-0.1451144377568837f,1.267223474813393f,-0.3383765927407954f,0.6292560653774182f,-0.6996699833999309f,-10.10914348096407f,0f,0f,0f,1f],start_interpolation:0}
execute if entity @s[tag=aj.starscaller.bone.face3] run data modify entity @s {} merge value {transformation:[-0.1455766857457355f,0.6995739519762321f,0.6995739519762321f,-1.751312631169212f,0.9296820478273289f,0.3385750875390662f,-0.1451144377568837f,1.267223474813393f,-0.3383765927407954f,0.6292560653774182f,-0.6996699833999309f,-10.10914348096407f,0f,0f,0f,1f],start_interpolation:0}
execute if entity @s[tag=aj.starscaller.bone.face4] run data modify entity @s {} merge value {transformation:[-0.1455766857457355f,0.6995739519762321f,0.6995739519762321f,-1.751312631169212f,0.9296820478273289f,0.3385750875390662f,-0.1451144377568837f,1.267223474813393f,-0.3383765927407954f,0.6292560653774182f,-0.6996699833999309f,-10.10914348096407f,0f,0f,0f,1f],start_interpolation:0}
execute if entity @s[tag=aj.starscaller.bone.up] run data modify entity @s {} merge value {transformation:[-0.1455766857457355f,0.6995739519762321f,0.6995739519762321f,-1.751312631169212f,0.9296820478273289f,0.3385750875390662f,-0.1451144377568837f,1.267223474813393f,-0.3383765927407954f,0.6292560653774182f,-0.6996699833999309f,-10.10914348096407f,0f,0f,0f,1f],start_interpolation:0}
execute if entity @s[tag=aj.starscaller.bone.down] run data modify entity @s {} merge value {transformation:[-0.1455766857457355f,0.6995739519762321f,0.6995739519762321f,-1.751312631169212f,0.9296820478273289f,0.3385750875390662f,-0.1451144377568837f,1.267223474813393f,-0.3383765927407954f,0.6292560653774182f,-0.6996699833999309f,-10.10914348096407f,0f,0f,0f,1f],start_interpolation:0}
execute if entity @s[tag=aj.starscaller.bone.effects] run data modify entity @s {} merge value {transformation:[-0.18365851556862922f,0.8825775424977211f,0.8825775424977211f,-1.751312631169212f,1.1728802862911194f,0.4271439321990825f,-0.18307534678015036f,1.267223474813393f,-0.4268935125675889f,0.7938649948496876f,-0.8826986950616371f,-10.10914348096407f,0f,0f,0f,1f],start_interpolation:0}
execute if entity @s[tag=aj.starscaller.locator_origin.starscaller_meteorite1] at @s on origin run tp @s ^-0.90591 ^1.9346 ^-10.1169 ~44.99607 ~-8.34391
execute if entity @s[tag=aj.starscaller.bone.core2] run data modify entity @s {} merge value {transformation:[0.955202971953735f,-0.20926930301737123f,-0.20926930301737084f,1.4068143027409297f,-0.2781034279892649f,-0.3928522930014542f,-0.8765418182974043f,1.4415302344056151f,0.10122136983548674f,0.8954738604214662f,-0.43345218835588334f,-10.172585953087033f,0f,0f,0f,1f],start_interpolation:0}
execute if entity @s[tag=aj.starscaller.bone.face5] run data modify entity @s {} merge value {transformation:[0.955202971953735f,-0.20926930301737123f,-0.20926930301737084f,1.4068143027409297f,-0.2781034279892649f,-0.3928522930014542f,-0.8765418182974043f,1.4415302344056151f,0.10122136983548674f,0.8954738604214662f,-0.43345218835588334f,-10.172585953087033f,0f,0f,0f,1f],start_interpolation:0}
execute if entity @s[tag=aj.starscaller.bone.face6] run data modify entity @s {} merge value {transformation:[0.955202971953735f,-0.20926930301737123f,-0.20926930301737084f,1.4068143027409297f,-0.2781034279892649f,-0.3928522930014542f,-0.8765418182974043f,1.4415302344056151f,0.10122136983548674f,0.8954738604214662f,-0.43345218835588334f,-10.172585953087033f,0f,0f,0f,1f],start_interpolation:0}
execute if entity @s[tag=aj.starscaller.bone.face7] run data modify entity @s {} merge value {transformation:[0.955202971953735f,-0.20926930301737123f,-0.20926930301737084f,1.4068143027409297f,-0.2781034279892649f,-0.3928522930014542f,-0.8765418182974043f,1.4415302344056151f,0.10122136983548674f,0.8954738604214662f,-0.43345218835588334f,-10.172585953087033f,0f,0f,0f,1f],start_interpolation:0}
execute if entity @s[tag=aj.starscaller.bone.face8] run data modify entity @s {} merge value {transformation:[0.955202971953735f,-0.20926930301737123f,-0.20926930301737084f,1.4068143027409297f,-0.2781034279892649f,-0.3928522930014542f,-0.8765418182974043f,1.4415302344056151f,0.10122136983548674f,0.8954738604214662f,-0.43345218835588334f,-10.172585953087033f,0f,0f,0f,1f],start_interpolation:0}
execute if entity @s[tag=aj.starscaller.bone.up2] run data modify entity @s {} merge value {transformation:[0.955202971953735f,-0.20926930301737123f,-0.20926930301737084f,1.4068143027409297f,-0.2781034279892649f,-0.3928522930014542f,-0.8765418182974043f,1.4415302344056151f,0.10122136983548674f,0.8954738604214662f,-0.43345218835588334f,-10.172585953087033f,0f,0f,0f,1f],start_interpolation:0}
execute if entity @s[tag=aj.starscaller.bone.down2] run data modify entity @s {} merge value {transformation:[0.955202971953735f,-0.20926930301737123f,-0.20926930301737084f,1.4068143027409297f,-0.2781034279892649f,-0.3928522930014542f,-0.8765418182974043f,1.4415302344056151f,0.10122136983548674f,0.8954738604214662f,-0.43345218835588334f,-10.172585953087033f,0f,0f,0f,1f],start_interpolation:0}
execute if entity @s[tag=aj.starscaller.bone.effects2] run data modify entity @s {} merge value {transformation:[1.2050773033957807f,-0.2640126703624858f,-0.2640126703624853f,1.4068143027409297f,-0.350853314851975f,-0.4956196701468925f,-1.1058389491261256f,1.4415302344056151f,0.12770016319974706f,1.129723479367877f,-0.5468402105434482f,-10.172585953087033f,0f,0f,0f,1f],start_interpolation:0}
execute if entity @s[tag=aj.starscaller.locator_origin.starscaller_meteorite2] at @s on origin run tp @s ^1.60975 ^0.54502 ^-9.61113 ~-25.7711 ~-61.22798
execute if entity @s[tag=aj.starscaller.bone.core3] run data modify entity @s {} merge value {transformation:[0.8628469630263108f,-0.3574179055365532f,-0.35741790553655284f,1.5138484290015777f,-0.47498196496696743f,-0.33148513998907037f,-0.8151746652850205f,3.9239164996435285f,0.17287929706124822f,0.8731380433632989f,-0.4557880054140506f,-11.608189549822836f,0f,0f,0f,1f],start_interpolation:0}
execute if entity @s[tag=aj.starscaller.bone.face9] run data modify entity @s {} merge value {transformation:[0.8628469630263108f,-0.3574179055365532f,-0.35741790553655284f,1.5138484290015777f,-0.47498196496696743f,-0.33148513998907037f,-0.8151746652850205f,3.9239164996435285f,0.17287929706124822f,0.8731380433632989f,-0.4557880054140506f,-11.608189549822836f,0f,0f,0f,1f],start_interpolation:0}
execute if entity @s[tag=aj.starscaller.bone.face10] run data modify entity @s {} merge value {transformation:[0.8628469630263108f,-0.3574179055365532f,-0.35741790553655284f,1.5138484290015777f,-0.47498196496696743f,-0.33148513998907037f,-0.8151746652850205f,3.9239164996435285f,0.17287929706124822f,0.8731380433632989f,-0.4557880054140506f,-11.608189549822836f,0f,0f,0f,1f],start_interpolation:0}
execute if entity @s[tag=aj.starscaller.bone.face11] run data modify entity @s {} merge value {transformation:[0.8628469630263108f,-0.3574179055365532f,-0.35741790553655284f,1.5138484290015777f,-0.47498196496696743f,-0.33148513998907037f,-0.8151746652850205f,3.9239164996435285f,0.17287929706124822f,0.8731380433632989f,-0.4557880054140506f,-11.608189549822836f,0f,0f,0f,1f],start_interpolation:0}
execute if entity @s[tag=aj.starscaller.bone.face12] run data modify entity @s {} merge value {transformation:[0.8628469630263108f,-0.3574179055365532f,-0.35741790553655284f,1.5138484290015777f,-0.47498196496696743f,-0.33148513998907037f,-0.8151746652850205f,3.9239164996435285f,0.17287929706124822f,0.8731380433632989f,-0.4557880054140506f,-11.608189549822836f,0f,0f,0f,1f],start_interpolation:0}
execute if entity @s[tag=aj.starscaller.bone.up3] run data modify entity @s {} merge value {transformation:[0.8628469630263108f,-0.3574179055365532f,-0.35741790553655284f,1.5138484290015777f,-0.47498196496696743f,-0.33148513998907037f,-0.8151746652850205f,3.9239164996435285f,0.17287929706124822f,0.8731380433632989f,-0.4557880054140506f,-11.608189549822836f,0f,0f,0f,1f],start_interpolation:0}
execute if entity @s[tag=aj.starscaller.bone.down3] run data modify entity @s {} merge value {transformation:[0.8628469630263108f,-0.3574179055365532f,-0.35741790553655284f,1.5138484290015777f,-0.47498196496696743f,-0.33148513998907037f,-0.8151746652850205f,3.9239164996435285f,0.17287929706124822f,0.8731380433632989f,-0.4557880054140506f,-11.608189549822836f,0f,0f,0f,1f],start_interpolation:0}
execute if entity @s[tag=aj.starscaller.bone.effects3] run data modify entity @s {} merge value {transformation:[1.088561616721339f,-0.45091589791475134f,-0.45091589791475084f,1.5138484290015777f,-0.5992338825467409f,-0.41819930459046956f,-1.0284185835697026f,3.9239164996435285f,0.21810329661078323f,1.1015447707793307f,-0.5750189191319945f,-11.608189549822836f,0f,0f,0f,1f],start_interpolation:0}
execute if entity @s[tag=aj.starscaller.locator_origin.starscaller_meteorite3] at @s on origin run tp @s ^1.47616 ^3.00951 ^-11.04022 ~-38.10268 ~-54.60464
execute if entity @s[tag=aj.starscaller.bone.core4] run data modify entity @s {} merge value {transformation:[-0.0595788231025145f,0.705850679619181f,0.7058506796191808f,-0.6836425980421722f,0.9380233546931245f,0.28143268763618967f,-0.2022568376597605f,0.8651118196676046f,-0.34141258015482534f,0.6500541980566011f,-0.6788718507207478f,-8.898609035163574f,0f,0f,0f,1f],start_interpolation:0}
execute if entity @s[tag=aj.starscaller.bone.face13] run data modify entity @s {} merge value {transformation:[-0.0595788231025145f,0.705850679619181f,0.7058506796191808f,-0.6836425980421722f,0.9380233546931245f,0.28143268763618967f,-0.2022568376597605f,0.8651118196676046f,-0.34141258015482534f,0.6500541980566011f,-0.6788718507207478f,-8.898609035163574f,0f,0f,0f,1f],start_interpolation:0}
execute if entity @s[tag=aj.starscaller.bone.face14] run data modify entity @s {} merge value {transformation:[-0.0595788231025145f,0.705850679619181f,0.7058506796191808f,-0.6836425980421722f,0.9380233546931245f,0.28143268763618967f,-0.2022568376597605f,0.8651118196676046f,-0.34141258015482534f,0.6500541980566011f,-0.6788718507207478f,-8.898609035163574f,0f,0f,0f,1f],start_interpolation:0}
execute if entity @s[tag=aj.starscaller.bone.face15] run data modify entity @s {} merge value {transformation:[-0.0595788231025145f,0.705850679619181f,0.7058506796191808f,-0.6836425980421722f,0.9380233546931245f,0.28143268763618967f,-0.2022568376597605f,0.8651118196676046f,-0.34141258015482534f,0.6500541980566011f,-0.6788718507207478f,-8.898609035163574f,0f,0f,0f,1f],start_interpolation:0}
execute if entity @s[tag=aj.starscaller.bone.face16] run data modify entity @s {} merge value {transformation:[-0.0595788231025145f,0.705850679619181f,0.7058506796191808f,-0.6836425980421722f,0.9380233546931245f,0.28143268763618967f,-0.2022568376597605f,0.8651118196676046f,-0.34141258015482534f,0.6500541980566011f,-0.6788718507207478f,-8.898609035163574f,0f,0f,0f,1f],start_interpolation:0}
execute if entity @s[tag=aj.starscaller.bone.up4] run data modify entity @s {} merge value {transformation:[-0.0595788231025145f,0.705850679619181f,0.7058506796191808f,-0.6836425980421722f,0.9380233546931245f,0.28143268763618967f,-0.2022568376597605f,0.8651118196676046f,-0.34141258015482534f,0.6500541980566011f,-0.6788718507207478f,-8.898609035163574f,0f,0f,0f,1f],start_interpolation:0}
execute if entity @s[tag=aj.starscaller.bone.down4] run data modify entity @s {} merge value {transformation:[-0.0595788231025145f,0.705850679619181f,0.7058506796191808f,-0.6836425980421722f,0.9380233546931245f,0.28143268763618967f,-0.2022568376597605f,0.8651118196676046f,-0.34141258015482534f,0.6500541980566011f,-0.6788718507207478f,-8.898609035163574f,0f,0f,0f,1f],start_interpolation:0}
execute if entity @s[tag=aj.starscaller.bone.effects4] run data modify entity @s {} merge value {transformation:[-0.07516422120946865f,0.8904962176319114f,0.8904962176319111f,-0.6836425980421722f,1.18340361994875f,0.35505348524027946f,-0.25516579373895376f,0.8651118196676046f,-0.4307236927842182f,0.8201037717176384f,-0.8564599181936862f,-8.898609035163574f,0f,0f,0f,1f],start_interpolation:0}
execute if entity @s[tag=aj.starscaller.locator_origin.starscaller_meteorite4] at @s on origin run tp @s ^0.213 ^1.46166 ^-8.88058 ~46.11616 ~-11.66896
execute if entity @s[tag=aj.starscaller.bone.core5] run data modify entity @s {} merge value {transformation:[0.5289102131174074f,-0.6001058183604369f,-0.6001058183604364f,2.83962653746757f,-0.797496254042033f,-0.1095965171900759f,-0.5932860424860261f,0.5665578229719761f,0.2902648984100974f,0.7923771893421441f,-0.5365488594352055f,-10.120166482640046f,0f,0f,0f,1f],start_interpolation:0}
execute if entity @s[tag=aj.starscaller.bone.face17] run data modify entity @s {} merge value {transformation:[0.5289102131174074f,-0.6001058183604369f,-0.6001058183604364f,2.83962653746757f,-0.797496254042033f,-0.1095965171900759f,-0.5932860424860261f,0.5665578229719761f,0.2902648984100974f,0.7923771893421441f,-0.5365488594352055f,-10.120166482640046f,0f,0f,0f,1f],start_interpolation:0}
execute if entity @s[tag=aj.starscaller.bone.face18] run data modify entity @s {} merge value {transformation:[0.5289102131174074f,-0.6001058183604369f,-0.6001058183604364f,2.83962653746757f,-0.797496254042033f,-0.1095965171900759f,-0.5932860424860261f,0.5665578229719761f,0.2902648984100974f,0.7923771893421441f,-0.5365488594352055f,-10.120166482640046f,0f,0f,0f,1f],start_interpolation:0}
execute if entity @s[tag=aj.starscaller.bone.face19] run data modify entity @s {} merge value {transformation:[0.5289102131174074f,-0.6001058183604369f,-0.6001058183604364f,2.83962653746757f,-0.797496254042033f,-0.1095965171900759f,-0.5932860424860261f,0.5665578229719761f,0.2902648984100974f,0.7923771893421441f,-0.5365488594352055f,-10.120166482640046f,0f,0f,0f,1f],start_interpolation:0}
execute if entity @s[tag=aj.starscaller.bone.face20] run data modify entity @s {} merge value {transformation:[0.5289102131174074f,-0.6001058183604369f,-0.6001058183604364f,2.83962653746757f,-0.797496254042033f,-0.1095965171900759f,-0.5932860424860261f,0.5665578229719761f,0.2902648984100974f,0.7923771893421441f,-0.5365488594352055f,-10.120166482640046f,0f,0f,0f,1f],start_interpolation:0}
execute if entity @s[tag=aj.starscaller.bone.up5] run data modify entity @s {} merge value {transformation:[0.5289102131174074f,-0.6001058183604369f,-0.6001058183604364f,2.83962653746757f,-0.797496254042033f,-0.1095965171900759f,-0.5932860424860261f,0.5665578229719761f,0.2902648984100974f,0.7923771893421441f,-0.5365488594352055f,-10.120166482640046f,0f,0f,0f,1f],start_interpolation:0}
execute if entity @s[tag=aj.starscaller.bone.down5] run data modify entity @s {} merge value {transformation:[0.5289102131174074f,-0.6001058183604369f,-0.6001058183604364f,2.83962653746757f,-0.797496254042033f,-0.1095965171900759f,-0.5932860424860261f,0.5665578229719761f,0.2902648984100974f,0.7923771893421441f,-0.5365488594352055f,-10.120166482640046f,0f,0f,0f,1f],start_interpolation:0}
execute if entity @s[tag=aj.starscaller.bone.effects5] run data modify entity @s {} merge value {transformation:[0.6672693784215782f,-0.7570892496939804f,-0.7570892496939798f,2.83962653746757f,-1.0061156251676293f,-0.13826618977833632f,-0.7484854687575696f,0.5665578229719761f,0.36619613979114846f,0.9996574494022911f,-0.6769062405090343f,-10.120166482640046f,0f,0f,0f,1f],start_interpolation:0}
execute if entity @s[tag=aj.starscaller.locator_origin.starscaller_meteorite5] at @s on origin run tp @s ^2.31644 ^-0.21788 ^-9.5995 ~-48.20041 ~-36.39054
execute if entity @s[tag=aj.starscaller.bone.core6] run data modify entity @s {} merge value {transformation:[0.9208984034941873f,0.27563211935645093f,0.27563211935645093f,-2.0249726378111417f,0.36629470329249536f,-0.37005817569247457f,-0.8537477009884247f,0.49065272636849655f,-0.1333203689678384f,0.8871774802046258f,-0.44174856857272393f,-10.491605951525745f,0f,0f,0f,1f],start_interpolation:0}
execute if entity @s[tag=aj.starscaller.bone.face21] run data modify entity @s {} merge value {transformation:[0.9208984034941873f,0.27563211935645093f,0.27563211935645093f,-2.0249726378111417f,0.36629470329249536f,-0.37005817569247457f,-0.8537477009884247f,0.49065272636849655f,-0.1333203689678384f,0.8871774802046258f,-0.44174856857272393f,-10.491605951525745f,0f,0f,0f,1f],start_interpolation:0}
execute if entity @s[tag=aj.starscaller.bone.face22] run data modify entity @s {} merge value {transformation:[0.9208984034941873f,0.27563211935645093f,0.27563211935645093f,-2.0249726378111417f,0.36629470329249536f,-0.37005817569247457f,-0.8537477009884247f,0.49065272636849655f,-0.1333203689678384f,0.8871774802046258f,-0.44174856857272393f,-10.491605951525745f,0f,0f,0f,1f],start_interpolation:0}
execute if entity @s[tag=aj.starscaller.bone.face23] run data modify entity @s {} merge value {transformation:[0.9208984034941873f,0.27563211935645093f,0.27563211935645093f,-2.0249726378111417f,0.36629470329249536f,-0.37005817569247457f,-0.8537477009884247f,0.49065272636849655f,-0.1333203689678384f,0.8871774802046258f,-0.44174856857272393f,-10.491605951525745f,0f,0f,0f,1f],start_interpolation:0}
execute if entity @s[tag=aj.starscaller.bone.face24] run data modify entity @s {} merge value {transformation:[0.9208984034941873f,0.27563211935645093f,0.27563211935645093f,-2.0249726378111417f,0.36629470329249536f,-0.37005817569247457f,-0.8537477009884247f,0.49065272636849655f,-0.1333203689678384f,0.8871774802046258f,-0.44174856857272393f,-10.491605951525745f,0f,0f,0f,1f],start_interpolation:0}
execute if entity @s[tag=aj.starscaller.bone.up6] run data modify entity @s {} merge value {transformation:[0.9208984034941873f,0.27563211935645093f,0.27563211935645093f,-2.0249726378111417f,0.36629470329249536f,-0.37005817569247457f,-0.8537477009884247f,0.49065272636849655f,-0.1333203689678384f,0.8871774802046258f,-0.44174856857272393f,-10.491605951525745f,0f,0f,0f,1f],start_interpolation:0}
execute if entity @s[tag=aj.starscaller.bone.down6] run data modify entity @s {} merge value {transformation:[0.9208984034941873f,0.27563211935645093f,0.27563211935645093f,-1.147269146718779f,0.36629470329249536f,-0.37005817569247457f,-0.8537477009884247f,-0.13816344575034084f,-0.1333203689678384f,0.8871774802046258f,-0.44174856857272393f,-10.284351720905482f,0f,0f,0f,1f],start_interpolation:0}
execute if entity @s[tag=aj.starscaller.bone.effects6] run data modify entity @s {} merge value {transformation:[1.1617989028179085f,0.34773552938591973f,0.34773552938591973f,-2.0249726378111417f,0.46211480308633046f,-0.46686277320821473f,-1.0770820521874478f,0.49065272636849655f,-0.16819603313721138f,1.1192568248523378f,-0.5573068650589877f,-10.491605951525745f,0f,0f,0f,1f],start_interpolation:0}
execute if entity @s[tag=aj.starscaller.locator_origin.starscaller_meteorite6] at @s on origin run tp @s ^-1.20276 ^-0.05375 ^-10.05831 ~31.96239 ~-58.62166
execute if entity @s[tag=aj.starscaller.bone.core7] run data modify entity @s {} merge value {transformation:[0.05200027647175759f,-0.7061501155019595f,-0.7061501155019593f,1.4898672449793584f,-0.9384212828376878f,0.20729250167450378f,-0.2763970236214465f,4.670827088020414f,0.341557414154823f,0.6770390189096158f,-0.6518870298677335f,-10.28377631279198f,0f,0f,0f,1f],start_interpolation:0}
execute if entity @s[tag=aj.starscaller.bone.face25] run data modify entity @s {} merge value {transformation:[0.05200027647175759f,-0.7061501155019595f,-0.7061501155019593f,2.4000990249726875f,-0.9384212828376878f,0.20729250167450378f,-0.2763970236214465f,5.100343030840499f,0.341557414154823f,0.6770390189096158f,-0.6518870298677335f,-10.706151574384682f,0f,0f,0f,1f],start_interpolation:0}
execute if entity @s[tag=aj.starscaller.bone.face26] run data modify entity @s {} merge value {transformation:[0.05200027647175759f,-0.7061501155019595f,-0.7061501155019593f,2.4000990249726875f,-0.9384212828376878f,0.20729250167450378f,-0.2763970236214465f,5.100343030840499f,0.341557414154823f,0.6770390189096158f,-0.6518870298677335f,-10.706151574384682f,0f,0f,0f,1f],start_interpolation:0}
execute if entity @s[tag=aj.starscaller.bone.face27] run data modify entity @s {} merge value {transformation:[0.05200027647175759f,-0.7061501155019595f,-0.7061501155019593f,2.4000990249726875f,-0.9384212828376878f,0.20729250167450378f,-0.2763970236214465f,5.100343030840499f,0.341557414154823f,0.6770390189096158f,-0.6518870298677335f,-10.706151574384682f,0f,0f,0f,1f],start_interpolation:0}
execute if entity @s[tag=aj.starscaller.bone.face28] run data modify entity @s {} merge value {transformation:[0.05200027647175759f,-0.7061501155019595f,-0.7061501155019593f,2.4000990249726875f,-0.9384212828376878f,0.20729250167450378f,-0.2763970236214465f,5.100343030840499f,0.341557414154823f,0.6770390189096158f,-0.6518870298677335f,-10.706151574384682f,0f,0f,0f,1f],start_interpolation:0}
execute if entity @s[tag=aj.starscaller.bone.up7] run data modify entity @s {} merge value {transformation:[0.05200027647175759f,-0.7061501155019595f,-0.7061501155019593f,2.4000990249726875f,-0.9384212828376878f,0.20729250167450378f,-0.2763970236214465f,5.100343030840499f,0.341557414154823f,0.6770390189096158f,-0.6518870298677335f,-10.706151574384682f,0f,0f,0f,1f],start_interpolation:0}
execute if entity @s[tag=aj.starscaller.bone.down7] run data modify entity @s {} merge value {transformation:[0.05200027647175759f,-0.7061501155019595f,-0.7061501155019593f,2.4000990249726875f,-0.9384212828376878f,0.20729250167450378f,-0.2763970236214465f,5.100343030840499f,0.341557414154823f,0.6770390189096158f,-0.6518870298677335f,-10.706151574384682f,0f,0f,0f,1f],start_interpolation:0}
execute if entity @s[tag=aj.starscaller.bone.effects7] run data modify entity @s {} merge value {transformation:[0.0656031804614777f,-0.8908739838206206f,-0.8908739838206203f,2.4000990249726875f,-1.1839056432772734f,0.2615187517906671f,-0.34870052718856626f,5.100343030840499f,0.43090641433270777f,0.8541476305633207f,-0.8224160593480043f,-10.706151574384682f,0f,0f,0f,1f],start_interpolation:0}
execute if entity @s[tag=aj.starscaller.locator_origin.starscaller_meteorite7] at @s on origin run tp @s ^1.49928 ^4.66136 ^-10.31122 ~-47.28815 ~-16.04528
execute if entity @s[tag=aj.starscaller.bone.core8] run data modify entity @s {} merge value {transformation:[0.5289102131174074f,0.6001058183604366f,0.6001058183604364f,-0.3152878923170429f,0.797496254042033f,-0.1095965171900759f,-0.5932860424860261f,2.9450195249565283f,-0.2902648984100973f,0.7923771893421441f,-0.5365488594352054f,-10.453766859266597f,0f,0f,0f,1f],start_interpolation:0}
execute if entity @s[tag=aj.starscaller.bone.face29] run data modify entity @s {} merge value {transformation:[0.5289102131174074f,0.6001058183604366f,0.6001058183604364f,-0.3152878923170429f,0.797496254042033f,-0.1095965171900759f,-0.5932860424860261f,2.9450195249565283f,-0.2902648984100973f,0.7923771893421441f,-0.5365488594352054f,-10.453766859266597f,0f,0f,0f,1f],start_interpolation:0}
execute if entity @s[tag=aj.starscaller.bone.face30] run data modify entity @s {} merge value {transformation:[0.5289102131174074f,0.6001058183604366f,0.6001058183604364f,-0.3152878923170429f,0.797496254042033f,-0.1095965171900759f,-0.5932860424860261f,2.9450195249565283f,-0.2902648984100973f,0.7923771893421441f,-0.5365488594352054f,-10.453766859266597f,0f,0f,0f,1f],start_interpolation:0}
execute if entity @s[tag=aj.starscaller.bone.face31] run data modify entity @s {} merge value {transformation:[0.5289102131174074f,0.6001058183604366f,0.6001058183604364f,-0.3152878923170429f,0.797496254042033f,-0.1095965171900759f,-0.5932860424860261f,2.9450195249565283f,-0.2902648984100973f,0.7923771893421441f,-0.5365488594352054f,-10.453766859266597f,0f,0f,0f,1f],start_interpolation:0}
execute if entity @s[tag=aj.starscaller.bone.face32] run data modify entity @s {} merge value {transformation:[0.5289102131174074f,0.6001058183604366f,0.6001058183604364f,-0.3152878923170429f,0.797496254042033f,-0.1095965171900759f,-0.5932860424860261f,2.9450195249565283f,-0.2902648984100973f,0.7923771893421441f,-0.5365488594352054f,-10.453766859266597f,0f,0f,0f,1f],start_interpolation:0}
execute if entity @s[tag=aj.starscaller.bone.up8] run data modify entity @s {} merge value {transformation:[0.5289102131174074f,0.6001058183604366f,0.6001058183604364f,-0.3152878923170429f,0.797496254042033f,-0.1095965171900759f,-0.5932860424860261f,2.9450195249565283f,-0.2902648984100973f,0.7923771893421441f,-0.5365488594352054f,-10.453766859266597f,0f,0f,0f,1f],start_interpolation:0}
execute if entity @s[tag=aj.starscaller.bone.down8] run data modify entity @s {} merge value {transformation:[0.5289102131174074f,0.6001058183604366f,0.6001058183604364f,-0.3152878923170429f,0.797496254042033f,-0.1095965171900759f,-0.5932860424860261f,2.9450195249565283f,-0.2902648984100973f,0.7923771893421441f,-0.5365488594352054f,-10.453766859266597f,0f,0f,0f,1f],start_interpolation:0}
execute if entity @s[tag=aj.starscaller.bone.effects8] run data modify entity @s {} merge value {transformation:[0.6672693784215782f,0.7570892496939801f,0.7570892496939798f,-0.3152878923170429f,1.0061156251676293f,-0.13826618977833632f,-0.7484854687575696f,2.9450195249565283f,-0.3661961397911483f,0.9996574494022911f,-0.676906240509034f,-10.453766859266597f,0f,0f,0f,1f],start_interpolation:0}
execute if entity @s[tag=aj.starscaller.locator_origin.starscaller_meteorite8] at @s on origin run tp @s ^0.73681 ^2.95808 ^-10.22337 ~48.20041 ~-36.39054
execute if entity @s[tag=aj.starscaller.bone.core9] run data modify entity @s {} merge value {transformation:[-0.08012160376168359f,-0.7048335011230158f,-0.7048335011230153f,0.8166694855290647f,-0.9366715996933147f,0.29508260580233436f,-0.1886069194936159f,1.3068789655574644f,0.3409205815708739f,0.6450860341439553f,-0.6838400146333943f,-8.79335468362524f,0f,0f,0f,1f],start_interpolation:0}
execute if entity @s[tag=aj.starscaller.bone.face33] run data modify entity @s {} merge value {transformation:[-0.08012160376168359f,-0.7048335011230158f,-0.7048335011230153f,0.8166694855290647f,-0.9366715996933147f,0.29508260580233436f,-0.1886069194936159f,1.3068789655574644f,0.3409205815708739f,0.6450860341439553f,-0.6838400146333943f,-8.79335468362524f,0f,0f,0f,1f],start_interpolation:0}
execute if entity @s[tag=aj.starscaller.bone.face34] run data modify entity @s {} merge value {transformation:[-0.08012160376168359f,-0.7048335011230158f,-0.7048335011230153f,0.8166694855290647f,-0.9366715996933147f,0.29508260580233436f,-0.1886069194936159f,1.3068789655574644f,0.3409205815708739f,0.6450860341439553f,-0.6838400146333943f,-8.79335468362524f,0f,0f,0f,1f],start_interpolation:0}
execute if entity @s[tag=aj.starscaller.bone.face35] run data modify entity @s {} merge value {transformation:[-0.08012160376168359f,-0.7048335011230158f,-0.7048335011230153f,0.8166694855290647f,-0.9366715996933147f,0.29508260580233436f,-0.1886069194936159f,1.3068789655574644f,0.3409205815708739f,0.6450860341439553f,-0.6838400146333943f,-8.79335468362524f,0f,0f,0f,1f],start_interpolation:0}
execute if entity @s[tag=aj.starscaller.bone.face36] run data modify entity @s {} merge value {transformation:[-0.08012160376168359f,-0.7048335011230158f,-0.7048335011230153f,0.8166694855290647f,-0.9366715996933147f,0.29508260580233436f,-0.1886069194936159f,1.3068789655574644f,0.3409205815708739f,0.6450860341439553f,-0.6838400146333943f,-8.79335468362524f,0f,0f,0f,1f],start_interpolation:0}
execute if entity @s[tag=aj.starscaller.bone.up9] run data modify entity @s {} merge value {transformation:[-0.08012160376168359f,-0.7048335011230158f,-0.7048335011230153f,0.8166694855290647f,-0.9366715996933147f,0.29508260580233436f,-0.1886069194936159f,1.3068789655574644f,0.3409205815708739f,0.6450860341439553f,-0.6838400146333943f,-8.79335468362524f,0f,0f,0f,1f],start_interpolation:0}
execute if entity @s[tag=aj.starscaller.bone.down9] run data modify entity @s {} merge value {transformation:[-0.08012160376168359f,-0.7048335011230158f,-0.7048335011230153f,0.8166694855290647f,-0.9366715996933147f,0.29508260580233436f,-0.1886069194936159f,1.3068789655574644f,0.3409205815708739f,0.6450860341439553f,-0.6838400146333943f,-8.79335468362524f,0f,0f,0f,1f],start_interpolation:0}
execute if entity @s[tag=aj.starscaller.bone.effects9] run data modify entity @s {} merge value {transformation:[-0.10108084777771337f,-0.8892129524461637f,-0.8892129524461632f,0.8166694855290647f,-1.1816982554159212f,0.37227412531176723f,-0.23794515366746607f,1.3068789655574644f,0.43010299085569503f,0.8138359713166055f,-0.8627277185947199f,-8.79335468362524f,0f,0f,0f,1f],start_interpolation:0}
execute if entity @s[tag=aj.starscaller.locator_origin.starscaller_meteorite9] at @s on origin run tp @s ^-0.19254 ^1.00244 ^-8.40036 ~-45.86611 ~-10.8715
execute if entity @s[tag=aj.starscaller.bone.meteorite_staff_effects] run data modify entity @s {} merge value {transformation:[-0.000006872262088648598f,7.113983638991319e-7f,-0.000007229517698488942f,-0.3061601771812321f,0.000007263518700467296f,5.148591151204418e-7f,-0.000006853919767515468f,5.378001879334787f,-1.1536842239148396e-7f,-0.000009961366997526947f,-8.705502097500553e-7f,-1.1011451180912148f,0f,0f,0f,1f],start_interpolation:0}
execute if entity @s[tag=aj.starscaller.bone.meteorite_staff] run data modify entity @s {} merge value {transformation:[-1.5372673842855025f,0.10967391443444947f,-0.0389452540849857f,-0.37774414702045533f,0.044651319887955856f,0.0793741135810681f,-1.538974373027892f,5.32146022508695f,-0.10747725319983983f,-1.5357107454520706f,-0.08232410010909771f,-0.21938217359954726f,0f,0f,0f,1f],start_interpolation:0}
execute if entity @s[tag=aj.starscaller.bone.right_arm2] run data modify entity @s {} merge value {transformation:[-0.9971464114284342f,0.002413758761750373f,0.07545334945537983f,-0.3154626074751961f,0.0289630183057011f,0.9352354199227544f,0.35283969857788533f,5.53537406352115f,-0.06971497504854476f,0.3540181959879314f,-0.9326365525559415f,-0.1349236084416432f,0f,0f,0f,1f],start_interpolation:0}
execute if entity @s[tag=aj.starscaller.bone.right_arm] run data modify entity @s {} merge value {transformation:[-0.9971464114284342f,0.017558382763166278f,0.07342164102046304f,-0.31107301178440455f,0.0289630183057011f,0.9871287459153973f,0.1572831286505917f,5.78215625f,-0.06971497504854476f,0.15896081964508457f,-0.9848204303687772f,-0.09518340353037205f,0f,0f,0f,1f],start_interpolation:0}
execute if entity @s[tag=aj.starscaller.bone.left_arm2] run data modify entity @s {} merge value {transformation:[-0.9906069874877615f,-0.13278046059645496f,0.032667194924187515f,0.46306123814524425f,-0.13106238385144386f,0.9901087049086061f,0.05007398529555446f,5.564476021852829f,-0.03899292089082813f,0.04532219928463194f,-0.9982111251495878f,0.04751739673204234f,0f,0f,0f,1f],start_interpolation:0}
execute if entity @s[tag=aj.starscaller.bone.left_arm] run data modify entity @s {} merge value {transformation:[-0.9906069874877615f,-0.11074676074535073f,0.08020568137503496f,0.3115486745229364f,-0.13106238385144386f,0.9362521045144067f,-0.32596725039721597f,5.78215625f,-0.03899292089082813f,-0.3334173837350964f,-0.9419726112492046f,-0.04071106431308528f,0f,0f,0f,1f],start_interpolation:0}
execute if entity @s[tag=aj.starscaller.locator_origin.player_camera] at @s on origin run tp @s ^0.03837 ^4.71966 ^-0.50378 ~5 ~0
execute if entity @s[tag=aj.starscaller.bone.head] run data modify entity @s {} merge value {transformation:[-0.9961946980917454f,0.011428207779768496f,0.0864032381386168f,-0.005209402552462758f,0f,0.9913659778998068f,-0.13112397897699607f,5.92590625f,-0.08715574274765885f,-0.130625012649577f,-0.9875935310523261f,-0.005685065290994579f,0f,0f,0f,1f],start_interpolation:0}
execute if entity @s[tag=aj.starscaller.bone.body_top] run data modify entity @s {} merge value {transformation:[-0.9961946980917454f,0f,0.08715574274765885f,-0.005209402552462758f,0f,1f,0f,5.53215625f,-0.08715574274765885f,0f,-0.9961946980917454f,-0.005685065290994579f,0f,0f,0f,1f],start_interpolation:0}
execute if entity @s[tag=aj.starscaller.bone.body] run data modify entity @s {} merge value {transformation:[-0.9961946980917454f,0f,0.08715574274765885f,-0.005209402552462758f,0f,1f,0f,5.09465625f,-0.08715574274765885f,0f,-0.9961946980917454f,-0.005685065290994579f,0f,0f,0f,1f],start_interpolation:0}
execute if entity @s[tag=aj.starscaller.bone.right_leg2] run data modify entity @s {} merge value {transformation:[-0.9877500523686197f,0.13772674712309033f,0.07335650736425074f,-0.17678656599108084f,0.14416329542310552f,0.9853435570164693f,0.09118672545322852f,4.822787399896838f,-0.05972251081911617f,0.10064500868410912f,-0.9931282917772689f,-0.08321831361330215f,0f,0f,0f,1f],start_interpolation:0}
execute if entity @s[tag=aj.starscaller.bone.right_leg] run data modify entity @s {} merge value {transformation:[-0.9877500523686197f,0.1309296032755476f,0.08489565967643317f,-0.12973373981393094f,0.14416329542310552f,0.9738959307218417f,0.17533870187778902f,5.17278125f,-0.05972251081911617f,0.18542965002810496f,-0.9808409996487275f,-0.016579533134451936f,0f,0f,0f,1f],start_interpolation:0}
execute if entity @s[tag=aj.starscaller.bone.left_leg2] run data modify entity @s {} merge value {transformation:[-0.9755765111600795f,-0.018760535812991072f,0.21885728950331218f,0.18021776696380085f,-0.10638273671625449f,0.9120546187753654f,-0.39602914753750496f,4.8218365589479175f,-0.19218008273878753f,-0.4096393714800034f,-0.8917748601143566f,0.05294889847253683f,0f,0f,0f,1f],start_interpolation:0}
execute if entity @s[tag=aj.starscaller.bone.left_leg] run data modify entity @s {} merge value {transformation:[-0.9655173225231543f,-0.16946875062203945f,0.1976275346967727f,0.11931493470900542f,-0.1915405447333729f,0.9765417490144899f,-0.09837902294170206f,5.17278125f,-0.17631936828086098f,-0.13284033647324953f,-0.9753281116499779f,0.005209402552462779f,0f,0f,0f,1f],start_interpolation:0}