execute if entity @s[tag=aj.starscaller.bone.core] run data modify entity @s {} merge value {transformation:[0.8645853467139818f,-0.3553112566802975f,-0.35531125668029706f,-1.5956611781894339f,-0.4721823844262619f,-0.33264023167172824f,-0.8163297569676783f,7.7565739308823485f,0.17186033307600052f,0.8735584623536347f,-0.4553675864237147f,-4.336092269801632f,0f,0f,0f,1f],start_interpolation:0}
execute if entity @s[tag=aj.starscaller.bone.face1] run data modify entity @s {} merge value {transformation:[0.8645853467139818f,-0.3553112566802975f,-0.35531125668029706f,-1.5956611781894339f,-0.4721823844262619f,-0.33264023167172824f,-0.8163297569676783f,7.7565739308823485f,0.17186033307600052f,0.8735584623536347f,-0.4553675864237147f,-4.336092269801632f,0f,0f,0f,1f],start_interpolation:0}
execute if entity @s[tag=aj.starscaller.bone.face2] run data modify entity @s {} merge value {transformation:[0.8645853467139818f,-0.3553112566802975f,-0.35531125668029706f,-1.5956611781894339f,-0.4721823844262619f,-0.33264023167172824f,-0.8163297569676783f,7.7565739308823485f,0.17186033307600052f,0.8735584623536347f,-0.4553675864237147f,-4.336092269801632f,0f,0f,0f,1f],start_interpolation:0}
execute if entity @s[tag=aj.starscaller.bone.face3] run data modify entity @s {} merge value {transformation:[0.8645853467139818f,-0.3553112566802975f,-0.35531125668029706f,-1.5956611781894339f,-0.4721823844262619f,-0.33264023167172824f,-0.8163297569676783f,7.7565739308823485f,0.17186033307600052f,0.8735584623536347f,-0.4553675864237147f,-4.336092269801632f,0f,0f,0f,1f],start_interpolation:0}
execute if entity @s[tag=aj.starscaller.bone.face4] run data modify entity @s {} merge value {transformation:[0.8645853467139818f,-0.3553112566802975f,-0.35531125668029706f,-1.5956611781894339f,-0.4721823844262619f,-0.33264023167172824f,-0.8163297569676783f,7.7565739308823485f,0.17186033307600052f,0.8735584623536347f,-0.4553675864237147f,-4.336092269801632f,0f,0f,0f,1f],start_interpolation:0}
execute if entity @s[tag=aj.starscaller.bone.up] run data modify entity @s {} merge value {transformation:[0.8645853467139818f,-0.3553112566802975f,-0.35531125668029706f,-1.5956611781894339f,-0.4721823844262619f,-0.33264023167172824f,-0.8163297569676783f,7.7565739308823485f,0.17186033307600052f,0.8735584623536347f,-0.4553675864237147f,-4.336092269801632f,0f,0f,0f,1f],start_interpolation:0}
execute if entity @s[tag=aj.starscaller.bone.down] run data modify entity @s {} merge value {transformation:[0.8645853467139818f,-0.3553112566802975f,-0.35531125668029706f,-1.5956611781894339f,-0.4721823844262619f,-0.33264023167172824f,-0.8163297569676783f,7.7565739308823485f,0.17186033307600052f,0.8735584623536347f,-0.4553675864237147f,-4.336092269801632f,0f,0f,0f,1f],start_interpolation:0}
execute if entity @s[tag=aj.starscaller.bone.effects] run data modify entity @s {} merge value {transformation:[1.0907547492681535f,-0.4482581646397952f,-0.4482581646397946f,-1.5956611781894339f,-0.595701951566949f,-0.4196565600754113f,-1.0298758390546443f,7.7565739308823485f,0.21681777886465628f,1.1020751683995704f,-0.5744885215117547f,-4.336092269801632f,0f,0f,0f,1f],start_interpolation:0}
execute if entity @s[tag=aj.starscaller.locator_origin.starscaller_meteorite1] at @s on origin run tp @s ^-1.62971 ^6.84205 ^-3.76808 ~-37.96397 ~-54.71906
execute if entity @s[tag=aj.starscaller.bone.core2] run data modify entity @s {} merge value {transformation:[0.48844889944792214f,0.6170160745994037f,0.6170160745994037f,1.302017587102661f,0.8199687340494957f,-0.08271147033851112f,-0.566400995634461f,3.9943030468309972f,-0.29844421222295603f,0.782591832541322f,-0.5463342162360274f,-2.96673765476055f,0f,0f,0f,1f],start_interpolation:0}
execute if entity @s[tag=aj.starscaller.bone.face5] run data modify entity @s {} merge value {transformation:[0.48844889944792214f,0.6170160745994037f,0.6170160745994037f,1.302017587102661f,0.8199687340494957f,-0.08271147033851112f,-0.566400995634461f,3.9943030468309972f,-0.29844421222295603f,0.782591832541322f,-0.5463342162360274f,-2.96673765476055f,0f,0f,0f,1f],start_interpolation:0}
execute if entity @s[tag=aj.starscaller.bone.face6] run data modify entity @s {} merge value {transformation:[0.48844889944792214f,0.6170160745994037f,0.6170160745994037f,1.302017587102661f,0.8199687340494957f,-0.08271147033851112f,-0.566400995634461f,3.9943030468309972f,-0.29844421222295603f,0.782591832541322f,-0.5463342162360274f,-2.96673765476055f,0f,0f,0f,1f],start_interpolation:0}
execute if entity @s[tag=aj.starscaller.bone.face7] run data modify entity @s {} merge value {transformation:[0.48844889944792214f,0.6170160745994037f,0.6170160745994037f,1.302017587102661f,0.8199687340494957f,-0.08271147033851112f,-0.566400995634461f,3.9943030468309972f,-0.29844421222295603f,0.782591832541322f,-0.5463342162360274f,-2.96673765476055f,0f,0f,0f,1f],start_interpolation:0}
execute if entity @s[tag=aj.starscaller.bone.face8] run data modify entity @s {} merge value {transformation:[0.48844889944792214f,0.6170160745994037f,0.6170160745994037f,1.302017587102661f,0.8199687340494957f,-0.08271147033851112f,-0.566400995634461f,3.9943030468309972f,-0.29844421222295603f,0.782591832541322f,-0.5463342162360274f,-2.96673765476055f,0f,0f,0f,1f],start_interpolation:0}
execute if entity @s[tag=aj.starscaller.bone.up2] run data modify entity @s {} merge value {transformation:[0.48844889944792214f,0.6170160745994037f,0.6170160745994037f,1.302017587102661f,0.8199687340494957f,-0.08271147033851112f,-0.566400995634461f,3.9943030468309972f,-0.29844421222295603f,0.782591832541322f,-0.5463342162360274f,-2.96673765476055f,0f,0f,0f,1f],start_interpolation:0}
execute if entity @s[tag=aj.starscaller.bone.down2] run data modify entity @s {} merge value {transformation:[0.48844889944792214f,0.6170160745994037f,0.6170160745994037f,1.302017587102661f,0.8199687340494957f,-0.08271147033851112f,-0.566400995634461f,3.9943030468309972f,-0.29844421222295603f,0.782591832541322f,-0.5463342162360274f,-2.96673765476055f,0f,0f,0f,1f],start_interpolation:0}
execute if entity @s[tag=aj.starscaller.bone.effects2] run data modify entity @s {} merge value {transformation:[0.6162236716971274f,0.7784231091840792f,0.7784231091840792f,1.302017587102661f,1.0344667467649775f,-0.10434820510615073f,-0.7145674840853835f,3.9943030468309972f,-0.3765151041606447f,0.987312312575318f,-0.6892513773360072f,-2.96673765476055f,0f,0f,0f,1f],start_interpolation:0}
execute if entity @s[tag=aj.starscaller.locator_origin.starscaller_meteorite2] at @s on origin run tp @s ^2.35608 ^4.05388 ^-2.75327 ~48.47685 ~-34.49964
execute if entity @s[tag=aj.starscaller.bone.core3] run data modify entity @s {} merge value {transformation:[0.6044312849664102f,0.5633217649593589f,0.5633217649593589f,0.28508346505781446f,0.7486129672977235f,-0.15977747699593864f,-0.6434670022918887f,7.961285754320245f,-0.27247283708206904f,0.8106415650383867f,-0.5182844837389627f,-4.942690166373341f,0f,0f,0f,1f],start_interpolation:0}
execute if entity @s[tag=aj.starscaller.bone.face9] run data modify entity @s {} merge value {transformation:[0.6044312849664102f,0.5633217649593589f,0.5633217649593589f,0.28508346505781446f,0.7486129672977235f,-0.15977747699593864f,-0.6434670022918887f,7.961285754320245f,-0.27247283708206904f,0.8106415650383867f,-0.5182844837389627f,-4.942690166373341f,0f,0f,0f,1f],start_interpolation:0}
execute if entity @s[tag=aj.starscaller.bone.face10] run data modify entity @s {} merge value {transformation:[0.6044312849664102f,0.5633217649593589f,0.5633217649593589f,0.28508346505781446f,0.7486129672977235f,-0.15977747699593864f,-0.6434670022918887f,7.961285754320245f,-0.27247283708206904f,0.8106415650383867f,-0.5182844837389627f,-4.942690166373341f,0f,0f,0f,1f],start_interpolation:0}
execute if entity @s[tag=aj.starscaller.bone.face11] run data modify entity @s {} merge value {transformation:[0.6044312849664102f,0.5633217649593589f,0.5633217649593589f,0.28508346505781446f,0.7486129672977235f,-0.15977747699593864f,-0.6434670022918887f,7.961285754320245f,-0.27247283708206904f,0.8106415650383867f,-0.5182844837389627f,-4.942690166373341f,0f,0f,0f,1f],start_interpolation:0}
execute if entity @s[tag=aj.starscaller.bone.face12] run data modify entity @s {} merge value {transformation:[0.6044312849664102f,0.5633217649593589f,0.5633217649593589f,0.28508346505781446f,0.7486129672977235f,-0.15977747699593864f,-0.6434670022918887f,7.961285754320245f,-0.27247283708206904f,0.8106415650383867f,-0.5182844837389627f,-4.942690166373341f,0f,0f,0f,1f],start_interpolation:0}
execute if entity @s[tag=aj.starscaller.bone.up3] run data modify entity @s {} merge value {transformation:[0.6044312849664102f,0.5633217649593589f,0.5633217649593589f,0.28508346505781446f,0.7486129672977235f,-0.15977747699593864f,-0.6434670022918887f,7.961285754320245f,-0.27247283708206904f,0.8106415650383867f,-0.5182844837389627f,-4.942690166373341f,0f,0f,0f,1f],start_interpolation:0}
execute if entity @s[tag=aj.starscaller.bone.down3] run data modify entity @s {} merge value {transformation:[0.6044312849664102f,0.5633217649593589f,0.5633217649593589f,0.28508346505781446f,0.7486129672977235f,-0.15977747699593864f,-0.6434670022918887f,7.961285754320245f,-0.27247283708206904f,0.8106415650383867f,-0.5182844837389627f,-4.942690166373341f,0f,0f,0f,1f],start_interpolation:0}
execute if entity @s[tag=aj.starscaller.bone.effects3] run data modify entity @s {} merge value {transformation:[0.7625462277253545f,0.7106827484768921f,0.7106827484768921f,0.28508346505781446f,0.9444448168676229f,-0.20157413322094747f,-0.8117934122001805f,7.961285754320245f,-0.343749801246809f,1.0226996564080095f,-0.6538640335033156f,-4.942690166373341f,0f,0f,0f,1f],start_interpolation:0}
execute if entity @s[tag=aj.starscaller.locator_origin.starscaller_meteorite3] at @s on origin run tp @s ^1.32666 ^7.88404 ^-4.67942 ~47.38438 ~-40.05083
execute if entity @s[tag=aj.starscaller.bone.core4] run data modify entity @s {} merge value {transformation:[0.9535548276203865f,-0.2129943552325445f,-0.21299435523254417f,-1.1661741444812728f,-0.28305374691106444f,-0.3917571620330886f,-0.8754466873290383f,4.580132700430231f,0.10302313857314652f,0.8950752653463576f,-0.43385078343099154f,-2.11578443854524f,0f,0f,0f,1f],start_interpolation:0}
execute if entity @s[tag=aj.starscaller.bone.face13] run data modify entity @s {} merge value {transformation:[0.9535548276203865f,-0.2129943552325445f,-0.21299435523254417f,-1.1661741444812728f,-0.28305374691106444f,-0.3917571620330886f,-0.8754466873290383f,4.580132700430231f,0.10302313857314652f,0.8950752653463576f,-0.43385078343099154f,-2.11578443854524f,0f,0f,0f,1f],start_interpolation:0}
execute if entity @s[tag=aj.starscaller.bone.face14] run data modify entity @s {} merge value {transformation:[0.9535548276203865f,-0.2129943552325445f,-0.21299435523254417f,-1.1661741444812728f,-0.28305374691106444f,-0.3917571620330886f,-0.8754466873290383f,4.580132700430231f,0.10302313857314652f,0.8950752653463576f,-0.43385078343099154f,-2.11578443854524f,0f,0f,0f,1f],start_interpolation:0}
execute if entity @s[tag=aj.starscaller.bone.face15] run data modify entity @s {} merge value {transformation:[0.9535548276203865f,-0.2129943552325445f,-0.21299435523254417f,-1.1661741444812728f,-0.28305374691106444f,-0.3917571620330886f,-0.8754466873290383f,4.580132700430231f,0.10302313857314652f,0.8950752653463576f,-0.43385078343099154f,-2.11578443854524f,0f,0f,0f,1f],start_interpolation:0}
execute if entity @s[tag=aj.starscaller.bone.face16] run data modify entity @s {} merge value {transformation:[0.9535548276203865f,-0.2129943552325445f,-0.21299435523254417f,-1.1661741444812728f,-0.28305374691106444f,-0.3917571620330886f,-0.8754466873290383f,4.580132700430231f,0.10302313857314652f,0.8950752653463576f,-0.43385078343099154f,-2.11578443854524f,0f,0f,0f,1f],start_interpolation:0}
execute if entity @s[tag=aj.starscaller.bone.up4] run data modify entity @s {} merge value {transformation:[0.9535548276203865f,-0.2129943552325445f,-0.21299435523254417f,-1.1661741444812728f,-0.28305374691106444f,-0.3917571620330886f,-0.8754466873290383f,4.580132700430231f,0.10302313857314652f,0.8950752653463576f,-0.43385078343099154f,-2.11578443854524f,0f,0f,0f,1f],start_interpolation:0}
execute if entity @s[tag=aj.starscaller.bone.down4] run data modify entity @s {} merge value {transformation:[0.9535548276203865f,-0.2129943552325445f,-0.21299435523254417f,-1.1661741444812728f,-0.28305374691106444f,-0.3917571620330886f,-0.8754466873290383f,4.580132700430231f,0.10302313857314652f,0.8950752653463576f,-0.43385078343099154f,-2.11578443854524f,0f,0f,0f,1f],start_interpolation:0}
execute if entity @s[tag=aj.starscaller.bone.effects4] run data modify entity @s {} merge value {transformation:[1.2029980161791838f,-0.2687121698513619f,-0.2687121698513615f,-1.1661741444812728f,-0.3570986021389583f,-0.49423806067438014f,-1.1044573396536128f,4.580132700430231f,0.1299732618766501f,1.1292206146445019f,-0.5473430752668229f,-2.11578443854524f,0f,0f,0f,1f],start_interpolation:0}
execute if entity @s[tag=aj.starscaller.locator_origin.starscaller_meteorite4] at @s on origin run tp @s ^-0.96895 ^3.68258 ^-1.55395 ~-26.14823 ~-61.09789
execute if entity @s[tag=aj.starscaller.bone.core5] run data modify entity @s {} merge value {transformation:[0.7973733209287046f,0.42672929772346857f,0.4267292977234687f,3.278726830454014f,0.5670916795211822f,-0.2879803257431533f,-0.7716698510391035f,4.526630811995892f,-0.20640449144573858f,0.857303585930505f,-0.4716224628468445f,-3.426533559272999f,0f,0f,0f,1f],start_interpolation:0}
execute if entity @s[tag=aj.starscaller.bone.face17] run data modify entity @s {} merge value {transformation:[0.7973733209287046f,0.42672929772346857f,0.4267292977234687f,3.278726830454014f,0.5670916795211822f,-0.2879803257431533f,-0.7716698510391035f,4.526630811995892f,-0.20640449144573858f,0.857303585930505f,-0.4716224628468445f,-3.426533559272999f,0f,0f,0f,1f],start_interpolation:0}
execute if entity @s[tag=aj.starscaller.bone.face18] run data modify entity @s {} merge value {transformation:[0.7973733209287046f,0.42672929772346857f,0.4267292977234687f,3.278726830454014f,0.5670916795211822f,-0.2879803257431533f,-0.7716698510391035f,4.526630811995892f,-0.20640449144573858f,0.857303585930505f,-0.4716224628468445f,-3.426533559272999f,0f,0f,0f,1f],start_interpolation:0}
execute if entity @s[tag=aj.starscaller.bone.face19] run data modify entity @s {} merge value {transformation:[0.7973733209287046f,0.42672929772346857f,0.4267292977234687f,3.278726830454014f,0.5670916795211822f,-0.2879803257431533f,-0.7716698510391035f,4.526630811995892f,-0.20640449144573858f,0.857303585930505f,-0.4716224628468445f,-3.426533559272999f,0f,0f,0f,1f],start_interpolation:0}
execute if entity @s[tag=aj.starscaller.bone.face20] run data modify entity @s {} merge value {transformation:[0.7973733209287046f,0.42672929772346857f,0.4267292977234687f,3.278726830454014f,0.5670916795211822f,-0.2879803257431533f,-0.7716698510391035f,4.526630811995892f,-0.20640449144573858f,0.857303585930505f,-0.4716224628468445f,-3.426533559272999f,0f,0f,0f,1f],start_interpolation:0}
execute if entity @s[tag=aj.starscaller.bone.up5] run data modify entity @s {} merge value {transformation:[0.7973733209287046f,0.42672929772346857f,0.4267292977234687f,3.278726830454014f,0.5670916795211822f,-0.2879803257431533f,-0.7716698510391035f,4.526630811995892f,-0.20640449144573858f,0.857303585930505f,-0.4716224628468445f,-3.426533559272999f,0f,0f,0f,1f],start_interpolation:0}
execute if entity @s[tag=aj.starscaller.bone.down5] run data modify entity @s {} merge value {transformation:[0.7973733209287046f,0.42672929772346857f,0.4267292977234687f,3.278726830454014f,0.5670916795211822f,-0.2879803257431533f,-0.7716698510391035f,4.526630811995892f,-0.20640449144573858f,0.857303585930505f,-0.4716224628468445f,-3.426533559272999f,0f,0f,0f,1f],start_interpolation:0}
execute if entity @s[tag=aj.starscaller.bone.effects5] run data modify entity @s {} merge value {transformation:[1.0059605336226305f,0.5383586593420691f,0.5383586593420692f,3.278726830454014f,0.7154388459845269f,-0.3633139390969215f,-0.9735332180761547f,4.526630811995892f,-0.26039844437612936f,1.081568131442858f,-0.5949955584684672f,-3.426533559272999f,0f,0f,0f,1f],start_interpolation:0}
execute if entity @s[tag=aj.starscaller.locator_origin.starscaller_meteorite5] at @s on origin run tp @s ^4.2375 ^4.19036 ^-3.06899 ~42.13915 ~-50.50408
execute if entity @s[tag=aj.starscaller.bone.core6] run data modify entity @s {} merge value {transformation:[0.6112508138196924f,-0.5596304327879087f,-0.5596304327879082f,-1.7098971514242964f,-0.7437074598203933f,-0.16430880176269658f,-0.6479983270586467f,4.839165432588027f,0.2706873783763507f,0.8122908323752794f,-0.5166352164020698f,-3.939353523024684f,0f,0f,0f,1f],start_interpolation:0}
execute if entity @s[tag=aj.starscaller.bone.face21] run data modify entity @s {} merge value {transformation:[0.6112508138196924f,-0.5596304327879087f,-0.5596304327879082f,-1.7098971514242964f,-0.7437074598203933f,-0.16430880176269658f,-0.6479983270586467f,4.839165432588027f,0.2706873783763507f,0.8122908323752794f,-0.5166352164020698f,-3.939353523024684f,0f,0f,0f,1f],start_interpolation:0}
execute if entity @s[tag=aj.starscaller.bone.face22] run data modify entity @s {} merge value {transformation:[0.6112508138196924f,-0.5596304327879087f,-0.5596304327879082f,-1.7098971514242964f,-0.7437074598203933f,-0.16430880176269658f,-0.6479983270586467f,4.839165432588027f,0.2706873783763507f,0.8122908323752794f,-0.5166352164020698f,-3.939353523024684f,0f,0f,0f,1f],start_interpolation:0}
execute if entity @s[tag=aj.starscaller.bone.face23] run data modify entity @s {} merge value {transformation:[0.6112508138196924f,-0.5596304327879087f,-0.5596304327879082f,-1.7098971514242964f,-0.7437074598203933f,-0.16430880176269658f,-0.6479983270586467f,4.839165432588027f,0.2706873783763507f,0.8122908323752794f,-0.5166352164020698f,-3.939353523024684f,0f,0f,0f,1f],start_interpolation:0}
execute if entity @s[tag=aj.starscaller.bone.face24] run data modify entity @s {} merge value {transformation:[0.6112508138196924f,-0.5596304327879087f,-0.5596304327879082f,-1.7098971514242964f,-0.7437074598203933f,-0.16430880176269658f,-0.6479983270586467f,4.839165432588027f,0.2706873783763507f,0.8122908323752794f,-0.5166352164020698f,-3.939353523024684f,0f,0f,0f,1f],start_interpolation:0}
execute if entity @s[tag=aj.starscaller.bone.up6] run data modify entity @s {} merge value {transformation:[0.6112508138196924f,-0.5596304327879087f,-0.5596304327879082f,-1.7098971514242964f,-0.7437074598203933f,-0.16430880176269658f,-0.6479983270586467f,4.839165432588027f,0.2706873783763507f,0.8122908323752794f,-0.5166352164020698f,-3.939353523024684f,0f,0f,0f,1f],start_interpolation:0}
execute if entity @s[tag=aj.starscaller.bone.down6] run data modify entity @s {} merge value {transformation:[0.6112508138196924f,-0.5596304327879087f,-0.5596304327879082f,-2.1266198567272454f,-0.7437074598203933f,-0.16430880176269658f,-0.6479983270586467f,3.8763806994456043f,0.2706873783763507f,0.8122908323752794f,-0.5166352164020698f,-3.61054467701112f,0f,0f,0f,1f],start_interpolation:0}
execute if entity @s[tag=aj.starscaller.bone.effects6] run data modify entity @s {} merge value {transformation:[0.7711496970216594f,-0.7060257899563267f,-0.7060257899563261f,-1.7098971514242964f,-0.9382560633815678f,-0.2072908204498055f,-0.8175100994290386f,4.839165432588027f,0.34149727919067385f,1.024780360397923f,-0.6517833295134017f,-3.939353523024684f,0f,0f,0f,1f],start_interpolation:0}
execute if entity @s[tag=aj.starscaller.locator_origin.starscaller_meteorite6] at @s on origin run tp @s ^-2.13879 ^4.00981 ^-3.40234 ~-47.28766 ~-40.39085
execute if entity @s[tag=aj.starscaller.bone.core7] run data modify entity @s {} merge value {transformation:[0.9855264869830631f,0.11986981157660706f,0.11986981157660753f,0.30486469552632406f,0.15929811506618596f,-0.41300114750793704f,-0.8966906728038868f,9.91877322397035f,-0.057979772258803894f,0.9028074437163862f,-0.4261186050609633f,-4.0588908804167465f,0f,0f,0f,1f],start_interpolation:0}
execute if entity @s[tag=aj.starscaller.bone.face25] run data modify entity @s {} merge value {transformation:[0.9855264869830631f,0.11986981157660706f,0.11986981157660753f,-0.3468250158173951f,0.15929811506618596f,-0.41300114750793704f,-0.8966906728038868f,10.621830682949337f,-0.057979772258803894f,0.9028074437163862f,-0.4261186050609633f,-4.580827111727337f,0f,0f,0f,1f],start_interpolation:0}
execute if entity @s[tag=aj.starscaller.bone.face26] run data modify entity @s {} merge value {transformation:[0.9855264869830631f,0.11986981157660706f,0.11986981157660753f,-0.3468250158173951f,0.15929811506618596f,-0.41300114750793704f,-0.8966906728038868f,10.621830682949337f,-0.057979772258803894f,0.9028074437163862f,-0.4261186050609633f,-4.580827111727337f,0f,0f,0f,1f],start_interpolation:0}
execute if entity @s[tag=aj.starscaller.bone.face27] run data modify entity @s {} merge value {transformation:[0.9855264869830631f,0.11986981157660706f,0.11986981157660753f,-0.3468250158173951f,0.15929811506618596f,-0.41300114750793704f,-0.8966906728038868f,10.621830682949337f,-0.057979772258803894f,0.9028074437163862f,-0.4261186050609633f,-4.580827111727337f,0f,0f,0f,1f],start_interpolation:0}
execute if entity @s[tag=aj.starscaller.bone.face28] run data modify entity @s {} merge value {transformation:[0.9855264869830631f,0.11986981157660706f,0.11986981157660753f,-0.3468250158173951f,0.15929811506618596f,-0.41300114750793704f,-0.8966906728038868f,10.621830682949337f,-0.057979772258803894f,0.9028074437163862f,-0.4261186050609633f,-4.580827111727337f,0f,0f,0f,1f],start_interpolation:0}
execute if entity @s[tag=aj.starscaller.bone.up7] run data modify entity @s {} merge value {transformation:[0.9855264869830631f,0.11986981157660706f,0.11986981157660753f,-0.3468250158173951f,0.15929811506618596f,-0.41300114750793704f,-0.8966906728038868f,10.621830682949337f,-0.057979772258803894f,0.9028074437163862f,-0.4261186050609633f,-4.580827111727337f,0f,0f,0f,1f],start_interpolation:0}
execute if entity @s[tag=aj.starscaller.bone.down7] run data modify entity @s {} merge value {transformation:[0.9855264869830631f,0.11986981157660706f,0.11986981157660753f,-0.3468250158173951f,0.15929811506618596f,-0.41300114750793704f,-0.8966906728038868f,10.621830682949337f,-0.057979772258803894f,0.9028074437163862f,-0.4261186050609633f,-4.580827111727337f,0f,0f,0f,1f],start_interpolation:0}
execute if entity @s[tag=aj.starscaller.bone.effects7] run data modify entity @s {} merge value {transformation:[1.2433332351652162f,0.15122690520721546f,0.15122690520721604f,-0.3468250158173951f,0.20096937360585182f,-0.5210393222712185f,-1.1312586012504513f,10.621830682949337f,-0.07314686999165348f,1.1389754761065332f,-0.537588213804792f,-4.580827111727337f,0f,0f,0f,1f],start_interpolation:0}
execute if entity @s[tag=aj.starscaller.locator_origin.starscaller_meteorite7] at @s on origin run tp @s ^0.30327 ^9.91757 ^-4.08935 ~15.71162 ~-63.72642
execute if entity @s[tag=aj.starscaller.bone.core8] run data modify entity @s {} merge value {transformation:[0.7973733209287046f,-0.42672929772346885f,-0.42672929772346857f,1.7571564173363394f,-0.5670916795211822f,-0.2879803257431533f,-0.7716698510391035f,6.810492416748712f,0.20640449144573875f,0.8573035859305049f,-0.4716224628468446f,-3.7257023163485106f,0f,0f,0f,1f],start_interpolation:0}
execute if entity @s[tag=aj.starscaller.bone.face29] run data modify entity @s {} merge value {transformation:[0.7973733209287046f,-0.42672929772346885f,-0.42672929772346857f,1.7571564173363394f,-0.5670916795211822f,-0.2879803257431533f,-0.7716698510391035f,6.810492416748712f,0.20640449144573875f,0.8573035859305049f,-0.4716224628468446f,-3.7257023163485106f,0f,0f,0f,1f],start_interpolation:0}
execute if entity @s[tag=aj.starscaller.bone.face30] run data modify entity @s {} merge value {transformation:[0.7973733209287046f,-0.42672929772346885f,-0.42672929772346857f,1.7571564173363394f,-0.5670916795211822f,-0.2879803257431533f,-0.7716698510391035f,6.810492416748712f,0.20640449144573875f,0.8573035859305049f,-0.4716224628468446f,-3.7257023163485106f,0f,0f,0f,1f],start_interpolation:0}
execute if entity @s[tag=aj.starscaller.bone.face31] run data modify entity @s {} merge value {transformation:[0.7973733209287046f,-0.42672929772346885f,-0.42672929772346857f,1.7571564173363394f,-0.5670916795211822f,-0.2879803257431533f,-0.7716698510391035f,6.810492416748712f,0.20640449144573875f,0.8573035859305049f,-0.4716224628468446f,-3.7257023163485106f,0f,0f,0f,1f],start_interpolation:0}
execute if entity @s[tag=aj.starscaller.bone.face32] run data modify entity @s {} merge value {transformation:[0.7973733209287046f,-0.42672929772346885f,-0.42672929772346857f,1.7571564173363394f,-0.5670916795211822f,-0.2879803257431533f,-0.7716698510391035f,6.810492416748712f,0.20640449144573875f,0.8573035859305049f,-0.4716224628468446f,-3.7257023163485106f,0f,0f,0f,1f],start_interpolation:0}
execute if entity @s[tag=aj.starscaller.bone.up8] run data modify entity @s {} merge value {transformation:[0.7973733209287046f,-0.42672929772346885f,-0.42672929772346857f,1.7571564173363394f,-0.5670916795211822f,-0.2879803257431533f,-0.7716698510391035f,6.810492416748712f,0.20640449144573875f,0.8573035859305049f,-0.4716224628468446f,-3.7257023163485106f,0f,0f,0f,1f],start_interpolation:0}
execute if entity @s[tag=aj.starscaller.bone.down8] run data modify entity @s {} merge value {transformation:[0.7973733209287046f,-0.42672929772346885f,-0.42672929772346857f,1.7571564173363394f,-0.5670916795211822f,-0.2879803257431533f,-0.7716698510391035f,6.810492416748712f,0.20640449144573875f,0.8573035859305049f,-0.4716224628468446f,-3.7257023163485106f,0f,0f,0f,1f],start_interpolation:0}
execute if entity @s[tag=aj.starscaller.bone.effects8] run data modify entity @s {} merge value {transformation:[1.0059605336226305f,-0.5383586593420694f,-0.5383586593420691f,1.7571564173363394f,-0.7154388459845269f,-0.3633139390969215f,-0.9735332180761547f,6.810492416748712f,0.2603984443761296f,1.081568131442858f,-0.5949955584684673f,-3.7257023163485106f,0f,0f,0f,1f],start_interpolation:0}
execute if entity @s[tag=aj.starscaller.locator_origin.starscaller_meteorite8] at @s on origin run tp @s ^1.59576 ^5.90713 ^-3.16175 ~-42.13915 ~-50.50408
execute if entity @s[tag=aj.starscaller.bone.core9] run data modify entity @s {} merge value {transformation:[0.9926309906089288f,-0.08568464413982396f,-0.08568464413982384f,0.3251687834181701f,-0.11386855557762957f,-0.41772182747396003f,-0.90141135276991f,5.374876854205134f,0.041444764849143945f,0.9045256307095153f,-0.424400418067834f,-2.1390032112574073f,0f,0f,0f,1f],start_interpolation:0}
execute if entity @s[tag=aj.starscaller.bone.face33] run data modify entity @s {} merge value {transformation:[0.9926309906089288f,-0.08568464413982396f,-0.08568464413982384f,0.3251687834181701f,-0.11386855557762957f,-0.41772182747396003f,-0.90141135276991f,5.374876854205134f,0.041444764849143945f,0.9045256307095153f,-0.424400418067834f,-2.1390032112574073f,0f,0f,0f,1f],start_interpolation:0}
execute if entity @s[tag=aj.starscaller.bone.face34] run data modify entity @s {} merge value {transformation:[0.9926309906089288f,-0.08568464413982396f,-0.08568464413982384f,0.3251687834181701f,-0.11386855557762957f,-0.41772182747396003f,-0.90141135276991f,5.374876854205134f,0.041444764849143945f,0.9045256307095153f,-0.424400418067834f,-2.1390032112574073f,0f,0f,0f,1f],start_interpolation:0}
execute if entity @s[tag=aj.starscaller.bone.face35] run data modify entity @s {} merge value {transformation:[0.9926309906089288f,-0.08568464413982396f,-0.08568464413982384f,0.3251687834181701f,-0.11386855557762957f,-0.41772182747396003f,-0.90141135276991f,5.374876854205134f,0.041444764849143945f,0.9045256307095153f,-0.424400418067834f,-2.1390032112574073f,0f,0f,0f,1f],start_interpolation:0}
execute if entity @s[tag=aj.starscaller.bone.face36] run data modify entity @s {} merge value {transformation:[0.9926309906089288f,-0.08568464413982396f,-0.08568464413982384f,0.3251687834181701f,-0.11386855557762957f,-0.41772182747396003f,-0.90141135276991f,5.374876854205134f,0.041444764849143945f,0.9045256307095153f,-0.424400418067834f,-2.1390032112574073f,0f,0f,0f,1f],start_interpolation:0}
execute if entity @s[tag=aj.starscaller.bone.up9] run data modify entity @s {} merge value {transformation:[0.9926309906089288f,-0.08568464413982396f,-0.08568464413982384f,0.3251687834181701f,-0.11386855557762957f,-0.41772182747396003f,-0.90141135276991f,5.374876854205134f,0.041444764849143945f,0.9045256307095153f,-0.424400418067834f,-2.1390032112574073f,0f,0f,0f,1f],start_interpolation:0}
execute if entity @s[tag=aj.starscaller.bone.down9] run data modify entity @s {} merge value {transformation:[0.9926309906089288f,-0.08568464413982396f,-0.08568464413982384f,0.3251687834181701f,-0.11386855557762957f,-0.41772182747396003f,-0.90141135276991f,5.374876854205134f,0.041444764849143945f,0.9045256307095153f,-0.424400418067834f,-2.1390032112574073f,0f,0f,0f,1f],start_interpolation:0}
execute if entity @s[tag=aj.starscaller.bone.effects9] run data modify entity @s {} merge value {transformation:[1.2522962266160411f,-0.10809914011390592f,-0.10809914011390576f,0.3251687834181701f,-0.14365576314780212f,-0.5269948986782034f,-1.1372141776574363f,5.374876854205134f,0.05228642176659565f,1.1411431286465736f,-0.5354205612647513f,-2.1390032112574073f,0f,0f,0f,1f],start_interpolation:0}
execute if entity @s[tag=aj.starscaller.locator_origin.starscaller_meteorite9] at @s on origin run tp @s ^0.70367 ^4.50173 ^-1.53902 ~-11.41434 ~-64.34421
execute if entity @s[tag=aj.starscaller.bone.meteorite_staff_effects] run data modify entity @s {} merge value {transformation:[-0.0000066628495308802145f,8.946357548179997e-7f,-0.00000740311171029119f,-0.2757106611599963f,0.000007161836529546709f,-0.0000019976637702001213f,-0.000006687109763214611f,5.788872960735662f,-0.0000020771455540957277f,-0.000009757508202785743f,6.902898084640127e-7f,-1.1996742105543003f,0f,0f,0f,1f],start_interpolation:0}
execute if entity @s[tag=aj.starscaller.bone.meteorite_staff] run data modify entity @s {} merge value {transformation:[-1.5333627223706645f,0.13792301220110825f,-0.08069767939977085f,-0.3638175092692684f,0.05175105450131229f,-0.3079731645725186f,-1.5097054247012232f,5.955281352566069f,-0.15118432826565545f,-1.5042825145961352f,0.30168448133488923f,-0.3334337450216007f,0f,0f,0f,1f],start_interpolation:0}
execute if entity @s[tag=aj.starscaller.bone.right_arm2] run data modify entity @s {} merge value {transformation:[-0.9946136577539446f,-0.02470170585492886f,0.10066527473352328f,-0.30789653818138146f,0.033568251568418785f,0.8420831286341979f,0.5383021242353407f,6.1477363694699605f,-0.09806551022637111f,0.5387818020288896f,-0.8367181876274377f,-0.20457226461949218f,0f,0f,0f,1f],start_interpolation:0}
execute if entity @s[tag=aj.starscaller.bone.right_arm] run data modify entity @s {} merge value {transformation:[-0.9946136577539446f,-0.012416801576898177f,0.10290527123485504f,-0.311000738575606f,0.033568251568418785f,0.9007062822094739f,0.4331297330766231f,6.372912940022329f,-0.09806551022637111f,0.4342510981298579f,-0.895437959591313f,-0.09600949008702772f,0f,0f,0f,1f],start_interpolation:0}
execute if entity @s[tag=aj.starscaller.bone.left_arm2] run data modify entity @s {} merge value {transformation:[-0.9796610131198635f,-0.19993610016741248f,-0.017025135030559038f,0.48024142989491264f,-0.20030659552143637f,0.9693799564061198f,0.14205550995537142f,6.167169417260854f,-0.011898200014038365f,0.14257649163840208f,-0.9897122697372758f,0.04426340761769397f,0f,0f,0f,1f],start_interpolation:0}
execute if entity @s[tag=aj.starscaller.bone.left_arm] run data modify entity @s {} merge value {transformation:[-0.9796610131198635f,-0.18465142209277907f,0.07853758139945946f,0.31162094773173493f,-0.20030659552143637f,0.9231273888066195f,-0.3281967273232381f,6.372912940022329f,-0.011898200014038365f,-0.33725313394272044f,-0.9413388106745834f,-0.04153715086974094f,0f,0f,0f,1f],start_interpolation:0}
execute if entity @s[tag=aj.starscaller.locator_origin.player_camera] at @s on origin run tp @s ^0.03813 ^5.30897 ^-0.50109 ~5 ~-0.19013
execute if entity @s[tag=aj.starscaller.bone.head] run data modify entity @s {} merge value {transformation:[-0.9961946980917454f,0.014365507033169377f,0.08596368827345675f,-0.005095525012858457f,0f,0.9863227087897877f,-0.16482570832723767f,6.5168695451201f,-0.08715574274765885f,-0.16419849674481063f,-0.982569453103875f,-0.006986691524781499f,0f,0f,0f,1f],start_interpolation:0}
execute if entity @s[tag=aj.starscaller.bone.body_top] run data modify entity @s {} merge value {transformation:[-0.9961946980917454f,0.00028921279899504884f,0.08715526289245523f,-0.005209402552462758f,0f,0.9999944942789943f,-0.00331834472264672f,6.1231217129977455f,-0.08715574274765885f,-0.0033057174191413858f,-0.9961892133216704f,-0.005685065290994579f,0f,0f,0f,1f],start_interpolation:0}
execute if entity @s[tag=aj.starscaller.bone.body] run data modify entity @s {} merge value {transformation:[-0.9961946980917454f,0f,0.08715574274765885f,-0.005209402552462758f,0f,1f,0f,5.6856217129977455f,-0.08715574274765885f,0f,-0.9961946980917454f,-0.005685065290994579f,0f,0f,0f,1f],start_interpolation:0}
execute if entity @s[tag=aj.starscaller.bone.right_leg2] run data modify entity @s {} merge value {transformation:[-0.9854451633276531f,0.15358020686595233f,0.07287626591110728f,-0.18049325751196635f,0.1580044771135248f,0.985650586347591f,0.05939281812417779f,5.41647951176995f,-0.06270897293224273f,0.0700431416461407f,-0.9955709633281407f,-0.0939058090015612f,0f,0f,0f,1f],start_interpolation:0}
execute if entity @s[tag=aj.starscaller.bone.right_leg] run data modify entity @s {} merge value {transformation:[-0.9854451633276531f,0.14124387533366375f,0.09459385685584228f,-0.12973373981393094f,0.1580044771135248f,0.9663087338512584f,0.20317976300522528f,5.7637467129977455f,-0.06270897293224273f,0.21516876763021706f,-0.9745614327225744f,-0.016579533134451936f,0f,0f,0f,1f],start_interpolation:0}
execute if entity @s[tag=aj.starscaller.bone.left_leg2] run data modify entity @s {} merge value {transformation:[-0.9718886948084283f,0.008798380918719165f,0.23527633411964485f,0.21205058800129375f,-0.10299992444562046f,0.8827126416684752f,-0.4584859952090779f,5.418996433902018f,-0.211715328844574f,-0.46983080010985995f,-0.8569922046322023f,0.046412973961635934f,0f,0f,0f,1f],start_interpolation:0}
execute if entity @s[tag=aj.starscaller.bone.left_leg] run data modify entity @s {} merge value {transformation:[-0.9453800441555031f,-0.2580470352481067f,0.19916902297345657f,0.11931493470900542f,-0.27518436023568926f,0.9593051244402838f,-0.06330281276756966f,5.7637467129977455f,-0.17472876121066416f,-0.11465341609509051f,-0.9779184292074224f,0.005209402552462779f,0f,0f,0f,1f],start_interpolation:0}