execute if entity @s[tag=aj.starscaller.bone.core] run data modify entity @s {} merge value {transformation:[-0.844351300989535f,0.378860713532876f,0.378860713532876f,-0.4369480579574759f,0.5034778710722121f,0.8028849817499937f,0.31919545645404335f,-0.4871243421373228f,-0.18325095868200178f,0.46026108440935154f,-0.8686649643679976f,-12.690292803137702f,0f,0f,0f,1f],start_interpolation:0}
execute if entity @s[tag=aj.starscaller.bone.face1] run data modify entity @s {} merge value {transformation:[-0.844351300989535f,0.378860713532876f,0.378860713532876f,-0.4369480579574759f,0.5034778710722121f,0.8028849817499937f,0.31919545645404335f,-0.4871243421373228f,-0.18325095868200178f,0.46026108440935154f,-0.8686649643679976f,-12.690292803137702f,0f,0f,0f,1f],start_interpolation:0}
execute if entity @s[tag=aj.starscaller.bone.face2] run data modify entity @s {} merge value {transformation:[-0.844351300989535f,0.378860713532876f,0.378860713532876f,-0.4369480579574759f,0.5034778710722121f,0.8028849817499937f,0.31919545645404335f,-0.4871243421373228f,-0.18325095868200178f,0.46026108440935154f,-0.8686649643679976f,-12.690292803137702f,0f,0f,0f,1f],start_interpolation:0}
execute if entity @s[tag=aj.starscaller.bone.face3] run data modify entity @s {} merge value {transformation:[-0.844351300989535f,0.378860713532876f,0.378860713532876f,-0.4369480579574759f,0.5034778710722121f,0.8028849817499937f,0.31919545645404335f,-0.4871243421373228f,-0.18325095868200178f,0.46026108440935154f,-0.8686649643679976f,-12.690292803137702f,0f,0f,0f,1f],start_interpolation:0}
execute if entity @s[tag=aj.starscaller.bone.face4] run data modify entity @s {} merge value {transformation:[-0.844351300989535f,0.378860713532876f,0.378860713532876f,-0.4369480579574759f,0.5034778710722121f,0.8028849817499937f,0.31919545645404335f,-0.4871243421373228f,-0.18325095868200178f,0.46026108440935154f,-0.8686649643679976f,-12.690292803137702f,0f,0f,0f,1f],start_interpolation:0}
execute if entity @s[tag=aj.starscaller.bone.up] run data modify entity @s {} merge value {transformation:[-0.844351300989535f,0.378860713532876f,0.378860713532876f,-0.4369480579574759f,0.5034778710722121f,0.8028849817499937f,0.31919545645404335f,-0.4871243421373228f,-0.18325095868200178f,0.46026108440935154f,-0.8686649643679976f,-12.690292803137702f,0f,0f,0f,1f],start_interpolation:0}
execute if entity @s[tag=aj.starscaller.bone.down] run data modify entity @s {} merge value {transformation:[-0.844351300989535f,0.378860713532876f,0.378860713532876f,-0.4369480579574759f,0.5034778710722121f,0.8028849817499937f,0.31919545645404335f,-0.4871243421373228f,-0.18325095868200178f,0.46026108440935154f,-0.8686649643679976f,-12.690292803137702f,0f,0f,0f,1f],start_interpolation:0}
execute if entity @s[tag=aj.starscaller.bone.effects] run data modify entity @s {} merge value {transformation:[-1.065227620506682f,0.4779679925963555f,0.4779679925963555f,-0.4369480579574759f,0.635184115843116f,1.012914005873838f,0.4026947268946045f,-0.4871243421373228f,-0.23118811144558943f,0.5806621239081566f,-1.0959015660031681f,-12.690292803137702f,0f,0f,0f,1f],start_interpolation:0}
execute if entity @s[tag=aj.starscaller.locator_origin.starscaller_meteorite1] at @s on origin run tp @s ^-0.36187 ^0.57656 ^-12.84229 ~23.56401 ~18.61428
execute if entity @s[tag=aj.starscaller.bone.core2] run data modify entity @s {} merge value {transformation:[0.68572871138569f,-0.5146727768113063f,-0.5146727768113061f,1.6134659479459885f,-0.6839620597011158f,-0.2137966108295094f,-0.6974861361254592f,0.3526429918359013f,0.24894183109860918f,0.8303029218346486f,-0.4986231269427008f,-12.995943116413041f,0f,0f,0f,1f],start_interpolation:0}
execute if entity @s[tag=aj.starscaller.bone.face5] run data modify entity @s {} merge value {transformation:[0.68572871138569f,-0.5146727768113063f,-0.5146727768113061f,1.6134659479459885f,-0.6839620597011158f,-0.2137966108295094f,-0.6974861361254592f,0.3526429918359013f,0.24894183109860918f,0.8303029218346486f,-0.4986231269427008f,-12.995943116413041f,0f,0f,0f,1f],start_interpolation:0}
execute if entity @s[tag=aj.starscaller.bone.face6] run data modify entity @s {} merge value {transformation:[0.68572871138569f,-0.5146727768113063f,-0.5146727768113061f,1.6134659479459885f,-0.6839620597011158f,-0.2137966108295094f,-0.6974861361254592f,0.3526429918359013f,0.24894183109860918f,0.8303029218346486f,-0.4986231269427008f,-12.995943116413041f,0f,0f,0f,1f],start_interpolation:0}
execute if entity @s[tag=aj.starscaller.bone.face7] run data modify entity @s {} merge value {transformation:[0.68572871138569f,-0.5146727768113063f,-0.5146727768113061f,1.6134659479459885f,-0.6839620597011158f,-0.2137966108295094f,-0.6974861361254592f,0.3526429918359013f,0.24894183109860918f,0.8303029218346486f,-0.4986231269427008f,-12.995943116413041f,0f,0f,0f,1f],start_interpolation:0}
execute if entity @s[tag=aj.starscaller.bone.face8] run data modify entity @s {} merge value {transformation:[0.68572871138569f,-0.5146727768113063f,-0.5146727768113061f,1.6134659479459885f,-0.6839620597011158f,-0.2137966108295094f,-0.6974861361254592f,0.3526429918359013f,0.24894183109860918f,0.8303029218346486f,-0.4986231269427008f,-12.995943116413041f,0f,0f,0f,1f],start_interpolation:0}
execute if entity @s[tag=aj.starscaller.bone.up2] run data modify entity @s {} merge value {transformation:[0.68572871138569f,-0.5146727768113063f,-0.5146727768113061f,1.6134659479459885f,-0.6839620597011158f,-0.2137966108295094f,-0.6974861361254592f,0.3526429918359013f,0.24894183109860918f,0.8303029218346486f,-0.4986231269427008f,-12.995943116413041f,0f,0f,0f,1f],start_interpolation:0}
execute if entity @s[tag=aj.starscaller.bone.down2] run data modify entity @s {} merge value {transformation:[0.68572871138569f,-0.5146727768113063f,-0.5146727768113061f,1.6134659479459885f,-0.6839620597011158f,-0.2137966108295094f,-0.6974861361254592f,0.3526429918359013f,0.24894183109860918f,0.8303029218346486f,-0.4986231269427008f,-12.995943116413041f,0f,0f,0f,1f],start_interpolation:0}
execute if entity @s[tag=aj.starscaller.bone.effects2] run data modify entity @s {} merge value {transformation:[0.8651104850391476f,-0.6493075296263082f,-0.649307529626308f,1.6134659479459885f,-0.8628816897876714f,-0.26972428982984903f,-0.8799435688090818f,0.3526429918359013f,0.31406325077603503f,1.0475042848742295f,-0.6290594050370955f,-12.995943116413041f,0f,0f,0f,1f],start_interpolation:0}
execute if entity @s[tag=aj.starscaller.locator_origin.starscaller_meteorite2] at @s on origin run tp @s ^1.28082 ^-0.51179 ^-12.44616 ~-45.90744 ~-44.22566
execute if entity @s[tag=aj.starscaller.bone.core3] run data modify entity @s {} merge value {transformation:[0.4722298625381914f,-0.6232972633211065f,-0.6232972633211062f,1.8112384668202992f,-0.8283159693590529f,-0.07193452002079972f,-0.5556240453167497f,2.1208793461950024f,0.3014823574140508f,0.7786693434095096f,-0.5502567053678401f,-14.171617402785095f,0f,0f,0f,1f],start_interpolation:0}
execute if entity @s[tag=aj.starscaller.bone.face9] run data modify entity @s {} merge value {transformation:[0.4722298625381914f,-0.6232972633211065f,-0.6232972633211062f,1.8112384668202992f,-0.8283159693590529f,-0.07193452002079972f,-0.5556240453167497f,2.1208793461950024f,0.3014823574140508f,0.7786693434095096f,-0.5502567053678401f,-14.171617402785095f,0f,0f,0f,1f],start_interpolation:0}
execute if entity @s[tag=aj.starscaller.bone.face10] run data modify entity @s {} merge value {transformation:[0.4722298625381914f,-0.6232972633211065f,-0.6232972633211062f,1.8112384668202992f,-0.8283159693590529f,-0.07193452002079972f,-0.5556240453167497f,2.1208793461950024f,0.3014823574140508f,0.7786693434095096f,-0.5502567053678401f,-14.171617402785095f,0f,0f,0f,1f],start_interpolation:0}
execute if entity @s[tag=aj.starscaller.bone.face11] run data modify entity @s {} merge value {transformation:[0.4722298625381914f,-0.6232972633211065f,-0.6232972633211062f,1.8112384668202992f,-0.8283159693590529f,-0.07193452002079972f,-0.5556240453167497f,2.1208793461950024f,0.3014823574140508f,0.7786693434095096f,-0.5502567053678401f,-14.171617402785095f,0f,0f,0f,1f],start_interpolation:0}
execute if entity @s[tag=aj.starscaller.bone.face12] run data modify entity @s {} merge value {transformation:[0.4722298625381914f,-0.6232972633211065f,-0.6232972633211062f,1.8112384668202992f,-0.8283159693590529f,-0.07193452002079972f,-0.5556240453167497f,2.1208793461950024f,0.3014823574140508f,0.7786693434095096f,-0.5502567053678401f,-14.171617402785095f,0f,0f,0f,1f],start_interpolation:0}
execute if entity @s[tag=aj.starscaller.bone.up3] run data modify entity @s {} merge value {transformation:[0.4722298625381914f,-0.6232972633211065f,-0.6232972633211062f,1.8112384668202992f,-0.8283159693590529f,-0.07193452002079972f,-0.5556240453167497f,2.1208793461950024f,0.3014823574140508f,0.7786693434095096f,-0.5502567053678401f,-14.171617402785095f,0f,0f,0f,1f],start_interpolation:0}
execute if entity @s[tag=aj.starscaller.bone.down3] run data modify entity @s {} merge value {transformation:[0.4722298625381914f,-0.6232972633211065f,-0.6232972633211062f,1.8112384668202992f,-0.8283159693590529f,-0.07193452002079972f,-0.5556240453167497f,2.1208793461950024f,0.3014823574140508f,0.7786693434095096f,-0.5502567053678401f,-14.171617402785095f,0f,0f,0f,1f],start_interpolation:0}
execute if entity @s[tag=aj.starscaller.bone.effects3] run data modify entity @s {} merge value {transformation:[0.5957618496166559f,-0.786347412383626f,-0.7863474123836257f,1.8112384668202992f,-1.0449975597052648f,-0.09075208092205744f,-0.7009713599012904f,2.1208793461950024f,0.38034800661353474f,0.9823637280709214f,-0.694199961840404f,-14.171617402785095f,0f,0f,0f,1f],start_interpolation:0}
execute if entity @s[tag=aj.starscaller.locator_origin.starscaller_meteorite3] at @s on origin run tp @s ^1.22928 ^1.37046 ^-13.66334 ~-48.56143 ~-33.75371
execute if entity @s[tag=aj.starscaller.bone.core4] run data modify entity @s {} merge value {transformation:[-0.7129231466072915f,0.49585309670887306f,0.4958530967088731f,-0.030762286666460026f,0.6589520965833355f,0.7155558327993465f,0.23186630750339637f,-0.061069910790965354f,-0.23983894896364172f,0.4920462952111866f,-0.8368797535661627f,-11.781186161849078f,0f,0f,0f,1f],start_interpolation:0}
execute if entity @s[tag=aj.starscaller.bone.face13] run data modify entity @s {} merge value {transformation:[-0.7129231466072915f,0.49585309670887306f,0.4958530967088731f,-0.030762286666460026f,0.6589520965833355f,0.7155558327993465f,0.23186630750339637f,-0.061069910790965354f,-0.23983894896364172f,0.4920462952111866f,-0.8368797535661627f,-11.781186161849078f,0f,0f,0f,1f],start_interpolation:0}
execute if entity @s[tag=aj.starscaller.bone.face14] run data modify entity @s {} merge value {transformation:[-0.7129231466072915f,0.49585309670887306f,0.4958530967088731f,-0.030762286666460026f,0.6589520965833355f,0.7155558327993465f,0.23186630750339637f,-0.061069910790965354f,-0.23983894896364172f,0.4920462952111866f,-0.8368797535661627f,-11.781186161849078f,0f,0f,0f,1f],start_interpolation:0}
execute if entity @s[tag=aj.starscaller.bone.face15] run data modify entity @s {} merge value {transformation:[-0.7129231466072915f,0.49585309670887306f,0.4958530967088731f,-0.030762286666460026f,0.6589520965833355f,0.7155558327993465f,0.23186630750339637f,-0.061069910790965354f,-0.23983894896364172f,0.4920462952111866f,-0.8368797535661627f,-11.781186161849078f,0f,0f,0f,1f],start_interpolation:0}
execute if entity @s[tag=aj.starscaller.bone.face16] run data modify entity @s {} merge value {transformation:[-0.7129231466072915f,0.49585309670887306f,0.4958530967088731f,-0.030762286666460026f,0.6589520965833355f,0.7155558327993465f,0.23186630750339637f,-0.061069910790965354f,-0.23983894896364172f,0.4920462952111866f,-0.8368797535661627f,-11.781186161849078f,0f,0f,0f,1f],start_interpolation:0}
execute if entity @s[tag=aj.starscaller.bone.up4] run data modify entity @s {} merge value {transformation:[-0.7129231466072915f,0.49585309670887306f,0.4958530967088731f,-0.030762286666460026f,0.6589520965833355f,0.7155558327993465f,0.23186630750339637f,-0.061069910790965354f,-0.23983894896364172f,0.4920462952111866f,-0.8368797535661627f,-11.781186161849078f,0f,0f,0f,1f],start_interpolation:0}
execute if entity @s[tag=aj.starscaller.bone.down4] run data modify entity @s {} merge value {transformation:[-0.7129231466072915f,0.49585309670887306f,0.4958530967088731f,-0.030762286666460026f,0.6589520965833355f,0.7155558327993465f,0.23186630750339637f,-0.061069910790965354f,-0.23983894896364172f,0.4920462952111866f,-0.8368797535661627f,-11.781186161849078f,0f,0f,0f,1f],start_interpolation:0}
execute if entity @s[tag=aj.starscaller.bone.effects4] run data modify entity @s {} merge value {transformation:[-0.8994187918874704f,0.6255647545151459f,0.6255647545151459f,-0.030762286666460026f,0.8313292974721853f,0.9027401701391732f,0.29252089115994007f,-0.061069910790965354f,-0.30257911915330854f,0.6207621207105085f,-1.0558015692008165f,-11.781186161849078f,0f,0f,0f,1f],start_interpolation:0}
execute if entity @s[tag=aj.starscaller.locator_origin.starscaller_meteorite4] at @s on origin run tp @s ^0.26358 ^0.96573 ^-11.91976 ~30.64683 ~13.40697
execute if entity @s[tag=aj.starscaller.bone.core5] run data modify entity @s {} merge value {transformation:[-0.09636371053962156f,-0.7038160396335953f,-0.7038160396335948f,2.467831326930044f,-0.9353194686163959f,0.30587488519444683f,-0.17781464010150377f,-0.9447732153805681f,0.34042844610604917f,0.641157965685342f,-0.6877680830920077f,-12.789766678650672f,0f,0f,0f,1f],start_interpolation:0}
execute if entity @s[tag=aj.starscaller.bone.face17] run data modify entity @s {} merge value {transformation:[-0.09636371053962156f,-0.7038160396335953f,-0.7038160396335948f,2.467831326930044f,-0.9353194686163959f,0.30587488519444683f,-0.17781464010150377f,-0.9447732153805681f,0.34042844610604917f,0.641157965685342f,-0.6877680830920077f,-12.789766678650672f,0f,0f,0f,1f],start_interpolation:0}
execute if entity @s[tag=aj.starscaller.bone.face18] run data modify entity @s {} merge value {transformation:[-0.09636371053962156f,-0.7038160396335953f,-0.7038160396335948f,2.467831326930044f,-0.9353194686163959f,0.30587488519444683f,-0.17781464010150377f,-0.9447732153805681f,0.34042844610604917f,0.641157965685342f,-0.6877680830920077f,-12.789766678650672f,0f,0f,0f,1f],start_interpolation:0}
execute if entity @s[tag=aj.starscaller.bone.face19] run data modify entity @s {} merge value {transformation:[-0.09636371053962156f,-0.7038160396335953f,-0.7038160396335948f,2.467831326930044f,-0.9353194686163959f,0.30587488519444683f,-0.17781464010150377f,-0.9447732153805681f,0.34042844610604917f,0.641157965685342f,-0.6877680830920077f,-12.789766678650672f,0f,0f,0f,1f],start_interpolation:0}
execute if entity @s[tag=aj.starscaller.bone.face20] run data modify entity @s {} merge value {transformation:[-0.09636371053962156f,-0.7038160396335953f,-0.7038160396335948f,2.467831326930044f,-0.9353194686163959f,0.30587488519444683f,-0.17781464010150377f,-0.9447732153805681f,0.34042844610604917f,0.641157965685342f,-0.6877680830920077f,-12.789766678650672f,0f,0f,0f,1f],start_interpolation:0}
execute if entity @s[tag=aj.starscaller.bone.up5] run data modify entity @s {} merge value {transformation:[-0.09636371053962156f,-0.7038160396335953f,-0.7038160396335948f,2.467831326930044f,-0.9353194686163959f,0.30587488519444683f,-0.17781464010150377f,-0.9447732153805681f,0.34042844610604917f,0.641157965685342f,-0.6877680830920077f,-12.789766678650672f,0f,0f,0f,1f],start_interpolation:0}
execute if entity @s[tag=aj.starscaller.bone.down5] run data modify entity @s {} merge value {transformation:[-0.09636371053962156f,-0.7038160396335953f,-0.7038160396335948f,2.467831326930044f,-0.9353194686163959f,0.30587488519444683f,-0.17781464010150377f,-0.9447732153805681f,0.34042844610604917f,0.641157965685342f,-0.6877680830920077f,-12.789766678650672f,0f,0f,0f,1f],start_interpolation:0}
execute if entity @s[tag=aj.starscaller.bone.effects5] run data modify entity @s {} merge value {transformation:[-0.12157177464050357f,-0.8879293302381297f,-0.8879293302381291f,2.467831326930044f,-1.1799924164268756f,0.38588958854754396f,-0.22432969043168977f,-0.9447732153805681f,0.4294821162392317f,0.8088803479730372f,-0.8676833419382882f,-12.789766678650672f,0f,0f,0f,1f],start_interpolation:0}
execute if entity @s[tag=aj.starscaller.locator_origin.starscaller_meteorite5] at @s on origin run tp @s ^1.49589 ^-1.25282 ^-12.4425 ~-45.66071 ~-10.24249
execute if entity @s[tag=aj.starscaller.bone.core6] run data modify entity @s {} merge value {transformation:[0.6106098354492686f,0.5599801911017108f,0.5599801911017107f,-1.7486707343051897f,0.7441722627543819f,-0.16388289533611686f,-0.6475724206320671f,-1.1840226827324312f,-0.270856552809122f,0.8121358151134224f,-0.5167902336639272f,-13.10175365864902f,0f,0f,0f,1f],start_interpolation:0}
execute if entity @s[tag=aj.starscaller.bone.face21] run data modify entity @s {} merge value {transformation:[0.6106098354492686f,0.5599801911017108f,0.5599801911017107f,-1.7486707343051897f,0.7441722627543819f,-0.16388289533611686f,-0.6475724206320671f,-1.1840226827324312f,-0.270856552809122f,0.8121358151134224f,-0.5167902336639272f,-13.10175365864902f,0f,0f,0f,1f],start_interpolation:0}
execute if entity @s[tag=aj.starscaller.bone.face22] run data modify entity @s {} merge value {transformation:[0.6106098354492686f,0.5599801911017108f,0.5599801911017107f,-1.7486707343051897f,0.7441722627543819f,-0.16388289533611686f,-0.6475724206320671f,-1.1840226827324312f,-0.270856552809122f,0.8121358151134224f,-0.5167902336639272f,-13.10175365864902f,0f,0f,0f,1f],start_interpolation:0}
execute if entity @s[tag=aj.starscaller.bone.face23] run data modify entity @s {} merge value {transformation:[0.6106098354492686f,0.5599801911017108f,0.5599801911017107f,-1.7486707343051897f,0.7441722627543819f,-0.16388289533611686f,-0.6475724206320671f,-1.1840226827324312f,-0.270856552809122f,0.8121358151134224f,-0.5167902336639272f,-13.10175365864902f,0f,0f,0f,1f],start_interpolation:0}
execute if entity @s[tag=aj.starscaller.bone.face24] run data modify entity @s {} merge value {transformation:[0.6106098354492686f,0.5599801911017108f,0.5599801911017107f,-1.7486707343051897f,0.7441722627543819f,-0.16388289533611686f,-0.6475724206320671f,-1.1840226827324312f,-0.270856552809122f,0.8121358151134224f,-0.5167902336639272f,-13.10175365864902f,0f,0f,0f,1f],start_interpolation:0}
execute if entity @s[tag=aj.starscaller.bone.up6] run data modify entity @s {} merge value {transformation:[0.6106098354492686f,0.5599801911017108f,0.5599801911017107f,-1.7486707343051897f,0.7441722627543819f,-0.16388289533611686f,-0.6475724206320671f,-1.1840226827324312f,-0.270856552809122f,0.8121358151134224f,-0.5167902336639272f,-13.10175365864902f,0f,0f,0f,1f],start_interpolation:0}
execute if entity @s[tag=aj.starscaller.bone.down6] run data modify entity @s {} merge value {transformation:[0.6106098354492686f,0.5599801911017108f,0.5599801911017107f,-0.6590721663165533f,0.7441722627543819f,-0.16388289533611686f,-0.6475724206320671f,-1.327435458443344f,-0.270856552809122f,0.8121358151134224f,-0.5167902336639272f,-13.071171815932958f,0f,0f,0f,1f],start_interpolation:0}
execute if entity @s[tag=aj.starscaller.bone.effects6] run data modify entity @s {} merge value {transformation:[0.7703410432497961f,0.7064670425675648f,0.7064670425675645f,-1.7486707343051897f,0.9388424554707336f,-0.2067534999188697f,-0.816972778898103f,-1.1840226827324312f,-0.3417107084567393f,1.0245847917184032f,-0.6519788981929221f,-13.10175365864902f,0f,0f,0f,1f],start_interpolation:0}
execute if entity @s[tag=aj.starscaller.locator_origin.starscaller_meteorite6] at @s on origin run tp @s ^-0.70839 ^-1.26888 ^-12.83572 ~47.29694 ~-40.35882
execute if entity @s[tag=aj.starscaller.bone.core7] run data modify entity @s {} merge value {transformation:[-0.5703565468502869f,-0.58081555138659f,-0.5808155513865898f,1.4391288366514001f,-0.7718609157726184f,0.6208255987479976f,0.13713607345204737f,2.677725345610352f,0.2809343983346851f,0.5265252806909481f,-0.8024007680864012f,-12.778026312784199f,0f,0f,0f,1f],start_interpolation:0}
execute if entity @s[tag=aj.starscaller.bone.face25] run data modify entity @s {} merge value {transformation:[-0.5703565468502869f,-0.58081555138659f,-0.5808155513865898f,2.494367251503389f,-0.7718609157726184f,0.6208255987479976f,0.13713607345204737f,2.4756883280122515f,0.2809343983346851f,0.5265252806909481f,-0.8024007680864012f,-12.97053509542198f,0f,0f,0f,1f],start_interpolation:0}
execute if entity @s[tag=aj.starscaller.bone.face26] run data modify entity @s {} merge value {transformation:[-0.5703565468502869f,-0.58081555138659f,-0.5808155513865898f,2.494367251503389f,-0.7718609157726184f,0.6208255987479976f,0.13713607345204737f,2.4756883280122515f,0.2809343983346851f,0.5265252806909481f,-0.8024007680864012f,-12.97053509542198f,0f,0f,0f,1f],start_interpolation:0}
execute if entity @s[tag=aj.starscaller.bone.face27] run data modify entity @s {} merge value {transformation:[-0.5703565468502869f,-0.58081555138659f,-0.5808155513865898f,2.494367251503389f,-0.7718609157726184f,0.6208255987479976f,0.13713607345204737f,2.4756883280122515f,0.2809343983346851f,0.5265252806909481f,-0.8024007680864012f,-12.97053509542198f,0f,0f,0f,1f],start_interpolation:0}
execute if entity @s[tag=aj.starscaller.bone.face28] run data modify entity @s {} merge value {transformation:[-0.5703565468502869f,-0.58081555138659f,-0.5808155513865898f,2.494367251503389f,-0.7718609157726184f,0.6208255987479976f,0.13713607345204737f,2.4756883280122515f,0.2809343983346851f,0.5265252806909481f,-0.8024007680864012f,-12.97053509542198f,0f,0f,0f,1f],start_interpolation:0}
execute if entity @s[tag=aj.starscaller.bone.up7] run data modify entity @s {} merge value {transformation:[-0.5703565468502869f,-0.58081555138659f,-0.5808155513865898f,2.494367251503389f,-0.7718609157726184f,0.6208255987479976f,0.13713607345204737f,2.4756883280122515f,0.2809343983346851f,0.5265252806909481f,-0.8024007680864012f,-12.97053509542198f,0f,0f,0f,1f],start_interpolation:0}
execute if entity @s[tag=aj.starscaller.bone.down7] run data modify entity @s {} merge value {transformation:[-0.5703565468502869f,-0.58081555138659f,-0.5808155513865898f,2.494367251503389f,-0.7718609157726184f,0.6208255987479976f,0.13713607345204737f,2.4756883280122515f,0.2809343983346851f,0.5265252806909481f,-0.8024007680864012f,-12.97053509542198f,0f,0f,0f,1f],start_interpolation:0}
execute if entity @s[tag=aj.starscaller.bone.effects7] run data modify entity @s {} merge value {transformation:[-0.7195577794807818f,-0.7327527855191663f,-0.732752785519166f,2.494367251503389f,-0.973774263990582f,0.7832291778658159f,0.17300989888658266f,2.4756883280122515f,0.3544248469870505f,0.6642605645656285f,-1.0123031253456964f,-12.97053509542198f,0f,0f,0f,1f],start_interpolation:0}
execute if entity @s[tag=aj.starscaller.locator_origin.starscaller_meteorite7] at @s on origin run tp @s ^1.44687 ^2.66275 ^-12.80347 ~-35.89879 ~7.88216
execute if entity @s[tag=aj.starscaller.bone.core8] run data modify entity @s {} merge value {transformation:[-0.09636371053962156f,0.7038160396335951f,0.703816039633595f,-0.6155191619053315f,0.9353194686163959f,0.30587488519444683f,-0.17781464010150377f,1.218057888083119f,-0.3404284461060493f,0.6411579656853422f,-0.6877680830920077f,-13.044883935818625f,0f,0f,0f,1f],start_interpolation:0}
execute if entity @s[tag=aj.starscaller.bone.face29] run data modify entity @s {} merge value {transformation:[-0.09636371053962156f,0.7038160396335951f,0.703816039633595f,-0.6155191619053315f,0.9353194686163959f,0.30587488519444683f,-0.17781464010150377f,1.218057888083119f,-0.3404284461060493f,0.6411579656853422f,-0.6877680830920077f,-13.044883935818625f,0f,0f,0f,1f],start_interpolation:0}
execute if entity @s[tag=aj.starscaller.bone.face30] run data modify entity @s {} merge value {transformation:[-0.09636371053962156f,0.7038160396335951f,0.703816039633595f,-0.6155191619053315f,0.9353194686163959f,0.30587488519444683f,-0.17781464010150377f,1.218057888083119f,-0.3404284461060493f,0.6411579656853422f,-0.6877680830920077f,-13.044883935818625f,0f,0f,0f,1f],start_interpolation:0}
execute if entity @s[tag=aj.starscaller.bone.face31] run data modify entity @s {} merge value {transformation:[-0.09636371053962156f,0.7038160396335951f,0.703816039633595f,-0.6155191619053315f,0.9353194686163959f,0.30587488519444683f,-0.17781464010150377f,1.218057888083119f,-0.3404284461060493f,0.6411579656853422f,-0.6877680830920077f,-13.044883935818625f,0f,0f,0f,1f],start_interpolation:0}
execute if entity @s[tag=aj.starscaller.bone.face32] run data modify entity @s {} merge value {transformation:[-0.09636371053962156f,0.7038160396335951f,0.703816039633595f,-0.6155191619053315f,0.9353194686163959f,0.30587488519444683f,-0.17781464010150377f,1.218057888083119f,-0.3404284461060493f,0.6411579656853422f,-0.6877680830920077f,-13.044883935818625f,0f,0f,0f,1f],start_interpolation:0}
execute if entity @s[tag=aj.starscaller.bone.up8] run data modify entity @s {} merge value {transformation:[-0.09636371053962156f,0.7038160396335951f,0.703816039633595f,-0.6155191619053315f,0.9353194686163959f,0.30587488519444683f,-0.17781464010150377f,1.218057888083119f,-0.3404284461060493f,0.6411579656853422f,-0.6877680830920077f,-13.044883935818625f,0f,0f,0f,1f],start_interpolation:0}
execute if entity @s[tag=aj.starscaller.bone.down8] run data modify entity @s {} merge value {transformation:[-0.09636371053962156f,0.7038160396335951f,0.703816039633595f,-0.6155191619053315f,0.9353194686163959f,0.30587488519444683f,-0.17781464010150377f,1.218057888083119f,-0.3404284461060493f,0.6411579656853422f,-0.6877680830920077f,-13.044883935818625f,0f,0f,0f,1f],start_interpolation:0}
execute if entity @s[tag=aj.starscaller.bone.effects8] run data modify entity @s {} merge value {transformation:[-0.12157177464050357f,0.8879293302381295f,0.8879293302381293f,-0.6155191619053315f,1.1799924164268756f,0.38588958854754396f,-0.22432969043168977f,1.218057888083119f,-0.4294821162392318f,0.8088803479730374f,-0.8676833419382882f,-13.044883935818625f,0f,0f,0f,1f],start_interpolation:0}
execute if entity @s[tag=aj.starscaller.locator_origin.starscaller_meteorite8] at @s on origin run tp @s ^0.26006 ^1.84533 ^-13.03804 ~45.66071 ~-10.24249
execute if entity @s[tag=aj.starscaller.bone.core9] run data modify entity @s {} merge value {transformation:[-0.6204370273772417f,-0.554552925814702f,-0.5545529258147016f,0.5653257104044349f,-0.7369598285408503f,0.654102226301776f,0.17041270100582562f,-0.2841569527548071f,0.2682314414387933f,0.5144135787646102f,-0.8145124700127391f,-11.433944675804765f,0f,0f,0f,1f],start_interpolation:0}
execute if entity @s[tag=aj.starscaller.bone.face33] run data modify entity @s {} merge value {transformation:[-0.6204370273772417f,-0.554552925814702f,-0.5545529258147016f,0.5653257104044349f,-0.7369598285408503f,0.654102226301776f,0.17041270100582562f,-0.2841569527548071f,0.2682314414387933f,0.5144135787646102f,-0.8145124700127391f,-11.433944675804765f,0f,0f,0f,1f],start_interpolation:0}
execute if entity @s[tag=aj.starscaller.bone.face34] run data modify entity @s {} merge value {transformation:[-0.6204370273772417f,-0.554552925814702f,-0.5545529258147016f,0.5653257104044349f,-0.7369598285408503f,0.654102226301776f,0.17041270100582562f,-0.2841569527548071f,0.2682314414387933f,0.5144135787646102f,-0.8145124700127391f,-11.433944675804765f,0f,0f,0f,1f],start_interpolation:0}
execute if entity @s[tag=aj.starscaller.bone.face35] run data modify entity @s {} merge value {transformation:[-0.6204370273772417f,-0.554552925814702f,-0.5545529258147016f,0.5653257104044349f,-0.7369598285408503f,0.654102226301776f,0.17041270100582562f,-0.2841569527548071f,0.2682314414387933f,0.5144135787646102f,-0.8145124700127391f,-11.433944675804765f,0f,0f,0f,1f],start_interpolation:0}
execute if entity @s[tag=aj.starscaller.bone.face36] run data modify entity @s {} merge value {transformation:[-0.6204370273772417f,-0.554552925814702f,-0.5545529258147016f,0.5653257104044349f,-0.7369598285408503f,0.654102226301776f,0.17041270100582562f,-0.2841569527548071f,0.2682314414387933f,0.5144135787646102f,-0.8145124700127391f,-11.433944675804765f,0f,0f,0f,1f],start_interpolation:0}
execute if entity @s[tag=aj.starscaller.bone.up9] run data modify entity @s {} merge value {transformation:[-0.6204370273772417f,-0.554552925814702f,-0.5545529258147016f,0.5653257104044349f,-0.7369598285408503f,0.654102226301776f,0.17041270100582562f,-0.2841569527548071f,0.2682314414387933f,0.5144135787646102f,-0.8145124700127391f,-11.433944675804765f,0f,0f,0f,1f],start_interpolation:0}
execute if entity @s[tag=aj.starscaller.bone.down9] run data modify entity @s {} merge value {transformation:[-0.6204370273772417f,-0.554552925814702f,-0.5545529258147016f,0.5653257104044349f,-0.7369598285408503f,0.654102226301776f,0.17041270100582562f,-0.2841569527548071f,0.2682314414387933f,0.5144135787646102f,-0.8145124700127391f,-11.433944675804765f,0f,0f,0f,1f],start_interpolation:0}
execute if entity @s[tag=aj.starscaller.bone.effects9] run data modify entity @s {} merge value {transformation:[-0.7827389589768509f,-0.6996200431246035f,-0.699620043124603f,0.5653257104044349f,-0.9297432995550179f,0.8252107354782175f,0.21499145649898413f,-0.2841569527548071f,0.33839888654647143f,0.6489805272065827f,-1.0275831627047423f,-11.433944675804765f,0f,0f,0f,1f],start_interpolation:0}
execute if entity @s[tag=aj.starscaller.locator_origin.starscaller_meteorite9] at @s on origin run tp @s ^-0.5074 ^0.00491 ^-11.25697 ~-34.24861 ~9.81182
execute if entity @s[tag=aj.starscaller.bone.meteorite_staff_effects] run data modify entity @s {} merge value {transformation:[-0.0000069663205819196446f,7.452595628926029e-7f,-0.000007135472355341297f,-0.3040892992368588f,0.0000070808456405663106f,0.000002314223492908987f,-0.0000066712813341472264f,5.74925960887745f,0.0000011541241546713308f,-0.000009699946278654601f,-0.000002139869067681229f,-1.065530193800488f,0f,0f,0f,1f],start_interpolation:0}
execute if entity @s[tag=aj.starscaller.bone.meteorite_staff] run data modify entity @s {} merge value {transformation:[-1.53726881781064f,0.1148941826126096f,-0.018439623097244413f,-0.37852608458201675f,0.04464754517013862f,0.35677612182346874f,-1.4991509285985838f,5.53351789737819f,-0.10745831567853904f,-1.4954083846259174f,-0.35908576230915334f,-0.20894289959837944f,0f,0f,0f,1f],start_interpolation:0}
execute if entity @s[tag=aj.starscaller.bone.right_arm2] run data modify entity @s {} merge value {transformation:[-0.9971473412825773f,0.002902349883433346f,0.07542384330065206f,-0.3161320994021608f,0.02896056984008992f,0.937491707342019f,0.3468004960484966f,5.74794258123887f,-0.06970269125094425f,0.3479955100717539f,-0.9349014171570579f,-0.12587416158620054f,0f,0f,0f,1f],start_interpolation:0}
execute if entity @s[tag=aj.starscaller.bone.right_arm] run data modify entity @s {} merge value {transformation:[-0.9971473412825773f,0.020236350471025122f,0.07271636605813732f,-0.31107301178440455f,0.02896056984008992f,0.9922296750445189f,0.12100230310033715f,5.9959999999999996f,-0.06970269125094425f,0.122763032223314f,-0.9899852386534422f,-0.09518340353037205f,0f,0f,0f,1f],start_interpolation:0}
execute if entity @s[tag=aj.starscaller.bone.left_arm2] run data modify entity @s {} merge value {transformation:[-0.9932510372308997f,-0.10571693172219582f,0.0477106632419471f,0.456451194526714f,-0.1053070299816818f,0.9943785642510605f,0.01103179017370759f,5.774657115731621f,-0.048608707822560646f,0.005933068788083085f,-0.9988002764409794f,0.04948642611935466f,0f,0f,0f,1f],start_interpolation:0}
execute if entity @s[tag=aj.starscaller.bone.left_arm] run data modify entity @s {} merge value {transformation:[-0.9932510372308997f,-0.0829845613996608f,0.08103048567698345f,0.3115486745229364f,-0.1053070299816818f,0.9380250520643542f,-0.330180906680115f,5.9959999999999996f,-0.048608707822560646f,-0.3364856078184794f,-0.9404332136068193f,-0.04071106431308528f,0f,0f,0f,1f],start_interpolation:0}
execute if entity @s[tag=aj.starscaller.locator_origin.player_camera] at @s on origin run tp @s ^0.03837 ^4.9335 ^-0.50378 ~5 ~0
execute if entity @s[tag=aj.starscaller.bone.head] run data modify entity @s {} merge value {transformation:[-0.9961946980917454f,0.010332677360640644f,0.08654108430368199f,-0.005209402552462758f,0f,0.9929475852697799f,-0.11855417709601468f,6.139749999999999f,-0.08715574274765885f,-0.11810304265967966f,-0.989169119928756f,-0.005685065290994579f,0f,0f,0f,1f],start_interpolation:0}
execute if entity @s[tag=aj.starscaller.bone.body_top] run data modify entity @s {} merge value {transformation:[-0.9961946980917454f,0f,0.08715574274765885f,-0.005209402552462758f,0f,1f,0f,5.7459999999999996f,-0.08715574274765885f,0f,-0.9961946980917454f,-0.005685065290994579f,0f,0f,0f,1f],start_interpolation:0}
execute if entity @s[tag=aj.starscaller.bone.body] run data modify entity @s {} merge value {transformation:[-0.9961946980917454f,0f,0.08715574274765885f,-0.005209402552462758f,0f,1f,0f,5.3084999999999996f,-0.08715574274765885f,0f,-0.9961946980917454f,-0.005685065290994579f,0f,0f,0f,1f],start_interpolation:0}
execute if entity @s[tag=aj.starscaller.bone.right_leg2] run data modify entity @s {} merge value {transformation:[-0.9885833057421166f,0.13509022399749465f,0.0667358898067241f,-0.1767226953660554f,0.1388266529155067f,0.9887923444402806f,0.054925950301937095f,5.033152360446894f,-0.058567978010734996f,0.06356359773172177f,-0.9962577281984486f,-0.06129554557385081f,0f,0f,0f,1f],start_interpolation:0}
execute if entity @s[tag=aj.starscaller.bone.right_leg] run data modify entity @s {} merge value {transformation:[-0.9885833057421166f,0.130751876318955f,0.07487986676711701f,-0.12973373981393094f,0.1388266529155067f,0.9835760404955993f,0.11534874513091428f,5.3866249999999996f,-0.058567978010734996f,0.12442716504876207f,-0.9904986989136645f,-0.016579533134451936f,0f,0f,0f,1f],start_interpolation:0}
execute if entity @s[tag=aj.starscaller.bone.left_leg2] run data modify entity @s {} merge value {transformation:[-0.9775492576949332f,-0.038392539730331764f,0.20717978104327714f,0.17052198928220794f,-0.10771091328258589f,0.936132876104957f,-0.3347440775208615f,5.03281553839613f,-0.18109612900312536f,-0.34954434792815076f,-0.9192512936578154f,0.04191216902199411f,0f,0f,0f,1f],start_interpolation:0}
execute if entity @s[tag=aj.starscaller.bone.left_leg] run data modify entity @s {} merge value {transformation:[-0.9713390820027684f,-0.14248919533412874f,0.19025566216817735f,0.11931493470900542f,-0.15891914656924505f,0.9845132844629416f,-0.07401552249152749f,5.3866249999999996f,-0.17676281460681126f,-0.10212943713260891f,-0.9789404912676023f,0.005209402552462779f,0f,0f,0f,1f],start_interpolation:0}