execute if entity @s[tag=aj.starscaller.bone.core] run data modify entity @s {} merge value {transformation:[0f,-0.7071067811865476f,-0.7071067811865474f,1.7677669529663715f,-0.9396926207859081f,0.24184476264797508f,-0.241844762647975f,-2.406381518083693f,0.34202014332566844f,0.6644630243886744f,-0.6644630243886748f,-22.780390958888777f,0f,0f,0f,1f],start_interpolation:0}
execute if entity @s[tag=aj.starscaller.bone.face1] run data modify entity @s {} merge value {transformation:[0f,-0.7071067811865476f,-0.7071067811865474f,1.7677669529663715f,-0.9396926207859081f,0.24184476264797508f,-0.241844762647975f,-2.406381518083693f,0.34202014332566844f,0.6644630243886744f,-0.6644630243886748f,-22.780390958888777f,0f,0f,0f,1f],start_interpolation:0}
execute if entity @s[tag=aj.starscaller.bone.face2] run data modify entity @s {} merge value {transformation:[0f,-0.7071067811865476f,-0.7071067811865474f,1.7677669529663715f,-0.9396926207859081f,0.24184476264797508f,-0.241844762647975f,-2.406381518083693f,0.34202014332566844f,0.6644630243886744f,-0.6644630243886748f,-22.780390958888777f,0f,0f,0f,1f],start_interpolation:0}
execute if entity @s[tag=aj.starscaller.bone.face3] run data modify entity @s {} merge value {transformation:[0f,-0.7071067811865476f,-0.7071067811865474f,1.7677669529663715f,-0.9396926207859081f,0.24184476264797508f,-0.241844762647975f,-2.406381518083693f,0.34202014332566844f,0.6644630243886744f,-0.6644630243886748f,-22.780390958888777f,0f,0f,0f,1f],start_interpolation:0}
execute if entity @s[tag=aj.starscaller.bone.face4] run data modify entity @s {} merge value {transformation:[0f,-0.7071067811865476f,-0.7071067811865474f,1.7677669529663715f,-0.9396926207859081f,0.24184476264797508f,-0.241844762647975f,-2.406381518083693f,0.34202014332566844f,0.6644630243886744f,-0.6644630243886748f,-22.780390958888777f,0f,0f,0f,1f],start_interpolation:0}
execute if entity @s[tag=aj.starscaller.bone.up] run data modify entity @s {} merge value {transformation:[0f,-0.7071067811865476f,-0.7071067811865474f,1.7677669529663715f,-0.9396926207859081f,0.24184476264797508f,-0.241844762647975f,-2.406381518083693f,0.34202014332566844f,0.6644630243886744f,-0.6644630243886748f,-22.780390958888777f,0f,0f,0f,1f],start_interpolation:0}
execute if entity @s[tag=aj.starscaller.bone.down] run data modify entity @s {} merge value {transformation:[0f,-0.7071067811865476f,-0.7071067811865474f,1.7677669529663715f,-0.9396926207859081f,0.24184476264797508f,-0.241844762647975f,-2.406381518083693f,0.34202014332566844f,0.6644630243886744f,-0.6644630243886748f,-22.780390958888777f,0f,0f,0f,1f],start_interpolation:0}
execute if entity @s[tag=aj.starscaller.bone.effects] run data modify entity @s {} merge value {transformation:[0f,-0.892080906471915f,-0.8920809064719147f,1.7677669529663715f,-1.1855095542274376f,0.3051096394896166f,-0.3051096394896165f,-2.406381518083693f,0.43149019017698137f,0.8382818449556623f,-0.8382818449556626f,-22.780390958888777f,0f,0f,0f,1f],start_interpolation:0}
execute if entity @s[tag=aj.starscaller.locator_origin.starscaller_meteorite1] at @s on origin run tp @s ^0.83969 ^-2.80065 ^-22.40174 ~-46.78082 ~-13.99545
execute if entity @s[tag=aj.starscaller.bone.core2] run data modify entity @s {} merge value {transformation:[-0.5000000000000004f,-0.6123724356957947f,-0.6123724356957944f,1.79866686360432f,-0.8137976813493737f,0.5740762748423127f,0.09038674954636233f,-3.7264127990561935f,0.29619813272602347f,0.5435406430646871f,-0.7853854057126624f,-22.299938864314502f,0f,0f,0f,1f],start_interpolation:0}
execute if entity @s[tag=aj.starscaller.bone.face5] run data modify entity @s {} merge value {transformation:[-0.5000000000000004f,-0.6123724356957947f,-0.6123724356957944f,1.79866686360432f,-0.8137976813493737f,0.5740762748423127f,0.09038674954636233f,-3.7264127990561935f,0.29619813272602347f,0.5435406430646871f,-0.7853854057126624f,-22.299938864314502f,0f,0f,0f,1f],start_interpolation:0}
execute if entity @s[tag=aj.starscaller.bone.face6] run data modify entity @s {} merge value {transformation:[-0.5000000000000004f,-0.6123724356957947f,-0.6123724356957944f,1.79866686360432f,-0.8137976813493737f,0.5740762748423127f,0.09038674954636233f,-3.7264127990561935f,0.29619813272602347f,0.5435406430646871f,-0.7853854057126624f,-22.299938864314502f,0f,0f,0f,1f],start_interpolation:0}
execute if entity @s[tag=aj.starscaller.bone.face7] run data modify entity @s {} merge value {transformation:[-0.5000000000000004f,-0.6123724356957947f,-0.6123724356957944f,1.79866686360432f,-0.8137976813493737f,0.5740762748423127f,0.09038674954636233f,-3.7264127990561935f,0.29619813272602347f,0.5435406430646871f,-0.7853854057126624f,-22.299938864314502f,0f,0f,0f,1f],start_interpolation:0}
execute if entity @s[tag=aj.starscaller.bone.face8] run data modify entity @s {} merge value {transformation:[-0.5000000000000004f,-0.6123724356957947f,-0.6123724356957944f,1.79866686360432f,-0.8137976813493737f,0.5740762748423127f,0.09038674954636233f,-3.7264127990561935f,0.29619813272602347f,0.5435406430646871f,-0.7853854057126624f,-22.299938864314502f,0f,0f,0f,1f],start_interpolation:0}
execute if entity @s[tag=aj.starscaller.bone.up2] run data modify entity @s {} merge value {transformation:[-0.5000000000000004f,-0.6123724356957947f,-0.6123724356957944f,1.79866686360432f,-0.8137976813493737f,0.5740762748423127f,0.09038674954636233f,-3.7264127990561935f,0.29619813272602347f,0.5435406430646871f,-0.7853854057126624f,-22.299938864314502f,0f,0f,0f,1f],start_interpolation:0}
execute if entity @s[tag=aj.starscaller.bone.down2] run data modify entity @s {} merge value {transformation:[-0.5000000000000004f,-0.6123724356957947f,-0.6123724356957944f,1.79866686360432f,-0.8137976813493737f,0.5740762748423127f,0.09038674954636233f,-3.7264127990561935f,0.29619813272602347f,0.5435406430646871f,-0.7853854057126624f,-22.299938864314502f,0f,0f,0f,1f],start_interpolation:0}
execute if entity @s[tag=aj.starscaller.bone.effects2] run data modify entity @s {} merge value {transformation:[-0.6307964583333339f,-0.7725647272357283f,-0.772564727235728f,1.79866686360432f,-1.0266813903901268f,0.7242505619674482f,0.11403128298821476f,-3.7264127990561935f,0.3736814661770444f,0.6857270252108542f,-0.9908366647004709f,-22.299938864314502f,0f,0f,0f,1f],start_interpolation:0}
execute if entity @s[tag=aj.starscaller.locator_origin.starscaller_meteorite2] at @s on origin run tp @s ^0.74493 ^-3.62168 ^-22.10291 ~-37.94388 ~5.18586
execute if entity @s[tag=aj.starscaller.bone.core3] run data modify entity @s {} merge value {transformation:[-0.7660444431189775f,-0.45451947767204387f,-0.4545194776720436f,1.008066977524924f,-0.6040227735550536f,0.750852970138949f,0.2671634448429989f,-3.5621528070595048f,0.21984631039295394f,0.4791991878647647f,-0.8497268609125841f,-22.891813498320058f,0f,0f,0f,1f],start_interpolation:0}
execute if entity @s[tag=aj.starscaller.bone.face9] run data modify entity @s {} merge value {transformation:[-0.7660444431189775f,-0.45451947767204387f,-0.4545194776720436f,1.008066977524924f,-0.6040227735550536f,0.750852970138949f,0.2671634448429989f,-3.5621528070595048f,0.21984631039295394f,0.4791991878647647f,-0.8497268609125841f,-22.891813498320058f,0f,0f,0f,1f],start_interpolation:0}
execute if entity @s[tag=aj.starscaller.bone.face10] run data modify entity @s {} merge value {transformation:[-0.7660444431189775f,-0.45451947767204387f,-0.4545194776720436f,1.008066977524924f,-0.6040227735550536f,0.750852970138949f,0.2671634448429989f,-3.5621528070595048f,0.21984631039295394f,0.4791991878647647f,-0.8497268609125841f,-22.891813498320058f,0f,0f,0f,1f],start_interpolation:0}
execute if entity @s[tag=aj.starscaller.bone.face11] run data modify entity @s {} merge value {transformation:[-0.7660444431189775f,-0.45451947767204387f,-0.4545194776720436f,1.008066977524924f,-0.6040227735550536f,0.750852970138949f,0.2671634448429989f,-3.5621528070595048f,0.21984631039295394f,0.4791991878647647f,-0.8497268609125841f,-22.891813498320058f,0f,0f,0f,1f],start_interpolation:0}
execute if entity @s[tag=aj.starscaller.bone.face12] run data modify entity @s {} merge value {transformation:[-0.7660444431189775f,-0.45451947767204387f,-0.4545194776720436f,1.008066977524924f,-0.6040227735550536f,0.750852970138949f,0.2671634448429989f,-3.5621528070595048f,0.21984631039295394f,0.4791991878647647f,-0.8497268609125841f,-22.891813498320058f,0f,0f,0f,1f],start_interpolation:0}
execute if entity @s[tag=aj.starscaller.bone.up3] run data modify entity @s {} merge value {transformation:[-0.7660444431189775f,-0.45451947767204387f,-0.4545194776720436f,1.008066977524924f,-0.6040227735550536f,0.750852970138949f,0.2671634448429989f,-3.5621528070595048f,0.21984631039295394f,0.4791991878647647f,-0.8497268609125841f,-22.891813498320058f,0f,0f,0f,1f],start_interpolation:0}
execute if entity @s[tag=aj.starscaller.bone.down3] run data modify entity @s {} merge value {transformation:[-0.7660444431189775f,-0.45451947767204387f,-0.4545194776720436f,1.008066977524924f,-0.6040227735550536f,0.750852970138949f,0.2671634448429989f,-3.5621528070595048f,0.21984631039295394f,0.4791991878647647f,-0.8497268609125841f,-22.891813498320058f,0f,0f,0f,1f],start_interpolation:0}
execute if entity @s[tag=aj.starscaller.bone.effects3] run data modify entity @s {} merge value {transformation:[-0.9664362432907632f,-0.5734185535180837f,-0.5734185535180834f,1.008066977524924f,-0.7620308526224097f,0.9472707885854262f,0.3370515096061931f,-3.5621528070595048f,0.27735654794705206f,0.6045543010826064f,-1.0720093888287179f,-22.891813498320058f,0f,0f,0f,1f],start_interpolation:0}
execute if entity @s[tag=aj.starscaller.locator_origin.starscaller_meteorite3] at @s on origin run tp @s ^0.02849 ^-3.12051 ^-22.8174 ~-28.14236 ~15.49554
execute if entity @s[tag=aj.starscaller.bone.core4] run data modify entity @s {} merge value {transformation:[-0.5000000000000001f,-0.612372435695795f,-0.6123724356957947f,0.276230373065417f,-0.8137976813493741f,0.5740762748423125f,0.09038674954636206f,-1.5994286187361086f,0.2961981327260237f,0.5435406430646871f,-0.7853854057126624f,-22.009920022230197f,0f,0f,0f,1f],start_interpolation:0}
execute if entity @s[tag=aj.starscaller.bone.face13] run data modify entity @s {} merge value {transformation:[-0.5000000000000001f,-0.612372435695795f,-0.6123724356957947f,0.276230373065417f,-0.8137976813493741f,0.5740762748423125f,0.09038674954636206f,-1.5994286187361086f,0.2961981327260237f,0.5435406430646871f,-0.7853854057126624f,-22.009920022230197f,0f,0f,0f,1f],start_interpolation:0}
execute if entity @s[tag=aj.starscaller.bone.face14] run data modify entity @s {} merge value {transformation:[-0.5000000000000001f,-0.612372435695795f,-0.6123724356957947f,0.276230373065417f,-0.8137976813493741f,0.5740762748423125f,0.09038674954636206f,-1.5994286187361086f,0.2961981327260237f,0.5435406430646871f,-0.7853854057126624f,-22.009920022230197f,0f,0f,0f,1f],start_interpolation:0}
execute if entity @s[tag=aj.starscaller.bone.face15] run data modify entity @s {} merge value {transformation:[-0.5000000000000001f,-0.612372435695795f,-0.6123724356957947f,0.276230373065417f,-0.8137976813493741f,0.5740762748423125f,0.09038674954636206f,-1.5994286187361086f,0.2961981327260237f,0.5435406430646871f,-0.7853854057126624f,-22.009920022230197f,0f,0f,0f,1f],start_interpolation:0}
execute if entity @s[tag=aj.starscaller.bone.face16] run data modify entity @s {} merge value {transformation:[-0.5000000000000001f,-0.612372435695795f,-0.6123724356957947f,0.276230373065417f,-0.8137976813493741f,0.5740762748423125f,0.09038674954636206f,-1.5994286187361086f,0.2961981327260237f,0.5435406430646871f,-0.7853854057126624f,-22.009920022230197f,0f,0f,0f,1f],start_interpolation:0}
execute if entity @s[tag=aj.starscaller.bone.up4] run data modify entity @s {} merge value {transformation:[-0.5000000000000001f,-0.612372435695795f,-0.6123724356957947f,0.276230373065417f,-0.8137976813493741f,0.5740762748423125f,0.09038674954636206f,-1.5994286187361086f,0.2961981327260237f,0.5435406430646871f,-0.7853854057126624f,-22.009920022230197f,0f,0f,0f,1f],start_interpolation:0}
execute if entity @s[tag=aj.starscaller.bone.down4] run data modify entity @s {} merge value {transformation:[-0.5000000000000001f,-0.612372435695795f,-0.6123724356957947f,0.276230373065417f,-0.8137976813493741f,0.5740762748423125f,0.09038674954636206f,-1.5994286187361086f,0.2961981327260237f,0.5435406430646871f,-0.7853854057126624f,-22.009920022230197f,0f,0f,0f,1f],start_interpolation:0}
execute if entity @s[tag=aj.starscaller.bone.effects4] run data modify entity @s {} merge value {transformation:[-0.6307964583333334f,-0.7725647272357288f,-0.7725647272357283f,0.276230373065417f,-1.0266813903901275f,0.724250561967448f,0.11403128298821441f,-1.5994286187361086f,0.3736814661770447f,0.6857270252108542f,-0.9908366647004709f,-22.009920022230197f,0f,0f,0f,1f],start_interpolation:0}
execute if entity @s[tag=aj.starscaller.locator_origin.starscaller_meteorite4] at @s on origin run tp @s ^-0.77751 ^-1.4947 ^-21.81289 ~-37.94388 ~5.18586
execute if entity @s[tag=aj.starscaller.bone.core5] run data modify entity @s {} merge value {transformation:[-0.9362742889096982f,0.2483852410335997f,0.24838524103359982f,-0.10082329840807036f,0.33008561694139127f,0.863964408314269f,0.3802748830183188f,-4.559627261692851f,-0.12014133932606214f,0.4380299912139069f,-0.8908960575634423f,-22.262718044273626f,0f,0f,0f,1f],start_interpolation:0}
execute if entity @s[tag=aj.starscaller.bone.face17] run data modify entity @s {} merge value {transformation:[-0.9362742889096982f,0.2483852410335997f,0.24838524103359982f,-0.10082329840807036f,0.33008561694139127f,0.863964408314269f,0.3802748830183188f,-4.559627261692851f,-0.12014133932606214f,0.4380299912139069f,-0.8908960575634423f,-22.262718044273626f,0f,0f,0f,1f],start_interpolation:0}
execute if entity @s[tag=aj.starscaller.bone.face18] run data modify entity @s {} merge value {transformation:[-0.9362742889096982f,0.2483852410335997f,0.24838524103359982f,-0.10082329840807036f,0.33008561694139127f,0.863964408314269f,0.3802748830183188f,-4.559627261692851f,-0.12014133932606214f,0.4380299912139069f,-0.8908960575634423f,-22.262718044273626f,0f,0f,0f,1f],start_interpolation:0}
execute if entity @s[tag=aj.starscaller.bone.face19] run data modify entity @s {} merge value {transformation:[-0.9362742889096982f,0.2483852410335997f,0.24838524103359982f,-0.10082329840807036f,0.33008561694139127f,0.863964408314269f,0.3802748830183188f,-4.559627261692851f,-0.12014133932606214f,0.4380299912139069f,-0.8908960575634423f,-22.262718044273626f,0f,0f,0f,1f],start_interpolation:0}
execute if entity @s[tag=aj.starscaller.bone.face20] run data modify entity @s {} merge value {transformation:[-0.9362742889096982f,0.2483852410335997f,0.24838524103359982f,-0.10082329840807036f,0.33008561694139127f,0.863964408314269f,0.3802748830183188f,-4.559627261692851f,-0.12014133932606214f,0.4380299912139069f,-0.8908960575634423f,-22.262718044273626f,0f,0f,0f,1f],start_interpolation:0}
execute if entity @s[tag=aj.starscaller.bone.up5] run data modify entity @s {} merge value {transformation:[-0.9362742889096982f,0.2483852410335997f,0.24838524103359982f,-0.10082329840807036f,0.33008561694139127f,0.863964408314269f,0.3802748830183188f,-4.559627261692851f,-0.12014133932606214f,0.4380299912139069f,-0.8908960575634423f,-22.262718044273626f,0f,0f,0f,1f],start_interpolation:0}
execute if entity @s[tag=aj.starscaller.bone.down5] run data modify entity @s {} merge value {transformation:[-0.9362742889096982f,0.2483852410335997f,0.24838524103359982f,-0.10082329840807036f,0.33008561694139127f,0.863964408314269f,0.3802748830183188f,-4.559627261692851f,-0.12014133932606214f,0.4380299912139069f,-0.8908960575634423f,-22.262718044273626f,0f,0f,0f,1f],start_interpolation:0}
execute if entity @s[tag=aj.starscaller.bone.effects5] run data modify entity @s {} merge value {transformation:[-1.1811970109455954f,0.31336106069253206f,0.3133610606925322f,-0.10082329840807036f,0.4164336762268059f,1.0899713777813895f,0.47975209880215625f,-4.559627261692851f,-0.15156946269260643f,0.5526155342030271f,-1.1239481557082975f,-22.262718044273626f,0f,0f,0f,1f],start_interpolation:0}
execute if entity @s[tag=aj.starscaller.locator_origin.starscaller_meteorite5] at @s on origin run tp @s ^-0.24295 ^-3.50248 ^-22.41234 ~15.57867 ~22.35071
execute if entity @s[tag=aj.starscaller.bone.core6] run data modify entity @s {} merge value {transformation:[-0.7034257166187625f,0.5025894254753972f,0.5025894254753973f,0.18046238677063253f,0.6679041793542977f,0.7092451417452488f,0.22555561644929883f,-5.513206762758284f,-0.24309724062695925f,0.4943431989125281f,-0.834582849864821f,-22.31471015455786f,0f,0f,0f,1f],start_interpolation:0}
execute if entity @s[tag=aj.starscaller.bone.face21] run data modify entity @s {} merge value {transformation:[-0.7034257166187625f,0.5025894254753972f,0.5025894254753973f,0.18046238677063253f,0.6679041793542977f,0.7092451417452488f,0.22555561644929883f,-5.513206762758284f,-0.24309724062695925f,0.4943431989125281f,-0.834582849864821f,-22.31471015455786f,0f,0f,0f,1f],start_interpolation:0}
execute if entity @s[tag=aj.starscaller.bone.face22] run data modify entity @s {} merge value {transformation:[-0.7034257166187625f,0.5025894254753972f,0.5025894254753973f,0.18046238677063253f,0.6679041793542977f,0.7092451417452488f,0.22555561644929883f,-5.513206762758284f,-0.24309724062695925f,0.4943431989125281f,-0.834582849864821f,-22.31471015455786f,0f,0f,0f,1f],start_interpolation:0}
execute if entity @s[tag=aj.starscaller.bone.face23] run data modify entity @s {} merge value {transformation:[-0.7034257166187625f,0.5025894254753972f,0.5025894254753973f,0.18046238677063253f,0.6679041793542977f,0.7092451417452488f,0.22555561644929883f,-5.513206762758284f,-0.24309724062695925f,0.4943431989125281f,-0.834582849864821f,-22.31471015455786f,0f,0f,0f,1f],start_interpolation:0}
execute if entity @s[tag=aj.starscaller.bone.face24] run data modify entity @s {} merge value {transformation:[-0.7034257166187625f,0.5025894254753972f,0.5025894254753973f,0.18046238677063253f,0.6679041793542977f,0.7092451417452488f,0.22555561644929883f,-5.513206762758284f,-0.24309724062695925f,0.4943431989125281f,-0.834582849864821f,-22.31471015455786f,0f,0f,0f,1f],start_interpolation:0}
execute if entity @s[tag=aj.starscaller.bone.up6] run data modify entity @s {} merge value {transformation:[-0.7034257166187625f,0.5025894254753972f,0.5025894254753973f,0.18046238677063253f,0.6679041793542977f,0.7092451417452488f,0.22555561644929883f,-5.513206762758284f,-0.24309724062695925f,0.4943431989125281f,-0.834582849864821f,-22.31471015455786f,0f,0f,0f,1f],start_interpolation:0}
execute if entity @s[tag=aj.starscaller.bone.down6] run data modify entity @s {} merge value {transformation:[-0.7034257166187625f,0.5025894254753972f,0.5025894254753973f,0.4696992943239303f,0.6679041793542977f,0.7092451417452488f,0.22555561644929883f,-4.523611504514449f,-0.24309724062695925f,0.4943431989125281f,-0.834582849864821f,-22.6965095113858f,0f,0f,0f,1f],start_interpolation:0}
execute if entity @s[tag=aj.starscaller.bone.effects6] run data modify entity @s {} merge value {transformation:[-0.8874369014874047f,0.6340632591713307f,0.6340632591713308f,0.18046238677063253f,0.8426231816854448f,0.8947786470060518f,0.28455936802681886f,-5.513206762758284f,-0.306689756836184f,0.6236598781503865f,-1.0529038117609382f,-22.31471015455786f,0f,0f,0f,1f],start_interpolation:0}
execute if entity @s[tag=aj.starscaller.locator_origin.starscaller_meteorite6] at @s on origin run tp @s ^0.4884 ^-4.49022 ^-22.4519 ~31.05653 ~13.03555
execute if entity @s[tag=aj.starscaller.bone.core7] run data modify entity @s {} merge value {transformation:[-0.6379953540393062f,0.5445006557499544f,0.5445006557499543f,-0.2718163726078936f,0.7236011050024624f,0.6657690851388558f,0.18207955984290541f,-2.8330573686355924f,-0.26336926370302904f,0.5101671894205277f,-0.8187588593568216f,-21.560916076987333f,0f,0f,0f,1f],start_interpolation:0}
execute if entity @s[tag=aj.starscaller.bone.face25] run data modify entity @s {} merge value {transformation:[-0.6379953540393062f,0.5445006557499544f,0.5445006557499543f,-0.6747316178108337f,0.7236011050024624f,0.6657690851388558f,0.18207955984290541f,-3.842412622555072f,-0.26336926370302904f,0.5101671894205277f,-0.8187588593568216f,-21.459585052023844f,0f,0f,0f,1f],start_interpolation:0}
execute if entity @s[tag=aj.starscaller.bone.face26] run data modify entity @s {} merge value {transformation:[-0.6379953540393062f,0.5445006557499544f,0.5445006557499543f,-0.6747316178108337f,0.7236011050024624f,0.6657690851388558f,0.18207955984290541f,-3.842412622555072f,-0.26336926370302904f,0.5101671894205277f,-0.8187588593568216f,-21.459585052023844f,0f,0f,0f,1f],start_interpolation:0}
execute if entity @s[tag=aj.starscaller.bone.face27] run data modify entity @s {} merge value {transformation:[-0.6379953540393062f,0.5445006557499544f,0.5445006557499543f,-0.6747316178108337f,0.7236011050024624f,0.6657690851388558f,0.18207955984290541f,-3.842412622555072f,-0.26336926370302904f,0.5101671894205277f,-0.8187588593568216f,-21.459585052023844f,0f,0f,0f,1f],start_interpolation:0}
execute if entity @s[tag=aj.starscaller.bone.face28] run data modify entity @s {} merge value {transformation:[-0.6379953540393062f,0.5445006557499544f,0.5445006557499543f,-0.6747316178108337f,0.7236011050024624f,0.6657690851388558f,0.18207955984290541f,-3.842412622555072f,-0.26336926370302904f,0.5101671894205277f,-0.8187588593568216f,-21.459585052023844f,0f,0f,0f,1f],start_interpolation:0}
execute if entity @s[tag=aj.starscaller.bone.up7] run data modify entity @s {} merge value {transformation:[-0.6379953540393062f,0.5445006557499544f,0.5445006557499543f,-0.6747316178108337f,0.7236011050024624f,0.6657690851388558f,0.18207955984290541f,-3.842412622555072f,-0.26336926370302904f,0.5101671894205277f,-0.8187588593568216f,-21.459585052023844f,0f,0f,0f,1f],start_interpolation:0}
execute if entity @s[tag=aj.starscaller.bone.down7] run data modify entity @s {} merge value {transformation:[-0.6379953540393062f,0.5445006557499544f,0.5445006557499543f,-0.6747316178108337f,0.7236011050024624f,0.6657690851388558f,0.18207955984290541f,-3.842412622555072f,-0.26336926370302904f,0.5101671894205277f,-0.8187588593568216f,-21.459585052023844f,0f,0f,0f,1f],start_interpolation:0}
execute if entity @s[tag=aj.starscaller.bone.effects7] run data modify entity @s {} merge value {transformation:[-0.8048904195222308f,0.6869381704144976f,0.6869381704144975f,-0.6747316178108337f,0.9128900285632795f,0.8399295619468273f,0.2297102829675939f,-3.842412622555072f,-0.33226479755545685f,0.6436233124886794f,-1.0329403774226456f,-21.459585052023844f,0f,0f,0f,1f],start_interpolation:0}
execute if entity @s[tag=aj.starscaller.locator_origin.starscaller_meteorite7] at @s on origin run tp @s ^-0.27907 ^-2.84863 ^-21.58614 ~33.62517 ~10.49091
execute if entity @s[tag=aj.starscaller.bone.core8] run data modify entity @s {} merge value {transformation:[-0.9362742889096982f,-0.24838524103359985f,-0.2483852410335996f,-0.22447563788288483f,-0.33008561694139127f,0.863964408314269f,0.3802748830183188f,-3.2576548086877706f,0.12014133932606191f,0.4380299912139069f,-0.8908960575634423f,-22.204508376764075f,0f,0f,0f,1f],start_interpolation:0}
execute if entity @s[tag=aj.starscaller.bone.face29] run data modify entity @s {} merge value {transformation:[-0.9362742889096982f,-0.24838524103359985f,-0.2483852410335996f,-0.22447563788288483f,-0.33008561694139127f,0.863964408314269f,0.3802748830183188f,-3.2576548086877706f,0.12014133932606191f,0.4380299912139069f,-0.8908960575634423f,-22.204508376764075f,0f,0f,0f,1f],start_interpolation:0}
execute if entity @s[tag=aj.starscaller.bone.face30] run data modify entity @s {} merge value {transformation:[-0.9362742889096982f,-0.24838524103359985f,-0.2483852410335996f,-0.22447563788288483f,-0.33008561694139127f,0.863964408314269f,0.3802748830183188f,-3.2576548086877706f,0.12014133932606191f,0.4380299912139069f,-0.8908960575634423f,-22.204508376764075f,0f,0f,0f,1f],start_interpolation:0}
execute if entity @s[tag=aj.starscaller.bone.face31] run data modify entity @s {} merge value {transformation:[-0.9362742889096982f,-0.24838524103359985f,-0.2483852410335996f,-0.22447563788288483f,-0.33008561694139127f,0.863964408314269f,0.3802748830183188f,-3.2576548086877706f,0.12014133932606191f,0.4380299912139069f,-0.8908960575634423f,-22.204508376764075f,0f,0f,0f,1f],start_interpolation:0}
execute if entity @s[tag=aj.starscaller.bone.face32] run data modify entity @s {} merge value {transformation:[-0.9362742889096982f,-0.24838524103359985f,-0.2483852410335996f,-0.22447563788288483f,-0.33008561694139127f,0.863964408314269f,0.3802748830183188f,-3.2576548086877706f,0.12014133932606191f,0.4380299912139069f,-0.8908960575634423f,-22.204508376764075f,0f,0f,0f,1f],start_interpolation:0}
execute if entity @s[tag=aj.starscaller.bone.up8] run data modify entity @s {} merge value {transformation:[-0.9362742889096982f,-0.24838524103359985f,-0.2483852410335996f,-0.22447563788288483f,-0.33008561694139127f,0.863964408314269f,0.3802748830183188f,-3.2576548086877706f,0.12014133932606191f,0.4380299912139069f,-0.8908960575634423f,-22.204508376764075f,0f,0f,0f,1f],start_interpolation:0}
execute if entity @s[tag=aj.starscaller.bone.down8] run data modify entity @s {} merge value {transformation:[-0.9362742889096982f,-0.24838524103359985f,-0.2483852410335996f,-0.22447563788288483f,-0.33008561694139127f,0.863964408314269f,0.3802748830183188f,-3.2576548086877706f,0.12014133932606191f,0.4380299912139069f,-0.8908960575634423f,-22.204508376764075f,0f,0f,0f,1f],start_interpolation:0}
execute if entity @s[tag=aj.starscaller.bone.effects8] run data modify entity @s {} merge value {transformation:[-1.1811970109455954f,-0.3133610606925322f,-0.31336106069253195f,-0.22447563788288483f,-0.4164336762268059f,1.0899713777813895f,0.47975209880215625f,-3.2576548086877706f,0.15156946269260616f,0.5526155342030271f,-1.1239481557082975f,-22.204508376764075f,0f,0f,0f,1f],start_interpolation:0}
execute if entity @s[tag=aj.starscaller.locator_origin.starscaller_meteorite8] at @s on origin run tp @s ^-1.01862 ^-2.53059 ^-22.23399 ~-15.57867 ~22.35071
execute if entity @s[tag=aj.starscaller.bone.core9] run data modify entity @s {} merge value {transformation:[-0.7388377077021449f,0.47650752443032823f,0.47650752443032834f,-1.167924310607852f,0.6332432616538723f,0.7327751004401377f,0.2490855751441876f,-4.100828178179128f,-0.23048169829165388f,0.48577899433407523f,-0.8431470544432738f,-20.833440595467366f,0f,0f,0f,1f],start_interpolation:0}
execute if entity @s[tag=aj.starscaller.bone.face33] run data modify entity @s {} merge value {transformation:[-0.7388377077021449f,0.47650752443032823f,0.47650752443032834f,-1.167924310607852f,0.6332432616538723f,0.7327751004401377f,0.2490855751441876f,-4.100828178179128f,-0.23048169829165388f,0.48577899433407523f,-0.8431470544432738f,-20.833440595467366f,0f,0f,0f,1f],start_interpolation:0}
execute if entity @s[tag=aj.starscaller.bone.face34] run data modify entity @s {} merge value {transformation:[-0.7388377077021449f,0.47650752443032823f,0.47650752443032834f,-1.167924310607852f,0.6332432616538723f,0.7327751004401377f,0.2490855751441876f,-4.100828178179128f,-0.23048169829165388f,0.48577899433407523f,-0.8431470544432738f,-20.833440595467366f,0f,0f,0f,1f],start_interpolation:0}
execute if entity @s[tag=aj.starscaller.bone.face35] run data modify entity @s {} merge value {transformation:[-0.7388377077021449f,0.47650752443032823f,0.47650752443032834f,-1.167924310607852f,0.6332432616538723f,0.7327751004401377f,0.2490855751441876f,-4.100828178179128f,-0.23048169829165388f,0.48577899433407523f,-0.8431470544432738f,-20.833440595467366f,0f,0f,0f,1f],start_interpolation:0}
execute if entity @s[tag=aj.starscaller.bone.face36] run data modify entity @s {} merge value {transformation:[-0.7388377077021449f,0.47650752443032823f,0.47650752443032834f,-1.167924310607852f,0.6332432616538723f,0.7327751004401377f,0.2490855751441876f,-4.100828178179128f,-0.23048169829165388f,0.48577899433407523f,-0.8431470544432738f,-20.833440595467366f,0f,0f,0f,1f],start_interpolation:0}
execute if entity @s[tag=aj.starscaller.bone.up9] run data modify entity @s {} merge value {transformation:[-0.7388377077021449f,0.47650752443032823f,0.47650752443032834f,-1.167924310607852f,0.6332432616538723f,0.7327751004401377f,0.2490855751441876f,-4.100828178179128f,-0.23048169829165388f,0.48577899433407523f,-0.8431470544432738f,-20.833440595467366f,0f,0f,0f,1f],start_interpolation:0}
execute if entity @s[tag=aj.starscaller.bone.down9] run data modify entity @s {} merge value {transformation:[-0.7388377077021449f,0.47650752443032823f,0.47650752443032834f,-1.167924310607852f,0.6332432616538723f,0.7327751004401377f,0.2490855751441876f,-4.100828178179128f,-0.23048169829165388f,0.48577899433407523f,-0.8431470544432738f,-20.833440595467366f,0f,0f,0f,1f],start_interpolation:0}
execute if entity @s[tag=aj.starscaller.bone.effects9] run data modify entity @s {} merge value {transformation:[-0.932112418603263f,0.6011585175596706f,0.6011585175596709f,-1.167924310607852f,0.7988952134294219f,0.9244638762249829f,0.3142445972457498f,-4.100828178179128f,-0.2907740779860543f,0.6128553383173261f,-1.0637083515939985f,-20.833440595467366f,0f,0f,0f,1f],start_interpolation:0}
execute if entity @s[tag=aj.starscaller.locator_origin.starscaller_meteorite9] at @s on origin run tp @s ^-0.88215 ^-3.01849 ^-20.9452 ~29.47312 ~14.42341
execute if entity @s[tag=aj.starscaller.bone.meteorite_staff_effects] run data modify entity @s {} merge value {transformation:[-0.000007237270366122929f,7.068043045398694e-7f,-0.00000686457175086129f,-0.3075929550834624f,0.0000053773886659307726f,0.000006811983931129018f,-0.000004967953910571162f,1.527402579002132f,0.000004324998125220191f,-0.000007286789594679124f,-0.00000531009308955294f,-0.8500870537976002f,0f,0f,0f,1f],start_interpolation:0}
execute if entity @s[tag=aj.starscaller.bone.meteorite_staff] run data modify entity @s {} merge value {transformation:[-1.537274179005163f,0.10896566361656318f,0.04062873155434436f,-0.3781934423587845f,0.0446334225117695f,1.0501808560490569f,-1.1277695413044575f,0.915687052333096f,-0.10738746328132931f,-1.1233800625130315f,-1.0503434100280389f,-0.21239841558130618f,0f,0f,0f,1f],start_interpolation:0}
execute if entity @s[tag=aj.starscaller.bone.right_arm2] run data modify entity @s {} merge value {transformation:[-0.9971508188141599f,-0.0005903139540294651f,0.07543139974630116f,-0.31660292852045874f,0.02895140919682346f,0.92039333371763f,0.3899204113068017f,1.126238486813195f,-0.06965673293924064f,0.3909933027272756f,-0.9177538759267913f,-0.11941416038820318f,0f,0f,0f,1f],start_interpolation:0}
execute if entity @s[tag=aj.starscaller.bone.right_arm] run data modify entity @s {} merge value {transformation:[-0.9971508188141599f,0.022119666944216798f,0.07211771538621788f,-0.31107301178440455f,0.02895140919682346f,0.9950460527472201f,0.09510609243205427f,1.375f,-0.06965673293924064f,0.09692302743132454f,-0.9928513817836876f,-0.09518340353037205f,0f,0f,0f,1f],start_interpolation:0}
execute if entity @s[tag=aj.starscaller.bone.left_arm2] run data modify entity @s {} merge value {transformation:[-0.9965467958786773f,-0.03440394358761055f,0.0755701812195924f,0.4395351878817675f,-0.04098871343438953f,0.9953308008726794f,-0.08738719703219616f,1.1454240253358376f,-0.07221086479841535f,-0.09018295570544851f,-0.9933038938337522f,0.05436429661312742f,0f,0f,0f,1f],start_interpolation:0}
execute if entity @s[tag=aj.starscaller.bone.left_arm] run data modify entity @s {} merge value {transformation:[-0.9965467958786773f,-0.013672655495985859f,0.08189958556445577f,0.3115486745229364f,-0.04098871343438953f,0.9387982553738442f,-0.3420201179434038f,1.375f,-0.07221086479841535f,-0.34419601130564315f,-0.9361168179273089f,-0.04071106431308528f,0f,0f,0f,1f],start_interpolation:0}
execute if entity @s[tag=aj.starscaller.locator_origin.player_camera] at @s on origin run tp @s ^0.03837 ^0.3125 ^-0.50378 ~5 ~0
execute if entity @s[tag=aj.starscaller.bone.head] run data modify entity @s {} merge value {transformation:[-0.9961946980917454f,0.00759612349389603f,0.08682408883346585f,-0.005209402552462758f,0f,0.9961946980917455f,-0.08715574274765818f,1.51875f,-0.08715574274765885f,-0.08682408883346517f,-0.992403876506104f,-0.005685065290994579f,0f,0f,0f,1f],start_interpolation:0}
execute if entity @s[tag=aj.starscaller.bone.body_top] run data modify entity @s {} merge value {transformation:[-0.9961946980917454f,0f,0.08715574274765885f,-0.005209402552462758f,0f,1f,0f,1.125f,-0.08715574274765885f,0f,-0.9961946980917454f,-0.005685065290994579f,0f,0f,0f,1f],start_interpolation:0}
execute if entity @s[tag=aj.starscaller.bone.body] run data modify entity @s {} merge value {transformation:[-0.9961946980917454f,0f,0.08715574274765885f,-0.005209402552462758f,0f,1f,0f,0.6875f,-0.08715574274765885f,0f,-0.9961946980917454f,-0.005685065290994579f,0f,0f,0f,1f],start_interpolation:0}
execute if entity @s[tag=aj.starscaller.bone.right_leg2] run data modify entity @s {} merge value {transformation:[-0.9907758708090905f,0.12794115976607995f,0.04465684113547243f,-0.17571259410486592f,0.12371828558343217f,0.9884850173568671f,-0.08712724185517609f,0.4103881968873759f,-0.05528977875507131f,-0.08079870109540398f,-0.9951957647953042f,0.012457500071708868f,0f,0f,0f,1f],start_interpolation:0}
execute if entity @s[tag=aj.starscaller.bone.right_leg] run data modify entity @s {} merge value {transformation:[-0.9907758708090905f,0.12794115976607995f,0.04465684113547243f,-0.12973373981393094f,0.12371828558343217f,0.9884850173568671f,-0.08712724185517609f,0.765625f,-0.05528977875507131f,-0.08079870109540398f,-0.9951957647953042f,-0.016579533134451936f,0f,0f,0f,1f],start_interpolation:0}
execute if entity @s[tag=aj.starscaller.bone.left_leg2] run data modify entity @s {} merge value {transformation:[-0.9813842533961359f,-0.07606405869357921f,0.17634967014760364f,0.1438860770669699f,-0.10211446217523595f,0.984339481741414f,-0.14369558552616296f,0.4071027546114106f,-0.16265787346689117f,-0.15902843663981683f,-0.9737825078214972f,0.00230266043305747f,0f,0f,0f,1f],start_interpolation:0}
execute if entity @s[tag=aj.starscaller.bone.left_leg] run data modify entity @s {} merge value {transformation:[-0.9819145195479418f,-0.0683718743873794f,0.17654790594535721f,0.11931493470900542f,-0.06585591243605382f,0.9976271176030314f,0.02007817273265116f,0.765625f,-0.17750176083112273f,0.008088325897475643f,-0.9840872440419228f,0.005209402552462779f,0f,0f,0f,1f],start_interpolation:0}