execute if entity @s[tag=aj.field_extension.bone.glowfield] run data modify entity @s {} merge value {transformation:[2.6675000000000004f,0f,0f,0f,0f,3.884946999999999f,0f,0.1015625f,0f,0f,2.6675000000000004f,2.5f,0f,0f,0f,1f],start_interpolation:0}
execute if entity @s[tag=aj.field_extension.bone.lightning_vfx5] run data modify entity @s {} merge value {transformation:[1f,0f,0f,-0.84375f,0f,1f,0f,1.436518958333333f,0f,0f,1f,-1.53125f,0f,0f,0f,1f],start_interpolation:0}
execute if entity @s[tag=aj.field_extension.bone.lightning_vfx4] run data modify entity @s {} merge value {transformation:[1f,0f,0f,-0.78125f,0f,1f,0f,0.674779375f,0f,0f,1f,2.5f,0f,0f,0f,1f],start_interpolation:0}
execute if entity @s[tag=aj.field_extension.bone.lightning_vfx3] run data modify entity @s {} merge value {transformation:[1f,0f,0f,0.671875f,0f,1f,0f,0.7556856249999999f,0f,0f,1f,-1.515625f,0f,0f,0f,1f],start_interpolation:0}
execute if entity @s[tag=aj.field_extension.bone.lightning_vfx2] run data modify entity @s {} merge value {transformation:[1f,0f,0f,-0.046875f,0f,1f,0f,0.924779375f,0f,0f,1f,2.5f,0f,0f,0f,1f],start_interpolation:0}
execute if entity @s[tag=aj.field_extension.bone.lightning_vfx1] run data modify entity @s {} merge value {transformation:[1f,0f,0f,1.5f,0f,1f,0f,0.876953125f,0f,0f,1f,1.046875f,0f,0f,0f,1f],start_interpolation:0}
execute if entity @s[tag=aj.field_extension.bone.lightning_vfx0] run data modify entity @s {} merge value {transformation:[1f,0f,0f,-1.5f,0f,1f,0f,0.9453124999999999f,0f,0f,1f,-0.3125f,0f,0f,0f,1f],start_interpolation:0}
execute if entity @s[tag=aj.field_extension.locator_origin.field_lightning_locator0] at @s on origin run tp @s ^0 ^0 ^0 ~-180 ~0
execute if entity @s[tag=aj.field_extension.locator_origin.field_lightning_locator9] at @s on origin run tp @s ^1 ^0 ^1 ~-180 ~0
execute if entity @s[tag=aj.field_extension.locator_origin.field_lightning_locator10] at @s on origin run tp @s ^1 ^0 ^2 ~-180 ~0
execute if entity @s[tag=aj.field_extension.locator_origin.field_lightning_locator8] at @s on origin run tp @s ^-1 ^0 ^1 ~-180 ~0
execute if entity @s[tag=aj.field_extension.locator_origin.field_lightning_locator11] at @s on origin run tp @s ^-1 ^0 ^2 ~-180 ~0
execute if entity @s[tag=aj.field_extension.locator_origin.field_lightning_locator6] at @s on origin run tp @s ^0 ^0 ^1 ~-180 ~0
execute if entity @s[tag=aj.field_extension.locator_origin.field_lightning_locator7] at @s on origin run tp @s ^0 ^0 ^2 ~-180 ~0
execute if entity @s[tag=aj.field_extension.locator_origin.field_lightning_locator5] at @s on origin run tp @s ^0 ^0 ^-1 ~-180 ~0
execute if entity @s[tag=aj.field_extension.locator_origin.field_lightning_locator3] at @s on origin run tp @s ^1 ^0 ^0 ~-180 ~0
execute if entity @s[tag=aj.field_extension.locator_origin.field_lightning_locator4] at @s on origin run tp @s ^1 ^0 ^-1 ~-180 ~0
execute if entity @s[tag=aj.field_extension.locator_origin.field_lightning_locator1] at @s on origin run tp @s ^-1 ^0 ^0 ~-180 ~0
execute if entity @s[tag=aj.field_extension.locator_origin.field_lightning_locator2] at @s on origin run tp @s ^-1 ^0 ^-1 ~-180 ~0
execute if entity @s[tag=aj.field_extension.bone.right_arm2] run data modify entity @s {} merge value {transformation:[0.9343289424566121f,-0.35505562391105855f,-0.031063342013341624f,0.39547481004580154f,0.35607265357912193f,0.9260859684785617f,0.1248080300311123f,1.452485787984596f,-0.015546467799200435f,-0.1276725613287886f,0.9916945217266833f,-0.9620421226796362f,0f,0f,0f,1f],start_interpolation:0}
execute if entity @s[tag=aj.field_extension.bone.right_arm] run data modify entity @s {} merge value {transformation:[0.9343289424566121f,-0.35505562391105855f,-0.031063342013341624f,0.30078125f,0.35607265357912193f,0.9260859684785617f,0.1248080300311123f,1.6107519023375272f,-0.015546467799200435f,-0.1276725613287886f,0.9916945217266833f,-1.0299883288136684f,0f,0f,0f,1f],start_interpolation:0}
execute if entity @s[tag=aj.field_extension.bone.left_arm2] run data modify entity @s {} merge value {transformation:[0.9537169507482269f,0.25264946892902546f,0.16307122279968794f,-0.5223863278838488f,-0.3004195942140947f,0.7768845092682201f,0.5533520820158857f,1.4055279424679703f,0.013116602751579963f,-0.5767310509318517f,0.816828776196884f,-0.8513994507414122f,0f,0f,0f,1f],start_interpolation:0}
execute if entity @s[tag=aj.field_extension.bone.left_arm] run data modify entity @s {} merge value {transformation:[0.9537169507482269f,0.25264946892902546f,0.16307122279968794f,-0.32421875f,-0.3004195942140947f,0.7768845092682201f,0.5533520820158857f,1.6107519023375272f,0.013116602751579963f,-0.5767310509318517f,0.816828776196884f,-1.0299883288136684f,0f,0f,0f,1f],start_interpolation:0}
execute if entity @s[tag=aj.field_extension.bone.head] run data modify entity @s {} merge value {transformation:[1f,0f,0f,-0.01171875f,0f,1.0000000000000002f,0f,1.7543650841899192f,0f,0f,1.0000000000000002f,-1.0362586157474356f,0f,0f,0f,1f],start_interpolation:0}
execute if entity @s[tag=aj.field_extension.bone.body_top] run data modify entity @s {} merge value {transformation:[1f,0f,0f,-0.01171875f,0f,0.9990482215818578f,0.043619387365336f,1.3609898469420627f,0f,-0.043619387365336f,0.9990482215818578f,-1.0190834819723344f,0f,0f,0f,1f],start_interpolation:0}
execute if entity @s[tag=aj.field_extension.locator_origin.player_camera] at @s on origin run tp @s ^-0.01172 ^0.23297 ^-1.06367 ~-180 ~2.5
execute if entity @s[tag=aj.field_extension.locator_origin.electric_shield] at @s on origin run tp @s ^-0.01172 ^1.42343 ^-1.02181 ~-180 ~2.5
execute if entity @s[tag=aj.field_extension.bone.glyphs] run data modify entity @s {} merge value {transformation:[-0.45200210646691213f,0f,-0.9845329892190434f,-0.037491875f,-0.33673011408154624f,1.018000339184734f,0.15459382523731746f,1.672770510398076f,0.9251583848894275f,0.3705218219361411f,-0.42474304402664387f,-1.04846738046507f,0f,0f,0f,1f],start_interpolation:0}
execute if entity @s[tag=aj.field_extension.bone.body] run data modify entity @s {} merge value {transformation:[1f,0f,0f,-0.01171875f,0f,0.9990482215818578f,0.043619387365336f,0.9239062499999999f,0f,-0.043619387365336f,0.9990482215818578f,-1f,0f,0f,0f,1f],start_interpolation:0}
execute if entity @s[tag=aj.field_extension.bone.right_leg2] run data modify entity @s {} merge value {transformation:[0.9914448613738104f,-0.13036587869358357f,0.00646718856348733f,0.16018076726114872f,0.1305261922200516f,0.9902271592458156f,-0.04912317412887794f,0.6457940488788054f,0f,0.04954705606200801f,0.9987717903683444f,-0.9932263419772752f,0f,0f,0f,1f],start_interpolation:0}
execute if entity @s[tag=aj.field_extension.bone.right_leg] run data modify entity @s {} merge value {transformation:[0.9914448613738104f,-0.13050300455276162f,-0.0024602150653414228f,0.11328125f,0.1305261922200516f,0.9912687335546282f,0.018687188700755485f,1.00203125f,0f,-0.018848439715408182f,0.999822352380809f,-1f,0f,0f,0f,1f],start_interpolation:0}
execute if entity @s[tag=aj.field_extension.bone.left_leg2] run data modify entity @s {} merge value {transformation:[0.9914448613738104f,0.13052619222005155f,0f,-0.18353506367685207f,-0.13052619222005155f,0.9914448613738104f,-6.938893903907228e-18f,0.6464260428464199f,0f,0f,0.9999999999999999f,-0.9775598564182391f,0f,0f,0f,1f],start_interpolation:0}
execute if entity @s[tag=aj.field_extension.bone.left_leg] run data modify entity @s {} merge value {transformation:[0.9914448613738104f,0.1302714815355884f,0.008150334593665359f,-0.13671875f,-0.13052619222005155f,0.9895101416447444f,0.06190793750991973f,1.00203125f,0f,-0.06244213866229138f,0.9980485856506581f,-1f,0f,0f,0f,1f],start_interpolation:0}
execute if entity @s[tag=aj.field_extension.bone.sun_princess_ring] run data modify entity @s {} merge value {transformation:[0.6098166949980894f,-0.23832212310532327f,0.7558612069290089f,-0.486273125f,-2.7755575615628914e-17f,0.9537169507482269f,0.30070579950427306f,1.5750575f,-0.7925424900291511f,-0.18337541682045388f,0.5815925188689393f,-0.615234375f,0f,0f,0f,1f],start_interpolation:0}
execute if entity @s[tag=aj.field_extension.bone.white_dot0] run data modify entity @s {} merge value {transformation:[-0.9838225642458327f,-0.055894031791050056f,0.17020287685845964f,-0.859375f,0.1791456448835832f,-0.3069558834011499f,0.9347111444530148f,0.703125f,1.3877787807814457e-17f,0.9500810191007717f,0.3120032966884151f,1.6875f,0f,0f,0f,1f],start_interpolation:0}
execute if entity @s[tag=aj.field_extension.bone.white_dot1] run data modify entity @s {} merge value {transformation:[0.21132479645538893f,-0.8649215401633172f,0.45524999699572066f,0.703125f,0.9774158942860958f,0.18700265618086398f,-0.09842853335396762f,1.009375f,2.7755575615628914e-17f,0.4657689727137444f,0.8849063589200742f,1.6875f,0f,0f,0f,1f],start_interpolation:0}
execute if entity @s[tag=aj.field_extension.bone.white_dot2] run data modify entity @s {} merge value {transformation:[0.9997099573147569f,0.013806677499488867f,0.019732635458857756f,0.84375f,0.024083215020571123f,-0.5731241847022011f,-0.8191145632106112f,0.7281249999999998f,0f,0.8193522103258539f,-0.5732904634076321f,-0.09375f,0f,0f,0f,1f],start_interpolation:0}
execute if entity @s[tag=aj.field_extension.bone.white_dot3] run data modify entity @s {} merge value {transformation:[-0.9653602875739011f,0.20447123136725148f,0.16208340667198207f,-0.171875f,0.09507968946842876f,0.8541583114653502f,-0.511246937991074f,1.2265624999999998f,-0.24298017990326365f,-0.4781266511059824f,-0.8440115743734538f,0.390625f,0f,0f,0f,1f],start_interpolation:0}