execute if entity @s[tag=aj.field_extension.bone.glowfield] run data modify entity @s {} merge value {transformation:[2.6675000000000004f,0f,0f,0f,0f,4.706286921875f,0f,0.1015625f,0f,0f,2.6675000000000004f,2.5f,0f,0f,0f,1f],start_interpolation:0}
execute if entity @s[tag=aj.field_extension.bone.lightning_vfx5] run data modify entity @s {} merge value {transformation:[1f,0f,0f,-0.53125f,0f,1f,0f,-0.1181893749999996f,0f,0f,1f,-1.53125f,0f,0f,0f,1f],start_interpolation:0}
execute if entity @s[tag=aj.field_extension.bone.lightning_vfx4] run data modify entity @s {} merge value {transformation:[1f,0f,0f,-0.35625000000000007f,0f,1f,0f,-0.030689374999999908f,0f,0f,1f,2.5f,0f,0f,0f,1f],start_interpolation:0}
execute if entity @s[tag=aj.field_extension.bone.lightning_vfx3] run data modify entity @s {} merge value {transformation:[1f,0f,0f,1.3093749999999997f,0f,1f,0f,-0.08068937499999979f,0f,0f,1f,-1.515625f,0f,0f,0f,1f],start_interpolation:0}
execute if entity @s[tag=aj.field_extension.bone.lightning_vfx2] run data modify entity @s {} merge value {transformation:[1f,0f,0f,0.5906249999999998f,0f,1f,0f,-0.04318937499999981f,0f,0f,1f,2.5f,0f,0f,0f,1f],start_interpolation:0}
execute if entity @s[tag=aj.field_extension.bone.lightning_vfx1] run data modify entity @s {} merge value {transformation:[1f,0f,0f,1.5f,0f,1f,0f,0.23593750000000013f,0f,0f,1f,0.1468750000000002f,0f,0f,0f,1f],start_interpolation:0}
execute if entity @s[tag=aj.field_extension.bone.lightning_vfx0] run data modify entity @s {} merge value {transformation:[1f,0f,0f,-1.5f,0f,1f,0f,0.38593750000000016f,0f,0f,1f,0.3999999999999998f,0f,0f,0f,1f],start_interpolation:0}
execute if entity @s[tag=aj.field_extension.locator_origin.field_lightning_locator0] at @s on origin run tp @s ^0 ^0 ^0 ~-180 ~0
execute if entity @s[tag=aj.field_extension.locator_origin.field_lightning_locator9] at @s on origin run tp @s ^1 ^0 ^1 ~-180 ~0
execute if entity @s[tag=aj.field_extension.locator_origin.field_lightning_locator10] at @s on origin run tp @s ^1 ^0 ^2 ~-180 ~0
execute if entity @s[tag=aj.field_extension.locator_origin.field_lightning_locator8] at @s on origin run tp @s ^-1 ^0 ^1 ~-180 ~0
execute if entity @s[tag=aj.field_extension.locator_origin.field_lightning_locator11] at @s on origin run tp @s ^-1 ^0 ^2 ~-180 ~0
execute if entity @s[tag=aj.field_extension.locator_origin.field_lightning_locator6] at @s on origin run tp @s ^0 ^0 ^1 ~-180 ~0
execute if entity @s[tag=aj.field_extension.locator_origin.field_lightning_locator7] at @s on origin run tp @s ^0 ^0 ^2 ~-180 ~0
execute if entity @s[tag=aj.field_extension.locator_origin.field_lightning_locator5] at @s on origin run tp @s ^0 ^0 ^-1 ~-180 ~0
execute if entity @s[tag=aj.field_extension.locator_origin.field_lightning_locator3] at @s on origin run tp @s ^1 ^0 ^0 ~-180 ~0
execute if entity @s[tag=aj.field_extension.locator_origin.field_lightning_locator4] at @s on origin run tp @s ^1 ^0 ^-1 ~-180 ~0
execute if entity @s[tag=aj.field_extension.locator_origin.field_lightning_locator1] at @s on origin run tp @s ^-1 ^0 ^0 ~-180 ~0
execute if entity @s[tag=aj.field_extension.locator_origin.field_lightning_locator2] at @s on origin run tp @s ^-1 ^0 ^-1 ~-180 ~0
execute if entity @s[tag=aj.field_extension.bone.right_arm2] run data modify entity @s {} merge value {transformation:[0.9242422917085522f,-0.3803535885256607f,-0.033276627127399275f,0.3998404526416443f,0.3814430822777209f,0.9160472642064603f,0.12392975721081417f,1.4795935009121035f,-0.016654164638174443f,-0.12723426203468896f,0.9917328679461485f,-0.9621575981151891f,0f,0f,0f,1f],start_interpolation:0}
execute if entity @s[tag=aj.field_extension.bone.right_arm] run data modify entity @s {} merge value {transformation:[0.9242422917085522f,-0.3803535885256607f,-0.033276627127399275f,0.30078125f,0.3814430822777209f,0.9160472642064603f,0.12392975721081417f,1.6352147929625274f,-0.016654164638174443f,-0.12723426203468896f,0.9917328679461485f,-1.0299883288136684f,0f,0f,0f,1f],start_interpolation:0}
execute if entity @s[tag=aj.field_extension.bone.left_arm2] run data modify entity @s {} merge value {transformation:[0.9537169507482269f,0.24654182023418048f,0.17216593371257022f,-0.5204776876667098f,-0.30041959421409475f,0.7562127106560638f,0.5812834107855196f,1.4364507701592693f,0.013116602751579937f,-0.6061018619983157f,0.7952788741155091f,-0.8422210722831422f,0f,0f,0f,1f],start_interpolation:0}
execute if entity @s[tag=aj.field_extension.bone.left_arm] run data modify entity @s {} merge value {transformation:[0.9537169507482269f,0.24654182023418048f,0.17216593371257022f,-0.32421875f,-0.30041959421409475f,0.7562127106560638f,0.5812834107855196f,1.6352147929625274f,0.013116602751579937f,-0.6061018619983157f,0.7952788741155091f,-1.0299883288136684f,0f,0f,0f,1f],start_interpolation:0}
execute if entity @s[tag=aj.field_extension.bone.head] run data modify entity @s {} merge value {transformation:[1f,0f,0f,-0.01171875f,0f,1.0000000000000002f,0f,1.7788279748149194f,0f,0f,1.0000000000000002f,-1.0362586157474356f,0f,0f,0f,1f],start_interpolation:0}
execute if entity @s[tag=aj.field_extension.bone.body_top] run data modify entity @s {} merge value {transformation:[1f,0f,0f,-0.01171875f,0f,0.9990482215818578f,0.043619387365336f,1.3854527375670629f,0f,-0.043619387365336f,0.9990482215818578f,-1.0190834819723344f,0f,0f,0f,1f],start_interpolation:0}
execute if entity @s[tag=aj.field_extension.locator_origin.player_camera] at @s on origin run tp @s ^-0.01172 ^0.25743 ^-1.06367 ~-180 ~2.5
execute if entity @s[tag=aj.field_extension.locator_origin.electric_shield] at @s on origin run tp @s ^-0.01172 ^1.44789 ^-1.02181 ~-180 ~2.5
execute if entity @s[tag=aj.field_extension.bone.glyphs] run data modify entity @s {} merge value {transformation:[-1.0687014619003874f,0f,-0.17744941939348766f,-0.037491875f,-0.060691275854017346f,1.018000339184734f,0.3655174271715222f,1.7982504448341947f,0.16674790996680422f,0.3705218219361411f,-1.0042508775709067f,-1.0528778798476939f,0f,0f,0f,1f],start_interpolation:0}
execute if entity @s[tag=aj.field_extension.bone.body] run data modify entity @s {} merge value {transformation:[1f,0f,0f,-0.01171875f,0f,0.9990482215818578f,0.043619387365336f,0.9483691406250001f,0f,-0.043619387365336f,0.9990482215818578f,-1f,0f,0f,0f,1f],start_interpolation:0}
execute if entity @s[tag=aj.field_extension.bone.right_leg2] run data modify entity @s {} merge value {transformation:[0.9914448613738104f,-0.13004379146305406f,0.011211563556415824f,0.16018909094079575f,0.13052619222005155f,0.9877806638398651f,-0.08516027999372494f,0.6701937148798934f,6.776263578034403e-21f,0.08589512469278555f,0.9963041842499765f,-0.9997726299739422f,0f,0f,0f,1f],start_interpolation:0}
execute if entity @s[tag=aj.field_extension.bone.right_leg] run data modify entity @s {} merge value {transformation:[0.9914448613738104f,-0.1305261660961273f,-0.00008258154776011542f,0.11328125f,0.13052619222005155f,0.9914446629429055f,0.0006272691310341053f,1.026494140625f,6.776263578034403e-21f,-0.0006326818116389451f,0.9999997998568426f,-1f,0f,0f,0f,1f],start_interpolation:0}
execute if entity @s[tag=aj.field_extension.bone.left_leg2] run data modify entity @s {} merge value {transformation:[0.9914448613738104f,0.1305261922200516f,-1.734723475976807e-18f,-0.18358065054514694f,-0.13052619222005157f,0.9914448613738105f,0f,0.6705426668290833f,0f,6.938893903907228e-18f,1.0000000000000002f,-0.9840971321827959f,0f,0f,0f,1f],start_interpolation:0}
execute if entity @s[tag=aj.field_extension.bone.left_leg] run data modify entity @s {} merge value {transformation:[0.9914448613738104f,0.13039833195171324f,0.005775974348684385f,-0.13671875f,-0.13052619222005157f,0.9904736662147252f,0.043872880914014395f,1.026494140625f,0f,-0.044251458273959154f,0.9990204244361715f,-1f,0f,0f,0f,1f],start_interpolation:0}
execute if entity @s[tag=aj.field_extension.bone.sun_princess_ring] run data modify entity @s {} merge value {transformation:[-0.5032014202189163f,-0.2598606770502825f,0.8241727726712613f,-0.486273125f,2.7755575615628914e-17f,0.9537169507482269f,0.3007057995042731f,1.63872625f,-0.8641691562938738f,0.1513155853786149f,-0.47991172410336214f,-0.615234375f,0f,0f,0f,1f],start_interpolation:0}
execute if entity @s[tag=aj.field_extension.bone.white_dot0] run data modify entity @s {} merge value {transformation:[1f,0f,0f,-0.015625f,0f,1f,0f,0.09375f,0f,0f,1f,0.453125f,0f,0f,0f,1f],start_interpolation:0}
execute if entity @s[tag=aj.field_extension.bone.white_dot1] run data modify entity @s {} merge value {transformation:[1f,0f,0f,-0.6875f,0f,1f,0f,0.375f,0f,0f,1f,-0.65625f,0f,0f,0f,1f],start_interpolation:0}
execute if entity @s[tag=aj.field_extension.bone.white_dot2] run data modify entity @s {} merge value {transformation:[0.9433113751405069f,-0.030396734530307196f,-0.3305142781490988f,0.7421875f,-0.33172980431441546f,-0.11906979237036053f,-0.935829963975507f,0.6796875000000007f,-0.01090809149418237f,0.9924204870289475f,-0.12240339237611564f,0.42968749999999956f,0f,0f,0f,1f],start_interpolation:0}
execute if entity @s[tag=aj.field_extension.bone.white_dot3] run data modify entity @s {} merge value {transformation:[0.9974082332744779f,-0.05144193645446695f,-0.05030450645915551f,-0.84375f,0.05143227342136635f,0.9986753771508506f,-0.0014873880852151599f,0.15401785714285707f,0.0503143860838473f,-0.0011037420082662148f,0.9987328192798035f,1.8125f,0f,0f,0f,1f],start_interpolation:0}