execute if entity @s[tag=aj.field_extension.bone.glowfield] run data modify entity @s {} merge value {transformation:[2.6675000000000004f,0f,0f,0f,0f,1.415025390625f,0f,0.1015625f,0f,0f,2.6675000000000004f,2.5f,0f,0f,0f,1f],start_interpolation:0}
execute if entity @s[tag=aj.field_extension.bone.lightning_vfx5] run data modify entity @s {} merge value {transformation:[1f,0f,0f,-0.84375f,0f,1f,0f,0.24139395833333327f,0f,0f,1f,-1.53125f,0f,0f,0f,1f],start_interpolation:0}
execute if entity @s[tag=aj.field_extension.bone.lightning_vfx4] run data modify entity @s {} merge value {transformation:[1f,0f,0f,-0.78125f,0f,1f,0f,-0.03818937500000008f,0f,0f,1f,2.5f,0f,0f,0f,1f],start_interpolation:0}
execute if entity @s[tag=aj.field_extension.bone.lightning_vfx3] run data modify entity @s {} merge value {transformation:[1f,0f,0f,0.671875f,0f,1f,0f,0.18306062500000003f,0f,0f,1f,-1.515625f,0f,0f,0f,1f],start_interpolation:0}
execute if entity @s[tag=aj.field_extension.bone.lightning_vfx2] run data modify entity @s {} merge value {transformation:[1f,0f,0f,-0.046875f,0f,1f,0f,0.21181062499999997f,0f,0f,1f,2.5f,0f,0f,0f,1f],start_interpolation:0}
execute if entity @s[tag=aj.field_extension.bone.lightning_vfx1] run data modify entity @s {} merge value {transformation:[1f,0f,0f,1.5f,0f,1f,0f,0.38802083333333337f,0f,0f,1f,1.046875f,0f,0f,0f,1f],start_interpolation:0}
execute if entity @s[tag=aj.field_extension.bone.lightning_vfx0] run data modify entity @s {} merge value {transformation:[1f,0f,0f,-1.5f,0f,1f,0f,0.3532291666666667f,0f,0f,1f,-0.3125f,0f,0f,0f,1f],start_interpolation:0}
execute if entity @s[tag=aj.field_extension.locator_origin.field_lightning_locator0] at @s on origin run tp @s ^0 ^0 ^0 ~-180 ~0
execute if entity @s[tag=aj.field_extension.locator_origin.field_lightning_locator9] at @s on origin run tp @s ^1 ^0 ^1 ~-180 ~0
execute if entity @s[tag=aj.field_extension.locator_origin.field_lightning_locator10] at @s on origin run tp @s ^1 ^0 ^2 ~-180 ~0
execute if entity @s[tag=aj.field_extension.locator_origin.field_lightning_locator8] at @s on origin run tp @s ^-1 ^0 ^1 ~-180 ~0
execute if entity @s[tag=aj.field_extension.locator_origin.field_lightning_locator11] at @s on origin run tp @s ^-1 ^0 ^2 ~-180 ~0
execute if entity @s[tag=aj.field_extension.locator_origin.field_lightning_locator6] at @s on origin run tp @s ^0 ^0 ^1 ~-180 ~0
execute if entity @s[tag=aj.field_extension.locator_origin.field_lightning_locator7] at @s on origin run tp @s ^0 ^0 ^2 ~-180 ~0
execute if entity @s[tag=aj.field_extension.locator_origin.field_lightning_locator5] at @s on origin run tp @s ^0 ^0 ^-1 ~-180 ~0
execute if entity @s[tag=aj.field_extension.locator_origin.field_lightning_locator3] at @s on origin run tp @s ^1 ^0 ^0 ~-180 ~0
execute if entity @s[tag=aj.field_extension.locator_origin.field_lightning_locator4] at @s on origin run tp @s ^1 ^0 ^-1 ~-180 ~0
execute if entity @s[tag=aj.field_extension.locator_origin.field_lightning_locator1] at @s on origin run tp @s ^-1 ^0 ^0 ~-180 ~0
execute if entity @s[tag=aj.field_extension.locator_origin.field_lightning_locator2] at @s on origin run tp @s ^-1 ^0 ^-1 ~-180 ~0
execute if entity @s[tag=aj.field_extension.bone.right_arm2] run data modify entity @s {} merge value {transformation:[0.9604305194155658f,-0.27745983787954975f,-0.024274590398201346f,0.3819339319268728f,0.27825460035566874f,0.952063472674078f,0.1270807671549171f,1.3716993035187668f,-0.012148858220159695f,-0.12880676365637467f,0.9915952918808748f,-0.9617268019815808f,0f,0f,0f,1f],start_interpolation:0}
execute if entity @s[tag=aj.field_extension.bone.right_arm] run data modify entity @s {} merge value {transformation:[0.9604305194155658f,-0.27745983787954975f,-0.024274590398201346f,0.30078125f,0.27825460035566874f,0.952063472674078f,0.1270807671549171f,1.5371874492125273f,-0.012148858220159695f,-0.12880676365637467f,0.9915952918808748f,-1.0299883288136684f,0f,0f,0f,1f],start_interpolation:0}
execute if entity @s[tag=aj.field_extension.bone.left_arm2] run data modify entity @s {} merge value {transformation:[0.9537169507482269f,0.26896543120460686f,0.13446774584421342f,-0.527485066094968f,-0.3004195942140947f,0.8327320037830085f,0.46508652666764516f,1.314511147307099f,0.013116602751579949f,-0.4839576496889531f,0.8749931131384988f,-0.880391138629818f,0f,0f,0f,1f],start_interpolation:0}
execute if entity @s[tag=aj.field_extension.bone.left_arm] run data modify entity @s {} merge value {transformation:[0.9537169507482269f,0.26896543120460686f,0.13446774584421342f,-0.32421875f,-0.3004195942140947f,0.8327320037830085f,0.46508652666764516f,1.5371874492125273f,0.013116602751579949f,-0.4839576496889531f,0.8749931131384988f,-1.0299883288136684f,0f,0f,0f,1f],start_interpolation:0}
execute if entity @s[tag=aj.field_extension.bone.head] run data modify entity @s {} merge value {transformation:[1f,0f,0f,-0.01171875f,0f,1.0000000000000002f,0f,1.6808006310649193f,0f,0f,1.0000000000000002f,-1.0362586157474356f,0f,0f,0f,1f],start_interpolation:0}
execute if entity @s[tag=aj.field_extension.bone.body_top] run data modify entity @s {} merge value {transformation:[1f,0f,0f,-0.01171875f,0f,0.9990482215818578f,0.043619387365336f,1.2874253938170628f,0f,-0.043619387365336f,0.9990482215818578f,-1.0190834819723344f,0f,0f,0f,1f],start_interpolation:0}
execute if entity @s[tag=aj.field_extension.locator_origin.player_camera] at @s on origin run tp @s ^-0.01172 ^0.15941 ^-1.06367 ~-180 ~2.5
execute if entity @s[tag=aj.field_extension.locator_origin.electric_shield] at @s on origin run tp @s ^-0.01172 ^1.34987 ^-1.02181 ~-180 ~2.5
execute if entity @s[tag=aj.field_extension.bone.glyphs] run data modify entity @s {} merge value {transformation:[1.0200060706149392f,0f,-0.3649640078415717f,-0.037491875f,-0.12482504227068483f,1.018000339184734f,-0.3488626224647737f,1.2954290548662266f,0.34295398502117536f,0.3705218219361411f,0.9584921777136884f,-1.0352041901060656f,0f,0f,0f,1f],start_interpolation:0}
execute if entity @s[tag=aj.field_extension.bone.body] run data modify entity @s {} merge value {transformation:[1f,0f,0f,-0.01171875f,0f,0.9990482215818578f,0.043619387365336f,0.850341796875f,0f,-0.043619387365336f,0.9990482215818578f,-1f,0f,0f,0f,1f],start_interpolation:0}
execute if entity @s[tag=aj.field_extension.bone.right_leg2] run data modify entity @s {} merge value {transformation:[0.9914448613738104f,-0.1302913492585852f,-0.007826312276112267f,0.16006200147650487f,0.13052619222005157f,0.9896610519834075f,0.05944674365875109f,0.5731317114509649f,0f,-0.059959707266400895f,0.9982007981886848f,-0.9735627349563695f,0f,0f,0f,1f],start_interpolation:0}
execute if entity @s[tag=aj.field_extension.bone.right_leg] run data modify entity @s {} merge value {transformation:[0.9914448613738104f,-0.13017252584766575f,-0.0096021023689944f,0.11328125f,0.13052619222005157f,0.9887584985712281f,0.07293520856009714f,0.928466796875f,0f,-0.07356456359966743f,0.9972904566786902f,-1f,0f,0f,0f,1f],start_interpolation:0}
execute if entity @s[tag=aj.field_extension.bone.left_leg2] run data modify entity @s {} merge value {transformation:[0.9914448613738104f,0.13052619222005155f,1.734723475976807e-18f,-0.18330445672431256f,-0.13052619222005157f,0.9914448613738104f,-1.3877787807814457e-17f,0.5746132234295951f,0f,1.3877787807814457e-17f,0.9999999999999999f,-0.9579546540754653f,0f,0f,0f,1f],start_interpolation:0}
execute if entity @s[tag=aj.field_extension.bone.left_leg] run data modify entity @s {} merge value {transformation:[0.9914448613738104f,0.12962979262417407f,0.01527100912446434f,-0.13671875f,-0.13052619222005157f,0.9846360304567788f,0.11599483036261332f,0.928466796875f,0f,-0.11699574518131381f,0.9931324159493884f,-1f,0f,0f,0f,1f],start_interpolation:0}
execute if entity @s[tag=aj.field_extension.bone.sun_princess_ring] run data modify entity @s {} merge value {transformation:[0.19475597607047823f,0.29494780267468734f,-0.9354549179314889f,-0.486273125f,2.7755575615628914e-17f,0.9537169507482269f,0.30070579950427306f,1.38359375f,0.980851726707373f,-0.05856425149250821f,0.18574207563793121f,-0.615234375f,0f,0f,0f,1f],start_interpolation:0}
execute if entity @s[tag=aj.field_extension.bone.white_dot0] run data modify entity @s {} merge value {transformation:[0.9451628733632678f,-0.30810322324953177f,0.1083491884553856f,-0.859375f,0.32659936132162215f,0.8916359376840359f,-0.31355735012054564f,0.2734375f,0f,0.33174954175335214f,0.9433675007898252f,1.6875f,0f,0f,0f,1f],start_interpolation:0}
execute if entity @s[tag=aj.field_extension.bone.white_dot1] run data modify entity @s {} merge value {transformation:[0.9480394528057211f,-0.3041126923710587f,0.09347013567260307f,0.703125f,0.31815278707537514f,0.9062024353677214f,-0.2785245953408457f,0.26875f,0f,0.2937900891324223f,0.9558699616200749f,1.6875f,0f,0f,0f,1f],start_interpolation:0}
execute if entity @s[tag=aj.field_extension.bone.white_dot2] run data modify entity @s {} merge value {transformation:[0.9997396934797941f,-0.017101939744355473f,0.015101951460251327f,0.84375f,0.01989419953123066f,0.977489884853844f,-0.21004224773466496f,0.16875f,-0.011169874929422187f,0.21028801360372212f,0.9775756672650265f,-0.09375f,0f,0f,0f,1f],start_interpolation:0}