execute if entity @s[tag=aj.field_extension.bone.glowfield] run data modify entity @s {} merge value {transformation:[2.6675000000000004f,0f,0f,0f,0f,3.7147407407407407f,0f,0.1015625f,0f,0f,2.6675000000000004f,2.5f,0f,0f,0f,1f],start_interpolation:0}
execute if entity @s[tag=aj.field_extension.bone.lightning_vfx5] run data modify entity @s {} merge value {transformation:[1f,0f,0f,-0.453125f,0f,1f,0f,0.7556087019230773f,0f,0f,1f,-1.53125f,0f,0f,0f,1f],start_interpolation:0}
execute if entity @s[tag=aj.field_extension.bone.lightning_vfx4] run data modify entity @s {} merge value {transformation:[1f,0f,0f,-0.25f,0f,1f,0f,0.2267625480769232f,0f,0f,1f,2.5f,0f,0f,0f,1f],start_interpolation:0}
execute if entity @s[tag=aj.field_extension.bone.lightning_vfx3] run data modify entity @s {} merge value {transformation:[1f,0f,0f,1.46875f,0f,1f,0f,0.518829855769231f,0f,0f,1f,-1.515625f,0f,0f,0f,1f],start_interpolation:0}
execute if entity @s[tag=aj.field_extension.bone.lightning_vfx2] run data modify entity @s {} merge value {transformation:[1f,0f,0f,0.75f,0f,1f,0f,0.4535413942307695f,0f,0f,1f,2.5f,0f,0f,0f,1f],start_interpolation:0}
execute if entity @s[tag=aj.field_extension.bone.lightning_vfx1] run data modify entity @s {} merge value {transformation:[1f,0f,0f,1.5f,0f,1f,0f,0.566706730769231f,0f,0f,1f,-0.078125f,0f,0f,0f,1f],start_interpolation:0}
execute if entity @s[tag=aj.field_extension.bone.lightning_vfx0] run data modify entity @s {} merge value {transformation:[1f,0f,0f,-1.5f,0f,1f,0f,0.832331730769231f,0f,0f,1f,0.578125f,0f,0f,0f,1f],start_interpolation:0}
execute if entity @s[tag=aj.field_extension.locator_origin.field_lightning_locator0] at @s on origin run tp @s ^0 ^0 ^0 ~-180 ~0
execute if entity @s[tag=aj.field_extension.locator_origin.field_lightning_locator9] at @s on origin run tp @s ^1 ^0 ^1 ~-180 ~0
execute if entity @s[tag=aj.field_extension.locator_origin.field_lightning_locator10] at @s on origin run tp @s ^1 ^0 ^2 ~-180 ~0
execute if entity @s[tag=aj.field_extension.locator_origin.field_lightning_locator8] at @s on origin run tp @s ^-1 ^0 ^1 ~-180 ~0
execute if entity @s[tag=aj.field_extension.locator_origin.field_lightning_locator11] at @s on origin run tp @s ^-1 ^0 ^2 ~-180 ~0
execute if entity @s[tag=aj.field_extension.locator_origin.field_lightning_locator6] at @s on origin run tp @s ^0 ^0 ^1 ~-180 ~0
execute if entity @s[tag=aj.field_extension.locator_origin.field_lightning_locator7] at @s on origin run tp @s ^0 ^0 ^2 ~-180 ~0
execute if entity @s[tag=aj.field_extension.locator_origin.field_lightning_locator5] at @s on origin run tp @s ^0 ^0 ^-1 ~-180 ~0
execute if entity @s[tag=aj.field_extension.locator_origin.field_lightning_locator3] at @s on origin run tp @s ^1 ^0 ^0 ~-180 ~0
execute if entity @s[tag=aj.field_extension.locator_origin.field_lightning_locator4] at @s on origin run tp @s ^1 ^0 ^-1 ~-180 ~0
execute if entity @s[tag=aj.field_extension.locator_origin.field_lightning_locator1] at @s on origin run tp @s ^-1 ^0 ^0 ~-180 ~0
execute if entity @s[tag=aj.field_extension.locator_origin.field_lightning_locator2] at @s on origin run tp @s ^-1 ^0 ^-1 ~-180 ~0
execute if entity @s[tag=aj.field_extension.bone.right_arm2] run data modify entity @s {} merge value {transformation:[0.9373618138542241f,-0.3470317259926717f,-0.030361341908193507f,0.39408496646450264f,0.3480257718190861f,0.9291044232477821f,0.12507211060478485f,1.4439724610342033f,-0.015195133354083967f,-0.12780434991013945f,0.991682991719833f,-0.9620068337738148f,0f,0f,0f,1f],start_interpolation:0}
execute if entity @s[tag=aj.field_extension.bone.right_arm] run data modify entity @s {} merge value {transformation:[0.9373618138542241f,-0.3470317259926717f,-0.030361341908193507f,0.30078125f,0.3480257718190861f,0.9291044232477821f,0.12507211060478485f,1.6030468242125273f,-0.015195133354083967f,-0.12780434991013945f,0.991682991719833f,-1.0299883288136684f,0f,0f,0f,1f],start_interpolation:0}
execute if entity @s[tag=aj.field_extension.bone.left_arm2] run data modify entity @s {} merge value {transformation:[0.9537169507482269f,0.25450412289910346f,0.16016126024373725f,-0.5229659072494982f,-0.3004195942140947f,0.7831832311293541f,0.5444006740352397f,1.395854513761366f,0.013116602751579949f,-0.5673197316374099f,0.8233931483969943f,-0.8543404880209253f,0f,0f,0f,1f],start_interpolation:0}
execute if entity @s[tag=aj.field_extension.bone.left_arm] run data modify entity @s {} merge value {transformation:[0.9537169507482269f,0.25450412289910346f,0.16016126024373725f,-0.32421875f,-0.3004195942140947f,0.7831832311293541f,0.5444006740352397f,1.6030468242125273f,0.013116602751579949f,-0.5673197316374099f,0.8233931483969943f,-1.0299883288136684f,0f,0f,0f,1f],start_interpolation:0}
execute if entity @s[tag=aj.field_extension.bone.head] run data modify entity @s {} merge value {transformation:[1f,0f,0f,-0.01171875f,0f,1.0000000000000002f,0f,1.7466600060649193f,0f,0f,1.0000000000000002f,-1.0362586157474356f,0f,0f,0f,1f],start_interpolation:0}
execute if entity @s[tag=aj.field_extension.bone.body_top] run data modify entity @s {} merge value {transformation:[1f,0f,0f,-0.01171875f,0f,0.9990482215818578f,0.043619387365336f,1.3532847688170628f,0f,-0.043619387365336f,0.9990482215818578f,-1.0190834819723344f,0f,0f,0f,1f],start_interpolation:0}
execute if entity @s[tag=aj.field_extension.locator_origin.player_camera] at @s on origin run tp @s ^-0.01172 ^0.22527 ^-1.06367 ~-180 ~2.5
execute if entity @s[tag=aj.field_extension.locator_origin.electric_shield] at @s on origin run tp @s ^-0.01172 ^1.41573 ^-1.02181 ~-180 ~2.5
execute if entity @s[tag=aj.field_extension.bone.glyphs] run data modify entity @s {} merge value {transformation:[-0.3107035021036804f,0f,1.037821971675113f,-0.037491875f,0.35495601949885025f,1.018000339184734f,0.10626685632128799f,1.633248087934963f,-0.9752336484725858f,0.3705218219361411f,-0.2919657881791675f,-1.0470782052104233f,0f,0f,0f,1f],start_interpolation:0}
execute if entity @s[tag=aj.field_extension.bone.body] run data modify entity @s {} merge value {transformation:[1f,0f,0f,-0.01171875f,0f,0.9990482215818578f,0.043619387365336f,0.916201171875f,0f,-0.043619387365336f,0.9990482215818578f,-1f,0f,0f,0f,1f],start_interpolation:0}
execute if entity @s[tag=aj.field_extension.bone.right_leg2] run data modify entity @s {} merge value {transformation:[0.9914448613738104f,-0.13043150782703605f,0.004970776743294637f,0.1601749222873805f,0.13052619222005157f,0.990725662006152f,-0.037756797891318764f,0.638133367737344f,0f,0.03808259981195575f,0.9992745946893488f,-0.9911648200382119f,0f,0f,0f,1f],start_interpolation:0}
execute if entity @s[tag=aj.field_extension.bone.right_leg] run data modify entity @s {} merge value {transformation:[0.9914448613738104f,-0.1304867402779284f,-0.0032089666726708784f,0.11328125f,0.13052619222005157f,0.9911451941221733f,0.024374521801537766f,0.994326171875f,0f,-0.02458484858932331f,0.9996977469314613f,-1f,0f,0f,0f,1f],start_interpolation:0}
execute if entity @s[tag=aj.field_extension.bone.left_leg2] run data modify entity @s {} merge value {transformation:[0.9914448613738104f,0.13052619222005157f,1.734723475976807e-18f,-0.18351748704765358f,-0.13052619222005157f,0.9914448613738105f,0f,0.6388544724749423f,0f,-1.3877787807814457e-17f,1f,-0.9755022498710683f,0f,0f,0f,1f],start_interpolation:0}
execute if entity @s[tag=aj.field_extension.bone.left_leg] run data modify entity @s {} merge value {transformation:[0.9914448613738104f,0.13022257265434045f,0.008897664117670243f,-0.13671875f,-0.13052619222005157f,0.9891386418088562f,0.06758446881544075f,0.994326171875f,0f,-0.06816765253267976f,0.9976738801573307f,-1f,0f,0f,0f,1f],start_interpolation:0}
execute if entity @s[tag=aj.field_extension.bone.sun_princess_ring] run data modify entity @s {} merge value {transformation:[-0.9840634970531015f,0.053470728527071035f,-0.16958748467503285f,-0.486273125f,0f,0.9537169507482269f,0.3007057995042731f,1.55500375f,0.1778174169411428f,0.2959136006443238f,-0.9385180377521207f,-0.615234375f,0f,0f,0f,1f],start_interpolation:0}
execute if entity @s[tag=aj.field_extension.bone.white_dot0] run data modify entity @s {} merge value {transformation:[0.5000000000000002f,-0.5850782823431647f,0.6385009033121032f,-0.015625f,0.8660254037844385f,0.3377951038078302f,-0.3686386684050621f,0.46875f,0f,0.7372773368101241f,0.6755902076156601f,0.453125f,0f,0f,0f,1f],start_interpolation:0}
execute if entity @s[tag=aj.field_extension.bone.white_dot1] run data modify entity @s {} merge value {transformation:[0.6540872963425954f,0.6039178012100241f,0.45547019457356785f,-0.6875f,-0.7564190695396527f,0.5222170853612017f,0.3938521384905984f,0.9444444444444446f,0f,-0.6021400212064477f,0.798390502737538f,-0.65625f,0f,0f,0f,1f],start_interpolation:0}
execute if entity @s[tag=aj.field_extension.bone.white_dot2] run data modify entity @s {} merge value {transformation:[0.9622364561157691f,-0.2709015888969975f,-0.026708269409450244f,0.640625f,0.2236183264475108f,0.8425902189389866f,-0.48993526819893796f,0.4218750000000001f,0.155228369180959f,0.46546111769022447f,0.8713495861707785f,0.953125f,0f,0f,0f,1f],start_interpolation:0}
execute if entity @s[tag=aj.field_extension.bone.white_dot3] run data modify entity @s {} merge value {transformation:[0.8654183756940852f,-0.5010498340506658f,-0.0003143386891529265f,-0.84375f,0.47313900375135826f,0.8174166478472226f,-0.3285871375318607f,0.6361607142857143f,0.16489547640909819f,0.28421662094256556f,0.9444736069577628f,1.8125f,0f,0f,0f,1f],start_interpolation:0}