execute if entity @s[tag=aj.field_extension.bone.glowfield] run data modify entity @s {} merge value {transformation:[2.6675000000000004f,0f,0f,0f,0f,4.3609419676600805f,0f,0.1015625f,0f,0f,2.6675000000000004f,2.5f,0f,0f,0f,1f],start_interpolation:0}
execute if entity @s[tag=aj.field_extension.bone.lightning_vfx5] run data modify entity @s {} merge value {transformation:[1f,0f,0f,-0.453125f,0f,1f,0f,0.20032024038461527f,0f,0f,1f,-1.53125f,0f,0f,0f,1f],start_interpolation:0}
execute if entity @s[tag=aj.field_extension.bone.lightning_vfx4] run data modify entity @s {} merge value {transformation:[1f,0f,0f,-0.25f,0f,1f,0f,0.03205100961538454f,0f,0f,1f,2.5f,0f,0f,0f,1f],start_interpolation:0}
execute if entity @s[tag=aj.field_extension.bone.lightning_vfx3] run data modify entity @s {} merge value {transformation:[1f,0f,0f,1.46875f,0f,1f,0f,0.1654644711538461f,0f,0f,1f,-1.515625f,0f,0f,0f,1f],start_interpolation:0}
execute if entity @s[tag=aj.field_extension.bone.lightning_vfx2] run data modify entity @s {} merge value {transformation:[1f,0f,0f,0.75f,0f,1f,0f,0.12815677884615378f,0f,0f,1f,2.5f,0f,0f,0f,1f],start_interpolation:0}
execute if entity @s[tag=aj.field_extension.bone.lightning_vfx1] run data modify entity @s {} merge value {transformation:[1f,0f,0f,1.5f,0f,1f,0f,0.35396634615384615f,0f,0f,1f,-0.078125f,0f,0f,0f,1f],start_interpolation:0}
execute if entity @s[tag=aj.field_extension.bone.lightning_vfx0] run data modify entity @s {} merge value {transformation:[1f,0f,0f,-1.5f,0f,1f,0f,0.572716346153846f,0f,0f,1f,0.578125f,0f,0f,0f,1f],start_interpolation:0}
execute if entity @s[tag=aj.field_extension.locator_origin.field_lightning_locator0] at @s on origin run tp @s ^0 ^0 ^0 ~-180 ~0
execute if entity @s[tag=aj.field_extension.locator_origin.field_lightning_locator9] at @s on origin run tp @s ^1 ^0 ^1 ~-180 ~0
execute if entity @s[tag=aj.field_extension.locator_origin.field_lightning_locator10] at @s on origin run tp @s ^1 ^0 ^2 ~-180 ~0
execute if entity @s[tag=aj.field_extension.locator_origin.field_lightning_locator8] at @s on origin run tp @s ^-1 ^0 ^1 ~-180 ~0
execute if entity @s[tag=aj.field_extension.locator_origin.field_lightning_locator11] at @s on origin run tp @s ^-1 ^0 ^2 ~-180 ~0
execute if entity @s[tag=aj.field_extension.locator_origin.field_lightning_locator6] at @s on origin run tp @s ^0 ^0 ^1 ~-180 ~0
execute if entity @s[tag=aj.field_extension.locator_origin.field_lightning_locator7] at @s on origin run tp @s ^0 ^0 ^2 ~-180 ~0
execute if entity @s[tag=aj.field_extension.locator_origin.field_lightning_locator5] at @s on origin run tp @s ^0 ^0 ^-1 ~-180 ~0
execute if entity @s[tag=aj.field_extension.locator_origin.field_lightning_locator3] at @s on origin run tp @s ^1 ^0 ^0 ~-180 ~0
execute if entity @s[tag=aj.field_extension.locator_origin.field_lightning_locator4] at @s on origin run tp @s ^1 ^0 ^-1 ~-180 ~0
execute if entity @s[tag=aj.field_extension.locator_origin.field_lightning_locator1] at @s on origin run tp @s ^-1 ^0 ^0 ~-180 ~0
execute if entity @s[tag=aj.field_extension.locator_origin.field_lightning_locator2] at @s on origin run tp @s ^-1 ^0 ^-1 ~-180 ~0
execute if entity @s[tag=aj.field_extension.bone.right_arm2] run data modify entity @s {} merge value {transformation:[0.9290034489644244f,-0.3686628310692432f,-0.03225381838193158f,0.39782609418160486f,0.369718837541073f,0.9207857894987993f,0.12434432445572469f,1.46701499130801f,-0.016142273058082232f,-0.1274411505169483f,0.9917147675493366f,-0.9621034315207717f,0f,0f,0f,1f],start_interpolation:0}
execute if entity @s[tag=aj.field_extension.bone.right_arm] run data modify entity @s {} merge value {transformation:[0.9290034489644244f,-0.3686628310692432f,-0.03225381838193158f,0.30078125f,0.369718837541073f,0.9207857894987993f,0.12434432445572469f,1.6238769023375272f,-0.016142273058082232f,-0.1274411505169483f,0.9917147675493366f,-1.0299883288136684f,0f,0f,0f,1f],start_interpolation:0}
execute if entity @s[tag=aj.field_extension.bone.left_arm2] run data modify entity @s {} merge value {transformation:[0.9537169507482269f,0.2494137379377971f,0.16797846642769418f,-0.52137516194909f,-0.30041959421409475f,0.7659200207233698f,0.5684316927013758f,1.422079345138236f,0.01311660275157995f,-0.5925869633927232f,0.8053996806240046f,-0.8464444780973899f,0f,0f,0f,1f],start_interpolation:0}
execute if entity @s[tag=aj.field_extension.bone.left_arm] run data modify entity @s {} merge value {transformation:[0.9537169507482269f,0.2494137379377971f,0.16797846642769418f,-0.32421875f,-0.30041959421409475f,0.7659200207233698f,0.5684316927013758f,1.6238769023375272f,0.01311660275157995f,-0.5925869633927232f,0.8053996806240046f,-1.0299883288136684f,0f,0f,0f,1f],start_interpolation:0}
execute if entity @s[tag=aj.field_extension.bone.head] run data modify entity @s {} merge value {transformation:[1f,0f,0f,-0.01171875f,0f,1.0000000000000002f,0f,1.7674900841899193f,0f,0f,1.0000000000000002f,-1.0362586157474356f,0f,0f,0f,1f],start_interpolation:0}
execute if entity @s[tag=aj.field_extension.bone.body_top] run data modify entity @s {} merge value {transformation:[1f,0f,0f,-0.01171875f,0f,0.9990482215818578f,0.043619387365336f,1.3741148469420628f,0f,-0.043619387365336f,0.9990482215818578f,-1.0190834819723344f,0f,0f,0f,1f],start_interpolation:0}
execute if entity @s[tag=aj.field_extension.locator_origin.player_camera] at @s on origin run tp @s ^-0.01172 ^0.2461 ^-1.06367 ~-180 ~2.5
execute if entity @s[tag=aj.field_extension.locator_origin.electric_shield] at @s on origin run tp @s ^-0.01172 ^1.43656 ^-1.02181 ~-180 ~2.5
execute if entity @s[tag=aj.field_extension.bone.glyphs] run data modify entity @s {} merge value {transformation:[-0.8350552200376754f,0f,0.6901404861323092f,-0.037491875f,0.23604194798181904f,1.018000339184734f,0.28560570604213353f,1.7400938764188916f,-0.6485199221241305f,0.3705218219361411f,-0.7846952282181566f,-1.0508337322296395f,0f,0f,0f,1f],start_interpolation:0}
execute if entity @s[tag=aj.field_extension.bone.body] run data modify entity @s {} merge value {transformation:[1f,0f,0f,-0.01171875f,0f,0.9990482215818578f,0.043619387365336f,0.93703125f,0f,-0.043619387365336f,0.9990482215818578f,-1f,0f,0f,0f,1f],start_interpolation:0}
execute if entity @s[tag=aj.field_extension.bone.right_leg2] run data modify entity @s {} merge value {transformation:[0.9914448613738104f,-0.1302145617664327f,0.009014142191120235f,0.16018716847652653f,0.13052619222005157f,0.9890777930740845f,-0.06846920762089086f,0.658870426820773f,0f,0.06906002571440581f,0.9976125063612251f,-0.996738460735476f,0f,0f,0f,1f],start_interpolation:0}
execute if entity @s[tag=aj.field_extension.bone.right_leg] run data modify entity @s {} merge value {transformation:[0.9914448613738104f,-0.13052081663033466f,-0.0011846018809725221f,0.11328125f,0.13052619222005157f,0.99140402971611f,0.008997944609338986f,1.01515625f,0f,-0.00907558751867537f,0.9999588160075348f,-1f,0f,0f,0f,1f],start_interpolation:0}
execute if entity @s[tag=aj.field_extension.bone.left_leg2] run data modify entity @s {} merge value {transformation:[0.9914448613738104f,0.13052619222005155f,8.673617379884035e-19f,-0.18356145495139747f,-0.13052619222005157f,0.9914448613738104f,-6.938893903907228e-18f,0.6593505812142517f,0f,0f,1f,-0.981066493252365f,0f,0f,0f,1f],start_interpolation:0}
execute if entity @s[tag=aj.field_extension.bone.left_leg] run data modify entity @s {} merge value {transformation:[0.9914448613738104f,0.13034491812562776f,0.006876712462306678f,-0.13671875f,-0.13052619222005157f,0.9900679479255603f,0.05223381696759425f,1.01515625f,0f,-0.052684540515158536f,0.9986112052198827f,-1f,0f,0f,0f,1f],start_interpolation:0}
execute if entity @s[tag=aj.field_extension.bone.sun_princess_ring] run data modify entity @s {} merge value {transformation:[-0.9675329570616293f,-0.0760018527775473f,0.24104708123924307f,-0.486273125f,0f,0.9537169507482269f,0.30070579950427306f,1.6092175000000002f,-0.2527448852095295f,0.2909427713999509f,-0.9227525815572324f,-0.615234375f,0f,0f,0f,1f],start_interpolation:0}
execute if entity @s[tag=aj.field_extension.bone.white_dot0] run data modify entity @s {} merge value {transformation:[0.8520250894039763f,-0.46221133823957783f,0.2457924446131836f,-0.015625f,0.5235009522686147f,0.7522730476047659f,-0.40004001652496135f,0.3281249999999999f,0f,0.4695167096602807f,0.882923586359422f,0.453125f,0f,0f,0f,1f],start_interpolation:0}
execute if entity @s[tag=aj.field_extension.bone.white_dot1] run data modify entity @s {} merge value {transformation:[0.8236241243430811f,0.5255234535792421f,0.21323320927622685f,-0.6875f,-0.5671360522838351f,0.7631921697323771f,0.30966822610512257f,0.7309027777777778f,1.3877787807814457e-17f,-0.375982462087439f,0.9266267793468239f,-0.65625f,0f,0f,0f,1f],start_interpolation:0}
execute if entity @s[tag=aj.field_extension.bone.white_dot2] run data modify entity @s {} merge value {transformation:[0.9813763156284884f,-0.17980463590557513f,-0.06760784000629726f,0.640625f,0.17243753542449178f,0.9796804113380219f,-0.10242845316264179f,0.28125f,0.08465118723432453f,0.08886272867421932f,0.9924402208457653f,0.953125f,0f,0f,0f,1f],start_interpolation:0}
execute if entity @s[tag=aj.field_extension.bone.white_dot3] run data modify entity @s {} merge value {transformation:[0.9288593940322635f,-0.3485310767858457f,-0.12548432026558248f,-0.84375f,0.32422640107156697f,0.9287650748097381f,-0.17964597591329723f,0.45535714285714274f,0.17915765952421842f,0.12618052277653813f,0.9756951412739758f,1.8125f,0f,0f,0f,1f],start_interpolation:0}