execute if entity @s[tag=aj.field_extension.bone.glowfield] run data modify entity @s {} merge value {transformation:[2.6675000000000004f,0f,0f,0f,0f,3.9547826166180764f,0f,0.1015625f,0f,0f,2.6675000000000004f,2.5f,0f,0f,0f,1f],start_interpolation:0}
execute if entity @s[tag=aj.field_extension.bone.lightning_vfx5] run data modify entity @s {} merge value {transformation:[1f,0f,0f,-0.453125f,0f,1f,0f,0.5705125480769233f,0f,0f,1f,-1.53125f,0f,0f,0f,1f],start_interpolation:0}
execute if entity @s[tag=aj.field_extension.bone.lightning_vfx4] run data modify entity @s {} merge value {transformation:[1f,0f,0f,-0.25f,0f,1f,0f,0.16185870192307705f,0f,0f,1f,2.5f,0f,0f,0f,1f],start_interpolation:0}
execute if entity @s[tag=aj.field_extension.bone.lightning_vfx3] run data modify entity @s {} merge value {transformation:[1f,0f,0f,1.46875f,0f,1f,0f,0.4010413942307694f,0f,0f,1f,-1.515625f,0f,0f,0f,1f],start_interpolation:0}
execute if entity @s[tag=aj.field_extension.bone.lightning_vfx2] run data modify entity @s {} merge value {transformation:[1f,0f,0f,0.75f,0f,1f,0f,0.3450798557692309f,0f,0f,1f,2.5f,0f,0f,0f,1f],start_interpolation:0}
execute if entity @s[tag=aj.field_extension.bone.lightning_vfx1] run data modify entity @s {} merge value {transformation:[1f,0f,0f,1.5f,0f,1f,0f,0.4957932692307694f,0f,0f,1f,-0.078125f,0f,0f,0f,1f],start_interpolation:0}
execute if entity @s[tag=aj.field_extension.bone.lightning_vfx0] run data modify entity @s {} merge value {transformation:[1f,0f,0f,-1.5f,0f,1f,0f,0.7457932692307694f,0f,0f,1f,0.578125f,0f,0f,0f,1f],start_interpolation:0}
execute if entity @s[tag=aj.field_extension.locator_origin.field_lightning_locator0] at @s on origin run tp @s ^0 ^0 ^0 ~-180 ~0
execute if entity @s[tag=aj.field_extension.locator_origin.field_lightning_locator9] at @s on origin run tp @s ^1 ^0 ^1 ~-180 ~0
execute if entity @s[tag=aj.field_extension.locator_origin.field_lightning_locator10] at @s on origin run tp @s ^1 ^0 ^2 ~-180 ~0
execute if entity @s[tag=aj.field_extension.locator_origin.field_lightning_locator8] at @s on origin run tp @s ^-1 ^0 ^1 ~-180 ~0
execute if entity @s[tag=aj.field_extension.locator_origin.field_lightning_locator11] at @s on origin run tp @s ^-1 ^0 ^2 ~-180 ~0
execute if entity @s[tag=aj.field_extension.locator_origin.field_lightning_locator6] at @s on origin run tp @s ^0 ^0 ^1 ~-180 ~0
execute if entity @s[tag=aj.field_extension.locator_origin.field_lightning_locator7] at @s on origin run tp @s ^0 ^0 ^2 ~-180 ~0
execute if entity @s[tag=aj.field_extension.locator_origin.field_lightning_locator5] at @s on origin run tp @s ^0 ^0 ^-1 ~-180 ~0
execute if entity @s[tag=aj.field_extension.locator_origin.field_lightning_locator3] at @s on origin run tp @s ^1 ^0 ^0 ~-180 ~0
execute if entity @s[tag=aj.field_extension.locator_origin.field_lightning_locator4] at @s on origin run tp @s ^1 ^0 ^-1 ~-180 ~0
execute if entity @s[tag=aj.field_extension.locator_origin.field_lightning_locator1] at @s on origin run tp @s ^-1 ^0 ^0 ~-180 ~0
execute if entity @s[tag=aj.field_extension.locator_origin.field_lightning_locator2] at @s on origin run tp @s ^-1 ^0 ^-1 ~-180 ~0
execute if entity @s[tag=aj.field_extension.bone.right_arm2] run data modify entity @s {} merge value {transformation:[0.9343289424566121f,-0.35505562391105855f,-0.031063342013341624f,0.39547481004580154f,0.35607265357912193f,0.9260859684785617f,0.1248080300311123f,1.452485787984596f,-0.015546467799200435f,-0.1276725613287886f,0.9916945217266833f,-0.9620421226796362f,0f,0f,0f,1f],start_interpolation:0}
execute if entity @s[tag=aj.field_extension.bone.right_arm] run data modify entity @s {} merge value {transformation:[0.9343289424566121f,-0.35505562391105855f,-0.031063342013341624f,0.30078125f,0.35607265357912193f,0.9260859684785617f,0.1248080300311123f,1.6107519023375272f,-0.015546467799200435f,-0.1276725613287886f,0.9916945217266833f,-1.0299883288136684f,0f,0f,0f,1f],start_interpolation:0}
execute if entity @s[tag=aj.field_extension.bone.left_arm2] run data modify entity @s {} merge value {transformation:[0.9537169507482269f,0.25264946892902546f,0.16307122279968797f,-0.5223863278838488f,-0.3004195942140947f,0.7768845092682201f,0.5533520820158858f,1.4055279424679703f,0.013116602751579949f,-0.5767310509318518f,0.8168287761968839f,-0.8513994507414122f,0f,0f,0f,1f],start_interpolation:0}
execute if entity @s[tag=aj.field_extension.bone.left_arm] run data modify entity @s {} merge value {transformation:[0.9537169507482269f,0.25264946892902546f,0.16307122279968797f,-0.32421875f,-0.3004195942140947f,0.7768845092682201f,0.5533520820158858f,1.6107519023375272f,0.013116602751579949f,-0.5767310509318518f,0.8168287761968839f,-1.0299883288136684f,0f,0f,0f,1f],start_interpolation:0}
execute if entity @s[tag=aj.field_extension.bone.head] run data modify entity @s {} merge value {transformation:[1f,0f,0f,-0.01171875f,0f,1.0000000000000002f,0f,1.7543650841899192f,0f,0f,1.0000000000000002f,-1.0362586157474356f,0f,0f,0f,1f],start_interpolation:0}
execute if entity @s[tag=aj.field_extension.bone.body_top] run data modify entity @s {} merge value {transformation:[1f,0f,0f,-0.01171875f,0f,0.9990482215818578f,0.043619387365336f,1.3609898469420627f,0f,-0.043619387365336f,0.9990482215818578f,-1.0190834819723344f,0f,0f,0f,1f],start_interpolation:0}
execute if entity @s[tag=aj.field_extension.locator_origin.player_camera] at @s on origin run tp @s ^-0.01172 ^0.23297 ^-1.06367 ~-180 ~2.5
execute if entity @s[tag=aj.field_extension.locator_origin.electric_shield] at @s on origin run tp @s ^-0.01172 ^1.42343 ^-1.02181 ~-180 ~2.5
execute if entity @s[tag=aj.field_extension.bone.glyphs] run data modify entity @s {} merge value {transformation:[-0.5098592227232784f,0f,0.9558528569372615f,-0.037491875f,0.3269209311279321f,1.018000339184734f,0.1743821244317297f,1.672770510398076f,-0.8982078762210732f,0.3705218219361411f,-0.4791109492327037f,-1.04846738046507f,0f,0f,0f,1f],start_interpolation:0}
execute if entity @s[tag=aj.field_extension.bone.body] run data modify entity @s {} merge value {transformation:[1f,0f,0f,-0.01171875f,0f,0.9990482215818578f,0.043619387365336f,0.9239062499999999f,0f,-0.043619387365336f,0.9990482215818578f,-1f,0f,0f,0f,1f],start_interpolation:0}
execute if entity @s[tag=aj.field_extension.bone.right_leg2] run data modify entity @s {} merge value {transformation:[0.9914448613738104f,-0.13036587869358357f,0.006467188563487332f,0.16018076726114872f,0.1305261922200516f,0.9902271592458156f,-0.049123174128877956f,0.6457940488788054f,0f,0.049547056062008016f,0.9987717903683444f,-0.9932263419772752f,0f,0f,0f,1f],start_interpolation:0}
execute if entity @s[tag=aj.field_extension.bone.right_leg] run data modify entity @s {} merge value {transformation:[0.9914448613738104f,-0.13050300455276162f,-0.002460215065341422f,0.11328125f,0.1305261922200516f,0.9912687335546282f,0.01868718870075548f,1.00203125f,0f,-0.018848439715408175f,0.999822352380809f,-1f,0f,0f,0f,1f],start_interpolation:0}
execute if entity @s[tag=aj.field_extension.bone.left_leg2] run data modify entity @s {} merge value {transformation:[0.9914448613738104f,0.13052619222005155f,0f,-0.18353506367685207f,-0.13052619222005155f,0.9914448613738104f,-6.938893903907228e-18f,0.6464260428464199f,0f,0f,0.9999999999999999f,-0.9775598564182391f,0f,0f,0f,1f],start_interpolation:0}
execute if entity @s[tag=aj.field_extension.bone.left_leg] run data modify entity @s {} merge value {transformation:[0.9914448613738104f,0.1302714815355884f,0.008150334593665357f,-0.13671875f,-0.13052619222005155f,0.9895101416447444f,0.061907937509919714f,1.00203125f,0f,-0.06244213866229137f,0.9980485856506581f,-1f,0f,0f,0f,1f],start_interpolation:0}
execute if entity @s[tag=aj.field_extension.bone.sun_princess_ring] run data modify entity @s {} merge value {transformation:[-0.9992654267465864f,0.011523770156267283f,-0.03654872953124561f,-0.486273125f,8.673617379884035e-19f,0.9537169507482269f,0.30070579950427306f,1.5750575f,0.03832240740040508f,0.30048490906681086f,-0.95301637578488f,-0.615234375f,0f,0f,0f,1f],start_interpolation:0}
execute if entity @s[tag=aj.field_extension.bone.white_dot0] run data modify entity @s {} merge value {transformation:[0.5911034506191303f,-0.5895972898962621f,0.5504286933047189f,-0.015625f,0.8065957541830712f,0.43207888304141395f,-0.4033746746680147f,0.42187499999999994f,5.551115123125783e-17f,0.6824096090887546f,0.7309699894136099f,0.453125f,0f,0f,0f,1f],start_interpolation:0}
execute if entity @s[tag=aj.field_extension.bone.white_dot1] run data modify entity @s {} merge value {transformation:[0.7072760522980841f,0.5942848655461365f,0.3828656218942208f,-0.6875f,-0.7069374695442575f,0.5945694941236311f,0.3830489927044992f,0.8732638888888891f,0f,-0.5415834333141847f,0.8406470036582656f,-0.65625f,0f,0f,0f,1f],start_interpolation:0}
execute if entity @s[tag=aj.field_extension.bone.white_dot2] run data modify entity @s {} merge value {transformation:[0.9659080435049219f,-0.2554519906395121f,-0.04202299335845263f,0.640625f,0.22069683006430812f,0.8973585722156684f,-0.38215245919740337f,0.37500000000000006f,0.13533129975013117f,0.35984979275993445f,0.923143307378964f,0.953125f,0f,0f,0f,1f],start_interpolation:0}
execute if entity @s[tag=aj.field_extension.bone.white_dot3] run data modify entity @s {} merge value {transformation:[0.8871929476640943f,-0.458033104560513f,-0.055626870680937864f,-0.84375f,0.4261378761232872f,0.8596400126768764f,-0.2818254054162501f,0.5758928571428571f,0.17690444920416667f,0.22632879563051175f,0.9578518111483699f,1.8125f,0f,0f,0f,1f],start_interpolation:0}