execute if entity @s[tag=aj.field_extension.bone.glowfield] run data modify entity @s {} merge value {transformation:[2.6675000000000004f,0f,0f,0f,0f,2.9079451260662994f,0f,0.1015625f,0f,0f,2.6675000000000004f,2.5f,0f,0f,0f,1f],start_interpolation:0}
execute if entity @s[tag=aj.field_extension.bone.lightning_vfx5] run data modify entity @s {} merge value {transformation:[1f,0f,0f,-0.453125f,0f,1f,0f,1.3108971634615387f,0f,0f,1f,-1.53125f,0f,0f,0f,1f],start_interpolation:0}
execute if entity @s[tag=aj.field_extension.bone.lightning_vfx4] run data modify entity @s {} merge value {transformation:[1f,0f,0f,-0.25f,0f,1f,0f,0.42147408653846163f,0f,0f,1f,2.5f,0f,0f,0f,1f],start_interpolation:0}
execute if entity @s[tag=aj.field_extension.bone.lightning_vfx3] run data modify entity @s {} merge value {transformation:[1f,0f,0f,1.46875f,0f,1f,0f,0.8721952403846156f,0f,0f,1f,-1.515625f,0f,0f,0f,1f],start_interpolation:0}
execute if entity @s[tag=aj.field_extension.bone.lightning_vfx2] run data modify entity @s {} merge value {transformation:[1f,0f,0f,0.75f,0f,1f,0f,0.7789260096153847f,0f,0f,1f,2.5f,0f,0f,0f,1f],start_interpolation:0}
execute if entity @s[tag=aj.field_extension.bone.lightning_vfx1] run data modify entity @s {} merge value {transformation:[1f,0f,0f,1.5f,0f,1f,0f,0.7794471153846155f,0f,0f,1f,-0.078125f,0f,0f,0f,1f],start_interpolation:0}
execute if entity @s[tag=aj.field_extension.bone.lightning_vfx0] run data modify entity @s {} merge value {transformation:[1f,0f,0f,-1.5f,0f,1f,0f,1.0919471153846154f,0f,0f,1f,0.578125f,0f,0f,0f,1f],start_interpolation:0}
execute if entity @s[tag=aj.field_extension.locator_origin.field_lightning_locator0] at @s on origin run tp @s ^0 ^0 ^0 ~-180 ~0
execute if entity @s[tag=aj.field_extension.locator_origin.field_lightning_locator9] at @s on origin run tp @s ^1 ^0 ^1 ~-180 ~0
execute if entity @s[tag=aj.field_extension.locator_origin.field_lightning_locator10] at @s on origin run tp @s ^1 ^0 ^2 ~-180 ~0
execute if entity @s[tag=aj.field_extension.locator_origin.field_lightning_locator8] at @s on origin run tp @s ^-1 ^0 ^1 ~-180 ~0
execute if entity @s[tag=aj.field_extension.locator_origin.field_lightning_locator11] at @s on origin run tp @s ^-1 ^0 ^2 ~-180 ~0
execute if entity @s[tag=aj.field_extension.locator_origin.field_lightning_locator6] at @s on origin run tp @s ^0 ^0 ^1 ~-180 ~0
execute if entity @s[tag=aj.field_extension.locator_origin.field_lightning_locator7] at @s on origin run tp @s ^0 ^0 ^2 ~-180 ~0
execute if entity @s[tag=aj.field_extension.locator_origin.field_lightning_locator5] at @s on origin run tp @s ^0 ^0 ^-1 ~-180 ~0
execute if entity @s[tag=aj.field_extension.locator_origin.field_lightning_locator3] at @s on origin run tp @s ^1 ^0 ^0 ~-180 ~0
execute if entity @s[tag=aj.field_extension.locator_origin.field_lightning_locator4] at @s on origin run tp @s ^1 ^0 ^-1 ~-180 ~0
execute if entity @s[tag=aj.field_extension.locator_origin.field_lightning_locator1] at @s on origin run tp @s ^-1 ^0 ^0 ~-180 ~0
execute if entity @s[tag=aj.field_extension.locator_origin.field_lightning_locator2] at @s on origin run tp @s ^-1 ^0 ^-1 ~-180 ~0
execute if entity @s[tag=aj.field_extension.bone.right_arm2] run data modify entity @s {} merge value {transformation:[0.9469301294951057f,-0.3202162910924552f,-0.028015295346907144f,0.38942255881261423f,0.32113352615734686f,0.9386272562971378f,0.12590525054125346f,1.4157996053841897f,-0.014020992551565088f,-0.12822012578023465f,0.991646616044632f,-0.9618934601117626f,0f,0f,0f,1f],start_interpolation:0}
execute if entity @s[tag=aj.field_extension.bone.right_arm] run data modify entity @s {} merge value {transformation:[0.9469301294951057f,-0.3202162910924552f,-0.028015295346907144f,0.30078125f,0.32113352615734686f,0.9386272562971378f,0.12590525054125346f,1.5774706523375273f,-0.014020992551565088f,-0.12822012578023465f,0.991646616044632f,-1.0299883288136684f,0f,0f,0f,1f],start_interpolation:0}
execute if entity @s[tag=aj.field_extension.bone.left_arm2] run data modify entity @s {} merge value {transformation:[0.9537169507482269f,0.26041886143601056f,0.15035289975213653f,-0.5248142630422816f,-0.30041959421409475f,0.8033472988609229f,0.5141801093246391f,1.3639770707202508f,0.01311660275157995f,-0.535551243132934f,0.8444008649397667f,-0.864268140678574f,0f,0f,0f,1f],start_interpolation:0}
execute if entity @s[tag=aj.field_extension.bone.left_arm] run data modify entity @s {} merge value {transformation:[0.9537169507482269f,0.26041886143601056f,0.15035289975213653f,-0.32421875f,-0.30041959421409475f,0.8033472988609229f,0.5141801093246391f,1.5774706523375273f,0.01311660275157995f,-0.535551243132934f,0.8444008649397667f,-1.0299883288136684f,0f,0f,0f,1f],start_interpolation:0}
execute if entity @s[tag=aj.field_extension.bone.head] run data modify entity @s {} merge value {transformation:[1f,0f,0f,-0.01171875f,0f,1.0000000000000002f,0f,1.7210838341899193f,0f,0f,1.0000000000000002f,-1.0362586157474356f,0f,0f,0f,1f],start_interpolation:0}
execute if entity @s[tag=aj.field_extension.bone.body_top] run data modify entity @s {} merge value {transformation:[1f,0f,0f,-0.01171875f,0f,0.9990482215818578f,0.043619387365336f,1.3277085969420628f,0f,-0.043619387365336f,0.9990482215818578f,-1.0190834819723344f,0f,0f,0f,1f],start_interpolation:0}
execute if entity @s[tag=aj.field_extension.locator_origin.player_camera] at @s on origin run tp @s ^-0.01172 ^0.19969 ^-1.06367 ~-180 ~2.5
execute if entity @s[tag=aj.field_extension.locator_origin.electric_shield] at @s on origin run tp @s ^-0.01172 ^1.39015 ^-1.02181 ~-180 ~2.5
execute if entity @s[tag=aj.field_extension.bone.glyphs] run data modify entity @s {} merge value {transformation:[0.31844006493837085f,0f,1.0354743049217383f,-0.037491875f,0.35415307017938014f,1.018000339184734f,-0.10891291665085684f,1.5020576894167217f,-0.9730275633483753f,0.3705218219361411f,0.2992357791851726f,-1.042466988490626f,0f,0f,0f,1f],start_interpolation:0}
execute if entity @s[tag=aj.field_extension.bone.body] run data modify entity @s {} merge value {transformation:[1f,0f,0f,-0.01171875f,0f,0.9990482215818578f,0.043619387365336f,0.890625f,0f,-0.043619387365336f,0.9990482215818578f,-1f,0f,0f,0f,1f],start_interpolation:0}
execute if entity @s[tag=aj.field_extension.bone.right_leg2] run data modify entity @s {} merge value {transformation:[0.9914448613738104f,-0.13052619222005155f,-8.673617379884035e-19f,0.16014445444949638f,0.13052619222005157f,0.9914448613738105f,-6.938893903907228e-18f,0.6127886220672583f,0f,6.938893903907228e-18f,1.0000000000000002f,-0.9843242826655824f,0f,0f,0f,1f],start_interpolation:0}
execute if entity @s[tag=aj.field_extension.bone.right_leg] run data modify entity @s {} merge value {transformation:[0.9914448613738104f,-0.13040196020729422f,-0.0056934725397687356f,0.11328125f,0.13052619222005157f,0.9905012255519768f,0.04324621745963608f,0.96875f,0f,-0.04361938736533599f,0.9990482215818578f,-1f,0f,0f,0f,1f],start_interpolation:0}
execute if entity @s[tag=aj.field_extension.bone.left_leg2] run data modify entity @s {} merge value {transformation:[0.9914448613738104f,0.1305261922200516f,-1.734723475976807e-18f,-0.18344810179671167f,-0.1305261922200516f,0.9914448613738104f,-1.3877787807814457e-17f,0.6138053339051469f,0f,1.3877787807814457e-17f,1f,-0.9686784049500603f,0f,0f,0f,1f],start_interpolation:0}
execute if entity @s[tag=aj.field_extension.bone.left_leg] run data modify entity @s {} merge value {transformation:[0.9914448613738104f,0.13002950065171945f,0.011376107230962197f,-0.13671875f,-0.1305261922200516f,0.9876721143508955f,0.08641011328638343f,0.96875f,0f,-0.08715574274765817f,0.9961946980917455f,-1f,0f,0f,0f,1f],start_interpolation:0}
execute if entity @s[tag=aj.field_extension.bone.sun_princess_ring] run data modify entity @s {} merge value {transformation:[-0.8448535652497073f,0.1608768870210327f,-0.5102362986962811f,-0.486273125f,0f,0.9537169507482269f,0.3007057995042731f,1.4884375f,0.534997619887097f,0.2540523668024488f,-0.8057511660787191f,-0.615234375f,0f,0f,0f,1f],start_interpolation:0}
execute if entity @s[tag=aj.field_extension.bone.white_dot0] run data modify entity @s {} merge value {transformation:[0.4558556223635001f,-0.5747292926479818f,0.6796189312636431f,-0.015625f,0.8900537352090524f,0.2943570360154085f,-0.34807798521112676f,0.7874999999999999f,5.551115123125783e-17f,0.7635706748694412f,0.6457242635052721f,0.453125f,0f,0f,0f,1f],start_interpolation:0}
execute if entity @s[tag=aj.field_extension.bone.white_dot1] run data modify entity @s {} merge value {transformation:[0.4915794080553706f,0.6027003155750025f,0.6285714081802669f,-0.6875f,-0.870832754078492f,0.34022039591133724f,0.35482445889481945f,1.2500000000000002f,5.551115123125783e-17f,-0.7218049679877003f,0.6920965165266147f,-0.65625f,0f,0f,0f,1f],start_interpolation:0}
execute if entity @s[tag=aj.field_extension.bone.white_dot2] run data modify entity @s {} merge value {transformation:[0.9858056941951463f,-0.10384575773113316f,-0.13192115786966252f,0.640625f,0.04064723902036226f,0.9100069791296775f,-0.41259556456086643f,0.6223958333333334f,0.1628954733945887f,0.4013768261079922f,0.9013111051191078f,0.953125f,0f,0f,0f,1f],start_interpolation:0}
execute if entity @s[tag=aj.field_extension.bone.white_dot3] run data modify entity @s {} merge value {transformation:[0.8020317916422494f,-0.5539953083011876f,0.2232357578332731f,-0.84375f,0.5909813302358554f,0.6819187075425741f,-0.4309616498206358f,0.8169642857142856f,0.0865220925994188f,0.4775731092552612f,0.8743213670089963f,1.8125f,0f,0f,0f,1f],start_interpolation:0}