execute if entity @s[tag=aj.field_extension.bone.glowfield] run data modify entity @s {} merge value {transformation:[2.6675000000000004f,0f,0f,0f,0f,1.9088129843750004f,0f,0.1015625f,0f,0f,2.6675000000000004f,2.5f,0f,0f,0f,1f],start_interpolation:0}
execute if entity @s[tag=aj.field_extension.bone.lightning_vfx5] run data modify entity @s {} merge value {transformation:[1f,0f,0f,-0.84375f,0f,1f,0f,0.5069772916666666f,0f,0f,1f,-1.53125f,0f,0f,0f,1f],start_interpolation:0}
execute if entity @s[tag=aj.field_extension.bone.lightning_vfx4] run data modify entity @s {} merge value {transformation:[1f,0f,0f,-0.78125f,0f,1f,0f,0.10056062499999996f,0f,0f,1f,2.5f,0f,0f,0f,1f],start_interpolation:0}
execute if entity @s[tag=aj.field_extension.bone.lightning_vfx3] run data modify entity @s {} merge value {transformation:[1f,0f,0f,0.671875f,0f,1f,0f,0.310310625f,0f,0f,1f,-1.515625f,0f,0f,0f,1f],start_interpolation:0}
execute if entity @s[tag=aj.field_extension.bone.lightning_vfx2] run data modify entity @s {} merge value {transformation:[1f,0f,0f,-0.046875f,0f,1f,0f,0.350560625f,0f,0f,1f,2.5f,0f,0f,0f,1f],start_interpolation:0}
execute if entity @s[tag=aj.field_extension.bone.lightning_vfx1] run data modify entity @s {} merge value {transformation:[1f,0f,0f,1.5f,0f,1f,0f,0.7265625f,0f,0f,1f,1.046875f,0f,0f,0f,1f],start_interpolation:0}
execute if entity @s[tag=aj.field_extension.bone.lightning_vfx0] run data modify entity @s {} merge value {transformation:[1f,0f,0f,-1.5f,0f,1f,0f,0.3984375f,0f,0f,1f,-0.3125f,0f,0f,0f,1f],start_interpolation:0}
execute if entity @s[tag=aj.field_extension.locator_origin.field_lightning_locator0] at @s on origin run tp @s ^0 ^0 ^0 ~-180 ~0
execute if entity @s[tag=aj.field_extension.locator_origin.field_lightning_locator9] at @s on origin run tp @s ^1 ^0 ^1 ~-180 ~0
execute if entity @s[tag=aj.field_extension.locator_origin.field_lightning_locator10] at @s on origin run tp @s ^1 ^0 ^2 ~-180 ~0
execute if entity @s[tag=aj.field_extension.locator_origin.field_lightning_locator8] at @s on origin run tp @s ^-1 ^0 ^1 ~-180 ~0
execute if entity @s[tag=aj.field_extension.locator_origin.field_lightning_locator11] at @s on origin run tp @s ^-1 ^0 ^2 ~-180 ~0
execute if entity @s[tag=aj.field_extension.locator_origin.field_lightning_locator6] at @s on origin run tp @s ^0 ^0 ^1 ~-180 ~0
execute if entity @s[tag=aj.field_extension.locator_origin.field_lightning_locator7] at @s on origin run tp @s ^0 ^0 ^2 ~-180 ~0
execute if entity @s[tag=aj.field_extension.locator_origin.field_lightning_locator5] at @s on origin run tp @s ^0 ^0 ^-1 ~-180 ~0
execute if entity @s[tag=aj.field_extension.locator_origin.field_lightning_locator3] at @s on origin run tp @s ^1 ^0 ^0 ~-180 ~0
execute if entity @s[tag=aj.field_extension.locator_origin.field_lightning_locator4] at @s on origin run tp @s ^1 ^0 ^-1 ~-180 ~0
execute if entity @s[tag=aj.field_extension.locator_origin.field_lightning_locator1] at @s on origin run tp @s ^-1 ^0 ^0 ~-180 ~0
execute if entity @s[tag=aj.field_extension.locator_origin.field_lightning_locator2] at @s on origin run tp @s ^-1 ^0 ^-1 ~-180 ~0
execute if entity @s[tag=aj.field_extension.bone.right_arm2] run data modify entity @s {} merge value {transformation:[0.9557256325912551f,-0.29313951994463633f,-0.025646384826587182f,0.38468780884813264f,0.2939791956703199f,0.947380950334138f,0.12667109953346548f,1.387760864127667f,-0.012835408878452133f,-0.12860232031582272f,0.9916131783555064f,-0.9617859420105876f,0f,0f,0f,1f],start_interpolation:0}
execute if entity @s[tag=aj.field_extension.bone.right_arm] run data modify entity @s {} merge value {transformation:[0.9557256325912551f,-0.29313951994463633f,-0.025646384826587182f,0.30078125f,0.2939791956703199f,0.947380950334138f,0.12667109953346548f,1.5518944804625272f,-0.012835408878452133f,-0.12860232031582272f,0.9916131783555064f,-1.0299883288136684f,0f,0f,0f,1f],start_interpolation:0}
execute if entity @s[tag=aj.field_extension.bone.left_arm2] run data modify entity @s {} merge value {transformation:[0.9537169507482269f,0.26595578152275884f,0.1403264056766318f,-0.5265445505693905f,-0.3004195942140947f,0.8223458617987097f,0.4832135666501676f,1.3324638479271922f,0.013116602751579949f,-0.5030057711966691f,0.864183515739048f,-0.8744386006586569f,0f,0f,0f,1f],start_interpolation:0}
execute if entity @s[tag=aj.field_extension.bone.left_arm] run data modify entity @s {} merge value {transformation:[0.9537169507482269f,0.26595578152275884f,0.1403264056766318f,-0.32421875f,-0.3004195942140947f,0.8223458617987097f,0.4832135666501676f,1.5518944804625272f,0.013116602751579949f,-0.5030057711966691f,0.864183515739048f,-1.0299883288136684f,0f,0f,0f,1f],start_interpolation:0}
execute if entity @s[tag=aj.field_extension.bone.head] run data modify entity @s {} merge value {transformation:[1f,0f,0f,-0.01171875f,0f,1.0000000000000002f,0f,1.6955076623149192f,0f,0f,1.0000000000000002f,-1.0362586157474356f,0f,0f,0f,1f],start_interpolation:0}
execute if entity @s[tag=aj.field_extension.bone.body_top] run data modify entity @s {} merge value {transformation:[1f,0f,0f,-0.01171875f,0f,0.9990482215818578f,0.043619387365336f,1.3021324250670627f,0f,-0.043619387365336f,0.9990482215818578f,-1.0190834819723344f,0f,0f,0f,1f],start_interpolation:0}
execute if entity @s[tag=aj.field_extension.locator_origin.player_camera] at @s on origin run tp @s ^-0.01172 ^0.17411 ^-1.06367 ~-180 ~2.5
execute if entity @s[tag=aj.field_extension.locator_origin.electric_shield] at @s on origin run tp @s ^-0.01172 ^1.36457 ^-1.02181 ~-180 ~2.5
execute if entity @s[tag=aj.field_extension.bone.glyphs] run data modify entity @s {} merge value {transformation:[0.8721645934017808f,0f,-0.6426041029494111f,-0.037491875f,-0.21978354739242037f,1.018000339184734f,-0.2982978592388506f,1.37086729089848f,0.6038503336283099f,0.3705218219361411f,0.8195666325303956f,-1.0378557717708288f,0f,0f,0f,1f],start_interpolation:0}
execute if entity @s[tag=aj.field_extension.bone.body] run data modify entity @s {} merge value {transformation:[1f,0f,0f,-0.01171875f,0f,0.9990482215818578f,0.043619387365336f,0.865048828125f,0f,-0.043619387365336f,0.9990482215818578f,-1f,0f,0f,0f,1f],start_interpolation:0}
execute if entity @s[tag=aj.field_extension.bone.right_leg2] run data modify entity @s {} merge value {transformation:[0.9914448613738104f,-0.13043150782703603f,-0.004970776743294638f,0.1600969876613904f,0.13052619222005155f,0.9907256620061521f,0.037756797891318764f,0.5875729962432318f,8.673617379884035e-19f,-0.03808259981195575f,0.9992745946893488f,-0.9774894314328955f,0f,0f,0f,1f],start_interpolation:0}
execute if entity @s[tag=aj.field_extension.bone.right_leg] run data modify entity @s {} merge value {transformation:[0.9914448613738104f,-0.13026987870995596f,-0.008175913181975775f,0.11328125f,0.13052619222005155f,0.989497966975355f,0.06210222617727627f,0.943173828125f,8.673617379884035e-19f,-0.06263810383889971f,0.9980363059265265f,-1f,0f,0f,0f,1f],start_interpolation:0}
execute if entity @s[tag=aj.field_extension.bone.left_leg2] run data modify entity @s {} merge value {transformation:[0.9914448613738104f,0.1305261922200516f,0f,-0.1833617661486635f,-0.13052619222005157f,0.9914448613738105f,-1.3877787807814457e-17f,0.5888849463838832f,0f,1.3877787807814457e-17f,1f,-0.9618659214850471f,0f,0f,0f,1f],start_interpolation:0}
execute if entity @s[tag=aj.field_extension.bone.left_leg] run data modify entity @s {} merge value {transformation:[0.9914448613738104f,0.1297892623267159f,0.013850423825745473f,-0.13671875f,-0.13052619222005157f,0.9858473231057159f,0.10520441373739259f,0.943173828125f,0f,-0.10611221847639063f,0.9943541607948442f,-1f,0f,0f,0f,1f],start_interpolation:0}
execute if entity @s[tag=aj.field_extension.bone.sun_princess_ring] run data modify entity @s {} merge value {transformation:[0.5761849354746793f,0.24577266863761413f,-0.7794913184139931f,-0.486273125f,0f,0.9537169507482269f,0.3007057995042731f,1.4218712500000001f,0.8173193501514813f,-0.1732621516842314f,0.5495173397279749f,-0.615234375f,0f,0f,0f,1f],start_interpolation:0}
execute if entity @s[tag=aj.field_extension.bone.white_dot0] run data modify entity @s {} merge value {transformation:[0.8273012401221002f,-0.47590402315390085f,0.29847616125641696f,-0.859375f,0.5617585407383098f,0.7008633780927738f,-0.4395655436404798f,0.34531249999999997f,2.7755575615628914e-17f,0.5313246521612912f,0.8471682914307421f,1.6875f,0f,0f,0f,1f],start_interpolation:0}
execute if entity @s[tag=aj.field_extension.bone.white_dot1] run data modify entity @s {} merge value {transformation:[0.8506391036738674f,-0.4553128995270062f,0.26287502510742605f,0.703125f,0.5257500502148521f,0.736675073233994f,-0.4253195518369337f,0.37499999999999994f,0f,0.5f,0.8660254037844386f,1.6875f,0f,0f,0f,1f],start_interpolation:0}
execute if entity @s[tag=aj.field_extension.bone.white_dot2] run data modify entity @s {} merge value {transformation:[0.9974608783459217f,-0.05270935517840085f,0.047890709391901085f,0.84375f,0.07009914985955483f,0.8453209980063217f,-0.5296399904827468f,0.275f,-0.012566039883352611f,0.5316522681285895f,0.846869506143288f,-0.09375f,0f,0f,0f,1f],start_interpolation:0}
execute if entity @s[tag=aj.field_extension.bone.white_dot3] run data modify entity @s {} merge value {transformation:[0.8330343307612393f,-0.07666882373357974f,0.5478829211067666f,-0.171875f,0.045407168931286476f,0.9964845002321532f,0.07040475698929406f,0.18124999999999994f,-0.5513546887284262f,-0.033771767267722616f,0.8335871129958734f,0.390625f,0f,0f,0f,1f],start_interpolation:0}