# This file was generated by Animated Java via MC-Build. It is not recommended to edit this file directly.
$data merge entity $(bone_right_arm2) { transformation: [0.9455236175780226f,-0.3210938819796074f,-0.05370109456459102f,0.39062356208863264f,0.3252205068864469f,0.9390763093396102f,0.11120839508606929f,1.08081171425007f,0.01472109040430565f,-0.12261486122147955f,0.9923451442441515f,0.2939320767190947f,0f,0f,0f,1f], start_interpolation: 0, interpolation_duration: 1 }
$data merge entity $(bone_right_arm) { transformation: [0.9455236175780226f,-0.3210938819796074f,-0.05370109456459102f,0.3103500915937308f,0.3252205068864469f,0.9390763093396102f,0.11120839508606929f,1.3155807915849724f,0.01472109040430565f,-0.12261486122147955f,0.9923451442441515f,0.26327836141372485f,0f,0f,0f,1f], start_interpolation: 0, interpolation_duration: 1 }
$data merge entity $(bone_gael_slash) { transformation: [0.000013966056897257318f,0.0004364173943988803f,0.012616556770897304f,-0.2828645926033755f,-0.000002342601140039102f,-0.00215954878130594f,0.07429253918856188f,1.896456415452318f,3.9486590850982015e-7f,-0.0282475426665189f,-0.005484805508982533f,0.49204766179145765f,0f,0f,0f,1f], start_interpolation: 0, interpolation_duration: 1 }
$data merge entity $(bone_gaels_greatsword) { transformation: [0.9858393103946341f,0.022672039433612998f,0.16615304002200196f,-0.41696004844244755f,-0.16536008047334838f,-0.033256596262071475f,0.9856723809618029f,1.1145152538101946f,0.027872887659516715f,-0.9991896603913507f,-0.029036609659836093f,0.595901928067724f,0f,0f,0f,1f], start_interpolation: 0, interpolation_duration: 1 }
$data merge entity $(bone_left_arm2) { transformation: [0.9858393103946341f,0.022672039433612998f,0.16615304002200196f,-0.4752278871271143f,-0.16536008047334838f,-0.033256596262071475f,0.9856723809618029f,1.0996969991512988f,0.027872887659516715f,-0.9991896603913507f,-0.029036609659836093f,0.3265497903379763f,0f,0f,0f,1f], start_interpolation: 0, interpolation_duration: 1 }
$data merge entity $(bone_left_arm) { transformation: [0.9858393103946341f,0.16659152693621607f,0.01918638146426466f,-0.310350091593731f,-0.16536008047334838f,0.9467250006550411f,0.27634727594199354f,1.3157082392558905f,0.027872887659516715f,-0.27560666952701374f,0.960866310079476f,0.26113223391366247f,0f,0f,0f,1f], start_interpolation: 0, interpolation_duration: 1 }
$data merge entity $(bone_head) { transformation: [1f,0f,0f,-8.720556775878408e-17f,0f,0.9982413640526885f,-0.0592805119261622f,1.4592054353384645f,-2.465190328815662e-32f,0.0592805119261622f,0.9982413640526886f,0.2696538075030483f,0f,0f,0f,1f], start_interpolation: 0, interpolation_duration: 1 }
$data merge entity $(bone_body_top) { transformation: [1f,0f,0f,-8.720556775878408e-17f,0f,0.9982413640526885f,-0.0592805119261622f,1.0661478982427184f,-2.465190328815662e-32f,0.0592805119261622f,0.9982413640526886f,0.2463121059321219f,0f,0f,0f,1f], start_interpolation: 0, interpolation_duration: 1 }
$data merge entity $(bone_body) { transformation: [1f,0f,0f,-8.720556775878408e-17f,0f,0.9982413640526885f,-0.0592805119261622f,0.6294173014696671f,-2.465190328815662e-32f,0.0592805119261622f,0.9982413640526886f,0.22037688196442595f,0f,0f,0f,1f], start_interpolation: 0, interpolation_duration: 1 }
$data merge entity $(bone_right_leg2) { transformation: [0.9936316763546179f,-0.10710224474033608f,0.03500287011507652f,0.16549323581547948f,0.11072510878771319f,0.8705411041951051f,-0.47947694020746834f,0.35650042065719445f,0.020881619397471206f,0.48029917247310383f,0.8768561243972645f,0.1599491402282126f,0f,0f,0f,1f], start_interpolation: 0, interpolation_duration: 1 }
$data merge entity $(bone_right_leg) { transformation: [0.9936316763546179f,-0.11267683009524748f,0.00015396232816895436f,0.12499999999999992f,0.11072510878771319f,0.9761655278154977f,-0.18665693822796886f,0.7073099072158889f,0.020881619397471206f,0.18548529393021282f,0.9824251440730544f,0.22660791773438282f,0f,0f,0f,1f], start_interpolation: 0, interpolation_duration: 1 }
$data merge entity $(bone_left_leg2) { transformation: [0.9969339143617303f,0.07623508897142735f,-0.017634670536097678f,-0.15249202614057175f,-0.07738825100554808f,0.9939319295633591f,-0.0781689068668624f,0.3722515349037676f,0.01156844854336322f,0.0792939506140064f,0.9967841493494584f,0.34991181303726f,0f,0f,0f,1f], start_interpolation: 0, interpolation_duration: 1 }
$data merge entity $(bone_left_leg) { transformation: [0.9969339143617303f,0.0764995509998516f,0.016449592463622275f,-0.12500000000000008f,-0.07738825100554808f,0.9328650405646199f,0.3518151143692841f,0.7074999088566779f,0.01156844854336322f,-0.35200942429030396f,0.9359249629158892f,0.223408426182932f,0f,0f,0f,1f], start_interpolation: 0, interpolation_duration: 1 }
data modify entity @s data merge value {"locators":{"player_camera":{"posx":-8.720556775878408e-17,"posy":0.474996875,"posz":0.7120875,"roty":180,"rotx":-3.398515625000001}},"cameras":{}}