# This file was generated by Animated Java via MC-Build. It is not recommended to edit this file directly.
$data merge entity $(bone_right_arm2) { transformation: [0.6613523413343289f,0.666837551610825f,-0.3434250433111729f,0.09398472628558466f,0.20326210280227258f,0.2813915471426785f,0.9378183804772903f,0.9616393385655116f,0.7220094169579778f,-0.6900336781334147f,0.05055615556656434f,3.5424875114706733f,0f,0f,0f,1f], start_interpolation: 0, interpolation_duration: 1 }
$data merge entity $(bone_right_arm) { transformation: [0.6613523413343289f,0.666837551610825f,-0.3434250433111729f,0.2606941141882909f,0.20326210280227258f,0.2813915471426785f,0.9378183804772903f,1.0319872253511813f,0.7220094169579778f,-0.6900336781334147f,0.05055615556656434f,3.36997909193732f,0f,0f,0f,1f], start_interpolation: 0, interpolation_duration: 1 }
$data merge entity $(bone_gael_slash) { transformation: [0.000001624826877676961f,0.000013395434337707923f,-0.560912278639372f,-0.80353947126583f,-0.000012688041679569177f,-4.846752612256628e-7f,-0.8167594151129538f,0.8239860564789929f,-0.000006088347920375308f,0.0000045849616399437374f,1.5524231332362457f,3.8831174526824377f,0f,0f,0f,1f], start_interpolation: 0, interpolation_duration: 1 }
$data merge entity $(bone_gaels_greatsword) { transformation: [0.11469366195366784f,0.9313750484267136f,-0.3455226231027338f,-0.6967073518658264f,-0.8956264714990008f,-0.053524539270128096f,-0.44157484897372734f,0.9832853431314038f,-0.4297657355559041f,0.3601050442080153f,0.8280252228513546f,3.5796505165390755f,0f,0f,0f,1f], start_interpolation: 0, interpolation_duration: 1 }
$data merge entity $(bone_left_arm2) { transformation: [0.11469366195366784f,0.8049343149494821f,0.5821736102954727f,-0.4974935174919908f,-0.8956264714990008f,0.337320609576775f,-0.2899448739070973f,1.1345413193579417f,-0.4297657355559041f,-0.48815525703566903f,0.7596090162514739f,3.463028161711478f,0f,0f,0f,1f], start_interpolation: 0, interpolation_duration: 1 }
$data merge entity $(bone_left_arm) { transformation: [0.11469366195366784f,0.9664505340180681f,0.22982325644687934f,-0.24154417624326524f,-0.8956264714990008f,0.2006865075387821f,-0.3969611432396577f,1.0727596373052621f,-0.4297657355559041f,-0.16030686506845765f,0.8885961521152427f,3.3692307284998755f,0f,0f,0f,1f], start_interpolation: 0, interpolation_duration: 1 }
$data merge entity $(bone_head) { transformation: [0.7783520688956612f,0.04648306802529781f,-0.6261049282930131f,0.01702406698995767f,-0.20840526989696337f,0.9598385532829656f,-0.1878222433867669f,1.1928263923285651f,0.5922290944600894f,0.27667539828943866f,0.7567796400910656f,3.4127106138430894f,0f,0f,0f,1f], start_interpolation: 0, interpolation_duration: 1 }
$data merge entity $(bone_body_top) { transformation: [0.99408274922913f,0.06989604122393325f,0.08315065307185818f,-0.010497499241966052f,-0.01995191668094723f,0.8699459769985376f,-0.4927432578177165f,0.850285163885391f,-0.10677737918590638f,0.48816855749349747f,0.8661928484863556f,3.2204942443300246f,0f,0f,0f,1f], start_interpolation: 0, interpolation_duration: 1 }
$data merge entity $(bone_body) { transformation: [0.987717563334546f,0.06989604122393325f,0.13974461886487452f,-0.04107701727743685f,0.008200053282271613f,0.8699459769985376f,-0.49307885396782936f,0.46968379894853085f,-0.15603452889227667f,0.48816855749349747f,0.8586877693714303f,3.0069205004266193f,0f,0f,0f,1f], start_interpolation: 0, interpolation_duration: 1 }
$data merge entity $(bone_right_leg2) { transformation: [0.9835135554338594f,-0.16423260172835177f,-0.07568843245427143f,0.09951029130123146f,0.16795216206566363f,0.9847362194993343f,0.045679856212855585f,0.343854545221985f,0.06703101920243568f,-0.05763879366966884f,0.9960846409462338f,3.392698610325288f,0f,0f,0f,1f], start_interpolation: 0, interpolation_duration: 1 }
$data merge entity $(bone_right_leg) { transformation: [0.9835135554338594f,-0.016404497040350297f,-0.18008880796624024f,0.09361492517735558f,0.16795216206566363f,0.45201202171384464f,0.8760577626410437f,0.5062963655253979f,0.06703101920243568f,-0.8918609895622834f,0.447315121320157f,3.072186067201342f,0f,0f,0f,1f], start_interpolation: 0, interpolation_duration: 1 }
$data merge entity $(bone_left_leg2) { transformation: [0.9463327054537773f,0.2762222848831184f,-0.1677964836415925f,-0.2778912619926176f,-0.25015305616122574f,0.29727367637621394f,-0.9214400739206912f,0.2616966447878512f,-0.20464080502610538f,0.9139636812629477f,0.35041765116864193f,2.867363610436273f,0f,0f,0f,1f], start_interpolation: 0, interpolation_duration: 1 }
$data merge entity $(bone_left_leg) { transformation: [0.9463327054537773f,0.31846226925720267f,0.05510166647286455f,-0.16344388397831042f,-0.25015305616122574f,0.8296920238987924f,-0.49903366015923656f,0.5598672158764797f,-0.20464080502610538f,0.4584680234632277f,0.8648290075962927f,3.0321255563683707f,0f,0f,0f,1f], start_interpolation: 0, interpolation_duration: 1 }
data modify entity @s data merge value {"locators":{"player_camera":{"posx":-4.086753525349643e-16,"posy":0.07607557870370374,"posz":3.3370875,"roty":172.78823090625576,"rotx":-35.75658012558722}},"cameras":{}}