# This file was generated by Animated Java via MC-Build. It is not recommended to edit this file directly.
$data merge entity $(bone_right_arm2) { transformation: [-0.21191347076579464f,0.009873264415366768f,-0.9772385581616082f,0.12303825769403384f,-0.31195458345022653f,0.9469542076137119f,0.07721441929512043f,0.9306682130429689f,0.9261625228718715f,0.32121682292879866f,-0.19759234270370474f,3.1624057305132376f,0f,0f,0f,1f], start_interpolation: 0, interpolation_duration: 1 }
$data merge entity $(bone_right_arm) { transformation: [-0.21027516430149723f,-0.028091915566571563f,-0.9772385581616082f,0.11601527880239094f,-0.47589281318368043f,0.87610727871251f,0.07721441929512043f,1.1496950327210964f,0.8539967128965431f,0.48129708129881743f,-0.19759234270370474f,3.282730000837942f,0f,0f,0f,1f], start_interpolation: 0, interpolation_duration: 1 }
$data merge entity $(bone_gael_slash) { transformation: [0.000008372329015475125f,-0.000004044685917688146f,-1.7101228372503898f,-0.5095286873280236f,-0.000010612679305493729f,0.0000021629927432619355f,-1.4610632384575681f,0.77442995527588f,0.000004239055231985412f,0.000013403597377730196f,-0.28027106971704707f,2.4799116916620503f,0f,0f,0f,1f], start_interpolation: 0, interpolation_duration: 1 }
$data merge entity $(bone_gaels_greatsword) { transformation: [0.5909879305041265f,-0.3181448444771014f,-0.7412942222431593f,-0.44313345809577775f,-0.7491303039172044f,0.12442004346552138f,-0.650633107470681f,0.8505442723622576f,0.2992274281401468f,0.9398422797026522f,-0.1648012000319008f,2.5393339260560466f,0f,0f,0f,1f], start_interpolation: 0, interpolation_duration: 1 }
$data merge entity $(bone_left_arm2) { transformation: [0.5909879305041265f,0.46588163608690825f,-0.6585495935428365f,-0.34422769796129055f,-0.7491303039172044f,0.6197846128961845f,-0.23381792354317885f,1.0675067186691196f,0.2992274281401468f,0.6315230279048518f,0.715291277365047f,2.678295227505279f,0f,0f,0f,1f], start_interpolation: 0, interpolation_duration: 1 }
$data merge entity $(bone_left_arm) { transformation: [0.5909879305041265f,0.2050150925969986f,-0.7801936155890368f,-0.21910043349902508f,-0.7491303039172044f,0.49823953426486045f,-0.4365331078491665f,1.0984253142456841f,0.2992274281401468f,0.8424524783647911f,0.4480365698753329f,2.926311775613995f,0f,0f,0f,1f], start_interpolation: 0, interpolation_duration: 1 }
$data merge entity $(bone_head) { transformation: [0.6105915431622204f,-0.22814821584627962f,-0.7583708585019188f,-0.06634317181828084f,0.06612533581149604f,0.9689480834538313f,-0.23825837138485603f,1.2561402338864143f,0.7891802122345659f,0.09533101896710475f,0.6067178829077796f,3.113275102570162f,0f,0f,0f,1f], start_interpolation: 0, interpolation_duration: 1 }
$data merge entity $(bone_body_top) { transformation: [0.7577515865303353f,-0.2551696344475795f,-0.6005838748806431f,0.03412987174545361f,0.08409969491904024f,0.950886928076313f,-0.2978947655265478f,0.881728505956366f,0.6471010542606801f,0.17522131054606674f,0.7419957667704274f,3.044281711542648f,0f,0f,0f,1f], start_interpolation: 0, interpolation_duration: 1 }
$data merge entity $(bone_body) { transformation: [0.8094471461416484f,-0.18345521180418847f,-0.557798801419491f,0.11439152690978606f,0.09990994159457411f,0.9791194082500808f,-0.17704007444242742f,0.4533637648469557f,0.5786305567231211f,0.0875749373387831f,0.8108744102365042f,3.0059676764569305f,0f,0f,0f,1f], start_interpolation: 0, interpolation_duration: 1 }
$data merge entity $(bone_right_leg2) { transformation: [0.8114357664850639f,-0.11917641207276558f,-0.5721616726715087f,0.10131022024234167f,0.25628947155168397f,0.9523971997787289f,0.16509173397052435f,0.32403852313123416f,0.5252501343555801f,-0.2806003504258291f,0.8033528114722361f,3.3608851424551323f,0f,0f,0f,1f], start_interpolation: 0, interpolation_duration: 1 }
$data merge entity $(bone_right_leg) { transformation: [0.8114357664850639f,0.2997026166805269f,-0.501747285417312f,0.20901584811190602f,0.25628947155168397f,0.589087929769499f,0.7663492139825319f,0.5357419978921478f,0.5252501343555801f,-0.7504357084752367f,0.40119639056790374f,3.091197309721844f,0f,0f,0f,1f], start_interpolation: 0, interpolation_duration: 1 }
$data merge entity $(bone_left_leg2) { transformation: [0.795890049117325f,-0.3028144826428725f,-0.5242732291637167f,-0.04491637628484576f,-0.06420440005541324f,0.8188396427379487f,-0.5704204015411025f,0.1649550350314089f,0.602027262447097f,0.4876525695436431f,0.632264301291743f,2.959310256677004f,0f,0f,0f,1f], start_interpolation: 0, interpolation_duration: 1 }
$data merge entity $(bone_left_leg) { transformation: [0.795890049117325f,0.10305429141850696f,-0.596606103502345f,-0.007881240306319821f,-0.06420440005541324f,0.9942168851928116f,0.08608472693241101f,0.5222517281475756f,0.602027262447097f,-0.03020924060172217f,0.7979038645430419f,2.94845381083576f,0f,0f,0f,1f], start_interpolation: 0, interpolation_duration: 1 }
data modify entity @s data merge value {"locators":{"player_camera":{"posx":-4.227337979333395e-16,"posy":0.22163390123906718,"posz":3.4518834183673466,"roty":196.25845766998722,"rotx":-12.793261695459739}},"cameras":{}}