# This file was generated by Animated Java via MC-Build. It is not recommended to edit this file directly.
$data merge entity $(bone_right_arm2) { transformation: [0.8878040963285753f,-0.4572496734415005f,-0.05221707268549716f,0.41110154923763936f,0.4592709244520376f,0.8875379422361946f,0.036696308317210796f,0.9094815294807708f,0.02956525824633071f,-0.056560916088603586f,0.9979613009911984f,0.35122473048432534f,0f,0f,0f,1f], start_interpolation: 0, interpolation_duration: 1 }
$data merge entity $(bone_right_arm) { transformation: [0.8878040963285753f,-0.4572496734415005f,-0.05221707268549716f,0.2967891308772642f,0.4592709244520376f,0.8875379422361946f,0.036696308317210796f,1.1313660150398195f,0.02956525824633071f,-0.056560916088603586f,0.9979613009911984f,0.33708450146217445f,0f,0f,0f,1f], start_interpolation: 0, interpolation_duration: 1 }
$data merge entity $(bone_gael_slash) { transformation: [0.000012813420684133154f,0.054332346294922715f,0.07050626463203045f,-0.3922240488716373f,-0.0000056976839328213715f,0.12928151263753504f,0.027888631185848296f,0.8279386138227479f,-0.0000020117387050862693f,-0.020093060510631516f,0.37009071898783646f,1.0189093574730481f,0f,0f,0f,1f], start_interpolation: 0, interpolation_duration: 1 }
$data merge entity $(bone_gaels_greatsword) { transformation: [0.9044767541741051f,0.3912982868192645f,0.16972758140910277f,-0.5589520346070156f,-0.4021894540815085f,0.9149269211399018f,0.03394660511860276f,0.7269847287583819f,-0.14200508506491313f,-0.09896655852240543f,0.9849061762979953f,0.24288785517189576f,0f,0f,0f,1f], start_interpolation: 0, interpolation_duration: 1 }
$data merge entity $(bone_left_arm2) { transformation: [0.9044767541741051f,0.3912982868192645f,0.16972758140910277f,-0.5132890771238028f,-0.4021894540815085f,0.9149269211399018f,0.03394660511860276f,0.9970426357577091f,-0.14200508506491313f,-0.09896655852240543f,0.9849061762979953f,0.208992177324533f,0f,0f,0f,1f], start_interpolation: 0, interpolation_duration: 1 }
$data merge entity $(bone_left_arm) { transformation: [0.9044767541741051f,0.41376140789910065f,-0.10355336060229546f,-0.29678913087726444f,-0.4021894540815085f,0.7465257128507119f,-0.5300405673892846f,1.1334003822101986f,-0.14200508506491313f,0.5210574415418041f,0.8416256284296574f,0.3215059020768699f,0f,0f,0f,1f], start_interpolation: 0, interpolation_duration: 1 }
$data merge entity $(bone_head) { transformation: [0.9999999999999998f,0f,2.465190328815662e-32f,-8.72055677587841e-17f,0f,0.9915810044372617f,-0.12948788220984697f,1.275940151598055f,0f,0.12948788220984697f,0.9915810044372615f,0.34011978514453545f,0f,0f,0f,1f], start_interpolation: 0, interpolation_duration: 1 }
$data merge entity $(bone_body_top) { transformation: [0.9999999999999998f,0f,2.465190328815662e-32f,-8.72055677587841e-17f,0f,0.9915810044372617f,-0.12948788220984697f,0.8855051311008832f,0f,0.12948788220984697f,0.9915810044372615f,0.2891339315244082f,0f,0f,0f,1f], start_interpolation: 0, interpolation_duration: 1 }
$data merge entity $(bone_body) { transformation: [0.9999999999999998f,0f,2.465190328815662e-32f,-8.72055677587841e-17f,0f,0.9915810044372617f,-0.12948788220984697f,0.4516884416595812f,0f,0.12948788220984697f,0.9915810044372615f,0.23248298305760012f,0f,0f,0f,1f], start_interpolation: 0, interpolation_duration: 1 }
$data merge entity $(bone_right_leg2) { transformation: [0.9659258070782275f,-0.13906336742757025f,0.21828585629852215f,0.21484377959257478f,0.2578577184350365f,0.44443724867260087f,-0.8578956399445135f,0.1860526311048214f,0.022287491194656506f,0.8849502312740718f,0.4651519707624752f,0.31433855328939697f,0f,0f,0f,1f], start_interpolation: 0, interpolation_duration: 1 }
$data merge entity $(bone_right_leg) { transformation: [0.9659258070782275f,-0.2500000823445562f,-0.06698726780508062f,0.12499999999999989f,0.2578577184350365f,0.9518344719796541f,0.16589314330221927f,0.5281181444725096f,0.022287491194656506f,-0.177513652373355f,0.9838659313937643f,0.2505445844677225f,0f,0f,0f,1f], start_interpolation: 0, interpolation_duration: 1 }
$data merge entity $(bone_left_leg2) { transformation: [0.998403757176789f,0.05017775544775891f,0.025925480005118472f,-0.11895590981119195f,-0.03429191996516565f,0.9032838263284905f,-0.4276708937003591f,0.3224647449951352f,-0.04487763229464732f,0.4260991926201996f,0.9035626575772373f,0.5278478590371756f,0f,0f,0f,1f], start_interpolation: 0, interpolation_duration: 1 }
$data merge entity $(bone_left_leg) { transformation: [0.998403757176789f,-0.01681833791668342f,0.05391735495173281f,-0.12500000000000006f,-0.03429191996516565f,0.5780272022117281f,0.8152966440065754f,0.530193270789975f,-0.04487763229464732f,-0.8158441622105302f,0.5765277973407908f,0.23465386324276633f,0f,0f,0f,1f], start_interpolation: 0, interpolation_duration: 1 }
data modify entity @s data merge value {"locators":{"player_camera":{"posx":-8.720556775878408e-17,"posy":0.262996875,"posz":0.7120875,"roty":180,"rotx":-7.440000000000004}},"cameras":{}}