# This file was generated by Animated Java via MC-Build. It is not recommended to edit this file directly.
$data merge entity $(bone_right_arm2) { transformation: [0.2226283285133525f,-0.622163718810315f,-0.7505657428496655f,0.4325799294632636f,-0.7050834767064832f,0.4289314757890937f,-0.5646902513350909f,1.2867919464849276f,0.6732710585038159f,0.6549275502477425f,-0.34318506043772f,6.637866532415295f,0f,0f,0f,1f], start_interpolation: 0, interpolation_duration: 1 }
$data merge entity $(bone_right_arm) { transformation: [0.35201202330496983f,-0.5592303649742842f,-0.7505657428496655f,0.29277233821969256f,-0.7812079460204723f,0.266156091648466f,-0.5646902513350909f,1.3533309693970441f,0.5155595799936377f,0.7851256802379742f,-0.34318506043772f,6.834147952474789f,0f,0f,0f,1f], start_interpolation: 0, interpolation_duration: 1 }
$data merge entity $(bone_gael_slash) { transformation: [-0.000011810316833741748f,0.00000776264155432007f,-0.15613383635117814f,-0.2472789311432924f,-0.000007300658430314869f,-0.000011569884692719491f,-0.5885868989474685f,1.1112441294754147f,-0.000002812693942638119f,-0.0000025639049788872833f,2.1833381472670332f,7.588017023658084f,0f,0f,0f,1f], start_interpolation: 0, interpolation_duration: 1 }
$data merge entity $(bone_gaels_greatsword) { transformation: [-0.8336694235582411f,0.5444250247282522f,-0.09271830819052054f,-0.21315534175949483f,-0.5153405950810496f,-0.827247104175142f,-0.2237996865398862f,1.0989742799648328f,-0.19854310183327897f,-0.13879344755241088f,0.9702149326983872f,7.476582069037656f,0f,0f,0f,1f], start_interpolation: 0, interpolation_duration: 1 }
$data merge entity $(bone_left_arm2) { transformation: [-0.0121921394788348f,-0.024605846607274856f,0.9996228809144316f,-0.23545526035754383f,-0.9411623511870688f,0.3379399929598482f,-0.003160674979525338f,1.2485201724019939f,-0.3377347782550044f,-0.9408459562920154f,-0.02727830797549416f,7.245705401785644f,0f,0f,0f,1f], start_interpolation: 0, interpolation_duration: 1 }
$data merge entity $(bone_left_arm) { transformation: [-0.0121921394788348f,-0.024605846607274856f,0.9996228809144316f,-0.2431307394442169f,-0.9411623511870688f,0.3379399929598482f,-0.003160674979525338f,1.2153598767435723f,-0.3377347782550044f,-0.9408459562920154f,-0.02727830797549416f,6.968277065430764f,0f,0f,0f,1f], start_interpolation: 0, interpolation_duration: 1 }
$data merge entity $(bone_head) { transformation: [0.998426437218907f,0.03950959140239252f,-0.039794995283023854f,0.0014969794161650187f,-0.05255058956952437f,0.906897594473297f,-0.41806122598782414f,1.3670116228652145f,0.01957255727428836f,0.4194946308664308f,0.9075467864942178f,6.98625175773475f,0f,0f,0f,1f], start_interpolation: 0, interpolation_duration: 1 }
$data merge entity $(bone_body_top) { transformation: [0.9763248387854421f,0.0038018028801488635f,0.21627610932657593f,1.953210640366423e-8f,0.09655747205500072f,0.88704263031577f,-0.4514776036447743f,1.01773858717838f,-0.19356255774536635f,0.461671872976187f,0.8656746605635001f,6.804468457750376f,0f,0f,0f,1f], start_interpolation: 0, interpolation_duration: 1 }
$data merge entity $(bone_body) { transformation: [0.9914448632133024f,4.46448168534388e-8f,0.13052617824771465f,-9.697152426653022e-16f,0.04995015526120759f,0.9238795634538443f,-0.37940945457607594f,0.6135412781673231f,-0.12059048551746286f,0.38268335766313666f,0.9159756451840465f,6.637044488772754f,0f,0f,0f,1f], start_interpolation: 0, interpolation_duration: 1 }
$data merge entity $(bone_right_leg2) { transformation: [0.9958767021259659f,-0.049541954283536596f,0.0759946638158114f,0.15107118808446632f,0.05165854743910589f,0.9983225745139267f,-0.026142526510784747f,0.34660592942757623f,-0.07457203657666772f,0.029960507032648853f,0.9967654585604151f,6.7761630084916735f,0f,0f,0f,1f], start_interpolation: 0, interpolation_duration: 1 }
$data merge entity $(bone_right_leg) { transformation: [0.9958767021259659f,-0.07254591466982198f,0.05446727850213494f,0.12499999999999906f,0.05165854743910589f,0.9470576270988408f,0.3168804907696193f,0.6869547641662221f,-0.07457203657666772f,-0.31276019762532453f,0.9469002429729205f,6.663764812470072f,0f,0f,0f,1f], start_interpolation: 0, interpolation_duration: 1 }
$data merge entity $(bone_left_leg2) { transformation: [0.9833697287169572f,0.06074688107949076f,-0.17115429612560756f,-0.17276575329912358f,-0.16698641957641125f,0.6729778426558795f,-0.7205666929377801f,0.3528584503062673f,0.07141086976216365f,0.7371639164618358f,0.6719299427369334f,6.540280090735123f,0f,0f,0f,1f], start_interpolation: 0, interpolation_duration: 1 }
$data merge entity $(bone_left_leg) { transformation: [0.9833697287169572f,0.13291340048451508f,-0.12376592671159888f,-0.12500000000000097f,-0.16698641957641125f,0.9296593081320483f,-0.32840387707895896f,0.6869547641662221f,0.07141086976216365f,0.34360966047985925f,0.9363935544976412f,6.663764812470072f,0f,0f,0f,1f], start_interpolation: 0, interpolation_duration: 1 }
data modify entity @s data merge value {"locators":{"player_camera":{"posx":-8.651074334867097e-16,"posy":0.32506962890625,"posz":7.06413828125,"roty":180,"rotx":-20.000000000000018}},"cameras":{}}