execute if entity @s[tag=aj.nep_phase2_murky.bone.right_arm2] run data modify entity @s {} merge value {transformation:[0.2962897990999408f,0.5873903426605339f,0.75311681716614f,0.35472879124907686f,-0.9547768727214231f,0.1617097870123316f,0.24950163947502513f,1.1876903027919425f,0.02476849340625853f,-0.79298331012296f,0.6087396747385678f,0.053650606810057705f,0f,0f,0f,1f],start_interpolation:0}
execute if entity @s[tag=aj.nep_phase2_murky.bone.right_arm] run data modify entity @s {} merge value {transformation:[0.4529190579944715f,0.47715761191344663f,0.75311681716614f,0.42480125f,-0.867737870139466f,0.42986035014304047f,0.24950163947502513f,1.250034336285117f,-0.20468345226525636f,-0.7665120304130647f,0.6087396747385678f,-0.08699890106094499f,0f,0f,0f,1f],start_interpolation:0}
execute if entity @s[tag=aj.nep_phase2_murky.bone.murky] run data modify entity @s {} merge value {transformation:[0.9726615538080594f,-0.15514825186510156f,0.31188202716172814f,0.06884654821040276f,0.16062098487440138f,1.419408942573602f,-0.42098726463224206f,1.2031379882176567f,-0.16772120009607852f,0.4595729253179427f,1.4055245725888088f,0.5902825672855156f,0f,0f,0f,1f],start_interpolation:0}
execute if entity @s[tag=aj.nep_phase2_murky.bone.left_arm2] run data modify entity @s {} merge value {transformation:[0.6851283922026716f,-0.7105497319510231f,-0.16036883931148022f,-0.27973472236435204f,0.4083855156767974f,0.1923840951104508f,0.8923057942958398f,1.1632179378054732f,-0.6031752289204012f,-0.6768363453397449f,0.42198602446521766f,0.261899147429393f,0f,0f,0f,1f],start_interpolation:0}
execute if entity @s[tag=aj.nep_phase2_murky.bone.left_arm] run data modify entity @s {} merge value {transformation:[0.9251299461657103f,-0.3441168669003577f,-0.16036883931148022f,-0.27163000000000004f,0.28492453084760616f,0.3501547960364704f,0.8923057942958398f,1.308256877922821f,-0.2509035560304025f,-0.8711918277436603f,0.42198602446521766f,-0.041711243244301116f,0f,0f,0f,1f],start_interpolation:0}
execute if entity @s[tag=aj.nep_phase2_murky.bone.head] run data modify entity @s {} merge value {transformation:[1f,0f,0f,0.03125000000000001f,0f,0.9984215316697951f,-0.05616444692276762f,1.4477995187636505f,0f,0.05616444692276762f,0.9984215316697951f,-0.03136268599378271f,0f,0f,0f,1f],start_interpolation:0}
execute if entity @s[tag=aj.nep_phase2_murky.bone.body_top] run data modify entity @s {} merge value {transformation:[1f,0f,0f,0.03125000000000001f,0f,0.9752278653530696f,-0.22120264609379087f,1.0638035467808793f,0f,0.22120264609379087f,0.9752278653530696f,-0.11846122789321287f,0f,0f,0f,1f],start_interpolation:0}
execute if entity @s[tag=aj.nep_phase2_murky.bone.body] run data modify entity @s {} merge value {transformation:[1f,0f,0f,0.03125000000000001f,0f,0.9957573948764734f,-0.0920174469805532f,0.6553874277885758f,0f,0.0920174469805532f,0.9957573948764734f,-0.1562027588813304f,0f,0f,0f,1f],start_interpolation:0}
execute if entity @s[tag=aj.nep_phase2_murky.bone.right_leg2] run data modify entity @s {} merge value {transformation:[0.994959251218131f,-0.09876541491798364f,0.017363214896286474f,0.20774326987044775f,0.09981778751867795f,0.9920201896935839f,-0.07702176663243987f,0.3981310004942513f,-0.009617572995935532f,0.07836667695126867f,0.9968782103312739f,-0.09672618865301869f,0f,0f,0f,1f],start_interpolation:0}
execute if entity @s[tag=aj.nep_phase2_murky.bone.right_leg] run data modify entity @s {} merge value {transformation:[0.994959251218131f,-0.10002652263002285f,-0.007126232244434477f,0.15625f,0.09981778751867795f,0.9810534406241499f,0.16604383738758133f,0.7491374277885758f,-0.009617572995935532f,-0.16591817685251675f,0.9860926228704913f,-0.1562027588813304f,0f,0f,0f,1f],start_interpolation:0}
execute if entity @s[tag=aj.nep_phase2_murky.bone.left_leg2] run data modify entity @s {} merge value {transformation:[0.9949238985790027f,0.10059683210433984f,0.0025910243012414406f,-0.14525344467571621f,-0.09660588987256524f,0.962027854441423f,-0.2552835860778399f,0.4044821811266791f,-0.028173357596995144f,0.25373743249549f,0.9668627499662547f,-0.1677226038777495f,0f,0f,0f,1f],start_interpolation:0}
execute if entity @s[tag=aj.nep_phase2_murky.bone.left_leg] run data modify entity @s {} merge value {transformation:[0.9949238985790027f,0.10005637220290584f,0.010731189027872802f,-0.09375f,-0.09660588987256524f,0.9795452902710415f,-0.176517212616081f,0.7549968027885758f,-0.028173357596995144f,0.17458449727686165f,0.9842390539052478f,-0.1054215088813304f,0f,0f,0f,1f],start_interpolation:0}
execute if entity @s[tag=aj.nep_phase2_murky.locator_origin.nep_ride] at @s on origin run tp @s ^0.01563 ^0.59289 ^-1.40425 ~-180 ~0