execute if entity @s[tag=aj.nep_phase2_murky.bone.right_arm2] run data modify entity @s {} merge value {transformation:[0.8277094259632121f,-0.5602434937067267f,-0.032005217245487994f,0.45400478691887086f,0.03429772679676812f,-0.006420735730060781f,0.9993910346252152f,1.311203956817629f,-0.5601078218595275f,-0.8283030857795743f,0.01390057480142999f,1.3625354095113416f,0f,0f,0f,1f],start_interpolation:0}
execute if entity @s[tag=aj.nep_phase2_murky.bone.right_arm] run data modify entity @s {} merge value {transformation:[0.8513591079659903f,-0.5236060879634827f,-0.032005217245487994f,0.3720412499999998f,0.03454515151959159f,-0.004918578781465621f,0.9993910346252152f,1.2933187360543383f,-0.5234446501683264f,-0.851946284826894f,0.01390057480142999f,1.215765829741042f,0f,0f,0f,1f],start_interpolation:0}
execute if entity @s[tag=aj.nep_phase2_murky.bone.murky] run data modify entity @s {} merge value {transformation:[-0.0030694641456448625f,0.5467961092633644f,1.3967794443904267f,0.14305416232803525f,0.08478231521275939f,1.39189914316214f,-0.5444664205216143f,1.3417590325298718f,-0.9963947698663528f,0.11675097498071395f,-0.050631024606966536f,1.8161913605935207f,0f,0f,0f,1f],start_interpolation:0}
execute if entity @s[tag=aj.nep_phase2_murky.bone.left_arm2] run data modify entity @s {} merge value {transformation:[0.907715897599711f,-0.41846264475891026f,-0.030673509517639752f,-0.5519323470229014f,0.05449890565624793f,0.04510045987612033f,0.9974947708139793f,1.321236985460498f,-0.4160309105427405f,-0.9071135339417773f,0.0637441606159923f,1.515935768769054f,0f,0f,0f,1f],start_interpolation:0}
execute if entity @s[tag=aj.nep_phase2_murky.bone.left_arm] run data modify entity @s {} merge value {transformation:[0.49598292131743626f,0.8677903419463096f,-0.030673509517639752f,-0.21875000000000017f,-0.040178946408685724f,0.05822228494532067f,0.9974947708139793f,1.334409081204825f,0.867402210065728f,-0.49350794113210833f,0.0637441606159923f,1.4701398134234862f,0f,0f,0f,1f],start_interpolation:0}
execute if entity @s[tag=aj.nep_phase2_murky.bone.head] run data modify entity @s {} merge value {transformation:[1f,0f,0f,0.031249999999999833f,0f,0.975071959882912f,-0.22188887545367503f,1.4934665296056897f,0f,0.22188887545367503f,0.975071959882912f,1.295437092757189f,0f,0f,0f,1f],start_interpolation:0}
execute if entity @s[tag=aj.nep_phase2_murky.bone.body_top] run data modify entity @s {} merge value {transformation:[1f,0f,0f,0.031249999999999833f,0f,0.9964341982599079f,-0.08437350613868269f,1.101120564040851f,0f,0.08437350613868269f,0.9964341982599079f,1.2622150247150827f,0f,0f,0f,1f],start_interpolation:0}
execute if entity @s[tag=aj.nep_phase2_murky.bone.body] run data modify entity @s {} merge value {transformation:[1f,0f,0f,0.031249999999999833f,0f,0.9989225180424558f,0.046409082599417124f,0.69140625f,0f,-0.046409082599417124f,0.9989225180424558f,1.28125f,0f,0f,0f,1f],start_interpolation:0}
execute if entity @s[tag=aj.nep_phase2_murky.locator_origin.nep_ride] at @s on origin run tp @s ^0.01562 ^1.22461 ^0.0332 ~-180 ~0