execute if entity @s[tag=aj.nep_phase2_murky.bone.right_arm2] run data modify entity @s {} merge value {transformation:[0.9490047028697239f,0.2982241101840676f,-0.10223724387946015f,0.2995496683394757f,0.11223291140885365f,-0.016539011432815397f,0.9935442791831264f,1.3124829649681937f,0.29460795564247677f,-0.9543525769891054f,-0.04916615976883071f,-0.0013978614218839724f,0f,0f,0f,1f],start_interpolation:0}
execute if entity @s[tag=aj.nep_phase2_murky.bone.right_arm] run data modify entity @s {} merge value {transformation:[0.926483770706563f,0.3621814028650295f,-0.10223724387946015f,0.368135f,0.11309888353444328f,-0.008854820480666242f,0.9935442791831264f,1.2945422827512754f,0.3589379684020785f,-0.9320655682799223f,-0.04916615976883071f,-0.1548690191504962f,0f,0f,0f,1f],start_interpolation:0}
execute if entity @s[tag=aj.nep_phase2_murky.bone.murky] run data modify entity @s {} merge value {transformation:[0.01904446683928879f,0.5891845266724833f,1.3791466699252979f,0.13818375089079415f,0.09387555443100007f,1.3722493932578717f,-0.5891546557008764f,1.324908717830126f,-0.9954017724331617f,0.14068829458461285f,-0.029176266038411974f,0.4430140056807601f,0f,0f,0f,1f],start_interpolation:0}
execute if entity @s[tag=aj.nep_phase2_murky.bone.left_arm2] run data modify entity @s {} merge value {transformation:[0.9169193801700072f,-0.3990722946027466f,0.0003923635412607651f,-0.551134958707697f,0.02870120556146605f,0.06692525096496738f,0.9973451015484035f,1.3297415244514734f,-0.39803905721419913f,-0.9144737910207023f,0.07281891559379942f,0.12933115743634743f,0f,0f,0f,1f],start_interpolation:0}
execute if entity @s[tag=aj.nep_phase2_murky.bone.left_arm] run data modify entity @s {} merge value {transformation:[0.40905039228832274f,0.9125117109493011f,0.0003923635412607651f,-0.21484375f,-0.06660819387091343f,0.029429524744042476f,0.9973451015484035f,1.3306122267001226f,0.9100775379482917f,-0.40799053966203574f,0.07281891559379942f,0.11559380603549774f,0f,0f,0f,1f],start_interpolation:0}
execute if entity @s[tag=aj.nep_phase2_murky.bone.head] run data modify entity @s {} merge value {transformation:[1f,0f,0f,0.03125f,0f,0.984807753012208f,-0.1736481776669304f,1.4931968833342806f,0f,0.1736481776669304f,0.984807753012208f,-0.06857568730885463f,0f,0f,0f,1f],start_interpolation:0}
execute if entity @s[tag=aj.nep_phase2_murky.bone.body_top] run data modify entity @s {} merge value {transformation:[1f,0f,0f,0.03125f,0f,0.9951847266721969f,-0.09801714032956058f,1.101342897207103f,0f,0.09801714032956058f,0.9951847266721969f,-0.10716993631361912f,0f,0f,0f,1f],start_interpolation:0}
execute if entity @s[tag=aj.nep_phase2_murky.bone.body] run data modify entity @s {} merge value {transformation:[1f,0f,0f,0.03125f,0f,0.9994645874763657f,0.03271908282177615f,0.69140625f,0f,-0.03271908282177615f,0.9994645874763657f,-0.09375f,0f,0f,0f,1f],start_interpolation:0}
execute if entity @s[tag=aj.nep_phase2_murky.bone.right_leg2] run data modify entity @s {} merge value {transformation:[0.9838461280029016f,-0.17760960183273206f,0.022397003159273954f,0.23595558409976053f,0.1774840355004828f,0.9840951710977661f,0.007490751933013698f,0.4371354042904007f,-0.02337121212435324f,-0.0033946367813007666f,0.9997210925477973f,-0.04989749648091575f,0f,0f,0f,1f],start_interpolation:0}
execute if entity @s[tag=aj.nep_phase2_murky.bone.right_leg] run data modify entity @s {} merge value {transformation:[0.9838461280029016f,-0.17901353279920745f,0.0009754426919225314f,0.15625f,0.1774840355004828f,0.9761225287354277f,0.12523668008062785f,0.78515625f,-0.02337121212435324f,-0.12304049727590197f,0.992126414563153f,-0.09375f,0f,0f,0f,1f],start_interpolation:0}
execute if entity @s[tag=aj.nep_phase2_murky.bone.left_leg2] run data modify entity @s {} merge value {transformation:[0.9749040336390469f,0.22259806588978787f,-0.003496606417921634f,-0.18845869533640477f,-0.22151380953960237f,0.968348368995268f,-0.11503507485744083f,0.4440577250034615f,-0.022220652050940492f,0.11292270509658323f,0.9933552764726732f,-0.03625980763416577f,0f,0f,0f,1f],start_interpolation:0}
execute if entity @s[tag=aj.nep_phase2_murky.bone.left_leg] run data modify entity @s {} merge value {transformation:[0.9749040336390469f,0.22115010729960255f,0.025588185470847066f,-0.09375f,-0.22151380953960237f,0.9750791047529592f,0.01234389150228845f,0.791015625f,-0.022220652050940492f,-0.017702246059237f,0.9995963550888375f,-0.04296875000000001f,0f,0f,0f,1f],start_interpolation:0}
execute if entity @s[tag=aj.nep_phase2_murky.locator_origin.nep_ride] at @s on origin run tp @s ^0.01563 ^0.62891 ^-1.3418 ~-180 ~0