execute if entity @s[tag=aj.nep_phase2_murky.bone.right_arm2] run data modify entity @s {} merge value {transformation:[0.9945291445141943f,0.07657270590799986f,0.07105210357049052f,0.4810016996479905f,-0.014095111608321359f,0.7716773299601594f,-0.6343432451445812f,0.5607103443744f,-0.10350229728765048f,0.630478192852787f,0.7692753231407223f,-0.1027941803670403f,0f,0f,0f,1f],start_interpolation:0}
execute if entity @s[tag=aj.nep_phase2_murky.bone.right_arm] run data modify entity @s {} merge value {transformation:[0.9563571014055396f,-0.2834302262804773f,0.07105210357049052f,0.43829125f,0.26225435911115935f,0.7258837543800569f,-0.6343432451445812f,0.6953452537326434f,0.12834000907320559f,0.6258948148673439f,0.7692753231407223f,-0.01009290390985576f,0f,0f,0f,1f],start_interpolation:0}
execute if entity @s[tag=aj.nep_phase2_murky.bone.murky] run data modify entity @s {} merge value {transformation:[0.000009467698867761116f,0.000003146876602156877f,-6.78119311177972e-7f,-0.3751748732347022f,-0.000002797883508358326f,0.000007006490153115151f,-0.000006548933978028942f,-0.012511644168646363f,-0.000001587272832914055f,0.00000639621972611349f,0.000007521232490035771f,0.35838612108638807f,0f,0f,0f,1f],start_interpolation:0}
execute if entity @s[tag=aj.nep_phase2_murky.bone.left_arm2] run data modify entity @s {} merge value {transformation:[0.9748230861388728f,-0.1889902844517522f,0.11833267982062085f,-0.41509107171868165f,0.18897777998928406f,0.9809513257135092f,0.009890483177317833f,0.2893830428697513f,-0.11806143850888157f,0.012733031341031948f,0.9929246530578653f,0.04332211336727621f,0f,0f,0f,1f],start_interpolation:0}
execute if entity @s[tag=aj.nep_phase2_murky.bone.left_arm] run data modify entity @s {} merge value {transformation:[0.9926534243994661f,0.025230059739994967f,0.11833267982062085f,-0.28312499999999996f,-0.026561130890705047f,0.998635374435823f,0.009890483177317833f,0.5981364560196079f,-0.11803527148804613f,-0.012973358649993771f,0.9929246530578653f,0.024513529853147392f,0f,0f,0f,1f],start_interpolation:0}
execute if entity @s[tag=aj.nep_phase2_murky.bone.head] run data modify entity @s {} merge value {transformation:[1f,0f,0f,0.031250000000000056f,0f,0.3943217913000915f,-0.9179249704154132f,0.7954119640759401f,0f,0.9188093243901386f,0.3947016916783318f,0.19084241755827847f,0f,0f,0f,1f],start_interpolation:0}
execute if entity @s[tag=aj.nep_phase2_murky.bone.body_top] run data modify entity @s {} merge value {transformation:[1f,0f,0f,0.031250000000000056f,0f,0.3741613495820427f,-0.9263256505598851f,0.6480859326780107f,0f,0.9272180979791901f,0.3745218268403765f,-0.17424970852102767f,0f,0f,0f,1f],start_interpolation:0}
execute if entity @s[tag=aj.nep_phase2_murky.bone.body] run data modify entity @s {} merge value {transformation:[1f,0f,0f,0.031250000000000056f,0f,0.4918701072911501f,-0.8695629499694906f,0.44634233398437495f,0f,0.8704007106534944f,0.49234398837996574f,-0.53125f,0f,0f,0f,1f],start_interpolation:0}
execute if entity @s[tag=aj.nep_phase2_murky.bone.right_leg2] run data modify entity @s {} merge value {transformation:[0.9947097859621992f,-0.07719574170843997f,0.06777358757745962f,0.20220491083651104f,0.07889657055877984f,0.9956301244811661f,-0.02391469811499891f,0.37672062223565983f,-0.0656945435757522f,0.029163357609346796f,0.9974135178136111f,-0.2756670633196848f,0f,0f,0f,1f],start_interpolation:0}
execute if entity @s[tag=aj.nep_phase2_murky.bone.right_leg] run data modify entity @s {} merge value {transformation:[0.9945179773491271f,-0.10371500110197093f,-0.013311321340097337f,0.15625000000000006f,0.08132993479902476f,0.687413455129162f,0.7203638732052188f,0.5400020996093751f,-0.0656253228818422f,-0.7181886876439734f,0.6927469422068071f,-0.53125f,0f,0f,0f,1f],start_interpolation:0}
execute if entity @s[tag=aj.nep_phase2_murky.bone.left_leg2] run data modify entity @s {} merge value {transformation:[0.9779059861380343f,0.000923850037148094f,-0.20904312659474755f,-0.1685055616119219f,-0.19818798134702317f,0.31913792264305485f,-0.9257150948250319f,0.2160083170496893f,0.06592181698836551f,0.9476042370401709f,0.31257083035444605f,-0.6016195261427925f,0f,0f,0f,1f],start_interpolation:0}
execute if entity @s[tag=aj.nep_phase2_murky.bone.left_leg] run data modify entity @s {} merge value {transformation:[0.9779059861380343f,0.16549782421847697f,-0.1277119902528689f,-0.09374999999999994f,-0.19818798134702317f,0.9264534403333438f,-0.3169881280905544f,0.5458558349609375f,0.06592181698836551f,0.33561860244131964f,0.9396884950558285f,-0.4799765625f,0f,0f,0f,1f],start_interpolation:0}
execute if entity @s[tag=aj.nep_phase2_murky.locator_origin.nep_ride] at @s on origin run tp @s ^0.01563 ^0.3839 ^-1.7793 ~-180 ~0