execute if entity @s[tag=aj.nep_phase2_murky.bone.right_arm2] run data modify entity @s {} merge value {transformation:[0.9930032174562821f,-0.08722590750911799f,-0.0796005727409206f,0.3680534106616884f,0.07729266159535485f,-0.029529802366552782f,0.996571038730154f,1.3149626453562595f,-0.08927740243184586f,-0.9957507880144524f,-0.022581266209385095f,0.011645081166188204f,0f,0f,0f,1f],start_interpolation:0}
execute if entity @s[tag=aj.nep_phase2_murky.bone.right_arm] run data modify entity @s {} merge value {transformation:[0.9962827868620436f,-0.032929582774720474f,-0.0796005727409206f,0.370299780521262f,0.07878837905337295f,-0.025269667398755608f,0.996571038730154f,1.2939906732247006f,-0.03482814850866729f,-0.9991381718700566f,-0.022581266209385095f,-0.1560878680695545f,0f,0f,0f,1f],start_interpolation:0}
execute if entity @s[tag=aj.nep_phase2_murky.bone.murky] run data modify entity @s {} merge value {transformation:[0.006828630478297487f,0.5655599196512636f,1.3892577368318253f,0.14055093208455205f,0.09053774219110909f,1.3832344091527111f,-0.5641091500087175f,1.333323712841941f,-0.9958696134759445f,0.1296323517491197f,-0.04175892155404022f,0.4433882120694525f,0f,0f,0f,1f],start_interpolation:0}
execute if entity @s[tag=aj.nep_phase2_murky.bone.left_arm2] run data modify entity @s {} merge value {transformation:[0.9119941230247894f,-0.4098511094156618f,-0.0169937541172151f,-0.5520129382449592f,0.043885250454286234f,0.05629528225539258f,0.997449209728671f,1.3244786283910528f,-0.40784899700846355f,-0.9104135924438611f,0.06932738515661312f,0.13702630402545307f,0f,0f,0f,1f],start_interpolation:0}
execute if entity @s[tag=aj.nep_phase2_murky.bone.left_arm] run data modify entity @s {} merge value {transformation:[0.4577884723330521f,0.8888987157826105f,-0.0169937541172151f,-0.217008530521262f,-0.0538808830199353f,0.046817992872845327f,0.997449209728671f,1.332374140786325f,0.8874269350453379f,-0.4557051114738392f,0.06932738515661312f,0.10554682357054558f,0f,0f,0f,1f],start_interpolation:0}
execute if entity @s[tag=aj.nep_phase2_murky.bone.head] run data modify entity @s {} merge value {transformation:[1f,0f,0f,0.03125f,0f,0.9804981432427432f,-0.1965283468040503f,1.4933252102938828f,0f,0.1965283468040503f,0.9804981432427432f,-0.07306312388888886f,0f,0f,0f,1f],start_interpolation:0}
execute if entity @s[tag=aj.nep_phase2_murky.bone.body_top] run data modify entity @s {} merge value {transformation:[1f,0f,0f,0.03125f,0f,0.9957176738503275f,-0.09244627619375984f,1.1012613762153163f,0f,0.09244627619375984f,0.9957176738503275f,-0.1094638451401818f,0f,0f,0f,1f],start_interpolation:0}
execute if entity @s[tag=aj.nep_phase2_murky.bone.body] run data modify entity @s {} merge value {transformation:[1f,0f,0f,0.03125f,0f,0.9992658315344856f,0.03831185100844325f,0.69140625f,0f,-0.03831185100844325f,0.9992658315344856f,-0.09375f,0f,0f,0f,1f],start_interpolation:0}
execute if entity @s[tag=aj.nep_phase2_murky.bone.right_leg2] run data modify entity @s {} merge value {transformation:[0.9843826652256216f,-0.1745912875574446f,0.022553286065127208f,0.23489586844740024f,0.17453560525294368f,0.9846409003347827f,0.004429434150883163f,0.4370349599153039f,-0.022980228508228374f,-0.00042390676106800196f,0.9997358298074384f,-0.04879528927997575f,0f,0f,0f,1f],start_interpolation:0}
execute if entity @s[tag=aj.nep_phase2_murky.bone.right_leg] run data modify entity @s {} merge value {transformation:[0.9843826652256216f,-0.17604143110469542f,0.00042771241804562266f,0.15625f,0.17453560525294368f,0.9762738335075433f,0.12816678394761355f,0.78515625f,-0.022980228508228374f,-0.12609050932999044f,0.9917525359456426f,-0.09375f,0f,0f,0f,1f],start_interpolation:0}
execute if entity @s[tag=aj.nep_phase2_murky.bone.left_leg2] run data modify entity @s {} merge value {transformation:[0.975898338522291f,0.2181764143669612f,-0.004635200471162962f,-0.18695220371424798f,-0.2170902746376556f,0.9684381141496862f,-0.1224721671235822f,0.4436077730165873f,-0.022231633479775602f,0.12052664135441361f,0.9924611242747221f,-0.03901086507506185f,0f,0f,0f,1f],start_interpolation:0}
execute if entity @s[tag=aj.nep_phase2_murky.bone.left_leg] run data modify entity @s {} merge value {transformation:[0.975898338522291f,0.21691489996476435f,0.023882190910971615f,-0.09375f,-0.2170902746376556f,0.976138817459829f,0.004982138684736076f,0.791015625f,-0.022231633479775602f,-0.010046652248533317f,0.9997023653325113f,-0.04296875000000001f,0f,0f,0f,1f],start_interpolation:0}
execute if entity @s[tag=aj.nep_phase2_murky.locator_origin.nep_ride] at @s on origin run tp @s ^0.01563 ^0.62891 ^-1.3418 ~-180 ~0