execute if entity @s[tag=aj.nep_phase2_murky.bone.right_arm2] run data modify entity @s {} merge value {transformation:[0.6824031836194967f,0.6556225016172026f,0.3232414428243642f,0.2987346696816246f,-0.43079876149694546f,0.0034654047245680428f,0.9024413654430921f,1.3037625770742558f,0.5905407031515044f,-0.7550808740415134f,0.2848061649227954f,1.4206299490990428f,0f,0f,0f,1f],start_interpolation:0}
execute if entity @s[tag=aj.nep_phase2_murky.bone.right_arm] run data modify entity @s {} merge value {transformation:[0.7480062022278354f,0.5796565285317796f,0.3232414428243642f,0.39536124999999983f,-0.4280084632440997f,0.049074813587331303f,0.9024413654430921f,1.293653959794061f,0.5072430155459162f,-0.813381811698451f,0.2848061649227954f,1.2822813607990091f,0f,0f,0f,1f],start_interpolation:0}
execute if entity @s[tag=aj.nep_phase2_murky.bone.murky] run data modify entity @s {} merge value {transformation:[0.5681748420593746f,-0.009700407744785255f,1.2343236759472351f,0.020235309087255793f,0.2585369265721692f,1.4261079731058568f,-0.25655999033518717f,1.3372829930235401f,-0.781240044064192f,0.46488918156211f,0.8127865859838689f,1.9523914347066857f,0f,0f,0f,1f],start_interpolation:0}
execute if entity @s[tag=aj.nep_phase2_murky.bone.left_arm2] run data modify entity @s {} merge value {transformation:[0.8123003935947726f,-0.5549528210142805f,-0.17943086973558747f,-0.48090637324136853f,0.2713292500099604f,0.08723600836735135f,0.9585250737112532f,1.2399817194292104f,-0.5162833608153661f,-0.8272951379601012f,0.2214367766491529f,1.6590929209747962f,0f,0f,0f,1f],start_interpolation:0}
execute if entity @s[tag=aj.nep_phase2_murky.bone.left_arm] run data modify entity @s {} merge value {transformation:[0.8963315026585496f,0.40545579330895887f,-0.17943086973558747f,-0.2421600000000002f,0.06651789653568879f,0.27713724489375946f,0.9585250737112532f,1.3349018455254713f,0.4383665210555363f,-0.8710915836838851f,0.2214367766491529f,1.4416726162055242f,0f,0f,0f,1f],start_interpolation:0}
execute if entity @s[tag=aj.nep_phase2_murky.bone.head] run data modify entity @s {} merge value {transformation:[1f,0f,0f,0.031249999999999833f,0f,0.9975765013245841f,-0.0695781862727248f,1.4903119007624073f,0f,0.0695781862727248f,0.9975765013245841f,1.3537187995067734f,0f,0f,0f,1f],start_interpolation:0}
execute if entity @s[tag=aj.nep_phase2_murky.bone.body_top] run data modify entity @s {} merge value {transformation:[1f,0f,0f,0.031249999999999833f,0f,0.9876616785716983f,-0.156602709685801f,1.101420114824801f,0f,0.156602709685801f,0.9876616785716983f,1.2920564825679892f,0f,0f,0f,1f],start_interpolation:0}
execute if entity @s[tag=aj.nep_phase2_murky.bone.body] run data modify entity @s {} merge value {transformation:[1f,0f,0f,0.031249999999999833f,0f,0.9996528513823721f,-0.026347233689573788f,0.69140625f,0f,0.026347233689573788f,0.9996528513823721f,1.28125f,0f,0f,0f,1f],start_interpolation:0}
execute if entity @s[tag=aj.nep_phase2_murky.bone.right_leg2] run data modify entity @s {} merge value {transformation:[0.9899856881739484f,-0.13962084767821556f,0.020841211681913715f,0.22243723677690813f,0.14027906011645508f,0.9895131325493689f,-0.03443175576671692f,0.43483268215398774f,-0.015815261730296643f,0.03701053101417748f,0.9991897207690092f,1.3290744576495952f,0f,0f,0f,1f],start_interpolation:0}
execute if entity @s[tag=aj.nep_phase2_murky.bone.right_leg] run data modify entity @s {} merge value {transformation:[0.9899856881739484f,-0.1411303245890514f,-0.0032509524977764144f,0.15624999999999983f,0.14027906011645508f,0.9809124957504887f,0.13465682668692094f,0.78515625f,-0.015815261730296643f,-0.13376437179584286f,0.9908869614312551f,1.28125f,0f,0f,0f,1f],start_interpolation:0}
execute if entity @s[tag=aj.nep_phase2_murky.bone.left_leg2] run data modify entity @s {} merge value {transformation:[0.9868061930942407f,0.16190478277205564f,-0.0006152937392865706f,-0.16711964644900756f,-0.15970460995887614f,0.9727575806778687f,-0.16803906329072055f,0.43981385724839733f,-0.026607796390069185f,0.165920253583681f,0.985780145175379f,1.3061711541359666f,0f,0f,0f,1f],start_interpolation:0}
execute if entity @s[tag=aj.nep_phase2_murky.bone.left_leg] run data modify entity @s {} merge value {transformation:[0.9868061930942407f,0.1612543991148797f,0.014510549160911112f,-0.09375000000000017f,-0.15970460995887614f,0.984200771567889f,-0.07644134223739918f,0.791015625f,-0.026607796390069185f,0.07311538833426948f,0.9969684875461178f,1.33203125f,0f,0f,0f,1f],start_interpolation:0}
execute if entity @s[tag=aj.nep_phase2_murky.locator_origin.nep_ride] at @s on origin run tp @s ^0.01562 ^1.22461 ^0.0332 ~-180 ~0