execute if entity @s[tag=aj.nep_phase2_murky.bone.right_arm2] run data modify entity @s {} merge value {transformation:[0.9158394694638704f,0.38845417331835985f,-0.10169277950614788f,0.2843338075437642f,0.11265192021677287f,-0.00547594552349044f,0.993619423568248f,1.3107382776286833f,0.385418747654561f,-0.9214517726132893f,-0.04877519558357882f,-0.007904536757817493f,0f,0f,0f,1f],start_interpolation:0}
execute if entity @s[tag=aj.nep_phase2_murky.bone.right_arm] run data modify entity @s {} merge value {transformation:[0.886170664530647f,0.45206208856928654f,-0.10169277950614788f,0.36775455589849104f,0.11275764973685162f,0.0024806317187114624f,0.993619423568248f,1.2946989617713685f,0.44942993419567967f,-0.8919830236863537f,-0.04877519558357882f,-0.15406517148112372f,0f,0f,0f,1f],start_interpolation:0}
execute if entity @s[tag=aj.nep_phase2_murky.bone.murky] run data modify entity @s {} merge value {transformation:[0.02118287343430835f,0.5933607219655708f,1.377284809631942f,0.1378518878065519f,0.09550956059702596f,1.370092423786795f,-0.5935672488520496f,1.3228685810162424f,-0.9952030997277032f,0.1441173268920895f,-0.027649127424085207f,0.44354569382435227f,0f,0f,0f,1f],start_interpolation:0}
execute if entity @s[tag=aj.nep_phase2_murky.bone.left_arm2] run data modify entity @s {} merge value {transformation:[0.9177395858636246f,-0.3971673558342614f,0.0034848240247744022f,-0.5508681957998568f,0.026409957907900728f,0.06977556300037106f,0.9972130589454209f,1.3304682209744132f,-0.39630362938303415f,-0.9150898656785584f,0.07452496944133707f,0.12860528578692224f,0f,0f,0f,1f],start_interpolation:0}
execute if entity @s[tag=aj.nep_phase2_murky.bone.left_arm] run data modify entity @s {} merge value {transformation:[0.4003508941376317f,0.9163552900293177f,0.0034848240247744022f,-0.21446330589849108f,-0.0696834604293702f,0.026652024525432194f,0.9972130589454209f,1.3300865460849396f,0.9137085842355794f,-0.3994779743915558f,0.07452496944133707f,0.11798199181900848f,0f,0f,0f,1f],start_interpolation:0}
execute if entity @s[tag=aj.nep_phase2_murky.bone.head] run data modify entity @s {} merge value {transformation:[1f,0f,0f,0.03125f,0f,0.9858394912908138f,-0.1676916736497942f,1.4931459961922307f,0f,0.1676916736497942f,0.9858394912908138f,-0.06700406390353672f,0f,0f,0f,1f],start_interpolation:0}
execute if entity @s[tag=aj.nep_phase2_murky.bone.body_top] run data modify entity @s {} merge value {transformation:[1f,0f,0f,0.03125f,0f,0.9949906813101586f,-0.09996771531822828f,1.1013684154263557f,0f,0.09996771531822828f,0.9949906813101586f,-0.1063663518100891f,0f,0f,0f,1f],start_interpolation:0}
execute if entity @s[tag=aj.nep_phase2_murky.bone.body] run data modify entity @s {} merge value {transformation:[1f,0f,0f,0.03125f,0f,0.9995268033252098f,0.03075986727031247f,0.69140625f,0f,-0.03075986727031247f,0.9995268033252098f,-0.09375f,0f,0f,0f,1f],start_interpolation:0}
execute if entity @s[tag=aj.nep_phase2_murky.bone.right_leg2] run data modify entity @s {} merge value {transformation:[0.9837509075106963f,-0.17813994669986558f,0.02236764094960928f,0.23614168195493968f,0.17800202786557784f,0.9839973672488272f,0.008028656370702852f,0.4371537164346001f,-0.023439924223931125f,-0.003916712543170844f,0.9997175747756116f,-0.05009124330133197f,0f,0f,0f,1f],start_interpolation:0}
execute if entity @s[tag=aj.nep_phase2_murky.bone.right_leg] run data modify entity @s {} merge value {transformation:[0.9837509075106963f,-0.17953551033067144f,0.001073546546243427f,0.15625f,0.17800202786557784f,0.9760940946109204f,0.12472207720139007f,0.78515625f,-0.023439924223931125f,-0.12250436317124717f,0.9921911363020653f,-0.09375f,0f,0f,0f,1f],start_interpolation:0}
execute if entity @s[tag=aj.nep_phase2_murky.bone.left_leg2] run data modify entity @s {} merge value {transformation:[0.9747272198100385f,0.22337418377985058f,-0.0032895261176039588f,-0.18872275011859668f,-0.22229074507857421f,0.9683246416955842f,-0.11372868124413783f,0.44413959878601283f,-0.022218722146090972f,0.11158567249339814f,0.9935063996172299f,-0.03577636354598771f,0f,0f,0f,1f],start_interpolation:0}
execute if entity @s[tag=aj.nep_phase2_murky.bone.left_leg] run data modify entity @s {} merge value {transformation:[0.9747272198100385f,0.22189255599044128f,0.02589479788339252f,-0.09375f,-0.22229074507857421f,0.9748850618597285f,0.013636011703049896f,0.791015625f,-0.022218722146090972f,-0.019047565691769384f,0.999571667579375f,-0.04296875000000001f,0f,0f,0f,1f],start_interpolation:0}
execute if entity @s[tag=aj.nep_phase2_murky.locator_origin.nep_ride] at @s on origin run tp @s ^0.01563 ^0.62891 ^-1.3418 ~-180 ~0