execute if entity @s[tag=aj.nep_phase2_murky.bone.right_arm2] run data modify entity @s {} merge value {transformation:[0.8451096999434714f,0.42287895135418724f,0.32705196462189123f,0.4232076504229077f,-0.28185036171571015f,0.8722965252021455f,-0.3995737049919402f,0.7075891396007006f,-0.4542576016559098f,0.24550389940252604f,0.8563748400764557f,-0.05024744220337787f,0f,0f,0f,1f],start_interpolation:0}
execute if entity @s[tag=aj.nep_phase2_murky.bone.right_arm] run data modify entity @s {} merge value {transformation:[0.9402583031153541f,0.094611499616041f,0.32705196462189123f,0.43949495370370373f,0.046864049622759724f,0.9155023840121714f,-0.3995737049919402f,0.8686445130384282f,-0.3372211207436308f,0.3910294733244981f,0.8563748400764557f,-0.0015124189590351167f,0f,0f,0f,1f],start_interpolation:0}
execute if entity @s[tag=aj.nep_phase2_murky.bone.murky] run data modify entity @s {} merge value {transformation:[0.29807904403914803f,0.15055500374362568f,-0.16558435533995616f,-0.20828366731416423f,-0.14864789138601603f,0.2679475003515034f,-0.3584518055819866f,0.17431035746856666f,-0.012798398427532002f,0.3943822104293474f,0.30674765580467744f,0.4236164740612346f,0f,0f,0f,1f],start_interpolation:0}
execute if entity @s[tag=aj.nep_phase2_murky.bone.left_arm2] run data modify entity @s {} merge value {transformation:[0.9084130923893103f,-0.40990599799185257f,0.08223579747283807f,-0.341554165732704f,0.3710645705667217f,0.8811370515166134f,0.2931016562811335f,0.5081886259528499f,-0.1926051350453168f,-0.23574259109230258f,0.9525380269045761f,0.1504081929076747f,0f,0f,0f,1f],start_interpolation:0}
execute if entity @s[tag=aj.nep_phase2_murky.bone.left_arm] run data modify entity @s {} merge value {transformation:[0.974562856846956f,-0.2084814420237591f,0.08223579747283807f,-0.2848842592592592f,0.1762883658384174f,0.9396881563344708f,0.2931016562811335f,0.8238772205371742f,-0.138382260872989f,-0.27114877314201025f,0.9525380269045761f,0.04837641869167289f,0f,0f,0f,1f],start_interpolation:0}
execute if entity @s[tag=aj.nep_phase2_murky.bone.head] run data modify entity @s {} merge value {transformation:[1f,0f,0f,0.03125000000000004f,0f,0.7171251062619878f,-0.6969444611794634f,1.0061351886546672f,0f,0.6969444611794634f,0.7171251062619878f,0.1645592102083835f,0f,0f,0f,1f],start_interpolation:0}
execute if entity @s[tag=aj.nep_phase2_murky.bone.body_top] run data modify entity @s {} merge value {transformation:[1f,0f,0f,0.03125000000000004f,0f,0.5934761178871084f,-0.804851599673907f,0.7724539672366183f,0f,0.804851599673907f,0.5934761178871084f,-0.15235110716321743f,0f,0f,0f,1f],start_interpolation:0}
execute if entity @s[tag=aj.nep_phase2_murky.bone.body] run data modify entity @s {} merge value {transformation:[1f,0f,0f,0.03125000000000004f,0f,0.6934530620349038f,-0.7205018048238435f,0.4880298597613648f,0f,0.7205018048238435f,0.6934530620349038f,-0.44786942554799697f,0f,0f,0f,1f],start_interpolation:0}
execute if entity @s[tag=aj.nep_phase2_murky.bone.right_leg2] run data modify entity @s {} merge value {transformation:[0.9951403729418385f,-0.08363557452207243f,0.05196853678468526f,0.2011814688985377f,0.0860467242167907f,0.9952271546871345f,-0.046031204903957734f,0.35255740583813655f,-0.04787065272939024f,0.05027923276774876f,0.9975872890928135f,-0.22742201052997651f,0f,0f,0f,1f],start_interpolation:0}
execute if entity @s[tag=aj.nep_phase2_murky.bone.right_leg] run data modify entity @s {} merge value {transformation:[0.995604621349934f,-0.09333592963391005f,-0.00773577313708387f,0.15625000000000006f,0.0797247253735045f,0.8012695569610867f,0.5929680136832873f,0.5817798597613648f,-0.049146781286000044f,-0.5909784271246774f,0.8051888552150163f,-0.44786942554799697f,0f,0f,0f,1f],start_interpolation:0}
execute if entity @s[tag=aj.nep_phase2_murky.bone.left_leg2] run data modify entity @s {} merge value {transformation:[0.9862929320217418f,0.05477996555185332f,-0.1556451336151999f,-0.15959495358280895f,-0.16015255900318057f,0.5448636975131671f,-0.8230885183119813f,0.25204458528736173f,0.0397166223222524f,0.8367333544842215f,0.5461683654377044f,-0.5086014240079837f,0f,0f,0f,1f],start_interpolation:0}
execute if entity @s[tag=aj.nep_phase2_murky.bone.left_leg] run data modify entity @s {} merge value {transformation:[0.9862929320217418f,0.14033843901208845f,-0.08678349370477084f,-0.09374999999999996f,-0.16015255900318057f,0.9407917445799729f,-0.29876755375191544f,0.5876392347613648f,0.0397166223222524f,0.30857092517899554f,0.950371808317929f,-0.39708817554799697f,0f,0f,0f,1f],start_interpolation:0}
execute if entity @s[tag=aj.nep_phase2_murky.locator_origin.nep_ride] at @s on origin run tp @s ^0.01563 ^0.42553 ^-1.69592 ~-180 ~0