execute if entity @s[tag=aj.nep_phase2_murky.bone.right_arm2] run data modify entity @s {} merge value {transformation:[0.8324307400533811f,0.5459986391364025f,-0.09457562622249382f,0.25902169484227916f,0.09954439839681557f,0.020553138460415364f,0.9948208287160271f,1.3069367170394355f,0.5451146446042303f,-0.8375339124839205f,-0.037242041799290096f,-0.022258961580426895f,0f,0f,0f,1f],start_interpolation:0}
execute if entity @s[tag=aj.nep_phase2_murky.bone.right_arm] run data modify entity @s {} merge value {transformation:[0.7905594031294578f,0.6050382475911904f,-0.09457562622249382f,0.36741162037037034f,0.09778794492734674f,0.027731508787715527f,0.9948208287160271f,1.2950236774629587f,0.6045273756832537f,-0.7957133166990095f,-0.037242041799290096f,-0.15144454740182295f,0f,0f,0f,1f],start_interpolation:0}
execute if entity @s[tag=aj.nep_phase2_murky.bone.murky] run data modify entity @s {} merge value {transformation:[0.02310859540738312f,0.5971296855836137f,1.3755851927219869f,0.1375741061461907f,0.10012665060452008f,1.3676519790833892f,-0.5974705308602338f,1.3193277215004808f,-0.9947063117609231f,0.15153944273390973f,-0.028184079151272218f,0.4459924584004866f,0f,0f,0f,1f],start_interpolation:0}
execute if entity @s[tag=aj.nep_phase2_murky.bone.left_arm2] run data modify entity @s {} merge value {transformation:[0.9184672696702648f,-0.3954471233421462f,0.006280699393416689f,-0.5505988667717803f,0.025579841662331244f,0.07524414534863243f,0.9968369928384899f,1.3304299524558716f,-0.39466890711706565f,-0.915401491822673f,0.07922475953794751f,0.12996197170948645f,0f,0f,0f,1f],start_interpolation:0}
execute if entity @s[tag=aj.nep_phase2_murky.bone.left_arm] run data modify entity @s {} merge value {transformation:[0.3924764930237449f,0.9197405912750136f,0.006280699393416689f,-0.21412037037037038f,-0.07532642857062216f,0.025336512536476237f,0.9968369928384899f,1.3289318090521927f,0.9166723141791603f,-0.3917081897198181f,0.07922475953794751f,0.12213720169443834f,0f,0f,0f,1f],start_interpolation:0}
execute if entity @s[tag=aj.nep_phase2_murky.bone.head] run data modify entity @s {} merge value {transformation:[1f,0f,0f,0.03125f,0f,0.9877388500511525f,-0.1561152269947647f,1.493005071640764f,0f,0.1561152269947647f,0.9877388500511525f,-0.06306947089443743f,0f,0f,0f,1f],start_interpolation:0}
execute if entity @s[tag=aj.nep_phase2_murky.bone.body_top] run data modify entity @s {} merge value {transformation:[1f,0f,0f,0.03125f,0f,0.994488058870222f,-0.10484989634967759f,1.101425398460614f,0f,0.10484989634967759f,0.994488058870222f,-0.10435411758212298f,0f,0f,0f,1f],start_interpolation:0}
execute if entity @s[tag=aj.nep_phase2_murky.bone.body] run data modify entity @s {} merge value {transformation:[1f,0f,0f,0.03125f,0f,0.9996657333896874f,0.025853848581176044f,0.69140625f,0f,-0.025853848581176044f,0.9996657333896874f,-0.09375f,0f,0f,0f,1f],start_interpolation:0}
execute if entity @s[tag=aj.nep_phase2_murky.bone.right_leg2] run data modify entity @s {} merge value {transformation:[0.9836648372568839f,-0.17861797674884447f,0.02234068769168558f,0.2363093959910504f,0.17846890607749302f,0.983908720289053f,0.008513501198752632f,0.4371703920663527f,-0.023501861796273813f,-0.004387313677803248f,0.9997141661349015f,-0.05026589897753911f,0f,0f,0f,1f],start_interpolation:0}
execute if entity @s[tag=aj.nep_phase2_murky.bone.right_leg] run data modify entity @s {} merge value {transformation:[0.9836648372568839f,-0.18000593505088444f,0.0011624503623584304f,0.15625f,0.17846890607749302f,0.9760679919056923f,0.12425829847817939f,0.78515625f,-0.023501861796273813f,-0.12202105770581613f,0.9922492247255539f,-0.09375f,0f,0f,0f,1f],start_interpolation:0}
execute if entity @s[tag=aj.nep_phase2_murky.bone.left_leg2] run data modify entity @s {} merge value {transformation:[0.9745673077144857f,0.22407352826349172f,-0.0031010749247622447f,-0.18896058843889038f,-0.2229909604045298f,0.9683012166967827f,-0.11255125641855576f,0.4442141164566895f,-0.022216982513479595f,0.11038028662347377f,0.993641081081552f,-0.03534059352517815f,0f,0f,0f,1f],start_interpolation:0}
execute if entity @s[tag=aj.nep_phase2_murky.bone.left_leg] run data modify entity @s {} merge value {transformation:[0.9745673077144857f,0.22256131966845646f,0.02617291962265498f,-0.09375f,-0.2229909604045298f,0.9747081524859305f,0.014800305920130867f,0.791015625f,-0.022216982513479595f,-0.020260218777179102f,0.9995478623973424f,-0.04296875000000001f,0f,0f,0f,1f],start_interpolation:0}
execute if entity @s[tag=aj.nep_phase2_murky.locator_origin.nep_ride] at @s on origin run tp @s ^0.01563 ^0.62891 ^-1.3418 ~-180 ~0