execute if entity @s[tag=aj.nep_phase2_murky.bone.right_arm2] run data modify entity @s {} merge value {transformation:[0.7868693803055253f,0.6107178824492397f,-0.08865803062506633f,0.24933433234183383f,0.08638107340006214f,0.033250724419433775f,0.9957071353986753f,1.3052452833509571f,0.6110440970141613f,-0.7911498324478742f,-0.02659048931194853f,1.3459550061359566f,0f,0f,0f,1f],start_interpolation:0}
execute if entity @s[tag=aj.nep_phase2_murky.bone.right_arm] run data modify entity @s {} merge value {transformation:[0.7408421520465994f,0.6658022674613298f,-0.08865803062506633f,0.36751342935528103f,0.08376204233026265f,0.03938554025054552f,0.9957071353986753f,1.2951851613685128f,0.6664359129095809f,-0.7450879947110439f,-0.02659048931194853f,1.2254904593732776f,0f,0f,0f,1f],start_interpolation:0}
execute if entity @s[tag=aj.nep_phase2_murky.bone.murky] run data modify entity @s {} merge value {transformation:[0.02253707363927486f,0.5960103655690085f,1.3760918664230948f,0.1376546500846063f,0.10322476488011763f,1.3676975978367534f,-0.5961784453343851f,1.3179517483994263f,-0.9944026992256318f,0.1554828768896157f,-0.030699128373267444f,1.8230901221573883f,0f,0f,0f,1f],start_interpolation:0}
execute if entity @s[tag=aj.nep_phase2_murky.bone.left_arm2] run data modify entity @s {} merge value {transformation:[0.9182523923244111f,-0.39595813267314406f,0.005449877107993328f,-0.5506816812743416f,0.027603554323892464f,0.07773128504780089f,0.9965921387977658f,1.3294307963709393f,-0.3950323882660552f,-0.9149726796439412f,0.08230679027882395f,1.5074286747068792f,0f,0f,0f,1f],start_interpolation:0}
execute if entity @s[tag=aj.nep_phase2_murky.bone.left_arm] run data modify entity @s {} merge value {transformation:[0.3948173939553491f,0.9187434485588533f,0.005449877107993328f,-0.21422217935528137f,-0.07776550762721422f,0.027506993837499612f,0.9965921387977658f,1.3283060434917562f,0.9154625886696781f,-0.39389572353633057f,0.08230679027882395f,1.4987690846854858f,0f,0f,0f,1f],start_interpolation:0}
execute if entity @s[tag=aj.nep_phase2_murky.bone.head] run data modify entity @s {} merge value {transformation:[1f,0f,0f,0.031249999999999833f,0f,0.9885835232409683f,-0.15067387821541514f,1.4929081795162338f,0f,0.15067387821541514f,0.9885835232409683f,1.3143652941072963f,0f,0f,0f,1f],start_interpolation:0}
execute if entity @s[tag=aj.nep_phase2_murky.bone.body_top] run data modify entity @s {} merge value {transformation:[1f,0f,0f,0.031249999999999833f,0f,0.9941649827790777f,-0.10787023229731188f,1.101455717546972f,0f,0.10787023229731188f,0.9941649827790777f,1.2718913901402298f,0f,0f,0f,1f],start_interpolation:0}
execute if entity @s[tag=aj.nep_phase2_murky.bone.body] run data modify entity @s {} merge value {transformation:[1f,0f,0f,0.031249999999999833f,0f,0.99973965420976f,0.02281718213429706f,0.69140625f,0f,-0.02281718213429706f,0.99973965420976f,1.28125f,0f,0f,0f,1f],start_interpolation:0}
execute if entity @s[tag=aj.nep_phase2_murky.bone.right_leg2] run data modify entity @s {} merge value {transformation:[0.9836904128843036f,-0.1784760643070147f,0.022348737525568763f,0.23625960947294747f,0.17833030601730288f,0.9839350854238181f,0.008369565568099938f,0.43716542477570913f,-0.023483474088888977f,-0.004247604207311434f,0.9997152015965419f,1.32478595297801f,0f,0f,0f,1f],start_interpolation:0}
execute if entity @s[tag=aj.nep_phase2_murky.bone.right_leg] run data modify entity @s {} merge value {transformation:[0.9836904128843036f,-0.17986628666888455f,0.001136010323484725f,0.15624999999999983f,0.17833030601730288f,0.9760757878422572f,0.12439597398586492f,0.78515625f,-0.023483474088888977f,-0.12216454194267472f,0.99223200469278f,1.28125f,0f,0f,0f,1f],start_interpolation:0}
execute if entity @s[tag=aj.nep_phase2_murky.bone.left_leg2] run data modify entity @s {} merge value {transformation:[0.9746148341215202f,0.2238659357958158f,-0.003157198211307298f,-0.18888999836230763f,-0.222783095969907f,0.9683083725493329f,-0.11290078742385048f,0.4441919231929963f,-0.022217498966918128f,0.11073815259939075f,0.9936012501494396f,1.3395300383359061f,0f,0f,0f,1f],start_interpolation:0}
execute if entity @s[tag=aj.nep_phase2_murky.bone.left_leg] run data modify entity @s {} merge value {transformation:[0.9746148341215202f,0.22236282874200683f,0.02609018022426717f,-0.09375000000000017f,-0.222783095969907f,0.9747608700703541f,0.014454699227226054f,0.791015625f,-0.022217498966918128f,-0.01990021541439447f,0.9995550831075373f,1.33203125f,0f,0f,0f,1f],start_interpolation:0}
execute if entity @s[tag=aj.nep_phase2_murky.locator_origin.nep_ride] at @s on origin run tp @s ^0.01562 ^1.22461 ^0.0332 ~-180 ~0