execute if entity @s[tag=aj.nep_phase2_murky.bone.right_arm2] run data modify entity @s {} merge value {transformation:[0.18276164494777267f,0.6180809269755836f,0.7645744887484719f,0.3526482161829254f,-0.9760952376372081f,0.20711427684304695f,0.0658920586242693f,1.1543496832856797f,-0.11762766765496405f,-0.7583400583094533f,0.6411583952232619f,1.421564617505172f,0f,0f,0f,1f],start_interpolation:0}
execute if entity @s[tag=aj.nep_phase2_murky.bone.right_arm] run data modify entity @s {} merge value {transformation:[0.3709220767746344f,0.5271078296859236f,0.7645744887484719f,0.43038937499999985f,-0.8585080491866314f,0.5085490793345518f,0.0658920586242693f,1.2331510789344458f,-0.3540914323207447f,-0.6808341720211868f,0.6411583952232619f,1.2937919118065833f,0f,0f,0f,1f],start_interpolation:0}
execute if entity @s[tag=aj.nep_phase2_murky.bone.murky] run data modify entity @s {} merge value {transformation:[0.9955171623696117f,-0.07863244484298401f,0.11808679998211802f,0.06775109199146676f,0.07276403459516727f,1.4343574545461981f,-0.4250950857678522f,1.1450923458640199f,-0.06042329597919665f,0.4317819255200101f,1.4336490769103878f,1.9690825090919515f,0f,0f,0f,1f],start_interpolation:0}
execute if entity @s[tag=aj.nep_phase2_murky.bone.left_arm2] run data modify entity @s {} merge value {transformation:[0.6747692921778994f,-0.7269912790399478f,-0.12716163939489603f,-0.2431351847322574f,0.4232673755414777f,0.24005285732249446f,0.8736242639107137f,1.1384565811552194f,-0.6045917061422251f,-0.6433181995647003f,0.4696919873415625f,1.6187930683766085f,0f,0f,0f,1f],start_interpolation:0}
execute if entity @s[tag=aj.nep_phase2_murky.bone.left_arm] run data modify entity @s {} merge value {transformation:[0.8785795661570783f,-0.46035623531960834f,-0.12716163939489603f,-0.2771740625000002f,0.3189863875289543f,0.3674620117477342f,0.8736242639107137f,1.2931617582675057f,-0.35545130538861164f,-0.8081112587538093f,0.4696919873415625f,1.3218268868424665f,0f,0f,0f,1f],start_interpolation:0}
execute if entity @s[tag=aj.nep_phase2_murky.bone.head] run data modify entity @s {} merge value {transformation:[1f,0f,0f,0.03124999999999984f,0f,0.9964643446827423f,-0.08401672319242831f,1.4306602123233523f,0f,0.08401672319242831f,0.9964643446827423f,1.3508525243064793f,0f,0f,0f,1f],start_interpolation:0}
execute if entity @s[tag=aj.nep_phase2_murky.bone.body_top] run data modify entity @s {} merge value {transformation:[1f,0f,0f,0.03124999999999984f,0f,0.9667308810030285f,-0.25579562880375506f,1.0500099279284099f,0f,0.25579562880375506f,0.9667308810030285f,1.2501329954650007f,0f,0f,0f,1f],start_interpolation:0}
execute if entity @s[tag=aj.nep_phase2_murky.bone.body] run data modify entity @s {} merge value {transformation:[1f,0f,0f,0.03124999999999984f,0f,0.9918483937161171f,-0.12742356094050447f,0.6431971101932836f,0f,0.12742356094050447f,0.9918483937161171f,1.197869425547997f,0f,0f,0f,1f],start_interpolation:0}
execute if entity @s[tag=aj.nep_phase2_murky.bone.right_leg2] run data modify entity @s {} merge value {transformation:[0.9956983637115111f,-0.09096513601029893f,0.017610012289804834f,0.20499432596896752f,0.0921236163304938f,0.9922604895106691f,-0.0832607967187386f,0.386924663339191f,-0.00989988971712474f,0.08452493706992606f,0.9963721830706204f,1.264972395930126f,0f,0f,0f,1f],start_interpolation:0}
execute if entity @s[tag=aj.nep_phase2_murky.bone.right_leg] run data modify entity @s {} merge value {transformation:[0.9956983637115111f,-0.09234515210010528f,-0.007559192141206501f,0.15624999999999983f,0.0921236163304938f,0.977980878912714f,0.18726088698739862f,0.7369471101932836f,-0.00989988971712474f,-0.187151738877104f,0.9822811302365861f,1.197869425547997f,0f,0f,0f,1f],start_interpolation:0}
execute if entity @s[tag=aj.nep_phase2_murky.bone.left_leg2] run data modify entity @s {} merge value {transformation:[0.9957909878897772f,0.0916490712180453f,-0.0008695874719730524f,-0.14211411011989306f,-0.08785198389339201f,0.9517446531037633f,-0.2940478604145802f,0.3933489619358596f,-0.02612158807379333f,0.2928866043936918f,0.9557903010615018f,1.1784019492883853f,0f,0f,0f,1f],start_interpolation:0}
execute if entity @s[tag=aj.nep_phase2_murky.bone.left_leg] run data modify entity @s {} merge value {transformation:[0.9957909878897772f,0.09128313303405951f,0.008227883141364255f,-0.09375000000000017f,-0.08785198389339201f,0.9762231944508055f,-0.19816736245471886f,0.7428064851932836f,-0.02612158807379333f,0.19661043776908418f,0.9801336635361282f,1.248650675547997f,0f,0f,0f,1f],start_interpolation:0}
execute if entity @s[tag=aj.nep_phase2_murky.locator_origin.nep_ride] at @s on origin run tp @s ^0.01562 ^1.1764 ^-0.05018 ~-180 ~0