execute if entity @s[tag=aj.nep_phase2_murky.bone.right_arm2] run data modify entity @s {} merge value {transformation:[0.3007340098480102f,0.6909297408135545f,0.6574002955430208f,0.35661435111601114f,-0.8075659805104181f,0.5511769235943806f,-0.2098599199925543f,0.9756997417709016f,-0.5073423325950476f,-0.4677820990122946f,0.7237289999721357f,1.3867748599288567f,0f,0f,0f,1f],start_interpolation:0}
execute if entity @s[tag=aj.nep_phase2_murky.bone.right_arm] run data modify entity @s {} merge value {transformation:[0.5224820857571674f,0.5429892461944239f,0.6574002955430208f,0.4398516203703702f,-0.5651292008632667f,0.7978645250369039f,-0.2098599199925543f,1.1097727596184226f,-0.6384680543257316f,-0.2618680549529606f,0.7237289999721357f,1.326151473811874f,0f,0f,0f,1f],start_interpolation:0}
execute if entity @s[tag=aj.nep_phase2_murky.bone.murky] run data modify entity @s {} merge value {transformation:[0.7293040808295328f,0.11051435121588322f,-0.0323509345685638f,0.031681563193132256f,-0.07518138732614557f,0.965691527591255f,-0.51451174067054f,0.780318747482246f,-0.015527216842810956f,0.5150014094289453f,0.9717155374618184f,1.9400125281785239f,0f,0f,0f,1f],start_interpolation:0}
execute if entity @s[tag=aj.nep_phase2_murky.bone.left_arm2] run data modify entity @s {} merge value {transformation:[0.7066763319933642f,-0.7074929097996288f,-0.00789584597486409f,-0.2304690801864206f,0.5068496958479995f,0.49841521111928533f,0.7033389390213716f,0.9123328876309325f,-0.49367190280508655f,-0.5010349887065499f,0.7108107993500328f,1.587974661887837f,0f,0f,0f,1f],start_interpolation:0}
execute if entity @s[tag=aj.nep_phase2_murky.bone.left_arm] run data modify entity @s {} merge value {transformation:[0.8542189470766747f,-0.5198534851970875f,-0.00789584597486409f,-0.2861459259259261f,0.37428467318281033f,0.6043387462977434f,0.7033389390213716f,1.1479743299968286f,-0.3608614330676723f,-0.6037607420590654f,0.7108107993500328f,1.35419175086092f,0f,0f,0f,1f],start_interpolation:0}
execute if entity @s[tag=aj.nep_phase2_murky.bone.head] run data modify entity @s {} merge value {transformation:[1f,0f,0f,0.031249999999999854f,0f,0.9420635280409784f,-0.3354345079668826f,1.2954269005738808f,0f,0.3354345079668826f,0.9420635280409784f,1.4223256615996256f,0f,0f,0f,1f],start_interpolation:0}
execute if entity @s[tag=aj.nep_phase2_murky.bone.body_top] run data modify entity @s {} merge value {transformation:[1f,0f,0f,0.031249999999999854f,0f,0.8708511584688489f,-0.4915468032583101f,0.9525292569267716f,0f,0.4915468032583101f,0.8708511584688489f,1.2287791078166659f,0f,0f,0f,1f],start_interpolation:0}
execute if entity @s[tag=aj.nep_phase2_murky.bone.body] run data modify entity @s {} merge value {transformation:[1f,0f,0f,0.031249999999999854f,0f,0.9275606386126162f,-0.3736726665098154f,0.5720844637458158f,0f,0.3736726665098154f,0.9275606386126162f,1.0755149281934995f,0f,0f,0f,1f],start_interpolation:0}
execute if entity @s[tag=aj.nep_phase2_murky.bone.right_leg2] run data modify entity @s {} merge value {transformation:[0.9964688386337468f,-0.07917312015490217f,0.027954797027508818f,0.20016649312445145f,0.08115908914704527f,0.9935639245282408f,-0.07901854291786264f,0.3477946706572746f,-0.02151873325114084f,0.08100830155593658f,0.9964811082997452f,1.2072086223411749f,0f,0f,0f,1f],start_interpolation:0}
execute if entity @s[tag=aj.nep_phase2_murky.bone.right_leg] run data modify entity @s {} merge value {transformation:[0.9966078063116988f,-0.08205591733692588f,-0.006301335459967621f,0.15624999999999986f,0.07914317201277357f,0.9346006128334505f,0.3467824286423623f,0.6658344637458158f,-0.02256631831602119f,-0.34610478315292637f,0.9379244321139768f,1.0755149281934995f,0f,0f,0f,1f],start_interpolation:0}
execute if entity @s[tag=aj.nep_phase2_murky.bone.left_leg2] run data modify entity @s {} merge value {transformation:[0.9949472617493027f,0.08642489542946585f,-0.05109485089097072f,-0.14441847330390217f,-0.10035368656715087f,0.8408017535097598f,-0.5319601008414965f,0.3278277835736707f,-0.003013955863426551f,0.5343998023436376f,0.8452264591960751f,1.0336496825047847f,0f,0f,0f,1f],start_interpolation:0}
execute if entity @s[tag=aj.nep_phase2_murky.bone.left_leg] run data modify entity @s {} merge value {transformation:[0.9949472617493027f,0.09773195781306208f,-0.0229871868568229f,-0.09375000000000014f,-0.10035368656715087f,0.9612078790254103f,-0.2569212931850031f,0.6716938387458158f,-0.003013955863426551f,0.25792998608439877f,0.9661589094701529f,1.1262961781934995f,0f,0f,0f,1f],start_interpolation:0}
execute if entity @s[tag=aj.nep_phase2_murky.locator_origin.nep_ride] at @s on origin run tp @s ^0.01562 ^1.10529 ^-0.17253 ~-180 ~0