execute if entity @s[tag=aj.nep_phase2_murky.bone.right_arm2] run data modify entity @s {} merge value {transformation:[0.9972187618506093f,0.022501990830726015f,0.07105210357049052f,0.48100169964799033f,0.009137113631194627f,0.9092314754548126f,-0.41619062603181595f,0.6687751507744637f,-0.07396792661436735f,0.4156823119293364f,0.9064970829415024f,1.2292170041474677f,0f,0f,0f,1f],start_interpolation:0}
execute if entity @s[tag=aj.nep_phase2_murky.bone.right_arm] run data modify entity @s {} merge value {transformation:[0.9563571014055396f,-0.2834302262804773f,0.07105210357049052f,0.43829124999999985f,0.2866564760353011f,0.8629098606171259f,-0.41619062603181595f,0.8228212396452953f,0.05664944252344546f,0.41839440636835645f,0.9064970829415024f,1.2842154772755414f,0f,0f,0f,1f],start_interpolation:0}
execute if entity @s[tag=aj.nep_phase2_murky.bone.murky] run data modify entity @s {} merge value {transformation:[0.000009840343568422873f,-9.163475359997259e-7f,0.0000015257606786995918f,-0.40329552978091954f,0.0000016191785054893557f,0.000008168072031583112f,-0.0000055372249596915386f,0.15141432343959887f,-7.388500678485881e-7f,0.000005695867491448246f,0.000008186036531625251f,1.6938577154191736f,0f,0f,0f,1f],start_interpolation:0}
execute if entity @s[tag=aj.nep_phase2_murky.bone.left_arm2] run data modify entity @s {} merge value {transformation:[0.9770875616026472f,-0.1896899932641856f,0.09652773392567725f,-0.42996573502159374f,0.20387166162797882f,0.9643857328304595f,-0.16851262237026704f,0.4346171544362055f,-0.06112481121803169f,0.1843308567996431f,0.9809617182566652f,1.304998124700064f,0f,0f,0f,1f],start_interpolation:0}
execute if entity @s[tag=aj.nep_phase2_murky.bone.left_arm] run data modify entity @s {} merge value {transformation:[0.9926625133741929f,0.0728253467194223f,0.09652773392567725f,-0.2831250000000001f,-0.055812123504171515f,0.9841181346626281f,-0.16851262237026704f,0.7351775560802554f,-0.10726668360486176f,0.16188874544990772f,0.9809617182566652f,1.3421800222025524f,0f,0f,0f,1f],start_interpolation:0}
execute if entity @s[tag=aj.nep_phase2_murky.bone.head] run data modify entity @s {} merge value {transformation:[1f,0f,0f,0.031249999999999882f,0f,0.5306699665250427f,-0.8475785430438348f,0.9683808771670646f,0f,0.8475785430438348f,0.5306699665250427f,1.4519452306043445f,0f,0f,0f,1f],start_interpolation:0}
execute if entity @s[tag=aj.nep_phase2_murky.bone.body_top] run data modify entity @s {} merge value {transformation:[1f,0f,0f,0.031249999999999882f,0f,0.6000014291326624f,-0.7999989281485085f,0.7321303144460787f,0f,0.7999989281485085f,0.6000014291326624f,1.1369456526458692f,0f,0f,0f,1f],start_interpolation:0}
execute if entity @s[tag=aj.nep_phase2_murky.bone.body] run data modify entity @s {} merge value {transformation:[1f,0f,0f,0.031249999999999882f,0f,0.6992891476018681f,-0.7148389245461194f,0.4453125f,0f,0.7148389245461194f,0.6992891476018681f,0.84375f,0f,0f,0f,1f],start_interpolation:0}
execute if entity @s[tag=aj.nep_phase2_murky.bone.right_leg2] run data modify entity @s {} merge value {transformation:[0.9945179773491271f,-0.07962330594355319f,0.06777995190335037f,0.20220491083651088f,0.08140829027841773f,0.9963920999295465f,-0.023989028157343995f,0.37562371279359863f,-0.0656253228818422f,0.029375369761218184f,0.9974118530717617f,1.099332936680315f,0f,0f,0f,1f],start_interpolation:0}
execute if entity @s[tag=aj.nep_phase2_murky.bone.right_leg] run data modify entity @s {} merge value {transformation:[0.9945179773491271f,-0.10371500110197093f,-0.013311321340097337f,0.1562499999999999f,0.08140829027841773f,0.6880757280173786f,0.721057891425716f,0.5390625f,-0.0656253228818422f,-0.7181886876439734f,0.6927469422068071f,0.84375f,0f,0f,0f,1f],start_interpolation:0}
execute if entity @s[tag=aj.nep_phase2_murky.bone.left_leg2] run data modify entity @s {} merge value {transformation:[0.9779059861380343f,0.000923850037148094f,-0.20904312659474755f,-0.16850556161192207f,-0.198378921058542f,0.3194453888298035f,-0.9266069540182744f,0.21475657298556294f,0.06592181698836551f,0.9476042370401709f,0.31257083035444605f,0.7728882863572075f,0f,0f,0f,1f],start_interpolation:0}
execute if entity @s[tag=aj.nep_phase2_murky.bone.left_leg] run data modify entity @s {} merge value {transformation:[0.9779059861380343f,0.16549782421847697f,-0.1277119902528689f,-0.09375000000000011f,-0.198378921058542f,0.9273460108688049f,-0.3172935231065444f,0.544921875f,0.06592181698836551f,0.33561860244131964f,0.9396884950558285f,0.89453125f,0f,0f,0f,1f],start_interpolation:0}
execute if entity @s[tag=aj.nep_phase2_murky.locator_origin.nep_ride] at @s on origin run tp @s ^0.01562 ^0.97852 ^-0.4043 ~-180 ~0