execute if entity @s[tag=aj.nep_phase2_murky.bone.right_arm2] run data modify entity @s {} merge value {transformation:[0.7047995420756369f,-0.7085058091431368f,-0.035736870321862624f,0.4804798094442244f,0.033408649651527476f,-0.017170288093671698f,0.999294272642069f,1.3131841582841264f,-0.7086194095693639f,-0.7054960663371619f,0.011568611168008544f,-0.02948274038960319f,0f,0f,0f,1f],start_interpolation:0}
execute if entity @s[tag=aj.nep_phase2_murky.bone.right_arm] run data modify entity @s {} merge value {transformation:[0.735033318421978f,-0.6770885443641572f,-0.035736870321862624f,0.37204125f,0.03412580946734216f,-0.01569668095352808f,0.999294272642069f,1.2934867158922456f,-0.6771716547063776f,-0.7357341349277396f,0.011568611168008544f,-0.15767127981818496f,0f,0f,0f,1f],start_interpolation:0}
execute if entity @s[tag=aj.nep_phase2_murky.bone.murky] run data modify entity @s {} merge value {transformation:[-0.0030694641456448625f,0.5467961092633644f,1.3967794443904267f,0.14305397418553f,0.08736884403066343f,1.3915913464836454f,-0.5443331386664895f,1.3403680657464692f,-0.9961713022781794f,0.1203641943697613f,-0.05204438373022531f,0.442877997295669f,0f,0f,0f,1f],start_interpolation:0}
execute if entity @s[tag=aj.nep_phase2_murky.bone.left_arm2] run data modify entity @s {} merge value {transformation:[0.907715897599711f,-0.41846264475891026f,-0.030673509517639752f,-0.5519323470229013f,0.055578810768379915f,0.04745533277022896f,0.997325918235979f,1.3206255777169356f,-0.41588801983024587f,-0.906993388252111f,0.06633361612811275f,0.14257012826012344f,0f,0f,0f,1f],start_interpolation:0}
execute if entity @s[tag=aj.nep_phase2_murky.bone.left_arm] run data modify entity @s {} merge value {transformation:[0.49598292131743626f,0.8677903419463096f,-0.030673509517639752f,-0.21875f,-0.04243073836833185f,0.05950332138863109f,0.997325918235979f,1.3339165233548413f,0.867294975312863f,-0.4933551227750938f,0.06633361612811275f,0.09680852430701453f,0f,0f,0f,1f],start_interpolation:0}
execute if entity @s[tag=aj.nep_phase2_murky.bone.head] run data modify entity @s {} merge value {transformation:[1f,0f,0f,0.03125f,0f,0.9762109362059246f,-0.2168229877848568f,1.4934269944431149f,0f,0.2168229877848568f,0.9762109362059246f,-0.07748066673246744f,0f,0f,0f,1f],start_interpolation:0}
execute if entity @s[tag=aj.nep_phase2_murky.bone.body_top] run data modify entity @s {} merge value {transformation:[1f,0f,0f,0.03125f,0f,0.9962117918784885f,-0.08696013869728425f,1.10116860139096f,0f,0.08696013869728425f,0.9962117918784885f,-0.11172122134452311f,0f,0f,0f,1f],start_interpolation:0}
execute if entity @s[tag=aj.nep_phase2_murky.bone.body] run data modify entity @s {} merge value {transformation:[1f,0f,0f,0.03125f,0f,0.9990396376770074f,0.0438155491828373f,0.69140625f,0f,-0.0438155491828373f,0.9990396376770074f,-0.09375f,0f,0f,0f,1f],start_interpolation:0}
execute if entity @s[tag=aj.nep_phase2_murky.locator_origin.nep_ride] at @s on origin run tp @s ^0.01563 ^0.62891 ^-1.3418 ~-180 ~0