execute if entity @s[tag=aj.nep_phase2_murky.bone.right_arm2] run data modify entity @s {} merge value {transformation:[0.9942276450427187f,0.08039271366870415f,0.07105210357049052f,0.4810016996479905f,-0.016845221229009666f,0.7709870613976347f,-0.6366279837386867f,0.5613946436620925f,-0.10596050374812152f,0.6317562526373771f,0.7678908834587259f,-0.10108107562216063f,0f,0f,0f,1f],start_interpolation:0}
execute if entity @s[tag=aj.nep_phase2_murky.bone.right_arm] run data modify entity @s {} merge value {transformation:[0.9563571014055396f,-0.2834302262804773f,0.07105210357049052f,0.43829125f,0.2622269388560024f,0.7252184793970882f,-0.6366279837386867f,0.695957087044145f,0.12891131497818442f,0.6274754688205527f,0.7678908834587259f,-0.008086568397962263f,0f,0f,0f,1f],start_interpolation:0}
execute if entity @s[tag=aj.nep_phase2_murky.bone.murky] run data modify entity @s {} merge value {transformation:[0.0000076076067981882456f,0.000004161805123165899f,-0.000004980331005159204f,-0.3787367394814361f,-0.0000062391166554256595f,0.000002575224799766854f,-0.000007378457873475723f,-0.11639091527007145f,-0.0000017882231863361278f,0.000008720527240222111f,0.000004555728535414947f,0.2309015884039063f,0f,0f,0f,1f],start_interpolation:0}
execute if entity @s[tag=aj.nep_phase2_murky.bone.left_arm2] run data modify entity @s {} merge value {transformation:[0.9782748086229246f,-0.17027242065703244f,0.11826115836306914f,-0.4150852503292797f,0.1707209334609675f,0.9852986187605088f,0.006402714022153921f,0.28717917978296353f,-0.11761276160347668f,0.013926041513228602f,0.9929618843015958f,0.04292863837095258f,0f,0f,0f,1f],start_interpolation:0}
execute if entity @s[tag=aj.nep_phase2_murky.bone.left_arm] run data modify entity @s {} merge value {transformation:[0.9926625133741929f,0.02520779570401794f,0.11826115836306914f,-0.28312499999999996f,-0.02614771089078988f,0.9996375855620487f,0.006402714022153921f,0.596297461409755f,-0.11805690050480781f,-0.009447992772134872f,0.9929618843015958f,0.025219028066559457f,0f,0f,0f,1f],start_interpolation:0}
execute if entity @s[tag=aj.nep_phase2_murky.bone.head] run data modify entity @s {} merge value {transformation:[1f,0f,0f,0.031250000000000056f,0f,0.5115328273251646f,-0.8592637351644273f,0.793145245599855f,0f,0.8592637351644273f,0.5115328273251646f,0.19160153856827677f,0f,0f,0f,1f],start_interpolation:0}
execute if entity @s[tag=aj.nep_phase2_murky.bone.body_top] run data modify entity @s {} merge value {transformation:[1f,0f,0f,0.031250000000000056f,0f,0.37250191754315176f,-0.9280314226504806f,0.646472615567239f,0f,0.9280314226504806f,0.37250191754315176f,-0.17381083410034998f,0f,0f,0f,1f],start_interpolation:0}
execute if entity @s[tag=aj.nep_phase2_murky.bone.body] run data modify entity @s {} merge value {transformation:[1f,0f,0f,0.031250000000000056f,0f,0.49044751985917323f,-0.8714707282886706f,0.4453125f,0f,0.8714707282886706f,0.49044751985917323f,-0.53125f,0f,0f,0f,1f],start_interpolation:0}
execute if entity @s[tag=aj.nep_phase2_murky.bone.right_leg2] run data modify entity @s {} merge value {transformation:[0.9945179773491271f,-0.07962330594355319f,0.06777995190335037f,0.20220491083651104f,0.08140829027841773f,0.9963920999295465f,-0.023989028157343995f,0.37562371279359863f,-0.0656253228818422f,0.029375369761218184f,0.9974118530717617f,-0.2756670633196848f,0f,0f,0f,1f],start_interpolation:0}
execute if entity @s[tag=aj.nep_phase2_murky.bone.right_leg] run data modify entity @s {} merge value {transformation:[0.9945179773491271f,-0.10371500110197093f,-0.013311321340097337f,0.15625000000000006f,0.08140829027841773f,0.6880757280173786f,0.721057891425716f,0.5390625f,-0.0656253228818422f,-0.7181886876439734f,0.6927469422068071f,-0.53125f,0f,0f,0f,1f],start_interpolation:0}
execute if entity @s[tag=aj.nep_phase2_murky.bone.left_leg2] run data modify entity @s {} merge value {transformation:[0.9779059861380343f,0.000923850037148094f,-0.20904312659474755f,-0.1685055616119219f,-0.198378921058542f,0.3194453888298035f,-0.9266069540182744f,0.21475657298556294f,0.06592181698836551f,0.9476042370401709f,0.31257083035444605f,-0.6021117136427925f,0f,0f,0f,1f],start_interpolation:0}
execute if entity @s[tag=aj.nep_phase2_murky.bone.left_leg] run data modify entity @s {} merge value {transformation:[0.9779059861380343f,0.16549782421847697f,-0.1277119902528689f,-0.09374999999999994f,-0.198378921058542f,0.9273460108688049f,-0.3172935231065444f,0.544921875f,0.06592181698836551f,0.33561860244131964f,0.9396884950558285f,-0.48046875f,0f,0f,0f,1f],start_interpolation:0}
execute if entity @s[tag=aj.nep_phase2_murky.locator_origin.nep_ride] at @s on origin run tp @s ^0.01563 ^0.38281 ^-1.7793 ~-180 ~0