execute if entity @s[tag=aj.nep_phase2_murky.bone.right_arm2] run data modify entity @s {} merge value {transformation:[0.9711167539867548f,0.1927064840630416f,0.14069989739260436f,0.4629086810328322f,-0.0831973659352809f,0.8261457560112049f,-0.5572803496680158f,0.6055550371922143f,-0.22363015992405777f,0.5294784233797781f,0.818316656770229f,1.2914281582109544f,0f,0f,0f,1f],start_interpolation:0}
execute if entity @s[tag=aj.nep_phase2_murky.bone.right_arm] run data modify entity @s {} merge value {transformation:[0.9756087477792869f,-0.16849661756320913f,0.14069989739260436f,0.43843162037037026f,0.2187100612842903f,0.8010021978539861f,-0.5572803496680158f,0.7512007836693155f,-0.018801073095803297f,0.5744600672830458f,0.818316656770229f,1.3736923793912903f,0f,0f,0f,1f],start_interpolation:0}
execute if entity @s[tag=aj.nep_phase2_murky.bone.murky] run data modify entity @s {} merge value {transformation:[0.10716043322421523f,0.07612353388922086f,-0.09147486582888774f,-0.3302939331719214f,-0.07765619951804446f,0.06916090926605395f,-0.14713319357447233f,-0.035600814334319f,-0.016246045838598306f,0.1715283539759798f,0.09992083001138234f,1.6753680766198675f,0f,0f,0f,1f],start_interpolation:0}
execute if entity @s[tag=aj.nep_phase2_murky.bone.left_arm2] run data modify entity @s {} merge value {transformation:[0.9644325322270493f,-0.24167258265924946f,0.10707125465282458f,-0.39446713749293405f,0.2314267270743457f,0.9677274875536253f,0.09972552245440841f,0.3519587123447023f,-0.12771672082299215f,-0.07139938812032351f,0.9892373661554974f,1.458904891842791f,0f,0f,0f,1f],start_interpolation:0}
execute if entity @s[tag=aj.nep_phase2_murky.bone.left_arm] run data modify entity @s {} merge value {transformation:[0.9933619543814973f,-0.042044904738173315f,0.10707125465282458f,-0.28343592592592604f,0.03134487895798241f,0.9945211504710723f,0.09972552245440841f,0.6666646817366602f,-0.11067757745126838f,-0.09570740437005487f,0.9892373661554974f,1.4151616307957402f,0f,0f,0f,1f],start_interpolation:0}
execute if entity @s[tag=aj.nep_phase2_murky.bone.head] run data modify entity @s {} merge value {transformation:[1f,0f,0f,0.031249999999999882f,0f,0.5800203463100514f,-0.8146019873940697f,0.8608315040215868f,0f,0.8146019873940697f,0.5800203463100514f,1.5637520401525107f,0f,0f,0f,1f],start_interpolation:0}
execute if entity @s[tag=aj.nep_phase2_murky.bone.body_top] run data modify entity @s {} merge value {transformation:[1f,0f,0f,0.031249999999999882f,0f,0.4435846524146303f,-0.8962324788480898f,0.6861700471333261f,0f,0.8962324788480898f,0.4435846524146303f,1.2108605016060754f,0f,0f,0f,1f],start_interpolation:0}
execute if entity @s[tag=aj.nep_phase2_murky.bone.body] run data modify entity @s {} merge value {transformation:[1f,0f,0f,0.031249999999999882f,0f,0.556771537028752f,-0.830665670143314f,0.457806721398877f,0f,0.830665670143314f,0.556771537028752f,0.8701577853363567f,0f,0f,0f,1f],start_interpolation:0}
execute if entity @s[tag=aj.nep_phase2_murky.bone.right_leg2] run data modify entity @s {} merge value {transformation:[0.9945099079551099f,-0.08350680279278465f,0.0630607395012613f,0.20201499350239463f,0.08555298271397338f,0.9958675394198462f,-0.030471807931328754f,0.367203128715603f,-0.060255540225455914f,0.03569954925749341f,0.9975443910197432f,1.1165406440435772f,0f,0f,0f,1f],start_interpolation:0}
execute if entity @s[tag=aj.nep_phase2_murky.bone.right_leg] run data modify entity @s {} merge value {transformation:[0.9948524952987701f,-0.10069704935606401f,-0.01134093685693504f,0.1562499999999999f,0.08120966467062259f,0.7253350207668883f,0.6835891295311701f,0.551556721398877f,-0.06060942964502813f,-0.6809913449524011f,0.729778928949051f,0.8701577853363567f,0f,0f,0f,1f],start_interpolation:0}
execute if entity @s[tag=aj.nep_phase2_murky.bone.left_leg2] run data modify entity @s {} merge value {transformation:[0.9806209617132366f,0.020476123346274286f,-0.19484162240474984f,-0.1660564904312382f,-0.18716892442645394f,0.3917418241368044f,-0.9008363541459755f,0.2254883233713833f,0.05788197627631014f,0.9198473088478746f,0.3879827383114762f,0.8026586219767227f,0f,0f,0f,1f],start_interpolation:0}
execute if entity @s[tag=aj.nep_phase2_murky.bone.left_leg] run data modify entity @s {} merge value {transformation:[0.9806209617132366f,0.1585649750385218f,-0.11506380030070237f,-0.09375000000000011f,-0.18716892442645394f,0.9317628868776544f,-0.3111040282067458f,0.557416096398877f,0.05788197627631014f,0.3266114990756637f,0.9433846540483348f,0.9209390353363567f,0f,0f,0f,1f],start_interpolation:0}
execute if entity @s[tag=aj.nep_phase2_murky.locator_origin.nep_ride] at @s on origin run tp @s ^0.01562 ^0.99101 ^-0.37789 ~-180 ~0