execute if entity @s[tag=aj.nep_phase2_murky.bone.right_arm2] run data modify entity @s {} merge value {transformation:[0.9942635380103183f,0.07994758008478015f,0.07105210357049052f,0.4810016996479905f,-0.01672550328576808f,0.7716935827907101f,-0.6342595669169879f,0.5607569470538215f,-0.10563964805101143f,0.6300391915499145f,0.7693444494313249f,-0.10280664675444205f,0f,0f,0f,1f],start_interpolation:0}
execute if entity @s[tag=aj.nep_phase2_murky.bone.right_arm] run data modify entity @s {} merge value {transformation:[0.9563571014055396f,-0.2834302262804773f,0.07105210357049052f,0.43829125f,0.2622683171648176f,0.7259518289749393f,-0.6342595669169879f,0.6954019387790523f,0.12831142778156474f,0.6258157042052138f,0.7693444494313249f,-0.010120043385255378f,0f,0f,0f,1f],start_interpolation:0}
execute if entity @s[tag=aj.nep_phase2_murky.bone.murky] run data modify entity @s {} merge value {transformation:[0.000009278736123391755f,0.0000035386098141947563f,-0.0000011761362741406722f,-0.37806615073969335f,-0.0000033451936465667055f,0.000006512212530697481f,-0.000006797673135906248f,-0.024994280471905883f,-0.0000016410858941870688f,0.000006707277642019947f,0.0000072332056324122015f,0.3406208350523714f,0f,0f,0f,1f],start_interpolation:0}
execute if entity @s[tag=aj.nep_phase2_murky.bone.left_arm2] run data modify entity @s {} merge value {transformation:[0.9765648899931525f,-0.1799624056033098f,0.11804468731006852f,-0.4153961868560537f,0.18102530999247657f,0.9824997194608138f,0.00025457376058735104f,0.28940567352379987f,-0.11613646722204181f,0.021140816352506253f,0.9930082511566221f,0.04030014834334138f,0f,0f,0f,1f],start_interpolation:0}
execute if entity @s[tag=aj.nep_phase2_murky.bone.left_arm] run data modify entity @s {} merge value {transformation:[0.9926625133741929f,0.02620279258969469f,0.11804468731006852f,-0.28312499999999996f,-0.026392138496874797f,0.9986887986875651f,0.00025457376058735104f,0.5981969058015546f,-0.1179968083457269f,-0.0033714025402764025f,0.9930082511566221f,0.024496984006289135f,0f,0f,0f,1f],start_interpolation:0}
execute if entity @s[tag=aj.nep_phase2_murky.bone.head] run data modify entity @s {} merge value {transformation:[1f,0f,0f,0.031250000000000056f,0f,0.40767902282900076f,-0.9120711270243352f,0.7954905043663065f,0f,0.9129498412465349f,0.4080717919287321f,0.19080437160242802f,0f,0f,0f,1f],start_interpolation:0}
execute if entity @s[tag=aj.nep_phase2_murky.bone.body_top] run data modify entity @s {} merge value {transformation:[1f,0f,0f,0.031250000000000056f,0f,0.3742622013482104f,-0.9262849081401691f,0.6481247625854487f,0f,0.9271773163071146f,0.3746227757698889f,-0.1742716966934984f,0f,0f,0f,1f],start_interpolation:0}
execute if entity @s[tag=aj.nep_phase2_murky.bone.body] run data modify entity @s {} merge value {transformation:[1f,0f,0f,0.031250000000000056f,0f,0.4919647783035701f,-0.8695093923098065f,0.44634233398437506f,0f,0.8703471013948991f,0.4924387506010236f,-0.53125f,0f,0f,0f,1f],start_interpolation:0}
execute if entity @s[tag=aj.nep_phase2_murky.bone.right_leg2] run data modify entity @s {} merge value {transformation:[0.9947097859621992f,-0.07719574170844f,0.06777358757745963f,0.20220491083651104f,0.07889657055877985f,0.9956301244811661f,-0.0239146981149988f,0.3767206222356599f,-0.06569454357575222f,0.029163357609346796f,0.9974135178136111f,-0.2756670633196848f,0f,0f,0f,1f],start_interpolation:0}
execute if entity @s[tag=aj.nep_phase2_murky.bone.right_leg] run data modify entity @s {} merge value {transformation:[0.9945179773491271f,-0.10371500110197093f,-0.013311321340097337f,0.15625000000000006f,0.08132993479902476f,0.6874134551291619f,0.7203638732052188f,0.5400020996093751f,-0.0656253228818422f,-0.7181886876439734f,0.6927469422068071f,-0.53125f,0f,0f,0f,1f],start_interpolation:0}
execute if entity @s[tag=aj.nep_phase2_murky.bone.left_leg2] run data modify entity @s {} merge value {transformation:[0.9779059861380343f,0.000923850037148094f,-0.20904312659474755f,-0.1685055616119219f,-0.19818798134702315f,0.31913792264305485f,-0.9257150948250318f,0.21600831704968942f,0.06592181698836551f,0.9476042370401709f,0.31257083035444605f,-0.6016195261427925f,0f,0f,0f,1f],start_interpolation:0}
execute if entity @s[tag=aj.nep_phase2_murky.bone.left_leg] run data modify entity @s {} merge value {transformation:[0.9779059861380343f,0.16549782421847697f,-0.1277119902528689f,-0.09374999999999994f,-0.19818798134702315f,0.9264534403333436f,-0.3169881280905544f,0.5458558349609376f,0.06592181698836551f,0.33561860244131964f,0.9396884950558285f,-0.4799765625f,0f,0f,0f,1f],start_interpolation:0}
execute if entity @s[tag=aj.nep_phase2_murky.locator_origin.nep_ride] at @s on origin run tp @s ^0.01563 ^0.3839 ^-1.7793 ~-180 ~0