execute if entity @s[tag=aj.nep_phase2_murky.bone.right_arm2] run data modify entity @s {} merge value {transformation:[0.6466857537632233f,0.6043611042927248f,0.46534416456830074f,0.32288480844480366f,-0.5992065650487867f,0.02503228977106617f,0.8002030222832527f,1.2837398118253807f,0.471962952234734f,-0.7963171730453236f,0.37832516653135645f,1.4317649763284448f,0f,0f,0f,1f],start_interpolation:0}
execute if entity @s[tag=aj.nep_phase2_murky.bone.right_arm] run data modify entity @s {} merge value {transformation:[0.7324547241985475f,0.49695561723504034f,0.46534416456830074f,0.4030568749999998f,-0.5881064687509561f,0.1174985299568852f,0.8002030222832527f,1.285868214018452f,0.3429881315913283f,-0.8597843973674512f,0.37832516653135645f,1.2829458858180978f,0f,0f,0f,1f],start_interpolation:0}
execute if entity @s[tag=aj.nep_phase2_murky.bone.murky] run data modify entity @s {} merge value {transformation:[0.7147329981196144f,-0.1275018949047924f,1.0413193241956662f,0.02450396214068351f,0.2885523662431645f,1.410015358452546f,-0.2729764381457609f,1.317369708733384f,-0.6370983231294978f,0.4955804230633255f,1.0445754780167562f,1.9636932292041733f,0f,0f,0f,1f],start_interpolation:0}
execute if entity @s[tag=aj.nep_phase2_murky.bone.left_arm2] run data modify entity @s {} merge value {transformation:[0.7743427879805521f,-0.600510796686168f,-0.19944931628323373f,-0.43434607926508306f,0.32048866088771016f,0.10042102684986347f,0.9419143462166936f,1.219089792771067f,-0.5456008293110522f,-0.7932858251788963f,0.27021719898135516f,1.6686025963886868f,0f,0f,0f,1f],start_interpolation:0}
execute if entity @s[tag=aj.nep_phase2_murky.bone.left_arm] run data modify entity @s {} merge value {transformation:[0.9577559085984193f,0.20718009020889752f,-0.19944931628323373f,-0.24988281250000016f,0.1290791706730115f,0.31005794956676447f,0.9419143462166936f,1.3321177983448074f,0.25698674526750187f,-0.9278687828197943f,0.27021719898135516f,1.4107669449159388f,0f,0f,0f,1f],start_interpolation:0}
execute if entity @s[tag=aj.nep_phase2_murky.bone.head] run data modify entity @s {} merge value {transformation:[1f,0f,0f,0.031249999999999833f,0f,0.9985502067907516f,-0.05382828734176008f,1.482938603318972f,0f,0.05382828734176008f,0.9985502067907516f,1.3485810207811684f,0f,0f,0f,1f],start_interpolation:0}
execute if entity @s[tag=aj.nep_phase2_murky.bone.body_top] run data modify entity @s {} merge value {transformation:[1f,0f,0f,0.031249999999999833f,0f,0.9863089966914697f,-0.16490774101134953f,1.0945794358717058f,0f,0.16490774101134953f,0.9863089966914697f,1.2836485977579495f,0f,0f,0f,1f],start_interpolation:0}
execute if entity @s[tag=aj.nep_phase2_murky.bone.body] run data modify entity @s {} merge value {transformation:[1f,0f,0f,0.031249999999999833f,0f,0.9993957659983381f,-0.034757774735948675f,0.68467101622395f,0f,0.034757774735948675f,0.9993957659983381f,1.269392479213908f,0f,0f,0f,1f],start_interpolation:0}
execute if entity @s[tag=aj.nep_phase2_murky.bone.right_leg2] run data modify entity @s {} merge value {transformation:[0.9914568948586833f,-0.1289250849711111f,0.01978757444381854f,0.21859112474877812f,0.12972085694868146f,0.9904683887528913f,-0.046312742887361896f,0.4275205132978672f,-0.013628092664698483f,0.04848394936928038f,0.998730985673259f,1.3181464786527177f,0f,0f,0f,1f],start_interpolation:0}
execute if entity @s[tag=aj.nep_phase2_murky.bone.right_leg] run data modify entity @s {} merge value {transformation:[0.9914568948586833f,-0.13036413430709243f,-0.004291634134015969f,0.15624999999999983f,0.12972085694868146f,0.9820588280094772f,0.13686839518731758f,0.77842101622395f,-0.013628092664698483f,-0.1362558285542838f,0.990579943404523f,1.269392479213908f,0f,0f,0f,1f],start_interpolation:0}
execute if entity @s[tag=aj.nep_phase2_murky.bone.left_leg2] run data modify entity @s {} merge value {transformation:[0.9894731182413402f,0.1447077655425764f,0.0016158185026448526f,-0.16099130969212797f,-0.14199593880292882f,0.9729642442541592f,-0.18214755767346352f,0.43264381264144847f,-0.0279302996982422f,0.1800006722059881f,0.9832698797197841f,1.2851758132233861f,0f,0f,0f,1f],start_interpolation:0}
execute if entity @s[tag=aj.nep_phase2_murky.bone.left_leg] run data modify entity @s {} merge value {transformation:[0.9894731182413402f,0.14408568269803645f,0.013500530330305618f,-0.09375000000000017f,-0.14199593880292882f,0.9846407377427402f,-0.10158627338822547f,0.78428039122395f,-0.0279302996982422f,0.09859986622137558f,0.9947351229045314f,1.320173729213908f,0f,0f,0f,1f],start_interpolation:0}
execute if entity @s[tag=aj.nep_phase2_murky.locator_origin.nep_ride] at @s on origin run tp @s ^0.01562 ^1.21787 ^0.02135 ~-180 ~0