execute if entity @s[tag=aj.nep_phase2_murky.bone.right_arm2] run data modify entity @s {} merge value {transformation:[0.9881446325891835f,-0.04428627943717194f,0.1469996957098887f,0.448795153066593f,0.047607537258836444f,0.9989191714508833f,-0.01907975957053671f,1.1469156002426129f,-0.14596154385342214f,0.025845782121065974f,0.9889525889861839f,-0.16196833687272114f,0f,0f,0f,1f],start_interpolation:0}
execute if entity @s[tag=aj.nep_phase2_murky.bone.right_arm] run data modify entity @s {} merge value {transformation:[0.9835979309799827f,-0.10452846326765347f,0.1469996957098887f,0.43501f,0.10850129613565596f,0.9941496152153626f,-0.01907975957053671f,1.315004155961555f,-0.14411144889985283f,0.03470831360797007f,0.9889525889861839f,-0.17416230279727696f,0f,0f,0f,1f],start_interpolation:0}
execute if entity @s[tag=aj.nep_phase2_murky.bone.murky] run data modify entity @s {} merge value {transformation:[0.000009944165326916814f,-3.162805671001077e-8f,-0.0000010547870007608964f,-0.5381934926860896f,-4.4019850872710004e-7f,0.000008962565548869991f,-0.000004418783389944251f,0.8547437694943303f,9.591101397728111e-7f,0.000004439499606444143f,0.000008909037601456586f,0.23024769163027553f,0f,0f,0f,1f],start_interpolation:0}
execute if entity @s[tag=aj.nep_phase2_murky.bone.left_arm2] run data modify entity @s {} merge value {transformation:[0.9945154746914452f,0.032867522796443054f,-0.0992909690982757f,-0.4318588289500346f,-0.039885928135740885f,0.9970222510099388f,-0.06946775978153735f,1.073091597175194f,0.09668935175576893f,0.07302991359294857f,0.9926317549714273f,-0.19999105738357548f,0f,0f,0f,1f],start_interpolation:0}
execute if entity @s[tag=aj.nep_phase2_murky.bone.left_arm] run data modify entity @s {} merge value {transformation:[0.9914323725624535f,0.08487139736512928f,-0.0992909690982757f,-0.281407470703125f,-0.0920113787595468f,0.9935683984763918f,-0.06946775978153735f,1.372080299354123f,0.09273475199735835f,0.0779901583171415f,0.9926317549714273f,-0.16402728890979895f,0f,0f,0f,1f],start_interpolation:0}
execute if entity @s[tag=aj.nep_phase2_murky.bone.head] run data modify entity @s {} merge value {transformation:[1f,0f,0f,0.031250000000000014f,0f,0.9988641980668789f,-0.05234825442602094f,1.5230719208784438f,0f,0.05233595624294383f,0.9986295347545739f,-0.16887551067339024f,0f,0f,0f,1f],start_interpolation:0}
execute if entity @s[tag=aj.nep_phase2_murky.bone.body_top] run data modify entity @s {} merge value {transformation:[1f,0f,0f,0.031250000000000014f,0f,0.9996256692239311f,-0.03490769757300296f,1.1294693136215208f,0f,0.03489949670250097f,0.9993908270190958f,-0.1826171875f,0f,0f,0f,1f],start_interpolation:0}
execute if entity @s[tag=aj.nep_phase2_murky.bone.body] run data modify entity @s {} merge value {transformation:[1f,0f,0f,0.031250000000000014f,0f,1.0002349853515624f,0f,0.6973365426063536f,0f,0f,1f,-0.1826171875f,0f,0f,0f,1f],start_interpolation:0}
execute if entity @s[tag=aj.nep_phase2_murky.bone.right_leg2] run data modify entity @s {} merge value {transformation:[0.9990482215818578f,-0.04241418022022718f,0.010182743754672544f,0.18725893616536568f,0.043629637282410975f,0.971672714906176f,-0.23327797962668206f,0.4390167270635439f,0f,0.23344536385590536f,0.9723699203976766f,-0.21477372171355724f,0f,0f,0f,1f],start_interpolation:0}
execute if entity @s[tag=aj.nep_phase2_murky.bone.right_leg] run data modify entity @s {} merge value {transformation:[0.9990482215818578f,-0.04338043579737687f,0.004559467529975071f,0.15625f,0.043629637282410975f,0.9938088065403252f,-0.10445351461171548f,0.7911085724830625f,0f,0.10452846326765346f,0.9945218953682733f,-0.1826171875f,0f,0f,0f,1f],start_interpolation:0}
execute if entity @s[tag=aj.nep_phase2_murky.bone.left_leg2] run data modify entity @s {} merge value {transformation:[0.9986295347545738f,0.05233545804236072f,0.00022835796380092643f,-0.1277508157104829f,-0.052348254426020924f,0.9988546895996291f,0.0043583534296261495f,0.44129619066053755f,-8.673617379884035e-19f,-0.0043633092847465416f,0.9999904807207345f,-0.1037542550332662f,0f,0f,0f,1f],start_interpolation:0}
execute if entity @s[tag=aj.nep_phase2_murky.bone.left_leg] run data modify entity @s {} merge value {transformation:[0.9986295347545738f,0.051192290031144935f,0.010881257153034715f,-0.09374999999999999f,-0.052348254426020924f,0.9770366187980143f,0.20767554431741f,0.7916007840656674f,-8.673617379884035e-19f,-0.2079116908177593f,0.9781476007338057f,-0.17847251892089844f,0f,0f,0f,1f],start_interpolation:0}
execute if entity @s[tag=aj.nep_phase2_murky.locator_origin.nep_ride] at @s on origin run tp @s ^0.01563 ^0.63482 ^-1.43066 ~-180 ~0