execute if entity @s[tag=aj.nep_phase2_murky.bone.right_arm2] run data modify entity @s {} merge value {transformation:[0.7154590854136997f,-0.6977862742586005f,-0.034822586855276894f,0.4785523974898289f,0.03320048045328898f,-0.015829257844766003f,0.9993233524209044f,1.3129306112403485f,-0.697865334571551f,-0.7161310983698345f,0.011841653218702133f,1.346854467009804f,0f,0f,0f,1f],start_interpolation:0}
execute if entity @s[tag=aj.nep_phase2_murky.bone.right_arm] run data modify entity @s {} merge value {transformation:[0.7452151366922397f,-0.6659142493515762f,-0.034822586855276894f,0.3720412499999998f,0.033859343482158216f,-0.014366007281166868f,0.9993233524209044f,1.293454565538223f,-0.6659639216231789f,-0.7458899586033618f,0.011841653218702133f,1.2170266150050753f,0f,0f,0f,1f],start_interpolation:0}
execute if entity @s[tag=aj.nep_phase2_murky.bone.murky] run data modify entity @s {} merge value {transformation:[-0.0030694641456448625f,0.5467961092633644f,1.3967794443904267f,0.14305416232803525f,0.08686897206480733f,1.3916515678953987f,-0.5443591850811254f,1.3406372284005232f,-0.9962150169929491f,0.11966590353449064f,-0.05177124053162949f,1.8175522820230148f,0f,0f,0f,1f],start_interpolation:0}
execute if entity @s[tag=aj.nep_phase2_murky.bone.left_arm2] run data modify entity @s {} merge value {transformation:[0.907715897599711f,-0.41846264475891026f,-0.030673509517639752f,-0.5519323470229014f,0.05537011859128552f,0.04700021371363307f,0.9973590777037422f,1.3207440797222587f,-0.415915855927539f,-0.9070170863066751f,0.06583316744477269f,1.517254367489059f,0f,0f,0f,1f],start_interpolation:0}
execute if entity @s[tag=aj.nep_phase2_murky.bone.left_arm] run data modify entity @s {} merge value {transformation:[0.49598292131743626f,0.8677903419463096f,-0.030673509517639752f,-0.21875000000000017f,-0.04199553989885079f,0.059255757108860205f,0.9973590777037422f,1.3340120613314213f,0.8673161571134401f,-0.49338491836917997f,0.06583316744477269f,1.4714861001378703f,0f,0f,0f,1f],start_interpolation:0}
execute if entity @s[tag=aj.nep_phase2_murky.bone.head] run data modify entity @s {} merge value {transformation:[1f,0f,0f,0.031249999999999833f,0f,0.9759928488370192f,-0.2178025688989898f,1.4934350571354311f,0f,0.2178025688989898f,0.9759928488370192f,1.2971168915347608f,0f,0f,0f,1f],start_interpolation:0}
execute if entity @s[tag=aj.nep_phase2_murky.bone.body_top] run data modify entity @s {} merge value {transformation:[1f,0f,0f,0.031249999999999833f,0f,0.9962553015071246f,-0.08646024646592292f,1.1011595321670007f,0f,0.08646024646592292f,0.9962553015071246f,1.2630731694888038f,0f,0f,0f,1f],start_interpolation:0}
execute if entity @s[tag=aj.nep_phase2_murky.bone.body] run data modify entity @s {} merge value {transformation:[1f,0f,0f,0.031249999999999833f,0f,0.999017526045259f,0.04431684391301196f,0.69140625f,0f,-0.04431684391301196f,0.999017526045259f,1.28125f,0f,0f,0f,1f],start_interpolation:0}
execute if entity @s[tag=aj.nep_phase2_murky.locator_origin.nep_ride] at @s on origin run tp @s ^0.01562 ^1.22461 ^0.0332 ~-180 ~0