execute if entity @s[tag=aj.nep_phase2_murky.bone.right_arm2] run data modify entity @s {} merge value {transformation:[0.919719563918923f,-0.39052081601585437f,-0.0401175273801575f,0.42397063591947665f,0.040526626405430935f,-0.007196539043619329f,0.9991525420965454f,1.3115019363513998f,-0.3904785734159829f,-0.9205659683499634f,0.009207693463295308f,1.3778995848788966f,0f,0f,0f,1f],start_interpolation:0}
execute if entity @s[tag=aj.nep_phase2_murky.bone.right_arm] run data modify entity @s {} merge value {transformation:[0.9360786604966416f,-0.34949581594021367f,-0.0401175273801575f,0.37195015775034274f,0.040805059224323065f,-0.00539858904818627f,0.9991525420965454f,1.293580411953553f,-0.3494162109927256f,-0.9369223713182293f,0.009207693463295308f,1.2180499653414538f,0f,0f,0f,1f],start_interpolation:0}
execute if entity @s[tag=aj.nep_phase2_murky.bone.murky] run data modify entity @s {} merge value {transformation:[-0.0025499312114558447f,0.5477709015919422f,1.3963998028979696f,0.14290986105182657f,0.08857965466913971f,1.3910389030111467f,-0.54530401709653f,1.3394361411089566f,-0.9960658324777099f,0.12230212458783024f,-0.05206841081595519f,1.8185964037226459f,0f,0f,0f,1f],start_interpolation:0}
execute if entity @s[tag=aj.nep_phase2_murky.bone.left_arm2] run data modify entity @s {} merge value {transformation:[0.9079465909120364f,-0.4180132159873996f,-0.029965635502731514f,-0.5519538722194596f,0.05541100862652594f,0.048865661905876975f,0.9972671493684588f,1.3205728191692374f,-0.41540655769282486f,-0.9071257345849979f,0.0675299450571808f,1.517948120362725f,0f,0f,0f,1f],start_interpolation:0}
execute if entity @s[tag=aj.nep_phase2_murky.bone.left_arm] run data modify entity @s {} merge value {transformation:[0.49400882056870776f,0.8689403580736896f,-0.029965635502731514f,-0.2186589077503431f,-0.0439561315004738f,0.059380900077562526f,0.9972671493684588f,1.3336348340059165f,0.8683450602749044f,-0.4913415948367765f,0.0675299450571808f,1.4729470045105955f,0f,0f,0f,1f],start_interpolation:0}
execute if entity @s[tag=aj.nep_phase2_murky.bone.head] run data modify entity @s {} merge value {transformation:[1f,0f,0f,0.031249999999999833f,0f,0.9769010131318426f,-0.21369232682054667f,1.4934043255117064f,0f,0.21369232682054667f,0.9769010131318426f,1.2986008673436737f,0f,0f,0f,1f],start_interpolation:0}
execute if entity @s[tag=aj.nep_phase2_murky.bone.body_top] run data modify entity @s {} merge value {transformation:[1f,0f,0f,0.031249999999999833f,0f,0.9960936177183386f,-0.08830348090982765f,1.1011924635351105f,0f,0.08830348090982765f,0.9960936177183386f,1.263831371735429f,0f,0f,0f,1f],start_interpolation:0}
execute if entity @s[tag=aj.nep_phase2_murky.bone.body] run data modify entity @s {} merge value {transformation:[1f,0f,0f,0.031249999999999833f,0f,0.9990978158570314f,0.042468274626001466f,0.69140625f,0f,-0.042468274626001466f,0.9990978158570314f,1.28125f,0f,0f,0f,1f],start_interpolation:0}
execute if entity @s[tag=aj.nep_phase2_murky.bone.right_leg2] run data modify entity @s {} merge value {transformation:[0.9847856715081376f,-0.17228958487186458f,0.022660100108937428f,0.23408707742561377f,0.1722866834237827f,0.9850446232828077f,0.0020949597763993966f,0.4369626782139609f,-0.02268214952555808f,0.0018409471236356945f,0.999741031971074f,1.3270447288966696f,0f,0f,0f,1f],start_interpolation:0}
execute if entity @s[tag=aj.nep_phase2_murky.bone.right_leg] run data modify entity @s {} merge value {transformation:[0.9847856715081376f,-0.17377336016222408f,0.000022140380356548695f,0.15624999999999983f,0.1722866834237827f,0.9763771859882732f,0.1304027967355547f,0.78515625f,-0.02268214952555808f,-0.12841499125706105f,0.9914610986384433f,1.28125f,0f,0f,0f,1f],start_interpolation:0}
execute if entity @s[tag=aj.nep_phase2_murky.bone.left_leg2] run data modify entity @s {} merge value {transformation:[0.9766428901230183f,0.21479962184437662f,-0.005457804290253776f,-0.18579927105558297f,-0.21371487390766575f,0.968454768805832f,-0.1281456727629643f,0.4432829663645448f,-0.022240005458372767f,0.12631897415968432f,0.9917403384578327f,1.3338916441662527f,0f,0f,0f,1f],start_interpolation:0}
execute if entity @s[tag=aj.nep_phase2_murky.bone.left_leg] run data modify entity @s {} merge value {transformation:[0.9766428901230183f,0.21367436771453396f,0.02262586471169745f,-0.09375000000000017f,-0.21371487390766575f,0.9768958707207304f,-0.0006406554585551619f,0.791015625f,-0.022240005458372767f,-0.00420979222529592f,0.9997437970833485f,1.33203125f,0f,0f,0f,1f],start_interpolation:0}
execute if entity @s[tag=aj.nep_phase2_murky.locator_origin.nep_ride] at @s on origin run tp @s ^0.01562 ^1.22461 ^0.0332 ~-180 ~0