execute if entity @s[tag=aj.nep_phase2_murky.bone.right_arm2] run data modify entity @s {} merge value {transformation:[0.9898291032954938f,0.10514328606697734f,-0.0958292004781235f,0.33328312295540635f,0.09947774285447761f,-0.03001121840060307f,0.9945871029963587f,1.314798782278141f,0.10169820522416825f,-0.9940041328712615f,-0.040165394172519645f,0.008162127801823349f,0f,0f,0f,1f],start_interpolation:0}
execute if entity @s[tag=aj.nep_phase2_murky.bone.right_arm] run data modify entity @s {} merge value {transformation:[0.9814490962004112f,0.1660555205439423f,-0.0958292004781235f,0.36915308984910833f,0.10114087716010334f,-0.023812129694656736f,0.9945871029963587f,1.2942497165694444f,0.16287478176403153f,-0.9858288627222702f,-0.040165394172519645f,-0.15575947975952747f,0f,0f,0f,1f],start_interpolation:0}
execute if entity @s[tag=aj.nep_phase2_murky.bone.murky] run data modify entity @s {} merge value {transformation:[0.013310248005060003f,0.5780406527631986f,1.384005197849233f,0.13919513439868214f,0.09169242777885099f,1.3775903720077518f,-0.5773455542390444f,1.3291930333742392f,-0.9956984161813575f,0.13458740916088596f,-0.0346658813059233f,0.442879744284601f,0f,0f,0f,1f],start_interpolation:0}
execute if entity @s[tag=aj.nep_phase2_murky.bone.left_arm2] run data modify entity @s {} merge value {transformation:[0.9146576449510918f,-0.4041535104714977f,-0.00783150726792925f,-0.5516833160918503f,0.03564444719658179f,0.061339791553865965f,0.9974802771765355f,1.3273622612046898f,-0.40265477262361193f,-0.9126321109547335f,0.07051073774776442f,0.13261504499356047f,0f,0f,0f,1f],start_interpolation:0}
execute if entity @s[tag=aj.nep_phase2_murky.bone.left_arm] run data modify entity @s {} merge value {transformation:[0.4321374953290238f,0.9017737258451647f,-0.00783150726792925f,-0.21586183984910837f,-0.06021266321656407f,0.03751708720290349f,0.9974802771765355f,1.3315597680535267f,0.899795321347653f,-0.43057707270956647f,0.07051073774776442f,0.11053412494027759f,0f,0f,0f,1f],start_interpolation:0}
execute if entity @s[tag=aj.nep_phase2_murky.bone.head] run data modify entity @s {} merge value {transformation:[1f,0f,0f,0.03125f,0f,0.9826530018302836f,-0.18545370849333886f,1.4932723691383454f,0f,0.18545370849333886f,0.9826530018302836f,-0.07110728152215352f,0f,0f,0f,1f],start_interpolation:0}
execute if entity @s[tag=aj.nep_phase2_murky.bone.body_top] run data modify entity @s {} merge value {transformation:[1f,0f,0f,0.03125f,0f,0.9954892329682546f,-0.0948745858714322f,1.1012984836570952f,0f,0.0948745858714322f,0.9954892329682546f,-0.10846414970902996f,0f,0f,0f,1f],start_interpolation:0}
execute if entity @s[tag=aj.nep_phase2_murky.bone.body] run data modify entity @s {} merge value {transformation:[1f,0f,0f,0.03125f,0f,0.9993563030115845f,0.035874498338206356f,0.69140625f,0f,-0.035874498338206356f,0.9993563030115845f,-0.09375f,0f,0f,0f,1f],start_interpolation:0}
execute if entity @s[tag=aj.nep_phase2_murky.bone.right_leg2] run data modify entity @s {} merge value {transformation:[0.9840995789055427f,-0.17619021693729042f,0.02247278917989603f,0.23545736988420274f,0.17609760456563667f,0.984354111775236f,0.0060511401760734995f,0.43708736985696794f,-0.023187334132629037f,-0.001997520156684085f,0.9997291420425061f,-0.04937908067210389f,0f,0f,0f,1f],start_interpolation:0}
execute if entity @s[tag=aj.nep_phase2_murky.bone.right_leg] run data modify entity @s {} merge value {transformation:[0.9840995789055427f,-0.17761617798623625f,0.0007156224529499249f,0.15625f,0.17609760456563667f,0.9761959101617256f,0.12661429085914747f,0.78515625f,-0.023187334132629037f,-0.12447505091817306f,0.9919517675949472f,-0.09375f,0f,0f,0f,1f],start_interpolation:0}
execute if entity @s[tag=aj.nep_phase2_murky.bone.left_leg2] run data modify entity @s {} merge value {transformation:[0.9753741510515184f,0.22051970387696004f,-0.0040405027592631294f,-0.18775103251091552f,-0.21943399585678564f,0.968400169321743f,-0.11853199365548353f,0.4438427384890053f,-0.02222581658463755f,0.11649966634989668f,0.9929420128172182f,-0.03755358532052968f,0f,0f,0f,1f],start_interpolation:0}
execute if entity @s[tag=aj.nep_phase2_murky.bone.left_leg] run data modify entity @s {} merge value {transformation:[0.9753741510515184f,0.21916051868030761f,0.02477766155851481f,-0.09375f,-0.21943399585678564f,0.9755869014156716f,0.00888365062869809f,0.791015625f,-0.02222581658463755f,-0.014101944473976662f,0.9996535140933577f,-0.04296875000000001f,0f,0f,0f,1f],start_interpolation:0}
execute if entity @s[tag=aj.nep_phase2_murky.locator_origin.nep_ride] at @s on origin run tp @s ^0.01563 ^0.62891 ^-1.3418 ~-180 ~0