execute if entity @s[tag=aj.nep_phase2_murky.bone.right_arm2] run data modify entity @s {} merge value {transformation:[0.9960223935291003f,0.007496199362781328f,-0.08878737851561619f,0.35081327954787034f,0.08898087702309522f,-0.03147083509875916f,0.9955360315239162f,1.31515722830264f,0.004668523617019395f,-0.9994765597718138f,-0.032012674895065985f,0.01070524745387641f,0f,0f,0f,1f],start_interpolation:0}
execute if entity @s[tag=aj.nep_phase2_murky.bone.right_arm] run data modify entity @s {} merge value {transformation:[0.9939014160515488f,0.06539706864264465f,-0.08878737851561619f,0.36972643518518516f,0.09066020178477555f,-0.02624381355588909f,0.9955360315239162f,1.2941157590979078f,0.06277501878191563f,-0.9975141531141265f,-0.032012674895065985f,-0.15596436936184122f,0f,0f,0f,1f],start_interpolation:0}
execute if entity @s[tag=aj.nep_phase2_murky.bone.murky] run data modify entity @s {} merge value {transformation:[0.010072708426545507f,0.5717896526352075f,1.3866608487173262f,0.13984420430201328f,0.09102277046201476f,1.3804497348278821f,-0.5707161763458471f,1.331307301764318f,-0.9957978689484995f,0.1319663697801045f,-0.03814101062794637f,0.44309766921799176f,0f,0f,0f,1f],start_interpolation:0}
execute if entity @s[tag=aj.nep_phase2_murky.bone.left_arm2] run data modify entity @s {} merge value {transformation:[0.9133412145565069f,-0.4070054067334054f,-0.01242677279989185f,-0.5518862120432741f,0.0397413578272901f,0.05872631684252527f,0.997482753829937f,1.3259296652228285f,-0.4052510953353343f,-0.9115359667066826f,0.06981211305801628f,0.1347785474738184f,0f,0f,0f,1f],start_interpolation:0}
execute if entity @s[tag=aj.nep_phase2_murky.bone.left_arm] run data modify entity @s {} merge value {transformation:[0.4450109236070354f,0.8954389165030707f,-0.01242677279989185f,-0.21643518518518517f,-0.05700515673381827f,0.04217307100032192f,0.997482753829937f,1.331983105318702f,0.8937089514915726f,-0.44318233143279606f,0.06981211305801628f,0.10799768783751619f,0f,0f,0f,1f],start_interpolation:0}
execute if entity @s[tag=aj.nep_phase2_murky.bone.head] run data modify entity @s {} merge value {transformation:[1f,0f,0f,0.03125f,0f,0.9815654609686957f,-0.19112625626352886f,1.4933008429987644f,0f,0.19112625626352886f,0.9815654609686957f,-0.0721391823059809f,0f,0f,0f,1f],start_interpolation:0}
execute if entity @s[tag=aj.nep_phase2_murky.bone.body_top] run data modify entity @s {} merge value {transformation:[1f,0f,0f,0.03125f,0f,0.9956104981445711f,-0.09359346122629988f,1.1012792093543395f,0f,0.09359346122629988f,0.9956104981445711f,-0.10899160766383649f,0f,0f,0f,1f],start_interpolation:0}
execute if entity @s[tag=aj.nep_phase2_murky.bone.body] run data modify entity @s {} merge value {transformation:[1f,0f,0f,0.03125f,0f,0.9993093104258186f,0.037160491066115624f,0.69140625f,0f,-0.037160491066115624f,0.9993093104258186f,-0.09375f,0f,0f,0f,1f],start_interpolation:0}
execute if entity @s[tag=aj.nep_phase2_murky.bone.right_leg2] run data modify entity @s {} merge value {transformation:[0.984241437208689f,-0.17539078489936408f,0.02251368147947645f,0.2351766658306732f,0.1753166629719147f,0.9844981496883706f,0.005240319128339568f,0.43706094073402435f,-0.02308378144426053f,-0.0012107157221147025f,0.9997328009031583f,-0.049087170511957136f,0f,0f,0f,1f],start_interpolation:0}
execute if entity @s[tag=aj.nep_phase2_murky.bone.right_leg] run data modify entity @s {} merge value {transformation:[0.984241437208689f,-0.17682892069366943f,0.0005710408796960106f,0.15625f,0.1753166629719147f,0.9762354980867112f,0.1273904233440762f,0.78515625f,-0.02308378144426053f,-0.125282820377348f,0.9918524859839445f,-0.09375f,0f,0f,0f,1f],start_interpolation:0}
execute if entity @s[tag=aj.nep_phase2_murky.bone.left_leg2] run data modify entity @s {} merge value {transformation:[0.9756369485660314f,0.21934836916852937f,-0.004340223020709185f,-0.18735185081641126f,-0.21826229261189695f,0.9684218437713803f,-0.12050188434310496f,0.44372430467108515f,-0.022228725032300643f,0.1185133977639107f,0.9927036105172035f,-0.038282216319193055f,0f,0f,0f,1f],start_interpolation:0}
execute if entity @s[tag=aj.nep_phase2_murky.bone.left_leg] run data modify entity @s {} merge value {transformation:[0.9756369485660314f,0.21803832624714298f,0.02432761558614786f,-0.09375f,-0.21826229261189695f,0.9758655127679325f,0.00693344171236729f,0.791015625f,-0.022228725032300643f,-0.012074323066928011f,0.9996799960516934f,-0.04296875000000001f,0f,0f,0f,1f],start_interpolation:0}
execute if entity @s[tag=aj.nep_phase2_murky.locator_origin.nep_ride] at @s on origin run tp @s ^0.01563 ^0.62891 ^-1.3418 ~-180 ~0