execute if entity @s[tag=aj.nep_phase2_murky.bone.right_arm2] run data modify entity @s {} merge value {transformation:[0.5599299399757274f,0.573217215685185f,0.5982478465994696f,0.341638704243874f,-0.7592341273319716f,0.06588796415056655f,0.6474737956663212f,1.2552080937144263f,0.33172579371106764f,-0.8167501452844792f,0.4720987163343536f,1.4363375098540831f,0f,0f,0f,1f],start_interpolation:0}
execute if entity @s[tag=aj.nep_phase2_murky.bone.right_arm] run data modify entity @s {} merge value {transformation:[0.6646935958735427f,0.4475287003576387f,0.5982478465994696f,0.4107712499999998f,-0.7300218249442346f,0.21873687167584743f,0.6474737956663212f,1.276077748055505f,0.15890424383819585f,-0.8671056702188419f,0.4720987163343536f,1.2834834595416553f,0f,0f,0f,1f],start_interpolation:0}
execute if entity @s[tag=aj.nep_phase2_murky.bone.murky] run data modify entity @s {} merge value {transformation:[0.8342407690622947f,-0.19267549115068522f,0.8043453352802713f,0.03908652002883939f,0.28371241877849834f,1.4008117278302343f,-0.3265238825762885f,1.2879244214282615f,-0.47281032419481395f,0.5006022955232174f,1.2232786827702724f,1.9679448351968953f,0f,0f,0f,1f],start_interpolation:0}
execute if entity @s[tag=aj.nep_phase2_murky.bone.left_arm2] run data modify entity @s {} merge value {transformation:[0.7377896559990119f,-0.6441927048619521f,-0.20169824615871473f,-0.3810844516841465f,0.3598697141869779f,0.12256260370429167f,0.9249174000872765f,1.2003401505445865f,-0.5711043795243059f,-0.7549795806350436f,0.32225086580533957f,1.6668377094656726f,0f,0f,0f,1f],start_interpolation:0}
execute if entity @s[tag=aj.nep_phase2_murky.bone.left_arm] run data modify entity @s {} merge value {transformation:[0.9794420651998339f,0.003325419309334887f,-0.20169824615871473f,-0.25761500000000015f,0.18935062545060385f,0.3296576158035145f,0.9249174000872765f,1.3270269836645103f,0.06956710112222228f,-0.9440946975431856f,0.32225086580533957f,1.3805040041237049f,0f,0f,0f,1f],start_interpolation:0}
execute if entity @s[tag=aj.nep_phase2_murky.bone.head] run data modify entity @s {} merge value {transformation:[1f,0f,0f,0.031249999999999833f,0f,0.9990216674989281f,-0.04422338598141365f,1.4735085997322788f,0f,0.04422338598141365f,0.9990216674989281f,1.3440940380864899f,0f,0f,0f,1f],start_interpolation:0}
execute if entity @s[tag=aj.nep_phase2_murky.bone.body_top] run data modify entity @s {} merge value {transformation:[1f,0f,0f,0.031249999999999833f,0f,0.9841503278210266f,-0.1773362124603032f,1.0859994081527495f,0f,0.1773362124603032f,0.9841503278210266f,1.2742679044302454f,0f,0f,0f,1f],start_interpolation:0}
execute if entity @s[tag=aj.nep_phase2_murky.bone.body] run data modify entity @s {} merge value {transformation:[1f,0f,0f,0.031249999999999833f,0f,0.9988778058926773f,-0.047361681716667804f,0.6763034330795812f,0f,0.047361681716667804f,0.9988778058926773f,1.2548422146636433f,0f,0f,0f,1f],start_interpolation:0}
execute if entity @s[tag=aj.nep_phase2_murky.bone.right_leg2] run data modify entity @s {} merge value {transformation:[0.9928105154229779f,-0.11822432420141508f,0.01871602609208714f,0.2147354258893262f,0.11912221458560573f,0.9911930537217675f,-0.057846592345085435f,0.4187680855027009f,-0.011712320768399658f,0.05966019963791852f,0.9981500298659425f,1.3055629282463064f,0f,0f,0f,1f],start_interpolation:0}
execute if entity @s[tag=aj.nep_phase2_murky.bone.right_leg] run data modify entity @s {} merge value {transformation:[0.9928105154229779f,-0.11957638006495264f,-0.0053637483277073975f,0.15624999999999983f,0.11912221458560573f,0.9826688895437367f,0.14202729144463905f,0.7700534330795812f,-0.011712320768399658f,-0.14164513000255796f,0.9898482099235097f,1.2548422146636433f,0f,0f,0f,1f],start_interpolation:0}
execute if entity @s[tag=aj.nep_phase2_murky.bone.left_leg2] run data modify entity @s {} merge value {transformation:[0.9917611790343617f,0.1280600850598835f,0.003221548514029343f,-0.15505235224005912f,-0.12481879123894199f,0.9717036267294353f,-0.20053012530418346f,0.42424505980310306f,-0.028810295278289967f,0.19847588371214653f,0.9796822395402809f,1.2612799456108281f,0f,0f,0f,1f],start_interpolation:0}
execute if entity @s[tag=aj.nep_phase2_murky.bone.left_leg] run data modify entity @s {} merge value {transformation:[0.9917611790343617f,0.127460407144757f,0.012790948786763914f,-0.09375000000000017f,-0.12481879123894199f,0.9839806383014582f,-0.12728854151691857f,0.7759128080795812f,-0.028810295278289967f,0.12464328324602038f,0.9917832519394699f,1.3056234646636433f,0f,0f,0f,1f],start_interpolation:0}
execute if entity @s[tag=aj.nep_phase2_murky.locator_origin.nep_ride] at @s on origin run tp @s ^0.01562 ^1.20951 ^0.0068 ~-180 ~0