execute if entity @s[tag=aj.nep_phase2_murky.bone.right_arm2] run data modify entity @s {} merge value {transformation:[0.6393683387924696f,0.7672226795924055f,-0.050768959697898075f,0.23129948977656545f,0.004615930390305785f,0.0621968635274359f,0.998053226713877f,1.3024488125550564f,0.7688867410330275f,-0.6383579795744692f,0.036225258828776266f,-0.04052778389382598f,0f,0f,0f,1f],start_interpolation:0}
execute if entity @s[tag=aj.nep_phase2_murky.bone.right_arm] run data modify entity @s {} merge value {transformation:[0.5975362051523708f,0.8002330887080944f,-0.050768959697898075f,0.3704926817558299f,0.0012919127623852722f,0.06235453157095337f,0.998053226713877f,1.295677856754179f,0.8018408910086329f,-0.5964385266976555f,0.036225258828776266f,-0.1362284710184194f,0f,0f,0f,1f],start_interpolation:0}
execute if entity @s[tag=aj.nep_phase2_murky.bone.murky] run data modify entity @s {} merge value {transformation:[0.005735616798863511f,0.5634691912980541f,1.3901181430125913f,0.14080172301385774f,0.12317311572824988f,1.379156923355479f,-0.5601696562423645f,1.3159333414480312f,-0.9923686241824314f,0.17443810139578733f,-0.06149394029119194f,0.4643781583155424f,0f,0f,0f,1f],start_interpolation:0}
execute if entity @s[tag=aj.nep_phase2_murky.bone.left_arm2] run data modify entity @s {} merge value {transformation:[0.9115340235963487f,-0.41080725265663043f,-0.01852363330890211f,-0.5520384741849165f,0.0587294149364149f,0.08546609980587522f,0.9946086675699134f,1.3160152044278886f,-0.4070093114997219f,-0.9077075228005349f,0.10203172743729651f,0.15851377145575804f,0f,0f,0f,1f],start_interpolation:0}
execute if entity @s[tag=aj.nep_phase2_murky.bone.left_arm] run data modify entity @s {} merge value {transformation:[0.4620654263854769f,0.886652365218886f,-0.01852363330890211f,-0.2172014317558299f,-0.08198181706476342f,0.06350259888824301f,0.9946086675699134f,1.3256120394473692f,0.8830484264240366f,-0.4580556769500779f,0.10203172743729651f,0.12575242571186326f,0f,0f,0f,1f],start_interpolation:0}
execute if entity @s[tag=aj.nep_phase2_murky.bone.head] run data modify entity @s {} merge value {transformation:[1f,0f,0f,0.03125f,0f,0.9910737535250295f,-0.13331472189450544f,1.4922253078754433f,0f,0.13331472189450544f,0.9910737535250295f,-0.04694399327494589f,0f,0f,0f,1f],start_interpolation:0}
execute if entity @s[tag=aj.nep_phase2_murky.bone.body_top] run data modify entity @s {} merge value {transformation:[1f,0f,0f,0.03125f,0f,0.992176618315762f,-0.12484213258150811f,1.101555764413612f,0f,0.12484213258150811f,0.992176618315762f,-0.09610058297891472f,0f,0f,0f,1f],start_interpolation:0}
execute if entity @s[tag=aj.nep_phase2_murky.bone.body] run data modify entity @s {} merge value {transformation:[1f,0f,0f,0.03125f,0f,0.9999835779989017f,0.0057309451676397f,0.69140625f,0f,-0.0057309451676397f,0.9999835779989017f,-0.09375f,0f,0f,0f,1f],start_interpolation:0}
execute if entity @s[tag=aj.nep_phase2_murky.bone.right_leg2] run data modify entity @s {} merge value {transformation:[0.9844300394741118f,-0.1743222834761522f,0.02256632146936382f,0.23480137370483256f,0.17427279346120705f,0.984688639186914f,0.004156599024581223f,0.4370263195274744f,-0.02294538821258205f,-0.00015918506123691056f,0.9997367072484086f,-0.048697092787720504f,0f,0f,0f,1f],start_interpolation:0}
execute if entity @s[tag=aj.nep_phase2_murky.bone.right_leg] run data modify entity @s {} merge value {transformation:[0.9844300394741118f,-0.17577642946239874f,0.00037977157475835646f,0.15625f,0.17427279346120705f,0.9762864497262106f,0.12842804031915628f,0.78515625f,-0.02294538821258205f,-0.12636223694775955f,0.991718757629063f,-0.09375f,0f,0f,0f,1f],start_interpolation:0}
execute if entity @s[tag=aj.nep_phase2_murky.bone.left_leg2] run data modify entity @s {} merge value {transformation:[0.9759859662889333f,0.21778197522705606f,-0.004733378630446979f,-0.18681763936289641f,-0.2166958803708563f,0.9684423730713595f,-0.12313515123722127f,0.44356899399068633f,-0.022232612022808986f,0.12120388321384665f,0.9923786221279293f,-0.03925602139482381f,0f,0f,0f,1f],start_interpolation:0}
execute if entity @s[tag=aj.nep_phase2_murky.bone.left_leg] run data modify entity @s {} merge value {transformation:[0.9759859662889333f,0.2165366501276712f,0.023733368040455966f,-0.09375f,-0.2166958803708563f,0.9762295767376926f,0.004325382392925139f,0.791015625f,-0.022232612022808986f,-0.009364435596020331f,0.9997089668041451f,-0.04296875000000001f,0f,0f,0f,1f],start_interpolation:0}
execute if entity @s[tag=aj.nep_phase2_murky.locator_origin.nep_ride] at @s on origin run tp @s ^0.01563 ^0.62891 ^-1.3418 ~-180 ~0