execute if entity @s[tag=aj.nep_phase2_murky.bone.right_arm2] run data modify entity @s {} merge value {transformation:[0.6751684612135033f,0.7119836311951362f,0.19294262850074984f,0.27404257742812316f,-0.2804759132579637f,0.0058622528812107624f,0.9598431622266564f,1.3091000846961327f,0.6822615415401203f,-0.7021715907820145f,0.20365226744122852f,0.020594985353308434f,0f,0f,0f,1f],start_interpolation:0}
execute if entity @s[tag=aj.nep_phase2_murky.bone.right_arm] run data modify entity @s {} merge value {transformation:[0.7160149689231892f,0.6708917247851147f,0.19294262850074984f,0.388048125f,-0.27964092455476486f,0.02240663385893439f,0.9598431622266564f,1.2944711133573839f,0.6396276397968437f,-0.7412167269928313f,0.20365226744122852f,-0.10337251188834645f,0f,0f,0f,1f],start_interpolation:0}
execute if entity @s[tag=aj.nep_phase2_murky.bone.murky] run data modify entity @s {} merge value {transformation:[0.40564510422393874f,0.14205249884250895f,1.3636671876838884f,0.030622994064837816f,0.21296668701687144f,1.4361766704429073f,-0.292144226834801f,1.3416728463204821f,-0.8888741416197276f,0.4089225584974768f,0.5523255851048452f,0.5509456212140602f,0f,0f,0f,1f],start_interpolation:0}
execute if entity @s[tag=aj.nep_phase2_murky.bone.left_arm2] run data modify entity @s {} merge value {transformation:[0.8472049503028654f,-0.5111095789269049f,-0.14495092449336497f,-0.516114782875122f,0.21615036349639793f,0.08237762313046298f,0.9728786910852504f,1.2574981650973844f,-0.4853069055172141f,-0.8555588381499761f,0.18026725138185345f,0.2561004705082463f,0f,0f,0f,1f],start_interpolation:0}
execute if entity @s[tag=aj.nep_phase2_murky.bone.left_arm] run data modify entity @s {} merge value {transformation:[0.8021152862528725f,0.5793101906992412f,-0.14495092449336497f,-0.23481593750000007f,0.008869733678350186f,0.23114579870013796f,0.9728786910852504f,1.3308399439009713f,0.5971033372741668f,-0.7816465458858524f,0.18026725138185345f,0.0864738420781883f,0f,0f,0f,1f],start_interpolation:0}
execute if entity @s[tag=aj.nep_phase2_murky.bone.head] run data modify entity @s {} merge value {transformation:[1f,0f,0f,0.03125f,0f,0.9960949431639001f,-0.08828852815233874f,1.4907288811193997f,0f,0.08828852815233874f,0.9960949431639001f,-0.026035178118683555f,0f,0f,0f,1f],start_interpolation:0}
execute if entity @s[tag=aj.nep_phase2_murky.bone.body_top] run data modify entity @s {} merge value {transformation:[1f,0f,0f,0.03125f,0f,0.9885758320115441f,-0.15072433235109414f,1.1014771472648541f,0f,0.15072433235109414f,0.9885758320115441f,-0.08538288398192688f,0f,0f,0f,1f],start_interpolation:0}
execute if entity @s[tag=aj.nep_phase2_murky.bone.body] run data modify entity @s {} merge value {transformation:[1f,0f,0f,0.03125f,0f,0.9997919019028826f,-0.020399825720254453f,0.69140625f,0f,0.020399825720254453f,0.9997919019028826f,-0.09375f,0f,0f,0f,1f],start_interpolation:0}
execute if entity @s[tag=aj.nep_phase2_murky.bone.right_leg2] run data modify entity @s {} merge value {transformation:[0.9884762363490794f,-0.1498082256973598f,0.021730754394815317f,0.2260893988446006f,0.1502969505612468f,0.9883749750847931f,-0.022928917944913807f,0.4354983075587041f,-0.018043193319061457f,0.025930756632681434f,0.9995008949647357f,-0.04624933782836109f,0f,0f,0f,1f],start_interpolation:0}
execute if entity @s[tag=aj.nep_phase2_murky.bone.right_leg] run data modify entity @s {} merge value {transformation:[0.9884762363490794f,-0.15135849085675473f,-0.002310285420587777f,0.15625f,0.1502969505612468f,0.9794958811653994f,0.134159030378159f,0.78515625f,-0.018043193319061457f,-0.13296024227408484f,0.9909571217511218f,-0.09375f,0f,0f,0f,1f],start_interpolation:0}
execute if entity @s[tag=aj.nep_phase2_murky.bone.left_leg2] run data modify entity @s {} merge value {transformation:[0.9839230644680287f,0.1785677925254957f,-0.0029911002014372523f,-0.173047934383952f,-0.17681878785885363f,0.9716578290244103f,-0.15689544147519194f,0.4405759099669871f,-0.025110146713415132f,0.1549019262893176f,0.9876106893730392f,-0.060242284091759316f,0f,0f,0f,1f],start_interpolation:0}
execute if entity @s[tag=aj.nep_phase2_murky.bone.left_leg] run data modify entity @s {} merge value {transformation:[0.9839230644680287f,0.1778758580915173f,0.01598694204811931f,-0.09375f,-0.17681878785885363f,0.982824371737899f,-0.05283342292649346f,0.791015625f,-0.025110146713415132f,0.04915723167765266f,0.9984753612913142f,-0.04296875000000001f,0f,0f,0f,1f],start_interpolation:0}
execute if entity @s[tag=aj.nep_phase2_murky.locator_origin.nep_ride] at @s on origin run tp @s ^0.01563 ^0.62891 ^-1.3418 ~-180 ~0