execute if entity @s[tag=aj.nep_phase2_murky.bone.right_arm2] run data modify entity @s {} merge value {transformation:[0.6223909808293488f,0.7826484119526177f,0.009535735437107007f,0.23886964325048296f,-0.07892120888251186f,0.05063081247596333f,0.9955942766089741f,1.305005733212659f,0.7787174775043925f,-0.6204014700950258f,0.09327971983838051f,-0.023534862307036067f,0f,0f,0f,1f],start_interpolation:0}
execute if entity @s[tag=aj.nep_phase2_murky.bone.right_arm] run data modify entity @s {} merge value {transformation:[0.6079618137372069f,0.7939090015782911f,0.009535735437107007f,0.37602437499999997f,-0.07983469006657871f,0.04917782676599843f,0.9955942766089741f,1.2955415833695916f,0.7899423113742794f,-0.6060445846367528f,0.09327971983838051f,-0.121912814503751f,0f,0f,0f,1f],start_interpolation:0}
execute if entity @s[tag=aj.nep_phase2_murky.bone.murky] run data modify entity @s {} merge value {transformation:[0.10138650108916676f,0.441988540890777f,1.4253132563981359f,0.09495313254786375f,0.14587213353331402f,1.410606179085475f,-0.46077454249053856f,1.3276080184794299f,-0.9840945574767374f,0.2546298043181888f,0.07854261345522014f,0.49665565551051394f,0f,0f,0f,1f],start_interpolation:0}
execute if entity @s[tag=aj.nep_phase2_murky.bone.left_arm2] run data modify entity @s {} merge value {transformation:[0.8958098189155219f,-0.4400797493024766f,-0.06208528479768133f,-0.5489097769484982f,0.11131302318073326f,0.08692130595939646f,0.9899768166177827f,1.294730280213622f,-0.43027221523694237f,-0.8937418535708073f,0.1268515666868656f,0.19536851489467796f,0f,0f,0f,1f],start_interpolation:0}
execute if entity @s[tag=aj.nep_phase2_murky.bone.left_arm] run data modify entity @s {} merge value {transformation:[0.5816124966550703f,0.8110932875731661f,-0.06208528479768133f,-0.2227415625f,-0.0674006108994612f,0.12410906578369246f,0.9899768166177827f,1.3250892869085933f,0.8106688975068892f,-0.5715983018204767f,0.1268515666868656f,0.11807765776414014f,0f,0f,0f,1f],start_interpolation:0}
execute if entity @s[tag=aj.nep_phase2_murky.bone.head] run data modify entity @s {} merge value {transformation:[1f,0f,0f,0.03125f,0f,0.9925415459316256f,-0.12190684804250712f,1.491451244105201f,0f,0.12190684804250712f,0.9925415459316256f,-0.0351840275478382f,0f,0f,0f,1f],start_interpolation:0}
execute if entity @s[tag=aj.nep_phase2_murky.bone.body_top] run data modify entity @s {} merge value {transformation:[1f,0f,0f,0.03125f,0f,0.9902354561768894f,-0.1394049544677228f,1.1015460332355507f,0f,0.1394049544677228f,0.9902354561768894f,-0.09007472836950406f,0f,0f,0f,1f],start_interpolation:0}
execute if entity @s[tag=aj.nep_phase2_murky.bone.body] run data modify entity @s {} merge value {transformation:[1f,0f,0f,0.03125f,0f,0.9999598524600095f,-0.008960662261018671f,0.69140625f,0f,0.008960662261018671f,0.9999598524600095f,-0.09375f,0f,0f,0f,1f],start_interpolation:0}
execute if entity @s[tag=aj.nep_phase2_murky.bone.right_leg2] run data modify entity @s {} merge value {transformation:[0.985763759794121f,-0.16659935260867928f,0.022681833852833195f,0.23207595547529314f,0.16673021578414393f,0.9859944688656685f,-0.003992807393419062f,0.4366717282965116f,-0.02169896359578885f,0.007717711880933509f,0.9997347607751726f,-0.04680861251145491f,0f,0f,0f,1f],start_interpolation:0}
execute if entity @s[tag=aj.nep_phase2_murky.bone.right_leg] run data modify entity @s {} merge value {transformation:[0.985763759794121f,-0.16813466915759306f,-0.0007368200766117664f,0.15625f,0.16673021578414393f,0.9769452002090177f,0.1333383325722023f,0.78515625f,-0.02169896359578885f,-0.13156294621142062f,0.9910703033403027f,-0.09375f,0f,0f,0f,1f],start_interpolation:0}
execute if entity @s[tag=aj.nep_phase2_murky.bone.left_leg2] run data modify entity @s {} merge value {transformation:[0.9785363330066186f,0.20598615083150962f,-0.006029150153924957f,-0.18274127607941668f,-0.20482483476854588f,0.968969630105785f,-0.13836416803022428f,0.44249691576879113f,-0.02265903899104922f,0.13662928528787968f,0.9903630679471671f,-0.04609818246758076f,0f,0f,0f,1f],start_interpolation:0}
execute if entity @s[tag=aj.nep_phase2_murky.bone.left_leg] run data modify entity @s {} merge value {transformation:[0.9785363330066186f,0.20508284069895863f,0.02019092461492468f,-0.09375f,-0.20482483476854588f,0.9786966185028657f,-0.014132090896041888f,0.791015625f,-0.02265903899104922f,0.009693161605052935f,0.9996962591558f,-0.04296875000000001f,0f,0f,0f,1f],start_interpolation:0}
execute if entity @s[tag=aj.nep_phase2_murky.locator_origin.nep_ride] at @s on origin run tp @s ^0.01563 ^0.62891 ^-1.3418 ~-180 ~0