execute if entity @s[tag=aj.nep_phase2_murky.bone.right_arm2] run data modify entity @s {} merge value {transformation:[0.9944600452587149f,0.0774649402132519f,0.07105210357049052f,0.4810016996479905f,-0.014684707338898095f,0.7715286974884954f,-0.6356331118908629f,0.5608314571531436f,-0.10408395760555669f,0.6312256671439129f,0.7685835588326662f,-0.10193875559583236f,0f,0f,0f,1f],start_interpolation:0}
execute if entity @s[tag=aj.nep_phase2_murky.bone.right_arm] run data modify entity @s {} merge value {transformation:[0.9563571014055396f,-0.2834302262804773f,0.07105210357049052f,0.43829125f,0.2623017491810747f,0.7257203070429212f,-0.6356331118908629f,0.6954615081138237f,0.12862573826107657f,0.6266855132751246f,0.7685835588326662f,-0.009090808724952104f,0f,0f,0f,1f],start_interpolation:0}
execute if entity @s[tag=aj.nep_phase2_murky.bone.murky] run data modify entity @s {} merge value {transformation:[0.000009424282874842368f,0.000003247566128422795f,-7.976255615724965e-7f,-0.3756406612962387f,-0.000002937633650108666f,0.0000069014372860176865f,-0.0000066098891356748685f,-0.016769568492532028f,-0.0000015965268122895304f,0.000006465270934321609f,0.00000745998484472032f,0.3552514941656393f,0f,0f,0f,1f],start_interpolation:0}
execute if entity @s[tag=aj.nep_phase2_murky.bone.left_arm2] run data modify entity @s {} merge value {transformation:[0.9751950607374459f,-0.18707804562971578f,0.11830637496202484f,-0.41504803532103146f,0.1873073982457501f,0.9820074717049161f,0.00888193042711527f,0.2880541457762283f,-0.11786873344716942f,0.013501409412063467f,0.9929373966265185f,0.04344090708240193f,0f,0f,0f,1f],start_interpolation:0}
execute if entity @s[tag=aj.nep_phase2_murky.bone.left_arm] run data modify entity @s {} merge value {transformation:[0.9926601182260504f,0.025089665736880665f,0.11830637496202484f,-0.28312499999999996f,-0.026317687893136637f,0.9993648559089083f,0.00888193042711527f,0.59706595226112f,-0.11803780593596278f,-0.011933262352601726f,0.9929373966265185f,0.02495703685521855f,0f,0f,0f,1f],start_interpolation:0}
execute if entity @s[tag=aj.nep_phase2_murky.bone.head] run data modify entity @s {} merge value {transformation:[1f,0f,0f,0.031250000000000056f,0f,0.3969158988928135f,-0.9175834533251432f,0.794111816989838f,0f,0.917812189331703f,0.3970148424355767f,0.1912224062665312f,0f,0f,0f,1f],start_interpolation:0}
execute if entity @s[tag=aj.nep_phase2_murky.bone.body_top] run data modify entity @s {} merge value {transformation:[1f,0f,0f,0.031250000000000056f,0f,0.373419007352138f,-0.9273941284902172f,0.6470780828449336f,0f,0.9276253101104711f,0.37351209356920717f,-0.17403005958946682f,0f,0f,0f,1f],start_interpolation:0}
execute if entity @s[tag=aj.nep_phase2_murky.bone.body] run data modify entity @s {} merge value {transformation:[1f,0f,0f,0.031250000000000056f,0f,0.49127358025764767f,-0.8707191820276031f,0.44557915344238286f,0f,0.8709362356675857f,0.4913960453658286f,-0.53125f,0f,0f,0f,1f],start_interpolation:0}
execute if entity @s[tag=aj.nep_phase2_murky.bone.right_leg2] run data modify entity @s {} merge value {transformation:[0.9945682122100105f,-0.07899480453562929f,0.06777825696904016f,0.20220491083651104f,0.08075753034030485f,0.9961954172827034f,-0.023969490780176406f,0.37590773398841815f,-0.06564328328197407f,0.029320205381349496f,0.9974122943479082f,-0.2756670633196848f,0f,0f,0f,1f],start_interpolation:0}
execute if entity @s[tag=aj.nep_phase2_murky.bone.right_leg] run data modify entity @s {} merge value {transformation:[0.9945179773491271f,-0.10371500110197093f,-0.013311321340097337f,0.15625000000000006f,0.08138800180607492f,0.6879042466445369f,0.7208781902793373f,0.5393057891845704f,-0.0656253228818422f,-0.7181886876439734f,0.6927469422068071f,-0.53125f,0f,0f,0f,1f],start_interpolation:0}
execute if entity @s[tag=aj.nep_phase2_murky.bone.left_leg2] run data modify entity @s {} merge value {transformation:[0.9779059861380343f,0.000923850037148094f,-0.20904312659474755f,-0.1685055616119219f,-0.19832948131180947f,0.31936577704930613f,-0.9263760261914529f,0.21508068528788143f,0.06592181698836551f,0.9476042370401709f,0.31257083035444605f,-0.6019842722365425f,0f,0f,0f,1f],start_interpolation:0}
execute if entity @s[tag=aj.nep_phase2_murky.bone.left_leg] run data modify entity @s {} merge value {transformation:[0.9779059861380343f,0.16549782421847697f,-0.1277119902528689f,-0.09374999999999994f,-0.19832948131180947f,0.9271148988551589f,-0.3172144476113328f,0.5451637039184571f,0.06592181698836551f,0.33561860244131964f,0.9396884950558285f,-0.48034130859375f,0f,0f,0f,1f],start_interpolation:0}
execute if entity @s[tag=aj.nep_phase2_murky.locator_origin.nep_ride] at @s on origin run tp @s ^0.01563 ^0.38309 ^-1.7793 ~-180 ~0