execute if entity @s[tag=aj.nep_phase2_murky.bone.right_arm2] run data modify entity @s {} merge value {transformation:[0.6856869453433694f,0.5610830007014866f,0.46370171372283564f,0.3953432041196451f,-0.4686938588415973f,0.8277392401801005f,-0.3085025396171685f,0.7928704434344265f,-0.5569196348395806f,-0.005797981535449498f,0.8305461478691372f,1.3488145745032272f,0f,0f,0f,1f],start_interpolation:0}
execute if entity @s[tag=aj.nep_phase2_murky.bone.right_arm] run data modify entity @s {} merge value {transformation:[0.8397329575974013f,0.28254075921046573f,0.46370171372283564f,0.4402019907407406f,-0.14591019386703702f,0.9399661687398333f,-0.3085025396171685f,0.9552230275485313f,-0.5230284650479404f,0.19140094307325806f,0.8305461478691372f,1.3632554798179455f,0f,0f,0f,1f],start_interpolation:0}
execute if entity @s[tag=aj.nep_phase2_murky.bone.murky] run data modify entity @s {} merge value {transformation:[0.44149723659980744f,0.1651098983821745f,-0.15546430176853268f,-0.11504958417497033f,-0.15113844254545186f,0.46964095174358955f,-0.46694861774233587f,0.36484641665787443f,-0.0038908916003882396f,0.49211390744582895f,0.4977849327411823f,1.8698838987125752f,0f,0f,0f,1f],start_interpolation:0}
execute if entity @s[tag=aj.nep_phase2_murky.bone.left_arm2] run data modify entity @s {} merge value {transformation:[0.8456895066006483f,-0.530428442509968f,0.05877861687723973f,-0.2997321352719706f,0.4550352920731059f,0.7742325093941725f,0.4398941967850288f,0.6401254419865732f,-0.2788407097134402f,-0.34526756113723167f,0.8961239701251456f,1.560139676243456f,0f,0f,0f,1f],start_interpolation:0}
execute if entity @s[tag=aj.nep_phase2_murky.bone.left_arm] run data modify entity @s {} merge value {transformation:[0.9413534324776769f,-0.3322631327133577f,0.05877861687723973f,-0.2858951851851853f,0.2743568552253576f,0.8551148528856849f,0.4398941967850288f,0.9416434404165195f,-0.19642309221002477f,-0.39796959558966205f,0.8961239701251456f,1.4112212910954336f,0f,0f,0f,1f],start_interpolation:0}
execute if entity @s[tag=aj.nep_phase2_murky.bone.head] run data modify entity @s {} merge value {transformation:[1f,0f,0f,0.031249999999999868f,0f,0.808923734330747f,-0.5879135923215236f,1.1120925581281762f,0f,0.5879135923215236f,0.808923734330747f,1.5076840592950678f,0f,0f,0f,1f],start_interpolation:0}
execute if entity @s[tag=aj.nep_phase2_murky.bone.body_top] run data modify entity @s {} merge value {transformation:[1f,0f,0f,0.031249999999999868f,0f,0.6997831156218506f,-0.7143553675101598f,0.8365529563520724f,0f,0.7143553675101598f,0.6997831156218506f,1.2264066333379424f,0f,0f,0f,1f],start_interpolation:0}
execute if entity @s[tag=aj.nep_phase2_murky.bone.body] run data modify entity @s {} merge value {transformation:[1f,0f,0f,0.031249999999999868f,0f,0.7870384600724956f,-0.6169039328507436f,0.5137442129629628f,0f,0.6169039328507436f,0.7870384600724956f,0.9733796296296295f,0f,0f,0f,1f],start_interpolation:0}
execute if entity @s[tag=aj.nep_phase2_murky.bone.right_leg2] run data modify entity @s {} merge value {transformation:[0.9957014615717421f,-0.08180934718877406f,0.04342614577006792f,0.2004948248356489f,0.08426165929704274f,0.9947534022902768f,-0.05801414831252688f,0.345481107029081f,-0.03845220665196804f,0.06142393136608404f,0.9973708079040258f,1.1682900979989443f,0f,0f,0f,1f],start_interpolation:0}
execute if entity @s[tag=aj.nep_phase2_murky.bone.right_leg] run data modify entity @s {} merge value {transformation:[0.9960887052194013f,-0.08814013005000478f,-0.006213598724161561f,0.15624999999999986f,0.07872619634550192f,0.8533712529600354f,0.5153248399120586f,0.6074942129629628f,-0.040118291879218115f,-0.5137984255485682f,0.8569724036166546f,0.9733796296296295f,0f,0f,0f,1f],start_interpolation:0}
execute if entity @s[tag=aj.nep_phase2_murky.bone.left_leg2] run data modify entity @s {} merge value {transformation:[0.9899746127889536f,0.07278310114653527f,-0.12104910665037807f,-0.15431180437860123f,-0.13894840462951005f,0.6557633012205797f,-0.7420699654501597f,0.2749725829950468f,0.025369408433689043f,0.7514500069597315f,0.6593021159953487f,0.9182123327905565f,0f,0f,0f,1f],start_interpolation:0}
execute if entity @s[tag=aj.nep_phase2_murky.bone.left_leg] run data modify entity @s {} merge value {transformation:[0.9899746127889536f,0.12547742901919637f,-0.06485122080650392f,-0.09375000000000014f,-0.13894840462951005f,0.9476231618511363f,-0.2875824820363179f,0.6133535879629628f,0.025369408433689043f,0.2937103299681299f,0.9555577613026525f,1.0241608796296295f,0f,0f,0f,1f],start_interpolation:0}
execute if entity @s[tag=aj.nep_phase2_murky.locator_origin.nep_ride] at @s on origin run tp @s ^0.01562 ^1.04695 ^-0.27467 ~-180 ~0