execute if entity @s[tag=aj.shadow_golem.bone.black_hole] run data modify entity @s {} merge value {transformation:[-0.9961946980917455f,0f,-0.08715574274765805f,0.3424419274690375f,0f,1f,0f,1.5f,0.08715574274765805f,0f,-0.9961946980917455f,-0.029959786569507457f,0f,0f,0f,1f],start_interpolation:0}
execute if entity @s[tag=aj.shadow_golem.bone.body] run data modify entity @s {} merge value {transformation:[-1.0792109229327242f,0f,-0.09441872130996289f,0f,0f,1.0833333333333333f,0f,1.5f,0.09441872130996289f,0f,-1.0792109229327242f,0f,0f,0f,0f,1f],start_interpolation:0}
execute if entity @s[tag=aj.shadow_golem.bone.left_leg] run data modify entity @s {} merge value {transformation:[-1f,0f,1.2246467991473532e-16f,4.592425496802574e-17f,0f,1f,0f,0.59375f,-1.2246467991473532e-16f,0f,-1f,-0.375f,0f,0f,0f,1f],start_interpolation:0}
execute if entity @s[tag=aj.shadow_golem.bone.right_leg] run data modify entity @s {} merge value {transformation:[-1f,0f,1.2246467991473532e-16f,0.12499999999999996f,0f,1f,0f,0.53125f,-1.2246467991473532e-16f,0f,-1f,0.375f,0f,0f,0f,1f],start_interpolation:0}
execute if entity @s[tag=aj.shadow_golem.bone.left_shoulder] run data modify entity @s {} merge value {transformation:[-0.9455577572731655f,-0.29813324952689824f,0.13052621647421503f,-0.19090264017042727f,-0.3007058294944266f,0.9537169412923673f,8.432256941304228e-9f,1.7062941143434016f,-0.12448506644818992f,-0.039249986222461945f,-0.991444858180689f,1.132780316653012f,0f,0f,0f,1f],start_interpolation:0}
execute if entity @s[tag=aj.shadow_golem.bone.left_hand] run data modify entity @s {} merge value {transformation:[-0.9914448581806884f,-3.2277159056626203e-8f,0.13052621647421503f,-0.042715839914103326f,-3.14455496086552e-8f,0.9999999999999996f,8.432256941304228e-9f,0.9722122929766924f,-0.13052621647421522f,4.255649187212551e-9f,-0.991444858180689f,1.2783680969394327f,0f,0f,0f,1f],start_interpolation:0}
execute if entity @s[tag=aj.shadow_golem.bone.right_hand] run data modify entity @s {} merge value {transformation:[-0.7488663948116039f,0.5787826635264088f,-0.3228153514366173f,-0.33312865880067927f,0.5827126566340808f,0.8070770316800788f,0.09525032668145866f,1.098246227557814f,0.31566609339668183f,-0.1167788222913243f,-0.9416568505267344f,-1.290629052947904f,0f,0f,0f,1f],start_interpolation:0}
execute if entity @s[tag=aj.shadow_golem.bone.right_shoulder] run data modify entity @s {} merge value {transformation:[-0.9441430530018395f,-0.3206078130101709f,-0.07618743797504365f,-0.4374999999999999f,-0.3293870157957587f,0.9250970429995087f,0.1889435229340499f,1.6875f,0.009904003914098625f,0.20348486742360103f,-0.9790279972687549f,-1.0625f,0f,0f,0f,1f],start_interpolation:0}
execute if entity @s[tag=aj.shadow_golem.bone.head] run data modify entity @s {} merge value {transformation:[-0.9961946980917455f,0f,-0.08715574274765805f,-0.75f,0f,1f,0f,1.9375f,0.08715574274765805f,0f,-0.9961946980917455f,0.06249999999999991f,0f,0f,0f,1f],start_interpolation:0}