execute if entity @s[tag=aj.shadow_golem.bone.black_hole] run data modify entity @s {} merge value {transformation:[-0.9997620270799091f,0f,0.021814885034561242f,0.34366819680871874f,0f,1f,0f,1.5f,-0.021814885034561242f,0f,-0.9997620270799091f,0.007498866730630427f,0f,0f,0f,1f],start_interpolation:0}
execute if entity @s[tag=aj.shadow_golem.bone.body] run data modify entity @s {} merge value {transformation:[-1.0830755293365681f,0f,0.023632792120774678f,0f,0f,1.0833333333333333f,0f,1.5f,-0.023632792120774678f,0f,-1.0830755293365681f,0f,0f,0f,0f,1f],start_interpolation:0}
execute if entity @s[tag=aj.shadow_golem.bone.left_leg] run data modify entity @s {} merge value {transformation:[-1f,0f,1.2246467991473532e-16f,0.03125000000000005f,0f,1f,0f,0.5625f,-1.2246467991473532e-16f,0f,-1f,-0.375f,0f,0f,0f,1f],start_interpolation:0}
execute if entity @s[tag=aj.shadow_golem.bone.right_leg] run data modify entity @s {} merge value {transformation:[-1f,0f,1.2246467991473532e-16f,-4.592425496802574e-17f,0f,1f,0f,0.53125f,-1.2246467991473532e-16f,0f,-1f,0.375f,0f,0f,0f,1f],start_interpolation:0}
execute if entity @s[tag=aj.shadow_golem.bone.left_shoulder] run data modify entity @s {} merge value {transformation:[-0.9801069792857777f,-0.15082267621000273f,0.12900709087550505f,-0.188743313794639f,-0.15209363188094382f,0.9883660896354428f,-8.83470970807626e-8f,1.697005851992559f,-0.12750622061912154f,-0.019621243579256983f,-0.9916436711358729f,1.132969138788695f,0f,0f,0f,1f],start_interpolation:0}
execute if entity @s[tag=aj.shadow_golem.bone.left_hand] run data modify entity @s {} merge value {transformation:[-0.9895185322390885f,0.06488639964768572f,0.12900709087550505f,-0.1530088792019362f,0.06543316935647317f,0.9978569538505804f,-8.83470970807626e-8f,0.946225443816805f,-0.12873062845868152f,0.008441255404353015f,-0.9916436711358729f,1.2636713915764268f,0f,0f,0f,1f],start_interpolation:0}
execute if entity @s[tag=aj.shadow_golem.bone.right_hand] run data modify entity @s {} merge value {transformation:[-0.9088868187733896f,0.40479207655782024f,-0.1003400489136595f,-0.022207101931836948f,0.40215018147684756f,0.9144072865355356f,0.04620114575264915f,1.09260786051121f,0.11045352958654768f,0.0016398435067870379f,-0.9938799367706076f,-1.2638612877579791f,0f,0f,0f,1f],start_interpolation:0}
execute if entity @s[tag=aj.shadow_golem.bone.right_shoulder] run data modify entity @s {} merge value {transformation:[-0.9196420893883133f,-0.3766280776560841f,0.11139891627201819f,-0.18749999999999986f,-0.3619610256417593f,0.9228233753764267f,0.13183790720132188f,1.6875f,-0.15245538147885482f,0.08092162245000603f,-0.9849919023414333f,-1.09375f,0f,0f,0f,1f],start_interpolation:0}
execute if entity @s[tag=aj.shadow_golem.bone.head] run data modify entity @s {} merge value {transformation:[-0.9997620270799091f,0f,0.021814885034561242f,-0.75f,0f,1f,0f,1.9375f,-0.021814885034561242f,0f,-0.9997620270799091f,-9.184850993605148e-17f,0f,0f,0f,1f],start_interpolation:0}