execute if entity @s[tag=aj.steel_anchor.bone.right_arm2] run data modify entity @s {} merge value {transformation:[0.8886384637220154f,-0.4511218538912567f,0.08252729085273572f,0.4049098276439176f,0.2130095505433262f,0.24664431306450282f,-0.9454065338309596f,1.0184528031002156f,0.40613866126128223f,0.8577037109483991f,0.3152708867850603f,0.9585166112075179f,0f,0f,0f,1f],start_interpolation:0}
execute if entity @s[tag=aj.steel_anchor.bone.right_arm] run data modify entity @s {} merge value {transformation:[0.8886384637220154f,-0.36963931057567084f,0.27145618591389503f,0.3124999999999999f,0.2130095505433262f,-0.1915180053256879f,-0.9580959163953262f,0.9705733017687936f,0.40613866126128223f,0.9092236433976035f,-0.09145356261885534f,1.1858225220569187f,0f,0f,0f,1f],start_interpolation:0}
execute if entity @s[tag=aj.steel_anchor.locator_origin.anchor] at @s on origin run tp @s ^-2.04922 ^1.24443 ^1.31668 ~101.70276 ~79.66633
execute if entity @s[tag=aj.steel_anchor.bone.anchor] run data modify entity @s {} merge value {transformation:[0.09207931579302289f,1.8209103618794154f,0.3253123851613662f,-1.514816907318553f,-0.08478025401586606f,-0.32121835677007676f,1.8219913199955284f,1.1661103778668416f,1.8477973380401342f,-0.1054775597471801f,0.0673852822038024f,1.2527317545542136f,0f,0f,0f,1f],start_interpolation:0}
execute if entity @s[tag=aj.steel_anchor.bone.left_arm2] run data modify entity @s {} merge value {transformation:[-0.07306951493410607f,0.9972236600863282f,0.014346349756021184f,-0.5582261540812379f,-0.98210146938536f,-0.06944265752789433f,-0.17508404023948182f,1.1305061370531984f,-0.17360169877743536f,-0.02688287706870717f,0.9844489631779281f,1.2177377415183097f,0f,0f,0f,1f],start_interpolation:0}
execute if entity @s[tag=aj.steel_anchor.bone.left_arm] run data modify entity @s {} merge value {transformation:[-0.07306951493410607f,0.9944393737920041f,-0.07583652048625067f,-0.3187500000000001f,-0.98210146938536f,-0.08498171737987137f,-0.16809167600534114f,0.9864980240350605f,-0.17360169877743536f,0.062196780972448504f,0.9828499430829988f,1.2115867244142424f,0f,0f,0f,1f],start_interpolation:0}
execute if entity @s[tag=aj.steel_anchor.bone.head] run data modify entity @s {} merge value {transformation:[1f,0f,0f,-1.0063215950330877e-16f,0f,0.9349495751544763f,-0.35478062506070485f,1.046152539191235f,0f,0.35478062506070485f,0.9349495751544763f,1.3081002443559633f,0f,0f,0f,1f],start_interpolation:0}
execute if entity @s[tag=aj.steel_anchor.bone.body_top] run data modify entity @s {} merge value {transformation:[1f,0f,0f,-1.0063215950330877e-16f,0f,0.5257686081561131f,-0.8506276333846576f,0.8391311497297653f,0f,0.8506276333846576f,0.5257686081561131f,0.9731656137107543f,0f,0f,0f,1f],start_interpolation:0}
execute if entity @s[tag=aj.steel_anchor.bone.body] run data modify entity @s {} merge value {transformation:[1f,0f,0f,-1.0063215950330877e-16f,0f,0.6322997708108922f,-0.7747238216503305f,0.5625f,0f,0.7747238216503305f,0.6322997708108922f,0.6342239417387348f,0f,0f,0f,1f],start_interpolation:0}
execute if entity @s[tag=aj.steel_anchor.locator_origin.player_camera] at @s on origin run tp @s ^0 ^0.25 ^1.50922 ~-180 ~0
execute if entity @s[tag=aj.steel_anchor.bone.right_leg2] run data modify entity @s {} merge value {transformation:[0.9919304478973187f,0.05870405802015224f,0.11237357387834339f,0.12460297211833045f,0.09969898946160484f,0.1863661046431887f,-0.9774087100801071f,0.42107180824572726f,-0.07832048285448519f,0.9807249913263609f,0.179009478389692f,0.34971273109076617f,0f,0f,0f,1f],start_interpolation:0}
execute if entity @s[tag=aj.steel_anchor.bone.right_leg] run data modify entity @s {} merge value {transformation:[0.9919304478973187f,0.0011047732359497908f,0.1267784130296717f,0.1249999999999999f,0.09969898946160484f,0.6109306205336285f,-0.7853813649398173f,0.640625f,-0.07832048285448519f,0.7916833687595647f,0.6058905392849003f,0.6342239417387348f,0f,0f,0f,1f],start_interpolation:0}
execute if entity @s[tag=aj.steel_anchor.bone.left_leg2] run data modify entity @s {} merge value {transformation:[0.9917669452117516f,0.12803760702528585f,-0.002167388425965505f,-0.15137341395313886f,-0.12652259362784493f,0.9771396735284381f,-0.17085108053044676f,0.4910539369263123f,-0.019757522289845605f,0.1697186778288603f,0.9852944791832492f,0.9599283027050309f,0f,0f,0f,1f],start_interpolation:0}
execute if entity @s[tag=aj.steel_anchor.bone.left_leg] run data modify entity @s {} merge value {transformation:[0.984807753012208f,0.07338689100003823f,0.15737869562426268f,-0.1250000000000001f,-0.17364817766693036f,0.41619774072678317f,0.8925389352890303f,0.640625f,0f,-0.9063077870366503f,0.42261826174069916f,0.6342239417387348f,0f,0f,0f,1f],start_interpolation:0}