execute if entity @s[tag=aj.steel_anchor.bone.right_arm2] run data modify entity @s {} merge value {transformation:[0.9256053636535859f,-0.37604695966365076f,-0.04293477498995045f,0.4020921334025685f,0.345808604595086f,0.8863350525482017f,-0.30793925312044285f,1.0400522926458986f,0.15385421594390086f,0.2701830097398826f,0.9504367530163098f,-0.1370058485515364f,0f,0f,0f,1f],start_interpolation:0}
execute if entity @s[tag=aj.steel_anchor.bone.right_arm] run data modify entity @s {} merge value {transformation:[0.9256053636535859f,-0.358368533610274f,0.1217649575770262f,0.3125f,0.345808604595086f,0.6699491528454871f,-0.6569509430616671f,1.2075395808572704f,0.15385421594390086f,0.650184686623452f,0.7440354517875147f,0.025540323104326593f,0f,0f,0f,1f],start_interpolation:0}
execute if entity @s[tag=aj.steel_anchor.locator_origin.anchor] at @s on origin run tp @s ^-0.93966 ^1.08455 ^-1.5044 ~-101.17756 ~28.98803
execute if entity @s[tag=aj.steel_anchor.bone.anchor] run data modify entity @s {} merge value {transformation:[-0.8310813194735298f,0.4620721001746522f,-1.5892811296301328f,-0.8016128751582504f,-1.60830742111745f,0.19437710182587142f,0.8975444700962847f,1.177743871659235f,0.3907331236749487f,1.7828988223850704f,0.31403934393202404f,-0.9866487875578378f,0f,0f,0f,1f],start_interpolation:0}
execute if entity @s[tag=aj.steel_anchor.bone.left_arm2] run data modify entity @s {} merge value {transformation:[0.8194325772736732f,0.5521936090481052f,-0.1536634941326462f,-0.5527012076428923f,-0.35575916202501057f,0.2797871908528301f,-0.8917143861517228f,1.3286222335040814f,-0.4494059077692323f,0.7853670135427832f,0.4257146745192161f,-0.1066164122442371f,0f,0f,0f,1f],start_interpolation:0}
execute if entity @s[tag=aj.steel_anchor.bone.left_arm] run data modify entity @s {} merge value {transformation:[0.8194325772736732f,0.47287425622044726f,-0.32391386062745803f,-0.3320535714285714f,-0.35575916202501057f,-0.023487010428983768f,-0.934282494204173f,1.2782805856437092f,-0.4494059077692323f,0.8808168357525118f,0.14898332764791078f,0.05741205822273682f,0f,0f,0f,1f],start_interpolation:0}
execute if entity @s[tag=aj.steel_anchor.bone.head] run data modify entity @s {} merge value {transformation:[1f,0f,0f,1.859013841105672e-18f,0f,0.9998352508035584f,-0.018151342941650495f,1.3386017416238603f,0f,0.018151342941650495f,0.9998352508035584f,0.08458922246064474f,0f,0f,0f,1f],start_interpolation:0}
execute if entity @s[tag=aj.steel_anchor.bone.body_top] run data modify entity @s {} merge value {transformation:[1f,0f,0f,1.859013841105672e-18f,0f,0.9117367705501894f,-0.41077495204395226f,0.9796053882197231f,0f,0.41077495204395226f,0.9117367705501894f,-0.07715341490666147f,0f,0f,0f,1f],start_interpolation:0}
execute if entity @s[tag=aj.steel_anchor.bone.body] run data modify entity @s {} merge value {transformation:[1f,0f,0f,1.859013841105672e-18f,0f,0.957955173073653f,-0.2869179087847736f,0.5605f,0f,0.2869179087847736f,0.957955173073653f,-0.20267999999999992f,0f,0f,0f,1f],start_interpolation:0}
execute if entity @s[tag=aj.steel_anchor.locator_origin.player_camera] at @s on origin run tp @s ^0 ^-0.1895 ^-0.01518 ~-180 ~0
execute if entity @s[tag=aj.steel_anchor.bone.right_leg2] run data modify entity @s {} merge value {transformation:[0.9925408504672009f,-0.09697379202000525f,0.07388331215576685f,0.16710877781541045f,0.0886583488586463f,0.9901301634352572f,0.10854472181239228f,0.45742866579375907f,-0.0836800892178318f,-0.10118469803745939f,0.9913421707723141f,0.10480191804740763f,0f,0f,0f,1f],start_interpolation:0}
execute if entity @s[tag=aj.steel_anchor.bone.right_leg] run data modify entity @s {} merge value {transformation:[0.9925408504672009f,-0.11717225131244645f,-0.033664873031375143f,0.125f,0.0886583488586463f,0.5041984951825835f,0.8590247811520206f,0.638625f,-0.0836800892178318f,-0.8556018589145253f,0.5108259015462161f,-0.20267999999999992f,0f,0f,0f,1f],start_interpolation:0}
execute if entity @s[tag=aj.steel_anchor.bone.left_leg2] run data modify entity @s {} merge value {transformation:[0.985016909709176f,0.06116423913186656f,-0.16124708815480865f,-0.17237722553498697f,-0.17173667919134572f,0.43330114518880974f,-0.8847353449469479f,0.36993540215950044f,0.015754383749089988f,0.8991713148391058f,0.43731309832110055f,-0.4365852995079794f,0f,0f,0f,1f],start_interpolation:0}
execute if entity @s[tag=aj.steel_anchor.bone.left_leg] run data modify entity @s {} merge value {transformation:[0.984807753012208f,0.13183227974952896f,-0.11302185462594275f,-0.125f,-0.17364817766693033f,0.7476580113822596f,-0.640978789359585f,0.638625f,6.938893903907228e-18f,0.65086692037003f,0.7591918413471217f,-0.20267999999999992f,0f,0f,0f,1f],start_interpolation:0}