execute if entity @s[tag=aj.steel_anchor.bone.right_arm2] run data modify entity @s {} merge value {transformation:[0.9238795325112867f,-0.38122720636965346f,0.033353058785002596f,0.40331485824746005f,0.3777962255385001f,0.8947255203968805f,-0.23819373442513989f,1.1245565863455154f,0.060964099071412065f,0.2326629757269535f,0.9706447951492296f,-0.1596020479609957f,0f,0f,0f,1f],start_interpolation:0}
execute if entity @s[tag=aj.steel_anchor.bone.right_arm] run data modify entity @s {} merge value {transformation:[0.9238795325112867f,-0.3632594329898401f,0.12037106691653968f,0.3125f,0.3777962255385001f,0.815676822729201f,-0.4381110964484447f,1.3284757920278156f,0.060964099071412065f,0.45023760971990723f,0.8908251643381632f,-0.04704264553101889f,0f,0f,0f,1f],start_interpolation:0}
execute if entity @s[tag=aj.steel_anchor.locator_origin.anchor] at @s on origin run tp @s ^-1.48504 ^0.92332 ^-0.60511 ~-155.62641 ~-16.423
execute if entity @s[tag=aj.steel_anchor.bone.anchor] run data modify entity @s {} merge value {transformation:[0.9777751556951974f,1.3915852914669282f,-0.7331216923637216f,-1.1008008045789133f,-1.5715221259463776f,0.8283496642780581f,-0.5236185020485004f,1.1904792579137473f,-0.06553813319220882f,0.8985257395308398f,1.6181401493178358f,-0.3279838849474481f,0f,0f,0f,1f],start_interpolation:0}
execute if entity @s[tag=aj.steel_anchor.bone.left_arm2] run data modify entity @s {} merge value {transformation:[0.0681027867431433f,0.990994302661257f,-0.11529224835498192f,-0.6154690217706691f,-0.612043190209517f,-0.04976152721720177f,-0.7892571974503422f,1.5082093199582138f,-0.7878865043621287f,0.12431445009306258f,0.6031424158041653f,0.011460374631052823f,0f,0f,0f,1f],start_interpolation:0}
execute if entity @s[tag=aj.steel_anchor.bone.left_arm] run data modify entity @s {} merge value {transformation:[0.0681027867431433f,0.9674675508539615f,-0.24365662002591915f,-0.3650892857142857f,-0.612043190209517f,-0.15235454711907026f,-0.7760098100477208f,1.3936152844022567f,-0.7878865043621287f,0.20197680564059867f,0.5817561570170487f,-0.0365312370040636f,0f,0f,0f,1f],start_interpolation:0}
execute if entity @s[tag=aj.steel_anchor.bone.head] run data modify entity @s {} merge value {transformation:[1f,0f,0f,-7.654042494670958e-18f,0f,0.9987775486691226f,0.04943084335208606f,1.470389977038438f,0f,-0.04943084335208606f,0.9987775486691226f,-0.024142283246312513f,0f,0f,0f,1f],start_interpolation:0}
execute if entity @s[tag=aj.steel_anchor.bone.body_top] run data modify entity @s {} merge value {transformation:[1f,0f,0f,-7.654042494670958e-18f,0f,0.987229113117374f,-0.1593068680675226f,1.081668513748472f,0f,0.1593068680675226f,0.987229113117374f,-0.08686936254789954f,0f,0f,0f,1f],start_interpolation:0}
execute if entity @s[tag=aj.steel_anchor.bone.body] run data modify entity @s {} merge value {transformation:[1f,0f,0f,-7.654042494670958e-18f,0f,0.9961946980917455f,-0.08715574274765818f,0.6458333333333334f,0f,0.08715574274765818f,0.9961946980917455f,-0.125f,0f,0f,0f,1f],start_interpolation:0}
execute if entity @s[tag=aj.steel_anchor.locator_origin.player_camera] at @s on origin run tp @s ^0 ^0.33333 ^0.75 ~-180 ~0
execute if entity @s[tag=aj.steel_anchor.bone.right_leg2] run data modify entity @s {} merge value {transformation:[0.9781274329024143f,-0.20457747254585718f,0.037613597680654115f,0.19542890630409715f,0.20635870673612383f,0.9770979752963986f,-0.051919464807263394f,0.41052892360016124f,-0.026130617251176935f,0.05854574620266839f,0.9979426769327211f,0.03609675631782289f,0f,0f,0f,1f],start_interpolation:0}
execute if entity @s[tag=aj.steel_anchor.bone.right_leg] run data modify entity @s {} merge value {transformation:[0.9781274329024143f,-0.19597608710705294f,-0.06971440515375467f,0.12499999999999999f,0.20635870673612383f,0.8721514009966529f,0.44358541217421704f,0.7239583333333334f,-0.026130617251176935f,-0.44826923497133325f,0.8935165828457176f,-0.125f,0f,0f,0f,1f],start_interpolation:0}
execute if entity @s[tag=aj.steel_anchor.bone.left_leg2] run data modify entity @s {} merge value {transformation:[0.984807753012208f,0.14508093591478832f,-0.09542123265361263f,-0.18451652877612962f,-0.1736481776669303f,0.8227948742266614f,-0.5411607019539452f,0.3864233257185151f,-3.469446951953614e-18f,0.549508978070806f,0.8354878114129365f,-0.23306614669684816f,0f,0f,0f,1f],start_interpolation:0}
execute if entity @s[tag=aj.steel_anchor.bone.left_leg] run data modify entity @s {} merge value {transformation:[0.984807753012208f,0.1656112105074911f,-0.05221701409779435f,-0.125f,-0.1736481776669303f,0.939227847276016f,-0.29613740272754274f,0.7239583333333334f,-3.469446951953614e-18f,0.3007057995042731f,0.9537169507482269f,-0.125f,0f,0f,0f,1f],start_interpolation:0}