execute if entity @s[tag=aj.steel_anchor.bone.right_arm2] run data modify entity @s {} merge value {transformation:[0.9250468783429074f,-0.37930565433392016f,-0.02038365664837652f,0.40006626926923095f,0.3466524098091956f,0.8649183419575186f,-0.3629715808695426f,1.048589530971236f,0.15530737149768442f,0.32869968411267775f,0.931577231378433f,-0.16012435310309905f,0f,0f,0f,1f],start_interpolation:0}
execute if entity @s[tag=aj.steel_anchor.bone.right_arm] run data modify entity @s {} merge value {transformation:[0.9250468783429074f,-0.35026507707692367f,0.14697839517540992f,0.3125f,0.3466524098091956f,0.620234600785537f,-0.7036626654597239f,1.2036481811676203f,0.15530737149768442f,0.7018713669674113f,0.6951663143376395f,0.01534348863875376f,0f,0f,0f,1f],start_interpolation:0}
execute if entity @s[tag=aj.steel_anchor.locator_origin.anchor] at @s on origin run tp @s ^-0.92505 ^1.13998 ^-1.52647 ~-102.09727 ~22.13046
execute if entity @s[tag=aj.steel_anchor.bone.anchor] run data modify entity @s {} merge value {transformation:[-0.6623109041373667f,0.42117245671613274f,-1.677491973840874f,-0.8027394605680352f,-1.7135191451091691f,0.08426287745385551f,0.6976913365978182f,1.2012615491523753f,0.23498446744667525f,1.8015367949400878f,0.3595396652275083f,-1.0000721445967606f,0f,0f,0f,1f],start_interpolation:0}
execute if entity @s[tag=aj.steel_anchor.bone.left_arm2] run data modify entity @s {} merge value {transformation:[0.8297403884994774f,0.554109931765315f,-0.06703037529191044f,-0.5640842924060511f,-0.26762558237276185f,0.28958221779865945f,-0.9189769783810963f,1.315114020871009f,-0.48980346604773667f,0.7804513582881688f,0.38857205508602366f,-0.10830173347864017f,0f,0f,0f,1f],start_interpolation:0}
execute if entity @s[tag=aj.steel_anchor.bone.left_arm] run data modify entity @s {} merge value {transformation:[0.8297403884994774f,0.500038403945894f,-0.24797677768690193f,-0.33535714285714285f,-0.26762558237276185f,-0.03345247712541649f,-0.9629420955767867f,1.2732977037930597f,-0.48980346604773667f,0.8653568780297618f,0.10606619769845321f,0.04681205277283321f,0f,0f,0f,1f],start_interpolation:0}
execute if entity @s[tag=aj.steel_anchor.bone.head] run data modify entity @s {} merge value {transformation:[1f,0f,0f,3.048145883077765e-18f,0f,0.9997569274120827f,-0.022047360194630827f,1.3346478674140658f,0f,0.022047360194630827f,0.9997569274120827f,0.07453085809654342f,0f,0f,0f,1f],start_interpolation:0}
execute if entity @s[tag=aj.steel_anchor.bone.body_top] run data modify entity @s {} merge value {transformation:[1f,0f,0f,3.048145883077765e-18f,0f,0.911302165192663f,-0.4117382223150583f,0.9758226398694546f,0f,0.4117382223150583f,0.911302165192663f,-0.08759106694001081f,0f,0f,0f,1f],start_interpolation:0}
execute if entity @s[tag=aj.steel_anchor.bone.body] run data modify entity @s {} merge value {transformation:[1f,0f,0f,3.048145883077765e-18f,0f,0.9584517482730391f,-0.2852547041371182f,0.5565f,0f,0.2852547041371182f,0.9584517482730391f,-0.21239000000000002f,0f,0f,0f,1f],start_interpolation:0}
execute if entity @s[tag=aj.steel_anchor.locator_origin.player_camera] at @s on origin run tp @s ^0 ^-0.1935 ^-0.02489 ~-180 ~0
execute if entity @s[tag=aj.steel_anchor.bone.right_leg2] run data modify entity @s {} merge value {transformation:[0.9925831358829387f,-0.0893840831381881f,0.08239662640143258f,0.16746713779447436f,0.08777491470087251f,0.9958757757517508f,0.022956559413453204f,0.4426500176489613f,-0.08410875525203271f,-0.015553936877663044f,0.996335180718597f,0.0884297782458186f,0f,0f,0f,1f],start_interpolation:0}
execute if entity @s[tag=aj.steel_anchor.bone.right_leg] run data modify entity @s {} merge value {transformation:[0.9925831358829387f,-0.11816942690636348f,-0.028543036023054733f,0.125f,0.08777491470087251f,0.534191255237673f,0.8407944262284652f,0.634625f,-0.08410875525203271f,-0.8370637307709736f,0.5406015426520097f,-0.21239000000000002f,0f,0f,0f,1f],start_interpolation:0}
execute if entity @s[tag=aj.steel_anchor.bone.left_leg2] run data modify entity @s {} merge value {transformation:[0.9850592180493428f,0.06746986537472396f,-0.1584492164775004f,-0.17376308856561612f,-0.17181405316383f,0.44784160753001007f,-0.8774496143371158f,0.35807578234941306f,0.011758744466725698f,0.8915636330802492f,0.4527427747599216f,-0.4366511915499206f,0f,0f,0f,1f],start_interpolation:0}
execute if entity @s[tag=aj.steel_anchor.bone.left_leg] run data modify entity @s {} merge value {transformation:[0.984807753012208f,0.13568859426954055f,-0.1083618705643356f,-0.125f,-0.17364817766693036f,0.7695282578103289f,-0.6145507064712841f,0.634625f,-6.938893903907228e-18f,0.6240311417041269f,0.7813994715786823f,-0.21239000000000002f,0f,0f,0f,1f],start_interpolation:0}