execute if entity @s[tag=aj.steel_anchor.bone.right_arm2] run data modify entity @s {} merge value {transformation:[0.9252619551801603f,-0.35709925383843993f,-0.12794700936018955f,0.4068827235358543f,0.34152493831744224f,0.9310197361501353f,-0.1286971926896615f,1.0053440349839824f,0.1650788623763026f,0.07538152165459405f,0.9833954420219689f,0.2176917580937195f,0f,0f,0f,1f],start_interpolation:0}
execute if entity @s[tag=aj.steel_anchor.bone.right_arm] run data modify entity @s {} merge value {transformation:[0.9252619551801603f,-0.37753089414341756f,0.036888185960529785f,0.31249999999999994f,0.34152493831744224f,0.7867820393255104f,-0.5141349425025092f,1.20203954481536f,0.1650788623763026f,0.4883077375611233f,0.856915703342215f,0.3397686924840003f,0f,0f,0f,1f],start_interpolation:0}
execute if entity @s[tag=aj.steel_anchor.locator_origin.anchor] at @s on origin run tp @s ^-1.1878 ^0.89459 ^-1.05863 ~-84.65735 ~65.35114
execute if entity @s[tag=aj.steel_anchor.bone.anchor] run data modify entity @s {} merge value {transformation:[-1.436154094711894f,0.8809379965589162f,-0.7690454842186739f,-0.9096132606345837f,-0.6136093266319776f,0.4691342859323148f,1.6832759459961217f,1.056367637740144f,0.9954729051303317f,1.56009056221671f,-0.07191958822071676f,-0.620163648214739f,0f,0f,0f,1f],start_interpolation:0}
execute if entity @s[tag=aj.steel_anchor.bone.left_arm2] run data modify entity @s {} merge value {transformation:[0.5277637965987776f,0.604500361860273f,-0.5966948026507717f,-0.5016911187670358f,-0.8325604169872475f,0.22900594671109034f,-0.5043802419177204f,1.3353746645725617f,-0.16825138057580674f,0.7629781051129556f,0.6241441212192731f,0.16463980449492202f,0f,0f,0f,1f],start_interpolation:0}
execute if entity @s[tag=aj.steel_anchor.bone.left_arm] run data modify entity @s {} merge value {transformation:[0.5277637965987776f,0.4428825767687539f,-0.7247898993462265f,-0.32500000000000007f,-0.8325604169872475f,0.10070282004481601f,-0.5447036754980109f,1.2564803174603598f,-0.16825138057580674f,0.890906260629978f,0.4218738054260358f,0.3663349470804407f,0f,0f,0f,1f],start_interpolation:0}
execute if entity @s[tag=aj.steel_anchor.bone.head] run data modify entity @s {} merge value {transformation:[1f,0f,0f,-3.413396372860148e-17f,0f,0.9996095788217745f,-0.02794082904558509f,1.3312283624411931f,0f,0.02794082904558509f,0.9996095788217745f,0.40281083632793424f,0f,0f,0f,1f],start_interpolation:0}
execute if entity @s[tag=aj.steel_anchor.bone.body_top] run data modify entity @s {} merge value {transformation:[1f,0f,0f,-3.413396372860148e-17f,0f,0.8987048182666646f,-0.43855404413171406f,0.9773633402486939f,0f,0.43855404413171406f,0.8987048182666646f,0.2301301814510718f,0f,0f,0f,1f],start_interpolation:0}
execute if entity @s[tag=aj.steel_anchor.bone.body] run data modify entity @s {} merge value {transformation:[1f,0f,0f,-3.413396372860148e-17f,0f,0.9482590634255859f,-0.31749763563093003f,0.5625f,0f,0.31749763563093003f,0.9482590634255859f,0.09122496586253992f,0f,0f,0f,1f],start_interpolation:0}
execute if entity @s[tag=aj.steel_anchor.locator_origin.player_camera] at @s on origin run tp @s ^0 ^0.25 ^0.96622 ~-180 ~0
execute if entity @s[tag=aj.steel_anchor.bone.right_leg2] run data modify entity @s {} merge value {transformation:[0.9919848564462691f,-0.11635677644425912f,0.04926606496134579f,0.16800759416909936f,0.09881592251134703f,0.9573701695821206f,0.2714364969058753f,0.4484565290785058f,-0.07874933675597716f,-0.26439262275979347f,0.9611946124436461f,0.3918443535481662f,0f,0f,0f,1f],start_interpolation:0}
execute if entity @s[tag=aj.steel_anchor.bone.right_leg] run data modify entity @s {} merge value {transformation:[0.9919848564462691f,-0.11967330551401568f,-0.04055051822879582f,0.12499999999999997f,0.09881592251134703f,0.5347296582163317f,0.8392255990388262f,0.640625f,-0.07874933675597716f,-0.8365061222556558f,0.54226935132764f,0.09122496586253992f,0f,0f,0f,1f],start_interpolation:0}
execute if entity @s[tag=aj.steel_anchor.bone.left_leg2] run data modify entity @s {} merge value {transformation:[0.9850990846667164f,0.032287773039135687f,-0.1689298466848616f,-0.17326977120285955f,-0.1690950701032922f,0.36121291415836065f,-0.9170234936532364f,0.3668735241401163f,0.031410995774732955f,0.9319242084833927f,0.3612902143527301f,-0.136548055537184f,0f,0f,0f,1f],start_interpolation:0}
execute if entity @s[tag=aj.steel_anchor.bone.left_leg] run data modify entity @s {} merge value {transformation:[0.984807753012208f,0.13431588508621778f,-0.11005876893983382f,-0.12500000000000003f,-0.1736481776669303f,0.7617432371753285f,-0.624174295377986f,0.640625f,-6.938893903907228e-18f,0.6338031899818405f,0.7734943544518234f,0.09122496586253992f,0f,0f,0f,1f],start_interpolation:0}