execute if entity @s[tag=aj.steel_anchor.bone.right_arm2] run data modify entity @s {} merge value {transformation:[0.907148693631879f,-0.4174822025488047f,-0.052819108256143874f,0.41222486511173156f,0.2788428955219018f,0.6903587446645223f,-0.6675713020211301f,0.9933878306481408f,0.31516327079616563f,0.5908582014495727f,0.742669979547335f,0.6482569601267953f,0f,0f,0f,1f],start_interpolation:0}
execute if entity @s[tag=aj.steel_anchor.bone.right_arm] run data modify entity @s {} merge value {transformation:[0.907148693631879f,-0.3988994604469265f,0.13401667096718375f,0.31249999999999994f,0.2788428955219018f,0.33129014015992786f,-0.9013842036833003f,1.0762103656881228f,0.31516327079616563f,0.8550590994124128f,0.41175969843234594f,0.8620217349798985f,0f,0f,0f,1f],start_interpolation:0}
execute if entity @s[tag=aj.steel_anchor.locator_origin.anchor] at @s on origin run tp @s ^-1.60909 ^1.17762 ^-0.26042 ~-157.75392 ~83.81661
execute if entity @s[tag=aj.steel_anchor.bone.anchor] run data modify entity @s {} merge value {transformation:[-1.2301451409685544f,1.3824111808802884f,-0.07552187408116823f,-1.1822833436446323f,-0.1880013163495513f,-0.06670499324536104f,1.8412569737174345f,1.1758977931183008f,1.3716485451960354f,1.230654730291731f,0.18463612216545236f,0.07669633395655906f,0f,0f,0f,1f],start_interpolation:0}
execute if entity @s[tag=aj.steel_anchor.bone.left_arm2] run data modify entity @s {} merge value {transformation:[0.18280093319540813f,0.7569766114562688f,-0.62735175821151f,-0.5072830349735141f,-0.9589683986838888f,-0.0033680012105377147f,-0.2834929750337815f,1.2369931471515718f,-0.2167104730938179f,0.6534332913741316f,0.7253009751650845f,0.7307243491301567f,0f,0f,0f,1f],start_interpolation:0}
execute if entity @s[tag=aj.steel_anchor.bone.left_arm] run data modify entity @s {} merge value {transformation:[0.18280093319540813f,0.6527316732963523f,-0.73520417674183f,-0.32125000000000004f,-0.9589683986838888f,-0.046454714086896665f,-0.27968119326254876f,1.1055084187943616f,-0.2167104730938179f,0.7561635552014185f,0.6174570824248474f,0.8926764287937841f,0f,0f,0f,1f],start_interpolation:0}
execute if entity @s[tag=aj.steel_anchor.bone.head] run data modify entity @s {} merge value {transformation:[1f,0f,0f,-7.28265595028456e-17f,0f,0.9769904590836158f,-0.21328301118369902f,1.175531430073218f,0f,0.21328301118369902f,0.9769904590836158f,0.9659418421267438f,0f,0f,0f,1f],start_interpolation:0}
execute if entity @s[tag=aj.steel_anchor.bone.body_top] run data modify entity @s {} merge value {transformation:[1f,0f,0f,-7.28265595028456e-17f,0f,0.6909291435484879f,-0.7229224844997928f,0.9034780798010008f,0f,0.7229224844997928f,0.6909291435484879f,0.6812911138549503f,0f,0f,0f,1f],start_interpolation:0}
execute if entity @s[tag=aj.steel_anchor.bone.body] run data modify entity @s {} merge value {transformation:[1f,0f,0f,-7.28265595028456e-17f,0f,0.7793784681165733f,-0.6265534322276621f,0.5625f,0f,0.6265534322276621f,0.7793784681165733f,0.40717398725534815f,0f,0f,0f,1f],start_interpolation:0}
execute if entity @s[tag=aj.steel_anchor.locator_origin.player_camera] at @s on origin run tp @s ^0 ^-0.1875 ^0.59467 ~-180 ~0
execute if entity @s[tag=aj.steel_anchor.bone.right_leg2] run data modify entity @s {} merge value {transformation:[0.9919304478973187f,-0.04145240672317825f,0.11981520984867115f,0.16090427007439811f,0.09969898946160483f,0.8388335136497413f,-0.5351807618724387f,0.283048338785144f,-0.07832048285448519f,0.542807548174199f,0.8361972659669218f,0.40672080973960656f,0f,0f,0f,1f],start_interpolation:0}
execute if entity @s[tag=aj.steel_anchor.bone.right_leg] run data modify entity @s {} merge value {transformation:[0.9919304478973187f,-0.09990753412006453f,0.07805428342040584f,0.12499999999999993f,0.09969898946160483f,0.9949959268587297f,0.006573966448968794f,0.640625f,-0.07832048285448519f,0.0012610156959765974f,0.9969274355763587f,0.40717398725534815f,0f,0f,0f,1f],start_interpolation:0}
execute if entity @s[tag=aj.steel_anchor.bone.left_leg2] run data modify entity @s {} merge value {transformation:[0.990658057126983f,0.09015158736337725f,-0.10231962248393398f,-0.1849591316751211f,-0.13498578820332832f,0.754874034390238f,-0.6418286603031464f,0.3005798666108218f,0.019376553680094857f,0.6496444285139902f,0.7599912273626672f,0.506796275986844f,0f,0f,0f,1f],start_interpolation:0}
execute if entity @s[tag=aj.steel_anchor.bone.left_leg] run data modify entity @s {} merge value {transformation:[0.984807753012208f,0.16684280118294542f,0.0481369847463875f,-0.12500000000000008f,-0.1736481776669303f,0.9462125450829306f,0.27299840644340245f,0.640625f,-3.469446951953614e-18f,-0.2772098469050317f,0.960809398777348f,0.40717398725534815f,0f,0f,0f,1f],start_interpolation:0}