execute if entity @s[tag=aj.steel_anchor.bone.right_arm2] run data modify entity @s {} merge value {transformation:[0.9259906466452178f,-0.3600867828608476f,-0.11348493791907457f,0.4060461288100794f,0.3428976409122294f,0.927905314979599f,-0.14633159019650932f,1.0115942294950062f,0.15799534861001213f,0.09658796633916733f,0.9827045510101521f,0.11590703207514869f,0f,0f,0f,1f],start_interpolation:0}
execute if entity @s[tag=aj.steel_anchor.bone.right_arm] run data modify entity @s {} merge value {transformation:[0.9259906466452178f,-0.3741845152403177f,0.050271969127336405f,0.3125f,0.3428976409122294f,0.7777978432254823f,-0.5267368630830921f,1.2060436903013767f,0.15799534861001213f,0.5049915480759621f,0.848540515349411f,0.24215491909413922f,0f,0f,0f,1f],start_interpolation:0}
execute if entity @s[tag=aj.steel_anchor.locator_origin.anchor] at @s on origin run tp @s ^-1.08261 ^0.92585 ^-1.21187 ~-92.07146 ~56.27938
execute if entity @s[tag=aj.steel_anchor.bone.anchor] run data modify entity @s {} merge value {transformation:[-1.3580706453817923f,0.7279882610092098f,-1.0274719014752562f,-0.8526725958352122f,-0.9264105501428386f,0.44591827381002636f,1.5404355487985983f,1.0853927783419268f,0.8528944302036653f,1.643536211724945f,0.037163234688222364f,-0.7455103641603595f,0f,0f,0f,1f],start_interpolation:0}
execute if entity @s[tag=aj.steel_anchor.bone.left_arm2] run data modify entity @s {} merge value {transformation:[0.6401702339997135f,0.575893662564513f,-0.5084570394033138f,-0.51133760592568f,-0.7265528432240851f,0.23881514137237309f,-0.6442734623234854f,1.3424136974773473f,-0.24960576416371105f,0.7818656007712095f,0.5712995228660055f,0.0752223449335451f,0f,0f,0f,1f],start_interpolation:0}
execute if entity @s[tag=aj.steel_anchor.bone.left_arm] run data modify entity @s {} merge value {transformation:[0.6401702339997135f,0.42026530670286333f,-0.643085642416856f,-0.32625f,-0.7265528432240851f,0.059227260227425194f,-0.6845532102393144f,1.2664014071311929f,-0.24960576416371105f,0.905466290718711f,0.3432604825323602f,0.27038819709275896f,0f,0f,0f,1f],start_interpolation:0}
execute if entity @s[tag=aj.steel_anchor.bone.head] run data modify entity @s {} merge value {transformation:[1f,0f,0f,-2.347293117566908e-17f,0f,0.9998154854457804f,-0.019209244202171127f,1.3362526176615142f,0f,0.019209244202171127f,0.9998154854457804f,0.3030622071286796f,0f,0f,0f,1f],start_interpolation:0}
execute if entity @s[tag=aj.steel_anchor.bone.body_top] run data modify entity @s {} merge value {transformation:[1f,0f,0f,-2.347293117566908e-17f,0f,0.9058012338096514f,-0.4237028732837592f,0.9795933818489639f,0f,0.4237028732837592f,0.9058012338096514f,0.13622920077319942f,0f,0f,0f,1f],start_interpolation:0}
execute if entity @s[tag=aj.steel_anchor.bone.body] run data modify entity @s {} merge value {transformation:[1f,0f,0f,-2.347293117566908e-17f,0f,0.9533563013690604f,-0.3018472505091034f,0.5625f,0f,0.3018472505091034f,0.9533563013690604f,0.004171028675466676f,0f,0f,0f,1f],start_interpolation:0}
execute if entity @s[tag=aj.steel_anchor.locator_origin.player_camera] at @s on origin run tp @s ^0 ^-0.1875 ^0.19167 ~-180 ~0
execute if entity @s[tag=aj.steel_anchor.bone.right_leg2] run data modify entity @s {} merge value {transformation:[0.9921166353009908f,-0.11430023265112374f,0.05138130764139534f,0.16721757211316268f,0.09660809930432575f,0.9587396763805613f,0.26736699138544023f,0.4626746294655381f,-0.07982140757870824f,-0.2602953894128659f,0.9622239100867106f,0.3135279953927489f,0f,0f,0f,1f],start_interpolation:0}
execute if entity @s[tag=aj.steel_anchor.bone.right_leg] run data modify entity @s {} merge value {transformation:[0.9921166353009908f,-0.11747498327140925f,-0.04363725775553323f,0.12499999999999997f,0.09660809930432575f,0.49516624844372004f,0.8634102510110578f,0.640625f,-0.07982140757870824f,-0.8608193856480896f,0.5026117071702563f,0.004171028675466676f,0f,0f,0f,1f],start_interpolation:0}
execute if entity @s[tag=aj.steel_anchor.bone.left_leg2] run data modify entity @s {} merge value {transformation:[0.9849177132636942f,0.055763776412708445f,-0.16379102337921095f,-0.17158069505320706f,-0.17080348597096975f,0.4645105003534298f,-0.8689396781374246f,0.3764527509995904f,0.02762729229549142f,0.8838101585191243f,0.46702926719727067f,-0.23498091535055568f,0f,0f,0f,1f],start_interpolation:0}
execute if entity @s[tag=aj.steel_anchor.bone.left_leg] run data modify entity @s {} merge value {transformation:[0.984807753012208f,0.12961584710457608f,-0.11555700665216698f,-0.12500000000000003f,-0.17364817766693036f,0.735087997218531f,-0.6553563509558774f,0.640625f,-6.938893903907228e-18f,0.6654662790289317f,0.7464279144534909f,0.004171028675466676f,0f,0f,0f,1f],start_interpolation:0}