execute if entity @s[tag=aj.steel_anchor.bone.right_arm2] run data modify entity @s {} merge value {transformation:[0.9238795325112867f,-0.3812272063696535f,0.03335305878500258f,0.4010648064956135f,0.3719359144505926f,0.8740054109285529f,-0.31269508664098455f,1.108356155063954f,0.09005712047654893f,0.3012977908833734f,0.9492678000755482f,-0.14497128752370408f,0f,0f,0f,1f],start_interpolation:0}
execute if entity @s[tag=aj.steel_anchor.bone.right_arm] run data modify entity @s {} merge value {transformation:[0.9238795325112867f,-0.35425922598245385f,0.14473081984511427f,0.3125f,0.3719359144505926f,0.7422358517402043f,-0.5574492048010247f,1.2939151179990052f,0.09005712047654893f,0.5688465005586357f,0.8174982408871998f,-0.002759662384045153f,0f,0f,0f,1f],start_interpolation:0}
execute if entity @s[tag=aj.steel_anchor.locator_origin.anchor] at @s on origin run tp @s ^-1.21535 ^1.08077 ^-1.37341 ~-109.49019 ~-7.11271
execute if entity @s[tag=aj.steel_anchor.bone.anchor] run data modify entity @s {} merge value {transformation:[0.34481594572098617f,0.5564744903585805f,-1.7324720486901974f,-1.0721203733383566f,-1.7942049457341858f,0.39782095287124086f,-0.2293216005868501f,1.228136994889608f,0.303235668442284f,1.7210740615594915f,0.6131667785746268f,-0.8698437084277879f,0f,0f,0f,1f],start_interpolation:0}
execute if entity @s[tag=aj.steel_anchor.bone.left_arm2] run data modify entity @s {} merge value {transformation:[0.30606574209766446f,0.9484723629420302f,-0.08199962347088868f,-0.6257795356788503f,-0.5727809314997109f,0.1146619397605059f,-0.811649335662071f,1.4418813475445758f,-0.7604247273889304f,0.2953858769567692f,0.578360975230825f,0.008660831507507266f,0f,0f,0f,1f],start_interpolation:0}
execute if entity @s[tag=aj.steel_anchor.bone.left_arm] run data modify entity @s {} merge value {transformation:[0.30606574209766446f,0.9161567002379974f,-0.2588062250472929f,-0.35848214285714286f,-0.5727809314997109f,-0.039933285494313825f,-0.818735205802189f,1.3603004097335334f,-0.7604247273889304f,0.39882606900584316f,0.5125348775028066f,0.013314257835351756f,0f,0f,0f,1f],start_interpolation:0}
execute if entity @s[tag=aj.steel_anchor.bone.head] run data modify entity @s {} merge value {transformation:[1f,0f,0f,-7.654042494670958e-18f,0f,0.9937895171394426f,0.11127621319829956f,1.43362795419847f,0f,-0.11127621319829956f,0.9937895171394426f,0.031069110888149634f,0f,0f,0f,1f],start_interpolation:0}
execute if entity @s[tag=aj.steel_anchor.bone.body_top] run data modify entity @s {} merge value {transformation:[1f,0f,0f,-7.654042494670958e-18f,0f,0.9719153822571454f,-0.2353305966761376f,1.0509362724347189f,0f,0.2353305966761376f,0.9719153822571454f,-0.06159231155307955f,0f,0f,0f,1f],start_interpolation:0}
execute if entity @s[tag=aj.steel_anchor.bone.body] run data modify entity @s {} merge value {transformation:[1f,0f,0f,-7.654042494670958e-18f,0f,0.9894416385809445f,-0.14493185930724675f,0.6180555555555556f,0f,0.14493185930724675f,0.9894416385809445f,-0.125f,0f,0f,0f,1f],start_interpolation:0}
execute if entity @s[tag=aj.steel_anchor.locator_origin.player_camera] at @s on origin run tp @s ^0 ^-0.13194 ^0.0625 ~-180 ~0
execute if entity @s[tag=aj.steel_anchor.bone.right_leg2] run data modify entity @s {} merge value {transformation:[0.9843087646091686f,-0.16436406100987566f,0.06419276720873054f,0.18446188585070322f,0.1709980448651636f,0.9782811292668532f,-0.11715673592526471f,0.4055590803837844f,-0.04354221590438305f,0.12629523969141737f,0.9910366228679057f,0.07786407499865902f,0f,0f,0f,1f],start_interpolation:0}
execute if entity @s[tag=aj.steel_anchor.bone.right_leg] run data modify entity @s {} merge value {transformation:[0.9843087646091686f,-0.1654591606280438f,-0.06131494171762379f,0.12499999999999999f,0.1709980448651636f,0.8086858439562328f,0.5628382311438048f,0.6961805555555556f,-0.04354221590438305f,-0.5644913391267034f,0.8242897569939088f,-0.125f,0f,0f,0f,1f],start_interpolation:0}
execute if entity @s[tag=aj.steel_anchor.bone.left_leg2] run data modify entity @s {} merge value {transformation:[0.984807753012208f,0.12859411835853402f,-0.11669294036331909f,-0.18265453024531703f,-0.17364817766693036f,0.7292934855565218f,-0.6617985511602252f,0.36920546635668966f,0f,0.6720078605555224f,0.7405440131090045f,-0.2625268585062041f,0f,0f,0f,1f],start_interpolation:0}
execute if entity @s[tag=aj.steel_anchor.bone.left_leg] run data modify entity @s {} merge value {transformation:[0.984807753012208f,0.16042999720436046f,-0.06645228065352382f,-0.125f,-0.17364817766693036f,0.9098437264664095f,-0.3768696111424633f,0.6961805555555556f,0f,0.3826834323650897f,0.9238795325112867f,-0.125f,0f,0f,0f,1f],start_interpolation:0}