execute if entity @s[tag=aj.steel_anchor.bone.right_arm2] run data modify entity @s {} merge value {transformation:[0.8963699385438981f,-0.4427036535529904f,0.023117275047938007f,0.40954791119381173f,0.2327264734974138f,0.42555111157378855f,-0.8744967924308072f,1.001199497536157f,0.3773053429362825f,0.7892526379868152f,0.48448008382449265f,0.8179588170610107f,0f,0f,0f,1f],start_interpolation:0}
execute if entity @s[tag=aj.steel_anchor.bone.right_arm] run data modify entity @s {} merge value {transformation:[0.8963699385438981f,-0.38819164477524726f,0.21407517418303415f,0.3124999999999999f,0.2327264734974138f,0.0010613095338239953f,-0.9725416506019322f,1.001464824919613f,0.3773053429362825f,0.9215780599323975f,0.09129379849131386f,1.04835333204411f,0f,0f,0f,1f],start_interpolation:0}
execute if entity @s[tag=aj.steel_anchor.locator_origin.anchor] at @s on origin run tp @s ^-1.74183 ^1.26855 ^0.1042 ~168.2458 ~77.96962
execute if entity @s[tag=aj.steel_anchor.bone.anchor] run data modify entity @s {} merge value {transformation:[-1.0641794735481196f,1.5137237201920386f,0.07863740422298911f,-1.2783594392395066f,-0.26517532618664075f,-0.28052309552280846f,1.8113558826459857f,1.2053509567900953f,1.4923891546097363f,1.0295477580677768f,0.37792501822049307f,0.3817030385426179f,0f,0f,0f,1f],start_interpolation:0}
execute if entity @s[tag=aj.steel_anchor.bone.left_arm2] run data modify entity @s {} merge value {transformation:[0.10575694663493262f,0.8139741402848414f,-0.5711931084895973f,-0.5179760011971701f,-0.950602287273631f,-0.08582599501473649f,-0.29831055966873016f,1.171444429856139f,-0.29184029822592444f,0.5745258893446695f,0.7646889843616945f,0.9489363516965243f,0f,0f,0f,1f],start_interpolation:0}
execute if entity @s[tag=aj.steel_anchor.bone.left_arm] run data modify entity @s {} merge value {transformation:[0.10575694663493262f,0.7390255314712135f,-0.6653245313921213f,-0.3200000000000001f,-0.950602287273631f,-0.12122808651671368f,-0.2857604634473369f,1.0223121223177567f,-0.29184029822592444f,0.6626801754037812f,0.6896986482937436f,1.078126358269229f,0f,0f,0f,1f],start_interpolation:0}
execute if entity @s[tag=aj.steel_anchor.bone.head] run data modify entity @s {} merge value {transformation:[1f,0f,0f,-8.676702003988527e-17f,0f,0.9537169507482269f,-0.30070579950427295f,1.0839164376450758f,0f,0.30070579950427295f,0.9537169507482269f,1.1661064384106525f,0f,0f,0f,1f],start_interpolation:0}
execute if entity @s[tag=aj.steel_anchor.bone.body_top] run data modify entity @s {} merge value {transformation:[1f,0f,0f,-8.676702003988527e-17f,0f,0.5735764363510462f,-0.8191520442889917f,0.8580707158318513f,0f,0.8191520442889917f,0.5735764363510462f,0.8435653209718621f,0f,0f,0f,1f],start_interpolation:0}
execute if entity @s[tag=aj.steel_anchor.bone.body] run data modify entity @s {} merge value {transformation:[1f,0f,0f,-8.676702003988527e-17f,0f,0.6755902076156602f,-0.737277336810124f,0.5625f,0f,0.737277336810124f,0.6755902076156602f,0.5210064861174328f,0f,0f,0f,1f],start_interpolation:0}
execute if entity @s[tag=aj.steel_anchor.locator_origin.player_camera] at @s on origin run tp @s ^0 ^-0.1875 ^0.70851 ~-180 ~0
execute if entity @s[tag=aj.steel_anchor.bone.right_leg2] run data modify entity @s {} merge value {transformation:[0.9919304478973185f,0.020463185173519964f,0.12512091986066576f,0.14111395155839912f,0.09969898946160488f,0.48375274718356254f,-0.8695075566622128f,0.33382801921125943f,-0.0783204828544852f,0.8749654494006666f,0.47780892030238387f,0.33454913504462935f,0f,0f,0f,1f],start_interpolation:0}
execute if entity @s[tag=aj.steel_anchor.bone.right_leg] run data modify entity @s {} merge value {transformation:[0.9919304478973185f,-0.044838821727719504f,0.11858948773097344f,0.12499999999999992f,0.09969898946160488f,0.8536959465425825f,-0.5111392592602323f,0.640625f,-0.0783204828544852f,0.5188378464634532f,0.8512773878370119f,0.5210064861174328f,0f,0f,0f,1f],start_interpolation:0}
execute if entity @s[tag=aj.steel_anchor.bone.left_leg2] run data modify entity @s {} merge value {transformation:[0.9919400903753007f,0.12027776978192084f,-0.03985116312640908f,-0.16832247381591547f,-0.12667305891684721f,0.9339840399686058f,-0.33410739175985193f,0.39493104186693473f,-0.0029653416142780414f,0.3364625851119402f,0.9416921660335195f,0.7796723571255286f,0f,0f,0f,1f],start_interpolation:0}
execute if entity @s[tag=aj.steel_anchor.bone.left_leg] run data modify entity @s {} merge value {transformation:[0.984807753012208f,0.12054949235732978f,0.12498603721790641f,-0.12500000000000008f,-0.17364817766693033f,0.6836701443702686f,0.7088310405799751f,0.640625f,-1.3877787807814457e-17f,-0.7197659019355711f,0.6942168583453401f,0.5210064861174328f,0f,0f,0f,1f],start_interpolation:0}