execute if entity @s[tag=aj.steel_anchor.bone.right_arm2] run data modify entity @s {} merge value {transformation:[0.9238795325112867f,-0.38122720636965357f,0.0333530587850026f,0.40590307675224707f,0.38231920253318413f,0.9156862293699927f,-0.12389817075548529f,1.1518419428234905f,0.01669241687462921f,0.12721849891330594f,0.9917342470405712f,-0.17798950865359414f,0f,0f,0f,1f],start_interpolation:0}
execute if entity @s[tag=aj.steel_anchor.bone.right_arm] run data modify entity @s {} merge value {transformation:[0.9238795325112867f,-0.37361230700898823f,0.08282785436160812f,0.3125f,0.38231920253318413f,0.8916804502878963f,-0.24235924151714272f,1.3747620553954645f,0.01669241687462921f,0.25557742197971256f,0.9666444768336948f,-0.114095153158666f,0f,0f,0f,1f],start_interpolation:0}
execute if entity @s[tag=aj.steel_anchor.locator_origin.anchor] at @s on origin run tp @s ^-1.05223 ^0.62343 ^0.65083 ~164.80358 ~33.32737
execute if entity @s[tag=aj.steel_anchor.bone.anchor] run data modify entity @s {} merge value {transformation:[1.7576691273409037f,0.4196218030328769f,0.405632932031184f,-0.9580335689736756f,-0.5775674498015518f,1.4356306140498802f,1.017546989218978f,1.0625330046247228f,-0.08388309757340652f,-1.0922012528642842f,1.4933456878831806f,0.3440192227986528f,0f,0f,0f,1f],start_interpolation:0}
execute if entity @s[tag=aj.steel_anchor.bone.left_arm2] run data modify entity @s {} merge value {transformation:[-0.21902051640469633f,0.9490491760890899f,-0.22657377332436368f,-0.5821881560444309f,-0.5494220252995918f,-0.31185614166148257f,-0.7751652630398941f,1.5922232118060229f,-0.8063283769715135f,-0.045292474790337205f,0.5897314136264505f,-0.005696483472431263f,0f,0f,0f,1f],start_interpolation:0}
execute if entity @s[tag=aj.steel_anchor.bone.left_arm] run data modify entity @s {} merge value {transformation:[-0.21902051640469633f,0.9382628823800714f,-0.2677550689373795f,-0.375f,-0.5494220252995918f,-0.3453715575969738f,-0.7608245036266479f,1.4372025692443304f,-0.8063283769715135f,-0.019525643417848175f,0.5911457499970748f,-0.1113689414483325f,0f,0f,0f,1f],start_interpolation:0}
execute if entity @s[tag=aj.steel_anchor.bone.head] run data modify entity @s {} merge value {transformation:[1f,0f,0f,-7.654042494670958e-18f,0f,0.9990482215818578f,-0.043619387365336f,1.5183752372478565f,0f,0.043619387365336f,0.9990482215818578f,-0.10782486622489895f,0f,0f,0f,1f],start_interpolation:0}
execute if entity @s[tag=aj.steel_anchor.bone.body_top] run data modify entity @s {} merge value {transformation:[1f,0f,0f,-7.654042494670958e-18f,0f,0.9990482215818578f,-0.043619387365336f,1.125f,0f,0.043619387365336f,0.9990482215818578f,-0.125f,0f,0f,0f,1f],start_interpolation:0}
execute if entity @s[tag=aj.steel_anchor.bone.body] run data modify entity @s {} merge value {transformation:[1f,0f,0f,-7.654042494670958e-18f,0f,1f,0f,0.6875f,0f,0f,1f,-0.125f,0f,0f,0f,1f],start_interpolation:0}
execute if entity @s[tag=aj.steel_anchor.locator_origin.player_camera] at @s on origin run tp @s ^0 ^0.375 ^0.75 ~-180 ~0
execute if entity @s[tag=aj.steel_anchor.bone.right_leg2] run data modify entity @s {} merge value {transformation:[0.9659258262890683f,-0.258572706721188f,-0.011289528185853194f,0.21484375f,0.25881904510252074f,0.9650064789340801f,0.042133092783085135f,0.4303235602574837f,-6.938893903907228e-18f,-0.04361938736533599f,0.9990482215818578f,-0.03198690566628161f,0f,0f,0f,1f],start_interpolation:0}
execute if entity @s[tag=aj.steel_anchor.bone.right_leg] run data modify entity @s {} merge value {transformation:[0.9659258262890683f,-0.25f,-0.06698729810778065f,0.12499999999999999f,0.25881904510252074f,0.9330127018922193f,0.25f,0.765625f,-6.938893903907228e-18f,-0.25881904510252074f,0.9659258262890683f,-0.125f,0f,0f,0f,1f],start_interpolation:0}
execute if entity @s[tag=aj.steel_anchor.bone.left_leg2] run data modify entity @s {} merge value {transformation:[0.984807753012208f,0.16317591116653482f,-0.0593911746138847f,-0.1864567445038311f,-0.17364817766693033f,0.9254165783983234f,-0.33682408883346515f,0.4170864822025321f,0f,0.34202014332566866f,0.9396926207859083f,-0.18740481384905308f,0f,0f,0f,1f],start_interpolation:0}
execute if entity @s[tag=aj.steel_anchor.bone.left_leg] run data modify entity @s {} merge value {transformation:[0.984807753012208f,0.17101007166283436f,-0.030153689607045803f,-0.125f,-0.17364817766693033f,0.9698463103929542f,-0.17101007166283436f,0.765625f,0f,0.17364817766693033f,0.984807753012208f,-0.125f,0f,0f,0f,1f],start_interpolation:0}
execute if entity @s[tag=aj.steel_anchor.bone.chains] run data modify entity @s {} merge value {transformation:[-0.00017333333333333334f,0f,2.1227211185220788e-20f,-0.5288556250000003f,0f,0.00017333333333333334f,0f,0.948901875f,-2.1227211185220788e-20f,0f,-0.00017333333333333334f,2.078125f,0f,0f,0f,1f],start_interpolation:0}