execute if entity @s[tag=aj.steel_anchor.bone.right_arm2] run data modify entity @s {} merge value {transformation:[0.8862018673714782f,-0.44675127695193656f,0.12271734518444855f,0.4001824002751593f,0.17225229575475032f,0.07182749815022094f,-0.9824306373056053f,1.0036674936576282f,0.430087661848748f,0.8917702097801282f,0.14060759607568454f,1.3135523722439049f,0f,0f,0f,1f],start_interpolation:0}
execute if entity @s[tag=aj.steel_anchor.bone.right_arm] run data modify entity @s {} merge value {transformation:[0.8862018673714782f,-0.35072960110063767f,0.3027127304542916f,0.3124999999999999f,0.17225229575475032f,-0.35711795277664093f,-0.9180391682340349f,0.9143880054634679f,0.430087661848748f,0.865710987984101f,-0.25606461764380595f,1.52998011923993f,0f,0f,0f,1f],start_interpolation:0}
execute if entity @s[tag=aj.steel_anchor.locator_origin.anchor] at @s on origin run tp @s ^-0.21489 ^0.94281 ^23.29222 ~-76.88877 ~88.84289
execute if entity @s[tag=aj.steel_anchor.bone.anchor] run data modify entity @s {} merge value {transformation:[1.8503745741247781f,-0.06934297129864482f,-0.03642502024890083f,-0.2691101444875577f,0.0360813146315167f,-0.009843640055406385f,1.8516540000283617f,0.9537646570961508f,-0.06952243165424377f,-1.850706878308406f,-0.008483891497778178f,22.75115712078138f,0f,0f,0f,1f],start_interpolation:0}
execute if entity @s[tag=aj.steel_anchor.bone.left_arm2] run data modify entity @s {} merge value {transformation:[-0.15175272209682222f,0.035254580702729535f,0.98778956558352f,-0.3087280814546417f,-0.982743998293635f,0.10155033902640331f,-0.15460194844005715f,1.0177807891046855f,-0.10576079213982942f,-0.9942055336715326f,0.019235687220854177f,1.8025270101302422f,0f,0f,0f,1f],start_interpolation:0}
execute if entity @s[tag=aj.steel_anchor.bone.left_arm] run data modify entity @s {} merge value {transformation:[-0.15175272209682222f,0.05078868686697752f,0.9871127699622433f,-0.3150000000000001f,-0.982743998293635f,0.09910580100880478f,-0.15618026131442708f,0.9197142395701823f,-0.10576079213982942f,-0.9937799301116576f,0.034872702121064796f,1.540861928584849f,0f,0f,0f,1f],start_interpolation:0}
execute if entity @s[tag=aj.steel_anchor.bone.head] run data modify entity @s {} merge value {transformation:[1f,0f,0f,-1.381949391733099e-16f,0f,0.8955564987157447f,-0.44494781447715426f,0.9775841958566274f,0f,0.44494781447715426f,0.8955564987157447f,1.659093650753058f,0f,0f,0f,1f],start_interpolation:0}
execute if entity @s[tag=aj.steel_anchor.bone.body_top] run data modify entity @s {} merge value {transformation:[1f,0f,0f,-1.381949391733099e-16f,0f,0.4396256723002398f,-0.8981810887869784f,0.8044815873884079f,0f,0.8981810887869784f,0.4396256723002398f,1.3054348470431854f,0f,0f,0f,1f],start_interpolation:0}
execute if entity @s[tag=aj.steel_anchor.bone.body] run data modify entity @s {} merge value {transformation:[1f,0f,0f,-1.381949391733099e-16f,0f,0.5531007711735039f,-0.8331143600534535f,0.5625f,0f,0.8331143600534535f,0.5531007711735039f,0.9409473145197995f,0f,0f,0f,1f],start_interpolation:0}
execute if entity @s[tag=aj.steel_anchor.locator_origin.player_camera] at @s on origin run tp @s ^0 ^-0.1875 ^1.12845 ~-180 ~0
execute if entity @s[tag=aj.steel_anchor.bone.right_leg2] run data modify entity @s {} merge value {transformation:[0.9919304478973187f,0.055318709796162074f,0.11407816127862906f,0.11902424389374996f,0.09969898946160485f,0.21549990433001665f,-0.9714009999655593f,0.4573039350106576f,-0.0783204828544852f,0.9749357063828576f,0.20824569715890545f,0.6319035181168755f,0f,0f,0f,1f],start_interpolation:0}
execute if entity @s[tag=aj.steel_anchor.bone.right_leg] run data modify entity @s {} merge value {transformation:[0.9919304478973187f,0.016628190904347535f,0.12568806546953246f,0.12499999999999986f,0.09969898946160485f,0.5101107895355614f,-0.8543108883186149f,0.640625f,-0.0783204828544852f,0.8599479552081363f,0.5043366101115261f,0.9409473145197995f,0f,0f,0f,1f],start_interpolation:0}
execute if entity @s[tag=aj.steel_anchor.bone.left_leg2] run data modify entity @s {} merge value {transformation:[0.9928867088588805f,0.11665456110866204f,0.023826387555103405f,-0.14990235704159233f,-0.11623242959710191f,0.9930516212715605f,-0.01839836405444506f,0.49939671524438917f,-0.025807085874528634f,0.015498092220353643f,0.9995467990325385f,1.270469445527356f,0f,0f,0f,1f],start_interpolation:0}
execute if entity @s[tag=aj.steel_anchor.bone.left_leg] run data modify entity @s {} merge value {transformation:[0.984807753012208f,0.06929351524616957f,0.15922342274889917f,-0.12500000000000014f,-0.1736481776669303f,0.3929830532330041f,0.9030009026931368f,0.640625f,1.3877787807814457e-17f,-0.9169311471514613f,0.3990454502729047f,0.9409473145197995f,0f,0f,0f,1f],start_interpolation:0}