execute if entity @s[tag=aj.steel_anchor.bone.right_arm2] run data modify entity @s {} merge value {transformation:[0.9262042114485405f,-0.3654519655203143f,-0.09268559538745162f,0.40508339535801424f,0.34396265740886284f,0.9197252651767394f,-0.18919600128916525f,1.0199219798760049f,0.15438733433549723f,0.1433537494902578f,0.977555243197981f,0.02721772140632442f,0f,0f,0f,1f],start_interpolation:0}
execute if entity @s[tag=aj.steel_anchor.bone.right_arm] run data modify entity @s {} merge value {transformation:[0.9262042114485405f,-0.37033358143205697f,0.0707021722346167f,0.3125f,0.34396265740886284f,0.7532073291021819f,-0.5606856603258109f,1.2082238121515503f,0.15438733433549723f,0.5436283269389698f,0.8250047231054596f,0.16312480314106687f,0f,0f,0f,1f],start_interpolation:0}
execute if entity @s[tag=aj.steel_anchor.locator_origin.anchor] at @s on origin run tp @s ^-1.00718 ^0.97767 ^-1.32934 ~-96.59217 ~46.74972
execute if entity @s[tag=aj.steel_anchor.bone.anchor] run data modify entity @s {} merge value {transformation:[-1.2146907830175282f,0.6045183468664365f,-1.260597145915476f,-0.8178569919810934f,-1.2106357145630497f,0.3803806211947847f,1.3489599860559216f,1.1216744574340525f,0.6992201102748592f,1.708768400239614f,0.14568145409032857f,-0.8402256614671125f,0f,0f,0f,1f],start_interpolation:0}
execute if entity @s[tag=aj.steel_anchor.bone.left_arm2] run data modify entity @s {} merge value {transformation:[0.7290825949219175f,0.5592864592501723f,-0.3945088418290882f,-0.5244560111149935f,-0.6013307246377669f,0.2481682660108003f,-0.7594826340027866f,1.344300724125679f,-0.32686377803075906f,0.7909558573299763f,0.5172512951814239f,0.0077312202910237715f,0f,0f,0f,1f],start_interpolation:0}
execute if entity @s[tag=aj.steel_anchor.bone.left_arm] run data modify entity @s {} merge value {transformation:[0.7290825949219175f,0.42328274699901525f,-0.5378385314152295f,-0.3275f,-0.6013307246377669f,0.020868452776002577f,-0.7987276552651434f,1.2743514967399587f,-0.32686377803075906f,0.9057572653706418f,0.2697477466815158f,0.19331256437983935f,0f,0f,0f,1f],start_interpolation:0}
execute if entity @s[tag=aj.steel_anchor.bone.head] run data modify entity @s {} merge value {transformation:[1f,0f,0f,-1.452693368840649e-17f,0f,0.9998778063171853f,-0.015632416138692984f,1.3389921831299503f,0f,0.015632416138692984f,0.9998778063171853f,0.22282150029975056f,0f,0f,0f,1f],start_interpolation:0}
execute if entity @s[tag=aj.steel_anchor.bone.body_top] run data modify entity @s {} merge value {transformation:[1f,0f,0f,-1.452693368840649e-17f,0f,0.909693015501912f,-0.41528137153866906f,0.9808005582760724f,0f,0.41528137153866906f,0.909693015501912f,0.0593044602563996f,0f,0f,0f,1f],start_interpolation:0}
execute if entity @s[tag=aj.steel_anchor.bone.body] run data modify entity @s {} merge value {transformation:[1f,0f,0f,-1.452693368840649e-17f,0f,0.9561155617738797f,-0.2929898164336407f,0.5625f,0f,0.2929898164336407f,0.9561155617738797f,-0.06887858443331821f,0f,0f,0f,1f],start_interpolation:0}
execute if entity @s[tag=aj.steel_anchor.locator_origin.player_camera] at @s on origin run tp @s ^0 ^-0.1875 ^0.11862 ~-180 ~0
execute if entity @s[tag=aj.steel_anchor.bone.right_leg2] run data modify entity @s {} merge value {transformation:[0.9922788863961653f,-0.11008481203931055f,0.05713095282467919f,0.16686487951072468f,0.09373762131839122f,0.9672805941895066f,0.23575731262033978f,0.4682447531408813f,-0.08121496144157145f,-0.22858168400522483f,0.970131199258832f,0.24366384945581274f,0f,0f,0f,1f],start_interpolation:0}
execute if entity @s[tag=aj.steel_anchor.bone.right_leg] run data modify entity @s {} merge value {transformation:[0.9922788863961653f,-0.11649357776897307f,-0.04256592476348046f,0.12499999999999999f,0.09373762131839122f,0.47966677386885204f,0.8724293922122393f,0.640625f,-0.08121496144157145f,-0.8696832943001904f,0.48688304309475827f,-0.06887858443331821f,0f,0f,0f,1f],start_interpolation:0}
execute if entity @s[tag=aj.steel_anchor.bone.left_leg2] run data modify entity @s {} merge value {transformation:[0.9848924685208538f,0.05439897844785185f,-0.16440065874177368f,-0.17100965495876144f,-0.1715358656682356f,0.4364822258200215f,-0.883209325886366f,0.37969128030549254f,0.023712280370052945f,0.8980668225065604f,0.4392194327128778f,-0.3116688152951961f,0f,0f,0f,1f],start_interpolation:0}
execute if entity @s[tag=aj.steel_anchor.bone.left_leg] run data modify entity @s {} merge value {transformation:[0.984807753012208f,0.12802686597220567f,-0.1173150084020825f,-0.12500000000000003f,-0.17364817766693033f,0.7260764374108033f,-0.6653264743190295f,0.640625f,-6.938893903907228e-18f,0.6755902076156601f,0.7372773368101242f,-0.06887858443331821f,0f,0f,0f,1f],start_interpolation:0}