execute if entity @s[tag=aj.steel_anchor.bone.right_arm2] run data modify entity @s {} merge value {transformation:[0.8886384637220154f,-0.4019091373339259f,0.22088622890817766f,0.3986434389737497f,0.16402085077430562f,-0.17125920859572935f,-0.9714769395011069f,0.9975895879043902f,0.428274259447202f,0.899521722249476f,-0.08626604138527941f,1.7556786850381971f,0f,0f,0f,1f],start_interpolation:0}
execute if entity @s[tag=aj.steel_anchor.bone.right_arm] run data modify entity @s {} merge value {transformation:[0.8886384637220154f,-0.34457375589499945f,0.30263940183358434f,0.31249999999999983f,0.16402085077430562f,-0.37746577526991965f,-0.911381780052219f,0.9032231440869103f,0.428274259447202f,0.8595280770564109f,-0.2789133260471052f,1.9705607043023f,0f,0f,0f,1f],start_interpolation:0}
execute if entity @s[tag=aj.steel_anchor.locator_origin.anchor] at @s on origin run tp @s ^0.24964 ^0.88417 ^39.86705 ~-122.89959 ~88.77755
execute if entity @s[tag=aj.steel_anchor.bone.anchor] run data modify entity @s {} merge value {transformation:[1.85128620428189f,-0.040744561920799366f,-0.03317476217768963f,0.20381556716462368f,0.033636803139813404f,0.02072971895700206f,1.8516101475641702f,0.9041186866760189f,-0.04036396469869559f,-1.8514673785303253f,0.021461382247110607f,39.325460721713974f,0f,0f,0f,1f],start_interpolation:0}
execute if entity @s[tag=aj.steel_anchor.bone.left_arm2] run data modify entity @s {} merge value {transformation:[-0.15175272209682222f,0.05078868686697752f,0.9871127699622433f,-0.30622808145464175f,-0.9805759902471625f,0.1178193962022997f,-0.15680981228648222f,0.9963402938172307f,-0.12426519499441879f,-0.9917353977573117f,0.03192275282843656f,2.23402770311593f,0f,0f,0f,1f],start_interpolation:0}
execute if entity @s[tag=aj.steel_anchor.bone.left_arm] run data modify entity @s {} merge value {transformation:[-0.15175272209682222f,0.05078868686697752f,0.9871127699622433f,-0.31250000000000017f,-0.9805759902471625f,0.1178193962022997f,-0.15680981228648222f,0.9032231440869103f,-0.12426519499441879f,-0.9917353977573117f,0.03192275282843656f,1.9705607043023f,0f,0f,0f,1f],start_interpolation:0}
execute if entity @s[tag=aj.steel_anchor.bone.head] run data modify entity @s {} merge value {transformation:[1f,0f,0f,-1.9135106236677394e-16f,0f,0.8870108331782216f,-0.46174861323503386f,0.9639745192121358f,0f,0.46174861323503386f,0.8870108331782216f,2.100842448688818f,0f,0f,0f,1f],start_interpolation:0}
execute if entity @s[tag=aj.steel_anchor.bone.body_top] run data modify entity @s {} merge value {transformation:[1f,0f,0f,-1.9135106236677394e-16f,0f,0.42261826174069933f,-0.9063077870366498f,0.7975685786517355f,0f,0.9063077870366498f,0.42261826174069933f,1.7439837575431374f,0f,0f,0f,1f],start_interpolation:0}
execute if entity @s[tag=aj.steel_anchor.bone.body] run data modify entity @s {} merge value {transformation:[1f,0f,0f,-1.9135106236677394e-16f,0f,0.5372996083468238f,-0.8433914458128856f,0.5625f,0f,0.8433914458128856f,0.5372996083468238f,1.375f,0f,0f,0f,1f],start_interpolation:0}
execute if entity @s[tag=aj.steel_anchor.locator_origin.player_camera] at @s on origin run tp @s ^0 ^0.25 ^2.25 ~-180 ~0
execute if entity @s[tag=aj.steel_anchor.bone.right_leg2] run data modify entity @s {} merge value {transformation:[0.9919304478973187f,0.023102829638191658f,0.12466052220704674f,0.1265906925676587f,0.09969898946160484f,0.46526916885871095f,-0.879536646200634f,0.40896935795875755f,-0.0783204828544852f,0.8848677074976987f,0.4592113262902029f,1.1002573498114736f,0f,0f,0f,1f],start_interpolation:0}
execute if entity @s[tag=aj.steel_anchor.bone.right_leg] run data modify entity @s {} merge value {transformation:[0.9919304478973187f,-0.004426274970876928f,0.12670593760399348f,0.1249999999999998f,0.09969898946160484f,0.6446070039408485f,-0.757985436516255f,0.640625f,-0.0783204828544852f,0.7645012874811168f,0.63984660927847f,1.375f,0f,0f,0f,1f],start_interpolation:0}
execute if entity @s[tag=aj.steel_anchor.bone.left_leg2] run data modify entity @s {} merge value {transformation:[0.9961802934622608f,0.0869847923146415f,-0.007646490922171026f,-0.16912686705134983f,-0.087237435461124f,0.9876000505561219f,-0.13052114769535272f,0.3903691011349932f,-0.0038016801036358655f,0.13068965547251454f,0.9914160383919886f,1.6291164994889156f,0f,0f,0f,1f],start_interpolation:0}
execute if entity @s[tag=aj.steel_anchor.bone.left_leg] run data modify entity @s {} merge value {transformation:[0.984807753012208f,0.12278780396897285f,0.12278780396897285f,-0.1250000000000002f,-0.17364817766693033f,0.696364240320019f,0.696364240320019f,0.640625f,-6.938893903907228e-18f,-0.7071067811865475f,0.7071067811865475f,1.375f,0f,0f,0f,1f],start_interpolation:0}