execute if entity @s[tag=aj.rakshasa_great_katana.bone.right_arm2] run data modify entity @s {} merge value {transformation:[0.5361651913195272f,0.8403674025315206f,-0.07943246426820672f,-0.06579858552051485f,-0.5999196432358076f,0.4455662078633643f,0.6645052114694683f,0.9843491447523613f,0.5938209404164828f,-0.3086314682152269f,0.743050003398289f,0.7135573946216183f,0f,0f,0f,1f],start_interpolation:0}
execute if entity @s[tag=aj.rakshasa_great_katana.bone.right_arm] run data modify entity @s {} merge value {transformation:[0.641268180899546f,0.7631943420820593f,-0.07943246426820672f,0.12499999999999997f,-0.5366291870290181f,0.5200595538575294f,0.6645052114694683f,1.1143640332167437f,0.5484562296066682f,-0.3835002694333349f,0.743050003398289f,0.6176823272632845f,0f,0f,0f,1f],start_interpolation:0}
execute if entity @s[tag=aj.rakshasa_great_katana.bone.slash] run data modify entity @s {} merge value {transformation:[0.00004166666666666667f,0f,0f,-0.309369375f,0f,0.000005438591342502145f,0.00004131020255724211f,1.8771095667973388f,0f,-0.00004131020255724211f,0.000005438591342502145f,0.22744446535807117f,0f,0f,0f,1f],start_interpolation:0}
execute if entity @s[tag=aj.rakshasa_great_katana.bone.bone0] run data modify entity @s {} merge value {transformation:[2.290973548881547e-16f,1.5668950111204112e-16f,-1f,-0.30936749999999974f,-0.5735764363510459f,0.8191520442889919f,1.9840800496079767e-16f,2.44997932618167f,0.8191520442889919f,0.5735764363510458f,1.9409137369539516e-16f,2.2025250193826373f,0f,0f,0f,1f],start_interpolation:0}
execute if entity @s[tag=aj.rakshasa_great_katana.bone.bone1] run data modify entity @s {} merge value {transformation:[2.3571400501520604e-16f,1.4654728115929296e-16f,-1f,-0.30936749999999963f,-0.5372996083468237f,0.8433914458128857f,1.9840800496079767e-16f,3.1294200740599694f,0.8433914458128857f,0.5372996083468236f,1.9409137369539516e-16f,2.6549461568210786f,0f,0f,0f,1f],start_interpolation:0}
execute if entity @s[tag=aj.rakshasa_great_katana.bone.bone2] run data modify entity @s {} merge value {transformation:[2.418819601366027e-16f,1.3612610012765507e-16f,-1f,-0.3093674999999995f,-0.4999999999999998f,0.8660254037844387f,1.9840800496079767e-16f,3.6679838241688154f,0.8660254037844386f,0.49999999999999967f,1.9409137369539516e-16f,2.987788819374968f,0f,0f,0f,1f],start_interpolation:0}
execute if entity @s[tag=aj.rakshasa_great_katana.bone.bone3] run data modify entity @s {} merge value {transformation:[2.688720594579373e-16f,6.888405779523216e-17f,-1f,-0.3093674999999995f,-0.25881904510252063f,0.9659258262890682f,1.9840800496079767e-16f,3.9234615897508434f,0.9659258262890682f,0.2588190451025205f,1.9409137369539516e-16f,3.1096780895709837f,0f,0f,0f,1f],start_interpolation:0}
execute if entity @s[tag=aj.rakshasa_great_katana.bone.bone7] run data modify entity @s {} merge value {transformation:[2.7303145679368383e-16f,-0.08715574274765821f,-0.9961946980917455f,-0.2938812499999995f,0.13052619222005177f,0.9876721143508954f,-0.08641011328638323f,4.137855890047006f,0.9914448613738102f,-0.1300295006517197f,0.011376107230962416f,3.1660149599657377f,0f,0f,0f,1f],start_interpolation:0}
execute if entity @s[tag=aj.rakshasa_great_katana.bone.bone10] run data modify entity @s {} merge value {transformation:[-0.1305261922200513f,4.518818911250664e-17f,-0.9914448613738104f,-0.2874081249999995f,-0.1721625934348043f,0.984807753012208f,0.02266563541681559f,4.06551495493982f,0.9763825861650421f,0.17364817766693003f,-0.12854320606946834f,3.165745240773061f,0f,0f,0f,1f],start_interpolation:0}
execute if entity @s[tag=aj.rakshasa_great_katana.bone.bone4] run data modify entity @s {} merge value {transformation:[0.13052619222005185f,4.518818911250664e-17f,-0.9914448613738104f,-0.2815487499999995f,-0.17216259343480436f,0.984807753012208f,-0.022665635416815193f,4.065175798342814f,0.9763825861650421f,0.17364817766693003f,0.12854320606946873f,3.167668693415663f,0f,0f,0f,1f],start_interpolation:0}
execute if entity @s[tag=aj.rakshasa_great_katana.bone.bone11] run data modify entity @s {} merge value {transformation:[0.21643961393810318f,0.04258543371779516f,-0.975366789650638f,-0.2938812499999995f,0.12743220028900545f,0.989268932553502f,0.07147036738367496f,4.137855890047006f,0.9679436594388267f,-0.13976215481854146f,0.20869023032391903f,3.1660149599657377f,0f,0f,0f,1f],start_interpolation:0}
execute if entity @s[tag=aj.rakshasa_great_katana.bone.bone5] run data modify entity @s {} merge value {transformation:[2.7385256131762173e-16f,4.518818911250664e-17f,-1f,-0.3025781249999995f,-0.17364817766693014f,0.984807753012208f,1.9840800496079767e-16f,4.030185815714265f,0.9848077530122079f,0.17364817766693003f,1.9409137369539516e-16f,3.1748975695675616f,0f,0f,0f,1f],start_interpolation:0}
execute if entity @s[tag=aj.rakshasa_great_katana.bone.bone8] run data modify entity @s {} merge value {transformation:[2.688720594579373e-16f,0.3826834323650898f,-0.9238795325112867f,-0.3338837499999995f,-0.25881904510252063f,0.8923991008325226f,0.3696438106143863f,4.044178387407944f,0.9659258262890682f,0.23911761839433412f,0.09904576054128766f,3.1642379282315276f,0f,0f,0f,1f],start_interpolation:0}
execute if entity @s[tag=aj.rakshasa_great_katana.bone.bone9] run data modify entity @s {} merge value {transformation:[0.9999999999999999f,1.6042506896710742e-16f,1.3669400090174732e-17f,-0.2966362499999995f,-3.3358019595863645e-16f,0.8433914458128857f,-0.5372996083468236f,4.053220340868991f,-1.7931544684473876e-17f,0.5372996083468236f,0.8433914458128857f,3.1810235038806933f,0f,0f,0f,1f],start_interpolation:0}
execute if entity @s[tag=aj.rakshasa_great_katana.bone.bone6] run data modify entity @s {} merge value {transformation:[2.6887205945793723e-16f,0.3007057995042732f,-0.9537169507482269f,-0.2909149999999995f,-0.25881904510252063f,0.9212198336973716f,0.29045949785608005f,4.044178387407944f,0.9659258262890682f,0.24684011049074361f,0.07782838788448614f,3.1642379282315276f,0f,0f,0f,1f],start_interpolation:0}
execute if entity @s[tag=aj.rakshasa_great_katana.locator_origin.rakshasa0] at @s on origin run tp @s ^-0.30937 ^0.66698 ^0.84866 ~-90 ~0
execute if entity @s[tag=aj.rakshasa_great_katana.locator_origin.rakshasa1] at @s on origin run tp @s ^-0.30937 ^1.26199 ^1.30523 ~-90 ~0
execute if entity @s[tag=aj.rakshasa_great_katana.locator_origin.rakshasa2] at @s on origin run tp @s ^-0.30937 ^1.85701 ^1.7618 ~-90 ~0
execute if entity @s[tag=aj.rakshasa_great_katana.locator_origin.rakshasa3] at @s on origin run tp @s ^-0.30937 ^2.45202 ^2.21837 ~-90 ~0
execute if entity @s[tag=aj.rakshasa_great_katana.locator_origin.rakshasa4] at @s on origin run tp @s ^-0.30937 ^3.08509 ^2.62536 ~-90 ~0
execute if entity @s[tag=aj.rakshasa_great_katana.locator_origin.rakshasa5] at @s on origin run tp @s ^-0.30937 ^3.71815 ^3.03234 ~-90 ~0
execute if entity @s[tag=aj.rakshasa_great_katana.bone.rakshasa_great_katana] run data modify entity @s {} merge value {transformation:[3.376928366568185e-16f,2.5326962749261384e-16f,-1.5208333333333335f,-0.309369375f,-0.9258246732840958f,1.2065582050262538f,3.0174550754454648e-16f,1.1187724492049025f,1.2065582050262538f,0.9258246732840956f,2.951806308284135e-16f,1.1992757604302127f,0f,0f,0f,1f],start_interpolation:0}
execute if entity @s[tag=aj.rakshasa_great_katana.bone.left_arm2] run data modify entity @s {} merge value {transformation:[1f,0f,0f,-0.375f,0f,0.13052619222005146f,0.9914448613738105f,0.864828695375873f,0f,-0.9914448613738105f,0.13052619222005146f,0.7340241572435242f,0f,0f,0f,1f],start_interpolation:0}
execute if entity @s[tag=aj.rakshasa_great_katana.bone.left_arm] run data modify entity @s {} merge value {transformation:[1f,0f,0f,-0.25f,0f,0.7933533402912352f,0.6087614290087207f,1.0631670304486818f,0f,-0.6087614290087207f,0.7933533402912352f,0.5818337999913441f,0f,0f,0f,1f],start_interpolation:0}
execute if entity @s[tag=aj.rakshasa_great_katana.bone.head] run data modify entity @s {} merge value {transformation:[1f,0f,0f,-2.7755575615628914e-17f,0f,0.9961946980917455f,-0.0871557427476582f,1.1809201368152245f,0f,0.0871557427476582f,0.9961946980917455f,0.6642854127168071f,0f,0f,0f,1f],start_interpolation:0}
execute if entity @s[tag=aj.rakshasa_great_katana.bone.body_top] run data modify entity @s {} merge value {transformation:[1f,0f,0f,-2.7755575615628914e-17f,0f,0.8191520442889918f,-0.573576436351046f,0.8583790193764339f,0f,0.573576436351046f,0.8191520442889918f,0.43843969090358265f,0f,0f,0f,1f],start_interpolation:0}
execute if entity @s[tag=aj.rakshasa_great_katana.locator_origin.player_camera] at @s on origin run tp @s ^0 ^0.00338 ^-0.08394 ~-180 ~-35
execute if entity @s[tag=aj.rakshasa_great_katana.bone.body] run data modify entity @s {} merge value {transformation:[1f,0f,0f,-2.7755575615628914e-17f,0f,0.8191520442889918f,-0.573576436351046f,0.5f,0f,0.573576436351046f,0.8191520442889918f,0.1875f,0f,0f,0f,1f],start_interpolation:0}
execute if entity @s[tag=aj.rakshasa_great_katana.bone.right_leg2] run data modify entity @s {} merge value {transformation:[0.9961946980917455f,-0.08641011328638343f,-0.0113761072309622f,0.13823707805495156f,0.0871557427476582f,0.9876721143508956f,0.13002950065171964f,0.42682450549616896f,-6.938893903907228e-18f,-0.1305261922200518f,0.9914448613738105f,0.5757043609662962f,0f,0f,0f,1f],start_interpolation:0}
execute if entity @s[tag=aj.rakshasa_great_katana.bone.right_leg] run data modify entity @s {} merge value {transformation:[0.9961946980917455f,-0.03683360850073487f,-0.07898992833716564f,0.12499999999999997f,0.0871557427476582f,0.4210100716628342f,0.9028590122851737f,0.578125f,-6.938893903907228e-18f,-0.9063077870366502f,0.4226182617406993f,0.25f,0f,0f,0f,1f],start_interpolation:0}
execute if entity @s[tag=aj.rakshasa_great_katana.bone.left_leg2] run data modify entity @s {} merge value {transformation:[0.9961946983606114f,0.022557617352321573f,-0.08418596591829809f,-0.1369862729641407f,-0.08418599352884862f,0.49904868278707254f,-0.8624750029433017f,0.3598568579170795f,0.022557514308346627f,0.8662803045826876f,0.4990486874447768f,-0.03524680197523539f,0f,0f,0f,1f],start_interpolation:0}
execute if entity @s[tag=aj.rakshasa_great_katana.bone.left_leg] run data modify entity @s {} merge value {transformation:[0.9961946983606114f,0.03335310737847841f,-0.08052138341093187f,-0.12500000000000003f,-0.08418599352884862f,0.6073548301437788f,-0.7899574854348695f,0.578125f,0.022557514308346627f,0.7937302315832636f,0.6078515262948736f,0.25f,0f,0f,0f,1f],start_interpolation:0}