execute if entity @s[tag=aj.rakshasa_great_katana.bone.right_arm2] run data modify entity @s {} merge value {transformation:[0.45396294131747494f,0.8672444412313269f,-0.20446204308807536f,-0.0004803295510501515f,-0.616916721622553f,0.4714954495825212f,0.6301633118529338f,0.7600020870125823f,0.6429085522007529f,-0.15993473724097437f,0.7490590586400997f,2.343597745505609f,0f,0f,0f,1f],start_interpolation:0}
execute if entity @s[tag=aj.rakshasa_great_katana.bone.right_arm] run data modify entity @s {} merge value {transformation:[0.6050337840523259f,0.7694994432041997f,-0.20446204308807536f,0.19189453124999978f,-0.5201917400522644f,0.57645013138687f,0.6301633118529338f,0.9041146198592998f,0.6027724892002959f,-0.2749106271726994f,0.7490590586400997f,2.2748700887124342f,0f,0f,0f,1f],start_interpolation:0}
execute if entity @s[tag=aj.rakshasa_great_katana.bone.slash] run data modify entity @s {} merge value {transformation:[0.00004166666666666667f,0f,0f,-0.24247484375000022f,0f,0.00001990407940951917f,0.000036605173595690915f,1.8195971075651949f,0f,-0.000036605173595690915f,0.00001990407940951917f,2.2985610207495872f,0f,0f,0f,1f],start_interpolation:0}
execute if entity @s[tag=aj.rakshasa_great_katana.bone.bone0] run data modify entity @s {} merge value {transformation:[2.113805170303431e-8f,-6.538266910326712e-9f,-0.9999999999999999f,-0.2424729784105014f,-0.998301544933893f,0.05825826450043546f,-2.1483057964366743e-8f,0.5661428185304277f,0.05825826450043564f,0.9983015449338932f,-5.295695798984485e-9f,4.700163256491589f,0f,0f,0f,1f],start_interpolation:0}
execute if entity @s[tag=aj.rakshasa_great_katana.bone.bone1] run data modify entity @s {} merge value {transformation:[2.0832737764562287e-8f,-7.454072794372563e-9f,-0.9999999999999999f,-0.24247298415007926f,-0.9948101932621501f,0.10174811733749038f,-2.1483057964366743e-8f,0.6327623014844675f,0.10174811733749058f,0.9948101932621505f,-5.295695798984485e-9f,5.513727304351038f,0f,0f,0f,1f],start_interpolation:0}
execute if entity @s[tag=aj.rakshasa_great_katana.bone.bone2] run data modify entity @s {} merge value {transformation:[2.0487767525700007e-8f,-8.355689427192523e-9f,-0.9999999999999999f,-0.24247298904920175f,-0.9894251638462176f,0.14504428685020843f,-2.1483057964366743e-8f,0.7057831153090572f,0.14504428685020862f,0.9894251638462179f,-5.295695798984485e-9f,6.142617685654219f,0f,0f,0f,1f],start_interpolation:0}
execute if entity @s[tag=aj.rakshasa_great_katana.bone.bone3] run data modify entity @s {} merge value {transformation:[1.7627052217360923e-8f,-1.337360064145988e-8f,-0.9999999999999999f,-0.24247299186154653f,-0.9181710951192075f,0.3961840987313794f,-2.1483057964366743e-8f,0.768659000897149f,0.39618409873137966f,0.9181710951192077f,-5.295695798984485e-9f,6.4186113557033995f,0f,0f,0f,1f],start_interpolation:0}
execute if entity @s[tag=aj.rakshasa_great_katana.bone.bone7] run data modify entity @s {} merge value {transformation:[1.1167417363838894e-8f,-0.08715576177614916f,-0.9961946964269682f,-0.226986744844971f,-0.6966663913731157f,0.7146653387316436f,-0.06252513691905304f,0.8574655109250523f,0.7173952461029842f,0.6940153649630565f,-0.060718482062998694f,6.621717640279788f,0f,0f,0f,1f],start_interpolation:0}
execute if entity @s[tag=aj.rakshasa_great_katana.bone.bone10] run data modify entity @s {} merge value {transformation:[-0.13052617596591795f,-1.4859008881874546e-8f,-0.9914448635137075f,-0.22051361858410132f,-0.8726176768027244f,0.47470038238900203f,0.11488227492155523f,0.8128022010046847f,0.4706392541205322f,0.8801474575091015f,-0.061960838609029296f,6.564810062829516f,0f,0f,0f,1f],start_interpolation:0}
execute if entity @s[tag=aj.rakshasa_great_katana.bone.bone4] run data modify entity @s {} merge value {transformation:[0.13052620847418514f,-1.4859008881874546e-8f,-0.991444859233913f,-0.21465424355208101f,-0.8726176711945209f,0.47470038238900203f,-0.11488231752009007f,0.8110831631276145f,0.47063925550298624f,0.8801474575091015f,0.061960828108248524f,6.565737212044899f,0f,0f,0f,1f],start_interpolation:0}
execute if entity @s[tag=aj.rakshasa_great_katana.bone.bone11] run data modify entity @s {} merge value {transformation:[0.21643962484080786f,0.04258541452936735f,-0.9753667880690488f,-0.226986744844971f,-0.6801526115424409f,0.7232896475815214f,-0.11935036955701814f,0.8574655109250523f,0.7003901154433639f,0.6892304173284586f,0.18551312087955116f,6.621717640279788f,0f,0f,0f,1f],start_interpolation:0}
execute if entity @s[tag=aj.rakshasa_great_katana.bone.bone5] run data modify entity @s {} merge value {transformation:[1.6394389864804303e-8f,-1.4859008881874546e-8f,-0.9999999999999999f,-0.2356836178423915f,-0.8801474575091014f,0.47470038238900203f,-2.1483057964366743e-8f,0.7837080808399968f,0.47470038238900236f,0.8801474575091015f,-5.295695798984485e-9f,6.54277723742905f,0f,0f,0f,1f],start_interpolation:0}
execute if entity @s[tag=aj.rakshasa_great_katana.bone.bone8] run data modify entity @s {} merge value {transformation:[1.7627052217360923e-8f,0.38268342000949374f,-0.923879537629142f,-0.2669892432315823f,-0.9181710951192075f,0.36602638814556265f,0.1516130709032363f,0.8007488552132171f,0.39618409873137966f,0.8482794841506849f,0.3513688612860467f,6.54713980552696f,0f,0f,0f,1f],start_interpolation:0}
execute if entity @s[tag=aj.rakshasa_great_katana.bone.bone9] run data modify entity @s {} merge value {transformation:[0.9999999999999998f,-7.454072780494775e-9f,2.083273754251768e-8f,-0.22974174316193904f,2.1483057742345988e-8f,0.10174811733749037f,-0.99481019326215f,0.7931921169346969f,5.295695802239106e-9f,0.9948101932621505f,0.10174811733749056f,6.564644324191221f,0f,0f,0f,1f],start_interpolation:0}
execute if entity @s[tag=aj.rakshasa_great_katana.bone.bone6] run data modify entity @s {} merge value {transformation:[1.7627052217360923e-8f,0.30070578674964343f,-0.953716954769746f,-0.2240204932315823f,-0.9181710951192075f,0.3778474970371057f,0.11913483567114277f,0.8007488561363172f,0.3961840987313796f,0.8756753386946975f,0.2760993681889405f,6.54713980575451f,0f,0f,0f,1f],start_interpolation:0}
execute if entity @s[tag=aj.rakshasa_great_katana.locator_origin.rakshasa0] at @s on origin run tp @s ^-0.24248 ^0.522 ^2.46184 ~-90 ~0
execute if entity @s[tag=aj.rakshasa_great_katana.locator_origin.rakshasa1] at @s on origin run tp @s ^-0.24248 ^0.533 ^3.21176 ~-90 ~0
execute if entity @s[tag=aj.rakshasa_great_katana.locator_origin.rakshasa2] at @s on origin run tp @s ^-0.24248 ^0.54399 ^3.96168 ~-90 ~0
execute if entity @s[tag=aj.rakshasa_great_katana.locator_origin.rakshasa3] at @s on origin run tp @s ^-0.24248 ^0.55498 ^4.7116 ~-90 ~0
execute if entity @s[tag=aj.rakshasa_great_katana.locator_origin.rakshasa4] at @s on origin run tp @s ^-0.24248 ^0.62847 ^5.4606 ~-90 ~0
execute if entity @s[tag=aj.rakshasa_great_katana.locator_origin.rakshasa5] at @s on origin run tp @s ^-0.24248 ^0.70196 ^6.2096 ~-90 ~0
execute if entity @s[tag=aj.rakshasa_great_katana.bone.rakshasa_great_katana] run data modify entity @s {} merge value {transformation:[3.255059074132779e-8f,-8.531897909234514e-9f,-1.5208333333333333f,-0.24247484375000022f,-1.5206699545808866f,0.02229163548828351f,-3.267215065414109e-8f,0.5272561439663002f,0.022291635488283765f,1.5206699545808873f,-8.053870694288906e-9f,3.0336973398163596f,0f,0f,0f,1f],start_interpolation:0}
execute if entity @s[tag=aj.rakshasa_great_katana.bone.left_arm2] run data modify entity @s {} merge value {transformation:[1f,0f,0f,-0.3081054687500002f,0f,0.47769790582846006f,0.8785241662965818f,0.692942190807428f,0f,-0.8785241662965818f,0.47769790582846006f,2.408033599152182f,0f,0f,0f,1f],start_interpolation:0}
execute if entity @s[tag=aj.rakshasa_great_katana.bone.left_arm] run data modify entity @s {} merge value {transformation:[1f,0f,0f,-0.18310546875000022f,0f,0.8550886628228798f,0.5184818017170708f,0.906714356513148f,0f,-0.5184818017170708f,0.8550886628228798f,2.2784131487229144f,0f,0f,0f,1f],start_interpolation:0}
execute if entity @s[tag=aj.rakshasa_great_katana.bone.head] run data modify entity @s {} merge value {transformation:[1f,0f,0f,-2.220446049250313e-16f,0f,0.9154487160882678f,-0.4024346508594185f,0.9917546310568063f,0f,0.4024346508594185f,0.9154487160882678f,2.394310578399069f,0f,0f,0f,1f],start_interpolation:0}
execute if entity @s[tag=aj.rakshasa_great_katana.bone.body_top] run data modify entity @s {} merge value {transformation:[1f,0f,0f,-2.220446049250313e-16f,0f,0.5915845185645789f,-0.8062429890515114f,0.7588182268720033f,0f,0.8062429890515114f,0.5915845185645789f,2.0768524014600365f,0f,0f,0f,1f],start_interpolation:0}
execute if entity @s[tag=aj.rakshasa_great_katana.locator_origin.player_camera] at @s on origin run tp @s ^0 ^0.11684 ^1.30758 ~-180 ~-53.73047
execute if entity @s[tag=aj.rakshasa_great_katana.bone.body] run data modify entity @s {} merge value {transformation:[1f,0f,0f,-2.220446049250313e-16f,0f,0.5915845185645789f,-0.8062429890515114f,0.5f,0f,0.8062429890515114f,0.5915845185645789f,1.72412109375f,0f,0f,0f,1f],start_interpolation:0}
execute if entity @s[tag=aj.rakshasa_great_katana.bone.right_leg2] run data modify entity @s {} merge value {transformation:[0.9855267665667571f,-0.1689514107602572f,-0.01387130789044319f,0.17662260850528338f,0.14103247152230788f,0.8625632727584165f,-0.48589550570528917f,0.22256157749267186f,0.09405761190239754f,0.4769067217920168f,0.8739068281875417f,1.7788654834590263f,0f,0f,0f,1f],start_interpolation:0}
execute if entity @s[tag=aj.rakshasa_great_katana.bone.right_leg] run data modify entity @s {} merge value {transformation:[0.9855267665667571f,-0.14364551931905004f,-0.09001642716767337f,0.12499999999999978f,0.14103247152230788f,0.9893938713247392f,-0.03477943877285423f,0.578125f,0.09405761190239754f,0.02158082863575274f,0.9953328254803074f,1.78662109375f,0f,0f,0f,1f],start_interpolation:0}
execute if entity @s[tag=aj.rakshasa_great_katana.bone.left_leg2] run data modify entity @s {} merge value {transformation:[0.9874106354204839f,0.066017931505712f,-0.14374237293930892f,-0.1782828418093489f,-0.13062621018783846f,0.8527992644153595f,-0.5056384160885964f,0.23283137811678073f,0.08920218758796723f,0.5180492711435168f,0.8506867357595227f,1.8707854809959625f,0f,0f,0f,1f],start_interpolation:0}
execute if entity @s[tag=aj.rakshasa_great_katana.bone.left_leg] run data modify entity @s {} merge value {transformation:[0.9874106354204839f,0.14826529894775278f,-0.05511477285129408f,-0.12500000000000022f,-0.13062621018783846f,0.9608170348054796f,0.24447375899995577f,0.578125f,0.08920218758796723f,-0.23419655581485244f,0.9680882929640157f,1.78662109375f,0f,0f,0f,1f],start_interpolation:0}