execute if entity @s[tag=aj.rakshasa_great_katana.locator_origin.rakshasa0] at @s on origin run tp @s ^-0.24687 ^0.64783 ^4.55279 ~-90 ~0
execute if entity @s[tag=aj.rakshasa_great_katana.locator_origin.rakshasa1] at @s on origin run tp @s ^-0.24687 ^0.7132 ^5.29994 ~-90 ~0
execute if entity @s[tag=aj.rakshasa_great_katana.locator_origin.rakshasa2] at @s on origin run tp @s ^-0.24687 ^0.77857 ^6.04708 ~-90 ~0
execute if entity @s[tag=aj.rakshasa_great_katana.locator_origin.rakshasa3] at @s on origin run tp @s ^-0.24687 ^0.84393 ^6.79423 ~-90 ~0
execute if entity @s[tag=aj.rakshasa_great_katana.locator_origin.rakshasa4] at @s on origin run tp @s ^-0.24687 ^0.97156 ^7.53593 ~-90 ~0
execute if entity @s[tag=aj.rakshasa_great_katana.locator_origin.rakshasa5] at @s on origin run tp @s ^-0.24687 ^1.09919 ^8.27762 ~-90 ~0
execute if entity @s[tag=aj.rakshasa_great_katana.locator_origin.player_camera] at @s on origin run tp @s ^0 ^0.10799 ^3.34179 ~-180 ~-52.5
execute if entity @s[tag=aj.rakshasa_great_katana.bone.right_leg2] run data modify entity @s {} merge value {transformation:[0.9734930278998127f,-0.1944488819143367f,0.12041991925225132f,0.1999308728270272f,0.1723253667431099f,0.277398051099043f,-0.9451742110443478f,0.4349518460844106f,0.1503838176377601f,0.9408719113506988f,0.30355354358659015f,3.491505914508939f,0f,0f,0f,1f],start_interpolation:0}
execute if entity @s[tag=aj.rakshasa_great_katana.bone.right_leg] run data modify entity @s {} merge value {transformation:[0.9734930278998127f,-0.20850329830129444f,0.09400903801196894f,0.12499999999999953f,0.1723253667431099f,0.39839486306946603f,-0.9008804033037427f,0.578125f,0.1503838176377601f,0.8932009335403446f,0.4237650288961444f,3.8125f,0f,0f,0f,1f],start_interpolation:0}
execute if entity @s[tag=aj.rakshasa_great_katana.bone.left_leg2] run data modify entity @s {} merge value {transformation:[0.9789575110259705f,0.1402985826506784f,-0.14818400491297143f,-0.19349475912555358f,-0.1579649696154581f,0.9807204096547989f,-0.11504149886415083f,0.40505361576272325f,0.12918691876588817f,0.13602862122632048f,0.9822458725935383f,4.119916906749654f,0f,0f,0f,1f],start_interpolation:0}
execute if entity @s[tag=aj.rakshasa_great_katana.bone.left_leg] run data modify entity @s {} merge value {transformation:[0.9789575110259705f,0.19059411234936516f,0.07291142532960364f,-0.12500000000000047f,-0.1579649696154581f,0.4815899387472049f,0.8620430379463955f,0.578125f,0.12918691876588817f,-0.8554209579120802f,0.5015632809372659f,3.8125f,0f,0f,0f,1f],start_interpolation:0}