execute if entity @s[tag=aj.rakshasa_great_katana.bone.right_arm2] run data modify entity @s {} merge value {transformation:[0.47686919500476793f,0.8747894278254126f,0.08566929333426293f,0.022455583672369384f,-0.5813037453564759f,0.24076580255011223f,0.7772501424618292f,0.8085708071188279f,0.6593039712378794f,-0.42044653083036315f,0.6233321652399096f,3.94001766575976f,0f,0f,0f,1f],start_interpolation:0}
execute if entity @s[tag=aj.rakshasa_great_katana.bone.right_arm] run data modify entity @s {} merge value {transformation:[0.7409827481891933f,0.6660370403105209f,0.08566929333426293f,0.1889648437499996f,-0.4679360254279896f,0.4206163241598238f,0.7772501424618292f,0.9137248881587838f,0.4816434812105803f,-0.6160166952158678f,0.6233321652399096f,3.786013491955793f,0f,0f,0f,1f],start_interpolation:0}
execute if entity @s[tag=aj.rakshasa_great_katana.bone.slash] run data modify entity @s {} merge value {transformation:[0.00004166666666666667f,0f,0f,-0.2454045312500004f,0f,0.000013272200493874491f,0.00003949632647679414f,1.8534916159382542f,0f,-0.00003949632647679414f,0.000013272200493874491f,3.6830719703507837f,0f,0f,0f,1f],start_interpolation:0}
execute if entity @s[tag=aj.rakshasa_great_katana.bone.bone0] run data modify entity @s {} merge value {transformation:[5.09016312892038e-8f,-1.275019468916255e-8f,-0.9999999999999988f,-0.2454026745247895f,-0.9924377490188625f,0.12274898908900073f,-5.208177419994367e-8f,0.7924574191839278f,0.12274898908900134f,0.9924377490188638f,-6.405650744110148e-9f,6.261020679614889f,0f,0f,0f,1f],start_interpolation:0}
execute if entity @s[tag=aj.rakshasa_great_katana.bone.bone1] run data modify entity @s {} merge value {transformation:[5.029702853396448e-8f,-1.495835730176158e-8f,-0.9999999999999988f,-0.2454026859024614f,-0.9861389324842201f,0.16592168586077288f,-5.208177419994367e-8f,0.9115933666835536f,0.16592168586077358f,0.9861389324842216f,-6.405650744110148e-9f,7.0685671126401886f,0f,0f,0f,1f],start_interpolation:0}
execute if entity @s[tag=aj.rakshasa_great_katana.bone.bone2] run data modify entity @s {} merge value {transformation:[4.959668252621452e-8f,-1.7138045831059258e-8f,-0.9999999999999988f,-0.2454026958071858f,-0.9779629444431212f,0.20877854127313694f,-5.208177419994367e-8f,1.0251646256341036f,0.20877854127313766f,0.9779629444431225f,-6.405650744110148e-9f,7.6914127757764525f,0f,0f,0f,1f],start_interpolation:0}
execute if entity @s[tag=aj.rakshasa_great_katana.bone.bone3] run data modify entity @s {} merge value {transformation:[4.3471063893412365e-8f,-2.9390647092033556e-8f,-0.9999999999999988f,-0.24540270174349288f,-0.8906038025011015f,0.4547800204170993f,-5.208177419994367e-8f,1.1057717625364267f,0.45478002041710036f,0.8906038025011026f,-6.405650744110148e-9f,7.962758261045902f,0f,0f,0f,1f],start_interpolation:0}
execute if entity @s[tag=aj.rakshasa_great_katana.bone.bone7] run data modify entity @s {} merge value {transformation:[2.891471247726893e-8f,-0.08715578637010064f,-0.9961946942752751f,-0.2299164583051239f,-0.6487738455232109f,0.7580855046486561f,-0.06632393992080468f,1.207537679114126f,0.7609812726769467f,0.646305064612527f,-0.056544372763105234f,8.159690882497218f,0f,0f,0f,1f],start_interpolation:0}
execute if entity @s[tag=aj.rakshasa_great_katana.bone.bone10] run data modify entity @s {} merge value {transformation:[-0.13052615182454297f,-3.306755966823066e-8f,-0.9914448666919787f,-0.22344333044677953f,-0.8403269543786207f,0.5306706810384423f,0.11063108980276927f,1.1592847977793035f,0.5261307189612f,0.8475780956856989f,-0.06926642966961907f,8.105793358931589f,0f,0f,0f,1f],start_interpolation:0}
execute if entity @s[tag=aj.rakshasa_great_katana.bone.bone4] run data modify entity @s {} merge value {transformation:[0.13052623261555985f,-3.306755966823066e-8f,-0.9914448560556396f,-0.21758395536720124f,-0.8403269407825493f,0.5306706810384423f,-0.11063119307518408f,1.157629372116334f,0.5261307206334104f,0.8475780956856989f,0.06926641696792005f,8.106829825143024f,0f,0f,0f,1f],start_interpolation:0}
execute if entity @s[tag=aj.rakshasa_great_katana.bone.bone11] run data modify entity @s {} merge value {transformation:[0.21643964216742095f,0.042585389697416674f,-0.9753667853083567f,-0.2299164583051239f,-0.633395303635596f,0.7663820394484553f,-0.10709322547761081f,1.207537679114126f,0.7429429793939848f,0.6409719605373908f,0.1928488402195974f,8.159690882497218f,0f,0f,0f,1f],start_interpolation:0}
execute if entity @s[tag=aj.rakshasa_great_katana.bone.bone5] run data modify entity @s {} merge value {transformation:[4.074407969388443e-8f,-3.306755966823066e-8f,-0.9999999999999988f,-0.23861332873163676f,-0.847578095685698f,0.5306706810384423f,-5.208177419994367e-8f,1.1288256530921594f,0.5306706810384435f,0.8475780956856989f,-6.405650744110148e-9f,8.085689783186305f,0f,0f,0f,1f],start_interpolation:0}
execute if entity @s[tag=aj.rakshasa_great_katana.bone.bone8] run data modify entity @s {} merge value {transformation:[4.3471063893412365e-8f,0.382683405211672f,-0.9238795437585994f,-0.2699189546528169f,-0.8906038025011015f,0.42016197258925525f,0.17403673106699596f,1.1461130544466758f,0.45478002041710036f,0.8228106271588295f,0.34081931410047284f,8.088940277417535f,0f,0f,0f,1f],start_interpolation:0}
execute if entity @s[tag=aj.rakshasa_great_katana.bone.bone9] run data modify entity @s {} merge value {transformation:[0.9999999999999987f,-1.4958357287883793e-8f,5.029702831191987e-8f,-0.23267145443410506f,5.208177397859908e-8f,0.16592168586077288f,-0.98613893248422f,1.1397051031927314f,6.405650761727751e-9f,0.9861389324842216f,0.16592168586077355f,8.106897187416187f,0f,0f,0f,1f],start_interpolation:0}
execute if entity @s[tag=aj.rakshasa_great_katana.bone.bone6] run data modify entity @s {} merge value {transformation:[4.3471063893412365e-8f,0.3007057714739144f,-0.9537169595861639f,-0.22695020465281693f,-0.8906038025011015f,0.43373142999470377f,0.13675493996682261f,1.1461130566845648f,0.4547800204171003f,0.849383944772344f,0.26780972236346207f,8.088940277692776f,0f,0f,0f,1f],start_interpolation:0}
execute if entity @s[tag=aj.rakshasa_great_katana.locator_origin.rakshasa0] at @s on origin run tp @s ^-0.24541 ^0.60354 ^4.03025 ~-90 ~0
execute if entity @s[tag=aj.rakshasa_great_katana.locator_origin.rakshasa1] at @s on origin run tp @s ^-0.24541 ^0.66305 ^4.77788 ~-90 ~0
execute if entity @s[tag=aj.rakshasa_great_katana.locator_origin.rakshasa2] at @s on origin run tp @s ^-0.24541 ^0.72255 ^5.52552 ~-90 ~0
execute if entity @s[tag=aj.rakshasa_great_katana.locator_origin.rakshasa3] at @s on origin run tp @s ^-0.24541 ^0.78206 ^6.27315 ~-90 ~0
execute if entity @s[tag=aj.rakshasa_great_katana.locator_origin.rakshasa4] at @s on origin run tp @s ^-0.24541 ^0.90387 ^7.01583 ~-90 ~0
execute if entity @s[tag=aj.rakshasa_great_katana.locator_origin.rakshasa5] at @s on origin run tp @s ^-0.24541 ^1.02568 ^7.75851 ~-90 ~0
execute if entity @s[tag=aj.rakshasa_great_katana.bone.rakshasa_great_katana] run data modify entity @s {} merge value {transformation:[7.818503775884149e-8f,-1.5995762062704737e-8f,-1.5208333333333317f,-0.2454045312500004f,-1.5160387600854053f,0.12066692047318302f,-7.920769826241435e-8f,0.645793931204901f,0.12066692047318386f,1.5160387600854073f,-9.741927173334184e-9f,4.600565728045072f,0f,0f,0f,1f],start_interpolation:0}
execute if entity @s[tag=aj.rakshasa_great_katana.bone.left_arm2] run data modify entity @s {} merge value {transformation:[1f,0f,0f,-0.3110351562500004f,0f,0.3185328118529877f,0.9479118354430593f,0.7627562025809411f,0f,-0.9479118354430593f,0.3185328118529877f,3.9857794280138132f,0f,0f,0f,1f],start_interpolation:0}
execute if entity @s[tag=aj.rakshasa_great_katana.bone.left_arm] run data modify entity @s {} merge value {transformation:[1f,0f,0f,-0.1860351562500004f,0f,0.6074083356621933f,0.7943897744609284f,0.9146082864964895f,0f,-0.7943897744609284f,0.6074083356621933f,3.7871819843985812f,0f,0f,0f,1f],start_interpolation:0}
execute if entity @s[tag=aj.rakshasa_great_katana.bone.head] run data modify entity @s {} merge value {transformation:[1f,0f,0f,-4.0245584642661925e-16f,0f,0.9211164149815085f,-0.3892872333529747f,1.0012991100366646f,0f,0.3892872333529747f,0.9211164149815085f,3.901850042784194f,0f,0f,0f,1f],start_interpolation:0}
execute if entity @s[tag=aj.rakshasa_great_katana.bone.body_top] run data modify entity @s {} merge value {transformation:[1f,0f,0f,-4.0245584642661925e-16f,0f,0.6030665985403483f,-0.7976908409433912f,0.7638416368614024f,0f,0.7976908409433912f,0.6030665985403483f,3.5877592741627335f,0f,0f,0f,1f],start_interpolation:0}
execute if entity @s[tag=aj.rakshasa_great_katana.locator_origin.player_camera] at @s on origin run tp @s ^0 ^0.11092 ^2.82776 ~-180 ~-52.91016
execute if entity @s[tag=aj.rakshasa_great_katana.bone.body] run data modify entity @s {} merge value {transformation:[1f,0f,0f,-4.0245584642661925e-16f,0f,0.6030665985403483f,-0.7976908409433912f,0.5f,0f,0.7976908409433912f,0.6030665985403483f,3.23876953125f,0f,0f,0f,1f],start_interpolation:0}
execute if entity @s[tag=aj.rakshasa_great_katana.bone.right_leg2] run data modify entity @s {} merge value {transformation:[0.9734930278998127f,-0.2239082174968931f,0.04665227505511807f,0.20696696712490986f,0.17232536674310983f,0.5839375207672768f,-0.7932975102803606f,0.33285589022218276f,0.15038381763776007f,0.7803089657164847f,0.6070441708929942f,3.0517201960191866f,0f,0f,0f,1f],start_interpolation:0}
execute if entity @s[tag=aj.rakshasa_great_katana.bone.right_leg] run data modify entity @s {} merge value {transformation:[0.9734930278998127f,-0.22808199547801122f,0.017027271338145827f,0.1249999999999996f,0.17232536674310983f,0.6824879576426219f,-0.710291599027931f,0.578125f,0.15038381763776007f,0.6943981502074807f,0.7037015819089238f,3.30126953125f,0f,0f,0f,1f],start_interpolation:0}
execute if entity @s[tag=aj.rakshasa_great_katana.bone.left_leg2] run data modify entity @s {} merge value {transformation:[0.9789575110259705f,0.1268496171748797f,-0.1598479472136669f,-0.19551781802663534f,-0.15796496961545808f,0.9669619451281666f,-0.20007914696024598f,0.3787116416812489f,0.12918691876588817f,0.22111935984110215f,0.9666524549822634f,3.5918068618803334f,0f,0f,0f,1f],start_interpolation:0}
execute if entity @s[tag=aj.rakshasa_great_katana.bone.left_leg] run data modify entity @s {} merge value {transformation:[0.9789575110259705f,0.19622349363933206f,0.056022603918523796f,-0.1250000000000004f,-0.15796496961545808f,0.5548893448869596f,0.8167893751177889f,0.578125f,0.12918691876588817f,-0.8084517026235368f,0.5742095301759456f,3.30126953125f,0f,0f,0f,1f],start_interpolation:0}