execute if entity @s[tag=aj.rakshasa_great_katana.bone.right_arm2] run data modify entity @s {} merge value {transformation:[0.5101693772465626f,0.8217527100537219f,-0.2538694350236323f,-0.03326567374038597f,-0.5929401921219546f,0.5498579651261832f,0.58828406977724f,0.8617877204316405f,0.6230161595707078f,-0.1495951259455232f,0.7677709054184779f,1.0441669017498438f,0f,0f,0f,1f],start_interpolation:0}
execute if entity @s[tag=aj.rakshasa_great_katana.bone.right_arm] run data modify entity @s {} merge value {transformation:[0.6007422579346515f,0.7580626949615437f,-0.2538694350236323f,0.15624999999999994f,-0.526213518957801f,0.6140205091952349f,0.58828406977724f,1.0152928477304493f,0.6018372471005965f,-0.2198175716253508f,0.7677709054184779f,0.9892125088435062f,0f,0f,0f,1f],start_interpolation:0}
execute if entity @s[tag=aj.rakshasa_great_katana.bone.slash] run data modify entity @s {} merge value {transformation:[0.00004166666666666667f,0f,0f,-0.27811937500000006f,0f,0.000016154862357038356f,0.00003840744111934896f,1.878025101213448f,0f,-0.00003840744111934896f,0.000016154862357038356f,0.8556809666855184f,0f,0f,0f,1f],start_interpolation:0}
execute if entity @s[tag=aj.rakshasa_great_katana.bone.bone0] run data modify entity @s {} merge value {transformation:[1.2544480828301128e-16f,3.2790717667599416e-16f,-1f,-0.2781174999999995f,-0.8992717002026431f,0.4373904539592145f,-2.6797619994399404e-17f,1.479459596646634f,0.43739045395921455f,0.8992717002026432f,3.5005914357922278e-16f,3.181543323341547f,0f,0f,0f,1f],start_interpolation:0}
execute if entity @s[tag=aj.rakshasa_great_katana.bone.bone1] run data modify entity @s {} merge value {transformation:[1.3962852278112339e-16f,3.2212325601661304e-16f,-1f,-0.27811749999999924f,-0.879337089165197f,0.476199835802658f,-2.6797619994399404e-17f,1.8535825649636133f,0.4761998358026581f,0.8793370891651971f,3.5005914357922278e-16f,3.907047713442812f,0f,0f,0f,1f],start_interpolation:0}
execute if entity @s[tag=aj.rakshasa_great_katana.bone.bone2] run data modify entity @s {} merge value {transformation:[1.5354644645015516e-16f,3.157261554311152e-16f,-1f,-0.2781174999999991f,-0.8577286100002721f,0.5141027441932219f,-2.6797619994399404e-17f,2.1626531559482833f,0.514102744193222f,0.8577286100002722f,3.5005914357922278e-16f,4.4595968250479725f,0f,0f,0f,1f],start_interpolation:0}
execute if entity @s[tag=aj.rakshasa_great_katana.bone.bone3] run data modify entity @s {} merge value {transformation:[2.3003042022368756e-16f,2.6522730291675627e-16f,-1f,-0.27811749999999896f,-0.6954426350096117f,0.7185816177796982f,-2.6797619994399404e-17f,2.3267544577958943f,0.7185816177796982f,0.6954426350096118f,3.5005914357922278e-16f,4.690240805302439f,0f,0f,0f,1f],start_interpolation:0}
execute if entity @s[tag=aj.rakshasa_great_katana.bone.bone7] run data modify entity @s {} merge value {transformation:[3.122837682607782e-16f,-0.08715574274765801f,-0.9961946980917455f,-0.26263124999999893f,-0.36751593659470355f,0.9264782273680179f,-0.08105634189829505f,2.4867880556302833f,0.9300172236840124f,0.3661174274998659f,-0.032031124425512286f,4.843629222497276f,0f,0f,0f,1f],start_interpolation:0}
execute if entity @s[tag=aj.rakshasa_great_katana.bone.bone10] run data modify entity @s {} merge value {transformation:[-0.13052619222005132f,2.4416956082569456e-16f,-0.9914448613738104f,-0.2561581249999989f,-0.6247765787318449f,0.7764590171709758f,0.0822533970241556f,2.423686562659229f,0.7698163026415232f,0.6301677512011248f,-0.10134823892625078f,4.808252885413726f,0f,0f,0f,1f],start_interpolation:0}
execute if entity @s[tag=aj.rakshasa_great_katana.bone.bone4] run data modify entity @s {} merge value {transformation:[0.13052619222005182f,2.4416956082569456e-16f,-0.9914448613738104f,-0.2502987499999989f,-0.6247765787318449f,0.7764590171709758f,-0.08225339702415566f,2.4224557662701645f,0.7698163026415232f,0.6301677512011248f,0.10134823892625147f,4.809769406931638f,0f,0f,0f,1f],start_interpolation:0}
execute if entity @s[tag=aj.rakshasa_great_katana.bone.bone11] run data modify entity @s {} merge value {transformation:[0.2164396139381032f,0.04258543371779536f,-0.975366789650638f,-0.26263124999999893f,-0.35880434145035156f,0.932601757854193f,-0.03890251667500534f,2.4867880556302833f,0.9079721020354671f,0.3583858843234997f,0.21713180292844908f,4.843629222497276f,0f,0f,0f,1f],start_interpolation:0}
execute if entity @s[tag=aj.rakshasa_great_katana.bone.bone5] run data modify entity @s {} merge value {transformation:[2.522711676093218e-16f,2.4416956082569456e-16f,-1f,-0.2713281249999989f,-0.6301677512011247f,0.7764590171709758f,-2.6797619994399404e-17f,2.3883598369885606f,0.7764590171709759f,0.6301677512011248f,3.5005914357922278e-16f,4.799091245049109f,0f,0f,0f,1f],start_interpolation:0}
execute if entity @s[tag=aj.rakshasa_great_katana.bone.bone8] run data modify entity @s {} merge value {transformation:[2.3003042022368756e-16f,0.38268343236508995f,-0.9238795325112866f,-0.3026337499999989f,-0.6954426350096117f,0.6638828491055118f,0.2749892799263939f,2.405768672311716f,0.7185816177796982f,0.6425052165210974f,0.26613437457850087f,4.796570834624816f,0f,0f,0f,1f],start_interpolation:0}
execute if entity @s[tag=aj.rakshasa_great_katana.bone.bone9] run data modify entity @s {} merge value {transformation:[0.9999999999999999f,3.360010438244275e-16f,-8.241608214390795e-17f,-0.26538624999999894f,-1.7692708299017436e-16f,0.476199835802658f,-0.8793370891651969f,2.4055183383086343f,-2.6174124069333864e-16f,0.8793370891651971f,0.476199835802658f,4.815635194177461f,0f,0f,0f,1f],start_interpolation:0}
execute if entity @s[tag=aj.rakshasa_great_katana.bone.bone6] run data modify entity @s {} merge value {transformation:[2.3003042022368756e-16f,0.3007057995042734f,-0.9537169507482268f,-0.2596649999999989f,-0.6954426350096117f,0.6853234693725816f,0.2160816598835181f,2.405768672311716f,0.7185816177796982f,0.6632554292816789f,0.20912363356992403f,4.796570834624816f,0f,0f,0f,1f],start_interpolation:0}
execute if entity @s[tag=aj.rakshasa_great_katana.locator_origin.rakshasa0] at @s on origin run tp @s ^-0.27812 ^0.57862 ^1.13202 ~-90 ~0
execute if entity @s[tag=aj.rakshasa_great_katana.locator_origin.rakshasa1] at @s on origin run tp @s ^-0.27812 ^0.87693 ^1.82014 ~-90 ~0
execute if entity @s[tag=aj.rakshasa_great_katana.locator_origin.rakshasa2] at @s on origin run tp @s ^-0.27812 ^1.17524 ^2.50827 ~-90 ~0
execute if entity @s[tag=aj.rakshasa_great_katana.locator_origin.rakshasa3] at @s on origin run tp @s ^-0.27812 ^1.47355 ^3.19639 ~-90 ~0
execute if entity @s[tag=aj.rakshasa_great_katana.locator_origin.rakshasa4] at @s on origin run tp @s ^-0.27812 ^1.82921 ^3.85965 ~-90 ~0
execute if entity @s[tag=aj.rakshasa_great_katana.locator_origin.rakshasa5] at @s on origin run tp @s ^-0.27812 ^2.18486 ^4.52291 ~-90 ~0
execute if entity @s[tag=aj.rakshasa_great_katana.bone.rakshasa_great_katana] run data modify entity @s {} merge value {transformation:[1.6884641832840924e-16f,5.065392549852277e-16f,-1.5208333333333335f,-0.27811937500000006f,-1.3953562133472266f,0.604909138343163f,-4.075471374148243e-17f,0.8032062875462538f,0.6049091383431631f,1.3953562133472268f,5.3238161419340135e-16f,1.6579612655482636f,0f,0f,0f,1f],start_interpolation:0}
execute if entity @s[tag=aj.rakshasa_great_katana.bone.left_arm2] run data modify entity @s {} merge value {transformation:[1f,0f,0f,-0.34375000000000006f,0f,0.3877166965689205f,0.9217785868643749f,0.7679010488654211f,0f,-0.9217785868643749f,0.3877166965689205f,1.0769503393401139f,0f,0f,0f,1f],start_interpolation:0}
execute if entity @s[tag=aj.rakshasa_great_katana.bone.left_arm] run data modify entity @s {} merge value {transformation:[1f,0f,0f,-0.21875000000000006f,0f,0.8992717002026431f,0.4373904539592144f,0.9927189739160819f,0f,-0.4373904539592144f,0.8992717002026431f,0.9676027258503103f,0f,0f,0f,1f],start_interpolation:0}
execute if entity @s[tag=aj.rakshasa_great_katana.bone.head] run data modify entity @s {} merge value {transformation:[1f,0f,0f,-6.938893903907228e-17f,0f,0.9713420698132614f,-0.2376858923261732f,1.0965587934621719f,0f,0.2376858923261732f,0.9713420698132614f,1.0670077276190115f,0f,0f,0f,1f],start_interpolation:0}
execute if entity @s[tag=aj.rakshasa_great_katana.bone.body_top] run data modify entity @s {} merge value {transformation:[1f,0f,0f,-6.938893903907228e-17f,0f,0.7223639620597556f,-0.6915130557822694f,0.812127983401143f,0f,0.6915130557822694f,0.7223639620597556f,0.7947244619047429f,0f,0f,0f,1f],start_interpolation:0}
execute if entity @s[tag=aj.rakshasa_great_katana.locator_origin.player_camera] at @s on origin run tp @s ^0 ^0.04654 ^0.14836 ~-180 ~-43.75
execute if entity @s[tag=aj.rakshasa_great_katana.bone.body] run data modify entity @s {} merge value {transformation:[1f,0f,0f,-6.938893903907228e-17f,0f,0.7223639620597556f,-0.6915130557822694f,0.49609375f,0f,0.6915130557822694f,0.7223639620597556f,0.4921875f,0f,0f,0f,1f],start_interpolation:0}
execute if entity @s[tag=aj.rakshasa_great_katana.bone.right_leg2] run data modify entity @s {} merge value {transformation:[0.9946788937367312f,-0.10110360073573585f,-0.01979798658806945f,0.14214204161241764f,0.10043654691711537f,0.9944221846032305f,-0.032202776468884864f,0.3419333805255451f,0.02294337372834577f,0.03004298066450456f,0.9992852550271889f,0.8283662316589913f,0f,0f,0f,1f],start_interpolation:0}
execute if entity @s[tag=aj.rakshasa_great_katana.bone.right_leg] run data modify entity @s {} merge value {transformation:[0.9946788937367312f,-0.04769959405194496f,-0.09131619287920473f,0.12499999999999993f,0.10043654691711537f,0.6463592889723961f,0.7563941892971315f,0.57421875f,0.02294337372834577f,-0.7615408185293671f,0.6477107250274486f,0.5546875f,0f,0f,0f,1f],start_interpolation:0}
execute if entity @s[tag=aj.rakshasa_great_katana.bone.left_leg2] run data modify entity @s {} merge value {transformation:[0.9946637403992599f,0.025942789077061625f,-0.09985497098220464f,-0.14419773233588792f,-0.09559113585300147f,0.5958494361927471f,-0.7973868472298239f,0.2870682842088539f,0.03881208937028325f,0.8026770341075473f,0.5951497295933391f,0.3394517044313088f,0f,0f,0f,1f],start_interpolation:0}
execute if entity @s[tag=aj.rakshasa_great_katana.bone.left_leg] run data modify entity @s {} merge value {transformation:[0.9946637403992599f,0.053419776934644475f,-0.08826307816525925f,-0.12500000000000006f,-0.09559113585300147f,0.7990273830710153f,-0.5936476866366263f,0.57421875f,0.03881208937028325f,0.5989169963650538f,0.7998700226810449f,0.5546875f,0f,0f,0f,1f],start_interpolation:0}