execute if entity @s[tag=aj.rakshasa_great_katana.bone.right_arm2] run data modify entity @s {} merge value {transformation:[0.528208796244543f,0.8423510463752116f,0.10695878757950017f,0.021413079580308303f,-0.25744478888729805f,0.038837234872251124f,0.9655122214981289f,1.329236200097029f,0.8091462465121279f,-0.537528030764967f,0.2373730563843995f,0.2983008537205085f,0f,0f,0f,1f],start_interpolation:0}
execute if entity @s[tag=aj.rakshasa_great_katana.bone.right_arm] run data modify entity @s {} merge value {transformation:[0.6336387713650307f,0.7661995335306186f,0.10695878757950017f,0.21296296296296297f,-0.25017303664554635f,0.07210826494441519f,0.9655122214981289f,1.3472632663331328f,0.7320624011370618f,-0.6385441824526853f,0.2373730563843995f,0.1386648081073372f,0f,0f,0f,1f],start_interpolation:0}
execute if entity @s[tag=aj.rakshasa_great_katana.bone.slash] run data modify entity @s {} merge value {transformation:[0.00004166666666666667f,0f,0f,-0.309369375f,0f,-0.00003615153846452763f,0.000020716596674137625f,1.131121292136704f,0f,-0.000020716596674137625f,-0.00003615153846452763f,-0.7708092170342113f,0f,0f,0f,1f],start_interpolation:0}
execute if entity @s[tag=aj.rakshasa_great_katana.bone.bone0] run data modify entity @s {} merge value {transformation:[2.315187172968067e-16f,2.1214781802759082e-16f,-1f,-0.30936749999999963f,0.7773493229517439f,0.6290691775206169f,3.030543023925172e-16f,2.721015744760229f,0.6290691775206169f,-0.7773493229517437f,-8.225389324531209e-17f,-1.0241998913638124f,0f,0f,0f,1f],start_interpolation:0}
execute if entity @s[tag=aj.rakshasa_great_katana.bone.bone1] run data modify entity @s {} merge value {transformation:[2.405521206315439e-16f,2.0184719570084107e-16f,-1f,-0.30936749999999946f,0.804049070776666f,0.5945629418179205f,3.030543023925172e-16f,3.2195213054372953f,0.5945629418179205f,-0.8040490707766659f,-8.225389324531209e-17f,-1.670587407837142f,0f,0f,0f,1f],start_interpolation:0}
execute if entity @s[tag=aj.rakshasa_great_katana.bone.bone2] run data modify entity @s {} merge value {transformation:[2.4912761933257023e-16f,1.9116234576483011e-16f,-1f,-0.30936749999999935f,0.829218265496203f,0.5589249217627251f,3.030543023925172e-16f,3.5889553283391296f,0.5589249217627251f,-0.8292182654962029f,-8.225389324531209e-17f,-2.1847407445664033f,0f,0f,0f,1f],start_interpolation:0}
execute if entity @s[tag=aj.rakshasa_great_katana.bone.bone3] run data modify entity @s {} merge value {transformation:[2.901152573456526e-16f,1.2016967424393e-16f,-1f,-0.3093674999999993f,0.9456237528080376f,0.3252625372299173f,3.030543023925172e-16f,3.7282892796714866f,0.3252625372299174f,-0.9456237528080373f,-8.225389324531209e-17f,-2.43113866034861f,0f,0f,0f,1f],start_interpolation:0}
execute if entity @s[tag=aj.rakshasa_great_katana.bone.bone7] run data modify entity @s {} merge value {transformation:[3.122837682607782e-16f,-0.08715574274765817f,-0.9961946980917455f,-0.29388124999999926f,0.998115014842781f,-0.061137606885036166f,0.005348847517545448f,3.799376447716483f,-0.06137114261112597f,-0.9943168858721421f,0.08699145546621234f,-2.6411038324717473f,0f,0f,0f,1f],start_interpolation:0}
execute if entity @s[tag=aj.rakshasa_great_katana.bone.bone10] run data modify entity @s {} merge value {transformation:[-0.13052619222005127f,9.44271816168269e-17f,-0.9914448613738104f,-0.2874081249999993f,0.9620721840061968f,0.24160827454050016f,-0.12665920588377616f,3.794084455496407f,0.23954128225857174f,-0.9703738669572476f,-0.031536208084628405f,-2.56895621671788f,0f,0f,0f,1f],start_interpolation:0}
execute if entity @s[tag=aj.rakshasa_great_katana.bone.bone4] run data modify entity @s {} merge value {transformation:[0.13052619222005188f,9.44271816168269e-17f,-0.9914448613738104f,-0.28154874999999924f,0.9620721840061968f,0.24160827454050016f,0.12665920588377677f,3.7959797169553076f,0.23954128225857174f,-0.9703738669572476f,0.03153620808462824f,-2.568484325556668f,0f,0f,0f,1f],start_interpolation:0}
execute if entity @s[tag=aj.rakshasa_great_katana.bone.bone11] run data modify entity @s {} merge value {transformation:[0.2164396139381032f,0.042585433717795204f,-0.975366789650638f,-0.29388124999999926f,0.9744557036374599f,-0.07073589816785562f,0.2131490425941658f,3.799376447716483f,-0.05991640148363032f,-0.9965856278039804f,-0.05680766926919621f,-2.6411038324717473f,0f,0f,0f,1f],start_interpolation:0}
execute if entity @s[tag=aj.rakshasa_great_katana.bone.bone5] run data modify entity @s {} merge value {transformation:[2.9948475841773526e-16f,9.44271816168269e-17f,-1f,-0.30257812499999925f,0.9703738669572477f,0.24160827454050016f,3.030543023925172e-16f,3.800761650389206f,0.2416082745405002f,-0.9703738669572476f,-8.225389324531209e-17f,-2.5330768595727915f,0f,0f,0f,1f],start_interpolation:0}
execute if entity @s[tag=aj.rakshasa_great_katana.bone.bone8] run data modify entity @s {} merge value {transformation:[2.901152573456526e-16f,0.38268343236508984f,-0.9238795325112867f,-0.3338837499999993f,0.9456237528080376f,0.30050340083941085f,0.12447258416692282f,3.7910992965265398f,0.3252625372299174f,-0.8736424306758582f,-0.361874543450537f,-2.547775802862982f,0f,0f,0f,1f],start_interpolation:0}
execute if entity @s[tag=aj.rakshasa_great_katana.bone.bone9] run data modify entity @s {} merge value {transformation:[0.9999999999999999f,2.1572498350865552e-16f,1.8507515706512586e-17f,-0.29663624999999927f,-1.3670517980269414e-16f,0.5945629418179205f,0.8040490707766659f,3.8084721803622377f,2.29331342196228e-16f,-0.8040490707766659f,0.5945629418179204f,-2.555630443497469f,0f,0f,0f,1f],start_interpolation:0}
execute if entity @s[tag=aj.rakshasa_great_katana.bone.bone6] run data modify entity @s {} merge value {transformation:[2.9011525734565254e-16f,0.30070579950427323f,-0.9537169507482269f,-0.29091499999999926f,0.9456237528080376f,0.3102083951995484f,0.09780833130651098f,3.7910992965265398f,0.32526253722991744f,-0.9018574020831766f,-0.28435454661837206f,-2.547775802862982f,0f,0f,0f,1f],start_interpolation:0}
execute if entity @s[tag=aj.rakshasa_great_katana.locator_origin.rakshasa0] at @s on origin run tp @s ^-0.30937 ^1.24661 ^0.66049 ~-90 ~0
execute if entity @s[tag=aj.rakshasa_great_katana.locator_origin.rakshasa1] at @s on origin run tp @s ^-0.30937 ^1.7434 ^0.09861 ~-90 ~0
execute if entity @s[tag=aj.rakshasa_great_katana.locator_origin.rakshasa2] at @s on origin run tp @s ^-0.30937 ^2.24018 ^-0.46326 ~-90 ~0
execute if entity @s[tag=aj.rakshasa_great_katana.locator_origin.rakshasa3] at @s on origin run tp @s ^-0.30937 ^2.73696 ^-1.02514 ~-90 ~0
execute if entity @s[tag=aj.rakshasa_great_katana.locator_origin.rakshasa4] at @s on origin run tp @s ^-0.30937 ^3.18692 ^-1.62842 ~-90 ~0
execute if entity @s[tag=aj.rakshasa_great_katana.locator_origin.rakshasa5] at @s on origin run tp @s ^-0.30937 ^3.63689 ^-2.23169 ~-90 ~0
execute if entity @s[tag=aj.rakshasa_great_katana.bone.rakshasa_great_katana] run data modify entity @s {} merge value {transformation:[3.376928366568185e-16f,3.376928366568185e-16f,-1.5208333333333335f,-0.309369375f,1.1393624748990065f,1.0073664569409626f,4.608950848886199e-16f,1.6277567010657568f,1.0073664569409626f,-1.1393624748990065f,-1.2509446264391215e-16f,0.23413451898944337f,0f,0f,0f,1f],start_interpolation:0}
execute if entity @s[tag=aj.rakshasa_great_katana.bone.left_arm2] run data modify entity @s {} merge value {transformation:[1f,0f,0f,-0.375f,0f,-0.867636923148663f,0.49719832017930293f,1.2154056615889408f,0f,-0.49719832017930293f,-0.867636923148663f,0.3580094982352517f,0f,0f,0f,1f],start_interpolation:0}
execute if entity @s[tag=aj.rakshasa_great_katana.bone.left_arm] run data modify entity @s {} merge value {transformation:[1f,0f,0f,-0.25f,0f,0.45456636771850056f,0.8907128703118692f,1.329047253518566f,0f,-0.8907128703118692f,0.45456636771850056f,0.1353312806572844f,0f,0f,0f,1f],start_interpolation:0}
execute if entity @s[tag=aj.rakshasa_great_katana.bone.head] run data modify entity @s {} merge value {transformation:[1f,0f,0f,-1.3877787807814457e-17f,0f,0.9996657333896874f,-0.02585384858117612f,1.4704490529916399f,0f,0.02585384858117612f,0.9996657333896874f,0.1612077874883193f,0f,0f,0f,1f],start_interpolation:0}
execute if entity @s[tag=aj.rakshasa_great_katana.bone.body_top] run data modify entity @s {} merge value {transformation:[1f,0f,0f,-1.3877787807814457e-17f,0f,0.9836646919866011f,-0.18001048230285138f,1.0831310805219156f,0f,0.18001048230285138f,0.9836646919866011f,0.09032866008157155f,0f,0f,0f,1f],start_interpolation:0}
execute if entity @s[tag=aj.rakshasa_great_katana.locator_origin.player_camera] at @s on origin run tp @s ^0 ^0.08822 ^-0.0282 ~-180 ~-10.37037
execute if entity @s[tag=aj.rakshasa_great_katana.bone.body] run data modify entity @s {} merge value {transformation:[1f,0f,0f,-1.3877787807814457e-17f,0f,0.9836646919866011f,-0.18001048230285138f,0.6527777777777777f,0f,0.18001048230285138f,0.9836646919866011f,0.01157407407407407f,0f,0f,0f,1f],start_interpolation:0}
execute if entity @s[tag=aj.rakshasa_great_katana.bone.right_leg2] run data modify entity @s {} merge value {transformation:[0.9961946980917455f,-0.08670442837426463f,0.008858080728238408f,0.15593755627639527f,0.08715574274765818f,0.9910361511988691f,-0.10124832602584719f,0.3772848914189573f,0f,0.10163507818280187f,0.9948217482960331f,0.08851131710865098f,0f,0f,0f,1f],start_interpolation:0}
execute if entity @s[tag=aj.rakshasa_great_katana.bone.right_leg] run data modify entity @s {} merge value {transformation:[0.9961946980917455f,-0.08608711311692598f,-0.013606338562947979f,0.12499999999999999f,0.08715574274765818f,0.9839802055201957f,0.15552116142357403f,0.7309027777777777f,0f,-0.15611522699476477f,0.9877388500511525f,0.032407407407407406f,0f,0f,0f,1f],start_interpolation:0}
execute if entity @s[tag=aj.rakshasa_great_katana.bone.left_leg2] run data modify entity @s {} merge value {transformation:[0.9961946983606114f,0.07242823000833719f,-0.048479629289733706f,-0.15387893621263793f,-0.08418599352884862f,0.9436155609428033f,-0.3201599469642621f,0.3760518004679975f,0.022557514308346616f,0.3230229475508789f,0.946122261604583f,-0.016553613522719127f,0f,0f,0f,1f],start_interpolation:0}
execute if entity @s[tag=aj.rakshasa_great_katana.bone.left_leg] run data modify entity @s {} merge value {transformation:[0.9961946983606114f,0.08035877902647073f,-0.03374299322208167f,-0.125f,-0.08418599352884862f,0.9874114151228665f,-0.13390823641068125f,0.7309027777777777f,0.022557514308346616f,0.13623936258817818f,0.990419100497257f,0.032407407407407406f,0f,0f,0f,1f],start_interpolation:0}