execute if entity @s[tag=aj.rakshasa_great_katana.bone.right_arm2] run data modify entity @s {} merge value {transformation:[0.6831143698237729f,0.664870650114362f,0.3021618380219038f,-0.01750456799756292f,-0.4493949485516663f,0.05654982680644282f,0.8915415286482209f,1.1481830715576933f,0.5756725961486396f,-0.744814833166383f,0.3374195109041832f,0.8210781250029136f,0f,0f,0f,1f],start_interpolation:0}
execute if entity @s[tag=aj.rakshasa_great_katana.bone.right_arm] run data modify entity @s {} merge value {transformation:[0.7640532659706863f,0.5700182719902516f,0.3021618380219038f,0.12499999999999997f,-0.43816907890514906f,0.11472384663620167f,0.8915415286482209f,1.1768640332167437f,0.4735297932030686f,-0.8135831909585158f,0.3374195109041832f,0.6176823272632845f,0f,0f,0f,1f],start_interpolation:0}
execute if entity @s[tag=aj.rakshasa_great_katana.bone.slash] run data modify entity @s {} merge value {transformation:[0.00004166666666666667f,0f,0f,-0.309369375f,0f,-0.00002814959198398585f,0.00003071988903375517f,1.3773812273139836f,0f,-0.00003071988903375517f,-0.00002814959198398585f,-0.26947943030403576f,0f,0f,0f,1f],start_interpolation:0}
execute if entity @s[tag=aj.rakshasa_great_katana.bone.bone0] run data modify entity @s {} merge value {transformation:[2.290973548881547e-16f,1.5668950111204112e-16f,-1f,-0.30936749999999974f,0.25881904510252085f,0.9659258262890681f,2.7621682552811256e-16f,3.2586142937332117f,0.9659258262890681f,-0.2588190451025209f,-2.722981951210174e-17f,0.5612341821485081f,0f,0f,0f,1f],start_interpolation:0}
execute if entity @s[tag=aj.rakshasa_great_katana.bone.bone1] run data modify entity @s {} merge value {transformation:[2.3571400501520604e-16f,1.4654728115929296e-16f,-1f,-0.30936749999999963f,0.3007057995042732f,0.9537169507482267f,2.7621682552811256e-16f,4.041925086269824f,0.9537169507482267f,-0.30070579950427323f,-2.722981951210174e-17f,0.3315630743134552f,0f,0f,0f,1f],start_interpolation:0}
execute if entity @s[tag=aj.rakshasa_great_katana.bone.bone2] run data modify entity @s {} merge value {transformation:[2.418819601366027e-16f,1.3612610012765507e-16f,-1f,-0.3093674999999995f,0.34202014332566877f,0.9396926207859081f,2.7621682552811256e-16f,4.643079463948439f,0.9396926207859081f,-0.3420201433256688f,-2.722981951210174e-17f,0.13294644574197378f,0f,0f,0f,1f],start_interpolation:0}
execute if entity @s[tag=aj.rakshasa_great_katana.bone.bone3] run data modify entity @s {} merge value {transformation:[2.688720594579373e-16f,6.888405779523216e-17f,-1f,-0.3093674999999995f,0.573576436351046f,0.8191520442889916f,2.7621682552811256e-16f,4.900670004324455f,0.8191520442889915f,-0.573576436351046f,-2.722981951210174e-17f,0.015588035713142268f,0f,0f,0f,1f],start_interpolation:0}
execute if entity @s[tag=aj.rakshasa_great_katana.bone.bone7] run data modify entity @s {} merge value {transformation:[2.7303145679368383e-16f,-0.08715574274765821f,-0.9961946980917455f,-0.2938812499999995f,0.8433914458128855f,0.5352550211218771f,-0.04682874644349296f,5.081636550650858f,0.5372996083468236f,-0.8401820867347285f,0.07350640788684332f,-0.11243488440685004f,0f,0f,0f,1f],start_interpolation:0}
execute if entity @s[tag=aj.rakshasa_great_katana.bone.bone10] run data modify entity @s {} merge value {transformation:[-0.1305261922200513f,4.518818911250664e-17f,-0.9914448613738104f,-0.2874081249999995f,0.6372884725784739f,0.7660444431189778f,-0.08390061909861243f,5.034930077002068f,0.7594908267142727f,-0.6427876096865394f,-0.09998886423165008f,-0.05719188521310713f,0f,0f,0f,1f],start_interpolation:0}
execute if entity @s[tag=aj.rakshasa_great_katana.bone.bone4] run data modify entity @s {} merge value {transformation:[0.13052619222005185f,4.518818911250664e-17f,-0.9914448613738104f,-0.2815487499999995f,0.6372884725784739f,0.7660444431189778f,0.08390061909861299f,5.0361855215522375f,0.7594908267142727f,-0.6427876096865394f,0.09998886423165003f,-0.05569570466014037f,0f,0f,0f,1f],start_interpolation:0}
execute if entity @s[tag=aj.rakshasa_great_katana.bone.bone11] run data modify entity @s {} merge value {transformation:[0.21643961393810318f,0.04258543371779516f,-0.975366789650638f,-0.2938812499999995f,0.8233997009862277f,0.5288257904361419f,0.20580625788682905f,5.081636550650858f,0.5245634622561078f,-0.8476613499533034f,0.07939401653290924f,-0.11243488440685004f,0f,0f,0f,1f],start_interpolation:0}
execute if entity @s[tag=aj.rakshasa_great_katana.bone.bone5] run data modify entity @s {} merge value {transformation:[2.7385256131762173e-16f,4.518818911250664e-17f,-1f,-0.3025781249999995f,0.6427876096865393f,0.7660444431189778f,2.7621682552811256e-16f,5.019232034661616f,0.7660444431189778f,-0.6427876096865394f,-2.722981951210174e-17f,-0.024245190880312073f,0f,0f,0f,1f],start_interpolation:0}
execute if entity @s[tag=aj.rakshasa_great_katana.bone.bone8] run data modify entity @s {} merge value {transformation:[2.688720594579373e-16f,0.3826834323650898f,-0.9238795325112867f,-0.3338837499999995f,0.573576436351046f,0.7567978077333782f,0.31347591593739155f,5.020060527362855f,0.8191520442889915f,-0.5299155298754943f,-0.2194981993865548f,-0.041816008045703734f,0f,0f,0f,1f],start_interpolation:0}
execute if entity @s[tag=aj.rakshasa_great_katana.bone.bone9] run data modify entity @s {} merge value {transformation:[0.9999999999999999f,1.6042506896710742e-16f,1.3669400090174732e-17f,-0.2966362499999995f,-2.281575769611001e-16f,0.9537169507482267f,0.3007057995042731f,5.038731079965574f,2.4401108070293285e-16f,-0.30070579950427323f,0.9537169507482266f,-0.037952986200738836f,0f,0f,0f,1f],start_interpolation:0}
execute if entity @s[tag=aj.rakshasa_great_katana.bone.bone6] run data modify entity @s {} merge value {transformation:[2.6887205945793723e-16f,0.3007057995042732f,-0.9537169507482269f,-0.2909149999999995f,0.573576436351046f,0.7812391898784735f,0.24632377039348116f,5.020060527362855f,0.8191520442889915f,-0.5470295698977541f,-0.17247776086975314f,-0.041816008045703734f,0f,0f,0f,1f],start_interpolation:0}
execute if entity @s[tag=aj.rakshasa_great_katana.locator_origin.rakshasa0] at @s on origin run tp @s ^-0.30937 ^1.0754 ^1.05684 ~-90 ~0
execute if entity @s[tag=aj.rakshasa_great_katana.locator_origin.rakshasa1] at @s on origin run tp @s ^-0.30937 ^1.80762 ^0.89451 ~-90 ~0
execute if entity @s[tag=aj.rakshasa_great_katana.locator_origin.rakshasa2] at @s on origin run tp @s ^-0.30937 ^2.53984 ^0.73218 ~-90 ~0
execute if entity @s[tag=aj.rakshasa_great_katana.locator_origin.rakshasa3] at @s on origin run tp @s ^-0.30937 ^3.27207 ^0.56985 ~-90 ~0
execute if entity @s[tag=aj.rakshasa_great_katana.locator_origin.rakshasa4] at @s on origin run tp @s ^-0.30937 ^3.99076 ^0.3465 ~-90 ~0
execute if entity @s[tag=aj.rakshasa_great_katana.locator_origin.rakshasa5] at @s on origin run tp @s ^-0.30937 ^4.70946 ^0.12316 ~-90 ~0
execute if entity @s[tag=aj.rakshasa_great_katana.bone.rakshasa_great_katana] run data modify entity @s {} merge value {transformation:[3.376928366568185e-16f,2.5326962749261384e-16f,-1.5208333333333335f,-0.309369375f,0.3291685795308649f,1.484783510828232f,4.200797554906712e-16f,1.634397487399295f,1.484783510828232f,-0.32916857953086504f,-4.1412017174654736e-17f,0.9361216198165085f,0f,0f,0f,1f],start_interpolation:0}
execute if entity @s[tag=aj.rakshasa_great_katana.bone.left_arm2] run data modify entity @s {} merge value {transformation:[1f,0f,0f,-0.375f,0f,-0.6755902076156602f,0.737277336810124f,1.1147621836073478f,0f,-0.737277336810124f,-0.6755902076156602f,0.8315958553868086f,0f,0f,0f,1f],start_interpolation:0}
execute if entity @s[tag=aj.rakshasa_great_katana.bone.left_arm] run data modify entity @s {} merge value {transformation:[1f,0f,0f,-0.25f,0f,0.043619387365336104f,0.9990482215818578f,1.1256670304486818f,0f,-0.9990482215818578f,0.043619387365336104f,0.5818337999913441f,0f,0f,0f,1f],start_interpolation:0}
execute if entity @s[tag=aj.rakshasa_great_katana.bone.head] run data modify entity @s {} merge value {transformation:[1f,0f,0f,-2.7755575615628914e-17f,0f,0.9961946980917455f,-0.0871557427476582f,1.2434201368152245f,0f,0.0871557427476582f,0.9961946980917455f,0.6642854127168071f,0f,0f,0f,1f],start_interpolation:0}
execute if entity @s[tag=aj.rakshasa_great_katana.bone.body_top] run data modify entity @s {} merge value {transformation:[1f,0f,0f,-2.7755575615628914e-17f,0f,0.8191520442889918f,-0.573576436351046f,0.9208790193764339f,0f,0.573576436351046f,0.8191520442889918f,0.43843969090358265f,0f,0f,0f,1f],start_interpolation:0}
execute if entity @s[tag=aj.rakshasa_great_katana.locator_origin.player_camera] at @s on origin run tp @s ^0 ^0.06588 ^-0.08394 ~-180 ~-35
execute if entity @s[tag=aj.rakshasa_great_katana.bone.body] run data modify entity @s {} merge value {transformation:[1f,0f,0f,-2.7755575615628914e-17f,0f,0.8191520442889918f,-0.573576436351046f,0.5625f,0f,0.573576436351046f,0.8191520442889918f,0.1875f,0f,0f,0f,1f],start_interpolation:0}
execute if entity @s[tag=aj.rakshasa_great_katana.bone.right_leg2] run data modify entity @s {} merge value {transformation:[0.9961946980917455f,-0.08418598282936918f,-0.022557566113149838f,0.14513313321372043f,0.08715574274765817f,0.9622501868990582f,0.2578341604962996f,0.4105022343487137f,-6.938893903907228e-18f,-0.25881904510252096f,0.9659258262890682f,0.5252972217458828f,0f,0f,0f,1f],start_interpolation:0}
execute if entity @s[tag=aj.rakshasa_great_katana.bone.right_leg] run data modify entity @s {} merge value {transformation:[0.9961946980917455f,-0.056022631551222134f,-0.0667651724177507f,0.12499999999999997f,0.08715574274765817f,0.6403416087687968f,0.7631294127377697f,0.640625f,-6.938893903907228e-18f,-0.7660444431189781f,0.6427876096865393f,0.25f,0f,0f,0f,1f],start_interpolation:0}
execute if entity @s[tag=aj.rakshasa_great_katana.bone.left_leg2] run data modify entity @s {} merge value {transformation:[0.9961946983606114f,0.03335310737847842f,-0.08052138341093186f,-0.1406608137386517f,-0.08418599352884863f,0.607354830143779f,-0.7899574854348695f,0.3871689646371636f,0.022557514308346623f,0.7937302315832634f,0.6078515262948738f,-0.004293467623916525f,0f,0f,0f,1f],start_interpolation:0}
execute if entity @s[tag=aj.rakshasa_great_katana.bone.left_leg] run data modify entity @s {} merge value {transformation:[0.9961946983606114f,0.043577916490161114f,-0.07547905770865948f,-0.12500000000000003f,-0.08418599352884863f,0.7052689679661535f,-0.7039235763330545f,0.640625f,0.022557514308346623f,0.7075992142578547f,0.7062538570017833f,0.25f,0f,0f,0f,1f],start_interpolation:0}