execute if entity @s[tag=aj.nep_offhand_bow_glitch.locator_origin.arrow_shot] at @s on origin run tp @s ^0.48597 ^-0.22924 ^1.61956 ~-51.08769 ~84.94931
execute if entity @s[tag=aj.nep_offhand_bow_glitch.bone.dragonslayer_greatbow] run data modify entity @s {} merge value {transformation:[0.9971200414674405f,-0.03254313052773955f,-0.06850231791278463f,0.48492515107911216f,0.06655252890558697f,-0.057630505439423496f,0.9961172048203304f,-0.22483149123528937f,-0.03636459542248091f,-0.997807431069869f,-0.05529870433842193f,1.4660093277335366f,0f,0f,0f,1f],start_interpolation:0}
execute if entity @s[tag=aj.nep_offhand_bow_glitch.bone.right_arm2] run data modify entity @s {} merge value {transformation:[0.9971200414674405f,-0.03254313052773955f,-0.06850231791278463f,0.4337813572355059f,0.06655252890558697f,-0.057630505439423496f,0.9961172048203304f,-0.21417692556625773f,-0.03636459542248091f,-0.997807431069869f,-0.05529870433842193f,1.279755679926223f,0f,0f,0f,1f],start_interpolation:0}
execute if entity @s[tag=aj.nep_offhand_bow_glitch.bone.right_arm] run data modify entity @s {} merge value {transformation:[0.9971200414674405f,-0.060496959623251606f,-0.045735552694948084f,0.4931349999999999f,0.06655252890558697f,0.4088368552990407f,0.9101775577575304f,-0.15662500000000001f,-0.03636459542248091f,-0.910600100826666f,0.4116856477632239f,1.117109375f,0f,0f,0f,1f],start_interpolation:0}
execute if entity @s[tag=aj.nep_offhand_bow_glitch.bone.repeating_crossbow] run data modify entity @s {} merge value {transformation:[0.9590597184766245f,0.25899165068436436f,0.11457653019412843f,-0.4232292221313961f,-0.26198506569356267f,0.9650019163374632f,0.01162440615959633f,-0.5450939252676924f,-0.10755594706513179f,-0.041165839488729594f,0.9933464108306381f,1.4944674876463648f,0f,0f,0f,1f],start_interpolation:0}
execute if entity @s[tag=aj.nep_offhand_bow_glitch.bone.left_arm2] run data modify entity @s {} merge value {transformation:[0.9590597184766245f,0.25899165068436436f,0.11457653019412843f,-0.42495837295779f,-0.26198506569356267f,0.9650019163374632f,0.01162440615959633f,-0.36290514735555307f,-0.10755594706513179f,-0.041165839488729594f,0.9933464108306381f,1.0361155861485014f,0f,0f,0f,1f],start_interpolation:0}
execute if entity @s[tag=aj.nep_offhand_bow_glitch.bone.left_arm] run data modify entity @s {} merge value {transformation:[0.9590597184766245f,0.2637429060742777f,0.10317042158987495f,-0.22265625000000014f,-0.26198506569356267f,0.9645904978151948f,-0.030479450096325467f,-0.09421875000000002f,-0.10755594706513179f,0.00220250315084828f,0.9941965938539485f,1.023359375f,0f,0f,0f,1f],start_interpolation:0}
execute if entity @s[tag=aj.nep_offhand_bow_glitch.bone.head] run data modify entity @s {} merge value {transformation:[1f,0f,0f,0.08984374999999986f,0f,1f,0f,0.04953125000000003f,0f,0f,1f,1.023359375f,0f,0f,0f,1f],start_interpolation:0}
execute if entity @s[tag=aj.nep_offhand_bow_glitch.bone.body_top] run data modify entity @s {} merge value {transformation:[1f,0f,0f,0.08984374999999986f,0f,1f,0f,-0.34421875f,0f,0f,1f,1.023359375f,0f,0f,0f,1f],start_interpolation:0}
execute if entity @s[tag=aj.nep_offhand_bow_glitch.bone.body] run data modify entity @s {} merge value {transformation:[1f,0f,0f,0.08984374999999986f,0f,1f,0f,-0.78171875f,0f,0f,1f,1.023359375f,0f,0f,0f,1f],start_interpolation:0}
execute if entity @s[tag=aj.nep_offhand_bow_glitch.bone.right_leg2] run data modify entity @s {} merge value {transformation:[0.9914448613739183f,-0.11306332696562985f,0.06522093951113361f,0.2765333248580675f,0.1274322002882307f,0.946594115090425f,-0.2961766628312828f,-1.042048488409959f,-0.028251038652625227f,0.30195407824972026f,0.9529037797403312f,1.0380721738964027f,0f,0f,0f,1f],start_interpolation:0}
execute if entity @s[tag=aj.nep_offhand_bow_glitch.bone.right_leg] run data modify entity @s {} merge value {transformation:[0.9914448613739183f,-0.12855164911053946f,0.022617700285674693f,0.21484374999999986f,0.1274322002882307f,0.9908058895011129f,0.045439230402909175f,-0.68796875f,-0.028251038652625227f,-0.04216826817488656f,0.9987110272617293f,1.023359375f,0f,0f,0f,1f],start_interpolation:0}
execute if entity @s[tag=aj.nep_offhand_bow_glitch.bone.left_leg2] run data modify entity @s {} merge value {transformation:[0.9848077530120193f,0.17320857091819816f,-0.012348302227156258f,-0.11261562559817154f,-0.17216259343582097f,0.983192634566664f,0.0607641732875098f,-1.0294536352453703f,0.022665635417298487f,-0.05771511322294892f,0.9980757660001531f,1.105716217647698f,0f,0f,0f,1f],start_interpolation:0}
execute if entity @s[tag=aj.nep_offhand_bow_glitch.bone.left_leg] run data modify entity @s {} merge value {transformation:[0.9848077530120193f,0.1727214037074326f,0.017916648926396977f,-0.03515625000000014f,-0.17216259343582097f,0.9577041412669357f,0.23057063824696633f,-0.68796875f,0.022665635417298487f,-0.23015232890738968f,0.9728906282155435f,1.023359375f,0f,0f,0f,1f],start_interpolation:0}