execute if entity @s[tag=aj.nep_offhand_bow_glitch.locator_origin.arrow_shot] at @s on origin run tp @s ^0.5393 ^-0.59732 ^1.29736 ~-170.37175 ~43.59765
execute if entity @s[tag=aj.nep_offhand_bow_glitch.bone.dragonslayer_greatbow] run data modify entity @s {} merge value {transformation:[0.9842810204662253f,-0.12852764728238605f,-0.1211260361525162f,0.5228251136088704f,0.17657351167019378f,0.7023443633689254f,0.689589871025057f,-0.48007724821329356f,-0.0035591749636741978f,-0.7001378715138564f,0.7139988047228262f,1.1994715204357556f,0f,0f,0f,1f],start_interpolation:0}
execute if entity @s[tag=aj.nep_offhand_bow_glitch.bone.right_arm2] run data modify entity @s {} merge value {transformation:[0.9842810204662253f,-0.12852764728238605f,-0.1211260361525162f,0.4530160416300904f,0.17657351167019378f,0.7023443633689254f,0.689589871025057f,-0.33965844676969914f,-0.0035591749636741978f,-0.7001378715138564f,0.7139988047228262f,1.0862068639428775f,0f,0f,0f,1f],start_interpolation:0}
execute if entity @s[tag=aj.nep_offhand_bow_glitch.bone.right_arm] run data modify entity @s {} merge value {transformation:[0.9842810204662253f,-0.1699351947224668f,-0.04809264335221547f,0.4931349999999999f,0.17657351167019378f,0.9414042255766442f,0.28736715025015425f,-0.17425892857142866f,-0.0035591749636741978f,-0.2913419188188958f,0.9566123659103001f,1.0204621446793003f,0f,0f,0f,1f],start_interpolation:0}
execute if entity @s[tag=aj.nep_offhand_bow_glitch.bone.repeating_crossbow] run data modify entity @s {} merge value {transformation:[0.97315665884923f,0.1708881672592156f,0.15415366238980455f,-0.37507412493205666f,-0.1873818292905334f,0.9772230557784259f,0.09961500542994839f,-0.5278991558428772f,-0.13361948731055992f,-0.12582660110589342f,0.9830124612969062f,1.4286545136296331f,0f,0f,0f,1f],start_interpolation:0}
execute if entity @s[tag=aj.nep_offhand_bow_glitch.bone.left_arm2] run data modify entity @s {} merge value {transformation:[0.97315665884923f,0.1708881672592156f,0.15415366238980455f,-0.4118607473404303f,-0.1873818292905334f,0.9772230557784259f,0.09961500542994839f,-0.38323678661804833f,-0.13361948731055992f,-0.12582660110589342f,0.9830124612969062f,0.9585462817207999f,0f,0f,0f,1f],start_interpolation:0}
execute if entity @s[tag=aj.nep_offhand_bow_glitch.bone.left_arm] run data modify entity @s {} merge value {transformation:[0.97315665884923f,0.2161917279496847f,0.07891295269810285f,-0.22265625000000014f,-0.1873818292905334f,0.9433818774653963f,-0.27371277522541293f,-0.11185267857142867f,-0.13361948731055992f,0.25157855639142523f,0.958568757353832f,1.0204621446793003f,0f,0f,0f,1f],start_interpolation:0}
execute if entity @s[tag=aj.nep_offhand_bow_glitch.bone.head] run data modify entity @s {} merge value {transformation:[1f,0f,0f,0.08984374999999986f,0f,1f,0f,0.03189732142857138f,0f,0f,1f,1.0204621446793003f,0f,0f,0f,1f],start_interpolation:0}
execute if entity @s[tag=aj.nep_offhand_bow_glitch.bone.body_top] run data modify entity @s {} merge value {transformation:[1f,0f,0f,0.08984374999999986f,0f,1f,0f,-0.36185267857142867f,0f,0f,1f,1.0204621446793003f,0f,0f,0f,1f],start_interpolation:0}
execute if entity @s[tag=aj.nep_offhand_bow_glitch.bone.body] run data modify entity @s {} merge value {transformation:[1f,0f,0f,0.08984374999999986f,0f,1f,0f,-0.7993526785714287f,0f,0f,1f,1.0204621446793003f,0f,0f,0f,1f],start_interpolation:0}
execute if entity @s[tag=aj.nep_offhand_bow_glitch.bone.right_leg2] run data modify entity @s {} merge value {transformation:[0.9901548109037344f,-0.13900313548608167f,0.01647964712085802f,0.27928213165333887f,0.1366557062571625f,0.985433743969258f,0.10122032500484823f,-1.0238090711386825f,-0.030309542912193448f,-0.0979717539486204f,0.9947275340698502f,1.175339250635066f,0f,0f,0f,1f],start_interpolation:0}
execute if entity @s[tag=aj.nep_offhand_bow_glitch.bone.right_leg] run data modify entity @s {} merge value {transformation:[0.9901548109037344f,-0.1362565919526071f,-0.03205606952904096f,0.21484374999999986f,0.1366557062571625f,0.8913854274157129f,0.43215418283092316f,-0.7056026785714287f,-0.030309542912193448f,-0.43228018800353035f,0.9012298101306272f,1.0204621446793003f,0f,0f,0f,1f],start_interpolation:0}
execute if entity @s[tag=aj.nep_offhand_bow_glitch.bone.left_leg2] run data modify entity @s {} merge value {transformation:[0.9825195870238813f,0.13926566401025683f,-0.12353273227045522f,-0.11407932585001933f,-0.18456415776623902f,0.8154066364238598f,-0.5486784932398628f,-1.0499885638146345f,0.024317335019704366f,0.5618870812749743f,0.8268564416595119f,0.952904455304769f,0f,0f,0f,1f],start_interpolation:0}
execute if entity @s[tag=aj.nep_offhand_bow_glitch.bone.left_leg] run data modify entity @s {} merge value {transformation:[0.9825195870238813f,0.1768937942337977f,-0.057998678226254076f,-0.03515625000000014f,-0.18456415776623902f,0.966315687536148f,-0.1793601507848951f,-0.7056026785714287f,0.024317335019704366f,0.18692933847609988f,0.9820723443995494f,1.0204621446793003f,0f,0f,0f,1f],start_interpolation:0}