execute if entity @s[tag=aj.nep_offhand_bow_glitch.locator_origin.arrow_shot] at @s on origin run tp @s ^0.48794 ^-0.26184 ^1.59133 ~-98.6537 ~86.15889
execute if entity @s[tag=aj.nep_offhand_bow_glitch.bone.dragonslayer_greatbow] run data modify entity @s {} merge value {transformation:[0.9971200414674405f,-0.03695371913823771f,-0.06622722662034063f,0.4862449268236125f,0.06655252890558697f,0.00764206817175328f,0.9977536568163153f,-0.24742298165404547f,-0.03636459542248091f,-0.9992877570729618f,0.010079422793432102f,1.438391011968996f,0f,0f,0f,1f],start_interpolation:0}
execute if entity @s[tag=aj.nep_offhand_bow_glitch.bone.right_arm2] run data modify entity @s {} merge value {transformation:[0.9971200414674405f,-0.03695371913823771f,-0.06622722662034063f,0.43433236246279844f,0.06655252890558697f,0.00764206817175328f,0.9977536568163153f,-0.22452930152354747f,-0.03636459542248091f,-0.9992877570729618f,0.010079422793432102f,1.2534569864047138f,0f,0f,0f,1f],start_interpolation:0}
execute if entity @s[tag=aj.nep_offhand_bow_glitch.bone.right_arm] run data modify entity @s {} merge value {transformation:[0.9971200414674405f,-0.06335867925218683f,-0.04168093889763305f,0.4931349999999999f,0.06655252890558697f,0.4674899646413492f,0.8814895880587027f,-0.15662500000000001f,-0.03636459542248091f,-0.8817249064890075f,0.47036029326114537f,1.0946484375000003f,0f,0f,0f,1f],start_interpolation:0}
execute if entity @s[tag=aj.nep_offhand_bow_glitch.bone.repeating_crossbow] run data modify entity @s {} merge value {transformation:[0.9592420753387283f,0.2535107808732539f,0.12484760662857143f,-0.4159595714379436f,-0.261257285266791f,0.963978475881322f,0.04990119169469009f,-0.5278342534749478f,-0.10769991548221429f,-0.08048466946292701f,0.9909202521830742f,1.5377450853437713f,0f,0f,0f,1f],start_interpolation:0}
execute if entity @s[tag=aj.nep_offhand_bow_glitch.bone.left_arm2] run data modify entity @s {} merge value {transformation:[0.9592420753387283f,0.2535107808732539f,0.12484760662857143f,-0.42341003157309715f,-0.261257285266791f,0.963978475881322f,0.04990119169469009f,-0.3631983522738221f,-0.10769991548221429f,-0.08048466946292701f,0.9909202521830742f,1.0728561555488427f,0f,0f,0f,1f],start_interpolation:0}
execute if entity @s[tag=aj.nep_offhand_bow_glitch.bone.left_arm] run data modify entity @s {} merge value {transformation:[0.9592420753387283f,0.2587152708984191f,0.11367079441882637f,-0.22265625000000014f,-0.261257285266791f,0.965237641382947f,0.007805546266081915f,-0.09421875000000002f,-0.10769991548221429f,-0.03718473156341094f,0.9934878076472207f,1.0477734375f,0f,0f,0f,1f],start_interpolation:0}
execute if entity @s[tag=aj.nep_offhand_bow_glitch.bone.head] run data modify entity @s {} merge value {transformation:[1f,0f,0f,0.08984374999999986f,0f,1f,0f,0.04953125000000003f,0f,0f,1f,1.0477734375f,0f,0f,0f,1f],start_interpolation:0}
execute if entity @s[tag=aj.nep_offhand_bow_glitch.bone.body_top] run data modify entity @s {} merge value {transformation:[1f,0f,0f,0.08984374999999986f,0f,1f,0f,-0.34421875f,0f,0f,1f,1.0477734375f,0f,0f,0f,1f],start_interpolation:0}
execute if entity @s[tag=aj.nep_offhand_bow_glitch.bone.body] run data modify entity @s {} merge value {transformation:[1f,0f,0f,0.08984374999999986f,0f,1f,0f,-0.78171875f,0f,0f,1f,1.0477734375f,0f,0f,0f,1f],start_interpolation:0}
execute if entity @s[tag=aj.nep_offhand_bow_glitch.bone.right_leg2] run data modify entity @s {} merge value {transformation:[0.9911234932748135f,-0.12187601090944362f,0.05310799415843062f,0.2780155204129398f,0.12980183775961368f,0.9734724868980125f,-0.18842186753884455f,-1.0378438258506684f,-0.02873506556383061f,0.1936428548059549f,0.9806511820161347f,1.1024661241352707f,0f,0f,0f,1f],start_interpolation:0}
execute if entity @s[tag=aj.nep_offhand_bow_glitch.bone.right_leg] run data modify entity @s {} merge value {transformation:[0.9911234932748135f,-0.13268999187623226f,0.008221139496209721f,0.21484374999999986f,0.12980183775961368f,0.979208986617495f,0.1558885609715012f,-0.68796875f,-0.02873506556383061f,-0.15343769609657185f,0.9877404362602649f,1.0477734375f,0f,0f,0f,1f],start_interpolation:0}
execute if entity @s[tag=aj.nep_offhand_bow_glitch.bone.left_leg2] run data modify entity @s {} merge value {transformation:[0.9843836352875532f,0.17311073653035008f,-0.031961406038864375f,-0.1137983257657193f,-0.17449583990501916f,0.9835191466204605f,-0.04734226533239609f,-1.0362790980542282f,0.02323920037142757f,0.05218008364194894f,0.9983672562926008f,1.0912459185380232f,0f,0f,0f,1f],start_interpolation:0}
execute if entity @s[tag=aj.nep_offhand_bow_glitch.bone.left_leg] run data modify entity @s {} merge value {transformation:[0.9843836352875532f,0.17603083537906405f,-0.0014154765311694423f,-0.03515625000000014f,-0.17449583990501916f,0.976798178929375f,0.12416327756667268f,-0.68796875f,0.02323920037142757f,-0.12197730377412651f,0.992260790785412f,1.0477734375f,0f,0f,0f,1f],start_interpolation:0}