execute if entity @s[tag=aj.nep_offhand_bow_glitch.locator_origin.arrow_shot] at @s on origin run tp @s ^0.55397 ^-0.61039 ^1.26195 ~-170.33246 ~40.11728
execute if entity @s[tag=aj.nep_offhand_bow_glitch.bone.dragonslayer_greatbow] run data modify entity @s {} merge value {transformation:[0.97932807265389f,-0.15628330901784498f,-0.1284213900970156f,0.5331294930611991f,0.20218965142646694f,0.7375140294989846f,0.6443542512843495f,-0.48823084677996953f,-0.0059892376861231805f,-0.6569996831160603f,0.7538670608385377f,1.1711664748043857f,0f,0f,0f,1f],start_interpolation:0}
execute if entity @s[tag=aj.nep_offhand_bow_glitch.bone.right_arm2] run data modify entity @s {} merge value {transformation:[0.97932807265389f,-0.15628330901784498f,-0.1284213900970156f,0.45817040857779584f,0.20218965142646694f,0.7375140294989846f,0.6443542512843495f,-0.34345814311585726f,-0.0059892376861231805f,-0.6569996831160603f,0.7538670608385377f,1.067043332962445f,0f,0f,0f,1f],start_interpolation:0}
execute if entity @s[tag=aj.nep_offhand_bow_glitch.bone.right_arm] run data modify entity @s {} merge value {transformation:[0.97932807265389f,-0.19792338693078043f,-0.04174756301708704f,0.4931349999999999f,0.20218965142646694f,0.9517126157491689f,0.2310031209311221f,-0.17358609693877547f,-0.0059892376861231805f,-0.2346687664128386f,0.9720569423147061f,1.0103876639941691f,0f,0f,0f,1f],start_interpolation:0}
execute if entity @s[tag=aj.nep_offhand_bow_glitch.bone.repeating_crossbow] run data modify entity @s {} merge value {transformation:[0.9736256247314612f,0.18079051652681122f,0.13916871775022102f,-0.3844398644351248f,-0.18491297446040955f,0.9826047891776933f,0.017176150944392732f,-0.5606475760457456f,-0.13364256336390662f,-0.04245724224475078f,0.990119713892464f,1.3882995789272787f,0f,0f,0f,1f],start_interpolation:0}
execute if entity @s[tag=aj.nep_offhand_bow_glitch.bone.left_arm2] run data modify entity @s {} merge value {transformation:[0.9736256247314612f,0.18079051652681122f,0.13916871775022102f,-0.412509253437389f,-0.18491297446040955f,0.9826047891776933f,0.017176150944392732f,-0.3775637857210316f,-0.13364256336390662f,-0.04245724224475078f,0.990119713892464f,0.9311621362606535f,0f,0f,0f,1f],start_interpolation:0}
execute if entity @s[tag=aj.nep_offhand_bow_glitch.bone.left_arm] run data modify entity @s {} merge value {transformation:[0.9736256247314612f,0.21807936110705972f,0.06704129418059085f,-0.22265625000000014f,-0.18491297446040955f,0.9263937938873834f,-0.32802702712298576f,-0.11117984693877547f,-0.13364256336390662f,0.3069787140928126f,0.9422864396516843f,1.0103876639941691f,0f,0f,0f,1f],start_interpolation:0}
execute if entity @s[tag=aj.nep_offhand_bow_glitch.bone.head] run data modify entity @s {} merge value {transformation:[1f,0f,0f,0.08984374999999986f,0f,1f,0f,0.03257015306122457f,0f,0f,1f,1.0103876639941691f,0f,0f,0f,1f],start_interpolation:0}
execute if entity @s[tag=aj.nep_offhand_bow_glitch.bone.body_top] run data modify entity @s {} merge value {transformation:[1f,0f,0f,0.08984374999999986f,0f,1f,0f,-0.3611798469387755f,0f,0f,1f,1.0103876639941691f,0f,0f,0f,1f],start_interpolation:0}
execute if entity @s[tag=aj.nep_offhand_bow_glitch.bone.body] run data modify entity @s {} merge value {transformation:[1f,0f,0f,0.08984374999999986f,0f,1f,0f,-0.7986798469387755f,0f,0f,1f,1.0103876639941691f,0f,0f,0f,1f],start_interpolation:0}
execute if entity @s[tag=aj.nep_offhand_bow_glitch.bone.right_leg2] run data modify entity @s {} merge value {transformation:[0.9902081417523925f,-0.13839839598725875f,0.018268004692021778f,0.279298556456757f,0.136287020937383f,0.9867387384130645f,0.08816184003868704f,-1.0251877634426092f,-0.030227205151769087f,-0.08480887986023422f,0.9959386376507166f,1.1609697880701875f,0f,0f,0f,1f],start_interpolation:0}
execute if entity @s[tag=aj.nep_offhand_bow_glitch.bone.right_leg] run data modify entity @s {} merge value {transformation:[0.9902081417523925f,-0.1362999770208724f,-0.030168730026029673f,0.21484374999999986f,0.136287020937383f,0.8970779859644671f,0.4203295552562877f,-0.7049298469387755f,-0.030227205151769087f,-0.42032535417465f,0.9068698433108623f,1.0103876639941691f,0f,0f,0f,1f],start_interpolation:0}
execute if entity @s[tag=aj.nep_offhand_bow_glitch.bone.left_leg2] run data modify entity @s {} merge value {transformation:[0.9826141659928975f,0.14446482231866706f,-0.11661610481626628f,-0.11455566086639965f,-0.18406867407816038f,0.8400848743814091f,-0.5102706409922876f,-1.0512768323973525f,0.024251268280039116f,0.5228645321189878f,0.8520707464986704f,0.9544052518647781f,0f,0f,0f,1f],start_interpolation:0}
execute if entity @s[tag=aj.nep_offhand_bow_glitch.bone.left_leg] run data modify entity @s {} merge value {transformation:[0.9826141659928975f,0.17821513606333353f,-0.05204580740088457f,-0.03515625000000014f,-0.18406867407816038f,0.9717511192794384f,-0.14771081680860987f,-0.7049298469387755f,0.024251268280039116f,0.15472274382613f,0.9876602394192667f,1.0103876639941691f,0f,0f,0f,1f],start_interpolation:0}