execute if entity @s[tag=aj.nep_offhand_bow_glitch.locator_origin.arrow_shot] at @s on origin run tp @s ^0.48597 ^-0.22924 ^1.61956 ~-51.08769 ~84.94931
execute if entity @s[tag=aj.nep_offhand_bow_glitch.bone.dragonslayer_greatbow] run data modify entity @s {} merge value {transformation:[0.9971200414674405f,-0.03254313052773955f,-0.06850231791278463f,0.48492515107911216f,0.06655252890558697f,-0.057630505439423496f,0.9961172048203304f,-0.22483149123528937f,-0.03636459542248091f,-0.997807431069869f,-0.05529870433842193f,1.4660093277335366f,0f,0f,0f,1f],start_interpolation:0}
execute if entity @s[tag=aj.nep_offhand_bow_glitch.bone.right_arm2] run data modify entity @s {} merge value {transformation:[0.9971200414674405f,-0.03254313052773955f,-0.06850231791278463f,0.4337813572355059f,0.06655252890558697f,-0.057630505439423496f,0.9961172048203304f,-0.21417692556625773f,-0.03636459542248091f,-0.997807431069869f,-0.05529870433842193f,1.279755679926223f,0f,0f,0f,1f],start_interpolation:0}
execute if entity @s[tag=aj.nep_offhand_bow_glitch.bone.right_arm] run data modify entity @s {} merge value {transformation:[0.9971200414674405f,-0.060496959623251606f,-0.045735552694948084f,0.4931349999999999f,0.06655252890558697f,0.4088368552990407f,0.9101775577575304f,-0.15662500000000001f,-0.03636459542248091f,-0.910600100826666f,0.4116856477632239f,1.117109375f,0f,0f,0f,1f],start_interpolation:0}
execute if entity @s[tag=aj.nep_offhand_bow_glitch.bone.repeating_crossbow] run data modify entity @s {} merge value {transformation:[0.9592420753387283f,0.256126708134082f,0.11938907102514972f,-0.41968476927617554f,-0.2612572852667909f,0.9648261541130936f,0.02924249022165626f,-0.5373482417399684f,-0.10769991548221428f,-0.05924189159484873f,0.9924168108639576f,1.5032310357236034f,0f,0f,0f,1f],start_interpolation:0}
execute if entity @s[tag=aj.nep_offhand_bow_glitch.bone.left_arm2] run data modify entity @s {} merge value {transformation:[0.9592420753387283f,0.256126708134082f,0.11938907102514972f,-0.4241523251664674f,-0.2612572852667909f,0.9648261541130936f,0.02924249022165626f,-0.36318139962629337f,-0.10769991548221428f,-0.05924189159484873f,0.9924168108639576f,1.041789643541537f,0f,0f,0f,1f],start_interpolation:0}
execute if entity @s[tag=aj.nep_offhand_bow_glitch.bone.left_arm] run data modify entity @s {} merge value {transformation:[0.9592420753387283f,0.26109061039720377f,0.10810334898727705f,-0.22265625000000014f,-0.2612572852667909f,0.965183392910855f,-0.012870467905895844f,-0.09421875000000002f,-0.10769991548221428f,-0.015896893140032474f,0.9940563449793066f,1.023359375f,0f,0f,0f,1f],start_interpolation:0}
execute if entity @s[tag=aj.nep_offhand_bow_glitch.bone.head] run data modify entity @s {} merge value {transformation:[1f,0f,0f,0.08984374999999986f,0f,1f,0f,0.04953125000000003f,0f,0f,1f,1.023359375f,0f,0f,0f,1f],start_interpolation:0}
execute if entity @s[tag=aj.nep_offhand_bow_glitch.bone.body_top] run data modify entity @s {} merge value {transformation:[1f,0f,0f,0.08984374999999986f,0f,1f,0f,-0.34421875f,0f,0f,1f,1.023359375f,0f,0f,0f,1f],start_interpolation:0}
execute if entity @s[tag=aj.nep_offhand_bow_glitch.bone.body] run data modify entity @s {} merge value {transformation:[1f,0f,0f,0.08984374999999986f,0f,1f,0f,-0.78171875f,0f,0f,1f,1.023359375f,0f,0f,0f,1f],start_interpolation:0}
execute if entity @s[tag=aj.nep_offhand_bow_glitch.bone.right_leg2] run data modify entity @s {} merge value {transformation:[0.9912120408923767f,-0.12027946947833291f,0.055059415289124364f,0.27771760465796336f,0.12915332829104853f,0.9699479700114544f,-0.2062046392834154f,-1.0388494648033872f,-0.02860258347272359f,0.21150362808393997f,0.9769586007226797f,1.071568644124446f,0f,0f,0f,1f],start_interpolation:0}
execute if entity @s[tag=aj.nep_offhand_bow_glitch.bone.right_leg] run data modify entity @s {} merge value {transformation:[0.9912120408923767f,-0.13185715900944717f,0.010600924861862177f,0.21484374999999986f,0.12915332829104853f,0.9819790902481668f,0.13797276581531348f,-0.68796875f,-0.02860258347272359f,-0.13539112206249f,0.9903792891035968f,1.023359375f,0f,0f,0f,1f],start_interpolation:0}
execute if entity @s[tag=aj.nep_offhand_bow_glitch.bone.left_leg2] run data modify entity @s {} merge value {transformation:[0.9845003021038439f,0.17279248208538386f,-0.030031871273904005f,-0.11356710131391425f,-0.1738573170585911f,0.984058537148926f,-0.03744901560127245f,-1.0358625871191471f,0.0230822109562447f,0.04208982773887421f,0.9988471644542439f,1.0704353533832864f,0f,0f,0f,1f],start_interpolation:0}
execute if entity @s[tag=aj.nep_offhand_bow_glitch.bone.left_leg] run data modify entity @s {} merge value {transformation:[0.9845003021038439f,0.17538235573855038f,0.0004294799606673356f,-0.03515625000000014f,-0.1738573170585911f,0.9756114301166957f,0.13399989078668803f,-0.68796875f,0.0230822109562447f,-0.1319976011950685f,0.9909812535139699f,1.023359375f,0f,0f,0f,1f],start_interpolation:0}