execute if entity @s[tag=aj.nep_offhand_bow_glitch.locator_origin.arrow_shot] at @s on origin run tp @s ^0.48794 ^-0.26184 ^1.59133 ~-98.6537 ~86.15889
execute if entity @s[tag=aj.nep_offhand_bow_glitch.bone.dragonslayer_greatbow] run data modify entity @s {} merge value {transformation:[0.9971200414674405f,-0.03695371913823771f,-0.0662272266203406f,0.4862449268236125f,0.06655252890558695f,0.007642068171753502f,0.9977536568163153f,-0.24742298165404553f,-0.0363645954224809f,-0.9992877570729619f,0.01007942279343238f,1.4383910119689958f,0f,0f,0f,1f],start_interpolation:0}
execute if entity @s[tag=aj.nep_offhand_bow_glitch.bone.right_arm2] run data modify entity @s {} merge value {transformation:[0.9971200414674405f,-0.03695371913823771f,-0.0662272266203406f,0.43433236246279844f,0.06655252890558695f,0.007642068171753502f,0.9977536568163153f,-0.2245293015235475f,-0.0363645954224809f,-0.9992877570729619f,0.01007942279343238f,1.2534569864047136f,0f,0f,0f,1f],start_interpolation:0}
execute if entity @s[tag=aj.nep_offhand_bow_glitch.bone.right_arm] run data modify entity @s {} merge value {transformation:[0.9971200414674405f,-0.06335867925218681f,-0.041680938897633024f,0.4931349999999999f,0.06655252890558695f,0.4674899646413494f,0.8814895880587026f,-0.15662500000000001f,-0.0363645954224809f,-0.8817249064890074f,0.4703602932611456f,1.0946484375f,0f,0f,0f,1f],start_interpolation:0}
execute if entity @s[tag=aj.nep_offhand_bow_glitch.bone.repeating_crossbow] run data modify entity @s {} merge value {transformation:[0.9592420753387283f,0.24632754641302176f,0.13848242046552384f,-0.4063257960684767f,-0.261257285266791f,0.9598244935542134f,0.1023795510266796f,-0.502653094390154f,-0.10769991548221428f,-0.13438631422707642f,0.9850589052201829f,1.5624652664550542f,0f,0f,0f,1f],start_interpolation:0}
execute if entity @s[tag=aj.nep_offhand_bow_glitch.bone.left_arm2] run data modify entity @s {} merge value {transformation:[0.9592420753387283f,0.24632754641302176f,0.13848242046552384f,-0.42135326426488084f,-0.261257285266791f,0.9598244935542134f,0.1023795510266796f,-0.36261680390745304f,-0.10769991548221428f,-0.13438631422707642f,0.9850589052201829f,1.0897642838943482f,0f,0f,0f,1f],start_interpolation:0}
execute if entity @s[tag=aj.nep_offhand_bow_glitch.bone.left_arm] run data modify entity @s {} merge value {transformation:[0.9592420753387283f,0.25213361551212693f,0.12760595922069026f,-0.22265625000000014f,-0.261257285266791f,0.9633766866105661f,0.06041515199247463f,-0.09421875000000002f,-0.10769991548221428f,-0.09129074226902845f,0.9899831961104661f,1.0477734375f,0f,0f,0f,1f],start_interpolation:0}
execute if entity @s[tag=aj.nep_offhand_bow_glitch.bone.head] run data modify entity @s {} merge value {transformation:[1f,0f,0f,0.08984374999999986f,0f,1f,0f,0.04953125000000003f,0f,0f,1f,1.0477734375f,0f,0f,0f,1f],start_interpolation:0}
execute if entity @s[tag=aj.nep_offhand_bow_glitch.bone.body_top] run data modify entity @s {} merge value {transformation:[1f,0f,0f,0.08984374999999986f,0f,1f,0f,-0.34421875f,0f,0f,1f,1.0477734375f,0f,0f,0f,1f],start_interpolation:0}
execute if entity @s[tag=aj.nep_offhand_bow_glitch.bone.body] run data modify entity @s {} merge value {transformation:[1f,0f,0f,0.08984374999999986f,0f,1f,0f,-0.78171875f,0f,0f,1f,1.0477734375f,0f,0f,0f,1f],start_interpolation:0}
execute if entity @s[tag=aj.nep_offhand_bow_glitch.bone.right_leg2] run data modify entity @s {} merge value {transformation:[0.9910235449943657f,-0.12449554761211057f,0.04871541739081219f,0.2783586746616221f,0.13052991379297801f,0.9798166307667252f,-0.15139785889549723f,-1.0354241298818148f,-0.028883816783764345f,0.15639766205958408f,0.9872717439642938f,1.115855333672274f,0f,0f,0f,1f],start_interpolation:0}
execute if entity @s[tag=aj.nep_offhand_bow_glitch.bone.right_leg] run data modify entity @s {} merge value {transformation:[0.9910235449943657f,-0.13364920144997638f,0.003197533202950067f,0.21484374999999986f,0.13052991379297801f,0.97250757505344f,0.19284957368082414f,-0.68796875f,-0.028883816783764345f,-0.19070109442649122f,0.9812231233071f,1.0477734375f,0f,0f,0f,1f],start_interpolation:0}
execute if entity @s[tag=aj.nep_offhand_bow_glitch.bone.left_leg2] run data modify entity @s {} merge value {transformation:[0.9842521185074984f,0.17330035844067945f,-0.034853306555238654f,-0.11404384942209662f,-0.17521267947319458f,0.9825454458242413f,-0.06248970988783971f,-1.036868563297742f,0.023415468505349223f,0.06761237057206923f,0.9974368567384604f,1.0857233806912572f,0f,0f,0f,1f],start_interpolation:0}
execute if entity @s[tag=aj.nep_offhand_bow_glitch.bone.left_leg] run data modify entity @s {} merge value {transformation:[0.9842521185074984f,0.17671974976115984f,-0.004230515081460431f,-0.03515625000000014f,-0.17521267947319458f,0.9784695969795079f,0.10907687536129294f,-0.68796875f,0.023415468505349223f,-0.10661790577155648f,0.994024314593744f,1.0477734375f,0f,0f,0f,1f],start_interpolation:0}