execute if entity @s[tag=aj.nep_offhand_bow_glitch.locator_origin.arrow_shot] at @s on origin run tp @s ^0.51656 ^-0.56601 ^1.41017 ~-171.89308 ~46.96776
execute if entity @s[tag=aj.nep_offhand_bow_glitch.bone.dragonslayer_greatbow] run data modify entity @s {} merge value {transformation:[0.9914448613738104f,-0.08818221730122625f,-0.09623400338396595f,0.5066093045112261f,0.13052619222005157f,0.6698104397350122f,0.7309698269877655f,-0.45343564185666274f,-3.469446951953614e-18f,-0.737277336810124f,0.6755902076156604f,1.3061153005065043f,0f,0f,0f,1f],start_interpolation:0}
execute if entity @s[tag=aj.nep_offhand_bow_glitch.bone.right_arm2] run data modify entity @s {} merge value {transformation:[0.9914448613738104f,-0.08818221730122625f,-0.09623400338396595f,0.4446366569200608f,0.13052619222005157f,0.6698104397350122f,0.7309698269877655f,-0.316083224728258f,-3.469446951953614e-18f,-0.737277336810124f,0.6755902076156604f,1.1848167712517368f,0f,0f,0f,1f],start_interpolation:0}
execute if entity @s[tag=aj.nep_offhand_bow_glitch.bone.right_arm] run data modify entity @s {} merge value {transformation:[0.9914448613738104f,-0.12265449964846552f,-0.044642586970855824f,0.4931349999999998f,0.13052619222005157f,0.9316534201490776f,0.3390941135865683f,-0.156390625f,-3.469446951953614e-18f,-0.3420201433256686f,0.9396926207859084f,1.11109375f,0f,0f,0f,1f],start_interpolation:0}
execute if entity @s[tag=aj.nep_offhand_bow_glitch.bone.repeating_crossbow] run data modify entity @s {} merge value {transformation:[0.976296007119579f,0.13912470208596395f,0.16580236352916916f,-0.3577557932376584f,-0.17729695222394873f,0.9534447072816039f,0.24394462668563824f,-0.4486817115628494f,-0.12414466244855565f,-0.2675584187167138f,0.9555106463872319f,1.5613667299688707f,0f,0f,0f,1f],start_interpolation:0}
execute if entity @s[tag=aj.nep_offhand_bow_glitch.bone.left_arm2] run data modify entity @s {} merge value {transformation:[0.976296007119579f,0.13912470208596395f,0.16580236352916916f,-0.40599353449521636f,-0.17729695222394873f,0.9534447072816039f,0.24394462668563824f,-0.3740753237248393f,-0.12414466244855565f,-0.2675584187167138f,0.9555106463872319f,1.07619746715584f,0f,0f,0f,1f],start_interpolation:0}
execute if entity @s[tag=aj.nep_offhand_bow_glitch.bone.left_arm] run data modify entity @s {} merge value {transformation:[0.976296007119579f,0.1961609075368602f,0.0914713334148047f,-0.22265625000000017f,-0.17729695222394873f,0.9672098168090653f,-0.18185423008627896f,-0.09398437500000001f,-0.12414466244855565f,0.16132597008073382f,0.979061813249319f,1.11109375f,0f,0f,0f,1f],start_interpolation:0}
execute if entity @s[tag=aj.nep_offhand_bow_glitch.bone.head] run data modify entity @s {} merge value {transformation:[1f,0f,0f,0.08984374999999985f,0f,1f,0f,0.049765625000000036f,0f,0f,1f,1.11109375f,0f,0f,0f,1f],start_interpolation:0}
execute if entity @s[tag=aj.nep_offhand_bow_glitch.bone.body_top] run data modify entity @s {} merge value {transformation:[1f,0f,0f,0.08984374999999985f,0f,1f,0f,-0.343984375f,0f,0f,1f,1.11109375f,0f,0f,0f,1f],start_interpolation:0}
execute if entity @s[tag=aj.nep_offhand_bow_glitch.bone.body] run data modify entity @s {} merge value {transformation:[1f,0f,0f,0.08984374999999985f,0f,1f,0f,-0.781484375f,0f,0f,1f,1.11109375f,0f,0f,0f,1f],start_interpolation:0}
execute if entity @s[tag=aj.nep_offhand_bow_glitch.bone.right_leg2] run data modify entity @s {} merge value {transformation:[0.9914448613739183f,-0.12940952255045626f,0.017037086855293763f,0.2761310229375359f,0.1274322002882307f,0.9879138059030428f,0.08824594288614829f,-1.008517133385387f,-0.028251038652625234f,-0.08531991314709625f,0.9959530065397765f,1.261881094789085f,0f,0f,0f,1f],start_interpolation:0}
execute if entity @s[tag=aj.nep_offhand_bow_glitch.bone.right_leg] run data modify entity @s {} merge value {transformation:[0.9914448613739183f,-0.1274322002881908f,-0.028251038652805257f,0.21484374999999986f,0.1274322002882307f,0.8981534233457823f,0.4208104828327738f,-0.687734375f,-0.028251038652625234f,-0.4208104828327859f,0.906708561971864f,1.11109375f,0f,0f,0f,1f],start_interpolation:0}
execute if entity @s[tag=aj.nep_offhand_bow_glitch.bone.left_leg2] run data modify entity @s {} merge value {transformation:[0.9848077530120193f,0.12278780396937636f,-0.12278780397008363f,-0.10918521421658653f,-0.17216259343582097f,0.782702703350379f,-0.5981107920690455f,-1.0308141510374738f,0.022665635417298484f,0.6101636119635345f,0.7919511573365767f,1.0322869547276619f,0f,0f,0f,1f],start_interpolation:0}
execute if entity @s[tag=aj.nep_offhand_bow_glitch.bone.left_leg] run data modify entity @s {} merge value {transformation:[0.9848077530120193f,0.16317591116736996f,-0.05939117461472088f,-0.03515625000000015f,-0.17216259343582097f,0.9621420982536584f,-0.21128801241315098f,-0.687734375f,0.022665635417298484f,0.21830301139184088f,0.9756177859122823f,1.11109375f,0f,0f,0f,1f],start_interpolation:0}