execute if entity @s[tag=aj.nep_offhand_bow_glitch.locator_origin.arrow_shot] at @s on origin run tp @s ^0.51713 ^-0.65191 ^1.00908 ~166.75777 ~24.02275
execute if entity @s[tag=aj.nep_offhand_bow_glitch.bone.dragonslayer_greatbow] run data modify entity @s {} merge value {transformation:[0.96644069249637f,-0.14905120767998095f,0.20922744890734582f,0.5017045828805655f,0.05250144388673892f,0.9118737529827367f,0.407099320818626f,-0.5068708757629506f,-0.25146766447586144f,-0.3824526063583803f,0.8890973049181611f,0.960869473824687f,0f,0f,0f,1f],start_interpolation:0}
execute if entity @s[tag=aj.nep_offhand_bow_glitch.bone.right_arm2] run data modify entity @s {} merge value {transformation:[0.96644069249637f,-0.14905120767998095f,0.20922744890734582f,0.43690205125504805f,0.05250144388673892f,0.9118737529827367f,0.407099320818626f,-0.32879038950353756f,-0.25146766447586144f,-0.3824526063583803f,0.8890973049181611f,0.9220416352500437f,0f,0f,0f,1f],start_interpolation:0}
execute if entity @s[tag=aj.nep_offhand_bow_glitch.bone.right_arm] run data modify entity @s {} merge value {transformation:[0.96644069249637f,-0.035599551526769226f,0.2544112022262969f,0.4931349999999999f,0.05250144388673892f,0.9968194442234939f,-0.059954933139586844f,-0.15662500000000001f,-0.25146766447586144f,0.07129984255983758f,0.9652359018260759f,0.8999999999999999f,0f,0f,0f,1f],start_interpolation:0}
execute if entity @s[tag=aj.nep_offhand_bow_glitch.bone.repeating_crossbow] run data modify entity @s {} merge value {transformation:[0.9913925655717395f,0.09455158465929674f,0.09055815130345864f,-0.35455169559345306f,-0.09043249970141486f,0.9947177122727489f,-0.04856578928240084f,-0.6080403140166022f,-0.09467176942910631f,0.039958362444985164f,0.9947062809412018f,1.3563563213854446f,0f,0f,0f,1f],start_interpolation:0}
execute if entity @s[tag=aj.nep_offhand_bow_glitch.bone.left_arm2] run data modify entity @s {} merge value {transformation:[0.9913925655717395f,0.09455158465929674f,0.09055815130345864f,-0.37733397181597106f,-0.09043249970141486f,0.9947177122727489f,-0.04856578928240084f,-0.39280610986440173f,-0.09467176942910631f,0.039958362444985164f,0.9947062809412018f,0.9131437182032968f,0f,0f,0f,1f],start_interpolation:0}
execute if entity @s[tag=aj.nep_offhand_bow_glitch.bone.left_arm] run data modify entity @s {} merge value {transformation:[0.9913925655717395f,0.09841168358241113f,0.08634767781220092f,-0.2226562500000001f,-0.09043249970141486f,0.9916525514466514f,-0.09190854262308767f,-0.09421875000000002f,-0.09467176942910631f,0.08330880952109274f,0.9920165816806392f,0.9273437499999999f,0f,0f,0f,1f],start_interpolation:0}
execute if entity @s[tag=aj.nep_offhand_bow_glitch.bone.right_leg2] run data modify entity @s {} merge value {transformation:[0.9988918007954072f,-0.029188165627807842f,0.03692182675589514f,0.2448465278823245f,0.0414695619185174f,0.9168178217768931f,-0.3971465184369104f,-1.0457466970071216f,-0.022258610423719814f,0.3982375329618702f,0.9170122254378338f,0.9052235057718454f,0f,0f,0f,1f],start_interpolation:0}
execute if entity @s[tag=aj.nep_offhand_bow_glitch.bone.right_leg] run data modify entity @s {} merge value {transformation:[0.9988918007954072f,-0.04005591233362468f,0.024712227557014188f,0.2148437499999999f,0.0414695619185174f,0.997359050885839f,-0.05962548993831913f,-0.68796875f,-0.022258610423719814f,0.06058421826861612f,0.9979148795156758f,0.9273437499999999f,0f,0f,0f,1f],start_interpolation:0}
execute if entity @s[tag=aj.nep_offhand_bow_glitch.bone.left_leg2] run data modify entity @s {} merge value {transformation:[0.9961065186981882f,0.08808936026010965f,0.003473904998781946f,-0.08167979711092718f,-0.08813216545715344f,0.9940922388190234f,0.0633509442045998f,-1.034462720283849f,0.0021271621491733526f,-0.06341045125802217f,0.9979852653483643f,1.0120315258070935f,0f,0f,0f,1f],start_interpolation:0}
execute if entity @s[tag=aj.nep_offhand_bow_glitch.bone.left_leg] run data modify entity @s {} merge value {transformation:[0.9961065186981882f,0.08614784766961495f,0.01871768545704208f,-0.035156250000000125f,-0.08813216545715344f,0.9679889679836298f,0.23501080671709604f,-0.68796875f,0.0021271621491733526f,-0.23574542668709433f,0.9718125174010216f,0.9273437499999999f,0f,0f,0f,1f],start_interpolation:0}