execute if entity @s[tag=aj.nep_offhand_bow_glitch.locator_origin.arrow_shot] at @s on origin run tp @s ^0.4898 ^-0.29399 ^1.56096 ~-139.8273 ~84.33588
execute if entity @s[tag=aj.nep_offhand_bow_glitch.bone.dragonslayer_greatbow] run data modify entity @s {} merge value {transformation:[0.9971200414674405f,-0.04120606625014778f,-0.06366854017611948f,0.4874856974219407f,0.06655252890558695f,0.0728819172737874f,0.9951175744758848f,-0.26963290361517983f,-0.03636459542248092f,-0.9964889794868207f,0.0754143882894639f,1.4093046950290895f,0f,0f,0f,1f],start_interpolation:0}
execute if entity @s[tag=aj.nep_offhand_bow_glitch.bone.right_arm2] run data modify entity @s {} merge value {transformation:[0.9971200414674405f,-0.04120606625014778f,-0.06366854017611948f,0.434840861517823f,0.06655252890558695f,0.0728819172737874f,0.9951175744758848f,-0.234610544357296f,-0.03636459542248092f,-0.9964889794868207f,0.0754143882894639f,1.2264889836022976f,0f,0f,0f,1f],start_interpolation:0}
execute if entity @s[tag=aj.nep_offhand_bow_glitch.bone.right_arm] run data modify entity @s {} merge value {transformation:[0.9971200414674405f,-0.0659490872895628f,-0.03744784092098415f,0.4931349999999999f,0.06655252890558695f,0.5241412101846987f,0.8490269446150639f,-0.15662500000000001f,-0.03636459542248092f,-0.8490740307368924f,0.5270207837722969f,1.0721875f,0f,0f,0f,1f],start_interpolation:0}
execute if entity @s[tag=aj.nep_offhand_bow_glitch.bone.repeating_crossbow] run data modify entity @s {} merge value {transformation:[0.9592420753387283f,0.24354665027624384f,0.1433166774631288f,-0.40279157951979766f,-0.261257285266791f,0.9576171268474944f,0.12130156331794072f,-0.4932142229193998f,-0.1076999154822143f,-0.1538000894264069f,0.9822149768240928f,1.5954605360644742f,0f,0f,0f,1f],start_interpolation:0}
execute if entity @s[tag=aj.nep_offhand_bow_glitch.bone.left_arm2] run data modify entity @s {} merge value {transformation:[0.9592420753387283f,0.24354665027624384f,0.1433166774631288f,-0.4205509573863653f,-0.261257285266791f,0.9576171268474944f,0.12130156331794072f,-0.36218558540780854f,-0.1076999154822143f,-0.1538000894264069f,0.9822149768240928f,1.120278142644795f,0f,0f,0f,1f],start_interpolation:0}
execute if entity @s[tag=aj.nep_offhand_bow_glitch.bone.left_arm] run data modify entity @s {} merge value {transformation:[0.9592420753387283f,0.2495662335008772f,0.13255691606263004f,-0.22265625000000014f,-0.261257285266791f,0.9619967874117037f,0.07941543870424682f,-0.09421875000000002f,-0.1076999154822143f,-0.11081009027045789f,0.9879887914846893f,1.0721875f,0f,0f,0f,1f],start_interpolation:0}
execute if entity @s[tag=aj.nep_offhand_bow_glitch.bone.head] run data modify entity @s {} merge value {transformation:[1f,0f,0f,0.08984374999999986f,0f,1f,0f,0.04953125000000003f,0f,0f,1f,1.0721875f,0f,0f,0f,1f],start_interpolation:0}
execute if entity @s[tag=aj.nep_offhand_bow_glitch.bone.body_top] run data modify entity @s {} merge value {transformation:[1f,0f,0f,0.08984374999999986f,0f,1f,0f,-0.34421875f,0f,0f,1f,1.0721875f,0f,0f,0f,1f],start_interpolation:0}
execute if entity @s[tag=aj.nep_offhand_bow_glitch.bone.body] run data modify entity @s {} merge value {transformation:[1f,0f,0f,0.08984374999999986f,0f,1f,0f,-0.78171875f,0f,0f,1f,1.0721875f,0f,0f,0f,1f],start_interpolation:0}
execute if entity @s[tag=aj.nep_offhand_bow_glitch.bone.right_leg2] run data modify entity @s {} merge value {transformation:[0.9912833711938792f,-0.12314967637854074f,0.04681276751441453f,0.27767436965609626f,0.12862850178947444f,0.9815150494594501f,-0.14171420610513374f,-1.0348371473433928f,-0.02849537720215528f,0.1465003921239593f,0.9888001054741211f,1.1438056499904676f,0f,0f,0f,1f],start_interpolation:0}
execute if entity @s[tag=aj.nep_offhand_bow_glitch.bone.right_leg] run data modify entity @s {} merge value {transformation:[0.9912833711938792f,-0.1317337515998387f,0.0018699422263634153f,0.21484374999999986f,0.12862850178947444f,0.9707915622507224f,0.20253012415489435f,-0.68796875f,-0.02849537720215528f,-0.2005242163735686f,0.9792742476578628f,1.0721875f,0f,0f,0f,1f],start_interpolation:0}
execute if entity @s[tag=aj.nep_offhand_bow_glitch.bone.left_leg2] run data modify entity @s {} merge value {transformation:[0.9845943891627058f,0.1713941520017434f,-0.03461117578068554f,-0.1133594516777049f,-0.17334055745688917f,0.9827460832256003f,-0.06452276377586691f,-1.0370956961970064f,0.022955173052127954f,0.06952827169105164f,0.9973158373683846f,1.109459016423522f,0f,0f,0f,1f],start_interpolation:0}
execute if entity @s[tag=aj.nep_offhand_bow_glitch.bone.left_leg] run data modify entity @s {} merge value {transformation:[0.9845943891627058f,0.1748004573134956f,-0.004323072091815875f,-0.03515625000000014f,-0.17334055745688917f,0.979020222350665f,0.10710954844918998f,-0.68796875f,0.022955173052127954f,-0.10471009670250177f,0.9942378265177299f,1.0721875f,0f,0f,0f,1f],start_interpolation:0}