execute if entity @s[tag=aj.nep_offhand_bow_glitch.locator_origin.arrow_shot] at @s on origin run tp @s ^0.49429 ^-0.33357 ^1.49573 ~-153.79255 ~79.92723
execute if entity @s[tag=aj.nep_offhand_bow_glitch.bone.dragonslayer_greatbow] run data modify entity @s {} merge value {transformation:[0.9958827245368802f,-0.047452078680369006f,-0.07723923354042644f,0.4908415888426208f,0.08368096708396076f,0.15358080722760442f,0.9845864265767686f,-0.2969181430547175f,-0.03485820874476402f,-0.98699606680079f,0.15691930857251768f,1.3465836979926917f,0f,0f,0f,1f],start_interpolation:0}
execute if entity @s[tag=aj.nep_offhand_bow_glitch.bone.right_arm2] run data modify entity @s {} merge value {transformation:[0.9958827245368802f,-0.047452078680369006f,-0.07723923354042644f,0.4367518961726531f,0.08368096708396076f,0.15358080722760442f,0.9845864265767686f,-0.2478159787440587f,-0.03485820874476402f,-0.98699606680079f,0.15691930857251768f,1.167466665450498f,0f,0f,0f,1f],start_interpolation:0}
execute if entity @s[tag=aj.nep_offhand_bow_glitch.bone.right_arm] run data modify entity @s {} merge value {transformation:[0.9958827245368802f,-0.07775561682094147f,-0.0466011053709608f,0.4931349999999999f,0.08368096708396076f,0.5908592568610017f,0.8024231018169641f,-0.15663238281250003f,-0.03485820874476402f,-0.8030189304334361f,0.594933191752357f,1.0198340234375f,0f,0f,0f,1f],start_interpolation:0}
execute if entity @s[tag=aj.nep_offhand_bow_glitch.bone.repeating_crossbow] run data modify entity @s {} merge value {transformation:[0.9609639557773711f,0.22627929007707034f,0.159204141211602f,-0.38847072063138066f,-0.25426235652187146f,0.9491361316958935f,0.18571822087587533f,-0.462549645150784f,-0.10908221556537709f,-0.2189481363053194f,0.9696199172128096f,1.562713073698362f,0f,0f,0f,1f],start_interpolation:0}
execute if entity @s[tag=aj.nep_offhand_bow_glitch.bone.left_arm2] run data modify entity @s {} merge value {transformation:[0.9609639557773711f,0.22627929007707034f,0.159204141211602f,-0.4167872459082913f,-0.25426235652187146f,0.9491361316958935f,0.18571822087587533f,-0.3623743169912758f,-0.10908221556537709f,-0.2189481363053194f,0.9696199172128096f,1.0805872764309028f,0f,0f,0f,1f],start_interpolation:0}
execute if entity @s[tag=aj.nep_offhand_bow_glitch.bone.left_arm] run data modify entity @s {} merge value {transformation:[0.9609639557773711f,0.2368336045955831f,0.14303188256808222f,-0.22265625000000014f,-0.25426235652187146f,0.9597791319808311f,0.11905743097374154f,-0.09422613281250003f,-0.10908221556537709f,-0.15077752335273814f,0.982531021748913f,1.0198340234375f,0f,0f,0f,1f],start_interpolation:0}
execute if entity @s[tag=aj.nep_offhand_bow_glitch.bone.head] run data modify entity @s {} merge value {transformation:[1f,0f,0f,0.08984374999999986f,0f,1f,0f,0.049523867187500015f,0f,0f,1f,1.0198340234375f,0f,0f,0f,1f],start_interpolation:0}
execute if entity @s[tag=aj.nep_offhand_bow_glitch.bone.body_top] run data modify entity @s {} merge value {transformation:[1f,0f,0f,0.08984374999999986f,0f,1f,0f,-0.34422613281250003f,0f,0f,1f,1.0198340234375f,0f,0f,0f,1f],start_interpolation:0}
execute if entity @s[tag=aj.nep_offhand_bow_glitch.bone.body] run data modify entity @s {} merge value {transformation:[1f,0f,0f,0.08984374999999986f,0f,1f,0f,-0.7817261328125f,0f,0f,1f,1.0198340234375f,0f,0f,0f,1f],start_interpolation:0}
execute if entity @s[tag=aj.nep_offhand_bow_glitch.bone.right_leg2] run data modify entity @s {} merge value {transformation:[0.9914448613739183f,-0.09998886423106437f,0.08390061909803552f,0.27441403676986587f,0.12743220028823068f,0.8806125636500014f,-0.4563798276342552f,-1.0394648969253186f,-0.028251038652625224f,0.4631670754399043f,0.8858206020653923f,0.9718594375966692f,0f,0f,0f,1f],start_interpolation:0}
execute if entity @s[tag=aj.nep_offhand_bow_glitch.bone.right_leg] run data modify entity @s {} merge value {transformation:[0.9914448613739183f,-0.1226544996477177f,0.04464258697051378f,0.21484374999999986f,0.12743220028823068f,0.9835962218916793f,-0.12766952106949642f,-0.6879761328125f,-0.028251038652625224f,0.1322661937026327f,0.9908115526266665f,1.0198340234375f,0f,0f,0f,1f],start_interpolation:0}
execute if entity @s[tag=aj.nep_offhand_bow_glitch.bone.left_leg2] run data modify entity @s {} merge value {transformation:[0.9848077530120193f,0.1704272632729167f,0.033290201872647245f,-0.10710183988120704f,-0.17216259343582094f,0.9332488883843267f,0.3152880488551236f,-0.9834740444076057f,0.02266563541729848f,-0.31622944243495504f,0.9484119404079684f,1.2119260523964768f,0f,0f,0f,1f],start_interpolation:0}
execute if entity @s[tag=aj.nep_offhand_bow_glitch.bone.left_leg] run data modify entity @s {} merge value {transformation:[0.9848077530120193f,0.15737869562544446f,0.0733868910000375f,-0.03515625000000014f,-0.17216259343582094f,0.8297403885009818f,0.530934015779449f,-0.6879761328125f,0.02266563541729848f,-0.5355024125561655f,0.844229491973395f,1.0198340234375f,0f,0f,0f,1f],start_interpolation:0}