execute if entity @s[tag=aj.nep_offhand_bow_glitch.locator_origin.arrow_shot] at @s on origin run tp @s ^0.58597 ^-0.01597 ^1.47581 ~-21.00195 ~62.20052
execute if entity @s[tag=aj.nep_offhand_bow_glitch.bone.dragonslayer_greatbow] run data modify entity @s {} merge value {transformation:[0.9628875415194228f,-0.2119161544046894f,-0.16715001013762992f,0.5560382181626139f,0.05154361376137934f,-0.46352162416630566f,0.884585190815813f,-0.07518227514666942f,-0.26493553605943404f,-0.8603715752118722f,-0.43539627272215187f,1.3372585656970657f,0f,0f,0f,1f],start_interpolation:0}
execute if entity @s[tag=aj.nep_offhand_bow_glitch.bone.right_arm2] run data modify entity @s {} merge value {transformation:[0.9628875415194228f,-0.2119161544046894f,-0.16715001013762992f,0.47045139003802583f,0.05154361376137934f,-0.46352162416630566f,0.884585190815813f,-0.14245707376905722f,-0.26493553605943404f,-0.8603715752118722f,-0.43539627272215187f,1.177356642438672f,0f,0f,0f,1f],start_interpolation:0}
execute if entity @s[tag=aj.nep_offhand_bow_glitch.bone.right_arm] run data modify entity @s {} merge value {transformation:[0.9628875415194228f,-0.2651532100657007f,-0.05041187933946066f,0.4931349999999999f,0.05154361376137934f,-0.0026927169004278273f,0.9986671142858927f,-0.15662500000000001f,-0.26493553605943404f,-0.9642025329086981f,0.011074171090955542f,0.996875f,0f,0f,0f,1f],start_interpolation:0}
execute if entity @s[tag=aj.nep_offhand_bow_glitch.bone.repeating_crossbow] run data modify entity @s {} merge value {transformation:[0.9660556512727214f,0.2500956729805121f,0.06471964926096986f,-0.4415224743365404f,-0.23571083331307557f,0.9558706710609408f,-0.1753615216185193f,-0.625978765942993f,-0.10572077233398218f,0.15415386651632093f,0.9823745231505013f,1.2944808577846654f,0f,0f,0f,1f],start_interpolation:0}
execute if entity @s[tag=aj.nep_offhand_bow_glitch.bone.left_arm2] run data modify entity @s {} merge value {transformation:[0.9660556512727214f,0.2500956729805121f,0.06471964926096986f,-0.42237591539901576f,-0.23571083331307557f,0.9558706710609408f,-0.1753615216185193f,-0.3607898120375021f,-0.10572077233398218f,0.15415386651632093f,0.9823745231505013f,0.8790408087116738f,0f,0f,0f,1f],start_interpolation:0}
execute if entity @s[tag=aj.nep_offhand_bow_glitch.bone.left_arm] run data modify entity @s {} merge value {transformation:[0.9660556512727214f,0.2526806687677614f,0.053749030457442185f,-0.2226562500000001f,-0.23571083331307557f,0.9473117318452369f,-0.21688910937904107f,-0.09421875000000002f,-0.10572077233398218f,0.19685772105623647f,0.9747154230633941f,0.9273437499999999f,0f,0f,0f,1f],start_interpolation:0}
execute if entity @s[tag=aj.nep_offhand_bow_glitch.bone.right_leg2] run data modify entity @s {} merge value {transformation:[0.9969480343784476f,-0.060793549847058634f,0.04897714820140911f,0.2569711207386376f,0.07560743307783754f,0.9081470013000187f,-0.4117675801871297f,-1.0440822647576544f,-0.019445637359827298f,0.41421391614331016f,0.9099718121243608f,0.8990068395897367f,0f,0f,0f,1f],start_interpolation:0}
execute if entity @s[tag=aj.nep_offhand_bow_glitch.bone.right_leg] run data modify entity @s {} merge value {transformation:[0.9969480343784476f,-0.07387842143018974f,0.025230846120034792f,0.2148437499999999f,0.07560743307783754f,0.9942118425029441f,-0.07633038903530705f,-0.68796875f,-0.019445637359827298f,0.07800507082160933f,0.9967632999432643f,0.9273437499999999f,0f,0f,0f,1f],start_interpolation:0}
execute if entity @s[tag=aj.nep_offhand_bow_glitch.bone.left_leg2] run data modify entity @s {} merge value {transformation:[0.9925773429429177f,0.12160679919885041f,-0.0014158619241277128f,-0.0937921327303352f,-0.12118746827204262f,0.9899960053585444f,0.072259995211305f,-1.0319405438700548f,0.010189004376796757f,-0.07155204932589729f,0.9973848246424616f,1.0147495251424408f,0f,0f,0f,1f],start_interpolation:0}
execute if entity @s[tag=aj.nep_offhand_bow_glitch.bone.left_leg] run data modify entity @s {} merge value {transformation:[0.9925773429429177f,0.12000518051297944f,0.019722447272712947f,-0.035156250000000125f,-0.12118746827204262f,0.9624079250415457f,0.24307320574477004f,-0.68796875f,0.010189004376796757f,-0.24365907015186994f,0.9698074250708415f,0.9273437499999999f,0f,0f,0f,1f],start_interpolation:0}