execute if entity @s[tag=aj.nep_offhand_bow_glitch.locator_origin.arrow_shot] at @s on origin run tp @s ^0.48597 ^-0.22924 ^1.61956 ~-51.08769 ~84.94931
execute if entity @s[tag=aj.nep_offhand_bow_glitch.bone.dragonslayer_greatbow] run data modify entity @s {} merge value {transformation:[0.9971200414674405f,-0.03254313052773955f,-0.06850231791278463f,0.48492515107911216f,0.06655252890558697f,-0.057630505439423496f,0.9961172048203304f,-0.22483149123528937f,-0.03636459542248091f,-0.997807431069869f,-0.05529870433842193f,1.4660093277335366f,0f,0f,0f,1f],start_interpolation:0}
execute if entity @s[tag=aj.nep_offhand_bow_glitch.bone.right_arm2] run data modify entity @s {} merge value {transformation:[0.9971200414674405f,-0.03254313052773955f,-0.06850231791278463f,0.4337813572355059f,0.06655252890558697f,-0.057630505439423496f,0.9961172048203304f,-0.21417692556625773f,-0.03636459542248091f,-0.997807431069869f,-0.05529870433842193f,1.279755679926223f,0f,0f,0f,1f],start_interpolation:0}
execute if entity @s[tag=aj.nep_offhand_bow_glitch.bone.right_arm] run data modify entity @s {} merge value {transformation:[0.9971200414674405f,-0.060496959623251606f,-0.045735552694948084f,0.4931349999999999f,0.06655252890558697f,0.4088368552990407f,0.9101775577575304f,-0.15662500000000001f,-0.03636459542248091f,-0.910600100826666f,0.4116856477632239f,1.117109375f,0f,0f,0f,1f],start_interpolation:0}
execute if entity @s[tag=aj.nep_offhand_bow_glitch.bone.repeating_crossbow] run data modify entity @s {} merge value {transformation:[0.9592420753387283f,0.24561380252580378f,0.13974441279945665f,-0.40540936773949704f,-0.2612572852667909f,0.9592865891852514f,0.10730270595075142f,-0.5002157159432877f,-0.1076999154822143f,-0.13943851626484793f,0.9843564539266159f,1.5403009154326224f,0f,0f,0f,1f],start_interpolation:0}
execute if entity @s[tag=aj.nep_offhand_bow_glitch.bone.left_arm2] run data modify entity @s {} merge value {transformation:[0.9592420753387283f,0.24561380252580378f,0.13974441279945665f,-0.42114763388090454f,-0.2612572852667909f,0.9592865891852514f,0.10730270595075142f,-0.36251597659448437f,-0.1076999154822143f,-0.13943851626484793f,0.9843564539266159f,1.0669371070055942f,0f,0f,0f,1f],start_interpolation:0}
execute if entity @s[tag=aj.nep_offhand_bow_glitch.bone.left_arm] run data modify entity @s {} merge value {transformation:[0.9592420753387283f,0.25147559828340277f,0.12889788348865197f,-0.22265625000000014f,-0.2612572852667909f,0.9630540392090662f,0.06535708422297581f,-0.09421875000000002f,-0.1076999154822143f,-0.09636877622501569f,0.9895017873526135f,1.023359375f,0f,0f,0f,1f],start_interpolation:0}
execute if entity @s[tag=aj.nep_offhand_bow_glitch.bone.head] run data modify entity @s {} merge value {transformation:[1f,0f,0f,0.08984374999999986f,0f,1f,0f,0.04953125000000003f,0f,0f,1f,1.023359375f,0f,0f,0f,1f],start_interpolation:0}
execute if entity @s[tag=aj.nep_offhand_bow_glitch.bone.body_top] run data modify entity @s {} merge value {transformation:[1f,0f,0f,0.08984374999999986f,0f,1f,0f,-0.34421875f,0f,0f,1f,1.023359375f,0f,0f,0f,1f],start_interpolation:0}
execute if entity @s[tag=aj.nep_offhand_bow_glitch.bone.body] run data modify entity @s {} merge value {transformation:[1f,0f,0f,0.08984374999999986f,0f,1f,0f,-0.78171875f,0f,0f,1f,1.023359375f,0f,0f,0f,1f],start_interpolation:0}
execute if entity @s[tag=aj.nep_offhand_bow_glitch.bone.right_leg2] run data modify entity @s {} merge value {transformation:[0.991035677737019f,-0.124558657122162f,0.04830555235427156f,0.27832979850407236f,0.130441752568807f,0.9802834573710654f,-0.14842268152613616f,-1.0352174662646132f,-0.02886580397469849f,0.15339323368569552f,0.9877435300827537f,1.0925141430779624f,0f,0f,0f,1f],start_interpolation:0}
execute if entity @s[tag=aj.nep_offhand_bow_glitch.bone.right_leg] run data modify entity @s {} merge value {transformation:[0.991035677737019f,-0.1335683228923313f,0.0027908013289216858f,0.21484374999999986f,0.130441752568807f,0.9719286779784369f,0.19580499000246662f,-0.68796875f,-0.02886580397469849f,-0.19368569395496885f,0.980638882218157f,1.023359375f,0f,0f,0f,1f],start_interpolation:0}
execute if entity @s[tag=aj.nep_offhand_bow_glitch.bone.left_leg2] run data modify entity @s {} merge value {transformation:[0.9842680737760255f,0.17318439195648105f,-0.034978926911731587f,-0.11401089572668077f,-0.1751258802330685f,0.9825052242392123f,-0.0633593751172476f,-1.0369099557988426f,0.023394123574634745f,0.06848832546733108f,0.9973775936208189f,1.0609959395744861f,0f,0f,0f,1f],start_interpolation:0}
execute if entity @s[tag=aj.nep_offhand_bow_glitch.bone.left_leg] run data modify entity @s {} merge value {transformation:[0.9842680737760255f,0.17662735881441458f,-0.004374364351122316f,-0.03515625000000014f,-0.1751258802330685f,0.9785810022329998f,0.10821343789590376f,-0.68796875f,0.023394123574634745f,-0.10574496766703231f,0.9941180597873036f,1.023359375f,0f,0f,0f,1f],start_interpolation:0}