execute if entity @s[tag=aj.nep_offhand_bow_glitch.locator_origin.arrow_shot] at @s on origin run tp @s ^0.48794 ^-0.26184 ^1.59133 ~-98.6537 ~86.15889
execute if entity @s[tag=aj.nep_offhand_bow_glitch.bone.dragonslayer_greatbow] run data modify entity @s {} merge value {transformation:[0.9971200414674405f,-0.03695371913823771f,-0.0662272266203406f,0.4862449268236125f,0.06655252890558695f,0.007642068171753502f,0.9977536568163153f,-0.24742298165404553f,-0.0363645954224809f,-0.9992877570729619f,0.01007942279343238f,1.4383910119689958f,0f,0f,0f,1f],start_interpolation:0}
execute if entity @s[tag=aj.nep_offhand_bow_glitch.bone.right_arm2] run data modify entity @s {} merge value {transformation:[0.9971200414674405f,-0.03695371913823771f,-0.0662272266203406f,0.43433236246279844f,0.06655252890558695f,0.007642068171753502f,0.9977536568163153f,-0.2245293015235475f,-0.0363645954224809f,-0.9992877570729619f,0.01007942279343238f,1.2534569864047136f,0f,0f,0f,1f],start_interpolation:0}
execute if entity @s[tag=aj.nep_offhand_bow_glitch.bone.right_arm] run data modify entity @s {} merge value {transformation:[0.9971200414674405f,-0.06335867925218681f,-0.041680938897633024f,0.4931349999999999f,0.06655252890558695f,0.4674899646413494f,0.8814895880587026f,-0.15662500000000001f,-0.0363645954224809f,-0.8817249064890074f,0.4703602932611456f,1.0946484375f,0f,0f,0f,1f],start_interpolation:0}
execute if entity @s[tag=aj.nep_offhand_bow_glitch.bone.repeating_crossbow] run data modify entity @s {} merge value {transformation:[0.9577672025101617f,0.24494884982923473f,0.15060560003928766f,-0.4001121637711938f,-0.26707580774400275f,0.9518855478072306f,0.15028112587286924f,-0.47684095429690365f,-0.10654810516263222f,-0.1841574457985984f,0.9771046701572913f,1.584029385784141f,0f,0f,0f,1f],start_interpolation:0}
execute if entity @s[tag=aj.nep_offhand_bow_glitch.bone.left_arm2] run data modify entity @s {} merge value {transformation:[0.9577672025101617f,0.24494884982923473f,0.15060560003928766f,-0.4209037243162457f,-0.26707580774400275f,0.9518855478072306f,0.15028112587286924f,-0.3600638785099477f,-0.10654810516263222f,-0.1841574457985984f,0.9771046701572913f,1.1052674073991033f,0f,0f,0f,1f],start_interpolation:0}
execute if entity @s[tag=aj.nep_offhand_bow_glitch.bone.left_arm] run data modify entity @s {} merge value {transformation:[0.9577672025101617f,0.251285036807921f,0.139777738114124f,-0.22265625000000014f,-0.26707580774400275f,0.9575347343294336f,0.10861742710334067f,-0.09421875000000002f,-0.10654810516263222f,-0.14136146161207735f,0.9842075179844695f,1.0477734375f,0f,0f,0f,1f],start_interpolation:0}
execute if entity @s[tag=aj.nep_offhand_bow_glitch.bone.head] run data modify entity @s {} merge value {transformation:[1f,0f,0f,0.08984374999999986f,0f,1f,0f,0.04953125000000003f,0f,0f,1f,1.0477734375f,0f,0f,0f,1f],start_interpolation:0}
execute if entity @s[tag=aj.nep_offhand_bow_glitch.bone.body_top] run data modify entity @s {} merge value {transformation:[1f,0f,0f,0.08984374999999986f,0f,1f,0f,-0.34421875f,0f,0f,1f,1.0477734375f,0f,0f,0f,1f],start_interpolation:0}
execute if entity @s[tag=aj.nep_offhand_bow_glitch.bone.body] run data modify entity @s {} merge value {transformation:[1f,0f,0f,0.08984374999999986f,0f,1f,0f,-0.78171875f,0f,0f,1f,1.0477734375f,0f,0f,0f,1f],start_interpolation:0}
execute if entity @s[tag=aj.nep_offhand_bow_glitch.bone.right_leg2] run data modify entity @s {} merge value {transformation:[0.9914448613739183f,-0.10523251830256303f,0.07722178414769115f,0.2753639105175135f,0.12743220028823068f,0.908423052800711f,-0.3981564911814663f,-1.0416927394848248f,-0.028251038652625224f,0.40459074906865766f,0.9140613790020397f,1.023051368737983f,0f,0f,0f,1f],start_interpolation:0}
execute if entity @s[tag=aj.nep_offhand_bow_glitch.bone.right_leg] run data modify entity @s {} merge value {transformation:[0.9914448613739183f,-0.1252976265976937f,0.03657309973514396f,0.21484374999999986f,0.12743220028823068f,0.9898159794485661f,-0.06344573396199284f,-0.68796875f,-0.028251038652625224f,0.06756353748332479f,0.9973149187783101f,1.0477734375f,0f,0f,0f,1f],start_interpolation:0}
execute if entity @s[tag=aj.nep_offhand_bow_glitch.bone.left_leg2] run data modify entity @s {} merge value {transformation:[0.9848077530120193f,0.17277689199760832f,0.017373404935834523f,-0.11036908747080232f,-0.17216259343582097f,0.958424479202404f,0.22755781482307516f,-1.0083144675543578f,0.02266563541729849f,-0.22709175074680177f,0.9736095756071232f,1.1930875165638484f,0f,0f,0f,1f],start_interpolation:0}
execute if entity @s[tag=aj.nep_offhand_bow_glitch.bone.left_leg] run data modify entity @s {} merge value {transformation:[0.9848077530120193f,0.1664701671791009f,0.049410252446024636f,-0.03515625000000014f,-0.17216259343582097f,0.8988821094310746f,0.4029528443455808f,-0.68796875f,0.02266563541729849f,-0.4053376824131996f,0.9138860061227693f,1.0477734375f,0f,0f,0f,1f],start_interpolation:0}