execute if entity @s[tag=aj.nep_offhand_bow_glitch.locator_origin.arrow_shot] at @s on origin run tp @s ^0.48794 ^-0.26184 ^1.59133 ~-98.6537 ~86.15889
execute if entity @s[tag=aj.nep_offhand_bow_glitch.bone.dragonslayer_greatbow] run data modify entity @s {} merge value {transformation:[0.9971200414674405f,-0.03695371913823771f,-0.06622722662034063f,0.4862449268236125f,0.06655252890558697f,0.00764206817175328f,0.9977536568163153f,-0.24742298165404547f,-0.03636459542248091f,-0.9992877570729618f,0.010079422793432102f,1.4383910119689958f,0f,0f,0f,1f],start_interpolation:0}
execute if entity @s[tag=aj.nep_offhand_bow_glitch.bone.right_arm2] run data modify entity @s {} merge value {transformation:[0.9971200414674405f,-0.03695371913823771f,-0.06622722662034063f,0.43433236246279844f,0.06655252890558697f,0.00764206817175328f,0.9977536568163153f,-0.22452930152354747f,-0.03636459542248091f,-0.9992877570729618f,0.010079422793432102f,1.2534569864047136f,0f,0f,0f,1f],start_interpolation:0}
execute if entity @s[tag=aj.nep_offhand_bow_glitch.bone.right_arm] run data modify entity @s {} merge value {transformation:[0.9971200414674405f,-0.06335867925218683f,-0.04168093889763305f,0.4931349999999999f,0.06655252890558697f,0.4674899646413492f,0.8814895880587027f,-0.15662500000000001f,-0.03636459542248091f,-0.8817249064890075f,0.47036029326114537f,1.0946484375f,0f,0f,0f,1f],start_interpolation:0}
execute if entity @s[tag=aj.nep_offhand_bow_glitch.bone.repeating_crossbow] run data modify entity @s {} merge value {transformation:[0.9592420753387283f,0.260520512377799f,0.10947010336278386f,-0.42627182890592075f,-0.26125728526679093f,0.965237586971972f,-0.007812271855956426f,-0.5538514910616446f,-0.10769991548221428f,-0.021106002154217946f,0.9939593879420779f,1.5090100730727611f,0f,0f,0f,1f],start_interpolation:0}
execute if entity @s[tag=aj.nep_offhand_bow_glitch.bone.left_arm2] run data modify entity @s {} merge value {transformation:[0.9592420753387283f,0.260520512377799f,0.10947010336278386f,-0.42538887611113463f,-0.26125728526679093f,0.965237586971972f,-0.007812271855956426f,-0.3628047543904087f,-0.10769991548221428f,-0.021106002154217946f,0.9939593879420779f,1.054276556419282f,0f,0f,0f,1f],start_interpolation:0}
execute if entity @s[tag=aj.nep_offhand_bow_glitch.bone.left_arm] run data modify entity @s {} merge value {transformation:[0.9592420753387283f,0.26504757342013907f,0.09800216693494834f,-0.22265625000000014f,-0.26125728526679093f,0.9639781281560241f,-0.049907908509919906f,-0.09421875000000002f,-0.10769991548221428f,0.02226998565118348f,0.9939339897318232f,1.0477734375f,0f,0f,0f,1f],start_interpolation:0}
execute if entity @s[tag=aj.nep_offhand_bow_glitch.bone.head] run data modify entity @s {} merge value {transformation:[1f,0f,0f,0.08984374999999986f,0f,1f,0f,0.04953125000000003f,0f,0f,1f,1.0477734375f,0f,0f,0f,1f],start_interpolation:0}
execute if entity @s[tag=aj.nep_offhand_bow_glitch.bone.body_top] run data modify entity @s {} merge value {transformation:[1f,0f,0f,0.08984374999999986f,0f,1f,0f,-0.34421875f,0f,0f,1f,1.0477734375f,0f,0f,0f,1f],start_interpolation:0}
execute if entity @s[tag=aj.nep_offhand_bow_glitch.bone.body] run data modify entity @s {} merge value {transformation:[1f,0f,0f,0.08984374999999986f,0f,1f,0f,-0.78171875f,0f,0f,1f,1.0477734375f,0f,0f,0f,1f],start_interpolation:0}
execute if entity @s[tag=aj.nep_offhand_bow_glitch.bone.right_leg2] run data modify entity @s {} merge value {transformation:[0.9914448613739183f,-0.11472878455678705f,0.06224462104771954f,0.27672992359006215f,0.1274322002882307f,0.9540093003478345f,-0.27134348928901086f,-1.0415002795624861f,-0.028251038652625227f,0.27695407713907677f,0.9604677599852534f,1.071858502864031f,0f,0f,0f,1f],start_interpolation:0}
execute if entity @s[tag=aj.nep_offhand_bow_glitch.bone.right_leg] run data modify entity @s {} merge value {transformation:[0.9914448613739183f,-0.12909870645174204f,0.019251255744465224f,0.21484374999999986f,0.1274322002882307f,0.989280438795102f,0.0713109230558035f,-0.68796875f,-0.028251038652625227f,-0.0682476183456786f,0.9972683397186489f,1.0477734375f,0f,0f,0f,1f],start_interpolation:0}
execute if entity @s[tag=aj.nep_offhand_bow_glitch.bone.left_leg2] run data modify entity @s {} merge value {transformation:[0.9848077530120193f,0.17259550843841853f,-0.019091361247996104f,-0.11281945275812676f,-0.17216259343582097f,0.984814087162436f,0.022388728143198644f,-1.032422304615531f,0.022665635417298484f,-0.018761774790825247f,0.9995670386611537f,1.1164371608193455f,0f,0f,0f,1f],start_interpolation:0}
execute if entity @s[tag=aj.nep_offhand_bow_glitch.bone.left_leg] run data modify entity @s {} merge value {transformation:[0.9848077530120193f,0.1732885749351341f,0.011169574941245285f,-0.03515625000000014f,-0.17216259343582097f,0.9659647864708607f,0.19305976463198316f,-0.68796875f,0.022665635417298484f,-0.19204973599371317f,0.9811234213267336f,1.0477734375f,0f,0f,0f,1f],start_interpolation:0}