execute if entity @s[tag=aj.nep_offhand_bow_glitch.locator_origin.arrow_shot] at @s on origin run tp @s ^0.4898 ^-0.29399 ^1.56096 ~-139.8273 ~84.33588
execute if entity @s[tag=aj.nep_offhand_bow_glitch.bone.dragonslayer_greatbow] run data modify entity @s {} merge value {transformation:[0.9971200414674405f,-0.04120606625014778f,-0.06366854017611948f,0.4874856974219407f,0.06655252890558695f,0.0728819172737874f,0.9951175744758848f,-0.26963290361517983f,-0.03636459542248092f,-0.9964889794868207f,0.0754143882894639f,1.4093046950290895f,0f,0f,0f,1f],start_interpolation:0}
execute if entity @s[tag=aj.nep_offhand_bow_glitch.bone.right_arm2] run data modify entity @s {} merge value {transformation:[0.9971200414674405f,-0.04120606625014778f,-0.06366854017611948f,0.434840861517823f,0.06655252890558695f,0.0728819172737874f,0.9951175744758848f,-0.234610544357296f,-0.03636459542248092f,-0.9964889794868207f,0.0754143882894639f,1.2264889836022976f,0f,0f,0f,1f],start_interpolation:0}
execute if entity @s[tag=aj.nep_offhand_bow_glitch.bone.right_arm] run data modify entity @s {} merge value {transformation:[0.9971200414674405f,-0.0659490872895628f,-0.03744784092098415f,0.4931349999999999f,0.06655252890558695f,0.5241412101846987f,0.8490269446150639f,-0.15662500000000001f,-0.03636459542248092f,-0.8490740307368924f,0.5270207837722969f,1.0721875f,0f,0f,0f,1f],start_interpolation:0}
execute if entity @s[tag=aj.nep_offhand_bow_glitch.bone.repeating_crossbow] run data modify entity @s {} merge value {transformation:[0.9592420753387283f,0.25441772143603514f,0.12298887721719208f,-0.41723625744941056f,-0.261257285266791f,0.9643178731788683f,0.042844723861996704f,-0.5311092282819161f,-0.1076999154822143f,-0.07323020201447072f,0.9914827611804674f,1.5587325907275709f,0f,0f,0f,1f],start_interpolation:0}
execute if entity @s[tag=aj.nep_offhand_bow_glitch.bone.left_arm2] run data modify entity @s {} merge value {transformation:[0.9592420753387283f,0.25441772143603514f,0.12298887721719208f,-0.42366784429751114f,-0.261257285266791f,0.9643178731788683f,0.042844723861996704f,-0.3632081258559152f,-0.1076999154822143f,-0.07323020201447072f,0.9914827611804674f,1.0949976870798561f,0f,0f,0f,1f],start_interpolation:0}
execute if entity @s[tag=aj.nep_offhand_bow_glitch.bone.left_arm] run data modify entity @s {} merge value {transformation:[0.9592420753387283f,0.25954027161654386f,0.11177427391426065f,-0.22265625000000014f,-0.261257285266791f,0.9652689168456451f,0.0007409903249875806f,-0.09421875000000002f,-0.1076999154822143f,-0.02991263246265343f,0.9937333458349268f,1.0721875f,0f,0f,0f,1f],start_interpolation:0}
execute if entity @s[tag=aj.nep_offhand_bow_glitch.bone.head] run data modify entity @s {} merge value {transformation:[1f,0f,0f,0.08984374999999986f,0f,1f,0f,0.04953125000000003f,0f,0f,1f,1.0721875f,0f,0f,0f,1f],start_interpolation:0}
execute if entity @s[tag=aj.nep_offhand_bow_glitch.bone.body_top] run data modify entity @s {} merge value {transformation:[1f,0f,0f,0.08984374999999986f,0f,1f,0f,-0.34421875f,0f,0f,1f,1.0721875f,0f,0f,0f,1f],start_interpolation:0}
execute if entity @s[tag=aj.nep_offhand_bow_glitch.bone.body] run data modify entity @s {} merge value {transformation:[1f,0f,0f,0.08984374999999986f,0f,1f,0f,-0.78171875f,0f,0f,1f,1.0721875f,0f,0f,0f,1f],start_interpolation:0}
execute if entity @s[tag=aj.nep_offhand_bow_glitch.bone.right_leg2] run data modify entity @s {} merge value {transformation:[0.9911516977615459f,-0.12136463067543862f,0.05374884599151575f,0.2779220362967999f,0.1295956299291641f,0.972361546304548f,-0.19421121484479617f,-1.0381834698246326f,-0.028692938637728312f,0.19945839087198816f,0.9794861232212985f,1.1247737250595435f,0f,0f,0f,1f],start_interpolation:0}
execute if entity @s[tag=aj.nep_offhand_bow_glitch.bone.right_leg] run data modify entity @s {} merge value {transformation:[0.9911516977615459f,-0.13242863587972428f,0.008998245575705246f,0.21484374999999986f,0.1295956299291641f,0.9801451173350285f,0.15006838996792865f,-0.68796875f,-0.028692938637728312f,-0.1475744061934134f,0.9886346695867958f,1.0721875f,0f,0f,0f,1f],start_interpolation:0}
execute if entity @s[tag=aj.nep_offhand_bow_glitch.bone.left_leg2] run data modify entity @s {} merge value {transformation:[0.9844207808289884f,0.17300791835607846f,-0.03136855843262965f,-0.1137255206967184f,-0.1742928097755423f,0.9836959319420778f,-0.044320761964948274f,-1.0361562810725145f,0.023189280553554185f,0.04909759328830142f,0.9985247536244182f,1.1167615300826907f,0f,0f,0f,1f],start_interpolation:0}
execute if entity @s[tag=aj.nep_offhand_bow_glitch.bone.left_leg] run data modify entity @s {} merge value {transformation:[0.9844207808289884f,0.17582663233743395f,-0.0008494898007880627f,-0.03515625000000014f,-0.1742928097755423f,0.9764475999311507f,0.1271695759576249f,-0.68796875f,0.023189280553554185f,-0.12504031329764143f,0.9918806265462776f,1.0721875f,0f,0f,0f,1f],start_interpolation:0}