execute if entity @s[tag=aj.nep_offhand_bow_glitch.locator_origin.arrow_shot] at @s on origin run tp @s ^0.48794 ^-0.26184 ^1.59133 ~-98.6537 ~86.15889
execute if entity @s[tag=aj.nep_offhand_bow_glitch.bone.dragonslayer_greatbow] run data modify entity @s {} merge value {transformation:[0.9971200414674405f,-0.03695371913823774f,-0.06622722662034058f,0.4862449268236125f,0.06655252890558695f,0.007642068171754057f,0.9977536568163152f,-0.24742298165404575f,-0.0363645954224809f,-0.9992877570729618f,0.010079422793432935f,1.4383910119689955f,0f,0f,0f,1f],start_interpolation:0}
execute if entity @s[tag=aj.nep_offhand_bow_glitch.bone.right_arm2] run data modify entity @s {} merge value {transformation:[0.9971200414674405f,-0.03695371913823774f,-0.06622722662034058f,0.43433236246279844f,0.06655252890558695f,0.007642068171754057f,0.9977536568163152f,-0.2245293015235476f,-0.0363645954224809f,-0.9992877570729618f,0.010079422793432935f,1.2534569864047134f,0f,0f,0f,1f],start_interpolation:0}
execute if entity @s[tag=aj.nep_offhand_bow_glitch.bone.right_arm] run data modify entity @s {} merge value {transformation:[0.9971200414674405f,-0.06335867925218684f,-0.041680938897632996f,0.4931349999999999f,0.06655252890558695f,0.46748996464134984f,0.8814895880587023f,-0.15662500000000001f,-0.0363645954224809f,-0.881724906489007f,0.47036029326114603f,1.0946484374999998f,0f,0f,0f,1f],start_interpolation:0}
execute if entity @s[tag=aj.nep_offhand_bow_glitch.bone.repeating_crossbow] run data modify entity @s {} merge value {transformation:[0.9592420753387283f,0.2516381344591072f,0.12858028692528953f,-0.4133697449101735f,-0.26125728526679093f,0.9631357865212475f,0.06414115384933841f,-0.52114544162017f,-0.1076999154822143f,-0.09511943023398624f,0.989622666574026f,1.5445860354329808f,0f,0f,0f,1f],start_interpolation:0}
execute if entity @s[tag=aj.nep_offhand_bow_glitch.bone.left_arm2] run data modify entity @s {} merge value {transformation:[0.9592420753387283f,0.2516381344591072f,0.12858028692528953f,-0.4228762669349936f,-0.26125728526679093f,0.9631357865212475f,0.06414115384933841f,-0.36312936824843556f,-0.1076999154822143f,-0.09511943023398624f,0.989622666574026f,1.0774428529272564f,0f,0f,0f,1f],start_interpolation:0}
execute if entity @s[tag=aj.nep_offhand_bow_glitch.bone.left_arm] run data modify entity @s {} merge value {transformation:[0.9592420753387283f,0.2570072240564877f,0.1174816057203332f,-0.22265625000000014f,-0.26125728526679093f,0.9650168925017101f,0.02206871272570202f,-0.09421875000000002f,-0.1076999154822143f,-0.051862163174334355f,0.9928298163512227f,1.0477734375f,0f,0f,0f,1f],start_interpolation:0}
execute if entity @s[tag=aj.nep_offhand_bow_glitch.bone.head] run data modify entity @s {} merge value {transformation:[1f,0f,0f,0.08984374999999986f,0f,1f,0f,0.04953125000000003f,0f,0f,1f,1.0477734375f,0f,0f,0f,1f],start_interpolation:0}
execute if entity @s[tag=aj.nep_offhand_bow_glitch.bone.body_top] run data modify entity @s {} merge value {transformation:[1f,0f,0f,0.08984374999999986f,0f,1f,0f,-0.34421875f,0f,0f,1f,1.0477734375f,0f,0f,0f,1f],start_interpolation:0}
execute if entity @s[tag=aj.nep_offhand_bow_glitch.bone.body] run data modify entity @s {} merge value {transformation:[1f,0f,0f,0.08984374999999986f,0f,1f,0f,-0.78171875f,0f,0f,1f,1.0477734375f,0f,0f,0f,1f],start_interpolation:0}
execute if entity @s[tag=aj.nep_offhand_bow_glitch.bone.right_leg2] run data modify entity @s {} merge value {transformation:[0.9910739791553856f,-0.12280867638422158f,0.051869035520874f,0.27817742505530707f,0.1301630416647814f,0.9754893112119302f,-0.1774209297006599f,-1.0371671040638497f,-0.02880886019408845f,0.1825886982154965f,0.9827672241473502f,1.1064580723977908f,0f,0f,0f,1f],start_interpolation:0}
execute if entity @s[tag=aj.nep_offhand_bow_glitch.bone.right_leg] run data modify entity @s {} merge value {transformation:[0.9910739791553856f,-0.1331426619297512f,0.006737908827680345f,0.21484374999999986f,0.1301630416647814f,0.9773416392065724f,0.16691585562067662f,-0.68796875f,-0.02880886019408845f,-0.164548934506639f,0.9859481212148271f,1.0477734375f,0f,0f,0f,1f],start_interpolation:0}
execute if entity @s[tag=aj.nep_offhand_bow_glitch.bone.left_leg2] run data modify entity @s {} merge value {transformation:[0.984318459711379f,0.17328738314670183f,-0.03299473766506755f,-0.11392431020290837f,-0.17485147256647876f,0.9831892531652484f,-0.05259139665092509f,-1.0364843580200653f,0.023326645981632026f,0.05753586101319047f,0.9980708854007907f,1.089330565748656f,0f,0f,0f,1f],start_interpolation:0}
execute if entity @s[tag=aj.nep_offhand_bow_glitch.bone.left_leg] run data modify entity @s {} merge value {transformation:[0.984318459711379f,0.1763842344902064f,-0.0024024351650665365f,-0.03515625000000014f,-0.17485147256647876f,0.9773847993848112f,0.11893660695028431f,-0.68796875f,0.023326645981632026f,-0.11665142843024416f,0.9928989434138961f,1.0477734375f,0f,0f,0f,1f],start_interpolation:0}