execute if entity @s[tag=aj.nep_offhand_bow_glitch.locator_origin.arrow_shot] at @s on origin run tp @s ^0.49491 ^-0.43653 ^2.02798 ~-178.35159 ~23.69603
execute if entity @s[tag=aj.nep_offhand_bow_glitch.bone.dragonslayer_greatbow] run data modify entity @s {} merge value {transformation:[0.9978589232386035f,-0.05986423495468259f,-0.026340893803843336f,0.49023507249968173f,0.06540312923014306f,0.913351726982065f,0.4018843782803513f,-0.2912715473370294f,8.673617379884035e-19f,-0.4027466898587372f,0.9153114791194471f,1.9782161392656674f,0f,0f,0f,1f],start_interpolation:0}
execute if entity @s[tag=aj.nep_offhand_bow_glitch.bone.right_arm2] run data modify entity @s {} merge value {transformation:[0.9978589232386035f,-0.05986423495468259f,-0.026340893803843336f,0.4349823556614406f,0.06540312923014306f,0.913351726982065f,0.4018843782803513f,-0.11360357231819321f,8.673617379884035e-19f,-0.4027466898587372f,0.9153114791194471f,1.925293018849888f,0f,0f,0f,1f],start_interpolation:0}
execute if entity @s[tag=aj.nep_offhand_bow_glitch.bone.right_arm] run data modify entity @s {} merge value {transformation:[0.9978589232386035f,-0.06440950873710426f,-0.011357134204529086f,0.49313499999999977f,0.06540312923014306f,0.9826992040177905f,0.17327638358906883f,0.053045410156250083f,8.673617379884035e-19f,-0.17364817766693036f,0.984807753012208f,1.8790838623046875f,0f,0f,0f,1f],start_interpolation:0}
execute if entity @s[tag=aj.nep_offhand_bow_glitch.bone.repeating_crossbow] run data modify entity @s {} merge value {transformation:[0.9940406837588845f,0.0804371113733123f,0.07357302594080654f,-0.35860512585383403f,-0.08952755891699567f,0.987462148811324f,0.13001277190832605f,-0.3162788728452097f,-0.06219272647611705f,-0.13582479809975753f,0.9887788878180132f,2.336089750774171f,0f,0f,0f,1f],start_interpolation:0}
execute if entity @s[tag=aj.nep_offhand_bow_glitch.bone.left_arm2] run data modify entity @s {} merge value {transformation:[0.9940406837588845f,0.0804371113733123f,0.07357302594080654f,-0.3764283817163959f,-0.08952755891699567f,0.987462148811324f,0.13001277190832605f,-0.18341841598707104f,-0.06219272647611705f,-0.13582479809975753f,0.9887788878180132f,1.861418667896448f,0f,0f,0f,1f],start_interpolation:0}
execute if entity @s[tag=aj.nep_offhand_bow_glitch.bone.left_arm] run data modify entity @s {} merge value {transformation:[0.9940406837588845f,0.09445454798891238f,0.054419274125804815f,-0.22265625000000025f,-0.08952755891699567f,0.9921952672254258f,-0.08679497617851913f,0.11545166015625008f,-0.06219272647611705f,0.08140571269681311f,0.9947387469651471f,1.8790838623046875f,0f,0f,0f,1f],start_interpolation:0}
execute if entity @s[tag=aj.nep_offhand_bow_glitch.bone.head] run data modify entity @s {} merge value {transformation:[1f,0f,0f,0.08984374999999975f,0f,1f,0f,0.2592016601562501f,0f,0f,1f,1.8790838623046875f,0f,0f,0f,1f],start_interpolation:0}
execute if entity @s[tag=aj.nep_offhand_bow_glitch.bone.body_top] run data modify entity @s {} merge value {transformation:[1f,0f,0f,0.08984374999999975f,0f,1f,0f,-0.13454833984374992f,0f,0f,1f,1.8790838623046875f,0f,0f,0f,1f],start_interpolation:0}
execute if entity @s[tag=aj.nep_offhand_bow_glitch.bone.body] run data modify entity @s {} merge value {transformation:[1f,0f,0f,0.08984374999999975f,0f,1f,0f,-0.5720483398437499f,0f,0f,1f,1.8790838623046875f,0f,0f,0f,1f],start_interpolation:0}
execute if entity @s[tag=aj.nep_offhand_bow_glitch.bone.right_leg2] run data modify entity @s {} merge value {transformation:[0.9978585152791877f,-0.06441587670479672f,0.011356861941912011f,0.25394177559893044f,0.06386558823296479f,0.9970086780345033f,0.04353024883399406f,-0.8274405546214327f,-0.01412692905314574f,-0.0427117168028221f,0.9989875570412691f,1.9563210910509325f,0f,0f,0f,1f],start_interpolation:0}
execute if entity @s[tag=aj.nep_offhand_bow_glitch.bone.right_leg] run data modify entity @s {} merge value {transformation:[0.9978585152791877f,-0.06540935317619023f,-0.000001373912321391002f,0.21484374999999975f,0.06386558823296479f,0.9743029275654201f,0.21599766660107475f,-0.4782983398437499f,-0.01412692905314574f,-0.215535198644036f,0.9763938795491311f,1.8790838623046875f,0f,0f,0f,1f],start_interpolation:0}
execute if entity @s[tag=aj.nep_offhand_bow_glitch.bone.left_leg2] run data modify entity @s {} merge value {transformation:[0.9961942165272402f,0.07817286450375832f,-0.03854978875370492f,-0.08114775038533314f,-0.08642125723020512f,0.9433873448326257f,-0.32023691840323404f,-0.8328504579660327f,0.011333545624779166f,0.3223496872418614f,0.9465528140989519f,1.8394340366139146f,0f,0f,0f,1f],start_interpolation:0}
execute if entity @s[tag=aj.nep_offhand_bow_glitch.bone.left_leg] run data modify entity @s {} merge value {transformation:[0.9961942165272402f,0.08466355687539413f,-0.020716300221929947f,-0.03515625000000024f,-0.08642125723020512f,0.9903372529154918f,-0.1084596320598039f,-0.4782983398437499f,0.011333545624779166f,0.10983718689498663f,0.99388497479264f,1.8790838623046875f,0f,0f,0f,1f],start_interpolation:0}