execute if entity @s[tag=aj.nep_offhand_bow_glitch.locator_origin.arrow_shot] at @s on origin run tp @s ^0.4898 ^-0.29399 ^1.56096 ~-139.8273 ~84.33588
execute if entity @s[tag=aj.nep_offhand_bow_glitch.bone.dragonslayer_greatbow] run data modify entity @s {} merge value {transformation:[0.9971200414674405f,-0.04120606625014778f,-0.06366854017611948f,0.4874856974219407f,0.06655252890558695f,0.0728819172737874f,0.9951175744758848f,-0.26963290361517983f,-0.03636459542248092f,-0.9964889794868207f,0.0754143882894639f,1.4093046950290895f,0f,0f,0f,1f],start_interpolation:0}
execute if entity @s[tag=aj.nep_offhand_bow_glitch.bone.right_arm2] run data modify entity @s {} merge value {transformation:[0.9971200414674405f,-0.04120606625014778f,-0.06366854017611948f,0.434840861517823f,0.06655252890558695f,0.0728819172737874f,0.9951175744758848f,-0.234610544357296f,-0.03636459542248092f,-0.9964889794868207f,0.0754143882894639f,1.2264889836022976f,0f,0f,0f,1f],start_interpolation:0}
execute if entity @s[tag=aj.nep_offhand_bow_glitch.bone.right_arm] run data modify entity @s {} merge value {transformation:[0.9971200414674405f,-0.0659490872895628f,-0.03744784092098415f,0.4931349999999999f,0.06655252890558695f,0.5241412101846987f,0.8490269446150639f,-0.15662500000000001f,-0.03636459542248092f,-0.8490740307368924f,0.5270207837722969f,1.0721875f,0f,0f,0f,1f],start_interpolation:0}
execute if entity @s[tag=aj.nep_offhand_bow_glitch.bone.repeating_crossbow] run data modify entity @s {} merge value {transformation:[0.9592420753387283f,0.2606113323705318f,0.10925371545126372f,-0.4264129802879947f,-0.26125728526679093f,0.9652307664041673f,-0.008613854064858872f,-0.5542005338144573f,-0.10769991548221429f,-0.020280557854267453f,0.9939765727512111f,1.5330136581602432f,0f,0f,0f,1f],start_interpolation:0}
execute if entity @s[tag=aj.nep_offhand_bow_glitch.bone.left_arm2] run data modify entity @s {} merge value {transformation:[0.9592420753387283f,0.2606113323705318f,0.10925371545126372f,-0.4254142807499128f,-0.26125728526679093f,0.9652307664041673f,-0.008613854064858872f,-0.36279169857759275f,-0.10769991548221429f,-0.020280557854267453f,0.9939765727512111f,1.07843267884093f,0f,0f,0f,1f],start_interpolation:0}
execute if entity @s[tag=aj.nep_offhand_bow_glitch.bone.left_arm] run data modify entity @s {} merge value {transformation:[0.9592420753387283f,0.2651288682642291f,0.09778202346432881f,-0.22265625000000014f,-0.26125728526679093f,0.9639363495550133f,-0.05070843028118643f,-0.09421875000000002f,-0.10769991548221429f,0.02309539390191028f,0.9939151528101579f,1.0721875f,0f,0f,0f,1f],start_interpolation:0}
execute if entity @s[tag=aj.nep_offhand_bow_glitch.bone.head] run data modify entity @s {} merge value {transformation:[1f,0f,0f,0.08984374999999986f,0f,1f,0f,0.04953125000000003f,0f,0f,1f,1.0721875f,0f,0f,0f,1f],start_interpolation:0}
execute if entity @s[tag=aj.nep_offhand_bow_glitch.bone.body_top] run data modify entity @s {} merge value {transformation:[1f,0f,0f,0.08984374999999986f,0f,1f,0f,-0.34421875f,0f,0f,1f,1.0721875f,0f,0f,0f,1f],start_interpolation:0}
execute if entity @s[tag=aj.nep_offhand_bow_glitch.bone.body] run data modify entity @s {} merge value {transformation:[1f,0f,0f,0.08984374999999986f,0f,1f,0f,-0.78171875f,0f,0f,1f,1.0721875f,0f,0f,0f,1f],start_interpolation:0}
execute if entity @s[tag=aj.nep_offhand_bow_glitch.bone.right_leg2] run data modify entity @s {} merge value {transformation:[0.9914419942132476f,-0.11508751733644512f,0.061624958124058715f,0.276774858648646f,0.12745353925884947f,0.9554793930242724f,-0.26611036213638994f,-1.0413531775136673f,-0.028255396667742363f,0.2716873071369017f,0.9619707062586924f,1.0982358285910492f,0f,0f,0f,1f],start_interpolation:0}
execute if entity @s[tag=aj.nep_offhand_bow_glitch.bone.right_leg] run data modify entity @s {} merge value {transformation:[0.9914419942132476f,-0.12922386779565667f,0.018546269231012255f,0.21484374999999986f,0.12745353925884947f,0.9888720391362413f,0.0767312553326531f,-0.68796875f,-0.028255396667742363f,-0.07371080115195147f,0.99687930581023f,1.0721875f,0f,0f,0f,1f],start_interpolation:0}
execute if entity @s[tag=aj.nep_offhand_bow_glitch.bone.left_leg2] run data modify entity @s {} merge value {transformation:[0.9848039605402866f,0.17247414983374104f,-0.02034273686832337f,-0.11285453469808575f,-0.17218360592580184f,0.984946457653505f,0.015273552507542476f,-1.0329128454466576f,0.02267079960111185f,-0.011538769212560168f,0.9996763934646578f,1.1383016348083936f,0f,0f,0f,1f],start_interpolation:0}
execute if entity @s[tag=aj.nep_offhand_bow_glitch.bone.left_leg] run data modify entity @s {} merge value {transformation:[0.9848039605402866f,0.17338635913639966f,0.009916136827870087f,-0.03515625000000014f,-0.17218360592580184f,0.9673306832396472f,0.1860756703964964f,-0.68796875f,0.02267079960111185f,-0.1849554533625349f,0.9824853765409973f,1.0721875f,0f,0f,0f,1f],start_interpolation:0}