execute if entity @s[tag=aj.kamui.bone.right_arm2] run data modify entity @s {} merge value {transformation:[0.6464930865660148f,-0.23552415156681478f,0.7256549200901755f,0.22326262155821613f,0.37215705357813744f,0.9276696088225835f,-0.03046677434508205f,1.1173061907140547f,-0.6659923546816331f,0.2897541559593009f,0.6873839630147961f,-0.5052165126670938f,0f,0f,0f,1f],start_interpolation:0}
execute if entity @s[tag=aj.kamui.bone.right_arm] run data modify entity @s {} merge value {transformation:[0.6464930865660148f,-0.23552415156681478f,0.7256549200901755f,0.16438158366651243f,0.37215705357813744f,0.9276696088225835f,-0.03046677434508205f,1.3492235929197005f,-0.6659923546816331f,0.2897541559593009f,0.6873839630147961f,-0.4327779736772685f,0f,0f,0f,1f],start_interpolation:0}
execute if entity @s[tag=aj.kamui.locator_origin.kamui_locator] at @s on origin run tp @s ^-0.63824 ^7.72945 ^3.79977 ~-1.56062 ~30.55225
execute if entity @s[tag=aj.kamui.locator_origin.player_camera] at @s on origin run tp @s ^-0.08191 ^0.21875 ^-1.33793 ~137.5 ~0
execute if entity @s[tag=aj.kamui.bone.right_leg2] run data modify entity @s {} merge value {transformation:[0.7186243657809395f,-0.16696345789718942f,0.6750572010081481f,0.11413889264512925f,0.2585770472008677f,0.9653002357516427f,-0.036515277880678f,0.4184780010776608f,-0.6455361582179748f,0.20079506613668663f,0.7368611876387173f,-0.22072949478210557f,0f,0f,0f,1f],start_interpolation:0}
execute if entity @s[tag=aj.kamui.bone.right_leg] run data modify entity @s {} merge value {transformation:[0.7186243657809395f,-0.19625012722587837f,0.6671318523873436f,0.04361150317332921f,0.2585770472008677f,0.9659742578708569f,0.005625281479842362f,0.765625f,-0.6455361582179748f,0.16846252014817353f,0.7449184168340205f,-0.1601882766038557f,0f,0f,0f,1f],start_interpolation:0}
execute if entity @s[tag=aj.kamui.bone.left_leg2] run data modify entity @s {} merge value {transformation:[0.9930324059671293f,0.11614325827996974f,0.019934499122036705f,-0.18022266248978194f,-0.11747215909632863f,0.9890369510436544f,0.08947737874747308f,0.4300107976381221f,-0.009323761922159113f,-0.09119568534960476f,0.9957893423999047f,0.1533713025745032f,0f,0f,0f,1f],start_interpolation:0}
execute if entity @s[tag=aj.kamui.bone.left_leg] run data modify entity @s {} merge value {transformation:[0.9930324059671293f,0.10727226453402904f,0.04877808894242924f,-0.14167169242286526f,-0.11747215909632863f,0.9338829978765298f,0.33773190271929043f,0.765625f,-0.009323761922159113f,-0.3411087913538533f,0.9399775847990908f,0.030785330681712186f,0f,0f,0f,1f],start_interpolation:0}