execute if entity @s[tag=aj.kamui.bone.right_arm2] run data modify entity @s {} merge value {transformation:[0.6542212344199122f,-0.2211142650575476f,0.7232586385395936f,0.21966014993089933f,0.317491514760235f,0.9482572266360211f,0.0027148089828669675f,1.1121592862606953f,-0.6864355137151176f,0.22785239502937532f,0.6905719163056371f,-0.48974107243461235f,0f,0f,0f,1f],start_interpolation:0}
execute if entity @s[tag=aj.kamui.bone.right_arm] run data modify entity @s {} merge value {transformation:[0.6542212344199122f,-0.2211142650575476f,0.7232586385395936f,0.16438158366651243f,0.317491514760235f,0.9482572266360211f,0.0027148089828669675f,1.3492235929197005f,-0.6864355137151176f,0.22785239502937532f,0.6905719163056371f,-0.4327779736772685f,0f,0f,0f,1f],start_interpolation:0}
execute if entity @s[tag=aj.kamui.locator_origin.kamui_locator] at @s on origin run tp @s ^-0.63113 ^7.57602 ^4.0417 ~-1.70946 ~32.77167
execute if entity @s[tag=aj.kamui.bone.fume_ultra_greatsword] run data modify entity @s {} merge value {transformation:[-2.0735556565819446f,-0.08620543925795497f,-0.052072654045733836f,-0.40846644828655987f,-0.10066892299076051f,1.7426667840940453f,1.1237233856956081f,1.8103295784837063f,-0.0029507627664767046f,1.124925376128418f,-1.7447951716867607f,0.30311588298597214f,0f,0f,0f,1f],start_interpolation:0}
execute if entity @s[tag=aj.kamui.bone.left_arm2] run data modify entity @s {} merge value {transformation:[0.9988225706078726f,0.03918062172218073f,-0.028606840541108347f,-0.49259267540300333f,0.04849177408032787f,-0.7890638075779702f,0.61239436265947f,1.6153257246088857f,0.0014213693480139011f,-0.6130605079859729f,-0.7900346785155427f,0.11544984847221113f,0f,0f,0f,1f],start_interpolation:0}
execute if entity @s[tag=aj.kamui.bone.left_arm] run data modify entity @s {} merge value {transformation:[0.9988225706078726f,0.03918062172218073f,-0.028606840541108347f,-0.3579446986464741f,0.04849177408032787f,-0.7890638075779702f,0.61239436265947f,1.4241212444744342f,0.0014213693480139011f,-0.6130605079859729f,-0.7900346785155427f,-0.03763760735578037f,0f,0f,0f,1f],start_interpolation:0}
execute if entity @s[tag=aj.kamui.locator_origin.player_camera] at @s on origin run tp @s ^-0.08191 ^0.21875 ^-1.33793 ~137.5 ~0
execute if entity @s[tag=aj.kamui.bone.right_leg2] run data modify entity @s {} merge value {transformation:[0.7224228205313534f,-0.12800754785327548f,0.6794993274964406f,0.10022207068091835f,0.21603386690078308f,0.9753041409648627f,-0.045947807006276785f,0.41473840777078863f,-0.6568368417860088f,0.17998861161024238f,0.7322359339469748f,-0.2133317961075529f,0f,0f,0f,1f],start_interpolation:0}
execute if entity @s[tag=aj.kamui.bone.right_leg] run data modify entity @s {} merge value {transformation:[0.7224228205313534f,-0.15752505741242195f,0.6732689838858885f,0.04361150317332921f,0.21603386690078308f,0.9763800827247621f,-0.0033619057514446284f,0.765625f,-0.6568368417860088f,0.1478776194885487f,0.7393900005592321f,-0.1601882766038557f,0f,0f,0f,1f],start_interpolation:0}
execute if entity @s[tag=aj.kamui.bone.left_leg2] run data modify entity @s {} merge value {transformation:[0.9969233830431221f,0.07639126431482823f,0.01755400462110983f,-0.1646937353568628f,-0.0759802210021175f,0.9968440537730618f,-0.02299866243411547f,0.4309150540987335f,-0.01925550202735027f,0.02159414720870101f,0.9995813715991326f,0.15958606157605307f,0f,0f,0f,1f],start_interpolation:0}
execute if entity @s[tag=aj.kamui.bone.left_leg] run data modify entity @s {} merge value {transformation:[0.9969233830431221f,0.06406133685981921f,0.04516540115606926f,-0.14167169242286526f,-0.0759802210021175f,0.9313668059861329f,0.35606583481662274f,0.765625f,-0.01925550202735027f,-0.35840203379294855f,0.933368741610063f,0.030785330681712186f,0f,0f,0f,1f],start_interpolation:0}