execute if entity @s[tag=aj.kamui.bone.right_arm2] run data modify entity @s {} merge value {transformation:[0.6427042192824486f,-0.20653079721055329f,0.7377508497589895f,0.21601428296915076f,0.39252760875747206f,0.9157485012118357f,-0.08559648877972473f,1.1202864676167417f,-0.6579159238684521f,0.34460080140918103f,0.6696244654942582f,-0.5189281740295637f,0f,0f,0f,1f],start_interpolation:0}
execute if entity @s[tag=aj.kamui.bone.right_arm] run data modify entity @s {} merge value {transformation:[0.6427042192824486f,-0.20653079721055329f,0.7377508497589895f,0.16438158366651243f,0.39252760875747206f,0.9157485012118357f,-0.08559648877972473f,1.3492235929197005f,-0.6579159238684521f,0.34460080140918103f,0.6696244654942582f,-0.4327779736772685f,0f,0f,0f,1f],start_interpolation:0}
execute if entity @s[tag=aj.kamui.locator_origin.kamui_locator] at @s on origin run tp @s ^-0.63824 ^7.72945 ^3.79977 ~-1.56062 ~30.55225
execute if entity @s[tag=aj.kamui.locator_origin.player_camera] at @s on origin run tp @s ^-0.08191 ^0.21875 ^-1.33793 ~137.5 ~0
execute if entity @s[tag=aj.kamui.bone.right_leg2] run data modify entity @s {} merge value {transformation:[0.7186805179605543f,-0.130592966472923f,0.6829669027205865f,0.1012046778959379f,0.2580476556448955f,0.9621559266028973f,-0.0875635787247957f,0.41880669294717343f,-0.6456854656255803f,0.23916824624251867f,0.7251819285318377f,-0.23468981177852405f,0f,0f,0f,1f],start_interpolation:0}
execute if entity @s[tag=aj.kamui.bone.right_leg] run data modify entity @s {} merge value {transformation:[0.7186805179605543f,-0.1602592687933459f,0.6766204843705007f,0.04361150317332921f,0.2580476556448955f,0.965059637016561f,-0.04551158553200458f,0.765625f,-0.6456854656255803f,0.2073086196164685f,0.7349240884013748f,-0.1601882766038557f,0f,0f,0f,1f],start_interpolation:0}
execute if entity @s[tag=aj.kamui.bone.left_leg2] run data modify entity @s {} merge value {transformation:[0.9923744123780897f,0.1216093158488371f,0.02010472471879564f,-0.18330099341748668f,-0.1230824166439649f,0.9864263355021916f,0.10869132136835499f,0.4243571809925456f,-0.006613952700330161f,-0.11033702427787043f,0.9938722235293539f,0.135445101527986f,0f,0f,0f,1f],start_interpolation:0}
execute if entity @s[tag=aj.kamui.bone.left_leg] run data modify entity @s {} merge value {transformation:[0.9923744123780897f,0.11583805494155523f,0.042125653521316475f,-0.14167169242286526f,-0.1230824166439649f,0.9496148007163948f,0.2882402625821783f,0.765625f,-0.006613952700330161f,-0.2912271884418054f,0.956631057588012f,0.030785330681712186f,0f,0f,0f,1f],start_interpolation:0}