execute if entity @s[tag=aj.kamui.bone.right_arm2] run data modify entity @s {} merge value {transformation:[0.6876684021398004f,-0.14947314448525562f,0.710471637559293f,0.21921928994654136f,0.3102808519001838f,0.9452148919830096f,-0.10146231279467192f,1.1699462770042477f,-0.6563824812124328f,0.29021817146973666f,0.6963730690557846f,-0.3594159833992262f,0f,0f,0f,1f],start_interpolation:0}
execute if entity @s[tag=aj.kamui.bone.right_arm] run data modify entity @s {} merge value {transformation:[0.6876684021398004f,-0.14947314448525562f,0.710471637559293f,0.18185100382522745f,0.3102808519001838f,0.9452148919830096f,-0.10146231279467192f,1.40625f,-0.6563824812124328f,0.29021817146973666f,0.6963730690557846f,-0.286861440531792f,0f,0f,0f,1f],start_interpolation:0}
execute if entity @s[tag=aj.kamui.locator_origin.kamui_locator] at @s on origin run tp @s ^-0.43897 ^0.99302 ^7.46472 ~-139.70799 ~87.66175
execute if entity @s[tag=aj.kamui.bone.fume_ultra_greatsword] run data modify entity @s {} merge value {transformation:[-2.074949780860096f,-0.03686897849532437f,-0.054773034728321096f,-0.37975707161641914f,-0.05358969825288172f,-0.06558932263225775f,2.0742714829543907f,1.2242320195834289f,-0.03856878465551713f,2.074636044992314f,0.06460440905111227f,0.5935589215044274f,0f,0f,0f,1f],start_interpolation:0}
execute if entity @s[tag=aj.kamui.bone.left_arm2] run data modify entity @s {} merge value {transformation:[0.9994941140944584f,0.01018718119148554f,-0.03012867786520068f,-0.47169519599207377f,0.025813920160347614f,0.2935247622898508f,0.955602875387387f,1.3296420694074937f,0.018578412647166365f,-0.9558971886463827f,0.2931133011677449f,0.3470667952460521f,0f,0f,0f,1f],start_interpolation:0}
execute if entity @s[tag=aj.kamui.bone.left_arm] run data modify entity @s {} merge value {transformation:[0.9994941140944584f,0.01018718119148554f,-0.03012867786520068f,-0.3442116364323951f,0.025813920160347614f,0.2935247622898508f,0.955602875387387f,1.40625f,0.018578412647166365f,-0.9558971886463827f,0.2931133011677449f,0.11041479966535221f,0f,0f,0f,1f],start_interpolation:0}
execute if entity @s[tag=aj.kamui.bone.vortex_vfx3] run data modify entity @s {} merge value {transformation:[0.5361814768316765f,-0.8435163035424825f,-0.0314590139805484f,0.05081893834127431f,0.8429570261839541f,0.5370228525205204f,-0.03209217782930718f,1.6661890964710195f,0.04396448464052222f,-0.009311365568459781f,0.998989700928665f,0.2282974197717254f,0f,0f,0f,1f],start_interpolation:0}
execute if entity @s[tag=aj.kamui.bone.vortex_vfx2] run data modify entity @s {} merge value {transformation:[0.5006270458352922f,0.8650912619010779f,-0.0314590139805484f,0.05183132173143781f,-0.8655793257071411f,0.4997424567019928f,-0.03209217782930718f,1.641083284802453f,-0.012041257683447562f,0.04329648428980149f,0.998989700928665f,0.227522785570119f,0f,0f,0f,1f],start_interpolation:0}
execute if entity @s[tag=aj.kamui.bone.vortex_vfx] run data modify entity @s {} merge value {transformation:[0.3815606064628734f,-0.9238083318714198f,-0.0314590139805484f,0.020091408848803977f,0.9234036545477579f,0.3824863172585617f,-0.03209217782930718f,1.6466679067560979f,0.04167966366861878f,-0.016804257642842543f,0.998989700928665f,0.2267026733292133f,0f,0f,0f,1f],start_interpolation:0}
execute if entity @s[tag=aj.kamui.bone.head] run data modify entity @s {} merge value {transformation:[0.9995045323159166f,-0.0010101085643804478f,-0.0314590139805484f,-0.048548163927936275f,0f,0.9994849134039854f,-0.03209217782930718f,1.55f,0.031475226447798155f,0.0320762771922809f,0.998989700928665f,-0.0757395006518982f,0f,0f,0f,1f],start_interpolation:0}
execute if entity @s[tag=aj.kamui.locator_origin.player_camera] at @s on origin run tp @s ^-0.08191 ^0.21875 ^-1.33793 ~137.5 ~0
execute if entity @s[tag=aj.kamui.bone.right_leg2] run data modify entity @s {} merge value {transformation:[0.7261614764336743f,-0.1170374628571305f,0.6774892932228757f,0.09942451864009413f,0.16488033179913938f,0.9862931906531641f,-0.00634178657848293f,0.4116180207646894f,-0.6674608500350201f,0.1163098205620106f,0.7355052952299942f,-0.18691572657943334f,0f,0f,0f,1f],start_interpolation:0}
execute if entity @s[tag=aj.kamui.bone.right_leg] run data modify entity @s {} merge value {transformation:[0.7261614764336743f,-0.15530578216838933f,0.6697534054924473f,0.04361150317332921f,0.16488033179913938f,0.9850628987417339f,0.049654422847699504f,0.765625f,-0.6674608500350201f,0.07437203471465081f,0.7409215978245814f,-0.1601882766038557f,0f,0f,0f,1f],start_interpolation:0}
execute if entity @s[tag=aj.kamui.bone.left_leg2] run data modify entity @s {} merge value {transformation:[0.9795175306364775f,0.1120463010789167f,0.16730521088821396f,-0.1693620465787939f,-0.12632642758686025f,0.9889745549888451f,0.07727200837145051f,0.42256426330537195f,-0.1568025537705262f,-0.09682435643549875f,0.9828723229046041f,0.13419212857362206f,0f,0f,0f,1f],start_interpolation:0}
execute if entity @s[tag=aj.kamui.bone.left_leg] run data modify entity @s {} merge value {transformation:[0.9795175306364775f,0.0770514202599753f,0.18603356098225304f,-0.14167169242286526f,-0.12632642758686025f,0.9546037890633129f,0.2697651563844146f,0.765625f,-0.1568025537705262f,-0.2877406550035753f,0.9447847768614577f,0.030785330681712186f,0f,0f,0f,1f],start_interpolation:0}