execute if entity @s[tag=aj.kamui.bone.right_arm2] run data modify entity @s {} merge value {transformation:[0.645786939815893f,-0.2611084008145429f,0.717482843967224f,0.22965868387014815f,0.3761436209641333f,0.9265603737409485f,-0.0013602282985278324f,1.1175834994844633f,-0.6644360050232184f,0.2707550125798331f,0.6965748476593737f,-0.5004667268222268f,0f,0f,0f,1f],start_interpolation:0}
execute if entity @s[tag=aj.kamui.bone.right_arm] run data modify entity @s {} merge value {transformation:[0.645786939815893f,-0.2611084008145429f,0.717482843967224f,0.16438158366651243f,0.3761436209641333f,0.9265603737409485f,-0.0013602282985278324f,1.3492235929197005f,-0.6644360050232184f,0.2707550125798331f,0.6965748476593737f,-0.4327779736772685f,0f,0f,0f,1f],start_interpolation:0}
execute if entity @s[tag=aj.kamui.locator_origin.kamui_locator] at @s on origin run tp @s ^-0.63878 ^7.74118 ^3.78039 ~-1.54915 ~30.37675
execute if entity @s[tag=aj.kamui.bone.fume_ultra_greatsword] run data modify entity @s {} merge value {transformation:[-2.0735556565819446f,-0.08830939606312516f,-0.04841889738510964f,-0.40911815263354223f,-0.10066892299076056f,1.788173078120707f,1.0497994144731648f,1.8242382518097189f,-0.002950762766476713f,1.0509112680199433f,-1.7903499098633795f,0.28656899910542233f,0f,0f,0f,1f],start_interpolation:0}
execute if entity @s[tag=aj.kamui.bone.left_arm2] run data modify entity @s {} merge value {transformation:[0.9988225706078726f,0.04034362581172818f,-0.026941868915208722f,-0.49288342642539024f,0.0484917740803279f,-0.8140040905538435f,0.5788314853289798f,1.6215607953528541f,0.0014213693480139011f,-0.5794564111458027f,-0.815001992200757f,0.10704882426216858f,0f,0f,0f,1f],start_interpolation:0}
execute if entity @s[tag=aj.kamui.bone.left_arm] run data modify entity @s {} merge value {transformation:[0.9988225706078726f,0.04034362581172818f,-0.026941868915208722f,-0.3579446986464741f,0.0484917740803279f,-0.8140040905538435f,0.5788314853289798f,1.4241212444744342f,0.0014213693480139011f,-0.5794564111458027f,-0.815001992200757f,-0.03763760735578037f,0f,0f,0f,1f],start_interpolation:0}
execute if entity @s[tag=aj.kamui.locator_origin.player_camera] at @s on origin run tp @s ^-0.08191 ^0.21875 ^-1.33793 ~137.5 ~0
execute if entity @s[tag=aj.kamui.bone.right_leg2] run data modify entity @s {} merge value {transformation:[0.7182497036993375f,-0.18219487659737843f,0.6715075502758548f,0.11955183058276433f,0.2620562027069663f,0.9648751727232208f,-0.018505342070339863f,0.4189129313756334f,-0.6445493850424644f,0.18926417517322425f,0.7407666044290738f,-0.21652830472028728f,0f,0f,0f,1f],start_interpolation:0}
execute if entity @s[tag=aj.kamui.bone.right_leg] run data modify entity @s {} merge value {transformation:[0.7182497036993375f,-0.2113122154001673f,0.662921194983602f,0.04361150317332921f,0.2620562027069663f,0.9647640170417158f,0.023599534833072672f,0.765625f,-0.6445493850424644f,0.15677225215007048f,0.7483171461333593f,-0.1601882766038557f,0f,0f,0f,1f],start_interpolation:0}
execute if entity @s[tag=aj.kamui.bone.left_leg2] run data modify entity @s {} merge value {transformation:[0.9942717916538599f,0.10498447087041055f,0.020046575704675627f,-0.1753244447987204f,-0.10585145274585564f,0.993190482756872f,0.0486634864427446f,0.4315928454020934f,-0.014801157826848044f,-0.050506691014470695f,0.998614039501625f,0.15900546395730045f,0f,0f,0f,1f],start_interpolation:0}
execute if entity @s[tag=aj.kamui.bone.left_leg] run data modify entity @s {} merge value {transformation:[0.9942717916538599f,0.09364244139368386f,0.05152375657164232f,-0.14167169242286526f,-0.10585145274585564f,0.9294807780115661f,0.35335669409055437f,0.765625f,-0.014801157826848044f,-0.3567864578103325f,0.9340687069215734f,0.030785330681712186f,0f,0f,0f,1f],start_interpolation:0}