execute if entity @s[tag=aj.kamui.bone.right_arm2] run data modify entity @s {} merge value {transformation:[0.6698636125312599f,-0.24280266149750715f,0.7016620327310696f,0.24255166919960425f,0.3828232802596061f,0.9226658702777489f,-0.04619553999986627f,1.1755835324305628f,-0.6361832100093846f,0.29955727231087387f,0.7110108043537903f,-0.3617507586095105f,0f,0f,0f,1f],start_interpolation:0}
execute if entity @s[tag=aj.kamui.bone.right_arm] run data modify entity @s {} merge value {transformation:[0.6698636125312599f,-0.24280266149750715f,0.7016620327310696f,0.18185100382522745f,0.3828232802596061f,0.9226658702777489f,-0.04619553999986627f,1.40625f,-0.6361832100093846f,0.29955727231087387f,0.7110108043537903f,-0.286861440531792f,0f,0f,0f,1f],start_interpolation:0}
execute if entity @s[tag=aj.kamui.locator_origin.kamui_locator] at @s on origin run tp @s ^-0.47492 ^1.96252 ^7.44836 ~-13.27782 ~83.91707
execute if entity @s[tag=aj.kamui.bone.fume_ultra_greatsword] run data modify entity @s {} merge value {transformation:[-2.0748511797470477f,-0.0470717607607948f,-0.05052555037960836f,-0.381882581479637f,-0.055100653543485284f,0.21297686303311328f,2.0643112104989543f,1.2710919539352517f,-0.041623309351427704f,2.064509894660583f,-0.21410837201562727f,0.6085467782696242f,0f,0f,0f,1f],start_interpolation:0}
execute if entity @s[tag=aj.kamui.bone.left_arm2] run data modify entity @s {} merge value {transformation:[0.9994466183752637f,0.014306266915627142f,-0.030029780971370268f,-0.47271903045820984f,0.02654174062788306f,0.20117086155436337f,0.9791965177970751f,1.3526395670329239f,0.020049763656757202f,-0.9794516910947746f,0.20067982407031904f,0.35277150198195123f,0f,0f,0f,1f],start_interpolation:0}
execute if entity @s[tag=aj.kamui.bone.left_arm] run data modify entity @s {} merge value {transformation:[0.9994466183752637f,0.014306266915627142f,-0.030029780971370268f,-0.3442116364323951f,0.02654174062788306f,0.20117086155436337f,0.9791965177970751f,1.40625f,0.020049763656757202f,-0.9794516910947746f,0.20067982407031904f,0.11041479966535221f,0f,0f,0f,1f],start_interpolation:0}
execute if entity @s[tag=aj.kamui.bone.vortex_vfx3] run data modify entity @s {} merge value {transformation:[-0.8855908014329898f,0.46158123361336456f,-0.05168846286395623f,0.04478495509219821f,-0.46172638181891407f,-0.8869681270251981f,-0.009812745478514535f,1.6728620353036472f,-0.05037539825836156f,0.01517584980738023f,0.9986150473695731f,0.2275854493733696f,0f,0f,0f,1f],start_interpolation:0}
execute if entity @s[tag=aj.kamui.bone.vortex_vfx2] run data modify entity @s {} merge value {transformation:[-0.0005072301514363282f,-0.9986631291503328f,-0.05168846286395623f,0.045783875919600564f,0.9999518538540613f,2.2203391433307768e-16f,-0.009812745478514535f,1.6477444946746505f,0.009799627105129117f,-0.05169095158405501f,0.9986150473695731f,0.2273903398047119f,0f,0f,0f,1f],start_interpolation:0}
execute if entity @s[tag=aj.kamui.bone.vortex_vfx] run data modify entity @s {} merge value {transformation:[-0.7919839471852889f,0.6083500063348155f,-0.05168846286395623f,0.014073487420606351f,-0.6087321194921175f,-0.7933151433855326f,-0.009812745478514535f,1.65333172565806f,-0.04697482410231354f,0.023692890655667206f,0.9986150473695731f,0.22580390750836804f,0f,0f,0f,1f],start_interpolation:0}
execute if entity @s[tag=aj.kamui.bone.head] run data modify entity @s {} merge value {transformation:[0.9986631291503328f,-0.0005072301514365499f,-0.05168846286395623f,-0.048548163927936275f,0f,0.9999518538540613f,-0.009812745478514535f,1.55f,0.05169095158405501f,0.009799627105129105f,0.9986150473695731f,-0.0757395006518982f,0f,0f,0f,1f],start_interpolation:0}
execute if entity @s[tag=aj.kamui.locator_origin.player_camera] at @s on origin run tp @s ^-0.08191 ^0.21875 ^-1.33793 ~137.5 ~0
execute if entity @s[tag=aj.kamui.bone.right_leg2] run data modify entity @s {} merge value {transformation:[0.7313719656367207f,-0.012869730255435502f,0.6818573295960317f,0.07826834609844169f,0.127324121883461f,0.9848191713084231f,-0.11798206562862106f,0.40917743758987873f,-0.6699877729237188f,0.17310566098930152f,0.7219077602202182f,-0.1900952844004705f,0f,0f,0f,1f],start_interpolation:0}
execute if entity @s[tag=aj.kamui.bone.right_leg] run data modify entity @s {} merge value {transformation:[0.7313719656367207f,-0.09643643248726952f,0.6751259603731792f,0.04361150317332921f,0.127324121883461f,0.9918540867064244f,0.003746821368877545f,0.765625f,-0.6699877729237188f,0.08321949995579767f,0.7376929571033074f,-0.1601882766038557f,0f,0f,0f,1f],start_interpolation:0}
execute if entity @s[tag=aj.kamui.bone.left_leg2] run data modify entity @s {} merge value {transformation:[0.9810687318391502f,0.120995789762491f,0.15120900193861503f,-0.1690614016353143f,-0.1235116256638263f,0.9923161039124377f,0.007323130609168393f,0.42266894272653394f,-0.1491610597086243f,-0.025860564104272343f,0.9884746883409856f,0.1346185490354574f,0f,0f,0f,1f],start_interpolation:0}
execute if entity @s[tag=aj.kamui.bone.left_leg] run data modify entity @s {} merge value {transformation:[0.9810687318391502f,0.07621484302594517f,0.1780321350488488f,-0.14167169242286526f,-0.1235116256638263f,0.9543125071957317f,0.2720891709268771f,0.765625f,-0.1491610597086243f,-0.28892721628868234f,0.9456595803746043f,0.030785330681712186f,0f,0f,0f,1f],start_interpolation:0}