execute if entity @s[tag=aj.kamui.bone.right_arm2] run data modify entity @s {} merge value {transformation:[0.6759889299360641f,-0.12270860000565548f,0.7266234004548344f,0.2083522324759059f,0.3329155345114501f,0.930531445752578f,-0.1525728525871245f,1.161247018735082f,-0.6574239222030561f,0.34504177710861184f,0.6698805554461783f,-0.4136647769664872f,0f,0f,0f,1f],start_interpolation:0}
execute if entity @s[tag=aj.kamui.bone.right_arm] run data modify entity @s {} merge value {transformation:[0.6759889299360641f,-0.12270860000565548f,0.7266234004548344f,0.17767508247449204f,0.3329155345114501f,0.930531445752578f,-0.1525728525871245f,1.3938798801732266f,-0.6574239222030561f,0.34504177710861184f,0.6698805554461783f,-0.3274043326893342f,0f,0f,0f,1f],start_interpolation:0}
execute if entity @s[tag=aj.kamui.locator_origin.kamui_locator] at @s on origin run tp @s ^-0.50505 ^3.24909 ^7.20308 ~-5.27396 ~74.08588
execute if entity @s[tag=aj.kamui.bone.fume_ultra_greatsword] run data modify entity @s {} merge value {transformation:[-2.0746296980533816f,-0.05431351158530512f,-0.05232263768395172f,-0.38803360089203454f,-0.06515499331147924f,0.5654900518394324f,1.9964347793296968f,1.3894473316837044f,-0.03797950501934281f,1.9967591351312017f,-0.5668214123236495f,0.5850861423615278f,0f,0f,0f,1f],start_interpolation:0}
execute if entity @s[tag=aj.kamui.bone.left_arm2] run data modify entity @s {} merge value {transformation:[0.999339931624943f,0.018747942405631712f,-0.031116164857017327f,-0.4777141774321588f,0.031384871537321404f,-0.014212958759960512f,0.9994063145897533f,1.4139611301373958f,0.018294559257872378f,-0.999723214924432f,-0.014791978999356938f,0.3173572991230701f,0f,0f,0f,1f],start_interpolation:0}
execute if entity @s[tag=aj.kamui.bone.left_arm] run data modify entity @s {} merge value {transformation:[0.999339931624943f,0.018747942405631712f,-0.031116164857017327f,-0.34810970037763306f,0.031384871537321404f,-0.014212958759960512f,0.9994063145897533f,1.4143309993895707f,0.018294559257872378f,-0.999723214924432f,-0.014791978999356938f,0.0697133152991962f,0f,0f,0f,1f],start_interpolation:0}
execute if entity @s[tag=aj.kamui.bone.vortex_vfx3] run data modify entity @s {} merge value {transformation:[-0.9775554484115142f,-0.21067824108245833f,0.0001549689161202128f,0.054770096868643814f,0.20840253580774803f,-0.9668877374163257f,0.14729727187846808f,1.717298080304693f,-0.030882492610922973f,0.14402354657603947f,0.9890922553947106f,0.15007649510361715f,0f,0f,0f,1f],start_interpolation:0}
execute if entity @s[tag=aj.kamui.bone.vortex_vfx2] run data modify entity @s {} merge value {transformation:[0.6382587548194419f,-0.7698218871147858f,0.0001549689161202128f,0.05590571495793788f,0.7614103156515681f,0.6313143788292326f,0.14729727187846808f,1.692459485197277f,-0.11349049790936028f,-0.09389577840611257f,0.9890922553947106f,0.15377532227687396f,0f,0f,0f,1f],start_interpolation:0}
execute if entity @s[tag=aj.kamui.bone.vortex_vfx] run data modify entity @s {} merge value {transformation:[-0.9992880772330279f,-0.037726843023941886f,0.0001549689161202128f,0.0241233157524742f,0.03733813940002839f,-0.988387260664212f,0.14729727187846808f,1.6978014676076016f,-0.005403891751521689f,0.14719819384809774f,0.9890922553947106f,0.15298476492770635f,0f,0f,0f,1f],start_interpolation:0}
execute if entity @s[tag=aj.kamui.bone.head] run data modify entity @s {} merge value {transformation:[0.999982598187543f,-0.0058973983014226905f,0.0001549689161202128f,-0.053419732558374636f,0.005810245025102242f,0.9890752017667357f,0.14729727187846808f,1.5485294244383798f,-0.0010219465929594551f,-0.14729380823159352f,0.9890922553947106f,-0.12492219169041659f,0f,0f,0f,1f],start_interpolation:0}
execute if entity @s[tag=aj.kamui.bone.body_top] run data modify entity @s {} merge value {transformation:[0.736807562607427f,-0.005860533690752911f,0.676077118256018f,-0.051112147417640676f,-0.035692333838980454f,0.9982308865424115f,0.04755159784778822f,1.1554760128623052f,-0.6751597388689797f,-0.05916714711400708f,0.7352948903078003f,-0.1016251275142763f,0f,0f,0f,1f],start_interpolation:0}
execute if entity @s[tag=aj.kamui.bone.body] run data modify entity @s {} merge value {transformation:[0.736807562607427f,-0.005860533690752911f,0.676077118256018f,-0.048548163927936275f,-0.035692333838980454f,0.9982308865424115f,0.04755159784778822f,0.71875f,-0.6751597388689797f,-0.05916714711400708f,0.7352948903078003f,-0.0757395006518982f,0f,0f,0f,1f],start_interpolation:0}
execute if entity @s[tag=aj.kamui.locator_origin.player_camera] at @s on origin run tp @s ^-0.08191 ^0.21875 ^-1.33793 ~137.5 ~0
execute if entity @s[tag=aj.kamui.bone.right_leg2] run data modify entity @s {} merge value {transformation:[0.7249047256945905f,-0.06802879209628836f,0.6854817445501887f,0.07878149946510851f,0.16966945672412462f,0.9820867435070062f,-0.08196281890433207f,0.41173866879368565f,-0.6676267026719277f,0.1757205499471359f,0.7234617296068157f,-0.2119369632651713f,0f,0f,0f,1f],start_interpolation:0}
execute if entity @s[tag=aj.kamui.bone.right_leg] run data modify entity @s {} merge value {transformation:[0.7249047256945905f,-0.09786433750755981f,0.6818619435852514f,0.04361150317332921f,0.16966945672412462f,0.9847271824871355f,-0.03904678637081535f,0.765625f,-0.6676267026719277f,0.14399634549235646f,0.730437977082418f,-0.1601882766038557f,0f,0f,0f,1f],start_interpolation:0}
execute if entity @s[tag=aj.kamui.bone.left_leg2] run data modify entity @s {} merge value {transformation:[0.9957170949306104f,0.08373189127974986f,0.039197413762408206f,-0.166063901163734f,-0.08463312837558397f,0.9961709489166752f,0.021924281420672487f,0.42692584576487824f,-0.03721156331447534f,-0.025147781555577953f,0.9989909352133909f,0.14842160781659552f,0f,0f,0f,1f],start_interpolation:0}
execute if entity @s[tag=aj.kamui.bone.left_leg] run data modify entity @s {} merge value {transformation:[0.9957170949306104f,0.06787397214850438f,0.06277412498577206f,-0.14167169242286526f,-0.08463312837558397f,0.9424672117846866f,0.3234080832201949f,0.765625f,-0.03721156331447534f,-0.32733572767967534f,0.9441751007838057f,0.030785330681712186f,0f,0f,0f,1f],start_interpolation:0}