execute if entity @s[tag=aj.kamui.bone.right_arm2] run data modify entity @s {} merge value {transformation:[0.6882923196112639f,-0.11360405319278485f,0.7164829389890006f,0.21025201712342367f,0.3134887836215339f,0.9372592946927628f,-0.152544410109043f,1.1719351763268093f,-0.6542006307759389f,0.32960451090692866f,0.6807219704711811f,-0.3692625682585242f,0f,0f,0f,1f],start_interpolation:0}
execute if entity @s[tag=aj.kamui.bone.right_arm] run data modify entity @s {} merge value {transformation:[0.6882923196112639f,-0.11360405319278485f,0.7164829389890006f,0.18185100382522745f,0.3134887836215339f,0.9372592946927628f,-0.152544410109043f,1.40625f,-0.6542006307759389f,0.32960451090692866f,0.6807219704711811f,-0.286861440531792f,0f,0f,0f,1f],start_interpolation:0}
execute if entity @s[tag=aj.kamui.locator_origin.kamui_locator] at @s on origin run tp @s ^-0.45895 ^1.22071 ^7.47264 ~-89.30482 ~88.57869
execute if entity @s[tag=aj.kamui.bone.fume_ultra_greatsword] run data modify entity @s {} merge value {transformation:[-2.0749271884852196f,-0.04244994425332805f,-0.05148946220062655f,-0.3812283112509792f,-0.051491470754736327f,-0.00042835310088739265f,2.0753612805854154f,1.2362022271959847f,-0.04244750786953872f,2.075565903253016f,-0.0006247632792667537f,0.5977912315686287f,0f,0f,0f,1f],start_interpolation:0}
execute if entity @s[tag=aj.kamui.bone.left_arm2] run data modify entity @s {} merge value {transformation:[0.999483231447601f,0.012996979899047467f,-0.029399805587192587f,-0.47239628533810707f,0.02480321327299434f,0.26994973413744927f,0.9625549031875816f,1.3356621648065135f,0.02044677643041376f,-0.9627866947318205f,0.26948786573977757f,0.34855562629450565f,0f,0f,0f,1f],start_interpolation:0}
execute if entity @s[tag=aj.kamui.bone.left_arm] run data modify entity @s {} merge value {transformation:[0.999483231447601f,0.012996979899047467f,-0.029399805587192587f,-0.3442116364323951f,0.02480321327299434f,0.26994973413744927f,0.9625549031875816f,1.40625f,0.02044677643041376f,-0.9627866947318205f,0.26948786573977757f,0.11041479966535221f,0f,0f,0f,1f],start_interpolation:0}
execute if entity @s[tag=aj.kamui.bone.vortex_vfx3] run data modify entity @s {} merge value {transformation:[-0.9763060573364735f,-0.21634009436651022f,-0.004842104666380631f,0.05888806463328686f,0.2163940823120732f,-0.9760906272272145f,-0.020510694271508426f,1.6696656774872873f,-0.0002890474466865729f,-0.02107251785319064f,0.9997779080590349f,0.22417675192015163f,0f,0f,0f,1f],start_interpolation:0}
execute if entity @s[tag=aj.kamui.bone.vortex_vfx2] run data modify entity @s {} merge value {transformation:[0.6427039754219733f,-0.7660993107940973f,-0.004842104666380631f,0.05987804824365875f,0.7658832930943966f,0.6426523887603494f,-0.020510694271508426f,1.6445522116287183f,0.018825018875788226f,0.009473817679567774f,0.9997779080590349f,0.22366633754516874f,0f,0f,0f,1f],start_interpolation:0}
execute if entity @s[tag=aj.kamui.bone.vortex_vfx] run data modify entity @s {} merge value {transformation:[-0.9990408377207766f,-0.04351963451786798f,-0.004842104666380631f,0.028127865568460725f,0.04361021131111502f,-0.998838055387309f,-0.020510694271508426f,1.6501385362063647f,-0.003943860490545724f,-0.020702186394933906f,0.9997779080590349f,0.2236271705343148f,0f,0f,0f,1f],start_interpolation:0}
execute if entity @s[tag=aj.kamui.bone.head] run data modify entity @s {} merge value {transformation:[0.9999882720086237f,-0.00009933582536441644f,-0.004842104666380631f,-0.048548163927936275f,8.673617379884035e-19f,0.9997896335832357f,-0.020510694271508426f,1.55f,0.004843123496916679f,0.020510453722262886f,0.9997779080590349f,-0.0757395006518982f,0f,0f,0f,1f],start_interpolation:0}
execute if entity @s[tag=aj.kamui.locator_origin.player_camera] at @s on origin run tp @s ^-0.08191 ^0.21875 ^-1.33793 ~137.5 ~0
execute if entity @s[tag=aj.kamui.bone.right_leg2] run data modify entity @s {} merge value {transformation:[0.7244108490471849f,-0.10863507416261531f,0.6807549797426528f,0.09328639746293164f,0.17363095223346578f,0.9844219573570013f,-0.027671326312813035f,0.411751308156955f,-0.6671440730526176f,0.13824554435891706f,0.731988357322485f,-0.19834854027813398f,0f,0f,0f,1f],start_interpolation:0}
execute if entity @s[tag=aj.kamui.bone.right_leg] run data modify entity @s {} merge value {transformation:[0.7244108490471849f,-0.13822579280585026f,0.6753684564635297f,0.04361150317332921f,0.17363095223346578f,0.9846920120849948f,0.015294893347270187f,0.765625f,-0.6671440730526176f,0.10618508152842646f,0.7373218525525774f,-0.1601882766038557f,0f,0f,0f,1f],start_interpolation:0}
execute if entity @s[tag=aj.kamui.bone.left_leg2] run data modify entity @s {} merge value {transformation:[0.9874865112477138f,0.10101330141863606f,0.12110616433661035f,-0.16741419124354523f,-0.11034547662430731f,0.9912096718552246f,0.072988096352847f,0.4241028712984015f,-0.11266883283487383f,-0.08543827805594986f,0.9899525416657411f,0.13964464349690542f,0f,0f,0f,1f],start_interpolation:0}
execute if entity @s[tag=aj.kamui.bone.left_leg] run data modify entity @s {} merge value {transformation:[0.9874865112477138f,0.07163130106623988f,0.1404967857688424f,-0.14167169242286526f,-0.11034547662430731f,0.9503224450827088f,0.29105175855949805f,0.765625f,-0.11266883283487383f,-0.30291287044227677f,0.9463347859124946f,0.030785330681712186f,0f,0f,0f,1f],start_interpolation:0}