execute if entity @s[tag=aj.kamui.bone.right_arm2] run data modify entity @s {} merge value {transformation:[0.6726015597551785f,-0.22491602043073436f,0.7049964011032269f,0.23808000893291104f,0.37096522690163336f,0.926819025137665f,-0.05823482697396706f,1.1745452437155837f,-0.640306131662598f,0.30069798535485665f,0.7068159444712673f,-0.36203593687050617f,0f,0f,0f,1f],start_interpolation:0}
execute if entity @s[tag=aj.kamui.bone.right_arm] run data modify entity @s {} merge value {transformation:[0.6726015597551785f,-0.22491602043073436f,0.7049964011032269f,0.18185100382522745f,0.37096522690163336f,0.926819025137665f,-0.05823482697396706f,1.40625f,-0.640306131662598f,0.30069798535485665f,0.7068159444712673f,-0.286861440531792f,0f,0f,0f,1f],start_interpolation:0}
execute if entity @s[tag=aj.kamui.locator_origin.kamui_locator] at @s on origin run tp @s ^-0.44998 ^1.41872 ^7.47659 ~-44.5904 ~87.86589
execute if entity @s[tag=aj.kamui.bone.fume_ultra_greatsword] run data modify entity @s {} merge value {transformation:[-2.074905951353154f,-0.039947543632443634f,-0.054272339151687256f,-0.38056756655094093f,-0.05530328893859538f,0.05401819942642627f,2.0745600932157404f,1.2537796170409417f,-0.03850765212053354f,2.0749125831919906f,-0.0550539084870741f,0.6036219511651386f,0f,0f,0f,1f],start_interpolation:0}
execute if entity @s[tag=aj.kamui.bone.left_arm2] run data modify entity @s {} merge value {transformation:[0.9994730016151993f,0.011767856938526389f,-0.030252877307417894f,-0.4720877258689266f,0.02663934919970873f,0.2352019097385466f,0.9715813948041391f,1.3441196039153998f,0.018548965375979665f,-0.971875289941263f,0.23476447066169467f,0.35106500147867054f,0f,0f,0f,1f],start_interpolation:0}
execute if entity @s[tag=aj.kamui.bone.left_arm] run data modify entity @s {} merge value {transformation:[0.9994730016151993f,0.011767856938526389f,-0.030252877307417894f,-0.3442116364323951f,0.02663934919970873f,0.2352019097385466f,0.9715813948041391f,1.40625f,0.018548965375979665f,-0.971875289941263f,0.23476447066169467f,0.11041479966535221f,0f,0f,0f,1f],start_interpolation:0}
execute if entity @s[tag=aj.kamui.bone.vortex_vfx3] run data modify entity @s {} merge value {transformation:[-0.8852488220900484f,0.4618680092539183f,-0.05488592730384945f,0.04376523936893324f,-0.46168382789534884f,-0.8868863816985968f,-0.01675079154752585f,1.67079071110263f,-0.05641423621816638f,0.010511326528703856f,0.9983521152211415f,0.22872727227395478f,0f,0f,0f,1f],start_interpolation:0}
execute if entity @s[tag=aj.kamui.bone.vortex_vfx2] run data modify entity @s {} merge value {transformation:[-0.0009195117386573071f,-0.9984922080227558f,-0.05488592730384945f,0.04477434740984111f,0.9998596956486102f,2.220134511007577e-16f,-0.01675079154752585f,1.6456754853725564f,0.016725534838418016f,-0.0548936291188784f,0.9983521152211415f,0.2283613552044872f,0f,0f,0f,1f],start_interpolation:0}
execute if entity @s[tag=aj.kamui.bone.vortex_vfx] run data modify entity @s {} merge value {transformation:[-0.7915973652096087f,0.6085730411193063f,-0.05488592730384945f,0.013067082033278866f,-0.6086760171312723f,-0.7932420293654027f,-0.01675079154752585f,1.651262201421993f,-0.053731904511340876f,0.020147865173666783f,0.9983521152211415f,0.22671193640587245f,0f,0f,0f,1f],start_interpolation:0}
execute if entity @s[tag=aj.kamui.bone.head] run data modify entity @s {} merge value {transformation:[0.9984922080227558f,-0.0009195117386575288f,-0.05488592730384945f,-0.048548163927936275f,0f,0.9998596956486102f,-0.01675079154752585f,1.55f,0.054893629118878406f,0.016725534838418002f,0.9983521152211415f,-0.0757395006518982f,0f,0f,0f,1f],start_interpolation:0}
execute if entity @s[tag=aj.kamui.locator_origin.player_camera] at @s on origin run tp @s ^-0.08191 ^0.21875 ^-1.33793 ~137.5 ~0
execute if entity @s[tag=aj.kamui.bone.right_leg2] run data modify entity @s {} merge value {transformation:[0.73038460262791f,-0.05609872362041311f,0.6807284814463326f,0.08952727190329979f,0.13507897972461097f,0.988801470226232f,-0.06344542312097887f,0.4098557136230059f,-0.66954611602236f,0.13829166889803016f,0.729783127259578f,-0.18187577709930744f,0f,0f,0f,1f],start_interpolation:0}
execute if entity @s[tag=aj.kamui.bone.right_leg] run data modify entity @s {} merge value {transformation:[0.73038460262791f,-0.1277656173355703f,0.6709800885800785f,0.04361150317332921f,0.13507897972461097f,0.9899667099185923f,0.04146784886530678f,0.765625f,-0.66954611602236f,0.06034782746560481f,0.7403148912723243f,-0.1601882766038557f,0f,0f,0f,1f],start_interpolation:0}
execute if entity @s[tag=aj.kamui.bone.left_leg2] run data modify entity @s {} merge value {transformation:[0.9805433330282064f,0.11900011577143338f,0.1561209290912689f,-0.16939578687322918f,-0.1244776480122037f,0.9918880901158473f,0.025755229210528724f,0.4222851735362277f,-0.15178961492567766f,-0.04468768435175838f,0.9874021083975829f,0.133252538976532f,0f,0f,0f,1f],start_interpolation:0}
execute if entity @s[tag=aj.kamui.bone.left_leg] run data modify entity @s {} merge value {transformation:[0.9805433330282064f,0.07714530629666481f,0.180508652896002f,-0.14167169242286526f,-0.1244776480122037f,0.9553803866818013f,0.2678686840395528f,0.765625f,-0.15178961492567766f,-0.2851261448203682f,0.9463947349497401f,0.030785330681712186f,0f,0f,0f,1f],start_interpolation:0}