execute if entity @s[tag=aj.kamui.bone.right_arm2] run data modify entity @s {} merge value {transformation:[0.641322180903f,-0.2014323796779274f,0.7403586000710106f,0.21473967858599427f,0.39953411201527106f,0.9114535933544559f,-0.09810627144795053f,1.1213601945810865f,-0.6550407266865079f,0.35871624381750183f,0.6650145132276993f,-0.522457034631644f,0f,0f,0f,1f],start_interpolation:0}
execute if entity @s[tag=aj.kamui.bone.right_arm] run data modify entity @s {} merge value {transformation:[0.641322180903f,-0.2014323796779274f,0.7403586000710106f,0.16438158366651243f,0.39953411201527106f,0.9114535933544559f,-0.09810627144795053f,1.3492235929197005f,-0.6550407266865079f,0.35871624381750183f,0.6650145132276993f,-0.4327779736772685f,0f,0f,0f,1f],start_interpolation:0}
execute if entity @s[tag=aj.kamui.locator_origin.kamui_locator] at @s on origin run tp @s ^-0.63824 ^7.72945 ^3.79977 ~-1.56062 ~30.55225
execute if entity @s[tag=aj.kamui.locator_origin.player_camera] at @s on origin run tp @s ^-0.08191 ^0.21875 ^-1.33793 ~137.5 ~0
execute if entity @s[tag=aj.kamui.bone.right_leg2] run data modify entity @s {} merge value {transformation:[0.7186805179605543f,-0.12068564422095605f,0.6847870387083285f,0.09767615465258699f,0.2580476556448955f,0.9607865000406551f,-0.10149240738006825f,0.4190800178311658f,-0.6456854656255803f,0.24964830585966552f,0.721641187059938f,-0.23850800221004487f,0f,0f,0f,1f],start_interpolation:0}
execute if entity @s[tag=aj.kamui.bone.right_leg] run data modify entity @s {} merge value {transformation:[0.7186805179605543f,-0.15044076933358685f,0.6788710393191533f,0.04361150317332921f,0.2580476556448955f,0.9642990808176256f,-0.05948689057645985f,0.765625f,-0.6456854656255803f,0.21793314951287418f,0.7318438507108443f,-0.1601882766038557f,0f,0f,0f,1f],start_interpolation:0}
execute if entity @s[tag=aj.kamui.bone.left_leg2] run data modify entity @s {} merge value {transformation:[0.9924719377195104f,0.12081606093378812f,0.0200731726372115f,-0.18319720333910763f,-0.12227157058890649f,0.9868253596266873f,0.10594985900595202f,0.42285216513966983f,-0.007008271184975379f,-0.10760664021380029f,0.9941688463821904f,0.13044879565237164f,0f,0f,0f,1f],start_interpolation:0}
execute if entity @s[tag=aj.kamui.bone.left_leg] run data modify entity @s {} merge value {transformation:[0.9924719377195104f,0.11554924776693533f,0.040593400692421566f,-0.14167169242286526f,-0.12227157058890649f,0.9538026709157013f,0.2744269082648355f,0.765625f,-0.007008271184975379f,-0.2773244242661828f,0.9607507730105804f,0.030785330681712186f,0f,0f,0f,1f],start_interpolation:0}