execute if entity @s[tag=aj.kamui.bone.right_arm2] run data modify entity @s {} merge value {transformation:[0.6410520466694164f,-0.20049091415078596f,0.7408479377064731f,0.2145043122042089f,0.40087981426663855f,0.9106073091368113f,-0.10044751395709708f,1.1215717656354978f,-0.6544827331370152f,0.36138306807264486f,0.6641194396611985f,-0.5231237406954297f,0f,0f,0f,1f],start_interpolation:0}
execute if entity @s[tag=aj.kamui.bone.right_arm] run data modify entity @s {} merge value {transformation:[0.6410520466694164f,-0.20049091415078596f,0.7408479377064731f,0.16438158366651243f,0.40087981426663855f,0.9106073091368113f,-0.10044751395709708f,1.3492235929197005f,-0.6544827331370152f,0.36138306807264486f,0.6641194396611985f,-0.4327779736772685f,0f,0f,0f,1f],start_interpolation:0}
execute if entity @s[tag=aj.kamui.locator_origin.kamui_locator] at @s on origin run tp @s ^-0.63824 ^7.72945 ^3.79977 ~-1.56062 ~30.55225
execute if entity @s[tag=aj.kamui.locator_origin.player_camera] at @s on origin run tp @s ^-0.08191 ^0.21875 ^-1.33793 ~137.5 ~0
execute if entity @s[tag=aj.kamui.bone.right_leg2] run data modify entity @s {} merge value {transformation:[0.7186805179605543f,-0.11879729321969792f,0.6851171551111693f,0.09700334922464329f,0.2580476556448955f,0.9605030439354093f,-0.10414081815977272f,0.4191402721753723f,-0.6456854656255803f,0.2516368528544388f,0.7209501881304912f,-0.2392327880168973f,0f,0f,0f,1f],start_interpolation:0}
execute if entity @s[tag=aj.kamui.bone.right_leg] run data modify entity @s {} merge value {transformation:[0.7186805179605543f,-0.14856861509930877f,0.6792832102381321f,0.04361150317332921f,0.2580476556448955f,0.9641314165554857f,-0.062145144837597616f,0.765625f,-0.6456854656255803f,0.21994994480150698f,0.7312402486609249f,-0.1601882766038557f,0f,0f,0f,1f],start_interpolation:0}
execute if entity @s[tag=aj.kamui.bone.left_leg2] run data modify entity @s {} merge value {transformation:[0.9924939539949602f,0.12063616550711194f,0.02006656062184142f,-0.18316498374058993f,-0.12208757104837707f,0.9869147124562513f,0.1053279418430951f,0.4225724904056608f,-0.007097624881383491f,-0.10698722311162029f,0.9942350616488571f,0.12949537607552325f,0f,0f,0f,1f],start_interpolation:0}
execute if entity @s[tag=aj.kamui.bone.left_leg] run data modify entity @s {} merge value {transformation:[0.9924939539949602f,0.11545959323192953f,0.04030922492639516f,-0.14167169242286526f,-0.12208757104837707f,0.9545808962625091f,0.27179024538451046f,0.765625f,-0.007097624881383491f,-0.2746714306610395f,0.9615119494315504f,0.030785330681712186f,0f,0f,0f,1f],start_interpolation:0}