execute if entity @s[tag=aj.kamui.bone.right_arm2] run data modify entity @s {} merge value {transformation:[0.6482435874660293f,-0.2786428119226121f,0.708617269527798f,0.23404228664716545f,0.36132184912303816f,0.9317518745272158f,0.03584641769170749f,1.1162856242878965f,-0.6702438158278529f,0.2328016917440241f,0.7046819138204408f,-0.4909783966132745f,0f,0f,0f,1f],start_interpolation:0}
execute if entity @s[tag=aj.kamui.bone.right_arm] run data modify entity @s {} merge value {transformation:[0.6482435874660293f,-0.2786428119226121f,0.708617269527798f,0.16438158366651243f,0.36132184912303816f,0.9317518745272158f,0.03584641769170749f,1.3492235929197005f,-0.6702438158278529f,0.2328016917440241f,0.7046819138204408f,-0.4327779736772685f,0f,0f,0f,1f],start_interpolation:0}
execute if entity @s[tag=aj.kamui.locator_origin.kamui_locator] at @s on origin run tp @s ^-0.63702 ^7.70325 ^3.84259 ~-1.58619 ~30.94112
execute if entity @s[tag=aj.kamui.bone.fume_ultra_greatsword] run data modify entity @s {} merge value {transformation:[-2.0735556565819446f,-0.0878274160538196f,-0.04928776771505288f,-0.40896769109880365f,-0.10066892299076051f,1.7777291349679187f,1.0673897557266039f,1.821023255935022f,-0.0029507627664767107f,1.0685230309523184f,-1.7798948916505064f,0.2905204538963383f,0f,0f,0f,1f],start_interpolation:0}
execute if entity @s[tag=aj.kamui.bone.left_arm2] run data modify entity @s {} merge value {transformation:[0.9988225706078726f,0.04007586426605669f,-0.027338572523261773f,-0.4928164860389723f,0.04849177408032787f,-0.8082539460195913f,0.5868339685041268f,1.6201232592192911f,0.0014213693480139011f,-0.5874687088237881f,-0.8092456338233083f,0.10905189868166493f,0f,0f,0f,1f],start_interpolation:0}
execute if entity @s[tag=aj.kamui.bone.left_arm] run data modify entity @s {} merge value {transformation:[0.9988225706078726f,0.04007586426605669f,-0.027338572523261773f,-0.3579446986464741f,0.04849177408032787f,-0.8082539460195913f,0.5868339685041268f,1.4241212444744342f,0.0014213693480139011f,-0.5874687088237881f,-0.8092456338233083f,-0.03763760735578037f,0f,0f,0f,1f],start_interpolation:0}
execute if entity @s[tag=aj.kamui.locator_origin.player_camera] at @s on origin run tp @s ^-0.08191 ^0.21875 ^-1.33793 ~137.5 ~0
execute if entity @s[tag=aj.kamui.bone.right_leg2] run data modify entity @s {} merge value {transformation:[0.7195824577020099f,-0.17878961834875215f,0.6709957965130946f,0.11832120854514866f,0.2492317173683898f,0.9683997585013299f,-0.009244392471601866f,0.4177926609580267f,-0.6481393658968245f,0.17388553736660642f,0.7414035218891183f,-0.21099688281230858f,0f,0f,0f,1f],start_interpolation:0}
execute if entity @s[tag=aj.kamui.bone.right_leg] run data modify entity @s {} merge value {transformation:[0.7195824577020099f,-0.20788787581723675f,0.6625584635756544f,0.04361150317332921f,0.2492317173683898f,0.9678812912472301f,0.03300541033220878f,0.765625f,-0.6481393658968245f,0.141380469449608f,0.7482826506294732f,-0.1601882766038557f,0f,0f,0f,1f],start_interpolation:0}
execute if entity @s[tag=aj.kamui.bone.left_leg2] run data modify entity @s {} merge value {transformation:[0.9965903219503801f,0.07923535289553946f,0.023010628986547137f,-0.16440929515473737f,-0.07840852210390563f,0.9963119391238128f,-0.03485145077079643f,0.43282303031954883f,-0.02568723138679102f,0.0329283891325895f,0.9991275630933288f,0.16448739133830634f,0f,0f,0f,1f],start_interpolation:0}
execute if entity @s[tag=aj.kamui.bone.left_leg] run data modify entity @s {} merge value {transformation:[0.9965903219503801f,0.063269851079992f,0.052959004325542514f,-0.14167169242286526f,-0.07840852210390563f,0.9260576547629946f,0.3691467509221008f,0.765625f,-0.02568723138679102f,-0.3720405166096533f,0.9278609918217833f,0.030785330681712186f,0f,0f,0f,1f],start_interpolation:0}