execute if entity @s[tag=aj.kamui.bone.right_arm2] run data modify entity @s {} merge value {transformation:[0.6734067184548722f,-0.24878634476278605f,0.6961528181365153f,0.24404759001592397f,0.3759544073220643f,0.9260602546182716f,-0.03272137575740734f,1.174734936345432f,-0.6365388245464337f,0.2837565144202229f,0.7171475199490897f,-0.35780056913684777f,0f,0f,0f,1f],start_interpolation:0}
execute if entity @s[tag=aj.kamui.bone.right_arm] run data modify entity @s {} merge value {transformation:[0.6734067184548722f,-0.24878634476278605f,0.6961528181365153f,0.18185100382522745f,0.3759544073220643f,0.9260602546182716f,-0.03272137575740734f,1.40625f,-0.6365388245464337f,0.2837565144202229f,0.7171475199490897f,-0.286861440531792f,0f,0f,0f,1f],start_interpolation:0}
execute if entity @s[tag=aj.kamui.locator_origin.kamui_locator] at @s on origin run tp @s ^-0.79591 ^7.41779 ^4.13705 ~3.86448 ~30.8998
execute if entity @s[tag=aj.kamui.bone.fume_ultra_greatsword] run data modify entity @s {} merge value {transformation:[-2.0681541238323455f,-0.13453936153001458f,0.12005698761152642f,-0.4117258047083135f,-0.05394082409336089f,1.7805296758785332f,1.0661052766082775f,1.5276900715649635f,-0.17206076708938417f,1.0589566721613202f,-1.7772962214874684f,0.6115941849870519f,0f,0f,0f,1f],start_interpolation:0}
execute if entity @s[tag=aj.kamui.bone.left_arm2] run data modify entity @s {} merge value {transformation:[0.9962206762198198f,0.08683636204348236f,0.0019520499935810542f,-0.4819945828738222f,0.025983055921657505f,-0.319382051529914f,0.9472697535367182f,1.4700204824326972f,0.08288090900259365f,-0.9436389942067867f,-0.3204312773986136f,0.34315651451317436f,0f,0f,0f,1f],start_interpolation:0}
execute if entity @s[tag=aj.kamui.bone.left_arm] run data modify entity @s {} merge value {transformation:[0.9962206762198198f,0.08681595025854527f,-0.0027120200644492054f,-0.3357630107817084f,0.025983055921657505f,-0.26807345769161794f,0.9630480268845536f,1.40625f,0.08288090900259365f,-0.9594788231440887f,-0.26931606498858873f,0.1136469223524764f,0f,0f,0f,1f],start_interpolation:0}
execute if entity @s[tag=aj.kamui.bone.vortex_vfx3] run data modify entity @s {} merge value {transformation:[-0.8864257405258554f,0.46155600813876446f,-0.03486341756335942f,0.04991057127989172f,-0.46174673939742955f,-0.8870072335696748f,-0.002848903458235673f,1.6749349713487078f,-0.03223903207341592f,0.013572728026479108f,0.9993880256761575f,0.22510814605351442f,0f,0f,0f,1f],start_interpolation:0}
execute if entity @s[tag=aj.kamui.bone.vortex_vfx2] run data modify entity @s {} merge value {transformation:[-0.0000993229139276108f,-0.9993920813428337f,-0.03486341756335942f,0.050899965827661986f,0.9999959418663086f,2.222605442728362e-16f,-0.002848903458235673f,1.6498163232839536f,0.002847171556670955f,-0.03486355904434307f,0.9993880256761575f,0.2250710564275316f,0f,0f,0f,1f],start_interpolation:0}
execute if entity @s[tag=aj.kamui.bone.vortex_vfx] run data modify entity @s {} merge value {transformation:[-0.7928105820349309f,0.608470149743795f,-0.03486341756335942f,0.019168712278245445f,-0.6087589585734553f,-0.7933501207573157f,-0.002848903458235673f,1.6554038006091316f,-0.02939236924774227f,0.018964776959297096f,0.9993880256761575f,0.22398004699894664f,0f,0f,0f,1f],start_interpolation:0}
execute if entity @s[tag=aj.kamui.bone.head] run data modify entity @s {} merge value {transformation:[0.9993920813428337f,-0.00009932291392783271f,-0.03486341756335942f,-0.048548163927936275f,-2.168404344971009e-19f,0.9999959418663086f,-0.002848903458235673f,1.55f,0.03486355904434307f,0.002847171556670947f,0.9993880256761575f,-0.0757395006518982f,0f,0f,0f,1f],start_interpolation:0}
execute if entity @s[tag=aj.kamui.locator_origin.player_camera] at @s on origin run tp @s ^-0.08191 ^0.21875 ^-1.33793 ~137.5 ~0
execute if entity @s[tag=aj.kamui.bone.right_leg2] run data modify entity @s {} merge value {transformation:[0.7309698269877654f,0.030585894081919557f,0.6817240021568006f,0.07342395810801212f,0.13052619222005157f,0.9742840573878409f,-0.18366678704768735f,0.4093931288048605f,-0.669810439735012f,0.22323771769818818f,0.7081799885755692f,-0.19707271913152613f,0f,0f,0f,1f],start_interpolation:0}
execute if entity @s[tag=aj.kamui.bone.right_leg] run data modify entity @s {} merge value {transformation:[0.7309698269877654f,-0.08295639633998723f,0.6773487641826468f,0.04361150317332921f,0.13052619222005157f,0.9912539024560404f,-0.01945800632657038f,0.765625f,-0.669810439735012f,0.10263497051177854f,0.735404676113795f,-0.1601882766038557f,0f,0f,0f,1f],start_interpolation:0}
execute if entity @s[tag=aj.kamui.bone.left_leg2] run data modify entity @s {} merge value {transformation:[0.9833593600036672f,0.12901598318630947f,0.12790326491394957f,-0.17311843369643573f,-0.12246827810381274f,0.9907860391678966f,-0.05783204516769458f,0.4269510259979376f,-0.13418602740771945f,0.041205590305940065f,0.9900990906854088f,0.14235194470960616f,0f,0f,0f,1f],start_interpolation:0}
execute if entity @s[tag=aj.kamui.bone.left_leg] run data modify entity @s {} merge value {transformation:[0.9833593600036672f,0.07281723207394256f,0.1664392375801681f,-0.14694974091986263f,-0.12246827810381274f,0.9423971450492171f,0.3112702071534825f,0.765625f,-0.13418602740771945f,-0.326473998530012f,0.9356328544532626f,0.025025351487883096f,0f,0f,0f,1f],start_interpolation:0}