execute if entity @s[tag=aj.kamui.bone.right_arm2] run data modify entity @s {} merge value {transformation:[0.6449570934402703f,-0.2892849629696199f,0.7073503783986715f,0.2367028244089174f,0.3807087394083243f,0.9241807665233492f,0.030834502208390846f,1.1181784012888631f,-0.6626395727386064f,0.249407539958158f,0.7061902545722482f,-0.49512985866680803f,0f,0f,0f,1f],start_interpolation:0}
execute if entity @s[tag=aj.kamui.bone.right_arm] run data modify entity @s {} merge value {transformation:[0.6449570934402703f,-0.2892849629696199f,0.7073503783986715f,0.16438158366651243f,0.3807087394083243f,0.9241807665233492f,0.030834502208390846f,1.3492235929197005f,-0.6626395727386064f,0.249407539958158f,0.7061902545722482f,-0.4327779736772685f,0f,0f,0f,1f],start_interpolation:0}
execute if entity @s[tag=aj.kamui.locator_origin.kamui_locator] at @s on origin run tp @s ^-0.63993 ^7.76604 ^3.73887 ~-1.52478 ~30.00187
execute if entity @s[tag=aj.kamui.bone.fume_ultra_greatsword] run data modify entity @s {} merge value {transformation:[-2.073555656581944f,-0.08862479468879673f,-0.047839155755430456f,-0.40921702109871005f,-0.10066892299076065f,1.795014143133476f,1.038058762255141f,1.8263521675990957f,-0.0029507627664768295f,1.0391563268907926f,-1.7971982142440304f,0.28392684817007f,0f,0f,0f,1f],start_interpolation:0}
execute if entity @s[tag=aj.kamui.bone.left_arm2] run data modify entity @s {} merge value {transformation:[0.9988225706078724f,0.04051931283052196f,-0.026676913839935368f,-0.49292734818008865f,0.04849177408032794f,-0.8177797639447035f,0.5734847910181121f,1.622504713700569f,0.0014213693480139566f,-0.5741031640483159f,-0.8187817393780157f,0.10571051248779684f,0f,0f,0f,1f],start_interpolation:0}
execute if entity @s[tag=aj.kamui.bone.left_arm] run data modify entity @s {} merge value {transformation:[0.9988225706078724f,0.04051931283052196f,-0.026676913839935368f,-0.3579446986464741f,0.04849177408032794f,-0.8177797639447035f,0.5734847910181121f,1.4241212444744342f,0.0014213693480139566f,-0.5741031640483159f,-0.8187817393780157f,-0.03763760735578037f,0f,0f,0f,1f],start_interpolation:0}
execute if entity @s[tag=aj.kamui.locator_origin.player_camera] at @s on origin run tp @s ^-0.08191 ^0.21875 ^-1.33793 ~137.5 ~0
execute if entity @s[tag=aj.kamui.bone.right_leg2] run data modify entity @s {} merge value {transformation:[0.7180544215702951f,-0.19443956661424244f,0.6682747209031733f,0.12389740089862292f,0.2638345138145385f,0.9645637777635728f,-0.002840413123314782f,0.4192702914262903f,-0.6440413006815593f,0.17835350728631755f,0.7439091540336591f,-0.21256175367254296f,0f,0f,0f,1f],start_interpolation:0}
execute if entity @s[tag=aj.kamui.bone.right_leg] run data modify entity @s {} merge value {transformation:[0.7180544215702951f,-0.22340423714864338f,0.659157336671133f,0.04361150317332921f,0.2638345138145385f,0.9637696238572792f,0.039235971381435746f,0.765625f,-0.6440413006815593f,0.14573489271286888f,0.7509807880780796f,-0.1601882766038557f,0f,0f,0f,1f],start_interpolation:0}
execute if entity @s[tag=aj.kamui.bone.left_leg2] run data modify entity @s {} merge value {transformation:[0.9958023546640884f,0.08888830545649493f,0.021829786955655597f,-0.16829039472293839f,-0.08870622323884242f,0.9960155820085328f,-0.009174222305155966f,0.432924706514672f,-0.0225582890343462f,0.007199274218741447f,0.9997196077133657f,0.16402327583112028f,0f,0f,0f,1f],start_interpolation:0}
execute if entity @s[tag=aj.kamui.bone.left_leg] run data modify entity @s {} merge value {transformation:[0.9958023546640884f,0.07406943248716003f,0.05377164323773731f,-0.14167169242286526f,-0.08870622323884242f,0.925774729698304f,0.36752191201441686f,0.765625f,-0.0225582890343462f,-0.37074906476357034f,0.9284590753354616f,0.030785330681712186f,0f,0f,0f,1f],start_interpolation:0}