execute if entity @s[tag=aj.kamui.bone.right_arm2] run data modify entity @s {} merge value {transformation:[0.6395759405741899f,-0.19545357096738725f,0.7434652095658116f,0.21324497640835924f,0.40810366931679065f,0.9059260876161783f,-0.11291288175675876f,1.122742071015656f,-0.651455302633121f,0.3756272425857058f,0.6591738490706738f,-0.5266847843236949f,0f,0f,0f,1f],start_interpolation:0}
execute if entity @s[tag=aj.kamui.bone.right_arm] run data modify entity @s {} merge value {transformation:[0.6395759405741899f,-0.19545357096738725f,0.7434652095658116f,0.16438158366651243f,0.40810366931679065f,0.9059260876161783f,-0.11291288175675876f,1.3492235929197005f,-0.651455302633121f,0.3756272425857058f,0.6591738490706738f,-0.4327779736772685f,0f,0f,0f,1f],start_interpolation:0}
execute if entity @s[tag=aj.kamui.locator_origin.kamui_locator] at @s on origin run tp @s ^-0.63824 ^7.72945 ^3.79977 ~-1.56062 ~30.55225
execute if entity @s[tag=aj.kamui.locator_origin.player_camera] at @s on origin run tp @s ^-0.08191 ^0.21875 ^-1.33793 ~137.5 ~0
execute if entity @s[tag=aj.kamui.bone.right_leg2] run data modify entity @s {} merge value {transformation:[0.7186805179605543f,-0.1086524779708952f,0.686799062415444f,0.09338739133516474f,0.25804765564489546f,0.9588579261610359f,-0.11833378576860806f,0.41950843872224886f,-0.6456854656255803f,0.26227107440383407f,0.7171500282443944f,-0.24311039423217712f,0f,0f,0f,1f],start_interpolation:0}
execute if entity @s[tag=aj.kamui.bone.right_leg] run data modify entity @s {} merge value {transformation:[0.7186805179605543f,-0.13850681923293365f,0.6814060273654206f,0.04361150317332921f,0.25804765564489546f,0.9631069531206988f,-0.07639636291563545f,0.765625f,-0.6456854656255803f,0.23073980557445964f,0.7279075639140851f,-0.1601882766038557f,0f,0f,0f,1f],start_interpolation:0}
execute if entity @s[tag=aj.kamui.bone.left_leg2] run data modify entity @s {} merge value {transformation:[0.992616233478131f,0.11963142911062685f,0.02003332734812379f,-0.18297181952763036f,-0.12105912090115448f,0.9874060183479678f,0.10185305187794905f,0.4211152350255967f,-0.00759620183563442f,-0.10352620972083129f,0.9945977184864796f,0.12436797845047136f,0f,0f,0f,1f],start_interpolation:0}
execute if entity @s[tag=aj.kamui.bone.left_leg] run data modify entity @s {} merge value {transformation:[0.992616233478131f,0.11492209281325938f,0.038806257473616546f,-0.14167169242286526f,-0.12105912090115448f,0.9586358677548613f,0.2576081565100835f,0.765625f,-0.00759620183563442f,-0.2604038894435038f,0.9654698918559643f,0.030785330681712186f,0f,0f,0f,1f],start_interpolation:0}