execute if entity @s[tag=aj.kamui.bone.right_arm2] run data modify entity @s {} merge value {transformation:[0.6464707603950591f,-0.23869581165118384f,0.7246377477432542f,0.22405553657930838f,0.3722876956352987f,0.9277380757803173f,-0.02653176258739076f,1.117289073974621f,-0.6659410091237759f,0.2869257260121806f,0.6886190529745673f,-0.5045094051803136f,0f,0f,0f,1f],start_interpolation:0}
execute if entity @s[tag=aj.kamui.bone.right_arm] run data modify entity @s {} merge value {transformation:[0.6464707603950591f,-0.23869581165118384f,0.7246377477432542f,0.16438158366651243f,0.3722876956352987f,0.9277380757803173f,-0.02653176258739076f,1.3492235929197005f,-0.6659410091237759f,0.2869257260121806f,0.6886190529745673f,-0.4327779736772685f,0f,0f,0f,1f],start_interpolation:0}
execute if entity @s[tag=aj.kamui.locator_origin.kamui_locator] at @s on origin run tp @s ^-0.63824 ^7.72945 ^3.79977 ~-1.56062 ~30.55225
execute if entity @s[tag=aj.kamui.locator_origin.player_camera] at @s on origin run tp @s ^-0.08191 ^0.21875 ^-1.33793 ~137.5 ~0
execute if entity @s[tag=aj.kamui.bone.right_leg2] run data modify entity @s {} merge value {transformation:[0.7185851007180654f,-0.16909940204133705f,0.6745671539997109f,0.11489808514374447f,0.25894596990113233f,0.9652979997449f,-0.03386379128888147f,0.41852036783209723f,-0.6454319775917283f,0.19901046182991808f,0.7374363690409316f,-0.22007974664392216f,0f,0f,0f,1f],start_interpolation:0}
execute if entity @s[tag=aj.kamui.bone.right_leg] run data modify entity @s {} merge value {transformation:[0.7185851007180654f,-0.19836266287419901f,0.6665491032200586f,0.04361150317332921f,0.25894596990113233f,0.9658563677715555f,0.008274146910680562f,0.765625f,-0.6454319775917283f,0.16665452532888056f,0.7454152074444388f,-0.1601882766038557f,0f,0f,0f,1f],start_interpolation:0}
execute if entity @s[tag=aj.kamui.bone.left_leg2] run data modify entity @s {} merge value {transformation:[0.9931843292042064f,0.11484157666486638f,0.019907297463938628f,-0.17964524593799452f,-0.1161272920551636f,0.9896114617339339f,0.08475616110207834f,0.430259426428104f,-0.009966958569436413f,-0.08649027155671518f,0.9962028371084478f,0.15422896932391533f,0f,0f,0f,1f],start_interpolation:0}
execute if entity @s[tag=aj.kamui.bone.left_leg] run data modify entity @s {} merge value {transformation:[0.9931843292042064f,0.10566554021601184f,0.049190261577353955f,-0.14167169242286526f,-0.1161272920551636f,0.9331911612435366f,0.3401010270741244f,0.765625f,-0.009966958569436413f,-0.3434953423087392f,0.9391014905477879f,0.030785330681712186f,0f,0f,0f,1f],start_interpolation:0}