execute if entity @s[tag=aj.kamui.bone.right_arm2] run data modify entity @s {} merge value {transformation:[0.6843610900688067f,-0.16740179747365985f,0.709666496745071f,0.22370145319364243f,0.32398522943921737f,0.9417440935290784f,-0.09028639658504511f,1.1708139766177303f,-0.6532101266093874f,0.29170995955860346f,0.6987287241764616f,-0.3597889304214429f,0f,0f,0f,1f],start_interpolation:0}
execute if entity @s[tag=aj.kamui.bone.right_arm] run data modify entity @s {} merge value {transformation:[0.6843610900688067f,-0.16740179747365985f,0.709666496745071f,0.18185100382522745f,0.32398522943921737f,0.9417440935290784f,-0.09028639658504511f,1.40625f,-0.6532101266093874f,0.29170995955860346f,0.6987287241764616f,-0.286861440531792f,0f,0f,0f,1f],start_interpolation:0}
execute if entity @s[tag=aj.kamui.locator_origin.kamui_locator] at @s on origin run tp @s ^-0.43655 ^1.02731 ^7.46705 ~-135.0699 ~87.84172
execute if entity @s[tag=aj.kamui.bone.fume_ultra_greatsword] run data modify entity @s {} merge value {transformation:[-2.0749500904452964f,-0.03618462858224456f,-0.055215892779334384f,-0.3796073476882186f,-0.05422241288811204f,-0.05632436260823518f,2.0745272946185516f,1.2278159191059321f,-0.037657032565578584f,2.0749202969827873f,0.05535078199279455f,0.5949049316857923f,0f,0f,0f,1f],start_interpolation:0}
execute if entity @s[tag=aj.kamui.bone.left_arm2] run data modify entity @s {} merge value {transformation:[0.9994942632202777f,0.009902247792015317f,-0.030218591602179656f,-0.47162398128293365f,0.02611869599620037f,0.2864257901604915f,0.9577463549658625f,1.331378715460352f,0.018139225705962825f,-0.9580512576160021f,0.28602230030398756f,0.3476602108561074f,0f,0f,0f,1f],start_interpolation:0}
execute if entity @s[tag=aj.kamui.bone.left_arm] run data modify entity @s {} merge value {transformation:[0.9994942632202777f,0.009902247792015317f,-0.030218591602179656f,-0.3442116364323951f,0.02611869599620037f,0.2864257901604915f,0.9577463549658625f,1.40625f,0.018139225705962825f,-0.9580512576160021f,0.28602230030398756f,0.11041479966535221f,0f,0f,0f,1f],start_interpolation:0}
execute if entity @s[tag=aj.kamui.bone.vortex_vfx3] run data modify entity @s {} merge value {transformation:[0.9958429858883058f,0.08179829604359937f,-0.04007226249448176f,0.048203374352711756f,-0.0830313733612834f,0.9960911402906925f,-0.030136875619862013f,1.6667772328427437f,0.03745048056837368f,0.03333885119123854f,0.9987422002230836f,0.2289150477512602f,0f,0f,0f,1f],start_interpolation:0}
execute if entity @s[tag=aj.kamui.bone.vortex_vfx2] run data modify entity @s {} merge value {transformation:[-0.5323850924599529f,0.8455532668643531f,-0.04007226249448176f,0.049220428969286786f,-0.8452040107661188f,-0.5335934303500552f,-0.030136875619862013f,1.6416698922510609f,-0.04686462963977739f,0.01782481366747437f,0.9987422002230836f,0.2281982450359744f,0f,0f,0f,1f],start_interpolation:0}
execute if entity @s[tag=aj.kamui.bone.vortex_vfx] run data modify entity @s {} merge value {transformation:[0.9949180183298616f,-0.09237072361497427f,-0.04007226249448176f,0.0174892034332597f,0.09119947107221f,0.9953765243384144f,-0.030136875619862013f,1.6472548543035526f,0.04267075437263499f,0.026329151426203137f,0.9987422002230836f,0.22709362695536534f,0f,0f,0f,1f],start_interpolation:0}
execute if entity @s[tag=aj.kamui.bone.head] run data modify entity @s {} merge value {transformation:[0.9991960538490525f,-0.0012082015784658402f,-0.04007226249448176f,-0.048548163927936275f,1.734723475976807e-18f,0.9995457812065803f,-0.030136875619862013f,1.55f,0.040090472340455874f,0.03011264719470584f,0.9987422002230836f,-0.0757395006518982f,0f,0f,0f,1f],start_interpolation:0}
execute if entity @s[tag=aj.kamui.locator_origin.player_camera] at @s on origin run tp @s ^-0.08191 ^0.21875 ^-1.33793 ~137.5 ~0
execute if entity @s[tag=aj.kamui.bone.right_leg2] run data modify entity @s {} merge value {transformation:[0.7272794447383223f,-0.10487271623903408f,0.6782818902563772f,0.09766306481536934f,0.15744301439916839f,0.9873960091109646f,-0.016149873332112014f,0.411196745537983f,-0.6680391504081332f,0.11853621632390263f,0.73462429781596f,-0.18487494806973886f,0f,0f,0f,1f],start_interpolation:0}
execute if entity @s[tag=aj.kamui.bone.right_leg] run data modify entity @s {} merge value {transformation:[0.7272794447383223f,-0.15040434543872036f,0.6696589745043869f,0.04361150317332921f,0.15744301439916839f,0.9862351428508299f,0.05051673210834489f,0.765625f,-0.6680391504081332f,0.06869334668767489f,0.7409486605985776f,-0.1601882766038557f,0f,0f,0f,1f],start_interpolation:0}
execute if entity @s[tag=aj.kamui.bone.left_leg2] run data modify entity @s {} merge value {transformation:[0.9793312081473868f,0.1139972672972483f,0.16707784951135474f,-0.1695334121311181f,-0.12665718774116033f,0.9896709625802588f,0.06715163898941412f,0.42235808059932173f,-0.15769699281241756f,-0.0869253062935291f,0.983654232738159f,0.1334592672238892f,0f,0f,0f,1f],start_interpolation:0}
execute if entity @s[tag=aj.kamui.bone.left_leg] run data modify entity @s {} merge value {transformation:[0.9793312081473868f,0.07752826353600796f,0.18681475611329657f,-0.14167169242286526f,-0.12665718774116033f,0.9551775148540613f,0.2675703120877202f,0.765625f,-0.15769699281241756f,-0.2857013886391013f,0.9452546614471729f,0.030785330681712186f,0f,0f,0f,1f],start_interpolation:0}