execute if entity @s[tag=aj.kamui.bone.right_arm2] run data modify entity @s {} merge value {transformation:[0.6716198893186823f,-0.13395780063556723f,0.7286851390830215f,0.20817023786298583f,0.3235480073452824f,0.9378108064596746f,-0.12580770338239114f,1.1498394496056341f,-0.6665158746905114f,0.32025958055355075f,0.6731941695003053f,-0.4342554329619639f,0f,0f,0f,1f],start_interpolation:0}
execute if entity @s[tag=aj.kamui.bone.right_arm] run data modify entity @s {} merge value {transformation:[0.6716198893186823f,-0.13395780063556723f,0.7286851390830215f,0.174680787704094f,0.3235480073452824f,0.9378108064596746f,-0.12580770338239114f,1.3842921512205528f,-0.6665158746905114f,0.32025958055355075f,0.6731941695003053f,-0.35419053782357623f,0f,0f,0f,1f],start_interpolation:0}
execute if entity @s[tag=aj.kamui.locator_origin.kamui_locator] at @s on origin run tp @s ^-0.53404 ^4.5118 ^6.73203 ~-3.31259 ~63.84979
execute if entity @s[tag=aj.kamui.bone.fume_ultra_greatsword] run data modify entity @s {} merge value {transformation:[-2.0744116024194974f,-0.06162303508288464f,-0.05286875537162552f,-0.3928206518904094f,-0.07458275391585968f,0.9119022760614065f,1.8635041324698893f,1.5036764924622974f,-0.0320923131870784f,1.8639776931232843f,-0.9134184380518613f,0.5513331682447193f,0f,0f,0f,1f],start_interpolation:0}
execute if entity @s[tag=aj.kamui.bone.left_arm2] run data modify entity @s {} merge value {transformation:[0.9992348759246135f,0.02321117932626049f,-0.03147862592627319f,-0.48131715906f,0.03592618204039486f,-0.2266065546499314f,0.9733235735528492f,1.4705324084906488f,0.015458725041945398f,-0.9737097670989914f,-0.22726706157317572f,0.2841401602122057f,0f,0f,0f,1f],start_interpolation:0}
execute if entity @s[tag=aj.kamui.bone.left_arm] run data modify entity @s {} merge value {transformation:[0.9992348759246135f,0.02321117932626049f,-0.03147862592627319f,-0.3506100047378582f,0.03592618204039486f,-0.2266065546499314f,0.9733235735528492f,1.4183715425832153f,0.015458725041945398f,-0.9737097670989914f,-0.22726706157317572f,0.042645059067701f,0f,0f,0f,1f],start_interpolation:0}
execute if entity @s[tag=aj.kamui.bone.vortex_vfx3] run data modify entity @s {} merge value {transformation:[-0.978414167788895f,-0.2066535556723198f,0.00015555690815788337f,0.05094418638983948f,0.1991180338650433f,-0.9425348149624619f,0.26829113137298777f,1.7477776605274182f,-0.055296698451930595f,0.26253081821314944f,0.9633378662902494f,0.09433977997872378f,0f,0f,0f,1f],start_interpolation:0}
execute if entity @s[tag=aj.kamui.bone.vortex_vfx2] run data modify entity @s {} merge value {transformation:[0.6350853277421784f,-0.7724419734120214f,0.00015555690815788337f,0.05218313945443946f,0.7440961155120639f,0.6118339968540973f,0.26829113137298777f,1.7235905033526198f,-0.20733450597155104f,-0.17027201180723237f,0.9633378662902494f,0.1010757417450806f,0f,0f,0f,1f],start_interpolation:0}
execute if entity @s[tag=aj.kamui.bone.vortex_vfx] run data modify entity @s {} merge value {transformation:[-0.999434871446381f,-0.033614186573592886f,0.00015555690815788337f,0.02037878627680738f,0.03242353050897333f,-0.9627920769802463f,0.26829113137298777f,1.728667967836014f,-0.008868619187317912f,0.26814455609812365f,0.9633378662902494f,0.09966679546423257f,0f,0f,0f,1f],start_interpolation:0}
execute if entity @s[tag=aj.kamui.bone.head] run data modify entity @s {} merge value {transformation:[0.9999498611305236f,-0.010012543487776263f,0.00015555690815788337f,-0.05672464483554793f,0.009603730065683339f,0.9632900067972406f,0.26829113137298777f,1.54591918357607f,-0.002836123035373561f,-0.26827618563241434f,0.9633378662902494f,-0.15759821675510266f,0f,0f,0f,1f],start_interpolation:0}
execute if entity @s[tag=aj.kamui.bone.body_top] run data modify entity @s {} merge value {transformation:[0.7359726548426421f,-0.009836368009156875f,0.6769398032234929f,-0.05285157493194241f,-0.059464759844431135f,0.9950907471591821f,0.0791097165639265f,1.154102201882142f,-0.6743946868566781f,-0.0984766509512234f,0.7317746617346856f,-0.11882303544305844f,0f,0f,0f,1f],start_interpolation:0}
execute if entity @s[tag=aj.kamui.bone.body] run data modify entity @s {} merge value {transformation:[0.7359726548426421f,-0.009836368009156875f,0.6769398032234929f,-0.048548163927936275f,-0.059464759844431135f,0.9950907471591821f,0.0791097165639265f,0.71875f,-0.6743946868566781f,-0.0984766509512234f,0.7317746617346856f,-0.0757395006518982f,0f,0f,0f,1f],start_interpolation:0}
execute if entity @s[tag=aj.kamui.locator_origin.player_camera] at @s on origin run tp @s ^-0.08191 ^0.21875 ^-1.33793 ~137.5 ~0
execute if entity @s[tag=aj.kamui.bone.right_leg2] run data modify entity @s {} merge value {transformation:[0.7247950203080967f,-0.0684793864375703f,0.685552880651609f,0.0789443927922171f,0.17360701685067384f,0.9810926778199431f,-0.08554391403427333f,0.4120394348994046f,-0.6667329167191277f,0.18101859341301707f,0.7229795893398218f,-0.21384669335903092f,0f,0f,0f,1f],start_interpolation:0}
execute if entity @s[tag=aj.kamui.bone.right_leg] run data modify entity @s {} merge value {transformation:[0.7247950203080967f,-0.09831760589603589f,0.6819133573317486f,0.04361150317332921f,0.17360701685067384f,0.9838902681060047f,-0.0426678336279692f,0.765625f,-0.6667329167191277f,0.14931037705787886f,0.7301873931163414f,-0.1601882766038557f,0f,0f,0f,1f],start_interpolation:0}
execute if entity @s[tag=aj.kamui.bone.left_leg2] run data modify entity @s {} merge value {transformation:[0.9963788226278965f,0.0806281552501775f,0.02698781946730696f,-0.16602438453577187f,-0.08097319775958278f,0.9966447063842362f,0.011944474909639236f,0.4276360758409007f,-0.02593420643154859f,-0.014086511890200992f,0.9995643986855137f,0.15045497661429025f,0f,0f,0f,1f],start_interpolation:0}
execute if entity @s[tag=aj.kamui.bone.left_leg] run data modify entity @s {} merge value {transformation:[0.9963788226278965f,0.06776401283591402f,0.05135445825846824f,-0.14167169242286526f,-0.08097319775958278f,0.9404909193992328f,0.33003056187597724f,0.765625f,-0.02593420643154859f,-0.33299379737760854f,0.9425723037755808f,0.030785330681712186f,0f,0f,0f,1f],start_interpolation:0}