execute if entity @s[tag=aj.kamui.bone.right_arm2] run data modify entity @s {} merge value {transformation:[0.6533355574908327f,-0.23072771406103876f,0.7210529601092488f,0.22206351218177212f,0.32459814228005f,0.9458135159843525f,0.008534577298103002f,1.1127702139236124f,-0.6839507989223222f,0.22847650851998846f,0.6928273881047373f,-0.4898971008072656f,0f,0f,0f,1f],start_interpolation:0}
execute if entity @s[tag=aj.kamui.bone.right_arm] run data modify entity @s {} merge value {transformation:[0.6533355574908327f,-0.23072771406103876f,0.7210529601092488f,0.16438158366651243f,0.32459814228005f,0.9458135159843525f,0.008534577298103002f,1.3492235929197005f,-0.6839507989223222f,0.22847650851998846f,0.6928273881047373f,-0.4327779736772685f,0f,0f,0f,1f],start_interpolation:0}
execute if entity @s[tag=aj.kamui.locator_origin.kamui_locator] at @s on origin run tp @s ^-0.63329 ^7.62262 ^3.97039 ~-1.66446 ~32.11178
execute if entity @s[tag=aj.kamui.bone.fume_ultra_greatsword] run data modify entity @s {} merge value {transformation:[-2.0735556565819446f,-0.0868004210010912f,-0.05107470970115263f,-0.40864945114249285f,-0.10066892299076062f,1.7555142669623893f,1.1035449363009129f,1.8142309627023046f,-0.0029507627664767068f,1.1047222933414256f,-1.757656379271431f,0.2986148297260778f,0f,0f,0f,1f],start_interpolation:0}
execute if entity @s[tag=aj.kamui.bone.left_arm2] run data modify entity @s {} merge value {transformation:[0.9988225706078726f,0.03950802742475612f,-0.02815294324374895f,-0.4926745268286472f,0.048491774080327926f,-0.7960759762011684f,0.6032508499471003f,1.6170787667646853f,0.0014213693480139011f,-0.6039057508290189f,-0.7970544672886635f,0.11316115918297262f,0f,0f,0f,1f],start_interpolation:0}
execute if entity @s[tag=aj.kamui.bone.left_arm] run data modify entity @s {} merge value {transformation:[0.9988225706078726f,0.03950802742475612f,-0.02815294324374895f,-0.3579446986464741f,0.048491774080327926f,-0.7960759762011684f,0.6032508499471003f,1.4241212444744342f,0.0014213693480139011f,-0.6039057508290189f,-0.7970544672886635f,-0.03763760735578037f,0f,0f,0f,1f],start_interpolation:0}
execute if entity @s[tag=aj.kamui.locator_origin.player_camera] at @s on origin run tp @s ^-0.08191 ^0.21875 ^-1.33793 ~137.5 ~0
execute if entity @s[tag=aj.kamui.bone.right_leg2] run data modify entity @s {} merge value {transformation:[0.7220304886428508f,-0.1361863183835624f,0.6783253350386499f,0.103140115655735f,0.22129933841212152f,0.9743880531707761f,-0.03993149955138492f,0.4151616234132608f,-0.6555139787132864f,0.17894470800556211f,0.7336758243177165f,-0.2129344289975703f,0f,0f,0f,1f],start_interpolation:0}
execute if entity @s[tag=aj.kamui.bone.right_leg] run data modify entity @s {} merge value {transformation:[0.7220304886428508f,-0.16564483473365088f,0.6717393558488494f,0.04361150317332921f,0.22129933841212152f,0.9752024391978831f,0.0026087163235038397f,0.765625f,-0.6555139787132864f,0.14677190231294499f,0.7407829860376897f,-0.1601882766038557f,0f,0f,0f,1f],start_interpolation:0}
execute if entity @s[tag=aj.kamui.bone.left_leg2] run data modify entity @s {} merge value {transformation:[0.9969012887287255f,0.07651042011475645f,0.018275014223509155f,-0.164543885390395f,-0.0760254715495694f,0.9967693954105359f,-0.025901738331246427f,0.4312513125612655f,-0.020197727760112305f,0.024432109748816433f,0.9994974356177959f,0.1604830197994431f,0f,0f,0f,1f],start_interpolation:0}
execute if entity @s[tag=aj.kamui.bone.left_leg] run data modify entity @s {} merge value {transformation:[0.9969012887287255f,0.06364436304008275f,0.046230029031227526f,-0.14167169242286526f,-0.0760254715495694f,0.9304311302643047f,0.35849412758196497f,0.765625f,-0.020197727760112305f,-0.3608979175449904f,0.9323865855454043f,0.030785330681712186f,0f,0f,0f,1f],start_interpolation:0}