execute if entity @s[tag=aj.kamui.bone.right_arm2] run data modify entity @s {} merge value {transformation:[0.6567992865765946f,-0.1921864624685472f,0.7291632607285571f,0.21242819928364923f,0.2956848959117476f,0.9551741992021643f,-0.014583946933631603f,1.1104300431191594f,-0.6936750964840348f,0.2251812887926741f,0.6841843667430109f,-0.489073295875437f,0f,0f,0f,1f],start_interpolation:0}
execute if entity @s[tag=aj.kamui.bone.right_arm] run data modify entity @s {} merge value {transformation:[0.6567992865765946f,-0.1921864624685472f,0.7291632607285571f,0.16438158366651243f,0.2956848959117476f,0.9551741992021643f,-0.014583946933631603f,1.3492235929197005f,-0.6936750964840348f,0.2251812887926741f,0.6841843667430109f,-0.4327779736772685f,0f,0f,0f,1f],start_interpolation:0}
execute if entity @s[tag=aj.kamui.locator_origin.kamui_locator] at @s on origin run tp @s ^-0.61905 ^7.31642 ^4.40917 ~-1.95903 ~36.25733
execute if entity @s[tag=aj.kamui.bone.fume_ultra_greatsword] run data modify entity @s {} merge value {transformation:[-2.0735556565819446f,-0.08287397088068517f,-0.057226252782189416f,-0.4074576736098015f,-0.10066892299076052f,1.670992366459458f,1.2277728939743309f,1.788876591713851f,-0.0029507627664766924f,1.2291022806034861f,-1.6730435968062531f,0.32612641999647657f,0f,0f,0f,1f],start_interpolation:0}
execute if entity @s[tag=aj.kamui.bone.left_arm2] run data modify entity @s {} merge value {transformation:[0.9988225706078726f,0.037365613600795544f,-0.030939996194522645f,-0.4921389233726571f,0.04849177408032787f,-0.7503016751054509f,0.6593147534982796f,1.605635191490756f,0.0014213693480139011f,-0.6600387922343585f,-0.7512301727533217f,0.12719441953430752f,0f,0f,0f,1f],start_interpolation:0}
execute if entity @s[tag=aj.kamui.bone.left_arm] run data modify entity @s {} merge value {transformation:[0.9988225706078726f,0.037365613600795544f,-0.030939996194522645f,-0.3579446986464741f,0.04849177408032787f,-0.7503016751054509f,0.6593147534982796f,1.4241212444744342f,0.0014213693480139011f,-0.6600387922343585f,-0.7512301727533217f,-0.03763760735578037f,0f,0f,0f,1f],start_interpolation:0}
execute if entity @s[tag=aj.kamui.bone.vortex_vfx3] run data modify entity @s {} merge value {transformation:[-0.9812548624717436f,-0.1927097641968024f,-0.0013570772905341921f,0.03811645595981246f,0.15224990318960394f,-0.7795168747388379f,0.6075964194892457f,1.8128037068638199f,-0.11814762737489012f,0.5960003261581388f,0.794244766658916f,-0.09644983460737361f,0f,0f,0f,1f],start_interpolation:0}
execute if entity @s[tag=aj.kamui.bone.vortex_vfx2] run data modify entity @s {} merge value {transformation:[0.6240287204782458f,-0.7814002267465184f,-0.0013570772905341921f,0.039712559710055606f,0.6211387308756121f,0.4949881493834802f,0.6075964194892457f,1.7928794436271733f,-0.4741042427826574f,-0.3800005494869798f,0.794244766658916f,-0.0812050668128882f,0f,0f,0f,1f],start_interpolation:0}
execute if entity @s[tag=aj.kamui.bone.vortex_vfx] run data modify entity @s {} merge value {transformation:[-0.9998110956144995f,-0.01938895116713302f,-0.0013570772905341921f,0.007836473987134177f,0.014575200297460227f,-0.794112180085495f,0.6075964194892457f,1.7966784184682185f,-0.012858328912532394f,0.607461862187661f,0.794244766658916f,-0.08416574332207857f,0f,0f,0f,1f],start_interpolation:0}
execute if entity @s[tag=aj.kamui.bone.head] run data modify entity @s {} merge value {transformation:[0.9997052311630411f,-0.024240650289908627f,-0.0013570772905341921f,-0.06728704578354827f,0.02007735885830407f,0.793992122558608f,0.6075964194892457f,1.5303680247496916f,-0.013651023643852178f,-0.6074445655270928f,0.794244766658916f,-0.2543496871145147f,0f,0f,0f,1f],start_interpolation:0}
execute if entity @s[tag=aj.kamui.locator_origin.player_camera] at @s on origin run tp @s ^-0.08191 ^0.21875 ^-1.33793 ~137.5 ~0
execute if entity @s[tag=aj.kamui.bone.right_leg2] run data modify entity @s {} merge value {transformation:[0.7234564588211965f,-0.10411611058085667f,0.682473873278244f,0.09169088550549492f,0.20045381320528827f,0.977653258787924f,-0.06334330550904504f,0.413622310140578f,-0.6606277476471552f,0.18263061380520965f,0.7281600359397503f,-0.21434425458679868f,0f,0f,0f,1f],start_interpolation:0}
execute if entity @s[tag=aj.kamui.bone.right_leg] run data modify entity @s {} merge value {transformation:[0.7234564588211965f,-0.13378610735906984f,0.6772828284163134f,0.04361150317332921f,0.20045381320528827f,0.979485745695783f,-0.02063838051387422f,0.765625f,-0.6606277476471552f,0.15069489525688481f,0.7354332244209277f,-0.1601882766038557f,0f,0f,0f,1f],start_interpolation:0}
execute if entity @s[tag=aj.kamui.bone.left_leg2] run data modify entity @s {} merge value {transformation:[0.9969217013068125f,0.07664684474807297f,0.016504019319395196f,-0.16521252796926345f,-0.07643845854124072f,0.996990742893318f,-0.012908161792796469f,0.4298626061905568f,-0.01744372435488506f,0.011606884818708807f,0.9997804742569418f,0.1567211658920676f,0f,0f,0f,1f],start_interpolation:0}
execute if entity @s[tag=aj.kamui.bone.left_leg] run data modify entity @s {} merge value {transformation:[0.9969217013068125f,0.06550493369432542f,0.04308393117198339f,-0.14167169242286526f,-0.07643845854124072f,0.9342953566871464f,0.3482087714700436f,0.765625f,-0.01744372435488506f,-0.35043015015055423f,0.9364264126700454f,0.030785330681712186f,0f,0f,0f,1f],start_interpolation:0}