execute if entity @s[tag=aj.kamui.bone.right_arm2] run data modify entity @s {} merge value {transformation:[0.6456311864643586f,-0.26498012691224615f,0.716202417900271f,0.23062661539457396f,0.37701003341466305f,0.9262048951296725f,0.0028154826419598267f,1.1176723691372823f,-0.6640962323107239f,0.26819773410564535f,0.6978869318530747f,-0.49982740720367985f,0f,0f,0f,1f],start_interpolation:0}
execute if entity @s[tag=aj.kamui.bone.right_arm] run data modify entity @s {} merge value {transformation:[0.6456311864643586f,-0.26498012691224615f,0.716202417900271f,0.16438158366651243f,0.37701003341466305f,0.9262048951296725f,0.0028154826419598267f,1.3492235929197005f,-0.6640962323107239f,0.26819773410564535f,0.6978869318530747f,-0.4327779736772685f,0f,0f,0f,1f],start_interpolation:0}
execute if entity @s[tag=aj.kamui.locator_origin.kamui_locator] at @s on origin run tp @s ^-0.63896 ^7.74521 ^3.77372 ~-1.54521 ~30.31638
execute if entity @s[tag=aj.kamui.bone.fume_ultra_greatsword] run data modify entity @s {} merge value {transformation:[-2.073555656581944f,-0.0883604471500165f,-0.048325670574477196f,-0.40913413328865367f,-0.10066892299076056f,1.789280018087206f,1.047911630252156f,1.824579862740062f,-0.002950762766476828f,1.049021185798123f,-1.7914580220439984f,0.2861444218904366f,0f,0f,0f,1f],start_interpolation:0}
execute if entity @s[tag=aj.kamui.bone.left_arm2] run data modify entity @s {} merge value {transformation:[0.9988225706078724f,0.04037203721539756f,-0.02689927611218562f,-0.49289052927630755f,0.0484917740803279f,-0.8146145235796919f,0.5779720804844938f,1.6217134036093162f,0.0014213693480139566f,-0.5785959527892588f,-0.8156130842041869f,0.10683370967303257f,0f,0f,0f,1f],start_interpolation:0}
execute if entity @s[tag=aj.kamui.bone.left_arm] run data modify entity @s {} merge value {transformation:[0.9988225706078724f,0.04037203721539756f,-0.02689927611218562f,-0.3579446986464741f,0.0484917740803279f,-0.8146145235796919f,0.5779720804844938f,1.4241212444744342f,0.0014213693480139566f,-0.5785959527892588f,-0.8156130842041869f,-0.03763760735578037f,0f,0f,0f,1f],start_interpolation:0}
execute if entity @s[tag=aj.kamui.locator_origin.player_camera] at @s on origin run tp @s ^-0.08191 ^0.21875 ^-1.33793 ~137.5 ~0
execute if entity @s[tag=aj.kamui.bone.right_leg2] run data modify entity @s {} merge value {transformation:[0.7181930735465368f,-0.18420805814358499f,0.6710187034835525f,0.12026696607737147f,0.2625743039875575f,0.9647760490092697f,-0.016183638142055284f,0.41898491443004127f,-0.6444016170023381f,0.18781524584823472f,0.741263778578003f,-0.21600029778226024f,0f,0f,0f,1f],start_interpolation:0}
execute if entity @s[tag=aj.kamui.bone.right_leg] run data modify entity @s {} merge value {transformation:[0.7181930735465368f,-0.21330215764603064f,0.6623449997194257f,0.04361150317332921f,0.2625743039875575f,0.9645637163685808f,0.025914705297989074f,0.765625f,-0.6444016170023381f,0.15530301545295172f,0.7487506456731718f,-0.1601882766038557f,0f,0f,0f,1f],start_interpolation:0}
execute if entity @s[tag=aj.kamui.bone.left_leg2] run data modify entity @s {} merge value {transformation:[0.9944629650238563f,0.10313807457278537f,0.020148170372977302f,-0.1745181125915194f,-0.10390830869519295f,0.993703775979178f,0.04190309044483376f,0.4317856879539802f,-0.015699508911569904f,-0.043764633874190884f,0.9989185063065923f,0.1597148348293061f,0f,0f,0f,1f],start_interpolation:0}
execute if entity @s[tag=aj.kamui.bone.left_leg] run data modify entity @s {} merge value {transformation:[0.9944629650238563f,0.09139873438234197f,0.05186214948559359f,-0.14167169242286526f,-0.10390830869519295f,0.9289441726497942f,0.355338975464406f,0.765625f,-0.015699508911569904f,-0.35876035936721784f,0.933297664181498f,0.030785330681712186f,0f,0f,0f,1f],start_interpolation:0}