execute if entity @s[tag=aj.kamui.bone.right_arm2] run data modify entity @s {} merge value {transformation:[0.6708345536602498f,-0.2349396037296897f,0.7034091158172386f,0.24058590475764988f,0.3781995007869183f,0.9242636111965231f,-0.05197994442559719f,1.1751840972008691f,-0.6379233019885533f,0.30089891926907736f,0.7088820079270753f,-0.3620861703490614f,0f,0f,0f,1f],start_interpolation:0}
execute if entity @s[tag=aj.kamui.bone.right_arm] run data modify entity @s {} merge value {transformation:[0.6708345536602498f,-0.2349396037296897f,0.7034091158172386f,0.18185100382522745f,0.3781995007869183f,0.9242636111965231f,-0.05197994442559719f,1.40625f,-0.6379233019885533f,0.30089891926907736f,0.7088820079270753f,-0.286861440531792f,0f,0f,0f,1f],start_interpolation:0}
execute if entity @s[tag=aj.kamui.locator_origin.kamui_locator] at @s on origin run tp @s ^-0.45846 ^1.56612 ^7.47421 ~-28.79067 ~86.94081
execute if entity @s[tag=aj.kamui.bone.fume_ultra_greatsword] run data modify entity @s {} merge value {transformation:[-2.074882432154452f,-0.04232969394186642f,-0.05335812728734367f,-0.3811458697817016f,-0.055269697705274026f,0.09602026927175622f,2.073041574210355f,1.2620752093025869f,-0.03980142274331498f,2.07334616137773f,-0.09709552949462007f,0.6060676597995959f,0f,0f,0f,1f],start_interpolation:0}
execute if entity @s[tag=aj.kamui.bone.left_arm2] run data modify entity @s {} merge value {transformation:[0.9994616725214123f,0.012885187150733945f,-0.030171793330714763f,-0.4723656422852551f,0.026623168451480717f,0.21888378605178993f,0.9753876640112065f,1.3482011574306174f,0.01917216895150059f,-0.9756658547657209f,0.21842291038709807f,0.3519347422378449f,0f,0f,0f,1f],start_interpolation:0}
execute if entity @s[tag=aj.kamui.bone.left_arm] run data modify entity @s {} merge value {transformation:[0.9994616725214123f,0.012885187150733945f,-0.030171793330714763f,-0.3442116364323951f,0.026623168451480717f,0.21888378605178993f,0.9753876640112065f,1.40625f,0.01917216895150059f,-0.9756658547657209f,0.21842291038709807f,0.11041479966535221f,0f,0f,0f,1f],start_interpolation:0}
execute if entity @s[tag=aj.kamui.bone.vortex_vfx3] run data modify entity @s {} merge value {transformation:[-0.885371796635064f,0.4617043003976771f,-0.054276336625546595f,0.04397526512790052f,-0.46170827082111987f,-0.8869333361221339f,-0.013218544951435426f,1.6718460051129356f,-0.05424255136486171f,0.013356506637332377f,0.9984384554652714f,0.2282426406764707f,0f,0f,0f,1f],start_interpolation:0}
execute if entity @s[tag=aj.kamui.bone.vortex_vfx2] run data modify entity @s {} merge value {transformation:[-0.0007175168840600092f,-0.9985256954390462f,-0.054276336625546595f,0.04497933237937808f,0.9999126312180314f,2.2202520515835631e-16f,-0.013218544951435426f,1.6467294497075275f,0.013199056790324366f,-0.054281079097311224f,0.9984384554652714f,0.22796469943432734f,0f,0f,0f,1f],start_interpolation:0}
execute if entity @s[tag=aj.kamui.bone.vortex_vfx] run data modify entity @s {} merge value {transformation:[-0.7917468992395176f,0.6084331736740847f,-0.054276336625546595f,0.013272132423598655f,-0.6087082422641585f,-0.7932840259762233f,-0.013218544951435426f,1.6523164615344585f,-0.051099152089709714f,0.02257271148611703f,0.9984384554652714f,0.22631502490280364f,0f,0f,0f,1f],start_interpolation:0}
execute if entity @s[tag=aj.kamui.bone.head] run data modify entity @s {} merge value {transformation:[0.9985256954390462f,-0.0007175168840602309f,-0.054276336625546595f,-0.048548163927936275f,0f,0.9999126312180314f,-0.013218544951435426f,1.55f,0.054281079097311224f,0.013199056790324354f,0.9984384554652714f,-0.0757395006518982f,0f,0f,0f,1f],start_interpolation:0}
execute if entity @s[tag=aj.kamui.locator_origin.player_camera] at @s on origin run tp @s ^-0.08191 ^0.21875 ^-1.33793 ~137.5 ~0
execute if entity @s[tag=aj.kamui.bone.right_leg2] run data modify entity @s {} merge value {transformation:[0.7308123797750061f,-0.04494402193274184f,0.6810971299749404f,0.08765441099958536f,0.13176322884443453f,0.9883510507448369f,-0.07616201163353034f,0.40963678015162486f,-0.6697400369487261f,0.14540369797252767f,0.7282211528950753f,-0.18216554268480475f,0f,0f,0f,1f],start_interpolation:0}
execute if entity @s[tag=aj.kamui.bone.right_leg] run data modify entity @s {} merge value {transformation:[0.7308123797750061f,-0.12255417829914755f,0.6714862164996482f,0.04361150317332921f,0.13176322884443453f,0.9905759160998264f,0.03738724337897528f,0.765625f,-0.6697400369487261f,0.06115413170351039f,0.7400732768337932f,-0.1601882766038557f,0f,0f,0f,1f],start_interpolation:0}
execute if entity @s[tag=aj.kamui.bone.left_leg2] run data modify entity @s {} merge value {transformation:[0.9808508123781348f,0.11998739688926446f,0.15341026186305326f,-0.16924743178267596f,-0.12391393363987004f,0.9921597434425597f,0.016259782959437058f,0.42243620621931527f,-0.15025651702021564f,-0.03495809033302941f,0.9880288007002737f,0.13379708266719398f,0f,0f,0f,1f],start_interpolation:0}
execute if entity @s[tag=aj.kamui.bone.left_leg] run data modify entity @s {} merge value {transformation:[0.9808508123781348f,0.07673249213164718f,0.17900784482368126f,-0.14167169242286526f,-0.12391393363987004f,0.9549601218245141f,0.2696228899311093f,0.765625f,-0.15025651702021564f,-0.28664139682916673f,0.9461816362183202f,0.030785330681712186f,0f,0f,0f,1f],start_interpolation:0}