execute if entity @s[tag=aj.kamui.bone.right_arm2] run data modify entity @s {} merge value {transformation:[0.6462148178945132f,-0.24945329437304578f,0.721234679601581f,0.22674490725977386f,0.37374278125711213f,0.9274252236540784f,-0.014099219424532239f,1.1173672870061808f,-0.665374137303036f,0.278667379606256f,0.6925472900471297f,-0.5024448185788325f,0f,0f,0f,1f],start_interpolation:0}
execute if entity @s[tag=aj.kamui.bone.right_arm] run data modify entity @s {} merge value {transformation:[0.6462148178945132f,-0.24945329437304578f,0.721234679601581f,0.16438158366651243f,0.37374278125711213f,0.9274252236540784f,-0.014099219424532239f,1.3492235929197005f,-0.665374137303036f,0.278667379606256f,0.6925472900471297f,-0.4327779736772685f,0f,0f,0f,1f],start_interpolation:0}
execute if entity @s[tag=aj.kamui.locator_origin.kamui_locator] at @s on origin run tp @s ^-0.63834 ^7.73171 ^3.79605 ~-1.55842 ~30.51856
execute if entity @s[tag=aj.kamui.bone.fume_ultra_greatsword] run data modify entity @s {} merge value {transformation:[-2.0735556565819446f,-0.08818909862324686f,-0.04863765969948547f,-0.40908052926983757f,-0.10066892299076059f,1.785565225251739f,1.0542289098272677f,1.8234341046282763f,-0.0029507627664771734f,1.0553461561287498f,-1.787739294120753f,0.28756484061658155f,0f,0f,0f,1f],start_interpolation:0}
execute if entity @s[tag=aj.kamui.bone.left_arm2] run data modify entity @s {} merge value {transformation:[0.9988225706078726f,0.04027671537637395f,-0.027041794370411154f,-0.49286669881655165f,0.04849177408032791f,-0.8125667181265538f,0.5808475500848603f,1.6212014522460316f,0.0014213693480141232f,-0.5814749476903818f,-0.813563067572296f,0.10755345839831332f,0f,0f,0f,1f],start_interpolation:0}
execute if entity @s[tag=aj.kamui.bone.left_arm] run data modify entity @s {} merge value {transformation:[0.9988225706078726f,0.04027671537637395f,-0.027041794370411154f,-0.3579446986464741f,0.04849177408032791f,-0.8125667181265538f,0.5808475500848603f,1.4241212444744342f,0.0014213693480141232f,-0.5814749476903818f,-0.813563067572296f,-0.03763760735578037f,0f,0f,0f,1f],start_interpolation:0}
execute if entity @s[tag=aj.kamui.locator_origin.player_camera] at @s on origin run tp @s ^-0.08191 ^0.21875 ^-1.33793 ~137.5 ~0
execute if entity @s[tag=aj.kamui.bone.right_leg2] run data modify entity @s {} merge value {transformation:[0.7184287113222204f,-0.1757263849142327f,0.6730382042595116f,0.1172534230009432f,0.2604052394617719f,0.9651500176298585f,-0.02597219147359418f,0.4186972047761139f,-0.6450188353906811f,0.1939218427977073f,0.7391515547417798f,-0.21822587795157355f,0f,0f,0f,1f],start_interpolation:0}
execute if entity @s[tag=aj.kamui.bone.right_leg] run data modify entity @s {} merge value {transformation:[0.7184287113222204f,-0.20491664647683894f,0.6647325437682281f,0.04361150317332921f,0.2604052394617719f,0.9653642997534222f,0.01615178078237991f,0.765625f,-0.6450188353906811f,0.16149593418495403f,0.7469067982238333f,-0.1601882766038557f,0f,0f,0f,1f],start_interpolation:0}
execute if entity @s[tag=aj.kamui.bone.left_leg2] run data modify entity @s {} merge value {transformation:[0.9937033728917875f,0.1102631420713037f,0.0198908572979762f,-0.17763217436600107f,-0.11137444426163548f,0.9914478260913916f,0.06802162379762522f,0.4309616648085672f,-0.012220469258454159f,-0.06980865017472604f,0.9974855450039792f,0.15671263686255643f,0f,0f,0f,1f],start_interpolation:0}
execute if entity @s[tag=aj.kamui.bone.left_leg] run data modify entity @s {} merge value {transformation:[0.9937033728917875f,0.10006394975481267f,0.050406474415012226f,-0.14167169242286526f,-0.11137444426163548f,0.9312371066196391f,0.34697721023158684f,0.765625f,-0.012220469258454159f,-0.35040641719887095f,0.9365180206044909f,0.030785330681712186f,0f,0f,0f,1f],start_interpolation:0}