execute if entity @s[tag=aj.kamui.bone.right_arm2] run data modify entity @s {} merge value {transformation:[0.6440368695017936f,-0.21222068983941342f,0.7349686316615238f,0.2174367561263658f,0.38556680531788334f,0.9198460317241299f,-0.07226006198677279f,1.119262084988668f,-0.6607228990728948f,0.3299176514305566f,0.6742400120989963f,-0.5152573865349077f,0f,0f,0f,1f],start_interpolation:0}
execute if entity @s[tag=aj.kamui.bone.right_arm] run data modify entity @s {} merge value {transformation:[0.6440368695017936f,-0.21222068983941342f,0.7349686316615238f,0.16438158366651243f,0.38556680531788334f,0.9198460317241299f,-0.07226006198677279f,1.3492235929197005f,-0.6607228990728948f,0.3299176514305566f,0.6742400120989963f,-0.4327779736772685f,0f,0f,0f,1f],start_interpolation:0}
execute if entity @s[tag=aj.kamui.locator_origin.kamui_locator] at @s on origin run tp @s ^-0.63824 ^7.72945 ^3.79977 ~-1.56062 ~30.55225
execute if entity @s[tag=aj.kamui.locator_origin.player_camera] at @s on origin run tp @s ^-0.08191 ^0.21875 ^-1.33793 ~137.5 ~0
execute if entity @s[tag=aj.kamui.bone.right_leg2] run data modify entity @s {} merge value {transformation:[0.7186805179605543f,-0.14069811473674432f,0.6809569396176788f,0.10480125152062798f,0.25804765564489546f,0.963347728927856f,-0.07329775293769676f,0.41860242368968803f,-0.6456854656255803f,0.22839700891007328f,0.7286460634634687f,-0.23076827981402814f,0f,0f,0f,1f],start_interpolation:0}
execute if entity @s[tag=aj.kamui.bone.right_leg] run data modify entity @s {} merge value {transformation:[0.7186805179605543f,-0.17026712583596182f,0.6741716539305919f,0.04361150317332921f,0.25804765564489546f,0.9656280384286942f,-0.031207351962731493f,0.765625f,-0.6456854656255803f,0.19639653067178417f,0.7379150914705325f,-0.1601882766038557f,0f,0f,0f,1f],start_interpolation:0}
execute if entity @s[tag=aj.kamui.bone.left_leg2] run data modify entity @s {} merge value {transformation:[0.992328388748721f,0.12198163404624879f,0.02012088066596975f,-0.18322230815315282f,-0.12346270966894109f,0.9862362294809475f,0.10997753852676814f,0.42594858478658615f,-0.006428701623962696f,-0.11161801205276431f,0.9937303915956374f,0.14052989731349777f,0f,0f,0f,1f],start_interpolation:0}
execute if entity @s[tag=aj.kamui.bone.left_leg] run data modify entity @s {} merge value {transformation:[0.992328388748721f,0.11561910464080022f,0.04377889360670101f,-0.14167169242286526f,-0.12346270966894109f,0.9451865466808038f,0.3022901773045551f,0.765625f,-0.006428701623962696f,-0.30537618541018596f,0.9522100908831798f,0.030785330681712186f,0f,0f,0f,1f],start_interpolation:0}