execute if entity @s[tag=aj.kamui.bone.right_arm2] run data modify entity @s {} merge value {transformation:[0.6898402544280436f,-0.1353206032388131f,0.7112023324692737f,0.21568115463493073f,0.3015259312495683f,0.946819340019053f,-0.1123176306283457f,1.1695451649952369f,-0.658181233517587f,0.29192716849407585f,0.6939567653249723f,-0.359843232655311f,0f,0f,0f,1f],start_interpolation:0}
execute if entity @s[tag=aj.kamui.bone.right_arm] run data modify entity @s {} merge value {transformation:[0.6898402544280436f,-0.1353206032388131f,0.7112023324692737f,0.18185100382522745f,0.3015259312495683f,0.946819340019053f,-0.1123176306283457f,1.40625f,-0.658181233517587f,0.29192716849407585f,0.6939567653249723f,-0.286861440531792f,0f,0f,0f,1f],start_interpolation:0}
execute if entity @s[tag=aj.kamui.locator_origin.kamui_locator] at @s on origin run tp @s ^-0.44363 ^1.00599 ^7.46489 ~-138.21745 ~87.76019
execute if entity @s[tag=aj.kamui.bone.fume_ultra_greatsword] run data modify entity @s {} merge value {transformation:[-2.0749448066027947f,-0.03817755233083739f,-0.05406037412110238f,-0.3800733885741604f,-0.05291489918166344f,-0.061504685106704204f,2.074413938237621f,1.2236955750721472f,-0.03975000624756923f,2.0747374889869667f,0.060500320622016976f,0.5933330974110302f,0f,0f,0f,1f],start_interpolation:0}
execute if entity @s[tag=aj.kamui.bone.left_arm2] run data modify entity @s {} merge value {transformation:[0.9994917180167606f,0.010792809990586294f,-0.029997014324944005f,-0.47184630368213676f,0.02548887243818082f,0.29460445019621917f,0.9552792970154923f,1.3294127783961727f,0.01914740185335717f,-0.9555583358315124f,0.2941796115049026f,0.34691095839156066f,0f,0f,0f,1f],start_interpolation:0}
execute if entity @s[tag=aj.kamui.bone.left_arm] run data modify entity @s {} merge value {transformation:[0.9994917180167606f,0.010792809990586294f,-0.029997014324944005f,-0.3442116364323951f,0.02548887243818082f,0.29460445019621917f,0.9552792970154923f,1.40625f,0.01914740185335717f,-0.9555583358315124f,0.2941796115049026f,0.11041479966535221f,0f,0f,0f,1f],start_interpolation:0}
execute if entity @s[tag=aj.kamui.bone.vortex_vfx3] run data modify entity @s {} merge value {transformation:[-0.35745209048358345f,-0.933661396975753f,-0.022458824684323198f,0.05355410539401262f,0.9336767644138018f,-0.35668966334252133f,-0.031940313999286034f,1.666234792921477f,0.0218106075726976f,-0.03238641477354267f,0.9992374180020609f,0.22737231971580374f,0f,0f,0f,1f],start_interpolation:0}
execute if entity @s[tag=aj.kamui.bone.vortex_vfx2] run data modify entity @s {} merge value {transformation:[0.9932207807165635f,0.11405297868349797f,-0.022458824684323198f,0.05455938399170261f,-0.11473635571033716f,0.9928823621255128f,-0.031940313999286034f,1.6411288590601492f,0.01865608295142891f,0.034300627304519674f,0.9992374180020609f,0.22659241093641685f,0f,0f,0f,1f],start_interpolation:0}
execute if entity @s[tag=aj.kamui.bone.vortex_vfx] run data modify entity @s {} merge value {transformation:[-0.5141501901814541f,-0.8574060783142216f,-0.022458824684323198f,0.0228133903180575f,0.8575536063700052f,-0.5134020145494419f,-0.031940313999286034f,1.6467135081947666f,0.01585541352890834f,-0.035681764620061424f,0.9992374180020609f,0.22605740068782204f,0f,0f,0f,1f],start_interpolation:0}
execute if entity @s[tag=aj.kamui.bone.head] run data modify entity @s {} merge value {transformation:[0.9997475111691339f,-0.000717708102930455f,-0.022458824684323198f,-0.048548163927936275f,0f,0.9994897780075728f,-0.031940313999286034f,1.55f,0.02247028952021274f,0.03193224942674685f,0.9992374180020609f,-0.0757395006518982f,0f,0f,0f,1f],start_interpolation:0}
execute if entity @s[tag=aj.kamui.locator_origin.player_camera] at @s on origin run tp @s ^-0.08191 ^0.21875 ^-1.33793 ~137.5 ~0
execute if entity @s[tag=aj.kamui.bone.right_leg2] run data modify entity @s {} merge value {transformation:[0.7252317173269087f,-0.1252507008185263f,0.6770164090533776f,0.10025979236358423f,0.170858880115894f,0.9852952300173219f,-0.0007434989277223455f,0.41193052068975977f,-0.6669679147219939f,0.11621347447512688f,0.7359675462150581f,-0.1891982276943917f,0f,0f,0f,1f],start_interpolation:0}
execute if entity @s[tag=aj.kamui.bone.right_leg] run data modify entity @s {} merge value {transformation:[0.7252317173269087f,-0.15763002209462268f,0.6702176753246001f,0.04361150317332921f,0.170858880115894f,0.9841933337328423f,0.04659103906736363f,0.765625f,-0.6669679147219939f,0.08072334216496978f,0.7407007106524955f,-0.1601882766038557f,0f,0f,0f,1f],start_interpolation:0}
execute if entity @s[tag=aj.kamui.bone.left_leg2] run data modify entity @s {} merge value {transformation:[0.9802714942601825f,0.10998941565069612f,0.16422583836207724f,-0.1690807672265115f,-0.12497227414088415f,0.9886108555275659f,0.08384811881676296f,0.4228153264354689f,-0.15313304097079894f,-0.10271759721621557f,0.9828526679951388f,0.1350957374203868f,0f,0f,0f,1f],start_interpolation:0}
execute if entity @s[tag=aj.kamui.bone.left_leg] run data modify entity @s {} merge value {transformation:[0.9802714942601825f,0.07626872988840691f,0.1823482338332838f,-0.14167169242286526f,-0.12497227414088415f,0.9539051786143474f,0.2728494839811605f,0.765625f,-0.15313304097079894f,-0.2902550448380511f,0.9446175314428037f,0.030785330681712186f,0f,0f,0f,1f],start_interpolation:0}