execute if entity @s[tag=aj.kamui.bone.right_arm2] run data modify entity @s {} merge value {transformation:[0.6697498168747088f,-0.24575861428588272f,0.7007409552042582f,0.24329065739669814f,0.38394969103202004f,0.9223289367314411f,-0.043496749582763186f,1.1756677658171397f,-0.6356239592343179f,0.2981812133118582f,0.7120885804976497f,-0.3614067438597566f,0f,0f,0f,1f],start_interpolation:0}
execute if entity @s[tag=aj.kamui.bone.right_arm] run data modify entity @s {} merge value {transformation:[0.6697498168747088f,-0.24575861428588272f,0.7007409552042582f,0.18185100382522745f,0.38394969103202004f,0.9223289367314411f,-0.043496749582763186f,1.40625f,-0.6356239592343179f,0.2981812133118582f,0.7120885804976497f,-0.286861440531792f,0f,0f,0f,1f],start_interpolation:0}
execute if entity @s[tag=aj.kamui.locator_origin.kamui_locator] at @s on origin run tp @s ^-0.48994 ^2.42817 ^7.38697 ~-7.5616 ~80.11545
execute if entity @s[tag=aj.kamui.bone.fume_ultra_greatsword] run data modify entity @s {} merge value {transformation:[-2.074831984280245f,-0.051468546086879785f,-0.046895903567443824f,-0.3823138827717025f,-0.05496025011481862f,0.35210966660049187f,2.045183158935602f,1.2758411917786054f,-0.04275053116653494f,2.045274008892255f,-0.3532741437393714f,0.6097784218758355f,0f,0f,0f,1f],start_interpolation:0}
execute if entity @s[tag=aj.kamui.bone.left_arm2] run data modify entity @s {} merge value {transformation:[0.9994373720039711f,0.015137241523716927f,-0.02992997428746484f,-0.47292561831382074f,0.026474108918506045f,0.191850958729894f,0.9810669351228751f,1.3549779967027133f,0.020592741409699022f,-0.9813073287984113f,0.19134227302862297f,0.35316753918874266f,0f,0f,0f,1f],start_interpolation:0}
execute if entity @s[tag=aj.kamui.bone.left_arm] run data modify entity @s {} merge value {transformation:[0.9994373720039711f,0.015137241523716927f,-0.02992997428746484f,-0.3442116364323951f,0.026474108918506045f,0.191850958729894f,0.9810669351228751f,1.40625f,0.020592741409699022f,-0.9813073287984113f,0.19134227302862297f,0.11041479966535221f,0f,0f,0f,1f],start_interpolation:0}
execute if entity @s[tag=aj.kamui.bone.vortex_vfx3] run data modify entity @s {} merge value {transformation:[-0.8857324252985361f,0.4615416656548162f,-0.04957178269288082f,0.04543767373749123f,-0.4617330709530884f,-0.886980976732392f,-0.00820476100090542f,1.6733412278290263f,-0.04775606728995493f,0.015621708595076242f,0.9987368623704481f,0.22718917076889777f,0f,0f,0f,1f],start_interpolation:0}
execute if entity @s[tag=aj.kamui.bone.vortex_vfx2] run data modify entity @s {} merge value {transformation:[-0.00040673832004017586f,-0.9987704806033207f,-0.04957178269288082f,0.046434176345263534f,0.9999663403819741f,2.2203713098844481e-16f,-0.00820476100090542f,1.6482233233165566f,0.0081946730881097f,-0.04957345131631641f,0.9987368623704481f,0.22703228460744068f,0f,0f,0f,1f],start_interpolation:0}
execute if entity @s[tag=aj.kamui.bone.vortex_vfx] run data modify entity @s {} merge value {transformation:[-0.7921302903699865f,0.6083356322286325f,-0.04957178269288082f,0.014720940935744872f,-0.6087409383315511f,-0.7933266363208413f,-0.00820476100090542f,1.653810635243441f,-0.04431786409094151f,0.023677133797168497f,0.9987368623704481f,0.22550411526402742f,0f,0f,0f,1f],start_interpolation:0}
execute if entity @s[tag=aj.kamui.bone.head] run data modify entity @s {} merge value {transformation:[0.9987704806033207f,-0.00040673832004039763f,-0.04957178269288082f,-0.048548163927936275f,0f,0.9999663403819741f,-0.00820476100090542f,1.55f,0.04957345131631641f,0.00819467308810969f,0.9987368623704481f,-0.0757395006518982f,0f,0f,0f,1f],start_interpolation:0}
execute if entity @s[tag=aj.kamui.locator_origin.player_camera] at @s on origin run tp @s ^-0.08191 ^0.21875 ^-1.33793 ~137.5 ~0
execute if entity @s[tag=aj.kamui.bone.right_leg2] run data modify entity @s {} merge value {transformation:[0.7311718510173411f,0.016264208728559243f,0.6819994133386836f,0.0688633866682718f,0.12892532539488039f,0.9784061745434172f,-0.1615537622190848f,0.4094881118031083f,-0.6698999811551715f,0.20605055964435093f,0.7132861852850862f,-0.20116692800177874f,0f,0f,0f,1f],start_interpolation:0}
execute if entity @s[tag=aj.kamui.bone.right_leg] run data modify entity @s {} merge value {transformation:[0.7311718510173411f,-0.07026611059462284f,0.6785649548729871f,0.04361150317332921f,0.12892532539488039f,0.990989601939177f,-0.03630246989194885f,0.765625f,-0.6698999811551715f,0.11402755171595973f,0.7336427827614505f,-0.1601882766038557f,0f,0f,0f,1f],start_interpolation:0}
execute if entity @s[tag=aj.kamui.bone.left_leg2] run data modify entity @s {} merge value {transformation:[0.9811298882957236f,0.12152375046880881f,0.15038656976211473f,-0.16895444100904655f,-0.1233983001411138f,0.9923521886877873f,0.0031611910479386607f,0.4228193107556177f,-0.14885228186058924f,-0.02165898609244349f,0.9886222162718894f,0.13514193888774384f,0f,0f,0f,1f],start_interpolation:0}
execute if entity @s[tag=aj.kamui.bone.left_leg] run data modify entity @s {} merge value {transformation:[0.9811298882957236f,0.07591721345720011f,0.17782215551981884f,-0.14167169242286526f,-0.1233983001411138f,0.9538940918104551f,0.2736035839154716f,0.765625f,-0.14885228186058924f,-0.29038360544287073f,0.945262058836011f,0.030785330681712186f,0f,0f,0f,1f],start_interpolation:0}