execute if entity @s[tag=aj.kamui.bone.right_arm2] run data modify entity @s {} merge value {transformation:[0.6460841847303123f,-0.2532996246064301f,0.7200100877179492f,0.22770648981811994f,0.3744791640796874f,0.9271830412562525f,-0.009847013607445748f,1.1174278326056375f,-0.6650868980152487f,0.27599077553615486f,0.6938937309901319f,-0.5017756675613072f,0f,0f,0f,1f],start_interpolation:0}
execute if entity @s[tag=aj.kamui.bone.right_arm] run data modify entity @s {} merge value {transformation:[0.6460841847303123f,-0.2532996246064301f,0.7200100877179492f,0.16438158366651243f,0.3744791640796874f,0.9271830412562525f,-0.009847013607445748f,1.3492235929197005f,-0.6650868980152487f,0.27599077553615486f,0.6938937309901319f,-0.4327779736772685f,0f,0f,0f,1f],start_interpolation:0}
execute if entity @s[tag=aj.kamui.locator_origin.kamui_locator] at @s on origin run tp @s ^-0.63846 ^7.73425 ^3.79187 ~-1.55594 ~30.48065
execute if entity @s[tag=aj.kamui.bone.fume_ultra_greatsword] run data modify entity @s {} merge value {transformation:[-2.073555656581944f,-0.08822131044677088f,-0.04857920789883431f,-0.4090905989995467f,-0.10066892299076056f,1.786263449238231f,1.0530454206060722f,1.8236493160860605f,-0.0029507627664765975f,1.0541612259510371f,-1.7884382580062697f,0.28729882103655713f,0f,0f,0f,1f],start_interpolation:0}
execute if entity @s[tag=aj.kamui.bone.left_arm2] run data modify entity @s {} merge value {transformation:[0.9988225706078725f,0.040294626579606696f,-0.02701509787306139f,-0.49287117661735985f,0.0484917740803279f,-0.8129514555617806f,0.5803089511170102f,1.6212976366048384f,0.0014213693480138456f,-0.5809356883242688f,-0.8139482205523787f,0.1074186435567851f,0f,0f,0f,1f],start_interpolation:0}
execute if entity @s[tag=aj.kamui.bone.left_arm] run data modify entity @s {} merge value {transformation:[0.9988225706078725f,0.040294626579606696f,-0.02701509787306139f,-0.3579446986464741f,0.0484917740803279f,-0.8129514555617806f,0.5803089511170102f,1.4241212444744342f,0.0014213693480138456f,-0.5809356883242688f,-0.8139482205523787f,-0.03763760735578037f,0f,0f,0f,1f],start_interpolation:0}
execute if entity @s[tag=aj.kamui.locator_origin.player_camera] at @s on origin run tp @s ^-0.08191 ^0.21875 ^-1.33793 ~137.5 ~0
execute if entity @s[tag=aj.kamui.bone.right_leg2] run data modify entity @s {} merge value {transformation:[0.7183692774997321f,-0.17793100327669428f,0.6725222220993604f,0.11803686525495936f,0.260955647781747f,0.9650667747918152f,-0.023415167813459037f,0.41876717487832216f,-0.6448625675563138f,0.1923192093002481f,0.739706421966719f,-0.21764178177001392f,0f,0f,0f,1f],start_interpolation:0}
execute if entity @s[tag=aj.kamui.bone.right_leg] run data modify entity @s {} merge value {transformation:[0.7183692774997321f,-0.20709665970540567f,0.6641208886064162f,0.04361150317332921f,0.260955647781747f,0.9651696003385819f,0.018702739720982662f,0.765625f,-0.6448625675563138f,0.15987062307104893f,0.7473912314467924f,-0.1601882766038557f,0f,0f,0f,1f],start_interpolation:0}
execute if entity @s[tag=aj.kamui.bone.left_leg2] run data modify entity @s {} merge value {transformation:[0.9938901136107052f,0.10856171450489323f,0.019919744241764206f,-0.17688758815003927f,-0.10959939331979617f,0.9920539149505879f,0.06178189714749793f,0.4311803968974138f,-0.013054311580159239f,-0.06358760865899449f,0.9978908762856779f,0.1575017020339821f,0f,0f,0f,1f],start_interpolation:0}
execute if entity @s[tag=aj.kamui.bone.left_leg] run data modify entity @s {} merge value {transformation:[0.9938901136107052f,0.09799205767561467f,0.05079368759401359f,-0.14167169242286526f,-0.10959939331979617f,0.9306284608071964f,0.34916849932312205f,0.765625f,-0.013054311580159239f,-0.3526020768063163f,0.9356822967124259f,0.030785330681712186f,0f,0f,0f,1f],start_interpolation:0}