execute if entity @s[tag=aj.gravity_blackhole.bone.right_arm2] run data modify entity @s {} merge value {transformation:[-0.9297757274039123f,0.3569723379235713f,-0.08993245625415386f,-0.4017430844808928f,0.337180558386476f,0.9238542407540112f,0.18111491624660214f,1.1440364398114973f,0.147737496177206f,0.13807277718004024f,-0.9793413809418455f,-0.0345181942950101f,0f,0f,0f,1f],start_interpolation:0}
execute if entity @s[tag=aj.gravity_blackhole.bone.right_arm] run data modify entity @s {} merge value {transformation:[-0.9297757274039123f,0.3569723379235713f,-0.08993245625415386f,-0.3125f,0.337180558386476f,0.9238542407540112f,0.18111491624660214f,1.375f,0.147737496177206f,0.13807277718004024f,-0.9793413809418455f,-3.827021247335479e-17f,0f,0f,0f,1f],start_interpolation:0}
execute if entity @s[tag=aj.gravity_blackhole.bone.meteorite_staff_effects] run data modify entity @s {} merge value {transformation:[0.000009603328188924067f,3.3311217596511347e-7f,-0.000002768596029405552f,0.4323720046975685f,-4.032934422097034e-7f,0.00000998992375409207f,-1.969207629928367e-7f,2.0864983231462064f,0.0000027592466535790266f,3.007651337020612e-7f,0.000009607085834896145f,-1.4881932833964453f,0f,0f,0f,1f],start_interpolation:0}
execute if entity @s[tag=aj.gravity_blackhole.bone.meteorite_staff] run data modify entity @s {} merge value {transformation:[0.7450698413783529f,0.05135479379462165f,-1.348691857962321f,0.39707562500000015f,-0.0654307282605782f,1.5401132454225273f,0.02249715947607356f,1.2008433777084488f,1.348082290655447f,0.04636795811240109f,0.7464986679109081f,-1.5022140867574585f,0f,0f,0f,1f],start_interpolation:0}
execute if entity @s[tag=aj.gravity_blackhole.bone.left_arm2] run data modify entity @s {} merge value {transformation:[-1f,-1.162220422980199e-16f,-3.8600967742996436e-17f,0.4375f,0f,-0.31520082173792424f,0.9490249954430797f,1.3662879031415145f,-1.2246467991473532e-16f,0.9490249954430797f,0.31520082173792424f,-0.24984815262140392f,0f,0f,0f,1f],start_interpolation:0}
execute if entity @s[tag=aj.gravity_blackhole.bone.left_arm] run data modify entity @s {} merge value {transformation:[-1f,-1.223902961522727e-16f,4.267696612642436e-18f,0.3125f,0f,0.03484838743394236f,0.9993926104856159f,1.375f,-1.2246467991473532e-16f,0.9993926104856159f,-0.03484838743394236f,3.827021247335479e-17f,0f,0f,0f,1f],start_interpolation:0}
execute if entity @s[tag=aj.gravity_blackhole.bone.head] run data modify entity @s {} merge value {transformation:[-0.9999999576271394f,0.00007234972196385715f,-0.00028197736964327594f,0f,0.000022451514617654838f,0.9849067870023485f,0.17308558695812942f,1.51875f,0.00029024411923510415f,0.17308557329317897f,-0.9849067468933913f,0f,0f,0f,0f,1f],start_interpolation:0}
execute if entity @s[tag=aj.gravity_blackhole.bone.right_leg2] run data modify entity @s {} merge value {transformation:[-0.9823908957407166f,0.1852157021118813f,0.024561589055990547f,-0.19111352024595435f,0.18605939484671266f,0.9817937560873565f,0.03824816462466592f,0.4137282543309251f,-0.01703025410930674f,0.04214456310229519f,-0.9989663689263464f,-0.0307908014381278f,0f,0f,0f,1f],start_interpolation:0}
execute if entity @s[tag=aj.gravity_blackhole.bone.right_leg] run data modify entity @s {} merge value {transformation:[-0.9823908957407166f,0.18396805633656868f,0.0326172073221726f,-0.12499999999999999f,0.18605939484671266f,0.9791909444704693f,0.08103700300668522f,0.765625f,-0.01703025410930674f,0.08567875182783384f,-0.9961772542726505f,-1.3877787807814457e-17f,0f,0f,0f,1f],start_interpolation:0}
execute if entity @s[tag=aj.gravity_blackhole.bone.left_leg2] run data modify entity @s {} merge value {transformation:[-0.9850017441808161f,-0.16912988372076287f,0.03415620578096219f,0.18698916287211326f,-0.17217464668494528f,0.9763927897678206f,-0.13043393396017197f,0.4119249609594739f,-0.011289596966431892f,-0.1343584851135702f,-0.9908684789003643f,-0.01428344125709593f,0f,0f,0f,1f],start_interpolation:0}
execute if entity @s[tag=aj.gravity_blackhole.bone.left_leg] run data modify entity @s {} merge value {transformation:[-0.9850017441808161f,-0.17249158364414127f,0.004268200169441668f,0.125f,-0.17217464668494528f,0.9842088042866813f,0.04109647921045259f,0.765625f,-0.011289596966431892f,0.03974522784583221f,-0.9991460663305533f,2.0816681711721685e-17f,0f,0f,0f,1f],start_interpolation:0}
execute if entity @s[tag=aj.gravity_blackhole.locator_origin.player_camera] at @s on origin run tp @s ^0 ^0.0625 ^-0.125 ~0 ~0
execute if entity @s[tag=aj.gravity_blackhole.bone.vortex] run data modify entity @s {} merge value {transformation:[-1.9374657433957057e-15f,8.745697823703752f,-15.091217798407243f,-0.6813005707058151f,-8.725570000000001f,0f,2.9047181326902207e-15f,4.403522499999999f,-2.372711221107198e-31f,15.091217798407243f,8.745697823703752f,-13.683289017939687f,0f,0f,0f,1f],start_interpolation:0}
execute if entity @s[tag=aj.gravity_blackhole.locator_origin.gravity_tornado] at @s on origin run tp @s ^-0.5 ^1.97283 ^-14.36434 ~-120.09325 ~0
execute if entity @s[tag=aj.gravity_blackhole.locator_origin.gravity_tornado2] at @s on origin run tp @s ^-0.5 ^4.46585 ^-14.36434 ~-120.09325 ~0
execute if entity @s[tag=aj.gravity_blackhole.locator_origin.gravity_tornado3] at @s on origin run tp @s ^-0.5 ^6.95887 ^-14.36434 ~-120.09325 ~0
execute if entity @s[tag=aj.gravity_blackhole.locator_origin.gravity_tornado4] at @s on origin run tp @s ^-0.5 ^9.45189 ^-14.36434 ~-120.09325 ~0
execute if entity @s[tag=aj.gravity_blackhole.locator_origin.gravity_tornado5] at @s on origin run tp @s ^-0.5 ^11.94491 ^-14.36434 ~-120.09325 ~0
execute if entity @s[tag=aj.gravity_blackhole.locator_origin.gravity_tornado6] at @s on origin run tp @s ^-0.5 ^14.43793 ^-14.36434 ~-120.09325 ~0
execute if entity @s[tag=aj.gravity_blackhole.bone.tornado] run data modify entity @s {} merge value {transformation:[-2.509479439064914e-15f,11.327760990702002f,-19.546720196032236f,-0.4999999999999982f,-11.301690666666667f,0f,3.762301581389238e-15f,17.18025f,-3.0732259625769416e-31f,19.546720196032236f,11.327760990702002f,-14.364343750000002f,0f,0f,0f,1f],start_interpolation:0}