execute if entity @s[tag=aj.gravity_blackhole.bone.right_arm2] run data modify entity @s {} merge value {transformation:[-0.9662475059499088f,0.2514511223672011f,-0.05601866033614021f,-0.3753627805918003f,0.2572116378716734f,0.9294762578850129f,-0.26441645064451713f,1.1426088371698266f,-0.01441979850594827f,-0.26990038734382743f,-0.9627802710497864f,0.06265950713315464f,0f,0f,0f,1f],start_interpolation:0}
execute if entity @s[tag=aj.gravity_blackhole.bone.right_arm] run data modify entity @s {} merge value {transformation:[-0.9662475059499088f,0.2514511223672011f,-0.05601866033614021f,-0.3125f,0.2572116378716734f,0.9294762578850129f,-0.26441645064451713f,1.37497790164108f,-0.01441979850594827f,-0.26990038734382743f,-0.9627802710497864f,-0.0048155897028022135f,0f,0f,0f,1f],start_interpolation:0}
execute if entity @s[tag=aj.gravity_blackhole.bone.meteorite_staff_effects] run data modify entity @s {} merge value {transformation:[-0.05226647629251463f,-5.0945278498565225e-9f,54.837948438471166f,0.40786933004601644f,-0.0005826495048251074f,-0.07088595747326472f,-0.7280572451331672f,2.907474482951612f,-0.04788986049341291f,0.0008624358866017401f,-59.8406865309267f,-0.7183263359521499f,0f,0f,0f,1f],start_interpolation:0}
execute if entity @s[tag=aj.gravity_blackhole.bone.meteorite_staff] run data modify entity @s {} merge value {transformation:[0.06724650479359365f,1.107903852409614e-7f,-1.54019934382019f,0.39707562500000004f,0.018737484690188072f,1.5415525772145073f,0.0008182065187202954f,2.0212865166387375f,1.5400853630145446f,-0.018755340423730896f,0.06724152693878818f,-0.6987947200786061f,0f,0f,0f,1f],start_interpolation:0}
execute if entity @s[tag=aj.gravity_blackhole.bone.left_arm2] run data modify entity @s {} merge value {transformation:[-1f,-7.572823911920079e-17f,-9.624360563966694e-17f,0.4375f,0f,-0.7858886799579722f,0.6183679994258404f,1.4261144936246626f,-1.2246467991473532e-16f,0.6183679994258404f,0.7858886799579722f,-0.24952980866096686f,0f,0f,0f,1f],start_interpolation:0}
execute if entity @s[tag=aj.gravity_blackhole.bone.left_arm] run data modify entity @s {} merge value {transformation:[-1f,-1.1987539398118442e-16f,-2.5049705476799437e-17f,0.3125f,0f,-0.20454636793433026f,0.978856875832659f,1.37497790164108f,-1.2246467991473532e-16f,0.978856875832659f,0.20454636793433026f,-0.004815589702802137f,0f,0f,0f,1f],start_interpolation:0}
execute if entity @s[tag=aj.gravity_blackhole.bone.head] run data modify entity @s {} merge value {transformation:[-0.9944606114901686f,-0.04507644692209317f,0.09495370518036489f,8.03906531685773e-19f,-0.022938580086068885f,0.9746722940435973f,0.22245840233047307f,1.5187172636128656f,-0.10257638002110885f,0.2190480156419394f,-0.9703071952248391f,-0.006564394993278748f,0f,0f,0f,1f],start_interpolation:0}
execute if entity @s[tag=aj.gravity_blackhole.bone.body_top] run data modify entity @s {} merge value {transformation:[-1f,1.4898565574358899e-18f,1.224556170784209e-16f,2.172755121953913e-19f,0f,0.9999259963254651f,-0.01216560202070659f,1.1249964025597137f,-1.2246467991473532e-16f,-0.01216560202070659f,-0.9999259963254651f,-0.0017741891976255275f,0f,0f,0f,1f],start_interpolation:0}
execute if entity @s[tag=aj.gravity_blackhole.bone.body] run data modify entity @s {} merge value {transformation:[-1f,4.966297421608944e-19f,1.2246367292188235e-16f,0f,0f,0.9999917772793455f,-0.004055289594572634f,0.6875f,-1.2246467991473532e-16f,-0.004055289594572634f,-0.9999917772793455f,0f,0f,0f,0f,1f],start_interpolation:0}
execute if entity @s[tag=aj.gravity_blackhole.bone.right_leg2] run data modify entity @s {} merge value {transformation:[-0.9763933246446789f,0.21501437269898604f,-0.020612984310190794f,-0.20238322270796044f,0.21570039077138237f,0.9756142945644104f,-0.04062129567924655f,0.4178052232854378f,0.01137615973796082f,-0.044108590710306594f,-0.9989619688532527f,-0.04672933120174425f,0f,0f,0f,1f],start_interpolation:0}
execute if entity @s[tag=aj.gravity_blackhole.bone.right_leg] run data modify entity @s {} merge value {transformation:[-0.9763933246446789f,0.21532722840475957f,0.01703702722998221f,-0.12499999999999999f,0.21570039077138237f,0.9678463352057383f,0.12940947743459433f,0.765625f,0.01137615973796082f,0.13002944334398397f,-0.9914448682873245f,-1.3877787807814457e-17f,0f,0f,0f,1f],start_interpolation:0}
execute if entity @s[tag=aj.gravity_blackhole.bone.left_leg2] run data modify entity @s {} merge value {transformation:[-0.9850017441808161f,-0.1725059666103631f,0.0036408027376532426f,0.1858080110614932f,-0.17217464668494528f,0.9840528224432713f,0.044675873582346315f,0.4238388142520783f,-0.011289596966431892f,0.04337895947640774f,-0.9989949003248614f,-0.09292459118894467f,0f,0f,0f,1f],start_interpolation:0}
execute if entity @s[tag=aj.gravity_blackhole.bone.left_leg] run data modify entity @s {} merge value {transformation:[-0.9850017441808161f,-0.1692049003450245f,-0.033782623639684074f,0.125f,-0.17217464668494528f,0.951057212515956f,0.25660488997736175f,0.765625f,-0.011289596966431892f,0.25857277548228086f,-0.9659258070782277f,2.0816681711721685e-17f,0f,0f,0f,1f],start_interpolation:0}
execute if entity @s[tag=aj.gravity_blackhole.locator_origin.player_camera] at @s on origin run tp @s ^0 ^0.0625 ^-0.125 ~0 ~0
execute if entity @s[tag=aj.gravity_blackhole.bone.vortex] run data modify entity @s {} merge value {transformation:[3.595106824437232e-18f,0.007632473711030256f,-0.007632473711030258f,0.3018750000000002f,0.010793947836595097f,-2.3967378829581547e-18f,1.1983689414790773e-18f,15.114555423617873f,4.402736065139862e-34f,0.007632473711030258f,0.007632473711030257f,-1.7545638586450838f,0f,0f,0f,1f],start_interpolation:0}
execute if entity @s[tag=aj.gravity_blackhole.locator_origin.gravity_tornado] at @s on origin run tp @s ^0.30188 ^15.11756 ^-1.755 ~-135 ~0
execute if entity @s[tag=aj.gravity_blackhole.locator_origin.gravity_tornado2] at @s on origin run tp @s ^0.30188 ^15.11448 ^-1.755 ~-135 ~0
execute if entity @s[tag=aj.gravity_blackhole.locator_origin.gravity_tornado3] at @s on origin run tp @s ^0.30188 ^15.11139 ^-1.755 ~-135 ~0
execute if entity @s[tag=aj.gravity_blackhole.locator_origin.gravity_tornado4] at @s on origin run tp @s ^0.30188 ^15.10831 ^-1.755 ~-135 ~0
execute if entity @s[tag=aj.gravity_blackhole.locator_origin.gravity_tornado5] at @s on origin run tp @s ^0.30188 ^15.10523 ^-1.755 ~-135 ~0
execute if entity @s[tag=aj.gravity_blackhole.locator_origin.gravity_tornado6] at @s on origin run tp @s ^0.30188 ^15.10214 ^-1.755 ~-135 ~0
execute if entity @s[tag=aj.gravity_blackhole.bone.tornado] run data modify entity @s {} merge value {transformation:[4.656519315461557e-18f,0.009885870711429663f,-0.009885870711429667f,0.3018750000000002f,0.01398073243597079f,-3.1043462103077046e-18f,1.5521731051538523e-18f,15.09875f,5.70259147484782e-34f,0.009885870711429667f,0.009885870711429665f,-1.755f,0f,0f,0f,1f],start_interpolation:0}