execute if entity @s[tag=aj.gravity_blackhole.bone.right_arm2] run data modify entity @s {} merge value {transformation:[-0.8762485115335079f,0.470546617220909f,-0.10379993765542996f,-0.43013665430522724f,0.45316492567739924f,0.8779475599872023f,0.1544332608226447f,1.1555131100031995f,0.16379895045789825f,0.08828342389416682f,-0.982535465463926f,-0.022070855973541744f,0f,0f,0f,1f],start_interpolation:0}
execute if entity @s[tag=aj.gravity_blackhole.bone.right_arm] run data modify entity @s {} merge value {transformation:[-0.8762485115335079f,0.470546617220909f,-0.10379993765542996f,-0.3125f,0.45316492567739924f,0.8779475599872023f,0.1544332608226447f,1.375f,0.16379895045789825f,0.08828342389416682f,-0.982535465463926f,-3.827021247335479e-17f,0f,0f,0f,1f],start_interpolation:0}
execute if entity @s[tag=aj.gravity_blackhole.bone.meteorite_staff_effects] run data modify entity @s {} merge value {transformation:[0.0000014012017419622037f,-0.0000018159200426994137f,-0.000009733399615593962f,0.24978281398628976f,-0.000002907253038510155f,0.000009321618049960087f,-0.000002157618293566275f,2.4473522955649223f,0.000009464909584797713f,0.000003132071411890368f,7.782128387681028e-7f,-1.2621428389856604f,0f,0f,0f,1f],start_interpolation:0}
execute if entity @s[tag=aj.gravity_blackhole.bone.meteorite_staff] run data modify entity @s {} merge value {transformation:[-0.9083120162059437f,-0.27995433991615953f,-1.2138084527177722f,0.39707562500000015f,-0.5521332499820735f,1.4370827827021797f,0.08171940428260843f,1.6187513614431226f,1.1166262877933861f,0.4828610093330984f,-0.9469567520144173f,-1.540625189451828f,0f,0f,0f,1f],start_interpolation:0}
execute if entity @s[tag=aj.gravity_blackhole.bone.left_arm2] run data modify entity @s {} merge value {transformation:[-1f,-1.009691170719855e-16f,-6.930249075121516e-17f,0.4375f,0f,-0.5658977821153517f,0.8244754090916999f,1.4147473161764077f,-1.2246467991473532e-16f,0.8244754090916999f,0.5658977821153517f,-0.24682007790447813f,0f,0f,0f,1f],start_interpolation:0}
execute if entity @s[tag=aj.gravity_blackhole.bone.left_arm] run data modify entity @s {} merge value {transformation:[-1f,-1.2090696734840783e-16f,-1.9470569412054172e-17f,0.3125f,0f,-0.15898926470563057f,0.9872803116179127f,1.375f,-1.2246467991473532e-16f,0.9872803116179127f,0.15898926470563057f,3.827021247335479e-17f,0f,0f,0f,1f],start_interpolation:0}
execute if entity @s[tag=aj.gravity_blackhole.bone.head] run data modify entity @s {} merge value {transformation:[-0.9997499670140302f,0.006501245502710161f,-0.021394795216574402f,0f,0.0017242550863616245f,0.9763660297652871f,0.21611664180429907f,1.51875f,0.022294178608839123f,0.2160257154305571f,-0.9761331158570911f,0f,0f,0f,0f,1f],start_interpolation:0}
execute if entity @s[tag=aj.gravity_blackhole.bone.right_leg2] run data modify entity @s {} merge value {transformation:[-0.9820741759686583f,0.18572105210954273f,0.03221806478988538f,-0.19117493679935516f,0.18775109943219442f,0.9789732291972297f,0.07975550875739201f,0.41539157382783043f,-0.01672834592788497f,0.08437480262775554f,-0.9962936590805165f,-0.045910952465667676f,0f,0f,0f,1f],start_interpolation:0}
execute if entity @s[tag=aj.gravity_blackhole.bone.right_leg] run data modify entity @s {} merge value {transformation:[-0.9820741759686583f,0.18413895457211868f,0.04028843884500795f,-0.12499999999999999f,0.18775109943219442f,0.9745625771747327f,0.12238181169007659f,0.765625f,-0.01672834592788497f,0.12775221555664046f,-0.9916650310779778f,-1.3877787807814457e-17f,0f,0f,0f,1f],start_interpolation:0}
execute if entity @s[tag=aj.gravity_blackhole.bone.left_leg2] run data modify entity @s {} merge value {transformation:[-0.9850017441808161f,-0.17033427552414293f,0.0275281409182595f,0.18700179238801373f,-0.17217464668494525f,0.9807401404177778f,-0.09222075694891972f,0.41277105330778213f,-0.011289596966431892f,-0.09557725438085575f,-0.995357992606355f,-0.028288878899651166f,0f,0f,0f,1f],start_interpolation:0}
execute if entity @s[tag=aj.gravity_blackhole.bone.left_leg] run data modify entity @s {} merge value {transformation:[-0.9850017441808161f,-0.17252672664490776f,-0.002468309936669674f,0.125f,-0.17217464668494525f,0.981854460360954f,0.0794840217164059f,0.765625f,-0.011289596966431892f,0.07871688041642069f,-0.9968330841910508f,2.0816681711721685e-17f,0f,0f,0f,1f],start_interpolation:0}
execute if entity @s[tag=aj.gravity_blackhole.locator_origin.player_camera] at @s on origin run tp @s ^0 ^0.0625 ^-0.125 ~0 ~0
execute if entity @s[tag=aj.gravity_blackhole.bone.vortex] run data modify entity @s {} merge value {transformation:[-1.8153900605000215e-15f,4.464003075819482f,12.132043072029301f,-0.06790815670869538f,-8.17579f,0f,-2.1528195892628334e-15f,3.896667558309039f,-2.223211626795271e-31f,-12.132043072029301f,4.464003075819482f,-7.158146623798415f,0f,0f,0f,1f],start_interpolation:0}
execute if entity @s[tag=aj.gravity_blackhole.locator_origin.gravity_tornado] at @s on origin run tp @s ^-0.54208 ^1.61913 ^-6.93906 ~110.20117 ~0
execute if entity @s[tag=aj.gravity_blackhole.locator_origin.gravity_tornado2] at @s on origin run tp @s ^-0.54208 ^3.95507 ^-6.93906 ~110.20117 ~0
execute if entity @s[tag=aj.gravity_blackhole.locator_origin.gravity_tornado3] at @s on origin run tp @s ^-0.54208 ^6.29101 ^-6.93906 ~110.20117 ~0
execute if entity @s[tag=aj.gravity_blackhole.locator_origin.gravity_tornado4] at @s on origin run tp @s ^-0.54208 ^8.62695 ^-6.93906 ~110.20117 ~0
execute if entity @s[tag=aj.gravity_blackhole.locator_origin.gravity_tornado5] at @s on origin run tp @s ^-0.54208 ^10.96289 ^-6.93906 ~110.20117 ~0
execute if entity @s[tag=aj.gravity_blackhole.locator_origin.gravity_tornado6] at @s on origin run tp @s ^-0.54208 ^13.29883 ^-6.93906 ~110.20117 ~0
execute if entity @s[tag=aj.gravity_blackhole.bone.tornado] run data modify entity @s {} merge value {transformation:[-2.3513623640762182e-15f,5.7819468410614245f,15.71388435996176f,-0.5420809037900866f,-10.589594666666665f,0f,-2.7884139441880503e-15f,15.868360058309039f,-2.879588392801494e-31f,-15.71388435996176f,5.7819468410614245f,-6.939059766763849f,0f,0f,0f,1f],start_interpolation:0}