execute if entity @s[tag=aj.gravity_blackhole.bone.right_arm2] run data modify entity @s {} merge value {transformation:[-0.9662475059499088f,0.2514511223672011f,-0.05601866033614021f,-0.3753627805918003f,0.25684868528607724f,0.9235535519443422f,-0.28474126774635766f,1.1439456678021245f,-0.019862278630475426f,-0.28951885905975827f,-0.9569662063711244f,0.059184437217746744f,0f,0f,0f,1f],start_interpolation:0}
execute if entity @s[tag=aj.gravity_blackhole.bone.right_arm] run data modify entity @s {} merge value {transformation:[-0.9662475059499088f,0.2514511223672011f,-0.05601866033614021f,-0.3125f,0.25684868528607724f,0.9235535519443422f,-0.28474126774635766f,1.37483405578821f,-0.019862278630475426f,-0.28951885905975827f,-0.9569662063711244f,-0.013195277547192824f,0f,0f,0f,1f],start_interpolation:0}
execute if entity @s[tag=aj.gravity_blackhole.bone.meteorite_staff_effects] run data modify entity @s {} merge value {transformation:[0.46174853999577864f,-1.2985434723414973e-8f,1015.6274476432635f,0.3858309933822007f,-0.029567071948382005f,0.9994442881990979f,17.623444936237156f,3.0573537633475922f,-0.8865179490953161f,-0.03333338845958361f,528.4082718714844f,-1.5415076997980817f,0f,0f,0f,1f],start_interpolation:0}
execute if entity @s[tag=aj.gravity_blackhole.bone.meteorite_staff] run data modify entity @s {} merge value {transformation:[1.4703135941256837f,-2.001921186526475e-8f,0.4635882289708417f,0.39707562500000015f,-0.015452947439524292f,1.5408099443069425f,0.04901054020694771f,2.1717583717174413f,-0.46333060815766663f,-0.051388973875191396f,1.4694965233097397f,-1.5038054411360466f,0f,0f,0f,1f],start_interpolation:0}
execute if entity @s[tag=aj.gravity_blackhole.bone.left_arm2] run data modify entity @s {} merge value {transformation:[-1f,-7.774894425809642e-17f,-9.46187058322507e-17f,0.4375f,0f,-0.7726203661180343f,0.6348683090686087f,1.420778069601541f,-1.2246467991473532e-16f,0.6348683090686087f,0.7726203661180343f,-0.25893731219881766f,0f,0f,0f,1f],start_interpolation:0}
execute if entity @s[tag=aj.gravity_blackhole.bone.left_arm] run data modify entity @s {} merge value {transformation:[-1f,-1.2037887846082817e-16f,-2.25060757825911e-17f,0.3125f,0f,-0.18377605525332452f,0.9829681386064997f,1.37483405578821f,-1.2246467991473532e-16f,0.9829681386064997f,0.18377605525332452f,-0.013195277547192748f,0f,0f,0f,1f],start_interpolation:0}
execute if entity @s[tag=aj.gravity_blackhole.bone.head] run data modify entity @s {} merge value {transformation:[-0.9727847784070439f,-0.1503529423734941f,0.17630589218512052f,2.202766812023468e-18f,-0.05113960001738564f,0.8814394312655889f,0.4695202554951779f,1.5185041720872594f,-0.2259967172540796f,0.4477259448924399f,-0.865139851157344f,-0.01798695602321518f,0f,0f,0f,1f],start_interpolation:0}
execute if entity @s[tag=aj.gravity_blackhole.bone.body_top] run data modify entity @s {} merge value {transformation:[-1f,4.08216605788111e-18f,1.2239662473652802e-16f,5.954139267327808e-19f,0f,0.999444287297736f,-0.03333341548537319f,1.1249729839637759f,-1.2246467991473532e-16f,-0.03333341548537319f,-0.999444287297736f,-0.004861923675849487f,0f,0f,0f,1f],start_interpolation:0}
execute if entity @s[tag=aj.gravity_blackhole.bone.body] run data modify entity @s {} merge value {transformation:[-1f,1.3609461182463561e-18f,1.2245711760564107e-16f,0f,0f,0.9999382490600595f,-0.011112968401941686f,0.6875f,-1.2246467991473532e-16f,-0.011112968401941686f,-0.9999382490600595f,0f,0f,0f,0f,1f],start_interpolation:0}
execute if entity @s[tag=aj.gravity_blackhole.bone.right_leg2] run data modify entity @s {} merge value {transformation:[-0.9763933246446789f,0.21501437269898604f,-0.020612984310190794f,-0.20238322270796044f,0.21570039077138237f,0.9756142945644104f,-0.04062129567924655f,0.4178052232854378f,0.01137615973796082f,-0.044108590710306594f,-0.9989619688532527f,-0.04672933120174425f,0f,0f,0f,1f],start_interpolation:0}
execute if entity @s[tag=aj.gravity_blackhole.bone.right_leg] run data modify entity @s {} merge value {transformation:[-0.9763933246446789f,0.21532722840475957f,0.01703702722998221f,-0.12499999999999999f,0.21570039077138237f,0.9678463352057383f,0.12940947743459433f,0.765625f,0.01137615973796082f,0.13002944334398397f,-0.9914448682873245f,-1.3877787807814457e-17f,0f,0f,0f,1f],start_interpolation:0}
execute if entity @s[tag=aj.gravity_blackhole.bone.left_leg2] run data modify entity @s {} merge value {transformation:[-0.9850017441808161f,-0.1725059666103631f,0.0036408027376532426f,0.1858080110614932f,-0.17217464668494528f,0.9840528224432713f,0.044675873582346315f,0.4238388142520783f,-0.011289596966431892f,0.04337895947640774f,-0.9989949003248614f,-0.09292459118894467f,0f,0f,0f,1f],start_interpolation:0}
execute if entity @s[tag=aj.gravity_blackhole.bone.left_leg] run data modify entity @s {} merge value {transformation:[-0.9850017441808161f,-0.1692049003450245f,-0.033782623639684074f,0.125f,-0.17217464668494528f,0.951057212515956f,0.25660488997736175f,0.765625f,-0.011289596966431892f,0.25857277548228086f,-0.9659258070782277f,2.0816681711721685e-17f,0f,0f,0f,1f],start_interpolation:0}
execute if entity @s[tag=aj.gravity_blackhole.locator_origin.player_camera] at @s on origin run tp @s ^0 ^0.0625 ^-0.125 ~0 ~0
execute if entity @s[tag=aj.gravity_blackhole.bone.vortex] run data modify entity @s {} merge value {transformation:[1.1005429054399584e-17f,0.023364715441929126f,-0.023364715441929133f,0.3018750000000002f,0.033042697458964265f,-7.336952702933056e-18f,3.668476351466528e-18f,15.147133949850627f,1.3477763464713732e-33f,0.023364715441929133f,0.02336471544192913f,-1.7536648734033182f,0f,0f,0f,1f],start_interpolation:0}
execute if entity @s[tag=aj.gravity_blackhole.locator_origin.gravity_tornado] at @s on origin run tp @s ^0.30188 ^15.15634 ^-1.755 ~-135 ~0
execute if entity @s[tag=aj.gravity_blackhole.locator_origin.gravity_tornado2] at @s on origin run tp @s ^0.30188 ^15.1469 ^-1.755 ~-135 ~0
execute if entity @s[tag=aj.gravity_blackhole.locator_origin.gravity_tornado3] at @s on origin run tp @s ^0.30188 ^15.13746 ^-1.755 ~-135 ~0
execute if entity @s[tag=aj.gravity_blackhole.locator_origin.gravity_tornado4] at @s on origin run tp @s ^0.30188 ^15.12802 ^-1.755 ~-135 ~0
execute if entity @s[tag=aj.gravity_blackhole.locator_origin.gravity_tornado5] at @s on origin run tp @s ^0.30188 ^15.11858 ^-1.755 ~-135 ~0
execute if entity @s[tag=aj.gravity_blackhole.locator_origin.gravity_tornado6] at @s on origin run tp @s ^0.30188 ^15.10913 ^-1.755 ~-135 ~0
execute if entity @s[tag=aj.gravity_blackhole.bone.tornado] run data modify entity @s {} merge value {transformation:[1.425465096569851e-17f,0.03026286952478439f,-0.0302628695247844f,0.3018750000000002f,0.04279816051827752f,-9.503100643799005e-18f,4.7515503218995025e-18f,15.09875f,1.7456912678105404e-33f,0.0302628695247844f,0.030262869524784394f,-1.755f,0f,0f,0f,1f],start_interpolation:0}