execute if entity @s[tag=aj.gravity_blackhole.bone.right_arm2] run data modify entity @s {} merge value {transformation:[-0.9661724673985805f,0.2509114088637528f,-0.059617347667817906f,-0.3752278522159382f,0.2571819487551524f,0.9201971590805268f,-0.2951179995436226f,1.1448128780695148f,-0.01918875909070056f,-0.30046739144561785f,-0.9535990447784775f,0.06309090851343524f,0f,0f,0f,1f],start_interpolation:0}
execute if entity @s[tag=aj.gravity_blackhole.bone.right_arm] run data modify entity @s {} merge value {transformation:[-0.9661724673985805f,0.2509114088637528f,-0.059617347667817906f,-0.3125f,0.2571819487551524f,0.9201971590805268f,-0.2951179995436226f,1.3748621678396464f,-0.01918875909070056f,-0.30046739144561785f,-0.9535990447784775f,-0.012025939347969227f,0f,0f,0f,1f],start_interpolation:0}
execute if entity @s[tag=aj.gravity_blackhole.bone.meteorite_staff_effects] run data modify entity @s {} merge value {transformation:[0.4446692221468263f,0.03963325173732597f,622.8393667904082f,0.4392106218668094f,0.00548419105942894f,0.7014828781877342f,-63.65415198472647f,3.079435679470575f,-0.545378867513282f,0.039368509909421597f,507.18577799526895f,-1.3907420921043576f,0f,0f,0f,1f],start_interpolation:0}
execute if entity @s[tag=aj.gravity_blackhole.bone.meteorite_staff] run data modify entity @s {} merge value {transformation:[1.531514360190888f,0.08682811071401021f,0.1538205279864874f,0.3986195293746652f,-0.07762488890462525f,1.536801305503392f,-0.09461625196935065f,2.194771320488651f,-0.15866396018866658f,0.08624811710419338f,1.5310529452453114f,-1.4300922494407269f,0f,0f,0f,1f],start_interpolation:0}
execute if entity @s[tag=aj.gravity_blackhole.bone.left_arm2] run data modify entity @s {} merge value {transformation:[-0.9999983985871521f,-0.001436864207645958f,0.0010668853640606122f,0.4375978094885611f,0.0017888172473895317f,-0.7843948234708276f,0.6202592692133065f,1.4219676390120168f,-0.000054368986587305116f,0.6202601843850838f,0.7843961376183564f,-0.2574981631265317f,0f,0f,0f,1f],start_interpolation:0}
execute if entity @s[tag=aj.gravity_blackhole.bone.left_arm] run data modify entity @s {} merge value {transformation:[-0.9999983985871521f,-0.0003920386606682552f,0.0017461754836791841f,0.3125f,0.0017888172473895317f,-0.1893162933131764f,0.981914528469263f,1.3748621678396464f,-0.000054368986587305116f,0.9819160796075437f,0.18931669142515f,-0.012025939347969151f,0f,0f,0f,1f],start_interpolation:0}
execute if entity @s[tag=aj.gravity_blackhole.bone.head] run data modify entity @s {} merge value {transformation:[-0.9751060167022814f,-0.1410225930400641f,0.1711165814386983f,2.0075676718787355e-18f,-0.04916517565659882f,0.8899971800430625f,0.4533076273548154f,1.518545816817427f,-0.21621989199346567f,0.4336100180665258f,-0.8747750056664176f,-0.016393034083594406f,0f,0f,0f,1f],start_interpolation:0}
execute if entity @s[tag=aj.gravity_blackhole.bone.body_top] run data modify entity @s {} merge value {transformation:[-1f,3.720451192735081e-18f,1.2240815360727018e-16f,5.426400147392975e-19f,0f,0.9995384276715172f,-0.030379789465218895f,1.1249775609217672f,-1.2246467991473532e-16f,-0.030379789465218895f,-0.9995384276715172f,-0.0044309919816644654f,0f,0f,0f,1f],start_interpolation:0}
execute if entity @s[tag=aj.gravity_blackhole.bone.body] run data modify entity @s {} merge value {transformation:[-1f,1.2403200336898229e-18f,1.2245839878437332e-16f,0f,0f,0.9999487106783248f,-0.010127981672375922f,0.6875f,-1.2246467991473532e-16f,-0.010127981672375922f,-0.9999487106783248f,0f,0f,0f,0f,1f],start_interpolation:0}
execute if entity @s[tag=aj.gravity_blackhole.bone.right_leg2] run data modify entity @s {} merge value {transformation:[-0.9762647067793534f,0.215753435526206f,-0.01891235986497617f,-0.20253866118807368f,0.21627766861937686f,0.9757925714788401f,-0.03244730348240632f,0.41825222482168506f,0.011453923065487726f,-0.035767478319719825f,-0.99929449870449f,-0.049702129844474176f,0f,0f,0f,1f],start_interpolation:0}
execute if entity @s[tag=aj.gravity_blackhole.bone.right_leg] run data modify entity @s {} merge value {transformation:[-0.9762647067793534f,0.21575975287116153f,0.018840152281719768f,-0.12499999999999999f,0.21627766861937686f,0.9666025048440068f,0.13749024578441468f,0.765625f,0.011453923065487726f,0.13830157869766724f,-0.9903239272965906f,-1.3877787807814457e-17f,0f,0f,0f,1f],start_interpolation:0}
execute if entity @s[tag=aj.gravity_blackhole.bone.left_leg2] run data modify entity @s {} merge value {transformation:[-0.9849512346200766f,-0.172817688904829f,0.0022609338735332524f,0.1858100504956367f,-0.17245829058421472f,0.9835950364032949f,0.052905031628109306f,0.4246395198909581f,-0.011366768633050124f,0.05171895942876706f,-0.9985969886828462f,-0.0958197826052862f,0f,0f,0f,1f],start_interpolation:0}
execute if entity @s[tag=aj.gravity_blackhole.bone.left_leg] run data modify entity @s {} merge value {transformation:[-0.9849512346200766f,-0.16921057529220646f,-0.035197253155143625f,0.125f,-0.17245829058421472f,0.9488291620425513f,0.26453990108564035f,0.765625f,-0.011366768633050124f,0.2666289602929704f,-0.9637322211610092f,2.0816681711721685e-17f,0f,0f,0f,1f],start_interpolation:0}
execute if entity @s[tag=aj.gravity_blackhole.locator_origin.player_camera] at @s on origin run tp @s ^0 ^0.0625 ^-0.125 ~0 ~0
execute if entity @s[tag=aj.gravity_blackhole.bone.vortex] run data modify entity @s {} merge value {transformation:[1.018613600257205e-17f,0.02162534218125216f,-0.02162534218125217f,0.3018750000000002f,0.030582852203685784f,-6.790757335048033e-18f,3.3953786675240165e-18f,15.14353203358397f,1.2474418851229476e-33f,0.02162534218125217f,0.021625342181252165f,-1.7537642661610713f,0f,0f,0f,1f],start_interpolation:0}
execute if entity @s[tag=aj.gravity_blackhole.locator_origin.gravity_tornado] at @s on origin run tp @s ^0.30188 ^15.15205 ^-1.755 ~-135 ~0
execute if entity @s[tag=aj.gravity_blackhole.locator_origin.gravity_tornado2] at @s on origin run tp @s ^0.30188 ^15.14331 ^-1.755 ~-135 ~0
execute if entity @s[tag=aj.gravity_blackhole.locator_origin.gravity_tornado3] at @s on origin run tp @s ^0.30188 ^15.13458 ^-1.755 ~-135 ~0
execute if entity @s[tag=aj.gravity_blackhole.locator_origin.gravity_tornado4] at @s on origin run tp @s ^0.30188 ^15.12584 ^-1.755 ~-135 ~0
execute if entity @s[tag=aj.gravity_blackhole.locator_origin.gravity_tornado5] at @s on origin run tp @s ^0.30188 ^15.1171 ^-1.755 ~-135 ~0
execute if entity @s[tag=aj.gravity_blackhole.locator_origin.gravity_tornado6] at @s on origin run tp @s ^0.30188 ^15.10836 ^-1.755 ~-135 ~0
execute if entity @s[tag=aj.gravity_blackhole.bone.tornado] run data modify entity @s {} merge value {transformation:[1.3193471393807606e-17f,0.02800996701571708f,-0.02800996701571709f,0.3018750000000002f,0.039612075235250156f,-8.795647595871738e-18f,4.397823797935869e-18f,15.09875f,1.6157342512068653e-33f,0.02800996701571709f,0.028009967015717088f,-1.755f,0f,0f,0f,1f],start_interpolation:0}