execute if entity @s[tag=aj.gravity_blackhole.bone.right_arm2] run data modify entity @s {} merge value {transformation:[-0.8385267934053664f,0.5366148546885132f,-0.09443153323408317f,-0.4466537136721283f,0.51680290974355f,0.8382098305669253f,0.17412361247563804f,1.1654475423582686f,0.17259075647876934f,0.09720482327843642f,-0.9801855197407754f,-0.024301205819609144f,0f,0f,0f,1f],start_interpolation:0}
execute if entity @s[tag=aj.gravity_blackhole.bone.right_arm] run data modify entity @s {} merge value {transformation:[-0.8385267934053664f,0.5366148546885132f,-0.09443153323408317f,-0.3125f,0.51680290974355f,0.8382098305669253f,0.17412361247563804f,1.375f,0.17259075647876934f,0.09720482327843642f,-0.9801855197407754f,-3.827021247335479e-17f,0f,0f,0f,1f],start_interpolation:0}
execute if entity @s[tag=aj.gravity_blackhole.bone.meteorite_staff_effects] run data modify entity @s {} merge value {transformation:[-0.000006208226775358722f,-0.0000017464736194141968f,-0.000007642496333162963f,0.25150711174539103f,-0.0000019086700477349242f,0.000009792073106069637f,-6.872284440179785e-7f,2.7849598393567367f,0.0000076036109155189324f,0.0000010320533814091633f,-0.000006412485232990664f,-1.3100514701493184f,0f,0f,0f,1f],start_interpolation:0}
execute if entity @s[tag=aj.gravity_blackhole.bone.meteorite_staff] run data modify entity @s {} merge value {transformation:[-1.509899119465822f,-0.2692480163263553f,-0.156353016765808f,0.39707562500000015f,-0.2829848532968546f,1.5096112705190687f,0.1331521529584587f,1.9164759344791586f,0.1298473448015171f,0.15910822963391263f,-1.5279268141576252f,-1.4118975041537787f,0f,0f,0f,1f],start_interpolation:0}
execute if entity @s[tag=aj.gravity_blackhole.bone.left_arm2] run data modify entity @s {} merge value {transformation:[-1f,-8.298775406013677e-17f,-9.005903898372907e-17f,0.4375f,0f,-0.735387860781016f,0.6776464374701023f,1.455153247646419f,-1.2246467991473532e-16f,0.6776464374701023f,0.735387860781016f,-0.23680256943650715f,0f,0f,0f,1f],start_interpolation:0}
execute if entity @s[tag=aj.gravity_blackhole.bone.left_arm] run data modify entity @s {} merge value {transformation:[-1f,-1.1599980347611496e-16f,-3.926376726858092e-17f,0.3125f,0f,-0.3206129905856765f,0.9472102777460288f,1.375f,-1.2246467991473532e-16f,0.9472102777460288f,0.3206129905856765f,3.827021247335479e-17f,0f,0f,0f,1f],start_interpolation:0}
execute if entity @s[tag=aj.gravity_blackhole.bone.head] run data modify entity @s {} merge value {transformation:[-0.9999794916071139f,0.0023310915379517383f,-0.005965096597698864f,0f,0.0004939232528232701f,0.9567023018821601f,0.2910677955617842f,1.51875f,0.006385327321172286f,0.29105887992916135f,-0.9566838328357931f,0f,0f,0f,0f,1f],start_interpolation:0}
execute if entity @s[tag=aj.gravity_blackhole.bone.right_leg2] run data modify entity @s {} merge value {transformation:[-0.9834351270256357f,0.17670875779761228f,0.04036540411907811f,-0.18781151075618677f,0.18035982875770418f,0.976147892971792f,0.12085372653427964f,0.41705020668549414f,-0.01804669228870812f,0.1261320972804132f,-0.991849288416885f,-0.060833528643955324f,0f,0f,0f,1f],start_interpolation:0}
execute if entity @s[tag=aj.gravity_blackhole.bone.right_leg] run data modify entity @s {} merge value {transformation:[-0.9834351270256357f,0.17477985601721538f,0.04803491295581937f,-0.12499999999999999f,0.18035982875770418f,0.9699472509621033f,0.16331767363500538f,0.765625f,-0.01804669228870812f,0.16927590579187565f,-0.9854034628596434f,-1.3877787807814457e-17f,0f,0f,0f,1f],start_interpolation:0}
execute if entity @s[tag=aj.gravity_blackhole.bone.left_leg2] run data modify entity @s {} merge value {transformation:[-0.9850017441808161f,-0.1705772060329046f,0.025980391505098767f,0.18699118219454497f,-0.17217464668494525f,0.981537064734616f,-0.08331195347048632f,0.4130449618327672f,-0.011289596966431892f,-0.08653558420766698f,-0.9961847909229358f,-0.03154046038210869f,0f,0f,0f,1f],start_interpolation:0}
execute if entity @s[tag=aj.gravity_blackhole.bone.left_leg] run data modify entity @s {} merge value {transformation:[-0.9850017441808161f,-0.17249720262829904f,-0.0040347299986166225f,0.125f,-0.17217464668494525f,0.9810922801175175f,0.08839586490738663f,0.765625f,-0.011289596966431892f,0.08776475932412858f,-0.9960772520347573f,2.0816681711721685e-17f,0f,0f,0f,1f],start_interpolation:0}
execute if entity @s[tag=aj.gravity_blackhole.locator_origin.player_camera] at @s on origin run tp @s ^0 ^0.0625 ^-0.125 ~0 ~0
execute if entity @s[tag=aj.gravity_blackhole.bone.vortex] run data modify entity @s {} merge value {transformation:[-8.597134115717609e-16f,1.2332432374655289f,-8.459328441415755f,-0.41994529641821576f,-7.74361f,9.491019081764305e-16f,4.745509540882153e-16f,4.061697233727813f,4.298567057858803e-16f,8.459328441415755f,1.2332432374655284f,-3.5323206323102636f,0f,0f,0f,1f],start_interpolation:0}
execute if entity @s[tag=aj.gravity_blackhole.locator_origin.gravity_tornado] at @s on origin run tp @s ^-0.21349 ^1.90455 ^-3.80925 ~-98.29443 ~0
execute if entity @s[tag=aj.gravity_blackhole.locator_origin.gravity_tornado2] at @s on origin run tp @s ^-0.21349 ^4.11701 ^-3.80925 ~-98.29443 ~0
execute if entity @s[tag=aj.gravity_blackhole.locator_origin.gravity_tornado3] at @s on origin run tp @s ^-0.21349 ^6.32947 ^-3.80925 ~-98.29443 ~0
execute if entity @s[tag=aj.gravity_blackhole.locator_origin.gravity_tornado4] at @s on origin run tp @s ^-0.21349 ^8.54193 ^-3.80925 ~-98.29443 ~0
execute if entity @s[tag=aj.gravity_blackhole.locator_origin.gravity_tornado5] at @s on origin run tp @s ^-0.21349 ^10.75439 ^-3.80925 ~-98.29443 ~0
execute if entity @s[tag=aj.gravity_blackhole.locator_origin.gravity_tornado6] at @s on origin run tp @s ^-0.21349 ^12.96685 ^-3.80925 ~-98.29443 ~0
execute if entity @s[tag=aj.gravity_blackhole.bone.tornado] run data modify entity @s {} merge value {transformation:[-1.113533561654852e-15f,1.5973436218601136f,-10.956844457452787f,-0.2134857191624938f,-10.029818666666666f,1.2293129477332815e-15f,6.146564738666407e-16f,15.400554733727812f,5.567667808274259e-16f,10.956844457452787f,1.597343621860113f,-3.8092512517068724f,0f,0f,0f,1f],start_interpolation:0}