execute if entity @s[tag=aj.gravity_blackhole.bone.right_arm2] run data modify entity @s {} merge value {transformation:[-0.9140652040102606f,0.39479865794788954f,-0.09283761360691055f,-0.41119966448697237f,0.37552065478762403f,0.9103402834535682f,0.17396783078934774f,1.147414929136608f,0.1531960856078078f,0.12415549929110013f,-0.980365427455611f,-0.03103887482277507f,0f,0f,0f,1f],start_interpolation:0}
execute if entity @s[tag=aj.gravity_blackhole.bone.right_arm] run data modify entity @s {} merge value {transformation:[-0.9140652040102606f,0.39479865794788954f,-0.09283761360691055f,-0.3125f,0.37552065478762403f,0.9103402834535682f,0.17396783078934774f,1.375f,0.1531960856078078f,0.12415549929110013f,-0.980365427455611f,-3.827021247335479e-17f,0f,0f,0f,1f],start_interpolation:0}
execute if entity @s[tag=aj.gravity_blackhole.bone.meteorite_staff_effects] run data modify entity @s {} merge value {transformation:[0.000007855809787015418f,3.450240023730748e-7f,-0.000006177961721151988f,0.43775545318551895f,-0.0000013317413912914077f,0.00000984472437725904f,-0.0000011436200429000784f,2.1905715920745688f,0.000006042575399360275f,0.0000017211508863513443f,0.00000777977648582901f,-1.4105507275137013f,0f,0f,0f,1f],start_interpolation:0}
execute if entity @s[tag=aj.gravity_blackhole.bone.meteorite_staff] run data modify entity @s {} merge value {transformation:[0.18290606904746778f,0.05319120036584902f,-1.5298536456865255f,0.39707562500000015f,-0.2698448319673538f,1.5177283414941019f,0.02050754000807603f,1.3166755859062063f,1.5068063072861169f,0.26534409497916556f,0.1893762780645299f,-1.5536521660347087f,0f,0f,0f,1f],start_interpolation:0}
execute if entity @s[tag=aj.gravity_blackhole.bone.left_arm2] run data modify entity @s {} merge value {transformation:[-1f,-1.1288279002935794e-16f,-4.7487614614828414e-17f,0.4375f,0f,-0.3877658002935307f,0.92175793141297f,1.378761626111395f,-1.2246467991473532e-16f,0.92175793141297f,0.3877658002935307f,-0.249971698736073f,0f,0f,0f,1f],start_interpolation:0}
execute if entity @s[tag=aj.gravity_blackhole.bone.left_arm] run data modify entity @s {} merge value {transformation:[-1f,-1.2245081629382334e-16f,-1.8426653507635803e-18f,0.3125f,0f,-0.015046504445579867f,0.9998867949442922f,1.375f,-1.2246467991473532e-16f,0.9998867949442922f,0.015046504445579867f,3.827021247335479e-17f,0f,0f,0f,1f],start_interpolation:0}
execute if entity @s[tag=aj.gravity_blackhole.bone.head] run data modify entity @s {} merge value {transformation:[-0.9999822717389127f,0.0015078778098823733f,-0.005760426407293206f,0f,0.0004592274364878171f,0.9840536867210419f,0.1778711071559606f,1.51875f,0.005936776738681809f,0.17786530846468096f,-0.9840369336192208f,0f,0f,0f,0f,1f],start_interpolation:0}
execute if entity @s[tag=aj.gravity_blackhole.bone.right_leg2] run data modify entity @s {} merge value {transformation:[-0.9821082602745492f,0.18641560153570264f,0.02669435529433952f,-0.1915108910406562f,0.18756983781121364f,0.9809491721805014f,0.05055964341116405f,0.41422447904786286f,-0.01676069938795177f,0.054662099323674086f,-0.9983642290534831f,-0.035275570477946994f,0f,0f,0f,1f],start_interpolation:0}
execute if entity @s[tag=aj.gravity_blackhole.bone.right_leg] run data modify entity @s {} merge value {transformation:[-0.9821082602745492f,0.18507378376530423f,0.03480028251741208f,-0.12499999999999999f,0.18756983781121364f,0.9778101452581207f,0.0932999237607833f,0.765625f,-0.01676069938795177f,0.09815810915602638f,-0.9950296802422229f,-1.3877787807814457e-17f,0f,0f,0f,1f],start_interpolation:0}
execute if entity @s[tag=aj.gravity_blackhole.bone.left_leg2] run data modify entity @s {} merge value {transformation:[-0.9850017441808161f,-0.1696064197967664f,0.03170530435862821f,0.18700486822683202f,-0.17217464668494525f,0.9781779554035185f,-0.11629178217529565f,0.4121757019020925f,-0.011289596966431895f,-0.12000645785254721f,-0.9927089175956969f,-0.01947769532747022f,0f,0f,0f,1f],start_interpolation:0}
execute if entity @s[tag=aj.gravity_blackhole.bone.left_leg] run data modify entity @s {} merge value {transformation:[-0.9850017441808161f,-0.17253528550074998f,0.0017717838256679497f,0.125f,-0.17217464668494525f,0.9835110903593947f,0.05533377069194677f,0.765625f,-0.011289596966431895f,0.054198804389482415f,-0.9984663412469577f,2.0816681711721685e-17f,0f,0f,0f,1f],start_interpolation:0}
execute if entity @s[tag=aj.gravity_blackhole.locator_origin.player_camera] at @s on origin run tp @s ^0 ^0.0625 ^-0.125 ~0 ~0
execute if entity @s[tag=aj.gravity_blackhole.bone.vortex] run data modify entity @s {} merge value {transformation:[-9.529876887626188e-16f,-12.91446034813408f,10.399738721668564f,-0.5718491893275861f,-8.583749999999998f,0f,0f,4.149687500000002f,-1.167073322669975e-31f,-10.399738721668564f,-12.91446034813408f,-12.490338723422933f,0f,0f,0f,1f],start_interpolation:0}
execute if entity @s[tag=aj.gravity_blackhole.locator_origin.gravity_tornado] at @s on origin run tp @s ^-0.5 ^1.7585 ^-11.82422 ~38.84375 ~0
execute if entity @s[tag=aj.gravity_blackhole.locator_origin.gravity_tornado2] at @s on origin run tp @s ^-0.5 ^4.211 ^-11.82422 ~38.84375 ~0
execute if entity @s[tag=aj.gravity_blackhole.locator_origin.gravity_tornado3] at @s on origin run tp @s ^-0.5 ^6.6635 ^-11.82422 ~38.84375 ~0
execute if entity @s[tag=aj.gravity_blackhole.locator_origin.gravity_tornado4] at @s on origin run tp @s ^-0.5 ^9.116 ^-11.82422 ~38.84375 ~0
execute if entity @s[tag=aj.gravity_blackhole.locator_origin.gravity_tornado5] at @s on origin run tp @s ^-0.5 ^11.5685 ^-11.82422 ~38.84375 ~0
execute if entity @s[tag=aj.gravity_blackhole.locator_origin.gravity_tornado6] at @s on origin run tp @s ^-0.5 ^14.021 ^-11.82422 ~38.84375 ~0
execute if entity @s[tag=aj.gravity_blackhole.bone.tornado] run data modify entity @s {} merge value {transformation:[-1.2343459587782489e-15f,-16.72730102234509f,13.470137772827853f,-0.49999999999999856f,-11.117999999999997f,0f,0f,16.71875f,-1.5116378274582533e-31f,-13.470137772827853f,-16.72730102234509f,-11.82421875f,0f,0f,0f,1f],start_interpolation:0}