execute if entity @s[tag=aj.gravity_blackhole.bone.right_arm2] run data modify entity @s {} merge value {transformation:[-0.9673259609905585f,0.248641131045032f,-0.04957895870568311f,-0.374660282761258f,0.2532175080022504f,0.9376608525102882f,-0.23806095713243244f,1.1405698543411051f,-0.012703496952527682f,-0.2428368045052619f,-0.9699839728278248f,0.05675063616458029f,0f,0f,0f,1f],start_interpolation:0}
execute if entity @s[tag=aj.gravity_blackhole.bone.right_arm] run data modify entity @s {} merge value {transformation:[-0.9673259609905585f,0.248641131045032f,-0.04957895870568311f,-0.3125f,0.2532175080022504f,0.9376608525102882f,-0.23806095713243244f,1.3749850674686772f,-0.012703496952527682f,-0.2428368045052619f,-0.9699839728278248f,-0.003958564961735193f,0f,0f,0f,1f],start_interpolation:0}
execute if entity @s[tag=aj.gravity_blackhole.bone.meteorite_staff_effects] run data modify entity @s {} merge value {transformation:[-0.038322346521913485f,-0.007518861767130335f,55.872180951704266f,0.5034199765989391f,-0.005139204804291478f,-0.06082798111877557f,-15.353049082529612f,2.701352153806484f,-0.049104341264637016f,0.012234109315380076f,-41.997317602669014f,-0.9208518918201355f,0f,0f,0f,1f],start_interpolation:0}
execute if entity @s[tag=aj.gravity_blackhole.bone.meteorite_staff] run data modify entity @s {} merge value {transformation:[-0.18269271285288663f,0.18546525692254826f,-1.5195269402864224f,0.38480460006955886f,0.32351328266856944f,1.5004235342631305f,0.14423759869553401f,1.8414843465465724f,1.4962281375908457f,-0.3017746964460418f,-0.21672448864270097f,-0.740893990593696f,0f,0f,0f,1f],start_interpolation:0}
execute if entity @s[tag=aj.gravity_blackhole.bone.left_arm2] run data modify entity @s {} merge value {transformation:[-0.999663292741707f,0.01645807706138752f,-0.02006072890624451f,0.4370810000110462f,-0.025946749460173345f,-0.626293563423971f,0.7791554008066398f,1.3902525094267018f,0.0002594942376978277f,0.7794135642347688f,0.626509719437452f,-0.253701391990473f,0f,0f,0f,1f],start_interpolation:0}
execute if entity @s[tag=aj.gravity_blackhole.bone.left_arm] run data modify entity @s {} merge value {transformation:[-0.999663292741707f,0.0015076463266686145f,-0.0259042109967103f,0.3125f,-0.025946749460173345f,-0.04809639310201142f,0.9985056350181646f,1.3749850674686772f,0.0002594942376978277f,0.9988415609961026f,0.048119317218868904f,-0.003958564961735116f,0f,0f,0f,1f],start_interpolation:0}
execute if entity @s[tag=aj.gravity_blackhole.bone.head] run data modify entity @s {} merge value {transformation:[-0.9962723186890194f,-0.03368151999381288f,0.07941676287101655f,6.608367087290844e-19f,-0.018674054223583553f,0.9830027200013662f,0.18263880247299652f,1.5187278790262215f,-0.08421844639305305f,0.1804749502862432f,-0.9799673696640714f,-0.005396141231816264f,0f,0f,0f,1f],start_interpolation:0}
execute if entity @s[tag=aj.gravity_blackhole.bone.body_top] run data modify entity @s {} merge value {transformation:[-1f,1.2247117757808853e-18f,1.2245855587783503e-16f,1.786064470153608e-19f,0f,0.9999499934437867f,-0.01000053057447729f,1.1249975691077305f,-1.2246467991473532e-16f,-0.01000053057447729f,-0.9999499934437867f,-0.0014584323181158318f,0f,0f,0f,1f],start_interpolation:0}
execute if entity @s[tag=aj.gravity_blackhole.bone.body] run data modify entity @s {} merge value {transformation:[-1f,4.082433074636818e-19f,1.2246399946114977e-16f,0f,0f,0.9999944436748127f,-0.0033335595842647584f,0.6875f,-1.2246467991473532e-16f,-0.0033335595842647584f,-0.9999944436748127f,0f,0f,0f,0f,1f],start_interpolation:0}
execute if entity @s[tag=aj.gravity_blackhole.bone.right_leg2] run data modify entity @s {} merge value {transformation:[-0.9782193137127542f,0.20668862293662446f,-0.0191516951706647f,-0.19934542112093018f,0.20732086677719092f,0.9774141896664207f,-0.040982435719322974f,0.4171456760182357f,0.010248535412557942f,-0.044060356186667926f,-0.9989763022887987f,-0.04674729661236149f,0f,0f,0f,1f],start_interpolation:0}
execute if entity @s[tag=aj.gravity_blackhole.bone.right_leg] run data modify entity @s {} merge value {transformation:[-0.9782193137127542f,0.20687421529302316f,0.01703036483003508f,-0.12499999999999999f,0.20732086677719092f,0.9696815971666485f,0.12936637242765966f,0.765625f,0.010248535412557942f,0.13007943405178846f,-0.991450608128647f,-1.3877787807814457e-17f,0f,0f,0f,1f],start_interpolation:0}
execute if entity @s[tag=aj.gravity_blackhole.bone.left_leg2] run data modify entity @s {} merge value {transformation:[-0.9857243224538202f,-0.16818581205915145f,0.00781618480851461f,0.18461703097140514f,-0.16805987025346045f,0.9856677062461051f,0.014664681173891636f,0.4209378618041146f,-0.010170552263623773f,0.013141745909339586f,-0.9998619176571868f,-0.08238311116658015f,0f,0f,0f,1f],start_interpolation:0}
execute if entity @s[tag=aj.gravity_blackhole.bone.left_leg] run data modify entity @s {} merge value {transformation:[-0.9857243224538202f,-0.16589086878999687f,-0.028771162212484776f,0.125f,-0.16805987025346045f,0.9591294280233333f,0.22765460748691965f,0.765625f,-0.010170552263623773f,0.2292399615070057f,-0.973316803468901f,2.0816681711721685e-17f,0f,0f,0f,1f],start_interpolation:0}
execute if entity @s[tag=aj.gravity_blackhole.locator_origin.player_camera] at @s on origin run tp @s ^0 ^0.0625 ^-0.125 ~0 ~0
execute if entity @s[tag=aj.gravity_blackhole.bone.vortex] run data modify entity @s {} merge value {transformation:[2.751357263599896e-18f,0.005841178860482282f,-0.005841178860482283f,0.3018750000000002f,0.008260674364741066f,-1.834238175733264e-18f,9.17119087866632e-19f,15.110845987462657f,3.369440866178433e-34f,0.005841178860482283f,0.0058411788604822825f,-1.7546662183508295f,0f,0f,0f,1f],start_interpolation:0}
execute if entity @s[tag=aj.gravity_blackhole.locator_origin.gravity_tornado] at @s on origin run tp @s ^0.30188 ^15.11315 ^-1.755 ~-135 ~0
execute if entity @s[tag=aj.gravity_blackhole.locator_origin.gravity_tornado2] at @s on origin run tp @s ^0.30188 ^15.11079 ^-1.755 ~-135 ~0
execute if entity @s[tag=aj.gravity_blackhole.locator_origin.gravity_tornado3] at @s on origin run tp @s ^0.30188 ^15.10843 ^-1.755 ~-135 ~0
execute if entity @s[tag=aj.gravity_blackhole.locator_origin.gravity_tornado4] at @s on origin run tp @s ^0.30188 ^15.10607 ^-1.755 ~-135 ~0
execute if entity @s[tag=aj.gravity_blackhole.locator_origin.gravity_tornado5] at @s on origin run tp @s ^0.30188 ^15.10371 ^-1.755 ~-135 ~0
execute if entity @s[tag=aj.gravity_blackhole.locator_origin.gravity_tornado6] at @s on origin run tp @s ^0.30188 ^15.10135 ^-1.755 ~-135 ~0
execute if entity @s[tag=aj.gravity_blackhole.bone.tornado] run data modify entity @s {} merge value {transformation:[3.563662741424627e-18f,0.007565717381196098f,-0.0075657173811961f,0.3018750000000002f,0.01069954012956938f,-2.3757751609497513e-18f,1.1878875804748756e-18f,15.09875f,4.364228169526351e-34f,0.0075657173811961f,0.007565717381196099f,-1.755f,0f,0f,0f,1f],start_interpolation:0}