execute if entity @s[tag=aj.gravity_blackhole.bone.right_arm2] run data modify entity @s {} merge value {transformation:[-0.9686239941890736f,0.24793094728517462f,0.017256977124668626f,-0.3744827368212936f,0.24519417188395845f,0.9646530262624327f,-0.09656271017774117f,1.1325149127972507f,-0.04058787941424431f,-0.08930164780678204f,-0.9951772906088887f,-0.014893882414915585f,0f,0f,0f,1f],start_interpolation:0}
execute if entity @s[tag=aj.gravity_blackhole.bone.right_arm] run data modify entity @s {} merge value {transformation:[-0.9686239941890736f,0.24793094728517462f,0.017256977124668626f,-0.3125f,0.24519417188395845f,0.9646530262624327f,-0.09656271017774117f,1.3736781693628588f,-0.04058787941424431f,-0.08930164780678204f,-0.9951772906088887f,-0.037219294366611096f,0f,0f,0f,1f],start_interpolation:0}
execute if entity @s[tag=aj.gravity_blackhole.bone.meteorite_staff_effects] run data modify entity @s {} merge value {transformation:[0.008579080816864038f,-0.01114956284642775f,839.4426435838159f,0.36988219644738163f,-0.05466525032642794f,0.7311376146012876f,13.463861971534975f,2.7819722129367532f,-0.7311818385145192f,-0.05479276373627219f,8.842726329921959f,-1.5074292661584923f,0f,0f,0f,1f],start_interpolation:0}
execute if entity @s[tag=aj.gravity_blackhole.bone.meteorite_staff] run data modify entity @s {} merge value {transformation:[1.1026764363974408f,-0.023441361841073493f,1.0771681810562315f,0.39707562500000015f,-0.0637870135917054f,1.5371778800259692f,0.09874964894638558f,1.898565965685898f,-1.0755333582097795f,-0.11519886642245578f,1.0984959388473352f,-1.4390112898166263f,0f,0f,0f,1f],start_interpolation:0}
execute if entity @s[tag=aj.gravity_blackhole.bone.left_arm2] run data modify entity @s {} merge value {transformation:[-1f,-8.335289894403688e-17f,-8.972119072016242e-17f,0.4375f,0f,-0.7326291203523321f,0.6806280717188858f,1.4502873723013268f,-1.2246467991473532e-16f,0.6806280717188858f,0.7326291203523321f,-0.2751920449603138f,0f,0f,0f,1f],start_interpolation:0}
execute if entity @s[tag=aj.gravity_blackhole.bone.left_arm] run data modify entity @s {} merge value {transformation:[-1f,-1.165730269195478e-16f,-3.7527686065529907e-17f,0.3125f,0f,-0.30643681175387183f,0.9518910023748112f,1.3736781693628588f,-1.2246467991473532e-16f,0.9518910023748112f,0.30643681175387183f,-0.03721929436661102f,0f,0f,0f,1f],start_interpolation:0}
execute if entity @s[tag=aj.gravity_blackhole.bone.head] run data modify entity @s {} merge value {transformation:[-0.9609700276910875f,-0.1484733460533083f,0.2334357971501481f,6.212539671733752e-18f,-0.03949481415282667f,0.908770127209745f,0.4154238986218988f,1.516791914237555f,-0.273818855330352f,0.38999041193716366f,-0.8791647815186054f,-0.05072923618515284f,0f,0f,0f,1f],start_interpolation:0}
execute if entity @s[tag=aj.gravity_blackhole.bone.body_top] run data modify entity @s {} merge value {transformation:[-1f,1.1509500525039415e-17f,1.2192263622593916e-16f,1.6806738399994812e-18f,0f,0.9955738773891907f,-0.09398220395507323f,1.124784700015561f,-1.2246467991473532e-16f,-0.09398220395507323f,-0.9955738773891907f,-0.013723743377842752f,0f,0f,0f,1f],start_interpolation:0}
execute if entity @s[tag=aj.gravity_blackhole.bone.body] run data modify entity @s {} merge value {transformation:[-1f,3.8415402057131e-18f,1.2240441330060965e-16f,0f,0f,0.9995078857498536f,-0.031368556292212f,0.6875f,-1.2246467991473532e-16f,-0.031368556292212f,-0.9995078857498536f,0f,0f,0f,0f,1f],start_interpolation:0}
execute if entity @s[tag=aj.gravity_blackhole.bone.right_leg2] run data modify entity @s {} merge value {transformation:[-0.9754887766699236f,0.20981407880742745f,-0.0663302263316394f,-0.20343955027127028f,0.21968473128101662f,0.9459172125984407f,-0.23870325877956422f,0.4158482438193284f,0.012659598453482796f,-0.24742408784147657f,-0.9688245740704607f,0.02557045979187446f,0f,0f,0f,1f],start_interpolation:0}
execute if entity @s[tag=aj.gravity_blackhole.bone.right_leg] run data modify entity @s {} merge value {transformation:[-0.9754887766699236f,0.21826657466788257f,-0.027952620159218206f,-0.12499999999999999f,0.21968473128101662f,0.973291843285347f,-0.06664537970631523f,0.765625f,0.012659598453482796f,-0.07115258376869418f,-0.99738510335278f,-1.3877787807814457e-17f,0f,0f,0f,1f],start_interpolation:0}
execute if entity @s[tag=aj.gravity_blackhole.bone.left_leg2] run data modify entity @s {} merge value {transformation:[-0.9850017441808161f,-0.17052681665078046f,0.026309100397035958f,0.18688252580097275f,-0.17217464668494528f,0.9813746728064598f,-0.08520353638745458f,0.414610003805742f,-0.011289596966431892f,-0.08845539201747482f,-0.9960161588163972f,-0.04592837981288904f,0f,0f,0f,1f],start_interpolation:0}
execute if entity @s[tag=aj.gravity_blackhole.bone.left_leg] run data modify entity @s {} merge value {transformation:[-0.9850017441808161f,-0.17219485440270677f,-0.010977070555518192f,0.125f,-0.17217464668494528f,0.976737380714457f,0.12782793182233745f,0.765625f,-0.011289596966431892f,0.12780070904456087f,-0.9917356118280936f,2.0816681711721685e-17f,0f,0f,0f,1f],start_interpolation:0}
execute if entity @s[tag=aj.gravity_blackhole.locator_origin.player_camera] at @s on origin run tp @s ^0 ^0.0625 ^-0.125 ~0 ~0
execute if entity @s[tag=aj.gravity_blackhole.bone.vortex] run data modify entity @s {} merge value {transformation:[1.5171921525213556e-17f,0.02290680480131831f,-0.0033430572691237775f,0.3024339642152058f,0.04555217341829745f,-7.710320775108584e-18f,6.425267312590487e-19f,15.16545139679108f,1.8580245132767612e-33f,0.0033430572691237775f,0.02290680480131831f,-1.7542500039408444f,0f,0f,0f,1f],start_interpolation:0}
execute if entity @s[tag=aj.gravity_blackhole.locator_origin.gravity_tornado] at @s on origin run tp @s ^0.30188 ^15.17814 ^-1.755 ~-171.69678 ~0
execute if entity @s[tag=aj.gravity_blackhole.locator_origin.gravity_tornado2] at @s on origin run tp @s ^0.30188 ^15.16513 ^-1.755 ~-171.69678 ~0
execute if entity @s[tag=aj.gravity_blackhole.locator_origin.gravity_tornado3] at @s on origin run tp @s ^0.30188 ^15.15211 ^-1.755 ~-171.69678 ~0
execute if entity @s[tag=aj.gravity_blackhole.locator_origin.gravity_tornado4] at @s on origin run tp @s ^0.30188 ^15.1391 ^-1.755 ~-171.69678 ~0
execute if entity @s[tag=aj.gravity_blackhole.locator_origin.gravity_tornado5] at @s on origin run tp @s ^0.30188 ^15.12608 ^-1.755 ~-171.69678 ~0
execute if entity @s[tag=aj.gravity_blackhole.locator_origin.gravity_tornado6] at @s on origin run tp @s ^0.30188 ^15.11307 ^-1.755 ~-171.69678 ~0
execute if entity @s[tag=aj.gravity_blackhole.bone.tornado] run data modify entity @s {} merge value {transformation:[1.965125073741946e-17f,0.02966976621885038f,-0.004330055129531749f,0.3018750000000002f,0.05900091033227097f,-9.986701194426355e-18f,8.322250995355297e-19f,15.09875f,2.406584131482281e-33f,0.004330055129531749f,0.02966976621885038f,-1.755f,0f,0f,0f,1f],start_interpolation:0}