execute if entity @s[tag=aj.gravity_blackhole.bone.right_arm2] run data modify entity @s {} merge value {transformation:[-0.9740341318392451f,0.22610058406387054f,-0.011663442808394025f,-0.36902514601596764f,0.22637647381810683f,0.9718728578569917f,-0.06493720245409011f,1.1320306835651186f,-0.0033469559076981046f,-0.06589138067198236f,-0.9978211883094544f,0.015397472126025727f,0f,0f,0f,1f],start_interpolation:0}
execute if entity @s[tag=aj.gravity_blackhole.bone.right_arm] run data modify entity @s {} merge value {transformation:[-0.9740341318392451f,0.22610058406387054f,-0.011663442808394025f,-0.3125f,0.22637647381810683f,0.9718728578569917f,-0.06493720245409011f,1.3749988980293666f,-0.0033469559076981046f,-0.06589138067198236f,-0.9978211883094544f,-0.0010753730419698622f,0f,0f,0f,1f],start_interpolation:0}
execute if entity @s[tag=aj.gravity_blackhole.bone.meteorite_staff_effects] run data modify entity @s {} merge value {transformation:[0.006344387198270412f,-0.0013341105405859687f,10.97816128785435f,0.5902912662964673f,-0.008073618709646147f,-0.007054003077279906f,4.99316005178665f,1.5273530033761449f,-0.005340844753578806f,0.009078567085359842f,5.492920478767039f,-1.1129684734381688f,0f,0f,0f,1f],start_interpolation:0}
execute if entity @s[tag=aj.gravity_blackhole.bone.meteorite_staff] run data modify entity @s {} merge value {transformation:[-1.5006096306128356f,0.17770352400604938f,-0.3054968169702441f,0.47786086036480707f,0.34969423335747163f,0.9395932098936748f,-1.1711595340470657f,0.9805409845161706f,0.051193659564924845f,-1.2092651357699196f,-0.9548786057624388f,-0.4243589181912777f,0f,0f,0f,1f],start_interpolation:0}
execute if entity @s[tag=aj.gravity_blackhole.bone.left_arm2] run data modify entity @s {} merge value {transformation:[-0.9803736305375262f,-0.1463655055331879f,-0.1320783227357329f,0.476668865072382f,-0.19714780668283044f,0.7296588550563639f,0.654775303106329f,1.1923020897302825f,0.0005355994953155673f,0.667963392730358f,-0.7441939391753537f,-0.13447499814704192f,0f,0f,0f,1f],start_interpolation:0}
execute if entity @s[tag=aj.gravity_blackhole.bone.left_arm] run data modify entity @s {} merge value {transformation:[-0.9803736305375262f,-0.16648864502076477f,-0.10558918328039028f,0.3125f,-0.19714780668283044f,0.8293611365377512f,0.5227741840613006f,1.3749988980293666f,0.0005355994953155673f,0.5333307006726308f,-0.8459066596576843f,-0.0010753730419697854f,0f,0f,0f,1f],start_interpolation:0}
execute if entity @s[tag=aj.gravity_blackhole.bone.head] run data modify entity @s {} merge value {transformation:[-0.9997790076296167f,-0.005195452804301011f,0.02037015398314777f,1.79521353269421e-19f,-0.004297807416872508f,0.999028202792122f,0.0438654633778104f,1.5187483675458764f,-0.02057825926910111f,0.04376822244620897f,-0.9988297542371035f,-0.0014659030946262282f,0f,0f,0f,1f],start_interpolation:0}
execute if entity @s[tag=aj.gravity_blackhole.bone.body_top] run data modify entity @s {} merge value {transformation:[-1f,3.327035679697481e-19f,1.2246422798088606e-16f,4.851932338133267e-20f,0f,0.9999963096800679f,-0.0027167308010880306f,1.1249998206093497f,-1.2246467991473532e-16f,-0.0027167308010880306f,-0.9999963096800679f,-0.00039619034169781613f,0f,0f,0f,1f],start_interpolation:0}
execute if entity @s[tag=aj.gravity_blackhole.bone.body] run data modify entity @s {} merge value {transformation:[-1f,1.1090131058590324e-19f,1.2246462969983572e-16f,0f,0f,0.9999995899642278f,-0.0009055779238807227f,0.6875f,-1.2246467991473532e-16f,-0.0009055779238807227f,-0.9999995899642278f,0f,0f,0f,0f,1f],start_interpolation:0}
execute if entity @s[tag=aj.gravity_blackhole.bone.right_leg2] run data modify entity @s {} merge value {transformation:[-0.9884911608500928f,0.15099038705707538f,-0.009334234708347652f,-0.17902030723400414f,0.1512535835321477f,0.987567144466622f,-0.04281925546673962f,0.41343776371954144f,0.00275288756028532f,-0.043738291992221845f,-0.9990392301725111f,-0.046865207056795116f,0f,0f,0f,1f],start_interpolation:0}
execute if entity @s[tag=aj.gravity_blackhole.bone.right_leg] run data modify entity @s {} merge value {transformation:[-0.9884911608500928f,0.15031737665114198f,0.01702677884846919f,-0.12499999999999999f,0.1512535835321477f,0.9799992661717107f,0.12932050019850747f,0.765625f,0.00275288756028532f,0.13040753267977767f,-0.9914566541359502f,-1.3877787807814457e-17f,0f,0f,0f,1f],start_interpolation:0}
execute if entity @s[tag=aj.gravity_blackhole.bone.left_leg2] run data modify entity @s {} merge value {transformation:[-0.9900583672926551f,-0.13764920937243574f,0.028933104101451727f,0.17554560621298904f,-0.14063060072306294f,0.9726986357952767f,-0.1846087702745408f,0.40998805874699806f,-0.002731939617296661f,-0.18684233749648677f,-0.9823861142263649f,-0.010858099915285059f,0f,0f,0f,1f],start_interpolation:0}
execute if entity @s[tag=aj.gravity_blackhole.bone.left_leg] run data modify entity @s {} merge value {transformation:[-0.9900583672926551f,-0.14064864337527389f,-0.0015454677276223962f,0.125f,-0.14063060072306294f,0.9895984452257445f,0.030297711911293785f,0.765625f,-0.002731939617296661f,0.030213843242532394f,-0.9995397241642991f,2.0816681711721685e-17f,0f,0f,0f,1f],start_interpolation:0}
execute if entity @s[tag=aj.gravity_blackhole.locator_origin.player_camera] at @s on origin run tp @s ^0 ^0.0625 ^-0.125 ~0 ~0
execute if entity @s[tag=aj.gravity_blackhole.bone.vortex] run data modify entity @s {} merge value {transformation:[3.546193806417953e-19f,0.0007528630531288931f,-0.0007528630531288933f,0.3018750000000002f,0.001064709140344497f,-2.3641292042786353e-19f,1.1820646021393177e-19f,15.100309038384077f,4.342834894185915e-35f,0.0007528630531288933f,0.0007528630531288932f,-1.7549569792541069f,0f,0f,0f,1f],start_interpolation:0}
execute if entity @s[tag=aj.gravity_blackhole.locator_origin.gravity_tornado] at @s on origin run tp @s ^0.30188 ^15.10061 ^-1.755 ~-135 ~0
execute if entity @s[tag=aj.gravity_blackhole.locator_origin.gravity_tornado2] at @s on origin run tp @s ^0.30188 ^15.1003 ^-1.755 ~-135 ~0
execute if entity @s[tag=aj.gravity_blackhole.locator_origin.gravity_tornado3] at @s on origin run tp @s ^0.30188 ^15.1 ^-1.755 ~-135 ~0
execute if entity @s[tag=aj.gravity_blackhole.locator_origin.gravity_tornado4] at @s on origin run tp @s ^0.30188 ^15.09969 ^-1.755 ~-135 ~0
execute if entity @s[tag=aj.gravity_blackhole.locator_origin.gravity_tornado5] at @s on origin run tp @s ^0.30188 ^15.09939 ^-1.755 ~-135 ~0
execute if entity @s[tag=aj.gravity_blackhole.locator_origin.gravity_tornado6] at @s on origin run tp @s ^0.30188 ^15.09908 ^-1.755 ~-135 ~0
execute if entity @s[tag=aj.gravity_blackhole.bone.tornado] run data modify entity @s {} merge value {transformation:[4.59316531116992e-19f,0.0009751369069098043f,-0.0009751369069098046f,0.3018750000000002f,0.0013790518389223958f,-3.062110207446613e-19f,1.5310551037233064e-19f,15.09875f,5.625005196278898e-35f,0.0009751369069098046f,0.0009751369069098045f,-1.755f,0f,0f,0f,1f],start_interpolation:0}