execute if entity @s[tag=aj.gravity_blackhole.bone.right_arm2] run data modify entity @s {} merge value {transformation:[-0.9778753066442204f,0.1890440401834989f,-0.08956693322075703f,-0.35976101004587474f,0.17067076695146158f,0.9685694954787382f,0.180954750521401f,1.1328576261303154f,0.12096021645016923f,0.1616647249685665f,-0.9794044837232296f,-0.04041618124214166f,0f,0f,0f,1f],start_interpolation:0}
execute if entity @s[tag=aj.gravity_blackhole.bone.right_arm] run data modify entity @s {} merge value {transformation:[-0.9778753066442204f,0.1890440401834989f,-0.08956693322075703f,-0.3125f,0.17067076695146158f,0.9685694954787382f,0.180954750521401f,1.375f,0.12096021645016923f,0.1616647249685665f,-0.9794044837232296f,-3.827021247335479e-17f,0f,0f,0f,1f],start_interpolation:0}
execute if entity @s[tag=aj.gravity_blackhole.bone.meteorite_staff_effects] run data modify entity @s {} merge value {transformation:[-0.000004926660370871371f,5.185500150294141e-7f,0.000008686721100161932f,0.430091469265624f,0.0000013576394095048133f,0.000009905801109311311f,1.7866061828552184e-7f,1.959688988712729f,-0.000008595628704396496f,0.0000012673635092899538f,-0.000004950652170318096f,-0.7970346001346251f,0f,0f,0f,1f],start_interpolation:0}
execute if entity @s[tag=aj.gravity_blackhole.bone.meteorite_staff] run data modify entity @s {} merge value {transformation:[0.40989285106716616f,0.07994312731703467f,1.484025962761404f,0.39707562500000004f,0.1674755925030925f,1.5271443376854936f,-0.12852318429755144f,1.081646009240126f,-1.4767111727317832f,0.1953852076822012f,0.3973472587790376f,-0.9144125365251677f,0f,0f,0f,1f],start_interpolation:0}
execute if entity @s[tag=aj.gravity_blackhole.bone.left_arm2] run data modify entity @s {} merge value {transformation:[-1f,-1.2007156850528096e-16f,-2.409182980390241e-17f,0.4375f,0f,-0.19672471949198803f,0.980458762386669f,1.364095153158666f,-1.2246467991473532e-16f,0.980458762386669f,0.19672471949198803f,-0.2497620553954644f,0f,0f,0f,1f],start_interpolation:0}
execute if entity @s[tag=aj.gravity_blackhole.bone.head] run data modify entity @s {} merge value {transformation:[-1f,-3.7704011116576375e-17f,1.1651611636310086e-16f,0f,0f,0.9514262924152819f,0.3078766150601739f,1.51875f,-1.2246467991473532e-16f,0.3078766150601739f,-0.9514262924152819f,0f,0f,0f,0f,1f],start_interpolation:0}
execute if entity @s[tag=aj.gravity_blackhole.bone.right_leg2] run data modify entity @s {} merge value {transformation:[-0.9834898434116102f,0.17986611731517252f,0.01989743069270901f,-0.18926595703844878f,0.1800557856274977f,0.9836224168177169f,0.0081765026593515f,0.41260030999314173f,-0.01810088307987072f,0.011624154835444628f,-0.9997685917531569f,-0.01984554449980895f,0f,0f,0f,1f],start_interpolation:0}
execute if entity @s[tag=aj.gravity_blackhole.bone.right_leg] run data modify entity @s {} merge value {transformation:[-0.9834898434116102f,0.17882701088959668f,0.027724142592668685f,-0.12499999999999999f,0.1800557856274977f,0.9823295721929969f,0.05107372766098442f,0.765625f,-0.01810088307987072f,0.05522238469512052f,-0.9983099950718278f,-1.3877787807814457e-17f,0f,0f,0f,1f],start_interpolation:0}
execute if entity @s[tag=aj.gravity_blackhole.bone.left_leg2] run data modify entity @s {} merge value {transformation:[-0.9850017441808161f,-0.1677769636000289f,0.04027970265412575f,0.18689247944280055f,-0.17217464668494528f,0.9710080185680715f,-0.16582918595778576f,0.4116218796879119f,-0.011289596966431894f,-0.1702771809775526f,-0.9853315313328166f,-0.001225733546826758f,0f,0f,0f,1f],start_interpolation:0}
execute if entity @s[tag=aj.gravity_blackhole.bone.left_leg] run data modify entity @s {} merge value {transformation:[-0.9850017441808161f,-0.17222255149301022f,0.010533599479173532f,0.125f,-0.17217464668494528f,0.985052160868419f,0.005303904917391873f,0.765625f,-0.011289596966431894f,0.003410736825952776f,-0.9999304535189633f,2.0816681711721685e-17f,0f,0f,0f,1f],start_interpolation:0}
execute if entity @s[tag=aj.gravity_blackhole.locator_origin.player_camera] at @s on origin run tp @s ^0 ^0.0625 ^-0.125 ~0 ~0
execute if entity @s[tag=aj.gravity_blackhole.bone.vortex] run data modify entity @s {} merge value {transformation:[-1.0480505352461477e-15f,-10.166789000073392f,7.217443913070309f,-0.5842670024858021f,-9.44f,0f,-1.3842441931928427e-15f,4.6550612244897955f,-1.283491733333865e-31f,-7.217443913070309f,-10.166789000073392f,-15.488091785856584f,0f,0f,0f,1f],start_interpolation:0}
execute if entity @s[tag=aj.gravity_blackhole.locator_origin.gravity_tornado] at @s on origin run tp @s ^-0.5 ^2.02535 ^-14.9914 ~35.37109 ~0
execute if entity @s[tag=aj.gravity_blackhole.locator_origin.gravity_tornado2] at @s on origin run tp @s ^-0.5 ^4.72249 ^-14.9914 ~35.37109 ~0
execute if entity @s[tag=aj.gravity_blackhole.locator_origin.gravity_tornado3] at @s on origin run tp @s ^-0.5 ^7.41963 ^-14.9914 ~35.37109 ~0
execute if entity @s[tag=aj.gravity_blackhole.locator_origin.gravity_tornado4] at @s on origin run tp @s ^-0.5 ^10.11678 ^-14.9914 ~35.37109 ~0
execute if entity @s[tag=aj.gravity_blackhole.locator_origin.gravity_tornado5] at @s on origin run tp @s ^-0.5 ^12.81392 ^-14.9914 ~35.37109 ~0
execute if entity @s[tag=aj.gravity_blackhole.locator_origin.gravity_tornado6] at @s on origin run tp @s ^-0.5 ^15.51106 ^-14.9914 ~35.37109 ~0
execute if entity @s[tag=aj.gravity_blackhole.bone.tornado] run data modify entity @s {} merge value {transformation:[-1.3574749789854863e-15f,-13.168412419142676f,9.34830830645297f,-0.49999999999999817f,-12.227047619047616f,0f,-1.7929258121354915e-15f,18.477918367346938f,-1.6624273879371965e-31f,-9.34830830645297f,-13.168412419142676f,-14.991399416909621f,0f,0f,0f,1f],start_interpolation:0}