execute if entity @s[tag=aj.gravity_blackhole.bone.right_arm2] run data modify entity @s {} merge value {transformation:[-0.9662475059499088f,0.2557392391998315f,-0.031035443916146824f,-0.37643480979995786f,0.2564277507859405f,0.943232226016767f,-0.21108712994950224f,1.1387847693059396f,-0.024709631167715983f,-0.21192076192989154f,-0.9769744238160023f,0.032313357189796714f,0f,0f,0f,1f],start_interpolation:0}
execute if entity @s[tag=aj.gravity_blackhole.bone.right_arm] run data modify entity @s {} merge value {transformation:[-0.9662475059499088f,0.2557392391998315f,-0.031035443916146824f,-0.3125f,0.2564277507859405f,0.943232226016767f,-0.21108712994950224f,1.3745928258101314f,-0.024709631167715983f,-0.21192076192989154f,-0.9769744238160023f,-0.02066683329267617f,0f,0f,0f,1f],start_interpolation:0}
execute if entity @s[tag=aj.gravity_blackhole.bone.meteorite_staff_effects] run data modify entity @s {} merge value {transformation:[-0.9977313791055502f,-0.003152417946614968f,-582.6263137015283f,0.3990008409078244f,-0.004937435160318655f,1.1199857587100708f,3.140311631552752f,2.805558426633362f,0.508829752355515f,0.004686421632538408f,-1142.403815218343f,-1.3864864811906434f,0f,0f,0f,1f],start_interpolation:0}
execute if entity @s[tag=aj.gravity_blackhole.bone.meteorite_staff] run data modify entity @s {} merge value {transformation:[-1.4663860179190356f,-0.004339265774730424f,0.4758459081837323f,0.39707562500000015f,-0.002136256444183089f,1.5416470637006179f,0.007475192491130729f,1.9192523740722958f,-0.47586089771178885f,0.006450803586455395f,-1.4663733850125387f,-1.4033676678293237f,0f,0f,0f,1f],start_interpolation:0}
execute if entity @s[tag=aj.gravity_blackhole.bone.left_arm2] run data modify entity @s {} merge value {transformation:[-1f,-7.952206457615559e-17f,-9.313344765530974e-17f,0.4375f,0f,-0.7604923127235779f,0.6493469352267279f,1.4319677488508795f,-1.2246467991473532e-16f,0.6493469352267279f,0.7604923127235779f,-0.26399401674341233f,0f,0f,0f,1f],start_interpolation:0}
execute if entity @s[tag=aj.gravity_blackhole.bone.left_arm] run data modify entity @s {} merge value {transformation:[-1f,-1.1919594254339397e-16f,-2.8105606341271174e-17f,0.3125f,0f,-0.22949969216299262f,0.973308733802945f,1.3745928258101314f,-1.2246467991473532e-16f,0.973308733802945f,0.22949969216299262f,-0.020666833292676094f,0f,0f,0f,1f],start_interpolation:0}
execute if entity @s[tag=aj.gravity_blackhole.bone.head] run data modify entity @s {} merge value {transformation:[-0.9659507184382254f,-0.16834218242609228f,0.19646913030981833f,3.449957324847788e-18f,-0.052676902584907294f,0.8714291473441708f,0.4876847189456234f,1.5181468204966977f,-0.2533068366284974f,0.46073001939859726f,-0.850625355689702f,-0.02817103941519941f,0f,0f,0f,1f],start_interpolation:0}
execute if entity @s[tag=aj.gravity_blackhole.bone.body_top] run data modify entity @s {} merge value {transformation:[-1f,6.393044875193114e-18f,1.222976974592831e-16f,9.326959052404995e-19f,0f,0.9986364847761129f,-0.052203173026248884f,1.1249337046161032f,-1.2246467991473532e-16f,-0.052203173026248884f,-0.9986364847761129f,-0.007616040036113912f,0f,0f,0f,1f],start_interpolation:0}
execute if entity @s[tag=aj.gravity_blackhole.bone.body] run data modify entity @s {} merge value {transformation:[-1f,2.1318763548354276e-18f,1.224461225593782e-16f,0f,0f,0.9998484676939504f,-0.017408091511117513f,0.6875f,-1.2246467991473532e-16f,-0.017408091511117513f,-0.9998484676939504f,0f,0f,0f,0f,1f],start_interpolation:0}
execute if entity @s[tag=aj.gravity_blackhole.bone.right_leg2] run data modify entity @s {} merge value {transformation:[-0.9763933246446789f,0.21319980916773104f,-0.03466867404666235f,-0.20261816363792245f,0.21570039077138237f,0.9708504436218426f,-0.10451199711202593f,0.4155041356257775f,0.01137615973796082f,-0.10952286286485682f,-0.9939191745305561f,-0.023263525707079367f,0f,0f,0f,1f],start_interpolation:0}
execute if entity @s[tag=aj.gravity_blackhole.bone.right_leg] run data modify entity @s {} merge value {transformation:[-0.9763933246446789f,0.21598097707943648f,0.0028797793531075986f,-0.12499999999999999f,0.21570039077138237f,0.9742493617369671f,0.06566218528335124f,0.765625f,0.01137615973796082f,0.0647332889240469f,-0.9978377544945332f,-1.3877787807814457e-17f,0f,0f,0f,1f],start_interpolation:0}
execute if entity @s[tag=aj.gravity_blackhole.bone.left_leg2] run data modify entity @s {} merge value {transformation:[-0.9850017441808161f,-0.17211794441909598f,0.012123414110521591f,0.18633167384490912f,-0.17217464668494528f,0.985059140996288f,-0.0037920678487279036f,0.4197157597475612f,-0.01128959696643189f,-0.005822537986143322f,-0.999919318271097f,-0.07573383600717876f,0f,0f,0f,1f],start_interpolation:0}
execute if entity @s[tag=aj.gravity_blackhole.bone.left_leg] run data modify entity @s {} merge value {transformation:[-0.9850017441808161f,-0.17066204895974707f,-0.02541710065312529f,0.125f,-0.17217464668494528f,0.9625300598328732f,0.2095036394839949f,0.765625f,-0.01128959696643189f,0.2107376306286714f,-0.9774774657440186f,2.0816681711721685e-17f,0f,0f,0f,1f],start_interpolation:0}
execute if entity @s[tag=aj.gravity_blackhole.locator_origin.player_camera] at @s on origin run tp @s ^0 ^0.0625 ^-0.125 ~0 ~0
execute if entity @s[tag=aj.gravity_blackhole.bone.vortex] run data modify entity @s {} merge value {transformation:[1.3481650591639458e-17f,0.028621776416363116f,-0.028621776416363123f,0.3018750000000002f,0.04047730438723113f,-8.987767061092972e-18f,4.493883530546486e-18f,15.158020338567018f,1.6510260244274285e-33f,0.028621776416363123f,0.02862177641636312f,-1.753364469919065f,0f,0f,0f,1f],start_interpolation:0}
execute if entity @s[tag=aj.gravity_blackhole.locator_origin.gravity_tornado] at @s on origin run tp @s ^0.30188 ^15.1693 ^-1.755 ~-135 ~0
execute if entity @s[tag=aj.gravity_blackhole.locator_origin.gravity_tornado2] at @s on origin run tp @s ^0.30188 ^15.15773 ^-1.755 ~-135 ~0
execute if entity @s[tag=aj.gravity_blackhole.locator_origin.gravity_tornado3] at @s on origin run tp @s ^0.30188 ^15.14617 ^-1.755 ~-135 ~0
execute if entity @s[tag=aj.gravity_blackhole.locator_origin.gravity_tornado4] at @s on origin run tp @s ^0.30188 ^15.1346 ^-1.755 ~-135 ~0
execute if entity @s[tag=aj.gravity_blackhole.locator_origin.gravity_tornado5] at @s on origin run tp @s ^0.30188 ^15.12304 ^-1.755 ~-135 ~0
execute if entity @s[tag=aj.gravity_blackhole.locator_origin.gravity_tornado6] at @s on origin run tp @s ^0.30188 ^15.11147 ^-1.755 ~-135 ~0
execute if entity @s[tag=aj.gravity_blackhole.bone.tornado] run data modify entity @s {} merge value {transformation:[1.746194743298063e-17f,0.037072015167860795f,-0.0370720151678608f,0.3018750000000002f,0.05242774663488984f,-1.1641298288653754e-17f,5.820649144326877e-18f,15.09875f,2.1384718030679068e-33f,0.0370720151678608f,0.0370720151678608f,-1.755f,0f,0f,0f,1f],start_interpolation:0}