execute if entity @s[tag=aj.gravity_blackhole.bone.right_arm2] run data modify entity @s {} merge value {transformation:[-0.8642753835680881f,0.49183537030404556f,-0.10547999751666919f,-0.4354588425760114f,0.47458884337333973f,0.8667962227385283f,0.15306775621199653f,1.158300944315368f,0.16671379998005487f,0.08223306369157111f,-0.9825702174054067f,-0.020558265922892817f,0f,0f,0f,1f],start_interpolation:0}
execute if entity @s[tag=aj.gravity_blackhole.bone.right_arm] run data modify entity @s {} merge value {transformation:[-0.8642753835680881f,0.49183537030404556f,-0.10547999751666919f,-0.3125f,0.47458884337333973f,0.8667962227385283f,0.15306775621199653f,1.375f,0.16671379998005487f,0.08223306369157111f,-0.9825702174054067f,-3.827021247335479e-17f,0f,0f,0f,1f],start_interpolation:0}
execute if entity @s[tag=aj.gravity_blackhole.bone.meteorite_staff_effects] run data modify entity @s {} merge value {transformation:[-9.686969298523336e-7f,-0.000002326971875222815f,-0.000009677129127484901f,0.2039227575370276f,-0.0000030303751854054526f,0.000009330190065913295f,-0.000001940200909599764f,2.5416481783937566f,0.000009480424700074019f,0.000002744586530946856f,-0.0000016089724299600585f,-1.263601966202409f,0f,0f,0f,1f],start_interpolation:0}
execute if entity @s[tag=aj.gravity_blackhole.bone.meteorite_staff] run data modify entity @s {} merge value {transformation:[-1.1605259352899893f,-0.35874149743018396f,-0.949326183485927f,0.39707562500000015f,-0.5418539097405486f,1.4384043018282995f,0.11884240022750589f,1.7126114475374021f,0.8580850803558396f,0.4231237568543069f,-1.2088806361123172f,-1.511023000891945f,0f,0f,0f,1f],start_interpolation:0}
execute if entity @s[tag=aj.gravity_blackhole.bone.left_arm2] run data modify entity @s {} merge value {transformation:[-1f,-9.609189840178821e-17f,-7.592064862841325e-17f,0.4375f,0f,-0.6199391423002303f,0.7846498963512674f,1.4269019239634426f,-1.2246467991473532e-16f,0.7846498963512674f,0.6199391423002303f,-0.2445530418720916f,0f,0f,0f,1f],start_interpolation:0}
execute if entity @s[tag=aj.gravity_blackhole.bone.left_arm] run data modify entity @s {} merge value {transformation:[-1f,-1.1979643998016226e-16f,-2.5424610020567752e-17f,0.3125f,0f,-0.2076076958537707f,0.9782121674883666f,1.375f,-1.2246467991473532e-16f,0.9782121674883666f,0.2076076958537707f,3.827021247335479e-17f,0f,0f,0f,1f],start_interpolation:0}
execute if entity @s[tag=aj.gravity_blackhole.bone.head] run data modify entity @s {} merge value {transformation:[-0.9997157694970641f,0.007355710537155857f,-0.02267760440140472f,0f,0.0018383350772219684f,0.9721648578699122f,0.23429065206899993f,1.51875f,0.023769744277902776f,0.2341823704834907f,-0.9719020612241216f,0f,0f,0f,0f,1f],start_interpolation:0}
execute if entity @s[tag=aj.gravity_blackhole.bone.right_leg2] run data modify entity @s {} merge value {transformation:[-0.9822772725464458f,0.18426927799076318f,0.03429567068127205f,-0.19062113408534723f,0.18666820506939014f,0.9782695914041788f,0.09024182927042995f,0.4158085835799001f,-0.016921615020072434f,0.09504440921308394f,-0.9953292014315908f,-0.04972657427726273f,0f,0f,0f,1f],start_interpolation:0}
execute if entity @s[tag=aj.gravity_blackhole.bone.right_leg] run data modify entity @s {} merge value {transformation:[-0.9822772725464458f,0.18259793832444451f,0.042300741818291784f,-0.12499999999999999f,0.18666820506939014f,0.973402202212452f,0.13282745930010453f,0.765625f,-0.016921615020072434f,0.13836959798890494f,-0.9902360896763465f,-1.3877787807814457e-17f,0f,0f,0f,1f],start_interpolation:0}
execute if entity @s[tag=aj.gravity_blackhole.bone.left_leg2] run data modify entity @s {} merge value {transformation:[-0.9850017441808161f,-0.1704727342187282f,0.02665728509696846f,0.1869964494411231f,-0.17217464668494528f,0.9811986289616706f,-0.08720746276926145f,0.41292164089358524f,-0.011289596966431892f,-0.09048921157645652f,-0.995833443698597f,-0.03011928546207089f,0f,0f,0f,1f],start_interpolation:0}
execute if entity @s[tag=aj.gravity_blackhole.bone.left_leg] run data modify entity @s {} merge value {transformation:[-0.9850017441808161f,-0.17251185931442944f,-0.0033499786012297747f,0.125f,-0.17217464668494528f,0.981435434035241f,0.08450076839279248f,0.765625f,-0.011289596966431892f,0.08381018563358862f,-0.9964177827519936f,2.0816681711721685e-17f,0f,0f,0f,1f],start_interpolation:0}
execute if entity @s[tag=aj.gravity_blackhole.locator_origin.player_camera] at @s on origin run tp @s ^0 ^0.0625 ^-0.125 ~0 ~0
execute if entity @s[tag=aj.gravity_blackhole.bone.vortex] run data modify entity @s {} merge value {transformation:[-1.785450121083443e-15f,-0.35180879023342165f,11.584799967301546f,-0.2320968674263354f,-8.040952500000001f,1.2867640980518404e-15f,-1.9301461470777605e-15f,3.948352671282798f,-4.46362530270861e-16f,-11.584799967301546f,-0.35180879023342226f,-6.305809539573888f,0f,0f,0f,1f],start_interpolation:0}
execute if entity @s[tag=aj.gravity_blackhole.locator_origin.gravity_tornado] at @s on origin run tp @s ^-0.55304 ^1.70837 ^-5.96476 ~88.26057 ~0
execute if entity @s[tag=aj.gravity_blackhole.locator_origin.gravity_tornado2] at @s on origin run tp @s ^-0.55304 ^4.00579 ^-5.96476 ~88.26057 ~0
execute if entity @s[tag=aj.gravity_blackhole.locator_origin.gravity_tornado3] at @s on origin run tp @s ^-0.55304 ^6.3032 ^-5.96476 ~88.26057 ~0
execute if entity @s[tag=aj.gravity_blackhole.locator_origin.gravity_tornado4] at @s on origin run tp @s ^-0.55304 ^8.60062 ^-5.96476 ~88.26057 ~0
execute if entity @s[tag=aj.gravity_blackhole.locator_origin.gravity_tornado5] at @s on origin run tp @s ^-0.55304 ^10.89803 ^-5.96476 ~88.26057 ~0
execute if entity @s[tag=aj.gravity_blackhole.locator_origin.gravity_tornado6] at @s on origin run tp @s ^-0.55304 ^13.19545 ^-5.96476 ~88.26057 ~0
execute if entity @s[tag=aj.gravity_blackhole.bone.tornado] run data modify entity @s {} merge value {transformation:[-2.3125830139747447e-15f,-0.4556761473499556f,15.005074243362001f,-0.5530394724854221f,-10.414947999999999f,1.6666658793814314e-15f,-2.4999988190721467e-15f,15.722604546282799f,-5.781457534936865e-16f,-15.005074243362001f,-0.4556761473499564f,-5.964763575072888f,0f,0f,0f,1f],start_interpolation:0}