execute if entity @s[tag=aj.gravity_blackhole.bone.right_arm2] run data modify entity @s {} merge value {transformation:[-0.9005125274119568f,0.42390560086900797f,-0.09685674744701643f,-0.41847640021725196f,0.40537820927847856f,0.8990099047226192f,0.16567950583219754f,1.1502475238193453f,0.15730764576556305f,0.10993285570070686f,-0.9814117748535441f,-0.027483213925176754f,0f,0f,0f,1f],start_interpolation:0}
execute if entity @s[tag=aj.gravity_blackhole.bone.right_arm] run data modify entity @s {} merge value {transformation:[-0.9005125274119568f,0.42390560086900797f,-0.09685674744701643f,-0.3125f,0.40537820927847856f,0.8990099047226192f,0.16567950583219754f,1.375f,0.15730764576556305f,0.10993285570070686f,-0.9814117748535441f,-3.827021247335479e-17f,0f,0f,0f,1f],start_interpolation:0}
execute if entity @s[tag=aj.gravity_blackhole.bone.meteorite_staff_effects] run data modify entity @s {} merge value {transformation:[0.0000057971345723790815f,-2.9633046658274634e-7f,-0.000008142813948771155f,0.38318715420691624f,-0.000002027899710638653f,0.000009626474073205367f,-0.0000017940511925518283f,2.279892802591167f,0.000007891821938774276f,0.000002691316624345752f,0.000005520503719245312f,-1.3333487565988562f,0f,0f,0f,1f],start_interpolation:0}
execute if entity @s[tag=aj.gravity_blackhole.bone.meteorite_staff] run data modify entity @s {} merge value {transformation:[-0.25570789317017456f,-0.04568428026484005f,-1.5196257865074103f,0.39707562500000015f,-0.41663964098873935f,1.4840814196191603f,0.025492363740232976f,1.4245902763100062f,1.4621084070746457f,0.4149113129199701f,-0.2585028423127717f,-1.5659251927249056f,0f,0f,0f,1f],start_interpolation:0}
execute if entity @s[tag=aj.gravity_blackhole.bone.left_arm2] run data modify entity @s {} merge value {transformation:[-1f,-1.0921024041655707e-16f,-5.541408859465597e-17f,0.4375f,0f,-0.45249037218925015f,0.8917692880314023f,1.391108868655684f,-1.2246467991473532e-16f,0.8917692880314023f,0.45249037218925015f,-0.24948046887609038f,0f,0f,0f,1f],start_interpolation:0}
execute if entity @s[tag=aj.gravity_blackhole.bone.left_arm] run data modify entity @s {} merge value {transformation:[-1f,-1.22210183063554e-16f,-7.891069774827417e-18f,0.3125f,0f,-0.06443547462273602f,0.9979218755043617f,1.375f,-1.2246467991473532e-16f,0.9979218755043617f,0.06443547462273602f,3.827021247335479e-17f,0f,0f,0f,1f],start_interpolation:0}
execute if entity @s[tag=aj.gravity_blackhole.bone.head] run data modify entity @s {} merge value {transformation:[-0.9999193175805757f,0.0033452097785908554f,-0.012254301315573148f,0f,0.0009796237660434116f,0.9821357718415736f,0.18817110832014963f,1.51875f,0.012664859512550487f,0.18814392161505963f,-0.9820598077982998f,0f,0f,0f,0f,1f],start_interpolation:0}
execute if entity @s[tag=aj.gravity_blackhole.bone.right_leg2] run data modify entity @s {} merge value {transformation:[-0.9819930875447417f,0.18674513175983984f,0.028562769094493748f,-0.19159991452407343f,0.18818157016372794f,0.9802527902689118f,0.06076317816512778f,0.41463445082974754f,-0.016651506390090717f,0.06504400767183091f,-0.9977434562055156f,-0.03899328664720016f,0f,0f,0f,1f],start_interpolation:0}
execute if entity @s[tag=aj.gravity_blackhole.bone.right_leg] run data modify entity @s {} merge value {transformation:[-0.9819930875447417f,0.1853215012843783f,0.03668129190813039f,-0.12499999999999999f,0.18818157016372794f,0.9766693542128764f,0.10346337125822361f,0.765625f,-0.016651506390090717f,0.10850305849655692f,-0.993956645750625f,-1.3877787807814457e-17f,0f,0f,0f,1f],start_interpolation:0}
execute if entity @s[tag=aj.gravity_blackhole.bone.left_leg2] run data modify entity @s {} merge value {transformation:[-0.9850017441808161f,-0.16992329515178511f,0.029960602889620252f,0.18700813748840986f,-0.17217464668494525f,0.9793214174181777f,-0.10623301005321004f,0.4123987290177001f,-0.011289596966431892f,-0.10979815640897839f,-0.9938897875768343f,-0.023164261226235265f,0f,0f,0f,1f],start_interpolation:0}
execute if entity @s[tag=aj.gravity_blackhole.bone.left_leg] run data modify entity @s {} merge value {transformation:[-0.9850017441808161f,-0.17254438257644483f,-0.0000014365356494316486f,0.125f,-0.17217464668494525f,0.9828904931681389f,0.06543828755863668f,0.765625f,-0.011289596966431892f,0.0644570747164808f,-0.9978566182169307f,2.0816681711721685e-17f,0f,0f,0f,1f],start_interpolation:0}
execute if entity @s[tag=aj.gravity_blackhole.locator_origin.player_camera] at @s on origin run tp @s ^0 ^0.0625 ^-0.125 ~0 ~0
execute if entity @s[tag=aj.gravity_blackhole.bone.vortex] run data modify entity @s {} merge value {transformation:[-9.373435361226257e-16f,5.600694163043649f,14.368001457824569f,0.07053416059623457f,-8.44284f,-3.424149852548908e-15f,-2.568112389411681e-15f,3.9652700000000003f,4.686717680613128e-16f,-14.368001457824569f,5.600694163043653f,-9.904494494136598f,0f,0f,0f,1f],start_interpolation:0}
execute if entity @s[tag=aj.gravity_blackhole.locator_origin.gravity_tornado] at @s on origin run tp @s ^-0.5 ^1.61334 ^-9.654 ~111.296 ~0
execute if entity @s[tag=aj.gravity_blackhole.locator_origin.gravity_tornado2] at @s on origin run tp @s ^-0.5 ^4.02558 ^-9.654 ~111.296 ~0
execute if entity @s[tag=aj.gravity_blackhole.locator_origin.gravity_tornado3] at @s on origin run tp @s ^-0.5 ^6.43782 ^-9.654 ~111.296 ~0
execute if entity @s[tag=aj.gravity_blackhole.locator_origin.gravity_tornado4] at @s on origin run tp @s ^-0.5 ^8.85006 ^-9.654 ~111.296 ~0
execute if entity @s[tag=aj.gravity_blackhole.locator_origin.gravity_tornado5] at @s on origin run tp @s ^-0.5 ^11.2623 ^-9.654 ~111.296 ~0
execute if entity @s[tag=aj.gravity_blackhole.locator_origin.gravity_tornado6] at @s on origin run tp @s ^-0.5 ^13.67454 ^-9.654 ~111.296 ~0
execute if entity @s[tag=aj.gravity_blackhole.bone.tornado] run data modify entity @s {} merge value {transformation:[-1.2140830563112103e-15f,7.254232439751773f,18.60998284061087f,-0.49999999999999883f,-10.935488f,-4.435089332825252e-15f,-3.326316999618939e-15f,16.328f,6.07041528155605e-16f,-18.60998284061087f,7.254232439751779f,-9.654000000000002f,0f,0f,0f,1f],start_interpolation:0}