execute if entity @s[tag=aj.gravity_blackhole.bone.right_arm2] run data modify entity @s {} merge value {transformation:[-0.939868010033184f,0.32951707948293335f,-0.08981435322542211f,-0.39487926987073335f,0.3098793922117808f,0.9333059251465415f,0.1814243984937405f,1.1416735187133646f,0.14360670596709613f,0.14268337119439128f,-0.9792949349332323f,-0.03567084279859786f,0f,0f,0f,1f],start_interpolation:0}
execute if entity @s[tag=aj.gravity_blackhole.bone.right_arm] run data modify entity @s {} merge value {transformation:[-0.939868010033184f,0.32951707948293335f,-0.08981435322542211f,-0.3125f,0.3098793922117808f,0.9333059251465415f,0.1814243984937405f,1.375f,0.14360670596709613f,0.14268337119439128f,-0.9792949349332323f,-3.827021247335479e-17f,0f,0f,0f,1f],start_interpolation:0}
execute if entity @s[tag=aj.gravity_blackhole.bone.meteorite_staff_effects] run data modify entity @s {} merge value {transformation:[0.000009975296457639836f,-3.8228590491687424e-7f,5.893369741497623e-7f,0.364423445239072f,3.758926120097364e-7f,0.0000099922218537511f,1.1919383228759961e-7f,2.0472370557935164f,-5.934351914359395e-7f,-9.674663984239163e-8f,0.000009981907370900844f,-1.4613206853479428f,0f,0f,0f,1f],start_interpolation:0}
execute if entity @s[tag=aj.gravity_blackhole.bone.meteorite_staff] run data modify entity @s {} merge value {transformation:[1.1516749408068152f,-0.058935743674684765f,-1.023184988135694f,0.39707562500000015f,0.05397050973057808f,1.5404675357866278f,-0.027983323212341184f,1.1616533351180378f,1.0234589028916354f,-0.014915106975702041f,1.1528423677098547f,-1.438906213316779f,0f,0f,0f,1f],start_interpolation:0}
execute if entity @s[tag=aj.gravity_blackhole.bone.left_arm2] run data modify entity @s {} merge value {transformation:[-1f,-1.1726125952063852e-16f,-3.531847734900307e-17f,0.4375f,0f,-0.2883972535884891f,0.9575108480443534f,1.364095153158666f,-1.2246467991473532e-16f,0.9575108480443534f,0.2883972535884891f,-0.2497620553954644f,0f,0f,0f,1f],start_interpolation:0}
execute if entity @s[tag=aj.gravity_blackhole.bone.head] run data modify entity @s {} merge value {transformation:[-1f,-2.1944409062894843e-17f,1.2048253291452215e-16f,0f,0f,0.9838145414531503f,0.17918969843528268f,1.51875f,-1.2246467991473532e-16f,0.17918969843528268f,-0.9838145414531503f,0f,0f,0f,0f,1f],start_interpolation:0}
execute if entity @s[tag=aj.gravity_blackhole.bone.right_leg2] run data modify entity @s {} merge value {transformation:[-0.9826137085930722f,0.1841790892513164f,0.023417146869862872f,-0.1907592820200326f,0.18485921938460126f,0.9822677087999742f,0.0312604743624424f,0.4134485526307875f,-0.01724438150485393f,0.0350458461362356f,-0.9992369188411278f,-0.02824636917570332f,0f,0f,0f,1f],start_interpolation:0}
execute if entity @s[tag=aj.gravity_blackhole.bone.right_leg] run data modify entity @s {} merge value {transformation:[-0.9826137085930722f,0.18298234996878637f,0.03142863797350563f,-0.12499999999999999f,0.18485921938460126f,0.9799692448534608f,0.07407663700421047f,0.765625f,-0.01724438150485393f,0.07859859248891354f,-0.9967571883690013f,-1.3877787807814457e-17f,0f,0f,0f,1f],start_interpolation:0}
execute if entity @s[tag=aj.gravity_blackhole.bone.left_leg2] run data modify entity @s {} merge value {transformation:[-0.9850017441808161f,-0.16881805605441214f,0.03566550028752702f,0.18697298953704516f,-0.17217464668494534f,0.9751888136174972f,-0.13914980716555966f,0.41180715407842605f,-0.011289596966431895f,-0.14320349767134724f,-0.9896288714740632f,-0.01107569863524059f,0f,0f,0f,1f],start_interpolation:0}
execute if entity @s[tag=aj.gravity_blackhole.bone.left_leg] run data modify entity @s {} merge value {transformation:[-0.9850017441808161f,-0.17244657958134305f,0.005808713407093387f,0.125f,-0.17217464668494534f,0.9845366147382927f,0.03230395143905732f,0.765625f,-0.011289596966431895f,0.030819335332843437f,-0.9994612116385394f,2.0816681711721685e-17f,0f,0f,0f,1f],start_interpolation:0}
execute if entity @s[tag=aj.gravity_blackhole.locator_origin.player_camera] at @s on origin run tp @s ^0 ^0.0625 ^-0.125 ~0 ~0
execute if entity @s[tag=aj.gravity_blackhole.bone.vortex] run data modify entity @s {} merge value {transformation:[-1.9581162088603116e-15f,-15.098015276140782f,8.68166204590287f,-0.6833243780067986f,-8.818571428571428f,3.8671560285096424e-15f,-1.4501835106911159e-15f,4.431132653061228f,-2.398000747539331e-31f,-8.68166204590287f,-15.098015276140782f,-15.65332605759775f,0f,0f,0f,1f],start_interpolation:0}
execute if entity @s[tag=aj.gravity_blackhole.locator_origin.gravity_tornado] at @s on origin run tp @s ^-0.5 ^1.97453 ^-14.97391 ~29.89977 ~0
execute if entity @s[tag=aj.gravity_blackhole.locator_origin.gravity_tornado2] at @s on origin run tp @s ^-0.5 ^4.49412 ^-14.97391 ~29.89977 ~0
execute if entity @s[tag=aj.gravity_blackhole.locator_origin.gravity_tornado3] at @s on origin run tp @s ^-0.5 ^7.01371 ^-14.97391 ~29.89977 ~0
execute if entity @s[tag=aj.gravity_blackhole.locator_origin.gravity_tornado4] at @s on origin run tp @s ^-0.5 ^9.53331 ^-14.97391 ~29.89977 ~0
execute if entity @s[tag=aj.gravity_blackhole.locator_origin.gravity_tornado5] at @s on origin run tp @s ^-0.5 ^12.0529 ^-14.97391 ~29.89977 ~0
execute if entity @s[tag=aj.gravity_blackhole.locator_origin.gravity_tornado6] at @s on origin run tp @s ^-0.5 ^14.57249 ^-14.97391 ~29.89977 ~0
execute if entity @s[tag=aj.gravity_blackhole.bone.tornado] run data modify entity @s {} merge value {transformation:[-2.53622670861907e-15f,-19.55552454814425f,11.244819411836097f,-0.49999999999999817f,-11.422149659863944f,5.008887808355345e-15f,-1.8783329281332547e-15f,17.344040816326533f,-3.105981920622371e-31f,-11.244819411836097f,-19.55552454814425f,-14.97390670553936f,0f,0f,0f,1f],start_interpolation:0}