execute if entity @s[tag=aj.gravity_blackhole.bone.right_arm2] run data modify entity @s {} merge value {transformation:[-0.9695136025940657f,0.24438946924680932f,0.017809034402200677f,-0.37359736731170234f,0.24118059103607395f,0.9645740759420404f,-0.10690544667157376f,1.1324506285161673f,-0.043304698273581715f,-0.09935109129658072f,-0.9941096839713475f,-0.01354456243869102f,0f,0f,0f,1f],start_interpolation:0}
execute if entity @s[tag=aj.gravity_blackhole.bone.right_arm] run data modify entity @s {} merge value {transformation:[-0.9695136025940657f,0.24438946924680932f,0.017809034402200677f,-0.3125f,0.24118059103607395f,0.9645740759420404f,-0.10690544667157376f,1.3735941475016773f,-0.043304698273581715f,-0.09935109129658072f,-0.9941096839713475f,-0.0383823352628362f,0f,0f,0f,1f],start_interpolation:0}
execute if entity @s[tag=aj.gravity_blackhole.bone.meteorite_staff_effects] run data modify entity @s {} merge value {transformation:[-0.09012481659818383f,-0.010882140030890566f,728.5074752176033f,0.36817582848535774f,-0.053962432715451494f,0.6404166065656923f,3.7895141308401357f,2.777286103661384f,-0.634051970250356f,-0.052957310666381215f,-103.87333702266847f,-1.5148420618445435f,0f,0f,0f,1f],start_interpolation:0}
execute if entity @s[tag=aj.gravity_blackhole.bone.meteorite_staff] run data modify entity @s {} merge value {transformation:[0.9263260965979948f,-0.026103584778419f,1.2320611497544873f,0.39707562500000015f,-0.08591607272006171f,1.5362023586850377f,0.09714346467981444f,1.8943103792620446f,-1.229339051003015f,-0.12703159899549876f,0.921588075903092f,-1.4417272780599077f,0f,0f,0f,1f],start_interpolation:0}
execute if entity @s[tag=aj.gravity_blackhole.bone.left_arm2] run data modify entity @s {} merge value {transformation:[-1f,-8.361696815270708e-17f,-8.947513880161205e-17f,0.4375f,0f,-0.7306199539647525f,0.6827843604451869f,1.4494638048638722f,-1.2246467991473532e-16f,0.6827843604451869f,0.7306199539647525f,-0.2765918965565489f,0f,0f,0f,1f],start_interpolation:0}
execute if entity @s[tag=aj.gravity_blackhole.bone.left_arm] run data modify entity @s {} merge value {transformation:[-1f,-1.1668903070585625e-16f,-3.7165413216407386e-17f,0.3125f,0f,-0.30347862944877985f,0.9528382451748514f,1.3735941475016773f,-1.2246467991473532e-16f,0.9528382451748514f,0.30347862944877985f,-0.03838233526283613f,0f,0f,0f,1f],start_interpolation:0}
execute if entity @s[tag=aj.gravity_blackhole.bone.head] run data modify entity @s {} merge value {transformation:[-0.9601113623707951f,-0.14772310011598966f,0.23741115714855793f,6.4066186243502835e-18f,-0.03834597712065108f,0.9105938787179138f,0.411519591368537f,1.5166674535667273f,-0.2769760962342391f,0.386000872710913f,-0.8799361160796021f,-0.05231401109945187f,0f,0f,0f,1f],start_interpolation:0}
execute if entity @s[tag=aj.gravity_blackhole.bone.body_top] run data modify entity @s {} merge value {transformation:[-1f,1.1868787631353002e-17f,1.2188818526329946e-16f,1.733283494505039e-18f,0f,0.9952925639307821f,-0.0969160058199353f,1.1247710065189818f,-1.2246467991473532e-16f,-0.0969160058199353f,-0.9952925639307821f,-0.014153333807852341f,0f,0f,0f,1f],start_interpolation:0}
execute if entity @s[tag=aj.gravity_blackhole.bone.body] run data modify entity @s {} merge value {transformation:[-1f,3.961790844582946e-18f,1.2240058022706572e-16f,0f,0f,0.9994765863291014f,-0.032350477275091064f,0.6875f,-1.2246467991473532e-16f,-0.032350477275091064f,-0.9994765863291014f,0f,0f,0f,0f,1f],start_interpolation:0}
execute if entity @s[tag=aj.gravity_blackhole.bone.right_leg2] run data modify entity @s {} merge value {transformation:[-0.9751321825096009f,0.21071820670492675f,-0.06866632360278303f,-0.20392654966768323f,0.22123307853484897f,0.9439074022399554f,-0.24514228716933484f,0.4161039201350432f,0.013158707993404652f,-0.25423739567514264f,-0.967052322805889f,0.02749554714111437f,0f,0f,0f,1f],start_interpolation:0}
execute if entity @s[tag=aj.gravity_blackhole.bone.right_leg] run data modify entity @s {} merge value {transformation:[-0.9751321825096009f,0.2196217034231186f,-0.029724300153074732f,-0.12499999999999999f,0.22123307853484897f,0.9725803961459667f,-0.07171679018575719f,0.765625f,0.013158707993404652f,-0.07650934856657915f,-0.9969820299212329f,-1.3877787807814457e-17f,0f,0f,0f,1f],start_interpolation:0}
execute if entity @s[tag=aj.gravity_blackhole.bone.left_leg2] run data modify entity @s {} merge value {transformation:[-0.9850017441808161f,-0.17061671473459952f,0.0257196542341168f,0.1868708270277889f,-0.1721746466849453f,0.9816632507142979f,-0.08181169376043737f,0.41474468217975313f,-0.011289596966431897f,-0.0850129334290356f,-0.9963158867297689f,-0.04696162214255361f,0f,0f,0f,1f],start_interpolation:0}
execute if entity @s[tag=aj.gravity_blackhole.bone.left_leg] run data modify entity @s {} merge value {transformation:[-0.9850017441808161f,-0.1721623012947169f,-0.011476322305396745f,0.125f,-0.1721746466849453f,0.9763626234998174f,0.13065955178045024f,0.765625f,-0.011289596966431897f,0.1306758181358014f,-0.9913608704981625f,2.0816681711721685e-17f,0f,0f,0f,1f],start_interpolation:0}
execute if entity @s[tag=aj.gravity_blackhole.locator_origin.player_camera] at @s on origin run tp @s ^0 ^0.0625 ^-0.125 ~0 ~0
execute if entity @s[tag=aj.gravity_blackhole.bone.vortex] run data modify entity @s {} merge value {transformation:[9.672445416802867e-18f,0.05087889723035739f,0.006379681354993038f,0.3035109593881531f,0.08712164314974971f,-5.692925016746796e-18f,-7.116156270933495e-19f,15.226320977469276f,1.184532931961512e-33f,-0.006379681354993038f,0.050878897230357385f,-1.7537285938321323f,0f,0f,0f,1f],start_interpolation:0}
execute if entity @s[tag=aj.gravity_blackhole.locator_origin.gravity_tornado] at @s on origin run tp @s ^0.30188 ^15.25059 ^-1.755 ~172.85301 ~0
execute if entity @s[tag=aj.gravity_blackhole.locator_origin.gravity_tornado2] at @s on origin run tp @s ^0.30188 ^15.2257 ^-1.755 ~172.85301 ~0
execute if entity @s[tag=aj.gravity_blackhole.locator_origin.gravity_tornado3] at @s on origin run tp @s ^0.30188 ^15.20081 ^-1.755 ~172.85301 ~0
execute if entity @s[tag=aj.gravity_blackhole.locator_origin.gravity_tornado4] at @s on origin run tp @s ^0.30188 ^15.17591 ^-1.755 ~172.85301 ~0
execute if entity @s[tag=aj.gravity_blackhole.locator_origin.gravity_tornado5] at @s on origin run tp @s ^0.30188 ^15.15102 ^-1.755 ~172.85301 ~0
execute if entity @s[tag=aj.gravity_blackhole.locator_origin.gravity_tornado6] at @s on origin run tp @s ^0.30188 ^15.12613 ^-1.755 ~172.85301 ~0
execute if entity @s[tag=aj.gravity_blackhole.bone.tornado] run data modify entity @s {} merge value {transformation:[1.2528119777954189e-17f,0.0659002859364629f,0.008263206326467171f,0.3018750000000002f,0.11284327112729485f,-7.37369335502442e-18f,-9.217116693780526e-19f,15.09875f,1.5342521785406248e-33f,-0.008263206326467171f,0.06590028593646288f,-1.755f,0f,0f,0f,1f],start_interpolation:0}