execute if entity @s[tag=aj.gravity_blackhole.bone.right_arm2] run data modify entity @s {} merge value {transformation:[-0.9662475059499088f,0.2574579951852262f,-0.009007661227253308f,-0.37686449879630657f,0.25607999049082036f,0.9560888369720888f,-0.14253832567972735f,1.1353393685152167f,-0.028085507219958276f,-0.140033983491732f,-0.9897482951496481f,0.009133137842425212f,0f,0f,0f,1f],start_interpolation:0}
execute if entity @s[tag=aj.gravity_blackhole.bone.right_arm] run data modify entity @s {} merge value {transformation:[-0.9662475059499088f,0.2574579951852262f,-0.009007661227253308f,-0.3125f,0.25607999049082036f,0.9560888369720888f,-0.14253832567972735f,1.3743615777582388f,-0.028085507219958276f,-0.140033983491732f,-0.9897482951496481f,-0.025875358030507785f,0f,0f,0f,1f],start_interpolation:0}
execute if entity @s[tag=aj.gravity_blackhole.bone.meteorite_staff_effects] run data modify entity @s {} merge value {transformation:[0.8529142497660389f,0.030975529906938394f,-814.5978558601628f,0.4321562640509475f,-0.002493114120261257f,1.110182542708049f,51.92303554485903f,2.79463392584637f,0.7121088176413668f,-0.033213546149768645f,975.8502519976523f,-1.4452679715863765f,0f,0f,0f,1f],start_interpolation:0}
execute if entity @s[tag=aj.gravity_blackhole.bone.meteorite_staff] run data modify entity @s {} merge value {transformation:[0.13880270340539735f,0.04297854774587702f,-1.5348038197346652f,0.39707562500000015f,0.042045021621556634f,1.5403782780074178f,0.046937063296023186f,1.9095801361031408f,1.5348296768030338f,-0.046083795282803985f,0.13751457423901134f,-1.4095435016823294f,0f,0f,0f,1f],start_interpolation:0}
execute if entity @s[tag=aj.gravity_blackhole.bone.left_arm2] run data modify entity @s {} merge value {transformation:[-1f,-8.074204651531454e-17f,-9.207779184546812e-17f,0.4375f,0f,-0.7518722288710203f,0.6593088437542179f,1.4423890427577912f,-1.2246467991473532e-16f,0.6593088437542179f,0.7518722288710203f,-0.26644190600784934f,0f,0f,0f,1f],start_interpolation:0}
execute if entity @s[tag=aj.gravity_blackhole.bone.left_arm] run data modify entity @s {} merge value {transformation:[-1f,-1.1784362118495186e-16f,-3.332384690632425e-17f,0.3125f,0f,-0.27210985999821025f,0.9622661919093667f,1.3743615777582388f,-1.2246467991473532e-16f,0.9622661919093667f,0.27210985999821025f,-0.02587535803050771f,0f,0f,0f,1f],start_interpolation:0}
execute if entity @s[tag=aj.gravity_blackhole.bone.head] run data modify entity @s {} merge value {transformation:[-0.9653588673036754f,-0.15976758577373545f,0.20629245224728177f,4.319329787037732e-18f,-0.048259174082647446f,0.8863030514912509f,0.4605843603881462f,1.5178042601142747f,-0.2564240812307332f,0.43467369307715076f,-0.863310761610004f,-0.035270004298749796f,0f,0f,0f,1f],start_interpolation:0}
execute if entity @s[tag=aj.gravity_blackhole.bone.body_top] run data modify entity @s {} merge value {transformation:[-1f,8.003564161060343e-18f,1.2220286734499467e-16f,1.1679263986202213e-18f,0f,0.9978621381289452f,-0.06535406099646639f,1.1248960432260025f,-1.2246467991473532e-16f,-0.06535406099646639f,-0.9978621381289452f,-0.00953684278139115f,0f,0f,0f,1f],start_interpolation:0}
execute if entity @s[tag=aj.gravity_blackhole.bone.body] run data modify entity @s {} merge value {transformation:[-1f,2.6695460539890774e-18f,1.2243558041061515e-16f,0f,0f,0.9997623845165771f,-0.021798497786036916f,0.6875f,-1.2246467991473532e-16f,-0.021798497786036916f,-0.9997623845165771f,0f,0f,0f,0f,1f],start_interpolation:0}
execute if entity @s[tag=aj.gravity_blackhole.bone.right_leg2] run data modify entity @s {} merge value {transformation:[-0.9763933246446789f,0.21086938943211664f,-0.0467993182625238f,-0.20255040306429595f,0.21570039077138237f,0.9632886015343602f,-0.15983870487165971f,0.41472773423404025f,0.01137615973796082f,-0.16616007569360017f,-0.9860331699466875f,-0.0027266256689598817f,0f,0f,0f,1f],start_interpolation:0}
execute if entity @s[tag=aj.gravity_blackhole.bone.right_leg] run data modify entity @s {} merge value {transformation:[-0.9763933246446789f,0.215792425918041f,-0.009471246259993944f,-0.12499999999999999f,0.21570039077138237f,0.9764097830009315f,0.009862914434726746f,0.765625f,0.01137615973796082f,0.007587132296236154f,-0.999906504835895f,-1.3877787807814457e-17f,0f,0f,0f,1f],start_interpolation:0}
execute if entity @s[tag=aj.gravity_blackhole.bone.left_leg2] run data modify entity @s {} merge value {transformation:[-0.9850017441808161f,-0.1714397218099919f,0.01949322309067405f,0.1866669608677351f,-0.17217464668494528f,0.9839903634999497f,-0.046031028428127924f,0.41680527465800055f,-0.011289596966431892f,-0.04869688208653036f,-0.9987497978349663f,-0.060600130153897445f,0f,0f,0f,1f],start_interpolation:0}
execute if entity @s[tag=aj.gravity_blackhole.bone.left_leg] run data modify entity @s {} merge value {transformation:[-0.9850017441808161f,-0.17159502154500206f,-0.018075191332887243f,0.125f,-0.17217464668494528f,0.9706288009516506f,0.1680345851367372f,0.765625f,-0.011289596966431892f,0.1686264491238886f,-0.9856153740969162f,2.0816681711721685e-17f,0f,0f,0f,1f],start_interpolation:0}
execute if entity @s[tag=aj.gravity_blackhole.locator_origin.player_camera] at @s on origin run tp @s ^0 ^0.0625 ^-0.125 ~0 ~0
execute if entity @s[tag=aj.gravity_blackhole.bone.vortex] run data modify entity @s {} merge value {transformation:[1.1463988598332792e-17f,0.024338245252009283f,-0.02433824525200929f,0.3018750000000002f,0.03441947651975412f,-7.642659065555195e-18f,3.8213295327775975e-18f,15.14914994776107f,1.4039336942410007e-33f,0.02433824525200929f,0.024338245252009286f,-1.7536092431284565f,0f,0f,0f,1f],start_interpolation:0}
execute if entity @s[tag=aj.gravity_blackhole.locator_origin.gravity_tornado] at @s on origin run tp @s ^0.30188 ^15.15874 ^-1.755 ~-135 ~0
execute if entity @s[tag=aj.gravity_blackhole.locator_origin.gravity_tornado2] at @s on origin run tp @s ^0.30188 ^15.1489 ^-1.755 ~-135 ~0
execute if entity @s[tag=aj.gravity_blackhole.locator_origin.gravity_tornado3] at @s on origin run tp @s ^0.30188 ^15.13907 ^-1.755 ~-135 ~0
execute if entity @s[tag=aj.gravity_blackhole.locator_origin.gravity_tornado4] at @s on origin run tp @s ^0.30188 ^15.12924 ^-1.755 ~-135 ~0
execute if entity @s[tag=aj.gravity_blackhole.locator_origin.gravity_tornado5] at @s on origin run tp @s ^0.30188 ^15.1194 ^-1.755 ~-135 ~0
execute if entity @s[tag=aj.gravity_blackhole.locator_origin.gravity_tornado6] at @s on origin run tp @s ^0.30188 ^15.10957 ^-1.755 ~-135 ~0
execute if entity @s[tag=aj.gravity_blackhole.bone.tornado] run data modify entity @s {} merge value {transformation:[1.4848594755935804e-17f,0.03152382242165011f,-0.031523822421650124f,0.3018750000000002f,0.044581417206538666f,-9.899063170623871e-18f,4.9495315853119355e-18f,15.09875f,1.818428403969296e-33f,0.031523822421650124f,0.03152382242165012f,-1.755f,0f,0f,0f,1f],start_interpolation:0}