execute if entity @s[tag=aj.gravity_blackhole.bone.right_arm2] run data modify entity @s {} merge value {transformation:[-0.9763935775511143f,0.19645671948196802f,-0.08977939121713462f,-0.361614179870492f,0.17792182228900813f,0.9671783300564242f,0.18141086798377132f,1.1332054174858939f,0.12247206567333875f,0.16115469350797704f,-0.9793006473448567f,-0.0402886733769943f,0f,0f,0f,1f],start_interpolation:0}
execute if entity @s[tag=aj.gravity_blackhole.bone.right_arm] run data modify entity @s {} merge value {transformation:[-0.9763935775511143f,0.19645671948196802f,-0.08977939121713462f,-0.3125f,0.17792182228900813f,0.9671783300564242f,0.18141086798377132f,1.375f,0.12247206567333875f,0.16115469350797704f,-0.9793006473448567f,-3.827021247335479e-17f,0f,0f,0f,1f],start_interpolation:0}
execute if entity @s[tag=aj.gravity_blackhole.bone.meteorite_staff_effects] run data modify entity @s {} merge value {transformation:[-0.000009048617316526075f,-1.7354674446735896e-7f,-0.000004253516919744093f,0.3856862635074266f,5.622466354107934e-7f,0.000009855438254676181f,-0.0000015981913306092466f,1.9665753316416525f,0.00000421976342702215f,-0.0000016852947326061666f,-0.000008908051318005313f,-0.6336745705356401f,0f,0f,0f,1f],start_interpolation:0}
execute if entity @s[tag=aj.gravity_blackhole.bone.meteorite_staff] run data modify entity @s {} merge value {transformation:[-1.4500961872527236f,-0.026755123105384502f,0.5227249010845384f,0.39707562500000004f,-0.11293070916514633f,1.5193800642625777f,-0.23551430181628646f,1.0907172767847748f,-0.5110810246464663f,-0.25981627127678397f,-1.4310932193736565f,-0.4974026001524463f,0f,0f,0f,1f],start_interpolation:0}
execute if entity @s[tag=aj.gravity_blackhole.bone.left_arm2] run data modify entity @s {} merge value {transformation:[-1f,-1.2134312410385807e-16f,-1.653614402859031e-17f,0.4375f,0f,-0.13502786305491032f,0.9908418018022981f,1.364095153158666f,-1.2246467991473532e-16f,0.9908418018022981f,0.13502786305491032f,-0.2497620553954644f,0f,0f,0f,1f],start_interpolation:0}
execute if entity @s[tag=aj.gravity_blackhole.bone.head] run data modify entity @s {} merge value {transformation:[-1f,-1.4980354218885872e-17f,1.215449991324007e-16f,0f,0f,0.9924902365075796f,0.12232387517213762f,1.51875f,-1.2246467991473532e-16f,0.12232387517213762f,-0.9924902365075796f,0f,0f,0f,0f,1f],start_interpolation:0}
execute if entity @s[tag=aj.gravity_blackhole.bone.left_leg2] run data modify entity @s {} merge value {transformation:[-0.9850017441808161f,-0.17079331473111758f,0.024519535148685503f,0.18697650189734955f,-0.1721746466849453f,0.9822141503460408f,-0.0749083032708607f,0.4133297591111518f,-0.011289596966431895f,-0.07800645167652738f,-0.9968889298699094f,-0.03460299242314505f,0f,0f,0f,1f],start_interpolation:0}
execute if entity @s[tag=aj.gravity_blackhole.bone.left_leg] run data modify entity @s {} merge value {transformation:[-0.9850017441808161f,-0.17245635310566826f,-0.005510919546072231f,0.125f,-0.1721746466849453f,0.9802998007341863f,0.09678941946012895f,0.765625f,-0.011289596966431895f,0.09628658761222977f,-0.9952896252078226f,2.0816681711721685e-17f,0f,0f,0f,1f],start_interpolation:0}
execute if entity @s[tag=aj.gravity_blackhole.locator_origin.player_camera] at @s on origin run tp @s ^0 ^0.0625 ^-0.125 ~0 ~0
execute if entity @s[tag=aj.gravity_blackhole.bone.vortex] run data modify entity @s {} merge value {transformation:[-7.052181967644471e-16f,1.8496438951347254f,-0.2162718686418336f,-0.453332227814488f,-2.1173469387755044f,2.0675071632050052e-16f,3.876575931009385e-17f,2.021319241982506f,1.4692045765925896e-17f,0.2162718686418336f,1.8496438951347252f,-14.69097383532067f,0f,0f,0f,1f],start_interpolation:0}
execute if entity @s[tag=aj.gravity_blackhole.locator_origin.gravity_tornado] at @s on origin run tp @s ^-0.5 ^1.43149 ^-14.75 ~-173.3309 ~0
execute if entity @s[tag=aj.gravity_blackhole.locator_origin.gravity_tornado2] at @s on origin run tp @s ^-0.5 ^2.03644 ^-14.75 ~-173.3309 ~0
execute if entity @s[tag=aj.gravity_blackhole.locator_origin.gravity_tornado3] at @s on origin run tp @s ^-0.5 ^2.6414 ^-14.75 ~-173.3309 ~0
execute if entity @s[tag=aj.gravity_blackhole.locator_origin.gravity_tornado4] at @s on origin run tp @s ^-0.5 ^3.24636 ^-14.75 ~-173.3309 ~0
execute if entity @s[tag=aj.gravity_blackhole.locator_origin.gravity_tornado5] at @s on origin run tp @s ^-0.5 ^3.85131 ^-14.75 ~-173.3309 ~0
execute if entity @s[tag=aj.gravity_blackhole.locator_origin.gravity_tornado6] at @s on origin run tp @s ^-0.5 ^4.45627 ^-14.75 ~-173.3309 ~0
execute if entity @s[tag=aj.gravity_blackhole.bone.tornado] run data modify entity @s {} merge value {transformation:[-9.134254739044268e-16f,2.395729235603073f,-0.28012356319323206f,-0.49999999999999817f,-2.742468415937796f,2.6779140399607683e-16f,5.021088824926441e-17f,5.121720116618066f,1.9029697373008777e-17f,0.28012356319323206f,2.3957292356030724f,-14.75f,0f,0f,0f,1f],start_interpolation:0}