execute if entity @s[tag=aj.gravity_blackhole.bone.right_arm2] run data modify entity @s {} merge value {transformation:[-0.878692325205267f,0.46609012650777104f,-0.10324626674767089f,-0.42902253162694276f,0.4486321245270314f,0.8801470835814592f,0.1551461507914843f,1.1549632291046352f,0.16318398961823255f,0.09000613998512413f,-0.9824814910710811f,-0.02250153499628107f,0f,0f,0f,1f],start_interpolation:0}
execute if entity @s[tag=aj.gravity_blackhole.bone.right_arm] run data modify entity @s {} merge value {transformation:[-0.878692325205267f,0.46609012650777104f,-0.10324626674767089f,-0.3125f,0.4486321245270314f,0.8801470835814592f,0.1551461507914843f,1.375f,0.16318398961823255f,0.09000613998512413f,-0.9824814910710811f,-3.827021247335479e-17f,0f,0f,0f,1f],start_interpolation:0}
execute if entity @s[tag=aj.gravity_blackhole.bone.meteorite_staff_effects] run data modify entity @s {} merge value {transformation:[0.0000018729828487082984f,-0.0000016786397909593159f,-0.000009678538303930644f,0.2619719696519688f,-0.000002850816935951504f,0.00000933595171945066f,-0.0000021709095535692782f,2.429313596246369f,0.000009400254147954546f,0.0000031657817272033063f,0.0000012700582701470902f,-1.2646124883436487f,0f,0f,0f,1f],start_interpolation:0}
execute if entity @s[tag=aj.gravity_blackhole.bone.meteorite_staff] run data modify entity @s {} merge value {transformation:[-0.8509015173027861f,-0.2587903011062278f,-1.2592578365911709f,0.39707562500000015f,-0.5474299316589901f,1.4392925567486432f,0.07411826443527866f,1.5994123644330969f,1.1631952496837152f,0.4880580162771763f,-0.8862913149591041f,-1.5453936263700738f,0f,0f,0f,1f],start_interpolation:0}
execute if entity @s[tag=aj.gravity_blackhole.bone.left_arm2] run data modify entity @s {} merge value {transformation:[-1f,-1.0189586425896406e-16f,-6.793254502473277e-17f,0.4375f,0f,-0.5547113263353161f,0.8320428741569237f,1.4123057169763513f,-1.2246467991473532e-16f,0.8320428741569237f,0.5547113263353161f,-0.24720089700662568f,0f,0f,0f,1f],start_interpolation:0}
execute if entity @s[tag=aj.gravity_blackhole.bone.left_arm] run data modify entity @s {} merge value {transformation:[-1f,-1.210935149062075e-16f,-1.827453075399426e-17f,0.3125f,0f,-0.14922286790540507f,0.9888035880265029f,1.375f,-1.2246467991473532e-16f,0.9888035880265029f,0.14922286790540507f,3.827021247335479e-17f,0f,0f,0f,1f],start_interpolation:0}
execute if entity @s[tag=aj.gravity_blackhole.bone.head] run data modify entity @s {} merge value {transformation:[-0.9997643629293648f,0.006240562388375253f,-0.02079120000188121f,0f,0.0016739032980576376f,0.977096881246436f,0.21278835190450837f,1.51875f,0.021642935664788657f,0.21270340862234657f,-0.9768770870975759f,0f,0f,0f,0f,1f],start_interpolation:0}
execute if entity @s[tag=aj.gravity_blackhole.bone.right_leg2] run data modify entity @s {} merge value {transformation:[-0.9820476920083343f,0.18592924696874763f,0.031822095197178824f,-0.19125589272220275f,0.1878918112857771f,0.9791083871981399f,0.07773952257383326f,0.4153114456218581f,-0.01670322941391265f,0.0823230298269691f,-0.9964657148578943f,-0.045176995512501775f,0f,0f,0f,1f],start_interpolation:0}
execute if entity @s[tag=aj.gravity_blackhole.bone.right_leg] run data modify entity @s {} merge value {transformation:[-0.9820476920083343f,0.184364223226999f,0.039901927459825105f,-0.12499999999999999f,0.1878918112857771f,0.9747855426174382f,0.12037363978785584f,0.765625f,-0.01670322941391265f,0.12570990055652664f,-0.9919264201689632f,-1.3877787807814457e-17f,0f,0f,0f,1f],start_interpolation:0}
execute if entity @s[tag=aj.gravity_blackhole.bone.left_leg2] run data modify entity @s {} merge value {transformation:[-0.9850017441808161f,-0.17030085425319447f,0.02773414865075934f,0.18700281996353765f,-0.17217464668494528f,0.9806278773585174f,-0.09340694399370253f,0.4127367611388145f,-0.011289596966431892f,-0.09678111999744904f,-0.9952416590016592f,-0.027855552678416117f,0f,0f,0f,1f],start_interpolation:0}
execute if entity @s[tag=aj.gravity_blackhole.bone.left_leg] run data modify entity @s {} merge value {transformation:[-0.9850017441808161f,-0.1725295859854961f,-0.002259628381727852f,0.125f,-0.17217464668494528f,0.9819498820485162f,0.07829636124252125f,0.765625f,-0.011289596966431892f,0.07751110310515795f,-0.9969275670256877f,2.0816681711721685e-17f,0f,0f,0f,1f],start_interpolation:0}
execute if entity @s[tag=aj.gravity_blackhole.locator_origin.player_camera] at @s on origin run tp @s ^0 ^0.0625 ^-0.125 ~0 ~0
execute if entity @s[tag=aj.gravity_blackhole.bone.vortex] run data modify entity @s {} merge value {transformation:[-1.8214596497756474e-15f,-10.616095084369581f,7.8334702882901395f,-0.6123792716882774f,-8.203124999999998f,2.929514270055833e-15f,-1.4647571350279165e-15f,3.889662673104958f,-2.230644729873806e-31f,-7.8334702882901395f,-10.616095084369581f,-7.677902578431677f,0f,0f,0f,1f],start_interpolation:0}
execute if entity @s[tag=aj.gravity_blackhole.locator_origin.gravity_tornado] at @s on origin run tp @s ^-0.53288 ^1.60451 ^-7.15077 ~36.4231 ~0
execute if entity @s[tag=aj.gravity_blackhole.locator_origin.gravity_tornado2] at @s on origin run tp @s ^-0.53288 ^3.94826 ^-7.15077 ~36.4231 ~0
execute if entity @s[tag=aj.gravity_blackhole.locator_origin.gravity_tornado3] at @s on origin run tp @s ^-0.53288 ^6.29201 ^-7.15077 ~36.4231 ~0
execute if entity @s[tag=aj.gravity_blackhole.locator_origin.gravity_tornado4] at @s on origin run tp @s ^-0.53288 ^8.63576 ^-7.15077 ~36.4231 ~0
execute if entity @s[tag=aj.gravity_blackhole.locator_origin.gravity_tornado5] at @s on origin run tp @s ^-0.53288 ^10.97951 ^-7.15077 ~36.4231 ~0
execute if entity @s[tag=aj.gravity_blackhole.locator_origin.gravity_tornado6] at @s on origin run tp @s ^-0.53288 ^13.32326 ^-7.15077 ~36.4231 ~0
execute if entity @s[tag=aj.gravity_blackhole.bone.tornado] run data modify entity @s {} merge value {transformation:[-2.3592239273284573e-15f,-13.750370775945362f,10.146209135309132f,-0.532875706086005f,-10.624999999999998f,3.7944184831199355e-15f,-1.8972092415599678e-15f,15.901381423104956f,-2.8892160310746434e-31f,-10.146209135309132f,-13.750370775945362f,-7.150772139212828f,0f,0f,0f,1f],start_interpolation:0}