execute if entity @s[tag=aj.gravity_blackhole.bone.right_arm2] run data modify entity @s {} merge value {transformation:[-0.9662475059499088f,0.257481954651386f,0.008294593087220971f,-0.3768704886628465f,0.2556897681032957f,0.9624568002442833f,-0.09110241572438595f,1.1334658766221506f,-0.031440415596233104f,-0.08590663939671693f,-0.9958069840961645f,-0.00957934065879484f,0f,0f,0f,1f],start_interpolation:0}
execute if entity @s[tag=aj.gravity_blackhole.bone.right_arm] run data modify entity @s {} merge value {transformation:[-0.9662475059499088f,0.257481954651386f,0.008294593087220971f,-0.3125f,0.2556897681032957f,0.9624568002442833f,-0.09110241572438595f,1.3740800766832213f,-0.031440415596233104f,-0.08590663939671693f,-0.9958069840961645f,-0.031056000507974073f,0f,0f,0f,1f],start_interpolation:0}
execute if entity @s[tag=aj.gravity_blackhole.bone.meteorite_staff_effects] run data modify entity @s {} merge value {transformation:[0.8884001419973309f,0.01599788355533159f,598.9995890591974f,0.40561897116710205f,-0.0062250635786222815f,1.0308793988605551f,-23.991426428944415f,2.8014851119256483f,-0.5233512775749711f,0.014894837476149485f,1017.1001599497247f,-1.4255585364870471f,0f,0f,0f,1f],start_interpolation:0}
execute if entity @s[tag=aj.gravity_blackhole.bone.meteorite_staff] run data modify entity @s {} merge value {transformation:[1.492328398619841f,0.023919249389032952f,-0.3861604993943802f,0.39707562500000015f,-0.02873372277716633f,1.5413202218954958f,-0.01557105848989546f,1.9150573904328707f,0.3858321331346273f,0.022270029092842036f,1.492438850323891f,-1.4254841698806742f,0f,0f,0f,1f],start_interpolation:0}
execute if entity @s[tag=aj.gravity_blackhole.bone.left_arm2] run data modify entity @s {} merge value {transformation:[-1f,-8.194228776633432e-17f,-9.101131414410972e-17f,0.4375f,0f,-0.7431637775681557f,0.6691095573302093f,1.4496916218448532f,-1.2246467991473532e-16f,0.6691095573302093f,0.7431637775681557f,-0.2693476164710004f,0f,0f,0f,1f],start_interpolation:0}
execute if entity @s[tag=aj.gravity_blackhole.bone.left_arm] run data modify entity @s {} merge value {transformation:[-1f,-1.1672922590110826e-16f,-3.703897470431123e-17f,0.3125f,0f,-0.30244618064652773f,0.9531664638521058f,1.3740800766832213f,-1.2246467991473532e-16f,0.9531664638521058f,0.30244618064652773f,-0.031056000507973996f,0f,0f,0f,1f],start_interpolation:0}
execute if entity @s[tag=aj.gravity_blackhole.bone.head] run data modify entity @s {} merge value {transformation:[-0.9646928600440414f,-0.15088952164152614f,0.21587041955497055f,5.183983357219232e-18f,-0.04389711673993753f,0.9002737279008215f,0.4331053659255193f,1.517387262800848f,-0.2596935288411475f,0.40833756514720654f,-0.8751112523374859f,-0.04233043650486429f,0f,0f,0f,1f],start_interpolation:0}
execute if entity @s[tag=aj.gravity_blackhole.bone.body_top] run data modify entity @s {} merge value {transformation:[-1f,9.605010056197111e-18f,1.220874342774019e-16f,1.4020106475916196e-18f,0f,0.9969195556008796f,-0.07843085910880176f,1.1248501877830015f,-1.2246467991473532e-16f,-0.07843085910880176f,-0.9969195556008796f,-0.011448285730773592f,0f,0f,0f,1f],start_interpolation:0}
execute if entity @s[tag=aj.gravity_blackhole.bone.body] run data modify entity @s {} merge value {transformation:[-1f,3.204595765923702e-18f,1.224227445885592e-16f,0f,0f,0.9996575720754317f,-0.02616751024176821f,0.6875f,-1.2246467991473532e-16f,-0.02616751024176821f,-0.9996575720754317f,0f,0f,0f,0f,1f],start_interpolation:0}
execute if entity @s[tag=aj.gravity_blackhole.bone.right_leg2] run data modify entity @s {} merge value {transformation:[-0.9763933246446789f,0.20856281219054745f,-0.05619278388263983f,-0.202320267593035f,0.21570039077138237f,0.9551669791703107f,-0.2028038050031021f,0.4149208714620274f,0.01137615973796082f,-0.21013708685958726f,-0.9776057424727939f,0.013363422868510435f,0f,0f,0f,1f],start_interpolation:0}
execute if entity @s[tag=aj.gravity_blackhole.bone.right_leg] run data modify entity @s {} merge value {transformation:[-0.9763933246446789f,0.21515204895453227f,-0.019122536964984352f,-0.12499999999999999f,0.21570039077138237f,0.9758723576708803f,-0.03385975420687975f,0.765625f,0.01137615973796082f,-0.037185176677594294f,-0.9992436367698683f,-1.3877787807814457e-17f,0f,0f,0f,1f],start_interpolation:0}
execute if entity @s[tag=aj.gravity_blackhole.bone.left_leg2] run data modify entity @s {} merge value {transformation:[-0.9850017441808161f,-0.17068841317286f,0.025239444710239506f,0.1868503177181583f,-0.17217464668494528f,0.9818895785294043f,-0.07904901399930975f,0.4149741109448127f,-0.011289596966431894f,-0.08220900914060356f,-0.9965511646756807f,-0.048671170398600236f,0f,0f,0f,1f],start_interpolation:0}
execute if entity @s[tag=aj.gravity_blackhole.bone.left_leg] run data modify entity @s {} merge value {transformation:[-0.9850017441808161f,-0.17210523191139698f,-0.012302565158310063f,0.125f,-0.17217464668494528f,0.97572421302313f,0.135344564572457f,0.765625f,-0.011289596966431894f,0.13543282197871376f,-0.9907222091642125f,2.0816681711721685e-17f,0f,0f,0f,1f],start_interpolation:0}
execute if entity @s[tag=aj.gravity_blackhole.locator_origin.player_camera] at @s on origin run tp @s ^0 ^0.0625 ^-0.125 ~0 ~0
execute if entity @s[tag=aj.gravity_blackhole.bone.vortex] run data modify entity @s {} merge value {transformation:[5.1419810193056274e-18f,0.010916514270368091f,-0.010916514270368095f,0.3018750000000002f,0.015438282534993991f,-3.4279873462037516e-18f,1.7139936731018758e-18f,15.121356056569098f,6.2971105965690805e-34f,0.010916514270368095f,0.010916514270368093f,-1.7543761991845503f,0f,0f,0f,1f],start_interpolation:0}
execute if entity @s[tag=aj.gravity_blackhole.locator_origin.gravity_tornado] at @s on origin run tp @s ^0.30188 ^15.12566 ^-1.755 ~-135 ~0
execute if entity @s[tag=aj.gravity_blackhole.locator_origin.gravity_tornado2] at @s on origin run tp @s ^0.30188 ^15.12125 ^-1.755 ~-135 ~0
execute if entity @s[tag=aj.gravity_blackhole.locator_origin.gravity_tornado3] at @s on origin run tp @s ^0.30188 ^15.11683 ^-1.755 ~-135 ~0
execute if entity @s[tag=aj.gravity_blackhole.locator_origin.gravity_tornado4] at @s on origin run tp @s ^0.30188 ^15.11242 ^-1.755 ~-135 ~0
execute if entity @s[tag=aj.gravity_blackhole.locator_origin.gravity_tornado5] at @s on origin run tp @s ^0.30188 ^15.10801 ^-1.755 ~-135 ~0
execute if entity @s[tag=aj.gravity_blackhole.locator_origin.gravity_tornado6] at @s on origin run tp @s ^0.30188 ^15.1036 ^-1.755 ~-135 ~0
execute if entity @s[tag=aj.gravity_blackhole.bone.tornado] run data modify entity @s {} merge value {transformation:[6.6600897011958595e-18f,0.014139485150191049f,-0.014139485150191054f,0.3018750000000002f,0.019996251664373167f,-4.44005980079724e-18f,2.22002990039862e-18f,15.09875f,8.15625753460376e-34f,0.014139485150191054f,0.01413948515019105f,-1.755f,0f,0f,0f,1f],start_interpolation:0}