execute if entity @s[tag=aj.gravity_blackhole.bone.right_arm2] run data modify entity @s {} merge value {transformation:[-0.8666224789351377f,0.48772263350289663f,-0.1053190950080568f,-0.43443065837572414f,0.4704872583678395f,0.8690390253974151f,0.15301278394246953f,1.1577402436506463f,0.1661542016255704f,0.08305302586486693f,-0.9825960391620042f,-0.02076325646621677f,0f,0f,0f,1f],start_interpolation:0}
execute if entity @s[tag=aj.gravity_blackhole.bone.right_arm] run data modify entity @s {} merge value {transformation:[-0.8666224789351377f,0.48772263350289663f,-0.1053190950080568f,-0.3125f,0.4704872583678395f,0.8690390253974151f,0.15301278394246953f,1.375f,0.1661542016255704f,0.08305302586486693f,-0.9825960391620042f,-3.827021247335479e-17f,0f,0f,0f,1f],start_interpolation:0}
execute if entity @s[tag=aj.gravity_blackhole.bone.meteorite_staff_effects] run data modify entity @s {} merge value {transformation:[-4.980145561701503e-7f,-0.000002252591649161741f,-0.000009730252430639683f,0.21068488076370362f,-0.000003028931123044559f,0.000009317588056956009f,-0.000002002031231705119f,2.5223217957444266f,0.000009517224267279542f,0.000002847522372694812f,-0.0000011463239434417502f,-1.2617035229771645f,0f,0f,0f,1f],start_interpolation:0}
execute if entity @s[tag=aj.gravity_blackhole.bone.meteorite_staff] run data modify entity @s {} merge value {transformation:[-1.1150068625329579f,-0.347274545912435f,-1.0064274426787219f,0.39707562500000015f,-0.5484367545279012f,1.436461492114051f,0.11194471433473471f,1.6943167898798153f,0.9125310591417819f,0.4389930324571168f,-1.1624578679103996f,-1.5176201118321746f,0f,0f,0f,1f],start_interpolation:0}
execute if entity @s[tag=aj.gravity_blackhole.bone.left_arm2] run data modify entity @s {} merge value {transformation:[-1f,-9.709418416483406e-17f,-7.463455786687465e-17f,0.4375f,0f,-0.6094374142719202f,0.7928341806995683f,1.4244917792686351f,-1.2246467991473532e-16f,0.7928341806995683f,0.6094374142719202f,-0.24505216543590194f,0f,0f,0f,1f],start_interpolation:0}
execute if entity @s[tag=aj.gravity_blackhole.bone.left_arm] run data modify entity @s {} merge value {transformation:[-1f,-1.2004094001008201e-16f,-2.4243979626176593e-17f,0.3125f,0f,-0.19796711707454095f,0.980208661743608f,1.375f,-1.2246467991473532e-16f,0.980208661743608f,0.19796711707454095f,3.827021247335479e-17f,0f,0f,0f,1f],start_interpolation:0}
execute if entity @s[tag=aj.gravity_blackhole.bone.head] run data modify entity @s {} merge value {transformation:[-0.9997163606913874f,0.00725883953187671f,-0.02268275588675816f,0f,0.0018364232191808803f,0.9730794667967345f,0.2304625324176205f,1.51875f,0.023745014544696564f,0.230355509044679f,-0.9728167935110079f,0f,0f,0f,0f,1f],start_interpolation:0}
execute if entity @s[tag=aj.gravity_blackhole.bone.right_leg2] run data modify entity @s {} merge value {transformation:[-0.9822268371114653f,0.18461700788347596f,0.033867401113160035f,-0.19075269400883407f,0.1869377572779405f,0.978414277043885f,0.0880895985947597f,0.4157228989074734f,-0.016873510657266767f,0.09285506381907596f,-0.9955366501346169f,-0.04894377903897434f,0f,0f,0f,1f],start_interpolation:0}
execute if entity @s[tag=aj.gravity_blackhole.bone.right_leg] run data modify entity @s {} merge value {transformation:[-0.9822268371114653f,0.1829640181115383f,0.04188804763280059f,-0.12499999999999999f,0.1869377572779405f,0.9736406291270305f,0.13068358817010678f,0.765625f,-0.016873510657266767f,0.13619138515192855f,-0.9905388388389919f,-1.3877787807814457e-17f,0f,0f,0f,1f],start_interpolation:0}
execute if entity @s[tag=aj.gravity_blackhole.bone.left_leg2] run data modify entity @s {} merge value {transformation:[-0.9850017441808161f,-0.17044899226011956f,0.02680867393699108f,0.1869974941914267f,-0.17217464668494528f,0.9811207917667953f,-0.08807884537055881f,0.4128948101976643f,-0.011289596966431895f,-0.09137359027862617f,-0.9957526861625476f,-0.02980125066154499f,0f,0f,0f,1f],start_interpolation:0}
execute if entity @s[tag=aj.gravity_blackhole.bone.left_leg] run data modify entity @s {} merge value {transformation:[-0.9850017441808161f,-0.17251476644570904f,-0.003196766950009348f,0.125f,-0.17217464668494528f,0.9815100933630211f,0.0836291077641501f,0.765625f,-0.011289596966431895f,0.08292521923212524f,-0.9964918228543772f,2.0816681711721685e-17f,0f,0f,0f,1f],start_interpolation:0}
execute if entity @s[tag=aj.gravity_blackhole.locator_origin.player_camera] at @s on origin run tp @s ^0 ^0.0625 ^-0.125 ~0 ~0
execute if entity @s[tag=aj.gravity_blackhole.bone.vortex] run data modify entity @s {} merge value {transformation:[-1.79134485023269e-15f,-10.722352341508127f,5.059824535204276f,-0.7202322084599952f,-8.067499999999999f,2.6326163471424023e-15f,-6.581540867856006e-16f,3.938423833819245f,-2.1937647370065585e-31f,-5.059824535204276f,-10.72235234150813f,-6.611815840792367f,0f,0f,0f,1f],start_interpolation:0}
execute if entity @s[tag=aj.gravity_blackhole.locator_origin.gravity_tornado] at @s on origin run tp @s ^-0.55845 ^1.69105 ^-6.1609 ~25.26239 ~0
execute if entity @s[tag=aj.gravity_blackhole.locator_origin.gravity_tornado2] at @s on origin run tp @s ^-0.55845 ^3.99605 ^-6.1609 ~25.26239 ~0
execute if entity @s[tag=aj.gravity_blackhole.locator_origin.gravity_tornado3] at @s on origin run tp @s ^-0.55845 ^6.30105 ^-6.1609 ~25.26239 ~0
execute if entity @s[tag=aj.gravity_blackhole.locator_origin.gravity_tornado4] at @s on origin run tp @s ^-0.55845 ^8.60605 ^-6.1609 ~25.26239 ~0
execute if entity @s[tag=aj.gravity_blackhole.locator_origin.gravity_tornado5] at @s on origin run tp @s ^-0.55845 ^10.91105 ^-6.1609 ~25.26239 ~0
execute if entity @s[tag=aj.gravity_blackhole.locator_origin.gravity_tornado6] at @s on origin run tp @s ^-0.55845 ^13.21605 ^-6.1609 ~25.26239 ~0
execute if entity @s[tag=aj.gravity_blackhole.bone.tornado] run data modify entity @s {} merge value {transformation:[-2.32021809172996e-15f,-13.887999223286716f,6.553677493216967f,-0.558445699708454f,-10.44933333333333f,3.4098649829653972e-15f,-8.524662457413493e-16f,15.751548833819243f,-2.8414476593608756e-31f,-6.553677493216967f,-13.887999223286718f,-6.160896501457727f,0f,0f,0f,1f],start_interpolation:0}