execute if entity @s[tag=aj.gravity_blackhole.bone.right_arm2] run data modify entity @s {} merge value {transformation:[-0.9028520071117885f,0.41906871083741065f,-0.09612319621863212f,-0.4172671777093527f,0.40040718505002576f,0.9009738857755588f,0.1670932174290886f,1.1497565285561102f,0.1566280288279508f,0.11237202831470536f,-0.9812442039767214f,-0.028093007078676378f,0f,0f,0f,1f],start_interpolation:0}
execute if entity @s[tag=aj.gravity_blackhole.bone.right_arm] run data modify entity @s {} merge value {transformation:[-0.9028520071117885f,0.41906871083741065f,-0.09612319621863212f,-0.3125f,0.40040718505002576f,0.9009738857755588f,0.1670932174290886f,1.375f,0.1566280288279508f,0.11237202831470536f,-0.9812442039767214f,-3.827021247335479e-17f,0f,0f,0f,1f],start_interpolation:0}
execute if entity @s[tag=aj.gravity_blackhole.bone.meteorite_staff_effects] run data modify entity @s {} merge value {transformation:[0.0000061780508429420145f,-1.6018514792276207e-7f,-0.000007861681022555448f,0.3949461567503713f,-0.000001914999137175893f,0.000009666256057285931f,-0.0000017018437471162404f,2.2645107493503236f,0.00000762656318970997f,0.0000025569189571372855f,0.00000594118669627482f,-1.345379822415576f,0f,0f,0f,1f],start_interpolation:0}
execute if entity @s[tag=aj.gravity_blackhole.bone.meteorite_staff] run data modify entity @s {} merge value {transformation:[-0.18353639053981008f,-0.024695210304759147f,-1.5305033979206752f,0.39707562500000015f,-0.39428034503693044f,1.4902144754982476f,0.023236558354303462f,1.4057857127349354f,1.4790515589310227f,0.3941916725586648f,-0.18372676021806167f,-1.5654113578369209f,0f,0f,0f,1f],start_interpolation:0}
execute if entity @s[tag=aj.gravity_blackhole.bone.left_arm2] run data modify entity @s {} merge value {transformation:[-1f,-1.0989287931095318e-16f,-5.404769100865325e-17f,0.4375f,0f,-0.4413328891749307f,0.8973434576194937f,1.3889170806069204f,-1.2246467991473532e-16f,0.8973434576194937f,0.4413328891749307f,-0.24961232915739648f,0f,0f,0f,1f],start_interpolation:0}
execute if entity @s[tag=aj.gravity_blackhole.bone.left_arm] run data modify entity @s {} merge value {transformation:[-1f,-1.222747759721285e-16f,-6.817403287496295e-18f,0.3125f,0f,-0.055668322427681494f,0.9984493166295861f,1.375f,-1.2246467991473532e-16f,0.9984493166295861f,0.055668322427681494f,3.827021247335479e-17f,0f,0f,0f,1f],start_interpolation:0}
execute if entity @s[tag=aj.gravity_blackhole.bone.head] run data modify entity @s {} merge value {transformation:[-0.999933450324229f,0.003014561163318844f,-0.011135858461535938f,0f,0.0008897098906624284f,0.9825326051536472f,0.18608838820919954f,1.51875f,0.011502318852875242f,0.18606609640388522f,-0.9824699000122227f,0f,0f,0f,0f,1f],start_interpolation:0}
execute if entity @s[tag=aj.gravity_blackhole.bone.right_leg2] run data modify entity @s {} merge value {transformation:[-0.9820050046744995f,0.18673236346378724f,0.02823464590648031f,-0.19160047385136225f,0.1881183731202028f,0.9803724695637986f,0.05900253058968663f,0.414563882605178f,-0.016662787547238916f,0.06325223598108459f,-0.9978584599804468f,-0.038351784329715574f,0f,0f,0f,1f],start_interpolation:0}
execute if entity @s[tag=aj.gravity_blackhole.bone.right_leg] run data modify entity @s {} merge value {transformation:[-0.9820050046744995f,0.18532305767335583f,0.036352924075434286f,-0.12499999999999999f,0.1881183731202028f,0.9768657179682003f,0.10170961976666999f,0.765625f,-0.016662787547238916f,0.1067180085696433f,-0.9941496960508941f,-1.3877787807814457e-17f,0f,0f,0f,1f],start_interpolation:0}
execute if entity @s[tag=aj.gravity_blackhole.bone.left_leg2] run data modify entity @s {} merge value {transformation:[-0.9850017441808161f,-0.1698736525963679f,0.030240802144101953f,0.18700805401151632f,-0.1721746466849453f,0.9791448845407215f,-0.10784797687787712f,0.41236042499748976f,-0.011289596966431895f,-0.11143714475571137f,-0.9937073551951954f,-0.022572813537543045f,0f,0f,0f,1f],start_interpolation:0}
execute if entity @s[tag=aj.gravity_blackhole.bone.left_leg] run data modify entity @s {} merge value {transformation:[-0.9850017441808161f,-0.17254415029291503f,0.00028312620183531124f,0.125f,-0.1721746466849453f,0.9829970782678545f,0.06381720109637848f,0.765625f,-0.011289596966431895f,0.06281130723490244f,-0.9979615647327197f,2.0816681711721685e-17f,0f,0f,0f,1f],start_interpolation:0}
execute if entity @s[tag=aj.gravity_blackhole.locator_origin.player_camera] at @s on origin run tp @s ^0 ^0.0625 ^-0.125 ~0 ~0
execute if entity @s[tag=aj.gravity_blackhole.bone.vortex] run data modify entity @s {} merge value {transformation:[-9.40116040570871e-16f,-11.688745241315395f,10.388303898283375f,-0.5371554669437721f,-8.4678125f,1.7361546228444878e-15f,-2.604231934266732e-15f,3.989375000000001f,4.700580202854353e-16f,-10.388303898283375f,-11.688745241315395f,-10.624425176309964f,0f,0f,0f,1f],start_interpolation:0}
execute if entity @s[tag=aj.gravity_blackhole.locator_origin.gravity_tornado] at @s on origin run tp @s ^-0.5 ^1.63048 ^-9.99365 ~41.62891 ~0
execute if entity @s[tag=aj.gravity_blackhole.locator_origin.gravity_tornado2] at @s on origin run tp @s ^-0.5 ^4.04986 ^-9.99365 ~41.62891 ~0
execute if entity @s[tag=aj.gravity_blackhole.locator_origin.gravity_tornado3] at @s on origin run tp @s ^-0.5 ^6.46923 ^-9.99365 ~41.62891 ~0
execute if entity @s[tag=aj.gravity_blackhole.locator_origin.gravity_tornado4] at @s on origin run tp @s ^-0.5 ^8.88861 ^-9.99365 ~41.62891 ~0
execute if entity @s[tag=aj.gravity_blackhole.locator_origin.gravity_tornado5] at @s on origin run tp @s ^-0.5 ^11.30798 ^-9.99365 ~41.62891 ~0
execute if entity @s[tag=aj.gravity_blackhole.locator_origin.gravity_tornado6] at @s on origin run tp @s ^-0.5 ^13.72736 ^-9.99365 ~41.62891 ~0
execute if entity @s[tag=aj.gravity_blackhole.bone.tornado] run data modify entity @s {} merge value {transformation:[-1.2176741096917946e-15f,-15.139708122084702f,13.455326953967036f,-0.4999999999999988f,-10.967833333333331f,2.2487336067319077e-15f,-3.373100410097862e-15f,16.388671875f,6.088370548458971e-16f,-13.455326953967036f,-15.139708122084702f,-9.99365234375f,0f,0f,0f,1f],start_interpolation:0}