execute if entity @s[tag=aj.gravity_blackhole.bone.right_arm2] run data modify entity @s {} merge value {transformation:[-0.8835951486699603f,0.45700932742383593f,-0.10199062650324253f,-0.42675233185595896f,0.4393623383532522f,0.884497038936106f,0.15692585430713105f,1.1538757402659736f,0.1619269862736692f,0.09384808341609216f,-0.9823299793630719f,-0.023462020854023078f,0f,0f,0f,1f],start_interpolation:0}
execute if entity @s[tag=aj.gravity_blackhole.bone.right_arm] run data modify entity @s {} merge value {transformation:[-0.8835951486699603f,0.45700932742383593f,-0.10199062650324253f,-0.3125f,0.4393623383532522f,0.884497038936106f,0.15692585430713105f,1.375f,0.1619269862736692f,0.09384808341609216f,-0.9823299793630719f,-3.827021247335479e-17f,0f,0f,0f,1f],start_interpolation:0}
execute if entity @s[tag=aj.gravity_blackhole.bone.meteorite_staff_effects] run data modify entity @s {} merge value {transformation:[0.000002803350631989628f,-0.000001381472800747827f,-0.000009499092490070686f,0.2882555106102581f,-0.000002711606255874791f,0.00000937887465577063f,-0.000002164232359162017f,2.394150749807247f,0.00000920806259466257f,0.000003182490077303815f,0.000002254626390477743f,-1.2727074247402628f,0f,0f,0f,1f],start_interpolation:0}
execute if entity @s[tag=aj.gravity_blackhole.bone.meteorite_staff] run data modify entity @s {} merge value {transformation:[-0.7299181895757416f,-0.21297705678195664f,-1.341117564168808f,0.39707562500000015f,-0.5315263595856615f,1.4459098427646386f,0.059670484940724876f,1.560425679366852f,1.2495740381038631f,0.49063388691767135f,-0.7580100417646003f,-1.5535771264675255f,0f,0f,0f,1f],start_interpolation:0}
execute if entity @s[tag=aj.gravity_blackhole.bone.left_arm2] run data modify entity @s {} merge value {transformation:[-1f,-1.0368861555297241e-16f,-6.516340101104655e-17f,0.4375f,0f,-0.5320995494898271f,0.8466817993985242f,1.4074449782938956f,-1.2246467991473532e-16f,0.8466817993985242f,0.5320995494898271f,-0.24788570629124343f,0f,0f,0f,1f],start_interpolation:0}
execute if entity @s[tag=aj.gravity_blackhole.bone.left_arm] run data modify entity @s {} merge value {transformation:[-1f,-1.214289747055809e-16f,-1.589345552640978e-17f,0.3125f,0f,-0.1297799131755819f,0.9915428251649739f,1.375f,-1.2246467991473532e-16f,0.9915428251649739f,0.1297799131755819f,3.827021247335479e-17f,0f,0f,0f,1f],start_interpolation:0}
execute if entity @s[tag=aj.gravity_blackhole.bone.head] run data modify entity @s {} merge value {transformation:[-0.9997975049259704f,0.005660434931297627f,-0.019310842037383754f,0f,0.0015517755346484718f,0.9784528193114325f,0.20646470006807296f,1.51875f,0.02006342783510107f,0.2063929258911211f,-0.9782634711597934f,0f,0f,0f,0f,1f],start_interpolation:0}
execute if entity @s[tag=aj.gravity_blackhole.bone.right_leg2] run data modify entity @s {} merge value {transformation:[-0.9820078821452903f,0.18626970174339694f,0.031050243428151575f,-0.19139022653601864f,0.18810311032127977f,0.9793736276173647f,0.07378697320709057f,0.41515425652383287f,-0.016665512052798266f,0.07830003665407448f,-0.9967905321420287f,-0.04373770013110859f,0f,0f,0f,1f],start_interpolation:0}
execute if entity @s[tag=aj.gravity_blackhole.bone.right_leg] run data modify entity @s {} merge value {transformation:[-0.9820078821452903f,0.18473802166544323f,0.039145660751349426f,-0.12499999999999999f,0.18810311032127977f,0.9752229383684651f,0.11643642199688817f,0.765625f,-0.016665512052798266f,0.12170490471264994f,-0.9924264087965933f,-1.3877787807814457e-17f,0f,0f,0f,1f],start_interpolation:0}
execute if entity @s[tag=aj.gravity_blackhole.bone.left_leg2] run data modify entity @s {} merge value {transformation:[-0.9850017441808161f,-0.17022859627391188f,0.0281742607953378f,0.18700471187657194f,-0.17217464668494525f,0.9803831569216278f,-0.09594142308355257f,0.41266520774647836f,-0.011289596966431892f,-0.09935336247453565f,-0.994988167952433f,-0.02692937768412314f,0f,0f,0f,1f],start_interpolation:0}
execute if entity @s[tag=aj.gravity_blackhole.bone.left_leg] run data modify entity @s {} merge value {transformation:[-0.9850017441808161f,-0.17253485043915673f,-0.001813655063127839f,0.125f,-0.17217464668494525f,0.9821489871402341f,0.07575789132708588f,0.765625f,-0.011289596966431892f,0.07493392051234271f,-0.9971245922937542f,2.0816681711721685e-17f,0f,0f,0f,1f],start_interpolation:0}
execute if entity @s[tag=aj.gravity_blackhole.locator_origin.player_camera] at @s on origin run tp @s ^0 ^0.0625 ^-0.125 ~0 ~0
execute if entity @s[tag=aj.gravity_blackhole.bone.vortex] run data modify entity @s {} merge value {transformation:[-3.66717434197028e-15f,6.033855341159071f,-12.320875757873717f,-0.6940944654411229f,-8.257742499999997f,1.5231167022067283e-15f,2.2846750533100923e-15f,3.8852961042274092f,-4.583967927462855e-16f,12.320875757873717f,6.033855341159069f,-7.096650995566992f,0f,0f,0f,1f],start_interpolation:0}
execute if entity @s[tag=aj.gravity_blackhole.locator_origin.gravity_tornado] at @s on origin run tp @s ^-0.51447 ^1.58492 ^-7.62107 ~-116.0922 ~0
execute if entity @s[tag=aj.gravity_blackhole.locator_origin.gravity_tornado2] at @s on origin run tp @s ^-0.51447 ^3.94428 ^-7.62107 ~-116.0922 ~0
execute if entity @s[tag=aj.gravity_blackhole.locator_origin.gravity_tornado3] at @s on origin run tp @s ^-0.51447 ^6.30363 ^-7.62107 ~-116.0922 ~0
execute if entity @s[tag=aj.gravity_blackhole.locator_origin.gravity_tornado4] at @s on origin run tp @s ^-0.51447 ^8.66299 ^-7.62107 ~-116.0922 ~0
execute if entity @s[tag=aj.gravity_blackhole.locator_origin.gravity_tornado5] at @s on origin run tp @s ^-0.51447 ^11.02234 ^-7.62107 ~-116.0922 ~0
execute if entity @s[tag=aj.gravity_blackhole.locator_origin.gravity_tornado6] at @s on origin run tp @s ^-0.51447 ^13.3817 ^-7.62107 ~-116.0922 ~0
execute if entity @s[tag=aj.gravity_blackhole.bone.tornado] run data modify entity @s {} merge value {transformation:[-4.749863909599601e-15f,7.815279299025081f,-15.958467648293574f,-0.5144653106778418f,-10.695742666666662f,1.972798776191572e-15f,2.9591981642873576e-15f,15.976990479227405f,-5.937329886999507e-16f,15.958467648293574f,7.81527929902508f,-7.621071884110785f,0f,0f,0f,1f],start_interpolation:0}