execute if entity @s[tag=aj.gravity_blackhole.bone.right_arm2] run data modify entity @s {} merge value {transformation:[-0.8552636352340822f,0.5074504518953632f,-0.10496739073338211f,-0.4393626129738408f,0.48992341346840346f,0.8578334077600245f,0.15523174116878097f,1.160541648059994f,0.16881695170109712f,0.08133808088475752f,-0.9822855763047394f,-0.02033452022118942f,0f,0f,0f,1f],start_interpolation:0}
execute if entity @s[tag=aj.gravity_blackhole.bone.right_arm] run data modify entity @s {} merge value {transformation:[-0.8552636352340822f,0.5074504518953632f,-0.10496739073338211f,-0.3125f,0.48992341346840346f,0.8578334077600245f,0.15523174116878097f,1.375f,0.16881695170109712f,0.08133808088475752f,-0.9822855763047394f,-3.827021247335479e-17f,0f,0f,0f,1f],start_interpolation:0}
execute if entity @s[tag=aj.gravity_blackhole.bone.meteorite_staff_effects] run data modify entity @s {} merge value {transformation:[-0.000002791783306497138f,-0.000002457425677000661f,-0.000009282618435095872f,0.19144449400185024f,-0.0000029083984161654176f,0.000009429305638723715f,-0.000001621546738265558f,2.620032814105489f,0.000009151347694324068f,0.000002247054563990608f,-0.0000033471751020881164f,-1.2765123764181654f,0f,0f,0f,1f],start_interpolation:0}
execute if entity @s[tag=aj.gravity_blackhole.bone.meteorite_staff] run data modify entity @s {} merge value {transformation:[-1.316258249830374f,-0.3788531252042685f,-0.7075808366452198f,0.39707562500000015f,-0.4938197194697813f,1.4536846193032391f,0.14028265528957615f,1.7826238201167368f,0.6327261773685177f,0.34642091194855207f,-1.362492659557646f,-1.4821555491134144f,0f,0f,0f,1f],start_interpolation:0}
execute if entity @s[tag=aj.gravity_blackhole.bone.left_arm2] run data modify entity @s {} merge value {transformation:[-1f,-9.200628923266318e-17f,-8.08235149461721e-17f,0.4375f,0f,-0.65997408397625f,0.7512883657289722f,1.436318265658193f,-1.2246467991473532e-16f,0.7512883657289722f,0.65997408397625f,-0.24236350859127134f,0f,0f,0f,1f],start_interpolation:0}
execute if entity @s[tag=aj.gravity_blackhole.bone.left_arm] run data modify entity @s {} merge value {transformation:[-1f,-1.1872387801056902e-16f,-3.0037287107029216e-17f,0.3125f,0f,-0.2452730626327717f,0.9694540343650856f,1.375f,-1.2246467991473532e-16f,0.9694540343650856f,0.2452730626327717f,3.827021247335479e-17f,0f,0f,0f,1f],start_interpolation:0}
execute if entity @s[tag=aj.gravity_blackhole.bone.head] run data modify entity @s {} merge value {transformation:[-0.999751628594449f,0.007228801295299535f,-0.021081403050557737f,0f,0.0017185189164940053f,0.9681226500687943f,0.25047071908011226f,1.51875f,0.022219986846995245f,0.25037228052563637f,-0.9678946189172205f,0f,0f,0f,0f,1f],start_interpolation:0}
execute if entity @s[tag=aj.gravity_blackhole.bone.right_leg2] run data modify entity @s {} merge value {transformation:[-0.9825314041302716f,0.18256796755042273f,0.03606906045774834f,-0.1899825084143475f,0.18530353122769325f,0.9776682992513633f,0.09913272897229244f,0.4161638385086968f,-0.017165116147123082f,0.10408474366329809f,-0.9944202959132529f,-0.052958104519786185f,0f,0f,0f,1f],start_interpolation:0}
execute if entity @s[tag=aj.gravity_blackhole.bone.right_leg] run data modify entity @s {} merge value {transformation:[-0.9825314041302716f,0.1808208929790539f,0.043998233601525966f,-0.12499999999999999f,0.18530353122769325f,0.9724136667584088f,0.14168366884017952f,0.765625f,-0.017165116147123082f,0.1473616821420137f,-0.9889337153843689f,-1.3877787807814457e-17f,0f,0f,0f,1f],start_interpolation:0}
execute if entity @s[tag=aj.gravity_blackhole.bone.left_leg2] run data modify entity @s {} merge value {transformation:[-0.9850017441808161f,-0.17054673798083705f,0.02617965096875658f,0.18699283383491358f,-0.1721746466849453f,0.9814390655557524f,-0.0844585794337432f,0.4130080902604143f,-0.011289596966431895f,-0.08769932020915192f,-0.9960830157347269f,-0.031122245160362164f,0f,0f,0f,1f],start_interpolation:0}
execute if entity @s[tag=aj.gravity_blackhole.bone.left_leg] run data modify entity @s {} merge value {transformation:[-0.9850017441808161f,-0.1725017984971508f,-0.003833207012226763f,0.125f,-0.1721746466849453f,0.9811948792753689f,0.08724964139014364f,0.765625f,-0.011289596966431895f,0.0866010300114426f,-0.9961791036762881f,2.0816681711721685e-17f,0f,0f,0f,1f],start_interpolation:0}
execute if entity @s[tag=aj.gravity_blackhole.locator_origin.player_camera] at @s on origin run tp @s ^0 ^0.0625 ^-0.125 ~0 ~0
execute if entity @s[tag=aj.gravity_blackhole.bone.vortex] run data modify entity @s {} merge value {transformation:[-8.813436092047766e-16f,-6.245860712758911f,-8.50487734826388f,-0.9042953006706176f,-7.9384375f,0f,1.1715021314140373e-15f,3.980711446005918f,-1.0793346299616055e-31f,8.50487734826388f,-6.245860712758909f,-5.115178233897466f,0f,0f,0f,1f],start_interpolation:0}
execute if entity @s[tag=aj.gravity_blackhole.locator_origin.gravity_tornado] at @s on origin run tp @s ^-0.48285 ^1.76929 ^-5.17972 ~-53.70697 ~0
execute if entity @s[tag=aj.gravity_blackhole.locator_origin.gravity_tornado2] at @s on origin run tp @s ^-0.48285 ^4.03741 ^-5.17972 ~-53.70697 ~0
execute if entity @s[tag=aj.gravity_blackhole.locator_origin.gravity_tornado3] at @s on origin run tp @s ^-0.48285 ^6.30554 ^-5.17972 ~-53.70697 ~0
execute if entity @s[tag=aj.gravity_blackhole.locator_origin.gravity_tornado4] at @s on origin run tp @s ^-0.48285 ^8.57366 ^-5.17972 ~-53.70697 ~0
execute if entity @s[tag=aj.gravity_blackhole.locator_origin.gravity_tornado5] at @s on origin run tp @s ^-0.48285 ^10.84179 ^-5.17972 ~-53.70697 ~0
execute if entity @s[tag=aj.gravity_blackhole.locator_origin.gravity_tornado6] at @s on origin run tp @s ^-0.48285 ^13.10991 ^-5.17972 ~-53.70697 ~0
execute if entity @s[tag=aj.gravity_blackhole.bone.tornado] run data modify entity @s {} merge value {transformation:[-1.1415498176366629e-15f,-8.089876732716302f,-11.01584113679893f,-0.48284564178425077f,-10.282166666666665f,0f,1.5173741892600864e-15f,15.604852071005919f,-1.397995330235984e-31f,11.01584113679893f,-8.0898767327163f,-5.179721566340465f,0f,0f,0f,1f],start_interpolation:0}