execute if entity @s[tag=aj.gravity_blackhole.bone.right_arm2] run data modify entity @s {} merge value {transformation:[-0.9662475059499088f,0.2542700744263338f,-0.04138220024125828f,-0.37606751860658344f,0.2565822276745853f,0.9355013601006938f,-0.2429048490485504f,1.1408120908033488f,-0.02305032943643595f,-0.24532414170027872f,-0.9691670381373343f,0.043222724938799154f,0f,0f,0f,1f],start_interpolation:0}
execute if entity @s[tag=aj.gravity_blackhole.bone.right_arm] run data modify entity @s {} merge value {transformation:[-0.9662475059499088f,0.2542700744263338f,-0.04138220024125828f,-0.3125f,0.2565822276745853f,0.9355013601006938f,-0.2429048490485504f,1.3746874308285222f,-0.02305032943643595f,-0.24532414170027872f,-0.9691670381373343f,-0.01810831048627053f,0f,0f,0f,1f],start_interpolation:0}
execute if entity @s[tag=aj.gravity_blackhole.bone.meteorite_staff_effects] run data modify entity @s {} merge value {transformation:[-0.9352787487238772f,0.055488049179885784f,655.0468725928572f,0.43297154274725724f,0.06689980094773966f,1.095733040098923f,3.542262766938059f,2.853528095595839f,-0.5708713762323064f,0.03749974155242211f,-1072.7713249909236f,-1.3921939896347133f,0f,0f,0f,1f],start_interpolation:0}
execute if entity @s[tag=aj.gravity_blackhole.bone.meteorite_staff] run data modify entity @s {} merge value {transformation:[-0.36065291206215466f,0.07792476542215741f,1.4968611555739229f,0.39707562500000015f,0.06950541447091409f,1.5387951347543072f,-0.06336120048428934f,1.968733020785097f,-1.4972757212656005f,0.05266284555059279f,-0.36349436077909136f,-1.4331361244683491f,0f,0f,0f,1f],start_interpolation:0}
execute if entity @s[tag=aj.gravity_blackhole.bone.left_arm2] run data modify entity @s {} merge value {transformation:[-1f,-7.891793730904227e-17f,-9.364591287132962e-17f,0.4375f,0f,-0.7646769087750812f,0.6444138617272179f,1.427043550300188f,-1.2246467991473532e-16f,0.6444138617272179f,0.7646769087750812f,-0.2625645166948031f,0f,0f,0f,1f],start_interpolation:0}
execute if entity @s[tag=aj.gravity_blackhole.bone.left_arm] run data modify entity @s {} merge value {transformation:[-1f,-1.1974900418599399e-16f,-2.5647101650700784e-17f,0.3125f,0f,-0.20942447788666319f,0.9778248248341307f,1.3746874308285222f,-1.2246467991473532e-16f,0.9778248248341307f,0.20942447788666319f,-0.018108310486270453f,0f,0f,0f,1f],start_interpolation:0}
execute if entity @s[tag=aj.gravity_blackhole.bone.head] run data modify entity @s {} merge value {transformation:[-0.967127906074395f,-0.16806173778813568f,0.19083727514243135f,3.0228856784406546e-18f,-0.05368777965452408f,0.868501615519939f,0.49277029755761775f,1.5182869652825388f,-0.24855831430053468f,0.4663262764748389f,-0.8489750103867537f,-0.024683734775980345f,0f,0f,0f,1f],start_interpolation:0}
execute if entity @s[tag=aj.gravity_blackhole.bone.body_top] run data modify entity @s {} merge value {transformation:[-1f,5.601789432646213e-18f,1.223364940717645e-16f,8.171810893362076e-19f,0f,0.9989532831583761f,-0.045742082015372894f,1.1249491100389282f,-1.2246467991473532e-16f,-0.045742082015372894f,-0.9989532831583761f,-0.006672789982427267f,0f,0f,0f,1f],start_interpolation:0}
execute if entity @s[tag=aj.gravity_blackhole.bone.body] run data modify entity @s {} merge value {transformation:[-1f,1.8678424899113317e-18f,1.2245043483406443e-16f,0f,0f,0.999883680088979f,-0.015252091388405182f,0.6875f,-1.2246467991473532e-16f,-0.015252091388405182f,-0.999883680088979f,0f,0f,0f,0f,1f],start_interpolation:0}
execute if entity @s[tag=aj.gravity_blackhole.bone.right_leg2] run data modify entity @s {} merge value {transformation:[-0.9763933246446789f,0.21405937624247814f,-0.028890466108940374f,-0.20256178957448834f,0.2157003907713823f,0.9733216812255003f,-0.07821921936096327f,0.41627032276304454f,0.011376159737960818f,-0.08260440847222815f,-0.9965174833842955f,-0.032952525178891565f,0f,0f,0f,1f],start_interpolation:0}
execute if entity @s[tag=aj.gravity_blackhole.bone.right_leg] run data modify entity @s {} merge value {transformation:[-0.9763933246446789f,0.21582411012031544f,0.008719465584805212f,-0.12499999999999999f,0.2157003907713823f,0.9721173627463108f,0.09198464256728178f,0.765625f,0.011376159737960818f,0.09169398310648083f,-0.9957222486475256f,-1.3877787807814457e-17f,0f,0f,0f,1f],start_interpolation:0}
execute if entity @s[tag=aj.gravity_blackhole.bone.left_leg2] run data modify entity @s {} merge value {transformation:[-0.9850017441808161f,-0.17232843715835033f,0.008629815021812915f,0.1861337839949948f,-0.17217464668494528f,0.9849334044998347f,0.016188877023415232f,0.4213140527596656f,-0.011289596966431897f,0.014460236752055655f,-0.9998317091157942f,-0.08284336237693982f,0f,0f,0f,1f],start_interpolation:0}
execute if entity @s[tag=aj.gravity_blackhole.bone.left_leg] run data modify entity @s {} merge value {transformation:[-0.9850017441808161f,-0.1701113989425942f,-0.028873446461130395f,0.125f,-0.17217464668494528f,0.9580826357991914f,0.22898374182240147f,0.765625f,-0.011289596966431897f,0.23052066052713693f,-0.97300193734158f,2.0816681711721685e-17f,0f,0f,0f,1f],start_interpolation:0}
execute if entity @s[tag=aj.gravity_blackhole.locator_origin.player_camera] at @s on origin run tp @s ^0 ^0.0625 ^-0.125 ~0 ~0
execute if entity @s[tag=aj.gravity_blackhole.bone.vortex] run data modify entity @s {} merge value {transformation:[1.3243199628794138e-17f,0.028115540915121327f,-0.028115540915121334f,0.3018750000000002f,0.03976137927562025f,-8.828799752529426e-18f,4.414399876264713e-18f,15.156972019653587f,1.6218242035872158e-33f,0.028115540915121334f,0.02811554091512133f,-1.7533933976619929f,0f,0f,0f,1f],start_interpolation:0}
execute if entity @s[tag=aj.gravity_blackhole.locator_origin.gravity_tornado] at @s on origin run tp @s ^0.30188 ^15.16805 ^-1.755 ~-135 ~0
execute if entity @s[tag=aj.gravity_blackhole.locator_origin.gravity_tornado2] at @s on origin run tp @s ^0.30188 ^15.15669 ^-1.755 ~-135 ~0
execute if entity @s[tag=aj.gravity_blackhole.locator_origin.gravity_tornado3] at @s on origin run tp @s ^0.30188 ^15.14533 ^-1.755 ~-135 ~0
execute if entity @s[tag=aj.gravity_blackhole.locator_origin.gravity_tornado4] at @s on origin run tp @s ^0.30188 ^15.13397 ^-1.755 ~-135 ~0
execute if entity @s[tag=aj.gravity_blackhole.locator_origin.gravity_tornado5] at @s on origin run tp @s ^0.30188 ^15.12261 ^-1.755 ~-135 ~0
execute if entity @s[tag=aj.gravity_blackhole.locator_origin.gravity_tornado6] at @s on origin run tp @s ^0.30188 ^15.11125 ^-1.755 ~-135 ~0
execute if entity @s[tag=aj.gravity_blackhole.bone.tornado] run data modify entity @s {} merge value {transformation:[1.7153096662057167e-17f,0.036416319661490476f,-0.03641631966149048f,0.3018750000000002f,0.05150045315699384f,-1.143539777470478e-17f,5.71769888735239e-18f,15.09875f,2.1006484922653462e-33f,0.03641631966149048f,0.03641631966149048f,-1.755f,0f,0f,0f,1f],start_interpolation:0}