execute if entity @s[tag=aj.gravity_blackhole.bone.right_arm2] run data modify entity @s {} merge value {transformation:[-0.8682555764803408f,0.48380381650780946f,0.10984589679759955f,-0.43345095412695234f,0.49021780754273103f,0.8025944931392077f,0.3398949554650908f,1.1718581240462302f,0.07628076480207177f,0.3489641051957865f,-0.9340263905297939f,-0.13832707738099342f,0f,0f,0f,1f],start_interpolation:0}
execute if entity @s[tag=aj.gravity_blackhole.bone.right_arm] run data modify entity @s {} merge value {transformation:[-0.8682555764803408f,0.48380381650780946f,0.10984589679759955f,-0.3125f,0.49021780754273103f,0.8025944931392077f,0.3398949554650908f,1.3725067473310322f,0.07628076480207177f,0.3489641051957865f,-0.9340263905297939f,-0.05108605108204678f,0f,0f,0f,1f],start_interpolation:0}
execute if entity @s[tag=aj.gravity_blackhole.bone.meteorite_staff_effects] run data modify entity @s {} merge value {transformation:[0.020318472237259536f,-0.003818527439847199f,5.206500651676405f,0.5579521163722272f,-0.0040177841434573015f,-0.020777405362197635f,0.5781812333128595f,2.7717549526450664f,-0.004372098572062496f,0.001347747754436748f,23.66486707647652f,-1.4937171270520735f,0f,0f,0f,1f],start_interpolation:0}
execute if entity @s[tag=aj.gravity_blackhole.bone.meteorite_staff] run data modify entity @s {} merge value {transformation:[-1.2805261533955334f,0.27809925342262015f,0.8121882089927993f,0.39707562500000015f,0.18090272082058323f,1.5131961234557803f,-0.2329115898130023f,1.901047336395115f,-0.8392038412572123f,-0.09815502185467352f,-1.2895109986405544f,-1.4511248595250965f,0f,0f,0f,1f],start_interpolation:0}
execute if entity @s[tag=aj.gravity_blackhole.bone.left_arm2] run data modify entity @s {} merge value {transformation:[-1f,-8.273678819097912e-17f,-9.028965448189309e-17f,0.4375f,0f,-0.7372709792305525f,0.6755971456307541f,1.4448126904959024f,-1.2246467991473532e-16f,0.6755971456307541f,0.7372709792305525f,-0.2904014299924681f,0f,0f,0f,1f],start_interpolation:0}
execute if entity @s[tag=aj.gravity_blackhole.bone.left_arm] run data modify entity @s {} merge value {transformation:[-1f,-1.1723072510775342e-16f,-3.5419696742475494e-17f,0.3125f,0f,-0.28922377265948085f,0.9572615156416856f,1.3725067473310322f,-1.2246467991473532e-16f,0.9572615156416856f,0.28922377265948085f,-0.051086051082046696f,0f,0f,0f,1f],start_interpolation:0}
execute if entity @s[tag=aj.gravity_blackhole.bone.head] run data modify entity @s {} merge value {transformation:[-0.9422062464403896f,-0.21801356533139427f,0.25439629419511167f,8.526163475907768e-18f,-0.06312192947993985f,0.8612316317902526f,0.5042774022525975f,1.5150567492070428f,-0.32903344995219164f,0.4590753333989884f,-0.8252192600013442f,-0.06962140824476098f,0f,0f,0f,1f],start_interpolation:0}
execute if entity @s[tag=aj.gravity_blackhole.bone.body_top] run data modify entity @s {} merge value {transformation:[-1f,1.579079361417111e-17f,1.2144236766323862e-16f,2.3085384903278937e-18f,0f,0.9916521869635517f,-0.12894161504496868f,1.1245937005901443f,-1.2246467991473532e-16f,-0.12894161504496868f,-0.9916521869635517f,-0.018850647320804565f,0f,0f,0f,1f],start_interpolation:0}
execute if entity @s[tag=aj.gravity_blackhole.bone.body] run data modify entity @s {} merge value {transformation:[-1f,5.2766594064637575e-18f,1.2235094888118666e-16f,0f,0f,0.9990713156346154f,-0.04308719387612472f,0.6875f,-1.2246467991473532e-16f,-0.04308719387612472f,-0.9990713156346154f,0f,0f,0f,0f,1f],start_interpolation:0}
execute if entity @s[tag=aj.gravity_blackhole.bone.right_leg2] run data modify entity @s {} merge value {transformation:[-0.9965561269487258f,0.059472297321614485f,0.05778348978942626f,-0.14490806304026377f,0.0762220689809393f,0.9313961719625241f,0.35593730775773047f,0.4403994566446313f,-0.03265091179768448f,0.35911588200028943f,-0.9327216633347454f,-0.15159949076494322f,0f,0f,0f,1f],start_interpolation:0}
execute if entity @s[tag=aj.gravity_blackhole.bone.right_leg] run data modify entity @s {} merge value {transformation:[-0.9965561269487258f,0.05539634932942961f,0.061701947472726046f,-0.12499999999999999f,0.0762220689809393f,0.904975424988852f,0.4185805494364398f,0.765625f,-0.03265091179768448f,0.42184206125897244f,-0.9060812288705473f,-1.3877787807814457e-17f,0f,0f,0f,1f],start_interpolation:0}
execute if entity @s[tag=aj.gravity_blackhole.bone.left_leg2] run data modify entity @s {} merge value {transformation:[-0.9850017441808161f,-0.16006366260919186f,0.064429712655583f,0.18653915773824573f,-0.17217464668494525f,0.9362274209540111f,-0.30632353369063114f,0.4121835619011206f,-0.011289596966431894f,-0.3128223779813902f,-0.9497445471464439f,0.02103503088810032f,0f,0f,0f,1f],start_interpolation:0}
execute if entity @s[tag=aj.gravity_blackhole.bone.left_leg] run data modify entity @s {} merge value {transformation:[-0.9850017441808161f,-0.17123939544555333f,0.021180968065497078f,0.125f,-0.17217464668494525f,0.9834892190577513f,-0.055721154296090876f,0.765625f,-0.011289596966431894f,-0.05853225986253996f,-0.9982216785642954f,2.0816681711721685e-17f,0f,0f,0f,1f],start_interpolation:0}
execute if entity @s[tag=aj.gravity_blackhole.locator_origin.player_camera] at @s on origin run tp @s ^0 ^0.0625 ^-0.125 ~0 ~0
execute if entity @s[tag=aj.gravity_blackhole.bone.vortex] run data modify entity @s {} merge value {transformation:[-8.814346821872652e-16f,-0.6101912723957672f,-6.804531496584355f,0.07287141981338963f,-7.939257812499999f,0f,3.7924307791370456e-16f,3.4843105699889083f,-4.4071734109363276e-16f,6.804531496584355f,-0.6101912723957675f,-1.6518568258171233f,0f,0f,0f,1f],start_interpolation:0}
execute if entity @s[tag=aj.gravity_blackhole.locator_origin.gravity_tornado] at @s on origin run tp @s ^0.28472 ^1.27266 ^-1.82884 ~-84.87575 ~0
execute if entity @s[tag=aj.gravity_blackhole.locator_origin.gravity_tornado2] at @s on origin run tp @s ^0.28472 ^3.54102 ^-1.82884 ~-84.87575 ~0
execute if entity @s[tag=aj.gravity_blackhole.locator_origin.gravity_tornado3] at @s on origin run tp @s ^0.28472 ^5.80938 ^-1.82884 ~-84.87575 ~0
execute if entity @s[tag=aj.gravity_blackhole.locator_origin.gravity_tornado4] at @s on origin run tp @s ^0.28472 ^8.07774 ^-1.82884 ~-84.87575 ~0
execute if entity @s[tag=aj.gravity_blackhole.locator_origin.gravity_tornado5] at @s on origin run tp @s ^0.28472 ^10.3461 ^-1.82884 ~-84.87575 ~0
execute if entity @s[tag=aj.gravity_blackhole.locator_origin.gravity_tornado6] at @s on origin run tp @s ^0.28472 ^12.61446 ^-1.82884 ~-84.87575 ~0
execute if entity @s[tag=aj.gravity_blackhole.bone.tornado] run data modify entity @s {} merge value {transformation:[-1.141667778833029e-15f,-0.7903429813888032f,-8.813488414623544f,0.28472064178425155f,-10.283229166666665f,0f,4.912100818691791e-16f,15.109652366863907f,-5.708338894165147e-16f,8.813488414623544f,-0.7903429813888037f,-1.8288379750796537f,0f,0f,0f,1f],start_interpolation:0}