execute if entity @s[tag=aj.gravity_blackhole.bone.right_arm2] run data modify entity @s {} merge value {transformation:[-0.8619612052855364f,0.4958682144887009f,-0.10553480204412709f,-0.4364670536221752f,0.4785883514790177f,0.8645519607234201f,0.153307198258549f,1.158862009819145f,0.16726048670054003f,0.08163713045592433f,-0.9825270014201243f,-0.02040928261398112f,0f,0f,0f,1f],start_interpolation:0}
execute if entity @s[tag=aj.gravity_blackhole.bone.right_arm] run data modify entity @s {} merge value {transformation:[-0.8619612052855364f,0.4958682144887009f,-0.10553480204412709f,-0.3125f,0.4785883514790177f,0.8645519607234201f,0.153307198258549f,1.375f,0.16726048670054003f,0.08163713045592433f,-0.9825270014201243f,-3.827021247335479e-17f,0f,0f,0f,1f],start_interpolation:0}
execute if entity @s[tag=aj.gravity_blackhole.bone.meteorite_staff_effects] run data modify entity @s {} merge value {transformation:[-0.0000014348326394515098f,-0.000002385309961058728f,-0.000009604767133379063f,0.19855703718472562f,-0.0000030193005103807663f,0.000009347998063212665f,-0.0000018704963614470703f,2.561134727693517f,0.000009424705816351993f,0.0000026315829076520268f,-0.000002061478031746798f,-1.2661310601731621f,0f,0f,0f,1f],start_interpolation:0}
execute if entity @s[tag=aj.gravity_blackhole.bone.meteorite_staff] run data modify entity @s {} merge value {transformation:[-1.2034521118970698f,-0.36773528566322056f,-0.8906233127196835f,0.39707562500000015f,-0.5330479811986938f,1.4411497014119523f,0.1252337772781313f,1.7306130924342515f,0.8026823625953111f,0.40570236492968736f,-1.252135267045849f,-1.5041463609063392f,0f,0f,0f,1f],start_interpolation:0}
execute if entity @s[tag=aj.gravity_blackhole.bone.left_arm2] run data modify entity @s {} merge value {transformation:[-1f,-9.50799066531684e-17f,-7.718425472493315e-17f,0.4375f,0f,-0.630257269105442f,0.7763863566161828f,1.4292935981097832f,-1.2246467991473532e-16f,0.7763863566161828f,0.630257269105442f,-0.24403320512646087f,0f,0f,0f,1f],start_interpolation:0}
execute if entity @s[tag=aj.gravity_blackhole.bone.left_arm] run data modify entity @s {} merge value {transformation:[-1f,-1.1954179341751595e-16f,-2.6596192455735475e-17f,0.3125f,0f,-0.2171743924391325f,0.9761328205058437f,1.375f,-1.2246467991473532e-16f,0.9761328205058437f,0.2171743924391325f,3.827021247335479e-17f,0f,0f,0f,1f],start_interpolation:0}
execute if entity @s[tag=aj.gravity_blackhole.bone.head] run data modify entity @s {} merge value {transformation:[-0.9997188762062724f,0.0074062974415604055f,-0.022523661227139512f,0f,0.0018282659202916041f,0.9712122400448486f,0.2382088206401939f,1.51875f,0.02363950085328606f,0.23810067523061437f,-0.9709527498566205f,0f,0f,0f,0f,1f],start_interpolation:0}
execute if entity @s[tag=aj.gravity_blackhole.bone.right_leg2] run data modify entity @s {} merge value {transformation:[-0.982332841559871f,0.18389129480704391f,0.03473010347088415f,-0.1904786156204849f,0.18637072718365683f,0.9781227544549128f,0.09242201721759422f,0.41589547889363965f,-0.016974700054623027f,0.09726185743508697f,-0.9951140591139955f,-0.0505193387539924f,0f,0f,0f,1f],start_interpolation:0}
execute if entity @s[tag=aj.gravity_blackhole.bone.right_leg] run data modify entity @s {} merge value {transformation:[-0.982332841559871f,0.18220136520482763f,0.04271827372924236f,-0.12499999999999999f,0.18637072718365683f,0.9731604065568288f,0.1349991672536636f,0.765625f,-0.016974700054623027f,0.14057555131545707f,-0.9899244283936077f,-1.3877787807814457e-17f,0f,0f,0f,1f],start_interpolation:0}
execute if entity @s[tag=aj.gravity_blackhole.bone.left_leg2] run data modify entity @s {} merge value {transformation:[-0.9850017441808161f,-0.17049442183684183f,0.026518221721511245f,0.186995446796637f,-0.17217464668494528f,0.9812694376088182f,-0.08640707062380852f,0.41294652895380507f,-0.011289596966431895f,-0.08967688072962059f,-0.9959069243975266f,-0.030411367315587606f,0f,0f,0f,1f],start_interpolation:0}
execute if entity @s[tag=aj.gravity_blackhole.bone.left_leg] run data modify entity @s {} merge value {transformation:[-0.9850017441808161f,-0.17250906934716378f,-0.0034906953069034617f,0.125f,-0.17217464668494528f,0.9813661803024555f,0.08530129657562485f,0.765625f,-0.011289596966431895f,0.08462293513902644f,-0.9963490873427805f,2.0816681711721685e-17f,0f,0f,0f,1f],start_interpolation:0}
execute if entity @s[tag=aj.gravity_blackhole.locator_origin.player_camera] at @s on origin run tp @s ^0 ^0.0625 ^-0.125 ~0 ~0
execute if entity @s[tag=aj.gravity_blackhole.bone.vortex] run data modify entity @s {} merge value {transformation:[0f,9.672477194790947f,5.8924919105798566f,-0.09736750077949263f,-8.01472f,-2.5148771953809047e-15f,-1.2574385976904524e-15f,3.9564996501457728f,0f,-5.8924919105798566f,9.672477194790948f,-5.652488758643534f,0f,0f,0f,1f],start_interpolation:0}
execute if entity @s[tag=aj.gravity_blackhole.locator_origin.gravity_tornado] at @s on origin run tp @s ^-0.54208 ^1.72383 ^-5.76049 ~148.65015 ~0
execute if entity @s[tag=aj.gravity_blackhole.locator_origin.gravity_tornado2] at @s on origin run tp @s ^-0.54208 ^4.01375 ^-5.76049 ~148.65015 ~0
execute if entity @s[tag=aj.gravity_blackhole.locator_origin.gravity_tornado3] at @s on origin run tp @s ^-0.54208 ^6.30367 ^-5.76049 ~148.65015 ~0
execute if entity @s[tag=aj.gravity_blackhole.locator_origin.gravity_tornado4] at @s on origin run tp @s ^-0.54208 ^8.59359 ^-5.76049 ~148.65015 ~0
execute if entity @s[tag=aj.gravity_blackhole.locator_origin.gravity_tornado5] at @s on origin run tp @s ^-0.54208 ^10.88351 ^-5.76049 ~148.65015 ~0
execute if entity @s[tag=aj.gravity_blackhole.locator_origin.gravity_tornado6] at @s on origin run tp @s ^-0.54208 ^13.17343 ^-5.76049 ~148.65015 ~0
execute if entity @s[tag=aj.gravity_blackhole.bone.tornado] run data modify entity @s {} merge value {transformation:[0f,12.528160938014938f,7.632179998465337f,-0.542080903790087f,-10.380970666666666f,-3.2573647483028857e-15f,-1.6286823741514429e-15f,15.692339650145772f,0f,-7.632179998465337f,12.528160938014942f,-5.760488338192422f,0f,0f,0f,1f],start_interpolation:0}