execute if entity @s[tag=aj.gravity_blackhole.bone.right_arm2] run data modify entity @s {} merge value {transformation:[-0.9669872225676654f,0.2543795005800802f,0.015059252156110653f,-0.37609487514502005f,0.2523443964060817f,0.9641264973808223f,-0.08235534378919954f,1.132811985907858f,-0.035468535257642944f,-0.07583644725866255f,-0.996489245438134f,-0.015856111423514122f,0f,0f,0f,1f],start_interpolation:0}
execute if entity @s[tag=aj.gravity_blackhole.bone.right_arm] run data modify entity @s {} merge value {transformation:[-0.9669872225676654f,0.2543795005800802f,0.015059252156110653f,-0.3125f,0.2523443964060817f,0.9641264973808223f,-0.08235534378919954f,1.3738436102530636f,-0.035468535257642944f,-0.07583644725866255f,-0.996489245438134f,-0.03481522323817976f,0f,0f,0f,1f],start_interpolation:0}
execute if entity @s[tag=aj.gravity_blackhole.bone.meteorite_staff_effects] run data modify entity @s {} merge value {transformation:[0.2918814712471055f,-0.015248421800087836f,964.0039116635046f,0.3695981553662011f,-0.0520985949375601f,0.889035038405257f,39.11706800531494f,2.7900303014116f,-0.8404496669419816f,-0.060406006614414455f,332.3660496642663f,-1.5001208983067935f,0f,0f,0f,1f],start_interpolation:0}
execute if entity @s[tag=aj.gravity_blackhole.bone.meteorite_staff] run data modify entity @s {} merge value {transformation:[1.3868570993589986f,-0.026377446367623004f,0.6728058615914239f,0.39707562500000015f,-0.02193812385104997f,1.5378951574081745f,0.10551452342446693f,1.9064851487518006f,-0.6729652411458938f,-0.10449318759957306f,1.3830889592017717f,-1.4336374296931922f,0f,0f,0f,1f],start_interpolation:0}
execute if entity @s[tag=aj.gravity_blackhole.bone.left_arm2] run data modify entity @s {} merge value {transformation:[-1f,-8.280491618939622e-17f,-9.022717817534604e-17f,0.4375f,0f,-0.736760821472491f,0.676153452955156f,1.4511267589023265f,-1.2246467991473532e-16f,0.676153452955156f,0.736760821472491f,-0.2725699601728114f,0f,0f,0f,1f],start_interpolation:0}
execute if entity @s[tag=aj.gravity_blackhole.bone.left_arm] run data modify entity @s {} merge value {transformation:[-1f,-1.1646623102764707e-16f,-3.785782424853959e-17f,0.3125f,0f,-0.30913259459705184f,0.9510189477385268f,1.3738436102530636f,-1.2246467991473532e-16f,0.9510189477385268f,0.30913259459705184f,-0.034815223238179684f,0f,0f,0f,1f],start_interpolation:0}
execute if entity @s[tag=aj.gravity_blackhole.bone.head] run data modify entity @s {} merge value {transformation:[-0.9626286680500833f,-0.14978649728047844f,0.22563256121528175f,5.811352741203355e-18f,-0.04167895094572742f,0.9051415220294556f,0.4230622769123525f,1.5170369816412184f,-0.2675984164680095f,0.39784774767572284f,-0.8775581218205255f,-0.047453296291220005f,0f,0f,0f,1f],start_interpolation:0}
execute if entity @s[tag=aj.gravity_blackhole.bone.body_top] run data modify entity @s {} merge value {transformation:[-1f,1.0766730929945184e-17f,1.2199047229886741e-16f,1.5719524375374382e-18f,0f,0.9961278009610766f,-0.08791702993419329f,1.1248116600127944f,-1.2246467991473532e-16f,-0.08791702993419329f,-0.9961278009610766f,-0.012835965754631399f,0f,0f,0f,1f],start_interpolation:0}
execute if entity @s[tag=aj.gravity_blackhole.bone.body] run data modify entity @s {} merge value {transformation:[-1f,3.593034142942716e-18f,1.224119599233107e-16f,0f,0f,0.9995695086006731f,-0.02933935029630034f,0.6875f,-1.2246467991473532e-16f,-0.02933935029630034f,-0.9995695086006731f,0f,0f,0f,0f,1f],start_interpolation:0}
execute if entity @s[tag=aj.gravity_blackhole.bone.right_leg2] run data modify entity @s {} merge value {transformation:[-0.9761188314893473f,0.20836182749680462f,-0.06146035839517271f,-0.20258925942112466f,0.21691826426156938f,0.9501902249030046f,-0.22379678980835627f,0.4153463625045841f,0.01176832365374105f,-0.23178413522277463f,-0.9726960579838964f,0.020860814026218217f,0f,0f,0f,1f],start_interpolation:0}
execute if entity @s[tag=aj.gravity_blackhole.bone.right_leg] run data modify entity @s {} merge value {transformation:[-0.9761188314893473f,0.21590054795443384f,-0.024062007498262674f,-0.12499999999999999f,0.21691826426156938f,0.9746883825959398f,-0.05412045327100341f,0.765625f,0.01176832365374105f,-0.05804748250773768f,-0.9982444572011882f,-1.3877787807814457e-17f,0f,0f,0f,1f],start_interpolation:0}
execute if entity @s[tag=aj.gravity_blackhole.bone.left_leg2] run data modify entity @s {} merge value {transformation:[-0.9850017441808161f,-0.17043327922718196f,0.026908387031177455f,0.18689227899963648f,-0.17217464668494528f,0.9810690951484705f,-0.08865281486492957f,0.4144952521690359f,-0.011289596966431894f,-0.09195611929844932f,-0.9956990595174352f,-0.045029286174607365f,0f,0f,0f,1f],start_interpolation:0}
execute if entity @s[tag=aj.gravity_blackhole.bone.left_leg] run data modify entity @s {} merge value {transformation:[-0.9850017441808161f,-0.17222199373811892f,-0.010542714717639982f,0.125f,-0.17217464668494528f,0.9770566896165959f,0.1253639354614128f,0.765625f,-0.011289596966431894f,0.12529888326847272f,-0.9920548043591186f,2.0816681711721685e-17f,0f,0f,0f,1f],start_interpolation:0}
execute if entity @s[tag=aj.gravity_blackhole.locator_origin.player_camera] at @s on origin run tp @s ^0 ^0.0625 ^-0.125 ~0 ~0
execute if entity @s[tag=aj.gravity_blackhole.bone.vortex] run data modify entity @s {} merge value {transformation:[-2.072666875029186e-18f,-0.007588338061392867f,0.005219316754789336f,0.3018073136769544f,-0.006222974510696407f,2.045031316695487e-18f,-1.0225156583477436e-18f,15.089637787323625f,-2.5382848542032396e-34f,-0.005219316754789336f,-0.007588338061392867f,-1.755365932994748f,0f,0f,0f,1f],start_interpolation:0}
execute if entity @s[tag=aj.gravity_blackhole.locator_origin.gravity_tornado] at @s on origin run tp @s ^0.30188 ^15.0879 ^-1.755 ~34.52049 ~0
execute if entity @s[tag=aj.gravity_blackhole.locator_origin.gravity_tornado2] at @s on origin run tp @s ^0.30188 ^15.08968 ^-1.755 ~34.52049 ~0
execute if entity @s[tag=aj.gravity_blackhole.locator_origin.gravity_tornado3] at @s on origin run tp @s ^0.30188 ^15.09146 ^-1.755 ~34.52049 ~0
execute if entity @s[tag=aj.gravity_blackhole.locator_origin.gravity_tornado4] at @s on origin run tp @s ^0.30188 ^15.09324 ^-1.755 ~34.52049 ~0
execute if entity @s[tag=aj.gravity_blackhole.locator_origin.gravity_tornado5] at @s on origin run tp @s ^0.30188 ^15.09502 ^-1.755 ~34.52049 ~0
execute if entity @s[tag=aj.gravity_blackhole.locator_origin.gravity_tornado6] at @s on origin run tp @s ^0.30188 ^15.09679 ^-1.755 ~34.52049 ~0
execute if entity @s[tag=aj.gravity_blackhole.bone.tornado] run data modify entity @s {} merge value {transformation:[-2.6845970952758975e-18f,-0.009828704536661237f,0.006760257891917615f,0.3018750000000002f,-0.008060233651949631f,2.6488024673389164e-18f,-1.3244012336694582e-18f,15.09875f,-3.28768323972991e-34f,-0.006760257891917615f,-0.009828704536661237f,-1.755f,0f,0f,0f,1f],start_interpolation:0}