execute if entity @s[tag=aj.gravity_blackhole.bone.right_arm2] run data modify entity @s {} merge value {transformation:[-0.8713969475210409f,0.4792722005163877f,-0.10471636769479567f,-0.4323180501290969f,0.46199868160488106f,0.8735106494613389f,0.15341565589268125f,1.1566223376346652f,0.1649987213476636f,0.08530711042937328f,-0.9825976383361741f,-0.021326777607343358f,0f,0f,0f,1f],start_interpolation:0}
execute if entity @s[tag=aj.gravity_blackhole.bone.right_arm] run data modify entity @s {} merge value {transformation:[-0.8713969475210409f,0.4792722005163877f,-0.10471636769479567f,-0.3125f,0.46199868160488106f,0.8735106494613389f,0.15341565589268125f,1.375f,0.1649987213476636f,0.08530711042937328f,-0.9825976383361741f,-3.827021247335479e-17f,0f,0f,0f,1f],start_interpolation:0}
execute if entity @s[tag=aj.gravity_blackhole.bone.meteorite_staff_effects] run data modify entity @s {} merge value {transformation:[4.5118549582253635e-7f,-0.000002059632031289772f,-0.00000977519040960556f,0.22804411429877547f,-0.0000029901852738049185f,0.000009308679079829625f,-0.0000020993536665036776f,2.4843110515460016f,0.000009531800652378307f,0.000003017682833636997f,-1.9587403833337454e-7f,-1.260160180488004f,0f,0f,0f,1f],start_interpolation:0}
execute if entity @s[tag=aj.gravity_blackhole.bone.meteorite_staff] run data modify entity @s {} merge value {transformation:[-1.0164311782793694f,-0.31752660482383976f,-1.1148007114106844f,0.39707562500000015f,-0.5548223225783021f,1.4350880248070668f,0.09711159835611133f,1.65695402368866f,1.0177307901903831f,0.4652261035190369f,-1.0604361472592594f,-1.5298559286378908f,0f,0f,0f,1f],start_interpolation:0}
execute if entity @s[tag=aj.gravity_blackhole.bone.left_arm2] run data modify entity @s {} merge value {transformation:[-1f,-9.90620167007519e-17f,-7.200218520155155e-17f,0.4375f,0f,-0.58794246023982f,0.808902752775108f,1.4196321735577018f,-1.2246467991473532e-16f,0.808902752775108f,0.58794246023982f,-0.24598367645743316f,0f,0f,0f,1f],start_interpolation:0}
execute if entity @s[tag=aj.gravity_blackhole.bone.left_arm] run data modify entity @s {} merge value {transformation:[-1f,-1.204972488064375e-16f,-2.1863459394571416e-17f,0.3125f,0f,-0.17852869423080686f,0.9839347058297329f,1.375f,-1.2246467991473532e-16f,0.9839347058297329f,0.17852869423080686f,3.827021247335479e-17f,0f,0f,0f,1f],start_interpolation:0}
execute if entity @s[tag=aj.gravity_blackhole.bone.head] run data modify entity @s {} merge value {transformation:[-0.999727592285966f,0.0069452410233377055f,-0.022282388768558318f,0f,0.0017997148938119286f,0.9747962696110736f,0.223089654127295f,1.51875f,0.02327020086734144f,0.22298878083765308f,-0.9745432270413308f,0f,0f,0f,0f,1f],start_interpolation:0}
execute if entity @s[tag=aj.gravity_blackhole.bone.right_leg2] run data modify entity @s {} merge value {transformation:[-0.9821409218969296f,0.18522484197278893f,0.03302979642087622f,-0.19098405653223977f,0.18739596375919476f,0.9786975536906469f,0.08386805808355206f,0.41555501758023905f,-0.016791733150921022f,0.08855990241694517f,-0.995929305413637f,-0.047407829703314176f,0f,0f,0f,1f],start_interpolation:0}
execute if entity @s[tag=aj.gravity_blackhole.bone.right_leg] run data modify entity @s {} merge value {transformation:[-0.9821409218969296f,0.18360780948101504f,0.041077753505181426f,-0.12499999999999999f,0.18739596375919476f,0.9741077771680305f,0.1264784219838357f,0.765625f,-0.016791733150921022f,0.1319174391744394f,-0.9911184727061878f,-1.3877787807814457e-17f,0f,0f,0f,1f],start_interpolation:0}
execute if entity @s[tag=aj.gravity_blackhole.bone.left_leg2] run data modify entity @s {} merge value {transformation:[-0.9850017441808161f,-0.17039550538680695f,0.02714655972171892f,0.18699965006884642f,-0.1721746466849453f,0.9809442350699038f,-0.09002387862137136f,0.41283591687363486f,-0.011289596966431894f,-0.0933476267887716f,-0.9955695684246478f,-0.029091181536664998f,0f,0f,0f,1f],start_interpolation:0}
execute if entity @s[tag=aj.gravity_blackhole.bone.left_leg] run data modify entity @s {} merge value {transformation:[-0.9850017441808161f,-0.17252076540896394f,-0.002854726511496914f,0.125f,-0.1721746466849453f,0.9816739704385813f,0.08168296519021326f,0.765625f,-0.011289596966431894f,0.08094937471072006f,-0.9966542749290142f,2.0816681711721685e-17f,0f,0f,0f,1f],start_interpolation:0}
execute if entity @s[tag=aj.gravity_blackhole.locator_origin.player_camera] at @s on origin run tp @s ^0 ^0.0625 ^-0.125 ~0 ~0
execute if entity @s[tag=aj.gravity_blackhole.bone.vortex] run data modify entity @s {} merge value {transformation:[-9.016487556579021e-16f,3.8202649705960914f,-11.788173888136214f,-0.7837624122212636f,-8.12133f,0f,2.0636409248098174e-15f,3.9163761151603484f,-4.508243778289512e-16f,11.788173888136214f,3.8202649705960923f,-6.09779095972135f,0f,0f,0f,1f],start_interpolation:0}
execute if entity @s[tag=aj.gravity_blackhole.locator_origin.gravity_tornado] at @s on origin run tp @s ^-0.55611 ^1.65401 ^-6.54375 ~-107.95627 ~0
execute if entity @s[tag=aj.gravity_blackhole.locator_origin.gravity_tornado2] at @s on origin run tp @s ^-0.55611 ^3.97439 ^-6.54375 ~-107.95627 ~0
execute if entity @s[tag=aj.gravity_blackhole.locator_origin.gravity_tornado3] at @s on origin run tp @s ^-0.55611 ^6.29477 ^-6.54375 ~-107.95627 ~0
execute if entity @s[tag=aj.gravity_blackhole.locator_origin.gravity_tornado4] at @s on origin run tp @s ^-0.55611 ^8.61515 ^-6.54375 ~-107.95627 ~0
execute if entity @s[tag=aj.gravity_blackhole.locator_origin.gravity_tornado5] at @s on origin run tp @s ^-0.55611 ^10.93553 ^-6.54375 ~-107.95627 ~0
execute if entity @s[tag=aj.gravity_blackhole.locator_origin.gravity_tornado6] at @s on origin run tp @s ^-0.55611 ^13.25591 ^-6.54375 ~-107.95627 ~0
execute if entity @s[tag=aj.gravity_blackhole.bone.tornado] run data modify entity @s {} merge value {transformation:[-1.1678498168521398e-15f,4.948152723819699f,-15.268491893204999f,-0.5561078717201159f,-10.519055999999999f,0f,2.6729063407060488e-15f,15.808323615160349f,-5.839249084260701e-16f,15.268491893204999f,4.9481527238197f,-6.54374635568513f,0f,0f,0f,1f],start_interpolation:0}