execute if entity @s[tag=aj.gravity_blackhole.bone.right_arm2] run data modify entity @s {} merge value {transformation:[-0.9729294446066519f,0.2129469193972274f,-0.08978811355977268f,-0.36573672984930683f,0.1942543918253063f,0.964026386537142f,0.181434167996883f,1.1339934033657144f,0.12519395781734952f,0.15908090890918217f,-0.97929553115832f,-0.03977022722729558f,0f,0f,0f,1f],start_interpolation:0}
execute if entity @s[tag=aj.gravity_blackhole.bone.right_arm] run data modify entity @s {} merge value {transformation:[-0.9729294446066519f,0.2129469193972274f,-0.08978811355977268f,-0.3125f,0.1942543918253063f,0.964026386537142f,0.181434167996883f,1.375f,0.12519395781734952f,0.15908090890918217f,-0.97929553115832f,-3.827021247335479e-17f,0f,0f,0f,1f],start_interpolation:0}
execute if entity @s[tag=aj.gravity_blackhole.bone.meteorite_staff_effects] run data modify entity @s {} merge value {transformation:[-0.000008896575999164957f,6.7620951808453e-8f,-0.0000045657817400702154f,0.4075226611049393f,8.185616989187807e-7f,0.000009860551886197607f,-0.000001448955915363897f,1.9680629029948822f,0.000004492314797089056f,-0.0000016628120478518777f,-0.00000877805011704612f,-0.6173360021220129f,0f,0f,0f,1f],start_interpolation:0}
execute if entity @s[tag=aj.gravity_blackhole.bone.meteorite_staff] run data modify entity @s {} merge value {transformation:[-1.467562519093243f,0.0104248967371365f,0.47210982323165607f,0.39707562500000004f,-0.06872072056232295f,1.5201684157887974f,-0.24718730006754694f,1.0919042152654574f,-0.46719784484648536f,-0.2563501907104978f,-1.44663294052244f,-0.4829339445563847f,0f,0f,0f,1f],start_interpolation:0}
execute if entity @s[tag=aj.gravity_blackhole.bone.left_arm2] run data modify entity @s {} merge value {transformation:[-1f,-1.2138191467517135e-16f,-1.6248957394491686e-17f,0.4375f,0f,-0.13268280622465872f,0.9911585508546802f,1.364095153158666f,-1.2246467991473532e-16f,0.9911585508546802f,0.13268280622465872f,-0.2497620553954644f,0f,0f,0f,1f],start_interpolation:0}
execute if entity @s[tag=aj.gravity_blackhole.bone.head] run data modify entity @s {} merge value {transformation:[-1f,-9.22947134612606e-18f,1.2211639810152287e-16f,0f,0f,0.9971560631730312f,0.07536435282852148f,1.51875f,-1.2246467991473532e-16f,0.07536435282852148f,-0.9971560631730312f,0f,0f,0f,0f,1f],start_interpolation:0}
execute if entity @s[tag=aj.gravity_blackhole.bone.left_leg2] run data modify entity @s {} merge value {transformation:[-0.9850017441808161f,-0.17125964201527652f,0.02101663573337889f,0.1869229444656594f,-0.17217464668494528f,0.9835422366648502f,-0.054777365172287276f,0.4141159965061289f,-0.011289596966431894f,-0.05757433206823319f,-0.9982773869457487f,-0.041920878288134275f,0f,0f,0f,1f],start_interpolation:0}
execute if entity @s[tag=aj.gravity_blackhole.bone.left_leg] run data modify entity @s {} merge value {transformation:[-0.9850017441808161f,-0.17230732373053054f,-0.009041578931378679f,0.125f,-0.17217464668494528f,0.9781120097220761f,0.11684514314405851f,0.765625f,-0.011289596966431894f,0.11664940045393891f,-0.9931089881649808f,2.0816681711721685e-17f,0f,0f,0f,1f],start_interpolation:0}
execute if entity @s[tag=aj.gravity_blackhole.locator_origin.player_camera] at @s on origin run tp @s ^0 ^0.0625 ^-0.125 ~0 ~0
execute if entity @s[tag=aj.gravity_blackhole.bone.vortex] run data modify entity @s {} merge value {transformation:[-2.88884562530014e-16f,0.790346445715931f,-0.02725725686053541f,-0.4781974517469873f,-0.8673469387755063f,0f,2.743695293636775e-18f,1.5659620991253633f,-3.009214193021014e-18f,0.02725725686053541f,0.7903464457159308f,-14.7266398942121f,0f,0f,0f,1f],start_interpolation:0}
execute if entity @s[tag=aj.gravity_blackhole.locator_origin.gravity_tornado] at @s on origin run tp @s ^-0.5 ^1.32434 ^-14.75 ~-178.02478 ~0
execute if entity @s[tag=aj.gravity_blackhole.locator_origin.gravity_tornado2] at @s on origin run tp @s ^-0.5 ^1.57216 ^-14.75 ~-178.02478 ~0
execute if entity @s[tag=aj.gravity_blackhole.locator_origin.gravity_tornado3] at @s on origin run tp @s ^-0.5 ^1.81997 ^-14.75 ~-178.02478 ~0
execute if entity @s[tag=aj.gravity_blackhole.locator_origin.gravity_tornado4] at @s on origin run tp @s ^-0.5 ^2.06778 ^-14.75 ~-178.02478 ~0
execute if entity @s[tag=aj.gravity_blackhole.locator_origin.gravity_tornado5] at @s on origin run tp @s ^-0.5 ^2.3156 ^-14.75 ~-178.02478 ~0
execute if entity @s[tag=aj.gravity_blackhole.locator_origin.gravity_tornado6] at @s on origin run tp @s ^-0.5 ^2.56341 ^-14.75 ~-178.02478 ~0
execute if entity @s[tag=aj.gravity_blackhole.bone.tornado] run data modify entity @s {} merge value {transformation:[-3.7417429051506567e-16f,1.023686824927301f,-0.035304637457455386f,-0.49999999999999817f,-1.1234207968901795f,0f,3.5537386660438224e-18f,2.836005830903783f,-3.89764885953198e-18f,0.035304637457455386f,1.0236868249273008f,-14.75f,0f,0f,0f,1f],start_interpolation:0}