execute if entity @s[tag=aj.gravity_blackhole.bone.right_arm2] run data modify entity @s {} merge value {transformation:[-0.9762960071199334f,0.21643961393810288f,1.2246467991473532e-16f,-0.3666099034845257f,0.21643961393810288f,0.9762960071199334f,0f,1.1309259982200166f,-1.195617780139768e-16f,2.6506208041798655e-17f,-1f,-4.489676448380445e-17f,0f,0f,0f,1f],start_interpolation:0}
execute if entity @s[tag=aj.gravity_blackhole.bone.right_arm] run data modify entity @s {} merge value {transformation:[-0.9762960071199334f,0.21643961393810288f,1.2246467991473532e-16f,-0.3125f,0.21643961393810288f,0.9762960071199334f,0f,1.375f,-1.195617780139768e-16f,2.6506208041798655e-17f,-1f,-3.827021247335479e-17f,0f,0f,0f,1f],start_interpolation:0}
execute if entity @s[tag=aj.gravity_blackhole.bone.meteorite_staff_effects] run data modify entity @s {} merge value {transformation:[-0.00000863245029615389f,-4.494345552754771e-7f,-0.000005027803741690499f,0.482327885872637f,0.000004896235023370545f,0.0000016773125949652084f,-0.00000855648906121493f,1.0999216495631103f,0.0000012278780396897292f,-0.00000984807753012208f,-0.0000012278780396897307f,-1.0332930585716507f,0f,0f,0f,1f],start_interpolation:0}
execute if entity @s[tag=aj.gravity_blackhole.bone.meteorite_staff] run data modify entity @s {} merge value {transformation:[-1.4891356488623135f,-0.06928782727163604f,0.3929507951264422f,0.5170215739106798f,-0.39901269453305266f,0.2585856917238029f,-1.4665123322864715f,0.938490216769547f,-1.8236652058754491e-16f,-1.5182452858938205f,-0.2677076072365179f,-0.16233764051540106f,0f,0f,0f,1f],start_interpolation:0}
execute if entity @s[tag=aj.gravity_blackhole.bone.left_arm2] run data modify entity @s {} merge value {transformation:[-0.9659258262890683f,-0.25488700224417876f,-0.04494345552754765f,0.49696247884717826f,-0.2588190451025207f,0.9512512425641978f,0.1677312594965206f,1.1695395699967657f,-1.1829179713786698e-16f,0.1736481776669303f,-0.984807753012208f,-0.04341204441673252f,0f,0f,0f,1f],start_interpolation:0}
execute if entity @s[tag=aj.gravity_blackhole.bone.left_arm] run data modify entity @s {} merge value {transformation:[-0.9659258262890683f,-0.25488700224417876f,-0.04494345552754765f,0.3125f,-0.2588190451025207f,0.9512512425641978f,0.1677312594965206f,1.375f,-1.1829179713786698e-16f,0.1736481776669303f,-0.984807753012208f,3.827021247335479e-17f,0f,0f,0f,1f],start_interpolation:0}
execute if entity @s[tag=aj.gravity_blackhole.bone.head] run data modify entity @s {} merge value {transformation:[-1f,0f,1.2246467991473532e-16f,0f,0f,1f,0f,1.51875f,-1.2246467991473532e-16f,0f,-1f,0f,0f,0f,0f,1f],start_interpolation:0}
execute if entity @s[tag=aj.gravity_blackhole.bone.body_top] run data modify entity @s {} merge value {transformation:[-1f,0f,1.2246467991473532e-16f,0f,0f,1f,0f,1.125f,-1.2246467991473532e-16f,0f,-1f,0f,0f,0f,0f,1f],start_interpolation:0}
execute if entity @s[tag=aj.gravity_blackhole.bone.body] run data modify entity @s {} merge value {transformation:[-1f,0f,1.2246467991473532e-16f,0f,0f,1f,0f,0.6875f,-1.2246467991473532e-16f,0f,-1f,0f,0f,0f,0f,1f],start_interpolation:0}
execute if entity @s[tag=aj.gravity_blackhole.bone.right_leg2] run data modify entity @s {} merge value {transformation:[-0.9914448613738104f,0.13040196020729422f,-0.005693472539768617f,-0.17150654716685917f,0.13052619222005157f,0.9905012255519767f,-0.04324621745963608f,0.41237270308868307f,-1.2315170107722963e-16f,-0.043619387365335965f,-0.9990482215818577f,-0.046907850329081055f,0f,0f,0f,1f],start_interpolation:0}
execute if entity @s[tag=aj.gravity_blackhole.bone.right_leg] run data modify entity @s {} merge value {transformation:[-0.9914448613738104f,0.12940952255126034f,0.017037086855465972f,-0.12499999999999999f,0.13052619222005157f,0.9829629131445341f,0.12940952255126037f,0.765625f,-1.2315170107722963e-16f,0.1305261922200516f,-0.9914448613738104f,-1.3877787807814457e-17f,0f,0f,0f,1f],start_interpolation:0}
execute if entity @s[tag=aj.gravity_blackhole.bone.left_leg2] run data modify entity @s {} merge value {transformation:[-0.9914448613738104f,-0.12607862007251902f,0.03378266443126193f,0.17186320444949638f,-0.13052619222005157f,0.9576621969425486f,-0.2566048122925707f,0.4096636220672583f,-1.2141697760125282e-16f,-0.25881904510252074f,-0.9659258262890683f,0.01567571733441765f,0f,0f,0f,1f],start_interpolation:0}
execute if entity @s[tag=aj.gravity_blackhole.bone.left_leg] run data modify entity @s {} merge value {transformation:[-0.9914448613738104f,-0.13040196020729422f,0.005693472539768858f,0.125f,-0.13052619222005157f,0.9905012255519768f,-0.04324621745963608f,0.765625f,-1.2141697760125282e-16f,-0.04361938736533601f,-0.9990482215818578f,2.0816681711721685e-17f,0f,0f,0f,1f],start_interpolation:0}
execute if entity @s[tag=aj.gravity_blackhole.locator_origin.player_camera] at @s on origin run tp @s ^0 ^0.0625 ^-0.125 ~0 ~0
execute if entity @s[tag=aj.gravity_blackhole.bone.vortex] run data modify entity @s {} merge value {transformation:[-7.285838599102591e-21f,-0.000015467960838455724f,0.00001546796083845573f,0.3018750000000002f,-0.000021875000000000003f,4.8572257327350606e-21f,-2.4286128663675303e-21f,15.09871796875f,-8.922578919495225e-37f,-0.00001546796083845573f,-0.000015467960838455728f,-1.7550008838834763f,0f,0f,0f,1f],start_interpolation:0}
execute if entity @s[tag=aj.gravity_blackhole.locator_origin.gravity_tornado] at @s on origin run tp @s ^0.30188 ^15.09871 ^-1.755 ~45 ~0
execute if entity @s[tag=aj.gravity_blackhole.locator_origin.gravity_tornado2] at @s on origin run tp @s ^0.30188 ^15.09872 ^-1.755 ~45 ~0
execute if entity @s[tag=aj.gravity_blackhole.locator_origin.gravity_tornado3] at @s on origin run tp @s ^0.30188 ^15.09872 ^-1.755 ~45 ~0
execute if entity @s[tag=aj.gravity_blackhole.locator_origin.gravity_tornado4] at @s on origin run tp @s ^0.30188 ^15.09873 ^-1.755 ~45 ~0
execute if entity @s[tag=aj.gravity_blackhole.locator_origin.gravity_tornado5] at @s on origin run tp @s ^0.30188 ^15.09874 ^-1.755 ~45 ~0
execute if entity @s[tag=aj.gravity_blackhole.locator_origin.gravity_tornado6] at @s on origin run tp @s ^0.30188 ^15.09874 ^-1.755 ~45 ~0
execute if entity @s[tag=aj.gravity_blackhole.bone.tornado] run data modify entity @s {} merge value {transformation:[-9.436895709313831e-21f,-0.000020034692133618842f,0.00002003469213361885f,0.3018750000000002f,-0.000028333333333333332f,6.29126380620922e-21f,-3.14563190310461e-21f,15.09875f,-1.1556864124298576e-36f,-0.00002003469213361885f,-0.000020034692133618846f,-1.755f,0f,0f,0f,1f],start_interpolation:0}