execute if entity @s[tag=aj.gravity_blackhole.bone.right_arm2] run data modify entity @s {} merge value {transformation:[-0.9662475059499088f,0.2572140042100949f,-0.014377527040150993f,-0.3768035010525237f,0.25617142092835915f,0.9534324538581361f,-0.1591940923200314f,1.1360663460051585f,-0.027238949045923923f,-0.1575040061975012f,-0.9871426075732984f,0.014807180784459799f,0f,0f,0f,1f],start_interpolation:0}
execute if entity @s[tag=aj.gravity_blackhole.bone.right_arm] run data modify entity @s {} merge value {transformation:[-0.9662475059499088f,0.2572140042100949f,-0.014377527040150993f,-0.3125f,0.25617142092835915f,0.9534324538581361f,-0.1591940923200314f,1.3744244594696926f,-0.027238949045923923f,-0.1575040061975012f,-0.9871426075732984f,-0.024568820764915504f,0f,0f,0f,1f],start_interpolation:0}
execute if entity @s[tag=aj.gravity_blackhole.bone.meteorite_staff_effects] run data modify entity @s {} merge value {transformation:[0.5415160275566562f,0.02583914758116146f,-1122.154170249848f,0.4305396681744103f,-0.036373170183660895f,1.1193696239121962f,10.779890932813888f,2.7943618105748556f,0.9797129091678078f,0.027276061206621408f,620.6477037276072f,-1.3895565658335705f,0f,0f,0f,1f],start_interpolation:0}
execute if entity @s[tag=aj.gravity_blackhole.bone.meteorite_staff] run data modify entity @s {} merge value {transformation:[-0.42683305131108445f,0.03556727903656896f,-1.4809742151980616f,0.39707562500000015f,-0.02623927730041519f,1.5407989614862818f,0.04456648651910872f,1.908682687436951f,1.481168848493085f,0.03754517353589999f,-0.42598745675071015f,-1.4062822460019149f,0f,0f,0f,1f],start_interpolation:0}
execute if entity @s[tag=aj.gravity_blackhole.bone.left_arm2] run data modify entity @s {} merge value {transformation:[-1f,-8.043726665983823e-17f,-9.234416039421584e-17f,0.4375f,0f,-0.7540472931339013f,0.6568201273693098f,1.4398967749422238f,-1.2246467991473532e-16f,0.6568201273693098f,0.7540472931339013f,-0.2658433032670345f,0f,0f,0f,1f],start_interpolation:0}
execute if entity @s[tag=aj.gravity_blackhole.bone.left_arm] run data modify entity @s {} merge value {transformation:[-1f,-1.181904090848617e-16f,-3.207218463048043e-17f,0.3125f,0f,-0.2618892618901248f,0.9650979300084763f,1.3744244594696926f,-1.2246467991473532e-16f,0.9650979300084763f,0.2618892618901248f,-0.024568820764915428f,0f,0f,0f,1f],start_interpolation:0}
execute if entity @s[tag=aj.gravity_blackhole.bone.head] run data modify entity @s {} merge value {transformation:[-0.9653989344867487f,-0.16250656825180987f,0.20395223109068975f,4.101256873136505e-18f,-0.04951799147312996f,0.8820990199333201f,0.4684541466922276f,1.5178974098193216f,-0.2560329389205953f,0.44214582923250095f,-0.8596244528164533f,-0.033489303822064935f,0f,0f,0f,1f],start_interpolation:0}
execute if entity @s[tag=aj.gravity_blackhole.bone.body_top] run data modify entity @s {} merge value {transformation:[-1f,7.599611146286118e-18f,1.2222865350253935e-16f,1.1089099842863455e-18f,0f,0.9980726980843757f,-0.06205553431060501f,1.1249062849485987f,-1.2246467991473532e-16f,-0.06205553431060501f,-0.9980726980843757f,-0.009054937187264212f,0f,0f,0f,1f],start_interpolation:0}
execute if entity @s[tag=aj.gravity_blackhole.bone.body] run data modify entity @s {} merge value {transformation:[-1f,2.5346513926545042e-18f,1.224384472661112e-16f,0f,0f,0.9997857941682256f,-0.020696999285175342f,0.6875f,-1.2246467991473532e-16f,-0.020696999285175342f,-0.9997857941682256f,0f,0f,0f,0f,1f],start_interpolation:0}
execute if entity @s[tag=aj.gravity_blackhole.bone.right_leg2] run data modify entity @s {} merge value {transformation:[-0.9763933246446789f,0.21149998730384625f,-0.043861497463989006f,-0.20259024713051627f,0.21570039077138234f,0.9654188300744586f,-0.14642344060544585f,0.41481099085978623f,0.011376159737960818f,-0.15242781212146436f,-0.988249131080559f,-0.0077249703038544245f,0f,0f,0f,1f],start_interpolation:0}
execute if entity @s[tag=aj.gravity_blackhole.bone.right_leg] run data modify entity @s {} merge value {transformation:[-0.9763933246446789f,0.21590329636317576f,-0.006468555389369871f,-0.12499999999999999f,0.21570039077138234f,0.9761781123901601f,0.023444280996803988f,0.765625f,0.011376159737960818f,0.0214955695411601f,-0.9997042179963619f,-1.3877787807814457e-17f,0f,0f,0f,1f],start_interpolation:0}
execute if entity @s[tag=aj.gravity_blackhole.bone.left_leg2] run data modify entity @s {} merge value {transformation:[-0.9850017441808161f,-0.17163376398116073f,0.017703531354207682f,0.18659583423325962f,-0.17217464668494525f,0.9844170513628547f,-0.035762550593837816f,0.41745428137035895f,-0.011289596966431892f,-0.03827427396727154f,-0.9992034952664115f,-0.06429225862441063f,0f,0f,0f,1f],start_interpolation:0}
execute if entity @s[tag=aj.gravity_blackhole.bone.left_leg] run data modify entity @s {} merge value {transformation:[-0.9850017441808161f,-0.1713971039534181f,-0.01986445864179039f,0.125f,-0.17217464668494525f,0.9688228692303056f,0.1781520112018734f,0.765625f,-0.011289596966431892f,0.17890019791140352f,-0.9838024518101163f,2.0816681711721685e-17f,0f,0f,0f,1f],start_interpolation:0}
execute if entity @s[tag=aj.gravity_blackhole.locator_origin.player_camera] at @s on origin run tp @s ^0 ^0.0625 ^-0.125 ~0 ~0
execute if entity @s[tag=aj.gravity_blackhole.bone.vortex] run data modify entity @s {} merge value {transformation:[1.232608054092756e-17f,0.02616848129496068f,-0.026168481294960688f,0.3018750000000002f,0.037007821154040055f,-8.21738702728504e-18f,4.10869351364252e-18f,15.152940023832702f,1.5095095080479413e-33f,0.026168481294960688f,0.026168481294960685f,-1.7535046582117164f,0f,0f,0f,1f],start_interpolation:0}
execute if entity @s[tag=aj.gravity_blackhole.locator_origin.gravity_tornado] at @s on origin run tp @s ^0.30188 ^15.16325 ^-1.755 ~-135 ~0
execute if entity @s[tag=aj.gravity_blackhole.locator_origin.gravity_tornado2] at @s on origin run tp @s ^0.30188 ^15.15268 ^-1.755 ~-135 ~0
execute if entity @s[tag=aj.gravity_blackhole.locator_origin.gravity_tornado3] at @s on origin run tp @s ^0.30188 ^15.1421 ^-1.755 ~-135 ~0
execute if entity @s[tag=aj.gravity_blackhole.locator_origin.gravity_tornado4] at @s on origin run tp @s ^0.30188 ^15.13153 ^-1.755 ~-135 ~0
execute if entity @s[tag=aj.gravity_blackhole.locator_origin.gravity_tornado5] at @s on origin run tp @s ^0.30188 ^15.12095 ^-1.755 ~-135 ~0
execute if entity @s[tag=aj.gravity_blackhole.locator_origin.gravity_tornado6] at @s on origin run tp @s ^0.30188 ^15.11038 ^-1.755 ~-135 ~0
execute if entity @s[tag=aj.gravity_blackhole.bone.tornado] run data modify entity @s {} merge value {transformation:[1.596520908158236e-17f,0.03389441386775859f,-0.0338944138677586f,0.3018750000000002f,0.047933939780470926f,-1.0643472721054909e-17f,5.321736360527454e-18f,15.09875f,1.9551742199478095e-33f,0.0338944138677586f,0.0338944138677586f,-1.755f,0f,0f,0f,1f],start_interpolation:0}