execute if entity @s[tag=aj.gravity_blackhole.bone.right_arm2] run data modify entity @s {} merge value {transformation:[-0.9654390559103474f,0.25269831115556035f,-0.06380433262768875f,-0.3756745777888901f,0.26006352291261947f,0.9179149401372758f,-0.2996650241904435f,1.145465222407415f,-0.01715789536087145f,-0.30590149756401847f,-0.9519085462453188f,0.06880668949526081f,0f,0f,0f,1f],start_interpolation:0}
execute if entity @s[tag=aj.gravity_blackhole.bone.right_arm] run data modify entity @s {} merge value {transformation:[-0.9654390559103474f,0.25269831115556035f,-0.06380433262768875f,-0.3125f,0.26006352291261947f,0.9179149401372758f,-0.2996650241904435f,1.3749439574417341f,-0.01715789536087145f,-0.30590149756401847f,-0.9519085462453188f,-0.007668684895743808f,0f,0f,0f,1f],start_interpolation:0}
execute if entity @s[tag=aj.gravity_blackhole.bone.meteorite_staff_effects] run data modify entity @s {} merge value {transformation:[-0.056551481488860564f,0.004622290463696353f,13.03209902310407f,0.3482041890864569f,-0.000039583267782278275f,-0.053685785122189265f,24.738749166403476f,3.082959344453193f,-0.012284467484746733f,-0.021105702392651398f,-60.07291305994565f,-0.5621739986287968f,0f,0f,0f,1f],start_interpolation:0}
execute if entity @s[tag=aj.gravity_blackhole.bone.meteorite_staff] run data modify entity @s {} merge value {transformation:[0.85087697421157f,-0.12313781795287111f,-1.2796802583682694f,0.4142973083163519f,-0.4062516056078342f,1.430189315655125f,-0.40774289133974356f,2.255559505328266f,1.219714769447649f,0.5622559117402345f,0.7569017651026699f,-0.8734107341397401f,0f,0f,0f,1f],start_interpolation:0}
execute if entity @s[tag=aj.gravity_blackhole.bone.left_arm2] run data modify entity @s {} merge value {transformation:[-0.9998161699249004f,-0.01696130469582105f,0.008940945124442337f,0.43902457558784924f,0.019169986435969098f,-0.8752557297542728f,0.48328037323313705f,1.4486466377177152f,-0.00037145221433067043f,0.48336292956259175f,0.875419979408696f,-0.24575364177553305f,0f,0f,0f,1f],start_interpolation:0}
execute if entity @s[tag=aj.gravity_blackhole.bone.left_arm] run data modify entity @s {} merge value {transformation:[-0.9998161699249004f,-0.00619021738894666f,0.018146833480812922f,0.3125f,0.019169986435969098f,-0.304395714321909f,0.9523527501522214f,1.3749439574417341f,-0.00037145221433067043f,0.9525255536263226f,0.3044584236182671f,-0.007668684895743732f,0f,0f,0f,1f],start_interpolation:0}
execute if entity @s[tag=aj.gravity_blackhole.bone.head] run data modify entity @s {} merge value {transformation:[-0.9868837299682588f,-0.08663278199701653f,0.13621771032943672f,1.2801932631524785e-18f,-0.03577728602194081f,0.9401959066632682f,0.33875011866941007f,1.5186669789369647f,-0.15741819884892969f,0.3294334806559476f,-0.9309635290891186f,-0.010453571299445678f,0f,0f,0f,1f],start_interpolation:0}
execute if entity @s[tag=aj.gravity_blackhole.bone.body_top] run data modify entity @s {} merge value {transformation:[-1f,2.3725232836747985e-18f,1.224416961655097e-16f,3.4601222020552655e-19f,0f,0.9998123234450815f,-0.019373122808361086f,1.1249908765804637f,-1.2246467991473532e-16f,-0.019373122808361086f,-0.9998123234450815f,-0.0028254041936534987f,0f,0f,0f,1f],start_interpolation:0}
execute if entity @s[tag=aj.gravity_blackhole.bone.body] run data modify entity @s {} merge value {transformation:[-1f,7.908850747554892e-19f,1.224621260938136e-16f,0f,0f,0.9999791464696313f,-0.006458066728350854f,0.6875f,-1.2246467991473532e-16f,-0.006458066728350854f,-0.9999791464696313f,0f,0f,0f,0f,1f],start_interpolation:0}
execute if entity @s[tag=aj.gravity_blackhole.bone.right_leg2] run data modify entity @s {} merge value {transformation:[-0.9749972142963483f,0.22131589046554057f,-0.019992717219161654f,-0.20457471851969689f,0.2218814193746104f,0.9745195764308204f,-0.03286686613296927f,0.4186765744993791f,0.012209334571088781f,-0.03648111539603885f,-0.9992597562039572f,-0.049447394675059736f,0f,0f,0f,1f],start_interpolation:0}
execute if entity @s[tag=aj.gravity_blackhole.bone.right_leg] run data modify entity @s {} merge value {transformation:[-0.9749972142963483f,0.22142530370698266f,0.018742118146864013f,-0.12499999999999999f,0.2218814193746104f,0.9654217057408582f,0.1368560039629983f,0.765625f,0.012209334571088781f,0.1375927504001662f,-0.9904136343905251f,-1.3877787807814457e-17f,0f,0f,0f,1f],start_interpolation:0}
execute if entity @s[tag=aj.gravity_blackhole.bone.left_leg2] run data modify entity @s {} merge value {transformation:[-0.9844560151916973f,-0.17563020869808435f,-0.0006196334012815649f,0.18657278187735543f,-0.17521285972356293f,0.9818610423438902f,0.07245237963559675f,0.42676835386681566f,-0.012116432658819273f,0.07143474868743452f,-0.99737168033767f,-0.10264188486311765f,0f,0f,0f,1f],start_interpolation:0}
execute if entity @s[tag=aj.gravity_blackhole.bone.left_leg] run data modify entity @s {} merge value {transformation:[-0.9844560151916973f,-0.1713329582674238f,-0.03861828018203115f,0.125f,-0.17521285972356293f,0.9429054501097304f,0.28324859389034557f,0.765625f,-0.012116432658819273f,0.28561220135824045f,-0.958268679700492f,2.0816681711721685e-17f,0f,0f,0f,1f],start_interpolation:0}
execute if entity @s[tag=aj.gravity_blackhole.locator_origin.player_camera] at @s on origin run tp @s ^0 ^0.0625 ^-0.125 ~0 ~0
execute if entity @s[tag=aj.gravity_blackhole.bone.vortex] run data modify entity @s {} merge value {transformation:[6.41983361506637e-18f,0.013629417341125211f,-0.013629417341125216f,0.3018750000000002f,0.019274906851062326f,-4.2798890767109135e-18f,2.1399445383554567e-18f,15.1269739707462f,7.862028687749612e-34f,0.013629417341125216f,0.013629417341125214f,-1.7542211761519355f,0f,0f,0f,1f],start_interpolation:0}
execute if entity @s[tag=aj.gravity_blackhole.locator_origin.gravity_tornado] at @s on origin run tp @s ^0.30188 ^15.13234 ^-1.755 ~-135 ~0
execute if entity @s[tag=aj.gravity_blackhole.locator_origin.gravity_tornado2] at @s on origin run tp @s ^0.30188 ^15.12684 ^-1.755 ~-135 ~0
execute if entity @s[tag=aj.gravity_blackhole.locator_origin.gravity_tornado3] at @s on origin run tp @s ^0.30188 ^15.12133 ^-1.755 ~-135 ~0
execute if entity @s[tag=aj.gravity_blackhole.locator_origin.gravity_tornado4] at @s on origin run tp @s ^0.30188 ^15.11582 ^-1.755 ~-135 ~0
execute if entity @s[tag=aj.gravity_blackhole.locator_origin.gravity_tornado5] at @s on origin run tp @s ^0.30188 ^15.11031 ^-1.755 ~-135 ~0
execute if entity @s[tag=aj.gravity_blackhole.locator_origin.gravity_tornado6] at @s on origin run tp @s ^0.30188 ^15.10481 ^-1.755 ~-135 ~0
execute if entity @s[tag=aj.gravity_blackhole.bone.tornado] run data modify entity @s {} merge value {transformation:[8.315213063324059e-18f,0.01765334055612408f,-0.017653340556124088f,0.3018750000000002f,0.024965593635661677f,-5.543475375549373e-18f,2.7717376877746866e-18f,15.09875f,1.0183199062228067e-33f,0.017653340556124088f,0.017653340556124084f,-1.755f,0f,0f,0f,1f],start_interpolation:0}