execute if entity @s[tag=aj.gravity_blackhole.bone.right_arm2] run data modify entity @s {} merge value {transformation:[-0.911895725916224f,0.39964674335186756f,-0.09342732782205253f,-0.4124116858379669f,0.38048076540739195f,0.908527586555143f,0.17266155224395627f,1.1478681033612141f,0.153884931720841f,0.1219020303216227f,-0.9805403218597072f,-0.030475507580405712f,0f,0f,0f,1f],start_interpolation:0}
execute if entity @s[tag=aj.gravity_blackhole.bone.right_arm] run data modify entity @s {} merge value {transformation:[-0.911895725916224f,0.39964674335186756f,-0.09342732782205253f,-0.3125f,0.38048076540739195f,0.908527586555143f,0.17266155224395627f,1.375f,0.153884931720841f,0.1219020303216227f,-0.9805403218597072f,-3.827021247335479e-17f,0f,0f,0f,1f],start_interpolation:0}
execute if entity @s[tag=aj.gravity_blackhole.bone.meteorite_staff_effects] run data modify entity @s {} merge value {transformation:[0.000007552693086524068f,2.716030874592338e-7f,-0.0000065485157786825395f,0.4316949051066181f,-0.000001449452794974215f,0.00000981323584238666f,-0.0000012647090166671488f,2.2049524904363604f,0.000006391863088013775f,0.0000019043723544990771f,0.000007451003435746533f,-1.3973834783719155f,0f,0f,0f,1f],start_interpolation:0}
execute if entity @s[tag=aj.gravity_blackhole.bone.meteorite_staff] run data modify entity @s {} merge value {transformation:[0.10946767334946095f,0.0418721426499652f,-1.5372051467752985f,0.39707562500000015f,-0.29587700926341415f,1.5128738590346098f,0.0201393433402049f,1.3337051904630854f,1.5090426551267209f,0.29359073798527435f,0.11545932049197537f,-1.5572482570418205f,0f,0f,0f,1f],start_interpolation:0}
execute if entity @s[tag=aj.gravity_blackhole.bone.left_arm2] run data modify entity @s {} merge value {transformation:[-1f,-1.1234153274065327e-16f,-4.875425979439443e-17f,0.4375f,0f,-0.3981087430950626f,0.9173382302462213f,1.3806718333931953f,-1.2246467991473532e-16f,0.9173382302462213f,0.3981087430950626f,-0.24993565233067452f,0f,0f,0f,1f],start_interpolation:0}
execute if entity @s[tag=aj.gravity_blackhole.bone.left_arm] run data modify entity @s {} merge value {transformation:[-1f,-1.2243315864782654e-16f,-2.77839704410949e-18f,0.3125f,0f,-0.0226873335727813f,0.9997426093226983f,1.375f,-1.2246467991473532e-16f,0.9997426093226983f,0.0226873335727813f,3.827021247335479e-17f,0f,0f,0f,1f],start_interpolation:0}
execute if entity @s[tag=aj.gravity_blackhole.bone.head] run data modify entity @s {} merge value {transformation:[-0.9999754660507507f,0.001783069341161514f,-0.006774065271940234f,0f,0.0005402263916339199f,0.9838104562569486f,0.17921131190563938f,1.51875f,0.006983942441750151f,0.17920325561556966f,-0.9837872827622601f,0f,0f,0f,0f,1f],start_interpolation:0}
execute if entity @s[tag=aj.gravity_blackhole.bone.right_leg2] run data modify entity @s {} merge value {transformation:[-0.9820822516837947f,0.1865101436197151f,0.02698920626178212f,-0.19154021276399474f,0.18770816962542572f,0.9808367395163021f,0.0522008953074779f,0.4142905738802886f,-0.016736008591063917f,0.05633166731052015f,-0.9982718313537935f,-0.03587355200499895f,0f,0f,0f,1f],start_interpolation:0}
execute if entity @s[tag=aj.gravity_blackhole.bone.right_leg] run data modify entity @s {} merge value {transformation:[-0.9820822516837947f,0.18515537464763762f,0.03509897671985217f,-0.12499999999999999f,0.18770816962542572f,0.9776262292026752f,0.09493470930503128f,0.765625f,-0.016736008591063917f,0.09982205775304051f,-0.9948645449519188f,-1.3877787807814457e-17f,0f,0f,0f,1f],start_interpolation:0}
execute if entity @s[tag=aj.gravity_blackhole.bone.left_leg2] run data modify entity @s {} merge value {transformation:[-0.9850017441808161f,-0.1696621922258806f,0.03140548502823251f,0.18700589677254453f,-0.17217464668494525f,0.9783819667432352f,-0.11456272600873835f,0.41221140059860933f,-0.011289596966431894f,-0.11825171322542151f,-0.9929194717194281f,-0.020111865865351942f,0f,0f,0f,1f],start_interpolation:0}
execute if entity @s[tag=aj.gravity_blackhole.bone.left_leg] run data modify entity @s {} merge value {transformation:[-0.9850017441808161f,-0.17253814754099345f,0.0014668346439115987f,0.125f,-0.17217464668494525f,0.9834117548560436f,0.05707198480753116f,0.765625f,-0.011289596966431894f,0.05596345284271851f,-0.9983689883736656f,2.0816681711721685e-17f,0f,0f,0f,1f],start_interpolation:0}
execute if entity @s[tag=aj.gravity_blackhole.locator_origin.player_camera] at @s on origin run tp @s ^0 ^0.0625 ^-0.125 ~0 ~0
execute if entity @s[tag=aj.gravity_blackhole.bone.vortex] run data modify entity @s {} merge value {transformation:[0f,6.093953854154873f,15.240382977107553f,0.10955248089321351f,-8.5619275f,-3.644546470171761e-15f,-1.8222732350858807e-15f,4.114251249999999f,0f,-15.240382977107553f,6.093953854154875f,-11.713432015120079f,0f,0f,0f,1f],start_interpolation:0}
execute if entity @s[tag=aj.gravity_blackhole.locator_origin.gravity_tornado] at @s on origin run tp @s ^-0.5 ^1.72914 ^-11.45211 ~111.79428 ~0
execute if entity @s[tag=aj.gravity_blackhole.locator_origin.gravity_tornado2] at @s on origin run tp @s ^-0.5 ^4.17541 ^-11.45211 ~111.79428 ~0
execute if entity @s[tag=aj.gravity_blackhole.locator_origin.gravity_tornado3] at @s on origin run tp @s ^-0.5 ^6.62167 ^-11.45211 ~111.79428 ~0
execute if entity @s[tag=aj.gravity_blackhole.locator_origin.gravity_tornado4] at @s on origin run tp @s ^-0.5 ^9.06794 ^-11.45211 ~111.79428 ~0
execute if entity @s[tag=aj.gravity_blackhole.locator_origin.gravity_tornado5] at @s on origin run tp @s ^-0.5 ^11.5142 ^-11.45211 ~111.79428 ~0
execute if entity @s[tag=aj.gravity_blackhole.locator_origin.gravity_tornado6] at @s on origin run tp @s ^-0.5 ^13.96047 ^-11.45211 ~111.79428 ~0
execute if entity @s[tag=aj.gravity_blackhole.bone.tornado] run data modify entity @s {} merge value {transformation:[0f,7.893121182524406f,19.739924617967876f,-0.4999999999999986f,-11.089734666666665f,-4.720555428031996e-15f,-2.360277714015998e-15f,16.651359375f,0f,-19.739924617967876f,7.893121182524409f,-11.452105468750002f,0f,0f,0f,1f],start_interpolation:0}