execute if entity @s[tag=aj.murky_hand_scythe.bone.right_arm2] run data modify entity @s {} merge value {transformation:[-0.20762038434317187f,0.5766878006347014f,0.790142364769985f,0.11715512851258925f,-0.9664664287356884f,0.003853125102574389f,-0.2567640854049258f,1.046302187909811f,-0.1511172330744498f,-0.816955527569313f,0.55654941186014f,2.1396857227467483f,0f,0f,0f,1f],start_interpolation:0}
execute if entity @s[tag=aj.murky_hand_scythe.bone.right_arm] run data modify entity @s {} merge value {transformation:[-0.1729285136202494f,0.5133794859496423f,0.8405576914068253f,0.24549999999999983f,-0.9623033848761919f,0.09382742784465276f,-0.25528143144357335f,1.0697590448709744f,-0.20992361618673216f,-0.8530169501188924f,0.4778013794213535f,1.9264314852170252f,0f,0f,0f,1f],start_interpolation:0}
execute if entity @s[tag=aj.murky_hand_scythe.locator_origin.murky0] at @s on origin run tp @s ^-0.30934 ^1.36428 ^3.09273 ~-171.01653 ~26.01841
execute if entity @s[tag=aj.murky_hand_scythe.locator_origin.murky1] at @s on origin run tp @s ^-0.2041 ^1.03528 ^2.427 ~-171.01653 ~26.01841
execute if entity @s[tag=aj.murky_hand_scythe.bone.the_murky_hand_scythe] run data modify entity @s {} merge value {transformation:[0.989964662239803f,0.01670538613157424f,-0.140324258738922f,-0.2628410103950628f,0.04703487611679491f,0.8974213867890146f,0.4386599764764948f,1.2006097132524614f,0.13325797516513088f,-0.44085800957663934f,0.8876297242921806f,2.3360133538201704f,0f,0f,0f,1f],start_interpolation:0}
execute if entity @s[tag=aj.murky_hand_scythe.bone.left_arm2] run data modify entity @s {} merge value {transformation:[0.9335976142509987f,-0.08775165070417631f,-0.3474120643609482f,-0.28004800796963003f,0.33196658994064904f,-0.15315206336277923f,0.9307752836484754f,1.021101500913552f,-0.13488394206880355f,-0.9842987825281585f,-0.11385178472718005f,2.238484020092528f,0f,0f,0f,1f],start_interpolation:0}
execute if entity @s[tag=aj.murky_hand_scythe.bone.left_arm] run data modify entity @s {} merge value {transformation:[0.9356837884712f,-0.061649862357080476f,-0.3474120643609482f,-0.17850000000000016f,0.336113417743111f,-0.14382330048411746f,0.9307752836484754f,1.0271598530104116f,-0.10734811784669329f,-0.9876811999371092f,-0.11385178472718005f,1.9781452053774138f,0f,0f,0f,1f],start_interpolation:0}
execute if entity @s[tag=aj.murky_hand_scythe.bone.head] run data modify entity @s {} merge value {transformation:[1f,0f,0f,-1.8041124150158794e-16f,0f,0.9994617283920728f,0.032806302436122925f,1.1715974609451165f,0f,-0.032806302436122925f,0.9994617283920728f,1.9235160930461623f,0f,0f,0f,1f],start_interpolation:0}
execute if entity @s[tag=aj.murky_hand_scythe.bone.body_top] run data modify entity @s {} merge value {transformation:[1f,0f,0f,-1.8041124150158794e-16f,0f,0.7718465695580349f,-0.6358088337397442f,0.8676828741816403f,0f,0.6358088337397442f,0.7718465695580349f,1.6731663647611381f,0f,0f,0f,1f],start_interpolation:0}
execute if entity @s[tag=aj.murky_hand_scythe.locator_origin.player_camera] at @s on origin run tp @s ^0 ^0.20655 ^0.80466 ~-180 ~-39.48
execute if entity @s[tag=aj.murky_hand_scythe.bone.body] run data modify entity @s {} merge value {transformation:[1f,0f,0f,-1.8041124150158794e-16f,0f,0.7718465695580349f,-0.6358088337397442f,0.53f,0f,0.6358088337397442f,0.7718465695580349f,1.395f,0f,0f,0f,1f],start_interpolation:0}
execute if entity @s[tag=aj.murky_hand_scythe.bone.right_leg2] run data modify entity @s {} merge value {transformation:[0.9961946980917457f,-0.0856403481161111f,0.016181911767369377f,0.1420314456457552f,0.08641011328638196f,0.9947336146791432f,-0.055121031822711f,0.4544870825476343f,-0.01137610723095809f,0.056309560484139765f,0.9983485451395985f,1.7194313653226454f,0f,0f,0f,1f],start_interpolation:0}
execute if entity @s[tag=aj.murky_hand_scythe.bone.right_leg] run data modify entity @s {} merge value {transformation:[0.9961946980917457f,-0.047391848753406324f,-0.07314462499479973f,0.12499999999999982f,0.08641011328638196f,0.4275142050848437f,0.8998693776168343f,0.608125f,-0.01137610723095809f,-0.9027655382891f,0.4299825194840615f,1.395f,0f,0f,0f,1f],start_interpolation:0}
execute if entity @s[tag=aj.murky_hand_scythe.bone.left_leg2] run data modify entity @s {} merge value {transformation:[0.9961946980917458f,0.05623210372100398f,-0.0665888429468915f,-0.14815906598484987f,-0.08418598282936635f,0.4230919318309353f,-0.9021673556023964f,0.4150584030997843f,-0.022557566113150764f,0.9043401836315123f,0.42621589421368755f,1.0927760144378362f,0f,0f,0f,1f],start_interpolation:0}
execute if entity @s[tag=aj.murky_hand_scythe.bone.left_leg] run data modify entity @s {} merge value {transformation:[0.9961946980917458f,0.0644426183926253f,-0.05867940378529764f,-0.12500000000000017f,-0.08418598282936635f,0.5372287913745133f,-0.8392246099902775f,0.608125f,-0.022557566113150764f,0.840971090259934f,0.5406096387950077f,1.395f,0f,0f,0f,1f],start_interpolation:0}