execute if entity @s[tag=aj.murky_hand_scythe.bone.right_arm2] run data modify entity @s {} merge value {transformation:[0.004006968988723075f,0.6775406222536403f,0.7354744383020207f,0.1310873816643936f,-0.9906890137701452f,0.10277855177274513f,-0.0892852019689394f,1.214984343490138f,-0.13608534893463195f,-0.728268682899139f,0.6716438813193287f,0.8348539226397625f,0f,0f,0f,1f],start_interpolation:0}
execute if entity @s[tag=aj.murky_hand_scythe.bone.right_arm] run data modify entity @s {} merge value {transformation:[0.16584651284525742f,0.6316504733424253f,0.7573061558599387f,0.2889999999999999f,-0.9335332428132344f,0.3480557783655097f,-0.08586535802630807f,1.3019982880815153f,-0.3178216775798572f,-0.6927300012794805f,0.6473905518214303f,0.6616714223198924f,0f,0f,0f,1f],start_interpolation:0}
execute if entity @s[tag=aj.murky_hand_scythe.locator_origin.murky0] at @s on origin run tp @s ^-0.10042 ^1.3847 ^1.78751 ~-175.9732 ~17.37892
execute if entity @s[tag=aj.murky_hand_scythe.locator_origin.murky1] at @s on origin run tp @s ^-0.05015 ^1.16068 ^1.07351 ~-175.9732 ~17.37892
execute if entity @s[tag=aj.murky_hand_scythe.bone.the_murky_hand_scythe] run data modify entity @s {} merge value {transformation:[0.9950496486553613f,-0.07338161035169827f,-0.06701743036728497f,-0.12610248841267827f,0.09018223654853513f,0.9500797940809343f,0.2986897204294676f,1.3331848400995878f,0.04175357376257065f,-0.3032548831285672f,0.951994283037841f,1.014044682021753f,0f,0f,0f,1f],start_interpolation:0}
execute if entity @s[tag=aj.murky_hand_scythe.bone.left_arm2] run data modify entity @s {} merge value {transformation:[0.7898206646406277f,-0.5408436617632926f,-0.28926017914173835f,-0.27699802184627403f,0.39236552428455235f,0.08305748670488297f,0.9160517175657589f,1.2094622410615683f,-0.4714155418095013f,-0.837012298256568f,0.2778089262563622f,0.9499295006910569f,0f,0f,0f,1f],start_interpolation:0}
execute if entity @s[tag=aj.murky_hand_scythe.bone.left_arm] run data modify entity @s {} merge value {transformation:[0.8737967793455534f,-0.39090630228768086f,-0.28926017914173835f,-0.26550000000000007f,0.3711917061396909f,0.15187484333466422f,0.9160517175657589f,1.2938299151626957f,-0.31415904522780125f,-0.9078140199368172f,0.2778089262563622f,0.6837061150533774f,0f,0f,0f,1f],start_interpolation:0}
execute if entity @s[tag=aj.murky_hand_scythe.bone.head] run data modify entity @s {} merge value {transformation:[1f,0f,0f,-5.551115123125783e-17f,0f,0.9999912270311376f,-0.004188777955403844f,1.4229186525408273f,0f,0.004188777955403844f,0.9999912270311376f,0.6814344676071746f,0f,0f,0f,1f],start_interpolation:0}
execute if entity @s[tag=aj.murky_hand_scythe.bone.body_top] run data modify entity @s {} merge value {transformation:[1f,0f,0f,-5.551115123125783e-17f,0f,0.9376464992972356f,-0.34759033697103703f,1.0537203434425406f,0f,0.34759033697103703f,0.9376464992972356f,0.5445707724248288f,0f,0f,0f,1f],start_interpolation:0}
execute if entity @s[tag=aj.murky_hand_scythe.locator_origin.player_camera] at @s on origin run tp @s ^0 ^0.14437 ^-0.05916 ~-180 ~-20.34
execute if entity @s[tag=aj.murky_hand_scythe.bone.body] run data modify entity @s {} merge value {transformation:[1f,0f,0f,-5.551115123125783e-17f,0f,0.9376464992972356f,-0.34759033697103703f,0.6435f,0f,0.34759033697103703f,0.9376464992972356f,0.39250000000000007f,0f,0f,0f,1f],start_interpolation:0}
execute if entity @s[tag=aj.murky_hand_scythe.bone.right_leg2] run data modify entity @s {} merge value {transformation:[0.9961946980917457f,-0.07688242220543398f,0.04105139035064488f,0.1562126587809203f,0.08641011328638198f,0.9327314942313729f,-0.3500646397320714f,0.3718236597594373f,-0.011376107230958105f,0.3522797933812494f,0.9358255881089884f,0.46875734668038194f,0f,0f,0f,1f],start_interpolation:0}
execute if entity @s[tag=aj.murky_hand_scythe.bone.right_leg] run data modify entity @s {} merge value {transformation:[0.9961946980917457f,-0.0868526157382132f,-0.007262687748065945f,0.12499999999999994f,0.08641011328638198f,0.9733602511041743f,0.21237493706238786f,0.721625f,-0.011376107230958105f,-0.21219435598019298f,0.9771612658483864f,0.39250000000000007f,0f,0f,0f,1f],start_interpolation:0}
execute if entity @s[tag=aj.murky_hand_scythe.bone.left_leg2] run data modify entity @s {} merge value {transformation:[0.9961946980917458f,0.08702489346551116f,-0.004774035107952883f,-0.15623095252233532f,-0.08418598282936635f,0.946628485893446f,-0.3111386025393431f,0.36974595694907975f,-0.022557566113150768f,0.3103565330589936f,0.9503525548966828f,0.326498808411391f,0f,0f,0f,1f],start_interpolation:0}
execute if entity @s[tag=aj.murky_hand_scythe.bone.left_leg] run data modify entity @s {} merge value {transformation:[0.9961946980917458f,0.08690352006215027f,0.00662583539661077f,-0.12500000000000006f,-0.08418598282936635f,0.9791416850112562f,-0.18491695695195584f,0.721625f,-0.022557566113150768f,0.18365548963786874f,0.9827318135365953f,0.39250000000000007f,0f,0f,0f,1f],start_interpolation:0}