execute if entity @s[tag=aj.murky_hand_scythe.bone.right_arm2] run data modify entity @s {} merge value {transformation:[-0.207523457660357f,0.5809107025021046f,0.7870684660429493f,0.11683085396839338f,-0.9679774566631801f,-0.005761043125756357f,-0.2509710217813686f,1.0407722545254299f,-0.14125741719488957f,-0.8139469061926672f,0.563504015945596f,2.1778355083295504f,0f,0f,0f,1f],start_interpolation:0}
execute if entity @s[tag=aj.murky_hand_scythe.bone.right_arm] run data modify entity @s {} merge value {transformation:[-0.1691367122842553f,0.5206765841264258f,0.8368325204604026f,0.24699999999999983f,-0.9639955768160893f,0.08937652346198699f,-0.25044832786997007f,1.0631163853909267f,-0.2051957612541941f,-0.8490628550327036f,0.4868130727158279f,1.9655697945713744f,0f,0f,0f,1f],start_interpolation:0}
execute if entity @s[tag=aj.murky_hand_scythe.locator_origin.murky0] at @s on origin run tp @s ^-0.2359 ^1.3663 ^3.13136 ~-175.89008 ~24.71836
execute if entity @s[tag=aj.murky_hand_scythe.locator_origin.murky1] at @s on origin run tp @s ^-0.18707 ^1.05268 ^2.45183 ~-175.89008 ~24.71836
execute if entity @s[tag=aj.murky_hand_scythe.bone.the_murky_hand_scythe] run data modify entity @s {} merge value {transformation:[0.9978755289260217f,0.0024459963303429255f,-0.06510334762947856f,-0.24898245978220446f,0.02505569642311517f,0.9080285805526007f,0.41815823437591476f,1.2213727241885382f,0.0601385138440042f,-0.41890107901696993f,0.906038213957366f,2.3695305633726558f,0f,0f,0f,1f],start_interpolation:0}
execute if entity @s[tag=aj.murky_hand_scythe.bone.left_arm2] run data modify entity @s {} merge value {transformation:[0.9372897486598565f,-0.13721639186280826f,-0.3204053508624591f,-0.2726492485411469f,0.2940096420678025f,-0.1824784138592112f,0.9382217002641698f,1.0277262935339715f,-0.18720645669502406f,-0.9735878441515073f,-0.13069220440452972f,2.2807699696128925f,0f,0f,0f,1f],start_interpolation:0}
execute if entity @s[tag=aj.murky_hand_scythe.bone.left_arm] run data modify entity @s {} merge value {transformation:[0.9413238756481301f,-0.106064943659478f,-0.3204053508624591f,-0.18150000000000016f,0.29989810461718136f,-0.17263014800559323f,0.9382217002641698f,1.0220560196097208f,-0.15482405491978907f,-0.9792594445427012f,-0.13069220440452972f,2.0166021016122437f,0f,0f,0f,1f],start_interpolation:0}
execute if entity @s[tag=aj.murky_hand_scythe.bone.head] run data modify entity @s {} merge value {transformation:[1f,0f,0f,-1.8041124150158794e-16f,0f,0.99851773242542f,0.05442736473500903f,1.1651428279041638f,0f,-0.05442736473500903f,0.99851773242542f,1.9635905199332433f,0f,0f,0f,1f],start_interpolation:0}
execute if entity @s[tag=aj.murky_hand_scythe.bone.body_top] run data modify entity @s {} merge value {transformation:[1f,0f,0f,-1.8041124150158794e-16f,0f,0.7791191914636554f,-0.6268758134535259f,0.8583646462653494f,0f,0.6268758134535259f,0.7791191914636554f,1.7167581683859174f,0f,0f,0f,1f],start_interpolation:0}
execute if entity @s[tag=aj.murky_hand_scythe.locator_origin.player_camera] at @s on origin run tp @s ^0 ^0.18727 ^0.85592 ~-180 ~-38.82
execute if entity @s[tag=aj.murky_hand_scythe.bone.body] run data modify entity @s {} merge value {transformation:[1f,0f,0f,-1.8041124150158794e-16f,0f,0.7791191914636554f,-0.6268758134535259f,0.5175000000000001f,0f,0.6268758134535259f,0.7791191914636554f,1.4425f,0f,0f,0f,1f],start_interpolation:0}
execute if entity @s[tag=aj.murky_hand_scythe.bone.right_leg2] run data modify entity @s {} merge value {transformation:[0.9961946980917457f,-0.08546619891487012f,0.01707783173999198f,0.14134684013147616f,0.08641011328638197f,0.994101857258392f,-0.06553464516765506f,0.45039086739687406f,-0.011376107230958096f,0.06676096343268029f,0.9977041434943578f,1.770814206469555f,0f,0f,0f,1f],start_interpolation:0}
execute if entity @s[tag=aj.murky_hand_scythe.bone.right_leg] run data modify entity @s {} merge value {transformation:[0.9961946980917457f,-0.04548685949628202f,-0.07434426075401598f,0.12499999999999982f,0.08641011328638197f,0.40412976028695935f,0.9106110196852658f,0.5956250000000001f,-0.011376107230958096f,-0.9135699658283268f,0.4065224492210725f,1.4425f,0f,0f,0f,1f],start_interpolation:0}
execute if entity @s[tag=aj.murky_hand_scythe.bone.left_leg2] run data modify entity @s {} merge value {transformation:[0.9961946980917458f,0.05581260646068362f,-0.06694084294330623f,-0.1480261104656317f,-0.08418598282936635f,0.417415132982148f,-0.904807895109536f,0.40445718731930647f,-0.022557566113150764f,0.9070003085542807f,0.4205253815092381f,1.1390612808873861f,0f,0f,0f,1f],start_interpolation:0}
execute if entity @s[tag=aj.murky_hand_scythe.bone.left_leg] run data modify entity @s {} merge value {transformation:[0.9961946980917458f,0.06407265520871377f,-0.05908314775298297f,-0.12500000000000017f,-0.08418598282936635f,0.531945217894104f,-0.8425835302536169f,0.5956250000000001f,-0.022557566113150764f,0.8443512184003168f,0.5353150251925975f,1.4425f,0f,0f,0f,1f],start_interpolation:0}