execute if entity @s[tag=aj.flame_of_lorian.bone.right_arm2] run data modify entity @s {} merge value {transformation:[-0.4818518503999648f,-0.8611305295351779f,-0.1620894980206735f,-0.18085347680199032f,-0.5702737094946766f,0.16773727482410325f,0.8041468167528644f,0.7990135455514791f,-0.6652869234588271f,0.4799150109519887f,-0.5719046176921826f,-0.5405407102421887f,0f,0f,0f,1f],start_interpolation:0}
execute if entity @s[tag=aj.flame_of_lorian.bone.right_arm] run data modify entity @s {} merge value {transformation:[-0.718497221837259f,-0.6763791369073611f,-0.1620894980206735f,-0.3499482610288306f,-0.4934401319784933f,0.3314584940219254f,0.8041468167528644f,0.8818781690569604f,-0.4901821889514019f,0.6577587170818573f,-0.5719046176921826f,-0.3761010309717244f,0f,0f,0f,1f],start_interpolation:0}
execute if entity @s[tag=aj.flame_of_lorian.locator_origin.lorians_greatsword0] at @s on origin run tp @s ^0.44663 ^2.14608 ^-0.41914 ~135.58376 ~71.46584
execute if entity @s[tag=aj.flame_of_lorian.locator_origin.lorians_greatsword1] at @s on origin run tp @s ^0.11293 ^0.72388 ^-0.75971 ~135.58376 ~71.46584
execute if entity @s[tag=aj.flame_of_lorian.locator_origin.lorians_greatsword2] at @s on origin run tp @s ^0.75252 ^3.44976 ^-0.10695 ~135.58376 ~71.46584
execute if entity @s[tag=aj.flame_of_lorian.locator_origin.slash0] at @s on origin run tp @s ^0.82539 ^3.55669 ^0.02195 ~135.58376 ~71.46584
execute if entity @s[tag=aj.flame_of_lorian.locator_origin.slash1] at @s on origin run tp @s ^0.82539 ^3.55668 ^0.02196 ~135.58376 ~71.46584
execute if entity @s[tag=aj.flame_of_lorian.bone.lorian_slash] run data modify entity @s {} merge value {transformation:[-0.000014499215389852304f,0.000001907147997483082f,0.000003336995593998644f,0.8253921860712217f,0.0000027619729078697555f,-0.000003886619787509292f,0.000014222014353935053f,3.556696588411608f,0.000002672874620116623f,0.00001436164938797204f,0.000003405696422480861f,0.021951810079757883f,0f,0f,0f,1f],start_interpolation:0}
execute if entity @s[tag=aj.flame_of_lorian.bone.flame_of_lorian] run data modify entity @s {} merge value {transformation:[-1.691575128816102f,0.22250059970635955f,0.3893161526331751f,0.2703480243555851f,0.32223017258480474f,-0.45343897520941734f,1.6592350079590896f,1.3009098236747993f,0.3118353723469393f,1.675525761930071f,0.39733124928943375f,-0.5020574479376231f,0f,0f,0f,1f],start_interpolation:0}
execute if entity @s[tag=aj.flame_of_lorian.bone.left_arm2] run data modify entity @s {} merge value {transformation:[-0.9905601954867276f,0.12714319983220546f,0.05123578684595197f,0.1925012924171914f,0.016692363864404015f,-0.2591079858339528f,0.9657041040948777f,0.6488861253619717f,0.13605831141798835f,0.9574432925314691f,0.2545397365453688f,-0.52945788490904f,0f,0f,0f,1f],start_interpolation:0}
execute if entity @s[tag=aj.flame_of_lorian.bone.left_arm] run data modify entity @s {} merge value {transformation:[-0.9905601954867276f,0.06739297532763379f,-0.11936785996986332f,0.08552951181325891f,0.016692363864404015f,0.9236219928477529f,0.38294096061477106f,0.8818781690569604f,0.13605831141798835f,0.37733354105411077f,-0.9160281298571848f,-0.4181172107182638f,0f,0f,0f,1f],start_interpolation:0}
execute if entity @s[tag=aj.flame_of_lorian.bone.head] run data modify entity @s {} merge value {transformation:[-0.9142862253362681f,-0.12332386009636177f,0.38583924591893415f,-0.1726416662501947f,-0.3397445473479719f,0.7521585267526526f,-0.5646513908427047f,0.9878617862234157f,-0.22057728964623813f,-0.6473397687182615f,-0.7295867893048142f,-0.4907751642377703f,0f,0f,0f,1f],start_interpolation:0}
execute if entity @s[tag=aj.flame_of_lorian.bone.body_top] run data modify entity @s {} merge value {transformation:[-0.9953777664962046f,-0.06488164479584321f,-0.07080589052906058f,-0.14709451861183143f,0f,0.7372773368101242f,-0.6755902076156601f,0.6975588348544293f,0.0960369822778042f,-0.6724674719231829f,-0.7338694688023314f,-0.22599109716801702f,0f,0f,0f,1f],start_interpolation:0}
execute if entity @s[tag=aj.flame_of_lorian.locator_origin.player_camera] at @s on origin run tp @s ^-0.08664 ^-0.08194 ^0.40061 ~-5.51101 ~-42.5
execute if entity @s[tag=aj.flame_of_lorian.bone.body] run data modify entity @s {} merge value {transformation:[-0.9953777664962046f,-0.06488164479584321f,-0.07080589052906058f,-0.11870879901365003f,0f,0.7372773368101242f,-0.6755902076156601f,0.375f,0.0960369822778042f,-0.6724674719231829f,-0.7338694688023314f,0.06821342179837553f,0f,0f,0f,1f],start_interpolation:0}
execute if entity @s[tag=aj.flame_of_lorian.bone.right_leg2] run data modify entity @s {} merge value {transformation:[-0.9953777664962046f,-0.09567153256587949f,-0.008370174521665753f,-0.21981417872716943f,0f,0.08715574274765853f,-0.9961946980917455f,0.18816595708386163f,0.0960369822778042f,-0.9915900535819225f,-0.08675288855348212f,0.3218860423054949f,0f,0f,0f,1f],start_interpolation:0}
execute if entity @s[tag=aj.flame_of_lorian.bone.right_leg] run data modify entity @s {} merge value {transformation:[-0.9953777664962046f,-0.06488164479584321f,-0.07080589052906058f,-0.2431310198256756f,0f,0.7372773368101242f,-0.6755902076156601f,0.453125f,0.0960369822778042f,-0.6724674719231829f,-0.7338694688023314f,0.08021804458310106f,0f,0f,0f,1f],start_interpolation:0}
execute if entity @s[tag=aj.flame_of_lorian.bone.left_leg2] run data modify entity @s {} merge value {transformation:[-0.9953777664962046f,-0.01667664696117203f,-0.09457796472307758f,-0.022982134951038444f,0f,0.9848077530122079f,-0.1736481776669308f,0.42180340495006025f,0.0960369822778042f,-0.17284553524224572f,-0.9802557416214374f,-0.24120703505507807f,0f,0f,0f,1f],start_interpolation:0}
execute if entity @s[tag=aj.flame_of_lorian.bone.left_leg] run data modify entity @s {} merge value {transformation:[-0.9953777664962046f,0.09567153256587946f,-0.00837017452166574f,0.011399822064824483f,0f,0.08715574274765847f,0.9961946980917454f,0.453125f,0.0960369822778042f,0.9915900535819224f,-0.08675288855348207f,0.11514564045092528f,0f,0f,0f,1f],start_interpolation:0}