execute if entity @s[tag=aj.flame_of_lorian.bone.right_arm2] run data modify entity @s {} merge value {transformation:[-0.4541138973985751f,-0.8726637599310312f,-0.17955091281447594f,-0.18335802534402262f,-0.526771150499131f,0.10045577083440321f,0.8440502313890376f,0.8427334949649131f,-0.7185351231438157f,0.4778771810926957f,-0.5053124544275557f,-0.5082669045595057f,0f,0f,0f,1f],start_interpolation:0}
execute if entity @s[tag=aj.flame_of_lorian.bone.right_arm] run data modify entity @s {} merge value {transformation:[-0.6973672518861463f,-0.6938590531975872f,-0.17955091281447594f,-0.35682278864341943f,-0.4715021574913115f,0.25547000288321653f,0.8440502313890376f,0.9066009956857173f,-0.5397820221884039f,0.673271633089199f,-0.5053124544275557f,-0.339948996287206f,0f,0f,0f,1f],start_interpolation:0}
execute if entity @s[tag=aj.flame_of_lorian.locator_origin.lorians_greatsword0] at @s on origin run tp @s ^0.47431 ^2.12675 ^-0.07611 ~151.50116 ~57.73676
execute if entity @s[tag=aj.flame_of_lorian.locator_origin.lorians_greatsword1] at @s on origin run tp @s ^0.09226 ^0.85835 ^-0.7798 ~151.50116 ~57.73676
execute if entity @s[tag=aj.flame_of_lorian.locator_origin.lorians_greatsword2] at @s on origin run tp @s ^0.82453 ^3.28946 ^0.56894 ~151.50116 ~57.73676
execute if entity @s[tag=aj.flame_of_lorian.locator_origin.slash0] at @s on origin run tp @s ^0.90352 ^3.3557 ^0.71971 ~151.50116 ~57.73676
execute if entity @s[tag=aj.flame_of_lorian.locator_origin.slash1] at @s on origin run tp @s ^0.90352 ^3.35569 ^0.71971 ~151.50116 ~57.73676
execute if entity @s[tag=aj.flame_of_lorian.bone.lorian_slash] run data modify entity @s {} merge value {transformation:[-0.000014345589806822444f,0.0000021465175068356263f,0.000003820538664539335f,0.9035219007918576f,0.0000022272182592550983f,-0.000007691159866740698f,0.000012684067120993878f,3.3557002482663316f,0.0000037740630519418387f,0.000012697973164922243f,0.000007036897440128149f,0.7197113144782468f,0f,0f,0f,1f],start_interpolation:0}
execute if entity @s[tag=aj.flame_of_lorian.bone.flame_of_lorian] run data modify entity @s {} merge value {transformation:[-1.673652144129285f,0.25042704246415637f,0.4457295108629224f,0.2721949305728836f,0.2598421302464281f,-0.8973019844530814f,1.479807830782619f,1.3399737867022696f,0.44030735605988114f,1.4814302025742616f,0.8209713680149507f,-0.3800644539076794f,0f,0f,0f,1f],start_interpolation:0}
execute if entity @s[tag=aj.flame_of_lorian.bone.left_arm2] run data modify entity @s {} merge value {transformation:[-0.9857737967287372f,0.13386471412302384f,0.10163788661601997f,0.17508627400346313f,0.014345819187413957f,-0.5354904385574758f,0.8444194382446226f,0.7172474219607564f,0.1674640831786084f,0.8338646344139337f,0.525952043744356f,-0.5795366976737146f,0f,0f,0f,1f],start_interpolation:0}
execute if entity @s[tag=aj.flame_of_lorian.bone.left_arm] run data modify entity @s {} merge value {transformation:[-0.9857737967287372f,0.12140424125600778f,-0.11623696437907734f,0.08221560972637293f,0.014345819187413957f,0.7498182915048431f,0.6614882668623837f,0.9064952222353939f,0.1674640831786084f,0.6504102858425682f,-0.7408928673670283f,-0.3960011158157465f,0f,0f,0f,1f],start_interpolation:0}
execute if entity @s[tag=aj.flame_of_lorian.bone.head] run data modify entity @s {} merge value {transformation:[-0.9228395147822264f,-0.13847006148763089f,0.3594346561311474f,-0.18331483450010294f,-0.3208526565064643f,0.7926524005089531f,-0.518416574561558f,1.0184769210081026f,-0.21312156805271823f,-0.5937408643836182f,-0.7759194437515693f,-0.4530431586135524f,0f,0f,0f,1f],start_interpolation:0}
execute if entity @s[tag=aj.flame_of_lorian.bone.body_top] run data modify entity @s {} merge value {transformation:[-0.9919484274406837f,-0.07928962977981782f,-0.09874954130189055f,-0.15209454277429968f,0.00023898093675373124f,0.7785772032799461f,-0.6275487880801696f,0.7119121472166238f,0.12664225276765348f,-0.6225196327363154f,-0.7722894837247085f,-0.20792605322362814f,0f,0f,0f,1f],start_interpolation:0}
execute if entity @s[tag=aj.flame_of_lorian.locator_origin.player_camera] at @s on origin run tp @s ^-0.07728 ^-0.0965 ^0.37925 ~-7.2301 ~-39.78787
execute if entity @s[tag=aj.flame_of_lorian.bone.body] run data modify entity @s {} merge value {transformation:[-0.9920225307465393f,-0.08086218729538697f,-0.09670886803720208f,-0.11671733583256788f,-0.0002494673575148512f,0.7684189354122578f,-0.639947089583139f,0.37572886297376096f,0.1260604468390809f,-0.6348178056463902f,-0.762309069457417f,0.06980673674666757f,0f,0f,0f,1f],start_interpolation:0}
execute if entity @s[tag=aj.flame_of_lorian.bone.right_leg2] run data modify entity @s {} merge value {transformation:[-0.9916394640891322f,-0.1285860537987844f,-0.010807406232522111f,-0.20841304540009847f,-0.00212084197112324f,0.09998237259569936f,-0.9949869482558393f,0.19215325440768427f,0.12902199537424675f,-0.9866454033433649f,-0.09941917707895681f,0.32956423354171677f,0f,0f,0f,1f],start_interpolation:0}
execute if entity @s[tag=aj.flame_of_lorian.bone.right_leg] run data modify entity @s {} merge value {transformation:[-0.9916394640891322f,-0.08995718403257004f,-0.09251420594670288f,-0.24074140841180333f,-0.00212084197112324f,0.7282103890534308f,-0.6853503712000047f,0.45385386297376096f,0.12902199537424675f,-0.6794242667991638f,-0.722312944916583f,0.08539613766076727f,0f,0f,0f,1f],start_interpolation:0}
execute if entity @s[tag=aj.flame_of_lorian.bone.left_leg2] run data modify entity @s {} merge value {transformation:[-0.991698510824711f,-0.016220132604979304f,-0.12755771605954455f,-0.030867528548046703f,0.0013537937503321506f,0.9906399682269327f,-0.13649403134871158f,0.4134517674575687f,0.12857772307259163f,-0.13553361446378678f,-0.982394222539938f,-0.23789619245994614f,0f,0f,0f,1f],start_interpolation:0}
execute if entity @s[tag=aj.flame_of_lorian.bone.left_leg] run data modify entity @s {} merge value {transformation:[-0.991698510824711f,0.12791364383099588f,-0.013121103228297008f,0.015101437203717441f,0.0013537937503321506f,0.11242322230592638f,0.9936594921444837f,0.45385386297376096f,0.12857772307259163f,0.9853928753589752f,-0.1116631108345033f,0.11622937212218559f,0f,0f,0f,1f],start_interpolation:0}