execute if entity @s[tag=aj.flame_of_lorian.bone.right_arm2] run data modify entity @s {} merge value {transformation:[0.6003920770380251f,-0.2800041381607824f,-0.7490841317521038f,0.25406457814318434f,0.37978929412984774f,0.9241619671574755f,-0.04104571261383033f,1.1383613045175307f,0.7037680341521043f,-0.25985061299227785f,0.6612020969667438f,0.25982088975401657f,0f,0f,0f,1f],start_interpolation:0}
execute if entity @s[tag=aj.flame_of_lorian.bone.right_arm] run data modify entity @s {} merge value {transformation:[0.6013781660123746f,-0.2778799471008825f,-0.7490841317521038f,0.18459459136796372f,0.37651992309019994f,0.9254987828150681f,-0.04104571261383033f,1.3697360002212977f,0.7046822326125033f,-0.257361104301015f,0.6612020969667438f,0.19548061367876282f,0f,0f,0f,1f],start_interpolation:0}
execute if entity @s[tag=aj.flame_of_lorian.locator_origin.lorians_greatsword0] at @s on origin run tp @s ^-0.87123 ^0.18453 ^-0.91094 ~-71.48887 ~-55.69415
execute if entity @s[tag=aj.flame_of_lorian.locator_origin.lorians_greatsword1] at @s on origin run tp @s ^-0.06955 ^1.42359 ^-0.64253 ~-71.48887 ~-55.69415
execute if entity @s[tag=aj.flame_of_lorian.locator_origin.lorians_greatsword2] at @s on origin run tp @s ^-1.6061 ^-0.95128 ^-1.15698 ~-71.48887 ~-55.69415
execute if entity @s[tag=aj.flame_of_lorian.locator_origin.slash0] at @s on origin run tp @s ^-1.75158 ^-1.0469 ^-1.10175 ~-71.48887 ~-55.69415
execute if entity @s[tag=aj.flame_of_lorian.locator_origin.slash1] at @s on origin run tp @s ^-1.75158 ^-1.0469 ^-1.10175 ~-71.48887 ~-55.69415
execute if entity @s[tag=aj.flame_of_lorian.bone.lorian_slash] run data modify entity @s {} merge value {transformation:[0.000010744716747317399f,-0.000006729243005230514f,-0.00000801675436797668f,-1.7515822430731292f,-0.000008325858057091594f,0.0000014672531712234837f,-0.00001239061159687841f,-1.0469072899651024f,0.000006342802979210369f,0.000013325331392055165f,-0.0000026841001581217443f,-1.1017560691817496f,0f,0f,0f,1f],start_interpolation:0}
execute if entity @s[tag=aj.flame_of_lorian.bone.flame_of_lorian] run data modify entity @s {} merge value {transformation:[1.2535502871870299f,-0.7850783506102266f,-0.9352880095972791f,-0.4645079629708928f,-0.9713501066606859f,0.17117953664273974f,-1.4455713529691478f,0.905871790827707f,0.7399936809078762f,1.5546219957397693f,-0.3131450184475368f,-0.6530609488365436f,0f,0f,0f,1f],start_interpolation:0}
execute if entity @s[tag=aj.flame_of_lorian.bone.left_arm2] run data modify entity @s {} merge value {transformation:[0.7163144498211599f,-0.5587649350179673f,-0.4179418097914773f,-0.21613248340994606f,-0.5550572038061062f,-0.0933145352198823f,-0.8265614907674107f,1.4745511704485559f,0.42285353194735786f,0.8240595517989365f,-0.3769890523723207f,-0.4759469813189043f,0f,0f,0f,1f],start_interpolation:0}
execute if entity @s[tag=aj.flame_of_lorian.bone.left_arm] run data modify entity @s {} merge value {transformation:[0.7163144498211599f,-0.581459263873392f,-0.38574438872551553f,-0.27195799315064906f,-0.5550572038061062f,-0.13980920207870623f,-0.8199785896699148f,1.370216719453116f,0.42285353194735786f,0.801472714114416f,-0.4228905047996656f,-0.22272211129688052f,0f,0f,0f,1f],start_interpolation:0}
execute if entity @s[tag=aj.flame_of_lorian.bone.head] run data modify entity @s {} merge value {transformation:[0.9117336491480234f,-0.2613537303894482f,-0.31691636218843033f,-0.06567140915717995f,0.14067572855486024f,0.923497603036879f,-0.3568788542078364f,1.5091762568062415f,0.3859431206885127f,0.2807960199088627f,0.8787499660293326f,0.014883454174365776f,0f,0f,0f,1f],start_interpolation:0}
execute if entity @s[tag=aj.flame_of_lorian.bone.body_top] run data modify entity @s {} merge value {transformation:[0.7373982930986158f,-0.16800266156416227f,-0.6542315056939745f,0.0004796388337089557f,-0.0007764309151296869f,0.9683629357502845f,-0.2495448292794789f,1.127883350854567f,0.675457737012673f,0.18452189672894595f,0.713938733461962f,-0.0577720426626567f,0f,0f,0f,1f],start_interpolation:0}
execute if entity @s[tag=aj.flame_of_lorian.locator_origin.player_camera] at @s on origin run tp @s ^-0.03221 ^0.12748 ^-0.0127 ~-144.04948 ~-0.39062
execute if entity @s[tag=aj.flame_of_lorian.bone.body] run data modify entity @s {} merge value {transformation:[0.8095242889239742f,-0.004002543385197973f,-0.5870727427573036f,0.002230751564733069f,-2.168404344971009e-19f,0.9999767596252532f,-0.006817639575278967f,0.6903935185185186f,0.587086386864943f,0.005519044829317653f,0.8095054752761331f,-0.06018662477548318f,0f,0f,0f,1f],start_interpolation:0}
execute if entity @s[tag=aj.flame_of_lorian.bone.right_leg2] run data modify entity @s {} merge value {transformation:[0.8949991193845862f,-0.17710065580467077f,-0.409404364918561f,0.09628234039240587f,0.12579717659268747f,0.9807640180316451f,-0.1492548535081224f,0.41426398718266216f,0.42796220237554033f,0.08208104926216767f,0.9000616949353517f,0.05038423661545989f,0f,0f,0f,1f],start_interpolation:0}
execute if entity @s[tag=aj.flame_of_lorian.bone.right_leg] run data modify entity @s {} merge value {transformation:[0.8949991193845862f,-0.06421288475288342f,-0.441421886331577f,0.07320583493433838f,0.12579717659268747f,0.9857517393693397f,0.11166279009423652f,0.7685185185185186f,0.42796220237554033f,-0.15546772578909818f,0.8903247382701676f,-0.005486977339997271f,0f,0f,0f,1f],start_interpolation:0}
execute if entity @s[tag=aj.flame_of_lorian.bone.left_leg2] run data modify entity @s {} merge value {transformation:[0.8611164223786024f,0.10719872260722617f,-0.49697780733273694f,-0.19766163490635763f,-0.10841874093016642f,0.9937521579518928f,0.026495757793916414f,0.42361789141167905f,0.4967130798811256f,0.031065775981542976f,0.8673586535209474f,-0.12399369960630424f,0f,0f,0f,1f],start_interpolation:0}
execute if entity @s[tag=aj.flame_of_lorian.bone.left_leg] run data modify entity @s {} merge value {transformation:[0.8611164223786024f,0.22093789116159093f,-0.4578918598959202f,-0.11826208027016089f,-0.10841874093016642f,0.9597234841233796f,0.2591837391450295f,0.7685185185185186f,0.4967130798811256f,-0.17354331525918887f,0.850387461104558f,-0.18636082852757524f,0f,0f,0f,1f],start_interpolation:0}