execute if entity @s[tag=aj.flame_of_lorian.bone.right_arm2] run data modify entity @s {} merge value {transformation:[-0.18927158482999787f,-0.7228138416327197f,0.6646174971516253f,-0.009415379897117354f,-0.807675884009953f,0.4995291285168534f,0.3132575875408831f,0.8069657151991912f,-0.5584227194202273f,-0.47750476448653656f,-0.6783459783384697f,-0.3751077538358942f,0f,0f,0f,1f],start_interpolation:0}
execute if entity @s[tag=aj.flame_of_lorian.bone.right_arm] run data modify entity @s {} merge value {transformation:[-0.37853844851099616f,-0.6441989021092767f,0.6646174971516253f,-0.17046510542443652f,-0.6415724473375283f,0.7001817468810514f,0.3132575875408831f,0.9820111519194541f,-0.6671532341345746f,-0.30782023301888745f,-0.6783459783384697f,-0.45206281209061605f,0f,0f,0f,1f],start_interpolation:0}
execute if entity @s[tag=aj.flame_of_lorian.locator_origin.lorians_greatsword0] at @s on origin run tp @s ^0.75471 ^0.96878 ^-1.51559 ~17.27182 ~14.2581
execute if entity @s[tag=aj.flame_of_lorian.locator_origin.lorians_greatsword1] at @s on origin run tp @s ^0.32307 ^0.59934 ^-0.12735 ~17.27182 ~14.2581
execute if entity @s[tag=aj.flame_of_lorian.locator_origin.lorians_greatsword2] at @s on origin run tp @s ^1.15038 ^1.30743 ^-2.78814 ~17.27182 ~14.2581
execute if entity @s[tag=aj.flame_of_lorian.locator_origin.slash0] at @s on origin run tp @s ^1.00155 ^1.71107 ^-2.19958 ~17.27182 ~14.2581
execute if entity @s[tag=aj.flame_of_lorian.locator_origin.slash1] at @s on origin run tp @s ^0.56814 ^2.2813 ^-0.77793 ~17.27182 ~14.2581
execute if entity @s[tag=aj.flame_of_lorian.bone.lorian_slash] run data modify entity @s {} merge value {transformation:[-0.000014332859097319685f,-0.2033759716196777f,0.6906227426657523f,1.212407223841141f,1.302934456103483e-7f,3.0528451045216194f,0.5910967476368959f,1.4450968088124574f,-0.000004421783996806191f,0.7491828761832053f,-2.2211809611659112f,-2.8909059237867143f,0f,0f,0f,1f],start_interpolation:0}
execute if entity @s[tag=aj.flame_of_lorian.bone.flame_of_lorian] run data modify entity @s {} merge value {transformation:[-1.6721668946872965f,-0.11298665089982092f,0.5035790831937776f,0.4998511201912047f,0.015200901987873966f,1.696025058067566f,0.4310080451519033f,0.8706977305354519f,-0.5158747996273889f,0.41621270899066964f,-1.6196111175168102f,-0.6923693309754757f,0f,0f,0f,1f],start_interpolation:0}
execute if entity @s[tag=aj.flame_of_lorian.bone.left_arm2] run data modify entity @s {} merge value {transformation:[-0.9528496226048707f,-0.0652225396129704f,0.29635049692583615f,0.3653689918446148f,0.01096196624459626f,0.9685906825874818f,0.24841884972917955f,0.8309510307696639f,-0.303244838369605f,0.23995439135625507f,-0.9222062990844521f,-0.05162622871394565f,0f,0f,0f,1f],start_interpolation:0}
execute if entity @s[tag=aj.flame_of_lorian.bone.left_arm] run data modify entity @s {} merge value {transformation:[-0.9528496226048707f,0.24699264355213912f,0.1762731707687856f,0.30801094990704075f,0.01096196624459626f,0.6085496948285554f,-0.7934400445024972f,0.9844587002573773f,-0.303244838369605f,-0.7540967464160009f,-0.5825638720749804f,-0.2780560201141465f,0f,0f,0f,1f],start_interpolation:0}
execute if entity @s[tag=aj.flame_of_lorian.bone.head] run data modify entity @s {} merge value {transformation:[-0.7502960153299315f,0.2635515714970278f,0.6062973350934954f,0.043113734735616346f,-0.2512010630950526f,0.7346626479557764f,-0.6302133127747481f,1.0911200172039288f,-0.6115177146084507f,-0.6251490725099528f,-0.48501002243253033f,-0.47511902047279586f,0f,0f,0f,1f],start_interpolation:0}
execute if entity @s[tag=aj.flame_of_lorian.bone.body_top] run data modify entity @s {} merge value {transformation:[-0.9397727871103774f,0.22166348485423637f,0.26017764717413605f,-0.04416626242573923f,-0.0048072192902607f,0.752551931084671f,-0.6585153617520461f,0.7948026943393396f,-0.3417660007219689f,-0.6201055478731088f,-0.7061622407404002f,-0.23095246099775926f,0f,0f,0f,1f],start_interpolation:0}
execute if entity @s[tag=aj.flame_of_lorian.locator_origin.player_camera] at @s on origin run tp @s ^-0.25043 ^0.00109 ^0.34471 ~19.10957 ~-41.18672
execute if entity @s[tag=aj.flame_of_lorian.bone.body] run data modify entity @s {} merge value {transformation:[-0.9434860593415663f,0.22166348485423637f,0.24637239153443805f,-0.14114403704946765f,0.004847290923420761f,0.752551931084671f,-0.6585150680063717f,0.465561224489796f,-0.3313767638185068f,-0.6201055478731088f,-0.7110967233071499f,0.04034371619672581f,0f,0f,0f,1f],start_interpolation:0}
execute if entity @s[tag=aj.flame_of_lorian.bone.right_leg2] run data modify entity @s {} merge value {transformation:[-0.9225971682818644f,0.36602646928109106f,0.12181579890926961f,-0.35597312619026056f,0.038596761380322114f,0.4017779959271485f,-0.9149233476088117f,0.26239152078035516f,-0.38382907014612067f,-0.8394039943759992f,-0.3848066776140738f,0.20412782973702787f,0f,0f,0f,1f],start_interpolation:0}
execute if entity @s[tag=aj.flame_of_lorian.bone.right_leg] run data modify entity @s {} merge value {transformation:[-0.9225971682818644f,0.26668893466323323f,0.2787319092003548f,-0.26013179029566114f,0.038596761380322114f,0.7827330885827918f,-0.6211595624705409f,0.543686224489796f,-0.38382907014612067f,-0.5623219043980352f,-0.7324406602209705f,0.002043395343983948f,0f,0f,0f,1f],start_interpolation:0}
execute if entity @s[tag=aj.flame_of_lorian.bone.left_leg2] run data modify entity @s {} merge value {transformation:[-0.9252972833348692f,0.1556714153545936f,0.34581981998521766f,0.07380727993936644f,-0.024516636751564132f,0.8854085881509596f,-0.46416652889982957f,0.3654500234411484f,-0.3784492990817959f,-0.4379703671140573f,-0.8154496217145945f,-0.1270965089775953f,0f,0f,0f,1f],start_interpolation:0}
execute if entity @s[tag=aj.flame_of_lorian.bone.left_leg] run data modify entity @s {} merge value {transformation:[-0.9252972833348692f,-0.339948650939433f,0.16810666904549124f,-0.048361766491992295f,-0.024516636751564132f,0.49596160291797575f,0.8679982851097253f,0.543686224489796f,-0.3784492990817959f,0.7990350450108503f,-0.4672463214076765f,0.160056710323179f,0f,0f,0f,1f],start_interpolation:0}