# This file was generated by Animated Java via MC-Build. It is not recommended to edit this file directly.
execute on vehicle unless entity @s[tag=aj.transforms_only] run function animated_java:messemers_assault/variants/imapler0/apply
$data merge entity $(bone_right_arm2) { transformation: [-0.04132810095724049f,-0.8816313707707075f,0.47012563655285927f,0.7023412796134103f,-0.5639064404664335f,0.4090066382442362f,0.7174420508115099f,2.812712886425964f,-0.8248039248644159f,-0.23545635677363125f,-0.5140610757323915f,-1.9903123321127347f,0f,0f,0f,1f], start_interpolation: 0, interpolation_duration: 1 }
$data merge entity $(bone_right_arm) { transformation: [-0.6350731271667136f,-0.6129143569916273f,0.47012563655285927f,0.5491126903655035f,-0.12949329578065624f,0.6844767271976735f,0.7174420508115099f,2.9838320682253823f,-0.7615205903313151f,0.3947500486615572f,-0.5140610757323915f,-1.8916248199473453f,0f,0f,0f,1f], start_interpolation: 0, interpolation_duration: 1 }
$data merge entity $(bone_flame_slash2) { transformation: [-0.40938948650987333f,2.884237128933161f,-1.16391788335185f,2.172265386107485f,-1.085132239658447f,-0.9066597818392442f,1.2962401036183595f,2.720634355858829f,0.20103095383581276f,0.9796033583566383f,4.626631692396231f,-0.5608571694500034f,0f,0f,0f,1f], start_interpolation: 0, interpolation_duration: 1 }
$data merge entity $(bone_flame_slash) { transformation: [-0.40938948650987333f,2.884237128933161f,-1.16391788335185f,2.172265386107485f,-1.085132239658447f,-0.9066597818392442f,1.2962401036183595f,2.720634355858829f,0.20103095383581276f,0.9796033583566383f,4.626631692396231f,-0.5608571694500034f,0f,0f,0f,1f], start_interpolation: 0, interpolation_duration: 1 }
$data merge entity $(bone_impaling_thrust) { transformation: [-0.00001603557168806601f,0.0000010348745222081668f,0.000002409326142862373f,1.5039906633504567f,6.315126326302578e-7f,-0.000012966000405328524f,0.00000977237956622383f,2.796266868867964f,0.0000025449969615353287f,0.00000973792818390057f,0.00001275582699214249f,-1.0129767086913795f,0f,0f,0f,1f], start_interpolation: 0, interpolation_duration: 1 }
$data merge entity $(bone_spear_of_the_impaler) { transformation: [-0.7535664884429527f,1.9663104648249674f,-0.5101030757209962f,1.8246460960016826f,-1.99741155618546f,-0.6181095857835555f,0.5680951149444137f,2.8380337912723115f,0.3700392778570713f,0.6678384088435947f,2.0276851917792165f,-0.6523144888950542f,0f,0f,0f,1f], start_interpolation: 0, interpolation_duration: 1 }
$data merge entity $(bone_left_arm2) { transformation: [-0.34779991774290125f,-0.5189106065129556f,0.7808757901653679f,0.9050479036526031f,-0.9218822567009816f,0.03755809842764575f,-0.38564555491073055f,3.1759321997130083f,0.17078735901095599f,-0.854003027916679f,-0.4914371845019535f,-1.1010442941357033f,0f,0f,0f,1f], start_interpolation: 0, interpolation_duration: 1 }
$data merge entity $(bone_left_arm) { transformation: [-0.34779991774290125f,-0.4144446076425337f,0.8409939859559387f,0.757961762024107f,-0.9218822567009816f,-0.012226506457763926f,-0.3872771840939565f,3.057640291010945f,0.17078735901095599f,-0.9099924064165947f,-0.3778167522307584f,-1.3071939758634825f,0f,0f,0f,1f], start_interpolation: 0, interpolation_duration: 1 }
$data merge entity $(bone_head) { transformation: [-0.9447258129625109f,0.15366552134799522f,0.28962052045939657f,0.6710623425227665f,0.023237185195531668f,0.9125233387376491f,-0.4083640403895553f,3.1613767373102792f,-0.327036957462779f,-0.37906208437133704f,-0.8656551072139216f,-1.6234336841537529f,0f,0f,0f,1f], start_interpolation: 0, interpolation_duration: 1 }
$data merge entity $(bone_body_top) { transformation: [-0.33415851465376584f,0.12191385271625206f,0.9345988977097442f,0.6230587630157423f,-0.11809315645689979f,0.9783690969886302f,-0.16984674402442512f,2.776143905371006f,-0.9350893505341804f,-0.1671254695536632f,-0.3125331725497831f,-1.557628030516998f,0f,0f,0f,1f], start_interpolation: 0, interpolation_duration: 1 }
$data merge entity $(bone_body) { transformation: [-0.6519874096380006f,0.023188797546841815f,0.7578751198857644f,0.6129136640889989f,-0.047996919379236766f,0.9962654344988072f,-0.07177380965927593f,2.3402777777777777f,-0.756709133950181f,-0.08317129126828865f,-0.6484395291043974f,-1.5212405905871218f,0f,0f,0f,1f], start_interpolation: 0, interpolation_duration: 1 }
$data merge entity $(bone_right_leg2) { transformation: [-0.9260215406538845f,0.35819286753634516f,0.11908810138337246f,0.4829640653306054f,0.20906465570934082f,0.7493702697822511f,-0.6282803263668303f,2.146574222339567f,-0.31428661437951966f,-0.5569040028699436f,-0.7688184802730049f,-1.7543318785990205f,0f,0f,0f,1f], start_interpolation: 0, interpolation_duration: 1 }
$data merge entity $(bone_right_leg) { transformation: [-0.9260215406538845f,0.0675789666431545f,0.37137203652462786f,0.507250256467989f,0.20906465570934082f,0.9109818740696101f,0.3555333948446415f,2.473958333333333f,-0.31428661437951966f,0.40687234900403896f,-0.8577172119281474f,-1.608112128175694f,0f,0f,0f,1f], start_interpolation: 0, interpolation_duration: 1 }
$data merge entity $(bone_left_leg2) { transformation: [-0.7867190511262655f,-0.0831487470989343f,0.6116857203261048f,0.9289697816537105f,-0.20882494079775346f,0.968316051638339f,-0.13695316075341962f,2.2278284019265584f,-0.5809176178218416f,-0.23547889501060337f,-0.7791562175255884f,-1.6474499108324527f,0f,0f,0f,1f], start_interpolation: 0, interpolation_duration: 1 }
$data merge entity $(bone_left_leg) { transformation: [-0.7867190511262655f,-0.5880165785098652f,0.18790858945918326f,0.7176513237517277f,-0.20882494079775346f,0.5399557511608805f,0.8153771709393781f,2.421875f,-0.5809176178218416f,0.6022327541622431f,-0.5475860033988781f,-1.4310225148053966f,0f,0f,0f,1f], start_interpolation: 0, interpolation_duration: 1 }
data modify entity @s data merge value {"locators":{"spear_head":{"posx":2.722867436702608,"posy":2.5676555299717116,"posz":-0.31657162682329365,"roty":194.12083022477037,"rotx":15.200508631081323},"spear_body":{"posx":1.8153395298603152,"posy":2.8529368772564294,"posz":-0.6248047385972604,"roty":194.12083022477037,"rotx":15.200508631081323},"spear_body1":{"posx":0.9645321171956657,"posy":3.1203881403358524,"posz":-0.9137732808853543,"roty":194.12083022477037,"rotx":15.200508631081323},"player_camera":{"posx":0.7795482965796169,"posy":1.5277777777777777,"posz":-2.1236174653546684,"roty":15.462962962962962,"rotx":0},"flame1":{"posx":0.1875087499999988,"posy":0.062489375,"posz":9.68750875,"roty":0,"rotx":0},"flame2":{"posx":0.1874912499999988,"posy":0.062489375,"posz":9.68750875,"roty":0,"rotx":0},"flame3":{"posx":0.1875087499999988,"posy":0.062489375,"posz":9.68749125,"roty":0,"rotx":0},"flame4":{"posx":0.1874912499999988,"posy":0.062489375,"posz":9.68749125,"roty":0,"rotx":0}},"cameras":{}}