# This file was generated by Animated Java via MC-Build. It is not recommended to edit this file directly.
$data merge entity $(bone_right_arm2) { transformation: [-0.16462599453153254f,-0.7772095048198334f,0.6073250098112319f,1.6189542125491148f,-0.17544555946092366f,0.6289806877786784f,0.757365268590331f,3.1406615797556254f,-0.9706271877450925f,0.01812953444438209f,-0.23990452765815531f,-1.6490409987816472f,0f,0f,0f,1f], start_interpolation: 0, interpolation_duration: 1 }
$data merge entity $(bone_right_arm) { transformation: [-0.5166997205743905f,-0.6034714004956105f,0.6073250098112319f,1.468086362425212f,0.1471730959658883f,0.6361901679190832f,0.757365268590331f,3.2997091217353964f,-0.8434224792962077f,0.4807123246048048f,-0.23990452765815531f,-1.528862917630446f,0f,0f,0f,1f], start_interpolation: 0, interpolation_duration: 1 }
$data merge entity $(bone_flame_slash2) { transformation: [-0.5258543938064881f,1.2132549519282443f,-3.727658948465294f,2.09616785657576f,-1.0514314404563403f,-0.4547848069065712f,1.9770616552917968f,3.2122071902970437f,0.05911223346675413f,2.7036772810385905f,2.0053200577942896f,0.8075435072176441f,0f,0f,0f,1f], start_interpolation: 0, interpolation_duration: 1 }
$data merge entity $(bone_flame_slash) { transformation: [-0.5258543938064881f,1.2132549519282443f,-3.727658948465294f,2.09616785657576f,-1.0514314404563403f,-0.4547848069065712f,1.9770616552917968f,3.2122071902970437f,0.05911223346675413f,2.7036772810385905f,2.0053200577942896f,0.8075435072176441f,0f,0f,0f,1f], start_interpolation: 0, interpolation_duration: 1 }
$data merge entity $(bone_impaling_thrust) { transformation: [-0.000013002842185763533f,-0.00000786359994884656f,-0.000005753717758035114f,1.9209013415203862f,0.0000011203060613538147f,-0.000010737689543448f,0.000012143406223128734f,3.1468343079540237f,-0.000009679172822277849f,0.000009321008326116224f,0.000009134976429277188f,-0.06743681430859677f,0f,0f,0f,1f], start_interpolation: 0, interpolation_duration: 1 }
$data merge entity $(bone_spear_of_the_impaler) { transformation: [-0.9679443709004383f,0.8767908927158273f,-1.7288047517684522f,1.9021970587208346f,-1.935378226680697f,-0.3286623114189367f,0.916916926001199f,3.2913962697173185f,0.10880835894765362f,1.9538841470127615f,0.9300225403288749f,0.43187693284916795f,0f,0f,0f,1f], start_interpolation: 0, interpolation_duration: 1 }
$data merge entity $(bone_left_arm2) { transformation: [-0.4467435558002023f,-0.010756271939780127f,0.8945973943428122f,1.5021682069516427f,-0.8932514892372448f,-0.05076541888124108f,-0.4466818210105007f,3.5061562841020617f,0.05021924259122475f,-0.9986526797940161f,0.01307106781384304f,-0.6668923065319668f,0f,0f,0f,1f], start_interpolation: 0, interpolation_duration: 1 }
$data merge entity $(bone_left_arm) { transformation: [-0.4467435558002023f,0.11156572747658385f,0.8876785926243868f,1.4742166943457633f,-0.8932514892372448f,-0.11131570089857579f,-0.43555779376439085f,3.3666709227227622f,0.05021924259122475f,-0.9875028623685499f,0.14938582425211666f,-0.9074906168002013f,0f,0f,0f,1f], start_interpolation: 0, interpolation_duration: 1 }
$data merge entity $(bone_head) { transformation: [-0.745820042265063f,0.2684741473875661f,0.6096507990155176f,1.4967215465796688f,0.012103774155957078f,0.9204994043482038f,-0.39055645590078736f,3.473806172322282f,-0.6660375088588639f,-0.28390575686153574f,-0.6897764551026349f,-1.2335824480673747f,0f,0f,0f,1f], start_interpolation: 0, interpolation_duration: 1 }
$data merge entity $(bone_body_top) { transformation: [-0.009808531072882154f,0.17787838743778123f,0.9840035934897426f,1.4266819315260424f,-0.10713888157978524f,0.9781993049961899f,-0.17789710441377013f,3.088640195980032f,-0.9941956813283915f,-0.10716995375339888f,0.009462993208772863f,-1.191384278776974f,0f,0f,0f,1f], start_interpolation: 0, interpolation_duration: 1 }
$data merge entity $(bone_body) { transformation: [-0.31430319060899176f,0.0544967932910267f,0.9477571439424779f,1.4028395844612183f,-0.04666705465995458f,0.9962569558908673f,-0.0727616921767729f,2.6527777777777777f,-0.9481749260460184f,-0.06709826644599509f,-0.3105835350715965f,-1.162028787206851f,0f,0f,0f,1f], start_interpolation: 0, interpolation_duration: 1 }
$data merge entity $(bone_right_leg2) { transformation: [-0.7236833500089077f,0.4593481478215792f,0.5150550339650798f,1.4232229827254375f,0.20906465570934082f,0.8571626800677807f,-0.4707059694035695f,2.491492524792013f,-0.6577038685100002f,-0.23296226945989323f,-0.7163478221891071f,-1.4698993081906067f,0f,0f,0f,1f], start_interpolation: 0, interpolation_duration: 1 }
$data merge entity $(bone_right_leg) { transformation: [-0.7236833500089077f,-0.2237760223044199f,0.652845081747191f,1.3428034747097866f,0.20906465570934082f,0.830436259515944f,0.5163986721655104f,2.7899305555555554f,-0.6577038685100002f,0.5101959532599013f,-0.5541892371962857f,-1.2865476374878297f,0f,0f,0f,1f], start_interpolation: 0, interpolation_duration: 1 }
$data merge entity $(bone_left_leg2) { transformation: [-0.6423516448522893f,0.38769583432883203f,0.6611174664154843f,1.6155932253404384f,-0.13325590225878584f,0.7929796445189525f,-0.5944965499410342f,2.4195424982904576f,-0.7547365294384227f,-0.4699736411998723f,-0.45770902078567155f,-1.1121272841909853f,0f,0f,0f,1f], start_interpolation: 0, interpolation_duration: 1 }
$data merge entity $(bone_left_leg) { transformation: [-0.6423516448522893f,-0.4188751670268842f,0.641816140965431f,1.4650599621901519f,-0.13325590225878584f,0.8857174926796931f,0.4446879666399741f,2.7378472222222223f,-0.7547365294384227f,0.2001202578686068f,-0.6247596766132134f,-1.0402090665194548f,0f,0f,0f,1f], start_interpolation: 0, interpolation_duration: 1 }
data modify entity @s data merge value {"locators":{"spear_head":{"posx":2.282347163317747,"posy":3.159006062966026,"posz":1.3432429304801672,"roty":241.72166121785736,"rotx":25.036303484829467},"spear_body":{"posx":1.87767444360275,"posy":3.3106963605439965,"posz":0.4414502472435081,"roty":241.72166121785736,"rotx":25.036303484829467},"spear_body1":{"posx":1.49829376886994,"posy":3.4529060145233443,"posz":-0.4039803932908599,"roty":241.72166121785736,"rotx":25.036303484829467},"player_camera":{"posx":1.7960078204116035,"posy":1.8402777777777777,"posz":-1.6478721140516912,"roty":38.98148148148144,"rotx":0},"flame1":{"posx":0.1875087499999988,"posy":0.062489375,"posz":9.68750875,"roty":0,"rotx":0},"flame2":{"posx":0.1874912499999988,"posy":0.062489375,"posz":9.68750875,"roty":0,"rotx":0},"flame3":{"posx":0.1875087499999988,"posy":0.062489375,"posz":9.68749125,"roty":0,"rotx":0},"flame4":{"posx":0.1874912499999988,"posy":0.062489375,"posz":9.68749125,"roty":0,"rotx":0}},"cameras":{}}