# This file was generated by Animated Java via MC-Build. It is not recommended to edit this file directly.
$data merge entity $(bone_right_arm2) { transformation: [-0.2585907314346554f,-0.7720896250385146f,0.5805242841810978f,2.5885535157300192f,0.24428820585051647f,0.5291620451602391f,0.8125951036304421f,3.5432482396206697f,-0.9345876663526143f,0.35194479804327133f,0.05177598895101233f,-1.436546081564593f,0f,0f,0f,1f], start_interpolation: 0, interpolation_duration: 1 }
$data merge entity $(bone_right_arm) { transformation: [-0.4787941918617742f,-0.6585952302556213f,0.5805242841810978f,2.423904708166114f,0.3921038986447357f,0.43121193191217483f,0.8125951036304421f,3.6510512225987135f,-0.7855002574837447f,0.616691651038925f,0.05177598895101233f,-1.2823731688048616f,0f,0f,0f,1f], start_interpolation: 0, interpolation_duration: 1 }
$data merge entity $(bone_flame_slash2) { transformation: [-0.6279454069626057f,-0.24046558615796412f,-1.612531813415711f,1.7067571251829357f,-0.9902618107257415f,0.04189065064966661f,1.0647643230791999f,3.8758404195796f,-0.10291397234513097f,1.06415626858103f,-0.4062956642356995f,1.7523014176775873f,0f,0f,0f,1f], start_interpolation: 0, interpolation_duration: 1 }
$data merge entity $(bone_flame_slash) { transformation: [-0.6279454069626057f,-0.24046558615796412f,-1.612531813415711f,1.7067571251829357f,-0.9902618107257415f,0.04189065064966661f,1.0647643230791999f,3.8758404195796f,-0.10291397234513097f,1.06415626858103f,-0.4062956642356995f,1.7523014176775873f,0f,0f,0f,1f], start_interpolation: 0, interpolation_duration: 1 }
$data merge entity $(bone_impaling_thrust) { transformation: [-0.000003520887873684104f,-0.000013900594739200053f,-0.00000764147836350847f,2.243780677745521f,0.00000389182037149129f,-0.000008345208887632047f,0.00001338755391848461f,3.5362238568981263f,-0.00001537766106660859f,0.0000010706687726887875f,0.000005137760757586855f,0.3500872551768975f,0f,0f,0f,1f], start_interpolation: 0, interpolation_duration: 1 }
$data merge entity $(bone_spear_of_the_impaler) { transformation: [-1.155864111931168f,-0.47720569143533803f,-1.7693776666545042f,1.8966263246447348f,-1.8227828020438428f,0.08313229858520554f,1.1683305704934641f,3.8562471711097226f,-0.18943456856448887f,2.111825796186349f,-0.4458147543981967f,0.816013933564663f,0f,0f,0f,1f], start_interpolation: 0, interpolation_duration: 1 }
$data merge entity $(bone_left_arm2) { transformation: [-0.5334757439682314f,0.39178035240213693f,0.7496077548086061f,2.2186726964896923f,-0.8412843701740813f,-0.15416988406205878f,-0.5181430838572401f,3.8656960539085228f,-0.0874313393374564f,-0.9070500550245f,0.41184458061471396f,-0.4586934662194968f,0f,0f,0f,1f], start_interpolation: 0, interpolation_duration: 1 }
$data merge entity $(bone_left_arm) { transformation: [-0.5334757439682314f,0.5096379645932361f,0.6750353884373806f,2.2793977196419726f,-0.8412843701740813f,-0.23722093666642938f,-0.48576417705292085f,3.701230273470155f,-0.0874313393374564f,-0.8270401273531807f,0.5553020697325852f,-0.676382415474974f,0f,0f,0f,1f], start_interpolation: 0, interpolation_duration: 1 }
$data merge entity $(bone_head) { transformation: [-0.5147070061768566f,0.32894357336103247f,0.7917530065221934f,2.3819770435617924f,0.022043938571488023f,0.9282433518214501f,-0.37131973361449044f,3.816586695333135f,-0.8570827046234881f,-0.173667513783536f,-0.48502456854424547f,-0.9837757965668947f,0f,0f,0f,1f], start_interpolation: 0, interpolation_duration: 1 }
$data merge entity $(bone_body_top) { transformation: [0.23121118163862645f,0.2109622932712985f,0.9497559161716155f,2.2989106405862185f,-0.08028648139430733f,0.9770152855561802f,-0.1974720554784833f,3.4318869266453893f,-0.9695852053278202f,-0.030594813405057184f,0.24283427888607095f,-0.9717290887886535f,0f,0f,0f,1f], start_interpolation: 0, interpolation_duration: 1 }
$data merge entity $(bone_body) { transformation: [0.0068513827605783395f,0.0822082978213178f,0.9965916186300131f,2.262944510289392f,-0.03275415182803505f,0.9960986894751761f,-0.08194245763865421f,2.99609375f,-0.9994399552210698f,-0.032081094045529744f,0.009517316457268665f,-0.9576936101437342f,0f,0f,0f,1f], start_interpolation: 0, interpolation_duration: 1 }
$data merge entity $(bone_right_leg2) { transformation: [-0.2990989760326697f,0.3259066233478284f,0.8968414995941174f,2.4891987874202575f,0.20906465570934082f,0.9394128580530636f,-0.2716531830435807f,2.8741031709906695f,-0.9310380079617284f,0.10624667045414271f,-0.34911297991920254f,-1.2188471980014315f,0f,0f,0f,1f], start_interpolation: 0, interpolation_duration: 1 }
$data merge entity $(bone_right_leg) { transformation: [-0.2990989760326697f,-0.6411762692138268f,0.706705592402697f,2.2587760656715385f,0.20906465570934082f,0.6785824807216155f,0.7041432997556911f,3.11796875f,-0.9310380079617284f,0.35835570130072797f,-0.06891602916535569f,-1.0900631178464824f,0f,0f,0f,1f], start_interpolation: 0, interpolation_duration: 1 }
$data merge entity $(bone_left_leg2) { transformation: [-0.33611704900269007f,0.8374082695690651f,0.4310135954086217f,2.2776427411745224f,-0.046453448629007264f,0.4423415087106686f,-0.8956428232180736f,2.7360788599323764f,-0.9406739108108587f,-0.321062890613215f,-0.10977802052729518f,-0.8114145785407018f,0f,0f,0f,1f], start_interpolation: 0, interpolation_duration: 1 }
$data merge entity $(bone_left_leg) { transformation: [-0.33611704900269007f,-0.023891620924394334f,0.941517137294552f,2.269056689904818f,-0.046453448629007264f,0.998882012941793f,0.008763636906207418f,3.0950520833333335f,-0.9406739108108587f,-0.040791110195196954f,-0.33685112267713735f,-0.8260738837671007f,0f,0f,0f,1f], start_interpolation: 0, interpolation_duration: 1 }
data modify entity @s data merge value {"locators":{"spear_head":{"posx":1.6543979929934758,"posy":3.916507773471145,"posz":1.7805466420070086,"roty":284.1419602720836,"rotx":32.63120256111311},"spear_body":{"posx":1.8746467736559396,"posy":3.8781390202779735,"posz":0.8058578129979246,"roty":284.1419602720836,"rotx":32.63120256111311},"spear_body1":{"posx":2.0811300055269992,"posy":3.842168314159375,"posz":-0.10791296419809182,"roty":284.1419602720836,"rotx":32.63120256111311},"player_camera":{"posx":2.8460650095611038,"posy":2.18359375,"posz":-1.1826280079781017,"roty":68.90625,"rotx":0},"flame1":{"posx":0.1875087499999988,"posy":0.062489375,"posz":9.68750875,"roty":0,"rotx":0},"flame2":{"posx":0.1874912499999988,"posy":0.062489375,"posz":9.68750875,"roty":0,"rotx":0},"flame3":{"posx":0.1875087499999988,"posy":0.062489375,"posz":9.68749125,"roty":0,"rotx":0},"flame4":{"posx":0.1874912499999988,"posy":0.062489375,"posz":9.68749125,"roty":0,"rotx":0}},"cameras":{}}