# This file was generated by Animated Java via MC-Build. It is not recommended to edit this file directly.
execute on vehicle unless entity @s[tag=aj.transforms_only] run function animated_java:messemers_assault/variants/imapler1/apply
$data merge entity $(bone_right_arm2) { transformation: [0.36926032765400174f,0.7641379610970958f,-0.5289045157977315f,-0.4688664850730191f,-0.690847747031808f,0.6063778203340687f,0.3937452595625488f,2.2430717026684976f,0.6215916672880473f,0.2199979895755354f,0.7518142614640855f,1.109804150798076f,0f,0f,0f,1f], start_interpolation: 0, interpolation_duration: 1 }
$data merge entity $(bone_right_arm) { transformation: [0.5805215314046778f,0.6190757342557814f,-0.5289045157977315f,-0.3140975515090737f,-0.47834703333148526f,0.78495145472506f,0.3937452595625488f,2.439309566349763f,0.658922504759501f,0.02442230498288739f,0.7518142614640855f,1.1159097270437979f,0f,0f,0f,1f], start_interpolation: 0, interpolation_duration: 1 }
$data merge entity $(bone_flame_slash2) { transformation: [0.6380562302009741f,-0.9360589336902236f,-2.9581921794434383f,-1.3684004613456975f,-0.9840788414248933f,-0.4326756542486254f,-2.1368845419744584f,2.090948339441508f,-0.09999127248250926f,-1.7148624442255869f,2.1538871218683404f,-1.3221086349025173f,0f,0f,0f,1f], start_interpolation: 0, interpolation_duration: 1 }
$data merge entity $(bone_flame_slash) { transformation: [0.6380562302009741f,-0.9360589336902236f,-2.9581921794434383f,-1.3684004613456975f,-0.9840788414248933f,-0.4326756542486254f,-2.1368845419744584f,2.090948339441508f,-0.09999127248250926f,-1.7148624442255869f,2.1538871218683404f,-1.3221086349025173f,0f,0f,0f,1f], start_interpolation: 0, interpolation_duration: 1 }
$data merge entity $(bone_impaling_thrust) { transformation: [0.000009892571150113637f,0.00001286793126398555f,-7.541605450980766e-7f,-0.9866509894664853f,0.000011553253115530354f,-0.000008429895019181891f,0.00000771197701737761f,2.0192116052359f,0.000005716183656157971f,-0.000005231499981211466f,-0.000014281877658702898f,-0.04194651702005303f,0f,0f,0f,1f], start_interpolation: 0, interpolation_duration: 1 }
$data merge entity $(bone_spear_of_the_impaler) { transformation: [1.1744751847947135f,-1.013535961517785f,1.5125466404233905f,-1.0869884200503879f,-1.8114017612068833f,-0.4684879546263097f,1.0926056655129974f,2.229136035061288f,-0.1840547316492206f,-1.8568005642838215f,-1.1012992166878437f,-0.8516965739257153f,0f,0f,0f,1f], start_interpolation: 0, interpolation_duration: 1 }
$data merge entity $(bone_left_arm2) { transformation: [0.5420654699052524f,0.27116523874862053f,-0.7953832030102229f,-0.5629715177575116f,-0.8360315820954847f,0.07834036599563808f,-0.5430598316894649f,2.536248271162671f,-0.08494833768425566f,0.959339460436228f,0.2691683108662842f,0.2736896591315524f,0f,0f,0f,1f], start_interpolation: 0, interpolation_duration: 1 }
$data merge entity $(bone_left_arm) { transformation: [0.5420654699052524f,0.0867818276790257f,-0.8358432512864392f,-0.47351787709959864f,-0.8360315820954847f,-0.04485548079244191f,-0.5468447490666792f,2.420530453202625f,-0.08494833768425566f,0.9952170116248851f,0.04823774141805259f,0.5118753698272417f,0f,0f,0f,1f], start_interpolation: 0, interpolation_duration: 1 }
$data merge entity $(bone_head) { transformation: [0.8590698629020758f,-0.250741982740086f,-0.446236964789986f,-0.4246621431714669f,0.11484148526163707f,0.9439900602458859f,-0.3093447905167789f,2.5702687859523072f,0.49880898540053376f,0.21450227096359373f,0.8397489933516746f,0.8176724618142145f,0f,0f,0f,1f], start_interpolation: 0, interpolation_duration: 1 }
$data merge entity $(bone_body_top) { transformation: [0.25507252094483995f,-0.2146395051626485f,-0.9427979061720373f,-0.34014783801367404f,0.03004658103542019f,0.9763393125294835f,-0.2141465614422456f,2.185835181643823f,0.9664549715464896f,0.02629504959092005f,0.25548651302971936f,0.8073187860377897f,0f,0f,0f,1f], start_interpolation: 0, interpolation_duration: 1 }
$data merge entity $(bone_body) { transformation: [0.08748227675538905f,-0.08583161984256012f,-0.9924614774835827f,-0.302596504332554f,-0.00759612619088661f,0.9961947009001669f,-0.08682405637448173f,1.75f,0.9961371141166189f,0.015134428751336974f,0.08649739271090813f,0.8006974734590798f,0f,0f,0f,1f], start_interpolation: 0, interpolation_duration: 1 }
$data merge entity $(bone_right_leg2) { transformation: [0.11436430401524572f,-0.8948449689422207f,-0.43147802670113405f,-0.06727787890964088f,0.20906465570934082f,0.4462800674311501f,-0.8701299162462941f,1.5631156634514425f,0.9711914207303539f,0.00930499717593311f,0.23811896465278154f,0.9591035030125906f,0f,0f,0f,1f], start_interpolation: 0, interpolation_duration: 1 }
$data merge entity $(bone_right_leg) { transformation: [0.11436430401524572f,-0.6286544699191635f,-0.7692297208362169f,-0.29320057903684027f,0.20906465570934082f,0.7721998930046818f,-0.5999994124802895f,1.840625f,0.9711914207303539f,-0.09220023153015137f,0.21974153363791568f,0.9259690448064425f,0f,0f,0f,1f], start_interpolation: 0, interpolation_duration: 1 }
$data merge entity $(bone_left_leg2) { transformation: [0.058284623302091665f,-0.23423265158100987f,-0.9704318459427548f,-0.43144634799352044f,-0.23077070736426047f,0.9425940966021429f,-0.24137367228715945f,1.5390818657764171f,0.9712609244220279f,0.2380156171013142f,0.0008847071540752649f,0.6034905570386842f,0f,0f,0f,1f], start_interpolation: 0, interpolation_duration: 1 }
$data merge entity $(bone_left_leg) { transformation: [0.058284623302091665f,0.36474468453559716f,-0.9292815600180394f,-0.3003662269885402f,-0.23077070736426047f,0.9105741319458149f,0.3429280257630229f,1.8663194444444444f,0.9712609244220279f,0.19446353214459866f,0.13724485912672474f,0.6733758889031493f,0f,0f,0f,1f], start_interpolation: 0, interpolation_duration: 1 }
data modify entity @s data merge value {"locators":{"spear_head":{"posx":-1.53371700931787,"posy":2.03473316002748,"posz":-1.7207594831654984,"roty":53.94129037079006,"rotx":30.28353815783162},"spear_body":{"posx":-1.065931180925046,"posy":2.2509583698550073,"posz":-0.8637746073421959,"roty":53.94129037079006,"rotx":30.28353815783162},"spear_body1":{"posx":-0.6273819668067737,"posy":2.4536695040683147,"posz":-0.06035128625785002,"roty":53.94129037079006,"rotx":30.28353815783162},"player_camera":{"posx":-0.9181013499651841,"posy":0.9375,"posz":0.9092275845009112,"roty":260,"rotx":0},"flame1":{"posx":0.1875087499999988,"posy":0.062489375,"posz":9.68750875,"roty":0,"rotx":0},"flame2":{"posx":0.1874912499999988,"posy":0.062489375,"posz":9.68750875,"roty":0,"rotx":0},"flame3":{"posx":0.1875087499999988,"posy":0.062489375,"posz":9.68749125,"roty":0,"rotx":0},"flame4":{"posx":0.1874912499999988,"posy":0.062489375,"posz":9.68749125,"roty":0,"rotx":0}},"cameras":{}}