# This file was generated by Animated Java via MC-Build. It is not recommended to edit this file directly.
execute on vehicle unless entity @s[tag=aj.transforms_only] run function animated_java:messemers_assault/variants/imapler0/apply
$data merge entity $(bone_right_arm2) { transformation: [-0.7920222253906933f,0.5433432138825607f,0.2783504022180386f,1.0814363582084736f,0.6100756655169262f,0.6875844173059582f,0.3937452874919337f,1.757222838614103f,0.022549430841010937f,0.4816698257165334f,-0.876062613152137f,-0.25662545390194014f,0f,0f,0f,1f], start_interpolation: 0, interpolation_duration: 1 }
$data merge entity $(bone_right_arm) { transformation: [-0.5977668671582155f,0.7517950692262545f,0.2783504022180386f,1.2693851255150372f,0.7849515152985752f,0.47834691094263915f,0.3937452874919337f,1.8768095663497628f,0.16286771060686983f,0.45385945696738117f,-0.876062613152137f,-0.14316058966009487f,0f,0f,0f,1f], start_interpolation: 0, interpolation_duration: 1 }
$data merge entity $(bone_flame_slash2) { transformation: [-0.460957990994248f,0.29696927698738745f,-3.4807426622062603f,2.083215737810696f,-0.7841878267604628f,-0.5973046072984189f,1.6402826301683873f,1.0355297258524854f,0.22888686869626182f,-1.448351504358941f,-1.3901473488901852f,-1.6862716135046218f,0f,0f,0f,1f], start_interpolation: 0, interpolation_duration: 1 }
$data merge entity $(bone_flame_slash) { transformation: [-0.460957990994248f,0.29696927698738745f,-3.4807426622062603f,2.083215737810696f,-0.7841878267604628f,-0.5973046072984189f,1.6402826301683873f,1.0355297258524854f,0.22888686869626182f,-1.448351504358941f,-1.3901473488901852f,-1.6862716135046218f,0f,0f,0f,1f], start_interpolation: 0, interpolation_duration: 1 }
$data merge entity $(bone_impaling_thrust) { transformation: [0.000009980652377630266f,-7.929116009227021e-7f,0.00001279739217233439f,1.3210231329010793f,0.0000050693591215672024f,-0.000014652088740406892f,-0.000004861406251520735f,1.656973086708236f,0.00001177724727243114f,0.000006978750879553132f,-0.000008752648738961805f,-0.38442725629096f,0f,0f,0f,1f], start_interpolation: 0, interpolation_duration: 1 }
$data merge entity $(bone_spear_of_the_impaler) { transformation: [-1.064770566738751f,0.40351277574548566f,1.8433354346025728f,1.9585499843390177f,-1.8114017612068836f,-0.8115992418528486f,-0.8686626356445435f,1.3270684649939253f,0.5287076168809013f,-1.9679757505819273f,0.7361957249387303f,-0.9505723224826051f,0f,0f,0f,1f], start_interpolation: 0, interpolation_duration: 1 }
$data merge entity $(bone_left_arm2) { transformation: [-0.491432569264039f,-0.1862366657286858f,-0.8507702005858029f,1.7861878330283645f,-0.8360315820954848f,0.3745842654705456f,0.4009212164513277f,1.8385321047110377f,0.24401890009887753f,0.9082965002685819f,-0.3397826422794141f,0.17471605035767643f,0f,0f,0f,1f], start_interpolation: 0, interpolation_duration: 1 }
$data merge entity $(bone_left_arm) { transformation: [-0.491432569264039f,-0.4867805409239334f,-0.7221763876258682f,1.6030636266393763f,-0.8360315820954848f,0.49600918501409197f,0.2345763886681198f,1.858030453202625f,0.24401890009887753f,0.7190407452707108f,-0.6507189739319692f,0.3849785991877138f,0f,0f,0f,1f], start_interpolation: 0, interpolation_duration: 1 }
$data merge entity $(bone_head) { transformation: [0.16176802896865677f,0.31857016775371055f,0.9339936579126052f,1.4645141260188475f,-0.14188180355415397f,0.9441345395413794f,-0.2974550807520492f,2.0077687859523072f,-0.9765759871222599f,-0.08439798257281034f,0.19793009350228508f,0.10802593160145002f,0f,0f,0f,1f], start_interpolation: 0, interpolation_duration: 1 }
$data merge entity $(bone_body_top) { transformation: [-0.5338856017989427f,0.19679826046358728f,0.8223360680830477f,1.38702481096131f,0.03004658103542019f,0.9763393125294835f,-0.2141465614422456f,1.623335181643823f,-0.845022702156494f,-0.08962137852076144f,-0.5271666163104183f,0.14331434939399984f,0f,0f,0f,1f], start_interpolation: 0, interpolation_duration: 1 }
$data merge entity $(bone_body) { transformation: [-0.38297753754797936f,0.07730806025631619f,0.9205170664105539f,1.3532025345991716f,-0.00759612619088661f,0.9961947009001669f,-0.08682405637448173f,1.1875f,-0.9237264230282569f,-0.040244027107545266f,-0.3809329516878121f,0.1609211112535509f,0f,0f,0f,1f], start_interpolation: 0, interpolation_duration: 1 }
$data merge entity $(bone_right_leg2) { transformation: [-0.40111406794227533f,0.24816709385962119f,0.8817712844179435f,1.3485768984121977f,0.2090646557093408f,0.9619985671288254f,-0.17564374903543156f,0.9256213732276823f,-0.8918517108981373f,0.11389403130698653f,-0.43775412665183255f,-0.05353643848054662f,0f,0f,0f,1f], start_interpolation: 0, interpolation_duration: 1 }
$data merge entity $(bone_right_leg) { transformation: [-0.40111406794227533f,-0.1477368778223453f,0.904036127281485f,1.2954839579447923f,0.2090646557093408f,0.9460970484099276f,0.24737086474190506f,1.265625f,-0.8918517108981373f,0.28822593554593334f,-0.3486062762583843f,0.05004475710627318f,0f,0f,0f,1f], start_interpolation: 0, interpolation_duration: 1 }
$data merge entity $(bone_left_leg2) { transformation: [-0.3476508260167652f,0.5618985626930222f,0.7506056943651419f,1.2980268939661208f,-0.23077070736426045f,0.7246372165258967f,-0.6493425791122892f,0.9862394638403198f,-0.9087814829718197f,-0.3989622910365297f,-0.12225099810808754f,0.3995180154771247f,0f,0f,0f,1f], start_interpolation: 0, interpolation_duration: 1 }
$data merge entity $(bone_left_leg) { transformation: [-0.3476508260167652f,0.2712896658250121f,0.8975192590615614f,1.3955216176219845f,-0.23077070736426045f,0.9030244870916702f,-0.3623419052986073f,1.3107638888888888f,-0.9087814829718197f,-0.3330896169642328f,-0.2513315007677329f,0.27981393438060354f,0f,0f,0f,1f], start_interpolation: 0, interpolation_duration: 1 }
data modify entity @s data merge value {"locators":{"spear_head":{"posx":2.173944945880847,"posy":0.9461495260863824,"posz":-1.8456337857523555,"roty":111.77089779565718,"rotx":-23.635780806225437},"spear_body":{"posx":1.9877082801521613,"posy":1.320733791556928,"posz":-0.9373372854837735,"roty":111.77089779565718,"rotx":-23.635780806225437},"spear_body1":{"posx":1.8131114060315183,"posy":1.6719065404355642,"posz":-0.08580931648197798,"roty":111.77089779565718,"rotx":-23.635780806225437},"player_camera":{"posx":1.9075843053355601,"posy":0.375,"posz":-0.12767177201834518,"roty":62.5,"rotx":0},"flame1":{"posx":0.1875087499999988,"posy":0.062489375,"posz":9.68750875,"roty":0,"rotx":0},"flame2":{"posx":0.1874912499999988,"posy":0.062489375,"posz":9.68750875,"roty":0,"rotx":0},"flame3":{"posx":0.1875087499999988,"posy":0.062489375,"posz":9.68749125,"roty":0,"rotx":0},"flame4":{"posx":0.1874912499999988,"posy":0.062489375,"posz":9.68749125,"roty":0,"rotx":0}},"cameras":{}}