# This file was generated by Animated Java via MC-Build. It is not recommended to edit this file directly.
execute on vehicle unless entity @s[tag=aj.transforms_only] run function animated_java:messemers_assault/variants/imapler1/apply
$data merge entity $(bone_right_arm2) { transformation: [0.8978356606690843f,-0.40039635032044923f,-0.18323179058496586f,0.35314047966929196f,0.4334252709483013f,0.8770124605578454f,0.20734434771573923f,1.9565162260944102f,0.0776766434283845f,-0.26557843789799224f,0.9609549585643241f,-0.017157502147643305f,0f,0f,0f,1f], start_interpolation: 0, interpolation_duration: 1 }
$data merge entity $(bone_right_arm) { transformation: [0.7544493912546711f,-0.6302636170321775f,-0.18323179058496586f,0.19557457541124756f,0.6563544170722106f,0.7254014065744105f,0.20734434771573923f,2.137866577738013f,0.0022350000569826833f,-0.27669581201272886f,0.9609549585643241f,-0.08633145515082552f,0f,0f,0f,1f], start_interpolation: 0, interpolation_duration: 1 }
$data merge entity $(bone_flame_slash2) { transformation: [0.0000030354970802767278f,-0.000011272617200235376f,0.000001505448867846447f,-2.481626136809587f,-0.000009896860138163458f,-0.0000018507159999107229f,0.000006097501705979001f,2.0668207524350297f,-0.000005602716684107256f,-0.000002838215831423527f,-0.000009955230485176833f,-1.2576228172946662f,0f,0f,0f,1f], start_interpolation: 0, interpolation_duration: 1 }
$data merge entity $(bone_flame_slash) { transformation: [0.0000030354970802767278f,-0.000011272617200235376f,0.000001505448867846447f,-2.481626136809587f,-0.000009896860138163458f,-0.0000018507159999107229f,0.000006097501705979001f,2.0668207524350297f,-0.000005602716684107256f,-0.000002838215831423527f,-0.000009955230485176833f,-1.2576228172946662f,0f,0f,0f,1f], start_interpolation: 0, interpolation_duration: 1 }
$data merge entity $(bone_impaling_thrust) { transformation: [0.000005003889650996444f,0.000008863857747220056f,-0.000012665247384089964f,-0.3983973392290542f,0.00001474755556687933f,-0.000006728772516957898f,0.0000011174087521308025f,1.9395345995289281f,-0.000004635306922411619f,-0.00001183938441620083f,-0.000010117227064910814f,-0.35853300536211385f,0f,0f,0f,1f], start_interpolation: 0, interpolation_duration: 1 }
$data merge entity $(bone_spear_of_the_impaler) { transformation: [0.5587463652190789f,-2.074959626238016f,0.2771091721345672f,-1.2797715651870187f,-1.8217229280867249f,-0.3406627681251596f,1.1223719954368425f,2.2801761762402193f,-1.0312965223843444f,-0.522432648616012f,-1.8324672043511339f,-0.9771593992309514f,0f,0f,0f,1f], start_interpolation: 0, interpolation_duration: 1 }
$data merge entity $(bone_left_arm2) { transformation: [0.2578829377934211f,0.9576736736483151f,-0.127896540985185f,-0.2564722010163657f,-0.8407951975784884f,0.15722896990391977f,-0.5180178440477735f,2.537543682919197f,-0.47598301033123597f,0.241122760899698f,0.845754094315908f,-0.7338695545672782f,0f,0f,0f,1f], start_interpolation: 0, interpolation_duration: 1 }
$data merge entity $(bone_left_arm) { transformation: [0.2578829377934211f,0.3961834560138471f,-0.8812122670366991f,-0.1251909697887263f,-0.8407951975784884f,-0.3573006875624452f,-0.4066935632590649f,2.3431191113312746f,-0.47598301033123597f,0.8457983730466313f,0.24096739619227825f,-0.5819178375970249f,0f,0f,0f,1f], start_interpolation: 0, interpolation_duration: 1 }
$data merge entity $(bone_head) { transformation: [0.8906741429375058f,-0.014017421639618596f,-0.4544261028958581f,0.04453613186479158f,-0.17396468273140409f,0.9129502291533856f,-0.36913164081522826f,2.3750596369022534f,0.4200426886218848f,0.4078301006293649f,0.8107026265875426f,-0.28444039930876397f,0f,0f,0f,1f], start_interpolation: 0, interpolation_duration: 1 }
$data merge entity $(bone_body_top) { transformation: [0.5132248723199582f,0.06500402819847606f,-0.8557889382027174f,0.01894079576164163f,-0.3284040537492184f,0.9361168164703279f,-0.1258415011136592f,2.0064636404170617f,0.792938211913919f,0.3456295448011213f,0.5017860199799578f,-0.4205320325742055f,0f,0f,0f,1f], start_interpolation: 0, interpolation_duration: 1 }
$data merge entity $(bone_body) { transformation: [0.5132248723199582f,0.06500402819847606f,-0.8557889382027174f,-0.009498466575191645f,-0.3284040537492184f,0.9361168164703279f,-0.1258415011136592f,1.5969125332112935f,0.792938211913919f,0.3456295448011213f,0.5017860199799578f,-0.5717449584246961f,0f,0f,0f,1f], start_interpolation: 0, interpolation_duration: 1 }
$data merge entity $(bone_right_leg2) { transformation: [0.3671664242577588f,-0.6067556754226613f,-0.7050080618263604f,-0.0024896746964318886f,-0.13745639483414226f,0.7142307247397272f,-0.6862799802973744f,1.2736539464307575f,0.919942691919976f,0.3488868329131297f,0.17883909360895928f,-0.47243135632611005f,0f,0f,0f,1f], start_interpolation: 0, interpolation_duration: 1 }
$data merge entity $(bone_right_leg) { transformation: [0.3671664242577588f,0.15005247784749023f,-0.9179722603595383f,0.05143543453000991f,-0.13745639483414226f,0.9848196256507392f,0.10600020968063387f,1.6275734993989919f,0.919942691919976f,0.08726143950775968f,0.3822183731298926f,-0.44107177650300894f,0f,0f,0f,1f], start_interpolation: 0, interpolation_duration: 1 }
$data merge entity $(bone_left_leg2) { transformation: [0.2496865112541723f,0.0932626794420724f,-0.963825045701244f,-0.3175674414940212f,-0.5474592105318993f,0.8346013858154174f,-0.061065044000427615f,1.5539427463365403f,0.7987146292021384f,0.5429020164065241f,0.25944622117159566f,-0.6969561790236577f,0f,0f,0f,1f], start_interpolation: 0, interpolation_duration: 1 }
$data merge entity $(bone_left_leg) { transformation: [0.2496865112541723f,0.7736137158125718f,-0.5823903028076493f,-0.039550012373878216f,-0.5474592105318993f,0.608870396532184f,0.5740777412777215f,1.7727555450902939f,0.7987146292021384f,0.1754954669881998f,0.5755486792314652f,-0.6338874955747734f,0f,0f,0f,1f], start_interpolation: 0, interpolation_duration: 1 }
data modify entity @s data merge value {"locators":{"spear_head":{"posx":-2.2308296341938973,"posy":2.144985813634318,"posz":-1.2414345697294915,"roty":8.599222457342535,"rotx":31.199386071196333},"spear_body":{"posx":-1.2731559605455827,"posy":2.3022147835382376,"posz":-1.0003118088297938,"roty":8.599222457342535,"rotx":31.199386071196333},"spear_body1":{"posx":-0.37533689150028704,"posy":2.4496169428231624,"posz":-0.7742592204863269,"roty":8.599222457342535,"rotx":31.199386071196333},"player_camera":{"posx":-0.6933827999444216,"posy":0.8334122785631863,"posz":-0.559463683067493,"roty":245.00000148691623,"rotx":-3.587049941207289e-7},"flame1":{"posx":0.1875087499999988,"posy":0.062489375,"posz":9.68750875,"roty":0,"rotx":0},"flame2":{"posx":0.1874912499999988,"posy":0.062489375,"posz":9.68750875,"roty":0,"rotx":0},"flame3":{"posx":0.1875087499999988,"posy":0.062489375,"posz":9.68749125,"roty":0,"rotx":0},"flame4":{"posx":0.1874912499999988,"posy":0.062489375,"posz":9.68749125,"roty":0,"rotx":0}},"cameras":{}}