# This file was generated by Animated Java via MC-Build. It is not recommended to edit this file directly.
execute on vehicle unless entity @s[tag=aj.transforms_only] run function animated_java:messemers_assault/variants/imapler0/apply
$data merge entity $(bone_right_arm2) { transformation: [0.8490660543428613f,-0.5202205195438765f,-0.09196437575574223f,0.38666469597375164f,0.5248553142098529f,0.8108624868754878f,0.2588994525366475f,2.013313346580995f,-0.0601143452789869f,-0.26809072797021133f,0.961516316589625f,-0.1567395847367188f,0f,0f,0f,1f], start_interpolation: 0, interpolation_duration: 1 }
$data merge entity $(bone_right_arm) { transformation: [0.6810595151149773f,-0.7264299625312872f,-0.09196437575574223f,0.2050572053409298f,0.720785975188068f,0.6429919528644273f,0.2588994525366475f,2.174061334797102f,-0.12893996604442487f,-0.24261256786980692f,0.961516316589625f,-0.21739272670417054f,0f,0f,0f,1f], start_interpolation: 0, interpolation_duration: 1 }
$data merge entity $(bone_flame_slash2) { transformation: [0.000002470338253357568f,-0.000011467137330532797f,-9.770914582629413e-7f,-2.4925958604625733f,-0.000010212455047790305f,-0.0000026449459968745194f,0.0000052213542239146086f,1.928177527410016f,-0.000005306195263272139f,-2.480715167640002e-7f,-0.000010504059677653672f,-0.8377897112260844f,0f,0f,0f,1f], start_interpolation: 0, interpolation_duration: 1 }
$data merge entity $(bone_flame_slash) { transformation: [0.000002470338253357568f,-0.000011467137330532797f,-9.770914582629413e-7f,-2.4925958604625733f,-0.000010212455047790305f,-0.0000026449459968745194f,0.0000052213542239146086f,1.928177527410016f,-0.000005306195263272139f,-2.480715167640002e-7f,-0.000010504059677653672f,-0.8377897112260844f,0f,0f,0f,1f], start_interpolation: 0, interpolation_duration: 1 }
$data merge entity $(bone_impaling_thrust) { transformation: [0.0000012443783171245006f,0.000007717237785568826f,-0.000014244688156199098f,-0.20002550897877702f,0.000014541606417554894f,-0.000006830223485468361f,-0.0000024300426000346093f,1.9702935277686693f,-0.0000071420292986865335f,-0.00001256215209277634f,-0.000007429611658569913f,-0.36358814813416085f,0f,0f,0f,1f], start_interpolation: 0, interpolation_duration: 1 }
$data merge entity $(bone_spear_of_the_impaler) { transformation: [0.45471712982157f,-2.1107651015493993f,-0.17985400293689538f,-1.2756083775775324f,-1.8798147344605163f,-0.4868573162388496f,0.9610988305966712f,2.2240883607943736f,-0.9767155882837211f,-0.04566272166983366f,-1.933490630930941f,-0.8341949572642948f,0f,0f,0f,1f], start_interpolation: 0, interpolation_duration: 1 }
$data merge entity $(bone_left_arm2) { transformation: [0.2098694445330323f,0.9741992776381844f,0.08300953981702852f,-0.29841136189950024f,-0.8676068005202383f,0.22470337672562285f,-0.44358407566000213f,2.543374133213392f,-0.45079180997710205f,0.021075102309154103f,0.892380291198896f,-0.842240716970079f,0f,0f,0f,1f], start_interpolation: 0, interpolation_duration: 1 }
$data merge entity $(bone_left_arm) { transformation: [0.2098694445330323f,0.42763762836375807f,-0.8792501777417026f,-0.1652682742419317f,-0.8676068005202383f,-0.33316715020709853f,-0.36913153443442936f,2.3516314955965876f,-0.45079180997710205f,0.8403128636587093f,0.30109970977612555f,-0.6885114773025394f,0f,0f,0f,1f], start_interpolation: 0, interpolation_duration: 1 }
$data merge entity $(bone_head) { transformation: [0.9543736987045235f,0.024622333336086308f,-0.297598024056163f,0.03394436340845937f,-0.12748409316326015f,0.9348064618254027f,-0.33148858942626225f,2.4000100681202867f,0.2700345333682106f,0.35430300539306525f,0.895293656382113f,-0.41229751816769933f,0f,0f,0f,1f], start_interpolation: 0, interpolation_duration: 1 }
$data merge entity $(bone_body_top) { transformation: [0.5925207673325784f,0.0977384198884194f,-0.7996038653966889f,-0.004540139422605775f,-0.28411225727917694f,0.9541819333804654f,-0.09389921870839946f,2.0243009318517284f,0.7537900009573901f,0.282814496248039f,0.5931412944388753f,-0.5236557260653647f,0f,0f,0f,1f], start_interpolation: 0, interpolation_duration: 1 }
$data merge entity $(bone_body) { transformation: [0.5925207673325784f,0.0977384198884194f,-0.7996038653966889f,-0.047300698123789266f,-0.28411225727917694f,0.9541819333804654f,-0.09389921870839946f,1.606846335997775f,0.7537900009573901f,0.282814496248039f,0.5931412944388753f,-0.6473870681738818f,0f,0f,0f,1f], start_interpolation: 0, interpolation_duration: 1 }
$data merge entity $(bone_right_leg2) { transformation: [0.45976216637956346f,-0.6189285962734259f,-0.6368250490369987f,-0.0057266295992064245f,-0.0856903725146676f,0.6828450676011882f,-0.7255203468621855f,1.2872750969539792f,0.8838981335110212f,0.3881365821044626f,0.26091010560727146f,-0.5434477004599566f,0f,0f,0f,1f], start_interpolation: 0, interpolation_duration: 1 }
$data merge entity $(bone_right_leg) { transformation: [0.45976216637956346f,0.08999665708852303f,-0.883470062921693f,0.026615919041981538f,-0.0856903725146676f,0.9947051788731418f,0.05673418000860006f,1.6447472706115147f,0.8838981335110212f,0.0496206492887947f,0.4650396550186771f,-0.525615279621796f,0f,0f,0f,1f], start_interpolation: 0, interpolation_duration: 1 }
$data merge entity $(bone_left_leg2) { transformation: [0.3315002123113692f,0.14629652119189773f,-0.932043420192785f,-0.3674876928373989f,-0.5015696177002468f,0.8640595035897023f,-0.04276789515916285f,1.55958578207383f,0.799084180695341f,0.4816622282714988f,0.3598137990947387f,-0.7365018842505484f,0f,0f,0f,1f], start_interpolation: 0, interpolation_duration: 1 }
$data merge entity $(bone_left_leg) { transformation: [0.3315002123113692f,0.7860109877566189f,-0.5218182982259054f,-0.08501499411236399f,-0.5015696177002468f,0.6152819392663735f,0.6081579184822299f,1.780702728997683f,0.799084180695341f,0.06012372525446147f,0.5982053241354347f,-0.7148949204872264f,0f,0f,0f,1f], start_interpolation: 0, interpolation_duration: 1 }
data modify entity @s data merge value {"locators":{"spear_head":{"posx":-2.2495597257099864,"posy":2.0194935643775187,"posz":-0.8809816140882313,"roty":354.68561857807015,"rotx":26.332783869056744},"spear_body":{"posx":-1.275360448071802,"posy":2.2441969411031417,"posz":-0.8599065117790773,"roty":354.68561857807015,"rotx":26.332783869056744},"spear_body1":{"posx":-0.3620486252860041,"posy":2.4548563567834134,"posz":-0.8401486033642453,"roty":354.68561857807015,"rotx":26.332783869056744},"player_camera":{"posx":-0.7244471758508129,"posy":0.8476595783576186,"posz":-0.5213340447047433,"roty":239.15915978687846,"rotx":1.5680219931271002},"flame1":{"posx":0.1875087499999988,"posy":0.062489375,"posz":9.68750875,"roty":0,"rotx":0},"flame2":{"posx":0.1874912499999988,"posy":0.062489375,"posz":9.68750875,"roty":0,"rotx":0},"flame3":{"posx":0.1875087499999988,"posy":0.062489375,"posz":9.68749125,"roty":0,"rotx":0},"flame4":{"posx":0.1874912499999988,"posy":0.062489375,"posz":9.68749125,"roty":0,"rotx":0}},"cameras":{}}