# This file was generated by Animated Java via MC-Build. It is not recommended to edit this file directly.
execute on vehicle unless entity @s[tag=aj.transforms_only] run function animated_java:messemers_assault/variants/imapler1/apply
$data merge entity $(bone_right_arm2) { transformation: [0.7535836295634648f,-0.6466295601974328f,0.11824519073869405f,0.565460308594832f,0.6563690803860289f,0.7303494591193446f,-0.1891277290015389f,1.7904758057299142f,0.03593526912593528f,0.22013604757730185f,0.9748070460300803f,1.4361557198530663f,0f,0f,0f,1f], start_interpolation: 0, interpolation_duration: 1 }
$data merge entity $(bone_right_arm) { transformation: [0.5790138614807143f,-0.8066976032444643f,0.11824519073869405f,0.36378590778371594f,0.8106578087405616f,0.5541341166637113f,-0.1891277290015389f,1.929009334895842f,0.08704519137289146f,0.20536396390059822f,0.9748070460300803f,1.487496710828216f,0f,0f,0f,1f], start_interpolation: 0, interpolation_duration: 1 }
$data merge entity $(bone_flame_slash2) { transformation: [0.0000022027242840591535f,-0.000005348376608898899f,-0.000010251604300738036f,-1.5375810766862472f,-0.000011122149964660496f,-0.000003833862887136709f,-3.896060668797221e-7f,1.3965216170213268f,-0.0000031620093695512363f,0.000009759553287580852f,-0.000005771077346115825f,2.8744080883678014f,0f,0f,0f,1f], start_interpolation: 0, interpolation_duration: 1 }
$data merge entity $(bone_flame_slash) { transformation: [0.0000022027242840591535f,-0.000005348376608898899f,-0.000010251604300738036f,-1.5375810766862472f,-0.000011122149964660496f,-0.000003833862887136709f,-3.896060668797221e-7f,1.3965216170213268f,-0.0000031620093695512363f,0.000009759553287580852f,-0.000005771077346115825f,2.8744080883678014f,0f,0f,0f,1f], start_interpolation: 0, interpolation_duration: 1 }
$data merge entity $(bone_impaling_thrust) { transformation: [-0.9207495678697506f,0.030277220486839458f,-0.5698290964827745f,0.22980944226835476f,0.4776587228672817f,-0.5509080293849152f,-0.8010893605829131f,1.9537900673708f,-0.3121923345432745f,-0.9321938151961402f,0.45492011735424454f,1.1238368269555363f,0f,0f,0f,1f], start_interpolation: 0, interpolation_duration: 1 }
$data merge entity $(bone_spear_of_the_impaler) { transformation: [0.4054572133489415f,-0.9844799421690007f,-1.887020968631426f,-0.9927264216130318f,-2.047263002344587f,-0.7057021951543676f,-0.07171509903626742f,1.8062489567117075f,-0.5820335830678381f,1.796448746740546f,-1.0622868035328243f,1.8237456359005808f,0f,0f,0f,1f], start_interpolation: 0, interpolation_duration: 1 }
$data merge entity $(bone_left_arm2) { transformation: [0.18713409846874227f,0.743826340907255f,0.6416410240647157f,-0.42938695967952384f,-0.9448906164667323f,0.3149170353819107f,-0.08949292563877484f,2.1491827128859877f,-0.2686308844928484f,-0.589533404820112f,0.7617662453126924f,1.2642004584287168f,0f,0f,0f,1f], start_interpolation: 0, interpolation_duration: 1 }
$data merge entity $(bone_left_arm) { transformation: [0.18713409846874227f,0.9629040794222143f,0.1944133817985551f,-0.16526917751537745f,-0.9448906164667323f,0.23056141475698338f,-0.23242882123002118f,2.088711739516892f,-0.2686308844928484f,-0.1402040222579864f,0.9529849316958129f,1.195570592302614f,0f,0f,0f,1f], start_interpolation: 0, interpolation_duration: 1 }
$data merge entity $(bone_head) { transformation: [0.9558907246847874f,-0.22159724048480955f,-0.1927889661549918f,0.0760159787012874f,0.08849736312516299f,0.8431478145596047f,-0.5303489224305593f,2.111280926415531f,0.2800734531894912f,0.48989430065360007f,0.8255679469344935f,1.4396861749519692f,0f,0f,0f,1f], start_interpolation: 0, interpolation_duration: 1 }
$data merge entity $(bone_body_top) { transformation: [0.8464881364785494f,-0.16168616648961293f,-0.5072626719629258f,0.1396799067565725f,-0.2555238473936806f,0.7124896640637463f,-0.6535029013060776f,1.8307381211904306f,0.4670817896409629f,0.6828001626890721f,0.5617993766617873f,1.170833610893147f,0f,0f,0f,1f], start_interpolation: 0, interpolation_duration: 1 }
$data merge entity $(bone_body) { transformation: [0.8464881364785494f,-0.16168616648961293f,-0.5072626719629258f,0.21041760459577813f,-0.2555238473936806f,0.7124896640637463f,-0.6535029013060776f,1.5190238931625415f,0.4670817896409629f,0.6828001626890721f,0.5617993766617873f,0.8721085397166779f,0f,0f,0f,1f], start_interpolation: 0, interpolation_duration: 1 }
$data merge entity $(bone_right_leg2) { transformation: [0.6971928179612024f,-0.716487574262316f,0.023827096151667004f,0.47070954013347094f,-0.20183970780284446f,-0.22807974748051218f,-0.9524916593562842f,1.3267987771836651f,0.6878829165907385f,0.6592610899461068f,-0.30363120449929215f,0.7530444492342472f,0f,0f,0f,1f], start_interpolation: 0, interpolation_duration: 1 }
$data merge entity $(bone_right_leg) { transformation: [0.6971928179612024f,-0.4788019498328271f,-0.533545562646342f,0.2986400894122987f,-0.20183970780284446f,0.5830441070661483f,-0.7869690601094176f,1.5363302531605623f,0.6878829165907385f,0.6563598571300054f,0.3098529183514311f,0.9889237728903428f,0f,0f,0f,1f], start_interpolation: 0, interpolation_duration: 1 }
$data merge entity $(bone_left_leg2) { transformation: [0.7025136300874756f,-0.12285679867510171f,-0.7009855965429133f,-0.006843825406031873f,-0.5646981532365254f,0.503225029749371f,-0.6541258022467867f,1.3907525209076124f,0.433117299669011f,0.8553775636834593f,0.2841454350757271f,0.7010480690740971f,0f,0f,0f,1f], start_interpolation: 0, interpolation_duration: 1 }
$data merge entity $(bone_left_leg) { transformation: [0.7025136300874756f,0.28360771347730623f,-0.6527183652981526f,0.09507769662487506f,-0.5646981532365254f,0.7803216733619899f,-0.26872677911365955f,1.6711806222720775f,0.433117299669011f,0.5573730805642825f,0.7083393634337334f,0.9013540199018861f,0f,0f,0f,1f], start_interpolation: 0, interpolation_duration: 1 }
data modify entity @s data merge value {"locators":{"spear_head":{"posx":-1.474005011913695,"posy":1.4863440351190103,"posz":2.635324966690627,"roty":299.37706712867714,"rotx":-1.896795297551498},"spear_body":{"posx":-1.0196296539895406,"posy":1.812052740574872,"posz":1.8061947758872978,"roty":299.37706712867714,"rotx":-1.896795297551498},"spear_body1":{"posx":-0.5936527559356461,"posy":2.1174046519397427,"posz":1.0288852220091766,"roty":299.37706712867714,"rotx":-1.896795297551498},"player_camera":{"posx":-0.09288141184093694,"posy":0.5549823787505945,"posz":0.7006007698669094,"roty":228.47195457193834,"rotx":-33.37548013387184},"flame1":{"posx":0.1875087499999988,"posy":0.062489375,"posz":9.68750875,"roty":0,"rotx":0},"flame2":{"posx":0.1874912499999988,"posy":0.062489375,"posz":9.68750875,"roty":0,"rotx":0},"flame3":{"posx":0.1875087499999988,"posy":0.062489375,"posz":9.68749125,"roty":0,"rotx":0},"flame4":{"posx":0.1874912499999988,"posy":0.062489375,"posz":9.68749125,"roty":0,"rotx":0}},"cameras":{}}