# This file was generated by Animated Java via MC-Build. It is not recommended to edit this file directly.
$data merge entity $(bone_right_arm2) { transformation: [0.7422549710085318f,-0.5961350812247148f,0.30607274126639455f,0.5882057586539532f,0.6675686754225278f,0.6975960940622121f,-0.26021482114544703f,1.7598843767552905f,-0.058391965266934735f,0.3974703189954535f,0.9157552751198963f,1.9800187826543478f,0f,0f,0f,1f], start_interpolation: 0, interpolation_duration: 1 }
$data merge entity $(bone_right_arm) { transformation: [0.5838526798553332f,-0.7519544702170602f,0.30607274126639455f,0.40021714109968815f,0.8110903954478504f,0.5238517130529331f,-0.26021482114544703f,1.8908473050185237f,0.035332968145844246f,0.40017978141341326f,0.9157552751198963f,2.0800637280077012f,0f,0f,0f,1f], start_interpolation: 0, interpolation_duration: 1 }
$data merge entity $(bone_flame_slash2) { transformation: [0.000002048095807994003f,7.979920178923799e-7f,-0.000011563780941446807f,-0.5507833654702908f,-0.000011571340417843735f,-5.477669702991203e-7f,-0.0000020872349272988996f,1.8535123191069078f,-6.796336195072368e-7f,0.00001173097086547999f,6.891574984037576e-7f,4.101184954515153f,0f,0f,0f,1f], start_interpolation: 0, interpolation_duration: 1 }
$data merge entity $(bone_flame_slash) { transformation: [0.000002048095807994003f,7.979920178923799e-7f,-0.000011563780941446807f,-0.5507833654702908f,-0.000011571340417843735f,-5.477669702991203e-7f,-0.0000020872349272988996f,1.8535123191069078f,-6.796336195072368e-7f,0.00001173097086547999f,6.891574984037576e-7f,4.101184954515153f,0f,0f,0f,1f], start_interpolation: 0, interpolation_duration: 1 }
$data merge entity $(bone_impaling_thrust) { transformation: [-1.533349657022381f,-0.5110734231115928f,-0.1667229933852639f,0.035290308044705454f,0.502275928992828f,-1.1824020389232257f,-0.9948859635805457f,1.818483080879079f,0.1916024308006962f,-0.9903954490829396f,1.2737971321886636f,1.584759935790096f,0f,0f,0f,1f], start_interpolation: 0, interpolation_duration: 1 }
$data merge entity $(bone_spear_of_the_impaler) { transformation: [0.37699462660420585f,0.14688702630231418f,-2.1285543679831287f,-0.6627410781101433f,-2.129945846824333f,-0.10082790249753718f,-0.3841989954674081f,1.9098855600379636f,-0.12510070164380993f,2.1593291504600334f,0.1268537696176828f,2.855021961421344f,0f,0f,0f,1f], start_interpolation: 0, interpolation_duration: 1 }
$data merge entity $(bone_left_arm2) { transformation: [0.17399751997117194f,0.47067146158984297f,0.8649816404345017f,-0.37097015717144544f,-0.9830519293035385f,0.13452339704195085f,0.12454862480527248f,2.0760996837831667f,-0.057738785374066126f,-0.8719930222732138f,0.4861012258474082f,2.087323990377948f,0f,0f,0f,1f], start_interpolation: 0, interpolation_duration: 1 }
$data merge entity $(bone_left_arm) { transformation: [0.17399751997117194f,0.6467309609346572f,0.7426061723500657f,-0.18753772694138465f,-0.9830519293035385f,0.15829191166564088f,0.09248013296826424f,1.9927911705366348f,-0.057738785374066126f,-0.7461117442245302f,0.6633125189484635f,1.8935787061500573f,0f,0f,0f,1f], start_interpolation: 0, interpolation_duration: 1 }
$data merge entity $(bone_head) { transformation: [0.9641710844090111f,-0.20053932549303788f,-0.17366087331448138f,0.08556585770327155f,0.07289065783830566f,0.8297016025510554f,-0.5534276851803763f,2.0284386980713998f,0.2550707195846871f,0.5209407160656653f,0.8145917372251827f,2.0996466520681385f,0f,0f,0f,1f], start_interpolation: 0, interpolation_duration: 1 }
$data merge entity $(bone_body_top) { transformation: [0.9404077888657165f,-0.14451373478873175f,-0.30781320812808727f,0.14246814077633468f,-0.16311018482897782f,0.6025701585657068f,-0.7812197332448507f,1.7911766981361525f,0.29837603497223053f,0.7848725912296282f,0.5430900084615243f,1.7906030692714723f,0f,0f,0f,1f], start_interpolation: 0, interpolation_duration: 1 }
$data merge entity $(bone_body) { transformation: [0.9404077888657165f,-0.14451373478873175f,-0.30781320812808727f,0.2056928997464048f,-0.16311018482897782f,0.6025701585657068f,-0.7812197332448507f,1.5275522537636559f,0.29837603497223053f,0.7848725912296282f,0.5430900084615243f,1.44722131060851f,0f,0f,0f,1f], start_interpolation: 0, interpolation_duration: 1 }
$data merge entity $(bone_right_leg2) { transformation: [0.8241496870274526f,-0.5455317846161863f,0.1522247198914484f,0.47680846548833944f,-0.1573056896683459f,-0.47867578396145705f,-0.863784934950159f,1.4193946082352746f,0.5440884242202889f,0.6879422692511068f,-0.4803157511545085f,1.259598413881459f,0f,0f,0f,1f], start_interpolation: 0, interpolation_duration: 1 }
$data merge entity $(bone_right_leg) { transformation: [0.8241496870274526f,-0.4672719726196574f,-0.32005342831578165f,0.30888260032815f,-0.1573056896683459f,0.3540107864810419f,-0.9219171779791502f,1.5466172346268992f,0.5440884242202889f,0.8101439789686817f,0.2182533389670691f,1.550743906323329f,0f,0f,0f,1f], start_interpolation: 0, interpolation_duration: 1 }
$data merge entity $(bone_left_leg2) { transformation: [0.8381942258044124f,-0.0707418189074642f,-0.5407643062238893f,0.009212443271626791f,-0.4862038926047413f,0.3522468134245898f,-0.7997049188595874f,1.4105631173441322f,0.24705508423049716f,0.9332297560032499f,0.2608562973477464f,1.2587625415595347f,0f,0f,0f,1f], start_interpolation: 0, interpolation_duration: 1 }
$data merge entity $(bone_left_leg) { transformation: [0.8381942258044124f,0.18694840875623342f,-0.5123287345949405f,0.07639702766839818f,-0.4862038926047413f,0.6817093767407688f,-0.5466974487591008f,1.655552424610346f,0.24705508423049716f,0.7073348698652037f,0.6622999073143802f,1.5129610104173423f,0f,0f,0f,1f], start_interpolation: 0, interpolation_duration: 1 }
data modify entity @s data merge value {"locators":{"spear_head":{"posx":-0.6275264768432774,"posy":1.8636046701819375,"posz":3.84963106131858,"roty":266.5894227604129,"rotx":-10.213848277516767},"spear_body":{"posx":-0.6953204889828071,"posy":1.9101406251808009,"posz":2.853017607260103,"roty":266.5894227604129,"rotx":-10.213848277516767},"spear_body1":{"posx":-0.7588773753636162,"posy":1.953768082992235,"posz":1.9186924940802808,"roty":266.5894227604129,"rotx":-10.213848277516767},"player_camera":{"posx":0.01805113445706421,"posy":0.5503226773835654,"posz":1.2010624737427802,"roty":217.79098535162774,"rotx":-44.25575343425228},"flame1":{"posx":0.1875087499999988,"posy":0.062489375,"posz":9.68750875,"roty":0,"rotx":0},"flame2":{"posx":0.1874912499999988,"posy":0.062489375,"posz":9.68750875,"roty":0,"rotx":0},"flame3":{"posx":0.1875087499999988,"posy":0.062489375,"posz":9.68749125,"roty":0,"rotx":0},"flame4":{"posx":0.1874912499999988,"posy":0.062489375,"posz":9.68749125,"roty":0,"rotx":0}},"cameras":{}}