# This file was generated by Animated Java via MC-Build. It is not recommended to edit this file directly.
execute on vehicle unless entity @s[tag=aj.transforms_only] run function animated_java:messemers_assault/variants/imapler0/apply
$data merge entity $(bone_right_arm2) { transformation: [0.7456975447767649f,-0.6611497544360523f,0.08256012308040814f,0.6178991087196525f,0.6370715851307103f,0.6712191765621748f,-0.37895199225527254f,1.867515092604754f,0.19512807879172295f,0.33518027869244243f,0.9217262140368514f,1.8489600475835972f,0f,0f,0f,1f], start_interpolation: 0, interpolation_duration: 1 }
$data merge entity $(bone_right_arm) { transformation: [0.5763927883451496f,-0.8129915003372735f,0.08256012308040814f,0.4146512336353341f,0.7726553418641864f,0.5093123896534396f,-0.37895199225527254f,1.9948431900181138f,0.2660358551632482f,0.28221571558800806f,0.9217262140368514f,1.9195139764805993f,0f,0f,0f,1f], start_interpolation: 0, interpolation_duration: 1 }
$data merge entity $(bone_flame_slash2) { transformation: [0.0000026965778015376817f,-0.000007911801767870268f,-0.000008287603894207915f,-1.8515450948157224f,-0.00001144965173655777f,-0.0000021815796049403808f,-0.0000016427729301272593f,1.7015158364030527f,-4.318108763161627e-7f,0.000008437808991340359f,-0.000008195696197020849f,3.116288094230772f,0f,0f,0f,1f], start_interpolation: 0, interpolation_duration: 1 }
$data merge entity $(bone_flame_slash) { transformation: [0.0000026965778015376817f,-0.000007911801767870268f,-0.000008287603894207915f,-1.8515450948157224f,-0.00001144965173655777f,-0.0000021815796049403808f,-0.0000016427729301272593f,1.7015158364030527f,-4.318108763161627e-7f,0.000008437808991340359f,-0.000008195696197020849f,3.116288094230772f,0f,0f,0f,1f], start_interpolation: 0, interpolation_duration: 1 }
$data merge entity $(bone_impaling_thrust) { transformation: [-0.000012253383606363386f,0.000004484583218416722f,-0.000009682896294750873f,0.3756274675049913f,0.000005394078541900105f,-0.000010118527967584418f,-0.000011512370978887223f,1.9846898835274214f,-0.000009207273428198921f,-0.000011896187718290557f,0.0000061418410018556415f,1.8369839435830118f,0f,0f,0f,1f], start_interpolation: 0, interpolation_duration: 1 }
$data merge entity $(bone_spear_of_the_impaler) { transformation: [0.4963612236458741f,-1.4563316528469166f,-1.5255058495533154f,-1.0296119747420134f,-2.1075465143398366f,-0.4015650954226541f,-0.3023865216517433f,1.9326808494545398f,-0.07948377192368304f,1.5531542214148624f,-1.5085883265312712f,2.199978452277821f,0f,0f,0f,1f], start_interpolation: 0, interpolation_duration: 1 }
$data merge entity $(bone_left_arm2) { transformation: [0.229089795528865f,0.8202403482049692f,0.5241408558404251f,-0.44286381548743425f,-0.9727137758491555f,0.21319849900560117f,0.0915112577502735f,2.160380781732534f,-0.03668481781093064f,-0.5308033262879476f,0.846700686750536f,1.6884563519673237f,0f,0f,0f,1f], start_interpolation: 0, interpolation_duration: 1 }
$data merge entity $(bone_left_arm) { transformation: [0.229089795528865f,0.9228512854942827f,-0.30961810419626973f,-0.18351476967275543f,-0.9727137758491555f,0.2050502648736741f,-0.1085462995615899f,2.0900541259698078f,-0.03668481781093064f,0.32603664477599037f,0.9446450817134407f,1.765379910934955f,0f,0f,0f,1f], start_interpolation: 0, interpolation_duration: 1 }
$data merge entity $(bone_head) { transformation: [0.9832055751438449f,-0.09076705597500545f,-0.15832920942040726f,0.10460740536800942f,0.013806373790955631f,0.9020570975959704f,-0.43139584689641863f,2.14142152113381f,0.18197851809706922f,0.42196484951517443f,0.8881607313571291f,1.9461209285923868f,0f,0f,0f,1f], start_interpolation: 0, interpolation_duration: 1 }
$data merge entity $(bone_body_top) { transformation: [0.9570656052929433f,-0.07624922861412123f,-0.27966315864089675f,0.13463053913481965f,-0.15233749752271003f,0.6885068740163436f,-0.709049766434459f,1.870321939489875f,0.24661450487303094f,0.7212103296320664f,0.647330631453692f,1.6621443612997606f,0f,0f,0f,1f], start_interpolation: 0, interpolation_duration: 1 }
$data merge entity $(bone_body) { transformation: [0.9570656052929433f,-0.07624922861412123f,-0.27966315864089675f,0.16798957665349767f,-0.15233749752271003f,0.6885068740163436f,-0.709049766434459f,1.5691001821077246f,0.24661450487303094f,0.7212103296320664f,0.647330631453692f,1.3466148420857316f,0f,0f,0f,1f], start_interpolation: 0, interpolation_duration: 1 }
$data merge entity $(bone_right_leg2) { transformation: [0.8593786486408981f,-0.4998917748317566f,0.10759438514950548f,0.4204894956134937f,-0.11672760745707675f,-0.3966459579487663f,-0.9105199886330075f,1.4283385302627867f,0.4978383311050791f,0.7699222022376428f,-0.39922023819446795f,1.1556821063138962f,0f,0f,0f,1f], start_interpolation: 0, interpolation_duration: 1 }
$data merge entity $(bone_right_leg) { transformation: [0.8593786486408981f,-0.3941533917579497f,-0.3257475126932637f,0.27884062045048047f,-0.11672760745707675f,0.46900823838095707f,-0.8754461365430417f,1.5968883659309432f,0.4978383311050791f,0.7903634455720328f,0.35704708371027766f,1.4397189695663455f,0f,0f,0f,1f], start_interpolation: 0, interpolation_duration: 1 }
$data merge entity $(bone_left_leg2) { transformation: [0.8460484370512226f,0.04046050252558897f,-0.5315684244747424f,-0.04789038846596494f,-0.4765114807796915f,0.5044876747642384f,-0.7200201349240989f,1.433261558859269f,0.23903734195378107f,0.8624703668801315f,0.44610090271744846f,1.1938039298102128f,0f,0f,0f,1f], start_interpolation: 0, interpolation_duration: 1 }
$data merge entity $(bone_left_leg) { transformation: [0.8460484370512226f,0.2613201920541153f,-0.4646652551977428f,0.04602155555348274f,-0.4765114807796915f,0.7615147659427687f,-0.4393541509264205f,1.7069309278699516f,0.23903734195378107f,0.5931332215244146f,0.768800449190647f,1.4069611812955494f,0f,0f,0f,1f], start_interpolation: 0, interpolation_duration: 1 }
data modify entity @s data merge value {"locators":{"spear_head":{"posx":-1.722679935007644,"posy":1.7493260688218757,"posz":2.8918361525161194,"roty":314.6805331120828,"rotx":-8.022560316159748},"spear_body":{"posx":-1.0505268644629133,"posy":1.934663805170793,"posz":2.1749957426323365,"roty":314.6805331120828,"rotx":-8.022560316159748},"spear_body1":{"posx":-0.42038336082722827,"posy":2.1084179329979027,"posz":1.5029578583662901,"roty":314.6805331120828,"rotx":-8.022560316159748},"player_camera":{"posx":-0.05334198962858674,"posy":0.5756359276699321,"posz":1.224867715132032,"roty":211.2910018097498,"rotx":-38.352146022280095},"flame1":{"posx":0.1875087499999988,"posy":0.062489375,"posz":9.68750875,"roty":0,"rotx":0},"flame2":{"posx":0.1874912499999988,"posy":0.062489375,"posz":9.68750875,"roty":0,"rotx":0},"flame3":{"posx":0.1875087499999988,"posy":0.062489375,"posz":9.68749125,"roty":0,"rotx":0},"flame4":{"posx":0.1874912499999988,"posy":0.062489375,"posz":9.68749125,"roty":0,"rotx":0}},"cameras":{}}