# This file was generated by Animated Java via MC-Build. It is not recommended to edit this file directly.
execute on vehicle unless entity @s[tag=aj.transforms_only] run function animated_java:messemers_assault/variants/imapler1/apply
$data merge entity $(bone_right_arm2) { transformation: [0.5577599956905925f,-0.8139839034260683f,-0.16227751591175846f,0.6478648975854902f,0.6586090018664776f,0.5530261733832619f,-0.5102903430533527f,1.898129910902862f,0.5051118389700167f,0.17774210676237429f,0.8445530022538553f,2.7501749613100324f,0f,0f,0f,1f], start_interpolation: 0, interpolation_duration: 1 }
$data merge entity $(bone_right_arm) { transformation: [0.3684627449610004f,-0.9153694409391837f,-0.16227751591175846f,0.4190225373506942f,0.7626497190319405f,0.3974533580773899f,-0.5102903430533527f,1.9974932504222094f,0.5316019296769972f,0.06426207861322501f,0.8445530022538553f,2.7662404809633387f,0f,0f,0f,1f], start_interpolation: 0, interpolation_duration: 1 }
$data merge entity $(bone_flame_slash2) { transformation: [0.000003291548111685526f,-0.00000863762149674141f,-0.000007287641818078139f,-1.908793189501918f,-0.000011298674142761514f,-0.0000026771996827061636f,-0.000001930047107124978f,1.6428782526854357f,-2.4122811872356704e-7f,0.0000075350258194023335f,-0.000009039784967397643f,3.77290231925211f,0f,0f,0f,1f], start_interpolation: 0, interpolation_duration: 1 }
$data merge entity $(bone_flame_slash) { transformation: [0.000003291548111685526f,-0.00000863762149674141f,-0.000007287641818078139f,-1.908793189501918f,-0.000011298674142761514f,-0.0000026771996827061636f,-0.000001930047107124978f,1.6428782526854357f,-2.4122811872356704e-7f,0.0000075350258194023335f,-0.000009039784967397643f,3.77290231925211f,0f,0f,0f,1f], start_interpolation: 0, interpolation_duration: 1 }
$data merge entity $(bone_impaling_thrust) { transformation: [-0.7646048031055633f,0.41383524365043584f,-0.64615908427553f,0.4238106094616487f,0.3279782897510722f,-0.6484028749099408f,-0.803371414273367f,2.0510171782795794f,-0.6936940338009037f,-0.7627029427846809f,0.3323770216903134f,2.7387425599986424f,0f,0f,0f,1f], start_interpolation: 0, interpolation_duration: 1 }
$data merge entity $(bone_spear_of_the_impaler) { transformation: [0.6058778825049463f,-1.5899338684267375f,-1.3414420337701352f,-1.0075014036484102f,-2.079755948402119f,-0.49279427787865665f,-0.35526530821415525f,1.9260687581790488f,-0.04440305194203712f,1.3869782039253853f,-1.663960418777619f,2.9506426696155685f,0f,0f,0f,1f], start_interpolation: 0, interpolation_duration: 1 }
$data merge entity $(bone_left_arm2) { transformation: [0.27963594577151374f,0.8599437698881487f,0.42696656832008467f,-0.43394085149771855f,-0.9598873608009781f,0.25989847645947683f,0.10520948868127573f,2.173467451805459f,-0.02049371628094021f,-0.4392601672865425f,0.8981261119845001f,2.5220731748313217f,0f,0f,0f,1f], start_interpolation: 0, interpolation_duration: 1 }
$data merge entity $(bone_left_arm) { transformation: [0.27963594577151374f,0.9132685209440212f,-0.2962167221565834f,-0.170669228040274f,-0.9598873608009781f,0.25934810302539446f,-0.1065589791226535f,2.118318557461685f,-0.02049371628094021f,0.31413240856340974f,0.9491579623451236f,2.5980445624370567f,0f,0f,0f,1f], start_interpolation: 0, interpolation_duration: 1 }
$data merge entity $(bone_head) { transformation: [0.9885515908164252f,0.03281229719607412f,-0.14727221546181696f,0.12410143115796773f,-0.07298706890228206f,0.9582619234887539f,-0.2764181140314201f,2.1745295473796227f,0.13205544315691367f,0.28400253369353956f,0.9496862222799071f,2.7661840747126654f,0f,0f,0f,1f], start_interpolation: 0, interpolation_duration: 1 }
$data merge entity $(bone_body_top) { transformation: [0.9435068246255492f,-0.0005232938938599524f,-0.3313526792535617f,0.1243074781286751f,-0.19332049126316136f,0.8112949108707851f,-0.5517497215703284f,1.855082176224251f,0.26911346964205085f,0.5846368905215147f,0.7653611217579264f,2.535983299069819f,0f,0f,0f,1f], start_interpolation: 0, interpolation_duration: 1 }
$data merge entity $(bone_body) { transformation: [0.9435068246255492f,-0.0005232938938599524f,-0.3313526792535617f,0.12453641920723883f,-0.19332049126316136f,0.8112949108707851f,-0.5517497215703284f,1.5001406527182826f,0.26911346964205085f,0.5846368905215147f,0.7653611217579264f,2.2802046594666563f,0f,0f,0f,1f], start_interpolation: 0, interpolation_duration: 1 }
$data merge entity $(bone_right_leg2) { transformation: [0.8539491075307577f,-0.5144735532056637f,0.07802489858603812f,0.4073036469385518f,-0.10411678559158412f,-0.31584561088508195f,-0.9430807203218108f,1.435264769124295f,0.5098339109018726f,0.7972192378113867f,-0.3232814101644772f,2.0647358324154506f,0f,0f,0f,1f], start_interpolation: 0, interpolation_duration: 1 }
$data merge entity $(bone_right_leg) { transformation: [0.8539491075307577f,-0.4680609850052644f,-0.2273539884482434f,0.23909423045228495f,-0.10411678559158412f,0.27439160119438977f,-0.9559649283065017f,1.5338742508035288f,0.5098339109018726f,0.8400167638266991f,0.1855834577343059f,2.3666168569156705f,0f,0f,0f,1f], start_interpolation: 0, interpolation_duration: 1 }
$data merge entity $(bone_left_leg2) { transformation: [0.8033790952579563f,0.10468094835580996f,-0.586194445857205f,-0.14438121317212615f,-0.501856232286288f,0.6488839583920468f,-0.5719177656419492f,1.3472374283638786f,0.32050327832632053f,0.7536521131084264f,0.5738345937544063f,2.232591725917001f,0f,0f,0f,1f], start_interpolation: 0, interpolation_duration: 1 }
$data merge entity $(bone_left_leg) { transformation: [0.8033790952579563f,0.4485519102240953f,-0.39164168973287644f,0.016817129564658084f,-0.501856232286288f,0.8640312841522022f,-0.03987809074802201f,1.6577486711060763f,0.32050327832632053f,0.22858504728133733f,0.9192532429866482f,2.3147394772837315f,0f,0f,0f,1f], start_interpolation: 0, interpolation_duration: 1 }
data modify entity @s data merge value {"locators":{"spear_head":{"posx":-1.7595599746413806,"posy":1.699934201522963,"posz":3.5637497716692046,"roty":321.1251342787905,"rotx":-9.437323814807026},"spear_body":{"posx":-1.0257443430598094,"posy":1.9273777143900355,"posz":2.9236059852421037,"roty":321.1251342787905,"rotx":-9.437323814807026},"spear_body1":{"posx":-0.3377921884520865,"posy":2.1406060077029156,"posz":2.3234711854666967,"roty":321.1251342787905,"rotx":-9.437323814807026},"player_camera":{"posx":-0.18827285934643306,"posy":0.5258330276988958,"posz":2.34067165112172,"roty":210.2414502197724,"rotx":-26.68604993012234},"flame1":{"posx":0.1875087499999988,"posy":0.062489375,"posz":9.68750875,"roty":0,"rotx":0},"flame2":{"posx":0.1874912499999988,"posy":0.062489375,"posz":9.68750875,"roty":0,"rotx":0},"flame3":{"posx":0.1875087499999988,"posy":0.062489375,"posz":9.68749125,"roty":0,"rotx":0},"flame4":{"posx":0.1874912499999988,"posy":0.062489375,"posz":9.68749125,"roty":0,"rotx":0}},"cameras":{}}