# This file was generated by Animated Java via MC-Build. It is not recommended to edit this file directly.
$data merge entity $(bone_right_arm2) { transformation: [0.25647926146119965f,-0.9565469757467591f,0.13869488682012499f,0.6310546437818603f,0.6134650006770426f,0.05021426210520459f,-0.7881238613476603f,1.6882599571060428f,0.7469130346865249f,0.2872218847354071f,0.5996870079836707f,4.480044899478858f,0f,0f,0f,1f], start_interpolation: 0, interpolation_duration: 1 }
$data merge entity $(bone_right_arm) { transformation: [0.07032512585572209f,-0.9878350596346184f,0.13869488682012499f,0.3840958788732056f,0.6118486904835756f,-0.0670966402138565f,-0.7881238613476603f,1.6714857970525787f,0.7878423424943031f,0.14028519461683306f,0.5996870079836707f,4.515116198133066f,0f,0f,0f,1f], start_interpolation: 0, interpolation_duration: 1 }
$data merge entity $(bone_flame_slash2) { transformation: [0.00000606514669755598f,0.0000013004990736123705f,-0.000010003760045991226f,-0.19663129981951824f,-0.000009676486761722352f,-0.0000025496412750948465f,-0.0000061981812396586135f,1.0636290320441988f,-0.000002851686667298678f,0.00001141755441804318f,-2.4464591491553495e-7f,6.373518504789988f,0f,0f,0f,1f], start_interpolation: 0, interpolation_duration: 1 }
$data merge entity $(bone_flame_slash) { transformation: [0.00000606514669755598f,0.0000013004990736123705f,-0.000010003760045991226f,-0.19663129981951824f,-0.000009676486761722352f,-0.0000025496412750948465f,-0.0000061981812396586135f,1.0636290320441988f,-0.000002851686667298678f,0.00001141755441804318f,-2.4464591491553495e-7f,6.373518504789988f,0f,0f,0f,1f], start_interpolation: 0, interpolation_duration: 1 }
$data merge entity $(bone_impaling_thrust) { transformation: [-1.6046400112621773f,-0.07984704650258238f,0.24271105134776336f,0.2852713014334938f,-0.13167276259313937f,-1.0643209586371964f,-1.2206706974535315f,1.7438057062679029f,0.21896686706580293f,-1.225152691379901f,1.044609096723255f,3.927657951133839f,0f,0f,0f,1f], start_interpolation: 0, interpolation_duration: 1 }
$data merge entity $(bone_spear_of_the_impaler) { transformation: [1.1164163832669414f,0.23938390027555134f,-1.841400079262102f,-0.35946750847315445f,-1.7811586251665918f,-0.4693145001944496f,-1.140904157388488f,1.3230422834275823f,-0.5249122361045353f,2.1016383353566206f,-0.0450321684092312f,5.15909526257698f,0f,0f,0f,1f], start_interpolation: 0, interpolation_duration: 1 }
$data merge entity $(bone_left_arm2) { transformation: [0.5152690999693575f,0.25904021896430707f,0.8169430332499892f,-0.349486342579566f,-0.8220732116153502f,0.4188509159555553f,0.38569358945621113f,1.5804975057701207f,-0.24226718589440094f,-0.8703229717536571f,0.42877095922729114f,4.588649435993272f,0f,0f,0f,1f], start_interpolation: 0, interpolation_duration: 1 }
$data merge entity $(bone_left_arm) { transformation: [0.5152690999693575f,0.2944282246972098f,0.8048663088478846f,-0.21147064890909387f,-0.8220732116153502f,0.435275980776147f,0.36705647427035976f,1.5865573495122387f,-0.24226718589440094f,-0.8507918905707867f,0.46632581911984555f,4.345668065113775f,0f,0f,0f,1f], start_interpolation: 0, interpolation_duration: 1 }
$data merge entity $(bone_head) { transformation: [0.929597874619835f,-0.35432550043167726f,-0.10149498138394737f,0.042722508349833516f,0.31026171880209563f,0.9009172172823945f,-0.30345647702778794f,1.692167295730834f,0.19896094427865885f,0.250602488710684f,0.9474243691734747f,4.551951100195295f,0f,0f,0f,1f], start_interpolation: 0, interpolation_duration: 1 }
$data merge entity $(bone_body_top) { transformation: [0.952906444451679f,-0.30323552439806845f,-0.004186271072008113f,0.16212149608157297f,0.13588551606454413f,0.43927459094556587f,-0.8880163063105758f,1.5192029255460173f,0.27111701283086675f,0.8456276074565178f,0.45979290431783926f,4.218985229759291f,0f,0f,0f,1f], start_interpolation: 0, interpolation_duration: 1 }
$data merge entity $(bone_body) { transformation: [0.952906444451679f,-0.30323552439806845f,-0.004186271072008113f,0.2947870380057279f,0.13588551606454413f,0.43927459094556587f,-0.8880163063105758f,1.3270202920073322f,0.27111701283086675f,0.8456276074565178f,0.45979290431783926f,3.8490231514970645f,0f,0f,0f,1f], start_interpolation: 0, interpolation_duration: 1 }
$data merge entity $(bone_right_leg2) { transformation: [0.8523604697895992f,-0.3228692765067872f,0.41138432132014713f,0.577924393968553f,0.07824294016537708f,-0.6990644083547682f,-0.7107650774242321f,1.3354887822554113f,0.5170683435043489f,0.6380159741413861f,-0.5705926260354992f,3.648609579148881f,0f,0f,0f,1f], start_interpolation: 0, interpolation_duration: 1 }
$data merge entity $(bone_right_leg) { transformation: [0.8523604697895992f,-0.5226750438205909f,0.017100529442027473f,0.39008805009552816f,0.07824294016537708f,0.0951276978605669f,-0.9923853905686166f,1.3696752986740526f,0.5170683435043489f,0.8472080734193298f,0.12197872141802646f,3.9530749805339527f,0f,0f,0f,1f], start_interpolation: 0, interpolation_duration: 1 }
$data merge entity $(bone_left_leg2) { transformation: [0.9626365127355974f,-0.24924011420532113f,-0.1058787505553742f,0.1950916669545042f,-0.19615256567122957f,-0.37222160155595424f,-0.9071798335036524f,1.3666289771629916f,0.18669524720474973f,0.8940528199195165f,-0.4072031923562467f,3.5761845279803066f,0f,0f,0f,1f], start_interpolation: 0, interpolation_duration: 1 }
$data merge entity $(bone_left_leg) { transformation: [0.9626365127355974f,-0.17218931512269492f,-0.20900187584284008f,0.1332111318322857f,-0.19615256567122957f,0.08872443715202138f,-0.9765511482931403f,1.3985143217644993f,0.18669524720474973f,0.9810600460775246f,0.051634006831962176f,3.928752982039417f,0f,0f,0f,1f], start_interpolation: 0, interpolation_duration: 1 }
data modify entity @s data merge value {"locators":{"spear_head":{"posx":-0.2795024329180098,"posy":1.0953523724924996,"posz":6.125734875698891,"roty":271.4009117508333,"rotx":-31.77407261151609},"spear_body":{"posx":-0.38998730996826425,"posy":1.311959064889938,"posz":5.155747951688142,"roty":271.4009117508333,"rotx":-31.77407261151609},"spear_body1":{"posx":-0.4935668822028778,"posy":1.5150278390125362,"posz":4.246385210428066,"roty":271.4009117508333,"rotx":-31.77407261151609},"player_camera":{"posx":0.4345832779399744,"posy":0.37258283809977666,"posz":3.502198400536713,"roty":197.41127385005876,"rotx":-58.920605918119236},"flame1":{"posx":0.1875087499999988,"posy":0.062489375,"posz":9.68750875,"roty":0,"rotx":0},"flame2":{"posx":0.1874912499999988,"posy":0.062489375,"posz":9.68750875,"roty":0,"rotx":0},"flame3":{"posx":0.1875087499999988,"posy":0.062489375,"posz":9.68749125,"roty":0,"rotx":0},"flame4":{"posx":0.1874912499999988,"posy":0.062489375,"posz":9.68749125,"roty":0,"rotx":0}},"cameras":{}}