# This file was generated by Animated Java via MC-Build. It is not recommended to edit this file directly.
execute on vehicle unless entity @s[tag=aj.transforms_only] run function animated_java:messemers_assault/variants/imapler0/apply
$data merge entity $(bone_right_arm2) { transformation: [0.6123250339423654f,-0.7904415860600117f,-0.016129222994738207f,0.6201628975092821f,0.5672175062732612f,0.453430624341235f,-0.6875063414155979f,1.7985356595312765f,0.5507470865875044f,0.4118285661976966f,0.7259992277398958f,3.019139930213649f,0f,0f,0f,1f], start_interpolation: 0, interpolation_duration: 1 }
$data merge entity $(bone_right_arm) { transformation: [0.4560724991007498f,-0.889796450728807f,-0.016129222994738207f,0.39771378482708036f,0.6411009576771054f,0.34106391274779796f,-0.6875063414155979f,1.883801637718226f,0.6172417983493137f,0.3032122749685107f,0.7259992277398958f,3.0949429989557764f,0f,0f,0f,1f], start_interpolation: 0, interpolation_duration: 1 }
$data merge entity $(bone_flame_slash2) { transformation: [0.000004888832500072359f,-0.000006416192420545352f,-0.000008572298931435119f,-1.4110042225796986f,-0.000010627390916251718f,-0.000004058547602441509f,-0.000003023122728735602f,1.2050802750559575f,-0.0000013078212647444501f,0.000008995175570402371f,-0.000007478565193820908f,4.364032359860731f,0f,0f,0f,1f], start_interpolation: 0, interpolation_duration: 1 }
$data merge entity $(bone_flame_slash) { transformation: [0.000004888832500072359f,-0.000006416192420545352f,-0.000008572298931435119f,-1.4110042225796986f,-0.000010627390916251718f,-0.000004058547602441509f,-0.000003023122728735602f,1.2050802750559575f,-0.0000013078212647444501f,0.000008995175570402371f,-0.000007478565193820908f,4.364032359860731f,0f,0f,0f,1f], start_interpolation: 0, interpolation_duration: 1 }
$data merge entity $(bone_impaling_thrust) { transformation: [-0.000013955159813338194f,0.000005203931843808114f,-0.000006495227867572502f,0.5725733572014615f,0.00000307837468343017f,-0.000008553947987644575f,-0.00001346732936537855f,1.9853138647668174f,-0.000007732561088999349f,-0.000012797048264821503f,0.000006360694287200259f,2.9032928883395397f,0f,0f,0f,1f], start_interpolation: 0, interpolation_duration: 1 }
$data merge entity $(bone_spear_of_the_impaler) { transformation: [0.8998912920487173f,-1.1810336490915336f,-1.5779098918039862f,-0.7493733775822076f,-1.9561923102481036f,-0.7470600896529503f,-0.5564686084752257f,1.6325373529541933f,-0.2407317018290669f,1.6557491315430914f,-1.3765854516059723f,3.390297412058329f,0f,0f,0f,1f], start_interpolation: 0, interpolation_duration: 1 }
$data merge entity $(bone_left_arm2) { transformation: [0.4153344424840234f,0.6632733560437044f,0.6225477941885317f,-0.48188754768847786f,-0.9028579893452786f,0.3841570744831366f,0.19305645081156447f,1.8893080399889288f,-0.11110693930572318f,-0.6422552430981614f,0.7583953129806612f,2.9184309515536615f,0f,0f,0f,1f], start_interpolation: 0, interpolation_duration: 1 }
$data merge entity $(bone_left_arm) { transformation: [0.4153344424840234f,0.9095623196259486f,-0.013917169365528975f,-0.20258016247148777f,-0.9028579893452786f,0.4103078989216055f,-0.1284323913891574f,1.8790277660511703f,-0.11110693930572318f,0.0659076232252449f,0.9916206095271078f,2.921019489946757f,0f,0f,0f,1f], start_interpolation: 0, interpolation_duration: 1 }
$data merge entity $(bone_head) { transformation: [0.971115818423253f,-0.1966414091125373f,-0.13515259313224934f,0.06573646751186966f,0.17316548284435737f,0.9704963926714796f,-0.16778101013799462f,1.9715177281571252f,0.16415779835090438f,0.1395310289286259f,0.9765159032021458f,3.1153699607051606f,0f,0f,0f,1f], start_interpolation: 0, interpolation_duration: 1 }
$data merge entity $(bone_body_top) { transformation: [0.9604703156777089f,-0.2214284776760113f,-0.1687192993585686f,0.15292393059679912f,0.007638194667289461f,0.6268036610255792f,-0.7791398003613699f,1.7247137866283033f,0.278277614414431f,0.7470519391575225f,0.6037176239905525f,2.821218259661886f,0f,0f,0f,1f], start_interpolation: 0, interpolation_duration: 1 }
$data merge entity $(bone_body) { transformation: [0.9604703156777089f,-0.2214284776760113f,-0.1687192993585686f,0.24979888958005406f,0.007638194667289461f,0.6268036610255792f,-0.7791398003613699f,1.4504871849296124f,0.278277614414431f,0.7470519391575225f,0.6037176239905525f,2.49438303628047f,0f,0f,0f,1f], start_interpolation: 0, interpolation_duration: 1 }
$data merge entity $(bone_right_leg2) { transformation: [0.8499842636096636f,-0.5197449665521472f,-0.08597628370455049f,0.44723010587854894f,0.012639430208098726f,0.18327511585234085f,-0.9829804050505409f,1.1798221472776935f,0.5266564311009146f,0.8344311844921773f,0.16235024461647407f,2.4449728360820213f,0f,0f,0f,1f], start_interpolation: 0, interpolation_duration: 1 }
$data merge entity $(bone_right_leg) { transformation: [0.8499842636096636f,-0.26822397032477335f,-0.4534122333585112f,0.3508371165430835f,0.012639430208098726f,0.8708136506175589f,-0.4914507408704708f,1.4927708029683788f,0.5266564311009146f,0.41199452380017765f,0.7435680977144676f,2.5930333680727102f,0f,0f,0f,1f], start_interpolation: 0, interpolation_duration: 1 }
$data merge entity $(bone_left_leg2) { transformation: [0.9096224293863647f,-0.28188636465050243f,-0.3051673530726573f,0.14306109690223265f,-0.3302881604036556f,-0.045145028340144944f,-0.942799903220899f,1.4205990203751186f,0.2519856485088326f,0.9583851020546446f,-0.13416865917676746f,2.2267500153327884f,0f,0f,0f,1f], start_interpolation: 0, interpolation_duration: 1 }
$data merge entity $(bone_left_leg) { transformation: [0.9096224293863647f,-0.10912565708431674f,-0.40084738607500486f,0.10384406388755632f,-0.3302881604036556f,0.39529241866852793f,-0.8571193819068347f,1.5626572333341209f,0.2519856485088326f,0.9120501601935616f,0.3235239376560592f,2.5545180416523494f,0f,0f,0f,1f], start_interpolation: 0, interpolation_duration: 1 }
data modify entity @s data merge value {"locators":{"spear_head":{"posx":-1.3177677839208939,"posy":1.286256263903664,"posz":4.131678863617182,"roty":311.10179220609217,"rotx":-14.882147083290832},"spear_body":{"posx":-0.7726753304940323,"posy":1.631053228358872,"posz":3.3674869567511396,"roty":311.10179220609217,"rotx":-14.882147083290832},"spear_body1":{"posx":-0.26165115540634937,"posy":1.9543003825356293,"posz":2.651057044064225,"roty":311.10179220609217,"rotx":-14.882147083290832},"player_camera":{"posx":0.21403444605495953,"posy":0.44093812297786217,"posz":2.3202771889011196,"roty":206.43494087991934,"rotx":-45.71686989877425},"flame1":{"posx":0.1875087499999988,"posy":0.062489375,"posz":9.68750875,"roty":0,"rotx":0},"flame2":{"posx":0.1874912499999988,"posy":0.062489375,"posz":9.68750875,"roty":0,"rotx":0},"flame3":{"posx":0.1875087499999988,"posy":0.062489375,"posz":9.68749125,"roty":0,"rotx":0},"flame4":{"posx":0.1874912499999988,"posy":0.062489375,"posz":9.68749125,"roty":0,"rotx":0}},"cameras":{}}