# This file was generated by Animated Java via MC-Build. It is not recommended to edit this file directly.
execute on vehicle unless entity @s[tag=aj.transforms_only] run function animated_java:messemers_assault/variants/imapler1/apply
$data merge entity $(bone_right_arm2) { transformation: [0.8426821988708245f,-0.5108373235955399f,-0.17009391678710437f,0.5899697204587739f,0.3594059038115745f,0.7689347067910294f,-0.5287407805319908f,1.73436660790785f,0.4008916412344088f,0.38442768567565405f,0.8315655394942979f,3.118616317689215f,0f,0f,0f,1f], start_interpolation: 0, interpolation_duration: 1 }
$data merge entity $(bone_right_arm) { transformation: [0.7411014483889042f,-0.6494895708692253f,-0.17009391678710437f,0.42759732774146764f,0.48754744276222206f,0.6947882253308836f,-0.5287407805319908f,1.9080636642405708f,0.4615908732328732f,0.3089217041155752f,0.8315655394942979f,3.195846743718109f,0f,0f,0f,1f], start_interpolation: 0, interpolation_duration: 1 }
$data merge entity $(bone_flame_slash2) { transformation: [0.0000015686159634427995f,-0.000005728607533491757f,-0.000010162431650326863f,-1.231684738171552f,-0.000011652515571036138f,-0.0000012594535169874703f,-0.0000010886574605537545f,1.9491430403145928f,-5.575322296548298e-7f,0.000010205358882806648f,-0.000005838863352325238f,4.608068825426561f,0f,0f,0f,1f], start_interpolation: 0, interpolation_duration: 1 }
$data merge entity $(bone_flame_slash) { transformation: [0.0000015686159634427995f,-0.000005728607533491757f,-0.000010162431650326863f,-1.231684738171552f,-0.000011652515571036138f,-0.0000012594535169874703f,-0.0000010886574605537545f,1.9491430403145928f,-5.575322296548298e-7f,0.000010205358882806648f,-0.000005838863352325238f,4.608068825426561f,0f,0f,0f,1f], start_interpolation: 0, interpolation_duration: 1 }
$data merge entity $(bone_impaling_thrust) { transformation: [-0.6835636217837526f,0.028346218043605407f,-0.4381503276876062f,0.6251948870813921f,0.312469742893797f,-0.5381453614513393f,-0.5223032380529005f,2.0004859067412424f,-0.30845076998771914f,-0.6079757434530468f,0.4418846689159418f,2.811832137077506f,0f,0f,0f,1f], start_interpolation: 0, interpolation_duration: 1 }
$data merge entity $(bone_spear_of_the_impaler) { transformation: [0.28873638973106397f,-1.0544693512975976f,-1.8706068878477762f,-0.6460184208610686f,-2.144887821925236f,-0.2318286119764547f,-0.20039004583644326f,2.083537549156221f,-0.10262540156478282f,1.8785085377201618f,-1.0747642276846456f,3.509174946186925f,0f,0f,0f,1f], start_interpolation: 0, interpolation_duration: 1 }
$data merge entity $(bone_left_arm2) { transformation: [0.1332629491066449f,0.6779387582647579f,0.7229384665639521f,-0.40936235248030894f,-0.9899482255039551f,0.12591450953402905f,0.06440533448694596f,2.207351562153921f,-0.047365569952976694f,-0.724254496935465f,0.6879040096203732f,3.029327941585133f,0f,0f,0f,1f], start_interpolation: 0, interpolation_duration: 1 }
$data merge entity $(bone_left_arm) { transformation: [0.1332629491066449f,0.9729619385566962f,-0.18864265825999205f,-0.1494639992028043f,-0.9899482255039551f,0.12158044826684566f,-0.07225444914192725f,2.114003146032638f,-0.047365569952976694f,0.19637530577755738f,0.9793841136468371f,3.0725010717854f,0f,0f,0f,1f], start_interpolation: 0, interpolation_duration: 1 }
$data merge entity $(bone_head) { transformation: [0.9608978632122209f,0.20112160761639802f,-0.19032970189643067f,0.15792689983591063f,-0.21234960311771212f,0.9763605008412339f,-0.04034623220085115f,2.119348278585885f,0.17771590398706208f,0.07918504496968148f,0.9808908125388937f,3.2267819106674818f,0f,0f,0f,1f], start_interpolation: 0, interpolation_duration: 1 }
$data merge entity $(bone_body_top) { transformation: [0.923298123110835f,0.13120163872402774f,-0.360980201473903f,0.10626625458832471f,-0.32950317086730696f,0.7534947718210854f,-0.5689229202859388f,1.8226597121813328f,0.19735307509233335f,0.6442295855007127f,0.7389316645787889f,2.9731165113765763f,0f,0f,0f,1f], start_interpolation: 0, interpolation_duration: 1 }
$data merge entity $(bone_body) { transformation: [0.923298123110835f,0.13120163872402774f,-0.360980201473903f,0.04886553764656258f,-0.32950317086730696f,0.7534947718210854f,-0.5689229202859388f,1.493005749509608f,0.19735307509233335f,0.6442295855007127f,0.7389316645787889f,2.6912660677200146f,0f,0f,0f,1f], start_interpolation: 0, interpolation_duration: 1 }
$data merge entity $(bone_right_leg2) { transformation: [0.857685210861208f,-0.108910314628238f,-0.5025083307145705f,0.05768870503217138f,-0.25041439071138966f,0.7650946659687903f,-0.59323080249659f,1.1650253631456169f,0.44907539678166447f,0.6346406033919381f,0.6289376698304113f,2.799648016501802f,0f,0f,0f,1f], start_interpolation: 0, interpolation_duration: 1 }
$data merge entity $(bone_right_leg) { transformation: [0.857685210861208f,0.3149375135547964f,-0.406436270066893f,0.17086937396592633f,-0.25041439071138966f,0.9462345312615248f,0.204775107796152f,1.5050783978177273f,0.44907539678166447f,-0.07385509057745826f,0.8904362490381814f,2.773106343325528f,0f,0f,0f,1f], start_interpolation: 0, interpolation_duration: 1 }
$data merge entity $(bone_left_leg2) { transformation: [0.7477675033271439f,0.20246277600769366f,-0.632338979740415f,-0.204680448310469f,-0.6217091121951049f,0.5478195607497661f,-0.5597959527126893f,1.391876950206558f,0.23306981954226674f,0.8117281276333793f,0.5355146179399248f,2.5717522721278057f,0f,0f,0f,1f], start_interpolation: 0, interpolation_duration: 1 }
$data merge entity $(bone_left_leg) { transformation: [0.7477675033271439f,0.4715683226237528f,-0.4674046192173443f,-0.03521058236755785f,-0.6217091121951049f,0.7444068898716465f,-0.24359015194624903f,1.659398176254181f,0.23306981954226674f,0.47273851060543237f,0.8498216046965933f,2.741642674376633f,0f,0f,0f,1f], start_interpolation: 0, interpolation_duration: 1 }
data modify entity @s data merge value {"locators":{"spear_head":{"posx":-1.1589096637865883,"posy":1.9797913148155286,"posz":4.3570007197377665,"roty":299.8796835082244,"rotx":-5.306739677196238},"spear_body":{"posx":-0.6722315016492358,"posy":2.0867891357277384,"posz":3.489996779251538,"roty":299.8796835082244,"rotx":-5.306739677196238},"spear_body1":{"posx":-0.21597072464546757,"posy":2.187099592832935,"posz":2.677180585045699,"roty":299.8796835082244,"rotx":-5.306739677196238},"player_camera":{"posx":-0.3819275164804581,"posy":0.5628530036291881,"posz":2.69506920419255,"roty":211.45798033525838,"rotx":-26.961571710986746},"flame1":{"posx":0.1875087499999988,"posy":0.062489375,"posz":9.68750875,"roty":0,"rotx":0},"flame2":{"posx":0.1874912499999988,"posy":0.062489375,"posz":9.68750875,"roty":0,"rotx":0},"flame3":{"posx":0.1875087499999988,"posy":0.062489375,"posz":9.68749125,"roty":0,"rotx":0},"flame4":{"posx":0.1874912499999988,"posy":0.062489375,"posz":9.68749125,"roty":0,"rotx":0}},"cameras":{}}