# This file was generated by Animated Java via MC-Build. It is not recommended to edit this file directly.
$data merge entity $(bone_right_arm2) { transformation: [0.6977263331000322f,-0.7163322090330753f,-0.006791936437969298f,0.6521592673081441f,0.6883730277492359f,0.6730575186261323f,-0.27043696361293285f,1.620234282488217f,0.19829407143465555f,0.18401560510627318f,0.9627137260428148f,4.9260298947175745f,0f,0f,0f,1f], start_interpolation: 0, interpolation_duration: 1 }
$data merge entity $(bone_right_arm) { transformation: [0.5756965632064937f,-0.8176352100488666f,-0.006791936437969298f,0.44775046479592745f,0.7861274699105203f,0.5557584455173856f,-0.27043696361293285f,1.7591738938675634f,0.2248934595854567f,0.15035030270819116f,0.9627137260428148f,4.963617470394622f,0f,0f,0f,1f], start_interpolation: 0, interpolation_duration: 1 }
$data merge entity $(bone_flame_slash2) { transformation: [-0.0000015641993829173346f,0.0000025798252369882997f,-0.000011377622748104742f,-0.01416967122243784f,-0.000011612209924382022f,-0.0000014498331776789929f,0.0000012677072966959027f,1.7790203776890952f,-0.0000011235561061539558f,0.00001139276098514362f,0.0000027377246342217577f,6.812289606824174f,0f,0f,0f,1f], start_interpolation: 0, interpolation_duration: 1 }
$data merge entity $(bone_flame_slash) { transformation: [-0.0000015641993829173346f,0.0000025798252369882997f,-0.000011377622748104742f,-0.01416967122243784f,-0.000011612209924382022f,-0.0000014498331776789929f,0.0000012677072966959027f,1.7790203776890952f,-0.0000011235561061539558f,0.00001139276098514362f,0.0000027377246342217577f,6.812289606824174f,0f,0f,0f,1f], start_interpolation: 0, interpolation_duration: 1 }
$data merge entity $(bone_impaling_thrust) { transformation: [-0.8428833055316421f,-0.662690556783036f,-0.15424213178554838f,0.1007373569898099f,0.6048273825520174f,-0.6172730459898401f,-0.6531152272155415f,1.7277105667552493f,0.31166207113223754f,-0.5943205268675505f,0.850324373855383f,4.231346377817972f,0f,0f,0f,1f], start_interpolation: 0, interpolation_duration: 1 }
$data merge entity $(bone_spear_of_the_impaler) { transformation: [-0.2879234262361111f,0.47487048610050114f,-2.094288081067067f,-0.3143433418400351f,-2.1374687294437704f,-0.26687194774976153f,0.2333478917811927f,1.9390684048940816f,-0.20681386732745377f,2.0970745884158166f,0.5039351539098457f,5.6069203382907125f,0f,0f,0f,1f], start_interpolation: 0, interpolation_duration: 1 }
$data merge entity $(bone_left_arm2) { transformation: [-0.13288773518589744f,0.33450390455842516f,0.9329780210017442f,-0.2818727779819866f,-0.9865240289740479f,0.04601528630629858f,-0.15701252715296762f,2.053237922453415f,-0.09545255415113252f,-0.9412702753520465f,0.32388127245135334f,5.0973251517339895f,0f,0f,0f,1f], start_interpolation: 0, interpolation_duration: 1 }
$data merge entity $(bone_left_arm) { transformation: [-0.13288773518589744f,0.5995739455940812f,0.7892096892473565f,-0.14859025848170354f,-0.9865240289740479f,-0.00332901896586979f,-0.163582572083755f,1.9290901640901919f,-0.09545255415113252f,-0.8003124398617524f,0.5919364902661048f,4.88531547249966f,0f,0f,0f,1f], start_interpolation: 0, interpolation_duration: 1 }
$data merge entity $(bone_head) { transformation: [0.9625446972929187f,0.19389626792210726f,-0.18950446696361098f,0.1793896356380536f,-0.21187811392416725f,0.9740522585766227f,-0.0795604323877005f,1.9738146741035205f,0.16916078314201988f,0.11673232134956743f,0.9786512119233901f,4.9788527365031605f,0f,0f,0f,1f], start_interpolation: 0, interpolation_duration: 1 }
$data merge entity $(bone_body_top) { transformation: [0.9541451572442096f,0.20737066073698524f,-0.21588058729985193f,0.09773743797286565f,-0.2718660323562057f,0.9021401399975159f,-0.33501048977033104f,1.6185969939794986f,0.1252831966319397f,0.3783392351723104f,0.917149684495892f,4.8298816626540635f,0f,0f,0f,1f], start_interpolation: 0, interpolation_duration: 1 }
$data merge entity $(bone_body) { transformation: [0.9541451572442096f,0.20737066073698524f,-0.21588058729985193f,0.007012773900434602f,-0.2718660323562057f,0.9021401399975159f,-0.33501048977033104f,1.2239106827305855f,0.1252831966319397f,0.3783392351723104f,0.917149684495892f,4.664358247266177f,0f,0f,0f,1f], start_interpolation: 0, interpolation_duration: 1 }
$data merge entity $(bone_right_leg2) { transformation: [0.9275248101575403f,-0.20749197987720214f,-0.31087747558943174f,0.10253016992753715f,-0.12469943018970595f,0.6123046604566343f,-0.7807259793893425f,0.9006084916463191f,0.3523461063394651f,0.762908959882976f,0.542053632288996f,4.691206342519938f,0f,0f,0f,1f], start_interpolation: 0, interpolation_duration: 1 }
$data merge entity $(bone_right_leg) { transformation: [0.9275248101575403f,0.10477268889174568f,-0.35877626761620185f,0.14018285499800825f,-0.12469943018970595f,0.9916526472046757f,-0.03278840347320042f,1.2569836617354995f,0.3523461063394651f,0.07515125384417884f,0.9328475279449833f,4.718213824370189f,0f,0f,0f,1f], start_interpolation: 0, interpolation_duration: 1 }
$data merge entity $(bone_left_leg2) { transformation: [0.7971758316333551f,0.4541556306407918f,-0.39781070450269873f,-0.2844353587034194f,-0.5403072938922194f,0.8306637585742127f,-0.13440888496758122f,1.1103974902512108f,0.2694043830870898f,0.32208753988415406f,0.9075686723465273f,4.726274045842225f,0f,0f,0f,1f], start_interpolation: 0, interpolation_duration: 1 }
$data merge entity $(bone_left_leg) { transformation: [0.7971758316333551f,0.5865295054614424f,-0.14315667180688624f,-0.07365131767821355f,-0.5403072938922194f,0.7988708688241135f,0.2643357015445938f,1.3974917087348766f,0.2694043830870898f,-0.13337343876260266f,0.9537467191063375f,4.678342966286915f,0f,0f,0f,1f], start_interpolation: 0, interpolation_duration: 1 }
data modify entity @s data merge value {"locators":{"spear_head":{"posx":-0.1261055852854857,"posy":1.8255713699182003,"posz":6.578678652155654,"roty":256.47048737238396,"rotx":6.182691475203158},"spear_body":{"posx":-0.3452765788703325,"posy":1.9487430381103978,"posz":5.610798072886816,"roty":256.47048737238396,"rotx":6.182691475203158},"spear_body1":{"posx":-0.5507493853561263,"posy":2.064216477040583,"posz":4.70341002982228,"roty":256.47048737238396,"rotx":6.182691475203158},"player_camera":{"posx":-0.38431856803440656,"posy":0.337138938126341,"posz":4.9979401769191805,"roty":199.08664102750876,"rotx":-12.527211222261911},"flame1":{"posx":0.1875087499999988,"posy":0.062489375,"posz":9.68750875,"roty":0,"rotx":0},"flame2":{"posx":0.1874912499999988,"posy":0.062489375,"posz":9.68750875,"roty":0,"rotx":0},"flame3":{"posx":0.1875087499999988,"posy":0.062489375,"posz":9.68749125,"roty":0,"rotx":0},"flame4":{"posx":0.1874912499999988,"posy":0.062489375,"posz":9.68749125,"roty":0,"rotx":0}},"cameras":{}}