# This file was generated by Animated Java via MC-Build. It is not recommended to edit this file directly.
$data merge entity $(bone_right_arm2) { transformation: [0.6355621665329857f,-0.4007629578383413f,0.659886190260534f,0.5459796343436287f,-0.7653431725341909f,-0.21463404824931104f,0.606780070196288f,1.7471733974185164f,-0.10154093128978704f,-0.8906858463884875f,-0.4431344743032598f,5.012570154349967f,0f,0f,0f,1f], start_interpolation: 0, interpolation_duration: 1 }
$data merge entity $(bone_right_arm) { transformation: [0.5740620246342372f,-0.4847710880160647f,0.659886190260534f,0.4247868623396126f,-0.7876651651883179f,-0.10677796571132023f,0.606780070196288f,1.7204789059906864f,-0.2236881298185054f,-0.8680987606616387f,-0.4431344743032598f,4.795545464184557f,0f,0f,0f,1f], start_interpolation: 0, interpolation_duration: 1 }
$data merge entity $(bone_flame_slash2) { transformation: [-0.0000027855460003527776f,0.000005134317534350704f,-0.000010219199298256627f,0.33284428664452537f,0.000007426008604845409f,0.00000881102736447619f,0.0000024026465292099958f,3.2406738077361186f,0.00000869756558134468f,-0.00000587852852336551f,-0.000005324262645596813f,3.476831762081099f,0f,0f,0f,1f], start_interpolation: 0, interpolation_duration: 1 }
$data merge entity $(bone_flame_slash) { transformation: [-0.0000027855460003527776f,0.000005134317534350704f,-0.000010219199298256627f,0.33284428664452537f,0.000007426008604845409f,0.00000881102736447619f,0.0000024026465292099958f,3.2406738077361186f,0.00000869756558134468f,-0.00000587852852336551f,-0.000005324262645596813f,3.476831762081099f,0f,0f,0f,1f], start_interpolation: 0, interpolation_duration: 1 }
$data merge entity $(bone_impaling_thrust) { transformation: [-0.000010298639160075852f,-0.000012567939941531992f,1.7151649984491748e-8f,-0.18731635302895425f,-0.0000014758647423532957f,0.0000012313975994085753f,0.000016134461884951393f,1.4257450719031617f,-0.000012480994824745765f,0.00001022477005515116f,-0.000001922036057532115f,5.241079722535031f,0f,0f,0f,1f], start_interpolation: 0, interpolation_duration: 1 }
$data merge entity $(bone_spear_of_the_impaler) { transformation: [-0.5127376708613962f,0.9450779178273861f,-1.881056154015379f,-0.2361048101270579f,1.3669113184140222f,1.6218528246115462f,0.4422570602439638f,2.3070344035119663f,1.6009678238227376f,-1.0820654273097574f,-0.9800412657381744f,4.08777289282277f,0f,0f,0f,1f], start_interpolation: 0, interpolation_duration: 1 }
$data merge entity $(bone_left_arm2) { transformation: [-0.2366481557821829f,0.11376410930224556f,0.9649121088469967f,-0.30511798399555984f,0.630882146960318f,-0.7372866272241144f,0.24165294528151193f,1.8629522649278232f,0.7389082263797251f,0.6659325466976039f,0.10270577509182316f,4.352390196725346f,0f,0f,0f,1f], start_interpolation: 0, interpolation_duration: 1 }
$data merge entity $(bone_left_arm) { transformation: [-0.2366481557821829f,0.7419276218501007f,0.6273285058888569f,-0.1492170980058075f,0.630882146960318f,-0.3736985507138292f,0.6799537556636652f,1.8483878956194055f,0.7389082263797251f,0.5566801569395458f,-0.37963381811705255f,4.583923764257698f,0f,0f,0f,1f], start_interpolation: 0, interpolation_duration: 1 }
$data merge entity $(bone_head) { transformation: [0.9003092503658168f,0.0631954709505825f,0.4306385795038288f,0.1545190551972619f,-0.26699448973897294f,-0.7011964368113033f,0.6610881177665784f,1.6869493202582049f,0.34374001244365887f,-0.7101618755287177f,-0.6144207958645015f,4.585423138376296f,0f,0f,0f,1f], start_interpolation: 0, interpolation_duration: 1 }
$data merge entity $(bone_body_top) { transformation: [0.9184063365526722f,0.11641163847206482f,0.37812449194431885f,0.10868197254888635f,-0.20465438340595066f,-0.6781501255432423f,0.7058533775356005f,1.9539709321908565f,0.3385947198829747f,-0.7256450493553539f,-0.598993220340127f,4.871145876559966f,0f,0f,0f,1f], start_interpolation: 0, interpolation_duration: 1 }
$data merge entity $(bone_body) { transformation: [0.9184063365526722f,0.11641163847206482f,0.37812449194431885f,0.057751880717358f,-0.20465438340595066f,-0.6781501255432423f,0.7058533775356005f,2.250661612116025f,0.3385947198829747f,-0.7256450493553539f,-0.598993220340127f,5.188615585652934f,0f,0f,0f,1f], start_interpolation: 0, interpolation_duration: 1 }
$data merge entity $(bone_right_leg2) { transformation: [0.8943048062726386f,0.04653824381270416f,0.4450315779138462f,0.2968291274947065f,-0.36632036451620653f,-0.4950040370106144f,0.7878961821737098f,2.5103418483120326f,0.2569597322896565f,-0.8676434724044338f,-0.4256365829855377f,5.251924739066695f,0f,0f,0f,1f], start_interpolation: 0, interpolation_duration: 1 }
$data merge entity $(bone_right_leg) { transformation: [0.8943048062726386f,-0.31099976077399494f,0.32171114726750827f,0.18506358846655208f,-0.36632036451620653f,-0.9217459538440685f,0.12725481174714692f,2.1790893961493203f,0.2569597322896565f,-0.23165393450275396f,-0.9382473824162911f,5.168674106354768f,0f,0f,0f,1f], start_interpolation: 0, interpolation_duration: 1 }
$data merge entity $(bone_left_leg2) { transformation: [0.9047895227452551f,0.41508184969399736f,0.0951996721896834f,-0.16535498329663312f,0.08740064533137167f,-0.3997827375306312f,0.9124334989291956f,2.4380995383420307f,0.4167937700183068f,-0.8172397572482168f,-0.39799765382072605f,5.255670096661318f,0f,0f,0f,1f], start_interpolation: 0, interpolation_duration: 1 }
$data merge entity $(bone_left_leg) { transformation: [0.9047895227452551f,0.32422378072021385f,0.2761066090225007f,-0.04883706210030625f,0.08740064533137167f,-0.7759265219070614f,0.6247392734548314f,2.1592509445316805f,0.4167937700183068f,-0.5411256532605911f,-0.7303875551083996f,5.061203065020793f,0f,0f,0f,1f], start_interpolation: 0, interpolation_duration: 1 }
data modify entity @s data merge value {"locators":{"spear_head":{"posx":0.1719724423597506,"posy":3.055262815064411,"posz":3.571772456141594,"roty":297.51977749521797,"rotx":11.777910130718105},"spear_body":{"posx":-0.26421736586827377,"posy":2.3067153575513895,"posz":4.0711872687460975,"roty":297.51977749521797,"rotx":11.777910130718105},"spear_body1":{"posx":-0.6731453110820467,"posy":1.604952116132932,"posz":4.539388655562819,"roty":297.51977749521797,"rotx":11.777910130718105},"player_camera":{"posx":0.1467039618535222,"posy":3.26642155633317,"posz":5.2939745576749155,"roty":20.707469438938688,"rotx":41.65610686186839},"flame1":{"posx":0.1875087499999988,"posy":0.062489375,"posz":9.68750875,"roty":0,"rotx":0},"flame2":{"posx":0.1874912499999988,"posy":0.062489375,"posz":9.68750875,"roty":0,"rotx":0},"flame3":{"posx":0.1875087499999988,"posy":0.062489375,"posz":9.68749125,"roty":0,"rotx":0},"flame4":{"posx":0.1874912499999988,"posy":0.062489375,"posz":9.68749125,"roty":0,"rotx":0}},"cameras":{}}