# This file was generated by Animated Java via MC-Build. It is not recommended to edit this file directly.
$data merge entity $(bone_right_arm2) { transformation: [0.5629392380015382f,-0.7381548985456567f,0.3717885959403531f,0.5647031264052412f,0.7637414754015819f,0.2926529498626737f,-0.5753722357640231f,6.397405821825938f,0.31590880498913404f,0.6078499787692083f,0.7285053398847604f,6.538964294516728f,0f,0f,0f,1f], start_interpolation: 0, interpolation_duration: 1 }
$data merge entity $(bone_right_arm) { transformation: [0.4767492900605354f,-0.7965446342518897f,0.3717885959403531f,0.36556696784226883f,0.7917067825253835f,0.20529773699486992f,-0.5753722357640231f,6.448730256074655f,0.38198230970829117f,0.5686558579926078f,0.7285053398847604f,6.68112825901488f,0f,0f,0f,1f], start_interpolation: 0, interpolation_duration: 1 }
$data merge entity $(bone_flame_slash2) { transformation: [-7.084055182343739e-8f,0.000004354421552922681f,-0.000010935561801607218f,0.16149698741333268f,-0.00000989178235187161f,-0.00000594919621774795f,-0.000002304826159831999f,5.591351552139537f,-0.000006379666204475728f,0.000009175979220948957f,0.0000036951024095814057f,8.03799304662298f,0f,0f,0f,1f], start_interpolation: 0, interpolation_duration: 1 }
$data merge entity $(bone_flame_slash) { transformation: [-7.084055182343739e-8f,0.000004354421552922681f,-0.000010935561801607218f,0.16149698741333268f,-0.00000989178235187161f,-0.00000594919621774795f,-0.000002304826159831999f,5.591351552139537f,-0.000006379666204475728f,0.000009175979220948957f,0.0000036951024095814057f,8.03799304662298f,0f,0f,0f,1f], start_interpolation: 0, interpolation_duration: 1 }
$data merge entity $(bone_impaling_thrust) { transformation: [-0.000012989785980869782f,-0.000009717785259005005f,9.195036343397018e-7f,-0.0866401167941655f,0.0000033656923169261334f,-0.000005895754467209105f,-0.000014762370121110915f,6.741622796550259f,0.000009162584378955714f,-0.000011611206053840787f,0.000006726241043574624f,5.737469559461651f,0f,0f,0f,1f], start_interpolation: 0, interpolation_duration: 1 }
$data merge entity $(bone_spear_of_the_impaler) { transformation: [-0.013039676795818562f,0.8015218433698386f,-2.0129175705613283f,-0.3268130604445238f,-1.82078825591973f,-1.0950732860987376f,-0.4242511869425272f,6.221397268327942f,-1.1743102394079215f,1.6890298035021087f,0.6801604435335684f,7.071954553734193f,0f,0f,0f,1f], start_interpolation: 0, interpolation_duration: 1 }
$data merge entity $(bone_left_arm2) { transformation: [-0.006018312367300875f,-0.07183239803163224f,0.9973985595083215f,-0.4994558190888533f,-0.8403638104244908f,0.5409622794645879f,0.03388920661962082f,6.542326658747488f,-0.5419893412651946f,-0.8379736981489945f,-0.06362102769853624f,6.702289207746012f,0f,0f,0f,1f], start_interpolation: 0, interpolation_duration: 1 }
$data merge entity $(bone_left_arm) { transformation: [-0.006018312367300875f,0.9855550065894565f,0.16924865997314675f,-0.2538193564874017f,-0.8403638104244908f,0.08674959648616423f,-0.5350356751080416f,6.458968581565967f,-0.5419893412651946f,-0.14545046062472258f,0.8277026745510588f,6.598177924931682f,0f,0f,0f,1f], start_interpolation: 0, interpolation_duration: 1 }
$data merge entity $(bone_head) { transformation: [0.9973066843190127f,-0.07059684867612112f,-0.019886235682460784f,0.05201335008645639f,0.055410630752020074f,0.9028670856787943f,-0.4263340094310375f,6.590105874594011f,0.04805246520503191f,0.4240838484956501f,0.9043471955133369f,6.685296685637889f,0f,0f,0f,1f], start_interpolation: 0, interpolation_duration: 1 }
$data merge entity $(bone_body_top) { transformation: [0.9910181189274729f,-0.026855343241579992f,-0.1310033529984258f,0.06258764148782851f,-0.016381320786099288f,0.9478709966866086f,-0.318232974359412f,6.216881669648659f,0.13272053453311639f,0.317520651579881f,0.9389174061298106f,6.560272929078311f,0f,0f,0f,1f], start_interpolation: 0, interpolation_duration: 1 }
$data merge entity $(bone_body) { transformation: [0.9910181189274729f,-0.026855343241579992f,-0.1310033529984258f,0.07433685415601976f,-0.016381320786099288f,0.9478709966866086f,-0.318232974359412f,5.802188108598268f,0.13272053453311639f,0.317520651579881f,0.9389174061298106f,6.4213576440121125f,0f,0f,0f,1f], start_interpolation: 0, interpolation_duration: 1 }
$data merge entity $(bone_right_leg2) { transformation: [0.9831287788175848f,0.003020773664854426f,0.1828898006645272f,0.24434322229344407f,0.17986658479326034f,0.16580924726067603f,-0.9696160607156096f,5.565635290445498f,-0.033253810841069986f,0.9861532175323029f,0.16246850653352057f,6.288540345025057f,0f,0f,0f,1f], start_interpolation: 0, interpolation_duration: 1 }
$data merge entity $(bone_right_leg) { transformation: [0.9831287788175848f,-0.13815999961876282f,0.11987334468508098f,0.1946919724304512f,0.17986658479326034f,0.8493491249807207f,-0.4962399374992836f,5.870870132235445f,-0.033253810841069986f,0.509428972870436f,0.859869935318545f,6.47161638215037f,0f,0f,0f,1f], start_interpolation: 0, interpolation_duration: 1 }
$data merge entity $(bone_left_leg2) { transformation: [0.9433376405834201f,0.2539589222426549f,-0.213585958508174f,-0.16304589310621065f,-0.30727177394906474f,0.9115405573896582f,-0.2732725181351865f,5.5448983999725465f,0.12529226948499705f,0.32341718885535464f,0.937924927251749f,6.459530554707664f,0f,0f,0f,1f], start_interpolation: 0, interpolation_duration: 1 }
$data merge entity $(bone_left_leg) { transformation: [0.9433376405834201f,0.3238873353591254f,-0.0721878788472948f,-0.04664888196152496f,-0.30727177394906474f,0.9347295555701094f,0.17850690428636207f,5.880816834005555f,0.12529226948499705f,-0.1462109843263188f,0.98128700963053f,6.406985982215393f,0f,0f,0f,1f], start_interpolation: 0, interpolation_duration: 1 }
data modify entity @s data merge value {"locators":{"spear_head":{"posx":0.01201052071589881,"posy":5.716752739564379,"posz":7.86136048919786,"roty":251.33000151626538,"rotx":-11.29194259159578},"spear_body":{"posx":-0.3579226377624882,"posy":6.222171179302258,"posz":7.081808272196887,"roty":251.33000151626538,"rotx":-11.29194259159578},"spear_body1":{"posx":-0.704734973835976,"posy":6.696000966556519,"posz":6.350978068758475,"roty":251.33000151626538,"rotx":-11.29194259159578},"player_camera":{"posx":-0.08515292694323386,"posy":4.869302770524156,"posz":6.815145919270861,"roty":195.5299007119951,"rotx":-13.271605980537155},"flame1":{"posx":0.1875087499999988,"posy":0.062489375,"posz":9.68750875,"roty":0,"rotx":0},"flame2":{"posx":0.1874912499999988,"posy":0.062489375,"posz":9.68750875,"roty":0,"rotx":0},"flame3":{"posx":0.1875087499999988,"posy":0.062489375,"posz":9.68749125,"roty":0,"rotx":0},"flame4":{"posx":0.1874912499999988,"posy":0.062489375,"posz":9.68749125,"roty":0,"rotx":0}},"cameras":{}}