# This file was generated by Animated Java via MC-Build. It is not recommended to edit this file directly.
execute on vehicle unless entity @s[tag=aj.transforms_only] run function animated_java:messemers_assault/variants/imapler0/apply
$data merge entity $(bone_right_arm2) { transformation: [0.7696696702951956f,0.578182936418754f,0.2707639020657512f,0.020900173536473277f,-0.3209075539175982f,-0.016279696994727505f,0.9469705979091343f,1.2744846825772886f,0.551930195284067f,-0.8157447293730722f,0.173013282824599f,9.660397675495355f,0f,0f,0f,1f], start_interpolation: 0, interpolation_duration: 1 }
$data merge entity $(bone_right_arm) { transformation: [0.808010543752992f,0.523264627623655f,0.2707639020657512f,0.15171633044238703f,-0.3212628111025685f,0.006073952427513241f,0.9469705979091343f,1.276003170684167f,0.49387161022523796f,-0.8521486000573996f,0.173013282824599f,9.447360525481006f,0f,0f,0f,1f], start_interpolation: 0, interpolation_duration: 1 }
$data merge entity $(bone_flame_slash2) { transformation: [0.000011697247676190143f,-6.170650066358811e-7f,-0.0000011602348643963697f,-0.021787618172189417f,-8.592093675177642e-7f,-0.000011454598618634945f,-0.0000025703009765098058f,0.7734188184893365f,-9.94320584995164e-7f,0.0000026389237625712f,-0.000011428032433918933f,10.007886266486569f,0f,0f,0f,1f], start_interpolation: 0, interpolation_duration: 1 }
$data merge entity $(bone_flame_slash) { transformation: [0.000011697247676190143f,-6.170650066358811e-7f,-0.0000011602348643963697f,-0.021787618172189417f,-8.592093675177642e-7f,-0.000011454598618634945f,-0.0000025703009765098058f,0.7734188184893365f,-9.94320584995164e-7f,0.0000026389237625712f,-0.000011428032433918933f,10.007886266486569f,0f,0f,0f,1f], start_interpolation: 0, interpolation_duration: 1 }
$data merge entity $(bone_impaling_thrust) { transformation: [-0.000013468776639364958f,-0.000007104456191645328f,-0.000005668697836574928f,0.7528343283583989f,0.0000021085047083443887f,0.000007415313893192294f,-0.0000143032410614804f,2.330000220434659f,0.000008840907240565673f,-0.00001259187036102745f,-0.000005224800194963635f,9.2889923141162f,0f,0f,0f,1f], start_interpolation: 0, interpolation_duration: 1 }
$data merge entity $(bone_spear_of_the_impaler) { transformation: [-0.21356535557030476f,-0.11358364723917101f,-2.153121696148274f,-0.02203544644708516f,-0.4731173478885306f,-2.1084570908637774f,0.15815535260503966f,1.2647006940627892f,-2.103567032084193f,0.48574879877416766f,0.18302538201680849f,9.900450893432266f,0f,0f,0f,1f], start_interpolation: 0, interpolation_duration: 1 }
$data merge entity $(bone_left_arm2) { transformation: [-0.03074789402572256f,-0.42001372964903105f,0.9069967110851584f,-0.3410065039801034f,-0.980790061418466f,0.18755644287656906f,0.05360444159069472f,1.4180106905764343f,-0.19262767827014138f,-0.88792513628222f,-0.41771225732848255f,9.525356912799552f,0f,0f,0f,1f], start_interpolation: 0, interpolation_duration: 1 }
$data merge entity $(bone_left_arm) { transformation: [-0.03074789402572256f,0.36153883537705833f,0.9318499007496777f,-0.25446528188905415f,-0.980790061418466f,0.16875662155061222f,-0.09783689542082455f,1.337601088286779f,-0.19262767827014138f,-0.9169573998812729f,0.3494047858390481f,9.272039103045467f,0f,0f,0f,1f], start_interpolation: 0, interpolation_duration: 1 }
$data merge entity $(bone_head) { transformation: [0.9935183934566905f,0.09408858103716666f,0.06378511410704972f,0.04414582837856823f,-0.07107736528163294f,0.9521179614605069f,-0.2973539904035422f,1.4651702657798213f,-0.0887085678379386f,0.29089298097874605f,0.9526342758947112f,9.385519595988027f,0f,0f,0f,1f], start_interpolation: 0, interpolation_duration: 1 }
$data merge entity $(bone_body_top) { transformation: [0.9897678544849319f,-0.07437456875769621f,-0.12177034840387616f,0.07343081482691112f,0.006008405866195547f,0.8743760045903043f,-0.48521181112545375f,1.120884713972389f,0.14256048992354692f,0.47951540759270994f,0.865876134671672f,9.196710404248398f,0f,0f,0f,1f], start_interpolation: 0, interpolation_duration: 1 }
$data merge entity $(bone_body) { transformation: [0.9897678544849319f,-0.07437456875769621f,-0.12177034840387616f,0.10596968865840321f,0.006008405866195547f,0.8743760045903043f,-0.48521181112545375f,0.7383452119641309f,0.14256048992354692f,0.47951540759270994f,0.865876134671672f,8.986922413426587f,0f,0f,0f,1f], start_interpolation: 0, interpolation_duration: 1 }
$data merge entity $(bone_right_leg2) { transformation: [0.9996470209927287f,0.007530605594403076f,-0.025477900222436664f,0.21490152283843342f,-0.0029060964544942447f,0.9842265786643138f,0.17688865552696265f,0.5560306047223889f,0.02640810526637738f,-0.1767521763094329f,0.9839010520098651f,9.312118512947261f,0f,0f,0f,1f], start_interpolation: 0, interpolation_duration: 1 }
$data merge entity $(bone_right_leg) { transformation: [0.9996470209927287f,0.021220964107860008f,-0.01598449569726272f,0.2225278068146956f,-0.0029060964544942447f,0.6853864259281973f,0.7281737442099714f,0.8023413515403348f,0.02640810526637738f,-0.7278702616783466f,0.6852061690765309f,9.050540137656606f,0f,0f,0f,1f], start_interpolation: 0, interpolation_duration: 1 }
$data merge entity $(bone_left_leg2) { transformation: [0.956286506130995f,0.20456578167787764f,-0.20897119217321114f,-0.1029550240252072f,-0.2806547188118496f,0.8427672152387423f,-0.4593216190507224f,0.49225986668682264f,0.08215258365027785f,0.49789181745159694f,0.8633392676777362f,8.857558672785707f,0f,0f,0f,1f], start_interpolation: 0, interpolation_duration: 1 }
$data merge entity $(bone_left_leg) { transformation: [0.956286506130995f,0.23408061479309014f,-0.17527801907216772f,-0.01883230308394043f,-0.2806547188118496f,0.9030294949909825f,-0.32522401508033294f,0.816786091449207f,0.08215258365027785f,0.360199940247663f,0.9292507498222232f,8.987005526312212f,0f,0f,0f,1f], start_interpolation: 0, interpolation_duration: 1 }
data modify entity @s data merge value {"locators":{"spear_head":{"posx":-0.10531015089161935,"posy":0.2992631982258417,"posz":10.132021650952295,"roty":265.14127188443496,"rotx":4.186015688180311},"spear_body":{"posx":-0.05288692908892505,"posy":1.2723972401629697,"posz":9.90782989767191,"roty":265.14127188443496,"rotx":4.186015688180311},"spear_body1":{"posx":-0.0037401586488991154,"posy":2.184710404479027,"posz":9.697650128971548,"roty":265.14127188443496,"rotx":4.186015688180311},"player_camera":{"posx":-0.010679331433739054,"posy":-0.2567050847725887,"posz":9.2038306038568,"roty":196.22545578684182,"rotx":-24.01679906431626},"flame1":{"posx":0.1875087499999988,"posy":0.062489375,"posz":9.68750875,"roty":0,"rotx":0},"flame2":{"posx":0.1874912499999988,"posy":0.062489375,"posz":9.68750875,"roty":0,"rotx":0},"flame3":{"posx":0.1875087499999988,"posy":0.062489375,"posz":9.68749125,"roty":0,"rotx":0},"flame4":{"posx":0.1874912499999988,"posy":0.062489375,"posz":9.68749125,"roty":0,"rotx":0}},"cameras":{}}