# This file was generated by Animated Java via MC-Build. It is not recommended to edit this file directly.
$data merge entity $(bone_right_arm2) { transformation: [0.7749356985363762f,0.5508415468477708f,0.3099165265039829f,0.022174941645516394f,-0.3285906721546696f,-0.0677454661361393f,0.9420396605190993f,1.274035036798141f,0.5399100233435947f,-0.8318558421291232f,0.1285030140065454f,9.663815953018489f,0f,0f,0f,1f], start_interpolation: 0, interpolation_duration: 1 }
$data merge entity $(bone_right_arm) { transformation: [0.8040172874115643f,0.5074524097322388f,0.3099165265039829f,0.1490380440785761f,-0.3318152263526666f,-0.04959771738284896f,0.9420396605190993f,1.2616356074524289f,0.49341144808757575f,-0.8602511948770285f,0.1285030140065454f,9.448753154299231f,0f,0f,0f,1f], start_interpolation: 0, interpolation_duration: 1 }
$data merge entity $(bone_flame_slash2) { transformation: [0.000011676603532379893f,-7.229657418785694e-7f,-0.000001298756268433156f,-0.016320782320781612f,-9.867068902975983e-7f,-0.000011461907105631963f,-0.000002490705196448143f,0.7712395501534391f,-0.0000011116909738608507f,0.000002579636292007945f,-0.000011430754005782072f,10.003827006556037f,0f,0f,0f,1f], start_interpolation: 0, interpolation_duration: 1 }
$data merge entity $(bone_flame_slash) { transformation: [0.000011676603532379893f,-7.229657418785694e-7f,-0.000001298756268433156f,-0.016320782320781612f,-9.867068902975983e-7f,-0.000011461907105631963f,-0.000002490705196448143f,0.7712395501534391f,-0.0000011116909738608507f,0.000002579636292007945f,-0.000011430754005782072f,10.003827006556037f,0f,0f,0f,1f], start_interpolation: 0, interpolation_duration: 1 }
$data merge entity $(bone_impaling_thrust) { transformation: [-0.000013358640699017843f,-0.000007139074230594063f,-0.000005881812212839826f,0.769172196126495f,0.0000022106648329387164f,0.0000075685833342567735f,-0.000014207212408186153f,2.3230266408737785f,0.000008981929457162976f,-0.000012480606657730159f,-0.000005251169182579212f,9.286365550053095f,0f,0f,0f,1f], start_interpolation: 0, interpolation_duration: 1 }
$data merge entity $(bone_spear_of_the_impaler) { transformation: [-0.239063100738138f,-0.133076879921011f,-2.1493217121548827f,-0.011968691188953218f,-0.4584660892577112f,-2.1098023698862374f,0.1816239231698233f,1.2631060904027305f,-2.1040679939846645f,0.4748357068474801f,0.20462984297615608f,9.899191123823998f,0f,0f,0f,1f], start_interpolation: 0, interpolation_duration: 1 }
$data merge entity $(bone_left_arm2) { transformation: [-0.03507386548116723f,-0.4327279697200286f,0.9008420106667931f,-0.3348415365254993f,-0.9845955577839585f,0.16946035392637693f,0.0430671108764258f,1.4090793014406426f,-0.17129334941060687f,-0.8854545119141519f,-0.43200566637321625f,9.525000143152077f,0f,0f,0f,1f], start_interpolation: 0, interpolation_duration: 1 }
$data merge entity $(bone_left_arm) { transformation: [-0.03507386548116723f,0.3416524560078525f,0.9391716686868334f,-0.2538126557086821f,-0.9845955577839585f,0.1492589959026286f,-0.09106777549844071f,1.323319605693305f,-0.17129334941060687f,-0.9278983518931054f,0.3311544005471681f,9.271613886502475f,0f,0f,0f,1f], start_interpolation: 0, interpolation_duration: 1 }
$data merge entity $(bone_head) { transformation: [0.9929842543532348f,0.09376923042065577f,0.07203889250167785f,0.04493491276029081f,-0.0704607345541938f,0.9584685822419657f,-0.27635712717633915f,1.451427431320805f,-0.0949608102989532f,0.2693423625822605f,0.9583512593125614f,9.384124276453226f,0f,0f,0f,1f], start_interpolation: 0, interpolation_duration: 1 }
$data merge entity $(bone_body_top) { transformation: [0.9897678544849319f,-0.07342529431351867f,-0.12234508728701707f,0.07384612239623879f,0.006008405866195554f,0.8781231220474024f,-0.4783969916133146f,1.1056664520146404f,0.14256048992354692f,0.47276686504100096f,0.8695792074515479f,9.197972323343333f,0f,0f,0f,1f], start_interpolation: 0, interpolation_duration: 1 }
$data merge entity $(bone_body) { transformation: [0.9897678544849319f,-0.07342529431351867f,-0.12234508728701707f,0.10596968865840321f,0.006008405866195554f,0.8781231220474024f,-0.4783969916133146f,0.7214875861189018f,0.14256048992354692f,0.47276686504100096f,0.8695792074515479f,8.991136819887895f,0f,0f,0f,1f], start_interpolation: 0, interpolation_duration: 1 }
$data merge entity $(bone_right_leg2) { transformation: [0.9997368891543917f,0.0057151739183758776f,-0.022214617957149314f,0.2161889650355052f,-0.0010204229864078512f,0.9785853730742313f,0.20583883584517293f,0.543675412274359f,0.022915304947309617f,-0.20576200910821696f,0.9783337285440596f,9.320534432880237f,0f,0f,0f,1f], start_interpolation: 0, interpolation_duration: 1 }
$data merge entity $(bone_right_leg) { transformation: [0.9997368891543917f,0.017638516255138542f,-0.014664078839688434f,0.2225278068146956f,-0.0010204229864078512f,0.6728579156055561f,0.7397710349451884f,0.7854837256951057f,0.022915304947309617f,-0.739561429599505f,0.6726988781378398f,9.054754544117914f,0f,0f,0f,1f], start_interpolation: 0, interpolation_duration: 1 }
$data merge entity $(bone_left_leg2) { transformation: [0.956286506130995f,0.20706264076996755f,-0.20649741157976204f,-0.10291046743620014f,-0.28065471881184956f,0.8482269504000675f,-0.44915918049578263f,0.47548495658618734f,0.08215258365027786f,0.48747933639526586f,0.8692610940259635f,8.861537002669449f,0f,0f,0f,1f], start_interpolation: 0, interpolation_duration: 1 }
$data merge entity $(bone_left_leg) { transformation: [0.956286506130995f,0.23395663124107047f,-0.17544347491458334f,-0.01883230308394043f,-0.28065471881184956f,0.9027993294408085f,-0.3258623936109657f,0.7999284656039779f,0.08215258365027786f,0.36085684898523973f,0.9289958490434862f,8.99121993277352f,0f,0f,0f,1f], start_interpolation: 0, interpolation_duration: 1 }
data modify entity @s data merge value {"locators":{"spear_head":{"posx":-0.10407817386929966,"posy":0.297355990220057,"posz":10.126065180745796,"roty":264.56145020969234,"rotx":4.808543179719522},"spear_body":{"posx":-0.04265807544421766,"posy":1.2711109301675512,"posz":9.906910239123881,"roty":264.56145020969234,"rotx":4.808543179719522},"spear_body1":{"posx":0.014923266829296719,"posy":2.184006186368327,"posz":9.701452481353337,"roty":264.56145020969234,"rotx":4.808543179719522},"player_camera":{"posx":-0.010679331433739055,"posy":-0.2735627106178178,"posz":9.208045010318108,"roty":196.22545578684182,"rotx":-24.01679906431626},"flame1":{"posx":0.1875087499999988,"posy":0.062489375,"posz":9.68750875,"roty":0,"rotx":0},"flame2":{"posx":0.1874912499999988,"posy":0.062489375,"posz":9.68750875,"roty":0,"rotx":0},"flame3":{"posx":0.1875087499999988,"posy":0.062489375,"posz":9.68749125,"roty":0,"rotx":0},"flame4":{"posx":0.1874912499999988,"posy":0.062489375,"posz":9.68749125,"roty":0,"rotx":0}},"cameras":{}}