# This file was generated by Animated Java via MC-Build. It is not recommended to edit this file directly.
$data merge entity $(bone_right_arm2) { transformation: [0.7676694402805078f,0.6248946013260284f,0.14209281365711637f,0.024171720779592593f,-0.28687550624986236f,0.13682431033996323f,0.9481463768922388f,1.1862645583610403f,0.5730498009538936f,-0.768625946305209f,0.2843027968436565f,9.661299556260328f,0f,0f,0f,1f], start_interpolation: 0, interpolation_duration: 1 }
$data merge entity $(bone_right_arm) { transformation: [0.8192113794120714f,0.5556098884548178f,0.14209281365711637f,0.16307419289329705f,-0.2738588339448827f,0.1613065003540482f,0.9481463768922388f,1.2265911834495524f,0.5038790082074468f,-0.8156456735585341f,0.2843027968436565f,9.457388137870694f,0f,0f,0f,1f], start_interpolation: 0, interpolation_duration: 1 }
$data merge entity $(bone_flame_slash2) { transformation: [0.000011746963276215426f,-2.6880467832871363e-7f,-6.993677096247083e-7f,-0.05152739057955306f,-4.3364087976006566e-7f,-0.000011399156997758071f,-0.000002902359848291591f,0.700167858159596f,-6.110046937283096e-7f,0.000002922239063882837f,-0.000011385943504113754f,10.043703888285728f,0f,0f,0f,1f], start_interpolation: 0, interpolation_duration: 1 }
$data merge entity $(bone_flame_slash) { transformation: [0.000011746963276215426f,-2.6880467832871363e-7f,-6.993677096247083e-7f,-0.05152739057955306f,-4.3364087976006566e-7f,-0.000011399156997758071f,-0.000002902359848291591f,0.700167858159596f,-6.110046937283096e-7f,0.000002922239063882837f,-0.000011385943504113754f,10.043703888285728f,0f,0f,0f,1f], start_interpolation: 0, interpolation_duration: 1 }
$data merge entity $(bone_impaling_thrust) { transformation: [-0.000013812403942627591f,-0.000006975397454313683f,-0.000004957489766256682f,0.6863653376704557f,0.0000018127015364421405f,0.000006814466117916362f,-0.000014638734295356627f,2.2666357772248613f,0.000008363431566526139f,-0.000012997009617008986f,-0.000005014591763036162f,9.30784662235796f,0f,0f,0f,1f], start_interpolation: 0, interpolation_duration: 1 }
$data merge entity $(bone_spear_of_the_impaler) { transformation: [-0.12873317132914933f,-0.049479091232187994f,-2.1622728862414236f,-0.06686190228609556f,-0.5342396888890716f,-2.098251907551928f,0.07982062211512701f,1.1881903262585733f,-2.095819689252797f,0.5378988719359559f,0.11246812061547598f,9.923291158682728f,0f,0f,0f,1f], start_interpolation: 0, interpolation_duration: 1 }
$data merge entity $(bone_left_arm2) { transformation: [-0.025762626107175113f,-0.3744188331886054f,0.9269017339770946f,-0.3591480680267069f,-0.9729610621074072f,0.22228253848797458f,0.06274746772713775f,1.357511562998527f,-0.22952790400926862f,-0.9002227560093252f,-0.3700215275414211f,9.535934503659295f,0f,0f,0f,1f], start_interpolation: 0, interpolation_duration: 1 }
$data merge entity $(bone_left_arm) { transformation: [-0.025762626107175113f,0.4304299446622152f,0.90225625508175f,-0.25476091012455f,-0.9729610621074072f,0.1964341922238701f,-0.12149230324667384f,1.2849999782910686f,-0.22952790400926862f,-0.8809901650208348f,0.4137309154724529f,9.286995974402927f,0f,0f,0f,1f], start_interpolation: 0, interpolation_duration: 1 }
$data merge entity $(bone_head) { transformation: [0.9944565550275787f,0.08954084098271493f,0.05512347919705882f,0.04378838696655962f,-0.0667174510531724f,0.9425288012925884f,-0.3273961521748905f,1.4123218005467728f,-0.0812707935709254f,0.32190355159591616f,0.9432778814232249f,9.40091604850706f,0f,0f,0f,1f], start_interpolation: 0, interpolation_duration: 1 }
$data merge entity $(bone_body_top) { transformation: [0.9897678544849319f,-0.074804573463872f,-0.12150666655448514f,0.07324268776795922f,0.006008405866195554f,0.8726552725044734f,-0.488299779263815f,1.0687137869981365f,0.14256048992354692f,0.48257336349930424f,0.8641755930097347f,9.210902786629209f,0f,0f,0f,1f], start_interpolation: 0, interpolation_duration: 1 }
$data merge entity $(bone_body) { transformation: [0.9897678544849319f,-0.074804573463872f,-0.12150666655448514f,0.10596968865840321f,0.006008405866195554f,0.8726552725044734f,-0.488299779263815f,0.6869271052774293f,0.14256048992354692f,0.48257336349930424f,0.8641755930097347f,8.999776940098263f,0f,0f,0f,1f], start_interpolation: 0, interpolation_duration: 1 }
$data merge entity $(bone_right_leg2) { transformation: [0.9997377439391048f,-0.021672923234544936f,-0.007397820085560704f,0.22708855534358352f,0.02263139918372102f,0.9844078991436507f,0.1744388370592157f,0.5084199923027923f,0.0035018730039618473f,-0.17456051243638693f,0.9846402207829061f,9.328577172612896f,0f,0f,0f,1f], start_interpolation: 0, interpolation_duration: 1 }
$data merge entity $(bone_right_leg) { transformation: [0.9997377439391048f,-0.012690778515166395f,-0.019062724994811056f,0.2225278068146956f,0.02263139918372102f,0.674791659271905f,0.7376611934676086f,0.7509232448536332f,0.0035018730039618473f,-0.7378991534876214f,0.6749019011439483f,9.063394664328282f,0f,0f,0f,1f], start_interpolation: 0, interpolation_duration: 1 }
$data merge entity $(bone_left_leg2) { transformation: [0.956286506130995f,0.2006255610587488f,-0.21275690926885665f,-0.10311381127088266f,-0.28065471881184956f,0.8340379266641136f,-0.47498806900223084f,0.44054767118658633f,0.08215258365027786f,0.5139359115061806f,0.8538857252957771f,8.871256857490245f,0f,0f,0f,1f], start_interpolation: 0, interpolation_duration: 1 }
$data merge entity $(bone_left_leg) { transformation: [0.956286506130995f,0.23452245756366535f,-0.17468639068362776f,-0.01883230308394043f,-0.28065471881184956f,0.9038478290808181f,-0.32294276687136636f,0.7653679847625053f,0.08215258365027786f,0.35785237006926596f,0.9301573169283749f,8.999860052983887f,0f,0f,0f,1f], start_interpolation: 0, interpolation_duration: 1 }
data modify entity @s data merge value {"locators":{"spear_head":{"posx":-0.12103642120238772,"posy":0.22645547832264223,"posz":10.177771912910783,"roty":267.0225095737639,"rotx":2.111270724192121},"spear_body":{"posx":-0.0981999175567625,"posy":1.1948794356543015,"posz":9.92951089509419,"roty":267.0225095737639,"rotx":2.111270724192121},"spear_body1":{"posx":-0.07679069538898883,"posy":2.102776895652732,"posz":9.69676619089113,"roty":267.0225095737639,"rotx":2.111270724192121},"player_camera":{"posx":-0.010679331433739055,"posy":-0.30812319145929035,"posz":9.216685130528475,"roty":196.22545578684182,"rotx":-24.01679906431626},"flame1":{"posx":0.1875087499999988,"posy":0.062489375,"posz":9.68750875,"roty":0,"rotx":0},"flame2":{"posx":0.1874912499999988,"posy":0.062489375,"posz":9.68750875,"roty":0,"rotx":0},"flame3":{"posx":0.1875087499999988,"posy":0.062489375,"posz":9.68749125,"roty":0,"rotx":0},"flame4":{"posx":0.1874912499999988,"posy":0.062489375,"posz":9.68749125,"roty":0,"rotx":0}},"cameras":{}}