# This file was generated by Animated Java via MC-Build. It is not recommended to edit this file directly.
execute on vehicle unless entity @s[tag=aj.transforms_only] run function animated_java:messemers_assault/variants/flame_burst1/apply
$data merge entity $(bone_right_arm2) { transformation: [0.4544502544690108f,0.8881185818139434f,-0.06870480951026167f,0.007864380757384964f,-0.6806032468906891f,0.39595258759535545f,0.6164420237933117f,0.8910211694826751f,0.5746774630476673f,-0.23338151814857208f,0.7843971445968966f,9.72169553802361f,0f,0f,0f,1f], start_interpolation: 0, interpolation_duration: 1 }
$data merge entity $(bone_right_arm) { transformation: [0.8376247560334376f,0.541908126189378f,-0.06870480951026167f,0.14334141230472947f,-0.3914434079078313f,0.6832066229971056f,0.6164420237933117f,1.0618228252319515f,0.3809945229073869f,-0.48945305501427605f,0.7843971445968966f,9.599332274270042f,0f,0f,0f,1f], start_interpolation: 0, interpolation_duration: 1 }
$data merge entity $(bone_flame_slash2) { transformation: [0.00001169858075395501f,-0.000001208392094895833f,4.852981035380976e-7f,-0.10831301928920987f,-0.000001136274502481432f,-0.000011615363214107565f,-0.0000015312527617863603f,0.2580901395366153f,6.360864401282257e-7f,0.0000014750062069228823f,-0.000011660714733297226f,10.022720922726915f,0f,0f,0f,1f], start_interpolation: 0, interpolation_duration: 1 }
$data merge entity $(bone_flame_slash) { transformation: [0.00001169858075395501f,-0.000001208392094895833f,4.852981035380976e-7f,-0.10831301928920987f,-0.000001136274502481432f,-0.000011615363214107565f,-0.0000015312527617863603f,0.2580901395366153f,6.360864401282257e-7f,0.0000014750062069228823f,-0.000011660714733297226f,10.022720922726915f,0f,0f,0f,1f], start_interpolation: 0, interpolation_duration: 1 }
$data merge entity $(bone_impaling_thrust) { transformation: [-0.000014581071667870011f,-0.0000050389963852246936f,-0.000005100611879826844f,0.7920051725309769f,0.0000017549283009271103f,0.000008699259463535483f,-0.000013610969419816992f,1.8461087098401672f,0.00000695183089391157f,-0.000012765060803548125f,-0.00000726227560800854f,9.567289797821863f,0f,0f,0f,1f], start_interpolation: 0, interpolation_duration: 1 }
$data merge entity $(bone_spear_of_the_impaler) { transformation: [0.08932920843887153f,-0.22242969534365772f,-2.153367076834196f,-0.08374914580984683f,-0.28185891544386105f,-2.1380491579950207f,0.20915495266914846f,0.756606612549037f,-2.1463970482529406f,0.27150556729199954f,-0.11708493765192167f,9.961253497824893f,0f,0f,0f,1f], start_interpolation: 0, interpolation_duration: 1 }
$data merge entity $(bone_left_arm2) { transformation: [0.1088600410980473f,-0.4049124714634068f,0.90785207049691f,-0.3913657273702521f,-0.69860361032286f,0.618550682935418f,0.3596498968218853f,1.0715993142778024f,-0.7071792467939059f,-0.6733802366371642f,-0.21553786166351319f,9.699313624442045f,0f,0f,0f,1f], start_interpolation: 0, interpolation_duration: 1 }
$data merge entity $(bone_left_arm) { transformation: [0.1088600410980473f,0.39578385609138567f,0.9118687573930604f,-0.27881225821014977f,-0.69860361032286f,0.6830485024180231f,-0.21306745173386013f,1.1550359885919508f,-0.7071792467939059f,-0.6138402745030082f,0.3508527188181312f,9.457456149967054f,0f,0f,0f,1f], start_interpolation: 0, interpolation_duration: 1 }
$data merge entity $(bone_head) { transformation: [0.9783897169552388f,0.06827466643473501f,-0.1951720566051232f,0.014228088206912133f,-0.20040842055937058f,0.5454489263568335f,-0.8138316371984292f,1.2491919074468751f,0.050892305166362506f,0.8353586287693467f,0.5473444387362043f,9.611021545861941f,0f,0f,0f,1f], start_interpolation: 0, interpolation_duration: 1 }
$data merge entity $(bone_body_top) { transformation: [0.9897678544849319f,-0.11312770858768227f,-0.08695812657822788f,0.05877212346331203f,0.00600840586619554f,0.6419359444990478f,-0.7667347274116794f,0.9964296293003749f,0.14256048992354692f,0.7583669063915011f,0.6360472796914883f,9.312414576470287f,0f,0f,0f,1f], start_interpolation: 0, interpolation_duration: 1 }
$data merge entity $(bone_body) { transformation: [0.9897678544849319f,-0.10788014901735128f,-0.09338879845189543f,0.10596968865840321f,0.00600840586619554f,0.6854315500260438f,-0.7281122779405947f,0.6965533261639807f,0.14256048992354692f,0.7201010093569435f,0.6790663023857606f,8.997370384876625f,0f,0f,0f,1f], start_interpolation: 0, interpolation_duration: 1 }
$data merge entity $(bone_right_leg2) { transformation: [0.9967768434333598f,-0.063948422893607f,0.04844092902131089f,0.24955788397087533f,0.07500625867557736f,0.9570828234785582f,-0.27994022605156843f,0.49089623732408516f,-0.028460245159162983f,0.2826713077263616f,0.958794527640698f,9.297011205346621f,0f,0f,0f,1f], start_interpolation: 0, interpolation_duration: 1 }
$data merge entity $(bone_right_leg) { transformation: [0.9967768434333598f,-0.07521412773893488f,-0.02790626065058642f,0.2225278068146956f,0.07500625867557736f,0.7503394182013201f,0.6567836924382311f,0.7605494657401846f,-0.028460245159162983f,-0.6567599199721125f,0.7535624870995803f,9.060988109106644f,0f,0f,0f,1f], start_interpolation: 0, interpolation_duration: 1 }
$data merge entity $(bone_left_leg2) { transformation: [0.956286506130995f,0.1273627618333525f,-0.26323914049767555f,-0.10311381127088266f,-0.28065471881184956f,0.6526044411821651f,-0.7038042143650146f,0.45017389207313774f,0.08215258365027786f,0.7469177801120379f,0.6598217810531033f,8.868850302268607f,0f,0f,0f,1f], start_interpolation: 0, interpolation_duration: 1 }
$data merge entity $(bone_left_leg) { transformation: [0.956286506130995f,0.23452245756366535f,-0.17468639068362776f,-0.01883230308394043f,-0.28065471881184956f,0.9038478290808181f,-0.32294276687136636f,0.7749942056490567f,0.08215258365027786f,0.35785237006926596f,0.9301573169283749f,8.99745349776225f,0f,0f,0f,1f], start_interpolation: 0, interpolation_duration: 1 }
$data merge entity $(bone_flame_blast) { transformation: [-5.552083333333334f,0f,6.799341082766034e-16f,0.1874999999999988f,0f,345.93750000000006f,0f,107.640625f,-6.799341082766034e-16f,0f,-5.552083333333334f,9.6875f,0f,0f,0f,1f], start_interpolation: 0, interpolation_duration: 1 }
$data merge entity $(bone_spear_effects0) { transformation: [-2.255199227464295f,0f,2.2551992274642965f,0.8691962499999987f,0f,3.952000000000002f,0f,2.6887181250000016f,-2.2551992274642965f,0f,-2.255199227464295f,11.03184375f,0f,0f,0f,1f], start_interpolation: 0, interpolation_duration: 1 }
$data merge entity $(bone_spear_effects1) { transformation: [-3.1893333333333334f,0f,3.905806858080625e-16f,-1.6148037500000019f,0f,3.952000000000002f,0f,2.6887181250000016f,-3.905806858080625e-16f,0f,-3.1893333333333334f,10.203843749999999f,0f,0f,0f,1f], start_interpolation: 0, interpolation_duration: 1 }
$data merge entity $(bone_spear_effects2) { transformation: [-2.255199227464295f,0f,2.2551992274642965f,-0.6948037500000012f,0f,3.952000000000002f,0f,2.6887181250000016f,-2.2551992274642965f,0f,-2.255199227464295f,7.53584375f,0f,0f,0f,1f], start_interpolation: 0, interpolation_duration: 1 }
$data merge entity $(bone_spear_effects3) { transformation: [-3.1893333333333334f,0f,3.905806858080625e-16f,0.4091962499999989f,0f,3.952000000000002f,0f,2.6887181250000016f,-3.905806858080625e-16f,0f,-3.1893333333333334f,8.63984375f,0f,0f,0f,1f], start_interpolation: 0, interpolation_duration: 1 }
$data merge entity $(bone_spear_effects4) { transformation: [-2.255199227464296f,0f,-2.2551992274642956f,2.6171962499999992f,0f,3.952000000000002f,0f,2.6887181250000016f,2.2551992274642956f,0f,-2.255199227464296f,8.54784375f,0f,0f,0f,1f], start_interpolation: 0, interpolation_duration: 1 }
$data merge entity $(bone_spear_effects5) { transformation: [-3.1893333333333334f,0f,3.905806858080625e-16f,1.5131962499999994f,0f,3.952000000000002f,0f,2.6887181250000016f,-3.905806858080625e-16f,0f,-3.1893333333333334f,6.61584375f,0f,0f,0f,1f], start_interpolation: 0, interpolation_duration: 1 }
$data merge entity $(bone_spear_effects6) { transformation: [-1.0987549457822959e-15f,0f,-3.1893333333333334f,2.6171962499999992f,0f,3.952000000000002f,0f,2.6887181250000016f,3.1893333333333334f,0f,-1.0987549457822959e-15f,10.11184375f,0f,0f,0f,1f], start_interpolation: 0, interpolation_duration: 1 }
$data merge entity $(bone_spear_effects7) { transformation: [-3.1893333333333334f,0f,3.905806858080625e-16f,-0.6948037500000016f,0f,3.952000000000002f,0f,2.6887181250000016f,-3.905806858080625e-16f,0f,-3.1893333333333334f,11.67584375f,0f,0f,0f,1f], start_interpolation: 0, interpolation_duration: 1 }
$data merge entity $(bone_spear_effects8) { transformation: [-2.255199227464296f,0f,-2.2551992274642956f,1.8811962499999986f,0f,3.952000000000002f,0f,2.6887181250000016f,2.2551992274642956f,0f,-2.255199227464296f,12.04384375f,0f,0f,0f,1f], start_interpolation: 0, interpolation_duration: 1 }
$data merge entity $(bone_spear_effects9) { transformation: [-2.255199227464296f,0f,-2.2551992274642956f,-0.6948037500000014f,0f,3.952000000000002f,0f,2.6887181250000016f,2.2551992274642956f,0f,-2.255199227464296f,9.09984375f,0f,0f,0f,1f], start_interpolation: 0, interpolation_duration: 1 }
$data merge entity $(bone_spear_effects10) { transformation: [-2.255199227464296f,0f,-2.2551992274642956f,1.329196249999999f,0f,3.952000000000002f,0f,2.6887181250000016f,2.2551992274642956f,0f,-2.255199227464296f,9.09984375f,0f,0f,0f,1f], start_interpolation: 0, interpolation_duration: 1 }
$data merge entity $(bone_spear_effects11) { transformation: [-2.255199227464295f,0f,2.2551992274642965f,1.0531962499999992f,0f,3.952000000000002f,0f,2.6887181250000016f,-2.2551992274642965f,0f,-2.255199227464295f,7.8118437499999995f,0f,0f,0f,1f], start_interpolation: 0, interpolation_duration: 1 }
data modify entity @s data merge value {"locators":{"spear_head":{"posx":-0.2178635395012633,"posy":-0.22219391792137255,"posz":10.090063829174007,"roty":273.1122763640948,"rotx":5.539562988269573},"spear_body":{"posx":-0.11520368011188278,"posy":0.7645980011532524,"posz":9.964753567346929,"roty":273.1122763640948,"rotx":5.539562988269573},"spear_body1":{"posx":-0.01896006193433858,"posy":1.6897154252857134,"posz":9.847275196884045,"roty":273.1122763640948,"rotx":5.539562988269573},"player_camera":{"posx":-0.010679331433739055,"posy":-0.29849697057273894,"posz":9.214278575306837,"roty":196.22545578684182,"rotx":-24.01679906431626},"flame1":{"posx":1.6093749999999987,"posy":0.0625,"posz":11.109375,"roty":0,"rotx":0},"flame2":{"posx":-1.2343750000000013,"posy":0.0625,"posz":11.109375,"roty":0,"rotx":0},"flame3":{"posx":1.6093749999999991,"posy":0.0625,"posz":8.265625,"roty":0,"rotx":0},"flame4":{"posx":-1.2343750000000009,"posy":0.0625,"posz":8.265625,"roty":0,"rotx":0}},"cameras":{}}