# This file was generated by Animated Java via MC-Build. It is not recommended to edit this file directly.
execute on vehicle unless entity @s[tag=aj.transforms_only] run function animated_java:messemers_assault/variants/flame_burst/apply
$data merge entity $(bone_right_arm2) { transformation: [0.4559187955253047f,0.8872720789768864f,-0.06990214413585015f,0.008124849832529618f,-0.6878612044838275f,0.40111220552286186f,0.6049429410668773f,0.891186528406223f,0.5647875841879082f,-0.22772188399145796f,0.7931946345623925f,9.718601597306296f,0f,0f,0f,1f], start_interpolation: 0, interpolation_duration: 1 }
$data merge entity $(bone_right_arm) { transformation: [0.83847329847616f,0.5404407626999642f,-0.06990214413585015f,0.14323504050752067f,-0.39514917459932614f,0.6913039619927168f,0.6049429410668773f,1.0640125189044023f,0.3752594536530419f,-0.4796067286282095f,0.7931946345623925f,9.598699915149243f,0f,0f,0f,1f], start_interpolation: 0, interpolation_duration: 1 }
$data merge entity $(bone_flame_slash2) { transformation: [0.00001170097586010157f,-0.0000011841627694209089f,4.872779678465971e-7f,-0.10805941581022671f,-0.000001121047762083119f,-0.000011637873648423574f,-0.0000013622284021292595f,0.2532056727389141f,6.188159642088647e-7f,0.0000013077357684014747f,-0.000011681584281406122f,10.010806158278617f,0f,0f,0f,1f], start_interpolation: 0, interpolation_duration: 1 }
$data merge entity $(bone_flame_slash) { transformation: [0.00001170097586010157f,-0.0000011841627694209089f,4.872779678465971e-7f,-0.10805941581022671f,-0.000001121047762083119f,-0.000011637873648423574f,-0.0000013622284021292595f,0.2532056727389141f,6.188159642088647e-7f,0.0000013077357684014747f,-0.000011681584281406122f,10.010806158278617f,0f,0f,0f,1f], start_interpolation: 0, interpolation_duration: 1 }
$data merge entity $(bone_impaling_thrust) { transformation: [-0.000014583966567779197f,-0.000005058322967683331f,-0.000005073131676489953f,0.7889186669405431f,0.0000016244297944389714f,0.000008871641388247345f,-0.00001351556820943077f,1.8494794874274185f,0.000006977429619518739f,-0.000012638145628827194f,-0.0000074570857626634826f,9.578216787988321f,0f,0f,0f,1f], start_interpolation: 0, interpolation_duration: 1 }
$data merge entity $(bone_spear_of_the_impaler) { transformation: [0.08969364363902012f,-0.21796978410579557f,-2.1538079459302004f,-0.0845351870407286f,-0.2507464669406071f,-2.142192671568233f,0.20635215443653865f,0.7526051894258919f,-2.150238522595109f,0.240715964449121f,-0.11390594739419857f,9.956519553459806f,0f,0f,0f,1f], start_interpolation: 0, interpolation_duration: 1 }
$data merge entity $(bone_left_arm2) { transformation: [0.11023549033006277f,-0.4062625976103085f,0.9070825973717137f,-0.3914809829474577f,-0.6881241063221343f,0.627338771149861f,0.3645974225231794f,1.0712397530492561f,-0.717170377922885f,-0.6643769773216908f,-0.21040408987193845f,9.698850385376751f,0f,0f,0f,1f], start_interpolation: 0, interpolation_duration: 1 }
$data merge entity $(bone_left_arm) { transformation: [0.11023549033006277f,0.39430440899100133f,0.9123443262945997f,-0.27912544440844955f,-0.6881241063221343f,0.692633347332213f,-0.216204210092536f,1.1583825765920426f,-0.717170377922885f,-0.6039727470785667f,0.34768314571792946f,9.45821090136675f,0f,0f,0f,1f], start_interpolation: 0, interpolation_duration: 1 }
$data merge entity $(bone_head) { transformation: [0.9788082146645253f,0.06722940207402367f,-0.19342876311969176f,0.013734819944589999f,-0.1990906246902054f,0.5335078593908473f,-0.8220293712080242f,1.2509257343359002f,0.04793122224300486f,0.8431189545164816f,0.5355866190163143f,9.61309454161924f,0f,0f,0f,1f], start_interpolation: 0, interpolation_duration: 1 }
$data merge entity $(bone_body_top) { transformation: [0.9897678544849319f,-0.11438045338088133f,-0.08530361136950004f,0.05877212346331203f,0.00600840586619554f,0.6307167367698882f,-0.7759898820328075f,1.0025810192327567f,0.14256048992354692f,0.7675373019226671f,0.6249503955275416f,9.310876728987191f,0f,0f,0f,1f], start_interpolation: 0, interpolation_duration: 1 }
$data merge entity $(bone_body) { transformation: [0.9897678544849319f,-0.10788014901735128f,-0.09338879845189543f,0.10596968865840321f,0.00600840586619554f,0.6854315500260438f,-0.7281122779405947f,0.7027047160963624f,0.14256048992354692f,0.7201010093569435f,0.6790663023857606f,8.995832537393529f,0f,0f,0f,1f], start_interpolation: 0, interpolation_duration: 1 }
$data merge entity $(bone_right_leg2) { transformation: [0.9956074676766463f,-0.07150425623761042f,0.060439322021361375f,0.2546534938345136f,0.08673379365191336f,0.947489047673322f,-0.3078014840410103f,0.49045553448258106f,-0.03525647947885582f,0.31169158775784644f,0.9495290068111397f,9.287061450670015f,0f,0f,0f,1f], start_interpolation: 0, interpolation_duration: 1 }
$data merge entity $(bone_right_leg) { transformation: [0.9956074676766463f,-0.08939321605514558f,-0.027832053999188283f,0.2225278068146956f,0.08673379365191336f,0.7686826328764806f,0.6337225409852713f,0.7667008556725663f,-0.03525647947885582f,-0.6333528738684301f,0.7730595823203781f,9.059450261623548f,0f,0f,0f,1f], start_interpolation: 0, interpolation_duration: 1 }
$data merge entity $(bone_left_leg2) { transformation: [0.956286506130995f,0.1273627618333525f,-0.26323914049767555f,-0.10311381127088266f,-0.28065471881184956f,0.6526044411821651f,-0.7038042143650146f,0.4563252820055195f,0.08215258365027786f,0.7469177801120379f,0.6598217810531033f,8.86731245478551f,0f,0f,0f,1f], start_interpolation: 0, interpolation_duration: 1 }
$data merge entity $(bone_left_leg) { transformation: [0.956286506130995f,0.23452245756366535f,-0.17468639068362776f,-0.01883230308394043f,-0.28065471881184956f,0.9038478290808181f,-0.32294276687136636f,0.7811455955814385f,0.08215258365027786f,0.35785237006926596f,0.9301573169283749f,8.995915650279153f,0f,0f,0f,1f], start_interpolation: 0, interpolation_duration: 1 }
$data merge entity $(bone_flame_blast) { transformation: [-6.833333333333334f,0f,8.368419794173581e-16f,0.1874999999999988f,0f,341.6666666666667f,0f,106.25f,-8.368419794173581e-16f,0f,-6.833333333333334f,9.6875f,0f,0f,0f,1f], start_interpolation: 0, interpolation_duration: 1 }
$data merge entity $(bone_spear_effects0) { transformation: [-2.2980970388562785f,0f,2.2980970388562802f,0.8691962499999987f,0f,4.333333333333333f,0f,2.941718125f,-2.2980970388562802f,0f,-2.2980970388562785f,11.03184375f,0f,0f,0f,1f], start_interpolation: 0, interpolation_duration: 1 }
$data merge entity $(bone_spear_effects1) { transformation: [-3.25f,0f,3.980102097228897e-16f,-1.6620537500000014f,0f,4.333333333333333f,0f,2.941718125f,-3.980102097228897e-16f,0f,-3.25f,10.18809375f,0f,0f,0f,1f], start_interpolation: 0, interpolation_duration: 1 }
$data merge entity $(bone_spear_effects2) { transformation: [-2.2980970388562785f,0f,2.2980970388562802f,-0.7245537500000009f,0f,4.333333333333333f,0f,2.941718125f,-2.2980970388562802f,0f,-2.2980970388562785f,7.46934375f,0f,0f,0f,1f], start_interpolation: 0, interpolation_duration: 1 }
$data merge entity $(bone_spear_effects3) { transformation: [-3.25f,0f,3.980102097228897e-16f,0.40044624999999895f,0f,4.333333333333333f,0f,2.941718125f,-3.980102097228897e-16f,0f,-3.25f,8.59434375f,0f,0f,0f,1f], start_interpolation: 0, interpolation_duration: 1 }
$data merge entity $(bone_spear_effects4) { transformation: [-2.2980970388562794f,0f,-2.298097038856279f,2.650446249999999f,0f,4.333333333333333f,0f,2.941718125f,2.298097038856279f,0f,-2.2980970388562794f,8.50059375f,0f,0f,0f,1f], start_interpolation: 0, interpolation_duration: 1 }
$data merge entity $(bone_spear_effects5) { transformation: [-3.25f,0f,3.980102097228897e-16f,1.5254462499999992f,0f,4.333333333333333f,0f,2.941718125f,-3.980102097228897e-16f,0f,-3.25f,6.53184375f,0f,0f,0f,1f], start_interpolation: 0, interpolation_duration: 1 }
$data merge entity $(bone_spear_effects6) { transformation: [-1.1196551757292414e-15f,0f,-3.25f,2.650446249999999f,0f,4.333333333333333f,0f,2.941718125f,3.25f,0f,-1.1196551757292414e-15f,10.09434375f,0f,0f,0f,1f], start_interpolation: 0, interpolation_duration: 1 }
$data merge entity $(bone_spear_effects7) { transformation: [-3.25f,0f,3.980102097228897e-16f,-0.7245537500000013f,0f,4.333333333333333f,0f,2.941718125f,-3.980102097228897e-16f,0f,-3.25f,11.68809375f,0f,0f,0f,1f], start_interpolation: 0, interpolation_duration: 1 }
$data merge entity $(bone_spear_effects8) { transformation: [-2.2980970388562794f,0f,-2.298097038856279f,1.9004462499999981f,0f,4.333333333333333f,0f,2.941718125f,2.298097038856279f,0f,-2.2980970388562794f,12.06309375f,0f,0f,0f,1f], start_interpolation: 0, interpolation_duration: 1 }
$data merge entity $(bone_spear_effects9) { transformation: [-2.2980970388562794f,0f,-2.298097038856279f,-0.7245537500000011f,0f,4.333333333333333f,0f,2.941718125f,2.298097038856279f,0f,-2.2980970388562794f,9.06309375f,0f,0f,0f,1f], start_interpolation: 0, interpolation_duration: 1 }
$data merge entity $(bone_spear_effects10) { transformation: [-2.2980970388562794f,0f,-2.298097038856279f,1.337946249999999f,0f,4.333333333333333f,0f,2.941718125f,2.298097038856279f,0f,-2.2980970388562794f,9.06309375f,0f,0f,0f,1f], start_interpolation: 0, interpolation_duration: 1 }
$data merge entity $(bone_spear_effects11) { transformation: [-2.2980970388562785f,0f,2.2980970388562802f,1.056696249999999f,0f,4.333333333333333f,0f,2.941718125f,-2.2980970388562802f,0f,-2.2980970388562785f,7.75059375f,0f,0f,0f,1f], start_interpolation: 0, interpolation_duration: 1 }
data modify entity @s data merge value {"locators":{"spear_head":{"posx":-0.2166072985358205,"posy":-0.22822419774955238,"posz":10.071236252875847,"roty":273.02731528385516,"rotx":5.465102115722311},"spear_body":{"posx":-0.116005859717761,"posy":0.7604801122050168,"posz":9.960136576976254,"roty":273.02731528385516,"rotx":5.465102115722311},"spear_body1":{"posx":-0.02169201082583022,"posy":1.6873904027874254,"posz":9.855980630820383,"roty":273.02731528385516,"rotx":5.465102115722311},"player_camera":{"posx":-0.010679331433739055,"posy":-0.2923455806403572,"posz":9.212740727823741,"roty":196.22545578684182,"rotx":-24.01679906431626},"flame1":{"posx":1.9374999999999987,"posy":0,"posz":11.4375,"roty":0,"rotx":0},"flame2":{"posx":-1.5625000000000013,"posy":0,"posz":11.4375,"roty":0,"rotx":0},"flame3":{"posx":1.9374999999999991,"posy":0,"posz":7.9375,"roty":0,"rotx":0},"flame4":{"posx":-1.5625000000000009,"posy":0,"posz":7.9375,"roty":0,"rotx":0}},"cameras":{}}