# This file was generated by Animated Java via MC-Build. It is not recommended to edit this file directly.
execute on vehicle unless entity @s[tag=aj.transforms_only] run function animated_java:messemers_assault/variants/flame_burst/apply
$data merge entity $(bone_right_arm2) { transformation: [0.5346663463404226f,0.8263049688063038f,-0.17706495027812963f,0.03890558347436429f,-0.6674236319167471f,0.5414211621591958f,0.5112815474132073f,0.9040788368541156f,0.5183411942437542f,-0.15518770470690968f,0.8409751379546005f,9.6735199969269f,0f,0f,0f,1f], start_interpolation: 0, interpolation_duration: 1 }
$data merge entity $(bone_right_arm) { transformation: [0.8584923369623694f,0.4812888018226614f,-0.17706495027812963f,0.15922778393002965f,-0.33761755378785924f,0.7903199141164657f,0.5112815474132073f,1.101658815383232f,0.38601203964538655f,-0.3791510551100299f,0.8409751379546005f,9.578732233149394f,0f,0f,0f,1f], start_interpolation: 0, interpolation_duration: 1 }
$data merge entity $(bone_flame_slash2) { transformation: [0.000011516899198199578f,-0.0000016802833413530694f,0.0000017578959333226602f,-0.22372991770256706f,-0.0000014147409759780686f,-0.000011550409851239755f,-0.0000017717385812763847f,0.2582183879318727f,0.0000019778923606985273f,0.0000015222343847995278f,-0.00001150318484804689f,10.017345874368035f,0f,0f,0f,1f], start_interpolation: 0, interpolation_duration: 1 }
$data merge entity $(bone_flame_slash) { transformation: [0.000011516899198199578f,-0.0000016802833413530694f,0.0000017578959333226602f,-0.22372991770256706f,-0.0000014147409759780686f,-0.000011550409851239755f,-0.0000017717385812763847f,0.2582183879318727f,0.0000019778923606985273f,0.0000015222343847995278f,-0.00001150318484804689f,10.017345874368035f,0f,0f,0f,1f], start_interpolation: 0, interpolation_duration: 1 }
$data merge entity $(bone_impaling_thrust) { transformation: [-0.000015220326601314847f,-0.0000033281880902443423f,-0.000004613046638368532f,0.764795672826212f,0.000002254039652007859f,0.000008569587227473559f,-0.000013619723091913365f,1.8140497971770941f,0.000005222675607290178f,-0.00001339778772369445f,-0.000007565601146924056f,9.640518170291823f,0f,0f,0f,1f], start_interpolation: 0, interpolation_duration: 1 }
$data merge entity $(bone_spear_of_the_impaler) { transformation: [0.3235773045408087f,-0.30929109292162693f,-2.1199248081641695f,-0.17893596078438415f,-0.32612533177476816f,-2.126093140759176f,0.2604124982331311f,0.7546635772736114f,-2.117400396808631f,0.28019889560911654f,-0.36407222214627805f,9.95074274026612f,0f,0f,0f,1f], start_interpolation: 0, interpolation_duration: 1 }
$data merge entity $(bone_left_arm2) { transformation: [0.13116180785812223f,-0.26385160399672397f,0.9556039510318828f,-0.41910436514472477f,-0.6843691550646412f,0.6732977451933626f,0.279837463384806f,1.105817368422026f,-0.717241549100091f,-0.6906898561481047f,-0.0922609498033296f,9.66699454454651f,0f,0f,0f,1f], start_interpolation: 0, interpolation_duration: 1 }
$data merge entity $(bone_left_arm) { transformation: [0.13116180785812223f,0.5020925721530924f,0.8548097034709425f,-0.2771859961241864f,-0.6843691550646412f,0.6696954718352032f,-0.2883519283783852f,1.1876950919977467f,-0.717241549100091f,-0.5471846342799808f,0.43145513816894776f,9.440543192339003f,0f,0f,0f,1f], start_interpolation: 0, interpolation_duration: 1 }
$data merge entity $(bone_head) { transformation: [0.9808895314029126f,0.056046759029777585f,-0.18631824383680903f,0.015875697160075794f,-0.18575094518832322f,0.5547233420563236f,-0.8110355110224874f,1.2820388894242891f,0.05789916705634988f,0.8301450322564852f,0.5545330575124083f,9.59395246297315f,0f,0f,0f,1f], start_interpolation: 0, interpolation_duration: 1 }
$data merge entity $(bone_body_top) { transformation: [0.9897678544849319f,-0.11297920864194086f,-0.08715097614447856f,0.06036126056284001f,0.006008405866195526f,0.643242925866827f,-0.7656385814346287f,1.028761987364226f,0.14256048992354697f,0.7572808176211282f,0.6373399955877819f,9.29577314103483f,0f,0f,0f,1f], start_interpolation: 0, interpolation_duration: 1 }
$data merge entity $(bone_body) { transformation: [0.9897678544849319f,-0.1042478356470016f,-0.09742680838049872f,0.10596968865840321f,0.006008405866195526f,0.7126452344016768f,-0.7014988730878517f,0.7169796973134923f,0.14256048992354697f,0.6937356547327626f,0.7059797079698987f,8.992263792089247f,0f,0f,0f,1f], start_interpolation: 0, interpolation_duration: 1 }
$data merge entity $(bone_right_leg2) { transformation: [0.9927318127532587f,-0.08645745429523792f,0.08371771941719108f,0.26483758315475847f,0.11004609891789757f,0.9337269990229891f,-0.34065194467150023f,0.4920101469915092f,-0.048717594979442336f,0.34738883098382645f,0.9364548019243156f,9.26530716783483f,0f,0f,0f,1f], start_interpolation: 0, interpolation_duration: 1 }
$data merge entity $(bone_right_leg) { transformation: [0.9927318127532587f,-0.11773155155495746f,-0.024956556575198505f,0.2225278068146956f,0.11004609891789757f,0.8040784414558247f,0.5842497035505657f,0.7809758368896962f,-0.048717594979442336f,-0.5827496389998315f,0.8111901467504306f,9.055881516319266f,0f,0f,0f,1f], start_interpolation: 0, interpolation_duration: 1 }
$data merge entity $(bone_left_leg2) { transformation: [0.9582818548105495f,0.1282087650554739f,-0.25545723576325435f,-0.10112756211844136f,-0.2742004036366215f,0.6646576461028944f,-0.6950139222508235f,0.4700224638437055f,0.08068472833421746f,0.7360657076918542f,0.6720842570494591f,8.863918134635595f,0f,0f,0f,1f], start_interpolation: 0, interpolation_duration: 1 }
$data merge entity $(bone_left_leg) { transformation: [0.9582818548105495f,0.2289955034003504f,-0.17104661985339764f,-0.01883230308394043f,-0.2742004036366215f,0.9054556186570097f,-0.32398188419719653f,0.7954205767985684f,0.08068472833421746f,0.35736701311798763f,0.9304723491586203f,8.992346904974871f,0f,0f,0f,1f], start_interpolation: 0, interpolation_duration: 1 }
$data merge entity $(bone_flame_blast) { transformation: [-5.694444444444441f,0f,6.973683161811314e-16f,0.1874999999999988f,0f,227.7777777777775f,0f,70.85416666666657f,-6.973683161811314e-16f,0f,-5.694444444444441f,9.6875f,0f,0f,0f,1f], start_interpolation: 0, interpolation_duration: 1 }
$data merge entity $(bone_spear_effects0) { transformation: [-2.1846107653325113f,0f,2.1846107653325126f,0.8691962499999987f,0f,3.370370370370365f,0f,2.3028292361111076f,-2.1846107653325126f,0f,-2.1846107653325113f,11.03184375f,0f,0f,0f,1f], start_interpolation: 0, interpolation_duration: 1 }
$data merge entity $(bone_spear_effects1) { transformation: [-3.0895061728395055f,0f,3.7835538455138895e-16f,-1.537053750000001f,0f,3.370370370370365f,0f,2.3028292361111076f,-3.7835538455138895e-16f,0f,-3.0895061728395055f,10.229760416666666f,0f,0f,0f,1f], start_interpolation: 0, interpolation_duration: 1 }
$data merge entity $(bone_spear_effects2) { transformation: [-2.1846107653325113f,0f,2.1846107653325126f,-0.6458500462962967f,0f,3.370370370370365f,0f,2.3028292361111076f,-2.1846107653325126f,0f,-2.1846107653325113f,7.645269675925927f,0f,0f,0f,1f], start_interpolation: 0, interpolation_duration: 1 }
$data merge entity $(bone_spear_effects3) { transformation: [-3.0895061728395055f,0f,3.7835538455138895e-16f,0.4235943981481472f,0f,3.370370370370365f,0f,2.3028292361111076f,-3.7835538455138895e-16f,0f,-3.0895061728395055f,8.71471412037037f,0f,0f,0f,1f], start_interpolation: 0, interpolation_duration: 1 }
$data merge entity $(bone_spear_effects4) { transformation: [-2.184610765332512f,0f,-2.1846107653325118f,2.5624832870370358f,0f,3.370370370370365f,0f,2.3028292361111076f,2.1846107653325118f,0f,-2.184610765332512f,8.62559375f,0f,0f,0f,1f], start_interpolation: 0, interpolation_duration: 1 }
$data merge entity $(bone_spear_effects5) { transformation: [-3.0895061728395055f,0f,3.7835538455138895e-16f,1.4930388425925916f,0f,3.370370370370365f,0f,2.3028292361111076f,-3.7835538455138895e-16f,0f,-3.0895061728395055f,6.754065972222223f,0f,0f,0f,1f], start_interpolation: 0, interpolation_duration: 1 }
$data merge entity $(bone_spear_effects6) { transformation: [-1.0643635621129824e-15f,0f,-3.0895061728395055f,2.5624832870370353f,0f,3.370370370370365f,0f,2.3028292361111076f,3.0895061728395055f,0f,-1.0643635621129824e-15f,10.140640046296298f,0f,0f,0f,1f], start_interpolation: 0, interpolation_duration: 1 }
$data merge entity $(bone_spear_effects7) { transformation: [-3.0895061728395055f,0f,3.7835538455138895e-16f,-0.6458500462962972f,0f,3.370370370370365f,0f,2.3028292361111076f,-3.7835538455138895e-16f,0f,-3.0895061728395055f,11.655686342592592f,0f,0f,0f,1f], start_interpolation: 0, interpolation_duration: 1 }
$data merge entity $(bone_spear_effects8) { transformation: [-2.184610765332512f,0f,-2.1846107653325118f,1.8495203240740723f,0f,3.370370370370365f,0f,2.3028292361111076f,2.1846107653325118f,0f,-2.184610765332512f,12.012167824074075f,0f,0f,0f,1f], start_interpolation: 0, interpolation_duration: 1 }
$data merge entity $(bone_spear_effects9) { transformation: [-2.184610765332512f,0f,-2.1846107653325118f,-0.6458500462962969f,0f,3.370370370370365f,0f,2.3028292361111076f,2.1846107653325118f,0f,-2.184610765332512f,9.160315972222223f,0f,0f,0f,1f], start_interpolation: 0, interpolation_duration: 1 }
$data merge entity $(bone_spear_effects10) { transformation: [-2.184610765332512f,0f,-2.1846107653325118f,1.3147981018518506f,0f,3.370370370370365f,0f,2.3028292361111076f,2.1846107653325118f,0f,-2.184610765332512f,9.160315972222223f,0f,0f,0f,1f], start_interpolation: 0, interpolation_duration: 1 }
$data merge entity $(bone_spear_effects11) { transformation: [-2.1846107653325113f,0f,2.1846107653325126f,1.0474369907407397f,0f,3.370370370370365f,0f,2.3028292361111076f,-2.1846107653325126f,0f,-2.1846107653325113f,7.912630787037038f,0f,0f,0f,1f], start_interpolation: 0, interpolation_duration: 1 }
data modify entity @s data merge value {"locators":{"spear_head":{"posx":-0.3531070908558473,"posy":-0.2177701552240403,"posz":10.079840779976081,"roty":279.74481558191985,"rotx":6.903090292468786},"spear_body":{"posx":-0.21035735566125022,"posy":0.7635036020494255,"posz":9.950518212771874,"roty":279.74481558191985,"rotx":6.903090292468786},"spear_body1":{"posx":-0.07652947891631551,"posy":1.6834477494932996,"posz":9.82927830601793,"roty":279.74481558191985,"rotx":6.903090292468786},"player_camera":{"posx":-0.010679331433739055,"posy":-0.2780705994232273,"posz":9.20917198251946,"roty":196.22545578684182,"rotx":-24.01679906431626},"flame1":{"posx":1.645833333333331,"posy":0.020833333333342807,"posz":11.145833333333332,"roty":0,"rotx":0},"flame2":{"posx":-1.2708333333333337,"posy":0.020833333333342807,"posz":11.145833333333332,"roty":0,"rotx":0},"flame3":{"posx":1.6458333333333315,"posy":0.020833333333342807,"posz":8.229166666666668,"roty":0,"rotx":0},"flame4":{"posx":-1.2708333333333333,"posy":0.020833333333342807,"posz":8.229166666666668,"roty":0,"rotx":0}},"cameras":{}}