# This file was generated by Animated Java via MC-Build. It is not recommended to edit this file directly.
$data merge entity $(bone_right_arm2) { transformation: [0.7865841905654998f,-0.43684687156941815f,0.43640591420423047f,0.5526658928308145f,0.5798931080097665f,0.7654275283182785f,-0.27900659880250894f,0.939855716406985f,-0.21215394041872307f,0.47253096162323927f,0.8553976828775175f,-0.0889266428803766f,0f,0f,0f,1f], start_interpolation: 0, interpolation_duration: 1 }
$data merge entity $(bone_right_arm) { transformation: [0.744140778820639f,-0.5057710740481142f,0.43640591420423047f,0.42622312431878595f,0.6463370532551801f,0.7102138631525481f,-0.27900659880250894f,1.117409182195122f,-0.16882806308674975f,0.4896855003388918f,0.8553976828775175f,0.033494732204346345f,0f,0f,0f,1f], start_interpolation: 0, interpolation_duration: 1 }
$data merge entity $(bone_flame_slash2) { transformation: [0.15067569570870712f,0.00000850396724075947f,-0.000007997796071510617f,0.6829797375360964f,-0.9841744995208765f,-0.0000034118645137333554f,-0.000005481947952171874f,0.5726453741671916f,-0.6278714540625657f,0.0000073887914484797855f,0.000006673531449638875f,1.0861603604807883f,0f,0f,0f,1f], start_interpolation: 0, interpolation_duration: 1 }
$data merge entity $(bone_flame_slash) { transformation: [0.15067569570870712f,0.00000850396724075947f,-0.000007997796071510617f,0.6829797375360964f,-0.9841744995208765f,-0.0000034118645137333554f,-0.000005481947952171874f,0.5726453741671916f,-0.6278714540625657f,0.0000073887914484797855f,0.000006673531449638875f,1.0861603604807883f,0f,0f,0f,1f], start_interpolation: 0, interpolation_duration: 1 }
$data merge entity $(bone_impaling_thrust) { transformation: [-0.000008026826428894538f,0.000008252625351351633f,-0.000011466455834002441f,0.26277781309686105f,-0.000009160207247702976f,-0.000013080340530702012f,-0.0000030017781201321562f,0.8055211756996328f,-0.000010755279529702156f,0.000004981389717097283f,0.000011114184442723068f,0.55540316028644f,0f,0f,0f,1f], start_interpolation: 0, interpolation_duration: 1 }
$data merge entity $(bone_spear_of_the_impaler) { transformation: [0.27734995316292993f,1.565332023077849f,-1.4721606928090338f,0.28302637504179584f,-1.8115778398260383f,-0.6280246184571132f,-1.009066525709513f,0.7154637924028662f,-1.155727986239059f,1.3600607267998186f,1.2284022491370672f,0.77183883274364f,0f,0f,0f,1f], start_interpolation: 0, interpolation_duration: 1 }
$data merge entity $(bone_left_arm2) { transformation: [0.12800767069058305f,0.5037839116257972f,0.8542925767156019f,-0.3441049914553903f,-0.8361128491504792f,0.5180996744383025f,-0.18024436421811657f,1.0955336094771713f,-0.5334129167257196f,-0.6912123391071201f,0.4875409342160149f,0.15364020512779264f,0f,0f,0f,1f], start_interpolation: 0, interpolation_duration: 1 }
$data merge entity $(bone_left_arm) { transformation: [0.12800767069058305f,0.557206883635686f,0.8204477588935073f,-0.18880231171014594f,-0.8361128491504792f,0.5055587154470423f,-0.2128983060548031f,1.117409182195122f,-0.5334129167257196f,-0.6587342970155297f,0.5306032286045921f,-0.07771998371680473f,0f,0f,0f,1f], start_interpolation: 0, interpolation_duration: 1 }
$data merge entity $(bone_head) { transformation: [0.9530723014885029f,-0.03851403228513556f,0.30028296230813384f,0.11317401416333178f,0.09994069158504511f,0.9762960071199334f,-0.19198428229200926f,1.2577517332186126f,-0.28577096826114357f,0.21298538869794462f,0.9343298014621358f,0.00850402386910036f,0f,0f,0f,1f], start_interpolation: 0, interpolation_duration: 1 }
$data merge entity $(bone_body_top) { transformation: [0.984040697646291f,-0.03851403228513556f,-0.17372557293887597f,0.1283389143756039f,0f,0.9762960071199334f,-0.21643961393810285f,0.8733351804151387f,0.17794354547384172f,0.21298538869794462f,0.9607150039555875f,-0.07535897293071535f,0f,0f,0f,1f], start_interpolation: 0, interpolation_duration: 1 }
$data merge entity $(bone_body) { transformation: [0.984040697646291f,-0.015508801872924364f,-0.17726641656068856f,0.13512401519500833f,0f,0.9961946980917455f,-0.08715574274765818f,0.4375f,0.17794354547384172f,0.08576479789728622f,0.9802961257017375f,-0.11288107201077807f,0f,0f,0f,1f], start_interpolation: 0, interpolation_duration: 1 }
$data merge entity $(bone_right_leg2) { transformation: [0.9507468127919387f,-0.27782719091797736f,0.13745017261755657f,0.35253823723911826f,0.20906465570934077f,0.24737086474190517f,-0.9460970484099276f,0.22301376283819857f,0.22885031723619073f,0.9282347263830781f,0.29327090724691235f,-0.1793452793082225f,0f,0f,0f,1f], start_interpolation: 0, interpolation_duration: 1 }
$data merge entity $(bone_right_leg) { transformation: [0.9507468127919387f,-0.2781770313304519f,-0.13674076643834898f,0.25256836660473714f,0.20906465570934077f,0.9011790947110996f,-0.37969488933723844f,0.546875f,0.22885031723619073f,0.33240604461390255f,0.9149501373326501f,-0.05988685702510126f,0f,0f,0f,1f], start_interpolation: 0, interpolation_duration: 1 }
$data merge entity $(bone_left_leg2) { transformation: [0.9708549776634645f,0.07767854155036583f,-0.2267303608445108f,-0.061570310185869476f,-0.0691453170508185f,0.9965752439557329f,0.04535094557463082f,0.29789931689044824f,0.22947665998095698f,-0.02835184856723494f,0.9729011435941501f,0.1023607684819727f,0f,0f,0f,1f], start_interpolation: 0, interpolation_duration: 1 }
$data merge entity $(bone_left_leg) { transformation: [0.9708549776634645f,0.2236163370583944f,-0.08623425158636523f,0.018791810944491005f,-0.0691453170508185f,0.6058453790874483f,0.7925719536851705f,0.515625f,0.22947665998095698f,-0.7635097317251254f,0.6036500245051032f,-0.17202554135674422f,0f,0f,0f,1f], start_interpolation: 0, interpolation_duration: 1 }
data modify entity @s data merge value {"locators":{"spear_head":{"posx":0.9800604381582714,"posy":0.4168511542166097,"posz":1.418061130159492,"roty":230.15765995725985,"rotx":-27.757024174837174},"spear_body":{"posx":0.25759950443003327,"posy":0.706708670427585,"posz":0.790340794713422,"roty":230.15765995725985,"rotx":-27.757024174837174},"spear_body1":{"posx":-0.4197076209401899,"posy":0.9784500918753744,"posz":0.20185298023273113,"roty":230.15765995725985,"rotx":-27.757024174837174},"player_camera":{"posx":0.023909299273857237,"posy":-0.375,"posz":0.5021443640181538,"roty":190.25,"rotx":0},"flame1":{"posx":0.1875087499999988,"posy":0.062489375,"posz":9.68750875,"roty":0,"rotx":0},"flame2":{"posx":0.1874912499999988,"posy":0.062489375,"posz":9.68750875,"roty":0,"rotx":0},"flame3":{"posx":0.1875087499999988,"posy":0.062489375,"posz":9.68749125,"roty":0,"rotx":0},"flame4":{"posx":0.1874912499999988,"posy":0.062489375,"posz":9.68749125,"roty":0,"rotx":0}},"cameras":{}}