# This file was generated by Animated Java via MC-Build. It is not recommended to edit this file directly.
execute on vehicle unless entity @s[tag=aj.transforms_only] run function animated_java:messemers_assault/variants/default/apply
$data merge entity $(bone_right_arm2) { transformation: [0.9345012194767853f,0.003065242041265237f,-0.3559467306882161f,0.3252478673701826f,-0.09668916242615182f,0.964552108657636f,-0.24554110766516696f,1.0548365629676175f,0.3425765267290364f,0.2638746558033499f,0.901671497475069f,9.377484466192172f,0f,0f,0f,1f], start_interpolation: 0, interpolation_duration: 1 }
$data merge entity $(bone_right_arm) { transformation: [0.9115214937319237f,-0.20598662912211801f,-0.3559467306882161f,0.2737512100896531f,0.12145364257697454f,0.9617476681288847f,-0.24554110766516696f,1.2952734799998387f,0.39290912329635075f,0.18058497022609493f,0.901671497475069f,9.422630708748695f,0f,0f,0f,1f], start_interpolation: 0, interpolation_duration: 1 }
$data merge entity $(bone_flame_slash2) { transformation: [0.000007548576438851768f,-0.0000069499575484559715f,0.000005767980685004326f,-1.0467551014963874f,-0.000003146889857775527f,-0.000009070137694104946f,-0.000006810448134602982f,0.5563906431829181f,0.000008465730643656965f,0.0000028254574223915734f,-0.000007674679953223517f,9.754102453835557f,0f,0f,0f,1f], start_interpolation: 0, interpolation_duration: 1 }
$data merge entity $(bone_flame_slash) { transformation: [0.000007548576438851768f,-0.0000069499575484559715f,0.000005767980685004326f,-1.0467551014963874f,-0.000003146889857775527f,-0.000009070137694104946f,-0.000006810448134602982f,0.5563906431829181f,0.000008465730643656965f,0.0000028254574223915734f,-0.000007674679953223517f,9.754102453835557f,0f,0f,0f,1f], start_interpolation: 0, interpolation_duration: 1 }
$data merge entity $(bone_impaling_thrust) { transformation: [-0.000013317920542341032f,0.000007055312396419984f,-0.0000060721443098228006f,0.5645341461044104f,0.000007793356359021891f,0.000002654927749269532f,-0.000014008223742143459f,1.5244408678261363f,-0.000005090379768905642f,-0.000014394071791455721f,-0.000005560045698844117f,9.673983424773386f,0f,0f,0f,1f], start_interpolation: 0, interpolation_duration: 1 }
$data merge entity $(bone_spear_of_the_impaler) { transformation: [1.0617167986556637f,-1.2792842213087097f,-1.3894724772399711f,-0.7690416686573929f,-1.2536046123870976f,-1.6695474693573702f,0.5792505224931941f,0.9522638847443581f,-1.4126844515668062f,0.5200841981039356f,-1.5582937821952647f,9.616044756094505f,0f,0f,0f,1f], start_interpolation: 0, interpolation_duration: 1 }
$data merge entity $(bone_left_arm2) { transformation: [0.2603836087643391f,0.6630376367807003f,0.7018414838830234f,-0.5276633514290594f,-0.7338748489947583f,0.6082737686598072f,-0.3023751450984622f,1.3339293851655953f,-0.6273978660306236f,-0.43633028152153264f,0.6449711645706031f,9.378651528870016f,0f,0f,0f,1f], start_interpolation: 0, interpolation_duration: 1 }
$data merge entity $(bone_left_arm) { transformation: [0.2603836087643391f,0.9446263168055024f,0.19970352496971747f,-0.25895882113214147f,-0.7338748489947583f,0.3280423973421812f,-0.5948242526653693f,1.3242056283767958f,-0.6273978660306236f,0.008325091258687578f,0.7786543588497751f,9.30230806843086f,0f,0f,0f,1f], start_interpolation: 0, interpolation_duration: 1 }
$data merge entity $(bone_head) { transformation: [0.9880867213947291f,-0.01033533006511572f,-0.15355068204296674f,0.03740119542549801f,-0.09003591130865667f,0.770355381392512f,-0.6312258874875277f,1.4412845024176264f,0.12481252212111912f,0.6375309932168337f,0.7602473722478248f,9.431859565293253f,0f,0f,0f,1f], start_interpolation: 0, interpolation_duration: 1 }
$data merge entity $(bone_body_top) { transformation: [0.9897678544849319f,-0.09003435108801228f,-0.11069512117729133f,0.07285222116640284f,0.006008405866195554f,0.801399980574918f,-0.5980986291519719f,1.1257332600662524f,0.14256048992354692f,0.5913136957306854f,0.793740902281139f,9.199029797599296f,0f,0f,0f,1f], start_interpolation: 0, interpolation_duration: 1 }
$data merge entity $(bone_body) { transformation: [0.9897678544849319f,-0.0756970685531437f,-0.12095266859708112f,0.10596968865840321f,0.006008405866195554f,0.8690368007280002f,-0.49471096413905075f,0.7455296597477523f,0.14256048992354692f,0.48892227684254974f,0.8605995084357505f,8.985126301480681f,0f,0f,0f,1f], start_interpolation: 0, interpolation_duration: 1 }
$data merge entity $(bone_right_leg2) { transformation: [0.9857550625085895f,-0.1237899182336145f,0.11385522773417868f,0.2828568283828544f,0.15148823070206544f,0.9475831666566238f,-0.2813138073891199f,0.5005951624855699f,-0.07306348402207818f,0.2945542367930227f,0.952837619371651f,9.222158735018352f,0f,0f,0f,1f], start_interpolation: 0, interpolation_duration: 1 }
$data merge entity $(bone_right_leg) { transformation: [0.9857550625085895f,-0.1678720600157463f,-0.010292142865133747f,0.2225278068146956f,0.15148823070206544f,0.8596330764198574f,0.4879367683252507f,0.8095257993239562f,-0.07306348402207818f,-0.48254527807346853f,0.872818298336804f,9.0487440257107f,0f,0f,0f,1f], start_interpolation: 0, interpolation_duration: 1 }
$data merge entity $(bone_left_leg2) { transformation: [0.9706744556289376f,0.12836413862639734f,-0.20325783897347827f,-0.08751709771338954f,-0.22983662767824073f,0.7433924965432217f,-0.6281263572409056f,0.49491812293685344f,0.0704714535607086f,0.6564223061398349f,0.7510948876374421f,8.858098057904773f,0f,0f,0f,1f], start_interpolation: 0, interpolation_duration: 1 }
$data merge entity $(bone_left_leg) { transformation: [0.9706744556289376f,0.19112290679498883f,-0.14581884544769713f,-0.01883230308394043f,-0.22983662767824073f,0.915624114910539f,-0.32985997752347257f,0.8239705392328284f,0.0704714535607086f,0.35370116580600375f,0.9326999836713383f,8.985209414366306f,0f,0f,0f,1f], start_interpolation: 0, interpolation_duration: 1 }
$data merge entity $(bone_flame_blast) { transformation: [-3.416666666666667f,0f,4.1842098970867906e-16f,0.1874999999999988f,0f,0.00003416666666666667f,0f,0.0625f,-4.1842098970867906e-16f,0f,-3.416666666666667f,9.6875f,0f,0f,0f,1f], start_interpolation: 0, interpolation_duration: 1 }
$data merge entity $(bone_spear_effects0) { transformation: [-1.5320646925708525f,0f,1.5320646925708532f,0.8691962499999987f,0f,0.000021666666666666667f,0f,0.06671812499999996f,-1.5320646925708532f,0f,-1.5320646925708525f,11.03184375f,0f,0f,0f,1f], start_interpolation: 0, interpolation_duration: 1 }
$data merge entity $(bone_spear_effects1) { transformation: [-2.1666666666666665f,0f,2.6534013981525983e-16f,-0.8183037500000013f,0f,0.000021666666666666667f,0f,0.06671812499999996f,-2.6534013981525983e-16f,0f,-2.1666666666666665f,10.46934375f,0f,0f,0f,1f], start_interpolation: 0, interpolation_duration: 1 }
$data merge entity $(bone_spear_effects2) { transformation: [-1.5320646925708525f,0f,1.5320646925708532f,-0.1933037500000011f,0f,0.000021666666666666667f,0f,0.06671812499999996f,-1.5320646925708532f,0f,-1.5320646925708525f,8.65684375f,0f,0f,0f,1f], start_interpolation: 0, interpolation_duration: 1 }
$data merge entity $(bone_spear_effects3) { transformation: [-2.1666666666666665f,0f,2.6534013981525983e-16f,0.5566962499999989f,0f,0.000021666666666666667f,0f,0.06671812499999996f,-2.6534013981525983e-16f,0f,-2.1666666666666665f,9.40684375f,0f,0f,0f,1f], start_interpolation: 0, interpolation_duration: 1 }
$data merge entity $(bone_spear_effects4) { transformation: [-1.532064692570853f,0f,-1.5320646925708528f,2.056696249999999f,0f,0.000021666666666666667f,0f,0.06671812499999996f,1.5320646925708528f,0f,-1.532064692570853f,9.34434375f,0f,0f,0f,1f], start_interpolation: 0, interpolation_duration: 1 }
$data merge entity $(bone_spear_effects5) { transformation: [-2.1666666666666665f,0f,2.6534013981525983e-16f,1.306696249999999f,0f,0.000021666666666666667f,0f,0.06671812499999996f,-2.6534013981525983e-16f,0f,-2.1666666666666665f,8.03184375f,0f,0f,0f,1f], start_interpolation: 0, interpolation_duration: 1 }
$data merge entity $(bone_spear_effects6) { transformation: [-7.4643678381949435e-16f,0f,-2.1666666666666665f,2.0566962499999986f,0f,0.000021666666666666667f,0f,0.06671812499999996f,2.1666666666666665f,0f,-7.4643678381949435e-16f,10.40684375f,0f,0f,0f,1f], start_interpolation: 0, interpolation_duration: 1 }
$data merge entity $(bone_spear_effects7) { transformation: [-2.1666666666666665f,0f,2.6534013981525983e-16f,-0.19330375000000133f,0f,0.000021666666666666667f,0f,0.06671812499999996f,-2.6534013981525983e-16f,0f,-2.1666666666666665f,11.46934375f,0f,0f,0f,1f], start_interpolation: 0, interpolation_duration: 1 }
$data merge entity $(bone_spear_effects8) { transformation: [-1.532064692570853f,0f,-1.5320646925708528f,1.5566962499999986f,0f,0.000021666666666666667f,0f,0.06671812499999996f,1.5320646925708528f,0f,-1.532064692570853f,11.71934375f,0f,0f,0f,1f], start_interpolation: 0, interpolation_duration: 1 }
$data merge entity $(bone_spear_effects9) { transformation: [-1.532064692570853f,0f,-1.5320646925708528f,-0.1933037500000011f,0f,0.000021666666666666667f,0f,0.06671812499999996f,1.5320646925708528f,0f,-1.532064692570853f,9.71934375f,0f,0f,0f,1f], start_interpolation: 0, interpolation_duration: 1 }
$data merge entity $(bone_spear_effects10) { transformation: [-1.532064692570853f,0f,-1.5320646925708528f,1.1816962499999988f,0f,0.000021666666666666667f,0f,0.06671812499999996f,1.5320646925708528f,0f,-1.532064692570853f,9.71934375f,0f,0f,0f,1f], start_interpolation: 0, interpolation_duration: 1 }
$data merge entity $(bone_spear_effects11) { transformation: [-1.5320646925708525f,0f,1.5320646925708532f,0.994196249999999f,0f,0.000021666666666666667f,0f,0.06671812499999996f,-1.5320646925708532f,0f,-1.5320646925708525f,8.84434375f,0f,0f,0f,1f], start_interpolation: 0, interpolation_duration: 1 }
data modify entity @s data merge value {"locators":{"spear_head":{"posx":-1.3802552041743208,"posy":0.19682511881663367,"posz":9.835952771958263,"roty":318.2778018244844,"rotx":15.506422715614377},"spear_body":{"posx":-0.78981633280107,"posy":0.967385489289266,"posz":9.595913911294907,"roty":318.2778018244844,"rotx":15.506422715614377},"spear_body1":{"posx":-0.23627989088864754,"posy":1.689785836607359,"posz":9.370877479423013,"roty":318.2778018244844,"rotx":15.506422715614377},"player_camera":{"posx":-0.010679331433739054,"posy":-0.24952063698896731,"posz":9.202034491910894,"roty":196.22545578684182,"rotx":-24.01679906431626},"flame1":{"posx":1.0624999999999987,"posy":0.062489375,"posz":10.5625,"roty":0,"rotx":0},"flame2":{"posx":-0.6875000000000013,"posy":0.062489375,"posz":10.5625,"roty":0,"rotx":0},"flame3":{"posx":1.062499999999999,"posy":0.062489375,"posz":8.8125,"roty":0,"rotx":0},"flame4":{"posx":-0.6875000000000011,"posy":0.062489375,"posz":8.8125,"roty":0,"rotx":0}},"cameras":{}}