# This file was generated by Animated Java via MC-Build. It is not recommended to edit this file directly.
$data merge entity $(bone_right_arm2) { transformation: [0.8855732517119363f,-0.4575881773474778f,0.07983154642220533f,0.4835234819750757f,0.4061193385514228f,0.6793332427724128f,-0.6112065347481759f,1.2277567248285228f,0.2254486609117525f,0.5736892932730501f,0.7874347567112885f,9.141344514169228f,0f,0f,0f,1f], start_interpolation: 0, interpolation_duration: 1 }
$data merge entity $(bone_right_arm) { transformation: [0.8675169588283738f,-0.4909595200635272f,0.07983154642220533f,0.3607836019591939f,0.43167895620329116f,0.6633851450344392f,-0.6112065347481759f,1.3936030110871327f,0.24711860495803778f,0.5646936328723985f,0.7874347567112885f,9.282517922387328f,0f,0f,0f,1f], start_interpolation: 0, interpolation_duration: 1 }
$data merge entity $(bone_flame_slash2) { transformation: [0.000003850781926965977f,-0.00001017778704435543f,0.000004487387524140756f,-1.3602988964086395f,-0.000004842642041292527f,-0.000005809041860012996f,-0.000009019776498873685f,0.9436889386779894f,0.000010013631407834495f,0.0000011046270454224108f,-0.000006087651639151422f,9.185134047642942f,0f,0f,0f,1f], start_interpolation: 0, interpolation_duration: 1 }
$data merge entity $(bone_flame_slash) { transformation: [0.000003850781926965977f,-0.00001017778704435543f,0.000004487387524140756f,-1.3602988964086395f,-0.000004842642041292527f,-0.000005809041860012996f,-0.000009019776498873685f,0.9436889386779894f,0.000010013631407834495f,0.0000011046270454224108f,-0.000006087651639151422f,9.185134047642942f,0f,0f,0f,1f], start_interpolation: 0, interpolation_duration: 1 }
$data merge entity $(bone_impaling_thrust) { transformation: [-0.000008165208708518731f,0.000010529875745267098f,-0.000009298734356785642f,0.4658483976882003f,0.000011475936457412223f,-0.0000012034890612000916f,-0.000011439837132035965f,1.2800214995486145f,-0.000008102322276623351f,-0.000012316196976798784f,-0.000006832206294962526f,9.488217871765235f,0f,0f,0f,1f], start_interpolation: 0, interpolation_duration: 1 }
$data merge entity $(bone_spear_of_the_impaler) { transformation: [0.8259969955940508f,-1.8734333674565746f,-0.7088164962910822f,-0.9360702617072926f,-1.6602774440404662f,-1.0692749618431f,0.8913889775122522f,1.2048876830906128f,-1.1205588857907038f,0.20332958004235524f,-1.8432171086987392f,9.116536791970132f,0f,0f,0f,1f], start_interpolation: 0, interpolation_duration: 1 }
$data merge entity $(bone_left_arm2) { transformation: [0.34567660535347766f,0.9338609099320242f,0.09171415055610599f,-0.5053701829533508f,-0.7618084048356673f,0.33636192161410583f,-0.5536321992169552f,1.4760823550964668f,-0.5478646172486705f,0.12150908850369208f,0.8276955373674366f,9.135863301357798f,0f,0f,0f,1f], start_interpolation: 0, interpolation_duration: 1 }
$data merge entity $(bone_left_arm) { transformation: [0.34567660535347766f,0.8758713196563669f,-0.3366854851559698f,-0.24319277737007433f,-0.7618084048356673f,0.05246213576520603f,-0.6456745919057751f,1.39397183843331f,-0.5478646172486705f,0.47968443347097245f,0.6853810658696372f,9.187301332569458f,0f,0f,0f,1f], start_interpolation: 0, interpolation_duration: 1 }
$data merge entity $(bone_head) { transformation: [0.9897291115558134f,-0.05514879418698085f,-0.13188971240647362f,0.056228534100877636f,-0.01049019153587962f,0.892087438510605f,-0.4517410297207105f,1.524593945874276f,0.14257012878047368f,0.44848479634354316f,0.8823463865332083f,9.295028097046519f,0f,0f,0f,1f], start_interpolation: 0, interpolation_duration: 1 }
$data merge entity $(bone_body_top) { transformation: [0.9897678544849319f,-0.06873838647366401f,-0.12503850788173962f,0.08329427377488284f,0.006008405866195554f,0.8956137781410776f,-0.44479192827974245f,1.1719460207312267f,0.14256048992354692f,0.4394894704413994f,0.8868627357623594f,9.121979118060217f,0f,0f,0f,1f], start_interpolation: 0, interpolation_duration: 1 }
$data merge entity $(bone_body) { transformation: [0.9897678544849319f,-0.05182951973376085f,-0.1329409459589571f,0.10596968865840321f,0.006008405866195554f,0.9460086748421244f,-0.3240856155129302f,0.7580672254877974f,0.14256048992354692f,0.31997076117610407f,0.9366403892130335f,8.981991910045672f,0f,0f,0f,1f], start_interpolation: 0, interpolation_duration: 1 }
$data merge entity $(bone_right_leg2) { transformation: [0.9810790781376214f,-0.1492430079477849f,0.1233303167081484f,0.29210146945910276f,0.17315258354141308f,0.9613481397573842f,-0.21407460614923685f,0.5050296212828673f,-0.0866142323961181f,0.23137908022056425f,0.9690003591241423f,9.199880504485723f,0f,0f,0f,1f], start_interpolation: 0, interpolation_duration: 1 }
$data merge entity $(bone_right_leg) { transformation: [0.9810790781376214f,-0.19359627866269807f,0.0020792615491378175f,0.2225278068146956f,0.17315258354141308f,0.8821808522605465f,0.43792137047395807f,0.8220633650640012f,-0.0866142323961181f,-0.4292754649322631f,0.8990108731008877f,9.04560963427569f,0f,0f,0f,1f], start_interpolation: 0, interpolation_duration: 1 }
$data merge entity $(bone_left_leg2) { transformation: [0.9782627687919f,0.12254969119532169f,-0.1672827796981412f,-0.0776653202478414f,-0.19760302554096942f,0.7955454057616503f,-0.5727657039912446f,0.5051376448801886f,0.06288878670049637f,0.593370946844773f,0.8024686410993747f,8.856048498364622f,0f,0f,0f,1f], start_interpolation: 0, interpolation_duration: 1 }
$data merge entity $(bone_left_leg) { transformation: [0.9782627687919f,0.16370926515172443f,-0.12728405909259782f,-0.01883230308394043f,-0.19760302554096942f,0.9220743237361664f,-0.33276415943359405f,0.8365081049728734f,0.06288878670049637f,0.35068250314204985f,0.9343804270731304f,8.982075022931296f,0f,0f,0f,1f], start_interpolation: 0, interpolation_duration: 1 }
data modify entity @s data merge value {"locators":{"spear_head":{"posx":-1.8097146832613324,"posy":0.7310060107400729,"posz":9.18589698087128,"roty":338.9655533109991,"rotx":24.293458308395277},"spear_body":{"posx":-0.9450531290506059,"posy":1.2245175315907344,"posz":9.09205255931327,"roty":338.9655533109991,"rotx":24.293458308395277},"spear_body1":{"posx":-0.13443292197804946,"posy":1.6871845823882294,"posz":9.004073414102637,"roty":338.9655533109991,"rotx":24.293458308395277},"player_camera":{"posx":-0.010679331433739054,"posy":-0.23698307124892226,"posz":9.198900100475884,"roty":196.22545578684182,"rotx":-24.01679906431626},"flame1":{"posx":1.0624999999999987,"posy":0.062489375,"posz":10.5625,"roty":0,"rotx":0},"flame2":{"posx":-0.6875000000000013,"posy":0.062489375,"posz":10.5625,"roty":0,"rotx":0},"flame3":{"posx":1.062499999999999,"posy":0.062489375,"posz":8.8125,"roty":0,"rotx":0},"flame4":{"posx":-0.6875000000000011,"posy":0.062489375,"posz":8.8125,"roty":0,"rotx":0}},"cameras":{}}