execute if entity @s[tag=aj.flame_of_lorian.bone.right_arm2] run data modify entity @s {} merge value {transformation:[0.5547175079050777f,0.01855852341787126f,-0.8318317544023722f,0.17488701131897766f,0.28936212554182905f,0.9330418502418922f,0.2137813509151371f,1.1408915601413696f,0.7801013054248116f,-0.359288862763285f,0.5122045161542121f,0.2893798938191126f,0f,0f,0f,1f],start_interpolation:0}
execute if entity @s[tag=aj.flame_of_lorian.bone.right_arm] run data modify entity @s {} merge value {transformation:[0.5547175079050777f,0.01855852341787126f,-0.8318317544023722f,0.17952664217344547f,0.28936212554182905f,0.9330418502418922f,0.2137813509151371f,1.3741520227018427f,0.7801013054248116f,-0.359288862763285f,0.5122045161542121f,0.19955767812829137f,0f,0f,0f,1f],start_interpolation:0}
execute if entity @s[tag=aj.flame_of_lorian.locator_origin.lorians_greatsword0] at @s on origin run tp @s ^-0.34818 ^0.92792 ^-0.74915 ~-74.93979 ~-48.00807
execute if entity @s[tag=aj.flame_of_lorian.locator_origin.lorians_greatsword1] at @s on origin run tp @s ^0.62089 ^2.04278 ^-0.48839 ~-74.93979 ~-48.00807
execute if entity @s[tag=aj.flame_of_lorian.locator_origin.lorians_greatsword2] at @s on origin run tp @s ^-1.2365 ^-0.09403 ^-0.98817 ~-74.93979 ~-48.00807
execute if entity @s[tag=aj.flame_of_lorian.locator_origin.slash0] at @s on origin run tp @s ^-1.28115 ^-0.0182 ^-0.91269 ~-74.93979 ~-48.00807
execute if entity @s[tag=aj.flame_of_lorian.locator_origin.slash1] at @s on origin run tp @s ^-1.28115 ^-0.01819 ^-0.91268 ~-74.93979 ~-48.00807
execute if entity @s[tag=aj.flame_of_lorian.bone.lorian_slash] run data modify entity @s {} merge value {transformation:[0.000008237008968799247f,-0.0000079524757886228f,-0.000009690707511801653f,-1.281155828009622f,-0.000009161270676877434f,0.000004096360601289167f,-0.000011148585085525041f,-0.018199074870137055f,0.000008557032361333366f,0.000012040679326997038f,-0.000002607534949242207f,-0.9126881751407367f,0f,0f,0f,1f],start_interpolation:0}
execute if entity @s[tag=aj.flame_of_lorian.bone.flame_of_lorian] run data modify entity @s {} merge value {transformation:[0.9609843796932453f,-0.9277888420059934f,-1.1305825430435261f,0.14488383538450095f,-1.0688149123023674f,0.4779087368170694f,-1.3006682599779213f,1.5986452178741444f,0.9983204421555593f,1.4047459214829878f,-0.30421241074492417f,-0.5056874254776486f,0f,0f,0f,1f],start_interpolation:0}
execute if entity @s[tag=aj.flame_of_lorian.bone.left_arm2] run data modify entity @s {} merge value {transformation:[0.549133931253283f,-0.6839977293730699f,-0.48020727999354546f,-0.0928290649996773f,-0.6107513784584956f,0.06377128804145973f,-0.7892502622949072f,1.460306272995438f,0.570468824088891f,0.7266913574785497f,-0.38273357797379126f,-0.5345312134056917f,0f,0f,0f,1f],start_interpolation:0}
execute if entity @s[tag=aj.flame_of_lorian.bone.left_arm] run data modify entity @s {} merge value {transformation:[0.549133931253283f,-0.74082566171219f,-0.386819421041667f,-0.20939373902106442f,-0.6107513784584956f,-0.03979211561413691f,-0.7908219402912378f,1.3740143217845917f,0.570468824088891f,0.6705176556091916f,-0.47431149496822345f,-0.29559319649228244f,0f,0f,0f,1f],start_interpolation:0}
execute if entity @s[tag=aj.flame_of_lorian.bone.head] run data modify entity @s {} merge value {transformation:[0.9802619124157161f,-0.07196555098365143f,-0.18414000797953328f,-0.026055141035575165f,0.05197498330765094f,0.9924403894008635f,-0.11117857075907894f,1.5173055274246736f,0.19074900832573827f,0.09941344455093379f,0.9765919223837897f,-0.04226554033345137f,0f,0f,0f,1f],start_interpolation:0}
execute if entity @s[tag=aj.flame_of_lorian.bone.body_top] run data modify entity @s {} merge value {transformation:[0.6176970760148098f,-0.06742078795922639f,-0.783520746141231f,0.0004917942233702277f,0.00021870145681038918f,0.9963329491118516f,-0.08556054396597317f,1.124999428711882f,0.7864160949856172f,0.05267914070139595f,0.615446694428149f,-0.06300795198462603f,0f,0f,0f,1f],start_interpolation:0}
execute if entity @s[tag=aj.flame_of_lorian.locator_origin.player_camera] at @s on origin run tp @s ^-0.04411 ^0.1251 ^-0.01694 ~-135.92593 ~0.09259
execute if entity @s[tag=aj.flame_of_lorian.bone.body] run data modify entity @s {} merge value {transformation:[0.7184411197427077f,0.0011241010819891236f,-0.6955868701029381f,-1.3877787807814457e-17f,0f,0.9999986941985876f,0.0016160449002868473f,0.6875f,0.6955877784024417f,-0.0011610331077165751f,0.7184401816012789f,-0.06250000000000003f,0f,0f,0f,1f],start_interpolation:0}
execute if entity @s[tag=aj.flame_of_lorian.bone.right_leg2] run data modify entity @s {} merge value {transformation:[0.8185757761235376f,-0.1373158291525678f,-0.5577437241313351f,0.07096272605373018f,0.05593276540376475f,0.9854456336864711f,-0.16052547711362544f,0.4070841955693977f,0.5716688066512248f,0.10020611813862705f,0.8143423784806684f,0.02296223967726397f,0f,0f,0f,1f],start_interpolation:0}
execute if entity @s[tag=aj.flame_of_lorian.bone.right_leg] run data modify entity @s {} merge value {transformation:[0.8185757761235376f,-0.02354845510603178f,-0.5739156462459158f,0.0625f,0.05593276540376475f,0.9976787601547195f,0.038840922883336126f,0.765625f,0.5716688066512248f,-0.0638949277976042f,0.8179927956306849f,-3.8270212473354783e-17f,0f,0f,0f,1f],start_interpolation:0}
execute if entity @s[tag=aj.flame_of_lorian.bone.left_leg2] run data modify entity @s {} merge value {transformation:[0.5546919014761776f,0.0869284678813389f,-0.8275024688232329f,-0.16383963509642427f,-0.1075154885809566f,0.9936780891259739f,0.03231524262869437f,0.41449587830665247f,0.825080186498222f,0.07104432885710316f,0.5605313454083573f,-0.14026640983797606f,0f,0f,0f,1f],start_interpolation:0}
execute if entity @s[tag=aj.flame_of_lorian.bone.left_leg] run data modify entity @s {} merge value {transformation:[0.5546919014761776f,0.212423332442224f,-0.8044832019817958f,-0.08750000000000002f,-0.1075154885809566f,0.9770549473206191f,0.18385877632438552f,0.765625f,0.825080186498222f,-0.015490569726211472f,0.5648032649495014f,-0.14583333333333331f,0f,0f,0f,1f],start_interpolation:0}