execute if entity @s[tag=aj.flame_of_lorian.bone.right_arm2] run data modify entity @s {} merge value {transformation:[-0.3542691935757673f,-0.9333815802236984f,0.057377383891979786f,-0.05616348327195461f,-0.6550366599025672f,0.2914755714887091f,0.6971147433593836f,0.8415030234630781f,-0.6673981665144609f,0.20938198806115707f,-0.7146599683826523f,-0.4857650180717047f,0f,0f,0f,1f],start_interpolation:0}
execute if entity @s[tag=aj.flame_of_lorian.bone.right_arm] run data modify entity @s {} merge value {transformation:[-0.6366693678938969f,-0.7710837468730388f,0.009053799965848638f,-0.24893441999021432f,-0.5379247868554877f,0.45250563813942196f,0.7112493030847292f,0.9546294329979337f,-0.5525296731145433f,0.4479603807930678f,-0.7028815387870605f,-0.3737749228734377f,0f,0f,0f,1f],start_interpolation:0}
execute if entity @s[tag=aj.flame_of_lorian.locator_origin.lorians_greatsword0] at @s on origin run tp @s ^0.33903 ^1.39789 ^-0.44408 ~150.25867 ~78.87363
execute if entity @s[tag=aj.flame_of_lorian.locator_origin.lorians_greatsword1] at @s on origin run tp @s ^0.19543 ^-0.07391 ^-0.69541 ~150.25867 ~78.87363
execute if entity @s[tag=aj.flame_of_lorian.locator_origin.lorians_greatsword2] at @s on origin run tp @s ^0.47066 ^2.74705 ^-0.21369 ~150.25867 ~78.87363
execute if entity @s[tag=aj.flame_of_lorian.locator_origin.slash0] at @s on origin run tp @s ^0.48458 ^2.82529 ^-0.09026 ~150.25867 ~78.87363
execute if entity @s[tag=aj.flame_of_lorian.locator_origin.slash1] at @s on origin run tp @s ^0.48458 ^2.82528 ^-0.09026 ~150.25867 ~78.87363
execute if entity @s[tag=aj.flame_of_lorian.bone.lorian_slash] run data modify entity @s {} merge value {transformation:[-0.00001457982277873623f,-0.0000032197449521309414f,0.000001435970119421555f,0.48458115732759116f,0.0000019266492991468566f,-0.000002160268072793886f,0.00001471805912244425f,2.82529701472948f,-0.000002952421077478814f,0.000014490220298425237f,0.0000025133096674234383f,-0.09026204554034373f,0f,0f,0f,1f],start_interpolation:0}
execute if entity @s[tag=aj.flame_of_lorian.bone.flame_of_lorian] run data modify entity @s {} merge value {transformation:[-1.7009793241858933f,-0.37563691108194314f,0.16752984726584808f,0.23160259453844156f,0.22477575156713325f,-0.2520312751592867f,1.7171068976184956f,0.5377953731453251f,-0.3444491257058616f,1.6905257014829442f,0.2932194611994011f,-0.47486257082850686f,0f,0f,0f,1f],start_interpolation:0}
execute if entity @s[tag=aj.flame_of_lorian.bone.left_arm2] run data modify entity @s {} merge value {transformation:[-0.9911965456279862f,-0.12628806700586276f,0.039758421335236216f,0.2962834805302461f,0.006728334713437728f,0.2518586206504374f,0.9677406495110368f,0.704455395320714f,-0.13222759714647844f,0.9594886968255445f,-0.24879168639021465f,-0.32101263767039084f,0f,0f,0f,1f],start_interpolation:0}
execute if entity @s[tag=aj.flame_of_lorian.bone.left_arm] run data modify entity @s {} merge value {transformation:[-0.9933497629806189f,0.000006021239178033433f,0.11513578223164521f,0.17211626546746328f,0.011893330909944258f,0.9946557862157949f,0.10255932735400375f,0.9546060082384058f,-0.11451985446294764f,0.10324663147620733f,-0.988041161097351f,-0.30951596160920747f,0f,0f,0f,1f],start_interpolation:0}
execute if entity @s[tag=aj.flame_of_lorian.bone.head] run data modify entity @s {} merge value {transformation:[-0.8146730388455705f,0.037700520285191975f,0.5786937968808284f,-0.057995255653507605f,-0.37401194594704495f,0.7284625321165691f,-0.5739838008090656f,1.0537045611031879f,-0.44319623652173357f,-0.6840475203321348f,-0.5793583397694635f,-0.44342112610896633f,0f,0f,0f,1f],start_interpolation:0}
execute if entity @s[tag=aj.flame_of_lorian.bone.body_top] run data modify entity @s {} merge value {transformation:[-0.9885537832484604f,0.10594139240142836f,0.10741433331358799f,-0.09970967891157002f,0.00005499726150009225f,0.712224461407743f,-0.7019517886206657f,0.7732661794238891f,-0.15086886557688842f,-0.6939111888048045f,-0.7040780123331829f,-0.17019359551707453f,0f,0f,0f,1f],start_interpolation:0}
execute if entity @s[tag=aj.flame_of_lorian.locator_origin.player_camera] at @s on origin run tp @s ^-0.16931 ^-0.11631 ^0.28556 ~8.67539 ~-30.9727
execute if entity @s[tag=aj.flame_of_lorian.bone.body] run data modify entity @s {} merge value {transformation:[-0.9885537832484604f,0.07768818974243229f,0.12932889390890126f,-0.13369826192388415f,0.00005499726150009225f,0.8574126429159793f,-0.5146295334929163f,0.39814814814814814f,-0.15086886557688842f,-0.5087318595708149f,-0.8476027845973393f,0.052376593045156995f,0f,0f,0f,1f],start_interpolation:0}
execute if entity @s[tag=aj.flame_of_lorian.bone.right_leg2] run data modify entity @s {} merge value {transformation:[-0.988245654276918f,0.15277427738253152f,0.005526931610903632f,-0.2899824106718339f,-0.006076098268034792f,-0.0031279818169883677f,-0.9999766481071395f,0.19616575555093752f,-0.1527534216723916f,-0.988256159049868f,0.004019485959500135f,0.2563111616500908f,0f,0f,0f,1f],start_interpolation:0}
execute if entity @s[tag=aj.flame_of_lorian.bone.right_leg] run data modify entity @s {} merge value {transformation:[-0.988245654276918f,0.0910171652978325f,0.12282671706079797f,-0.2572731168929253f,-0.006076098268034792f,0.7794292663574557f,-0.6264607727346667f,0.47627314814814814f,-0.1527534216723916f,-0.6198434434327957f,-0.7697145560535744f,0.033554924166429835f,0f,0f,0f,1f],start_interpolation:0}
execute if entity @s[tag=aj.flame_of_lorian.bone.left_leg2] run data modify entity @s {} merge value {transformation:[-0.9884504225673927f,0.012447364565349103f,0.15103253040891584f,0.03825289413428714f,0.0061656833104716015f,0.9990990557727135f,-0.04198882117168236f,0.4175958506923301f,-0.1514191086873046f,-0.04057264927817557f,-0.9876366303731816f,-0.24680071720013613f,0f,0f,0f,1f],start_interpolation:0}
execute if entity @s[tag=aj.flame_of_lorian.bone.left_leg] run data modify entity @s {} merge value {transformation:[-0.9884504225673927f,-0.1483947738342676f,0.03073683824044625f,-0.01507647771240278f,0.0061656833104716015f,0.1632759581379286f,0.9865611718709876f,0.47627314814814814f,-0.1514191086873046f,0.9753563208350156f,-0.1604752346361403f,0.10371796059994759f,0f,0f,0f,1f],start_interpolation:0}