execute if entity @s[tag=aj.flame_of_lorian.bone.right_arm2] run data modify entity @s {} merge value {transformation:[-0.41635909792640663f,-0.9012523631702418f,0.11995532274127453f,-0.1289154849413704f,-0.6383747628976566f,0.38372622183245425f,0.6672569585800894f,0.8048958701397912f,-0.6473969135462956f,0.2012420546462507f,-0.7351046672226247f,-0.4986192590367833f,0f,0f,0f,1f],start_interpolation:0}
execute if entity @s[tag=aj.flame_of_lorian.bone.right_arm] run data modify entity @s {} merge value {transformation:[-0.668100541712878f,-0.7343380602345186f,0.11995532274127453f,-0.31250000000000006f,-0.4934401319784932f,0.5579291956686766f,0.6672569585800894f,0.9443781690569604f,-0.5569187573749032f,0.38660396520406787f,-0.7351046672226247f,-0.4019682677357663f,0f,0f,0f,1f],start_interpolation:0}
execute if entity @s[tag=aj.flame_of_lorian.locator_origin.lorians_greatsword0] at @s on origin run tp @s ^0.24147 ^1.26574 ^-0.74814 ~3.1086 ~79.97402
execute if entity @s[tag=aj.flame_of_lorian.locator_origin.lorians_greatsword1] at @s on origin run tp @s ^0.2273 ^-0.21136 ^-0.48739 ~3.1086 ~79.97402
execute if entity @s[tag=aj.flame_of_lorian.locator_origin.lorians_greatsword2] at @s on origin run tp @s ^0.25445 ^2.61974 ^-0.98717 ~3.1086 ~79.97402
execute if entity @s[tag=aj.flame_of_lorian.locator_origin.slash0] at @s on origin run tp @s ^0.29636 ^2.3266 ^-0.51587 ~3.1086 ~79.97402
execute if entity @s[tag=aj.flame_of_lorian.locator_origin.slash1] at @s on origin run tp @s ^0.3165 ^1.63967 ^0.2679 ~3.1086 ~79.97402
execute if entity @s[tag=aj.flame_of_lorian.bone.lorian_slash] run data modify entity @s {} merge value {transformation:[-0.000014985723369090301f,0.09534391734002812f,0.014161379155235859f,0.2869202371575734f,2.5038545796606034e-7f,0.3879828869291584f,1.477093374136077f,2.66373348351122f,6.044850929013791e-7f,2.202953080223566f,-0.26075777921994947f,-0.889638311124836f,0f,0f,0f,1f],start_interpolation:0}
execute if entity @s[tag=aj.flame_of_lorian.bone.flame_of_lorian] run data modify entity @s {} merge value {transformation:[-1.748334393060535f,0.07452440189108898f,0.016521609014441843f,0.2383422643634482f,0.02921163676270704f,0.30326205802155065f,1.7232756031587573f,0.4397927206802556f,0.07052326083849422f,1.721911216551919f,-0.3042174090899412f,-0.4834442756551738f,0f,0f,0f,1f],start_interpolation:0}
execute if entity @s[tag=aj.flame_of_lorian.bone.left_arm2] run data modify entity @s {} merge value {transformation:[-0.99904822460602f,0.042585372509193704f,0.00944091943682391f,0.30865136368070734f,0.016692363864404022f,0.17329260458374324f,0.9847289160907184f,0.6925607116937709f,0.040299006193425274f,0.9839492666010966f,-0.1738385194799664f,-0.39602560457492186f,0f,0f,0f,1f],start_interpolation:0}
execute if entity @s[tag=aj.flame_of_lorian.bone.left_arm] run data modify entity @s {} merge value {transformation:[-0.99904822460602f,0.0149186575801807f,-0.04098876147878473f,0.18749999999999997f,0.016692363864404022f,0.9989236475205558f,-0.04327714654233594f,0.9443781690569604f,0.040299006193425274f,-0.04392015574009045f,-0.9982219242330779f,-0.4019682677357663f,0f,0f,0f,1f],start_interpolation:0}
execute if entity @s[tag=aj.flame_of_lorian.bone.head] run data modify entity @s {} merge value {transformation:[-0.8888766036568183f,-0.06058527052229354f,0.4541231203839549f,-0.12500000000000006f,-0.3397445473479719f,0.7521585267526526f,-0.5646513908427047f,1.0503617862234158f,-0.3073630199273184f,-0.6561912645174574f,-0.6891596319809651f,-0.4990843600805175f,0f,0f,0f,1f],start_interpolation:0}
execute if entity @s[tag=aj.flame_of_lorian.bone.body_top] run data modify entity @s {} merge value {transformation:[-1f,-8.27359385291814e-17f,-9.029043306084037e-17f,-0.12500000000000003f,0f,0.7372773368101242f,-0.6755902076156601f,0.7600588348544293f,1.2246467991473532e-16f,-0.6755902076156601f,-0.7372773368101242f,-0.2330707158318513f,0f,0f,0f,1f],start_interpolation:0}
execute if entity @s[tag=aj.flame_of_lorian.locator_origin.player_camera] at @s on origin run tp @s ^-0.125 ^-0.01944 ^0.39644 ~0 ~-42.5
execute if entity @s[tag=aj.flame_of_lorian.bone.body] run data modify entity @s {} merge value {transformation:[-1f,-8.27359385291814e-17f,-9.029043306084037e-17f,-0.125f,0f,0.7372773368101242f,-0.6755902076156601f,0.4375f,1.2246467991473532e-16f,-0.6755902076156601f,-0.7372773368101242f,0.0625f,0f,0f,0f,1f],start_interpolation:0}
execute if entity @s[tag=aj.flame_of_lorian.bone.right_leg2] run data modify entity @s {} merge value {transformation:[-1f,-1.16796641102639e-16f,-3.6825839484795426e-17f,-0.24999999999999997f,0f,0.3007057995042734f,-0.9537169507482268f,0.25066595708386163f,1.2246467991473532e-16f,-0.9537169507482268f,-0.3007057995042734f,0.3052902308618779f,0f,0f,0f,1f],start_interpolation:0}
execute if entity @s[tag=aj.flame_of_lorian.bone.right_leg] run data modify entity @s {} merge value {transformation:[-1f,-8.27359385291814e-17f,-9.029043306084037e-17f,-0.25f,0f,0.7372773368101242f,-0.6755902076156601f,0.515625f,1.2246467991473532e-16f,-0.6755902076156601f,-0.7372773368101242f,0.06250000000000001f,0f,0f,0f,1f],start_interpolation:0}
execute if entity @s[tag=aj.flame_of_lorian.bone.left_leg2] run data modify entity @s {} merge value {transformation:[-1f,-5.654789612090132e-17f,-1.0862749776607362e-16f,-2.6009492504756414e-17f,0f,0.8870108331782218f,-0.46174861323503363f,0.3637465621869362f,1.2246467991473532e-16f,-0.46174861323503363f,-0.8870108331782218f,-0.18096751886103296f,0f,0f,0f,1f],start_interpolation:0}
execute if entity @s[tag=aj.flame_of_lorian.bone.left_leg] run data modify entity @s {} merge value {transformation:[-1f,1.1099069304367546e-16f,-5.175581015019657e-17f,1.3877787807814457e-17f,0f,0.4226182617406993f,0.90630778703665f,0.515625f,1.2246467991473532e-16f,0.90630778703665f,-0.4226182617406993f,0.14473684210526316f,0f,0f,0f,1f],start_interpolation:0}