execute if entity @s[tag=aj.flame_of_lorian.bone.right_arm2] run data modify entity @s {} merge value {transformation:[0.5801107832917702f,0.05897502382313308f,-0.812399794235369f,0.17416631071310917f,0.26891243267538995f,0.9275876330480017f,0.25935937725289515f,1.1428280256438939f,0.7688677276757121f,-0.3689215764650621f,0.5222444712558676f,0.28186746668587503f,0f,0f,0f,1f],start_interpolation:0}
execute if entity @s[tag=aj.flame_of_lorian.bone.right_arm] run data modify entity @s {} merge value {transformation:[0.5801107832917702f,0.05897502382313308f,-0.812399794235369f,0.18891006666889246f,0.26891243267538995f,0.9275876330480017f,0.25935937725289515f,1.3747249339058942f,0.7688677276757121f,-0.3689215764650621f,0.5222444712558676f,0.1896370725696095f,0f,0f,0f,1f],start_interpolation:0}
execute if entity @s[tag=aj.flame_of_lorian.locator_origin.lorians_greatsword0] at @s on origin run tp @s ^-0.36989 ^0.92353 ^-0.72754 ~-79.27726 ~-46.46
execute if entity @s[tag=aj.flame_of_lorian.locator_origin.lorians_greatsword1] at @s on origin run tp @s ^0.64536 ^2.01087 ^-0.53529 ~-79.27726 ~-46.46
execute if entity @s[tag=aj.flame_of_lorian.locator_origin.lorians_greatsword2] at @s on origin run tp @s ^-1.30054 ^-0.0732 ^-0.90377 ~-79.27726 ~-46.46
execute if entity @s[tag=aj.flame_of_lorian.locator_origin.slash0] at @s on origin run tp @s ^-1.3403 ^0.00694 ^-0.83002 ~-79.27726 ~-46.46
execute if entity @s[tag=aj.flame_of_lorian.locator_origin.slash1] at @s on origin run tp @s ^-1.34029 ^0.00695 ^-0.83001 ~-79.27726 ~-46.46
execute if entity @s[tag=aj.flame_of_lorian.bone.lorian_slash] run data modify entity @s {} merge value {transformation:[0.000008144593017780642f,-0.000007456042857359981f,-0.000010152488832002234f,-1.34029808311272f,-0.000009137545924733416f,0.00000482434611316471f,-0.000010873405126903918f,0.006935933597308042f,0.000008670112977816762f,0.000012088552828589696f,-0.000001922506557151259f,-0.8300192765338912f,0f,0f,0f,1f],start_interpolation:0}
execute if entity @s[tag=aj.flame_of_lorian.bone.flame_of_lorian] run data modify entity @s {} merge value {transformation:[0.9502025187410749f,-0.8698716666919977f,-1.1844570304002606f,0.15350990526947234f,-1.0660470245522318f,0.5628403798692162f,-1.2685639314721238f,1.5841719735947528f,1.0115131807452888f,1.4103311633354645f,-0.22429243166764687f,-0.5229551679864656f,0f,0f,0f,1f],start_interpolation:0}
execute if entity @s[tag=aj.flame_of_lorian.bone.left_arm2] run data modify entity @s {} merge value {transformation:[0.5429728678520428f,-0.6579413009131571f,-0.5218176974090002f,-0.09010975082904342f,-0.609169728315561f,0.11910732867299707f,-0.7840444415722418f,1.4543036077103635f,0.5780075318544508f,0.743590403924826f,-0.33612587569308155f,-0.5391020403216688f,0f,0f,0f,1f],start_interpolation:0}
execute if entity @s[tag=aj.flame_of_lorian.bone.left_arm] run data modify entity @s {} merge value {transformation:[0.5429728678520428f,-0.73610481244228f,-0.4041412746501452f,-0.20626434545810807f,-0.609169728315561f,-0.014009557502754351f,-0.792916120660012f,1.3746550022952297f,0.5780075318544508f,0.6767225704806168f,-0.45601957822184935f,-0.2976704562197082f,0f,0f,0f,1f],start_interpolation:0}
execute if entity @s[tag=aj.flame_of_lorian.bone.head] run data modify entity @s {} merge value {transformation:[0.9904616172941931f,-0.030417330996957162f,-0.13438962252344167f,-0.015001813370333518f,0.020535894112970767f,0.9970235616659394f,-0.07431214258750293f,1.518261577364659f,0.13624999713744013f,0.07084351387379131f,0.9881382164566157f,-0.05045373365385633f,0f,0f,0f,1f],start_interpolation:0}
execute if entity @s[tag=aj.flame_of_lorian.bone.body_top] run data modify entity @s {} merge value {transformation:[0.6298598446364216f,-0.038738569468571994f,-0.7757421603536265f,0.0002514983579167064f,0.00011146246334940807f,0.998759951649619f,-0.049785003334036945f,1.1249998464026216f,0.7767088023775077f,0.031271108333083227f,0.6290831058714886f,-0.06276673256000785f,0f,0f,0f,1f],start_interpolation:0}
execute if entity @s[tag=aj.flame_of_lorian.locator_origin.player_camera] at @s on origin run tp @s ^-0.0432 ^0.12505 ^-0.01668 ~-136.68381 ~0.04801
execute if entity @s[tag=aj.flame_of_lorian.bone.body] run data modify entity @s {} merge value {transformation:[0.7275789789573913f,0.000574853389523932f,-0.6860236868526484f,-1.3877787807814457e-17f,5.421010862427522e-20f,0.9999996489202777f,0.0008379494742257155f,0.6875f,0.6860239277017384f,-0.0006096744228750289f,0.7275787235191654f,-0.06250000000000003f,0f,0f,0f,1f],start_interpolation:0}
execute if entity @s[tag=aj.flame_of_lorian.bone.right_leg2] run data modify entity @s {} merge value {transformation:[0.8167233293754946f,-0.12743366963357733f,-0.5627820742503509f,0.06933043047685122f,0.04622136252973885f,0.9866230076214494f,-0.1563285849673691f,0.4068247650863686f,0.5751752679833353f,0.10166464811194573f,0.8116881854656828f,0.01913445244640715f,0f,0f,0f,1f],start_interpolation:0}
execute if entity @s[tag=aj.flame_of_lorian.bone.right_leg] run data modify entity @s {} merge value {transformation:[0.8167233293754946f,-0.019006415239933835f,-0.5767163596028244f,0.0625f,0.04622136252973885f,0.9984006536727135f,0.032553346860082974f,0.765625f,0.5751752679833353f,-0.053243693763915655f,0.8162956083274445f,-3.8270212473354783e-17f,0f,0f,0f,1f],start_interpolation:0}
execute if entity @s[tag=aj.flame_of_lorian.bone.left_leg2] run data modify entity @s {} merge value {transformation:[0.5290289820587342f,0.08519594135777393f,-0.8443162841720288f,-0.15521418015515862f,-0.10873610431992099f,0.9935514934007826f,0.03212303812533779f,0.4139453516159485f,0.8416084575140785f,0.07481364539465643f,0.534881409943864f,-0.13783267326453946f,0f,0f,0f,1f],start_interpolation:0}
execute if entity @s[tag=aj.flame_of_lorian.bone.left_leg] run data modify entity @s {} merge value {transformation:[0.5290289820587342f,0.20581337086652818f,-0.8232673882247834f,-0.08125000000000004f,-0.10873610431992099f,0.9785868476773608f,0.17476910816907276f,0.765625f,0.8416084575140785f,-0.002939034780798414f,0.5400801480477972f,-0.1388888888888889f,0f,0f,0f,1f],start_interpolation:0}