execute if entity @s[tag=aj.flame_of_lorian.bone.right_arm2] run data modify entity @s {} merge value {transformation:[-0.35342705563841414f,-0.9345936053165618f,0.04030023876048006f,-0.05647572715843688f,-0.656360955830281f,0.2784457121003818f,0.7011834860252139f,0.8272916520683581f,-0.6665430308722171f,0.22136571169515315f,-0.7118410002812264f,-0.5024503967768374f,0f,0f,0f,1f],start_interpolation:0}
execute if entity @s[tag=aj.flame_of_lorian.bone.right_arm] run data modify entity @s {} merge value {transformation:[-0.635232258842634f,-0.7722979750426112f,-0.005984569388590182f,-0.24955022091908968f,-0.5433567848400818f,0.4413894481389745f,0.7140999645986692f,0.9376390141031017f,-0.5488564308577736f,0.45687108993309433f,-0.7000181608282835f,-0.3882326242935638f,0f,0f,0f,1f],start_interpolation:0}
execute if entity @s[tag=aj.flame_of_lorian.locator_origin.lorians_greatsword0] at @s on origin run tp @s ^0.34439 ^1.3806 ^-0.47633 ~142.61341 ~79.09721
execute if entity @s[tag=aj.flame_of_lorian.locator_origin.lorians_greatsword1] at @s on origin run tp @s ^0.17212 ^-0.09232 ^-0.70176 ~142.61341 ~79.09721
execute if entity @s[tag=aj.flame_of_lorian.locator_origin.lorians_greatsword2] at @s on origin run tp @s ^0.50231 ^2.73078 ^-0.26969 ~142.61341 ~79.09721
execute if entity @s[tag=aj.flame_of_lorian.locator_origin.slash0] at @s on origin run tp @s ^0.51905 ^2.80598 ^-0.14849 ~142.61341 ~79.09721
execute if entity @s[tag=aj.flame_of_lorian.locator_origin.slash1] at @s on origin run tp @s ^0.51905 ^2.80597 ^-0.14849 ~142.61341 ~79.09721
execute if entity @s[tag=aj.flame_of_lorian.bone.lorian_slash] run data modify entity @s {} merge value {transformation:[-0.000014593297254672324f,-0.000003011315311857129f,0.0000017226884016989417f,0.5190498168983894f,0.0000021263290744587387f,-0.0000018783343602886837f,0.000014729242502520978f,2.8059828195160366f,-0.0000027412405775277543f,0.00001457408110734717f,0.0000022542759308881444f,-0.14849454805012713f,0f,0f,0f,1f],start_interpolation:0}
execute if entity @s[tag=aj.flame_of_lorian.bone.flame_of_lorian] run data modify entity @s {} merge value {transformation:[-1.7025513463784376f,-0.35132011971666505f,0.20098031353154316f,0.22217074678028773f,0.2480717253535195f,-0.21913900870034642f,1.7184116252941137f,0.5220619123898531f,-0.31981140071157127f,1.7003094625238364f,0.2629988586036168f,-0.49162195991366764f,0f,0f,0f,1f],start_interpolation:0}
execute if entity @s[tag=aj.flame_of_lorian.bone.left_arm2] run data modify entity @s {} merge value {transformation:[-0.9921627464349525f,-0.12009927106068086f,0.03448549952292084f,0.29540613307321356f,0.007518502800263606f,0.21810846714988694f,0.9758955726270968f,0.6873724415367914f,-0.12472592634370247f,0.9685065108961426f,-0.21549612908237f,-0.3391115362370648f,0f,0f,0f,1f],start_interpolation:0}
execute if entity @s[tag=aj.flame_of_lorian.bone.left_arm] run data modify entity @s {} merge value {transformation:[-0.9940979722469759f,0.001335973960451986f,0.10847781684762849f,0.17147788003245457f,0.012470661759095837f,0.9947029912171732f,0.10203157285320319f,0.9376070220609718f,-0.10776689737456888f,0.1027821698408109f,-0.9888488870363732f,-0.32688685594868316f,0f,0f,0f,1f],start_interpolation:0}
execute if entity @s[tag=aj.flame_of_lorian.bone.head] run data modify entity @s {} merge value {transformation:[-0.8189355445681374f,0.034142612995249434f,0.5728689691550284f,-0.05855952703696983f,-0.3754376994303888f,0.7231053977386035f,-0.5797974798218023f,1.036087703243314f,-0.43404044476212733f,-0.6898933727317234f,-0.5793582886017443f,-0.4600102460815866f,0f,0f,0f,1f],start_interpolation:0}
execute if entity @s[tag=aj.flame_of_lorian.bone.body_top] run data modify entity @s {} merge value {transformation:[-0.9895511484769239f,0.10205809655632857f,0.10184630319898669f,-0.09874490255602421f,0.00007519156550411018f,0.7067371241440887f,-0.7074762410871276f,0.7578099606115791f,-0.1441822419517372f,-0.7000762689049259f,-0.6993602067761139f,-0.184355215200272f,0f,0f,0f,1f],start_interpolation:0}
execute if entity @s[tag=aj.flame_of_lorian.locator_origin.player_camera] at @s on origin run tp @s ^-0.17028 ^-0.11295 ^0.30613 ~8.28711 ~-33.22656
execute if entity @s[tag=aj.flame_of_lorian.bone.body] run data modify entity @s {} merge value {transformation:[-0.9895511484769239f,0.07906705168650967f,0.12056917469072936f,-0.1333367376688722f,0.00007519156550411018f,0.8365103993873133f,-0.5479510434912102f,0.39183666087962954f,-0.1441822419517372f,-0.5422165186108594f,-0.8277757716020023f,0.05286451169197898f,0f,0f,0f,1f],start_interpolation:0}
execute if entity @s[tag=aj.flame_of_lorian.bone.right_leg2] run data modify entity @s {} merge value {transformation:[-0.9892871779593465f,0.14589903261057063f,0.004934755164315671f,-0.288895190676183f,-0.005815020121897332f,-0.00560751286416894f,-0.9999673701378761f,0.19325735333949395f,-0.14586660024218712f,-0.989283593355706f,0.006395846387160231f,0.2619830944008669f,0f,0f,0f,1f],start_interpolation:0}
execute if entity @s[tag=aj.flame_of_lorian.bone.right_leg] run data modify entity @s {} merge value {transformation:[-0.9892871779593465f,0.08864613188580078f,0.11598595961114133f,-0.25703798702972336f,-0.005815020121897332f,0.7699598122855946f,-0.638065884533967f,0.46996166087962954f,-0.14586660024218712f,-0.6319048589517389f,-0.76119589079748f,0.03489228571508577f,0f,0f,0f,1f],start_interpolation:0}
execute if entity @s[tag=aj.flame_of_lorian.bone.left_leg2] run data modify entity @s {} merge value {transformation:[-0.9894240429323324f,0.014955638118253406f,0.14427886940198056f,0.036470739919998656f,0.0057783407131618905f,0.9979447881679653f,-0.06381857525044901f,0.4204881060074243f,-0.14493679327914133f,-0.06230994027336613f,-0.9874769857050283f,-0.24559096916306147f,0f,0f,0f,1f],start_interpolation:0}
execute if entity @s[tag=aj.flame_of_lorian.bone.left_leg] run data modify entity @s {} merge value {transformation:[-0.9894240429323324f,-0.14277207567308542f,0.025616355623637913f,-0.014837974775016416f,0.0057783407131618905f,0.1376655439922233f,0.9904619168730958f,0.46996166087962954f,-0.14493679327914133f,0.9801348541937092f,-0.13538461341170005f,0.10664499406280278f,0f,0f,0f,1f],start_interpolation:0}