execute if entity @s[tag=aj.flame_of_lorian.bone.right_arm2] run data modify entity @s {} merge value {transformation:[0.13617155305185624f,-0.4254486551484946f,0.8946791324110466f,0.13974070766422714f,-0.8449739063170705f,0.42157566368556293f,0.3290791051272437f,0.8958703505840506f,-0.5171812117456666f,-0.8007917342358213f,-0.30208639922523756f,-0.2622584137246477f,0f,0f,0f,1f],start_interpolation:0}
execute if entity @s[tag=aj.flame_of_lorian.bone.right_arm] run data modify entity @s {} merge value {transformation:[0.034914598629636306f,-0.4453428127080852f,0.8946791324110466f,0.028405004487205843f,-0.7256933819172129f,0.6042152414580507f,0.3290791051272437f,1.0469241609485633f,-0.6871317822980463f,-0.6607523902030479f,-0.30208639922523756f,-0.42744651127540967f,0f,0f,0f,1f],start_interpolation:0}
execute if entity @s[tag=aj.flame_of_lorian.locator_origin.lorians_greatsword0] at @s on origin run tp @s ^0.57445 ^0.5168 ^-0.15742 ~45.77047 ~-22.89735
execute if entity @s[tag=aj.flame_of_lorian.locator_origin.lorians_greatsword1] at @s on origin run tp @s ^-0.41568 ^1.10043 ^0.80644 ~45.77047 ~-22.89735
execute if entity @s[tag=aj.flame_of_lorian.locator_origin.lorians_greatsword2] at @s on origin run tp @s ^1.48207 ^-0.01818 ^-1.04096 ~45.77047 ~-22.89735
execute if entity @s[tag=aj.flame_of_lorian.locator_origin.slash0] at @s on origin run tp @s ^1.29802 ^0.66912 ^-0.8171 ~45.77047 ~-22.89735
execute if entity @s[tag=aj.flame_of_lorian.locator_origin.slash1] at @s on origin run tp @s ^0.84044 ^1.89456 ^-0.36167 ~45.77047 ~-22.89735
execute if entity @s[tag=aj.flame_of_lorian.bone.lorian_slash] run data modify entity @s {} merge value {transformation:[-0.000010428585581661255f,0.8560847601740569f,1.3057393402248851f,1.5250549906062385f,1.1262216505461092e-7f,2.7721543974019145f,-0.7696515503507344f,0.0819591636702044f,-0.000010781090808165258f,-0.7991350142422406f,-1.2710860639849637f,-1.0428367380021193f,0f,0f,0f,1f],start_interpolation:0}
execute if entity @s[tag=aj.flame_of_lorian.bone.flame_of_lorian] run data modify entity @s {} merge value {transformation:[-1.2166683178604796f,0.49782706718325237f,1.1551564463284931f,0.04052330611941188f,0.013139252589704607f,1.6120524013967528f,-0.6808923668189757f,0.959120972360143f,-1.25779392761928f,-0.4647098732872845f,-1.1244995194811693f,0.36367044918083213f,0f,0f,0f,1f],start_interpolation:0}
execute if entity @s[tag=aj.flame_of_lorian.bone.left_arm2] run data modify entity @s {} merge value {transformation:[-0.6867586010686224f,0.2794261509182503f,0.67103178020216f,0.2777759430730471f,0.002647725959155963f,0.9241156556881354f,-0.3821037090363464f,0.9908278821328221f,-0.7268807422167092f,-0.2606363004170732f,-0.6353842187994497f,0.22087738049906522f,0f,0f,0f,1f],start_interpolation:0}
execute if entity @s[tag=aj.flame_of_lorian.bone.left_arm] run data modify entity @s {} merge value {transformation:[-0.6867586010686224f,0.705255467488278f,0.17600383358370092f,0.3682449848115388f,0.002647725959155963f,0.24455968614804335f,-0.9696306252684141f,1.0522987694147274f,-0.7268807422167092f,-0.665436161843539f,-0.169820791145917f,-0.03634175273890819f,0f,0f,0f,1f],start_interpolation:0}
execute if entity @s[tag=aj.flame_of_lorian.bone.head] run data modify entity @s {} merge value {transformation:[-0.3603185498738025f,0.5798595666612627f,0.7307074829015046f,0.22535920378390778f,-0.14528198847238882f,0.738882167007179f,-0.6579865402151353f,1.1632696951771244f,-0.9214465184927167f,-0.3432433921143826f,-0.1819898000643535f,-0.33375945953784364f,0f,0f,0f,1f],start_interpolation:0}
execute if entity @s[tag=aj.flame_of_lorian.bone.body_top] run data modify entity @s {} merge value {transformation:[-0.6558674064794477f,0.4525949055578653f,0.6041488198953879f,0.04714995972049829f,-0.010372618642989958f,0.794849533556645f,-0.6067179145099236f,0.8502976913391955f,-0.7548048449105306f,-0.4041931103666301f,-0.5166213077600836f,-0.17460842233098303f,0f,0f,0f,1f],start_interpolation:0}
execute if entity @s[tag=aj.flame_of_lorian.locator_origin.player_camera] at @s on origin run tp @s ^-0.36923 ^0.01753 ^0.19557 ~46.79851 ~-37.35029
execute if entity @s[tag=aj.flame_of_lorian.bone.body] run data modify entity @s {} merge value {transformation:[-0.6777674907807109f,0.4525949055578653f,0.5794731054189538f,-0.15086031146106776f,0.01207851641716252f,0.794849533556645f,-0.6066863509639426f,0.5025510204081634f,-0.7351770792686476f,-0.4041931103666301f,-0.5441898489040105f,0.002226063454417649f,0f,0f,0f,1f],start_interpolation:0}
execute if entity @s[tag=aj.flame_of_lorian.bone.right_leg2] run data modify entity @s {} merge value {transformation:[-0.5629503205982159f,0.7314444163159315f,0.3848064479431341f,-0.41933700362948456f,0.09457134945892448f,0.5195405917784385f,-0.84919599231039f,0.2809101574592085f,-0.8210622366178363f,-0.44166349105937663f,-0.3616492282106519f,0.0035323841966028585f,0f,0f,0f,1f],start_interpolation:0}
execute if entity @s[tag=aj.flame_of_lorian.bone.right_leg] run data modify entity @s {} merge value {transformation:[-0.5629503205982159f,0.4949991436603308f,0.6618631159944666f,-0.2414466863765532f,0.09457134945892448f,0.8341310969014396f,-0.543398171733692f,0.5806760204081634f,-0.8210622366178363f,-0.2433128869532809f,-0.5163871054185766f,-0.08390818455223246f,0f,0f,0f,1f],start_interpolation:0}
execute if entity @s[tag=aj.flame_of_lorian.bone.left_leg2] run data modify entity @s {} merge value {transformation:[-0.5783284095016257f,0.3242001434687002f,0.7486190738541159f,0.12277424241728653f,-0.0593714447825351f,0.8984862821397659f,-0.4349683118930567f,0.36982522915102056f,-0.8136407575261667f,-0.2960011280072007f,-0.5003719115924777f,-0.005499716514052622f,0f,0f,0f,1f],start_interpolation:0}
execute if entity @s[tag=aj.flame_of_lorian.bone.left_leg] run data modify entity @s {} merge value {transformation:[-0.5783284095016257f,-0.6796489150951814f,0.4512356401851063f,-0.12147458644504429f,-0.0593714447825351f,0.5867152452372669f,0.8076139254313338f,0.5806760204081634f,-0.8136407575261667f,0.4402755650909058f,-0.37966583264250825f,0.15272431469049166f,0f,0f,0f,1f],start_interpolation:0}