execute if entity @s[tag=aj.flame_of_lorian.bone.right_arm2] run data modify entity @s {} merge value {transformation:[-0.3408885296205031f,-0.9261866158267346f,-0.16116253608265224f,-0.1491761092314119f,-0.3345772965211491f,-0.040682208138217005f,0.941489771900682f,0.9819717151383255f,-0.8785516735091741f,0.37486438961899204f,-0.2960129158834289f,-0.3607691116467421f,0f,0f,0f,1f],start_interpolation:0}
execute if entity @s[tag=aj.flame_of_lorian.bone.right_arm] run data modify entity @s {} merge value {transformation:[-0.6160580654423132f,-0.7710376754522974f,-0.16116253608265224f,-0.34193552809448624f,-0.3302921731965477f,0.06711251546100674f,0.941489771900682f,0.9987498440035771f,-0.7151080619938334f,0.6332430917914649f,-0.2960129158834289f,-0.20245833869887586f,0f,0f,0f,1f],start_interpolation:0}
execute if entity @s[tag=aj.flame_of_lorian.locator_origin.lorians_greatsword0] at @s on origin run tp @s ^0.29363 ^1.40534 ^0.04852 ~161.95812 ~10.22062
execute if entity @s[tag=aj.flame_of_lorian.locator_origin.lorians_greatsword1] at @s on origin run tp @s ^-0.16357 ^1.13918 ^-1.35509 ~161.95812 ~10.22062
execute if entity @s[tag=aj.flame_of_lorian.locator_origin.lorians_greatsword2] at @s on origin run tp @s ^0.71272 ^1.64932 ^1.33517 ~161.95812 ~10.22062
execute if entity @s[tag=aj.flame_of_lorian.locator_origin.slash0] at @s on origin run tp @s ^0.75712 ^1.55368 ^1.38789 ~161.95812 ~10.22062
execute if entity @s[tag=aj.flame_of_lorian.locator_origin.slash1] at @s on origin run tp @s ^0.75712 ^1.55367 ^1.38789 ~161.95812 ~10.22062
execute if entity @s[tag=aj.flame_of_lorian.bone.lorian_slash] run data modify entity @s {} merge value {transformation:[-0.00001427498812210348f,5.67333916505197e-7f,0.000004571963073012241f,0.7571221663835124f,2.6585353277070624e-7f,-0.000014759582906672977f,0.0000026615849263475535f,1.5536830224347709f,0.000004599351694849829f,0.0000026139710496159003f,0.000014036136196932978f,1.3878966505476877f,0f,0f,0f,1f],start_interpolation:0}
execute if entity @s[tag=aj.flame_of_lorian.bone.flame_of_lorian] run data modify entity @s {} merge value {transformation:[-1.6654152809120726f,0.06618895692560631f,0.533395691851428f,0.03612476777284179f,0.031016245489915727f,-1.7219513391118473f,0.3105182414072145f,1.1375473231081334f,0.5365910310658133f,0.304963289121855f,1.637549222975514f,-0.735212632743524f,0f,0f,0f,1f],start_interpolation:0}
execute if entity @s[tag=aj.flame_of_lorian.bone.left_arm2] run data modify entity @s {} merge value {transformation:[-0.979195797514555f,0.023759286773382342f,0.20152192541223646f,0.1813956150556918f,0.005368937738973447f,-0.9897402720038269f,0.14277733882289204f,1.0387016390608115f,0.2028466530100751f,0.14088892882626394f,0.969021952845651f,-0.5424633766602746f,0f,0f,0f,1f],start_interpolation:0}
execute if entity @s[tag=aj.flame_of_lorian.bone.left_arm] run data modify entity @s {} merge value {transformation:[-0.979195797514555f,0.19922550225853186f,0.03853296484402066f,0.10880251593100537f,0.005368937738973447f,-0.16439124236198194f,0.9863806029835747f,0.9982749456876876f,0.2028466530100751f,0.9660666222805344f,0.15990158435140756f,-0.27559088946388155f,0f,0f,0f,1f],start_interpolation:0}
execute if entity @s[tag=aj.flame_of_lorian.bone.head] run data modify entity @s {} merge value {transformation:[-0.9376445167445333f,-0.1343358362244561f,0.32058796503422726f,-0.17318085355008828f,-0.24397816790041357f,0.9112810041148817f,-0.33172516504982075f,1.1280947239339607f,-0.24758314523987376f,-0.38925674643511227f,-0.8872326479271839f,-0.2929856404302426f,0f,0f,0f,1f],start_interpolation:0}
execute if entity @s[tag=aj.flame_of_lorian.bone.body_top] run data modify entity @s {} merge value {transformation:[-0.9870911355195124f,-0.06852052689975872f,-0.14476196866642502f,-0.14620089608330827f,0.0010400007811661404f,0.9010995333168247f,-0.43361105780938763f,0.773286782690461f,0.16015620055800134f,-0.42816418398738165f,-0.8893961001563054f,-0.12439599298521108f,0f,0f,0f,1f],start_interpolation:0}
execute if entity @s[tag=aj.flame_of_lorian.locator_origin.player_camera] at @s on origin run tp @s ^-0.08327 ^-0.14664 ^0.26763 ~-8.95194 ~-26.92144
execute if entity @s[tag=aj.flame_of_lorian.bone.body] run data modify entity @s {} merge value {transformation:[-0.9877368743898467f,-0.07159840694434563f,-0.13874269383865995f,-0.11487659304515704f,-0.0010334920940890079f,0.8916275982529156f,-0.45276832699276653f,0.38319970845481044f,0.1561243058100426f,-0.4470725826493604f,-0.8807674534055872f,0.0711982619238841f,0f,0f,0f,1f],start_interpolation:0}
execute if entity @s[tag=aj.flame_of_lorian.bone.right_leg2] run data modify entity @s {} merge value {transformation:[-0.9842608993830442f,-0.17635976368608725f,-0.011301137034312861f,-0.19073218567081668f,-0.012720519611444289f,0.1344856623311408f,-0.9908338887059572f,0.20566628350214144f,0.17626307136350403f,-0.9750952981016481f,-0.1346123667928117f,0.33803612458262233f,0f,0f,0f,1f],start_interpolation:0}
execute if entity @s[tag=aj.flame_of_lorian.bone.right_leg] run data modify entity @s {} merge value {transformation:[-0.9842608993830442f,-0.13278403434680075f,-0.11661424513441099f,-0.2384514480141982f,-0.012720519611444289f,0.7113973563900355f,-0.7026748819347989f,0.46132470845481044f,0.17626307136350403f,-0.6901320174748136f,-0.7018896837321718f,0.09001993080261118f,0f,0f,0f,1f],start_interpolation:0}
execute if entity @s[tag=aj.flame_of_lorian.bone.left_leg2] run data modify entity @s {} merge value {transformation:[-0.9860256756601758f,0.009024314132614307f,-0.16634881632680731f,-0.039403356613119986f,0.005607859140316239f,0.9997638282749549f,0.020996180339986042f,0.3733700322941006f,0.16649900556686922f,0.01976991217589849f,-0.9858434113579099f,-0.22283132168937445f,0f,0f,0f,1f],start_interpolation:0}
execute if entity @s[tag=aj.flame_of_lorian.bone.left_leg] run data modify entity @s {} merge value {transformation:[-0.9860256756601758f,0.16279114331236064f,-0.03538941364233719f,0.019099710514759616f,0.005607859140316239f,0.24474344670806225f,0.9695716565624846f,0.46132470845481044f,0.16649900556686922f,0.9558240889162151f,-0.2422362322047041f,0.12066796026489032f,0f,0f,0f,1f],start_interpolation:0}