execute if entity @s[tag=aj.steel_caller.bone.right_arm2] run data modify entity @s {} merge value {transformation:[0.8349406620732751f,-0.42952661756320015f,-0.3440653653324578f,0.4579040101823606f,-0.16532877846453717f,-0.7920728849064111f,0.5876112150116429f,1.599568075054856f,-0.5249195041414114f,-0.4337365903411326f,-0.7323469699337762f,0.1009545784947242f,0f,0f,0f,1f],start_interpolation:0}
execute if entity @s[tag=aj.steel_caller.bone.right_arm] run data modify entity @s {} merge value {transformation:[0.8349406620732751f,-0.4215059536851068f,-0.35384575993594986f,0.3525275217610839f,-0.16532877846453717f,-0.8053680125311166f,0.5692528079887734f,1.398226071922077f,-0.5249195041414114f,-0.4167914291341508f,-0.7421215660336566f,-0.003243278788813503f,0f,0f,0f,1f],start_interpolation:0}
execute if entity @s[tag=aj.steel_caller.bone.ledo_slash] run data modify entity @s {} merge value {transformation:[0.0000034896658008342816f,2.278182978263612f,1.1669257708380292f,1.103946037542533f,-0.00002148800395816977f,0.9006859517134813f,-1.1158103720766808f,2.3886618251396943f,-0.000013908595529501883f,-0.8199135594969944f,2.0166463671232213f,0.043156451235913426f,0f,0f,0f,1f],start_interpolation:0}
execute if entity @s[tag=aj.steel_caller.locator_origin.ledo_great_hammer] at @s on origin run tp @s ^1.20252 ^2.53853 ^0.06764 ~149.94432 ~-25.58989
execute if entity @s[tag=aj.steel_caller.locator_origin.ledo_great_hammer2] at @s on origin run tp @s ^-0.31544 ^1.77242 ^0.52212 ~149.94432 ~-25.58989
execute if entity @s[tag=aj.steel_caller.locator_origin.ledo_great_hammer3] at @s on origin run tp @s ^0.994 ^1.29426 ^-0.50015 ~149.94432 ~-25.58989
execute if entity @s[tag=aj.steel_caller.locator_origin.ledo_great_hammer4] at @s on origin run tp @s ^-0.07506 ^-0.06892 ^-0.63579 ~149.94432 ~-25.58989
execute if entity @s[tag=aj.steel_caller.bone.ledo_great_hammer] run data modify entity @s {} merge value {transformation:[0.3208241139476678f,2.0944585445326758f,1.0728188538349623f,1.1061764830799892f,-1.9755100413156073f,0.8280499878656198f,-1.0258256646511419f,2.5555185387681054f,-1.2786934599703343f,-0.7537914982472368f,1.854013595581026f,0.13418762573031828f,0f,0f,0f,1f],start_interpolation:0}
execute if entity @s[tag=aj.steel_caller.bone.left_arm2] run data modify entity @s {} merge value {transformation:[0.9201365260033221f,0.0820445728759012f,-0.3829065964124269f,-0.3260008185740817f,0.24508522601282975f,-0.8832790041398887f,0.3996891702759623f,1.5410506527450567f,-0.30542102989934783f,-0.46161335434241724f,-0.8328451870473672f,0.3911554806693177f,0f,0f,0f,1f],start_interpolation:0}
execute if entity @s[tag=aj.steel_caller.bone.left_arm] run data modify entity @s {} merge value {transformation:[0.9201365260033221f,-0.1362542531638777f,-0.3671287948517416f,-0.24504731611463584f,0.24508522601282975f,-0.5308285260460374f,0.8112671002364339f,1.438979174485151f,-0.30542102989934783f,-0.8364543349343979f,-0.45504081142758634f,0.14386426819829973f,0f,0f,0f,1f],start_interpolation:0}
execute if entity @s[tag=aj.steel_caller.bone.head] run data modify entity @s {} merge value {transformation:[0.9782267284693427f,0.1984319986678085f,-0.06080468413589457f,0.03540917245143968f,-0.2046358480091777f,0.8733835668188689f,-0.4419562364310691f,1.3232503880119366f,-0.03459244740881723f,0.44477622139166695f,0.8949734495876507f,0.013878428574808761f,0f,0f,0f,1f],start_interpolation:0}
execute if entity @s[tag=aj.steel_caller.bone.body_top] run data modify entity @s {} merge value {transformation:[0.9277057004229569f,0.08895569709269177f,0.36255898465974395f,0.0003828667211922855f,-0.03458311571504377f,0.9874970617624772f,-0.1537971427495132f,0.9344234199429613f,-0.3717070641112314f,0.13014006671746986f,0.9191830185140396f,-0.037364222695195f,0f,0f,0f,1f],start_interpolation:0}
execute if entity @s[tag=aj.steel_caller.bone.body] run data modify entity @s {} merge value {transformation:[0.9287853599126138f,0.06340746101860979f,0.3651537335139409f,-0.0273578974744495f,-0.022061317688849183f,0.9929678170124828f,-0.11631084489116225f,0.5f,-0.36996088100477376f,0.09997203741365787f,0.923652823446956f,-0.08110198906367032f,0f,0f,0f,1f],start_interpolation:0}
execute if entity @s[tag=aj.steel_caller.locator_origin.player_camera] at @s on origin run tp @s ^0.0186 ^-0.125 ^0.03514 ~158.42745 ~0
execute if entity @s[tag=aj.steel_caller.bone.right_leg2] run data modify entity @s {} merge value {transformation:[0.8813377924370971f,0.10586159242724982f,0.4604747754990182f,0.12190093243628597f,0.34290259387435723f,0.5271701431274403f,-0.7775020587170377f,0.30453307881343844f,-0.32505615935764404f,0.843139942977298f,0.4283147555477125f,-0.3283757948063477f,0f,0f,0f,1f],start_interpolation:0}
execute if entity @s[tag=aj.steel_caller.bone.right_leg] run data modify entity @s {} merge value {transformation:[0.8813377924370971f,-0.05801429148549722f,0.46891154560912673f,0.1010520464336854f,0.34290259387435723f,0.7612992589539104f,-0.550310139312792f,0.578125f,-0.32505615935764404f,0.6458001086246912f,0.6908550593025973f,-0.0962913807693493f,0f,0f,0f,1f],start_interpolation:0}
execute if entity @s[tag=aj.steel_caller.bone.left_leg2] run data modify entity @s {} merge value {transformation:[0.9172277872226622f,0.08879749287744507f,0.3883403038641481f,-0.05230830879134202f,-0.11562567040321514f,0.9922169665913536f,0.04621899557605774f,0.37423164452024027f,-0.38121370737478183f,-0.08729545501876201f,0.9203562423554488f,0.24635985867283666f,0f,0f,0f,1f],start_interpolation:0}
execute if entity @s[tag=aj.steel_caller.bone.left_leg] run data modify entity @s {} merge value {transformation:[0.9172277872226622f,-0.25403458858387f,0.3068543859058278f,-0.1436019890636703f,-0.11562567040321514f,0.5673554239436792f,0.815314986533116f,0.578125f,-0.38121370737478183f,-0.7833098050737729f,0.49102124046202134f,-0.03514210252555051f,0f,0f,0f,1f],start_interpolation:0}