execute if entity @s[tag=aj.steel_caller.bone.right_arm2] run data modify entity @s {} merge value {transformation:[0.8379988632320434f,0.1563073314472513f,0.52280581802199f,0.2639422151986114f,-0.535737427871994f,0.05368442696566858f,0.8426763261647191f,1.1616904255720608f,0.1036499570617525f,-0.9862484476222038f,0.12872717647757953f,0.1975504714686957f,0f,0f,0f,1f],start_interpolation:0}
execute if entity @s[tag=aj.steel_caller.bone.right_arm] run data modify entity @s {} merge value {transformation:[0.8379988632320434f,0.1563073314472513f,0.52280581802199f,0.30301904806042423f,-0.535737427871994f,0.05368442696566858f,0.8426763261647191f,1.175111532313478f,0.1036499570617525f,-0.9862484476222038f,0.12872717647757953f,-0.04901164043685524f,0f,0f,0f,1f],start_interpolation:0}
execute if entity @s[tag=aj.steel_caller.bone.ledo_slash] run data modify entity @s {} merge value {transformation:[-0.2091914838121312f,-1.112586433855443f,0.2914195029276062f,-1.7081037401117747f,1.535570485329535f,-0.14920614031886198f,0.08582383762006748f,0.7929440651575659f,-0.027608109049409524f,0.13137667840252437f,2.565408359953772f,0.6830710968154675f,0f,0f,0f,1f],start_interpolation:0}
execute if entity @s[tag=aj.steel_caller.locator_origin.ledo_hammer] at @s on origin run tp @s ^-1.77164 ^0.78488 ^0.68946 ~173.51922 ~1.90384
execute if entity @s[tag=aj.steel_caller.locator_origin.ledo_hammer2] at @s on origin run tp @s ^-0.41808 ^0.96641 ^0.52963 ~173.51922 ~1.90384
execute if entity @s[tag=aj.steel_caller.bone.ledo_great_hammer] run data modify entity @s {} merge value {transformation:[-0.320535338099234f,-2.337969649023426f,0.2679179301108638f,-1.647551193009027f,2.3528902597791315f,-0.31353917043963714f,0.07890256039264269f,0.6119164734496222f,-0.04230274773699856f,0.2760726513896372f,2.358520588989758f,0.6822487285036145f,0f,0f,0f,1f],start_interpolation:0}
execute if entity @s[tag=aj.steel_caller.bone.left_arm2] run data modify entity @s {} merge value {transformation:[0.5663233514529795f,0.5205515954093402f,-0.638986618103897f,-0.4944755228485094f,0.5153979855641599f,0.3813241779574067f,0.7674352010310148f,1.0568654523957166f,0.6431506651442341f,-0.7639488908440789f,-0.052338457205292566f,0.3013784305977467f,0f,0f,0f,1f],start_interpolation:0}
execute if entity @s[tag=aj.steel_caller.bone.left_arm] run data modify entity @s {} merge value {transformation:[0.5663233514529795f,0.5205515954093402f,-0.638986618103897f,-0.2935472050645519f,0.5153979855641599f,0.3813241779574067f,0.7674352010310148f,1.2166212450805882f,0.6431506651442341f,-0.7639488908440789f,-0.052338457205292566f,0.19078504102975624f,0f,0f,0f,1f],start_interpolation:0}
execute if entity @s[tag=aj.steel_caller.bone.head] run data modify entity @s {} merge value {transformation:[0.9524535210265694f,-0.01652933067698366f,-0.30423522398213704f,-0.0026849378352287265f,-0.18323772955214068f,0.7666942135353704f,-0.6153079858086977f,1.323158647853671f,0.24342601494636243f,0.6417996292915342f,0.7272118062081928f,0.026464160062921863f,0f,0f,0f,1f],start_interpolation:0}
execute if entity @s[tag=aj.steel_caller.bone.body_top] run data modify entity @s {} merge value {transformation:[0.9866819343255269f,0.03644493967793391f,0.15852610777883963f,-0.017035132833415206f,-0.010865017685469462f,0.9871666612634521f,-0.15932336388823648f,0.9344617749811868f,-0.1622982189253196f,0.1554790958998692f,0.9744154857512415f,-0.034755733947651635f,0f,0f,0f,1f],start_interpolation:0}
execute if entity @s[tag=aj.steel_caller.bone.body] run data modify entity @s {} merge value {transformation:[0.9863434835424726f,0.037721523409568664f,0.16032348282444842f,-0.033538299325101495f,-0.019109448964299523f,0.9930554856712842f,-0.11608458699780409f,0.5f,-0.16358900156667222f,0.11143558251219075f,0.9802146446144271f,-0.08350880129673509f,0f,0f,0f,1f],start_interpolation:0}
execute if entity @s[tag=aj.steel_caller.locator_origin.player_camera] at @s on origin run tp @s ^0.2392 ^-0.3125 ^0.47884 ~154.12707 ~0
execute if entity @s[tag=aj.steel_caller.bone.right_leg2] run data modify entity @s {} merge value {transformation:[0.7561497082864815f,-0.0061811847478345505f,0.6543694763765971f,0.15577387598306386f,0.5418640595229379f,0.5665675779920064f,-0.620793460472639f,0.3308690438880496f,-0.36690729027315705f,0.8239920949398634f,0.4317592706833568f,-0.3448287783657138f,0f,0f,0f,1f],start_interpolation:0}
execute if entity @s[tag=aj.steel_caller.bone.right_leg] run data modify entity @s {} merge value {transformation:[0.7561497082864815f,-0.14834518678166558f,0.6373627885411741f,0.10246232448340278f,0.5418640595229379f,0.6880165735289054f,-0.48271786329787536f,0.578125f,-0.36690729027315705f,0.7103709595051425f,0.6006264564903481f,-0.08953921479355323f,0f,0f,0f,1f],start_interpolation:0}
execute if entity @s[tag=aj.steel_caller.bone.left_leg2] run data modify entity @s {} merge value {transformation:[0.9964504951128255f,0.04101320528569788f,0.07351413320986722f,-0.1336593771749518f,-0.04379518857267925f,0.9983684705752789f,0.036638482761462976f,0.37400046847730956f,-0.07189153112355007f,-0.03972799961452561f,0.9966209378692281f,0.26655658637262497f,0f,0f,0f,1f],start_interpolation:0}
execute if entity @s[tag=aj.steel_caller.bone.left_leg] run data modify entity @s {} merge value {transformation:[0.9964504951128255f,-0.03436361494757084f,0.07684759434842436f,-0.14600880129673507f,-0.04379518857267925f,0.5679986964109647f,0.8218634085621092f,0.578125f,-0.07189153112355007f,-0.822311755262674f,0.5644776212654774f,-0.028961700674898515f,0f,0f,0f,1f],start_interpolation:0}