execute if entity @s[tag=aj.steel_caller.bone.right_arm2] run data modify entity @s {} merge value {transformation:[-0.43813029077773835f,-0.8743933747501745f,0.20851396714852324f,-0.19619618382281542f,0.0659943064618787f,0.20004841005445745f,0.9775609367959114f,1.1496434231257993f,-0.8964856941511281f,0.4420597921409329f,-0.029942283725284242f,-0.2160920681177967f,0f,0f,0f,1f],start_interpolation:0}
execute if entity @s[tag=aj.steel_caller.bone.right_arm] run data modify entity @s {} merge value {transformation:[-0.43813029077773835f,-0.8743933747501745f,0.20851396714852324f,-0.41479452751035906f,0.0659943064618787f,0.20004841005445745f,0.9775609367959114f,1.1996555256394137f,-0.8964856941511281f,0.4420597921409329f,-0.029942283725284242f,-0.10557712008256348f,0f,0f,0f,1f],start_interpolation:0}
execute if entity @s[tag=aj.steel_caller.bone.ledo_slash] run data modify entity @s {} merge value {transformation:[0.00001083513521546071f,0.0000223435384751026f,-0.7122306114272546f,1.5145370113556693f,-0.0000013096879628930636f,-0.0000072569872766319215f,-2.475847257440908f,0.6277760639523212f,-0.000023414646557521376f,0.000010745395999660663f,-0.1910995161673733f,0.3942028754267466f,0f,0f,0f,1f],start_interpolation:0}
execute if entity @s[tag=aj.steel_caller.locator_origin.ledo_hammer] at @s on origin run tp @s ^1.57464 ^0.60944 ^0.42251 ~-74.98064 ~-73.41403
execute if entity @s[tag=aj.steel_caller.locator_origin.ledo_hammer2] at @s on origin run tp @s ^0.38539 ^0.9957 ^-0.14942 ~-74.98064 ~-73.41403
execute if entity @s[tag=aj.steel_caller.bone.ledo_great_hammer] run data modify entity @s {} merge value {transformation:[0.9961333988407426f,2.054164021098142f,-0.6547926588927986f,1.4088664269590563f,-0.12040679658855581f,-0.667174636722612f,-2.276182156034383f,0.6460604773240837f,-2.1526368609334163f,0.9878831806139639f,-0.17568826486355288f,0.5511494278607799f,0f,0f,0f,1f],start_interpolation:0}
execute if entity @s[tag=aj.steel_caller.bone.left_arm2] run data modify entity @s {} merge value {transformation:[-0.14979811000751414f,-0.7442156788988046f,0.650925148937547f,0.39049983953190426f,0.546211314233556f,0.48647977607319237f,0.6819022126925738f,1.0223079989934951f,-0.8241442388571483f,0.4576903437401403f,0.33362527303189105f,0.07973776434033031f,0f,0f,0f,1f],start_interpolation:0}
execute if entity @s[tag=aj.steel_caller.bone.left_arm] run data modify entity @s {} merge value {transformation:[-0.14979811000751414f,-0.7442156788988046f,0.650925148937547f,0.18572115605626385f,0.546211314233556f,0.48647977607319237f,0.6819022126925738f,1.2122043572909877f,-0.8241442388571483f,0.4576903437401403f,0.33362527303189105f,0.09114232041822184f,0f,0f,0f,1f],start_interpolation:0}
execute if entity @s[tag=aj.steel_caller.bone.head] run data modify entity @s {} merge value {transformation:[-0.28638512548604494f,-0.0696224542154942f,0.9555816416033502f,-0.12964172240674549f,-0.18005724313318106f,0.9834969866807637f,0.017693682068359397f,1.3199924569380224f,-0.9410435426140602f,-0.16699218861632142f,-0.2941949351119257f,0.005647711709507661f,0f,0f,0f,1f],start_interpolation:0}
execute if entity @s[tag=aj.steel_caller.bone.body_top] run data modify entity @s {} merge value {transformation:[-0.9753044532442553f,-0.0846877004090581f,0.20398337403168382f,-0.09629594037067887f,-0.10738890021350746f,0.988877114876696f,-0.10290615037049508f,0.9306220929553232f,-0.1929996051624394f,-0.1222703769216699f,-0.9735507728591124f,0.05379167262241519f,0f,0f,0f,1f],start_interpolation:0}
execute if entity @s[tag=aj.steel_caller.bone.body] run data modify entity @s {} merge value {transformation:[-0.9961931420952529f,-0.08550985028522758f,0.01694960608938223f,-0.058885380870891804f,-0.08657624201625738f,0.9932076410407387f,-0.07773761056678832f,0.49609375f,-0.01018714683950761f,-0.07890910772838058f,-0.9968297621744552f,0.0883144072535817f,0f,0f,0f,1f],start_interpolation:0}
execute if entity @s[tag=aj.steel_caller.locator_origin.player_camera] at @s on origin run tp @s ^-0.51853 ^-0.31641 ^-0.33518 ~-47.34375 ~0
execute if entity @s[tag=aj.steel_caller.bone.right_leg2] run data modify entity @s {} merge value {transformation:[-0.8365767288173331f,0.00996187137115187f,-0.5477591970200729f,-0.3633542623467461f,-0.005026880517711704f,0.9996529950440516f,0.025857686898061116f,0.40783068481486473f,0.5478267128148747f,0.024385459155860434f,-0.8362363554092866f,-0.1290472222146827f,0f,0f,0f,1f],start_interpolation:0}
execute if entity @s[tag=aj.steel_caller.bone.right_leg] run data modify entity @s {} merge value {transformation:[-0.8365767288173331f,0.48363013609749106f,-0.257373790933756f,-0.18954968218671026f,-0.005026880517711704f,0.4629928770368982f,0.8863477456875245f,0.57421875f,0.5478267128148747f,0.7427916849773011f,-0.3848979156283272f,0.13789353957403486f,0f,0f,0f,1f],start_interpolation:0}
execute if entity @s[tag=aj.steel_caller.bone.left_leg2] run data modify entity @s {} merge value {transformation:[-0.9607125127404462f,-0.2469719548620429f,0.12663459786156003f,0.17081315850447415f,-0.23183038417923402f,0.46321318624952873f,-0.8553877583037228f,0.31139092946027935f,0.15259797126845026f,-0.8511394701200153f,-0.5022703072734569f,0.26293194544209325f,0f,0f,0f,1f],start_interpolation:0}
execute if entity @s[tag=aj.steel_caller.bone.left_leg] run data modify entity @s {} merge value {transformation:[-0.9607125127404462f,-0.2755735319917843f,0.03302569196112359f,0.07177892044492667f,-0.23183038417923402f,0.7313469788931357f,-0.6413940048325929f,0.57421875f,0.15259797126845026f,-0.6238516048945105f,-0.7665005115688422f,0.038735274933128554f,0f,0f,0f,1f],start_interpolation:0}