execute if entity @s[tag=aj.steel_caller.bone.right_arm2] run data modify entity @s {} merge value {transformation:[-0.686660908433754f,-0.6999352764421131f,0.19643677257793196f,-0.25517864801958f,0.07996814617339423f,0.1958468323396806f,0.9773684637126896f,1.1525264014739485f,-0.722566185498963f,0.6868294017108f,-0.07850783730980017f,-0.19292645777717007f,0f,0f,0f,1f],start_interpolation:0}
execute if entity @s[tag=aj.steel_caller.bone.right_arm] run data modify entity @s {} merge value {transformation:[-0.686660908433754f,-0.6999352764421131f,0.19643677257793196f,-0.4301624671301083f,0.07996814617339423f,0.1958468323396806f,0.9773684637126896f,1.2014881095588685f,-0.722566185498963f,0.6868294017108f,-0.07850783730980017f,-0.02121910734947008f,0f,0f,0f,1f],start_interpolation:0}
execute if entity @s[tag=aj.steel_caller.bone.ledo_slash] run data modify entity @s {} merge value {transformation:[0.000005089649469953217f,0.0000242259821110241f,-0.7386363796920411f,1.562640848058438f,-0.0000013398250989328006f,-0.00000726594017044181f,-2.475423384504035f,0.6271552781287089f,-0.000025291529176552098f,0.000005260134533166582f,-0.017506489000852925f,0.014506212257827805f,0f,0f,0f,1f],start_interpolation:0}
execute if entity @s[tag=aj.steel_caller.locator_origin.ledo_great_hammer] at @s on origin run tp @s ^1.60304 ^0.61528 ^0.15046 ~-88.64228 ~-73.38112
execute if entity @s[tag=aj.steel_caller.locator_origin.ledo_great_hammer2] at @s on origin run tp @s ^-0.00113 ^1.09776 ^-0.38944 ~-88.64228 ~-73.38112
execute if entity @s[tag=aj.steel_caller.locator_origin.ledo_great_hammer3] at @s on origin run tp @s ^1.45135 ^0.67026 ^-1.2236 ~-88.64228 ~-73.38112
execute if entity @s[tag=aj.steel_caller.locator_origin.ledo_great_hammer4] at @s on origin run tp @s ^0.37124 ^1.00189 ^-2.54379 ~-88.64228 ~-73.38112
execute if entity @s[tag=aj.steel_caller.bone.ledo_great_hammer] run data modify entity @s {} merge value {transformation:[0.4679193867537634f,2.227227387626409f,-0.6790689297168765f,1.4963942203196354f,-0.12317746877285422f,-0.6679977253470695f,-2.2757924663988707f,0.6456692588916588f,-2.3251889726830153f,0.48359301353305667f,-0.016094675371751882f,0.19171069676526245f,0f,0f,0f,1f],start_interpolation:0}
execute if entity @s[tag=aj.steel_caller.bone.left_arm2] run data modify entity @s {} merge value {transformation:[-0.33709519230552765f,-0.6170210429058767f,0.7110920221292343f,0.39594489598850746f,0.5455932541524544f,0.4875127136457253f,0.6816592660978917f,1.0232786666389395f,-0.7672645126342249f,0.6177510717474518f,0.17230432672176288f,-0.031565567965007424f,0f,0f,0f,1f],start_interpolation:0}
execute if entity @s[tag=aj.steel_caller.bone.left_arm] run data modify entity @s {} merge value {transformation:[-0.33709519230552765f,-0.6170210429058767f,0.7110920221292343f,0.1995527362238473f,0.5455932541524544f,0.4875127136457253f,0.6816592660978917f,1.2133560018194276f,-0.7672645126342249f,0.6177510717474518f,0.17230432672176288f,0.026964135892577415f,0f,0f,0f,1f],start_interpolation:0}
execute if entity @s[tag=aj.steel_caller.bone.head] run data modify entity @s {} merge value {transformation:[-0.32255036670916126f,-0.09922907782399251f,0.9413367362692192f,-0.12688534077444155f,-0.1662837573778962f,0.984964329755959f,0.04685062583022362f,1.3216872744724628f,-0.9318320519106833f,-0.14141732292259915f,-0.33420078965994504f,0.020484704029390552f,0f,0f,0f,1f],start_interpolation:0}
execute if entity @s[tag=aj.steel_caller.bone.body_top] run data modify entity @s {} merge value {transformation:[-0.9935084610681275f,-0.11021491191076632f,-0.02817110183402574f,-0.0834882192095773f,-0.10674904687286357f,0.9888368471107032f,-0.10395350300927428f,0.9323327659226234f,0.039313849694175396f,-0.1002714465272444f,-0.9941831110180648f,0.05996658609949304f,0f,0f,0f,1f],start_interpolation:0}
execute if entity @s[tag=aj.steel_caller.bone.body] run data modify entity @s {} merge value {transformation:[-0.9722809548822956f,-0.10112176957210688f,-0.21081777081588038f,-0.03924744502178054f,-0.08633682328539312f,0.9931908326908638f,-0.07821715159615156f,0.49781177662037046f,0.2172917341229486f,-0.057847710217728325f,-0.9743910635388686f,0.08527495931974918f,0f,0f,0f,1f],start_interpolation:0}
execute if entity @s[tag=aj.steel_caller.locator_origin.player_camera] at @s on origin run tp @s ^-0.14777 ^-0.12719 ^0.02325 ~-60.25246 ~0
execute if entity @s[tag=aj.steel_caller.bone.right_leg2] run data modify entity @s {} merge value {transformation:[-0.6930505828781534f,0.0010516001061884883f,-0.7208881908517217f,-0.38125793484958925f,-0.005026880517711732f,0.999967573395089f,0.0062914728480536475f,0.40108359777319524f,0.7208714310086872f,0.007984127726546664f,-0.6930228233326328f,-0.05544090782254654f,0f,0f,0f,1f],start_interpolation:0}
execute if entity @s[tag=aj.steel_caller.bone.right_leg] run data modify entity @s {} merge value {transformation:[-0.6930505828781534f,0.6281024788516024f,-0.35379113277854246f,-0.15553360651229461f,-0.005026880517711732f,0.4865479759225745f,0.8736393979199351f,0.5759367766203705f,0.7208714310086872f,0.6072547597064335f,-0.3340449621972604f,0.162791271446953f,0f,0f,0f,1f],start_interpolation:0}
execute if entity @s[tag=aj.steel_caller.bone.left_leg2] run data modify entity @s {} merge value {transformation:[-0.9023425372892128f,-0.430233852491443f,0.026014948949346f,0.22145379192334527f,-0.23183038417923404f,0.43357100767358625f,-0.8707874908817994f,0.3037639963088876f,0.36336292927288893f,-0.7917796495713201f,-0.4909708424692275f,0.19273608977394807f,0f,0f,0f,1f],start_interpolation:0}
execute if entity @s[tag=aj.steel_caller.bone.left_leg] run data modify entity @s {} merge value {transformation:[-0.9023425372892128f,-0.4018506447432674f,-0.15586534161861032f,0.07703871646873353f,-0.23183038417923404f,0.7573503452145609f,-0.6104712340272015f,0.5759367766203705f,0.36336292927288893f,-0.5147198402265117f,-0.7765506214712725f,0.007758647192545403f,0f,0f,0f,1f],start_interpolation:0}