execute if entity @s[tag=aj.steel_caller.bone.right_arm2] run data modify entity @s {} merge value {transformation:[0.8010527005236193f,-0.2594167490551899f,-0.5394603982624244f,0.42958530477287304f,-0.21284487069401287f,-0.9657570999898647f,0.14835863587407594f,1.6362040348345435f,-0.5594744247980115f,-0.004021707200222491f,-0.8288378574052532f,0.09568366291636951f,0f,0f,0f,1f],start_interpolation:0}
execute if entity @s[tag=aj.steel_caller.bone.right_arm] run data modify entity @s {} merge value {transformation:[0.8010527005236193f,-0.4188295308837949f,-0.4276638809199081f,0.32487792205192434f,-0.21284487069401287f,-0.8670521562935412f,0.45046378243535945f,1.4194409957611582f,-0.5594744247980115f,-0.2698191659730313f,-0.7837001886375637f,0.028228871423111687f,0f,0f,0f,1f],start_interpolation:0}
execute if entity @s[tag=aj.steel_caller.bone.ledo_slash] run data modify entity @s {} merge value {transformation:[0.00000408781835379788f,2.3145560975362143f,1.0720721027676148f,0.9175187756565778f,-0.00002230991814997719f,0.8507854057154074f,-0.9861292136155205f,2.334916859168111f,-0.000012366018128677589f,-0.7698086618704115f,2.1334998691428533f,0.08502456216418652f,0f,0f,0f,1f],start_interpolation:0}
execute if entity @s[tag=aj.steel_caller.locator_origin.ledo_hammer] at @s on origin run tp @s ^1.03488 ^2.3782 ^0.04474 ~153.32072 ~-22.44073
execute if entity @s[tag=aj.steel_caller.locator_origin.ledo_hammer2] at @s on origin run tp @s ^-0.19706 ^1.92536 ^0.45447 ~153.32072 ~-22.44073
execute if entity @s[tag=aj.steel_caller.bone.ledo_great_hammer] run data modify entity @s {} merge value {transformation:[0.3758155583330308f,2.1278983477349067f,0.9856146751250652f,0.9158477887846925f,-2.0510731202398382f,0.7821736794480358f,-0.9066026641303978f,2.5071354433903092f,-1.136875860217133f,-0.7077273181711847f,1.9614434280829456f,0.16546571799486565f,0f,0f,0f,1f],start_interpolation:0}
execute if entity @s[tag=aj.steel_caller.bone.left_arm2] run data modify entity @s {} merge value {transformation:[0.9112996200365249f,0.28521402437098575f,-0.2969612143418601f,-0.4180991414113164f,0.3624500621673888f,-0.8978709054633863f,0.24991556485584204f,1.5136259324809416f,-0.1953534104031499f,-0.3353815698938528f,-0.9216052558549095f,0.3931535033204656f,0f,0f,0f,1f],start_interpolation:0}
execute if entity @s[tag=aj.steel_caller.bone.left_arm] run data modify entity @s {} merge value {transformation:[0.9112996200365249f,0.0513487755731889f,-0.408529442963931f,-0.29134949501345353f,0.3624500621673888f,-0.5707924125517615f,0.7367672456130197f,1.4162340871139247f,-0.1953534104031499f,-0.8194872329819873f,-0.5387742755768732f,0.16386251877457506f,0f,0f,0f,1f],start_interpolation:0}
execute if entity @s[tag=aj.steel_caller.bone.head] run data modify entity @s {} merge value {transformation:[0.9771502545050181f,0.15011795324418942f,0.15047252318796808f,0.001886812160456608f,-0.046913414116550575f,0.842805592686896f,-0.5361696228915052f,1.3197073608262082f,-0.20730777046870985f,0.5168591036728145f,0.8305902450991268f,0.04707051662038442f,0f,0f,0f,1f],start_interpolation:0}
execute if entity @s[tag=aj.steel_caller.bone.body_top] run data modify entity @s {} merge value {transformation:[0.9534064701425955f,0.04426555054730304f,0.29842363131122895f,-0.015542748367543966f,0.022863100525022596f,0.9757312489579864f,-0.21777467355335617f,0.9355131815490011f,-0.30082117831798155f,0.21445067228067222f,0.9292564381449013f,-0.037369435590130284f,0f,0f,0f,1f],start_interpolation:0}
execute if entity @s[tag=aj.steel_caller.bone.body] run data modify entity @s {} merge value {transformation:[0.9532080335894926f,0.014588349091636255f,0.3019629526468991f,-0.021925151095134827f,0.014566158061658663f,0.9954587006834311f,-0.09407338769799793f,0.5f,-0.3019640239163858f,0.09406994899773045f,0.9486667343992772f,-0.07852503827663736f,0f,0f,0f,1f],start_interpolation:0}
execute if entity @s[tag=aj.steel_caller.locator_origin.player_camera] at @s on origin run tp @s ^0.16783 ^-0.3125 ^0.51697 ~162.32595 ~0
execute if entity @s[tag=aj.steel_caller.bone.right_leg2] run data modify entity @s {} merge value {transformation:[0.8762559361295609f,0.14207090383089035f,0.4604252302843328f,0.1143469697879218f,0.33792454640734293f,0.49997158170235134f,-0.7973928883714982f,0.31127323709985805f,-0.34348585900019024f,0.8543092389613511f,0.3900938206280362f,-0.33017354722602116f,0f,0f,0f,1f],start_interpolation:0}
execute if entity @s[tag=aj.steel_caller.bone.right_leg] run data modify entity @s {} merge value {transformation:[0.8762559361295609f,-0.023971723294329395f,0.4812493022124885f,0.10573213172902218f,0.33792454640734293f,0.7425440358960471f,-0.578303861037259f,0.578125f,-0.34348585900019024f,0.6693681432795483f,0.6587592530123516f,-0.08961937073493349f,0f,0f,0f,1f],start_interpolation:0}
execute if entity @s[tag=aj.steel_caller.bone.left_leg2] run data modify entity @s {} merge value {transformation:[0.8997795682806078f,0.11179592707797179f,0.42178003650426577f,-0.04522876159570011f,-0.12969440989283676f,0.9914568190739599f,0.013882937523941652f,0.3651785673779483f,-0.4166246374703635f,-0.0671940964707588f,0.9065918954260326f,0.23260509331749363f,0f,0f,0f,1f],start_interpolation:0}
execute if entity @s[tag=aj.steel_caller.bone.left_leg] run data modify entity @s {} merge value {transformation:[0.8997795682806078f,-0.2665635525034775f,0.34545708992795143f,-0.14102503827663734f,-0.12969440989283676f,0.5925465951222308f,0.7950269760527624f,0.578125f,-0.4166246374703635f,-0.760152882705694f,0.4985895169043483f,-0.04057484890486518f,0f,0f,0f,1f],start_interpolation:0}