execute if entity @s[tag=aj.steel_caller.bone.right_arm2] run data modify entity @s {} merge value {transformation:[0.8887767167005504f,0.13670202630135578f,0.4374797182225638f,0.2902197374198594f,-0.45797603983054114f,0.30292355976201685f,0.8357602909221294f,1.086479919980566f,-0.018272788296397502f,-0.9431595161722174f,0.3318376594988336f,0.148411067272708f,0f,0f,0f,1f],start_interpolation:0}
execute if entity @s[tag=aj.steel_caller.bone.right_arm] run data modify entity @s {} merge value {transformation:[0.8887767167005504f,0.13670202630135578f,0.4374797182225638f,0.32439524399519837f,-0.45797603983054114f,0.30292355976201685f,0.8357602909221294f,1.1622108099210702f,-0.018272788296397502f,-0.9431595161722174f,0.3318376594988336f,-0.08737881177034634f,0f,0f,0f,1f],start_interpolation:0}
execute if entity @s[tag=aj.steel_caller.bone.ledo_slash] run data modify entity @s {} merge value {transformation:[0.5100613926378493f,-2.520128674867676f,0.3279514292518964f,-1.5588961768167933f,2.7627744505155696f,0.4035581624743193f,-0.4500570758278336f,1.2539205180790831f,0.4265960100178864f,0.3996290564025105f,2.522599373594637f,0.816164667073042f,0f,0f,0f,1f],start_interpolation:0}
execute if entity @s[tag=aj.steel_caller.locator_origin.ledo_great_hammer] at @s on origin run tp @s ^-1.64481 ^1.1432 ^0.80646 ~172.59279 ~-10.03302
execute if entity @s[tag=aj.steel_caller.locator_origin.ledo_great_hammer2] at @s on origin run tp @s ^0.09603 ^1.05212 ^0.56389 ~172.59279 ~-10.03302
execute if entity @s[tag=aj.steel_caller.locator_origin.ledo_great_hammer3] at @s on origin run tp @s ^-0.98242 ^2.35092 ^0.93582 ~172.59279 ~-10.03302
execute if entity @s[tag=aj.steel_caller.locator_origin.ledo_great_hammer4] at @s on origin run tp @s ^0.54965 ^3.16912 ^0.88262 ~172.59279 ~-10.03302
execute if entity @s[tag=aj.steel_caller.bone.ledo_great_hammer] run data modify entity @s {} merge value {transformation:[0.42629764487327576f,-2.3168924914106053f,0.30150373334448544f,-1.5582604972721326f,2.309063690313599f,0.3710131493715516f,-0.413762150357847f,1.0661349018375597f,0.35653918725835076f,0.3674009066926306f,2.3191639402402306f,0.7825791844830429f,0f,0f,0f,1f],start_interpolation:0}
execute if entity @s[tag=aj.steel_caller.bone.left_arm2] run data modify entity @s {} merge value {transformation:[0.7944449582414191f,0.45377574134355525f,-0.4036641981807372f,-0.43540507587269706f,0.36620715355500705f,0.1723201935486632f,0.9144386647449303f,1.1952052132995548f,0.4845095757670119f,-0.874295903835457f,-0.029277013621815395f,0.3344500914158983f,0f,0f,0f,1f],start_interpolation:0}
execute if entity @s[tag=aj.steel_caller.bone.left_arm] run data modify entity @s {} merge value {transformation:[0.7944449582414191f,0.45377574134355525f,-0.4036641981807372f,-0.2226555207566309f,0.36620715355500705f,0.1723201935486632f,0.9144386647449303f,1.2840611558810964f,0.4845095757670119f,-0.874295903835457f,-0.029277013621815395f,0.17643981242791054f,0f,0f,0f,1f],start_interpolation:0}
execute if entity @s[tag=aj.steel_caller.bone.head] run data modify entity @s {} merge value {transformation:[0.9550261505521942f,0.09807247019750316f,-0.27983359760904014f,0.05758887198577415f,-0.24410974237442074f,0.7957749498401897f,-0.5542135535014798f,1.3216771168848043f,0.16833147489210737f,0.5975985440044208f,0.7839263324856771f,-0.0016695144312078025f,0f,0f,0f,1f],start_interpolation:0}
execute if entity @s[tag=aj.steel_caller.bone.body_top] run data modify entity @s {} merge value {transformation:[0.9594427002561906f,0.13070187289483653f,0.2497733479514824f,0.006125009533432257f,-0.09576402115969092f,0.9844466130096258f,-0.14728923377220263f,0.9340512630122642f,-0.26513950512218387f,0.11739627999071475f,0.9570366535655285f,-0.04789429967755174f,0f,0f,0f,1f],start_interpolation:0}
execute if entity @s[tag=aj.steel_caller.bone.body] run data modify entity @s {} merge value {transformation:[0.9625712418790542f,0.0942320466911227f,0.2541199041472703f,-0.03510151089393392f,-0.06961625481837078f,0.992117172599461f,-0.10419737471892013f,0.5f,-0.26193545268344154f,0.08260652038219177f,0.9615435410931048f,-0.08403465234476064f,0f,0f,0f,1f],start_interpolation:0}
execute if entity @s[tag=aj.steel_caller.locator_origin.player_camera] at @s on origin run tp @s ^0.02153 ^-0.125 ^0.0274 ~153.05794 ~0
execute if entity @s[tag=aj.steel_caller.bone.right_leg2] run data modify entity @s {} merge value {transformation:[0.7617424399590438f,-0.11272186204983653f,0.6379986183223759f,0.19189592047183948f,0.5692580707210128f,0.5866380073255563f,-0.5760217854214291f,0.32528100457591774f,-0.3093439898951218f,0.8019661028853516f,0.5110348967914508f,-0.33292821563285135f,0f,0f,0f,1f],start_interpolation:0}
execute if entity @s[tag=aj.steel_caller.bone.right_leg] run data modify entity @s {} merge value {transformation:[0.7617424399590438f,-0.2566776120115777f,0.5948655803265785f,0.09965240365517875f,0.5692580707210128f,0.7035659003104897f,-0.4253707475124263f,0.578125f,-0.3093439898951218f,0.6626549836923616f,0.6820518077854812f,-0.09478658086840888f,0f,0f,0f,1f],start_interpolation:0}
execute if entity @s[tag=aj.steel_caller.bone.left_leg2] run data modify entity @s {} merge value {transformation:[0.9993670473289462f,0.03405520608995278f,0.010283367697155599f,-0.15115315867124013f,-0.03467256577619854f,0.99712103241069f,0.06743485676365785f,0.37670939585910135f,-0.007957254270113734f,-0.06774872443382757f,0.9976706833630375f,0.27019320169337324f,0f,0f,0f,1f],start_interpolation:0}
execute if entity @s[tag=aj.steel_caller.bone.left_leg] run data modify entity @s {} merge value {transformation:[0.9993670473289462f,0.012851495864986462f,0.033171429982083916f,-0.14653465234476062f,-0.03467256577619854f,0.5604608115225006f,0.8274548277277952f,0.578125f,-0.007957254270113734f,-0.8280812265723528f,0.5605516606905278f,-0.027398489106066085f,0f,0f,0f,1f],start_interpolation:0}