execute if entity @s[tag=aj.steel_caller.bone.right_arm2] run data modify entity @s {} merge value {transformation:[0.5646002079657971f,0.8179614477997483f,0.11029811910598389f,0.06796137106499645f,-0.5922254481708281f,0.3084043679984904f,0.7444163917716438f,1.1788367110697875f,0.5748874878650951f,-0.48561900262735913f,0.6585427553191733f,0.28699464285922893f,0f,0f,0f,1f],start_interpolation:0}
execute if entity @s[tag=aj.steel_caller.bone.right_arm] run data modify entity @s {} merge value {transformation:[0.5646002079657971f,0.8179614477997483f,0.11029811910598389f,0.27245173301493353f,-0.5922254481708281f,0.3084043679984904f,0.7444163917716438f,1.2559378030694102f,0.5748874878650951f,-0.48561900262735913f,0.6585427553191733f,0.16558989220238912f,0f,0f,0f,1f],start_interpolation:0}
execute if entity @s[tag=aj.steel_caller.bone.ledo_slash] run data modify entity @s {} merge value {transformation:[0.02918455086523174f,-1.9715011244923406f,-0.7581823440028744f,-1.703289893853451f,-0.03392185973102778f,0.250521540960508f,-2.306432149883699f,1.1580243233746457f,-0.06356848476978104f,-1.038809272547948f,0.8826898562554558f,-0.4760820826003301f,0f,0f,0f,1f],start_interpolation:0}
execute if entity @s[tag=aj.steel_caller.locator_origin.ledo_great_hammer] at @s on origin run tp @s ^-1.71632 ^1.1123 ^-0.60995 ~-139.33922 ~-63.22881
execute if entity @s[tag=aj.steel_caller.locator_origin.ledo_great_hammer2] at @s on origin run tp @s ^-0.24818 ^0.99861 ^0.35405 ~-139.33922 ~-63.22881
execute if entity @s[tag=aj.steel_caller.locator_origin.ledo_great_hammer3] at @s on origin run tp @s ^-1.82443 ^1.63614 ^0.66597 ~-139.33922 ~-63.22881
execute if entity @s[tag=aj.steel_caller.locator_origin.ledo_great_hammer4] at @s on origin run tp @s ^-1.01446 ^1.94616 ^2.17175 ~-139.33922 ~-63.22881
execute if entity @s[tag=aj.steel_caller.bone.ledo_great_hammer] run data modify entity @s {} merge value {transformation:[-0.8916133753169566f,-2.0880104812687916f,-0.6970386065832876f,-1.60494495046059f,1.0363422754551226f,0.265326555897271f,-2.1204295571511422f,1.0726556195655774f,1.9420724180782751f,-1.100199549557879f,0.8115051904284029f,-0.6146740495179835f,0f,0f,0f,1f],start_interpolation:0}
execute if entity @s[tag=aj.steel_caller.bone.left_arm2] run data modify entity @s {} merge value {transformation:[0.12383453584592702f,0.827512997967554f,-0.5476196179160991f,-0.5605132492144874f,0.4838207605808045f,0.43147389384568485f,0.7614116827056532f,1.1822076866593396f,0.8663616331318205f,-0.35923880236465744f,-0.3469365986931486f,-0.028235596157752f,0f,0f,0f,1f],start_interpolation:0}
execute if entity @s[tag=aj.steel_caller.bone.left_arm] run data modify entity @s {} merge value {transformation:[0.12383453584592702f,0.827512997967554f,-0.5476196179160991f,-0.33815568274185803f,0.4838207605808045f,0.43147389384568485f,0.7614116827056532f,1.3505537551933613f,0.8663616331318205f,-0.35923880236465744f,-0.3469365986931486f,-0.009750092607438803f,0f,0f,0f,1f],start_interpolation:0}
execute if entity @s[tag=aj.steel_caller.bone.head] run data modify entity @s {} merge value {transformation:[0.48550780372083924f,-0.37300037558225996f,-0.7906661067363767f,-0.004779820571948302f,-0.3094190786257107f,0.7725542216726539f,-0.5544545142373505f,1.422789963383972f,0.8176441807464802f,0.5138391717174285f,0.25966767087984566f,0.04321949679732739f,0f,0f,0f,1f],start_interpolation:0}
execute if entity @s[tag=aj.steel_caller.bone.body_top] run data modify entity @s {} merge value {transformation:[0.8760449341636077f,-0.008570919385294707f,-0.48215330826114894f,-0.00140502106398851f,-0.06710245100157772f,0.987948197000921f,-0.13948340801762188f,1.0337853608148593f,0.4775379926203366f,0.1545474017365555f,0.8649118835006365f,-0.017633542636441353f,0f,0f,0f,1f],start_interpolation:0}
execute if entity @s[tag=aj.steel_caller.bone.body] run data modify entity @s {} merge value {transformation:[0.8760449341636077f,0.012468470153321164f,-0.4820682634008543f,-0.006859976756066519f,-0.06710245100157772f,0.9930920700341308f,-0.09625695561831331f,0.599307580174927f,0.4775379926203366f,0.11667338037170608f,0.8708299420189789f,-0.06867814654906276f,0f,0f,0f,1f],start_interpolation:0}
execute if entity @s[tag=aj.steel_caller.locator_origin.player_camera] at @s on origin run tp @s ^0.00618 ^-0.02569 ^0.05564 ~174.01287 ~0
execute if entity @s[tag=aj.steel_caller.bone.right_leg2] run data modify entity @s {} merge value {transformation:[0.8469933813694197f,-0.5273581388069118f,-0.06704927554050277f,0.30017175241096633f,0.3386420298027415f,0.6324672288951294f,-0.6966396342620732f,0.3910571790716825f,0.40978505044410246f,0.5673434566537501f,0.7142811873658009f,-0.14487465724371312f,0f,0f,0f,1f],start_interpolation:0}
execute if entity @s[tag=aj.steel_caller.bone.right_leg] run data modify entity @s {} merge value {transformation:[0.8469933813694197f,-0.4897514785808229f,-0.2067503352942726f,0.12416731479598309f,0.3386420298027415f,0.7968706813307673f,-0.5003185913860466f,0.677432580174927f,0.40978505044410246f,0.35375218227360283f,0.8407946277000037f,-0.0177449667391371f,0f,0f,0f,1f],start_interpolation:0}
execute if entity @s[tag=aj.steel_caller.bone.left_leg2] run data modify entity @s {} merge value {transformation:[0.8408488910917375f,0.08726491072538653f,-0.5341890842256936f,-0.29590730184350356f,-0.10452886541503792f,0.9945196967557934f,-0.002071004541178423f,0.4404864717911784f,0.5310808400279939f,0.05757958076310565f,0.8453624862946694f,0.15853569373345128f,0f,0f,0f,1f],start_interpolation:0}
execute if entity @s[tag=aj.steel_caller.bone.left_leg] run data modify entity @s {} merge value {transformation:[0.8408488910917375f,0.4583767799497484f,-0.2878608517195326f,-0.13117814654906274f,-0.10452886541503792f,0.6593283015895615f,0.7445534950680637f,0.677432580174927f,0.5310808400279939f,-0.5959672124588098f,0.6023090759977272f,-0.05564002324393349f,0f,0f,0f,1f],start_interpolation:0}