execute if entity @s[tag=aj.steel_caller.bone.right_arm2] run data modify entity @s {} merge value {transformation:[0.4880753741053712f,0.8520867013928437f,0.18902561334740944f,0.013827214374331487f,-0.29245538593313564f,-0.04439232464339801f,0.9552482236316672f,1.3797811058264509f,0.8223455942793165f,-0.5215146928152817f,0.22753054464660297f,0.19539924966265776f,0f,0f,0f,1f],start_interpolation:0}
execute if entity @s[tag=aj.steel_caller.bone.right_arm] run data modify entity @s {} merge value {transformation:[0.7026333808954422f,0.6830219110327241f,0.1994677946452649f,0.18458269213251252f,-0.2966214639133074f,0.026350392485790818f,0.9546315330858137f,1.3863687039478985f,0.6467781993831939f,-0.729922410852722f,0.22111362449560445f,0.012918646949477239f,0f,0f,0f,1f],start_interpolation:0}
execute if entity @s[tag=aj.steel_caller.bone.ledo_slash] run data modify entity @s {} merge value {transformation:[-7.809078653109792e-7f,0.4033442288726195f,2.550456110817282f,-0.16072419011165834f,-0.00002077193419340116f,1.5059287743224488f,-0.3017567504280822f,2.086996587903183f,-0.000015338775827360486f,-2.0598793825886865f,0.2787967027727869f,-0.5229928694558089f,0f,0f,0f,1f],start_interpolation:0}
execute if entity @s[tag=aj.steel_caller.locator_origin.ledo_hammer] at @s on origin run tp @s ^-0.1413 ^2.16334 ^-0.62818 ~96.23837 ~-6.70798
execute if entity @s[tag=aj.steel_caller.locator_origin.ledo_hammer2] at @s on origin run tp @s ^-0.35598 ^1.3618 ^0.46821 ~96.23837 ~-6.70798
execute if entity @s[tag=aj.steel_caller.bone.ledo_great_hammer] run data modify entity @s {} merge value {transformation:[-0.07179314245600937f,0.37081646847966626f,2.344774166396533f,-0.15017714638513568f,-1.9096778210062353f,1.384482905425477f,-0.27742152861936586f,2.2559775067382213f,-1.4101777776766897f,-1.8937600775412118f,0.2563130977104654f,-0.43658094065950726f,0f,0f,0f,1f],start_interpolation:0}
execute if entity @s[tag=aj.steel_caller.bone.left_arm2] run data modify entity @s {} merge value {transformation:[0.9902926284082078f,0.015088023676294183f,-0.13817692159657835f,-0.4016009370037773f,0.08980043616019923f,-0.8282284971794089f,0.5531486582514469f,1.208668122122802f,-0.10609614406660287f,-0.5601873865069451f,-0.8215434865013033f,0.17318352891597413f,0f,0f,0f,1f],start_interpolation:0}
execute if entity @s[tag=aj.steel_caller.bone.left_arm] run data modify entity @s {} merge value {transformation:[0.9902926284082078f,-0.1388215226460747f,0.007006780329705124f,-0.31251973911427f,0.08980043616019923f,0.6774464658016502f,0.7300699744807286f,1.3892547930932395f,-0.10609614406660287f,-0.7223537020207476f,0.6833364745066076f,-0.020666914597538107f,0f,0f,0f,1f],start_interpolation:0}
execute if entity @s[tag=aj.steel_caller.bone.head] run data modify entity @s {} merge value {transformation:[0.9999995490804969f,0.000016508977064877653f,0.0009495084288289866f,-0.000011524562559819834f,0f,0.9998488826840836f,-0.01738423985654583f,1.4930818824529517f,-0.0009496519376808638f,0.01738423201765303f,0.999848431832722f,-0.012165235886658646f,0f,0f,0f,1f],start_interpolation:0}
execute if entity @s[tag=aj.steel_caller.bone.body_top] run data modify entity @s {} merge value {transformation:[0.9999995490804969f,0.00008018739636495682f,0.0009462604209229237f,-0.00004309834987852158f,0f,0.9964286738926448f,-0.08443872242369316f,1.1007380921077228f,-0.0009496519376808638f,0.0844386843486264f,0.9964282245835222f,-0.0454129678489303f,0f,0f,0f,1f],start_interpolation:0}
execute if entity @s[tag=aj.steel_caller.bone.body] run data modify entity @s {} merge value {transformation:[0.9999995490804969f,0.0000372184655896489f,0.0009489223300988187f,-0.00005938142857399298f,0f,0.9992317105319377f,-0.03919169130591127f,0.66357421875f,-0.0009496519376808638f,0.039191673633613304f,0.9992312599588713f,-0.06255932506363612f,0f,0f,0f,1f],start_interpolation:0}
execute if entity @s[tag=aj.steel_caller.locator_origin.player_camera] at @s on origin run tp @s ^0.00053 ^-0.14893 ^0.56244 ~179.94559 ~0
execute if entity @s[tag=aj.steel_caller.bone.right_leg2] run data modify entity @s {} merge value {transformation:[0.9901614078533645f,-0.13819831287665213f,0.021945676473742362f,0.17521708469097913f,0.13991352917444944f,0.9801950277989362f,-0.14014960518029754f,0.3858662963946037f,-0.002142603975000328f,0.14184122742097857f,0.9898871023767895f,-0.06384216553800443f,0f,0f,0f,1f],start_interpolation:0}
execute if entity @s[tag=aj.steel_caller.bone.right_leg] run data modify entity @s {} merge value {transformation:[0.9901614078533645f,-0.1398966502827177f,0.0030518252764841175f,0.12494172599562745f,0.13991352917444944f,0.9901437839454507f,-0.006284223749613488f,0.74169921875f,-0.002142603975000328f,0.0066493874800395225f,0.9999755971494236f,-0.061452541912365224f,0f,0f,0f,1f],start_interpolation:0}
execute if entity @s[tag=aj.steel_caller.bone.left_leg2] run data modify entity @s {} merge value {transformation:[0.9971607201980339f,0.07424267906816602f,0.012590579768997773f,-0.14955916228329338f,-0.07468322525239184f,0.9964385314600933f,0.03914931528843385f,0.4004026312490823f,-0.009639188764553655f,-0.03997846453322085f,0.9991540463880069f,0.04740831388328085f,0f,0f,0f,1f],start_interpolation:0}
execute if entity @s[tag=aj.steel_caller.bone.left_leg] run data modify entity @s {} merge value {transformation:[0.9971607201980339f,0.06817346008948116f,0.03198245508972243f,-0.1250593250636361f,-0.07468322525239184f,0.9496948521764665f,0.3041415848176962f,0.74169921875f,-0.009639188764553655f,-0.30566659465657564f,0.9520898166407484f,-0.062440618571426014f,0f,0f,0f,1f],start_interpolation:0}