execute if entity @s[tag=aj.steel_caller.bone.right_arm2] run data modify entity @s {} merge value {transformation:[-0.9880492109623753f,-0.017724527078585794f,0.15311628867128466f,-0.3884719326858304f,0.14668815208993846f,0.19698214238363085f,0.9693712506663247f,1.1779477001483256f,-0.047342821557938064f,0.9802468447905333f,-0.19202807223199886f,-0.06805067804531359f,0f,0f,0f,1f],start_interpolation:0}
execute if entity @s[tag=aj.steel_caller.bone.right_arm] run data modify entity @s {} merge value {transformation:[-0.9880492109623753f,-0.017724527078585794f,0.15311628867128466f,-0.39290306445547685f,0.14668815208993846f,0.19698214238363085f,0.9693712506663247f,1.2271932357442332f,-0.047342821557938064f,0.9802468447905333f,-0.19202807223199886f,0.17701103315231972f,0f,0f,0f,1f],start_interpolation:0}
execute if entity @s[tag=aj.steel_caller.bone.ledo_slash] run data modify entity @s {} merge value {transformation:[-0.000009322378924275495f,0.000023180161075997784f,-0.656768564976528f,1.2952941653412176f,-0.000001854269033005293f,-0.000007711634362669535f,-2.458563590637516f,0.594964518515113f,-0.000024021158353763312f,-0.000008400710628179213f,0.4446698032938054f,-0.8798890530066237f,0f,0f,0f,1f],start_interpolation:0}
execute if entity @s[tag=aj.steel_caller.locator_origin.ledo_hammer] at @s on origin run tp @s ^1.35723 ^0.5754 ^-0.90293 ~-124.10024 ~-72.12007
execute if entity @s[tag=aj.steel_caller.locator_origin.ledo_hammer2] at @s on origin run tp @s ^0.12345 ^0.98586 ^-0.4558 ~-124.10024 ~-72.12007
execute if entity @s[tag=aj.steel_caller.bone.ledo_great_hammer] run data modify entity @s {} merge value {transformation:[-0.8570574172317793f,2.131079324728828f,-0.6038033581235822f,1.3349160755867682f,-0.17047312077629306f,-0.7089728365680056f,-2.260292333328039f,0.6177515127417678f,-2.208396816394369f,-0.7723233964616373f,0.4088093352862404f,-0.6953797859694151f,0f,0f,0f,1f],start_interpolation:0}
execute if entity @s[tag=aj.steel_caller.bone.left_arm2] run data modify entity @s {} merge value {transformation:[-0.694236522363828f,-0.18545744175806766f,0.6954431596562949f,0.27006225088270164f,0.5383354204301953f,0.5075443370426926f,0.6727508610519488f,1.0284852603629573f,-0.47773489104986133f,0.8414299039328507f,-0.2525175056132357f,-0.31274951372326043f,0f,0f,0f,1f],start_interpolation:0}
execute if entity @s[tag=aj.steel_caller.bone.left_arm] run data modify entity @s {} merge value {transformation:[-0.694236522363828f,-0.18545744175806766f,0.6954431596562949f,0.13691832514770624f,0.5383354204301953f,0.5075443370426926f,0.6727508610519488f,1.222663272177405f,-0.47773489104986133f,0.8414299039328507f,-0.2525175056132357f,-0.16210889912128046f,0f,0f,0f,1f],start_interpolation:0}
execute if entity @s[tag=aj.steel_caller.bone.head] run data modify entity @s {} merge value {transformation:[-0.893035135382828f,-0.1283893783491524f,0.4312822909636939f,-0.11378873691547153f,-0.17621999814318057f,0.9816657450983651f,-0.07265588176389605f,1.3424995327856875f,-0.41404680801352833f,-0.14088481972018843f,-0.8992867775888949f,0.04710413139565614f,0f,0f,0f,1f],start_interpolation:0}
execute if entity @s[tag=aj.steel_caller.bone.body_top] run data modify entity @s {} merge value {transformation:[-0.8118826872283751f,-0.14620413139439303f,-0.5652175281624265f,-0.05622086017892928f,-0.09613391218968056f,0.9883992523880509f,-0.11758056304444565f,0.9533173271578924f,0.5758513463611413f,-0.04112505126991489f,-0.8165194162125649f,0.06329712033318513f,0f,0f,0f,1f],start_interpolation:0}
execute if entity @s[tag=aj.steel_caller.bone.body] run data modify entity @s {} merge value {transformation:[-0.7421903957327762f,-0.11742590939593785f,-0.6598216215649212f,-0.004847024818206473f,-0.08209789303646547f,0.9930456317180398f,-0.08438192510657938f,0.51885986328125f,0.6651416033003785f,-0.008457489477161524f,-0.7466693501348142f,0.0669972719794433f,0f,0f,0f,1f],start_interpolation:0}
execute if entity @s[tag=aj.steel_caller.locator_origin.player_camera] at @s on origin run tp @s ^-0.6281 ^-0.29364 ^0.02028 ~-85.71289 ~0
execute if entity @s[tag=aj.steel_caller.bone.right_leg2] run data modify entity @s {} merge value {transformation:[-0.304945433749603f,0.01660335319322148f,-0.9522250842621229f,-0.36362923677432263f,-0.025471011024884443f,0.9993481826152351f,0.025581976096403114f,0.40389901022473484f,0.952029153982501f,0.03205524241630166f,-0.30432376082224577f,0.08984407358788421f,0f,0f,0f,1f],start_interpolation:0}
execute if entity @s[tag=aj.steel_caller.bone.right_leg] run data modify entity @s {} merge value {transformation:[-0.304945433749603f,0.7989225504774901f,-0.5183927476091931f,-0.07651644519647467f,-0.025471011024884443f,0.537282373722477f,0.8430177213347954f,0.59698486328125f,0.952029153982501f,0.27027839208061505f,-0.14349244140957612f,0.18697537074185525f,0f,0f,0f,1f],start_interpolation:0}
execute if entity @s[tag=aj.steel_caller.bone.left_leg2] run data modify entity @s {} merge value {transformation:[-0.6553896122064942f,-0.7284918248935612f,-0.19940942122946517f,0.2825057430336939f,-0.23663928950018306f,0.44877728290808727f,-0.861742883353546f,0.3274627244974503f,0.7172630639288977f,-0.5175892303834032f,-0.4665137572617195f,0.05287896851215131f,0f,0f,0f,1f],start_interpolation:0}
execute if entity @s[tag=aj.steel_caller.bone.left_leg] run data modify entity @s {} merge value {transformation:[-0.6553896122064942f,-0.5925410794887813f,-0.46835833005305993f,0.06956129259241314f,-0.23663928950018306f,0.749974647050573f,-0.617689141434603f,0.59698486328125f,0.7172630639288977f,-0.29399506441373835f,-0.6317440931450741f,-0.05277550776153591f,0f,0f,0f,1f],start_interpolation:0}