execute if entity @s[tag=aj.steel_caller.bone.right_arm2] run data modify entity @s {} merge value {transformation:[-0.12076151306919813f,0.9344561528313392f,-0.33497515638759057f,-0.2357267285292655f,-0.47440207944054724f,0.24208953361459504f,0.8463659520188372f,1.2306067351053207f,0.8719858507933042f,0.2611213437272428f,0.414072843671686f,0.3019096424343897f,0f,0f,0f,1f],start_interpolation:0}
execute if entity @s[tag=aj.steel_caller.bone.right_arm] run data modify entity @s {} merge value {transformation:[-0.12076151306919813f,0.9344561528313392f,-0.33497515638759057f,-0.0021126903214306785f,-0.47440207944054724f,0.24208953361459504f,0.8463659520188372f,1.2911291185089695f,0.8719858507933042f,0.2611213437272428f,0.414072843671686f,0.36718997836620043f,0f,0f,0f,1f],start_interpolation:0}
execute if entity @s[tag=aj.steel_caller.bone.ledo_slash] run data modify entity @s {} merge value {transformation:[-0.7696942401318353f,-0.13950870026741158f,0.2675845813808686f,-0.5965483292604792f,-0.07569218444348677f,-0.26493882490869103f,-2.557295361486457f,0.987522058411547f,0.04966356735122922f,-2.5659220277936754f,0.24949957322245717f,-1.568490544657278f,0f,0f,0f,1f],start_interpolation:0}
execute if entity @s[tag=aj.steel_caller.locator_origin.ledo_great_hammer] at @s on origin run tp @s ^-0.47671 ^0.9937 ^-1.64502 ~132.9969 ~-81.85827
execute if entity @s[tag=aj.steel_caller.locator_origin.ledo_great_hammer2] at @s on origin run tp @s ^-0.56842 ^1.15486 ^0.1052 ~132.9969 ~-81.85827
execute if entity @s[tag=aj.steel_caller.locator_origin.ledo_great_hammer3] at @s on origin run tp @s ^-1.7566 ^0.91038 ^-1.12636 ~132.9969 ~-81.85827
execute if entity @s[tag=aj.steel_caller.locator_origin.ledo_great_hammer4] at @s on origin run tp @s ^-2.73757 ^0.94762 ^0.30746 ~132.9969 ~-81.85827
execute if entity @s[tag=aj.steel_caller.bone.ledo_great_hammer] run data modify entity @s {} merge value {transformation:[-2.3587404133072365f,-0.12825799863294288f,0.246005179656605f,-0.40864437559631656f,-0.23195992006874971f,-0.24357279064186108f,-2.351061864592388f,1.009039588820157f,0.15219480317312178f,-2.3589928320038624f,0.22937863989806545f,-1.5494665444866842f,0f,0f,0f,1f],start_interpolation:0}
execute if entity @s[tag=aj.steel_caller.bone.left_arm2] run data modify entity @s {} merge value {transformation:[-0.6388113241501678f,0.7690330660349441f,-0.02254407865498506f,-0.32970150216445954f,0.500420075549353f,0.4375830356572248f,0.7470614666091321f,1.1946715153652119f,0.5843798765569264f,0.46594981516242817f,-0.6643725834389993f,-0.41817846229466604f,0f,0f,0f,1f],start_interpolation:0}
execute if entity @s[tag=aj.steel_caller.bone.left_arm] run data modify entity @s {} merge value {transformation:[-0.6388113241501678f,0.7690330660349441f,-0.02254407865498506f,-0.21729465117449448f,0.500420075549353f,0.4375830356572248f,0.7470614666091321f,1.3666197837231873f,0.5843798765569264f,0.46594981516242817f,-0.6643725834389993f,-0.2286435239344432f,0f,0f,0f,1f],start_interpolation:0}
execute if entity @s[tag=aj.steel_caller.bone.head] run data modify entity @s {} merge value {transformation:[-0.3514385708248935f,-0.5800660132861969f,-0.7348566875022733f,-0.05784618799288329f,-0.2676709650791034f,0.8144170076530521f,-0.5148564771847293f,1.4490959169068032f,0.8971305286245572f,0.015759374216825897f,-0.4414843788109794f,0.07018682894725947f,0f,0f,0f,1f],start_interpolation:0}
execute if entity @s[tag=aj.steel_caller.bone.body_top] run data modify entity @s {} merge value {transformation:[0.14822199548448484f,-0.12329525816202647f,-0.981238258207127f,-0.009298680091585361f,-0.07143125233506695f,0.9882716755068144f,-0.13496915047816527f,1.059963944675995f,0.9863710337618604f,0.09009647443553423f,0.13767646512692622f,0.03471134213826786f,0f,0f,0f,1f],start_interpolation:0}
execute if entity @s[tag=aj.steel_caller.bone.body] run data modify entity @s {} merge value {transformation:[0.14623963217535318f,-0.08037154894253351f,-0.9859788963775011f,0.02586387257077305f,-0.07170466355175115f,0.9932112386244967f,-0.0915962700928549f,0.6254340277777777f,0.9866470550334335f,0.08409428988088904f,0.13948383133281572f,-0.0020799096846210946f,0f,0f,0f,1f],start_interpolation:0}
execute if entity @s[tag=aj.steel_caller.locator_origin.player_camera] at @s on origin run tp @s ^-0.06042 ^0.00043 ^0.08836 ~-136.34838 ~0
execute if entity @s[tag=aj.steel_caller.bone.right_leg2] run data modify entity @s {} merge value {transformation:[0.2623155700113869f,-0.611386949259767f,-0.7465899410013744f,0.18422321008194617f,0.37566621051953825f,0.7773479955001064f,-0.504583979299637f,0.3782152622661781f,0.8888562538473197f,-0.14810837979939395f,0.43358790092633726f,0.23415439514425607f,0f,0f,0f,1f],start_interpolation:0}
execute if entity @s[tag=aj.steel_caller.bone.right_leg] run data modify entity @s {} merge value {transformation:[0.2623155700113869f,-0.3090296673359442f,-0.9141614772215226f,0.07316567338309121f,0.37566621051953825f,0.9053043909887989f,-0.1982393955052574f,0.7035590277777777f,0.8888562538473197f,-0.2914182979200783f,0.3535674414222459f,0.12942594432922794f,0f,0f,0f,1f],start_interpolation:0}
execute if entity @s[tag=aj.steel_caller.bone.left_leg2] run data modify entity @s {} merge value {transformation:[0.051655957839703226f,-0.18524673969712685f,-0.981333433370762f,-0.22805000997659886f,-0.14195530867909437f,0.9713053621620973f,-0.19082605632612132f,0.38832237588893037f,0.9885243306856365f,0.14916279317156092f,0.02387695072182147f,-0.1302626599901522f,0f,0f,0f,1f],start_interpolation:0}
execute if entity @s[tag=aj.steel_caller.bone.left_leg] run data modify entity @s {} merge value {transformation:[0.051655957839703226f,0.46932345482237914f,-0.8815141273815462f,-0.05938689339980635f,-0.14195530867909437f,0.8771802487341839f,0.4586976145223107f,0.7035590277777777f,0.9885243306856365f,0.10144114542049296f,0.1119345418460832f,-0.09380724835466256f,0f,0f,0f,1f],start_interpolation:0}