execute if entity @s[tag=aj.steel_caller.bone.right_arm2] run data modify entity @s {} merge value {transformation:[-0.4020835372712118f,-0.8911999320143018f,0.20997978529652353f,-0.18947573007873825f,0.06282749863196509f,0.20193931800057002f,0.97738079439956f,1.150868020019409f,-0.9134448721576585f,0.40618123174658f,-0.025204612786369172f,-0.21667998137288275f,0f,0f,0f,1f],start_interpolation:0}
execute if entity @s[tag=aj.steel_caller.bone.right_arm] run data modify entity @s {} merge value {transformation:[-0.4020835372712118f,-0.8911999320143018f,0.20997978529652353f,-0.4122757130823137f,0.06282749863196509f,0.20193931800057002f,0.97738079439956f,1.2013528495195516f,-0.9134448721576585f,0.40618123174658f,-0.025204612786369172f,-0.11513467343623773f,0f,0f,0f,1f],start_interpolation:0}
execute if entity @s[tag=aj.steel_caller.bone.ledo_slash] run data modify entity @s {} merge value {transformation:[0.000011430844026187243f,0.000022054934533034345f,-0.709061201192534f,1.5040859538623286f,-0.0000013376072828774934f,-0.000007265264969429832f,-2.4754551961041025f,0.6272021517582401f,-0.000023128072178996764f,0.0000113206403873039f,-0.2072797533665861f,0.4326502753314161f,0f,0f,0f,1f],start_interpolation:0}
execute if entity @s[tag=aj.steel_caller.locator_origin.ledo_great_hammer] at @s on origin run tp @s ^1.50812 ^0.61532 ^0.57442 ~-73.70478 ~-73.38359
execute if entity @s[tag=aj.steel_caller.locator_origin.ledo_great_hammer2] at @s on origin run tp @s ^0.09704 ^1.09777 ^-0.36033 ~-73.70478 ~-73.38359
execute if entity @s[tag=aj.steel_caller.locator_origin.ledo_great_hammer3] at @s on origin run tp @s ^1.71537 ^0.6704 ^-0.79236 ~-73.70478 ~-73.38359
execute if entity @s[tag=aj.steel_caller.locator_origin.ledo_great_hammer4] at @s on origin run tp @s ^1.01162 ^1.00208 ^-2.34614 ~-73.70478 ~-73.38359
execute if entity @s[tag=aj.steel_caller.bone.ledo_great_hammer] run data modify entity @s {} merge value {transformation:[1.050900176601085f,2.0276310780370284f,-0.6518788462576522f,1.3944407941564925f,-0.12297357278067275f,-0.6679356504153231f,-2.27582171254732f,0.645699218693758f,-2.1262905067787345f,1.0407685517360037f,-0.19056364422411948f,0.5868209922911056f,0f,0f,0f,1f],start_interpolation:0}
execute if entity @s[tag=aj.steel_caller.bone.left_arm2] run data modify entity @s {} merge value {transformation:[-0.1281857368583887f,-0.7553192486386213f,0.6426984125560452f,0.38859002894328876f,0.545638442447781f,0.4874363961440907f,0.6816776729783809f,1.0232076508003716f,-0.8281588657916014f,0.4380623156013876f,0.3496488247666779f,0.08782995585971018f,0f,0f,0f,1f],start_interpolation:0}
execute if entity @s[tag=aj.steel_caller.bone.left_arm] run data modify entity @s {} merge value {transformation:[-0.1281857368583887f,-0.7553192486386213f,0.6426984125560452f,0.1837369996763348f,0.545638442447781f,0.4874363961440907f,0.6816776729783809f,1.213271555142367f,-0.8281588657916014f,0.4380623156013876f,0.3496488247666779f,0.0938256765361069f,0f,0f,0f,1f],start_interpolation:0}
execute if entity @s[tag=aj.steel_caller.bone.head] run data modify entity @s {} merge value {transformation:[-0.37272035300318956f,-0.05997774743841803f,0.926003352191228f,-0.12997287511946676f,-0.1793992700536884f,0.9837396984483106f,-0.00849161945865521f,1.3215623651562234f,-0.9104369502394891f,-0.16928932485257353f,-0.37741977177882235f,0.0032665196680521577f,0f,0f,0f,1f],start_interpolation:0}
execute if entity @s[tag=aj.steel_caller.bone.body_top] run data modify entity @s {} merge value {transformation:[-0.9701205602565184f,-0.08074041831391605f,0.2287948500689493f,-0.0981813354083623f,-0.10679679223920581f,0.9888397752126767f,-0.10387658121424002f,0.9322067036662318f,-0.21785440949174076f,-0.12520736323330406f,-0.9679166144132297f,0.052566918941165636f,0f,0f,0f,1f],start_interpolation:0}
execute if entity @s[tag=aj.steel_caller.bone.body] run data modify entity @s {} merge value {transformation:[-0.9954586889931256f,-0.08286329104414637f,0.046858014313679475f,-0.06192864557654826f,-0.08635477682113488f,0.9931920422423923f,-0.07818196560945413f,0.4976851851851851f,-0.04006059196092698f,-0.08187333035683214f,-0.995837289293799f,0.0883865009722797f,0f,0f,0f,1f],start_interpolation:0}
execute if entity @s[tag=aj.steel_caller.locator_origin.player_camera] at @s on origin run tp @s ^-0.15089 ^-0.12731 ^0.00057 ~-45.37037 ~0
execute if entity @s[tag=aj.steel_caller.bone.right_leg2] run data modify entity @s {} merge value {transformation:[-0.8549450856131683f,0.013725613499828287f,-0.5185368917636872f,-0.3589264883485896f,-0.005026880517711746f,0.9993836819288885f,0.03474171507739765f,0.41013032653999126f,0.5186941594602287f,0.03230888157011563f,-0.854349170488001f,-0.13964423729752656f,0f,0f,0f,1f],start_interpolation:0}
execute if entity @s[tag=aj.steel_caller.bone.right_leg] run data modify entity @s {} merge value {transformation:[-0.8549450856131683f,0.4583061385053151f,-0.24294934450259276f,-0.19422271982324196f,-0.005026880517711746f,0.46102221536053933f,0.8873743558478132f,0.5758101851851851f,0.5186941594602287f,0.7598776219579095f,-0.39184482718218877f,0.1334367830935972f,0f,0f,0f,1f],start_interpolation:0}
execute if entity @s[tag=aj.steel_caller.bone.left_leg2] run data modify entity @s {} merge value {transformation:[-0.9653974827264504f,-0.22065895099362012f,0.13898678963062494f,0.16127761601534873f,-0.23183038417923402f,0.4821045219895287f,-0.8448845500117494f,0.31659932706053395f,0.119425178738578f,-0.8478707786117191f,-0.5165779413211674f,0.275058241644206f,0f,0f,0f,1f],start_interpolation:0}
execute if entity @s[tag=aj.steel_caller.bone.left_leg] run data modify entity @s {} merge value {transformation:[-0.9653974827264504f,-0.25297304304752216f,0.06334303305580608f,0.07036542867014545f,-0.23183038417923402f,0.7212823878251162f,-0.6526916500037419f,0.5758101851851851f,0.119425178738578f,-0.6447917155985914f,-0.7549710392979876f,0.043336218850962234f,0f,0f,0f,1f],start_interpolation:0}