execute if entity @s[tag=aj.steel_caller.bone.right_arm2] run data modify entity @s {} merge value {transformation:[0.8336086524636099f,-0.3236992818512349f,-0.4475660727387622f,0.41524105708436826f,-0.11466792573593901f,-0.8940499942962559f,0.4330425781678773f,1.641600216052906f,-0.5403220163432371f,-0.3096665668551575f,-0.7824057361924943f,0.0669896657969005f,0f,0f,0f,1f],start_interpolation:0}
execute if entity @s[tag=aj.steel_caller.bone.right_arm] run data modify entity @s {} merge value {transformation:[0.8336086524636099f,-0.3236992818512349f,-0.4475660727387622f,0.3343162366215595f,-0.11466792573593901f,-0.8940499942962559f,0.4330425781678773f,1.418087717478842f,-0.5403220163432371f,-0.3096665668551575f,-0.7824057361924943f,-0.010426975916888882f,0f,0f,0f,1f],start_interpolation:0}
execute if entity @s[tag=aj.steel_caller.bone.ledo_slash] run data modify entity @s {} merge value {transformation:[0.0000044559399080589005f,2.249898924726688f,1.1887017855553508f,0.9953001706597837f,-0.00002105527681748046f,1.0036703074872138f,-1.1104099271765913f,2.4065390650968608f,-0.00001428919272688798f,-0.7773106544318825f,2.006885390289216f,0.0986178648378889f,0f,0f,0f,1f],start_interpolation:0}
execute if entity @s[tag=aj.steel_caller.locator_origin.ledo_hammer] at @s on origin run tp @s ^1.10933 ^2.45767 ^0.05797 ~149.36124 ~-25.45716
execute if entity @s[tag=aj.steel_caller.locator_origin.ledo_hammer2] at @s on origin run tp @s ^-0.0882 ^1.92346 ^0.4717 ~149.36124 ~-25.45716
execute if entity @s[tag=aj.steel_caller.bone.ledo_great_hammer] run data modify entity @s {} merge value {transformation:[0.4096589915473505f,2.068455463055181f,1.092838738333145f,0.9901751905778242f,-1.9357270622522358f,0.9227291536575996f,-1.0208607395010598f,2.571500795717532f,-1.3136838474719592f,-0.7146243113325371f,1.8450397942981502f,0.19292679606814178f,0f,0f,0f,1f],start_interpolation:0}
execute if entity @s[tag=aj.steel_caller.bone.left_arm2] run data modify entity @s {} merge value {transformation:[0.9076369311715954f,0.16087813351978886f,-0.3877027564108841f,-0.3630942018707002f,0.3190098760036031f,-0.8646803137340828f,0.3880214608148538f,1.5096402271915836f,-0.2728147726674167f,-0.47586361617160466f,-0.8361374998279342f,0.403696956088368f,0f,0f,0f,1f],start_interpolation:0}
execute if entity @s[tag=aj.steel_caller.bone.left_arm] run data modify entity @s {} merge value {transformation:[0.9076369311715954f,-0.09059351343150016f,-0.40986341200154097f,-0.27228796383212583f,0.3190098760036031f,-0.48574467992980985f,0.8138088257889882f,1.4280802917095816f,-0.2728147726674167f,-0.869393421440502f,-0.41197958513790783f,0.15224675414481537f,0f,0f,0f,1f],start_interpolation:0}
execute if entity @s[tag=aj.steel_caller.bone.head] run data modify entity @s {} merge value {transformation:[0.9846084642787425f,0.17204358794091656f,-0.03077622327499424f,0.01414499880173942f,-0.16685784077012125f,0.8729220976453289f,-0.458438079151385f,1.3231970635455768f,-0.05200608660713718f,0.4565172672428664f,0.8881933075997117f,0.02614767061648833f,0f,0f,0f,1f],start_interpolation:0}
execute if entity @s[tag=aj.steel_caller.bone.body_top] run data modify entity @s {} merge value {transformation:[0.9357553825062519f,0.056382064934950245f,0.3481133821964462f,-0.008055439266397242f,0f,0.9871362650729879f,-0.15988118769183488f,0.9345121591730876f,-0.3526497754296435f,0.1496096819441268f,0.9237180733091667f,-0.0327611416490116f,0f,0f,0f,1f],start_interpolation:0}
execute if entity @s[tag=aj.steel_caller.bone.body] run data modify entity @s {} merge value {transformation:[0.9357553825062519f,0.04114390923729082f,0.35024140652306024f,-0.026055899557711974f,0f,0.993170649538486f,-0.11667073709933318f,0.5f,-0.3526497754296435f,0.10917527022167287f,0.9293647810528686f,-0.08052532237099348f,0f,0f,0f,1f],start_interpolation:0}
execute if entity @s[tag=aj.steel_caller.locator_origin.player_camera] at @s on origin run tp @s ^0.19435 ^-0.3125 ^0.50432 ~159.35053 ~0
execute if entity @s[tag=aj.steel_caller.bone.right_leg2] run data modify entity @s {} merge value {transformation:[0.8695858766606789f,0.1486074427255724f,0.4708887672039374f,0.10984345855753413f,0.34018430591303184f,0.510916414031805f,-0.7894549106081676f,0.3085528294855125f,-0.35790367576031823f,0.8466878089587961f,0.3937317780390682f,-0.3323240590996133f,0f,0f,0f,1f],start_interpolation:0}
execute if entity @s[tag=aj.steel_caller.bone.right_leg] run data modify entity @s {} merge value {transformation:[0.8695858766606789f,-0.021408126326453197f,0.49331743861277483f,0.10214991315896502f,0.34018430591303184f,0.7501138657794435f,-0.5671012487870994f,0.578125f,-0.35790367576031823f,0.6609620870311772f,0.6595711321644113f,-0.09479080907278402f,0f,0f,0f,1f],start_interpolation:0}
execute if entity @s[tag=aj.steel_caller.bone.left_leg2] run data modify entity @s {} merge value {transformation:[0.8966085364987753f,0.10057488390150612f,0.4312514637722667f,-0.04207376576805999f,-0.12430022949513439f,0.9918742502161122f,0.027109494751510532f,0.3688582861233236f,-0.42502068799645626f,-0.07791126033137835f,0.9018244010274922f,0.2377212079169242f,0f,0f,0f,1f],start_interpolation:0}
execute if entity @s[tag=aj.steel_caller.bone.left_leg] run data modify entity @s {} merge value {transformation:[0.8966085364987753f,-0.2809086792429453f,0.34232067744077066f,-0.14302532237099347f,-0.12430022949513439f,0.5823073777437953f,0.8034099643224509f,0.578125f,-0.42502068799645626f,-0.7628947710865036f,0.48718475245423065f,-0.03644410044228803f,0f,0f,0f,1f],start_interpolation:0}