execute if entity @s[tag=aj.steel_caller.bone.right_arm2] run data modify entity @s {} merge value {transformation:[0.7997404733551212f,0.09771541874309214f,0.5923401659668107f,0.28527673127020453f,-0.5402623653332111f,-0.3131008960966462f,0.7810790007854784f,1.2477546893694156f,0.2617856983914334f,-0.9446795889630195f,-0.19760749559257618f,0.2517970779391629f,0f,0f,0f,1f],start_interpolation:0}
execute if entity @s[tag=aj.steel_caller.bone.right_arm] run data modify entity @s {} merge value {transformation:[0.7997404733551212f,0.09771541874309214f,0.5923401659668107f,0.3097055859559776f,-0.5402623653332111f,-0.3131008960966462f,0.7810790007854784f,1.169479465345254f,0.2617856983914334f,-0.9446795889630195f,-0.19760749559257618f,0.015627180698408003f,0f,0f,0f,1f],start_interpolation:0}
execute if entity @s[tag=aj.steel_caller.bone.ledo_slash] run data modify entity @s {} merge value {transformation:[0.06679525573446254f,-0.3258333333130916f,-0.16751400584011547f,-1.7523670416363533f,-0.20715240058591902f,-0.10604665824744107f,0.09136829712104047f,0.5571963610029524f,0.011689855406345834f,-0.017425280085249642f,2.576276771474623f,0.37664247724230965f,0f,0f,0f,1f],start_interpolation:0}
execute if entity @s[tag=aj.steel_caller.locator_origin.ledo_hammer] at @s on origin run tp @s ^-1.81436 ^0.53746 ^0.37222 ~-176.27977 ~2.02688
execute if entity @s[tag=aj.steel_caller.locator_origin.ledo_hammer2] at @s on origin run tp @s ^-0.50855 ^0.96245 ^0.44205 ~-176.27977 ~2.02688
execute if entity @s[tag=aj.steel_caller.bone.ledo_great_hammer] run data modify entity @s {} merge value {transformation:[-0.7278049370350032f,-2.255483870827617f,-0.1540048118207513f,-1.6617063230642257f,2.2571444364917315f,-0.7340762984566673f,0.08399988606289205f,0.38980690773572824f,-0.12737333489351718f,-0.12062129364514321f,2.36851251571054f,0.38847390381064445f,0f,0f,0f,1f],start_interpolation:0}
execute if entity @s[tag=aj.steel_caller.bone.left_arm2] run data modify entity @s {} merge value {transformation:[0.4563152414060344f,0.5906074398691382f,-0.6655518405291766f,-0.5236538325555291f,0.5028131805404068f,0.4459537478173574f,0.740475631119953f,1.0553171244020043f,0.7341357544319663f,-0.6725385541207837f,-0.0934697132002253f,0.20910912357623418f,0f,0f,0f,1f],start_interpolation:0}
execute if entity @s[tag=aj.steel_caller.bone.left_arm] run data modify entity @s {} merge value {transformation:[0.4563152414060344f,0.5906074398691382f,-0.6655518405291766f,-0.31896256741249024f,0.5028131805404068f,0.4459537478173574f,0.740475631119953f,1.2296572089238946f,0.7341357544319663f,-0.6725385541207837f,-0.0934697132002253f,0.13274145435003404f,0f,0f,0f,1f],start_interpolation:0}
execute if entity @s[tag=aj.steel_caller.bone.head] run data modify entity @s {} merge value {transformation:[0.835104091699291f,-0.12330176145170721f,-0.5360949837948575f,0.00019210569622981483f,-0.25710321051009455f,0.7740730820226064f,-0.5785402344119425f,1.323357939155358f,0.4863117263366206f,0.620973058442095f,0.6147303193405755f,0.029215088317817807f,0f,0f,0f,1f],start_interpolation:0}
execute if entity @s[tag=aj.steel_caller.bone.body_top] run data modify entity @s {} merge value {transformation:[0.9989638524911852f,0.028592002078793602f,-0.035407892243052276f,-0.011065995122295167f,-0.033711646130532555f,0.9875488010608655f,-0.15365835622710775f,0.9345105987376423f,0.030573621492049136f,0.1546928018376203f,0.9874894382870569f,-0.03169520240574519f,0f,0f,0f,1f],start_interpolation:0}
execute if entity @s[tag=aj.steel_caller.bone.body] run data modify entity @s {} merge value {transformation:[0.9988385005322546f,0.03419211514613776f,-0.03394921378044241f,-0.026025045498730436f,-0.03775122090631963f,0.9931670828288968f,-0.11042640492754278f,0.5f,0.029941529262200006f,0.11157976898601578f,0.9933043138829449f,-0.0805113513371271f,0f,0f,0f,1f],start_interpolation:0}
execute if entity @s[tag=aj.steel_caller.locator_origin.player_camera] at @s on origin run tp @s ^0.19416 ^-0.3125 ^0.50442 ~159.37248 ~0
execute if entity @s[tag=aj.steel_caller.bone.right_leg2] run data modify entity @s {} merge value {transformation:[0.9854524624053644f,-0.045557858518784f,0.16373126111523742f,0.14435274245021001f,0.16574785718639282f,0.47057238701345727f,-0.8666540696371166f,0.32835802402552494f,-0.03756450688246482f,0.881184492661803f,0.47127783494987097f,-0.32472246954157996f,0f,0f,0f,1f],start_interpolation:0}
execute if entity @s[tag=aj.steel_caller.bone.right_leg] run data modify entity @s {} merge value {transformation:[0.9854524624053644f,-0.08970223987228515f,0.14435010391786568f,0.11211599999610755f,0.16574785718639282f,0.6950037592333219f,-0.6996409239671946f,0.578125f,-0.03756450688246482f,0.7133885917320556f,0.6997611199611132f,-0.06834844438787248f,0f,0f,0f,1f],start_interpolation:0}
execute if entity @s[tag=aj.steel_caller.bone.left_leg2] run data modify entity @s {} merge value {transformation:[0.999342040841211f,0.0357807773475583f,-0.005934760292342307f,-0.15133915264753361f,-0.035428275764768785f,0.9980430665673818f,0.05152547479754077f,0.41319182380574926f,0.007766767902969651f,-0.05128131481525189f,0.9986540462378152f,0.2827085127096914f,0f,0f,0f,1f],start_interpolation:0}
execute if entity @s[tag=aj.steel_caller.bone.left_leg] run data modify entity @s {} merge value {transformation:[0.999342040841211f,0.02317301234200081f,0.027901557417473716f,-0.14301135133712709f,-0.035428275764768785f,0.45894449027965434f,0.8877582960008223f,0.578125f,0.007766767902969651f,-0.8881626913696306f,0.4594635034204519f,-0.03647495450126957f,0f,0f,0f,1f],start_interpolation:0}