execute if entity @s[tag=aj.steel_caller.bone.right_arm2] run data modify entity @s {} merge value {transformation:[0.5672073033724845f,-0.8174281478084352f,0.10043454670274296f,0.7099022046546577f,-0.6589976101536361f,-0.3773305918180044f,0.6506487334115633f,1.370013625033297f,-0.49396156208019903f,-0.43523883977506694f,-0.752707863343106f,0.040686763308608945f,0f,0f,0f,1f],start_interpolation:0}
execute if entity @s[tag=aj.steel_caller.bone.right_arm] run data modify entity @s {} merge value {transformation:[0.5672073033724845f,-0.8192220067768861f,0.08456464162619026f,0.5050967029604362f,-0.6589976101536361f,-0.38987658797255903f,0.643209449528435f,1.2725444780401574f,-0.49396156208019903f,-0.4205609941058821f,-0.7610061927632144f,-0.06445348521786158f,0f,0f,0f,1f],start_interpolation:0}
execute if entity @s[tag=aj.steel_caller.bone.ledo_slash] run data modify entity @s {} merge value {transformation:[-0.000011105818019329048f,2.189456050400533f,0.8040530925822414f,1.6472490821363033f,-0.000022141478967804024f,-0.7096470087793464f,-1.1258602600787349f,1.5292310753406169f,-0.000007333268463035357f,-1.1731557600788287f,2.1816389275486174f,-0.49089146719918875f,0f,0f,0f,1f],start_interpolation:0}
execute if entity @s[tag=aj.steel_caller.locator_origin.ledo_great_hammer] at @s on origin run tp @s ^1.81182 ^1.60033 ^-0.51614 ~159.7684 ~-25.83728
execute if entity @s[tag=aj.steel_caller.locator_origin.ledo_great_hammer2] at @s on origin run tp @s ^0.24803 ^1.92036 ^0.22535 ~159.7684 ~-25.83728
execute if entity @s[tag=aj.steel_caller.locator_origin.ledo_great_hammer3] at @s on origin run tp @s ^0.87677 ^0.59559 ^-0.69004 ~159.7684 ~-25.83728
execute if entity @s[tag=aj.steel_caller.locator_origin.ledo_great_hammer4] at @s on origin run tp @s ^-0.74535 ^0.06264 ^-0.36723 ~159.7684 ~-25.83728
execute if entity @s[tag=aj.steel_caller.bone.ledo_great_hammer] run data modify entity @s {} merge value {transformation:[-1.0210187533899284f,2.012887014077909f,0.7392101012449639f,1.7543411812733753f,-2.035587582523918f,-0.652417411297141f,-1.0350650778143207f,1.6813509185491218f,-0.6741875845048634f,-1.0785464245886005f,2.0057003043592125f,-0.451857531903918f,0f,0f,0f,1f],start_interpolation:0}
execute if entity @s[tag=aj.steel_caller.bone.left_arm2] run data modify entity @s {} merge value {transformation:[0.8128593873671892f,-0.5150843838115258f,-0.2719332526973086f,0.03057354734145072f,-0.4129899073968614f,-0.8389041954723685f,0.35451246410696147f,1.7351904104655491f,-0.41072978070426f,-0.17586309553842847f,-0.8946358023633258f,0.19028395071663196f,0f,0f,0f,1f],start_interpolation:0}
execute if entity @s[tag=aj.steel_caller.bone.left_arm] run data modify entity @s {} merge value {transformation:[0.8128593873671892f,-0.5556211577212984f,-0.17477055089883303f,-0.006724318667975224f,-0.4129899073968614f,-0.7613844773993286f,0.49973294264405155f,1.4932205526911093f,-0.41072978070426f,-0.3340341399734389f,-0.8483644503247618f,0.05543419313523974f,0f,0f,0f,1f],start_interpolation:0}
execute if entity @s[tag=aj.steel_caller.bone.head] run data modify entity @s {} merge value {transformation:[0.8878809155345417f,0.39067872583340285f,-0.2429765688512629f,0.2152518669707446f,-0.4526662518633094f,0.8362058546728484f,-0.3096014099368316f,1.291555797364652f,0.08222374507140012f,0.3848764760180076f,0.9192982943280128f,-0.08241794492726794f,0f,0f,0f,1f],start_interpolation:0}
execute if entity @s[tag=aj.steel_caller.bone.body_top] run data modify entity @s {} merge value {transformation:[0.8334907912192919f,0.3622558740452605f,0.4172095189138701f,0.07261361656542327f,-0.32843657606252086f,0.932031297006302f,-0.15312438377044463f,0.9245684741684206f,-0.44432253651707393f,-0.009399102108968604f,0.8958175821128869f,-0.07871704847186155f,0f,0f,0f,1f],start_interpolation:0}
execute if entity @s[tag=aj.steel_caller.bone.body] run data modify entity @s {} merge value {transformation:[0.8718413287733812f,0.2411086248168117f,0.4263324154713209f,-0.032871406791931845f,-0.21187079000598333f,0.9704422266706757f,-0.11555368032521268f,0.5f,-0.44159196752760976f,0.010417088528320073f,0.8971555152155548f,-0.08327452470300158f,0f,0f,0f,1f],start_interpolation:0}
execute if entity @s[tag=aj.steel_caller.locator_origin.player_camera] at @s on origin run tp @s ^0.02077 ^-0.125 ^0.02963 ~154.58526 ~0
execute if entity @s[tag=aj.steel_caller.bone.right_leg2] run data modify entity @s {} merge value {transformation:[0.9436592419438161f,-0.25950933862010905f,0.20533421113632266f,0.2097369834857188f,0.32860598055274426f,0.6616213510418395f,-0.6739994787761638f,0.2718504954343751f,0.03905566078037642f,0.7034998870039175f,0.7096214232578406f,-0.25185116906144506f,0f,0f,0f,1f],start_interpolation:0}
execute if entity @s[tag=aj.steel_caller.bone.right_leg] run data modify entity @s {} merge value {transformation:[0.9436592419438161f,-0.3140874468488562f,0.1041936218104989f,0.0968618072744111f,0.32860598055274426f,0.8522420996608692f,-0.40706450730885724f,0.578125f,0.03905566078037642f,0.41836883165169003f,0.9074371471696582f,-0.10149987018661898f,0f,0f,0f,1f],start_interpolation:0}
execute if entity @s[tag=aj.steel_caller.bone.left_leg2] run data modify entity @s {} merge value {transformation:[0.994714919936915f,0.046637192260131285f,-0.09147240213850606f,-0.18205733361682053f,-0.03134851713359299f,0.9862983975313304f,0.16196524781771704f,0.4085270424142702f,0.09777268804948458f,-0.15824172434987321f,0.9825477383549142f,0.28512604327100305f,0f,0f,0f,1f],start_interpolation:0}
execute if entity @s[tag=aj.steel_caller.bone.left_leg] run data modify entity @s {} merge value {transformation:[0.994714919936915f,0.10096085958627887f,-0.01868509797931761f,-0.14577452470300156f,-0.03134851713359299f,0.47192475154290037f,0.8810813239166385f,0.578125f,0.09777268804948458f,-0.8758389884635025f,0.4725955646838073f,-0.029628593208068165f,0f,0f,0f,1f],start_interpolation:0}