execute if entity @s[tag=aj.steel_caller.bone.right_arm2] run data modify entity @s {} merge value {transformation:[0.8835361157409677f,-0.09061197042575864f,0.4595143120697381f,0.4161276965402965f,-0.38977281314639145f,0.4017452050528576f,0.8286603311061691f,1.0407387403178134f,-0.2596942169423714f,-0.9112575163106194f,0.31963831537237475f,0.0828502571883353f,0f,0f,0f,1f],start_interpolation:0}
execute if entity @s[tag=aj.steel_caller.bone.right_arm] run data modify entity @s {} merge value {transformation:[0.8835361157409677f,-0.09061197042575864f,0.4595143120697381f,0.39347470393385686f,-0.38977281314639145f,0.4017452050528576f,0.8286603311061691f,1.1411750415810278f,-0.2596942169423714f,-0.9112575163106194f,0.31963831537237475f,-0.14496412188931954f,0f,0f,0f,1f],start_interpolation:0}
execute if entity @s[tag=aj.steel_caller.bone.ledo_slash] run data modify entity @s {} merge value {transformation:[1.5293836737500328f,-1.7941743611601941f,0.22465662015696214f,-0.7640133351942553f,1.3075377138787636f,1.9126694196446101f,-0.8223283732227166f,2.094758604929103f,0.3000205757553145f,0.8102563460501431f,2.4386300581932536f,0.8471874050192454f,0f,0f,0f,1f],start_interpolation:0}
execute if entity @s[tag=aj.steel_caller.locator_origin.ledo_hammer] at @s on origin run tp @s ^-0.8072 ^2.14173 ^0.86585 ~174.73653 ~-18.5614
execute if entity @s[tag=aj.steel_caller.locator_origin.ledo_hammer2] at @s on origin run tp @s ^0.09159 ^1.18359 ^0.45995 ~174.73653 ~-18.5614
execute if entity @s[tag=aj.steel_caller.bone.ledo_great_hammer] run data modify entity @s {} merge value {transformation:[1.785455594546889f,-1.5524544756907939f,0.2065391507894652f,-0.8829508043429934f,1.5264649194283564f,1.6549853042845202f,-0.756011568930562f,1.95077439837299f,0.35025443559760205f,0.7010946751401618f,2.24196634382283f,0.8095916211855958f,0f,0f,0f,1f],start_interpolation:0}
execute if entity @s[tag=aj.steel_caller.bone.left_arm2] run data modify entity @s {} merge value {transformation:[0.9751621118490895f,0.08134420427867955f,0.20601450445124472f,-0.19184319413124268f,-0.17813903660608926f,-0.26470555831208986f,0.9477327951673612f,1.5078273602952605f,0.13162575451285308f,-0.9608923393538701f,-0.24364025307811676f,0.31675026532904604f,0f,0f,0f,1f],start_interpolation:0}
execute if entity @s[tag=aj.steel_caller.bone.left_arm] run data modify entity @s {} merge value {transformation:[0.9751621118490895f,0.08134420427867955f,0.20601450445124472f,-0.0496118790804366f,-0.17813903660608926f,-0.26470555831208986f,0.9477327951673612f,1.419383591141477f,0.13162575451285308f,-0.9608923393538701f,-0.24364025307811676f,0.09298039980468512f,0f,0f,0f,1f],start_interpolation:0}
execute if entity @s[tag=aj.steel_caller.bone.head] run data modify entity @s {} merge value {transformation:[0.8994488933995114f,0.31363921402973827f,-0.30433884337232114f,0.192187521818386f,-0.4165223748278626f,0.8260209943834f,-0.37973468119940906f,1.297795848151375f,0.13229058708068264f,0.4683158765840288f,0.8736014195897239f,-0.07403092609731272f,0f,0f,0f,1f],start_interpolation:0}
execute if entity @s[tag=aj.steel_caller.bone.body_top] run data modify entity @s {} merge value {transformation:[0.8674391616910837f,0.3336279836899042f,0.3691092917601488f,0.06082150324048623f,-0.3024764278553198f,0.9426427065116587f,-0.14118335047823605f,0.9266302824624093f,-0.39504089833402717f,0.010821107123762663f,0.9185997998497826f,-0.07829173702729428f,0f,0f,0f,1f],start_interpolation:0}
execute if entity @s[tag=aj.steel_caller.bone.body] run data modify entity @s {} merge value {transformation:[0.8985639892980513f,0.22109874412954872f,0.37907532560311497f,-0.03590919731619134f,-0.19822507496140038f,0.9751549313426499f,-0.09889226225877827f,0.5f,-0.3915221281017441f,0.0137187908522622f,0.9200664204198701f,-0.084293708025159f,0f,0f,0f,1f],start_interpolation:0}
execute if entity @s[tag=aj.steel_caller.locator_origin.player_camera] at @s on origin run tp @s ^0.25261 ^-0.3125 ^0.47013 ~152.5081 ~0
execute if entity @s[tag=aj.steel_caller.bone.right_leg2] run data modify entity @s {} merge value {transformation:[0.8976761221404593f,-0.2820904928434633f,0.33852995965822397f,0.23002935406624203f,0.4389259132485598f,0.6404075021326376f,-0.6302557210300859f,0.29196972600320853f,-0.03900797889899654f,0.7143550833161108f,0.6986953502941375f,-0.27093363259639486f,0f,0f,0f,1f],start_interpolation:0}
execute if entity @s[tag=aj.steel_caller.bone.right_leg] run data modify entity @s {} merge value {transformation:[0.8976761221404593f,-0.3684882096515462f,0.24164854455730722f,0.0976039037227176f,0.4389259132485598f,0.7962581537302024f,-0.41631357808398123f,0.578125f,-0.03900797889899654f,0.47978056647384903f,0.8765209556058815f,-0.09851249151985535f,0f,0f,0f,1f],start_interpolation:0}
execute if entity @s[tag=aj.steel_caller.bone.left_leg2] run data modify entity @s {} merge value {transformation:[0.9851022424415302f,0.0365418871456306f,-0.1680424423189109f,-0.20253228696775524f,-0.013361120707534535f,0.9904728152818254f,0.13705868320224612f,0.3985534236164469f,0.17144985386435074f,-0.1327715808128041f,0.9762052319765355f,0.2796732180525255f,0f,0f,0f,1f],start_interpolation:0}
execute if entity @s[tag=aj.steel_caller.bone.left_leg] run data modify entity @s {} merge value {transformation:[0.9851022424415302f,0.15509865444896354f,-0.0742831025522595f,-0.14679370802515898f,-0.013361120707534535f,0.4996774299368434f,0.866108507327546f,0.578125f,0.17144985386435074f,-0.852212927266321f,0.49430564857187376f,-0.026590802683808663f,0f,0f,0f,1f],start_interpolation:0}