execute if entity @s[tag=aj.steel_caller.bone.right_arm2] run data modify entity @s {} merge value {transformation:[-0.8758990066832193f,-0.4487991680269233f,0.1771446777910394f,-0.3144639551937298f,0.09700041293207362f,0.19585465829580634f,0.9758236893593232f,1.1604831606983401f,-0.47264347026311204f,0.8719061071022352f,-0.12801519603339537f,-0.1501906618016246f,0f,0f,0f,1f],start_interpolation:0}
execute if entity @s[tag=aj.steel_caller.bone.right_arm] run data modify entity @s {} merge value {transformation:[-0.8758990066832193f,-0.4487991680269233f,0.1771446777910394f,-0.42666374720046063f,0.09700041293207362f,0.19585465829580634f,0.9758236893593232f,1.2094468252722916f,-0.47264347026311204f,0.8719061071022352f,-0.12801519603339537f,0.06778586497393417f,0f,0f,0f,1f],start_interpolation:0}
execute if entity @s[tag=aj.steel_caller.bone.ledo_slash] run data modify entity @s {} merge value {transformation:[-0.0000012607542695818092f,0.000024752133387980145f,-0.7287215004820513f,1.5129808951147976f,-0.0000014857612374380292f,-0.000007353444574263049f,-2.4720042021600195f,0.6209049884689717f,-0.000025759738417308685f,-7.873098170297484e-7f,0.17824508506409645f,-0.39148981147781703f,0f,0f,0f,1f],start_interpolation:0}
execute if entity @s[tag=aj.steel_caller.locator_origin.ledo_great_hammer] at @s on origin run tp @s ^1.58539 ^0.6095 ^-0.2695 ~-103.74466 ~-73.118
execute if entity @s[tag=aj.steel_caller.locator_origin.ledo_great_hammer2] at @s on origin run tp @s ^-0.10052 ^1.09685 ^-0.40313 ~-103.74466 ~-73.118
execute if entity @s[tag=aj.steel_caller.locator_origin.ledo_great_hammer3] at @s on origin run tp @s ^1.10215 ^0.65854 ^-1.56492 ~-103.74466 ~-73.118
execute if entity @s[tag=aj.steel_caller.locator_origin.ledo_great_hammer4] at @s on origin run tp @s ^-0.26716 ^0.98883 ^-2.58249 ~-103.74466 ~-73.118
execute if entity @s[tag=aj.steel_caller.bone.ledo_great_hammer] run data modify entity @s {} merge value {transformation:[-0.11590805381639215f,2.2755993598626905f,-0.6699536375399504f,1.492189434102109f,-0.13659417828059298f,-0.6760424850532157f,-2.2726490245664697f,0.640584035241824f,-2.3682340157848305f,-0.07238170898499299f,0.1638704814298951f,-0.2035715772186858f,0f,0f,0f,1f],start_interpolation:0}
execute if entity @s[tag=aj.steel_caller.bone.left_arm2] run data modify entity @s {} merge value {transformation:[-0.513336134073162f,-0.44580266762515447f,0.7333116629326962f,0.3673653196896469f,0.5430922890817431f,0.4928645063970758f,0.6798053720543249f,1.0262519436246298f,-0.6644823391142709f,0.7472245712449925f,-0.010893169096459154f,-0.15799457360845254f,0f,0f,0f,1f],start_interpolation:0}
execute if entity @s[tag=aj.steel_caller.bone.left_arm] run data modify entity @s {} merge value {transformation:[-0.513336134073162f,-0.44580266762515447f,0.7333116629326962f,0.19174763602421308f,0.5430922890817431f,0.4928645063970758f,0.6798053720543249f,1.2173546063591165f,-0.6644823391142709f,0.7472245712449925f,-0.010893169096459154f,-0.054248723186488254f,0f,0f,0f,1f],start_interpolation:0}
execute if entity @s[tag=aj.steel_caller.bone.head] run data modify entity @s {} merge value {transformation:[-0.574826409385731f,-0.11174639275677924f,0.81060924173029f,-0.12208461405766902f,-0.17221211500484712f,0.9849651505201531f,0.013661614339811681f,1.3286063252085745f,-0.7999484899156106f,-0.13174367524348204f,-0.5854280634843829f,0.03342060520692199f,0f,0f,0f,1f],start_interpolation:0}
execute if entity @s[tag=aj.steel_caller.bone.body_top] run data modify entity @s {} merge value {transformation:[-0.9534656500523854f,-0.12991308339118268f,-0.2720769099610948f,-0.07093133747239083f,-0.10377857685453147f,0.9886758128419253f,-0.10839808156700366f,0.9393152239020663f,0.2830781891213629f,-0.07511809279497374f,-0.9561506214915179f,0.0629983542449429f,0f,0f,0f,1f],start_interpolation:0}
execute if entity @s[tag=aj.steel_caller.bone.body] run data modify entity @s {} merge value {transformation:[-0.8979934443112825f,-0.11142696710975535f,-0.4256663070700816f,-0.022182039361872873f,-0.08519550011510162f,0.9931278778475802f,-0.08024179087046607f,0.50482177734375f,0.43168217560387767f,-0.035791748248491434f,-0.9013153998591279f,0.07865724410365792f,0f,0f,0f,1f],start_interpolation:0}
execute if entity @s[tag=aj.steel_caller.locator_origin.player_camera] at @s on origin run tp @s ^-0.14116 ^-0.12018 ^0.04032 ~-72.13867 ~0
execute if entity @s[tag=aj.steel_caller.bone.right_leg2] run data modify entity @s {} merge value {transformation:[-0.5281960650237658f,0.0006241505392007296f,-0.8491222098906106f,-0.3814950220794192f,-0.008199990296852394f,0.9999493504188628f,0.005835816654597037f,0.3992749424601311f,0.8490828446344569f,0.01004524927510314f,-0.5281641940859487f,0.01402415948578728f,0f,0f,0f,1f],start_interpolation:0}
execute if entity @s[tag=aj.steel_caller.bone.right_leg] run data modify entity @s {} merge value {transformation:[-0.5281960650237658f,0.7276134869735597f,-0.43770712864607003f,-0.12000892519829622f,-0.008199990296852394f,0.5110868448935482f,0.8594899633712367f,0.58294677734375f,0.8490828446344569f,0.4575684107878687f,-0.26398763682514176f,0.1784628071126776f,0f,0f,0f,1f],start_interpolation:0}
execute if entity @s[tag=aj.steel_caller.bone.left_leg2] run data modify entity @s {} merge value {transformation:[-0.8077310120312046f,-0.5842301382237998f,-0.07903010688367973f,0.25452482008324645f,-0.23257749796285063f,0.4389525098894144f,-0.8678873207410762f,0.30852400297575167f,0.541736393132662f,-0.6826388793884974f,-0.49043433882919585f,0.1272723238565579f,0f,0f,0f,1f],start_interpolation:0}
execute if entity @s[tag=aj.steel_caller.bone.left_leg] run data modify entity @s {} merge value {transformation:[-0.8077310120312046f,-0.4966214123877946f,-0.31770707414377486f,0.07605150000638275f,-0.23257749796285063f,0.7636111982413867f,-0.6023335001157529f,0.58294677734375f,0.541736393132662f,-0.4126319312393379f,-0.7322954114818064f,-0.021017276432579154f,0f,0f,0f,1f],start_interpolation:0}