execute if entity @s[tag=aj.steel_caller.bone.right_arm2] run data modify entity @s {} merge value {transformation:[-0.37878108538048844f,-0.9010860761393358f,0.21111317520655615f,-0.18555632983133213f,0.06036361569520449f,0.203570673422881f,0.9771976334510621f,1.1521632234904833f,-0.9235156323843039f,0.3828875348062011f,-0.022715907022381396f,-0.2165621942840536f,0f,0f,0f,1f],start_interpolation:0}
execute if entity @s[tag=aj.steel_caller.bone.right_arm] run data modify entity @s {} merge value {transformation:[-0.37878108538048844f,-0.9010860761393358f,0.21111317520655615f,-0.4108278488661661f,0.06036361569520449f,0.203570673422881f,0.9771976334510621f,1.2030558918462035f,-0.9235156323843039f,0.3828875348062011f,-0.022715907022381396f,-0.12084031058250333f,0f,0f,0f,1f],start_interpolation:0}
execute if entity @s[tag=aj.steel_caller.bone.ledo_slash] run data modify entity @s {} merge value {transformation:[0.000011769228072872996f,0.00002187981200080996f,-0.7079562732896828f,1.497742460570431f,-0.0000013654541135413078f,-0.000007273932545443873f,-2.475048588410451f,0.6265998334758835f,-0.000022956086703609192f,0.00001165010056800609f,-0.21573945218324928f,0.45382575767191635f,0f,0f,0f,1f],start_interpolation:0}
execute if entity @s[tag=aj.steel_caller.locator_origin.ledo_great_hammer] at @s on origin run tp @s ^1.49968 ^0.61482 ^0.59565 ~-73.05216 ~-73.35208
execute if entity @s[tag=aj.steel_caller.locator_origin.ledo_great_hammer2] at @s on origin run tp @s ^0.10292 ^1.09766 ^-0.36017 ~-73.05216 ~-73.35208
execute if entity @s[tag=aj.steel_caller.locator_origin.ledo_great_hammer3] at @s on origin run tp @s ^1.72708 ^0.66864 ^-0.76797 ~-73.05216 ~-73.35208
execute if entity @s[tag=aj.steel_caller.locator_origin.ledo_great_hammer4] at @s on origin run tp @s ^1.04657 ^0.99964 ^-2.33222 ~-73.05216 ~-73.35208
execute if entity @s[tag=aj.steel_caller.bone.ledo_great_hammer] run data modify entity @s {} merge value {transformation:[1.082009677667356f,2.0115311033002703f,-0.6508630254437405f,1.385853129395373f,-0.12553368463202344f,-0.6687325082101625f,-2.275447895796705f,0.6453094994759139f,-2.1104789388802f,1.0710576328650758f,-0.19834110926524529f,0.6063496524142338f,0f,0f,0f,1f],start_interpolation:0}
execute if entity @s[tag=aj.steel_caller.bone.left_arm2] run data modify entity @s {} merge value {transformation:[-0.11552478635213739f,-0.7612916500441071f,0.6380353025588891f,0.38758810235639274f,0.5450744856988233f,0.4883981503374387f,0.6814404242390758f,1.0240945884874773f,-0.8303901665954723f,0.4265000238219091f,0.35853856264208855f,0.09097303063879253f,0f,0f,0f,1f],start_interpolation:0}
execute if entity @s[tag=aj.steel_caller.bone.left_arm] run data modify entity @s {} merge value {transformation:[-0.11552478635213739f,-0.7612916500441071f,0.6380353025588891f,0.18282459155134875f,0.5450744856988233f,0.4883981503374387f,0.6814404242390758f,1.2143284367841898f,-0.8303901665954723f,0.4265000238219091f,0.35853856264208855f,0.09379926576983577f,0f,0f,0f,1f],start_interpolation:0}
execute if entity @s[tag=aj.steel_caller.bone.head] run data modify entity @s {} merge value {transformation:[-0.45393275789452936f,-0.051941125821197934f,0.8895207534165196f,-0.130201650306033f,-0.1729557011961711f,0.9844486244581528f,-0.030777121798365392f,1.3231329787346975f,-0.8740888837721295f,-0.1678184294136885f,-0.4558569929430893f,0.0016116897525742524f,0f,0f,0f,1f],start_interpolation:0}
execute if entity @s[tag=aj.steel_caller.bone.body_top] run data modify entity @s {} merge value {transformation:[-0.9668929240854119f,-0.07807780859167719f,0.2429442922957502f,-0.09945851317306012f,-0.106189664578086f,0.9888034175678815f,-0.10484062448722498f,0.9337916330673441f,-0.2320384202893026f,-0.12716783088343986f,-0.9643580840632f,0.0516840231629287f,0f,0f,0f,1f],start_interpolation:0}
execute if entity @s[tag=aj.steel_caller.bone.body] run data modify entity @s {} merge value {transformation:[-0.9945325502028866f,-0.08102821292952855f,0.06587439029235759f,-0.06400867001639138f,-0.08612547184997045f,0.9931771718787974f,-0.07862256900822825f,0.49927662037037024f,-0.05905429438713844f,-0.08386616700601411f,-0.9947256186236266f,0.08837547122805987f,0f,0f,0f,1f],start_interpolation:0}
execute if entity @s[tag=aj.steel_caller.locator_origin.player_camera] at @s on origin run tp @s ^-0.15088 ^-0.12572 ^-0.00151 ~-44.02199 ~0
execute if entity @s[tag=aj.steel_caller.bone.right_leg2] run data modify entity @s {} merge value {transformation:[-0.8669139953902766f,0.01678609301217135f,-0.4981750211299786f,-0.3556431029107626f,-0.005026880517711718f,0.9990875557691743f,0.042412101804057634f,0.41204394443030146f,0.49843239769173153f,0.0392719109359837f,-0.8660386030326291f,-0.14672505270423633f,0f,0f,0f,1f],start_interpolation:0}
execute if entity @s[tag=aj.steel_caller.bone.right_leg] run data modify entity @s {} merge value {transformation:[-0.8669139953902766f,0.44053395768789066f,-0.23321654469679384f,-0.19732621186667693f,-0.005026880517711718f,0.4601257069636697f,0.8878395487155571f,0.5774016203703702f,0.49843239769173153f,0.770852882147448f,-0.3966749034363588f,0.13030020181750276f,0f,0f,0f,1f],start_interpolation:0}
execute if entity @s[tag=aj.steel_caller.bone.left_leg2] run data modify entity @s {} merge value {transformation:[-0.9679404130286263f,-0.20359801647102632f,0.14710270057016644f,0.15435312003001614f,-0.231830384179234f,0.498734769873394f,-0.8351756116474195f,0.32129289191460536f,0.09667486641977413f,-0.8425031020764234f,-0.5299457455195979f,0.28378212432507277f,0f,0f,0f,1f],start_interpolation:0}
execute if entity @s[tag=aj.steel_caller.bone.left_leg] run data modify entity @s {} merge value {transformation:[-0.9679404130286263f,-0.23664486454573078f,0.08420549216117129f,0.06930887183389414f,-0.231830384179234f,0.7126503748334327f,-0.6621058195040098f,0.5774016203703702f,0.09667486641977413f,-0.6604003719970942f,-0.7446645680229578f,0.04645074063861702f,0f,0f,0f,1f],start_interpolation:0}