execute if entity @s[tag=aj.steel_caller.bone.right_arm2] run data modify entity @s {} merge value {transformation:[-0.8381284346317677f,0.5410240070626765f,0.06952518136292574f,-0.42487661991800374f,0.2007521101220711f,0.18743064257140996f,0.961544769892075f,1.2020789205665399f,0.5071876549594232f,0.8198553396832353f,-0.2657026621049328f,0.09817178084375794f,0f,0f,0f,1f],start_interpolation:0}
execute if entity @s[tag=aj.steel_caller.bone.right_arm] run data modify entity @s {} merge value {transformation:[-0.8381284346317677f,0.5410240070626765f,0.06952518136292574f,-0.28962061815233464f,0.2007521101220711f,0.18743064257140996f,0.961544769892075f,1.2489365812093924f,0.5071876549594232f,0.8198553396832353f,-0.2657026621049328f,0.30313561576456677f,0f,0f,0f,1f],start_interpolation:0}
execute if entity @s[tag=aj.steel_caller.bone.ledo_slash] run data modify entity @s {} merge value {transformation:[-0.670690765045898f,0.5096013556634162f,-0.3966668729429001f,0.7536045192415898f,-0.07948579562826386f,-0.23961108506046527f,-2.443288660610959f,0.5679038197155585f,-0.6225208228139404f,-0.5184392771025454f,0.739328765807685f,-1.389352102336907f,0f,0f,0f,1f],start_interpolation:0}
execute if entity @s[tag=aj.steel_caller.locator_origin.ledo_hammer] at @s on origin run tp @s ^0.7993 ^0.54732 ^-1.43666 ~-151.78542 ~-71.04768
execute if entity @s[tag=aj.steel_caller.locator_origin.ledo_hammer2] at @s on origin run tp @s ^-0.11613 ^0.97775 ^-0.50535 ~-151.78542 ~-71.04768
execute if entity @s[tag=aj.steel_caller.bone.ledo_great_hammer] run data modify entity @s {} merge value {transformation:[-1.734195375345491f,1.5812025934798328f,-0.36467760899589197f,0.8697093831704465f,-0.20552526792993617f,-0.7434706852984996f,-2.246249252497172f,0.5939120077797442f,-1.6096430549574154f,-1.6086250956871306f,0.6797054782425491f,-1.2411088993707016f,0f,0f,0f,1f],start_interpolation:0}
execute if entity @s[tag=aj.steel_caller.bone.left_arm2] run data modify entity @s {} merge value {transformation:[-0.8344256060887271f,0.19893392319679898f,0.5139642031357734f,0.0595864256531366f,0.5338469024024466f,0.5234104674549579f,0.6641151762713262f,1.031973728704511f,-0.13689920634822147f,0.828532906262698f,-0.5429473552206647f,-0.4425731926955425f,0f,0f,0f,1f],start_interpolation:0}
execute if entity @s[tag=aj.steel_caller.bone.left_arm] run data modify entity @s {} merge value {transformation:[-0.8344256060887271f,0.19893392319679898f,0.5139642031357734f,0.00501670569124546f,0.5338469024024466f,0.5234104674549579f,0.6641151762713262f,1.2295572083685562f,-0.13689920634822147f,0.828532906262698f,-0.5429473552206647f,-0.25255236692339567f,0f,0f,0f,1f],start_interpolation:0}
execute if entity @s[tag=aj.steel_caller.bone.head] run data modify entity @s {} merge value {transformation:[-0.9539122070300334f,-0.1834324439237722f,-0.23749534689177204f,-0.09491960123742517f,-0.14396908572885445f,0.9741413450422918f,-0.1741308193100577f,1.359883145427348f,0.2632952784109293f,-0.13191352620313956f,-0.955653921653213f,0.0626846133972739f,0f,0f,0f,1f],start_interpolation:0}
execute if entity @s[tag=aj.steel_caller.bone.body_top] run data modify entity @s {} merge value {transformation:[-0.4743448407877251f,-0.15247199295206226f,-0.8670347532730704f,-0.034883754012550644f,-0.0852820603515424f,0.9882136424077792f,-0.12712500596399398f,0.9707740237292847f,0.8761985746394844f,0.01364141944138934f,-0.4817571685770337f,0.057313304492226845f,0f,0f,0f,1f],start_interpolation:0}
execute if entity @s[tag=aj.steel_caller.bone.body] run data modify entity @s {} merge value {transformation:[-0.42120128394031087f,-0.11318496795878613f,-0.8998770146165543f,0.014634669469418285f,-0.07744675263391723f,0.9930470988812221f,-0.08865359502044498f,0.53631591796875f,0.9036545130266848f,0.03235154450342043f,-0.42703852127735353f,0.043159503771980405f,0f,0f,0f,1f],start_interpolation:0}
execute if entity @s[tag=aj.steel_caller.locator_origin.player_camera] at @s on origin run tp @s ^-0.58684 ^-0.27618 ^0.21304 ~-105.77148 ~0
execute if entity @s[tag=aj.steel_caller.bone.right_leg2] run data modify entity @s {} merge value {transformation:[0.04757934005859754f,0.044910512393525115f,-0.997857330622038f,-0.3047818591945426f,-0.0391556005628232f,0.9983047435024848f,0.043063651087695f,0.40677778929713515f,0.9980997171345923f,0.037022762957255324f,0.04925717895756825f,0.18627355326346756f,0f,0f,0f,1f],start_interpolation:0}
execute if entity @s[tag=aj.steel_caller.bone.right_leg] run data modify entity @s {} merge value {transformation:[0.04757934005859754f,0.8159849954523809f,-0.5761117023600252f,-0.01153725145384319f,-0.0391556005628232f,0.5778452276079719f,0.8152065577970137f,0.61444091796875f,0.9980997171345923f,-0.016228990334245574f,0.05944387713278791f,0.18044125986209805f,0f,0f,0f,1f],start_interpolation:0}
execute if entity @s[tag=aj.steel_caller.bone.left_leg2] run data modify entity @s {} merge value {transformation:[-0.3673851637783798f,-0.8515521216517343f,-0.37401487342880263f,0.2847050628431332f,-0.23985305310585128f,0.4752801389766474f,-0.846510072243763f,0.3478369187570513f,0.8986092890413135f,-0.221286632232426f,-0.37885824795548045f,-0.06861350528049939f,0f,0f,0f,1f],start_interpolation:0}
execute if entity @s[tag=aj.steel_caller.bone.left_leg] run data modify entity @s {} merge value {transformation:[-0.3673851637783798f,-0.6664157725345431f,-0.6487820585934243f,0.045211894588531754f,-0.23985305310585128f,0.7418546065021181f,-0.6261966589877253f,0.61444091796875f,0.8986092890413135f,-0.07444300456574748f,-0.43238823378983077f,-0.0953664600463149f,0f,0f,0f,1f],start_interpolation:0}