execute if entity @s[tag=aj.steel_caller.bone.right_arm2] run data modify entity @s {} merge value {transformation:[-0.36579197860172014f,-0.9063291446983421f,0.21157436012194472f,-0.18321819890240199f,0.05924452617415421f,0.20419272981398814f,0.9771363339931186f,1.1525701905373422f,-0.9288090839936044f,0.36996325569099847f,-0.02099702191926532f,-0.21669406907557331f,0f,0f,0f,1f],start_interpolation:0}
execute if entity @s[tag=aj.steel_caller.bone.right_arm] run data modify entity @s {} merge value {transformation:[-0.36579197860172014f,-0.9063291446983421f,0.21157436012194472f,-0.4098004850769875f,0.05924452617415421f,0.20419272981398814f,0.9771363339931186f,1.2036183729908392f,-0.9288090839936044f,0.36996325569099847f,-0.02099702191926532f,-0.12420325515282368f,0f,0f,0f,1f],start_interpolation:0}
execute if entity @s[tag=aj.steel_caller.bone.ledo_slash] run data modify entity @s {} merge value {transformation:[0.00001197798451032573f,0.000021770516788638023f,-0.7066370846278751f,1.4936047153077903f,-0.0000013746140809345374f,-0.000007276874212286356f,-2.474911410410824f,0.6263951436228913f,-0.000022847306937799138f,0.0000118512788999881f,-0.22155959098633976f,0.4674420537620851f,0f,0f,0f,1f],start_interpolation:0}
execute if entity @s[tag=aj.steel_caller.locator_origin.ledo_great_hammer] at @s on origin run tp @s ^1.49424 ^0.61466 ^0.60928 ~-72.59166 ~-73.34147
execute if entity @s[tag=aj.steel_caller.locator_origin.ledo_great_hammer2] at @s on origin run tp @s ^0.1064 ^1.09763 ^-0.35938 ~-72.59166 ~-73.34147
execute if entity @s[tag=aj.steel_caller.locator_origin.ledo_great_hammer3] at @s on origin run tp @s ^1.7341 ^0.66805 ^-0.75222 ~-72.59166 ~-73.34147
execute if entity @s[tag=aj.steel_caller.locator_origin.ledo_great_hammer4] at @s on origin run tp @s ^1.06799 ^0.99883 ^-2.3227 ~-72.59166 ~-73.34147
execute if entity @s[tag=aj.steel_caller.bone.ledo_great_hammer] run data modify entity @s {} merge value {transformation:[1.1012018017557523f,2.001482995084463f,-0.6496502229643368f,1.380332428391751f,-0.1263758106665623f,-0.6690029517747134f,-2.2753217805389836f,0.6451748517251819f,-2.100478218475082f,1.089553060160196f,-0.20369188203582847f,0.6189330570606416f,0f,0f,0f,1f],start_interpolation:0}
execute if entity @s[tag=aj.steel_caller.bone.left_arm2] run data modify entity @s {} merge value {transformation:[-0.10778744122923897f,-0.765020197794127f,0.6349220144870455f,0.3868628044901615f,0.5448906116123602f,0.48871618728466537f,0.6813594570141722f,1.0243841086810987f,-0.8315504127170891f,0.41940503722889955f,0.36417485615712697f,0.09392885854877576f,0f,0f,0f,1f],start_interpolation:0}
execute if entity @s[tag=aj.steel_caller.bone.left_arm] run data modify entity @s {} merge value {transformation:[-0.10778744122923897f,-0.765020197794127f,0.6349220144870455f,0.1821343248879749f,0.5448906116123602f,0.48871618728466537f,0.6813594570141722f,1.21467448195381f,-0.8315504127170891f,0.41940503722889955f,0.36417485615712697f,0.09483631626636452f,0f,0f,0f,1f],start_interpolation:0}
execute if entity @s[tag=aj.steel_caller.bone.head] run data modify entity @s {} merge value {transformation:[-0.48090358240070186f,-0.04845434796033968f,0.8754335614984783f,-0.1302711561883282f,-0.16913148110146292f,0.9848451895939772f,-0.03839914887114511f,1.3236507222345468f,-0.8603059261301161f,-0.16652966311543776f,-0.48181073542218f,0.0007753507207111793f,0f,0f,0f,1f],start_interpolation:0}
execute if entity @s[tag=aj.steel_caller.bone.body_top] run data modify entity @s {} merge value {transformation:[-0.964762912916926f,-0.07664150513235243f,0.25171134569402254f,-0.10009356354246443f,-0.10598631074729897f,0.9887916520455943f,-0.10515688650355323f,0.934314009241594f,-0.2408306952907479f,-0.12812942103979003f,-0.9620724648745452f,0.051226310255128506f,0f,0f,0f,1f],start_interpolation:0}
execute if entity @s[tag=aj.steel_caller.bone.body] run data modify entity @s {} merge value {transformation:[-0.9938596841166647f,-0.08004959508312166f,0.07638711026444f,-0.06507186569359871f,-0.0860481927998356f,0.9931724311765535f,-0.07876693764985625f,0.49980107060185186f,-0.06956031054707679f,-0.08485625656297997f,-0.9939621617137706f,0.08835092250143224f,0f,0f,0f,1f],start_interpolation:0}
execute if entity @s[tag=aj.steel_caller.locator_origin.player_camera] at @s on origin run tp @s ^-0.15085 ^-0.1252 ^-0.00257 ~-43.33261 ~0
execute if entity @s[tag=aj.steel_caller.bone.right_leg2] run data modify entity @s {} merge value {transformation:[-0.8728482216045942f,0.017777810517614095f,-0.487667849560433f,-0.3539228170002163f,-0.00502688051771169f,0.9989556042083165f,0.045413998866626226f,0.4128262622990926f,0.48796589277731084f,0.04209097615875751f,-0.8718472556658333f,-0.15035733772619794f,0f,0f,0f,1f],start_interpolation:0}
execute if entity @s[tag=aj.steel_caller.bone.right_leg] run data modify entity @s {} merge value {transformation:[-0.8728482216045942f,0.43141185309960317f,-0.22807848440145279f,-0.19888418229254648f,-0.00502688051771169f,0.4594081622337649f,0.8882110509024617f,0.5779260706018519f,0.48796589277731084f,0.7764199594795081f,-0.3988249415569202f,0.1286685852117503f,0f,0f,0f,1f],start_interpolation:0}
execute if entity @s[tag=aj.steel_caller.bone.left_leg2] run data modify entity @s {} merge value {transformation:[-0.9690335108913026f,-0.1945881961463233f,0.15201805382978545f,0.15074522378193234f,-0.23183038417923396f,0.5049630598761764f,-0.8314246695472762f,0.3230766296247879f,0.0850219250604477f,-0.8409207703945769f,-0.5344375830515726f,0.2877776450937484f,0f,0f,0f,1f],start_interpolation:0}
execute if entity @s[tag=aj.steel_caller.bone.left_leg] run data modify entity @s {} merge value {transformation:[-0.9690335108913026f,-0.22818719409136226f,0.09436450191881751f,0.06874045090534903f,-0.23183038417923396f,0.7091462705448737f,-0.6658575222550283f,0.5779260706018519f,0.0850219250604477f,-0.6671148112768952f,-0.7400872251525545f,0.048033259791114204f,0f,0f,0f,1f],start_interpolation:0}