execute if entity @s[tag=aj.steel_caller.bone.right_arm2] run data modify entity @s {} merge value {transformation:[-0.3900462568990661f,-0.8963927734172182f,0.21057994501950014f,-0.18745347460513892f,0.06153720670465253f,0.20280610699624574f,0.9772834057508684f,1.1515601912495976f,-0.9187366813565336f,0.3941442359472167f,-0.023942255523825142f,-0.2166119338561154f,0f,0f,0f,1f],start_interpolation:0}
execute if entity @s[tag=aj.steel_caller.bone.right_arm] run data modify entity @s {} merge value {transformation:[-0.3900462568990661f,-0.8963927734172182f,0.21057994501950014f,-0.4115516679594435f,0.06153720670465253f,0.20280610699624574f,0.9772834057508684f,1.202261717998659f,-0.9187366813565336f,0.3941442359472167f,-0.023942255523825142f,-0.11807587486931123f,0f,0f,0f,1f],start_interpolation:0}
execute if entity @s[tag=aj.steel_caller.bone.ledo_slash] run data modify entity @s {} merge value {transformation:[0.000011604755556157538f,0.000021965591724825074f,-0.7085445629686142f,1.5008709882867843f,-0.0000013524893959083121f,-0.00000726984577307933f,-2.4752398388453343f,0.626883984239755f,-0.000023040432548606765f,0.00001149013636668635f,-0.2115737544962843f,0.44348725175499876f,0f,0f,0f,1f],start_interpolation:0}
execute if entity @s[tag=aj.steel_caller.locator_origin.ledo_hammer] at @s on origin run tp @s ^1.55998 ^0.60851 ^0.4738 ~-73.3742 ~-73.3669
execute if entity @s[tag=aj.steel_caller.locator_origin.ledo_hammer2] at @s on origin run tp @s ^0.39084 ^0.99546 ^-0.13777 ~-73.3742 ~-73.3669
execute if entity @s[tag=aj.steel_caller.bone.ledo_great_hammer] run data modify entity @s {} merge value {transformation:[1.0668888172596445f,2.019417303733918f,-0.6514038724066292f,1.3900716434539977f,-0.12434176704318352f,-0.6683567888153576f,-2.27562372280942f,0.6454946078065242f,-2.118233314952557f,1.0563512466147127f,-0.19451135494013233f,0.5968168391642176f,0f,0f,0f,1f],start_interpolation:0}
execute if entity @s[tag=aj.steel_caller.bone.left_arm2] run data modify entity @s {} merge value {transformation:[-0.12168633340054269f,-0.7583979921500905f,0.6403318840775019f,0.3880812306959351f,0.5453361207356806f,0.48794943256276374f,0.6815525413954792f,1.0236829308876814f,-0.8293376584265852f,0.432131735428432f,0.35420504167942124f,0.08937049384717499f,0f,0f,0f,1f],start_interpolation:0}
execute if entity @s[tag=aj.steel_caller.bone.left_arm] run data modify entity @s {} merge value {transformation:[-0.12168633340054269f,-0.7583979921500905f,0.6403318840775019f,0.18327094098334462f,0.5453361207356806f,0.48794943256276374f,0.6815525413954792f,1.2138373041203323f,-0.8293376584265852f,0.432131735428432f,0.35420504167942124f,0.09373622040095983f,0f,0f,0f,1f],start_interpolation:0}
execute if entity @s[tag=aj.steel_caller.bone.head] run data modify entity @s {} merge value {transformation:[-0.4164072705831874f,-0.05578090072452142f,0.9074654131810322f,-0.13009989563664248f,-0.1766510437581504f,0.9840585649508757f,-0.020570597608703424f,1.3224011276752945f,-0.8918516657744249f,-0.16887045881735577f,-0.41962289545995896f,0.0024043500595283263f,0f,0f,0f,1f],start_interpolation:0}
execute if entity @s[tag=aj.steel_caller.bone.body_top] run data modify entity @s {} merge value {transformation:[-0.9684922468780665f,-0.0793641054239717f,0.23605954017435352f,-0.09885027912595362f,-0.10647439487574638f,0.9888202344266204f,-0.10439227569282833f,0.9330531603698127f,-0.22513545028031046f,-0.1262374063371731f,-0.9661149756982061f,0.05211032880479024f,0f,0f,0f,1f],start_interpolation:0}
execute if entity @s[tag=aj.steel_caller.bone.body] run data modify entity @s {} merge value {transformation:[-0.9950245903214672f,-0.08191558425702254f,0.056708920915735594f,-0.06301221101350625f,-0.08623328072939107f,0.9931840094167146f,-0.0784177577694328f,0.49853515625f,-0.0498987570009769f,-0.08291779359564537f,-0.9953063616570466f,0.08838686350288509f,0f,0f,0f,1f],start_interpolation:0}
execute if entity @s[tag=aj.steel_caller.locator_origin.player_camera] at @s on origin run tp @s ^-0.50239 ^-0.31396 ^-0.35611 ~-44.66797 ~0
execute if entity @s[tag=aj.steel_caller.bone.right_leg2] run data modify entity @s {} merge value {transformation:[-0.8612394692417008f,0.015393699504404779f,-0.5079661510729251f,-0.3572355242660331f,-0.005026880517711718f,0.9992341860842979f,0.03880427595911956f,0.4111413678504634f,0.5081744848893285f,0.03597325917982619f,-0.8605025377832694f,-0.1433392265844398f,0f,0f,0f,1f],start_interpolation:0}
execute if entity @s[tag=aj.steel_caller.bone.right_leg] run data modify entity @s {} merge value {transformation:[-0.8612394692417008f,0.44907662606315424f,-0.23790073674540735f,-0.19584861177458704f,-0.005026880517711718f,0.46057401989436275f,0.8876070654690666f,0.57666015625f,0.5081744848893285f,0.7656381365384572f,-0.39440706989782087f,0.13181197873406827f,0f,0f,0f,1f],start_interpolation:0}
execute if entity @s[tag=aj.steel_caller.bone.left_leg2] run data modify entity @s {} merge value {transformation:[-0.9667889625472132f,-0.21176313682804165f,0.14309254270447277f,0.15770560820937846f,-0.23183038417923413f,0.4909526790171709f,-0.8397738623803265f,0.3190843137106345f,0.10758148013571833f,-0.8450573003333034f,-0.5237407605726302f,0.27965715141006187f,0f,0f,0f,1f],start_interpolation:0}
execute if entity @s[tag=aj.steel_caller.bone.left_leg] run data modify entity @s {} merge value {transformation:[-0.9667889625472132f,-0.24453959919806303f,0.07429324545969135f,0.06982418974757454f,-0.23183038417923413f,0.7167327792399736f,-0.6576844198658289f,0.57666015625f,0.10758148013571833f,-0.6530654696023929f,-0.7496210492941178f,0.04496174827170192f,0f,0f,0f,1f],start_interpolation:0}