execute if entity @s[tag=aj.rkgugs_skill.locator_origin.rkgugs_right_locator] at @s on origin run tp @s ^-6.85436 ^1.4321 ^0.02582 ~94.68262 ~9.26916
execute if entity @s[tag=aj.rkgugs_skill.bone.weapon1] run data modify entity @s {} merge value {transformation:[0.08766028606953002f,-0.2235612513475398f,1.3115310971989598f,-7.237815258222457f,0.12713033794710019f,1.309768019751652f,0.21476356624686246f,1.4271335635676095f,-1.324360724726251f,0.1109318669703916f,0.10742704254888072f,0.06288733523751366f,0f,0f,0f,1f],start_interpolation:0}
execute if entity @s[tag=aj.rkgugs_skill.bone.right_arm2] run data modify entity @s {} merge value {transformation:[-0.12647220967428408f,-0.7990852681820342f,-0.5877648461370846f,-8.380443568419091f,-0.13544569868572007f,0.600884237283472f,-0.7877769964220825f,1.3820450352914606f,0.982679623726696f,-0.020021677220129333f,-0.18422781970606897f,-0.16988718141986398f,0f,0f,0f,1f],start_interpolation:0}
execute if entity @s[tag=aj.rkgugs_skill.bone.right_arm] run data modify entity @s {} merge value {transformation:[0.9550615269007545f,-0.2963537227486126f,-0.0056525080307629205f,-8.496054518617676f,0.29604845369624555f,0.9546692820419886f,-0.031014109522864017f,1.5406041154731391f,0.014587422598298996f,0.027946966534360542f,0.999502963559121f,-0.10308990388462f,0f,0f,0f,1f],start_interpolation:0}
execute if entity @s[tag=aj.rkgugs_skill.locator_origin.rkgugs_left_locator] at @s on origin run tp @s ^-7.09322 ^1.07459 ^1.28609 ~114.44953 ~7.03597
execute if entity @s[tag=aj.rkgugs_skill.bone.weapon2] run data modify entity @s {} merge value {transformation:[0.5644942100414161f,-0.0894185942214325f,1.20462790089511f,-7.496867115988772f,-0.14009333766125667f,1.3158560388254312f,0.1633233590376882f,1.1443619596622387f,-1.1997907823243286f,-0.19571657536317025f,0.5476996243886476f,1.0880238369529243f,0f,0f,0f,1f],start_interpolation:0}
execute if entity @s[tag=aj.rkgugs_skill.bone.left_arm2] run data modify entity @s {} merge value {transformation:[-0.42383391540465815f,-0.5035255980224842f,-0.7528789971096665f,-8.433718046202964f,0.15211064814885758f,0.7798546381872522f,-0.6071977388113078f,1.2257557896583389f,0.8928757824426036f,-0.3718719072932648f,-0.25393723967464454f,0.5944500668887428f,0f,0f,0f,1f],start_interpolation:0}
execute if entity @s[tag=aj.rkgugs_skill.bone.left_arm] run data modify entity @s {} merge value {transformation:[-0.8513083958514343f,-0.05568570073478455f,0.5217021352137006f,-8.560056016948588f,-0.12844124544678295f,0.9862148614020939f,-0.10432206678229017f,1.4667882674221195f,-0.5087011515820831f,-0.1558183233234314f,-0.8467253323810132f,0.560725086370878f,0f,0f,0f,1f],start_interpolation:0}
execute if entity @s[tag=aj.rkgugs_skill.bone.head] run data modify entity @s {} merge value {transformation:[0.16196241370613823f,0.1287220425742428f,0.9783653777101871f,-8.459262980851268f,0.07913721108916513f,0.9865679608491421f,-0.14290192597370846f,1.6765331931810925f,-0.9836185634520684f,0.10056984827213936f,0.14960022476924356f,0.24187066427100004f,0f,0f,0f,1f],start_interpolation:0}
execute if entity @s[tag=aj.rkgugs_skill.locator_origin.player_camera] at @s on origin run tp @s ^-6.65074 ^-0.32957 ^0.02428 ~84.52389 ~-1.56081
execute if entity @s[tag=aj.rkgugs_skill.bone.body_top] run data modify entity @s {} merge value {transformation:[-0.09479650968149443f,0.029253826527961546f,0.9950667492111667f,-8.470781675046652f,0.02249080164249738f,0.9993759358091249f,-0.027237892119516494f,1.2830289184562496f,-0.9952425762565046f,0.0197977917735416f,-0.09539529258410656f,0.23407528376016803f,0f,0f,0f,1f],start_interpolation:0}
execute if entity @s[tag=aj.rkgugs_skill.bone.body] run data modify entity @s {} merge value {transformation:[-0.04008548621149874f,0.44346917783267853f,0.8953927864951763f,-8.66479944034845f,0.13399762545551497f,0.8904043759412291f,-0.43499963641018646f,0.893477003981962f,-0.9901705863978547f,0.10254333531302284f,-0.09511610912673853f,0.18921257456072055f,0f,0f,0f,1f],start_interpolation:0}
execute if entity @s[tag=aj.rkgugs_skill.bone.right_leg2] run data modify entity @s {} merge value {transformation:[0.047785573589100204f,0.8972048522162286f,0.43902163057919685f,-8.742122836919389f,0.29339862333991207f,0.40752728745400296f,-0.8647767097942839f,0.6143091493012873f,-0.9547951543545898f,0.17013219313239467f,-0.24376474330993056f,-0.06890198254124469f,0f,0f,0f,1f],start_interpolation:0}
execute if entity @s[tag=aj.rkgugs_skill.bone.right_leg] run data modify entity @s {} merge value {transformation:[-0.06774449464189514f,0.07091528641486786f,-0.995179232901497f,-8.687754407536339f,-0.3413071117119645f,0.9356421802847182f,0.08990642895196979f,0.9185071638024614f,0.9375074074056966f,0.3457524152117466f,-0.039180715086544304f,0.045772426046564174f,0f,0f,0f,1f],start_interpolation:0}
execute if entity @s[tag=aj.rkgugs_skill.bone.left_leg2] run data modify entity @s {} merge value {transformation:[0.4693319256784196f,0.43040486507173037f,-0.7710247698106544f,-8.536327189904664f,0.14913532428649487f,0.8219864938444023f,0.5496333859831919f,0.5664827777665694f,0.870336830536861f,-0.37294752453927327f,0.32159593491068783f,0.3687805044974058f,0f,0f,0f,1f],start_interpolation:0}
execute if entity @s[tag=aj.rkgugs_skill.bone.left_leg] run data modify entity @s {} merge value {transformation:[0.48863299768950663f,-0.2722201595909269f,-0.8289354488024128f,-8.634156309757653f,0.27175756905187165f,0.9503046616004569f,-0.15188440934953823f,0.9079985155292336f,0.8290872193153046f,-0.15105374822470094f,0.5383281043334859f,0.3144955637291539f,0f,0f,0f,1f],start_interpolation:0}