execute if entity @s[tag=aj.rkgugs_skill.locator_origin.rkgugs_right_locator] at @s on origin run tp @s ^1.26946 ^0.44487 ^0.31175 ~112.72058 ~-8.17506
execute if entity @s[tag=aj.rkgugs_skill.bone.weapon1] run data modify entity @s {} merge value {transformation:[0.40731985080257593f,0.3603926932691957f,1.2173682366310206f,0.9819397525059864f,-0.5102686013042825f,1.2171510074113399f,-0.1895973561479949f,0.570280364464723f,-1.1625378580686807f,-0.4079685154194058f,0.5097501316933108f,0.22765181713711558f,0f,0f,0f,1f],start_interpolation:0}
execute if entity @s[tag=aj.rkgugs_skill.bone.right_arm2] run data modify entity @s {} merge value {transformation:[0.30548988810193195f,-0.2626045215892532f,0.9152676075926367f,0.008505864946372607f,-0.38270145097821195f,0.8463039998363785f,0.3705524784428228f,1.0097224755867606f,-0.8719033935515106f,-0.46347427663445023f,0.15803818276458625f,-0.30629419841425465f,0f,0f,0f,1f],start_interpolation:0}
execute if entity @s[tag=aj.rkgugs_skill.bone.right_arm] run data modify entity @s {} merge value {transformation:[0.30548988810193195f,0.14880828252099448f,0.9404956264229096f,0.09628691548599282f,-0.38270145097821195f,0.9236141495751873f,-0.021828928596590802f,1.2394520735066128f,-0.8719033935515106f,-0.3532605239163523f,0.33910392884144525f,-0.376372635545765f,0f,0f,0f,1f],start_interpolation:0}
execute if entity @s[tag=aj.rkgugs_skill.locator_origin.rkgugs_left_locator] at @s on origin run tp @s ^0.75801 ^0.29347 ^1.42379 ~126.42173 ~-33.27056
execute if entity @s[tag=aj.rkgugs_skill.bone.weapon2] run data modify entity @s {} merge value {transformation:[0.11787190022984435f,0.9793954348182601f,0.8970332073959884f,0.5975335077992225f,-0.8087231972393113f,0.7672770636588808f,-0.7314577743163371f,0.5711285413172487f,-1.0534945577272854f,-0.4794249342889185f,0.6618751596780423f,1.1926939526289946f,0f,0f,0f,1f],start_interpolation:0}
execute if entity @s[tag=aj.rkgugs_skill.bone.left_arm2] run data modify entity @s {} merge value {transformation:[-0.343462748300131f,0.5903117080715696f,0.7304556303046386f,-0.012218275976220133f,-0.4948007361513489f,0.5473335794385222f,-0.674980136243355f,1.3764114497383186f,-0.7982515718958553f,-0.593260516242772f,0.10409797228167f,0.4861152594973883f,0f,0f,0f,1f],start_interpolation:0}
execute if entity @s[tag=aj.rkgugs_skill.bone.left_arm] run data modify entity @s {} merge value {transformation:[-0.343462748300131f,0.928712114946381f,0.13973957235493778f,0.1682931859506751f,-0.4948007361513489f,-0.05247332658590853f,-0.8674207638171292f,1.3556568238114934f,-0.7982515718958553f,-0.36706996274392767f,0.4775500711097918f,0.2647194428800625f,0f,0f,0f,1f],start_interpolation:0}
execute if entity @s[tag=aj.rkgugs_skill.bone.head] run data modify entity @s {} merge value {transformation:[0.12860434976256552f,0.7194774676829986f,0.6825050144274456f,0.26490956211172545f,-0.329072282852733f,0.6801858819081148f,-0.6550256473688425f,1.3998170165263453f,-0.935506469181394f,-0.14035433569840342f,0.32423495581201794f,-0.11545875972615421f,0f,0f,0f,1f],start_interpolation:0}
execute if entity @s[tag=aj.rkgugs_skill.bone.body_top] run data modify entity @s {} merge value {transformation:[-0.37990087959582886f,0.6382635838760891f,0.6695482948824276f,0.013593275960515336f,-0.04606442324659859f,0.7098631827640602f,-0.7028316517253879f,1.1203083883129965f,-0.9238795325112867f,-0.2978487187377666f,-0.24027640365420194f,0.0018191732768413973f,0f,0f,0f,1f],start_interpolation:0}
execute if entity @s[tag=aj.rkgugs_skill.bone.body] run data modify entity @s {} merge value {transformation:[-0.37990087959582886f,0.2202265632058515f,0.8984295089437204f,-0.08275584544204469f,-0.04606442324659859f,0.9655375907955671f,-0.256154698710858f,0.6978856923399359f,-0.9238795325112867f,-0.1386990325100768f,-0.35666397040841513f,0.06249999999999999f,0f,0f,0f,1f],start_interpolation:0}
execute if entity @s[tag=aj.rkgugs_skill.bone.right_leg2] run data modify entity @s {} merge value {transformation:[-0.34738574617268014f,0.0934403628320683f,0.9330552191322126f,0.09886838495949343f,0.1760074121831452f,0.9838356702931605f,-0.03299643488923826f,0.5150069814664228f,-0.9210562057836873f,0.15276214338840188f,-0.35821668489161496f,-0.27227326706424126f,0f,0f,0f,1f],start_interpolation:0}
execute if entity @s[tag=aj.rkgugs_skill.bone.right_leg] run data modify entity @s {} merge value {transformation:[-0.3189270444659422f,-0.4650873490192383f,0.825820378829728f,-0.06827238109429534f,0.38477632092666636f,0.732750208075379f,0.561270269495568f,0.7783390874935121f,-0.8661597561433788f,0.4967603953091931f,-0.054739259128125835f,-0.09375000000000001f,0f,0f,0f,1f],start_interpolation:0}
execute if entity @s[tag=aj.rkgugs_skill.bone.left_leg2] run data modify entity @s {} merge value {transformation:[-0.7604744107990419f,0.16822559515352745f,0.6271991865867584f,0.03161619056895952f,-0.09221040805307831f,0.928098335495198f,-0.36073635843608504f,0.4315407650878607f,-0.6427876096865394f,-0.3321650625611975f,-0.6902828840752036f,0.16273837691675075f,0f,0f,0f,1f],start_interpolation:0}
execute if entity @s[tag=aj.rkgugs_skill.bone.left_leg] run data modify entity @s {} merge value {transformation:[-0.7604744107990419f,-0.2026329026969917f,0.6169429286931178f,-0.04120500883777187f,-0.09221040805307831f,0.9741366094004763f,0.20628889178147386f,0.7816211090911569f,-0.6427876096865394f,0.09998886423165007f,-0.7594908267142729f,0.198671875f,0f,0f,0f,1f],start_interpolation:0}