execute if entity @s[tag=aj.rkgugs_skill.locator_origin.rkgugs_right_locator] at @s on origin run tp @s ^0.86542 ^1.90887 ^0.33541 ~115.77445 ~25.90162
execute if entity @s[tag=aj.rkgugs_skill.bone.weapon1] run data modify entity @s {} merge value {transformation:[0.7470721036364392f,0.23045816993541823f,1.0800694800132176f,0.5880604000572717f,-1.0310674660320112f,0.6127361566062752f,0.5824363146778163f,1.84941686158265f,-0.395677811149843f,-1.161559818552263f,0.5215320080937318f,0.17727204353403442f,0f,0f,0f,1f],start_interpolation:0}
execute if entity @s[tag=aj.rkgugs_skill.bone.right_arm2] run data modify entity @s {} merge value {transformation:[0.3197575711727152f,-0.4923698924599168f,-0.8095226894144079f,-0.3896614234575838f,0.7043163082547614f,-0.44798743281876974f,0.5506775807701203f,1.0749438116243373f,-0.6337930526631782f,-0.7462433577831418f,0.20353677151913274f,-0.3877514344835205f,0f,0f,0f,1f],start_interpolation:0}
execute if entity @s[tag=aj.rkgugs_skill.bone.right_arm] run data modify entity @s {} merge value {transformation:[0.36774302635985706f,-0.8312663761934371f,-0.4168468284321287f,-0.5974780175059431f,0.5712445186022748f,-0.15177771703031193f,0.8066245871407106f,1.0369993823667594f,-0.7337879574717404f,-0.5347520326499915f,0.41904116390416046f,-0.5214394426460184f,0f,0f,0f,1f],start_interpolation:0}
execute if entity @s[tag=aj.rkgugs_skill.locator_origin.rkgugs_left_locator] at @s on origin run tp @s ^0.40084 ^1.97986 ^1.06091 ~105.84235 ~29.13491
execute if entity @s[tag=aj.rkgugs_skill.bone.weapon2] run data modify entity @s {} merge value {transformation:[0.718388248604184f,0.08003582854720805f,1.1203974152924276f,0.0932319013947771f,-1.0649479080515463f,0.4714436191719101f,0.6491568723016827f,1.8414797572129502f,-0.35718630318340205f,-1.2446336641231546f,0.3179351580547861f,0.8548073515536385f,0f,0f,0f,1f],start_interpolation:0}
execute if entity @s[tag=aj.rkgugs_skill.bone.left_arm2] run data modify entity @s {} merge value {transformation:[0.1711080433947432f,-0.0065099206331086235f,0.9852307640441265f,-0.8926652294456328f,-0.9808798088854107f,0.0929793895546189f,0.17096676179588283f,1.338487339250105f,-0.09271913506144439f,-0.9956467516400587f,0.009524071716265903f,0.312094973887035f,0f,0f,0f,1f],start_interpolation:0}
execute if entity @s[tag=aj.rkgugs_skill.bone.left_arm] run data modify entity @s {} merge value {transformation:[0.1711080433947432f,0.6608126394826832f,0.7307863524899407f,-0.7517477111812403f,-0.9808798088854107f,0.18405506680611808f,0.06323395372673704f,1.2579390077330372f,-0.09271913506144439f,-0.7276334158646951f,0.679671077882922f,0.07611728567049801f,0f,0f,0f,1f],start_interpolation:0}
execute if entity @s[tag=aj.rkgugs_skill.bone.head] run data modify entity @s {} merge value {transformation:[0.590655614120506f,-0.4531866892253966f,0.6676434454234171f,-0.7142020902006276f,-0.05126959374117851f,0.8046448213347595f,0.5915387901539233f,1.2940145406643906f,-0.8052933467163019f,-0.3836255155852861f,0.45203328364887146f,-0.3151744146873029f,0f,0f,0f,1f],start_interpolation:0}
execute if entity @s[tag=aj.rkgugs_skill.bone.body_top] run data modify entity @s {} merge value {transformation:[0.009738973182875671f,-0.3906006993197122f,0.9205086887652364f,-0.560403064843491f,-0.531913426383626f,0.7774843620895844f,0.335538631962078f,0.9878800730916166f,-0.8467427349757268f,-0.4928987323955132f,-0.2001938569704929f,-0.12109553880656955f,0f,0f,0f,1f],start_interpolation:0}
execute if entity @s[tag=aj.rkgugs_skill.bone.body] run data modify entity @s {} merge value {transformation:[-0.1897264662878858f,-0.5410883412306785f,0.8192846117034936f,-0.3236769155550691f,-0.5919288230890873f,0.7287796977333972f,0.3442389004281562f,0.6690389553332553f,-0.7833416472946396f,-0.41964694584358747f,-0.458554581765213f,0.06249999999999996f,0f,0f,0f,1f],start_interpolation:0}
execute if entity @s[tag=aj.rkgugs_skill.bone.right_leg2] run data modify entity @s {} merge value {transformation:[0.8700155445838387f,0.37847387832414325f,0.31595961072385137f,-0.4067520676951649f,-0.46655458964472585f,0.8391788498391538f,0.2794739216171632f,0.267028086827672f,-0.1593730437179629f,-0.39055906263831114f,0.9066773690388195f,-0.03913669968057943f,0f,0f,0f,1f],start_interpolation:0}
execute if entity @s[tag=aj.rkgugs_skill.bone.right_leg] run data modify entity @s {} merge value {transformation:[0.9510002636941006f,-0.09616960405102874f,0.2938535446619948f,-0.4413130191510034f,0.07240498882806312f,0.9932396423802922f,0.09073329266083859f,0.6239735833080895f,-0.3005927744416999f,-0.06501092262795305f,0.951534320922006f,-0.06250000000000006f,0f,0f,0f,1f],start_interpolation:0}
execute if entity @s[tag=aj.rkgugs_skill.bone.left_leg2] run data modify entity @s {} merge value {transformation:[-0.27530185531429413f,-0.5930036732857968f,-0.7566739931635416f,0.058693176853181095f,-0.14224095407464943f,0.8035516498399263f,-0.5779898416265339f,0.651252392002935f,0.9507767348039396f,-0.0514916450415429f,-0.30556866829973717f,0.2995731774750292f,0f,0f,0f,1f],start_interpolation:0}
execute if entity @s[tag=aj.rkgugs_skill.bone.left_leg] run data modify entity @s {} merge value {transformation:[-0.3586625737186136f,-0.8594692174591185f,-0.3642441797115644f,-0.25017857317118963f,-0.043113909253849586f,0.4050415106808487f,-0.9132812083111239f,0.796814184903865f,0.9324710982343586f,-0.31185579819138576f,-0.18232830853167808f,0.18749999999999997f,0f,0f,0f,1f],start_interpolation:0}