execute if entity @s[tag=aj.rkgugs_skill.locator_origin.rkgugs_right_locator] at @s on origin run tp @s ^1.39221 ^0.75282 ^0.2095 ~104.52452 ~4.56056
execute if entity @s[tag=aj.rkgugs_skill.bone.weapon1] run data modify entity @s {} merge value {transformation:[0.3385793233893676f,0.08783471170814446f,1.2866339351074658f,1.0185891900149946f,-0.6965344153120878f,1.1319796757350598f,0.10601697876460488f,0.8087127107684434f,-1.0853486204150364f,-0.6990599794865062f,0.33333360919847277f,0.13385850275044953f,0f,0f,0f,1f],start_interpolation:0}
execute if entity @s[tag=aj.rkgugs_skill.bone.right_arm2] run data modify entity @s {} merge value {transformation:[0.2539344925420257f,-0.4629216486891632f,0.8492472082216878f,-0.0764806092681444f,-0.5224008114840659f,0.6733043206354933f,0.5232195370725048f,0.9727381174530899f,-0.8140114653112773f,-0.5765109183601675f,-0.07085545394183335f,-0.3130184944869575f,0f,0f,0f,1f],start_interpolation:0}
execute if entity @s[tag=aj.rkgugs_skill.bone.right_arm] run data modify entity @s {} merge value {transformation:[0.2539344925420257f,0.35300080465947054f,0.9005041395835947f,0.03794703781485098f,-0.5224008114840659f,0.8336010937585844f,-0.17946199777468536f,1.1759214723527742f,-0.8140114653112773f,-0.42485250192773777f,0.39608797753469943f,-0.4077174345754414f,0f,0f,0f,1f],start_interpolation:0}
execute if entity @s[tag=aj.rkgugs_skill.locator_origin.rkgugs_left_locator] at @s on origin run tp @s ^0.55981 ^0.31817 ^1.542 ~135.02071 ~-35.66915
execute if entity @s[tag=aj.rkgugs_skill.bone.weapon2] run data modify entity @s {} merge value {transformation:[0.005373420795429388f,1.0915655118291938f,0.7656589563975611f,0.410914323378737f,-0.93321169378095f,0.5499375038971168f,-0.7774718349726095f,0.6248323612414405f,-0.9522945125943041f,-0.5327581561743148f,0.7662125593399646f,1.2406364848313407f,0f,0f,0f,1f],start_interpolation:0}
execute if entity @s[tag=aj.rkgugs_skill.bone.left_arm2] run data modify entity @s {} merge value {transformation:[-0.4054050407859974f,0.6747622250095089f,0.6167192980647844f,-0.05899570860509104f,-0.5258413090949083f,0.3797179200400532f,-0.7611210277280537f,1.4261919223119335f,-0.7477550872810274f,-0.632858784327651f,0.2008782928657816f,0.43036574876723704f,0f,0f,0f,1f],start_interpolation:0}
execute if entity @s[tag=aj.rkgugs_skill.bone.left_arm] run data modify entity @s {} merge value {transformation:[-0.4054050407859974f,0.9141364148552563f,-0.0011695900487653788f,0.11893586438852119f,-0.5258413090949083f,-0.23424849631723027f,-0.8176909927487702f,1.3530053216425606f,-0.7477550872810274f,-0.3308810315033105f,0.5756562102823596f,0.21819759183863355f,0f,0f,0f,1f],start_interpolation:0}
execute if entity @s[tag=aj.rkgugs_skill.bone.head] run data modify entity @s {} merge value {transformation:[0.11940931194081417f,0.7735719588398967f,0.6223566828743999f,0.22593274313904885f,-0.48256143614305086f,0.5930399908738948f,-0.6445448235552333f,1.3379351944340319f,-0.8676842032498793f,-0.22336068078535182f,0.4441104926814122f,-0.16146656462542305f,0f,0f,0f,1f],start_interpolation:0}
execute if entity @s[tag=aj.rkgugs_skill.locator_origin.player_camera] at @s on origin run tp @s ^-0.18483 ^-1.30498 ^0.27308 ~75.89208 ~-54.97926
execute if entity @s[tag=aj.rkgugs_skill.bone.body_top] run data modify entity @s {} merge value {transformation:[-0.37089338348408357f,0.7434209763243487f,0.5565638777792543f,-0.06678926628866347f,-0.094258726357058f,0.566078916389683f,-0.8189444138185616f,1.1150416211055942f,-0.9238795325112868f,-0.3562020667823736f,-0.13988101024331945f,-0.02121200082986343f,0f,0f,0f,1f],start_interpolation:0}
execute if entity @s[tag=aj.rkgugs_skill.bone.body] run data modify entity @s {} merge value {transformation:[-0.37089338348408357f,0.2343972686887794f,0.8986078224225342f,-0.16933807134000445f,-0.094258726357058f,0.9531244766973297f,-0.28752221553470725f,0.6980496625505126f,-0.9238795325112868f,-0.19134171618254492f,-0.3314135740355917f,0.06249999999999998f,0f,0f,0f,1f],start_interpolation:0}
execute if entity @s[tag=aj.rkgugs_skill.bone.right_leg2] run data modify entity @s {} merge value {transformation:[0.0421916757734459f,-0.059145004314075766f,0.9973573737432918f,0.02889080492617291f,0.14285590339542006f,0.9883465308428088f,0.05256734572016308f,0.48148124841523354f,-0.9888437962390756f,0.14026048422728593f,0.050149209403743095f,-0.14381022433819332f,0f,0f,0f,1f],start_interpolation:0}
execute if entity @s[tag=aj.rkgugs_skill.bone.right_leg] run data modify entity @s {} merge value {transformation:[0.0938954576281838f,-0.43995515260701545f,0.8930974788517386f,-0.12921807804197327f,0.34690752644438644f,0.8552986515860119f,0.38486281281956436f,0.7888542013289566f,-0.9331874469435554f,0.27368536732841137f,0.23293241203679937f,-0.045454545454545484f,0f,0f,0f,1f],start_interpolation:0}
execute if entity @s[tag=aj.rkgugs_skill.bone.left_leg2] run data modify entity @s {} merge value {transformation:[-0.7424434699240386f,-0.1961536003158593f,0.6405477804584757f,-0.09610461178191239f,-0.18868434699417527f,0.9786913264381255f,0.08100311570652455f,0.4294538939370923f,-0.6427876096865395f,-0.060721105374565355f,-0.763634098371436f,0.2507880507628478f,0f,0f,0f,1f],start_interpolation:0}
execute if entity @s[tag=aj.rkgugs_skill.bone.left_leg] run data modify entity @s {} merge value {transformation:[-0.7424434699240386f,-0.16546323413875313f,0.6491529959227621f,-0.1555679615505268f,-0.18868434699417527f,0.9814365395168646f,0.034358930433640925f,0.7821576503259655f,-0.6427876096865395f,-0.09697544560096785f,-0.7598814721941566f,0.21593749999999998f,0f,0f,0f,1f],start_interpolation:0}