execute if entity @s[tag=aj.rkgugs_skill.locator_origin.rkgugs_right_locator] at @s on origin run tp @s ^-5.45558 ^1.24653 ^-0.17558 ~-94.5043 ~-28.98915
execute if entity @s[tag=aj.rkgugs_skill.bone.weapon1] run data modify entity @s {} merge value {transformation:[-0.09368111745338283f,-0.6458925570713197f,-1.162679848767637f,-4.22795552662579f,0.3504202847455278f,1.112393489686345f,-0.6461920193874855f,1.9789255729370163f,1.2830460825899148f,-0.3509719456040397f,0.09159269145169807f,-0.35092157311826905f,0f,0f,0f,1f],start_interpolation:0}
execute if entity @s[tag=aj.rkgugs_skill.bone.right_arm2] run data modify entity @s {} merge value {transformation:[0.4030710259114374f,0.9151511019818686f,0.005675263172139872f,-3.9425036289193103f,-0.8810598766736489f,0.3897181437462217f,-0.2680545880055289f,2.133255067830306f,-0.24752220463327335f,0.10304479111711995f,0.9633870090659894f,-0.2914971528286971f,0f,0f,0f,1f],start_interpolation:0}
execute if entity @s[tag=aj.rkgugs_skill.bone.right_arm] run data modify entity @s {} merge value {transformation:[0.47877168795350944f,0.8456090628853961f,-0.23605716167960186f,-3.7311013631979613f,-0.7932380174558529f,0.3014265870890683f,-0.5290703736352511f,2.208611714602573f,-0.3762327982471164f,0.44055343076852604f,0.8150837724806119f,-0.18135879513656558f,0f,0f,0f,1f],start_interpolation:0}
execute if entity @s[tag=aj.rkgugs_skill.locator_origin.rkgugs_left_locator] at @s on origin run tp @s ^-5.04951 ^1.10295 ^-0.32732 ~-42.91902 ~-40.52943
execute if entity @s[tag=aj.rkgugs_skill.bone.weapon2] run data modify entity @s {} merge value {transformation:[-0.9024643725866917f,-0.6979149012120329f,-0.6901091396697222f,-4.370914655460035f,-0.11600740331389887f,1.0067681862355427f,-0.8664513138879413f,2.1314814507163082f,0.9746169074902469f,-0.5264127540513921f,-0.7421517862162388f,0.4234562609661254f,0f,0f,0f,1f],start_interpolation:0}
execute if entity @s[tag=aj.rkgugs_skill.bone.left_arm2] run data modify entity @s {} merge value {transformation:[-0.3921693077607967f,0.8973836367646955f,0.20225192834034017f,-4.178144641831604f,0.842462914660315f,0.43866245383327457f,-0.3127802567602644f,2.1610767286437773f,-0.3694042114980067f,0.0477269322703551f,-0.9280423850577068f,0.4554928239854424f,0f,0f,0f,1f],start_interpolation:0}
execute if entity @s[tag=aj.rkgugs_skill.bone.left_arm] run data modify entity @s {} merge value {transformation:[-0.05971334511046633f,0.9900335288207457f,-0.12754578874451195f,-3.9301288159686947f,0.9385126947294855f,0.012155672980879662f,-0.34503066739926364f,2.302994150442637f,-0.34004152429860346f,-0.1403062772121163f,-0.9298848909018573f,0.43602886982645395f,0f,0f,0f,1f],start_interpolation:0}
execute if entity @s[tag=aj.rkgugs_skill.bone.head] run data modify entity @s {} merge value {transformation:[0.2993801672026081f,0.7081512514040922f,-0.6394476683987176f,-3.706751110878608f,-0.09779205357810487f,-0.6438833982959509f,-0.7588483930640131f,2.1322708392882053f,-0.9491091769352541f,0.28971705944537635f,-0.12351435432211436f,0.15894356816439661f,0f,0f,0f,1f],start_interpolation:0}
execute if entity @s[tag=aj.rkgugs_skill.locator_origin.player_camera] at @s on origin run tp @s ^-5.24736 ^2.64617 ^-0.40171 ~-55.03439 ~-54.54897
execute if entity @s[tag=aj.rkgugs_skill.bone.body_top] run data modify entity @s {} merge value {transformation:[0.3817707964446765f,0.7926715617574769f,-0.4753134272908349f,-4.018865538320615f,0.14941469986907868f,-0.5604313277449721f,-0.8146115481289478f,2.352940674587788f,-0.912099943232665f,0.239976086439816f,-0.3323930978404928f,0.06445298412871905f,0f,0f,0f,1f],start_interpolation:0}
execute if entity @s[tag=aj.rkgugs_skill.bone.body] run data modify entity @s {} merge value {transformation:[0.4442994929833929f,0.4763148158485687f,-0.7587635710403103f,-4.227253270254364f,0.04337402152954617f,-0.8573928693918691f,-0.5128315140202793f,2.728050054946731f,-0.894827723526185f,0.19494015419897803f,-0.4015989062358415f,-0.02083333333333385f,0f,0f,0f,1f],start_interpolation:0}
execute if entity @s[tag=aj.rkgugs_skill.bone.right_leg2] run data modify entity @s {} merge value {transformation:[0.14920743409451026f,-0.4503427794565218f,-0.8803002457129653f,-4.230142875286577f,-0.21358109166832373f,-0.8839282206939554f,0.41599761771263316f,3.0744875776739384f,-0.9654637532775121f,0.12594555034693783f,-0.22807336419474225f,-0.22034395241847227f,0f,0f,0f,1f],start_interpolation:0}
execute if entity @s[tag=aj.rkgugs_skill.bone.right_leg] run data modify entity @s {} merge value {transformation:[-0.9835896871276596f,0.1507543086446023f,-0.09911844329488331f,-4.175965545617423f,-0.16768715106330767f,-0.9665846024803417f,0.19389488290357745f,2.727121236157566f,-0.06657587208880016f,0.20733389658473297f,0.9760022072631847f,-0.14583333333333384f,0f,0f,0f,1f],start_interpolation:0}
execute if entity @s[tag=aj.rkgugs_skill.bone.left_leg2] run data modify entity @s {} merge value {transformation:[-0.33027770818013985f,0.20770846288333505f,0.9207463439655443f,-4.599885655936136f,-0.13901937120179347f,-0.9755531098524444f,0.17020500664752103f,2.953336179806238f,0.9335899795466597f,-0.07178665825811137f,0.35107894523340577f,0.07125159440675463f,0f,0f,0f,1f],start_interpolation:0}
execute if entity @s[tag=aj.rkgugs_skill.bone.left_leg] run data modify entity @s {} merge value {transformation:[-0.2608712736231823f,0.8398666847152253f,0.47599383452275396f,-4.298058566116602f,-0.24988763385935675f,-0.535009594882824f,0.8070445488493734f,2.761067106645223f,0.9324710982343586f,0.09158976628844943f,0.34944093301849494f,0.10416666666666614f,0f,0f,0f,1f],start_interpolation:0}