execute if entity @s[tag=aj.rkgugs_skill.locator_origin.rkgugs_right_locator] at @s on origin run tp @s ^-4.04943 ^1.47564 ^-0.66445 ~58.58525 ~-31.23522
execute if entity @s[tag=aj.rkgugs_skill.bone.weapon1] run data modify entity @s {} merge value {transformation:[-0.6771598839598969f,0.6104151624096731f,0.9729468633145238f,-4.262715571036214f,0.033825100465714776f,1.1395589387327822f,-0.6914036921440877f,1.7219325864359822f,-1.1480801940246521f,-0.326460613906739f,-0.5942332146840428f,-0.4588134364662118f,0f,0f,0f,1f],start_interpolation:0}
execute if entity @s[tag=aj.rkgugs_skill.bone.right_arm2] run data modify entity @s {} merge value {transformation:[0.13508527355116048f,-0.8483560705358595f,-0.5119022821345544f,-5.399467351335106f,-0.32519080518241394f,0.4500608028351622f,-0.8316827604178063f,2.3428902062997112f,0.935950270631096f,0.27881400850087473f,-0.2150810069933023f,-0.21255234672511716f,0f,0f,0f,1f],start_interpolation:0}
execute if entity @s[tag=aj.rkgugs_skill.bone.right_arm] run data modify entity @s {} merge value {transformation:[0.9567510943827422f,0.06641219811800281f,0.28322564032686176f,-5.429110405066473f,0.011476963448818545f,0.9642173634710822f,-0.2648644092566401f,2.506409626156448f,-0.2906813078053355f,0.2566598837411287f,0.9217538073534443f,-0.08865142382623178f,0f,0f,0f,1f],start_interpolation:0}
execute if entity @s[tag=aj.rkgugs_skill.locator_origin.rkgugs_left_locator] at @s on origin run tp @s ^-4.36081 ^0.97781 ^0.85293 ~130.92256 ~-53.70759
execute if entity @s[tag=aj.rkgugs_skill.bone.weapon2] run data modify entity @s {} merge value {transformation:[0.8699634802363445f,0.8156842500206328f,0.5963225009180191f,-4.480012635260223f,-0.0033174308549661635f,0.7892015675630357f,-1.0746756060255325f,1.404421746001085f,-1.0104109636605128f,0.6997127037592646f,0.5169618888180342f,0.7488961242106497f,0f,0f,0f,1f],start_interpolation:0}
execute if entity @s[tag=aj.rkgugs_skill.bone.left_arm2] run data modify entity @s {} merge value {transformation:[-0.09725464290833569f,-0.8476443899653369f,-0.521575040232049f,-5.39894931035399f,0.19331100354143824f,0.4979907510655492f,-0.8453615012306696f,2.1831648852472174f,0.976305480033055f,-0.1830415253800666f,0.11542707500393551f,0.5671799712558486f,0f,0f,0f,1f],start_interpolation:0}
execute if entity @s[tag=aj.rkgugs_skill.bone.left_arm] run data modify entity @s {} merge value {transformation:[-0.9593138519609248f,0.1848044971830065f,0.21345779736713522f,-5.4860035298888f,0.14788338013772917f,0.9729096235997021f,-0.17770022562204366f,2.4559839777657366f,-0.24051494613626961f,-0.1389034273444016f,-0.9606551923333605f,0.5624306956735495f,0f,0f,0f,1f],start_interpolation:0}
execute if entity @s[tag=aj.rkgugs_skill.bone.head] run data modify entity @s {} merge value {transformation:[0.04054330238796405f,0.8395128932243295f,0.5418250111812795f,-5.3029182094386496f,0.0846709610666447f,0.5374336922677603f,-0.8390446083299103f,2.568707246512911f,-0.9955837830054931f,0.07989448369917493f,-0.04929302679805175f,0.23138154128916216f,0f,0f,0f,1f],start_interpolation:0}
execute if entity @s[tag=aj.rkgugs_skill.locator_origin.player_camera] at @s on origin run tp @s ^-5.67687 ^-0.04995 ^-0.35629 ~64.39376 ~-47.51768
execute if entity @s[tag=aj.rkgugs_skill.bone.body_top] run data modify entity @s {} merge value {transformation:[-0.1691701144185466f,0.7748942804050705f,0.6090322869792076f,-5.608032832348146f,0.2387514003817035f,0.6317535637050772f,-0.7374857310902431f,2.3199542808040365f,-0.9562317926127489f,0.02064676588337548f,-0.2918809172507956f,0.22325187722258308f,0f,0f,0f,1f],start_interpolation:0}
execute if entity @s[tag=aj.rkgugs_skill.bone.body] run data modify entity @s {} merge value {transformation:[-0.04918096406064043f,0.9701796922101866f,0.2373448916598241f,-6.032486447690102f,0.2708293248109763f,0.24168333895504684f,-0.9317943123318421f,2.2142178200112035f,-0.9613702250415792f,0.01845341416886298f,-0.2746393305938095f,0.21517850852370551f,0f,0f,0f,1f],start_interpolation:0}
execute if entity @s[tag=aj.rkgugs_skill.bone.right_leg2] run data modify entity @s {} merge value {transformation:[-0.07797910068622914f,-0.006553191156574026f,-0.996933455924633f,-6.369941241692453f,0.0353038003705855f,-0.9993693724126324f,0.0038077766446509348f,2.4379712000888265f,-0.9963297152727908f,-0.034898612712357224f,0.0781612774664803f,0.1262387876270057f,0f,0f,0f,1f],start_interpolation:0}
execute if entity @s[tag=aj.rkgugs_skill.bone.right_leg] run data modify entity @s {} merge value {transformation:[-0.4319006910733376f,0.8933539502864877f,0.1240181944631546f,-6.048892165808246f,-0.9006037406548811f,-0.434602622565913f,-0.005784702003248413f,2.2817858826042015f,0.048730846173744305f,-0.11418966663563768f,0.9922630823853281f,0.08520187617982339f,0f,0f,0f,1f],start_interpolation:0}
execute if entity @s[tag=aj.rkgugs_skill.bone.left_leg2] run data modify entity @s {} merge value {transformation:[0.23335337392498365f,0.3472046611575948f,0.9082924232582071f,-6.347509426919372f,-0.2539423640463959f,-0.8799060461647006f,0.40159510164509227f,2.33716280804947f,0.9386476860997177f,-0.32436749712824753f,-0.11715907214723786f,0.5155336865720828f,0f,0f,0f,1f],start_interpolation:0}
execute if entity @s[tag=aj.rkgugs_skill.bone.left_leg] run data modify entity @s {} merge value {transformation:[0.3058166129472956f,0.8245958289783692f,0.4759389856661457f,-6.051170300880271f,-0.34914024748702666f,-0.36793573505979776f,0.8618145870491543f,2.2049359032623554f,0.8857636743681362f,-0.42972667324414693f,0.17537873152801667f,0.3611006633749675f,0f,0f,0f,1f],start_interpolation:0}