execute if entity @s[tag=aj.rkgugs_skill.locator_origin.rkgugs_right_locator] at @s on origin run tp @s ^-2.19623 ^3.52202 ^0.38018 ~-135.91459 ~57.07466
execute if entity @s[tag=aj.rkgugs_skill.bone.weapon1] run data modify entity @s {} merge value {transformation:[0.7971678078631961f,0.9423740435389252f,-0.504214662567899f,-2.0476152051168226f,-0.13406660373002627f,0.7122192190478663f,1.1191727782433425f,3.2469250209314824f,1.0603430622438477f,-0.6184276221682868f,0.5205743407702654f,0.1550751701406714f,0f,0f,0f,1f],start_interpolation:0}
execute if entity @s[tag=aj.rkgugs_skill.bone.right_arm2] run data modify entity @s {} merge value {transformation:[-0.6963880061050054f,0.4014024555426023f,-0.5949116015320801f,-1.4207599832105973f,0.3559113346506672f,-0.5266675649260847f,-0.7719769413149653f,2.121143544455431f,-0.6231940843912722f,-0.7493312650218178f,0.22390129173483214f,-0.38602888454040263f,0f,0f,0f,1f],start_interpolation:0}
execute if entity @s[tag=aj.rkgugs_skill.bone.right_arm] run data modify entity @s {} merge value {transformation:[-0.5627278533833693f,0.0894308583781323f,-0.8217904140328579f,-1.3984022686160642f,0.3945867257781618f,-0.844503136078901f,-0.3620991148740512f,1.9100177604357056f,-0.7263874165114751f,-0.528030846374198f,0.43993720735024583f,-0.5180365961339521f,0f,0f,0f,1f],start_interpolation:0}
execute if entity @s[tag=aj.rkgugs_skill.locator_origin.rkgugs_left_locator] at @s on origin run tp @s ^-2.27929 ^2.96612 ^1.36099 ~-141.86262 ~55.86027
execute if entity @s[tag=aj.rkgugs_skill.bone.weapon2] run data modify entity @s {} merge value {transformation:[0.7710239645857425f,0.9847646394844541f,-0.46210218419015825f,-2.0353371882434868f,-0.24266544844817223f,0.7078434884471437f,1.1035618939462357f,2.6703710567062218f,1.0603835645377144f,-0.5540523246605946f,0.5885494842188379f,1.1159341356541455f,0f,0f,0f,1f],start_interpolation:0}
execute if entity @s[tag=aj.rkgugs_skill.bone.left_arm2] run data modify entity @s {} merge value {transformation:[0.9828806676932552f,0.17896410318280218f,-0.043788615493488746f,-1.6702985817020681f,0.031709811124466414f,0.0698059670487079f,0.9970564752524529f,1.669298616622859f,0.1814940245664079f,-0.9813760628507149f,0.06293601759182144f,0.3470626994310003f,0f,0f,0f,1f],start_interpolation:0}
execute if entity @s[tag=aj.rkgugs_skill.bone.left_arm] run data modify entity @s {} merge value {transformation:[0.9848150539970697f,-0.17338588335497485f,0.008754705818244363f,-1.5910903399048184f,0.05367252652844484f,0.352037368909607f,0.9344457987423639f,1.7056141622449186f,-0.16510169386412227f,-0.9197864025655175f,0.3559977588957289f,0.07422852712562261f,0f,0f,0f,1f],start_interpolation:0}
execute if entity @s[tag=aj.rkgugs_skill.bone.head] run data modify entity @s {} merge value {transformation:[0.07043238783625125f,-0.5782761087232463f,-0.8127951899609053f,-1.6522438749083328f,0.6833075950869709f,-0.5656543904666351f,0.4616555437144447f,1.8005291207515512f,-0.7267255391412525f,-0.5879046288520953f,0.35530006773730893f,-0.30401968279513586f,0f,0f,0f,1f],start_interpolation:0}
execute if entity @s[tag=aj.rkgugs_skill.locator_origin.player_camera] at @s on origin run tp @s ^-0.37444 ^4.05035 ^0.50101 ~-76.83756 ~77.12002
execute if entity @s[tag=aj.rkgugs_skill.bone.body_top] run data modify entity @s {} merge value {transformation:[0.45953956205385743f,-0.8612266014100673f,-0.2170532928361463f,-1.3131359006031187f,0.056165763666501195f,-0.21571750828535508f,0.9748391475576452f,1.8854678896389099f,-0.8863796014683031f,-0.46016811889006687f,-0.05075927952669948f,-0.122828485982172f,0f,0f,0f,1f],start_interpolation:0}
execute if entity @s[tag=aj.rkgugs_skill.bone.body] run data modify entity @s {} merge value {transformation:[0.40070929956065016f,-0.901259122468072f,0.16481520383051432f,-0.918835034523337f,-0.1967622993730222f,0.09104001125612748f,0.9762153009945733f,1.8456378847143542f,-0.8948277235261849f,-0.42360796795925004f,-0.14085323812529346f,0.06249999999999988f,0f,0f,0f,1f],start_interpolation:0}
execute if entity @s[tag=aj.rkgugs_skill.bone.right_leg2] run data modify entity @s {} merge value {transformation:[-0.14784494413854188f,0.7413304531339296f,0.6546533676297049f,-0.778619633742152f,0.024618352025593246f,0.6644810026901536f,-0.7468995473337978f,1.529240208337423f,-0.9887041060075634f,-0.0943088347936195f,-0.11649049078639151f,-0.10256283654586996f,0f,0f,0f,1f],start_interpolation:0}
execute if entity @s[tag=aj.rkgugs_skill.bone.right_leg] run data modify entity @s {} merge value {transformation:[0.8260402148376004f,-0.5594222423875345f,0.06858803243389923f,-0.9796620021001723f,0.5635675203079193f,0.8213520215360833f,-0.08816182151346569f,1.824413591076953f,-0.0070152352087330325f,0.11147919734502912f,0.9937420062744022f,-0.06250000000000012f,0f,0f,0f,1f],start_interpolation:0}
execute if entity @s[tag=aj.rkgugs_skill.bone.left_leg2] run data modify entity @s {} merge value {transformation:[-0.30318016980062945f,-0.36824347794917767f,-0.8789075751110325f,-0.6698323940230906f,-0.0824903703053678f,0.928997698074527f,-0.36077502100216613f,1.7602772982046255f,0.9493561625894387f,-0.03687842079216054f,-0.31203022070519326f,0.33331604238381396f,0f,0f,0f,1f],start_interpolation:0}
execute if entity @s[tag=aj.rkgugs_skill.bone.left_leg] run data modify entity @s {} merge value {transformation:[-0.42366302426890856f,-0.8121396377103045f,-0.4011718468774915f,-0.9616950763252313f,0.05437666834370383f,0.41928149017126753f,-0.9062263568996436f,1.9109565837349247f,0.9041862749495598f,-0.4057489875027869f,-0.13347261641738478f,0.1874999999999999f,0f,0f,0f,1f],start_interpolation:0}