execute if entity @s[tag=aj.rkgugs_skill.locator_origin.rkgugs_right_locator] at @s on origin run tp @s ^-5.47287 ^1.65142 ^-0.39158 ~-87.71957 ~-12.36378
execute if entity @s[tag=aj.rkgugs_skill.bone.weapon1] run data modify entity @s {} merge value {transformation:[-0.07773247758191984f,-0.27954995602164723f,-1.301378984690874f,-4.07928123886378f,0.11359545729736312f,1.2974471174368467f,-0.28549050301892687f,2.014703453081827f,1.3262094524577015f,-0.12751696875668053f,-0.05182363040861152f,-0.4038487980688556f,0f,0f,0f,1f],start_interpolation:0}
execute if entity @s[tag=aj.rkgugs_skill.bone.right_arm2] run data modify entity @s {} merge value {transformation:[0.0909230603749733f,0.9955939822645538f,-0.02292639462840157f,-3.756864555603994f,-0.9102622511382239f,0.0737482977548913f,-0.40741112249302913f,2.0641544186497254f,-0.40392527928420485f,0.05791209767280103f,0.9129570404451202f,-0.35451599979872384f,0f,0f,0f,1f],start_interpolation:0}
execute if entity @s[tag=aj.rkgugs_skill.bone.right_arm] run data modify entity @s {} merge value {transformation:[0.19301911421103746f,0.8923329524649576f,-0.4080263759787581f,-3.5337813174877546f,-0.8320737647100744f,-0.07152302502832086f,-0.5500342779972925f,2.046273662392645f,-0.5199969919435986f,0.4456751718863977f,0.7286815281957123f,-0.24309720682712438f,0f,0f,0f,1f],start_interpolation:0}
execute if entity @s[tag=aj.rkgugs_skill.locator_origin.rkgugs_left_locator] at @s on origin run tp @s ^-5.39848 ^1.5843 ^-0.07029 ~-66.23923 ~-16.04415
execute if entity @s[tag=aj.rkgugs_skill.bone.weapon2] run data modify entity @s {} merge value {transformation:[-0.5469636591899975f,-0.32123389150169446f,-1.1727818724101873f,-4.164194916542441f,0.03789326273203001f,1.2808382522543689f,-0.3685040705057068f,2.101673181402143f,1.2153899102521741f,-0.18449914983660853f,-0.5162995327758474f,0.4690438022165038f,0f,0f,0f,1f],start_interpolation:0}
execute if entity @s[tag=aj.rkgugs_skill.bone.left_arm2] run data modify entity @s {} merge value {transformation:[-0.08331764107680877f,0.9884694100120625f,-0.12643732105593686f,-3.9736495495978787f,0.9869508011301028f,0.06430676252257456f,-0.14762369878347736f,2.0520462743044945f,-0.13779073566116767f,-0.1370870736585738f,-0.9809285638626715f,0.45195189688434423f,0f,0f,0f,1f],start_interpolation:0}
execute if entity @s[tag=aj.rkgugs_skill.bone.left_arm] run data modify entity @s {} merge value {transformation:[0.2591186909162649f,0.868963373766896f,-0.42161612762025114f,-3.697667861815356f,0.9486879659133751f,-0.31090013944148154f,-0.05772561499379192f,2.096515086120408f,-0.181241958025688f,-0.38502436071880214f,-0.9049351326499002f,0.3895990077420515f,0f,0f,0f,1f],start_interpolation:0}
execute if entity @s[tag=aj.rkgugs_skill.bone.head] run data modify entity @s {} merge value {transformation:[0.26142329513984064f,0.45089645891177266f,-0.8534343818355647f,-3.5402462921620903f,-0.031103470552601528f,-0.8797880434751755f,-0.4743475231069594f,1.9105490033801749f,-0.9647229834920549f,0.15055026369604316f,-0.21597264461787855f,0.07902634639183696f,0f,0f,0f,1f],start_interpolation:0}
execute if entity @s[tag=aj.rkgugs_skill.locator_origin.player_camera] at @s on origin run tp @s ^-4.81624 ^2.9886 ^-0.3229 ~-58.48566 ~-33.04817
execute if entity @s[tag=aj.rkgugs_skill.bone.body_top] run data modify entity @s {} merge value {transformation:[0.42070275303496124f,0.5589088215251008f,-0.7145838808776953f,-3.760316640637599f,0.16539026234648857f,-0.8217335570266232f,-0.545343948694156f,2.234106591459408f,-0.8919950979180126f,0.11124248503965403f,-0.4381436463221141f,0.03522461790747318f,0f,0f,0f,1f],start_interpolation:0}
execute if entity @s[tag=aj.rkgugs_skill.bone.body] run data modify entity @s {} merge value {transformation:[0.44429949298339333f,0.16252182007641508f,-0.8810134042872162f,-3.8314199369210304f,0.04337402152954642f,-0.9861564879710236f,-0.16004397985869967f,2.665550054946731f,-0.8948277235261851f,0.032894364740892156f,-0.44519805253082445f,0.020833333333332864f,0f,0f,0f,1f],start_interpolation:0}
execute if entity @s[tag=aj.rkgugs_skill.bone.right_leg2] run data modify entity @s {} merge value {transformation:[-0.011373157529732975f,-0.7812509607453897f,-0.6241134413087172f,-3.7459876572246715f,-0.18468124547133502f,-0.6117748506247881f,0.76917122262483f,2.97803846660031f,-0.9827326639829173f,0.1240099531385443f,-0.13732458870725103f,-0.1602426815739296f,0f,0f,0f,1f],start_interpolation:0}
execute if entity @s[tag=aj.rkgugs_skill.bone.right_leg] run data modify entity @s {} merge value {transformation:[-0.9881330198708299f,-0.14401015457005537f,0.053424810918363354f,-3.7977413065232852f,0.15051402729920016f,-0.9771966745115966f,0.1497737857892803f,2.626858411697705f,0.03063760152377883f,0.15603760669846947f,0.9872758493291958f,-0.10416666666666713f,0f,0f,0f,1f],start_interpolation:0}
execute if entity @s[tag=aj.rkgugs_skill.bone.left_leg2] run data modify entity @s {} merge value {transformation:[-0.3010072421334953f,-0.12342758187297209f,0.945600482347687f,-4.149494154480894f,-0.12604917851426933f,-0.9777384923780712f,-0.16774696753781937f,2.9593504807617497f,0.9452545925723214f,-0.1696852160774386f,0.2787484218173938f,0.14654239743022524f,0f,0f,0f,1f],start_interpolation:0}
execute if entity @s[tag=aj.rkgugs_skill.bone.left_leg] run data modify entity @s {} merge value {transformation:[-0.2608712736231822f,0.6880526516803482f,0.6771482312713076f,-3.9022252327832687f,-0.24988763385935642f,-0.7256580844981608f,0.6410745002311605f,2.698567106645223f,0.9324710982343587f,-0.0019730479217874566f,0.361239197817052f,0.14583333333333287f,0f,0f,0f,1f],start_interpolation:0}