execute if entity @s[tag=aj.rkgugs_skill.locator_origin.rkgugs_right_locator] at @s on origin run tp @s ^1.31502 ^1.34365 ^0.16886 ~101.02825 ~7.99684
execute if entity @s[tag=aj.rkgugs_skill.bone.weapon1] run data modify entity @s {} merge value {transformation:[0.29569060193749547f,0.10377513110841415f,1.2959844010894004f,-0.0912090709498663f,-1.0797161041969991f,0.7599893869148033f,0.18549135799895172f,1.2299027873723603f,-0.7242637503294467f,-1.0906074599589308f,0.25257704966689176f,-0.1206241249074344f,0f,0f,0f,1f],start_interpolation:0}
execute if entity @s[tag=aj.rkgugs_skill.bone.right_arm2] run data modify entity @s {} merge value {transformation:[0.34297261747484176f,-0.7688912881437011f,-0.539607237422902f,-0.3646824939693704f,0.718714695525605f,-0.155081463916778f,0.6777897358214907f,1.1653707172883918f,-0.6048297033859967f,-0.6202869711400918f,0.49942477244912264f,-0.2934811162548287f,0f,0f,0f,1f],start_interpolation:0}
execute if entity @s[tag=aj.rkgugs_skill.bone.right_arm] run data modify entity @s {} merge value {transformation:[0.3242663843157757f,-0.9446812368984288f,-0.04928156506066303f,-0.6008528031939776f,0.6009852155581107f,0.1654994069934287f,0.781937796097231f,1.206745569036749f,-0.7305258946015156f,-0.28317363390131883f,0.6214053511032689f,-0.3642745247301584f,0f,0f,0f,1f],start_interpolation:0}
execute if entity @s[tag=aj.rkgugs_skill.locator_origin.rkgugs_left_locator] at @s on origin run tp @s ^0.86475 ^1.5204 ^0.87619 ~92.47414 ~12.12746
execute if entity @s[tag=aj.rkgugs_skill.bone.weapon2] run data modify entity @s {} merge value {transformation:[0.2688602076412697f,-0.09667481684278502f,1.302361680299787f,-0.5484225194013808f,-1.1126785573079057f,0.6791605661546481f,0.2801162816857903f,1.2820707780694218f,-0.6836946647678834f,-1.1433165278901067f,0.05627344132909884f,0.7083354557730555f,0f,0f,0f,1f],start_interpolation:0}
execute if entity @s[tag=aj.rkgugs_skill.bone.left_arm2] run data modify entity @s {} merge value {transformation:[-0.1479172871544858f,-0.22466665866549962f,0.963143482895948f,-0.5813026874540066f,-0.9535594800690543f,0.2907629163181663f,-0.07862089076441242f,1.3961862923833939f,-0.26238291509031597f,-0.9300439876576994f,-0.2572418840128353f,0.5503511402803816f,0f,0f,0f,1f],start_interpolation:0}
execute if entity @s[tag=aj.rkgugs_skill.bone.left_arm] run data modify entity @s {} merge value {transformation:[-0.1479172871544858f,0.4850486698024147f,0.8618864566076934f,-0.5323980844356945f,-0.9535594800690543f,0.16125740467174512f,-0.25440197996275044f,1.3332058322903702f,-0.26238291509031597f,-0.8594904521642115f,0.4386699995523594f,0.2752637878810168f,0f,0f,0f,1f],start_interpolation:0}
execute if entity @s[tag=aj.rkgugs_skill.bone.head] run data modify entity @s {} merge value {transformation:[0.3330221957901356f,-0.2813891052295516f,0.8999535480063561f,-0.583728054489547f,-0.029358627510221044f,0.950876500275054f,0.3081751972748314f,1.4373087752110436f,-0.9424618231535072f,-0.12905058187694296f,0.3084017821209691f,-0.10202671551063444f,0f,0f,0f,1f],start_interpolation:0}
execute if entity @s[tag=aj.rkgugs_skill.locator_origin.player_camera] at @s on origin run tp @s ^0.29037 ^-0.02685 ^0.10798 ~65.15891 ~7.79151
execute if entity @s[tag=aj.rkgugs_skill.bone.body_top] run data modify entity @s {} merge value {transformation:[-0.3534288603623107f,-0.25828251444701456f,0.8990985393125305f,-0.482029314426035f,-0.3362050677149998f,0.9319802969282538f,0.13556872272126919f,1.0703415332955437f,-0.872957154221071f,-0.2543675861198744f,-0.41622462448273967f,-0.0018694784759338626f,0f,0f,0f,1f],start_interpolation:0}
execute if entity @s[tag=aj.rkgugs_skill.bone.body] run data modify entity @s {} merge value {transformation:[-0.5396517637202141f,-0.3935012346560472f,0.7442665868073272f,-0.30987252426401435f,-0.35757811763737746f,0.9074742265358222f,0.22051852067370914f,0.6733215591861216f,-0.7621770553490653f,-0.14713023651642018f,-0.6304274976569869f,0.062499999999999965f,0f,0f,0f,1f],start_interpolation:0}
execute if entity @s[tag=aj.rkgugs_skill.bone.right_leg2] run data modify entity @s {} merge value {transformation:[0.5772567631166068f,-0.07822166894559637f,0.8128074802457854f,-0.4301912384810136f,-0.27335375892146113f,0.9194579012842282f,0.282621461056145f,0.32908442849040986f,-0.7694493822985663f,-0.38532912980122314f,0.5093811046819332f,-0.0391367188202866f,0f,0f,0f,1f],start_interpolation:0}
execute if entity @s[tag=aj.rkgugs_skill.bone.right_leg] run data modify entity @s {} merge value {transformation:[0.5754951007405129f,-0.07367516789489341f,0.8144798086259264f,-0.4566682519432409f,-0.010814211284972591f,0.9951610706310126f,0.09766010615814807f,0.68672043824843f,-0.8177337230773539f,-0.06501086936963743f,0.5719135817637601f,-0.06250000000000006f,0f,0f,0f,1f],start_interpolation:0}
execute if entity @s[tag=aj.rkgugs_skill.bone.left_leg2] run data modify entity @s {} merge value {transformation:[0.28282525674278225f,-0.48210692499458824f,-0.829206118537871f,0.07834842047404142f,0.16169807195478603f,0.8760943783654491f,-0.4542162191319926f,0.621730603854078f,0.9454436036456559f,-0.0056172118279439465f,0.32573737773979194f,0.1692632594886965f,0f,0f,0f,1f],start_interpolation:0}
execute if entity @s[tag=aj.rkgugs_skill.bone.left_leg] run data modify entity @s {} merge value {transformation:[0.20828440029076825f,-0.8677587221014155f,-0.45123431697116445f,-0.23350237028115475f,0.2690656311539663f,0.4943881803368042f,-0.8265494620861968f,0.799401356162617f,0.9403304178464252f,0.0507457127271053f,0.33645739390387214f,0.18749999999999997f,0f,0f,0f,1f],start_interpolation:0}