execute if entity @s[tag=aj.rkgugs_skill.locator_origin.rkgugs_right_locator] at @s on origin run tp @s ^-2.63859 ^3.61911 ^0.32202 ~-125.62999 ~52.90869
execute if entity @s[tag=aj.rkgugs_skill.bone.weapon1] run data modify entity @s {} merge value {transformation:[0.8358454431086264f,0.8074467706945387f,-0.6535823479159173f,-2.4561033142363264f,0.056791749643873825f,0.8021080932565028f,1.0635671495879246f,3.354917533331526f,1.0372631634183822f,-0.6945718803731956f,0.4684365598327187f,0.10908940998602618f,0f,0f,0f,1f],start_interpolation:0}
execute if entity @s[tag=aj.rkgugs_skill.bone.right_arm2] run data modify entity @s {} merge value {transformation:[-0.7582731683557875f,0.456505529904604f,-0.465429375220551f,-1.6808708333853841f,0.2060755856500529f,-0.5094761169126385f,-0.8354441568977591f,2.301743035529042f,-0.6185100283347583f,-0.7294085189125066f,0.29224742494537137f,-0.3838234401327136f,0f,0f,0f,1f],start_interpolation:0}
execute if entity @s[tag=aj.rkgugs_skill.bone.right_arm] run data modify entity @s {} merge value {transformation:[-0.6347430693337108f,0.2020275251333324f,-0.7458459056811406f,-1.630363952102051f,0.25730874252218555f,-0.8548723829394111f,-0.45053903261442824f,2.088024939794189f,-0.7286243524302985f,-0.4778892005224577f,0.49064087178865845f,-0.503295740263328f,0f,0f,0f,1f],start_interpolation:0}
execute if entity @s[tag=aj.rkgugs_skill.locator_origin.rkgugs_left_locator] at @s on origin run tp @s ^-2.61096 ^3.12328 ^1.33756 ~-131.39033 ~52.58064
execute if entity @s[tag=aj.rkgugs_skill.bone.weapon2] run data modify entity @s {} merge value {transformation:[0.8264104282279325f,0.8516881986784905f,-0.6078246409332964f,-2.331669339948783f,-0.054246058850001125f,0.8083742900412956f,1.058945772963494f,2.8516012921631027f,1.0449310728431538f,-0.6316138038467789f,0.5356872535116325f,1.1025702212697293f,0f,0f,0f,1f],start_interpolation:0}
execute if entity @s[tag=aj.rkgugs_skill.bone.left_arm2] run data modify entity @s {} merge value {transformation:[0.9712461058775844f,0.14053046019022147f,-0.19217750018239033f,-1.83997425601028f,0.1897665828754616f,0.030487653625535294f,0.9813557698409787f,1.8673577612153633f,0.1437694190062635f,-0.9896068374537103f,0.002943029640931516f,0.38419489024963105f,0f,0f,0f,1f],start_interpolation:0}
execute if entity @s[tag=aj.rkgugs_skill.bone.left_arm] run data modify entity @s {} merge value {transformation:[0.960737063642832f,-0.24865645833332103f,-0.12310264120675207f,-1.7743523225628344f,0.18874966174160757f,0.26052238091472835f,0.9468377127232258f,1.8969047071165448f,-0.20336631907810537f,-0.9328976657552801f,0.29722732965353604f,0.1069729758227019f,0f,0f,0f,1f],start_interpolation:0}
execute if entity @s[tag=aj.rkgugs_skill.bone.head] run data modify entity @s {} merge value {transformation:[-0.05267104265818445f,-0.5014698683305746f,-0.8635703401702816f,-1.859051345464261f,0.6364841108837098f,-0.6832149298120634f,0.357918058044674f,1.956365121465899f,-0.7694892707880163f,-0.530796882845419f,0.35516324599219656f,-0.27396120109628597f,0f,0f,0f,1f],start_interpolation:0}
execute if entity @s[tag=aj.rkgugs_skill.locator_origin.player_camera] at @s on origin run tp @s ^-0.91494 ^4.41982 ^0.34456 ~-74.17896 ~67.83222
execute if entity @s[tag=aj.rkgugs_skill.bone.body_top] run data modify entity @s {} merge value {transformation:[0.4223456917402308f,-0.8305636070015682f,-0.36302646100940145f,-1.5320169252073934f,0.06513309938210529f,-0.371655956962669f,0.9260828953279742f,2.10270465451995f,-0.9040916966952782f,-0.41477215959934827f,-0.10287011027478289f,-0.1106446632540426f,0f,0f,0f,1f],start_interpolation:0}
execute if entity @s[tag=aj.rkgugs_skill.bone.body] run data modify entity @s {} merge value {transformation:[0.4021817823557318f,-0.9154843635413613f,0.011755596643102077f,-1.1314925161580478f,-0.19373476494969177f,-0.07254661775447568f,0.9783679415752918f,2.134443799787533f,-0.894827723526185f,-0.3957592302949542f,-0.20653807601817886f,0.06249999999999986f,0f,0f,0f,1f],start_interpolation:0}
execute if entity @s[tag=aj.rkgugs_skill.bone.right_leg2] run data modify entity @s {} merge value {transformation:[-0.2090163533937836f,0.8133648741068791f,0.5429085978164885f,-0.9918456340877186f,0.0501596812761152f,0.5633573881657782f,-0.8246893109367376f,1.8181816355403786f,-0.9766248872459905f,-0.14514143022629133f,-0.15854902977824578f,-0.10991562692008189f,0f,0f,0f,1f],start_interpolation:0}
execute if entity @s[tag=aj.rkgugs_skill.bone.right_leg] run data modify entity @s {} merge value {transformation:[0.8156247370203624f,-0.5573900728159782f,0.15515345657336507f,-1.1921576915059608f,0.5703097818061155f,0.8197001715117873f,-0.053276463844810315f,2.112761384677427f,-0.09748354290199734f,0.13193913577761873f,0.986452747633423f,-0.06250000000000015f,0f,0f,0f,1f],start_interpolation:0}
execute if entity @s[tag=aj.rkgugs_skill.bone.left_leg2] run data modify entity @s {} merge value {transformation:[-0.2600568451234342f,-0.4657626183501549f,-0.8458342749333667f,-0.8532073739292724f,-0.16850530513905254f,0.8844228444717884f,-0.4352036239697751f,2.0848079499980248f,0.9507767348039396f,0.02934988115885108f,-0.30848368681588395f,0.2995731774750291f,0f,0f,0f,1f],start_interpolation:0}
execute if entity @s[tag=aj.rkgugs_skill.bone.left_leg] run data modify entity @s {} merge value {transformation:[-0.3527201226647995f,-0.8949887012715483f,-0.2731002373920536f,-1.174843938448735f,-0.07801388353964889f,0.3189689416395912f,-0.9445489125738173f,2.1994374133997527f,0.9324710982343586f,-0.31185579819138576f,-0.18232830853167806f,0.18749999999999986f,0f,0f,0f,1f],start_interpolation:0}