execute if entity @s[tag=aj.rkgugs_skill.locator_origin.rkgugs_right_locator] at @s on origin run tp @s ^1.41191 ^0.69656 ^0.20662 ~104.49127 ~2.46894
execute if entity @s[tag=aj.rkgugs_skill.bone.weapon1] run data modify entity @s {} merge value {transformation:[0.3120801350674532f,0.13044654446028403f,1.2897160408835848f,1.04066586536931f,-0.708803314916934f,1.127863742610992f,0.05743706681289155f,0.7665031306421631f,-1.0853486204150364f,-0.6990599794865062f,0.33333360919847277f,0.13097995640208687f,0f,0f,0f,1f],start_interpolation:0}
execute if entity @s[tag=aj.rkgugs_skill.bone.right_arm2] run data modify entity @s {} merge value {transformation:[0.2340601013005899f,-0.43720981793378444f,0.8683682652431884f,-0.04744194083284217f,-0.5316024861877006f,0.6902772892930951f,0.49083200849703373f,0.9716947518697814f,-0.8140114653112773f,-0.5765109183601675f,-0.07085545394183335f,-0.31589704083532016f,0f,0f,0f,1f],start_interpolation:0}
execute if entity @s[tag=aj.rkgugs_skill.bone.right_arm] run data modify entity @s {} merge value {transformation:[0.2340601013005899f,0.38417563036926694f,0.8930985130485516f,0.08105467435571553f,-0.5316024861877006f,0.8197008214196921f,-0.21328234817475533f,1.1688698718985868f,-0.8140114653112773f,-0.42485250192773777f,0.39608797753469943f,-0.4077174345754414f,0f,0f,0f,1f],start_interpolation:0}
execute if entity @s[tag=aj.rkgugs_skill.locator_origin.rkgugs_left_locator] at @s on origin run tp @s ^0.57021 ^0.29205 ^1.542 ~136.15977 ~-37.1812
execute if entity @s[tag=aj.rkgugs_skill.bone.weapon2] run data modify entity @s {} merge value {transformation:[-0.029811355672353858f,1.1115215515068952f,0.7358049343314154f,0.43298143961045543f,-0.9327508896449955f,0.5083958746323831f,-0.8057835877585375f,0.6041120863093055f,-0.9522945125943041f,-0.5327581561743148f,0.7662125593399646f,1.2406364848313407f,0f,0f,0f,1f],start_interpolation:0}
execute if entity @s[tag=aj.rkgugs_skill.bone.left_arm2] run data modify entity @s {} merge value {transformation:[-0.4249404416557643f,0.6885974769651234f,0.5875875558269341f,-0.006384265594011923f,-0.5101842319111275f,0.35401027360317344f,-0.7838295578074732f,1.4226170413146597f,-0.7477550872810274f,-0.632858784327651f,0.2008782928657816f,0.43036574876723704f,0f,0f,0f,1f],start_interpolation:0}
execute if entity @s[tag=aj.rkgugs_skill.bone.left_arm] run data modify entity @s {} merge value {transformation:[-0.4249404416557643f,0.9046557127845136f,-0.0319947241236353f,0.16866177765287316f,-0.5101842319111275f,-0.2685438219688707f,-0.8170656431349956f,1.3427746595294883f,-0.7477550872810274f,-0.3308810315033105f,0.5756562102823596f,0.21819759183863355f,0f,0f,0f,1f],start_interpolation:0}
execute if entity @s[tag=aj.rkgugs_skill.bone.head] run data modify entity @s {} merge value {transformation:[0.09234895884384739f,0.8080059875174972f,0.5818917372985559f,0.2750144717888459f,-0.47701488434289496f,0.5488658951207848f,-0.68644229858641f,1.3236815915084348f,-0.8740300165988535f,-0.21417878818672448f,0.43611807664332647f,-0.16146656462542305f,0f,0f,0f,1f],start_interpolation:0}
execute if entity @s[tag=aj.rkgugs_skill.locator_origin.player_camera] at @s on origin run tp @s ^-0.23509 ^-1.30187 ^0.27308 ~75.08871 ~-57.07092
execute if entity @s[tag=aj.rkgugs_skill.bone.body_top] run data modify entity @s {} merge value {transformation:[-0.3741831735345785f,0.7642330071345369f,0.5252950251522419f,-0.025902274770378042f,-0.08020948853045845f,0.5376504425982259f,-0.8393440531293552f,1.1119817297353833f,-0.9238795325112868f,-0.3562020667823736f,-0.13988101024331945f,-0.02121200082986343f,0f,0f,0f,1f],start_interpolation:0}
execute if entity @s[tag=aj.rkgugs_skill.bone.body] run data modify entity @s {} merge value {transformation:[-0.3741831735345785f,0.27016229155379534f,0.8871298038427036f,-0.1440982773251635f,-0.08020948853045845f,0.9436104513361011f,-0.3211942622136357f,0.699152157275839f,-0.9238795325112868f,-0.19134171618254492f,-0.3314135740355917f,0.06249999999999998f,0f,0f,0f,1f],start_interpolation:0}
execute if entity @s[tag=aj.rkgugs_skill.bone.right_leg2] run data modify entity @s {} merge value {transformation:[0.047547179207574425f,-0.021843487250631566f,0.9986301256291712f,0.03513076560188577f,0.1411637786009428f,0.9898736579124927f,0.014930806476718406f,0.4729722288305707f,-0.9888437962390756f,0.14026048422728593f,0.050149209403743095f,-0.15801476979273876f,0f,0f,0f,1f],start_interpolation:0}
execute if entity @s[tag=aj.rkgugs_skill.bone.right_leg] run data modify entity @s {} merge value {transformation:[0.10690670771238686f,-0.4073986805805591f,0.9069714829625669f,-0.11127813523175267f,0.34312118079924336f,0.8712764399268076f,0.3509205330490093f,0.7860871994292672f,-0.9331874469435554f,0.27368536732841137f,0.23293241203679937f,-0.05965909090909094f,0f,0f,0f,1f],start_interpolation:0}
execute if entity @s[tag=aj.rkgugs_skill.bone.left_leg2] run data modify entity @s {} merge value {transformation:[-0.7490288749195846f,-0.13395211478207428f,0.6488548184934064f,-0.04642993082049533f,-0.16056099579339483f,0.9868547580250242f,0.018380783258729452f,0.4324498472707937f,-0.6427876096865394f,-0.0904130383782169f,-0.7606901940505636f,0.2103133704782943f,0f,0f,0f,1f],start_interpolation:0}
execute if entity @s[tag=aj.rkgugs_skill.bone.left_leg] run data modify entity @s {} merge value {transformation:[-0.7490288749195846f,-0.2108436228646671f,0.6280929160832842f,-0.12220185778748507f,-0.16056099579339483f,0.977518623031484f,0.13666568060952647f,0.7837456024227333f,-0.6427876096865394f,0.0015193169299636206f,-0.7660429364660517f,0.21085937499999996f,0f,0f,0f,1f],start_interpolation:0}