execute if entity @s[tag=aj.rkgugs_skill.locator_origin.rkgugs_right_locator] at @s on origin run tp @s ^0.48094 ^2.2724 ^0.45015 ~129.01513 ~40.50324
execute if entity @s[tag=aj.rkgugs_skill.bone.weapon1] run data modify entity @s {} merge value {transformation:[1.061132990043045f,0.17682902515364313f,0.7877220646162574f,0.25486251369540913f,-0.7555155830933621f,0.6760463663800624f,0.8659880437888228f,2.136537930307016f,-0.2845536134424998f,-1.135548582908413f,0.6382291396585473f,0.26067647281906436f,0f,0f,0f,1f],start_interpolation:0}
execute if entity @s[tag=aj.rkgugs_skill.bone.right_arm2] run data modify entity @s {} merge value {transformation:[0.1706259346657921f,-0.24367463644430726f,-0.9547300466483499f,-0.3737262608549584f,0.7796559590898883f,-0.559099686688761f,0.2820356817854025f,1.1183442628474716f,-0.6025142121768182f,-0.7924835720052907f,0.0945854757702449f,-0.40502451715657883f,0f,0f,0f,1f],start_interpolation:0}
execute if entity @s[tag=aj.rkgugs_skill.bone.right_arm] run data modify entity @s {} merge value {transformation:[0.2675936014182969f,-0.678060001765992f,-0.684564312891849f,-0.5432412612964564f,0.668752793552871f,-0.3807791425747714f,0.638574150506622f,1.0231494772037788f,-0.6936594017204821f,-0.6286826533197218f,0.35156045827091753f,-0.5621951804865093f,0f,0f,0f,1f],start_interpolation:0}
execute if entity @s[tag=aj.rkgugs_skill.locator_origin.rkgugs_left_locator] at @s on origin run tp @s ^-0.10642 ^2.11189 ^1.17369 ~121.31103 ~42.98266
execute if entity @s[tag=aj.rkgugs_skill.bone.weapon2] run data modify entity @s {} merge value {transformation:[1.0309748668792158f,0.14279799562163145f,0.8333530668855819f,-0.32741000942611487f,-0.8100490091483545f,0.5433710205537831f,0.9090359259005588f,1.90716201549725f,-0.24225854870144237f,-1.2091875140963713f,0.5069064303323507f,0.9177584697949296f,0f,0f,0f,1f],start_interpolation:0}
execute if entity @s[tag=aj.rkgugs_skill.bone.left_arm2] run data modify entity @s {} merge value {transformation:[0.44706243350111613f,0.12560930467416853f,0.885639589862226f,-1.0379490087547272f,-0.8915851665842993f,0.14247526775690644f,0.42985659097476325f,1.187332583995905f,-0.07218775019978899f,-0.981795854878635f,0.17568673274958263f,0.21312298248425965f,0f,0f,0f,1f],start_interpolation:0}
execute if entity @s[tag=aj.rkgugs_skill.bone.left_arm] run data modify entity @s {} merge value {transformation:[0.44706243350111613f,0.6909383280164119f,0.5681015819639524f,-0.8448379714357317f,-0.8915851665842993f,0.39545068951472157f,0.22066862688016714f,1.1609553213715376f,-0.07218775019978899f,-0.6051635969225316f,0.7928215118681358f,0.0032572699868946287f,0f,0f,0f,1f],start_interpolation:0}
execute if entity @s[tag=aj.rkgugs_skill.bone.head] run data modify entity @s {} merge value {transformation:[0.701502424661868f,-0.6128845921173096f,0.3636850628479532f,-0.757316802442118f,0.15457324747933526f,0.6290160576679945f,0.7618700088332042f,1.227329903776315f,-0.6957021340755057f,-0.47823767724951716f,0.5359918513389679f,-0.37589279567125977f,0f,0f,0f,1f],start_interpolation:0}
execute if entity @s[tag=aj.rkgugs_skill.bone.body_top] run data modify entity @s {} merge value {transformation:[0.289586837673597f,-0.5066005600500455f,0.8120931818474936f,-0.5578428319224125f,-0.4620355608006674f,0.6690619195942102f,0.5821333939094403f,0.9638867729360947f,-0.8382497265146103f,-0.5437940973437382f,-0.040315948361541065f,-0.1617738698421628f,0f,0f,0f,1f],start_interpolation:0}
execute if entity @s[tag=aj.rkgugs_skill.bone.body] run data modify entity @s {} merge value {transformation:[0.08009944815088478f,-0.5248021090487374f,0.8474472400945803f,-0.32824190921358987f,-0.5601256589212273f,0.6795567250414376f,0.47377410616138277f,0.6665807057304657f,-0.8245261212502518f,-0.5126259882106577f,-0.23952300847113206f,0.06249999999999996f,0f,0f,0f,1f],start_interpolation:0}
execute if entity @s[tag=aj.rkgugs_skill.bone.right_leg2] run data modify entity @s {} merge value {transformation:[0.9075534830146779f,0.2983295107270896f,0.29554386898946494f,-0.3603573592429247f,-0.38150637336663396f,0.8798590345485015f,0.2833742514838239f,0.2777464195254386f,-0.17549804143797496f,-0.36992915855973596f,0.9123337410721587f,-0.048727459689298556f,0f,0f,0f,1f],start_interpolation:0}
execute if entity @s[tag=aj.rkgugs_skill.bone.right_leg] run data modify entity @s {} merge value {transformation:[0.9384805795719424f,-0.18607853361534427f,0.2909106067056929f,-0.42722933226093907f,0.16605139400873142f,0.9817871876043881f,0.092308465503567f,0.6305761900707656f,-0.30278893030305476f,-0.038323590429778086f,0.952286808741202f,-0.06250000000000006f,0f,0f,0f,1f],start_interpolation:0}
execute if entity @s[tag=aj.rkgugs_skill.bone.left_leg2] run data modify entity @s {} merge value {transformation:[-0.4531818691163242f,-0.4363872450845362f,-0.7772981190198287f,-0.044550957099675714f,-0.09975119437542117f,0.8913282525142898f,-0.4422483979513093f,0.599929027248352f,0.8858193341336096f,-0.1228825398392781f,-0.44746395237799497f,0.34304465928142036f,0f,0f,0f,1f],start_interpolation:0}
execute if entity @s[tag=aj.rkgugs_skill.bone.left_leg] run data modify entity @s {} merge value {transformation:[-0.49862074829447f,-0.7913188652731861f,-0.35382453678768544f,-0.32893117430722696f,-0.046134977071324634f,0.431834886309454f,-0.9007719993742753f,0.755119689515812f,0.8655916550319157f,-0.43281992147873505f,-0.25182931185676233f,0.18749999999999997f,0f,0f,0f,1f],start_interpolation:0}