execute if entity @s[tag=aj.rkgugs_skill.locator_origin.rkgugs_right_locator] at @s on origin run tp @s ^1.48025 ^0.71764 ^0.18757 ~104.50218 ~3.30562
execute if entity @s[tag=aj.rkgugs_skill.bone.weapon1] run data modify entity @s {} merge value {transformation:[0.32273517713849675f,0.11342067855316876f,1.288703042943447f,0.08105667721849878f,-0.7040157351780836f,1.12970291339566f,0.07688270198684424f,0.7207053473707773f,-1.0853486204150364f,-0.6990599794865062f,0.33333360919847277f,-0.1536974845407524f,0f,0f,0f,1f],start_interpolation:0}
execute if entity @s[tag=aj.rkgugs_skill.bone.right_arm2] run data modify entity @s {} merge value {transformation:[0.24205138285387257f,-0.447571207634129f,0.8608665065824408f,-0.05908080993065497f,-0.5280118013835627f,0.6836045458512134f,0.5038733595768299f,0.9722140403539337f,-0.8140114653112773f,-0.5765109183601675f,-0.07085545394183335f,-0.31474562229597514f,0f,0f,0f,1f],start_interpolation:0}
execute if entity @s[tag=aj.rkgugs_skill.bone.right_arm] run data modify entity @s {} merge value {transformation:[0.24205138285387257f,0.3717687769150664f,0.8962137605335034f,0.06382201873455143f,-0.5280118013835627f,0.825401919138075f,-0.1997879112530781f,1.171885563802957f,-0.8140114653112773f,-0.42485250192773777f,0.39608797753469943f,-0.4077174345754414f,0f,0f,0f,1f],start_interpolation:0}
execute if entity @s[tag=aj.rkgugs_skill.locator_origin.rkgugs_left_locator] at @s on origin run tp @s ^0.52122 ^0.41778 ^1.37831 ~135.69391 ~-36.58007
execute if entity @s[tag=aj.rkgugs_skill.bone.weapon2] run data modify entity @s {} merge value {transformation:[-0.015739730371218154f,1.1037272273544745f,0.7478744856338012f,-0.18160515909018163f,-0.9330944217754145f,0.5251025922654784f,-0.7945941388063822f,1.323684898828002f,-0.9522945125943041f,-0.5327581561743148f,0.7662125593399646f,0.5022920778736074f,0f,0f,0f,1f],start_interpolation:0}
execute if entity @s[tag=aj.rkgugs_skill.bone.left_arm2] run data modify entity @s {} merge value {transformation:[-0.4171972415767017f,0.683179783423294f,0.5993428444075163f,-0.02743412209977017f,-0.5165353725217028f,0.36435579125496065f,-0.7748780977113994f,1.4242850704709136f,-0.7477550872810274f,-0.632858784327651f,0.2008782928657816f,0.43036574876723704f,0f,0f,0f,1f],start_interpolation:0}
execute if entity @s[tag=aj.rkgugs_skill.bone.left_arm] run data modify entity @s {} merge value {transformation:[-0.4171972415767017f,0.9086031279710778f,-0.01966767556078669f,0.14879623441846074f,-0.5165353725217028f,-0.25486878748186914f,-0.8174552648930626f,1.3470919060910498f,-0.7477550872810274f,-0.3308810315033105f,0.5756562102823596f,0.21819759183863355f,0f,0f,0f,1f],start_interpolation:0}
execute if entity @s[tag=aj.rkgugs_skill.bone.head] run data modify entity @s {} merge value {transformation:[0.10310824717603873f,0.7945328932210646f,0.5984030171665662f,0.2554248027702706f,-0.479407836097794f,0.5668171498630723f,-0.6699898844826944f,1.3296050765419354f,-0.8715140940066979f,-0.2177976129595272f,0.4393488178393297f,-0.16146656462542305f,0f,0f,0f,1f],start_interpolation:0}
execute if entity @s[tag=aj.rkgugs_skill.locator_origin.player_camera] at @s on origin run tp @s ^-0.71836 ^0.01133 ^0.3541 ~75.42295 ~-56.23517
execute if entity @s[tag=aj.rkgugs_skill.bone.body_top] run data modify entity @s {} merge value {transformation:[-0.3729308498189507f,0.7560369536300271f,0.5378946978723101f,-0.04226474772155264f,-0.08584399023834738f,0.5491158460341441f,-0.831325806753384f,1.1133907121659912f,-0.9238795325112868f,-0.3562020667823736f,-0.13988101024331945f,-0.02121200082986343f,0f,0f,0f,1f],start_interpolation:0}
execute if entity @s[tag=aj.rkgugs_skill.bone.body] run data modify entity @s {} merge value {transformation:[-0.3729308498189507f,0.25589953733044307f,0.8918733139002314f,-0.15422079530362148f,-0.08584399023834738f,0.9475778461120667f,-0.30777757374047726f,0.698825404491962f,-0.9238795325112868f,-0.19134171618254492f,-0.3314135740355917f,0.06249999999999998f,0f,0f,0f,1f],start_interpolation:0}
execute if entity @s[tag=aj.rkgugs_skill.bone.right_leg2] run data modify entity @s {} merge value {transformation:[0.045412665254630655f,-0.03677079225136587f,0.998291339575616f,0.03266272844450242f,0.1418648528493371f,0.989431607237981f,0.02999096738189294f,0.4763558342475248f,-0.9888437962390756f,0.14026048422728593f,0.050149209403743095f,-0.15233295161092059f,0f,0f,0f,1f],start_interpolation:0}
execute if entity @s[tag=aj.rkgugs_skill.bone.right_leg] run data modify entity @s {} merge value {transformation:[0.10171941511059f,-0.4204933846118723f,0.9015755509591038f,-0.11845208165038919f,0.34469457416171817f,0.8650327353389377f,0.36456003255363467f,0.7872269735099555f,-0.9331874469435554f,0.27368536732841137f,0.23293241203679937f,-0.05397727272727275f,0f,0f,0f,1f],start_interpolation:0}
execute if entity @s[tag=aj.rkgugs_skill.bone.left_leg2] run data modify entity @s {} merge value {transformation:[-0.7465220101268919f,-0.15890701912625732f,0.6461063748861423f,-0.0662232352659899f,-0.1718399756446962f,0.9841638198627769f,0.043504004913777955f,0.43092953647574955f,-0.6427876096865396f,-0.0785502065275139f,-0.7620065313945477f,0.22653515455201087f,0f,0f,0f,1f],start_interpolation:0}
execute if entity @s[tag=aj.rkgugs_skill.bone.left_leg] run data modify entity @s {} merge value {transformation:[-0.7465220101268919f,-0.19299895006419626f,0.6367545003140714f,-0.13558223294531044f,-0.1718399756446962f,0.9804641160340546f,0.09571384403517698f,0.7832838281754879f,-0.6427876096865396f,-0.037967386579508565f,-0.7651029776375119f,0.21289062499999997f,0f,0f,0f,1f],start_interpolation:0}