execute if entity @s[tag=aj.rkgugs_skill.locator_origin.rkgugs_right_locator] at @s on origin run tp @s ^1.21435 ^1.07283 ^0.61928 ~119.69991 ~16.86127
execute if entity @s[tag=aj.rkgugs_skill.bone.weapon1] run data modify entity @s {} merge value {transformation:[0.7117671740617656f,0.20650723158145437f,1.1083862282663335f,0.8789359007113268f,-0.8724122851554268f,0.9311854433841781f,0.38674054935715707f,1.0485995843703426f,-0.7141863009157987f,-0.9316792426107564f,0.6322100080275799f,0.4312729044662031f,0f,0f,0f,1f],start_interpolation:0}
execute if entity @s[tag=aj.rkgugs_skill.bone.right_arm2] run data modify entity @s {} merge value {transformation:[0.5728076763972128f,-0.32926344762965254f,0.7506510160623648f,-0.024255548310462755f,-0.48531791643294403f,0.6017747635272485f,0.6342977644378942f,0.9564066587044491f,-0.6605739064250205f,-0.7276350156752762f,0.18490375364937467f,-0.2841839309690893f,0f,0f,0f,1f],start_interpolation:0}
execute if entity @s[tag=aj.rkgugs_skill.bone.right_arm] run data modify entity @s {} merge value {transformation:[0.5499883086610172f,0.19494193554048322f,0.8121025194542395f,0.04218565910927083f,-0.5180278495215445f,0.8423523556339333f,0.14862589302691465f,1.1702351377225308f,-0.655103051020431f,-0.502434225273014f,0.5642692990213348f,-0.3974901043144939f,0f,0f,0f,1f],start_interpolation:0}
execute if entity @s[tag=aj.rkgugs_skill.locator_origin.rkgugs_left_locator] at @s on origin run tp @s ^0.38303 ^0.63204 ^1.71145 ~141.34414 ~-20.50857
execute if entity @s[tag=aj.rkgugs_skill.bone.weapon2] run data modify entity @s {} merge value {transformation:[0.07920763186683102f,1.0784234884990256f,0.7800683997480078f,0.2281751236279677f,-1.1745856655077507f,0.42416495790049585f,-0.46712993979273343f,0.8250786170448052f,-0.6259811843941802f,-0.6594426781158763f,0.9752234045805079f,1.329637061704712f,0f,0f,0f,1f],start_interpolation:0}
execute if entity @s[tag=aj.rkgugs_skill.bone.left_arm2] run data modify entity @s {} merge value {transformation:[-0.09170779392993383f,0.5093024355190767f,0.8556872733112496f,-0.2880716256540449f,-0.6508900279941211f,0.6196671308567044f,-0.4385827383671549f,1.4004320930526648f,-0.7536125343903967f,-0.5971797686711733f,0.27467157097072603f,0.3979275192498608f,0f,0f,0f,1f],start_interpolation:0}
execute if entity @s[tag=aj.rkgugs_skill.bone.left_arm] run data modify entity @s {} merge value {transformation:[-0.09170779392993383f,0.9535910859208401f,0.28679909585774044f,-0.07906227190618542f,-0.6508900279941211f,0.16056432867669085f,-0.7419981589023088f,1.4055868066539667f,-0.7536125343903967f,-0.2547216857845363f,0.6059579282431797f,0.20217316048972844f,0f,0f,0f,1f],start_interpolation:0}
execute if entity @s[tag=aj.rkgugs_skill.bone.head] run data modify entity @s {} merge value {transformation:[0.4627763787172704f,0.6742965135575845f,0.5754669713418971f,0.12598426828477635f,-0.5313601447019769f,0.7306164602431284f,-0.4287843101654905f,1.3847970378894423f,-0.7095734070014347f,-0.10734896285427017f,0.6964063327185419f,-0.13449286745255423f,0f,0f,0f,1f],start_interpolation:0}
execute if entity @s[tag=aj.rkgugs_skill.locator_origin.player_camera] at @s on origin run tp @s ^0.09104 ^-1.24716 ^0.50904 ~98.34798 ~-44.1347
execute if entity @s[tag=aj.rkgugs_skill.bone.body_top] run data modify entity @s {} merge value {transformation:[-0.08888022364947888f,0.6984682301802745f,0.7101003008539382f,-0.14903759734870678f,-0.2354566359602619f,0.6779824462414518f,-0.696347596513935f,1.1178414496818707f,-0.9678122123771197f,-0.2290893581493737f,0.10419974835100429f,-0.04428893268123834f,0f,0f,0f,1f],start_interpolation:0}
execute if entity @s[tag=aj.rkgugs_skill.bone.body] run data modify entity @s {} merge value {transformation:[-0.08888022364947888f,0.10354175842251254f,0.9906459559836664f,-0.19433711665855602f,-0.2354566359602619f,0.9642093495287831f,-0.12190366222373233f,0.695999859263028f,-0.9678122123771197f,-0.2440889889856876f,-0.06131954851146181f,0.06249999999999998f,0f,0f,0f,1f],start_interpolation:0}
execute if entity @s[tag=aj.rkgugs_skill.bone.right_leg2] run data modify entity @s {} merge value {transformation:[0.0367761882444453f,-0.09636243465934746f,0.9946666744013957f,0.022406647839757043f,0.14434492931066997f,0.9854142670729151f,0.09012914973218927f,0.49015010998654857f,-0.9888437962390756f,0.14026048422728593f,0.050149209403743095f,-0.12960567888364788f,0f,0f,0f,1f],start_interpolation:0}
execute if entity @s[tag=aj.rkgugs_skill.bone.right_leg] run data modify entity @s {} merge value {transformation:[0.08075071595031484f,-0.47188613841777444f,0.8779537540455491f,-0.14717743315413065f,0.35020067210169703f,0.8381048813122817f,0.418257931401242f,0.7913440517081498f,-0.9331874469435554f,0.27368536732841137f,0.23293241203679937f,-0.031250000000000035f,0f,0f,0f,1f],start_interpolation:0}
execute if entity @s[tag=aj.rkgugs_skill.bone.left_leg2] run data modify entity @s {} merge value {transformation:[-0.7348025297140048f,-0.2575409977384943f,0.6274853598369926f,-0.1464148434628585f,-0.21653944481171114f,0.9657719882644372f,0.14281153848478687f,0.4291095808953547f,-0.6427876096865396f,-0.030937051695608814f,-0.7654194847701803f,0.2906843365008328f,0f,0f,0f,1f],start_interpolation:0}
execute if entity @s[tag=aj.rkgugs_skill.bone.left_leg] run data modify entity @s {} merge value {transformation:[-0.7348025297140048f,-0.11743650347031781f,0.6680373567238327f,-0.18861858689750396f,-0.21653944481171114f,0.9739746775147557f,-0.0669626492954363f,0.7791317306272201f,-0.6427876096865396f,-0.19386076243710004f,-0.7411086921773157f,0.22101562499999997f,0f,0f,0f,1f],start_interpolation:0}