execute if entity @s[tag=aj.rkgugs_skill.locator_origin.rkgugs_right_locator] at @s on origin run tp @s ^0.7616 ^2.49862 ^-0.23805 ~68.30486 ~81.07076
execute if entity @s[tag=aj.rkgugs_skill.bone.weapon1] run data modify entity @s {} merge value {transformation:[0.5041107544254526f,-1.2192922190229223f,0.19229303076434195f,0.4734949330505951f,-0.14479359991019702f,0.14786565459585127f,1.3171743769880144f,1.0922627200841264f,-1.2258405028695307f,-0.518883426791486f,-0.07650378228217006f,-0.1224339329119201f,0f,0f,0f,1f],start_interpolation:0}
execute if entity @s[tag=aj.rkgugs_skill.bone.right_arm2] run data modify entity @s {} merge value {transformation:[0.37808306581908946f,-0.9257569206258303f,-0.005226782396282548f,0.15674886363389567f,-0.10859519993264777f,-0.04995621592652677f,0.9928300252520018f,1.0971452888076996f,-0.919380377152148f,-0.3748046163051921f,-0.11942035715861604f,-0.21451937506610103f,0f,0f,0f,1f],start_interpolation:0}
execute if entity @s[tag=aj.rkgugs_skill.bone.right_arm] run data modify entity @s {} merge value {transformation:[0.37808306581908946f,-0.6751182235878705f,0.6334576382998282f,0.002243476746122155f,-0.10859519993264777f,0.6471821320625024f,0.7545610449066543f,1.3303702170823348f,-0.919380377152148f,-0.3540772120859962f,0.1713740061648269f,-0.30560569815552324f,0f,0f,0f,1f],start_interpolation:0}
execute if entity @s[tag=aj.rkgugs_skill.locator_origin.rkgugs_left_locator] at @s on origin run tp @s ^0.76343 ^2.72364 ^0.56819 ~69.76743 ~80.44866
execute if entity @s[tag=aj.rkgugs_skill.bone.weapon2] run data modify entity @s {} merge value {transformation:[0.4985022457082474f,-1.2190896275471266f,0.20759038708143207f,0.42533596533451573f,-0.15013316264156554f,0.16250523741116785f,1.3148497477152887f,1.3213020981800452f,-1.2274906607697071f,-0.5149663150136372f,-0.0765124166537695f,0.6023996789613043f,0f,0f,0f,1f],start_interpolation:0}
execute if entity @s[tag=aj.rkgugs_skill.bone.left_arm2] run data modify entity @s {} merge value {transformation:[0.4479188428435576f,-0.8939220567661939f,0.016494443082013477f,0.22973065201313203f,-0.04224207210326317f,-0.0027310674085005426f,0.9991036726062179f,1.3234301525474053f,-0.8930757625028858f,-0.44821412036849934f,-0.03898441652995821f,0.574176766548641f,0f,0f,0f,1f],start_interpolation:0}
execute if entity @s[tag=aj.rkgugs_skill.bone.left_arm] run data modify entity @s {} merge value {transformation:[0.4479188428435576f,-0.8164146995022321f,0.36446638893369604f,0.058837683184662704f,-0.04224207210326317f,0.387866944670575f,0.9207468927866853f,1.3575699489029733f,-0.8930757625028858f,-0.4278156982493664f,0.13924586443157289f,0.34688550514646543f,0f,0f,0f,1f],start_interpolation:0}
execute if entity @s[tag=aj.rkgugs_skill.bone.head] run data modify entity @s {} merge value {transformation:[0.16698594096988323f,0.4761954756209133f,0.8633386152122322f,0.11835135636204389f,-0.09907637117704865f,0.8793053163219827f,-0.46583906380024165f,1.4933811661594598f,-0.9809686886913314f,-0.007747882683033464f,0.19401134534129588f,-0.01894744644790261f,0f,0f,0f,1f],start_interpolation:0}
execute if entity @s[tag=aj.rkgugs_skill.locator_origin.player_camera] at @s on origin run tp @s ^-0.02744 ^-0.21575 ^0.07871 ~68.01138 ~-22.66124
execute if entity @s[tag=aj.rkgugs_skill.bone.body_top] run data modify entity @s {} merge value {transformation:[-0.38215031151425327f,0.34897713430080096f,0.855672892608361f,-0.0190583902688965f,-0.02019279119600356f,0.9225779608344008f,-0.3852819193348599f,1.1301160940809145f,-0.9238795325112866f,-0.1645140295471471f,-0.34551663272393507f,0.045829952686286576f,0f,0f,0f,1f],start_interpolation:0}
execute if entity @s[tag=aj.rkgugs_skill.bone.body] run data modify entity @s {} merge value {transformation:[-0.38215031151425327f,0.03935644637851655f,0.9232617232063799f,-0.03627683555949749f,-0.02019279119600356f,0.9984984898159233f,-0.050921675336101806f,0.693273004786448f,-0.9238795325112866f,-0.03810296528848781f,-0.3807817924257284f,0.06249999999999999f,0f,0f,0f,1f],start_interpolation:0}
execute if entity @s[tag=aj.rkgugs_skill.bone.right_leg2] run data modify entity @s {} merge value {transformation:[-0.7607674810481257f,0.0036579571620697915f,0.6490142210530445f,0.12057480563206148f,-0.018960663754808038f,0.9994320384593736f,-0.027858458875514525f,0.49994770247593623f,-0.6487475109853345f,-0.03349955000208327f,-0.7602660370817516f,-0.29502733977103196f,0f,0f,0f,1f],start_interpolation:0}
execute if entity @s[tag=aj.rkgugs_skill.bone.right_leg] run data modify entity @s {} merge value {transformation:[-0.7607674810481257f,-0.4357707234321259f,0.4809747564884578f,-0.036030298101358785f,-0.018960663754808038f,0.7556794936536017f,0.6546670879931369f,0.7715200205076993f,-0.6487475109853345f,0.4889298308253221f,-0.5831588870277595f,-0.11931818181818182f,0f,0f,0f,1f],start_interpolation:0}
execute if entity @s[tag=aj.rkgugs_skill.bone.left_leg2] run data modify entity @s {} merge value {transformation:[-0.7649772574747756f,0.4955417443667907f,0.41139783073843395f,0.06889574835568797f,-0.040421335700791275f,0.6005609924797791f,-0.7985565790423786f,0.4202667482341704f,-0.6427876096865394f,-0.6275068715971331f,-0.439385041770705f,0.15359775191675076f,0f,0f,0f,1f],start_interpolation:0}
execute if entity @s[tag=aj.rkgugs_skill.bone.left_leg] run data modify entity @s {} merge value {transformation:[-0.7649772574747756f,-0.13609861934957607f,0.6295132733767494f,0.019985307026934077f,-0.040421335700791275f,0.9856365419569244f,0.16397171335129757f,0.7744798804999401f,-0.6427876096865394f,0.09998886423165008f,-0.7594908267142729f,0.18953125f,0f,0f,0f,1f],start_interpolation:0}