execute if entity @s[tag=aj.rkgugs_skill.locator_origin.rkgugs_right_locator] at @s on origin run tp @s ^0.94052 ^1.07714 ^1.15462 ~144.47661 ~18.25755
execute if entity @s[tag=aj.rkgugs_skill.bone.weapon1] run data modify entity @s {} merge value {transformation:[1.094371001865387f,0.1971201030184267f,0.7357129556015249f,0.1052701389486038f,-0.49104323838877484f,1.1671184626862747f,0.41771857735474205f,0.7045158250825645f,-0.5822425835393623f,-0.6138044776804822f,1.0305413212824495f,0.04208552966801765f,0f,0f,0f,1f],start_interpolation:0}
execute if entity @s[tag=aj.rkgugs_skill.bone.right_arm2] run data modify entity @s {} merge value {transformation:[0.8207782513990403f,0.02490760606522894f,0.5707036649526908f,0.09417446886554756f,-0.36828242879158113f,0.7867816855043483f,0.4953207364913274f,0.9839750014995369f,-0.4366819376545218f,-0.6167286198280701f,0.6549463297181352f,-0.13287473852666565f,0f,0f,0f,1f],start_interpolation:0}
execute if entity @s[tag=aj.rkgugs_skill.bone.right_arm] run data modify entity @s {} merge value {transformation:[0.7682905220987852f,0.14993483292803406f,0.6222935155760653f,0.13889414820890567f,-0.48925877146824387f,0.764420547542045f,0.41986555114334545f,1.1799622959564824f,-0.41274147864560534f,-0.6270412844226151f,0.6606539937327834f,-0.2819530364493801f,0f,0f,0f,1f],start_interpolation:0}
execute if entity @s[tag=aj.rkgugs_skill.locator_origin.rkgugs_left_locator] at @s on origin run tp @s ^0.27982 ^0.7454 ^1.76931 ~149.22088 ~-11.68308
execute if entity @s[tag=aj.rkgugs_skill.bone.weapon2] run data modify entity @s {} merge value {transformation:[0.6458235633982109f,0.9561576444300451f,0.6681708327481847f,-0.3509136455174456f,-0.9867178063178603f,0.8551415397856515f,-0.26999758407451113f,1.1166613313336704f,-0.6221556665599732f,-0.36369394235921826f,1.1217962473802017f,0.525776327438432f,0f,0f,0f,1f],start_interpolation:0}
execute if entity @s[tag=aj.rkgugs_skill.bone.left_arm2] run data modify entity @s {} merge value {transformation:[0.2105978636525594f,0.045705184057055426f,0.9765037511322161f,-0.35550628998503264f,-0.6439519494701249f,0.7580467021506314f,0.1033976988727408f,1.2990420848287967f,-0.7355096373254424f,-0.6505968286956698f,0.1890749583962227f,0.44975877439083406f,0f,0f,0f,1f],start_interpolation:0}
execute if entity @s[tag=aj.rkgugs_skill.bone.left_arm] run data modify entity @s {} merge value {transformation:[0.2105978636525594f,0.6934137683448871f,0.6890761102336385f,-0.19889537183184333f,-0.6439519494701249f,0.6287451265877314f,-0.435896148831122f,1.402977882093909f,-0.7355096373254424f,-0.35193310680002965f,0.5789375283564497f,0.23365319750286823f,0f,0f,0f,1f],start_interpolation:0}
execute if entity @s[tag=aj.rkgugs_skill.bone.head] run data modify entity @s {} merge value {transformation:[0.7396769710177983f,0.629458130341731f,0.2380345367643689f,0.1141687961613384f,-0.5427378542299199f,0.7671097453624569f,-0.3420208475456562f,1.393985346136847f,-0.39788641611876807f,0.12379459082140458f,0.9090441678771849f,-0.0066180523706816895f,0f,0f,0f,1f],start_interpolation:0}
execute if entity @s[tag=aj.rkgugs_skill.locator_origin.player_camera] at @s on origin run tp @s ^-0.7232 ^-0.10178 ^0.10919 ~118.48998 ~-42.18328
execute if entity @s[tag=aj.rkgugs_skill.bone.body_top] run data modify entity @s {} merge value {transformation:[0.27433070906286855f,0.70752771742824f,0.651265837531686f,-0.16442024257603116f,-0.22594492601210797f,0.7057129620757128f,-0.6715043600511519f,1.116110867319535f,-0.9347146904133083f,0.03706405575632998f,0.35346103504692683f,-0.021212024324736622f,0f,0f,0f,1f],start_interpolation:0}
execute if entity @s[tag=aj.rkgugs_skill.bone.body] run data modify entity @s {} merge value {transformation:[0.27433070906286855f,0.147299389287992f,0.9502870892422187f,-0.22886372538952768f,-0.22594492601210797f,0.9704077581164618f,-0.08519197965046771f,0.691557473143583f,-0.9347146904133083f,-0.19134176988511223f,0.29949419797850163f,0.06249999999999997f,0f,0f,0f,1f],start_interpolation:0}
execute if entity @s[tag=aj.rkgugs_skill.bone.right_leg2] run data modify entity @s {} merge value {transformation:[0.029108406149974522f,-0.14822486202065943f,0.9885252100833668f,0.012879168919198603f,0.1460843842814875f,0.9789567849722908f,0.1424884761158421f,0.5025286828038429f,-0.9888437962390756f,0.14026048422728593f,0.050149209403743095f,-0.10971931524728423f,0f,0f,0f,1f],start_interpolation:0}
execute if entity @s[tag=aj.rkgugs_skill.bone.right_leg] run data modify entity @s {} merge value {transformation:[0.062159425245951985f,-0.5154524470662591f,0.8546607400989576f,-0.17236155424523827f,0.35397372038056957f,0.8120376189091968f,0.46400162796720923f,0.7943547020993356f,-0.9331874469435554f,0.27368536732841137f,0.23293241203679937f,-0.011363636363636388f,0f,0f,0f,1f],start_interpolation:0}
execute if entity @s[tag=aj.rkgugs_skill.bone.left_leg2] run data modify entity @s {} merge value {transformation:[-0.7223528808876243f,-0.341428045678807f,0.6013594641288189f,-0.21787648785244873f,-0.2550105964598625f,0.9398455272407664f,0.2272883204626024f,0.43288205750490594f,-0.6427876096865394f,0.010829337443997f,-0.7659678937683937f,0.3444706333162888f,0f,0f,0f,1f],start_interpolation:0}
execute if entity @s[tag=aj.rkgugs_skill.bone.left_leg] run data modify entity @s {} merge value {transformation:[-0.7223528808876243f,-0.04554330683035697f,0.6900232769090516f,-0.23424361374460828f,-0.2550105964598625f,0.945047823906333f,-0.2045830057045051f,0.7725086192212444f,-0.6427876096865394f,-0.32374437096706465f,-0.6942720440148838f,0.22812499999999997f,0f,0f,0f,1f],start_interpolation:0}