execute if entity @s[tag=aj.rkgugs_skill.locator_origin.rkgugs_right_locator] at @s on origin run tp @s ^-4.41308 ^1.46066 ^-0.71715 ~60.55149 ~-27.12808
execute if entity @s[tag=aj.rkgugs_skill.bone.weapon1] run data modify entity @s {} merge value {transformation:[-0.5293710626482142f,0.6555637181698023f,1.0333345379052536f,-4.648159862923555f,0.24982458962536627f,1.1600569471327884f,-0.6079747787575156f,1.6743174091346373f,-1.197969836943734f,-0.04776890836221104f,-0.583407386775883f,-0.499148488109297f,0f,0f,0f,1f],start_interpolation:0}
execute if entity @s[tag=aj.rkgugs_skill.bone.right_arm2] run data modify entity @s {} merge value {transformation:[0.16581984488043738f,-0.8144145126581588f,-0.5560870261169574f,-5.79341509400914f,-0.34540005513655353f,0.48021089247618337f,-0.8062854957512835f,2.2671406628265687f,0.9236896561916741f,0.3257706253163437f,-0.20167032187584055f,-0.20720278159313918f,0f,0f,0f,1f],start_interpolation:0}
execute if entity @s[tag=aj.rkgugs_skill.bone.right_arm] run data modify entity @s {} merge value {transformation:[0.9497590261875095f,0.033537643040173426f,0.3111800422177869f,-5.827037972437215f,0.05751854728584904f,0.958605398810993f,-0.2788679007855549f,2.4258550220991673f,-0.30765144058411187f,0.2827559298577602f,0.9085150935657558f,-0.07817563636044242f,0f,0f,0f,1f],start_interpolation:0}
execute if entity @s[tag=aj.rkgugs_skill.locator_origin.rkgugs_left_locator] at @s on origin run tp @s ^-4.46686 ^0.98286 ^0.79245 ~110.3586 ~-42.60271
execute if entity @s[tag=aj.rkgugs_skill.bone.weapon2] run data modify entity @s {} merge value {transformation:[0.5350038929030112f,0.8030805325022508f,0.9201142704426999f,-4.693482927491244f,0.08451441962656477f,0.9777743278434899f,-0.9025477574417723f,1.3706796826714784f,-1.218361984482274f,0.42047211548911223f,0.34143088999430377f,0.7198392678420373f,0f,0f,0f,1f],start_interpolation:0}
execute if entity @s[tag=aj.rkgugs_skill.bone.left_arm2] run data modify entity @s {} merge value {transformation:[-0.11780324401318112f,-0.8394793198423314f,-0.530468535595682f,-5.761782684454232f,0.1322019427640471f,0.5161752718779661f,-0.8462184913077228f,2.075251160061152f,0.9841976641048189f,-0.16981625440093776f,0.050173675486786626f,0.5608316814766267f,0f,0f,0f,1f],start_interpolation:0}
execute if entity @s[tag=aj.rkgugs_skill.bone.left_arm] run data modify entity @s {} merge value {transformation:[-0.9697187850806637f,0.07748332419674608f,0.23160702133809197f,-5.878102140373759f,0.05430881791584702f,0.9930071352462515f,-0.10482071191618267f,2.3368428406069572f,-0.23810928196579154f,-0.08906830986076847f,-0.9671457005127413f,0.569247550047757f,0f,0f,0f,1f],start_interpolation:0}
execute if entity @s[tag=aj.rkgugs_skill.bone.head] run data modify entity @s {} merge value {transformation:[0.031081982863544105f,0.7758167332568427f,0.6301922775946647f,-5.708409733823131f,0.13855456042019204f,0.621065407678904f,-0.7714145404200027f,2.485364744290665f,-0.9898669325359029f,0.11129310752835181f,-0.08818900208441569f,0.24526291494105376f,0f,0f,0f,1f],start_interpolation:0}
execute if entity @s[tag=aj.rkgugs_skill.locator_origin.player_camera] at @s on origin run tp @s ^-5.79421 ^-0.12556 ^-0.47464 ~64.64604 ~-40.62163
execute if entity @s[tag=aj.rkgugs_skill.bone.body_top] run data modify entity @s {} merge value {transformation:[-0.19420095582386898f,0.7012882735875214f,0.6859159905452921f,-5.984541991548217f,0.26667402814351976f,0.7106369252892193f,-0.651060767616352f,2.2055514549580346f,-0.9440185122500536f,0.05647935679624819f,-0.3250217389423011f,0.22302416820253104f,0f,0f,0f,1f],start_interpolation:0}
execute if entity @s[tag=aj.rkgugs_skill.bone.body] run data modify entity @s {} merge value {transformation:[-0.0784311320257009f,0.9379933209647363f,0.3376641635630173f,-6.394914069470289f,0.31186169425731525f,0.3447930446155069f,-0.8853587069881481f,2.0547044979387503f,-0.9468848088252994f,0.03586483250085054f,-0.31956669508189084f,0.20733330398340893f,0f,0f,0f,1f],start_interpolation:0}
execute if entity @s[tag=aj.rkgugs_skill.bone.right_leg2] run data modify entity @s {} merge value {transformation:[-0.08625714425777922f,0.3448349984602444f,-0.9346916758490019f,-6.764755937418066f,0.08015647932773581f,-0.9327448243283271f,-0.35151391367981505f,2.210725244045957f,-0.9930431228734604f,-0.10524218035389393f,0.05281514544222711f,0.12808224392434342f,0f,0f,0f,1f],start_interpolation:0}
execute if entity @s[tag=aj.rkgugs_skill.bone.right_leg] run data modify entity @s {} merge value {transformation:[-0.23770278680041237f,0.9632294654992837f,0.12524528710207827f,-6.418595348254261f,-0.9712783585704555f,-0.2342759658522489f,-0.04163078184081859f,2.1265323188178047f,-0.01075803513656741f,-0.13154378973543462f,0.9912519841402792f,0.0808086944881716f,0f,0f,0f,1f],start_interpolation:0}
execute if entity @s[tag=aj.rkgugs_skill.bone.left_leg2] run data modify entity @s {} merge value {transformation:[0.23250945811604448f,0.7054852939935323f,0.6694997026477626f,-6.749432962704312f,-0.30993434800111286f,-0.5987334398607149f,0.738551939894332f,2.0113471701593704f,0.9218893923978669f,-0.3792212651624578f,0.07944293696028862f,0.4749676225773264f,0f,0f,0f,1f],start_interpolation:0}
execute if entity @s[tag=aj.rkgugs_skill.bone.left_leg] run data modify entity @s {} merge value {transformation:[0.3420843947933544f,0.9376178353203694f,0.06205692328829167f,-6.412476553136055f,-0.35782006289055746f,0.0689134828651981f,0.931244186275751f,2.036112953064051f,0.8688745993708539f,-0.3407693160607811f,0.3590726998806863f,0.3525036496179832f,0f,0f,0f,1f],start_interpolation:0}