execute if entity @s[tag=aj.rkgugs_skill.locator_origin.rkgugs_right_locator] at @s on origin run tp @s ^1.4468 ^0.54312 ^0.28131 ~106.63377 ~-2.57486
execute if entity @s[tag=aj.rkgugs_skill.bone.weapon1] run data modify entity @s {} merge value {transformation:[0.2905595007010476f,0.2540508560022781f,1.2762488459915038f,1.0861471264951905f,-0.7178936735292437f,1.121970804994794f,-0.05989961622414156f,0.6462079809777932f,-1.0853486204150364f,-0.674104927353021f,0.3812855843843731f,0.19335085837808452f,0f,0f,0f,1f],start_interpolation:0}
execute if entity @s[tag=aj.rkgugs_skill.bone.right_arm2] run data modify entity @s {} merge value {transformation:[0.2179196255257857f,-0.3535977647629188f,0.9096590886510006f,0.03765107279869849f,-0.5384202551469328f,0.7338334647913222f,0.41423673762701835f,0.9517449133482476f,-0.8140114653112774f,-0.5800491933509011f,-0.030467484877421097f,-0.2894373543410493f,0f,0f,0f,1f],start_interpolation:0}
execute if entity @s[tag=aj.rkgugs_skill.bone.right_arm] run data modify entity @s {} merge value {transformation:[0.2179196255257857f,0.14860489731941873f,0.9645867619366267f,0.11546075075669587f,-0.5384202551469328f,0.8426367914699475f,-0.008177194429874024f,1.1620594329621496f,-0.8140114653112774f,-0.5175710793252626f,0.26363898078218573f,-0.4077174345754414f,0f,0f,0f,1f],start_interpolation:0}
execute if entity @s[tag=aj.rkgugs_skill.locator_origin.rkgugs_left_locator] at @s on origin run tp @s ^0.57795 ^0.27089 ^1.542 ~137.13381 ~-38.36782
execute if entity @s[tag=aj.rkgugs_skill.bone.weapon2] run data modify entity @s {} merge value {transformation:[-0.05793106075270974f,1.1263498861771701f,0.7111664389483794f,0.45019339785115264f,-0.9314273623104594f,0.47463929327037074f,-0.8276100457346806f,0.5869439146047409f,-0.9522945125943041f,-0.5327581561743148f,0.7662125593399646f,1.2406364848313407f,0f,0f,0f,1f],start_interpolation:0}
execute if entity @s[tag=aj.rkgugs_skill.bone.left_arm2] run data modify entity @s {} merge value {transformation:[-0.4401350863274667f,0.6989617089928487f,0.5636786630211486f,0.035715015514806686f,-0.4971352283120323f,0.33308000309403685f,-0.80119552938719f,1.4183284555086366f,-0.7477550872810274f,-0.632858784327651f,0.2008782928657816f,0.4303657487672371f,0f,0f,0f,1f],start_interpolation:0}
execute if entity @s[tag=aj.rkgugs_skill.bone.left_arm] run data modify entity @s {} merge value {transformation:[-0.4401350863274667f,0.896144412317476f,-0.056624182604951445f,0.2082732442160518f,-0.4971352283120323f,-0.29570751641355103f,-0.81572889461369f,1.3332427287796005f,-0.7477550872810274f,-0.3308810315033105f,0.5756562102823596f,0.21819759183863358f,0f,0f,0f,1f],start_interpolation:0}
execute if entity @s[tag=aj.rkgugs_skill.bone.head] run data modify entity @s {} merge value {transformation:[0.07111173236065621f,0.8337036886909545f,0.5476141716425558f,0.3140016739512039f,-0.4715416811990137f,0.5118818555292086f,-0.718070615519102f,1.3109505789914944f,-0.8789718791933416f,-0.20715966171788996f,0.429526844497821f,-0.16146656462542303f,0f,0f,0f,1f],start_interpolation:0}
execute if entity @s[tag=aj.rkgugs_skill.locator_origin.player_camera] at @s on origin run tp @s ^-0.27506 ^-1.29802 ^0.27308 ~74.36267 ~-58.7383
execute if entity @s[tag=aj.rkgugs_skill.bone.body_top] run data modify entity @s {} merge value {transformation:[-0.37643218062578127f,0.7801017107414914f,0.49974006672220883f,0.0068366253467416205f,-0.06888702922935044f,0.5143553329345035f,-0.8548059245734031f,1.1084231666485336f,-0.9238795325112868f,-0.3562020667823736f,-0.13988101024331945f,-0.021212000829863423f,0f,0f,0f,1f],start_interpolation:0}
execute if entity @s[tag=aj.rkgugs_skill.bone.body] run data modify entity @s {} merge value {transformation:[-0.37643218062578127f,0.2985001872684616f,0.8770384550235027f,-0.12375720658321032f,-0.06888702922935044f,0.9350326121847364f,-0.34780539293539253f,0.6993463988177113f,-0.9238795325112868f,-0.19134171618254492f,-0.3314135740355917f,0.062499999999999986f,0f,0f,0f,1f],start_interpolation:0}
execute if entity @s[tag=aj.rkgugs_skill.bone.right_leg2] run data modify entity @s {} merge value {transformation:[0.051783273694196164f,0.008022633603728124f,0.9986261211862888f,0.039961276671516124f,0.13966545458704224f,0.9900821349334548f,-0.015196278511767636f,0.46628844614411147f,-0.9888437962390756f,0.14026048422728593f,0.050149209403743095f,-0.16937840615637512f,0f,0f,0f,1f],start_interpolation:0}
execute if entity @s[tag=aj.rkgugs_skill.bone.right_leg] run data modify entity @s {} merge value {transformation:[0.11720715602384771f,-0.38093422865793f,0.9171431709463846f,-0.09693696175242746f,0.33974059434187454f,0.8831678397377819f,0.3234051567448011f,0.7836768885498768f,-0.9331874469435554f,0.27368536732841137f,0.23293241203679937f,-0.07102272727272729f,0f,0f,0f,1f],start_interpolation:0}
execute if entity @s[tag=aj.rkgugs_skill.bone.left_leg2] run data modify entity @s {} merge value {transformation:[-0.7535308711886769f,-0.08385103406480426f,0.6520431199329512f,-0.007147478377083086f,-0.13789602967126643f,0.989927797175491f,-0.03205684607352294f,0.43678192333777394f,-0.6427876096865395f,-0.11406998056256237f,-0.757503880100902f,0.17791187897422772f,0f,0f,0f,1f],start_interpolation:0}
execute if entity @s[tag=aj.rkgugs_skill.bone.left_leg] run data modify entity @s {} merge value {transformation:[-0.7535308711886769f,-0.2453583540592804f,0.6099102427890145f,-0.09532313686713698f,-0.13789602967126643f,0.9660947336615818f,0.21827883679426785f,0.7839722182474049f,-0.6427876096865395f,0.08037564111519244f,-0.761816149178256f,0.206796875f,0f,0f,0f,1f],start_interpolation:0}