execute if entity @s[tag=aj.rkgugs_skill.locator_origin.rkgugs_right_locator] at @s on origin run tp @s ^-2.82958 ^3.8092 ^-0.10923 ~-97.86765 ~64.39392
execute if entity @s[tag=aj.rkgugs_skill.bone.weapon1] run data modify entity @s {} merge value {transformation:[0.42624232249532457f,1.1270592207828838f,-0.5708176356244167f,-2.662942443955712f,0.11984783345482508f,0.5636409951863723f,1.2023822616536217f,3.54819651933384f,1.2576691763368277f,-0.43568809849635964f,0.07887903079177767f,-0.20708961821065078f,0f,0f,0f,1f],start_interpolation:0}
execute if entity @s[tag=aj.rkgugs_skill.bone.right_arm2] run data modify entity @s {} merge value {transformation:[-0.7625393845271827f,0.43404023032690764f,-0.4797319725666313f,-1.9957120020176757f,0.05931405365136699f,-0.6915098106674504f,-0.7199277913722388f,2.3722958988441927f,-0.6442169899066217f,-0.5774281428960943f,0.5015587799124044f,-0.426017285806118f,0f,0f,0f,1f],start_interpolation:0}
execute if entity @s[tag=aj.rkgugs_skill.bone.right_arm] run data modify entity @s {} merge value {transformation:[-0.6395353492502018f,0.17561190367225193f,-0.7484350314810436f,-1.9518090260996128f,0.0773115517254182f,-0.9539316699043712f,-0.2898918645344606f,2.1338129813681f,-0.7648643415856373f,-0.2432587684793003f,0.5964961948987639f,-0.48683197792594307f,0f,0f,0f,1f],start_interpolation:0}
execute if entity @s[tag=aj.rkgugs_skill.locator_origin.rkgugs_left_locator] at @s on origin run tp @s ^-3.00177 ^3.46636 ^0.82592 ~-98.67756 ~63.80323
execute if entity @s[tag=aj.rkgugs_skill.bone.weapon2] run data modify entity @s {} merge value {transformation:[0.31860176912441046f,1.1565893068585151f,-0.5818692857928784f,-2.7296857023777874f,0.058950348293840195f,0.585647587380193f,1.1963776734834082f,3.1847813456405127f,1.2933659756328095f,-0.3116020802788043f,0.08880526121289918f,0.7717286268054506f,0f,0f,0f,1f],start_interpolation:0}
execute if entity @s[tag=aj.rkgugs_skill.bone.left_arm2] run data modify entity @s {} merge value {transformation:[0.9540820676099728f,0.2509768580706985f,-0.16351765952960712f,-2.1867655758957345f,0.23843035786187933f,-0.3058495004559289f,0.9217413126906677f,2.0784459499428944f,0.18132394413021158f,-0.9184044314918238f,-0.3516460258573164f,0.403843332728047f,0f,0f,0f,1f],start_interpolation:0}
execute if entity @s[tag=aj.rkgugs_skill.bone.left_arm] run data modify entity @s {} merge value {transformation:[0.9823830264310361f,-0.13545738333594126f,-0.12874349179659006f,-2.0897855751885532f,0.1194446007681319f,-0.07470331602744246f,0.9900264652633515f,2.012824041953091f,-0.14372396017206224f,-0.987962910171371f,-0.05720761660981555f,0.14246258620180996f,0f,0f,0f,1f],start_interpolation:0}
execute if entity @s[tag=aj.rkgugs_skill.bone.head] run data modify entity @s {} merge value {transformation:[0.09297997881485653f,-0.38658498287338805f,-0.9175547801392414f,-2.170052257009068f,0.4138447432976898f,-0.8231663866109802f,0.3887539432580611f,2.0087768857043677f,-0.9055866893812312f,-0.4158715558566188f,0.08344816981178846f,-0.24401017197892233f,0f,0f,0f,1f],start_interpolation:0}
execute if entity @s[tag=aj.rkgugs_skill.bone.body_top] run data modify entity @s {} merge value {transformation:[0.4372227421697772f,-0.7698653908078349f,-0.46491241515562987f,-1.8669177593784827f,-0.010310098437717075f,-0.521197475114882f,0.8533738300440651f,2.2139983915308528f,-0.8992941541007291f,-0.36832115330261994f,-0.2358167772447129f,-0.09898371786601572f,0f,0f,0f,1f],start_interpolation:0}
execute if entity @s[tag=aj.rkgugs_skill.bone.body] run data modify entity @s {} merge value {transformation:[0.40363139120319735f,-0.9092330487739196f,-0.10186737972803253f,-1.469128300539893f,-0.19069621192964822f,-0.19250010109057414f,0.9625895625009664f,2.298217185757979f,-0.8948277235261852f,-0.36910564083660696f,-0.25108638177237586f,0.06249999999999982f,0f,0f,0f,1f],start_interpolation:0}
execute if entity @s[tag=aj.rkgugs_skill.bone.right_leg2] run data modify entity @s {} merge value {transformation:[-0.18081166736157117f,0.5246270969395999f,0.8319095804849561f,-1.2152193123818869f,0.015893076977175527f,0.847299225907471f,-0.5308779821021f,2.07124169786415f,-0.9833893181492899f,-0.08276733010872979f,-0.16153952462647153f,-0.11067944642599997f,0f,0f,0f,1f],start_interpolation:0}
execute if entity @s[tag=aj.rkgugs_skill.bone.right_leg] run data modify entity @s {} merge value {transformation:[0.522420179996496f,-0.8423461965480051f,0.13240106001666962f,-1.517937476766326f,0.8519765333149486f,0.5219957686727879f,-0.040698945543433986f,2.2588339272309335f,-0.034830191114467356f,0.13406454657669503f,0.9903603158134489f,-0.0625000000000002f,0f,0f,0f,1f],start_interpolation:0}
execute if entity @s[tag=aj.rkgugs_skill.bone.left_leg2] run data modify entity @s {} merge value {transformation:[-0.23248165447077135f,-0.625428898788275f,-0.7448429182686902f,-1.1802967401491231f,-0.12247574067819758f,0.7785552387265546f,-0.6155090845769574f,2.404959088693896f,0.9648585250076095f,-0.05186938222037291f,-0.2575996776166792f,0.31676453213244893f,0f,0f,0f,1f],start_interpolation:0}
execute if entity @s[tag=aj.rkgugs_skill.bone.left_leg] run data modify entity @s {} merge value {transformation:[-0.3521217525221507f,-0.9256957149866664f,0.13819448127929662f,-1.5129686377224563f,-0.08067169490185755f,-0.11708402426711767f,-0.9898400925922723f,2.362882017472901f,0.9324710982343586f,-0.3596926111511627f,-0.03344961047407778f,0.1874999999999998f,0f,0f,0f,1f],start_interpolation:0}