execute if entity @s[tag=aj.rkgugs_skill.locator_origin.rkgugs_right_locator] at @s on origin run tp @s ^1.25564 ^0.41846 ^0.29911 ~113.47987 ~-9.62168
execute if entity @s[tag=aj.rkgugs_skill.bone.weapon1] run data modify entity @s {} merge value {transformation:[0.42836007149611166f,0.37483302017466935f,1.2057303321689967f,0.9705363099882516f,-0.4526738734049099f,1.234179677700482f,-0.22285570503244215f,0.5497646774291591f,-1.17871616229787f,-0.33775510050278634f,0.5237628075760163f,0.21577669669376875f,0f,0f,0f,1f],start_interpolation:0}
execute if entity @s[tag=aj.rkgugs_skill.bone.right_arm2] run data modify entity @s {} merge value {transformation:[0.3212700536220838f,-0.2487806043170722f,0.9137252122828261f,0.010451546231017239f,-0.33950540505368243f,0.870477649350358f,0.3563772466373377f,1.0218761077178855f,-0.8840371217234025f,-0.424707985440711f,0.19519604124544762f,-0.31443957407877954f,0f,0f,0f,1f],start_interpolation:0}
execute if entity @s[tag=aj.rkgugs_skill.bone.right_arm] run data modify entity @s {} merge value {transformation:[0.3212700536220838f,0.16068516196737342f,0.9332555016549231f,0.10488187751675147f,-0.33950540505368243f,0.9395322045453962f,-0.04489227730247847f,1.2541491427319975f,-0.8840371217234025f,-0.30242274277174763f,0.3563970427338239f,-0.3693245014732383f,0f,0f,0f,1f],start_interpolation:0}
execute if entity @s[tag=aj.rkgugs_skill.locator_origin.rkgugs_left_locator] at @s on origin run tp @s ^0.82219 ^0.28921 ^1.39921 ~124.21487 ~-31.86076
execute if entity @s[tag=aj.rkgugs_skill.bone.weapon2] run data modify entity @s {} merge value {transformation:[0.15521380343899566f,0.9363404411768868f,0.9364577039121686f,0.6465920716692797f,-0.768939954970179f,0.831361553308531f,-0.7038089876583435f,0.5650940779350453f,-1.0781548120053246f,-0.45812915610652427f,0.6367712740479614f,1.177164305902674f,0f,0f,0f,1f],start_interpolation:0}
execute if entity @s[tag=aj.rkgugs_skill.bone.left_arm2] run data modify entity @s {} merge value {transformation:[-0.32069397039979797f,0.5586995939427241f,0.7648595564399052f,-0.0069816489766818535f,-0.4873287449386916f,0.5951055694003939f,-0.639030559226327f,1.3588685524612054f,-0.8121982958032434f,-0.5776712949393172f,0.08142360405581972f,0.49724171819749063f,0f,0f,0f,1f],start_interpolation:0}
execute if entity @s[tag=aj.rkgugs_skill.bone.left_arm] run data modify entity @s {} merge value {transformation:[-0.32069397039979797f,0.9286481752310466f,0.18646164213923622f,0.17343979589740277f,-0.4873287449386916f,0.0070350611479293446f,-0.8731902440311184f,1.3542856148827962f,-0.8121982958032434f,-0.37089496431562896f,0.4503008480334173f,0.27484938714108936f,0f,0f,0f,1f],start_interpolation:0}
execute if entity @s[tag=aj.rkgugs_skill.bone.head] run data modify entity @s {} merge value {transformation:[0.1348525573769279f,0.6919536045530817f,0.70923550173049f,0.26605691411544363f,-0.2882461875124415f,0.7122130699635852f,-0.6400520903470184f,1.4149989901342723f,-0.94801314503199f,-0.11812176818454341f,0.2954967423297795f,-0.10403881269965373f,0f,0f,0f,1f],start_interpolation:0}
execute if entity @s[tag=aj.rkgugs_skill.bone.body_top] run data modify entity @s {} merge value {transformation:[-0.38084575501341317f,0.5993982642505995f,0.7040441972643705f,0.03004384756677006f,-0.03745824735608281f,0.7507997321665818f,-0.6594669376728447f,1.1193715955936807f,-0.9238795325112867f,-0.2775274454751415f,-0.2634864824137445f,0.005237618956183257f,0f,0f,0f,1f],start_interpolation:0}
execute if entity @s[tag=aj.rkgugs_skill.bone.body] run data modify entity @s {} merge value {transformation:[-0.38084575501341317f,0.22248797900147407f,0.8974717879065074f,-0.06729464324637485f,-0.03745824735608281f,0.9661097764598471f,-0.25539925515497286f,0.6966985683924976f,-0.9238795325112867f,-0.13088544238586683f,-0.359604797490498f,0.06249999999999999f,0f,0f,0f,1f],start_interpolation:0}
execute if entity @s[tag=aj.rkgugs_skill.bone.right_leg2] run data modify entity @s {} merge value {transformation:[-0.508939175842723f,-0.03406306702822176f,0.8601282594806201f,0.11776716621913896f,0.019576984477075274f,0.9985002790996405f,0.051126649770200316f,0.5187000238710583f,-0.8605798376509377f,0.042859072581791086f,-0.5075090569892468f,-0.28153908635599306f,0f,0f,0f,1f],start_interpolation:0}
execute if entity @s[tag=aj.rkgugs_skill.bone.right_leg] run data modify entity @s {} merge value {transformation:[-0.5042478100187477f,-0.4877717271851309f,0.712609913101222f,-0.057525798238017456f,0.23522792730797995f,0.7164141534445376f,0.6568246211575343f,0.776161360265189f,-0.8309043075503272f,0.4988281296230004f,-0.24651273555565137f,-0.10227272727272728f,0f,0f,0f,1f],start_interpolation:0}
execute if entity @s[tag=aj.rkgugs_skill.bone.left_leg2] run data modify entity @s {} merge value {transformation:[-0.7623658346284113f,0.2647535022688253f,0.5905115724756941f,0.04405492201075498f,-0.07498281819717748f,0.8702017976535842f,-0.48695626942845666f,0.428132638200259f,-0.6427876096865394f,-0.4155170446526372f,-0.6435601560356292f,0.15969150191675074f,0f,0f,0f,1f],start_interpolation:0}
execute if entity @s[tag=aj.rkgugs_skill.bone.left_leg] run data modify entity @s {} merge value {transformation:[-0.7623658346284113f,-0.1805434352278068f,0.621451850256694f,-0.02082787502423809f,-0.07498281819717748f,0.9784714073624264f,0.1922791771081873f,0.779770800221131f,-0.6427876096865394f,0.09998886423165007f,-0.7594908267142729f,0.195625f,0f,0f,0f,1f],start_interpolation:0}