execute if entity @s[tag=aj.rkgugs_skill.locator_origin.rkgugs_right_locator] at @s on origin run tp @s ^-0.1052 ^1.23572 ^-1.6259 ~19.30746 ~0.89661
execute if entity @s[tag=aj.rkgugs_skill.bone.weapon1] run data modify entity @s {} merge value {transformation:[-0.4352514581546626f,-1.1806917622251536f,0.44079576740898796f,-0.26411409244144396f,-1.2483349294009645f,0.46797688665086384f,0.0208642128016366f,1.3103082816738225f,-0.1731873262958561f,-0.4058846806076862f,-1.2581897924543293f,-1.2829448975503597f,0f,0f,0f,1f],start_interpolation:0}
execute if entity @s[tag=aj.rkgugs_skill.bone.right_arm2] run data modify entity @s {} merge value {transformation:[-0.6611903614142157f,-0.7063879670309692f,0.25267240847942474f,-0.7533357684031914f,0.49787516277914523f,-0.16121426319355087f,0.8521327852104976f,1.0728860675949357f,-0.5612019496229306f,0.6892213007277235f,0.4582863410168437f,-0.02624571157502914f,0f,0f,0f,1f],start_interpolation:0}
execute if entity @s[tag=aj.rkgugs_skill.bone.right_arm] run data modify entity @s {} merge value {transformation:[-0.7628752032800408f,-0.47528963698103066f,0.43831630724726234f,-0.872158177648449f,0.3596844562329782f,0.25135819829571926f,0.8985800732789019f,1.1357256171688654f,-0.537260194100422f,0.8431600186963149f,-0.020800641990259966f,0.18454429309904957f,0f,0f,0f,1f],start_interpolation:0}
execute if entity @s[tag=aj.rkgugs_skill.locator_origin.rkgugs_left_locator] at @s on origin run tp @s ^0.70626 ^1.5255 ^-1.249 ~12.80334 ~6.40238
execute if entity @s[tag=aj.rkgugs_skill.bone.weapon2] run data modify entity @s {} merge value {transformation:[-0.504506758778172f,-1.1987624984892635f,0.2936310275510737f,0.4975269963924125f,-1.2078562683582885f,0.5447524246223783f,0.14868022273795684f,1.527788145596328f,-0.25364136711607566f,-0.20974042495807976f,-1.292073058616915f,-0.8446989365735613f,0f,0f,0f,1f],start_interpolation:0}
execute if entity @s[tag=aj.rkgugs_skill.bone.left_arm2] run data modify entity @s {} merge value {transformation:[-0.19432603278988406f,-0.9798295283652867f,-0.046599230933619284f,-0.01574834721946694f,-0.9575542335298183f,0.19979010719454957f,-0.20778306696242807f,1.4893698702675007f,0.21290204984750008f,0.004243631775997347f,-0.9770643319454878f,0.2753920006993307f,0f,0f,0f,1f],start_interpolation:0}
execute if entity @s[tag=aj.rkgugs_skill.bone.left_arm] run data modify entity @s {} merge value {transformation:[-0.19432603278988406f,-0.7538880893022526f,0.6276066776161195f,-0.26773654099477306f,-0.9575542335298183f,0.00692451280524134f,-0.2881699862434194f,1.3894173434177974f,0.21290204984750008f,-0.6569663613386982f,-0.7232343446215228f,0.18296531313443878f,0f,0f,0f,1f],start_interpolation:0}
execute if entity @s[tag=aj.rkgugs_skill.bone.head] run data modify entity @s {} merge value {transformation:[-0.8431213265803597f,-0.35994575877495943f,0.3994815132209411f,-0.6610215088948938f,-0.29471046751893715f,0.9307136738543894f,0.2166051653013718f,1.413191177108594f,-0.44976901738575076f,0.06489305078653469f,-0.8907843302166201f,0.1588395726184795f,0f,0f,0f,1f],start_interpolation:0}
execute if entity @s[tag=aj.rkgugs_skill.locator_origin.player_camera] at @s on origin run tp @s ^-0.23427 ^-0.5189 ^-1.6925 ~-15.51675 ~-6.41124
execute if entity @s[tag=aj.rkgugs_skill.bone.body_top] run data modify entity @s {} merge value {transformation:[-0.8400254009452125f,-0.47295102417901547f,-0.26584705094255817f,-0.47479704312440635f,-0.460469991078855f,0.8806239622442776f,-0.11166389047954649f,1.0664454919749098f,0.2869228347181069f,0.028614084804676337f,-0.9575262508506577f,0.14757277672663818f,0f,0f,0f,1f],start_interpolation:0}
execute if entity @s[tag=aj.rkgugs_skill.bone.body] run data modify entity @s {} merge value {transformation:[-0.8400254009452125f,-0.4196019794722559f,-0.3439353203580571f,-0.2912211771052944f,-0.460469991078855f,0.8866355365994676f,0.042951281177787f,0.6785424447126427f,0.2869228347181069f,0.19445206108945878f,-0.938010491868501f,0.062499999999999965f,0f,0f,0f,1f],start_interpolation:0}
execute if entity @s[tag=aj.rkgugs_skill.bone.right_leg2] run data modify entity @s {} merge value {transformation:[-0.6034437072373526f,-0.356838232562129f,0.7131074028346477f,-0.4218679352539021f,-0.33883107026780307f,0.9242799639670789f,0.17578411199590924f,0.3380909356420137f,-0.721837376433789f,-0.1355471283021195f,-0.6786588082329983f,0.1483633032904168f,0f,0f,0f,1f],start_interpolation:0}
execute if entity @s[tag=aj.rkgugs_skill.bone.right_leg] run data modify entity @s {} merge value {transformation:[-0.6404174496069975f,-0.04362588069786726f,0.7667869800486994f,-0.43754598612969814f,-0.07785071855447209f,0.9969304696905855f,-0.0083008567666768f,0.6963628231870679f,-0.7640711719855823f,-0.06501093089507301f,-0.6418479749946516f,0.12499999999999994f,0f,0f,0f,1f],start_interpolation:0}
execute if entity @s[tag=aj.rkgugs_skill.bone.left_leg2] run data modify entity @s {} merge value {transformation:[0.8264232155768327f,-0.48335867782178515f,-0.28877163525877014f,0.02475899348974886f,0.43613061281820026f,0.873909484934168f,-0.21464459160416433f,0.5928079182192517f,0.3561105970319752f,0.051445123349767974f,0.9330266030317989f,-0.10971547612643445f,0f,0f,0f,1f],start_interpolation:0}
execute if entity @s[tag=aj.rkgugs_skill.bone.left_leg] run data modify entity @s {} merge value {transformation:[0.7532170708315705f,-0.6562559797730326f,0.04463331961714746f,-0.21108299924118473f,0.5435916518679973f,0.5828271716849722f,-0.6040038112173781f,0.8022614330435386f,0.3703676014817328f,0.47920828139529575f,0.7957306471506775f,0.06249999999999997f,0f,0f,0f,1f],start_interpolation:0}