execute if entity @s[tag=aj.rkgugs_skill.locator_origin.rkgugs_right_locator] at @s on origin run tp @s ^-0.27683 ^2.56915 ^0.85028 ~168.81263 ~52.4985
execute if entity @s[tag=aj.rkgugs_skill.bone.weapon1] run data modify entity @s {} merge value {transformation:[1.3211256835431862f,-0.08719384910049346f,0.15748631286359105f,-0.5126334959378038f,-0.07273722289964808f,0.808444116035496f,1.0577831466941663f,1.4700291783573542f,-0.16466330029844362f,-1.0566896998193958f,0.79628553522477f,-0.05002587115388846f,0f,0f,0f,1f],start_interpolation:0}
execute if entity @s[tag=aj.rkgugs_skill.bone.right_arm2] run data modify entity @s {} merge value {transformation:[-0.1990151146767122f,0.16114666008552408f,-0.9666564736624362f,-0.46968453958852946f,0.8271201453807278f,-0.5014171152697455f,-0.2538762328772254f,1.2719060838519727f,-0.5256094074839028f,-0.8500662506286483f,-0.033498064221282514f,-0.3102839492170292f,0f,0f,0f,1f],start_interpolation:0}
execute if entity @s[tag=aj.rkgugs_skill.bone.right_arm] run data modify entity @s {} merge value {transformation:[-0.05014440964052583f,-0.3165426675337184f,-0.9472519611024522f,-0.5488202064719591f,0.7928812933085838f,-0.5893422474851396f,0.15496764194654497f,1.1245705219806879f,-0.6073094704539944f,-0.7432875990892104f,0.28053297869784677f,-0.49610584898933174f,0f,0f,0f,1f],start_interpolation:0}
execute if entity @s[tag=aj.rkgugs_skill.locator_origin.rkgugs_left_locator] at @s on origin run tp @s ^-0.90466 ^1.80218 ^1.29256 ~165.44836 ~51.6719
execute if entity @s[tag=aj.rkgugs_skill.bone.weapon2] run data modify entity @s {} merge value {transformation:[1.3170439580293263f,0.0031664521762433486f,0.20775698297973033f,-1.1283553080633182f,-0.16694242156127329f,0.8098575520690245f,1.045963073448486f,0.7504291417220629f,-0.12370617720826423f,-1.0591971000315097f,0.8003599582582425f,0.3303760235590969f,0f,0f,0f,1f],start_interpolation:0}
execute if entity @s[tag=aj.rkgugs_skill.bone.left_arm2] run data modify entity @s {} merge value {transformation:[0.8334213260800315f,0.15813639299401377f,0.5295297672896633f,-1.1507935672569425f,-0.5437758622985651f,0.4055679196982721f,0.7347261218257235f,0.8604591180591492f,-0.09857334739397852f,-0.9002819245783283f,0.42399970691155864f,0.167733996912784f,0f,0f,0f,1f],start_interpolation:0}
execute if entity @s[tag=aj.rkgugs_skill.bone.left_arm] run data modify entity @s {} merge value {transformation:[0.8334213260800315f,0.47433550410128145f,0.28357489801459035f,-0.9457554565975301f,-0.5437758622985651f,0.7953898089156537f,0.2676992033132932f,0.9746033872936611f,-0.09857334739397852f,-0.37730740971004406f,0.9208270270585259f,0.0035337868698678138f,0f,0f,0f,1f],start_interpolation:0}
execute if entity @s[tag=aj.rkgugs_skill.bone.head] run data modify entity @s {} merge value {transformation:[0.6132484290849081f,-0.7593623482323746f,-0.2174745693452615f,-0.8566754347551355f,0.6142670449315876f,0.2853776648963462f,0.7356871521844892f,1.158861182610634f,-0.49659073867311276f,-0.5847464514345709f,0.6414586703746155f,-0.3340075099716994f,0f,0f,0f,1f],start_interpolation:0}
execute if entity @s[tag=aj.rkgugs_skill.locator_origin.player_camera] at @s on origin run tp @s ^0.50213 ^0.83185 ^0.66531 ~117.89056 ~61.80799
execute if entity @s[tag=aj.rkgugs_skill.bone.body_top] run data modify entity @s {} merge value {transformation:[0.5797943055881939f,-0.6996348642585264f,0.41755193679524194f,-0.5811942069533407f,-0.07116706146754098f,0.46703677948001737f,0.8813693300626072f,0.9749654506903772f,-0.811648823426474f,-0.5407288630421787f,0.22099430785324195f,-0.12109552014884155f,0f,0f,0f,1f],start_interpolation:0}
execute if entity @s[tag=aj.rkgugs_skill.bone.body] run data modify entity @s {} merge value {transformation:[0.3864418704800531f,-0.557436742681716f,0.7347972228093113f,-0.3373156320300899f,-0.22348607551438993f,0.7163523955046642f,0.660978985676478f,0.6615612776570866f,-0.894827723526185f,-0.41964690319735204f,0.15224920967222774f,0.06249999999999996f,0f,0f,0f,1f],start_interpolation:0}
execute if entity @s[tag=aj.rkgugs_skill.bone.right_leg2] run data modify entity @s {} merge value {transformation:[-0.26103553952419956f,0.6527231389830105f,0.7112052804510633f,-0.269986883241066f,-0.2878184311829619f,0.6506140695120098f,-0.7027530741479541f,0.3093058074640199f,-0.9214233542605096f,-0.38814151593096446f,0.018032355201806044f,-0.06789183895864222f,0f,0f,0f,1f],start_interpolation:0}
execute if entity @s[tag=aj.rkgugs_skill.bone.right_leg] run data modify entity @s {} merge value {transformation:[0.8860787269718159f,-0.3602229684980546f,0.29172573176608146f,-0.39944201254505435f,0.34714138677337925f,0.9327455771087219f,0.09735782440652865f,0.6445112492374668f,-0.30717641054784994f,0.015003377971873849f,0.951534314385126f,-0.06250000000000006f,0f,0f,0f,1f],start_interpolation:0}
execute if entity @s[tag=aj.rkgugs_skill.bone.left_leg2] run data modify entity @s {} merge value {transformation:[-0.7489450557203949f,-0.08308432630667023f,-0.6574026910761326f,-0.2688053687614427f,0.01595070025691179f,0.9895601462458237f,-0.14323509389551842f,0.49685794512087833f,0.6624400944034777f,-0.11776124865213755f,-0.7398009256837954f,0.4181570780849533f,0f,0f,0f,1f],start_interpolation:0}
execute if entity @s[tag=aj.rkgugs_skill.bone.left_leg] run data modify entity @s {} merge value {transformation:[-0.7402328261777258f,-0.6003807092634067f,-0.3026522211934111f,-0.48456718615297945f,-0.027787072550823244f,0.47707370521030057f,-0.8784239058654826f,0.6683063079308301f,0.6717761841923185f,-0.6418283911929136f,-0.36982843942931704f,0.18749999999999994f,0f,0f,0f,1f],start_interpolation:0}