execute if entity @s[tag=aj.rkgugs_skill.locator_origin.rkgugs_right_locator] at @s on origin run tp @s ^1.56393 ^0.95889 ^0.19317 ~107.49692 ~10.7669
execute if entity @s[tag=aj.rkgugs_skill.bone.weapon1] run data modify entity @s {} merge value {transformation:[0.4527935996082494f,-0.11005446127679552f,1.249257279140152f,0.1906922819343102f,-0.38275033287068017f,1.2526917561846118f,0.24908497436070687f,0.7670040109631469f,-1.1942604056984243f,-0.4432032911858449f,0.39381557084610963f,-0.19620899583724666f,0f,0f,0f,1f],start_interpolation:0}
execute if entity @s[tag=aj.rkgugs_skill.bone.right_arm2] run data modify entity @s {} merge value {transformation:[0.33959519970618707f,-0.5107796838919714f,0.7897969453345159f,0.025135303013510676f,-0.28706274965301015f,0.7433508529996354f,0.604172564013269f,1.0312510456471482f,-0.8956953042738183f,-0.43189538532835947f,0.10581256085125088f,-0.30389386950263275f,0f,0f,0f,1f],start_interpolation:0}
execute if entity @s[tag=aj.rkgugs_skill.bone.right_arm] run data modify entity @s {} merge value {transformation:[0.33959519970618707f,0.034602695104520076f,0.9399349731912406f,0.0911657280600362f,-0.28706274965301015f,0.9554565170664223f,0.06854065769275008f,1.2742993429705787f,-0.8956953042738183f,-0.2930963962364688f,0.33440159152585774f,-0.3567539179162761f,0f,0f,0f,1f],start_interpolation:0}
execute if entity @s[tag=aj.rkgugs_skill.locator_origin.rkgugs_left_locator] at @s on origin run tp @s ^1.50831 ^0.74191 ^0.74828 ~99.75966 ~-4.00492
execute if entity @s[tag=aj.rkgugs_skill.bone.weapon2] run data modify entity @s {} merge value {transformation:[0.2129449589462693f,0.11900644530423794f,1.3108278636850832f,0.10623510672905608f,-0.1643903238489912f,1.3198794368955973f,-0.0931228825947838f,0.9660512358131096f,-1.3059127243663615f,-0.14674302645777565f,0.22546888544057925f,0.4914385605241213f,0f,0f,0f,1f],start_interpolation:0}
execute if entity @s[tag=aj.rkgugs_skill.bone.left_arm2] run data modify entity @s {} merge value {transformation:[0.07136929010081078f,-0.10871169386621438f,0.9915080393255744f,0.0813910834978402f,-0.33286615301760125f,0.9344618224946124f,0.12641687575363658f,1.1620669620944495f,-0.9402694021426885f,-0.33906174941562783f,0.030505433572476454f,0.4866313201426091f,0f,0f,0f,1f],start_interpolation:0}
execute if entity @s[tag=aj.rkgugs_skill.bone.left_arm] run data modify entity @s {} merge value {transformation:[0.07136929010081078f,0.4796542415411474f,0.8745503032999833f,0.15556641118947945f,-0.33286615301760125f,0.8379760532958824f,-0.43243063984634483f,1.3569796212816165f,-0.9402694021426885f,-0.26024592729616874f,0.21946641820558338f,0.2903195119128819f,0f,0f,0f,1f],start_interpolation:0}
execute if entity @s[tag=aj.rkgugs_skill.bone.head] run data modify entity @s {} merge value {transformation:[0.14517786199899813f,0.6485999788731515f,0.7471555766981516f,0.242301985111148f,-0.24325090643928826f,0.75537584781137f,-0.6084704800232456f,1.4365556389002754f,-0.9590372176833724f,-0.09340982790371566f,0.26743638336833253f,-0.08646279942409377f,0f,0f,0f,1f],start_interpolation:0}
execute if entity @s[tag=aj.rkgugs_skill.locator_origin.player_camera] at @s on origin run tp @s ^-0.2832 ^-0.1764 ^0.18582 ~68.93803 ~-36.9684
execute if entity @s[tag=aj.rkgugs_skill.bone.body_top] run data modify entity @s {} merge value {transformation:[-0.38136739947246157f,0.5464927102556918f,0.7455901181326107f,0.027120480447969324f,-0.03170987269507898f,0.7983377706548656f,-0.6013744988935608f,1.122210141704922f,-0.9238795325112866f,-0.25298719648078594f,-0.28713078522429186f,0.013150909190215714f,0f,0f,0f,1f],start_interpolation:0}
execute if entity @s[tag=aj.rkgugs_skill.bone.body] run data modify entity @s {} merge value {transformation:[-0.38136739947246157f,0.19220121191755368f,0.9042220970298367f,-0.05696754976596042f,-0.03170987269507898f,0.9748514363550652f,-0.22058821593668154f,0.6957126382995809f,-0.9238795325112866f,-0.1127979218509355f,-0.3656818811929796f,0.06249999999999999f,0f,0f,0f,1f],start_interpolation:0}
execute if entity @s[tag=aj.rkgugs_skill.bone.right_leg2] run data modify entity @s {} merge value {transformation:[-0.5817569260276445f,-0.05663551711472231f,0.8113884995611003f,0.13791382093880739f,-0.025092249701239945f,0.9983476622449032f,0.05169452867632607f,0.5162272221996161f,-0.8129755580728096f,0.009714087259485693f,-0.5822167796318813f,-0.2720190820140385f,0f,0f,0f,1f],start_interpolation:0}
execute if entity @s[tag=aj.rkgugs_skill.bone.right_leg] run data modify entity @s {} merge value {transformation:[-0.5868803534556617f,-0.5238959088728887f,0.617336640249068f,-0.050361271312386977f,0.08370566248245481f,0.7191076443519457f,0.68983879124254f,0.7746565318885966f,-0.8053352176554375f,0.4565274060785894f,-0.37817709436588537f,-0.10795454545454546f,0f,0f,0f,1f],start_interpolation:0}
execute if entity @s[tag=aj.rkgugs_skill.bone.left_leg2] run data modify entity @s {} merge value {transformation:[-0.7634100471689652f,0.32535172627068576f,0.5579886684280988f,0.05234296322658966f,-0.06347589081646228f,0.8219033404658946f,-0.5660792437601468f,0.4256661379836941f,-0.6427876096865394f,-0.46756940997427116f,-0.6067972772596932f,0.15766025191675076f,0f,0f,0f,1f],start_interpolation:0}
execute if entity @s[tag=aj.rkgugs_skill.bone.left_leg] run data modify entity @s {} merge value {transformation:[-0.7634100471689652f,-0.16576508386075645f,0.6242812161631283f,-0.0072288637858696865f,-0.06347589081646228f,0.9810831585560424f,0.18288424558379962f,0.7782428980897719f,-0.6427876096865394f,0.09998886423165008f,-0.7594908267142729f,0.19359375f,0f,0f,0f,1f],start_interpolation:0}