execute if entity @s[tag=aj.rkgugs_skill.locator_origin.rkgugs_right_locator] at @s on origin run tp @s ^1.22714 ^1.34246 ^-0.5878 ~78.41754 ~3.55263
execute if entity @s[tag=aj.rkgugs_skill.bone.weapon1] run data modify entity @s {} merge value {transformation:[-0.041261794093812476f,-0.27661152598237493f,1.3036722386472919f,0.849453057339705f,-1.203063204851986f,0.5688502132612581f,0.08262044409023597f,1.4022764529771732f,-0.5733359985708256f,-1.1737432753136867f,-0.2671896969878716f,-0.5407992526691341f,0f,0f,0f,1f],start_interpolation:0}
execute if entity @s[tag=aj.rkgugs_skill.bone.right_arm2] run data modify entity @s {} merge value {transformation:[0.12401534707944636f,-0.9502521104424548f,-0.2857291029776732f,-0.47180202999750515f,0.5770573260393922f,-0.1651866775396132f,0.7998238581260816f,1.1072204075644811f,-0.8072329503637913f,-0.2640725055038579f,0.5278642587672362f,-0.33530734467525186f,0f,0f,0f,1f],start_interpolation:0}
execute if entity @s[tag=aj.rkgugs_skill.bone.right_arm] run data modify entity @s {} merge value {transformation:[0.05490133018913851f,-0.974228249408913f,0.21878108235656132f,-0.7153590923497334f,0.4441688824826988f,0.22006735995790228f,0.8684954582006917f,1.1622372475539566f,-0.8942593850653923f,0.04949419294022589f,0.4448038636159335f,-0.3229337964401954f,0f,0f,0f,1f],start_interpolation:0}
execute if entity @s[tag=aj.rkgugs_skill.locator_origin.rkgugs_left_locator] at @s on origin run tp @s ^1.32002 ^1.53943 ^0.26749 ~70.28856 ~7.39863
execute if entity @s[tag=aj.rkgugs_skill.bone.weapon2] run data modify entity @s {} merge value {transformation:[-0.038782037751988366f,-0.4762999976822504f,1.2447538084028784f,0.8669290976288719f,-1.203902691400462f,0.5467326992408622f,0.17169578619553622f,1.5343482274157025f,-0.5717447340940761f,-1.1189278107038305f,-0.44596669297942526f,0.3089260418600646f,0f,0f,0f,1f],start_interpolation:0}
execute if entity @s[tag=aj.rkgugs_skill.bone.left_arm2] run data modify entity @s {} merge value {transformation:[-0.2691280094989174f,-0.5335959963635819f,0.8017764196881244f,-0.3526793500336453f,-0.9613986645549651f,0.1983678358201398f,-0.19069034979244204f,1.4756161427721302f,-0.057295045990735455f,-0.8221468934301162f,-0.5663848191187058f,0.47815082321210567f,0f,0f,0f,1f],start_interpolation:0}
execute if entity @s[tag=aj.rkgugs_skill.bone.left_arm] run data modify entity @s {} merge value {transformation:[-0.2691280094989174f,0.14826406270695425f,0.951623813390974f,-0.4087308238812073f,-0.9613986645549651f,0.017423576695681866f,-0.2746070406363601f,1.3769601439164525f,-0.057295045990735455f,-0.9887943095936376f,0.1378516993734989f,0.21517463385401067f,0f,0f,0f,1f],start_interpolation:0}
execute if entity @s[tag=aj.rkgugs_skill.bone.head] run data modify entity @s {} merge value {transformation:[-0.042759953611285484f,-0.26818888369451516f,0.962416910195291f,-0.5921195117037314f,-0.2084622223562805f,0.94449048281113f,0.25393154536110557f,1.427027926764785f,-0.9770952298611641f,-0.1897694668324923f,-0.09629361993751323f,-0.1307764014087632f,0f,0f,0f,1f],start_interpolation:0}
execute if entity @s[tag=aj.rkgugs_skill.locator_origin.player_camera] at @s on origin run tp @s ^1.26745 ^-0.39141 ^-0.89091 ~43.24425 ~-1.50984
execute if entity @s[tag=aj.rkgugs_skill.bone.body_top] run data modify entity @s {} merge value {transformation:[-0.6666515162667321f,-0.2941531652939221f,0.6848720108216088f,-0.47629670286924963f,-0.42608213791208577f,0.9043007051594166f,-0.026348555946163407f,1.0709595241082646f,-0.6115797311974404f,-0.30937703533996885f,-0.7281868457976415f,-0.008959193743650458f,0f,0f,0f,1f],start_interpolation:0}
execute if entity @s[tag=aj.rkgugs_skill.bone.body] run data modify entity @s {} merge value {transformation:[-0.758908888499831f,-0.3909971202673805f,0.5207480685500109f,-0.30523546275227065f,-0.4176859059378012f,0.9057829937249136f,0.07138383752399136f,0.6746794643536149f,-0.4995956194132105f,-0.16333529998548668f,-0.8507207513877756f,0.062499999999999965f,0f,0f,0f,1f],start_interpolation:0}
execute if entity @s[tag=aj.rkgugs_skill.bone.right_leg2] run data modify entity @s {} merge value {transformation:[0.2726459824097032f,-0.13735477568880436f,0.9522593312072747f,-0.44374264580387307f,-0.5935160325989559f,0.7549780692151505f,0.2788311927531753f,0.35727564463076417f,-0.7572337072026328f,-0.6412033847381357f,0.12431947585360698f,0.11671517189779085f,0f,0f,0f,1f],start_interpolation:0}
execute if entity @s[tag=aj.rkgugs_skill.bone.right_leg] run data modify entity @s {} merge value {transformation:[0.2730728222211325f,-0.02277098530207084f,0.9617238252183204f,-0.4519259686468048f,-0.3625387767361598f,0.9235739103105842f,0.12480732172539305f,0.6891850186486304f,-0.8910650195843367f,-0.38274366673008414f,0.24394756906182857f,-0.02083333333333315f,0f,0f,0f,1f],start_interpolation:0}
execute if entity @s[tag=aj.rkgugs_skill.bone.left_leg2] run data modify entity @s {} merge value {transformation:[0.4675998536759117f,-0.49309944532680816f,-0.7336234141987699f,0.07752870703017414f,0.29145188870050415f,0.869541708106391f,-0.39868912003756646f,0.6197853028968895f,0.8345095406375977f,-0.027388955471399745f,0.5503123401333199f,0.10912214032680323f,0f,0f,0f,1f],start_interpolation:0}
execute if entity @s[tag=aj.rkgugs_skill.bone.left_leg] run data modify entity @s {} merge value {transformation:[0.3911362306710918f,-0.8499349146934877f,-0.35301995671829106f,-0.22791665293779798f,0.39748902697979865f,0.5019671081178136f,-0.7681350765317856f,0.8001797323767288f,0.830069227526875f,0.16012389938048913f,0.5341773248277426f,0.16666666666666652f,0f,0f,0f,1f],start_interpolation:0}