execute if entity @s[tag=aj.rkgugs_skill.locator_origin.rkgugs_right_locator] at @s on origin run tp @s ^1.49739 ^0.65278 ^0.20667 ~105.0208 ~1.20483
execute if entity @s[tag=aj.rkgugs_skill.bone.weapon1] run data modify entity @s {} merge value {transformation:[0.30672583810268933f,0.16144299634081496f,1.2874910473282832f,0.10250211193336507f,-0.7111367028786778f,1.1275089236051825f,0.02803559857221612f,0.7087362828222121f,-1.0853486204150364f,-0.6931360356387187f,0.345483119761292f,-0.1474195170407306f,0f,0f,0f,1f],start_interpolation:0}
execute if entity @s[tag=aj.rkgugs_skill.bone.right_arm2] run data modify entity @s {} merge value {transformation:[0.230044378577017f,-0.4167065950344633f,0.8794516459362037f,-0.026774225123344306f,-0.5333525271590084f,0.7019008988352637f,0.47209131530599846f,0.9658711089886556f,-0.8140114653112774f,-0.5776597111353989f,-0.060783159450248536f,-0.30866761927623887f,0f,0f,0f,1f],start_interpolation:0}
execute if entity @s[tag=aj.rkgugs_skill.bone.right_arm] run data modify entity @s {} merge value {transformation:[0.230044378577017f,0.3272101634531349f,0.9165222816811857f,0.08966433219882143f,-0.5333525271590084f,0.8301378556794958f,-0.1624999148952f,1.1672645877526062f,-0.8140114653112774f,-0.45144728319131666f,0.36548691473288897f,-0.4077174345754414f,0f,0f,0f,1f],start_interpolation:0}
execute if entity @s[tag=aj.rkgugs_skill.locator_origin.rkgugs_left_locator] at @s on origin run tp @s ^0.52989 ^0.40301 ^1.37831 ~136.39793 ~-37.47984
execute if entity @s[tag=aj.rkgugs_skill.bone.weapon2] run data modify entity @s {} merge value {transformation:[-0.036844825118614345f,1.1153239974154485f,0.7297072134966056f,-0.15226592229473082f,-0.9324995431218897f,0.49999890559554805f,-0.8113097276986752f,1.3245773008108457f,-0.9522945125943041f,-0.5327581561743148f,0.7662125593399646f,0.5022920778736074f,0f,0f,0f,1f],start_interpolation:0}
execute if entity @s[tag=aj.rkgugs_skill.bone.left_arm2] run data modify entity @s {} merge value {transformation:[-0.4287758989451647f,0.6912476546042324f,0.5816596156584308f,0.004141506627635572f,-0.5069650460624568f,0.3488071660724231f,-0.7882385444568261f,1.4216639598283285f,-0.7477550872810274f,-0.632858784327651f,0.2008782928657816f,0.4303657487672371f,0f,0f,0f,1f],start_interpolation:0}
execute if entity @s[tag=aj.rkgugs_skill.bone.left_arm] run data modify entity @s {} merge value {transformation:[-0.4287758989451647f,0.9026047703671773f,-0.038155694125263206f,0.17858044273411328f,-0.5069650460624568f,-0.27535862343809f,-0.8168011205729158f,1.340503743246806f,-0.7477550872810274f,-0.3308810315033105f,0.5756562102823596f,0.21819759183863358f,0f,0f,0f,1f],start_interpolation:0}
execute if entity @s[tag=aj.rkgugs_skill.bone.head] run data modify entity @s {} merge value {transformation:[0.08700357630313504f,0.814588372298108f,0.5734772544985403f,0.28478612259529723f,-0.47573206393559914f,0.5397531636338947f,-0.6945109975304761f,1.3206091620333185f,-0.8752767454091532f,-0.21239657733570214f,0.43448626316839944f,-0.16146656462542303f,0f,0f,0f,1f],start_interpolation:0}
execute if entity @s[tag=aj.rkgugs_skill.locator_origin.player_camera] at @s on origin run tp @s ^-0.71858 ^0.0247 ^0.3541 ~74.91467 ~-57.4883
execute if entity @s[tag=aj.rkgugs_skill.bone.body_top] run data modify entity @s {} merge value {transformation:[-0.37477743059180235f,0.7682659515831842f,0.5189501952567233f,-0.017718595840581594f,-0.07738531466456014f,0.5318717093979992f,-0.8432816835531987f,1.1111846764578563f,-0.9238795325112868f,-0.3562020667823736f,-0.13988101024331945f,-0.021212000829863423f,0f,0f,0f,1f],start_interpolation:0}
execute if entity @s[tag=aj.rkgugs_skill.bone.body] run data modify entity @s {} merge value {transformation:[-0.37477743059180235f,0.2772708231718732f,0.8846822978542064f,-0.1390245809782761f,-0.07738531466456014f,0.9415461955028601f,-0.32787539524696996f,0.6992582159253551f,-0.9238795325112868f,-0.19134171618254492f,-0.3314135740355917f,0.062499999999999986f,0f,0f,0f,1f],start_interpolation:0}
execute if entity @s[tag=aj.rkgugs_skill.bone.right_leg2] run data modify entity @s {} merge value {transformation:[0.04861041015271378f,-0.014377758969258136f,0.9987143275590908f,0.036351327344504455f,0.14080118843347217f,0.9900102406598374f,0.007399238094065008f,0.47129071720643945f,-0.9888437962390756f,0.14026048422728593f,0.050149209403743095f,-0.16085567888364785f,0f,0f,0f,1f],start_interpolation:0}
execute if entity @s[tag=aj.rkgugs_skill.bone.right_leg] run data modify entity @s {} merge value {transformation:[0.10949130726310813f,-0.4008163860556629f,0.9095921494291238f,-0.1076920613942494f,0.3423051891233675f,0.8743240499835232f,0.34407065134885484f,0.7855009226692681f,-0.9331874469435554f,0.27368536732841137f,0.23293241203679937f,-0.06250000000000001f,0f,0f,0f,1f],start_interpolation:0}
execute if entity @s[tag=aj.rkgugs_skill.bone.left_leg2] run data modify entity @s {} merge value {transformation:[-0.7502184412241856f,-0.1214463281608515f,0.6499408279400518f,-0.03657143885084008f,-0.1549076475859677f,0.9879119833216037f,0.005790848725093722f,0.433371515000092f,-0.6427876096865395f,-0.09633640322236472f,-0.7599627531975781f,0.20220066388942898f,0f,0f,0f,1f],start_interpolation:0}
execute if entity @s[tag=aj.rkgugs_skill.bone.left_leg] run data modify entity @s {} merge value {transformation:[-0.7502184412241856f,-0.2196166765164622f,0.6236511892420449f,-0.11549618197394368f,-0.1549076475859677f,0.9753543969103449f,0.15712231269631632f,0.7838895013897472f,-0.6427876096865395f,0.02126771787289318f,-0.7657491580210481f,0.20984374999999997f,0f,0f,0f,1f],start_interpolation:0}