execute if entity @s[tag=aj.rkgugs_skill.locator_origin.rkgugs_right_locator] at @s on origin run tp @s ^1.40458 ^0.41009 ^0.30819 ~113.33422 ~-9.23581
execute if entity @s[tag=aj.rkgugs_skill.bone.weapon1] run data modify entity @s {} merge value {transformation:[0.4322413777315966f,0.3615160558565327f,1.2084085859147164f,0.09844465610923758f,-0.43930662060871684f,1.2405613891644474f,-0.2139974546145426f,0.7195470566960661f,-1.1823514123321446f,-0.32877250318433077f,0.5212787706053925f,-0.21380222027950677f,0f,0f,0f,1f],start_interpolation:0}
execute if entity @s[tag=aj.rkgugs_skill.bone.right_arm2] run data modify entity @s {} merge value {transformation:[0.32418103329869746f,-0.25828343317612756f,0.9100529247225907f,0.01823380861543504f,-0.3294799654565376f,0.8709447091339921f,0.36455214441045963f,1.0228988352340207f,-0.8867635592491085f,-0.41802509706745916f,0.19724453911222478f,-0.3156627083363862f,0f,0f,0f,1f],start_interpolation:0}
execute if entity @s[tag=aj.rkgugs_skill.bone.right_arm] run data modify entity @s {} merge value {transformation:[0.32418103329869746f,0.15052069838821625f,0.9339433478568773f,0.11152049086093672f,-0.3294799654565376f,0.9434103655511001f,-0.03768069178635797f,1.256505920279876f,-0.8867635592491085f,-0.2955002563915358f,0.35542930163450115f,-0.3683566657961676f,0f,0f,0f,1f],start_interpolation:0}
execute if entity @s[tag=aj.rkgugs_skill.locator_origin.rkgugs_left_locator] at @s on origin run tp @s ^0.80713 ^0.37742 ^1.27819 ~123.74564 ~-31.59766
execute if entity @s[tag=aj.rkgugs_skill.bone.weapon2] run data modify entity @s {} merge value {transformation:[0.16252805052557587f,0.9271595860060755f,0.9443185440555403f,-0.12404574133519303f,-0.7591852758174797f,0.8446132081033829f,-0.6986014768500178f,1.2097865595841775f,-1.0839742282693208f,-0.4525277986512333f,0.6308694331425291f,0.5556134105926291f,0f,0f,0f,1f],start_interpolation:0}
execute if entity @s[tag=aj.rkgugs_skill.bone.left_arm2] run data modify entity @s {} merge value {transformation:[-0.3161310393963337f,0.551947786738053f,0.7716312633927931f,-0.0007973413595372403f,-0.484615547612929f,0.6052761780001253f,-0.6314970461984611f,1.3535643146850092f,-0.8156034189126566f,-0.5735803248547887f,0.07613589165078616f,0.49904231336439725f,0f,0f,0f,1f],start_interpolation:0}
execute if entity @s[tag=aj.rkgugs_skill.bone.left_arm] run data modify entity @s {} merge value {transformation:[-0.3161310393963337f,0.9282451197027453f,0.19601572303830464f,0.1794965759517133f,-0.484615547612929f,0.019623188000648606f,-0.8745071191845792f,1.3525498631825914f,-0.8156034189126566f,-0.3714511115082665f,0.4436385181848602f,0.2765017007366948f,0f,0f,0f,1f],start_interpolation:0}
execute if entity @s[tag=aj.rkgugs_skill.bone.head] run data modify entity @s {} merge value {transformation:[0.13492077277911152f,0.6873969146215747f,0.7136398719532331f,0.2711842790820061f,-0.27807791099974466f,0.7175491344770704f,-0.6385890032135111f,1.4170661084183944f,-0.9510357829686038f,-0.11228856299707078f,0.28796218177626637f,-0.10198387586479876f,0f,0f,0f,1f],start_interpolation:0}
execute if entity @s[tag=aj.rkgugs_skill.locator_origin.player_camera] at @s on origin run tp @s ^-0.34525 ^-0.15578 ^0.21118 ~69.27912 ~-40.54159
execute if entity @s[tag=aj.rkgugs_skill.bone.body_top] run data modify entity @s {} merge value {transformation:[-0.381117415202504f,0.5912224553349851f,0.7107781117458765f,0.038390437293855675f,-0.03458504353168283f,0.7591469274110151f,-0.6499998595125439f,1.1181520057503072f,-0.9238795325112867f,-0.27230855827550987f,-0.26887666037914f,0.005237618956183257f,0f,0f,0f,1f],start_interpolation:0}
execute if entity @s[tag=aj.rkgugs_skill.bone.body] run data modify entity @s {} merge value {transformation:[-0.381117415202504f,0.22976754443980574f,0.8955201791983607f,-0.062132863398559335f,-0.03458504353168283f,0.9644044154262038f,-0.2621602530330518f,0.6962250740013429f,-0.9238795325112867f,-0.13088544238586683f,-0.359604797490498f,0.06249999999999999f,0f,0f,0f,1f],start_interpolation:0}
execute if entity @s[tag=aj.rkgugs_skill.bone.right_leg2] run data modify entity @s {} merge value {transformation:[-0.5455450470551451f,-0.08454008623261772f,0.833806677505872f,0.12680107807403657f,-0.053069417093673424f,0.996387326110522f,0.06630183508517679f,0.5176336641567465f,-0.8363995687486557f,-0.008078996602663868f,-0.5480606638055288f,-0.2784079960705085f,0f,0f,0f,1f],start_interpolation:0}
execute if entity @s[tag=aj.rkgugs_skill.bone.right_leg] run data modify entity @s {} merge value {transformation:[-0.5509112037258944f,-0.5029416513247994f,0.6659928985897446f,-0.053943577870813234f,0.16384620976743536f,0.717302469666861f,0.6772234391651456f,0.7754142391932747f,-0.8183222257485933f,0.4822103922278181f,-0.3127648836959838f,-0.10511363636363637f,0f,0f,0f,1f],start_interpolation:0}
execute if entity @s[tag=aj.rkgugs_skill.bone.left_leg2] run data modify entity @s {} merge value {transformation:[-0.7629096360074873f,0.2954820556989442f,0.5750297749220029f,0.048199621076205484f,-0.06923132326041734f,0.8469899974967661f,-0.5270815572755698f,0.4269188283649883f,-0.6427876096865394f,-0.4419256712393548f,-0.6257202169764942f,0.15867587691675075f,0f,0f,0f,1f],start_interpolation:0}
execute if entity @s[tag=aj.rkgugs_skill.bone.left_leg] run data modify entity @s {} merge value {transformation:[-0.7629096360074873f,-0.1731591837281603f,0.6228842463712824f,-0.014029460576102128f,-0.06923132326041734f,0.9798051459960097f,0.1875870458196667f,0.7790363027073043f,-0.6427876096865394f,0.09998886423165007f,-0.7594908267142729f,0.194609375f,0f,0f,0f,1f],start_interpolation:0}