execute if entity @s[tag=aj.rkgugs_skill.locator_origin.rkgugs_right_locator] at @s on origin run tp @s ^1.50268 ^0.49426 ^0.3001 ~108.82536 ~-4.37989
execute if entity @s[tag=aj.rkgugs_skill.bone.weapon1] run data modify entity @s {} merge value {transformation:[0.3247105276347798f,0.29826793312358246f,1.2583231266614732f,0.14481276347212152f,-0.6635796092196833f,1.151985886506508f,-0.10182532737705899f,0.6891431206638701f,-1.1099562843863593f,-0.6014503596621911f,0.42898984765519277f,-0.13856878843950246f,0f,0f,0f,1f],start_interpolation:0}
execute if entity @s[tag=aj.rkgugs_skill.bone.right_arm2] run data modify entity @s {} merge value {transformation:[0.24353289572608489f,-0.3184049248291808f,0.9161386535583962f,0.047891717617594934f,-0.4976847069147625f,0.7697143131721826f,0.3998122166730804f,0.9659512897033772f,-0.8324672132897695f,-0.5533156241625556f,0.028985493874808227f,-0.28961576473648226f,0f,0f,0f,1f],start_interpolation:0}
execute if entity @s[tag=aj.rkgugs_skill.bone.right_arm] run data modify entity @s {} merge value {transformation:[0.24353289572608489f,0.09860406247680847f,0.9648673315862326f,0.11742028354313346f,-0.4976847069147625f,0.8665660198545889f,0.03705760025343291f,1.1843164039811376f,-0.8324672132897695f,-0.4892244598305014f,0.26011106608739126f,-0.3998236905737638f,0f,0f,0f,1f],start_interpolation:0}
execute if entity @s[tag=aj.rkgugs_skill.locator_origin.rkgugs_left_locator] at @s on origin run tp @s ^0.59648 ^0.37801 ^1.35749 ~133.91687 ~-37.3744
execute if entity @s[tag=aj.rkgugs_skill.bone.weapon2] run data modify entity @s {} merge value {transformation:[-0.009849921862448522f,1.093208824617402f,0.7632661544937773f,-0.12393152619583264f,-0.9013890526307327f,0.5569652109423693f,-0.809361048837396f,1.302822649497155f,-0.9824350017250764f,-0.5219789242453545f,0.7349403022061645f,0.516200558115231f,0f,0f,0f,1f],start_interpolation:0}
execute if entity @s[tag=aj.rkgugs_skill.bone.left_arm2] run data modify entity @s {} merge value {transformation:[-0.4153556047197934f,0.6741450226951223f,0.610743980734356f,0.028430390854489868f,-0.49715582648283874f,0.3940239285323749f,-0.7730337818867165f,1.4077743752521528f,-0.7617846190505686f,-0.6247188424557936f,0.17149507881765247f,0.4466773138454303f,0f,0f,0f,1f],start_interpolation:0}
execute if entity @s[tag=aj.rkgugs_skill.bone.left_arm] run data modify entity @s {} merge value {transformation:[-0.4153556047197934f,0.9096444997007987f,-0.005158080257021802f,0.20424444520577922f,-0.49715582648283874f,-0.23174914053095358f,-0.8361389956564218f,1.339951299037586f,-0.7617846190505686f,-0.3447306485174292f,0.5484933674628456f,0.23099073886832405f,0f,0f,0f,1f],start_interpolation:0}
execute if entity @s[tag=aj.rkgugs_skill.bone.head] run data modify entity @s {} merge value {transformation:[0.08716370315964989f,0.8086214439402012f,0.5818366173175767f,0.3085727313897455f,-0.4315280450349223f,0.5570661306295817f,-0.7095497674256008f,1.3363820499225636f,-0.8978786305508304f,-0.1892318326959025f,0.3974987777273225f,-0.14969703564337644f,0f,0f,0f,1f],start_interpolation:0}
execute if entity @s[tag=aj.rkgugs_skill.locator_origin.player_camera] at @s on origin run tp @s ^-0.64445 ^-0.01096 ^0.32814 ~72.70587 ~-54.99009
execute if entity @s[tag=aj.rkgugs_skill.bone.body_top] run data modify entity @s {} merge value {transformation:[-0.3778942529330602f,0.7464126133379423f,0.547781109796776f,0.014672764887930706f,-0.060353483800776306f,0.5705348437065053f,-0.819052775533972f,1.1117339552131271f,-0.9238795325112865f,-0.34257583505965084f,-0.1705532369669635f,-0.014807800588638884f,0f,0f,0f,1f],start_interpolation:0}
execute if entity @s[tag=aj.rkgugs_skill.bone.body] run data modify entity @s {} merge value {transformation:[-0.3778942529330602f,0.281369718054975f,0.8820583967979829f,-0.10842648676112086f,-0.060353483800776306f,0.9431897684071338f,-0.32672697740652956f,0.6990884315350061f,-0.9238795325112865f,-0.17670354420260312f,-0.33944435018566f,0.062499999999999986f,0f,0f,0f,1f],start_interpolation:0}
execute if entity @s[tag=aj.rkgugs_skill.bone.right_leg2] run data modify entity @s {} merge value {transformation:[-0.03770716083126194f,0.05250272664216116f,0.9979086299442368f,0.0639719459814352f,0.19927498682563663f,0.9789563895139941f,-0.04397575531320985f,0.4814694969835967f,-0.9792178764951587f,0.19720002820705546f,-0.04737614618612232f,-0.20773017593919177f,0f,0f,0f,1f],start_interpolation:0}
execute if entity @s[tag=aj.rkgugs_skill.bone.right_leg] run data modify entity @s {} merge value {transformation:[0.017991988510369837f,-0.41782995459733907f,0.9083470798051966f,-0.08618569395198354f,0.40013413714634666f,0.8355787554036628f,0.3764316881031862f,0.781755612206788f,-0.9162799575673318f,0.35668792039996444f,0.18222175172343535f,-0.07954545454545456f,0f,0f,0f,1f],start_interpolation:0}
execute if entity @s[tag=aj.rkgugs_skill.bone.left_leg2] run data modify entity @s {} merge value {transformation:[-0.7564576045450365f,-0.0020059369674402527f,0.6540396538000334f,0.010890556922127162f,-0.12081382933857465f,0.9832153928704443f,-0.1367168967727372f,0.43644364670462f,-0.6427876096865394f,-0.1824375713483935f,-0.7440031057690316f,0.16781650191675074f,0f,0f,0f,1f],start_interpolation:0}
execute if entity @s[tag=aj.rkgugs_skill.bone.left_leg] run data modify entity @s {} merge value {transformation:[-0.7564576045450365f,-0.23921263742571577f,0.6087275306915385f,-0.07507648465273944f,-0.12081382933857465f,0.965805125853812f,0.22940025613554155f,0.7835298638083337f,-0.6427876096865394f,0.09998886423165007f,-0.7594908267142729f,0.20375f,0f,0f,0f,1f],start_interpolation:0}