execute if entity @s[tag=aj.shadow_golem.bone.black_hole] run data modify entity @s {} merge value {transformation:[-0.000009914448613738104f,-0.0000013052619222005157f,1.2246467991473532e-21f,-0.28826026499252105f,-0.0000013052619222005157f,0.000009914448613738104f,0f,1.55013674538253f,-1.2141697760125283e-21f,-1.5984848350717834e-22f,-0.00001f,-3.530170108444587e-17f,0f,0f,0f,1f],start_interpolation:0}
execute if entity @s[tag=aj.shadow_golem.bone.left_shoulder] run data modify entity @s {} merge value {transformation:[-0.3420201433256689f,0.9396926207859083f,1.2246467991473532e-16f,-0.32990171519973915f,0.9396926207859083f,0.3420201433256689f,0f,1.6811662936421172f,-4.1885387376769936e-17f,1.1507915602278503e-16f,-1f,1.1435185185185186f,0f,0f,0f,1f],start_interpolation:0}
execute if entity @s[tag=aj.shadow_golem.bone.left_hand] run data modify entity @s {} merge value {transformation:[-0.3420201433256689f,0.6928140728731603f,0.6348471327716557f,-1.0694746111886486f,0.9396926207859083f,0.2521637004065661f,0.23106545963812647f,1.4119837734321001f,-4.1885387376769936e-17f,0.6755902076156602f,-0.7372773368101241f,1.1944444444444444f,0f,0f,0f,1f],start_interpolation:0}
execute if entity @s[tag=aj.shadow_golem.bone.right_hand] run data modify entity @s {} merge value {transformation:[-0.3420201433256689f,0.6928140728731605f,-0.6348471327716555f,-1.0694746111886482f,0.9396926207859083f,0.2521637004065661f,-0.23106545963812647f,1.4119837734321001f,-4.1885387376769936e-17f,-0.67559020761566f,-0.7372773368101243f,-1.1944444444444446f,0f,0f,0f,1f],start_interpolation:0}
execute if entity @s[tag=aj.shadow_golem.bone.right_shoulder] run data modify entity @s {} merge value {transformation:[-0.3420201433256689f,0.9396926207859083f,1.2246467991473532e-16f,-0.32990171519973893f,0.9396926207859083f,0.3420201433256689f,0f,1.6811662936421172f,-4.1885387376769936e-17f,1.1507915602278503e-16f,-1f,-1.1435185185185186f,0f,0f,0f,1f],start_interpolation:0}