execute if entity @s[tag=aj.shadow_golem.bone.black_hole] run data modify entity @s {} merge value {transformation:[-0.000009986295347545739f,-5.233595624294383e-7f,1.2246467991473532e-21f,0.18659968415588893f,-5.233595624294383e-7f,0.000009986295347545739f,0f,1.5316425712824817f,-1.2229684632711995e-21f,-6.40930612932371e-23f,-0.00001f,2.285187059234165e-17f,0f,0f,0f,1f],start_interpolation:0}
execute if entity @s[tag=aj.shadow_golem.bone.body] run data modify entity @s {} merge value {transformation:[-1.0818486626507882f,-0.05669728592985581f,1.3267006990762992e-16f,0f,-0.05669728592985581f,1.0818486626507882f,0f,1.5f,-1.3248825018771325e-16f,-6.943414973434018e-18f,-1.0833333333333333f,0f,0f,0f,0f,1f],start_interpolation:0}
execute if entity @s[tag=aj.shadow_golem.bone.left_shoulder] run data modify entity @s {} merge value {transformation:[-0.882947592858927f,0.46947156278589075f,1.2246467991473532e-16f,-0.16467347945734223f,0.46947156278589075f,0.882947592858927f,0f,1.6834122796626902f,-1.0812989434095454e-16f,5.749368466564468e-17f,-1f,1.1296296296296295f,0f,0f,0f,1f],start_interpolation:0}
execute if entity @s[tag=aj.shadow_golem.bone.left_hand] run data modify entity @s {} merge value {transformation:[-0.882947592858927f,0.4489578882815461f,0.13726020113055834f,-0.5211241104614445f,0.46947156278589075f,0.8443669823171057f,0.2581488929050014f,1.0130261443438753f,-1.0812989434095454e-16f,0.2923717047227368f,-0.9563047559630354f,1.2361111111111112f,0f,0f,0f,1f],start_interpolation:0}
execute if entity @s[tag=aj.shadow_golem.bone.right_hand] run data modify entity @s {} merge value {transformation:[-0.882947592858927f,0.4489578882815462f,-0.13726020113055812f,-0.5211241104614441f,0.46947156278589075f,0.8443669823171057f,-0.2581488929050014f,1.0130261443438753f,-1.0812989434095454e-16f,-0.2923717047227367f,-0.9563047559630354f,-1.2361111111111112f,0f,0f,0f,1f],start_interpolation:0}
execute if entity @s[tag=aj.shadow_golem.bone.right_shoulder] run data modify entity @s {} merge value {transformation:[-0.882947592858927f,0.46947156278589075f,1.2246467991473532e-16f,-0.16467347945734195f,0.46947156278589075f,0.882947592858927f,0f,1.6834122796626902f,-1.0812989434095454e-16f,5.749368466564468e-17f,-1f,-1.1296296296296295f,0f,0f,0f,1f],start_interpolation:0}
execute if entity @s[tag=aj.shadow_golem.bone.head] run data modify entity @s {} merge value {transformation:[-0.9986295347545738f,-0.05233595624294383f,1.2246467991473532e-16f,-0.75f,-0.05233595624294383f,0.9986295347545738f,0f,1.9375f,-1.2229684632711994e-16f,-6.4093061293237094e-18f,-1f,-9.184850993605148e-17f,0f,0f,0f,1f],start_interpolation:0}