execute if entity @s[tag=aj.shadow_golem.bone.black_hole] run data modify entity @s {} merge value {transformation:[-0.5917974732821598f,-0.8505478241745326f,0.01984278674175833f,0.3436322054603478f,-0.8493797730287783f,0.589277459161068f,-0.07318240274216042f,1.5089983259808313f,0.048778464134197966f,-0.05805223245925545f,-1.0335860808467112f,4.208280805009606e-17f,0f,0f,0f,1f],start_interpolation:0}
execute if entity @s[tag=aj.shadow_golem.bone.body] run data modify entity @s {} merge value {transformation:[-1.0829621020568536f,-0.028358360666862478f,1.3267006990762992e-16f,0f,-0.028358360666862478f,1.0829621020568536f,0f,1.5f,-1.326246071881815e-16f,-3.472897561973933e-18f,-1.0833333333333333f,0f,0f,0f,0f,1f],start_interpolation:0}
execute if entity @s[tag=aj.shadow_golem.bone.left_shoulder] run data modify entity @s {} merge value {transformation:[-0.9702957262759967f,0.2413325860209381f,0.016875618358527248f,-0.11572760255474326f,0.24192189559966693f,0.967932134653681f,0.06768440835400832f,1.649554793212404f,-1.1882695554102557e-16f,0.06975647374412508f,-0.9975640502598243f,1.1115975947064463f,0f,0f,0f,1f],start_interpolation:0}
execute if entity @s[tag=aj.shadow_golem.bone.left_hand] run data modify entity @s {} merge value {transformation:[-0.9702957262759967f,0.2300813952445391f,0.07475797705169876f,-0.2984146039062996f,0.24192189559966693f,0.9228060732081256f,0.29983786898866416f,0.9168372513867423f,-1.1882695554102557e-16f,0.3090169943749464f,-0.951056516295154f,1.159036644424335f,0f,0f,0f,1f],start_interpolation:0}
execute if entity @s[tag=aj.shadow_golem.bone.right_hand] run data modify entity @s {} merge value {transformation:[-0.9702957262759967f,0.2300813952445392f,-0.07475797705169852f,-0.29841460390629926f,0.24192189559966693f,0.9228060732081256f,-0.29983786898866416f,0.9168372513867423f,-1.1882695554102557e-16f,-0.30901699437494634f,-0.951056516295154f,-1.159036644424335f,0f,0f,0f,1f],start_interpolation:0}
execute if entity @s[tag=aj.shadow_golem.bone.right_shoulder] run data modify entity @s {} merge value {transformation:[-0.9702957262759967f,0.2413325860209381f,-0.016875618358527005f,-0.11572760255474299f,0.24192189559966693f,0.967932134653681f,-0.06768440835400832f,1.649554793212404f,-1.1882695554102557e-16f,-0.06975647374412502f,-0.9975640502598243f,-1.1115975947064463f,0f,0f,0f,1f],start_interpolation:0}
execute if entity @s[tag=aj.shadow_golem.bone.head] run data modify entity @s {} merge value {transformation:[-0.9996573249755573f,-0.02617694830787306f,1.2246467991473532e-16f,-0.75f,-0.02617694830787306f,0.9996573249755573f,0f,1.9375f,-1.2242271432755217e-16f,-3.2057515956682466e-18f,-1f,-9.184850993605148e-17f,0f,0f,0f,1f],start_interpolation:0}