execute if entity @s[tag=aj.shadow_golem.bone.black_hole] run data modify entity @s {} merge value {transformation:[0.21565521147763572f,-0.36870483736172666f,-0.3795789574166312f,-1.0517612690725922f,-0.5243899688995197f,-0.2038839318929767f,-0.0998855098516224f,1.109375761915866f,-0.07098311436528203f,0.3860293997441394f,-0.4152990636313579f,-1.2880360716369083e-16f,0f,0f,0f,1f],start_interpolation:0}
execute if entity @s[tag=aj.shadow_golem.bone.left_shoulder] run data modify entity @s {} merge value {transformation:[-0.342020143325669f,0.883022221559489f,0.3213938048432697f,-0.37941200146682f,0.9396926207859082f,0.32139380484326996f,0.11697777844051102f,1.538146023150901f,-4.188538737676995e-17f,0.34202014332566877f,-0.9396926207859084f,1.0332040265255689f,0f,0f,0f,1f],start_interpolation:0}
execute if entity @s[tag=aj.shadow_golem.bone.left_hand] run data modify entity @s {} merge value {transformation:[-0.342020143325669f,1.1102230246251565e-16f,0.9396926207859083f,-1.0350280045777298f,0.9396926207859082f,1.249000902703301e-16f,0.342020143325669f,1.2995213129099517f,-4.188538737676995e-17f,1f,-1.1102230246251565e-16f,0.9196772589031063f,0f,0f,0f,1f],start_interpolation:0}
execute if entity @s[tag=aj.shadow_golem.bone.right_hand] run data modify entity @s {} merge value {transformation:[-0.342020143325669f,2.7755575615628914e-16f,-0.9396926207859083f,-1.0350280045777296f,0.9396926207859082f,1.249000902703301e-16f,-0.342020143325669f,1.2995213129099517f,-4.188538737676995e-17f,-0.9999999999999999f,-3.3306690738754696e-16f,-0.9196772589031064f,0f,0f,0f,1f],start_interpolation:0}
execute if entity @s[tag=aj.shadow_golem.bone.right_shoulder] run data modify entity @s {} merge value {transformation:[-0.342020143325669f,0.883022221559489f,-0.32139380484326946f,-0.3794120014668198f,0.9396926207859082f,0.32139380484326996f,-0.11697777844051102f,1.538146023150901f,-4.188538737676995e-17f,-0.34202014332566855f,-0.9396926207859084f,-1.0332040265255689f,0f,0f,0f,1f],start_interpolation:0}