execute if entity @s[tag=aj.shadow_golem.bone.black_hole] run data modify entity @s {} merge value {transformation:[0.14002473826721806f,-0.380356551138971f,-0.36113133930730074f,-1.0517612690725922f,-0.5155756354748423f,-0.16843060131675897f,-0.022511645781858027f,1.109375761915866f,-0.0962741623122733f,0.34878919721912643f,-0.40468661841643305f,-1.2880360716369083e-16f,0f,0f,0f,1f],start_interpolation:0}
execute if entity @s[tag=aj.shadow_golem.bone.left_shoulder] run data modify entity @s {} merge value {transformation:[-0.342020143325669f,0.883022221559489f,0.3213938048432697f,-0.3766240014057025f,0.9396926207859082f,0.32139380484326996f,0.11697777844051102f,1.5391607721862801f,-4.188538737676995e-17f,0.34202014332566877f,-0.9396926207859084f,1.0318205254203368f,0f,0f,0f,1f],start_interpolation:0}
execute if entity @s[tag=aj.shadow_golem.bone.left_hand] run data modify entity @s {} merge value {transformation:[-0.342020143325669f,1.1102230246251565e-16f,0.9396926207859083f,-1.0366963004935141f,0.9396926207859082f,1.249000902703301e-16f,0.342020143325669f,1.2989141028546585f,-4.188538737676995e-17f,1f,-1.1102230246251565e-16f,0.9042508326190959f,0f,0f,0f,1f],start_interpolation:0}
execute if entity @s[tag=aj.shadow_golem.bone.right_hand] run data modify entity @s {} merge value {transformation:[-0.342020143325669f,2.7755575615628914e-16f,-0.9396926207859083f,-1.0366963004935141f,0.9396926207859082f,1.249000902703301e-16f,-0.342020143325669f,1.2989141028546585f,-4.188538737676995e-17f,-0.9999999999999999f,-3.3306690738754696e-16f,-0.9042508326190961f,0f,0f,0f,1f],start_interpolation:0}
execute if entity @s[tag=aj.shadow_golem.bone.right_shoulder] run data modify entity @s {} merge value {transformation:[-0.342020143325669f,0.883022221559489f,-0.32139380484326946f,-0.3766240014057023f,0.9396926207859082f,0.32139380484326996f,-0.11697777844051102f,1.5391607721862801f,-4.188538737676995e-17f,-0.34202014332566855f,-0.9396926207859084f,-1.0318205254203368f,0f,0f,0f,1f],start_interpolation:0}