execute if entity @s[tag=aj.crystal_blade.bone.right_arm2] run data modify entity @s {} merge value {transformation:[0.9661284334679833f,-0.2568889407736271f,-0.024574827627156598f,0.37672223519340675f,0.25805542185604996f,0.9623795212308531f,0.08504737718572017f,1.1065936850611204f,0.0018025802053389193f,-0.0885083568013661f,0.996073803229924f,0.40865934100077533f,0f,0f,0f,1f],start_interpolation:0}
execute if entity @s[tag=aj.crystal_blade.bone.right_arm] run data modify entity @s {} merge value {transformation:[0.9661284334679833f,-0.2568889407736271f,-0.024574827627156598f,0.31249999999999994f,0.25805542185604996f,0.9623795212308531f,0.08504737718572017f,1.3471885653688338f,0.0018025802053389193f,-0.0885083568013661f,0.996073803229924f,0.3865322518004338f,0f,0f,0f,1f],start_interpolation:0}
execute if entity @s[tag=aj.crystal_blade.bone.crystal_effect] run data modify entity @s {} merge value {transformation:[-0.0000020352132047412814f,0.000004276543766714495f,-0.000008807331072613434f,-1.0057307270754057f,-0.0000017847135494260887f,-0.000009006935090873732f,-0.000003961050089973908f,1.0705438488914045f,-0.000009626666336678633f,7.65698165181804e-7f,0.000002596343883636289f,0.4986632230546318f,0f,0f,0f,1f],start_interpolation:0}
execute if entity @s[tag=aj.crystal_blade.bone.crystal_slash] run data modify entity @s {} merge value {transformation:[-0.2035213204741281f,0.000004276543766714495f,-0.8807331072613434f,-1.0607765462792396f,-0.17847135494260885f,-0.000009006935090873732f,-0.39610500899739076f,1.0457872858290675f,-0.9626666336678632f,7.65698165181804e-7f,0.2596343883636289f,0.5148903723273586f,0f,0f,0f,1f],start_interpolation:0}
execute if entity @s[tag=aj.crystal_blade.locator_origin.aquamarine_dagger] at @s on origin run tp @s ^-1.39105 ^0.89725 ^0.61225 ~-106.42517 ~-23.33491
execute if entity @s[tag=aj.crystal_blade.bone.aquamarine_dagger] run data modify entity @s {} merge value {transformation:[-0.2035213204741281f,0.4276543766714495f,-0.8807331072613434f,-1.0607765462792396f,-0.17847135494260885f,-0.9006935090873732f,-0.39610500899739076f,1.0457872858290675f,-0.9626666336678632f,0.0765698165181804f,0.2596343883636289f,0.5148903723273586f,0f,0f,0f,1f],start_interpolation:0}
execute if entity @s[tag=aj.crystal_blade.bone.left_arm2] run data modify entity @s {} merge value {transformation:[0.46795481478637035f,0.8699834211116445f,0.15539349506698394f,-0.5884902071262075f,-0.882494773133905f,0.4506313011605516f,0.13466404793294295f,1.344842586720434f,0.04713031624752343f,-0.20015063678446574f,0.9786309089157061f,0.4306786214656098f,0f,0f,0f,1f],start_interpolation:0}
execute if entity @s[tag=aj.crystal_blade.bone.left_arm] run data modify entity @s {} merge value {transformation:[0.46795481478637035f,0.8699834211116445f,0.15539349506698394f,-0.31250000000000006f,-0.882494773133905f,0.4506313011605516f,0.13466404793294295f,1.3471885653688338f,0.04713031624752343f,-0.20015063678446574f,0.9786309089157061f,0.3865322518004338f,0f,0f,0f,1f],start_interpolation:0}
execute if entity @s[tag=aj.crystal_blade.bone.head] run data modify entity @s {} merge value {transformation:[1f,-1.1352537117561584e-32f,2.2733642640502046e-32f,-6.938893903907228e-17f,-3.0814879110195774e-33f,0.9990482215818578f,-0.04361938736533599f,1.4908017472212258f,0f,0.04361938736533602f,0.9990482215818577f,0.39280253873420085f,0f,0f,0f,1f],start_interpolation:0}
execute if entity @s[tag=aj.crystal_blade.bone.body_top] run data modify entity @s {} merge value {transformation:[1f,-1.1352537117561584e-32f,2.2733642640502046e-32f,-6.938893903907228e-17f,-3.0814879110195774e-33f,0.9990482215818578f,-0.04361938736533599f,1.0974265099733693f,0f,0.04361938736533602f,0.9990482215818577f,0.3756274049590998f,0f,0f,0f,1f],start_interpolation:0}
execute if entity @s[tag=aj.crystal_blade.bone.body] run data modify entity @s {} merge value {transformation:[1f,-1.1352537117561584e-32f,2.2733642640502046e-32f,-6.938893903907228e-17f,-3.0814879110195774e-33f,0.9990482215818578f,-0.04361938736533599f,0.6603429130313065f,0f,0.04361938736533602f,0.9990482215818577f,0.3565439229867653f,0f,0f,0f,1f],start_interpolation:0}
execute if entity @s[tag=aj.crystal_blade.locator_origin.player_camera] at @s on origin run tp @s ^0 ^-0.28623 ^0.74996 ~-180 ~-15
execute if entity @s[tag=aj.crystal_blade.bone.right_leg2] run data modify entity @s {} merge value {transformation:[0.9533746212060602f,-0.18423718845823975f,0.23902612833998757f,0.19844496924929567f,0.17401503308167865f,0.9827014739909407f,0.06337650414479484f,0.38597645330669844f,-0.24656763758000247f,-0.01882741100193963f,0.968942685969186f,0.4138533450943542f,0f,0f,0f,1f],start_interpolation:0}
execute if entity @s[tag=aj.crystal_blade.bone.right_leg] run data modify entity @s {} merge value {transformation:[0.9533746212060602f,-0.20436861008499685f,0.22205923275587455f,0.12499999999999993f,0.17401503308167865f,0.9734383719052287f,0.14878341427753308f,0.73580586821014f,-0.24656763758000247f,-0.10320468649448178f,0.9636146495273887f,0.37676416088539977f,0f,0f,0f,1f],start_interpolation:0}
execute if entity @s[tag=aj.crystal_blade.bone.left_leg2] run data modify entity @s {} merge value {transformation:[0.9718414734012879f,0.20427219065612817f,-0.1174607283382844f,-0.20181002745919036f,-0.20862620300514506f,0.977651931706539f,-0.025919256357564563f,0.38498734151257896f,0.10954112468324323f,0.04969479404343642f,0.9927392252994289f,0.39006722942130756f,0f,0f,0f,1f],start_interpolation:0}
execute if entity @s[tag=aj.crystal_blade.bone.left_leg] run data modify entity @s {} merge value {transformation:[0.9718414734012879f,0.21373225032122517f,-0.09921026030526767f,-0.12500000000000006f,-0.20862620300514506f,0.9761906829845178f,0.059387354494679606f,0.73580586821014f,0.10954112468324323f,-0.03701723418687389f,0.9932927395165456f,0.37676416088539977f,0f,0f,0f,1f],start_interpolation:0}
execute if entity @s[tag=aj.crystal_blade.locator_origin.commands] at @s on origin run tp @s ^0 ^0 ^0 ~0 ~0