execute if entity @s[tag=aj.crystal_blade.bone.right_arm2] run data modify entity @s {} merge value {transformation:[0.9105642205500517f,-0.27068480150694224f,0.3124140497596485f,0.38302077466511f,0.38574150805653207f,0.8280706448010894f,-0.4068199800660982f,1.1366081360066431f,-0.1485809180761417f,0.4909467847454095f,0.8584258647849534f,0.10948670280965585f,0f,0f,0f,1f],start_interpolation:0}
execute if entity @s[tag=aj.crystal_blade.bone.right_arm] run data modify entity @s {} merge value {transformation:[0.9105642205500517f,-0.27068480150694224f,0.3124140497596485f,0.3153495742883744f,0.38574150805653207f,0.8280706448010894f,-0.4068199800660982f,1.3436257972069154f,-0.1485809180761417f,0.4909467847454095f,0.8584258647849534f,0.23222339899600822f,0f,0f,0f,1f],start_interpolation:0}
execute if entity @s[tag=aj.crystal_blade.bone.crystal_effect] run data modify entity @s {} merge value {transformation:[0.016206928421479277f,0.29100610300388796f,-0.019128928610076996f,-0.39290449338601074f,0.11563431385300074f,-0.04337448068577699f,-0.03042117629328664f,1.1531338079832116f,0.01642293380823265f,0.018222275917742062f,0.2330736437675754f,1.0970312926599415f,0f,0f,0f,1f],start_interpolation:0}
execute if entity @s[tag=aj.crystal_blade.bone.crystal_slash] run data modify entity @s {} merge value {transformation:[-0.13744721988216074f,0.5429502329507162f,0.08111401458696108f,-0.39638766084182564f,-0.9806679309456404f,-0.08092677146411709f,0.12899748793595578f,1.1475944464542778f,-0.13927911171981916f,0.03399856172191033f,-0.9883218932836606f,1.1394714390647818f,0f,0f,0f,1f],start_interpolation:0}
execute if entity @s[tag=aj.crystal_blade.locator_origin.aquamarine_dagger] at @s on origin run tp @s ^-0.36597 ^1.19597 ^0.76885 ~4.69189 ~7.41166
execute if entity @s[tag=aj.crystal_blade.bone.aquamarine_dagger] run data modify entity @s {} merge value {transformation:[-0.13744721988216074f,-0.9871822417285737f,0.08111401458696108f,-0.39638766084182564f,-0.9806679309456404f,0.1471395844802127f,0.12899748793595578f,1.1475944464542778f,-0.13927911171981916f,-0.0618155667671096f,-0.9883218932836606f,1.1394714390647818f,0f,0f,0f,1f],start_interpolation:0}
execute if entity @s[tag=aj.crystal_blade.bone.left_arm2] run data modify entity @s {} merge value {transformation:[0.9879987648743623f,0.019670229192263577f,0.1532041862687127f,-0.42684796820376586f,-0.15399628459883624f,0.20238487529596053f,0.9671222810902418f,1.2988770859328962f,-0.011982693206822714f,-0.9791084946700044f,0.20298514903447698f,0.5956278854643015f,0f,0f,0f,1f],start_interpolation:0}
execute if entity @s[tag=aj.crystal_blade.bone.left_arm] run data modify entity @s {} merge value {transformation:[0.9879987648743623f,0.019670229192263577f,0.1532041862687127f,-0.29843056529640466f,-0.15399628459883624f,0.20238487529596053f,0.9671222810902418f,1.3302237691820318f,-0.011982693206822714f,-0.9791084946700044f,0.20298514903447698f,0.3493529251459475f,0f,0f,0f,1f],start_interpolation:0}
execute if entity @s[tag=aj.crystal_blade.bone.head] run data modify entity @s {} merge value {transformation:[0.9996554160971762f,-0.00014294488175568484f,0.02624935493192279f,0.010228309981508962f,0.003652941907849528f,0.9910126300470007f,-0.13371844712957223f,1.4783919015013176f,-0.025994327900508485f,0.13376825727386563f,0.9906716652165406f,0.3162437756976768f,0f,0f,0f,1f],start_interpolation:0}
execute if entity @s[tag=aj.crystal_blade.bone.body_top] run data modify entity @s {} merge value {transformation:[0.9820482233356466f,0.012304733812341657f,0.1882282671893557f,0.005383321042899434f,0.021443244839814028f,0.9841190838736974f,-0.17620957978025553f,1.0908950122260492f,-0.18740724183990284f,0.17708252957703607f,0.9661885444490418f,0.24651752967671883f,0f,0f,0f,1f],start_interpolation:0}
execute if entity @s[tag=aj.crystal_blade.bone.body] run data modify entity @s {} merge value {transformation:[0.9820482233356466f,0.012304733812341657f,0.1882282671893557f,-4.163336342344337e-17f,0.021443244839814028f,0.9841190838736974f,-0.17620957978025553f,0.6603429130313065f,-0.18740724183990284f,0.17708252957703607f,0.9661885444490418f,0.16904392298676554f,0f,0f,0f,1f],start_interpolation:0}
execute if entity @s[tag=aj.crystal_blade.locator_origin.player_camera] at @s on origin run tp @s ^0 ^-0.28623 ^0.56246 ~-180 ~-15
execute if entity @s[tag=aj.crystal_blade.bone.right_leg2] run data modify entity @s {} merge value {transformation:[0.9139991196696038f,0.12966183415436333f,0.38443909531539006f,0.1474619321028482f,0.1948445154149855f,0.6908510316225893f,-0.6962474178901517f,0.400047689095464f,-0.35586686282356866f,0.711275376257136f,0.606173337482259f,0.06312020586256042f,0f,0f,0f,1f],start_interpolation:0}
execute if entity @s[tag=aj.crystal_blade.bone.right_leg] run data modify entity @s {} merge value {transformation:[0.9139991196696038f,-0.06250276759053418f,0.4008728143522742f,0.12499999999999996f,0.1948445154149855f,0.9342836288408376f,-0.29857949643720577f,0.73580586821014f,-0.35586686282356866f,0.35100926615051004f,0.8661127357455215f,0.18926416088539996f,0f,0f,0f,1f],start_interpolation:0}
execute if entity @s[tag=aj.crystal_blade.bone.left_leg2] run data modify entity @s {} merge value {transformation:[0.9893291806408938f,0.09093276106387078f,-0.11383762689778246f,-0.17380788741987113f,-0.08936693876533805f,0.9958214363803064f,0.01879407090482693f,0.4135844081692152f,0.11507094589048118f,-0.008420202537013699f,0.9933215882085242f,0.43158087325064676f,0f,0f,0f,1f],start_interpolation:0}
execute if entity @s[tag=aj.crystal_blade.bone.left_leg] run data modify entity @s {} merge value {transformation:[0.9893291806408938f,0.1358132519509456f,-0.0527497196857643f,-0.12500000000000006f,-0.08936693876533805f,0.8516042287917005f,0.5165111690562026f,0.7196296778912326f,0.11507094589048118f,-0.5062854907051966f,0.8546541284714348f,0.24963452502846672f,0f,0f,0f,1f],start_interpolation:0}
execute if entity @s[tag=aj.crystal_blade.locator_origin.commands] at @s on origin run tp @s ^0 ^0 ^0 ~0 ~0