execute if entity @s[tag=aj.crystal_blade.bone.right_arm2] run data modify entity @s {} merge value {transformation:[0.9483278074821652f,-0.30671085681260885f,0.08125773728910038f,0.3880070322944093f,0.31262005976551754f,0.9469904628731499f,-0.07401190079643762f,1.089958663164516f,-0.054250048739824794f,0.09559034229760245f,0.9939413557505059f,0.03670586517746634f,0f,0f,0f,1f],start_interpolation:0}
execute if entity @s[tag=aj.crystal_blade.bone.right_arm] run data modify entity @s {} merge value {transformation:[0.9483278074821652f,-0.30671085681260885f,0.08125773728910038f,0.3113293180912571f,0.31262005976551754f,0.9469904628731499f,-0.07401190079643762f,1.3267062788828035f,-0.054250048739824794f,0.09559034229760245f,0.9939413557505059f,0.06060345075186695f,0f,0f,0f,1f],start_interpolation:0}
execute if entity @s[tag=aj.crystal_blade.bone.crystal_effect] run data modify entity @s {} merge value {transformation:[0.03626596473683749f,2.3723781972496853f,0.6266617910037258f,-0.664002962284637f,-0.9951794670579638f,0.014264883804203512f,0.1958087887775739f,1.2171816770941593f,0.0911186487385166f,-0.7884276772820592f,1.8891675198175153f,0.737893721727675f,0f,0f,0f,1f],start_interpolation:0}
execute if entity @s[tag=aj.crystal_blade.bone.crystal_slash] run data modify entity @s {} merge value {transformation:[3.6265964736837493e-7f,0.000009489512788998743f,0.000003133308955018629f,-0.7031693242223698f,-0.000009951794670579639f,5.705953521681405e-8f,9.790439438878696e-7f,1.204943627795561f,9.111864873851662e-7f,-0.000003153710709128237f,0.000009445837599087577f,0.6198207517390802f,0f,0f,0f,1f],start_interpolation:0}
execute if entity @s[tag=aj.crystal_blade.locator_origin.aquamarine_dagger] at @s on origin run tp @s ^-0.58567 ^1.24166 ^0.97404 ~161.64864 ~5.61851
execute if entity @s[tag=aj.crystal_blade.bone.aquamarine_dagger] run data modify entity @s {} merge value {transformation:[0.03626596473683749f,0.9489512788998742f,0.3133308955018629f,-0.7031693242223698f,-0.9951794670579638f,0.005705953521681404f,0.09790439438878695f,1.204943627795561f,0.0911186487385166f,-0.3153710709128237f,0.9445837599087576f,0.6198207517390802f,0f,0f,0f,1f],start_interpolation:0}
execute if entity @s[tag=aj.crystal_blade.bone.left_arm2] run data modify entity @s {} merge value {transformation:[0.7772873270861169f,0.589825682681182f,0.21892938405110635f,-0.5552795385491354f,-0.5199874778378464f,0.4063847662447895f,0.7513084883428396f,1.2801219741584025f,0.35417147547925776f,-0.697823104958445f,0.6225796978243028f,0.25121806480784886f,0f,0f,0f,1f],start_interpolation:0}
execute if entity @s[tag=aj.crystal_blade.bone.left_arm] run data modify entity @s {} merge value {transformation:[0.7772873270861169f,0.589825682681182f,0.21892938405110635f,-0.31066220199307526f,-0.5199874778378464f,0.4063847662447895f,0.7513084883428396f,1.316719730989869f,0.35417147547925776f,-0.697823104958445f,0.6225796978243028f,0.12103372300314481f,0f,0f,0f,1f],start_interpolation:0}
execute if entity @s[tag=aj.crystal_blade.bone.head] run data modify entity @s {} merge value {transformation:[0.9986584111937515f,-0.003464291618709787f,0.051666008511903304f,0.0005253539273182492f,0.007819713714638458f,0.9964065660221225f,-0.08433746062944072f,1.463208703403064f,-0.0511881805634135f,0.08462832783165397f,0.9950968878953573f,0.1161758941035093f,0f,0f,0f,1f],start_interpolation:0}
execute if entity @s[tag=aj.crystal_blade.bone.body_top] run data modify entity @s {} merge value {transformation:[0.9951864321349317f,0.0013342321963638777f,0.09799073996552254f,-2.7755575615628914e-17f,0.0159784766286949f,0.9843179023772372f,-0.17567855687107053f,1.075633529342027f,-0.0966884356020446f,0.176398658963502f,0.979558502355376f,0.046718922136630384f,0f,0f,0f,1f],start_interpolation:0}
execute if entity @s[tag=aj.crystal_blade.bone.body] run data modify entity @s {} merge value {transformation:[0.999698818696204f,0f,0.024541228522912278f,-2.7755575615628914e-17f,0.0032032731114978613f,0.9914448613738104f,-0.13048688017129925f,0.6418764024909849f,-0.02433127491084177f,0.13052619222005157f,0.9911462567178201f,-0.01038628695964218f,0f,0f,0f,1f],start_interpolation:0}
execute if entity @s[tag=aj.crystal_blade.locator_origin.player_camera] at @s on origin run tp @s ^0 ^-0.24525 ^0.50321 ~-180 ~-7.5
execute if entity @s[tag=aj.crystal_blade.bone.right_leg2] run data modify entity @s {} merge value {transformation:[0.9762960071199331f,-0.20318407549688478f,0.07458108303149813f,0.2026300316070701f,0.21458794303666345f,0.8636864083940768f,-0.45606776103845975f,0.37432072890913426f,0.02825103865291857f,0.4612613352751519f,0.8868144447375758f,-0.062289632105955256f,0f,0f,0f,1f],start_interpolation:0}
execute if entity @s[tag=aj.crystal_blade.bone.right_leg] run data modify entity @s {} merge value {transformation:[0.9762960071199331f,-0.21601400099358656f,-0.013566792414487253f,0.12499999999999993f,0.21458794303666345f,0.9742218650720706f,-0.06959721487811119f,0.7244317116694097f,0.02825103865291857f,0.06503621291433778f,0.9974829170591304f,-0.03891724308986512f,0f,0f,0f,1f],start_interpolation:0}
execute if entity @s[tag=aj.crystal_blade.bone.left_leg2] run data modify entity @s {} merge value {transformation:[0.9872270685984619f,0.15931189850749541f,-0.001560134745737643f,-0.17604266730265258f,-0.1593025322516716f,0.9869312935989529f,-0.024276015597754663f,0.39560235590337334f,-0.0023277123302763367f,0.024214473131471625f,0.9997040767378477f,0.19671235287857686f,0f,0f,0f,1f],start_interpolation:0}
execute if entity @s[tag=aj.crystal_blade.bone.left_leg] run data modify entity @s {} merge value {transformation:[0.9872270685984619f,0.14203176988564195f,0.07217819178698945f,-0.125f,-0.1593025322516716f,0.8866281655620026f,0.43418106735596274f,0.714234352902218f,-0.0023277123302763367f,-0.4401334710917928f,0.8979293454275772f,0.03853938670496382f,0f,0f,0f,1f],start_interpolation:0}
execute if entity @s[tag=aj.crystal_blade.locator_origin.commands] at @s on origin run tp @s ^0 ^0 ^0 ~0 ~0