execute if entity @s[tag=aj.crystal_blade.bone.right_arm2] run data modify entity @s {} merge value {transformation:[0.9033286344942927f,-0.18386935595208737f,0.3875428209171747f,0.33778357953471244f,0.3382280384993609f,0.8609797221214849f,-0.3798890786380753f,1.1415823264110627f,-0.2638165500410306f,0.47424253081875245f,0.8399374083150916f,0.23589994683547796f,0f,0f,0f,1f],start_interpolation:0}
execute if entity @s[tag=aj.crystal_blade.bone.right_arm] run data modify entity @s {} merge value {transformation:[0.9033286344942927f,-0.18386935595208737f,0.3875428209171747f,0.2918162405466906f,0.3382280384993609f,0.8609797221214849f,-0.3798890786380753f,1.356827256941434f,-0.2638165500410306f,0.47424253081875245f,0.8399374083150916f,0.3544605795401661f,0f,0f,0f,1f],start_interpolation:0}
execute if entity @s[tag=aj.crystal_blade.bone.crystal_effect] run data modify entity @s {} merge value {transformation:[0.003270430893899099f,-0.031003427721442163f,-0.08226135752929956f,0.5991398282709904f,0.042281591783848535f,-0.015926097524972354f,0.010565408045728204f,1.167942959320835f,0.0076022191984580585f,0.10191436235550273f,-0.023373725532330098f,0.5768436670400844f,0f,0f,0f,1f],start_interpolation:0}
execute if entity @s[tag=aj.crystal_blade.bone.crystal_slash] run data modify entity @s {} merge value {transformation:[-0.07590842232681597f,-0.06332531700072247f,0.95466470185319f,0.49987686705670886f,-0.981377998772485f,-0.03252947330258562f,-0.12261434074121455f,1.180692003593325f,-0.17645150876421084f,0.20816276706801834f,0.2712582357830949f,0.5486391092667391f,0f,0f,0f,1f],start_interpolation:0}
execute if entity @s[tag=aj.crystal_blade.locator_origin.aquamarine_dagger] at @s on origin run tp @s ^0.85788 ^1.13471 ^0.65036 ~105.86196 ~-7.04301
execute if entity @s[tag=aj.crystal_blade.bone.aquamarine_dagger] run data modify entity @s {} merge value {transformation:[-0.07590842232681597f,0.28784235000328484f,0.95466470185319f,0.49987686705670886f,-0.981377998772485f,0.14786124228448055f,-0.12261434074121455f,1.180692003593325f,-0.17645150876421084f,-0.9461943957637227f,0.2712582357830949f,0.5486391092667391f,0f,0f,0f,1f],start_interpolation:0}
execute if entity @s[tag=aj.crystal_blade.bone.left_arm2] run data modify entity @s {} merge value {transformation:[-0.059498527539440155f,-0.9884646398469114f,0.1392751987719082f,-0.04899314941714539f,0.1644209399525828f,0.12791241259282052f,0.9780614342717914f,1.2754999239375027f,-0.9845941700648788f,0.08109297427644435f,0.15491368499023025f,0.6452478116749749f,0f,0f,0f,1f],start_interpolation:0}
execute if entity @s[tag=aj.crystal_blade.bone.left_arm] run data modify entity @s {} merge value {transformation:[-0.059498527539440155f,-0.9884646398469114f,0.1392751987719082f,-0.3035466253213032f,0.1644209399525828f,0.12791241259282052f,0.9780614342717914f,1.3280306445797807f,-0.9845941700648788f,0.08109297427644435f,0.15491368499023025f,0.5424467839859761f,0f,0f,0f,1f],start_interpolation:0}
execute if entity @s[tag=aj.crystal_blade.bone.head] run data modify entity @s {} merge value {transformation:[0.9889599976756114f,-0.026297723115963803f,-0.14583056180503134f,-0.00709155079556126f,0.021080775820803782f,0.999085276605462f,-0.03720498570058413f,1.485046940467643f,0.14667557359099703f,0.03372002119073714f,0.98860974923508f,0.46641663132538963f,0f,0f,0f,1f],start_interpolation:0}
execute if entity @s[tag=aj.crystal_blade.bone.body_top] run data modify entity @s {} merge value {transformation:[0.9525805853887901f,-0.008531188926990906f,0.30416680811002705f,-0.0037323951555585906f,0.04607457977864513f,0.9921251457880736f,-0.11646814239617231f,1.0943976643135889f,-0.3007779271132961f,0.12495964912917212f,0.945472223098565f,0.4172137694807781f,0f,0f,0f,1f],start_interpolation:0}
execute if entity @s[tag=aj.crystal_blade.bone.body] run data modify entity @s {} merge value {transformation:[0.9525805853887901f,-0.008531188926990906f,0.30416680811002705f,-6.938893903907228e-17f,0.04607457977864513f,0.9921251457880736f,-0.11646814239617231f,0.6603429130313065f,-0.3007779271132961f,0.12495964912917212f,0.945472223098565f,0.3625439229867653f,0f,0f,0f,1f],start_interpolation:0}
execute if entity @s[tag=aj.crystal_blade.locator_origin.player_camera] at @s on origin run tp @s ^0 ^-0.28623 ^0.75596 ~-180 ~-15
execute if entity @s[tag=aj.crystal_blade.bone.right_leg2] run data modify entity @s {} merge value {transformation:[0.7943752869437417f,0.1266124563167545f,0.5940851701553287f,0.13849148445316029f,0.15690484474079772f,0.9020713897991974f,-0.4020548189023616f,0.3951294926125037f,-0.586812383296326f,0.41259725351870974f,0.6967171113148457f,0.3258651101760737f,0f,0f,0f,1f],start_interpolation:0}
execute if entity @s[tag=aj.crystal_blade.bone.right_leg] run data modify entity @s {} merge value {transformation:[0.7943752869437417f,-0.17667195673922892f,0.5811668634695031f,0.07499999999999989f,0.15690484474079772f,0.9839786514163823f,0.08465744653404042f,0.7487468204652661f,-0.586812383296326f,0.02393811309877597f,0.8093690095076261f,0.3344678695709463f,0f,0f,0f,1f],start_interpolation:0}
execute if entity @s[tag=aj.crystal_blade.bone.left_leg2] run data modify entity @s {} merge value {transformation:[0.9987650634084606f,-0.008562210627811139f,-0.04893911180087605f,-0.12972223150341722f,0.01622591706684061f,0.9872384795372537f,0.15842002441709024f,0.4584153364188706f,0.04695814870747842f,-0.1590184677015108f,0.9861582323338531f,0.7072868142303496f,0f,0f,0f,1f],start_interpolation:0}
execute if entity @s[tag=aj.crystal_blade.bone.left_leg] run data modify entity @s {} merge value {transformation:[0.9987650634084606f,0.013140122444291257f,-0.04791331022631061f,-0.12500000000000006f,0.01622591706684061f,0.825237371914266f,0.5645529201158872f,0.75498501695056f,0.04695814870747842f,-0.5646331704551055f,0.8240050455499541f,0.504371768598046f,0f,0f,0f,1f],start_interpolation:0}
execute if entity @s[tag=aj.crystal_blade.locator_origin.commands] at @s on origin run tp @s ^0 ^0 ^0 ~0 ~0