execute if entity @s[tag=aj.crystal_blade.bone.right_arm2] run data modify entity @s {} merge value {transformation:[0.9353060047122584f,-0.33334446510382354f,-0.11867664106233537f,0.40343112185460905f,0.34452810298988557f,0.9343803871167434f,0.09073961880984363f,1.09659405063993f,0.08064157612164752f,-0.12575674835256606f,0.9887781229600531f,0.12795698850917417f,0f,0f,0f,1f],start_interpolation:0}
execute if entity @s[tag=aj.crystal_blade.bone.right_arm] run data modify entity @s {} merge value {transformation:[0.9353060047122584f,-0.33334446510382354f,-0.11867664106233537f,0.32009500557865317f,0.34452810298988557f,0.9343803871167434f,0.09073961880984363f,1.3301891474191159f,0.08064157612164752f,-0.12575674835256606f,0.9887781229600531f,0.09651780142103265f,0f,0f,0f,1f],start_interpolation:0}
execute if entity @s[tag=aj.crystal_blade.bone.crystal_effect] run data modify entity @s {} merge value {transformation:[0.012871358396071718f,0.1982857149632562f,0.19076468054349632f,-1.0899116086729792f,0.12147406089014619f,0.028460402668533863f,-0.051717388630219026f,1.3932772865159688f,0.025151527347876193f,-0.23892812176817507f,0.1521546023837097f,-0.18385600595002083f,0f,0f,0f,1f],start_interpolation:0}
execute if entity @s[tag=aj.crystal_blade.locator_origin.aquamarine_dagger2] at @s on origin run tp @s ^-1.58541 ^1.47817 ^-0.34028 ~-51.42401 ~11.9665
execute if entity @s[tag=aj.crystal_blade.bone.crystal_slash] run data modify entity @s {} merge value {transformation:[-0.10320489186668409f,-0.47696727435706987f,-0.7647929465425621f,-1.0837706930865916f,-0.9740011064100808f,-0.06846020496449157f,0.20733971259933254f,1.3916124494139344f,-0.20166951928024354f,0.5747307365441748f,-0.6100016331928723f,-0.17895798936405377f,0f,0f,0f,1f],start_interpolation:0}
execute if entity @s[tag=aj.crystal_blade.locator_origin.aquamarine_dagger1] at @s on origin run tp @s ^-1.13157 ^1.40457 ^-0.21708 ~-51.42401 ~11.9665
execute if entity @s[tag=aj.crystal_blade.locator_origin.aquamarine_dagger3] at @s on origin run tp @s ^-1.51397 ^1.50824 ^-0.52208 ~-51.42401 ~11.9665
execute if entity @s[tag=aj.crystal_blade.bone.aquamarine_dagger] run data modify entity @s {} merge value {transformation:[-0.10320489186668409f,-0.635956365809425f,-0.7647929465425621f,-1.0837706930865916f,-0.9740011064100808f,-0.09128027328598856f,0.20733971259933254f,1.3916124494139344f,-0.20166951928024354f,0.7663076487255648f,-0.6100016331928723f,-0.17895798936405377f,0f,0f,0f,1f],start_interpolation:0}
execute if entity @s[tag=aj.crystal_blade.bone.left_arm2] run data modify entity @s {} merge value {transformation:[-0.2034596215791775f,0.9784048674608186f,0.036443075005219094f,-0.522741939284444f,-0.19446569210592618f,-0.07686322339538498f,0.9778932147647996f,1.3880516285328957f,0.9595766133981284f,0.19187485561753329f,0.20590474205595583f,-0.10957401364297993f,0f,0f,0f,1f],start_interpolation:0}
execute if entity @s[tag=aj.crystal_blade.bone.left_arm] run data modify entity @s {} merge value {transformation:[-0.2034596215791775f,0.9784048674608186f,0.036443075005219094f,-0.30357317511663656f,-0.19446569210592618f,-0.07686322339538498f,0.9778932147647996f,1.3445276111708087f,0.9595766133981284f,0.19187485561753329f,0.20590474205595583f,0.058341776936169445f,0f,0f,0f,1f],start_interpolation:0}
execute if entity @s[tag=aj.crystal_blade.bone.head] run data modify entity @s {} merge value {transformation:[0.9978457577547541f,0.012614960443895495f,-0.06437939502542141f,0.009988197506582756f,-0.02442979652627252f,0.9822105150016838f,-0.18618724247867297f,1.4789161586046358f,0.06088537404438955f,0.18735892557635517f,0.9804027765333738f,0.10237922029143942f,0f,0f,0f,1f],start_interpolation:0}
execute if entity @s[tag=aj.crystal_blade.bone.body_top] run data modify entity @s {} merge value {transformation:[0.9978690891124635f,0.012015876699648445f,-0.06413189300965003f,0.005256946056096181f,-0.022941542002708357f,0.984749769110772f,-0.17245746689204045f,1.0911709370172693f,0.06108163917578112f,0.17356125991539734f,0.9829270178462791f,0.034039474199751715f,0f,0f,0f,1f],start_interpolation:0}
execute if entity @s[tag=aj.crystal_blade.bone.body] run data modify entity @s {} merge value {transformation:[0.9978690891124635f,0.012015876699648445f,-0.06413189300965003f,-1.3877787807814457e-17f,-0.022941542002708357f,0.984749769110772f,-0.17245746689204045f,0.6603429130313065f,0.06108163917578112f,0.17356125991539734f,0.9829270178462791f,-0.04189357701323462f,0f,0f,0f,1f],start_interpolation:0}
execute if entity @s[tag=aj.crystal_blade.locator_origin.player_camera] at @s on origin run tp @s ^0 ^0.10083 ^-0.12711 ~-180 ~-15
execute if entity @s[tag=aj.crystal_blade.bone.right_leg2] run data modify entity @s {} merge value {transformation:[0.9084992245972181f,0.0396862526823927f,0.41599778876129f,0.18138028309800341f,0.19198136259378545f,0.8445720611116796f,-0.49984116477757495f,0.3836379425471774f,-0.3711769326384481f,0.5339691329445913f,0.7596740417702281f,-0.06582542215758935f,0f,0f,0f,1f],start_interpolation:0}
execute if entity @s[tag=aj.crystal_blade.bone.right_leg] run data modify entity @s {} merge value {transformation:[0.9084992245972181f,-0.15688426601183564f,0.38731961735003967f,0.12499999999999999f,0.19198136259378545f,0.9799455322795482f,-0.05338455003075723f,0.73580586821014f,-0.3711769326384481f,0.12285797020657849f,0.9203986113819557f,-0.021673339114600204f,0f,0f,0f,1f],start_interpolation:0}
execute if entity @s[tag=aj.crystal_blade.bone.left_leg2] run data modify entity @s {} merge value {transformation:[0.9586440435052932f,0.2015272499040518f,-0.20096856818401082f,-0.21642355285967443f,-0.1816425584506806f,0.9768391911613238f,0.11309807943012073f,0.3990457815935547f,0.2191063185107007f,-0.07191635528446f,0.9730469973394329f,0.17292850435471874f,0f,0f,0f,1f],start_interpolation:0}
execute if entity @s[tag=aj.crystal_blade.bone.left_leg] run data modify entity @s {} merge value {transformation:[0.9586440435052932f,0.25439597317474627f,-0.1276099004164462f,-0.125f,-0.1816425584506806f,0.8920595375239732f,0.4138064311631785f,0.7196296778912326f,0.2191063185107007f,-0.3735136816034843f,0.9013766975264549f,0.03869702502846656f,0f,0f,0f,1f],start_interpolation:0}