execute if entity @s[tag=aj.crystal_blade.bone.right_arm2] run data modify entity @s {} merge value {transformation:[0.8763913016609483f,-0.05622063953049369f,0.4783069370851849f,0.3019588530014001f,0.34454641210322273f,0.7671097673338496f,-0.5411380367039478f,1.1665648846821732f,-0.3364907967238107f,0.6390476074220052f,0.6916589471469199f,0.2089232774393545f,0f,0f,0f,1f],start_interpolation:0}
execute if entity @s[tag=aj.crystal_blade.bone.right_arm] run data modify entity @s {} merge value {transformation:[0.8763913016609483f,-0.05622063953049369f,0.4783069370851849f,0.28790369311877667f,0.34454641210322273f,0.7671097673338496f,-0.5411380367039478f,1.3583423265156356f,-0.3364907967238107f,0.6390476074220052f,0.6916589471469199f,0.3686851792948558f,0f,0f,0f,1f],start_interpolation:0}
execute if entity @s[tag=aj.crystal_blade.bone.crystal_effect] run data modify entity @s {} merge value {transformation:[0.0031164685410865014f,0.04689333753517729f,-0.14943192948461392f,0.6044769227584984f,0.0756396555331139f,-0.03727615267803715f,-0.001176506433425787f,1.215186809429984f,0.014592995409976819f,0.18319842238309927f,0.038010732755404744f,0.5320194979507524f,0f,0f,0f,1f],start_interpolation:0}
execute if entity @s[tag=aj.crystal_blade.bone.crystal_slash] run data modify entity @s {} merge value {transformation:[-0.040422430194680906f,0.16057382144692592f,0.969110013275218f,0.5206945439523971f,-0.9810908261795095f,-0.12764231762905284f,0.007629990252070187f,1.214527174584787f,-0.1892797345823469f,0.6273145037508808f,-0.24651078154608108f,0.5533310718653401f,0f,0f,0f,1f],start_interpolation:0}
execute if entity @s[tag=aj.crystal_blade.locator_origin.aquamarine_dagger] at @s on origin run tp @s ^0.88411 ^1.21739 ^0.46089 ~75.72844 ~0.43717
execute if entity @s[tag=aj.crystal_blade.bone.aquamarine_dagger] run data modify entity @s {} merge value {transformation:[-0.040422430194680906f,-0.24329366885897877f,0.969110013275218f,0.5206945439523971f,-0.9810908261795095f,0.19339745095311045f,0.007629990252070187f,1.214527174584787f,-0.1892797345823469f,-0.9504765208346684f,-0.24651078154608108f,0.5533310718653401f,0f,0f,0f,1f],start_interpolation:0}
execute if entity @s[tag=aj.crystal_blade.bone.left_arm2] run data modify entity @s {} merge value {transformation:[-0.14246752837948432f,-0.9845247698691709f,0.10204891411228478f,-0.02323344514021436f,0.17655137992168968f,0.07617057162411887f,0.9813397241863808f,1.2797641415703491f,-0.9739263902396256f,0.1578259216114727f,0.1629673736129456f,0.6928536827396806f,0f,0f,0f,1f],start_interpolation:0}
execute if entity @s[tag=aj.crystal_blade.bone.left_arm] run data modify entity @s {} merge value {transformation:[-0.14246752837948432f,-0.9845247698691709f,0.10204891411228478f,-0.2871730786549426f,0.17655137992168968f,0.07617057162411887f,0.9813397241863808f,1.32087570696659f,-0.9739263902396256f,0.1578259216114727f,0.1629673736129456f,0.6105693643625956f,0f,0f,0f,1f],start_interpolation:0}
execute if entity @s[tag=aj.crystal_blade.bone.head] run data modify entity @s {} merge value {transformation:[0.999371905993055f,-0.025372675696331018f,-0.024739054949958317f,0.0004416896531360511f,0.023784231806525176f,0.9977605835003036f,-0.06251502483808952f,1.481637383880436f,0.02626982735348138f,0.06188736010804054f,0.9977373656577546f,0.5118083356774993f,0f,0f,0f,1f],start_interpolation:0}
execute if entity @s[tag=aj.crystal_blade.bone.body_top] run data modify entity @s {} merge value {transformation:[0.9201228348379509f,0.0005313559736975886f,0.3916295270668468f,0.0002324682384926256f,0.05994659127847297f,0.9880234235779f,-0.14218340499333004f,1.0926031608466378f,-0.3870146961083837f,0.15430305286103327f,0.9090710604094162f,0.4510515086134674f,0f,0f,0f,1f],start_interpolation:0}
execute if entity @s[tag=aj.crystal_blade.bone.body] run data modify entity @s {} merge value {transformation:[0.9201228348379509f,0.0005313559736975886f,0.3916295270668468f,-6.938893903907228e-17f,0.05994659127847297f,0.9880234235779f,-0.14218340499333004f,0.6603429130313065f,-0.3870146961083837f,0.15430305286103327f,0.9090710604094162f,0.3835439229867653f,0f,0f,0f,1f],start_interpolation:0}
execute if entity @s[tag=aj.crystal_blade.locator_origin.player_camera] at @s on origin run tp @s ^0 ^-0.28623 ^0.77696 ~-180 ~-15
execute if entity @s[tag=aj.crystal_blade.bone.right_leg2] run data modify entity @s {} merge value {transformation:[0.8611614707982465f,0.20559091835418564f,0.46490138255643365f,0.11504428004093381f,0.17441535995353108f,0.7395407760358831f,-0.6501220829909748f,0.39711943100952224f,-0.47747272532039053f,0.6409460311684021f,0.6010058083784152f,0.28066771840193866f,0f,0f,0f,1f],start_interpolation:0}
execute if entity @s[tag=aj.crystal_blade.bone.right_leg] run data modify entity @s {} merge value {transformation:[0.8611614707982465f,-0.04186234446172911f,0.5066048413988643f,0.09999999999999991f,0.17441535995353108f,0.9604366283914599f,-0.2171192415616934f,0.7422763443377032f,-0.47747272532039053f,0.27533439116865205f,0.8343924553918896f,0.379616015228173f,0f,0f,0f,1f],start_interpolation:0}
execute if entity @s[tag=aj.crystal_blade.bone.left_leg2] run data modify entity @s {} merge value {transformation:[0.9989028339779359f,-0.019757242502644094f,-0.04245915260035228f,-0.12651548272117438f,0.022901087895860678f,0.9969294731714148f,0.07488101024526295f,0.4409149247682065f,0.04084933835491526f,-0.0757712141308084f,0.9962881383741895f,0.6979762403119802f,0f,0f,0f,1f],start_interpolation:0}
execute if entity @s[tag=aj.crystal_blade.bone.left_leg] run data modify entity @s {} merge value {transformation:[0.9989028339779359f,0.0042169953980502935f,-0.046640596272572575f,-0.12500000000000006f,0.022901087895860678f,0.8247441325987889f,0.5650421718040675f,0.7373073474208962f,0.04084933835491526f,-0.5654903471268842f,0.8237426775773374f,0.4947531468132563f,0f,0f,0f,1f],start_interpolation:0}
execute if entity @s[tag=aj.crystal_blade.locator_origin.commands] at @s on origin run tp @s ^0 ^0 ^0 ~0 ~0