execute if entity @s[tag=aj.shadow_golem.bone.black_hole] run data modify entity @s {} merge value {transformation:[-0.8660254037844387f,-0.49999999999999994f,1.2246467991473532e-16f,-0.1189704341157658f,-0.49999999999999994f,0.8660254037844387f,0f,1.5052083333333333f,-1.0605752387249069e-16f,-6.123233995736765e-17f,-1f,-1.4569676133304372e-17f,0f,0f,0f,1f],start_interpolation:0}
execute if entity @s[tag=aj.shadow_golem.bone.body] run data modify entity @s {} merge value {transformation:[-0.9381941874331419f,-0.5416666666666665f,1.3267006990762992e-16f,-0.41666666666666663f,-0.5416666666666665f,0.9381941874331419f,0f,1.3333333333333333f,-1.148956508618649e-16f,-6.633503495381495e-17f,-1.0833333333333333f,-5.1026949964473046e-17f,0f,0f,0f,1f],start_interpolation:0}
execute if entity @s[tag=aj.shadow_golem.bone.left_shoulder] run data modify entity @s {} merge value {transformation:[0.7933533402912348f,0.6087614290087209f,1.2246467991473532e-16f,-0.6875000000000001f,0.6087614290087209f,-0.7933533402912348f,0f,1.4375f,9.715776287805217e-17f,7.455177354798987e-17f,-1f,1.125f,0f,0f,0f,1f],start_interpolation:0}
execute if entity @s[tag=aj.shadow_golem.bone.left_hand] run data modify entity @s {} merge value {transformation:[0.8870108331782214f,0.46174861323503447f,1.2246467991473532e-16f,-1.0478361437272634f,0.46174861323503447f,-0.8870108331782214f,0f,2.0522929436190407f,1.0862749776607356e-16f,5.654789612090141e-17f,-1f,1.25f,0f,0f,0f,1f],start_interpolation:0}
execute if entity @s[tag=aj.shadow_golem.bone.right_hand] run data modify entity @s {} merge value {transformation:[0.8870108331782214f,0.46174861323503447f,1.2246467991473532e-16f,-1.0478361437272632f,0.46174861323503447f,-0.8870108331782214f,0f,2.0522929436190407f,1.0862749776607356e-16f,5.654789612090141e-17f,-1f,-1.25f,0f,0f,0f,1f],start_interpolation:0}
execute if entity @s[tag=aj.shadow_golem.bone.right_shoulder] run data modify entity @s {} merge value {transformation:[0.7933533402912348f,0.6087614290087209f,1.2246467991473532e-16f,-0.6874999999999999f,0.6087614290087209f,-0.7933533402912348f,0f,1.4375f,9.715776287805217e-17f,7.455177354798987e-17f,-1f,-1.125f,0f,0f,0f,1f],start_interpolation:0}
execute if entity @s[tag=aj.shadow_golem.bone.head] run data modify entity @s {} merge value {transformation:[-0.8660254037844387f,-0.49999999999999994f,1.2246467991473532e-16f,-1.25f,-0.49999999999999994f,0.8660254037844387f,0f,1.3541666666666667f,-1.0605752387249069e-16f,-6.123233995736765e-17f,-1f,-1.5308084989341916e-16f,0f,0f,0f,1f],start_interpolation:0}