execute if entity @s[tag=aj.shadow_golem.bone.black_hole] run data modify entity @s {} merge value {transformation:[-0.9836199069471436f,-0.18025503781390564f,1.2246467991473532e-16f,0.19388857378231145f,-0.18025503781390564f,0.9836199069471436f,0f,1.5042703615562223f,-1.2045869706204368e-16f,-2.2074875508898467e-17f,-1f,2.3744502127375316e-17f,0f,0f,0f,1f],start_interpolation:0}
execute if entity @s[tag=aj.shadow_golem.bone.body] run data modify entity @s {} merge value {transformation:[-1.0655882325260722f,-0.19527629096506444f,1.3267006990762992e-16f,-0.14423076923076916f,-0.19527629096506444f,1.0655882325260722f,0f,1.4423076923076923f,-1.3049692181721398e-16f,-2.3914448467973336e-17f,-1.0833333333333333f,-1.7663174987702202e-17f,0f,0f,0f,1f],start_interpolation:0}
execute if entity @s[tag=aj.shadow_golem.bone.left_shoulder] run data modify entity @s {} merge value {transformation:[-0.9967573081342099f,0.08046656871672583f,1.2246467991473532e-16f,-0.27884615384615385f,0.08046656871672583f,0.9967573081342099f,0f,1.6009615384615385f,-1.2206756469332921e-16f,9.854312581730884e-18f,-1f,1.125f,0f,0f,0f,1f],start_interpolation:0}
execute if entity @s[tag=aj.shadow_golem.bone.left_hand] run data modify entity @s {} merge value {transformation:[-0.9684829181681234f,0.24907998156527147f,1.2246467991473532e-16f,-0.325504004774498f,0.24907998156527147f,0.9684829181681234f,0f,0.9149118272967047f,-1.1860495057634803e-16f,3.0503500215559146e-17f,-1f,1.25f,0f,0f,0f,1f],start_interpolation:0}
execute if entity @s[tag=aj.shadow_golem.bone.right_hand] run data modify entity @s {} merge value {transformation:[-0.970941817426052f,0.23931566428755763f,1.2246467991473532e-16f,-0.35883645681717397f,0.23931566428755763f,0.970941817426052f,0f,0.8836774093712557f,-1.1890607888691286e-16f,2.9307716225558e-17f,-1f,-1.25f,0f,0f,0f,1f],start_interpolation:0}
execute if entity @s[tag=aj.shadow_golem.bone.right_shoulder] run data modify entity @s {} merge value {transformation:[-0.995896557617091f,0.09049887582963777f,1.2246467991473532e-16f,-0.27884615384615363f,0.09049887582963777f,0.995896557617091f,0f,1.6009615384615385f,-1.2196215315676383e-16f,1.1082915861119966e-17f,-1f,-1.125f,0f,0f,0f,1f],start_interpolation:0}
execute if entity @s[tag=aj.shadow_golem.bone.head] run data modify entity @s {} merge value {transformation:[-0.9836199069471436f,-0.18025503781390564f,1.2246467991473532e-16f,-0.9230769230769229f,-0.18025503781390564f,0.9836199069471436f,0f,1.7355769230769234f,-1.2045869706204368e-16f,-2.2074875508898467e-17f,-1f,-1.130443199212941e-16f,0f,0f,0f,1f],start_interpolation:0}