execute if entity @s[tag=aj.shadow_golem.bone.black_hole] run data modify entity @s {} merge value {transformation:[-0.7871834806090502f,-0.616718872628543f,1.2246467991473532e-16f,-0.2582518323867927f,-0.616718872628543f,0.7871834806090502f,0f,1.5004586509276001f,-9.64021729869546e-17f,-7.552627933383094e-17f,-1f,-3.162672799064245e-17f,0f,0f,0f,1f],start_interpolation:0}
execute if entity @s[tag=aj.shadow_golem.bone.body] run data modify entity @s {} merge value {transformation:[-0.8527821039931377f,-0.6681121120142548f,1.3267006990762992e-16f,-0.5288461538461537f,-0.6681121120142548f,0.8527821039931377f,0f,1.2884615384615385f,-1.0443568740253414e-16f,-8.182013594498351e-17f,-1.0833333333333333f,-6.476497495490809e-17f,0f,0f,0f,1f],start_interpolation:0}
execute if entity @s[tag=aj.shadow_golem.bone.left_shoulder] run data modify entity @s {} merge value {transformation:[-0.9566964208274251f,0.29108754417871296f,1.2246467991473532e-16f,-0.8557692307692307f,0.29108754417871296f,0.9566964208274251f,0f,1.3701923076923077f,-1.1716152095220352e-16f,3.564794292501245e-17f,-1f,1.125f,0f,0f,0f,1f],start_interpolation:0}
execute if entity @s[tag=aj.shadow_golem.bone.left_hand] run data modify entity @s {} merge value {transformation:[-0.603422127006947f,0.7974219313753615f,1.2246467991473532e-16f,-1.0751052202992297f,0.7974219313753615f,0.603422127006947f,0f,0.764658861248608f,-7.389789763737452e-17f,9.765602158287368e-17f,-1f,1.25f,0f,0f,0f,1f],start_interpolation:0}
execute if entity @s[tag=aj.shadow_golem.bone.right_hand] run data modify entity @s {} merge value {transformation:[-0.6324453755953773f,0.7746049618276545f,1.2246467991473532e-16f,-1.1046287645610366f,0.7746049618276545f,0.6324453755953773f,0f,0.7666284364722782f,-7.745222048584245e-17f,9.486174871058948e-17f,-1f,-1.25f,0f,0f,0f,1f],start_interpolation:0}
execute if entity @s[tag=aj.shadow_golem.bone.right_shoulder] run data modify entity @s {} merge value {transformation:[-0.9452998150346402f,0.3262027892208694f,1.2246467991473532e-16f,-0.8557692307692305f,0.3262027892208694f,0.9452998150346402f,0f,1.3701923076923077f,-1.1576583927167573e-16f,3.994832016922763e-17f,-1f,-1.125f,0f,0f,0f,1f],start_interpolation:0}
execute if entity @s[tag=aj.shadow_golem.bone.head] run data modify entity @s {} merge value {transformation:[-0.7871834806090502f,-0.616718872628543f,1.2246467991473532e-16f,-1.3846153846153846f,-0.616718872628543f,0.7871834806090502f,0f,1.1971153846153848f,-9.64021729869546e-17f,-7.552627933383094e-17f,-1f,-1.695664798819412e-16f,0f,0f,0f,1f],start_interpolation:0}