execute if entity @s[tag=aj.shadow_golem.bone.black_hole] run data modify entity @s {} merge value {transformation:[-0.8229838658936564f,-0.5680647467311558f,1.2246467991473532e-16f,-0.1978685268682865f,-0.5680647467311558f,0.8229838658936564f,0f,1.5029645643811425f,-1.0078645571165809e-16f,-6.956786737927618e-17f,-1f,-2.4231905808124904e-17f,0f,0f,0f,1f],start_interpolation:0}
execute if entity @s[tag=aj.shadow_golem.bone.body] run data modify entity @s {} merge value {transformation:[-0.8915658547181277f,-0.6154034756254187f,1.3267006990762992e-16f,-0.48076923076923084f,-0.6154034756254187f,0.8915658547181277f,0f,1.3076923076923077f,-1.0918532702096292e-16f,-7.536518966088252e-17f,-1.0833333333333333f,-5.887724995900737e-17f,0f,0f,0f,1f],start_interpolation:0}
execute if entity @s[tag=aj.shadow_golem.bone.left_shoulder] run data modify entity @s {} merge value {transformation:[-0.9641666745335623f,0.2652972365459007f,1.2246467991473532e-16f,-0.7836538461538464f,0.2652972365459007f,0.9641666745335623f,0f,1.3990384615384615f,-1.1807636318120748e-16f,3.2489541155857544e-17f,-1f,1.125f,0f,0f,0f,1f],start_interpolation:0}
execute if entity @s[tag=aj.shadow_golem.bone.left_hand] run data modify entity @s {} merge value {transformation:[-0.6681322863821775f,0.7440425040908106f,1.2246467991473532e-16f,-0.9789536164184154f,0.7440425040908106f,0.6681322863821775f,0f,0.7911775941895811f,-8.182260659249364e-17f,9.111892710643925e-17f,-1f,1.25f,0f,0f,0f,1f],start_interpolation:0}
execute if entity @s[tag=aj.shadow_golem.bone.right_hand] run data modify entity @s {} merge value {transformation:[-0.6927243535095995f,0.7212024473438146f,1.2246467991473532e-16f,-1.0148851629925026f,0.7212024473438146f,0.6927243535095995f,0f,0.779932304936343f,-8.483426622169504e-17f,8.8321826867684e-17f,-1f,-1.25f,0f,0f,0f,1f],start_interpolation:0}
execute if entity @s[tag=aj.shadow_golem.bone.right_shoulder] run data modify entity @s {} merge value {transformation:[-0.9547208665085456f,0.2975030538552029f,1.2246467991473532e-16f,-0.7836538461538461f,0.2975030538552029f,0.9547208665085456f,0f,1.3990384615384615f,-1.169195853248878e-16f,3.64336162640337e-17f,-1f,-1.125f,0f,0f,0f,1f],start_interpolation:0}
execute if entity @s[tag=aj.shadow_golem.bone.head] run data modify entity @s {} merge value {transformation:[-0.8229838658936564f,-0.5680647467311558f,1.2246467991473532e-16f,-1.326923076923077f,-0.5680647467311558f,0.8229838658936564f,0f,1.2644230769230769f,-1.0078645571165809e-16f,-6.956786737927618e-17f,-1f,-1.6250120988686034e-16f,0f,0f,0f,1f],start_interpolation:0}