execute if entity @s[tag=aj.shadow_golem.bone.black_hole] run data modify entity @s {} merge value {transformation:[-0.8557812723014475f,-0.5173378141776567f,1.2246467991473532e-16f,-0.13851749533868513f,-0.5173378141776567f,0.8557812723014475f,0f,1.5047579505466464f,-1.0480297958942172e-16f,-6.335560982105554e-17f,-1f,-1.6963500729242916e-17f,0f,0f,0f,1f],start_interpolation:0}
execute if entity @s[tag=aj.shadow_golem.bone.body] run data modify entity @s {} merge value {transformation:[-0.9270963783265681f,-0.5604492986924614f,1.3267006990762992e-16f,-0.4326923076923077f,-0.5604492986924614f,0.9270963783265681f,0f,1.3269230769230769f,-1.1353656122187353e-16f,-6.863524397281016e-17f,-1.0833333333333333f,-5.298952496310663e-17f,0f,0f,0f,1f],start_interpolation:0}
execute if entity @s[tag=aj.shadow_golem.bone.left_shoulder] run data modify entity @s {} merge value {transformation:[-0.970941817426052f,0.23931566428755768f,1.2246467991473532e-16f,-0.7115384615384617f,0.23931566428755768f,0.970941817426052f,0f,1.4278846153846154f,-1.1890607888691283e-16f,2.9307716225558e-17f,-1f,1.125f,0f,0f,0f,1f],start_interpolation:0}
execute if entity @s[tag=aj.shadow_golem.bone.left_hand] run data modify entity @s {} merge value {transformation:[-0.7281409538757884f,0.6854274223350397f,1.2246467991473532e-16f,-0.8832551125513837f,0.6854274223350397f,0.7281409538757884f,0f,0.8154123266345039f,-8.917154884920847e-17f,8.394064988104274e-17f,-1f,1.25f,0f,0f,0f,1f],start_interpolation:0}
execute if entity @s[tag=aj.shadow_golem.bone.right_hand] run data modify entity @s {} merge value {transformation:[-0.7485107481711011f,0.6631226582407952f,1.2246467991473532e-16f,-0.9241747945434582f,0.6631226582407952f,0.7485107481711011f,0f,0.7934904884970918f,-9.166612918751295e-17f,8.12091040856674e-17f,-1f,-1.25f,0f,0f,0f,1f],start_interpolation:0}
execute if entity @s[tag=aj.shadow_golem.bone.right_shoulder] run data modify entity @s {} merge value {transformation:[-0.9632708010475164f,0.26853186747437674f,1.2246467991473532e-16f,-0.7115384615384615f,0.26853186747437674f,0.9632708010475164f,0f,1.4278846153846154f,-1.1796665032149477e-16f,3.288566919715567e-17f,-1f,-1.125f,0f,0f,0f,1f],start_interpolation:0}
execute if entity @s[tag=aj.shadow_golem.bone.head] run data modify entity @s {} merge value {transformation:[-0.8557812723014475f,-0.5173378141776567f,1.2246467991473532e-16f,-1.2692307692307692f,-0.5173378141776567f,0.8557812723014475f,0f,1.3317307692307692f,-1.0480297958942172e-16f,-6.335560982105554e-17f,-1f,-1.5543593989177944e-16f,0f,0f,0f,1f],start_interpolation:0}