execute if entity @s[tag=aj.shadow_golem.bone.black_hole] run data modify entity @s {} merge value {transformation:[-0.9547208665085456f,-0.297503053855203f,1.2246467991473532e-16f,0.08780068247769712f,-0.297503053855203f,0.9547208665085456f,0f,1.5061128286088799f,-1.169195853248878e-16f,-3.64336162640337e-17f,-1f,1.0752482475926491e-17f,0f,0f,0f,1f],start_interpolation:0}
execute if entity @s[tag=aj.shadow_golem.bone.body] run data modify entity @s {} merge value {transformation:[-1.034280938717591f,-0.3222949750098032f,1.3267006990762992e-16f,-0.24038461538461542f,-0.3222949750098032f,1.034280938717591f,0f,1.4038461538461537f,-1.2666288410196175e-16f,-3.9469750952703167e-17f,-1.0833333333333333f,-2.9438624979503685e-17f,0f,0f,0f,1f],start_interpolation:0}
execute if entity @s[tag=aj.shadow_golem.bone.left_shoulder] run data modify entity @s {} merge value {transformation:[-0.9910011792459085f,0.13385313867526158f,1.2246467991473532e-16f,-0.42307692307692324f,0.13385313867526158f,0.9910011792459085f,0f,1.5432692307692308f,-1.2136264221147544e-16f,1.6392281783448595e-17f,-1f,1.125f,0f,0f,0f,1f],start_interpolation:0}
execute if entity @s[tag=aj.shadow_golem.bone.left_hand] run data modify entity @s {} merge value {transformation:[-0.9132722174637137f,0.4073497966231371f,1.2246467991473532e-16f,-0.507483948774417f,0.4073497966231371f,0.9132722174637137f,0f,0.890187741348842f,-1.1184358978671425e-16f,4.9885962456785024e-17f,-1f,1.25f,0f,0f,0f,1f],start_interpolation:0}
execute if entity @s[tag=aj.shadow_golem.bone.right_hand] run data modify entity @s {} merge value {transformation:[-0.9199794436588242f,0.39196660986007514f,1.2246467991473532e-16f,-0.5513502313790789f,0.39196660986007514f,0.9199794436588242f,0f,0.8514937217875062f,-1.126649880958142e-16f,4.8002065413778044e-17f,-1f,-1.25f,0f,0f,0f,1f],start_interpolation:0}
execute if entity @s[tag=aj.shadow_golem.bone.right_shoulder] run data modify entity @s {} merge value {transformation:[-0.9886154122075342f,0.15046450327478308f,1.2246467991473532e-16f,-0.423076923076923f,0.15046450327478308f,0.9886154122075342f,0f,1.5432692307692308f,-1.210704700147698e-16f,1.8426587232075953e-17f,-1f,-1.125f,0f,0f,0f,1f],start_interpolation:0}
execute if entity @s[tag=aj.shadow_golem.bone.head] run data modify entity @s {} merge value {transformation:[-0.9547208665085456f,-0.297503053855203f,1.2246467991473532e-16f,-1.0384615384615385f,-0.297503053855203f,0.9547208665085456f,0f,1.6009615384615383f,-1.169195853248878e-16f,-3.64336162640337e-17f,-1f,-1.2717485991145593e-16f,0f,0f,0f,1f],start_interpolation:0}