execute if entity @s[tag=aj.shadow_golem.bone.black_hole] run data modify entity @s {} merge value {transformation:[-0.9659258262890683f,-0.25881904510252074f,1.2246467991473532e-16f,0.1237036694535339f,-0.25881904510252074f,0.9659258262890683f,0f,1.5056357134206582f,-1.1829179713786698e-16f,-3.169619151431765e-17f,-1f,1.514933028390525e-17f,0f,0f,0f,1f],start_interpolation:0}
execute if entity @s[tag=aj.shadow_golem.bone.body] run data modify entity @s {} merge value {transformation:[-1.0464196451464907f,-0.2803872988610641f,1.3267006990762992e-16f,-0.20833333333333331f,-0.2803872988610641f,1.0464196451464907f,0f,1.4166666666666667f,-1.2814944689935588e-16f,-3.4337540807177454e-17f,-1.0833333333333333f,-2.5513474982236523e-17f,0f,0f,0f,1f],start_interpolation:0}
execute if entity @s[tag=aj.shadow_golem.bone.left_shoulder] run data modify entity @s {} merge value {transformation:[0.06540312923014285f,0.9978589232386036f,1.2246467991473532e-16f,-0.3750000000000001f,0.9978589232386036f,-0.06540312923014285f,0f,1.5625f,8.009573286591522e-18f,1.2220247363447802e-16f,-1f,1.125f,0f,0f,0f,1f],start_interpolation:0}
execute if entity @s[tag=aj.shadow_golem.bone.left_hand] run data modify entity @s {} merge value {transformation:[0.2376858923261727f,0.9713420698132615f,1.2246467991473532e-16f,-1.0748119367658415f,0.9713420698132615f,-0.2376858923261727f,0f,1.6969460976006445f,2.9108126723972985e-17f,1.1895509566739756e-16f,-1f,1.25f,0f,0f,0f,1f],start_interpolation:0}
execute if entity @s[tag=aj.shadow_golem.bone.right_hand] run data modify entity @s {} merge value {transformation:[0.2376858923261727f,0.9713420698132615f,1.2246467991473532e-16f,-1.0748119367658413f,0.9713420698132615f,-0.2376858923261727f,0f,1.6969460976006445f,2.9108126723972985e-17f,1.1895509566739756e-16f,-1f,-1.25f,0f,0f,0f,1f],start_interpolation:0}
execute if entity @s[tag=aj.shadow_golem.bone.right_shoulder] run data modify entity @s {} merge value {transformation:[0.06540312923014285f,0.9978589232386036f,1.2246467991473532e-16f,-0.3749999999999999f,0.9978589232386036f,-0.06540312923014285f,0f,1.5625f,8.009573286591522e-18f,1.2220247363447802e-16f,-1f,-1.125f,0f,0f,0f,1f],start_interpolation:0}
execute if entity @s[tag=aj.shadow_golem.bone.head] run data modify entity @s {} merge value {transformation:[-0.9659258262890683f,-0.25881904510252074f,1.2246467991473532e-16f,-1f,-0.25881904510252074f,0.9659258262890683f,0f,1.6458333333333335f,-1.1829179713786698e-16f,-3.169619151431765e-17f,-1f,-1.2246467991473532e-16f,0f,0f,0f,1f],start_interpolation:0}