execute if entity @s[tag=aj.shadow_golem.bone.left_shoulder] run data modify entity @s {} merge value {transformation:[-0.9396926207859082f,0.3420201433256687f,1.2246467991473532e-16f,-1.0000000000000002f,0.3420201433256687f,0.9396926207859082f,0f,1.3125f,-1.1507915602278503e-16f,4.188538737676993e-17f,-1f,1.1249999999999998f,0f,0f,0f,1f],start_interpolation:0}
execute if entity @s[tag=aj.shadow_golem.bone.left_hand] run data modify entity @s {} merge value {transformation:[-0.46174861323503386f,0.8870108331782218f,1.2246467991473532e-16f,-1.2682584040067693f,0.8870108331782218f,0.46174861323503386f,0f,0.7046812123011159f,-5.654789612090133e-17f,1.0862749776607362e-16f,-1f,1.2499999999999998f,0f,0f,0f,1f],start_interpolation:0}
execute if entity @s[tag=aj.shadow_golem.bone.right_hand] run data modify entity @s {} merge value {transformation:[-0.5f,0.8660254037844386f,1.2246467991473532e-16f,-1.281306725594046f,0.8660254037844386f,0.5f,0f,0.740558983691888f,-6.123233995736766e-17f,1.0605752387249069e-16f,-1f,-1.2500000000000002f,0f,0f,0f,1f],start_interpolation:0}
execute if entity @s[tag=aj.shadow_golem.bone.right_shoulder] run data modify entity @s {} merge value {transformation:[-0.9238795325112867f,0.38268343236508984f,1.2246467991473532e-16f,-0.9999999999999999f,0.38268343236508984f,0.9238795325112867f,0f,1.3125f,-1.1314261122877003e-16f,4.686520405326298e-17f,-1f,-1.1250000000000002f,0f,0f,0f,1f],start_interpolation:0}