execute if entity @s[tag=aj.shadow_golem.bone.black_hole] run data modify entity @s {} merge value {transformation:[-0.7071067811865475f,-0.7071067811865476f,1.2246467991473532e-16f,-0.3819320439671243f,-0.7071067811865476f,0.7071067811865475f,0f,1.4930679560328757f,-8.659560562354932e-17f,-8.659560562354934e-17f,-1f,-4.6773185513614504e-17f,0f,0f,0f,1f],start_interpolation:0}
execute if entity @s[tag=aj.shadow_golem.bone.body] run data modify entity @s {} merge value {transformation:[-0.7660323462854264f,-0.7660323462854265f,1.3267006990762992e-16f,-0.625f,-0.7660323462854265f,0.7660323462854264f,0f,1.25f,-9.381190609217842e-17f,-9.381190609217845e-17f,-1.0833333333333333f,-7.654042494670958e-17f,0f,0f,0f,1f],start_interpolation:0}
execute if entity @s[tag=aj.shadow_golem.bone.left_shoulder] run data modify entity @s {} merge value {transformation:[-0.08715574274765808f,0.9961946980917455f,1.2246467991473532e-16f,-1.0000000000000002f,0.9961946980917455f,0.08715574274765808f,0f,1.3125f,-1.067350013832297e-17f,1.2199866483456202e-16f,-1f,1.1249999999999998f,0f,0f,0f,1f],start_interpolation:0}
execute if entity @s[tag=aj.shadow_golem.bone.left_hand] run data modify entity @s {} merge value {transformation:[0.34202014332566855f,0.9396926207859085f,1.2246467991473532e-16f,-1.6642418007973503f,0.9396926207859085f,-0.34202014332566855f,0f,1.2987493609787166f,4.18853873767699e-17f,1.1507915602278505e-16f,-1f,1.2499999999999998f,0f,0f,0f,1f],start_interpolation:0}
execute if entity @s[tag=aj.shadow_golem.bone.right_hand] run data modify entity @s {} merge value {transformation:[0.34202014332566827f,0.9396926207859084f,1.2246467991473532e-16f,-1.6359688123861378f,0.9396926207859084f,-0.34202014332566827f,0f,1.2701482624658056f,4.188538737676986e-17f,1.1507915602278505e-16f,-1f,-1.2500000000000002f,0f,0f,0f,1f],start_interpolation:0}
execute if entity @s[tag=aj.shadow_golem.bone.right_shoulder] run data modify entity @s {} merge value {transformation:[-0.130526192220052f,0.9914448613738103f,1.2246467991473532e-16f,-0.9999999999999999f,0.9914448613738103f,0.130526192220052f,0f,1.3125f,-1.5984848350717882e-17f,1.2141697760125282e-16f,-1f,-1.1250000000000002f,0f,0f,0f,1f],start_interpolation:0}
execute if entity @s[tag=aj.shadow_golem.bone.head] run data modify entity @s {} merge value {transformation:[-0.7071067811865475f,-0.7071067811865476f,1.2246467991473532e-16f,-1.5f,-0.7071067811865476f,0.7071067811865475f,0f,1.0625f,-8.659560562354932e-17f,-8.659560562354934e-17f,-1f,-1.8369701987210297e-16f,0f,0f,0f,1f],start_interpolation:0}