execute if entity @s[tag=aj.shadow_golem.bone.black_hole] run data modify entity @s {} merge value {transformation:[-0.9986295347545738f,-0.05233595624294383f,1.2246467991473532e-16f,0.3016122359052181f,-0.05233595624294383f,0.9986295347545738f,0f,1.5013238182918454f,-1.2229684632711994e-16f,-6.4093061293237094e-18f,-1f,3.693684592850018e-17f,0f,0f,0f,1f],start_interpolation:0}
execute if entity @s[tag=aj.shadow_golem.bone.body] run data modify entity @s {} merge value {transformation:[-1.0818486626507882f,-0.05669728592985581f,1.3267006990762992e-16f,-0.041666666666666664f,-0.05669728592985581f,1.0818486626507882f,0f,1.4833333333333334f,-1.3248825018771325e-16f,-6.943414973434018e-18f,-1.0833333333333333f,-5.102694996447305e-18f,0f,0f,0f,1f],start_interpolation:0}
execute if entity @s[tag=aj.shadow_golem.bone.left_shoulder] run data modify entity @s {} merge value {transformation:[-0.9469301294951057f,0.3214394653031616f,1.2246467991473532e-16f,-0.12500000000000014f,0.3214394653031616f,0.9469301294951057f,0f,1.6625f,-1.15965495210237e-16f,3.9364981230315354e-17f,-1f,1.125f,0f,0f,0f,1f],start_interpolation:0}
execute if entity @s[tag=aj.shadow_golem.bone.left_hand] run data modify entity @s {} merge value {transformation:[-0.9351352096860118f,0.3542910379977159f,1.2246467991473532e-16f,-0.3523028405402383f,0.3542910379977159f,0.9351352096860118f,0f,1.003982028580587f,-1.1452103413119632e-16f,4.33881385650496e-17f,-1f,1.25f,0f,0f,0f,1f],start_interpolation:0}
execute if entity @s[tag=aj.shadow_golem.bone.right_hand] run data modify entity @s {} merge value {transformation:[-0.9351352096860118f,0.3542910379977159f,1.2246467991473532e-16f,-0.35230284054023797f,0.3542910379977159f,0.9351352096860118f,0f,1.003982028580587f,-1.1452103413119632e-16f,4.33881385650496e-17f,-1f,-1.25f,0f,0f,0f,1f],start_interpolation:0}
execute if entity @s[tag=aj.shadow_golem.bone.right_shoulder] run data modify entity @s {} merge value {transformation:[-0.9469301294951057f,0.3214394653031616f,1.2246467991473532e-16f,-0.12499999999999986f,0.3214394653031616f,0.9469301294951057f,0f,1.6625f,-1.15965495210237e-16f,3.9364981230315354e-17f,-1f,-1.125f,0f,0f,0f,1f],start_interpolation:0}
execute if entity @s[tag=aj.shadow_golem.bone.head] run data modify entity @s {} merge value {transformation:[-0.9986295347545738f,-0.05233595624294383f,1.2246467991473532e-16f,-0.8f,-0.05233595624294383f,0.9986295347545738f,0f,1.8791666666666667f,-1.2229684632711994e-16f,-6.4093061293237094e-18f,-1f,-9.797174393178826e-17f,0f,0f,0f,1f],start_interpolation:0}