execute if entity @s[tag=aj.dynastic_sickleplay.bone.right_arm2] run data modify entity @s {} merge value {transformation:[0.9150377443332672f,-0.03415822603666513f,0.40191932279938125f,0.24736997272081557f,0.3593486538744528f,0.5216580795902362f,-0.773783815388281f,1.0974941180369553f,-0.18323337961218739f,0.8524705646485715f,0.4896115450064886f,10.191834959536003f,0f,0f,0f,1f],start_interpolation:0}
execute if entity @s[tag=aj.dynastic_sickleplay.bone.right_arm] run data modify entity @s {} merge value {transformation:[0.9150377443332672f,-0.03415822603666513f,0.40191932279938125f,0.23883041621164927f,0.3593486538744528f,0.5216580795902362f,-0.773783815388281f,1.2279086379345143f,-0.18323337961218739f,0.8524705646485715f,0.4896115450064886f,10.404952600698145f,0f,0f,0f,1f],start_interpolation:0}
execute if entity @s[tag=aj.dynastic_sickleplay.bone.lamina_slash] run data modify entity @s {} merge value {transformation:[0.8918713481000978f,-0.8512411562452088f,0.12853339110989706f,0.6460182595301363f,0.8171350192559131f,0.7788008245228605f,-0.5121781685174877f,0.013561754952356786f,0.27096623225326183f,0.4532379175605336f,1.1214809545157858f,11.917184632508977f,0f,0f,0f,1f],start_interpolation:0}
execute if entity @s[tag=aj.dynastic_sickleplay.locator_origin.sickle0] at @s on origin run tp @s ^0.02268 ^0.57097 ^12.09733 ~179.20134 ~-19.12586
execute if entity @s[tag=aj.dynastic_sickleplay.locator_origin.sickle1] at @s on origin run tp @s ^0.45872 ^0.09675 ^12.09218 ~179.20134 ~-19.12586
execute if entity @s[tag=aj.dynastic_sickleplay.locator_origin.sickle2] at @s on origin run tp @s ^0.89106 ^-0.28531 ^11.82133 ~179.20134 ~-19.12586
execute if entity @s[tag=aj.dynastic_sickleplay.locator_origin.sickle3] at @s on origin run tp @s ^0.14052 ^0.75123 ^11.16584 ~179.20134 ~-19.12586
execute if entity @s[tag=aj.dynastic_sickleplay.locator_origin.sickle4] at @s on origin run tp @s ^0.2592 ^0.91101 ^10.29339 ~179.20134 ~-19.12586
execute if entity @s[tag=aj.dynastic_sickleplay.locator_origin.sickle5] at @s on origin run tp @s ^0.37787 ^1.0708 ^9.42094 ~179.20134 ~-19.12586
execute if entity @s[tag=aj.dynastic_sickleplay.bone.obsidian_lamina] run data modify entity @s {} merge value {transformation:[1.2591124914354324f,-1.2151562036667087f,0.023046357663778702f,0.04804231831257155f,1.1536023801259951f,1.1844575175271121f,-0.5733776571694689f,0.8547211886197223f,0.38254056318107554f,0.42773331628927547f,1.6532413398101564f,10.872233448974848f,0f,0f,0f,1f],start_interpolation:0}
execute if entity @s[tag=aj.dynastic_sickleplay.bone.left_arm2] run data modify entity @s {} merge value {transformation:[-0.15310727751212794f,-0.7372808958658212f,0.6580083906487176f,-0.03454858882614811f,-0.27544905571787925f,0.6713096916476787f,0.6880923743248628f,0.9558504660580497f,-0.949044772008651f,-0.07589583974889474f,-0.30586572582075483f,10.922061767256777f,0f,0f,0f,1f],start_interpolation:0}
execute if entity @s[tag=aj.dynastic_sickleplay.bone.left_arm] run data modify entity @s {} merge value {transformation:[-0.15310727751212794f,-0.7372808958658212f,0.6580083906487176f,-0.2380072224816194f,-0.27544905571787925f,0.6713096916476787f,0.6880923743248628f,1.0892467570052344f,-0.949044772008651f,-0.07589583974889474f,-0.30586572582075483f,10.784457210818472f,0f,0f,0f,1f],start_interpolation:0}
execute if entity @s[tag=aj.dynastic_sickleplay.bone.head] run data modify entity @s {} merge value {transformation:[0.9934733178415328f,0.044811113057535254f,0.10489390298525658f,0.00017022500820481018f,-0.028758004857714153f,0.9882934991288171f,-0.14982969243885683f,1.293694708728019f,-0.11037999770583135f,0.14583526228681307f,0.9831318997877123f,10.643770143027613f,0f,0f,0f,1f],start_interpolation:0}
execute if entity @s[tag=aj.dynastic_sickleplay.bone.body_top] run data modify entity @s {} merge value {transformation:[0.7629402219092298f,-0.0016791085691139078f,0.6464668579188784f,0.0008313740072934115f,0.22185900948684797f,0.9399444261436155f,-0.25938977557155946f,0.9235915909339705f,-0.6072073761925237f,0.34132338969950826f,0.7174939344283183f,10.509374058333432f,0f,0f,0f,1f],start_interpolation:0}
execute if entity @s[tag=aj.dynastic_sickleplay.locator_origin.player_camera] at @s on origin run tp @s ^0.04291 ^-0.03256 ^10.21289 ~137.98094 ~-15.03386
execute if entity @s[tag=aj.dynastic_sickleplay.bone.body] run data modify entity @s {} merge value {transformation:[0.7629402219092298f,-0.0016791085691139078f,0.6464668579188784f,0.0015659840062807462f,0.22185900948684797f,0.9399444261436155f,-0.25938977557155946f,0.5123659044961387f,-0.6072073761925237f,0.34132338969950826f,0.7174939344283183f,10.360045075339897f,0f,0f,0f,1f],start_interpolation:0}
execute if entity @s[tag=aj.dynastic_sickleplay.bone.right_leg2] run data modify entity @s {} merge value {transformation:[0.9959007415363996f,-0.041763104292677475f,0.08023438244971795f,0.14929705856591358f,0.09036428975754075f,0.49860491154256675f,-0.8621063955929363f,0.32683576197247405f,-0.004001017853482021f,0.8658227216384817f,0.500334894396411f,10.116808840180198f,0f,0f,0f,1f],start_interpolation:0}
execute if entity @s[tag=aj.dynastic_sickleplay.bone.right_leg] run data modify entity @s {} merge value {transformation:[0.9959007415363996f,-0.0639571246020666f,0.06396248290900214f,0.1263124669120459f,0.09036428975754075f,0.7347683488089872f,-0.672272094263275f,0.5908931373257038f,-0.004001017853482021f,0.6752962015302248f,0.7375357835759466f,10.359493412605122f,0f,0f,0f,1f],start_interpolation:0}
execute if entity @s[tag=aj.dynastic_sickleplay.bone.left_leg2] run data modify entity @s {} merge value {transformation:[0.9965305984103922f,0.08245211860439747f,-0.01133201524316961f,-0.14401600937981304f,-0.08186614539129006f,0.9956284410612213f,0.04496600481223961f,0.39809710715434377f,0.014990019032583644f,-0.0438822912761922f,0.9989242432946323f,10.66359282919981f,0f,0f,0f,1f],start_interpolation:0}
execute if entity @s[tag=aj.dynastic_sickleplay.bone.left_leg] run data modify entity @s {} merge value {transformation:[0.9965305984103922f,0.056575235811060505f,0.06104104459089763f,-0.12368428401021317f,-0.08186614539129006f,0.5342350183881883f,0.8413625136447097f,0.5900878168875989f,0.014990019032583644f,-0.843440684233749f,0.5370131390466228f,10.360481333303307f,0f,0f,0f,1f],start_interpolation:0}