execute if entity @s[tag=aj.dynastic_sickleplay.bone.right_arm2] run data modify entity @s {} merge value {transformation:[0.2099489788498396f,-0.974921412326026f,-0.073821853594561f,0.4813210195472223f,0.7588088861984476f,0.21009102503836746f,-0.6164988527358337f,13.527876872365463f,0.6165472410985073f,0.0734166260907923f,0.7838874271904508f,12.682317337413359f,0f,0f,0f,1f],start_interpolation:0}
execute if entity @s[tag=aj.dynastic_sickleplay.bone.right_arm] run data modify entity @s {} merge value {transformation:[0.2099489788498396f,-0.974921412326026f,-0.073821853594561f,0.2375906664657158f,0.7588088861984476f,0.21009102503836746f,-0.6164988527358337f,13.580399628625054f,0.6165472410985073f,0.0734166260907923f,0.7838874271904508f,12.700671493936056f,0f,0f,0f,1f],start_interpolation:0}
execute if entity @s[tag=aj.dynastic_sickleplay.bone.lamina_slash] run data modify entity @s {} merge value {transformation:[-0.000007004120270683448f,-0.000018113208716437174f,-0.000008626498086047752f,-0.11038342710222226f,0.00001488502135448865f,-0.000010817864285816252f,0.000010628849964604727f,14.761407497848781f,-0.000013451428865002337f,-0.0000025392877521946008f,0.00001625341746222426f,14.413016527562275f,0f,0f,0f,1f],start_interpolation:0}
execute if entity @s[tag=aj.dynastic_sickleplay.locator_origin.sickle0] at @s on origin run tp @s ^-0.64965 ^14.255 ^14.15565 ~-145.32864 ~25.43293
execute if entity @s[tag=aj.dynastic_sickleplay.locator_origin.sickle1] at @s on origin run tp @s ^-0.23486 ^14.67836 ^14.40814 ~-145.32864 ~25.43293
execute if entity @s[tag=aj.dynastic_sickleplay.locator_origin.sickle2] at @s on origin run tp @s ^0.32442 ^14.98093 ^14.45175 ~-145.32864 ~25.43293
execute if entity @s[tag=aj.dynastic_sickleplay.locator_origin.sickle3] at @s on origin run tp @s ^-0.0195 ^13.95926 ^13.50028 ~-145.32864 ~25.43293
execute if entity @s[tag=aj.dynastic_sickleplay.locator_origin.sickle4] at @s on origin run tp @s ^0.57854 ^13.69037 ^12.89132 ~-145.32864 ~25.43293
execute if entity @s[tag=aj.dynastic_sickleplay.locator_origin.sickle5] at @s on origin run tp @s ^1.17658 ^13.42147 ^12.28237 ~-145.32864 ~25.43293
execute if entity @s[tag=aj.dynastic_sickleplay.locator_origin.lamina_rider] at @s on origin run tp @s ^0.49217 ^14.56189 ^13.50576 ~-145.32864 ~25.43293
execute if entity @s[tag=aj.dynastic_sickleplay.bone.obsidian_lamina] run data modify entity @s {} merge value {transformation:[-0.5768099046445192f,-1.3861864270913298f,-0.8990425591993709f,0.11213257866420517f,1.2258252880167122f,-0.9975131164163425f,0.7515450391267973f,13.745652126480874f,-1.1077647300590159f,-0.38204027526574963f,1.2997701838833455f,13.29409330488162f,0f,0f,0f,1f],start_interpolation:0}
execute if entity @s[tag=aj.dynastic_sickleplay.bone.left_arm2] run data modify entity @s {} merge value {transformation:[0.8802269301102589f,-0.3739837537987454f,-0.29212446560202543f,-0.28497799210477653f,0.03657977614246458f,-0.5602755578198846f,0.8274981687514383f,13.869088993216387f,-0.47314106932926114f,-0.7390720203093988f,-0.4794893922807333f,13.401463412777664f,0f,0f,0f,1f],start_interpolation:0}
execute if entity @s[tag=aj.dynastic_sickleplay.bone.left_arm] run data modify entity @s {} merge value {transformation:[0.8802269301102589f,-0.3739837537987454f,-0.29212446560202543f,-0.2684455642906805f,0.03657977614246458f,-0.5602755578198846f,0.8274981687514383f,13.733592575779223f,-0.47314106932926114f,-0.7390720203093988f,-0.4794893922807333f,13.157552774034157f,0f,0f,0f,1f],start_interpolation:0}
execute if entity @s[tag=aj.dynastic_sickleplay.bone.head] run data modify entity @s {} merge value {transformation:[0.996451471481587f,0.03342319741638883f,-0.07724865601837666f,-0.018657564793951746f,-0.004259642971335215f,0.9366263420853246f,0.35030408326712537f,13.762882448633778f,0.0840614086483038f,-0.3487319675428817f,0.9334450676872925f,12.966978979519837f,0f,0f,0f,1f],start_interpolation:0}
execute if entity @s[tag=aj.dynastic_sickleplay.bone.body_top] run data modify entity @s {} merge value {transformation:[0.7953018986259256f,-0.02871214116861698f,0.6055332385521968f,-0.007352159208808809f,0.22549726869395045f,0.9412119682812379f,-0.25153729857761903f,13.39228023612304f,-0.5627129568914924f,0.3365941825309395f,0.7550221747953912f,12.83444502014828f,0f,0f,0f,1f],start_interpolation:0}
execute if entity @s[tag=aj.dynastic_sickleplay.locator_origin.player_camera] at @s on origin run tp @s ^0.25023 ^12.29792 ^12.75995 ~141.27014 ~-14.5685
execute if entity @s[tag=aj.dynastic_sickleplay.bone.body] run data modify entity @s {} merge value {transformation:[0.7953018986259256f,-0.02871214116861698f,0.6055332385521968f,0.00520940255246112f,0.22549726869395045f,0.9412119682812379f,-0.25153729857761903f,12.9805f,-0.5627129568914924f,0.3365941825309395f,0.7550221747953912f,12.687185065290993f,0f,0f,0f,1f],start_interpolation:0}
execute if entity @s[tag=aj.dynastic_sickleplay.bone.right_leg2] run data modify entity @s {} merge value {transformation:[0.9109492688997204f,-0.11926976105666975f,0.3949001818036427f,0.1925337845048867f,0.28205712573188657f,0.8786399398682125f,-0.38527345339674074f,12.778343146562069f,-0.3010235992657916f,0.4623489809287665f,0.8340372968394157f,12.62792855745418f,0f,0f,0f,1f],start_interpolation:0}
execute if entity @s[tag=aj.dynastic_sickleplay.bone.right_leg] run data modify entity @s {} merge value {transformation:[0.9109492688997204f,-0.2324983677250839f,0.34075788838446114f,0.10897968360368468f,0.28205712573188657f,0.9538277660881563f,-0.10322969758332148f,13.121125f,-0.3010235992657916f,0.19015020811045408f,0.934466527512152f,12.696263788493875f,0f,0f,0f,1f],start_interpolation:0}
execute if entity @s[tag=aj.dynastic_sickleplay.bone.left_leg2] run data modify entity @s {} merge value {transformation:[0.9976555027642915f,0.009505887394958591f,0.06777267818939559f,-0.12225608408426636f,0.032708552069221686f,0.8036444035744863f,-0.5942102516996346f,12.70450071185884f,-0.06011362928374915f,0.5950338735805236f,0.8014493376789913f,12.740126188644677f,0f,0f,0f,1f],start_interpolation:0}
execute if entity @s[tag=aj.dynastic_sickleplay.bone.left_leg] run data modify entity @s {} merge value {transformation:[0.9976555027642915f,-0.022130973128898394f,0.06475892087193073f,-0.13020940255246422f,0.032708552069221686f,0.9853893235232255f,-0.1671467370545265f,13.058625f,-0.06011362928374915f,0.1688730325268306f,0.9838029530650578f,12.800814934709006f,0f,0f,0f,1f],start_interpolation:0}