execute if entity @s[tag=aj.dynastic_sickleplay.bone.right_arm2] run data modify entity @s {} merge value {transformation:[0.9473314266994081f,-0.18164160437808685f,-0.26376029941334733f,0.2954104010945217f,0.2956431965979214f,0.17939052908876146f,0.9383038624979742f,1.1636910445181217f,-0.12311891931391732f,-0.9668636747919578f,0.22364339041153078f,0.4143547672343867f,0f,0f,0f,1f],start_interpolation:0}
execute if entity @s[tag=aj.dynastic_sickleplay.bone.right_arm] run data modify entity @s {} merge value {transformation:[0.9473314266994081f,-0.18164160437808685f,-0.26376029941334733f,0.25f,0.2956431965979214f,0.17939052908876146f,0.9383038624979742f,1.2085386767903121f,-0.12311891931391732f,-0.9668636747919578f,0.22364339041153078f,0.17263884853639722f,0f,0f,0f,1f],start_interpolation:0}
execute if entity @s[tag=aj.dynastic_sickleplay.bone.lamina_slash] run data modify entity @s {} merge value {transformation:[-0.000008486502382777622f,-0.000002577561569701437f,-0.00001931056585554934f,-1.644676663495759f,0.00001822345393779588f,0.000006397048263122998f,-0.000008862618128764596f,0.1570567766710128f,0.000006888214854673277f,-0.000020099662929354642f,-3.443054489623429e-7f,0.666115817077958f,0f,0f,0f,1f],start_interpolation:0}
execute if entity @s[tag=aj.dynastic_sickleplay.locator_origin.sickle0] at @s on origin run tp @s ^-1.51248 ^0.49828 ^-0.07376 ~-81.34668 ~-21.97507
execute if entity @s[tag=aj.dynastic_sickleplay.locator_origin.sickle1] at @s on origin run tp @s ^-1.6547 ^0.21925 ^0.48923 ~-81.34668 ~-21.97507
execute if entity @s[tag=aj.dynastic_sickleplay.locator_origin.sickle2] at @s on origin run tp @s ^-1.53907 ^0.04546 ^1.09146 ~-81.34668 ~-21.97507
execute if entity @s[tag=aj.dynastic_sickleplay.locator_origin.sickle3] at @s on origin run tp @s ^-0.65268 ^0.78293 ^0.23248 ~-81.34668 ~-21.97507
execute if entity @s[tag=aj.dynastic_sickleplay.locator_origin.sickle4] at @s on origin run tp @s ^0.14982 ^1.04419 ^0.53 ~-81.34668 ~-21.97507
execute if entity @s[tag=aj.dynastic_sickleplay.locator_origin.sickle5] at @s on origin run tp @s ^0.95232 ^1.30545 ^0.82752 ~-81.34668 ~-21.97507
execute if entity @s[tag=aj.dynastic_sickleplay.bone.obsidian_lamina] run data modify entity @s {} merge value {transformation:[-0.6988884315228628f,-0.002880338787175654f,-1.6043835775561854f,-0.3413279078617602f,1.5007550301714252f,0.617574952719661f,-0.6548553406581278f,0.8683239252926437f,0.5672647527377992f,-1.637404312142172f,-0.24416760407462762f,0.19734460883017374f,0f,0f,0f,1f],start_interpolation:0}
execute if entity @s[tag=aj.dynastic_sickleplay.bone.left_arm2] run data modify entity @s {} merge value {transformation:[0.6280653977978372f,0.4668789724833702f,0.6225414694154257f,-0.5077279178455723f,-0.289382094395221f,0.8827739296928017f,-0.3700921405517334f,1.0240179561665144f,-0.7223516176575507f,0.05228971321016326f,0.6895461742043957f,0.24986037244105025f,0f,0f,0f,1f],start_interpolation:0}
execute if entity @s[tag=aj.dynastic_sickleplay.bone.left_arm] run data modify entity @s {} merge value {transformation:[0.6280653977978372f,0.4668789724833702f,0.6225414694154257f,-0.3125f,-0.289382094395221f,0.8827739296928017f,-0.3700921405517334f,1.2085386767903121f,-0.7223516176575507f,0.05228971321016326f,0.6895461742043957f,0.17263884853639722f,0f,0f,0f,1f],start_interpolation:0}
execute if entity @s[tag=aj.dynastic_sickleplay.bone.head] run data modify entity @s {} merge value {transformation:[1f,0f,0f,0f,0f,0.9961946980917455f,-0.08715574274765814f,1.3436194910282864f,0f,0.08715574274765814f,0.9961946980917455f,0.2218042441394621f,0f,0f,0f,1f],start_interpolation:0}
execute if entity @s[tag=aj.dynastic_sickleplay.bone.body_top] run data modify entity @s {} merge value {transformation:[1f,0f,0f,0f,0f,0.9396926207859084f,-0.34202014332566866f,0.9736155215938349f,0f,0.34202014332566866f,0.9396926207859084f,0.08713381270498004f,0f,0f,0f,1f],start_interpolation:0}
execute if entity @s[tag=aj.dynastic_sickleplay.locator_origin.player_camera] at @s on origin run tp @s ^0 ^0.01255 ^-0.19616 ~-180 ~-20
execute if entity @s[tag=aj.dynastic_sickleplay.bone.body] run data modify entity @s {} merge value {transformation:[1f,0f,0f,0f,0f,0.9396926207859084f,-0.34202014332566866f,0.5625f,0f,0.34202014332566866f,0.9396926207859084f,-0.06250000000000001f,0f,0f,0f,1f],start_interpolation:0}
execute if entity @s[tag=aj.dynastic_sickleplay.bone.right_leg2] run data modify entity @s {} merge value {transformation:[0.9961946980917455f,-0.08312190921349344f,0.026208237304323298f,0.14513313321372046f,0.08715574274765817f,0.9500877698156099f,-0.2995615231515962f,0.4105022343487137f,-6.938893903907228e-18f,0.30070579950427295f,0.9537169507482268f,0.21279722174588278f,0f,0f,0f,1f],start_interpolation:0}
execute if entity @s[tag=aj.dynastic_sickleplay.bone.right_leg] run data modify entity @s {} merge value {transformation:[0.9961946980917455f,-0.056022631551222134f,-0.0667651724177507f,0.125f,0.08715574274765817f,0.6403416087687968f,0.7631294127377697f,0.640625f,-6.938893903907228e-18f,-0.7660444431189781f,0.6427876096865393f,-0.06250000000000001f,0f,0f,0f,1f],start_interpolation:0}
execute if entity @s[tag=aj.dynastic_sickleplay.bone.left_leg2] run data modify entity @s {} merge value {transformation:[0.9961946974682871f,0.04024403366727483f,-0.07730810106486313f,-0.14296532603317308f,-0.08508980760008472f,0.6410721605104257f,-0.7627491131827526f,0.37643174932141904f,0.018863970383999437f,0.7664247534968337f,0.6420570440768245f,-0.3054600049008196f,0f,0f,0f,1f],start_interpolation:0}
execute if entity @s[tag=aj.dynastic_sickleplay.bone.left_leg] run data modify entity @s {} merge value {transformation:[0.9961946974682871f,0.04999047244013375f,-0.07139381906916081f,-0.125f,-0.08508980760008472f,0.735146436670834f,-0.6725469807327634f,0.640625f,0.018863970383999437f,0.6760626223327154f,0.7366026617559591f,-0.06250000000000001f,0f,0f,0f,1f],start_interpolation:0}