execute if entity @s[tag=aj.dynastic_sickleplay.bone.right_arm2] run data modify entity @s {} merge value {transformation:[0.21533580338001848f,-0.9759928742027335f,-0.03268640830940445f,0.4837938115516453f,0.7519937693525355f,0.18708241203885762f,-0.6320645077527203f,13.629861381575836f,0.6230055077105238f,0.11152614317374276f,0.7742261018275878f,12.67557252203846f,0f,0f,0f,1f],start_interpolation:0}
execute if entity @s[tag=aj.dynastic_sickleplay.bone.right_arm] run data modify entity @s {} merge value {transformation:[0.21533580338001848f,-0.9759928742027335f,-0.03268640830940445f,0.23979559300096193f,0.7519937693525355f,0.18708241203885762f,-0.6320645077527203f,13.67663198458555f,0.6230055077105238f,0.11152614317374276f,0.7742261018275878f,12.703454057831895f,0f,0f,0f,1f],start_interpolation:0}
execute if entity @s[tag=aj.dynastic_sickleplay.bone.lamina_slash] run data modify entity @s {} merge value {transformation:[-0.000005564615286330008f,-0.00001860114513548877f,-0.000008636837173620027f,-0.5627489888410371f,0.000016338618160024275f,-0.00000942980334971063f,0.000009782170792145845f,14.547797702800006f,-0.000012395447282614185f,-0.0000040790572972524845f,0.000016771305203521394f,14.396077394991913f,0f,0f,0f,1f],start_interpolation:0}
execute if entity @s[tag=aj.dynastic_sickleplay.locator_origin.sickle0] at @s on origin run tp @s ^-0.64201 ^14.29623 ^14.13892 ~-145.67244 ~23.48303
execute if entity @s[tag=aj.dynastic_sickleplay.locator_origin.sickle1] at @s on origin run tp @s ^-0.21357 ^14.67102 ^14.4406 ~-145.67244 ~23.48303
execute if entity @s[tag=aj.dynastic_sickleplay.locator_origin.sickle2] at @s on origin run tp @s ^0.36033 ^14.93374 ^14.52925 ~-145.67244 ~23.48303
execute if entity @s[tag=aj.dynastic_sickleplay.locator_origin.sickle3] at @s on origin run tp @s ^-0.00434 ^14.01642 ^13.48383 ~-145.67244 ~23.48303
execute if entity @s[tag=aj.dynastic_sickleplay.locator_origin.sickle4] at @s on origin run tp @s ^0.601 ^13.76151 ^12.87607 ~-145.67244 ~23.48303
execute if entity @s[tag=aj.dynastic_sickleplay.locator_origin.sickle5] at @s on origin run tp @s ^1.20634 ^13.5066 ^12.26832 ~-145.67244 ~23.48303
execute if entity @s[tag=aj.dynastic_sickleplay.locator_origin.lamina_rider] at @s on origin run tp @s ^0.5413 ^14.58367 ^13.55799 ~-145.67244 ~23.48303
execute if entity @s[tag=aj.dynastic_sickleplay.bone.obsidian_lamina] run data modify entity @s {} merge value {transformation:[-0.45826243534482414f,-1.4259145180948358f,-0.9051316630403572f,0.12272755405462954f,1.3455332602372931f,-0.8750790242337417f,0.6973356056744295f,13.812587430956764f,-1.0208015409211681f,-0.5133268826318133f,1.3255035743522054f,13.265253500554389f,0f,0f,0f,1f],start_interpolation:0}
execute if entity @s[tag=aj.dynastic_sickleplay.bone.left_arm2] run data modify entity @s {} merge value {transformation:[0.8696181427796864f,-0.4418432599837468f,-0.2203152726329798f,-0.26948812550787327f,-0.016711594311403184f,-0.47231688042620795f,0.881270382504726f,13.951071132938571f,-0.4934420010132701f,-0.7626868938636552f,-0.4181192336698104f,13.406713469557088f,0f,0f,0f,1f],start_interpolation:0}
execute if entity @s[tag=aj.dynastic_sickleplay.bone.left_arm] run data modify entity @s {} merge value {transformation:[0.8696181427796864f,-0.4418432599837468f,-0.2203152726329798f,-0.27124667265634916f,-0.016711594311403184f,-0.47231688042620795f,0.881270382504726f,13.830902963543094f,-0.4934420010132701f,-0.7626868938636552f,-0.4181192336698104f,13.154361495964515f,0f,0f,0f,1f],start_interpolation:0}
execute if entity @s[tag=aj.dynastic_sickleplay.bone.head] run data modify entity @s {} merge value {transformation:[0.9960313555198f,0.039105069381952295f,-0.07995206295038787f,-0.019002313417630902f,-0.010370344139821908f,0.9431791648903253f,0.3321227467055067f,13.859586875801925f,0.08839680301804903f,-0.32997553919256084f,0.9398415551308461f,12.966957310019335f,0f,0f,0f,1f],start_interpolation:0}
execute if entity @s[tag=aj.dynastic_sickleplay.bone.body_top] run data modify entity @s {} merge value {transformation:[0.8031041868741988f,-0.02912687635499792f,0.5951262808000777f,-0.00753360585285047f,0.22347488583505604f,0.9406169043342569f,-0.25553632751851146f,13.489218969720312f,-0.5523428649182868f,0.33821807218781197f,0.7619224994836545f,12.833783944095384f,0f,0f,0f,1f],start_interpolation:0}
execute if entity @s[tag=aj.dynastic_sickleplay.locator_origin.player_camera] at @s on origin run tp @s ^0.05879 ^12.53263 ^12.54319 ~142.00714 ~-14.80537
execute if entity @s[tag=aj.dynastic_sickleplay.bone.body] run data modify entity @s {} merge value {transformation:[0.8031041868741988f,-0.02912687635499792f,0.5951262808000777f,0.00520940255246112f,0.22347488583505604f,0.9406169043342569f,-0.25553632751851146f,13.077699074074074f,-0.5523428649182868f,0.33821807218781197f,0.7619224994836545f,12.685813537513216f,0f,0f,0f,1f],start_interpolation:0}
execute if entity @s[tag=aj.dynastic_sickleplay.bone.right_leg2] run data modify entity @s {} merge value {transformation:[0.9734955892743254f,-0.06457044117022061f,0.21940144892529126f,0.13752550995829133f,0.19756485634842622f,0.7206974761598917f,-0.6645022764391316f,12.899500558187567f,-0.11521486535799012f,0.6902360509158048f,0.714352664176942f,12.534003575281792f,0f,0f,0f,1f],start_interpolation:0}
execute if entity @s[tag=aj.dynastic_sickleplay.bone.right_leg] run data modify entity @s {} merge value {transformation:[0.9734955892743254f,-0.1275572123728062f,0.18983017472233682f,0.0916846367618141f,0.19756485634842622f,0.8871610876841934f,-0.41702917408141194f,13.218324074074074f,-0.11521486535799012f,0.4434798327665845f,0.8888482281750145f,12.693379140182284f,0f,0f,0f,1f],start_interpolation:0}
execute if entity @s[tag=aj.dynastic_sickleplay.bone.left_leg2] run data modify entity @s {} merge value {transformation:[0.9995594909114202f,0.016062654784759604f,-0.02495626675143196f,-0.14042357301398659f,-0.02299964091517847f,0.9506865182735137f,-0.30929946733021846f,12.823841693241608f,0.01875741577818857f,0.30973720327763293f,0.9506371675140178f,12.936679554369105f,0f,0f,0f,1f],start_interpolation:0}
execute if entity @s[tag=aj.dynastic_sickleplay.bone.left_leg] run data modify entity @s {} merge value {transformation:[0.9995594909114202f,0.028422039545105762f,-0.00854469408460204f,-0.13020940255246422f,-0.02299964091517847f,0.9237770597077312f,0.3822394020447286f,13.155824074074074f,0.01875741577818857f,-0.38187449721843864f,0.9240238242207227f,12.799443406931228f,0f,0f,0f,1f],start_interpolation:0}