execute if entity @s[tag=aj.dynastic_sickleplay.bone.right_arm2] run data modify entity @s {} merge value {transformation:[-0.6702053911449416f,-0.7416188726955574f,-0.028743370401307686f,0.3477696692018307f,0.6553202524173258f,-0.5731483761638417f,-0.4919921804992885f,13.420527750923615f,0.34839647020592623f,-0.34857192451848806f,0.8701249984832803f,12.914213340482279f,0f,0f,0f,1f],start_interpolation:0}
execute if entity @s[tag=aj.dynastic_sickleplay.bone.right_arm] run data modify entity @s {} merge value {transformation:[-0.6702053911449416f,-0.7416188726955574f,-0.028743370401307686f,0.1623649510279414f,0.6553202524173258f,-0.5731483761638417f,-0.4919921804992885f,13.277240656882654f,0.34839647020592623f,-0.34857192451848806f,0.8701249984832803f,12.827070359352657f,0f,0f,0f,1f],start_interpolation:0}
execute if entity @s[tag=aj.dynastic_sickleplay.bone.lamina_slash] run data modify entity @s {} merge value {transformation:[-0.6504011294530173f,-0.7709785770703955f,-1.8703463327696148f,-1.9115707339597843f,1.7830097206017925f,-1.1466397897076273f,-0.1473720763875141f,12.819548355352982f,-0.9557613232631662f,-1.6144454857187827f,0.9978532289853478f,13.117357250932125f,0f,0f,0f,1f],start_interpolation:0}
execute if entity @s[tag=aj.dynastic_sickleplay.locator_origin.sickle0] at @s on origin run tp @s ^-1.39063 ^13.07899 ^13.37041 ~-111.7154 ~-8.00095
execute if entity @s[tag=aj.dynastic_sickleplay.locator_origin.sickle1] at @s on origin run tp @s ^-1.38137 ^13.38594 ^13.93674 ~-111.7154 ~-8.00095
execute if entity @s[tag=aj.dynastic_sickleplay.locator_origin.sickle2] at @s on origin run tp @s ^-1.11335 ^13.73205 ^14.40002 ~-111.7154 ~-8.00095
execute if entity @s[tag=aj.dynastic_sickleplay.locator_origin.sickle3] at @s on origin run tp @s ^-0.48224 ^13.30809 ^13.17964 ~-111.7154 ~-8.00095
execute if entity @s[tag=aj.dynastic_sickleplay.locator_origin.sickle4] at @s on origin run tp @s ^0.36866 ^13.52849 ^13.01176 ~-111.7154 ~-8.00095
execute if entity @s[tag=aj.dynastic_sickleplay.locator_origin.sickle5] at @s on origin run tp @s ^1.21955 ^13.74889 ^12.84389 ~-111.7154 ~-8.00095
execute if entity @s[tag=aj.dynastic_sickleplay.bone.obsidian_lamina] run data modify entity @s {} merge value {transformation:[-0.5356244595495436f,-0.42844411113130165f,-1.6099820129334266f,-0.1909149976343325f,1.4683609463779468f,-0.9203717034910167f,-0.24358172871770445f,13.266273597363886f,-0.7870975603343722f,-1.4254303108359778f,0.6411909695759341f,13.042339359014116f,0f,0f,0f,1f],start_interpolation:0}
execute if entity @s[tag=aj.dynastic_sickleplay.bone.left_arm2] run data modify entity @s {} merge value {transformation:[0.9553437557204921f,0.21849680405011793f,-0.19894083297741824f,-0.6171670921361069f,0.2637938125239285f,-0.32723470089638207f,0.9073754873277909f,13.188671116356659f,0.13315830007909807f,-0.9193348667102427f,-0.3702597331210959f,12.968655113849465f,0f,0f,0f,1f],start_interpolation:0}
execute if entity @s[tag=aj.dynastic_sickleplay.bone.left_arm] run data modify entity @s {} merge value {transformation:[0.9553437557204921f,0.21849680405011793f,-0.19894083297741824f,-0.44312492165851586f,0.2637938125239285f,-0.32723470089638207f,0.9073754873277909f,13.139836667698054f,0.13315830007909807f,-0.9193348667102427f,-0.3702597331210959f,12.755466184681792f,0f,0f,0f,1f],start_interpolation:0}
execute if entity @s[tag=aj.dynastic_sickleplay.bone.head] run data modify entity @s {} merge value {transformation:[0.7035011254215324f,0.19768074999624854f,-0.6826481433444012f,-0.17514518220767716f,0.1053258403129923f,0.9209301157197437f,0.3752255179525796f,13.343619473496519f,0.7028460954526242f,-0.33587206350237f,0.6270544817363644f,12.82603345616628f,0f,0f,0f,1f],start_interpolation:0}
execute if entity @s[tag=aj.dynastic_sickleplay.bone.body_top] run data modify entity @s {} merge value {transformation:[0.9687837962983316f,-0.24184484794706054f,-0.05448876536732983f,-0.07991877332852208f,0.219846382695361f,0.9396925996950609f,-0.2620026452044004f,12.973615512366589f,0.11456667947338628f,0.24184475929778024f,0.9635276790807004f,12.73080708219278f,0f,0f,0f,1f],start_interpolation:0}
execute if entity @s[tag=aj.dynastic_sickleplay.locator_origin.player_camera] at @s on origin run tp @s ^0.15852 ^12.01755 ^12.54918 ~-176.7633 ~-15.18893
execute if entity @s[tag=aj.dynastic_sickleplay.bone.body] run data modify entity @s {} merge value {transformation:[0.9687837962983316f,-0.24184484794706054f,-0.05448876536732983f,0.025888347648316906f,0.219846382695361f,0.9396925996950609f,-0.2620026452044004f,12.5625f,0.11456667947338628f,0.24184475929778024f,0.9635276790807004f,12.625f,0f,0f,0f,1f],start_interpolation:0}
execute if entity @s[tag=aj.dynastic_sickleplay.bone.right_leg2] run data modify entity @s {} merge value {transformation:[0.690641806115174f,-0.6601362216242277f,-0.29535413412657546f,0.29388394896737285f,0.07601834699010387f,0.4724043170377245f,-0.8780975869258572f,12.404652896477849f,0.7191905912669205f,0.5839985703268544f,0.37644463509170606f,12.539177022503452f,0f,0f,0f,1f],start_interpolation:0}
execute if entity @s[tag=aj.dynastic_sickleplay.bone.right_leg] run data modify entity @s {} merge value {transformation:[0.690641806115174f,-0.54076840332649f,-0.48019103449532374f,0.09954530402191548f,0.07601834699010387f,0.7145890416848301f,-0.6954018352182056f,12.661458333333334f,0.7191905912669205f,0.44377025076910576f,0.5346333865046801f,12.698656956373599f,0f,0f,0f,1f],start_interpolation:0}
execute if entity @s[tag=aj.dynastic_sickleplay.bone.left_leg2] run data modify entity @s {} merge value {transformation:[0.6850039868718077f,0.119970239884516f,-0.7185935426315628f,-0.3605339562616607f,-0.09068303704189118f,0.9927182057899174f,0.07929155494821555f,12.50904435823516f,0.7228735192013795f,0.010849213579729178f,0.6908951945136932f,12.859311355943996f,0f,0f,0f,1f],start_interpolation:0}
execute if entity @s[tag=aj.dynastic_sickleplay.bone.left_leg] run data modify entity @s {} merge value {transformation:[0.6850039868718077f,0.6653450884529534f,-0.29679193257442127f,-0.12142556509888056f,-0.09068303704189118f,0.48207946693984394f,0.8714218119532324f,12.682291666666666f,0.7228735192013795f,-0.5700134216196382f,0.39056187014464844f,12.65446278254944f,0f,0f,0f,1f],start_interpolation:0}