execute if entity @s[tag=aj.dynastic_sickleplay.bone.right_arm2] run data modify entity @s {} merge value {transformation:[0.41160273356386723f,-0.41469024600215787f,-0.8115511010364178f,0.37952957034464563f,0.12032687461116115f,0.9074123932938527f,-0.40264648482637f,1.0677800450068693f,0.9033850967162687f,0.06807898623945718f,0.423391802782654f,13.115355860103433f,0f,0f,0f,1f],start_interpolation:0}
execute if entity @s[tag=aj.dynastic_sickleplay.bone.right_arm] run data modify entity @s {} merge value {transformation:[0.41160273356386723f,-0.41469024600215787f,-0.8115511010364178f,0.27585700884410613f,0.12032687461116115f,0.9074123932938527f,-0.40264648482637f,1.2946331433303324f,0.9033850967162687f,0.06807898623945718f,0.423391802782654f,13.132375606663297f,0f,0f,0f,1f],start_interpolation:0}
execute if entity @s[tag=aj.dynastic_sickleplay.bone.lamina_slash] run data modify entity @s {} merge value {transformation:[0.000005484387768298208f,-0.000007603289221293388f,-0.00001907023816905035f,-1.1584813551286168f,-0.00002032083072239314f,-0.000004821441803683395f,-0.0000039217391149256066f,1.4363017568896401f,-0.0000029236671422691524f,0.000019248537397710458f,-0.000008515191042493278f,11.300026354397607f,0f,0f,0f,1f],start_interpolation:0}
execute if entity @s[tag=aj.dynastic_sickleplay.locator_origin.sickle0] at @s on origin run tp @s ^-1.68598 ^1.08699 ^12.73839 ~-73.40635 ~-12.27411
execute if entity @s[tag=aj.dynastic_sickleplay.locator_origin.sickle1] at @s on origin run tp @s ^-1.68379 ^1.17931 ^12.10081 ~-73.40635 ~-12.27411
execute if entity @s[tag=aj.dynastic_sickleplay.locator_origin.sickle2] at @s on origin run tp @s ^-1.41823 ^1.33142 ^11.54171 ~-73.40635 ~-12.27411
execute if entity @s[tag=aj.dynastic_sickleplay.locator_origin.sickle3] at @s on origin run tp @s ^-0.7635 ^1.32395 ^12.82181 ~-73.40635 ~-12.27411
execute if entity @s[tag=aj.dynastic_sickleplay.locator_origin.sickle4] at @s on origin run tp @s ^0.10044 ^1.54763 ^12.88779 ~-73.40635 ~-12.27411
execute if entity @s[tag=aj.dynastic_sickleplay.locator_origin.sickle5] at @s on origin run tp @s ^0.96438 ^1.77131 ^12.95377 ~-73.40635 ~-12.27411
execute if entity @s[tag=aj.dynastic_sickleplay.locator_origin.lamina_rider] at @s on origin run tp @s ^-4.28983 ^4.70508 ^12.99102 ~-73.40635 ~-12.27411
execute if entity @s[tag=aj.dynastic_sickleplay.bone.obsidian_lamina] run data modify entity @s {} merge value {transformation:[0.4516554632716171f,-0.41580629629861243f,-1.6387838376232944f,-0.5018455269864708f,-1.6734801771382584f,-0.3515073904689614f,-0.3720304438765797f,1.4376023188510443f,-0.24077258818687136f,1.6631439139184956f,-0.48834504438323506f,12.977010007475892f,0f,0f,0f,1f],start_interpolation:0}
execute if entity @s[tag=aj.dynastic_sickleplay.bone.left_arm2] run data modify entity @s {} merge value {transformation:[0.6268029205187114f,0.7737341603802231f,0.09194317750613776f,-0.6170613798868064f,0.25196959010648573f,-0.08961861291354745f,-0.9635765822606013f,1.291260210612255f,-0.7373122978024872f,0.6271395006536928f,-0.2511306875494381f,12.998586489966668f,0f,0f,0f,1f],start_interpolation:0}
execute if entity @s[tag=aj.dynastic_sickleplay.bone.left_arm] run data modify entity @s {} merge value {transformation:[0.6268029205187114f,0.7737341603802231f,0.09194317750613776f,-0.3452774747269117f,0.25196959010648573f,-0.08961861291354745f,-0.9635765822606013f,1.300351756147179f,-0.7373122978024872f,0.6271395006536928f,-0.2511306875494381f,13.06320732790478f,0f,0f,0f,1f],start_interpolation:0}
execute if entity @s[tag=aj.dynastic_sickleplay.bone.head] run data modify entity @s {} merge value {transformation:[0.9949155199849313f,-0.07580462545893864f,-0.06630812055958203f,-0.04979606497546435f,0.0017446728428410028f,0.6712606548336436f,-0.7412193261032658f,1.3642994236895079f,0.1006978858257982f,0.7373349252757109f,0.66797989772064f,13.238786355146626f,0f,0f,0f,1f],start_interpolation:0}
execute if entity @s[tag=aj.dynastic_sickleplay.bone.body_top] run data modify entity @s {} merge value {transformation:[0.9938151737136286f,-0.06617199101103814f,-0.08917773321959721f,-0.02374084351486808f,-0.009149780506954438f,0.7515381538119392f,-0.6596261705554264f,1.0683812756260567f,0.11066924601362893f,0.6563624539616636f,0.746284561689573f,12.980343638899221f,0f,0f,0f,1f],start_interpolation:0}
execute if entity @s[tag=aj.dynastic_sickleplay.locator_origin.player_camera] at @s on origin run tp @s ^0.01313 ^0.02251 ^12.56282 ~-173.18572 ~-41.27137
execute if entity @s[tag=aj.dynastic_sickleplay.bone.body] run data modify entity @s {} merge value {transformation:[0.9938151737136286f,-0.06617199101103814f,-0.08917773321959721f,0.0052094025524611065f,-0.009149780506954438f,0.7515381538119392f,-0.6596261705554264f,0.7395833333333333f,0.11066924601362893f,0.6563624539616636f,0.746284561689573f,12.693185065290994f,0f,0f,0f,1f],start_interpolation:0}
execute if entity @s[tag=aj.dynastic_sickleplay.bone.right_leg2] run data modify entity @s {} merge value {transformation:[0.9596530827812342f,-0.11892586215348205f,0.25479913661455966f,0.1980297920054365f,0.28117164760388946f,0.39648028213875786f,-0.8739255634542825f,0.5873761087627856f,0.002909517518115634f,0.9103076541401935f,0.4139221056208402f,12.436809807567867f,0f,0f,0f,1f],start_interpolation:0}
execute if entity @s[tag=aj.dynastic_sickleplay.bone.right_leg] run data modify entity @s {} merge value {transformation:[0.9596530827812342f,-0.19004118870680253f,0.20724455916472095f,0.12973373981392933f,0.28117164760388946f,0.6409244509789152f,-0.7142537033303294f,0.8177083333333333f,0.002909517518115634f,0.74370706244615f,0.6684993193530794f,12.704079533134452f,0f,0f,0f,1f],start_interpolation:0}
execute if entity @s[tag=aj.dynastic_sickleplay.bone.left_leg2] run data modify entity @s {} merge value {transformation:[0.9811138594900165f,0.10362616135909516f,-0.1633316056327838f,-0.18878266284593634f,-0.09386384678264922f,0.9933672962458973f,0.06641530709316368f,0.6352261704715056f,0.1691306388084896f,-0.049830045465508954f,0.9843331720434589f,12.983993904704457f,0f,0f,0f,1f],start_interpolation:0}
execute if entity @s[tag=aj.dynastic_sickleplay.bone.left_leg] run data modify entity @s {} merge value {transformation:[0.9811138594900165f,0.19330150438102045f,-0.007079768402904189f,-0.11931493470900711f,-0.09386384678264922f,0.5077764531807376f,0.8563601180942242f,0.8177083333333333f,0.1691306388084896f,-0.8395222462801238f,0.5163305385283807f,12.682290597447537f,0f,0f,0f,1f],start_interpolation:0}