execute if entity @s[tag=aj.dynastic_sickleplay.bone.right_arm2] run data modify entity @s {} merge value {transformation:[0.949636866197063f,-0.18176906325641062f,-0.2552446473529046f,0.2975830806626066f,0.2515914911829514f,-0.04327834087207032f,0.9668654026159484f,1.360287721714557f,-0.1867927833824436f,-0.9823884124185545f,0.004632841675647578f,0.12577436379734974f,0f,0f,0f,1f],start_interpolation:0}
execute if entity @s[tag=aj.dynastic_sickleplay.bone.right_arm] run data modify entity @s {} merge value {transformation:[0.949636866197063f,-0.18176906325641062f,-0.2552446473529046f,0.2521408148485039f,0.2515914911829514f,-0.04327834087207032f,0.9668654026159484f,1.3494681364965395f,-0.1867927833824436f,-0.9823884124185545f,0.004632841675647578f,-0.11982273930728887f,0f,0f,0f,1f],start_interpolation:0}
execute if entity @s[tag=aj.dynastic_sickleplay.bone.lamina_slash] run data modify entity @s {} merge value {transformation:[-0.000009827350844044115f,-0.0000022586998198207626f,-0.000018705185123703193f,-1.7321496133052896f,0.00001863244293186504f,0.0000019656928393662003f,-0.000010026496000700207f,0.3599062526592023f,0.000002796023207854011f,-0.00002103798533094854f,0.000001071413755715162f,-0.10393487556378639f,0f,0f,0f,1f],start_interpolation:0}
execute if entity @s[tag=aj.dynastic_sickleplay.locator_origin.sickle0] at @s on origin run tp @s ^-1.42368 ^0.55 ^-0.2865 ~-84.89295 ~-27.11155
execute if entity @s[tag=aj.dynastic_sickleplay.locator_origin.sickle1] at @s on origin run tp @s ^-1.56815 ^0.38298 ^0.31871 ~-84.89295 ~-27.11155
execute if entity @s[tag=aj.dynastic_sickleplay.locator_origin.sickle2] at @s on origin run tp @s ^-1.46327 ^0.34413 ^0.94619 ~-84.89295 ~-27.11155
execute if entity @s[tag=aj.dynastic_sickleplay.locator_origin.sickle3] at @s on origin run tp @s ^-0.59429 ^0.9485 ^-0.02694 ~-84.89295 ~-27.11155
execute if entity @s[tag=aj.dynastic_sickleplay.locator_origin.sickle4] at @s on origin run tp @s ^0.17969 ^1.31851 ^0.22767 ~-84.89295 ~-27.11155
execute if entity @s[tag=aj.dynastic_sickleplay.locator_origin.sickle5] at @s on origin run tp @s ^0.95367 ^1.68853 ^0.48227 ~-84.89295 ~-27.11155
execute if entity @s[tag=aj.dynastic_sickleplay.locator_origin.lamina_rider] at @s on origin run tp @s ^-0.71704 ^1.05273 ^0.74706 ~-84.89295 ~-27.11155
execute if entity @s[tag=aj.dynastic_sickleplay.bone.obsidian_lamina] run data modify entity @s {} merge value {transformation:[-0.8093112459801035f,0.01664684487701415f,-1.551527695429822f,-0.28772951054762097f,1.5344364767418268f,0.2682726454396378f,-0.7975177029715073f,1.0456913860790091f,0.23026073476444792f,-1.7292347065290063f,-0.13866262568290608f,-0.0721591185620962f,0f,0f,0f,1f],start_interpolation:0}
execute if entity @s[tag=aj.dynastic_sickleplay.bone.left_arm2] run data modify entity @s {} merge value {transformation:[0.6281726712763528f,0.47617097892543053f,0.6153537957067696f,-0.5078876072025331f,-0.4337851161418351f,0.8708802993550099f,-0.23108002338831296f,1.1884863578281717f,-0.6459330987612772f,-0.12177316216854141f,0.7536190874043254f,-0.014474558058940296f,0f,0f,0f,1f],start_interpolation:0}
execute if entity @s[tag=aj.dynastic_sickleplay.bone.left_arm] run data modify entity @s {} merge value {transformation:[0.6281726712763528f,0.47617097892543053f,0.6153537957067696f,-0.3103232785616314f,-0.4337851161418351f,0.8708802993550099f,-0.23108002338831296f,1.3519832931491949f,-0.6459330987612772f,-0.12177316216854141f,0.7536190874043254f,-0.1256594859462353f,0f,0f,0f,1f],start_interpolation:0}
execute if entity @s[tag=aj.dynastic_sickleplay.bone.head] run data modify entity @s {} merge value {transformation:[0.999997885779404f,0.0020100867571149726f,-0.00043357577322071517f,0.0026077350297648225f,-0.0020144194304183662f,0.9999455887127124f,-0.010235317696361407f,1.4932039623490612f,0.0004129783052484407f,0.010236169460104041f,0.9999475237649741f,-0.1044176446088326f,0f,0f,0f,1f],start_interpolation:0}
execute if entity @s[tag=aj.dynastic_sickleplay.bone.body_top] run data modify entity @s {} merge value {transformation:[0.9999361660624627f,0.003137124847837355f,-0.010854595708370307f,0.0013724921209288636f,-0.00447138960472077f,0.9921250674875921f,-0.12517131116091937f,1.1025547170258216f,0.010376438469238117f,0.12521185610967508f,0.9920757635454381f,-0.15371981295201717f,0f,0f,0f,1f],start_interpolation:0}
execute if entity @s[tag=aj.dynastic_sickleplay.locator_origin.player_camera] at @s on origin run tp @s ^-0.00244 ^0.10261 ^-0.21693 ~-179.37313 ~-7.19065
execute if entity @s[tag=aj.dynastic_sickleplay.bone.body] run data modify entity @s {} merge value {transformation:[0.9999361660624627f,0.003137124847837355f,-0.010854595708370307f,2.0816681711721685e-17f,-0.00447138960472077f,0.9921250674875921f,-0.12517131116091937f,0.6685000000000001f,0.010376438469238117f,0.12521185610967508f,0.9920757635454381f,-0.20850000000000002f,0f,0f,0f,1f],start_interpolation:0}
execute if entity @s[tag=aj.dynastic_sickleplay.bone.right_leg2] run data modify entity @s {} merge value {transformation:[0.9961946980917455f,-0.08623405057373314f,0.012641677718673496f,0.15592910270700497f,0.08715574274765817f,0.9856597083367366f,-0.14449503751909076f,0.3931037383814562f,8.673617379884035e-19f,0.14504698508823363f,0.9894247682956061f,-0.15178581469885544f,0f,0f,0f,1f],start_interpolation:0}
execute if entity @s[tag=aj.dynastic_sickleplay.bone.right_leg] run data modify entity @s {} merge value {transformation:[0.9961946980917455f,-0.08606359014123113f,-0.01375434280139012f,0.12500000000000003f,0.08715574274765817f,0.9837113366776874f,0.15721285760999804f,0.7466250000000001f,8.673617379884035e-19f,-0.15781338518579363f,0.9874689541733453f,-0.20850000000000002f,0f,0f,0f,1f],start_interpolation:0}
execute if entity @s[tag=aj.dynastic_sickleplay.bone.left_leg2] run data modify entity @s {} merge value {transformation:[0.9961946974682871f,0.08139956027926767f,-0.031148616701383542f,-0.156028829276001f,-0.08508980760008471f,0.9857003672426446f,-0.14544590286527792f,0.3897606035687647f,0.01886397038399943f,0.14754286700500696f,0.9888757520625604f,-0.17959662755782974f,0f,0f,0f,1f],start_interpolation:0}
execute if entity @s[tag=aj.dynastic_sickleplay.bone.left_leg] run data modify entity @s {} merge value {transformation:[0.9961946974682871f,0.08634109015930723f,-0.01188868731905335f,-0.12499999999999997f,-0.08508980760008471f,0.9930139726782203f,0.08174946304654948f,0.7466250000000001f,0.01886397038399943f,-0.08042677549125646f,0.9965820008435987f,-0.20850000000000002f,0f,0f,0f,1f],start_interpolation:0}