execute if entity @s[tag=aj.dynastic_sickleplay.bone.right_arm2] run data modify entity @s {} merge value {transformation:[0.21313411718618536f,-0.9751510112659263f,-0.06045124745037772f,0.48181554835673823f,0.7564367096251278f,0.203857766074675f,-0.6214865368956539f,13.566320752253658f,0.6183666812036168f,0.08673244167025673f,0.781089067353487f,12.679363760701058f,0f,0f,0f,1f],start_interpolation:0}
execute if entity @s[tag=aj.dynastic_sickleplay.bone.right_arm] run data modify entity @s {} merge value {transformation:[0.21313411718618536f,-0.9751510112659263f,-0.06045124745037772f,0.23802779554025666f,0.7564367096251278f,0.203857766074675f,-0.6214865368956539f,13.617285193772327f,0.6183666812036168f,0.08673244167025673f,0.781089067353487f,12.701046871118622f,0f,0f,0f,1f],start_interpolation:0}
execute if entity @s[tag=aj.dynastic_sickleplay.bone.lamina_slash] run data modify entity @s {} merge value {transformation:[-0.00000655500751658963f,-0.00001827945974066628f,-0.000008628773264306716f,-0.46216464476043306f,0.000015392802797053912f,-0.000010393566964172058f,0.000010324625310987346f,14.589650435598259f,-0.000013101755550629957f,-0.0000030655533514574484f,0.000016447154287015896f,14.40138229179736f,0f,0f,0f,1f],start_interpolation:0}
execute if entity @s[tag=aj.dynastic_sickleplay.locator_origin.sickle0] at @s on origin run tp @s ^-0.64524 ^14.27251 ^14.1487 ~-145.47849 ~24.69997
execute if entity @s[tag=aj.dynastic_sickleplay.locator_origin.sickle1] at @s on origin run tp @s ^-0.22579 ^14.68051 ^14.41819 ~-145.47849 ~24.69997
execute if entity @s[tag=aj.dynastic_sickleplay.locator_origin.sickle2] at @s on origin run tp @s ^0.33848 ^14.97099 ^14.47716 ~-145.47849 ~24.69997
execute if entity @s[tag=aj.dynastic_sickleplay.locator_origin.sickle3] at @s on origin run tp @s ^-0.01259 ^13.98357 ^13.49271 ~-145.47849 ~24.69997
execute if entity @s[tag=aj.dynastic_sickleplay.locator_origin.sickle4] at @s on origin run tp @s ^0.58789 ^13.72075 ^12.88351 ~-145.47849 ~24.69997
execute if entity @s[tag=aj.dynastic_sickleplay.locator_origin.sickle5] at @s on origin run tp @s ^1.18837 ^13.45793 ^12.2743 ~-145.47849 ~24.69997
execute if entity @s[tag=aj.dynastic_sickleplay.bone.obsidian_lamina] run data modify entity @s {} merge value {transformation:[-0.5398241484250283f,-1.3997361008937672f,-0.9010153920061013f,0.11759877967805521f,1.2676425832867928f,-0.9595997423694644f,0.7312664462987787f,13.773442485727319f,-1.0789681041695258f,-0.4270915385478521f,1.3099315432058463f,13.282078814435856f,0f,0f,0f,1f],start_interpolation:0}
execute if entity @s[tag=aj.dynastic_sickleplay.bone.left_arm2] run data modify entity @s {} merge value {transformation:[0.8751359320839353f,-0.40114282875615f,-0.270594773255317f,-0.2781065248062541f,0.01789954852251876f,-0.532001529000586f,0.8465541797804372f,13.901446460176235f,-0.48354597148386236f,-0.7456935054555276f,-0.45839337842422534f,13.403624777229654f,0f,0f,0f,1f],start_interpolation:0}
execute if entity @s[tag=aj.dynastic_sickleplay.bone.left_arm] run data modify entity @s {} merge value {transformation:[0.8751359320839353f,-0.40114282875615f,-0.270594773255317f,-0.26900024048479965f,0.01789954852251876f,-0.532001529000586f,0.8465541797804372f,13.770683521491403f,-0.48354597148386236f,-0.7456935054555276f,-0.45839337842422534f,13.156758154430289f,0f,0f,0f,1f],start_interpolation:0}
execute if entity @s[tag=aj.dynastic_sickleplay.bone.head] run data modify entity @s {} merge value {transformation:[0.996302121386515f,0.0363600651218523f,-0.0778461854239828f,-0.018725537693533995f,-0.007127589997759559f,0.9378947970032905f,0.3468465759020556f,13.799857271580041f,0.08562289636279713f,-0.34500912367427505f,0.9346857355282332f,12.966806113250128f,0f,0f,0f,1f],start_interpolation:0}
execute if entity @s[tag=aj.dynastic_sickleplay.bone.body_top] run data modify entity @s {} merge value {transformation:[0.7968479011011457f,-0.02879391307788886f,0.6034934407931557f,-0.007387934419115255f,0.22510895986359358f,0.9410925684282324f,-0.25233060424428055f,13.429302072761425f,-0.5606776067401212f,0.33692089311708723f,0.7563894057172895f,12.834143511585275f,0f,0f,0f,1f],start_interpolation:0}
execute if entity @s[tag=aj.dynastic_sickleplay.locator_origin.player_camera] at @s on origin run tp @s ^0.05912 ^12.47244 ^12.5445 ~141.41501 ~-14.61547
execute if entity @s[tag=aj.dynastic_sickleplay.bone.body] run data modify entity @s {} merge value {transformation:[0.7968479011011457f,-0.02879391307788886f,0.6034934407931557f,0.00520940255246112f,0.22510895986359358f,0.9410925684282324f,-0.25233060424428055f,13.017574074074073f,-0.5606776067401212f,0.33692089311708723f,0.7563894057172895f,12.68674062084655f,0f,0f,0f,1f],start_interpolation:0}
execute if entity @s[tag=aj.dynastic_sickleplay.bone.right_leg2] run data modify entity @s {} merge value {transformation:[0.9401760920612866f,-0.08508304739098886f,0.32989360552006763f,0.16687353194661264f,0.2521900186400403f,0.8248489951643496f,-0.5059884679265911f,12.820808431706496f,-0.22906136822848022f,0.5589141349286362f,0.7969604001217823f,12.589775170606934f,0f,0f,0f,1f],start_interpolation:0}
execute if entity @s[tag=aj.dynastic_sickleplay.bone.right_leg] run data modify entity @s {} merge value {transformation:[0.9401760920612866f,-0.18034606491736f,0.2890401577379701f,0.10206166486693641f,0.2521900186400403f,0.9388261352836903f,-0.23453290218352352f,13.158199074074073f,-0.22906136822848022f,0.293395270202356f,0.9281433644691878f,12.695214095835906f,0f,0f,0f,1f],start_interpolation:0}
execute if entity @s[tag=aj.dynastic_sickleplay.bone.left_leg2] run data modify entity @s {} merge value {transformation:[0.9994752549798374f,0.004619785955367764f,0.03206044698247244f,-0.12546923271873864f,0.011713382068718383f,0.8712472204034842f,-0.4907046745443892f,12.736790073386757f,-0.030199525882065884f,0.49082271597485105f,0.870735924445276f,12.818041105437201f,0f,0f,0f,1f],start_interpolation:0}
execute if entity @s[tag=aj.dynastic_sickleplay.bone.left_leg] run data modify entity @s {} merge value {transformation:[0.9994752549798374f,-0.013190037798192885f,0.02958441457713136f,-0.13020940255246422f,0.011713382068718383f,0.9987033062603581f,0.04954293839833975f,13.095699074074073f,-0.030199525882065884f,-0.04917040743690969f,0.9983337416260091f,12.800370490264562f,0f,0f,0f,1f],start_interpolation:0}