execute if entity @s[tag=aj.dynastic_sickleplay.bone.right_arm2] run data modify entity @s {} merge value {transformation:[0.7871530233072156f,-0.10521136595669223f,0.6077176041319162f,0.24784283794391976f,0.6114061881194287f,0.262634811483847f,-0.7464619407083755f,0.9152787591296531f,-0.08107151797998932f,0.959142077207736f,0.27106066609165025f,10.445617837048902f,0f,0f,0f,1f],start_interpolation:0}
execute if entity @s[tag=aj.dynastic_sickleplay.bone.right_arm] run data modify entity @s {} merge value {transformation:[0.7871530233072156f,-0.10521136595669223f,0.6077176041319162f,0.2215399964547467f,0.6114061881194287f,0.262634811483847f,-0.7464619407083755f,0.9809374620006148f,-0.08107151797998932f,0.959142077207736f,0.27106066609165025f,10.685403356350836f,0f,0f,0f,1f],start_interpolation:0}
execute if entity @s[tag=aj.dynastic_sickleplay.bone.lamina_slash] run data modify entity @s {} merge value {transformation:[0.000008920236441205852f,-0.000018287404877962577f,0.000006128842032754102f,1.0776043101419708f,0.000018699633539568488f,0.000006546373150844499f,-0.000007683176690389705f,0.12342255334102248f,0.000004723937692098469f,0.000008618487187399683f,0.00001884061016214175f,12.108928775876548f,0f,0f,0f,1f],start_interpolation:0}
execute if entity @s[tag=aj.dynastic_sickleplay.locator_origin.sickle0] at @s on origin run tp @s ^0.32109 ^0.35679 ^12.33254 ~169.44714 ~-18.55758
execute if entity @s[tag=aj.dynastic_sickleplay.locator_origin.sickle1] at @s on origin run tp @s ^0.90501 ^0.08667 ^12.29918 ~169.44714 ~-18.55758
execute if entity @s[tag=aj.dynastic_sickleplay.locator_origin.sickle2] at @s on origin run tp @s ^1.4401 ^-0.09394 ^12.00369 ~169.44714 ~-18.55758
execute if entity @s[tag=aj.dynastic_sickleplay.locator_origin.sickle3] at @s on origin run tp @s ^0.32536 ^0.58904 ^11.40513 ~169.44714 ~-18.55758
execute if entity @s[tag=aj.dynastic_sickleplay.locator_origin.sickle4] at @s on origin run tp @s ^0.34048 ^0.8014 ^10.53596 ~169.44714 ~-18.55758
execute if entity @s[tag=aj.dynastic_sickleplay.locator_origin.sickle5] at @s on origin run tp @s ^0.3556 ^1.01375 ^9.66679 ~169.44714 ~-18.55758
execute if entity @s[tag=aj.dynastic_sickleplay.locator_origin.lamina_rider] at @s on origin run tp @s ^1.09845 ^0.54457 ^11.24592 ~169.44714 ~-18.55758
execute if entity @s[tag=aj.dynastic_sickleplay.bone.obsidian_lamina] run data modify entity @s {} merge value {transformation:[0.7346077069228348f,-1.5590176006071015f,0.3038348859608605f,0.1891856732668114f,1.5399698209056403f,0.6170890203545271f,-0.5569507084632728f,0.6555324517469379f,0.3890301628786974f,0.5011639072750199f,1.630947660231747f,11.117889920495763f,0f,0f,0f,1f],start_interpolation:0}
execute if entity @s[tag=aj.dynastic_sickleplay.bone.left_arm2] run data modify entity @s {} merge value {transformation:[-0.46006046501937753f,-0.7990803365662591f,0.38705940660227767f,0.11805441025974012f,-0.21359720530427775f,0.522736434483948f,0.8253016745101219f,0.7342243313889487f,-0.8618123939769929f,0.2970138646194191f,-0.4111716938354112f,11.208879928196753f,0f,0f,0f,1f],start_interpolation:0}
execute if entity @s[tag=aj.dynastic_sickleplay.bone.left_arm] run data modify entity @s {} merge value {transformation:[-0.46006046501937753f,-0.7990803365662591f,0.38705940660227767f,-0.13922323200924686f,-0.21359720530427775f,0.522736434483948f,0.8253016745101219f,0.838208789346901f,-0.8618123939769929f,0.2970138646194191f,-0.4111716938354112f,11.175406845104483f,0f,0f,0f,1f],start_interpolation:0}
execute if entity @s[tag=aj.dynastic_sickleplay.bone.head] run data modify entity @s {} merge value {transformation:[0.802038543391934f,0.14105350697242755f,0.5803775349585162f,0.05122072250805253f,0.022988865239286962f,0.9637030428922265f,-0.2659848815163625f,1.0450902731912883f,-0.5968296968053401f,0.22667234787473042f,0.769684324720338f,10.977287021941434f,0f,0f,0f,1f],start_interpolation:0}
execute if entity @s[tag=aj.dynastic_sickleplay.bone.body_top] run data modify entity @s {} merge value {transformation:[0.5772211655423897f,0.06999888894123568f,0.8135821295953329f,0.023658659987440978f,0.22836587624594198f,0.9427279827306464f,-0.24313160457461952f,0.6738911299910963f,-0.7840055820058348f,0.3261351040958311f,0.5281771873719019f,10.848871324703701f,0f,0f,0f,1f],start_interpolation:0}
execute if entity @s[tag=aj.dynastic_sickleplay.locator_origin.player_camera] at @s on origin run tp @s ^0.25438 ^-0.41893 ^10.70042 ~122.99162 ~-14.07144
execute if entity @s[tag=aj.dynastic_sickleplay.bone.body] run data modify entity @s {} merge value {transformation:[0.5772211655423897f,0.06999888894123568f,0.8135821295953329f,-0.006965853924349633f,0.22836587624594198f,0.9427279827306464f,-0.24313160457461952f,0.2614476375464386f,-0.7840055820058348f,0.3261351040958311f,0.5281771873719019f,10.706187216661775f,0f,0f,0f,1f],start_interpolation:0}
execute if entity @s[tag=aj.dynastic_sickleplay.bone.right_leg2] run data modify entity @s {} merge value {transformation:[0.9596796921906848f,0.17371976621553636f,0.2209894369032407f,0.07641649971610331f,0.10572204758964102f,0.5053821236688923f,-0.8563946273356543f,0.0761246172824962f,-0.26045678537954375f,0.8452279881203293f,0.4666389514901369f,10.433951047992567f,0f,0f,0f,1f],start_interpolation:0}
execute if entity @s[tag=aj.dynastic_sickleplay.bone.right_leg] run data modify entity @s {} merge value {transformation:[0.9596796921906848f,0.0992266804137881f,0.26299991310046467f,0.1120760879898084f,0.10572204758964102f,0.7395143290522912f,-0.6647867370667028f,0.3418875792856633f,-0.26045678537954375f,0.6657872205295018f,0.699206435846635f,10.673218330370357f,0f,0f,0f,1f],start_interpolation:0}
execute if entity @s[tag=aj.dynastic_sickleplay.bone.left_leg2] run data modify entity @s {} merge value {transformation:[0.9681302126217795f,0.05128013517021436f,0.24514126365390282f,-0.06761326453968144f,-0.06630702525663858f,0.9963672529057817f,0.05343852298297053f,0.1475746470015781f,-0.24151039275882782f,-0.06799003657824082f,0.968013473622948f,11.037468890358996f,0f,0f,0f,1f],start_interpolation:0}
execute if entity @s[tag=aj.dynastic_sickleplay.bone.left_leg] run data modify entity @s {} merge value {transformation:[0.9681302126217795f,-0.17139489007514966f,0.18261347996529473f,-0.12920830316043835f,-0.06630702525663858f,0.5277185028732954f,0.8468273496568136f,0.3372234839716686f,-0.24151039275882782f,-0.8319476987054504f,0.4995355410860987f,10.738487686136725f,0f,0f,0f,1f],start_interpolation:0}