execute if entity @s[tag=aj.dynastic_sickleplay.bone.right_arm2] run data modify entity @s {} merge value {transformation:[-0.0554399847648038f,0.7036815285873387f,-0.7083492884264548f,-0.519329991648228f,0.8571269110195933f,-0.33033196786773816f,-0.39523948361801886f,11.729368797247306f,-0.5121131383740207f,-0.6290573084621259f,-0.5848307756736961f,12.579207475841068f,0f,0f,0f,1f],start_interpolation:0}
execute if entity @s[tag=aj.dynastic_sickleplay.bone.right_arm] run data modify entity @s {} merge value {transformation:[-0.0554399847648038f,0.7036815285873387f,-0.7083492884264548f,-0.3434096095013933f,0.8571269110195933f,-0.33033196786773816f,-0.39523948361801886f,11.646785805280372f,-0.5121131383740207f,-0.6290573084621259f,-0.5848307756736961f,12.421943148725537f,0f,0f,0f,1f],start_interpolation:0}
execute if entity @s[tag=aj.dynastic_sickleplay.bone.lamina_slash] run data modify entity @s {} merge value {transformation:[1.2300480458232823f,2.9385311393002187f,-0.11033040528017077f,0.20764354600620577f,2.9322561099157736f,-1.2346972723134213f,-0.19378596854111033f,11.334923953348394f,-0.22138690301809136f,-0.0267140244957793f,-3.179690307257501f,10.595353916109275f,0f,0f,0f,1f],start_interpolation:0}
execute if entity @s[tag=aj.dynastic_sickleplay.locator_origin.sickle0] at @s on origin run tp @s ^-0.02025 ^11.39108 ^10.92397 ~4.96499 ~-6.36349
execute if entity @s[tag=aj.dynastic_sickleplay.locator_origin.sickle1] at @s on origin run tp @s ^-0.58088 ^11.60883 ^10.69307 ~4.96499 ~-6.36349
execute if entity @s[tag=aj.dynastic_sickleplay.locator_origin.sickle2] at @s on origin run tp @s ^-1.16571 ^11.85775 ^10.74065 ~4.96499 ~-6.36349
execute if entity @s[tag=aj.dynastic_sickleplay.locator_origin.sickle3] at @s on origin run tp @s ^-0.27311 ^11.56551 ^11.82934 ~4.96499 ~-6.36349
execute if entity @s[tag=aj.dynastic_sickleplay.locator_origin.sickle4] at @s on origin run tp @s ^-0.52059 ^11.73301 ^12.67283 ~4.96499 ~-6.36349
execute if entity @s[tag=aj.dynastic_sickleplay.locator_origin.sickle5] at @s on origin run tp @s ^-0.76808 ^11.90051 ^13.51632 ~4.96499 ~-6.36349
execute if entity @s[tag=aj.dynastic_sickleplay.locator_origin.lamina_rider] at @s on origin run tp @s ^-0.86553 ^12.07757 ^11.72055 ~4.96499 ~-6.36349
execute if entity @s[tag=aj.dynastic_sickleplay.bone.obsidian_lamina] run data modify entity @s {} merge value {transformation:[0.6753204957461156f,1.6074155482458132f,0.15052402892173689f,-0.2666976521639461f,1.6098660995616008f,-0.6581867333220699f,-0.19396227870681565f,11.51914193393911f,-0.12154575067659913f,0.21332013345306747f,-1.7326918800398492f,12.150706100198544f,0f,0f,0f,1f],start_interpolation:0}
execute if entity @s[tag=aj.dynastic_sickleplay.bone.left_arm2] run data modify entity @s {} merge value {transformation:[-0.5742076592428189f,0.771101150072319f,0.27511557648382895f,-0.0078397018984398f,0.1484304849042376f,-0.23241775942482298f,0.96122337479643f,11.480904246093408f,0.805142195651163f,0.5927773624735446f,0.019001139990338645f,11.798984199045336f,0f,0f,0f,1f],start_interpolation:0}
execute if entity @s[tag=aj.dynastic_sickleplay.bone.left_arm] run data modify entity @s {} merge value {transformation:[-0.5742076592428189f,0.771101150072319f,0.27511557648382895f,0.1131596282142876f,0.1484304849042376f,-0.23241775942482298f,0.96122337479643f,11.44135361685023f,0.805142195651163f,0.5927773624735446f,0.019001139990338645f,12.047821314120117f,0f,0f,0f,1f],start_interpolation:0}
execute if entity @s[tag=aj.dynastic_sickleplay.bone.head] run data modify entity @s {} merge value {transformation:[-0.9688986301619567f,0.23479760733267613f,0.07813787852977894f,-0.09882761239100468f,0.24734362037974902f,0.909305343819863f,0.3346414875027891f,11.676715840051047f,0.007521830078027092f,0.34356058460116035f,-0.939100392280179f,12.181934498447845f,0f,0f,0f,1f],start_interpolation:0}
execute if entity @s[tag=aj.dynastic_sickleplay.bone.body_top] run data modify entity @s {} merge value {transformation:[-0.7305107803450894f,0.11337306610468297f,-0.6734244929326759f,-0.1434682571697236f,0.32869150148822457f,0.9227556799008446f,-0.2012059940959674f,11.31338079109009f,0.5985949353686723f,-0.36833205547814213f,-0.7113477351185016f,12.326965245292364f,0f,0f,0f,1f],start_interpolation:0}
execute if entity @s[tag=aj.dynastic_sickleplay.locator_origin.player_camera] at @s on origin run tp @s ^-0.51646 ^10.2575 ^12.45156 ~-43.4313 ~-11.60749
execute if entity @s[tag=aj.dynastic_sickleplay.bone.body] run data modify entity @s {} merge value {transformation:[-0.7305107803450894f,0.11337306610468297f,-0.6734244929326759f,-0.1930689735905224f,0.32869150148822457f,0.9227556799008446f,-0.2012059940959674f,10.909675181133471f,0.5985949353686723f,-0.36833205547814213f,-0.7113477351185016f,12.488110519564051f,0f,0f,0f,1f],start_interpolation:0}
execute if entity @s[tag=aj.dynastic_sickleplay.bone.right_leg2] run data modify entity @s {} merge value {transformation:[-0.9792158369628284f,0.10358006488649317f,-0.17437750657495116f,-0.34642908929135474f,0.20249729406786623f,0.4507315630656158f,-0.8693882354573351f,10.7661312917081f,-0.011453843738212198f,-0.8866297018567202f,-0.46233816763174973f,12.739587934552352f,0f,0f,0f,1f],start_interpolation:0}
execute if entity @s[tag=aj.dynastic_sickleplay.bone.right_leg] run data modify entity @s {} merge value {transformation:[-0.9792158369628284f,0.15122239117203207f,-0.1351596576253439f,-0.2920835424639057f,0.20249729406786623f,0.6913004163557284f,-0.6936127019032945f,11.014567378835938f,-0.011453843738212198f,-0.7065660073585548f,-0.7075544408093353f,12.485665775657871f,0f,0f,0f,1f],start_interpolation:0}
execute if entity @s[tag=aj.dynastic_sickleplay.bone.left_leg2] run data modify entity @s {} merge value {transformation:[-0.9992370646013632f,0.03337956532032598f,0.02027543700828944f,-0.1030623502205863f,0.03401940078313451f,0.998906252150055f,0.032077714785924416f,10.830170189016869f,-0.01918252061663138f,0.03274299977944495f,-0.9992797040209693f,12.055968209117745f,0f,0f,0f,1f],start_interpolation:0}
execute if entity @s[tag=aj.dynastic_sickleplay.bone.left_leg] run data modify entity @s {} merge value {transformation:[-0.9992370646013632f,0.0020143428910905188f,0.03900296334341963f,-0.10233844574410064f,0.03401940078313451f,0.5354065697340101f,0.8439090504645729f,11.022581925015029f,-0.01918252061663138f,0.8445920598184533f,-0.5350666158474242f,12.359493480615003f,0f,0f,0f,1f],start_interpolation:0}