execute if entity @s[tag=aj.dynastic_sickleplay.bone.right_arm2] run data modify entity @s {} merge value {transformation:[0.8764701896018645f,-0.24973628008649468f,0.4116209386654563f,0.29865428662030846f,0.48015325393266983f,0.3905495380778746f,-0.7854450401174022f,0.8835838502757944f,0.03539575507233261f,0.8860602963205823f,0.4622167151966063f,10.375741595765207f,0f,0f,0f,1f],start_interpolation:0}
execute if entity @s[tag=aj.dynastic_sickleplay.bone.right_arm] run data modify entity @s {} merge value {transformation:[0.8764701896018645f,-0.24973628008649468f,0.4116209386654563f,0.23622021659868478f,0.48015325393266983f,0.3905495380778746f,-0.7854450401174022f,0.9812212347952631f,0.03539575507233261f,0.8860602963205823f,0.4622167151966063f,10.597256669845352f,0f,0f,0f,1f],start_interpolation:0}
execute if entity @s[tag=aj.dynastic_sickleplay.bone.lamina_slash] run data modify entity @s {} merge value {transformation:[0.000011997240621899437f,-0.000017537437946625652f,-2.5881987655594167e-7f,1.0812955366242285f,0.000015919922020541318f,0.000011019941397820724f,-0.00000875668170304714f,-0.43923857510502684f,0.000007361032558013129f,0.000004749911773586062f,0.000019360166265376407f,11.91216778756343f,0f,0f,0f,1f],start_interpolation:0}
execute if entity @s[tag=aj.dynastic_sickleplay.locator_origin.sickle0] at @s on origin run tp @s ^-0.19892 ^0.30895 ^12.20013 ~-172.67894 ~-19.92957
execute if entity @s[tag=aj.dynastic_sickleplay.locator_origin.sickle1] at @s on origin run tp @s ^0.29277 ^-0.09927 ^12.28165 ~-172.67894 ~-19.92957
execute if entity @s[tag=aj.dynastic_sickleplay.locator_origin.sickle2] at @s on origin run tp @s ^0.81814 ^-0.41162 ^12.10091 ~-172.67894 ~-19.92957
execute if entity @s[tag=aj.dynastic_sickleplay.locator_origin.sickle3] at @s on origin run tp @s ^0.06651 ^0.52203 ^11.30671 ~-172.67894 ~-19.92957
execute if entity @s[tag=aj.dynastic_sickleplay.locator_origin.sickle4] at @s on origin run tp @s ^0.32446 ^0.71379 ^10.47156 ~-172.67894 ~-19.92957
execute if entity @s[tag=aj.dynastic_sickleplay.locator_origin.sickle5] at @s on origin run tp @s ^0.5824 ^0.90556 ^9.63641 ~-172.67894 ~-19.92957
execute if entity @s[tag=aj.dynastic_sickleplay.locator_origin.lamina_rider] at @s on origin run tp @s ^0.82014 ^0.28337 ^11.31629 ~-172.67894 ~-19.92957
execute if entity @s[tag=aj.dynastic_sickleplay.bone.obsidian_lamina] run data modify entity @s {} merge value {transformation:[0.9880080512152477f,-1.4291216438377004f,-0.20964593449069355f,0.017624723235388176f,1.311052401691638f,0.9938880486451924f,-0.5965133248963002f,0.6172186225506132f,0.60620268124814f,0.17971609242046224f,1.6317844328748459f,11.000087660069447f,0f,0f,0f,1f],start_interpolation:0}
execute if entity @s[tag=aj.dynastic_sickleplay.bone.left_arm2] run data modify entity @s {} merge value {transformation:[-0.09264755426713589f,-0.7831136021040943f,0.6149386285539948f,-0.07447400488592762f,-0.21918063965374393f,0.6184860346376592f,0.754609085659032f,0.7082281668586796f,-0.9712755931708019f,-0.06486995574019189f,-0.22894455868828126f,11.052683640175099f,0f,0f,0f,1f],start_interpolation:0}
execute if entity @s[tag=aj.dynastic_sickleplay.bone.left_arm] run data modify entity @s {} merge value {transformation:[-0.09264755426713589f,-0.7831136021040943f,0.6149386285539948f,-0.2818333496953432f,-0.21918063965374393f,0.6184860346376592f,0.754609085659032f,0.8354520955613765f,-0.9712755931708019f,-0.06486995574019189f,-0.22894455868828126f,10.9150567020937f,0f,0f,0f,1f],start_interpolation:0}
execute if entity @s[tag=aj.dynastic_sickleplay.bone.head] run data modify entity @s {} merge value {transformation:[0.9976798232999716f,0.024176240250211672f,0.06364337819051741f,-0.03126066840475969f,-0.01175130597197381f,0.9819457150506066f,-0.1887975622239495f,1.043495884648315f,-0.06705875772850434f,0.18761162570884843f,0.9799515298782854f,10.804370543459493f,0f,0f,0f,1f],start_interpolation:0}
execute if entity @s[tag=aj.dynastic_sickleplay.bone.body_top] run data modify entity @s {} merge value {transformation:[0.8288857060704448f,-0.05881114334908162f,0.5563180166865654f,-0.008103780711058797f,0.23323062277421874f,0.9402380484869237f,-0.2481045924158828f,0.6732771530565889f,-0.5084800515973561f,0.33540074775628476f,0.7930664382837509f,10.672306499030455f,0f,0f,0f,1f],start_interpolation:0}
execute if entity @s[tag=aj.dynastic_sickleplay.locator_origin.player_camera] at @s on origin run tp @s ^0.08548 ^-0.28247 ^10.38647 ~144.95122 ~-14.36538
execute if entity @s[tag=aj.dynastic_sickleplay.bone.body] run data modify entity @s {} merge value {transformation:[0.8288857060704448f,-0.05881114334908162f,0.5563180166865654f,0.017626094504164413f,0.23323062277421874f,0.9402380484869237f,-0.2481045924158828f,0.26192300684355974f,-0.5084800515973561f,0.33540074775628476f,0.7930664382837509f,10.525568671887081f,0f,0f,0f,1f],start_interpolation:0}
execute if entity @s[tag=aj.dynastic_sickleplay.bone.right_leg2] run data modify entity @s {} merge value {transformation:[0.9871426679035301f,-0.15681212427690497f,0.030972744212695084f,0.19732075343300626f,0.1062529146536894f,0.4989928490281981f,-0.8600677035828737f,0.07846173059726441f,0.11941386574387548f,0.8523004718398823f,0.5092388775119365f,10.303169121661394f,0f,0f,0f,1f],start_interpolation:0}
execute if entity @s[tag=aj.dynastic_sickleplay.bone.right_leg] run data modify entity @s {} merge value {transformation:[0.9871426679035301f,-0.15886806481704163f,-0.017615084035813786f,0.14022754263938192f,0.1062529146536894f,0.7345252848540357f,-0.6702111040841487f,0.3424317548416835f,0.11941386574387548f,0.6597223233235222f,0.7419614442656149f,10.540256831605785f,0f,0f,0f,1f],start_interpolation:0}
execute if entity @s[tag=aj.dynastic_sickleplay.bone.left_leg2] run data modify entity @s {} merge value {transformation:[0.9881101376322697f,0.07163640645330173f,-0.13603889583054535f,-0.16272571316018578f,-0.06592080767260361f,0.9967607453693813f,0.04607020302176723f,0.14573609655163514f,0.13889853499633545f,-0.036554640760546375f,0.9896317270655477f,10.809058603042713f,0f,0f,0f,1f],start_interpolation:0}
execute if entity @s[tag=aj.dynastic_sickleplay.bone.left_leg] run data modify entity @s {} merge value {transformation:[0.9881101376322697f,0.1525254943488883f,-0.019347596283876174f,-0.10791186362855405f,-0.06592080767260361f,0.5339799752374929f,0.8429233851075423f,0.33763515015260914f,0.13889853499633545f,-0.8316257328985157f,0.5376856306029368f,10.510193105282308f,0f,0f,0f,1f],start_interpolation:0}