execute if entity @s[tag=aj.dynastic_sickleplay.bone.right_arm2] run data modify entity @s {} merge value {transformation:[0.9214357994941477f,-0.049582513292020014f,0.38535391756958626f,0.25178448142110954f,0.3324996359301997f,0.6137294281426959f,-0.7160867134208846f,1.1238082998469807f,-0.20099766047609968f,0.787957970584273f,0.581998433911852f,10.09939229700596f,0f,0f,0f,1f],start_interpolation:0}
execute if entity @s[tag=aj.dynastic_sickleplay.bone.right_arm] run data modify entity @s {} merge value {transformation:[0.9214357994941477f,-0.049582513292020014f,0.38535391756958626f,0.2393888530981045f,0.3324996359301997f,0.6137294281426959f,-0.7160867134208846f,1.2772406568826546f,-0.20099766047609968f,0.787957970584273f,0.581998433911852f,10.296381789652028f,0f,0f,0f,1f],start_interpolation:0}
execute if entity @s[tag=aj.dynastic_sickleplay.bone.lamina_slash] run data modify entity @s {} merge value {transformation:[1.365042374694813f,-1.2520821849271289f,0.16194106366407104f,0.3809277032399554f,1.2074505620922835f,1.2250600217558152f,-0.7060923975115918f,0.2884686471500465f,0.36877885787497566f,0.6235331073076612f,1.712449709831117f,12.031346931163428f,0f,0f,0f,1f],start_interpolation:0}
execute if entity @s[tag=aj.dynastic_sickleplay.locator_origin.sickle0] at @s on origin run tp @s ^-0.00253 ^0.67474 ^12.02844 ~-179.90745 ~-16.88792
execute if entity @s[tag=aj.dynastic_sickleplay.locator_origin.sickle1] at @s on origin run tp @s ^0.4216 ^0.19011 ^12.04529 ~-179.90745 ~-16.88792
execute if entity @s[tag=aj.dynastic_sickleplay.locator_origin.sickle2] at @s on origin run tp @s ^0.84616 ^-0.21282 ^11.79301 ~-179.90745 ~-16.88792
execute if entity @s[tag=aj.dynastic_sickleplay.locator_origin.sickle3] at @s on origin run tp @s ^0.12623 ^0.81532 ^11.09157 ~-179.90745 ~-16.88792
execute if entity @s[tag=aj.dynastic_sickleplay.locator_origin.sickle4] at @s on origin run tp @s ^0.25489 ^0.93773 ^10.21451 ~-179.90745 ~-16.88792
execute if entity @s[tag=aj.dynastic_sickleplay.locator_origin.sickle5] at @s on origin run tp @s ^0.38355 ^1.06015 ^9.33744 ~-179.90745 ~-16.88792
execute if entity @s[tag=aj.dynastic_sickleplay.locator_origin.lamina_rider] at @s on origin run tp @s ^0.81901 ^0.45057 ^10.98196 ~-179.90745 ~-16.88792
execute if entity @s[tag=aj.dynastic_sickleplay.bone.obsidian_lamina] run data modify entity @s {} merge value {transformation:[1.2847457644186475f,-1.1882428222756058f,-0.002704832498774859f,0.03838831858841053f,1.1364240584397962f,1.2298757792442414f,-0.508375773446759f,0.9094346252477972f,0.34708598388233003f,0.3714627342532117f,1.6745288163700138f,10.793419808324298f,0f,0f,0f,1f],start_interpolation:0}
execute if entity @s[tag=aj.dynastic_sickleplay.bone.left_arm2] run data modify entity @s {} merge value {transformation:[-0.09204305616725561f,-0.7253988449793621f,0.6821470453751145f,-0.04653384602355626f,-0.327521670440696f,0.6689923916074679f,0.667217157575445f,1.013528778601274f,-0.9403497387691068f,-0.16200523347696938f,-0.2991599457195851f,10.831941012812747f,0f,0f,0f,1f],start_interpolation:0}
execute if entity @s[tag=aj.dynastic_sickleplay.bone.left_arm] run data modify entity @s {} merge value {transformation:[-0.09204305616725561f,-0.7253988449793621f,0.6821470453751145f,-0.23938893928930374f,-0.327521670440696f,0.6689923916074679f,0.667217157575445f,1.139836667698054f,-0.9403497387691068f,-0.16200523347696938f,-0.2991599457195851f,10.673895987097366f,0f,0f,0f,1f],start_interpolation:0}
execute if entity @s[tag=aj.dynastic_sickleplay.bone.head] run data modify entity @s {} merge value {transformation:[0.9964321433017109f,0.04570267765260412f,0.07095244217460561f,-5.2106497442760275e-8f,-0.035757412149339196f,0.9901180800955887f,-0.1356008663106837f,1.3436194734965194f,-0.07644861850642481f,0.13257998613368382f,0.988219690152575f,10.534304292307587f,0f,0f,0f,1f],start_interpolation:0}
execute if entity @s[tag=aj.dynastic_sickleplay.bone.body_top] run data modify entity @s {} merge value {transformation:[0.7660444678198532f,-6.268450668256431e-8f,0.6427875802491783f,-2.7424472936500577e-8f,0.219846382695361f,0.9396925996950609f,-0.2620026452044004f,0.9736155123665892f,-0.6040227159125413f,0.3420202012722847f,0.7198463312286194f,10.399633838056625f,0f,0f,0f,1f],start_interpolation:0}
execute if entity @s[tag=aj.dynastic_sickleplay.locator_origin.player_camera] at @s on origin run tp @s ^0.04017 ^0.01755 ^10.1026 ~138.2367 ~-15.18893
execute if entity @s[tag=aj.dynastic_sickleplay.bone.body] run data modify entity @s {} merge value {transformation:[0.7660444678198532f,-6.268450668256431e-8f,0.6427875802491783f,-1.2628786905111156e-15f,0.219846382695361f,0.9396925996950609f,-0.2620026452044004f,0.5625f,-0.6040227159125413f,0.3420202012722847f,0.7198463312286194f,10.25f,0f,0f,0f,1f],start_interpolation:0}
execute if entity @s[tag=aj.dynastic_sickleplay.bone.right_leg2] run data modify entity @s {} merge value {transformation:[0.9961946980917455f,-0.043577871373829104f,0.07547908730517332f,0.14809270218306342f,0.08715574274765817f,0.498097349045873f,-0.8627299156628208f,0.37667420623547965f,-3.469446951953614e-18f,0.8660254037844386f,0.5000000000000002f,10.007209769138122f,0f,0f,0f,1f],start_interpolation:0}
execute if entity @s[tag=aj.dynastic_sickleplay.bone.right_leg] run data modify entity @s {} merge value {transformation:[0.9961946980917455f,-0.06425795390070171f,0.05888156633778745f,0.12499999999999874f,0.08715574274765817f,0.7344717739534479f,-0.6730193829094222f,0.640625f,-3.469446951953614e-18f,0.6755902076156601f,0.7372773368101242f,10.25f,0f,0f,0f,1f],start_interpolation:0}
execute if entity @s[tag=aj.dynastic_sickleplay.bone.left_leg2] run data modify entity @s {} merge value {transformation:[0.9961946974682871f,0.08583165565574685f,-0.015134451541471243f,-0.14714771778468896f,-0.08508980760008472f,0.9953895612777488f,0.04426449979239849f,0.4484770193371868f,0.01886397038399943f,-0.04280827240947688f,0.9989052019259222f,10.55288450397657f,0f,0f,0f,1f],start_interpolation:0}
execute if entity @s[tag=aj.dynastic_sickleplay.bone.left_leg] run data modify entity @s {} merge value {transformation:[0.9961946974682871f,0.06162843209652225f,0.06162841141382915f,-0.12500000000000128f,-0.08508980760008472f,0.5346726418443497f,0.840764468032376f,0.640625f,0.01886397038399943f,-0.8428090545434999f,0.5378820021164897f,10.25f,0f,0f,0f,1f],start_interpolation:0}