execute if entity @s[tag=aj.dynastic_sickleplay.bone.right_arm2] run data modify entity @s {} merge value {transformation:[0.21446637450222258f,-0.975332797768472f,-0.052250433538844676f,0.48234425360665606f,0.7550052866853758f,0.1994815673656361f,-0.6246391929413994f,13.587255527004421f,0.6196540900252383f,0.09451474952870559f,0.7791635071257639f,12.67811484637747f,0f,0f,0f,1f],start_interpolation:0}
execute if entity @s[tag=aj.dynastic_sickleplay.bone.right_arm] run data modify entity @s {} merge value {transformation:[0.21446637450222258f,-0.975332797768472f,-0.052250433538844676f,0.23851105416453805f,0.7550052866853758f,0.1994815673656361f,-0.6246391929413994f,13.63712591884583f,0.6196540900252383f,0.09451474952870559f,0.7791635071257639f,12.701743533759647f,0f,0f,0f,1f],start_interpolation:0}
execute if entity @s[tag=aj.dynastic_sickleplay.bone.lamina_slash] run data modify entity @s {} merge value {transformation:[-0.000006250372860103213f,-0.00001838687401793322f,-0.000008626598574081057f,-0.49473593361720847f,0.000015697068666164947f,-0.000010100785098840084f,0.00001015572132724959f,14.575909510291881f,-0.000012887877032288424f,-0.000003385188951255462f,0.00001655311515591281f,14.400468694198729f,0f,0f,0f,1f],start_interpolation:0}
execute if entity @s[tag=aj.dynastic_sickleplay.locator_origin.sickle0] at @s on origin run tp @s ^-0.6436 ^14.28125 ^14.14543 ~-145.55576 ~24.31698
execute if entity @s[tag=aj.dynastic_sickleplay.locator_origin.sickle1] at @s on origin run tp @s ^-0.22109 ^14.67912 ^14.42511 ~-145.55576 ~24.31698
execute if entity @s[tag=aj.dynastic_sickleplay.locator_origin.sickle2] at @s on origin run tp @s ^0.34639 ^14.96117 ^14.49343 ~-145.55576 ~24.31698
execute if entity @s[tag=aj.dynastic_sickleplay.locator_origin.sickle3] at @s on origin run tp @s ^-0.00948 ^13.99526 ^13.48956 ~-145.55576 ~24.31698
execute if entity @s[tag=aj.dynastic_sickleplay.locator_origin.sickle4] at @s on origin run tp @s ^0.59243 ^13.73501 ^12.88067 ~-145.55576 ~24.31698
execute if entity @s[tag=aj.dynastic_sickleplay.locator_origin.sickle5] at @s on origin run tp @s ^1.19434 ^13.47475 ^12.27177 ~-145.55576 ~24.31698
execute if entity @s[tag=aj.dynastic_sickleplay.bone.obsidian_lamina] run data modify entity @s {} merge value {transformation:[-0.5147365884790882f,-1.4085296810217949f,-0.9019924512774764f,0.11967294315130761f,1.2926997725077012f,-0.9338789860383542f,0.7206228816756434f,13.787054711558474f,-1.0613545791296348f,-0.4543282702150665f,1.3151472466016645f,13.27639345913286f,0f,0f,0f,1f],start_interpolation:0}
execute if entity @s[tag=aj.dynastic_sickleplay.bone.left_arm2] run data modify entity @s {} merge value {transformation:[0.8731083059002318f,-0.415211133870144f,-0.2555026428010022f,-0.2749495940583182f,0.006680434777727964f,-0.5138411825250244f,0.8578593188468978f,13.91838130349985f,-0.48748052059462643f,-0.7507109653199111f,-0.44586521347739017f,13.404765981018585f,0f,0f,0f,1f],start_interpolation:0}
execute if entity @s[tag=aj.dynastic_sickleplay.bone.left_arm] run data modify entity @s {} merge value {transformation:[0.8731083059002318f,-0.415211133870144f,-0.2555026428010022f,-0.2696138392883252f,0.006680434777727964f,-0.5138411825250244f,0.8578593188468978f,13.79075606221581f,-0.48748052059462643f,-0.7507109653199111f,-0.44586521347739017f,13.156153174614278f,0f,0f,0f,1f],start_interpolation:0}
execute if entity @s[tag=aj.dynastic_sickleplay.bone.head] run data modify entity @s {} merge value {transformation:[0.996210824140777f,0.03757919747063809f,-0.07843339711001346f,-0.01880090831892301f,-0.008438755680474613f,0.939342616979031f,0.34287641407590363f,13.819799145570427f,0.0865608529724583f,-0.3409153147695893f,0.9361004042773577f,12.966892282014157f,0f,0f,0f,1f],start_interpolation:0}
execute if entity @s[tag=aj.dynastic_sickleplay.bone.body_top] run data modify entity @s {} merge value {transformation:[0.7985575372711171f,-0.028884584506928275f,0.6012250331160128f,-0.00742760316932f,0.22467245967295424f,0.9409613781298376f,-0.253207367058112f,13.449295602931803f,-0.5584157461354339f,0.3372793584639576f,0.7579013714344025f,12.834088534618974f,0f,0f,0f,1f],start_interpolation:0}
execute if entity @s[tag=aj.dynastic_sickleplay.locator_origin.player_camera] at @s on origin run tp @s ^0.05903 ^12.49251 ^12.54418 ~141.57587 ~-14.66739
execute if entity @s[tag=aj.dynastic_sickleplay.bone.body] run data modify entity @s {} merge value {transformation:[0.7985575372711171f,-0.028884584506928275f,0.6012250331160128f,0.00520940255246112f,0.22467245967295424f,0.9409613781298376f,-0.253207367058112f,13.037625f,-0.5584157461354339f,0.3372793584639576f,0.7579013714344025f,12.686528815290993f,0f,0f,0f,1f],start_interpolation:0}
execute if entity @s[tag=aj.dynastic_sickleplay.bone.right_leg2] run data modify entity @s {} merge value {transformation:[0.9530084998731204f,-0.07387012254086786f,0.29379925827915576f,0.1556708049382563f,0.23493541558148476f,0.7924947614490154f,-0.5628120499611066f,12.845807807796442f,-0.1912593780057333f,0.6053885182852952f,0.7726089517040265f,12.570700449291296f,0f,0f,0f,1f],start_interpolation:0}
execute if entity @s[tag=aj.dynastic_sickleplay.bone.right_leg] run data modify entity @s {} merge value {transformation:[0.9530084998731204f,-0.15879832887567033f,0.25798815847995693f,0.09860265549856229f,0.23493541558148476f,0.925056534827292f,-0.29845562128879094f,13.17825f,-0.1912593780057333f,0.3450412991507214f,0.9188940919416353f,12.694699666173587f,0f,0f,0f,1f],start_interpolation:0}
execute if entity @s[tag=aj.dynastic_sickleplay.bone.left_leg2] run data modify entity @s {} merge value {transformation:[0.9999006623257488f,0.005796133743122657f,0.01284796926214657f,-0.12926734497060788f,0.00033278647791998295f,0.9015725613867053f,-0.4326277913030734f,12.761165427947704f,-0.014090945095675517f,0.43258909069490814f,0.9014810723903545f,12.858633332335158f,0f,0f,0f,1f],start_interpolation:0}
execute if entity @s[tag=aj.dynastic_sickleplay.bone.left_leg] run data modify entity @s {} merge value {transformation:[0.9999006623257488f,-0.0026213776190784806f,0.013848966023043835f,-0.13020940255246422f,0.00033278647791998295f,0.9866701135368231f,0.16273283720992746f,13.11575f,-0.014090945095675517f,-0.16271206295972906f,0.9865729723815163f,12.800158684709006f,0f,0f,0f,1f],start_interpolation:0}