execute if entity @s[tag=aj.dynastic_sickleplay.bone.right_arm2] run data modify entity @s {} merge value {transformation:[-0.7491328400447919f,0.3891401002179896f,-0.5360689977687172f,-0.3818216242210357f,0.6624017141069797f,0.43408828256664f,-0.6105664026839998f,7.016224221802038f,-0.004894600551546835f,-0.8124883662802057f,-0.5829568573614715f,11.961766432824117f,0f,0f,0f,1f],start_interpolation:0}
execute if entity @s[tag=aj.dynastic_sickleplay.bone.right_arm] run data modify entity @s {} merge value {transformation:[-0.7491328400447919f,0.3891401002179896f,-0.5360689977687172f,-0.2845365991665383f,0.6624017141069797f,0.43408828256664f,-0.6105664026839998f,7.124746292443699f,-0.004894600551546835f,-0.8124883662802057f,-0.5829568573614715f,11.758644341254065f,0f,0f,0f,1f],start_interpolation:0}
execute if entity @s[tag=aj.dynastic_sickleplay.bone.lamina_slash] run data modify entity @s {} merge value {transformation:[-1.4835502543814831f,3.2760717761032425f,-1.3027115415717994f,0.02144442824561399f,3.520113666580743f,1.2977592832251195f,-0.7451480504936543f,6.713286221361618f,-0.19622287602648555f,-1.487884256460415f,-3.5182839598732114f,9.987792200732992f,0f,0f,0f,1f],start_interpolation:0}
execute if entity @s[tag=aj.dynastic_sickleplay.locator_origin.sickle0] at @s on origin run tp @s ^-0.31461 ^6.53189 ^10.49267 ~-13.20378 ~-8.56075
execute if entity @s[tag=aj.dynastic_sickleplay.locator_origin.sickle1] at @s on origin run tp @s ^-0.90841 ^6.2825 ^10.50825 ~-13.20378 ~-8.56075
execute if entity @s[tag=aj.dynastic_sickleplay.locator_origin.sickle2] at @s on origin run tp @s ^-1.43868 ^6.07498 ^10.79459 ~-13.20378 ~-8.56075
execute if entity @s[tag=aj.dynastic_sickleplay.locator_origin.sickle3] at @s on origin run tp @s ^-0.27041 ^6.6036 ^11.44502 ~-13.20378 ~-8.56075
execute if entity @s[tag=aj.dynastic_sickleplay.locator_origin.sickle4] at @s on origin run tp @s ^-0.24032 ^6.66602 ^12.3372 ~-13.20378 ~-8.56075
execute if entity @s[tag=aj.dynastic_sickleplay.locator_origin.sickle5] at @s on origin run tp @s ^-0.21024 ^6.72843 ^13.22938 ~-13.20378 ~-8.56075
execute if entity @s[tag=aj.dynastic_sickleplay.locator_origin.lamina_rider] at @s on origin run tp @s ^-1.03758 ^6.56232 ^11.6314 ~-13.20378 ~-8.56075
execute if entity @s[tag=aj.dynastic_sickleplay.bone.obsidian_lamina] run data modify entity @s {} merge value {transformation:[-0.678748482396757f,1.5638285970550778f,-0.3952728382735716f,-0.11972925347693614f,1.6105095206578564f,0.6331651485146308f,-0.26050139841629644f,6.615216548817862f,-0.08977517203826137f,-0.46480319893390537f,-1.6847547016543116f,11.732475918379025f,0f,0f,0f,1f],start_interpolation:0}
execute if entity @s[tag=aj.dynastic_sickleplay.bone.left_arm2] run data modify entity @s {} merge value {transformation:[-0.174587916521944f,0.8909923407756429f,-0.41910822955850796f,-0.043347039998585635f,-0.19742172039394873f,0.3853263506954334f,0.9014145926134285f,6.7015885514902145f,0.9646469425241653f,0.240117163357558f,0.10862791602483918f,11.310442881024702f,0f,0f,0f,1f],start_interpolation:0}
execute if entity @s[tag=aj.dynastic_sickleplay.bone.left_arm] run data modify entity @s {} merge value {transformation:[-0.174587916521944f,0.8909923407756429f,-0.41910822955850796f,0.1575775556300821f,-0.19742172039394873f,0.3853263506954334f,0.9014145926134285f,6.773242424114829f,0.9646469425241653f,0.240117163357558f,0.10862791602483918f,11.491053039679612f,0f,0f,0f,1f],start_interpolation:0}
execute if entity @s[tag=aj.dynastic_sickleplay.bone.head] run data modify entity @s {} merge value {transformation:[-0.8479382560956037f,0.46699289014962675f,0.2508353133018647f,-0.005872428426586168f,0.508833903670295f,0.849707821273545f,0.1381473016103254f,7.066592652562496f,-0.1486229199188166f,0.24477389365752195f,-0.9581215834425927f,11.565551755652283f,0f,0f,0f,1f],start_interpolation:0}
execute if entity @s[tag=aj.dynastic_sickleplay.bone.body_top] run data modify entity @s {} merge value {transformation:[-0.7073826476745926f,0.4007449971592481f,-0.58224843239009f,-0.16366577105804012f,0.5624061893261911f,0.8180750906659608f,-0.12021823588571091f,6.744475585612774f,0.42814608251912745f,-0.412500416101262f,-0.8040735903757878f,11.727973794492154f,0f,0f,0f,1f],start_interpolation:0}
execute if entity @s[tag=aj.dynastic_sickleplay.locator_origin.player_camera] at @s on origin run tp @s ^-0.8078 ^5.83019 ^11.86473 ~-35.90917 ~-6.9047
execute if entity @s[tag=aj.dynastic_sickleplay.bone.body] run data modify entity @s {} merge value {transformation:[-0.7073826476745926f,0.4007449971592481f,-0.58224843239009f,-0.33899170731521117f,0.5624061893261911f,0.8180750906659608f,-0.12021823588571091f,6.386567733446416f,0.42814608251912745f,-0.412500416101262f,-0.8040735903757878f,11.908442726536457f,0f,0f,0f,1f],start_interpolation:0}
execute if entity @s[tag=aj.dynastic_sickleplay.bone.right_leg2] run data modify entity @s {} merge value {transformation:[-0.8800999771038011f,0.3517734662102104f,-0.31887216681978214f,-0.5793486717416535f,0.4327293428939489f,0.31794842072179486f,-0.8435959444894741f,6.302801538657634f,-0.19536976762145203f,-0.8804341146451394f,-0.43204909867811236f,12.133435003142509f,0f,0f,0f,1f],start_interpolation:0}
execute if entity @s[tag=aj.dynastic_sickleplay.bone.right_leg] run data modify entity @s {} merge value {transformation:[-0.8800999771038011f,0.4313790274113388f,-0.1983334692167119f,-0.42432183376570365f,0.4327293428939489f,0.5569069912522743f,-0.7089428177878034f,6.50293998863892f,-0.19536976762145203f,-0.7097652695109748f,-0.6768041933200126f,11.878363109412001f,0f,0f,0f,1f],start_interpolation:0}
execute if entity @s[tag=aj.dynastic_sickleplay.bone.left_leg2] run data modify entity @s {} merge value {transformation:[-0.9417138070808491f,0.2870390171662866f,0.17545286597119386f,-0.21855888845214871f,0.2708326339178765f,0.9562352709728281f,-0.11074200175465332f,6.2463770085108665f,-0.19956149417760674f,-0.05676891025671005f,-0.9782394905491532f,11.510011428583404f,0f,0f,0f,1f],start_interpolation:0}
execute if entity @s[tag=aj.dynastic_sickleplay.bone.left_leg] run data modify entity @s {} merge value {transformation:[-0.9417138070808491f,0.02091624272327955f,0.33576422731380173f,-0.21104211372347012f,0.2708326339178765f,0.6391885561637511f,0.7197830743178146f,6.476085395882214f,-0.19956149417760674f,0.7687655692469844f,-0.6075974897758886f,11.78628655503154f,0f,0f,0f,1f],start_interpolation:0}