execute if entity @s[tag=aj.dynastic_sickleplay.bone.right_arm2] run data modify entity @s {} merge value {transformation:[0.5495968185253274f,-0.6176327610443744f,-0.5625594275732486f,0.45303079598162244f,-0.031447341212346935f,0.6576052324396784f,-0.7527060668007337f,1.182183585014408f,0.8348379494234273f,0.4313758578695144f,0.3419948354139693f,12.817148231563694f,0f,0f,0f,1f],start_interpolation:0}
execute if entity @s[tag=aj.dynastic_sickleplay.bone.right_arm] run data modify entity @s {} merge value {transformation:[0.5495968185253274f,-0.6176327610443744f,-0.5625594275732486f,0.29862260572052884f,-0.031447341212346935f,0.6576052324396784f,-0.7527060668007337f,1.3465848931243276f,0.8348379494234273f,0.4313758578695144f,0.3419948354139693f,12.924992196031072f,0f,0f,0f,1f],start_interpolation:0}
execute if entity @s[tag=aj.dynastic_sickleplay.bone.lamina_slash] run data modify entity @s {} merge value {transformation:[0.000006853679479780911f,-0.000007844959056361406f,-0.000018521506283033334f,-1.0960852127204979f,-0.00001942512735695223f,0.000002497053334984782f,-0.000008245705052233401f,0.7307436413540179f,0.000005220536826286752f,0.000019590401783686176f,-0.000006365897674258462f,11.196601590140387f,0f,0f,0f,1f],start_interpolation:0}
execute if entity @s[tag=aj.dynastic_sickleplay.locator_origin.sickle0] at @s on origin run tp @s ^-1.64244 ^0.93028 ^12.65634 ~-79.0401 ~-21.67711
execute if entity @s[tag=aj.dynastic_sickleplay.locator_origin.sickle1] at @s on origin run tp @s ^-1.62733 ^0.7681 ^12.03304 ~-79.0401 ~-21.67711
execute if entity @s[tag=aj.dynastic_sickleplay.locator_origin.sickle2] at @s on origin run tp @s ^-1.35564 ^0.7098 ^11.45942 ~-79.0401 ~-21.67711
execute if entity @s[tag=aj.dynastic_sickleplay.locator_origin.sickle3] at @s on origin run tp @s ^-0.73983 ^1.24523 ^12.64326 ~-79.0401 ~-21.67711
execute if entity @s[tag=aj.dynastic_sickleplay.locator_origin.sickle4] at @s on origin run tp @s ^0.10575 ^1.53709 ^12.61915 ~-79.0401 ~-21.67711
execute if entity @s[tag=aj.dynastic_sickleplay.locator_origin.sickle5] at @s on origin run tp @s ^0.95134 ^1.82896 ^12.59503 ~-79.0401 ~-21.67711
execute if entity @s[tag=aj.dynastic_sickleplay.locator_origin.lamina_rider] at @s on origin run tp @s ^-7.99833 ^7.63745 ^8.81433 ~-79.0401 ~-21.67711
execute if entity @s[tag=aj.dynastic_sickleplay.bone.obsidian_lamina] run data modify entity @s {} merge value {transformation:[0.5644206630407809f,-0.441436689219923f,-1.5965785181265462f,-0.4906525402959017f,-1.5997163705725364f,0.29251527366226654f,-0.646407262023347f,1.4282415859859263f,0.4299265621647913f,1.6679533758726115f,-0.30918390491796544f,12.742691617062558f,0f,0f,0f,1f],start_interpolation:0}
execute if entity @s[tag=aj.dynastic_sickleplay.bone.left_arm2] run data modify entity @s {} merge value {transformation:[0.5998226069876923f,0.7847611072994571f,0.15608601672353087f,-0.595167183285138f,-0.02762893359462737f,0.2152729676066826f,-0.976162994302814f,1.2962202679219854f,-0.7996558523358108f,0.5812121418965213f,0.15080770516504038f,12.825173802881633f,0f,0f,0f,1f],start_interpolation:0}
execute if entity @s[tag=aj.dynastic_sickleplay.bone.left_arm] run data modify entity @s {} merge value {transformation:[0.5998226069876923f,0.7847611072994571f,0.15608601672353087f,-0.3239990805868122f,-0.02762893359462737f,0.2152729676066826f,-0.976162994302814f,1.3465848931243276f,-0.7996558523358108f,0.5812121418965213f,0.15080770516504038f,12.870519856813786f,0f,0f,0f,1f],start_interpolation:0}
execute if entity @s[tag=aj.dynastic_sickleplay.bone.head] run data modify entity @s {} merge value {transformation:[0.9961946980917458f,-0.011376107230962051f,-0.08641011328638232f,-0.02251532756257195f,0f,0.9914448613738105f,-0.13052619222005157f,1.455474861400007f,0.08715574274765704f,0.13002950065171942f,0.9876721143508959f,13.010080180585769f,0f,0f,0f,1f],start_interpolation:0}
execute if entity @s[tag=aj.dynastic_sickleplay.bone.body_top] run data modify entity @s {} merge value {transformation:[0.9961946980917458f,-0.03335305878500217f,-0.08052140686537936f,-0.009382560665977344f,0f,0.9238795325112867f,-0.3826834323650897f,1.0916972954736879f,0.08715574274765704f,0.38122720636965357f,0.9203638919632245f,12.859971968077717f,0f,0f,0f,1f],start_interpolation:0}
execute if entity @s[tag=aj.dynastic_sickleplay.locator_origin.player_camera] at @s on origin run tp @s ^0.01894 ^0.1439 ^12.53627 ~-175 ~-22.5
execute if entity @s[tag=aj.dynastic_sickleplay.bone.body] run data modify entity @s {} merge value {transformation:[0.9961946980917458f,-0.03335305878500217f,-0.08052140686537936f,0.0052094025524611065f,0f,0.9238795325112867f,-0.3826834323650897f,0.6875f,0.08715574274765704f,0.38122720636965357f,0.9203638919632245f,12.693185065290994f,0f,0f,0f,1f],start_interpolation:0}
execute if entity @s[tag=aj.dynastic_sickleplay.bone.right_leg2] run data modify entity @s {} merge value {transformation:[0.9596530827812342f,-0.1598959665947404f,0.23129902847873723f,0.2095324026039534f,0.28117164760388946f,0.5371631248631914f,-0.795234733818214f,0.4955786671831004f,0.002909517518115634f,0.8281841927699087f,0.5604484611040224f,12.480791507987405f,0f,0f,0f,1f],start_interpolation:0}
execute if entity @s[tag=aj.dynastic_sickleplay.bone.right_leg] run data modify entity @s {} merge value {transformation:[0.9596530827812342f,-0.22204845298093648f,0.17251215967938865f,0.12973373981392933f,0.28117164760388946f,0.7514332739252858f,-0.5969007785399852f,0.765625f,0.002909517518115634f,0.6213232004091747f,0.7835489871993409f,12.704079533134452f,0f,0f,0f,1f],start_interpolation:0}
execute if entity @s[tag=aj.dynastic_sickleplay.bone.left_leg2] run data modify entity @s {} merge value {transformation:[0.980025751390548f,0.11532903600944636f,-0.16201462916824444f,-0.18849036842463324f,-0.1074800349429576f,0.9926043559289297f,0.05643256754371212f,0.5053998030448673f,0.16732474025096392f,-0.037892031405651005f,0.9851733985730131f,12.920298994074457f,0f,0f,0f,1f],start_interpolation:0}
execute if entity @s[tag=aj.dynastic_sickleplay.bone.left_leg] run data modify entity @s {} merge value {transformation:[0.980025751390548f,0.1924881633826118f,-0.049978330994350714f,-0.11931493470900711f,-0.1074800349429576f,0.7241048958751518f,0.6812636360898006f,0.765625f,0.16732474025096392f,-0.6622842340923001f,0.7303300791920891f,12.682290597447537f,0f,0f,0f,1f],start_interpolation:0}