execute if entity @s[tag=aj.dynastic_sickleplay.bone.right_arm2] run data modify entity @s {} merge value {transformation:[0.21487555440817468f,-0.972374672593574f,-0.0911920622440357f,0.48646467350268374f,0.7573404544315067f,0.22485431453456448f,-0.6130872477198251f,13.478565503287129f,0.6166554404197364f,0.06267402439393521f,0.7847343719163891f,12.70199612721859f,0f,0f,0f,1f],start_interpolation:0}
execute if entity @s[tag=aj.dynastic_sickleplay.bone.right_arm] run data modify entity @s {} merge value {transformation:[0.21487555440817468f,-0.972374672593574f,-0.0911920622440357f,0.24337100535429024f,0.7573404544315067f,0.22485431453456448f,-0.6130872477198251f,13.534779081920771f,0.6166554404197364f,0.06267402439393521f,0.7847343719163891f,12.717664633317074f,0f,0f,0f,1f],start_interpolation:0}
execute if entity @s[tag=aj.dynastic_sickleplay.bone.lamina_slash] run data modify entity @s {} merge value {transformation:[-0.00000602769427584975f,-0.000018643960669715585f,-0.000008223875744622277f,-0.1739204400521887f,0.000015152914706882307f,-0.000009835078164106315f,0.00001119030443696102f,14.671160570225771f,-0.000013624190897181331f,-0.0000026900684102858273f,0.00001608438542018762f,14.455889971845146f,0f,0f,0f,1f],start_interpolation:0}
execute if entity @s[tag=aj.dynastic_sickleplay.locator_origin.sickle0] at @s on origin run tp @s ^-0.66185 ^14.23135 ^14.18823 ~-145.82955 ~27.49598
execute if entity @s[tag=aj.dynastic_sickleplay.locator_origin.sickle1] at @s on origin run tp @s ^-0.22761 ^14.63324 ^14.44309 ~-145.82955 ~27.49598
execute if entity @s[tag=aj.dynastic_sickleplay.locator_origin.sickle2] at @s on origin run tp @s ^0.34676 ^14.90528 ^14.49155 ~-145.82955 ~27.49598
execute if entity @s[tag=aj.dynastic_sickleplay.locator_origin.sickle3] at @s on origin run tp @s ^-0.04115 ^13.89745 ^13.54224 ~-145.82955 ~27.49598
execute if entity @s[tag=aj.dynastic_sickleplay.locator_origin.sickle4] at @s on origin run tp @s ^0.54842 ^13.5924 ^12.94213 ~-145.82955 ~27.49598
execute if entity @s[tag=aj.dynastic_sickleplay.locator_origin.sickle5] at @s on origin run tp @s ^1.13798 ^13.28735 ^12.34201 ~-145.82955 ~27.49598
execute if entity @s[tag=aj.dynastic_sickleplay.bone.obsidian_lamina] run data modify entity @s {} merge value {transformation:[-0.4963983521288029f,-1.433849349504234f,-0.8718742563753645f,0.08106401109254169f,1.2478870935079545f,-0.9233053969961003f,0.8079510788000387f,13.675625514790505f,-1.1219921915325801f,-0.3925343129003638f,1.2843482142066305f,13.338946629782043f,0f,0f,0f,1f],start_interpolation:0}
execute if entity @s[tag=aj.dynastic_sickleplay.bone.left_arm2] run data modify entity @s {} merge value {transformation:[0.9104025579046864f,-0.33554990508534055f,-0.24201951110979344f,-0.305715606454802f,0.021906085574457133f,-0.5450619869071542f,0.8381095118441448f,13.82455626617086f,-0.4131432027462254f,-0.768318743508217f,-0.4888752421615835f,13.402211222906582f,0f,0f,0f,1f],start_interpolation:0}
execute if entity @s[tag=aj.dynastic_sickleplay.bone.left_arm] run data modify entity @s {} merge value {transformation:[0.9104025579046864f,-0.33554990508534055f,-0.24201951110979344f,-0.27580276298805134f,0.021906085574457133f,-0.5450619869071542f,0.8381095118441448f,13.691029030140879f,-0.4131432027462254f,-0.768318743508217f,-0.4888752421615835f,13.158488636686249f,0f,0f,0f,1f],start_interpolation:0}
execute if entity @s[tag=aj.dynastic_sickleplay.bone.head] run data modify entity @s {} merge value {transformation:[0.9961946930759622f,0.026208205941156415f,-0.08312197921510323f,-0.019569401118168843f,4.5761102601682424e-8f,0.953716969291399f,0.3007057406928354f,13.718619473496519f,0.08715580007829676f,-0.2995614668594322f,0.9500877823052654f,12.976407489391157f,0f,0f,0f,1f],start_interpolation:0}
execute if entity @s[tag=aj.dynastic_sickleplay.bone.body_top] run data modify entity @s {} merge value {transformation:[0.8157734857864654f,-0.02980908712256234f,0.5776028377810477f,-0.007832073063659918f,0.219846382695361f,0.9396925996950609f,-0.2620026452044004f,13.348615512366589f,-0.5349590525484774f,0.34071870568440704f,0.7731297275963316f,12.842249499027922f,0f,0f,0f,1f],start_interpolation:0}
execute if entity @s[tag=aj.dynastic_sickleplay.locator_origin.player_camera] at @s on origin run tp @s ^0.05808 ^12.39255 ^12.54985 ~143.2367 ~-15.18893
execute if entity @s[tag=aj.dynastic_sickleplay.bone.body] run data modify entity @s {} merge value {transformation:[0.8157734857864654f,-0.02980908712256234f,0.5776028377810477f,0.0052094025524611065f,0.219846382695361f,0.9396925996950609f,-0.2620026452044004f,12.9375f,-0.5349590525484774f,0.34071870568440704f,0.7731297275963316f,12.693185065290994f,0f,0f,0f,1f],start_interpolation:0}
execute if entity @s[tag=aj.dynastic_sickleplay.bone.right_leg2] run data modify entity @s {} merge value {transformation:[0.8335175361143852f,-0.2521687232305036f,0.4915887020814276f,0.26928665650210215f,0.32395633105334554f,0.9438271760536515f,-0.06513491623580031f,12.7475968790757f,-0.44754978780048593f,0.21354436720945658f,0.8683881566861981f,12.724732265328417f,0f,0f,0f,1f],start_interpolation:0}
execute if entity @s[tag=aj.dynastic_sickleplay.bone.right_leg] run data modify entity @s {} merge value {transformation:[0.8335175361143852f,-0.38832115948013307f,0.39300788044237733f,0.12973373981392933f,0.32395633105334554f,0.9197304234415287f,0.2216940318694249f,13.078125f,-0.44754978780048593f,-0.05746847219190257f,0.892410534531988f,12.704079533134452f,0f,0f,0f,1f],start_interpolation:0}
execute if entity @s[tag=aj.dynastic_sickleplay.bone.left_leg2] run data modify entity @s {} merge value {transformation:[0.9920327371638837f,0.040854527026665546f,0.11917195985868641f,-0.13330666518077638f,0.06555315850737643f,0.640406436937562f,-0.7652335453563461f,12.722144233722908f,-0.1075817447564395f,0.7669488269437301f,0.6326260072466169f,12.599426802419277f,0f,0f,0f,1f],start_interpolation:0}
execute if entity @s[tag=aj.dynastic_sickleplay.bone.left_leg] run data modify entity @s {} merge value {transformation:[0.9920327371638837f,0.008618469922259842f,0.12568520347014606f,-0.13020940255246424f,0.06555315850737643f,0.8166421322492987f,-0.5734094621167544f,13.015625f,-0.1075817447564395f,0.5770800202844645f,0.8095707618137172f,12.806814934709006f,0f,0f,0f,1f],start_interpolation:0}