execute if entity @s[tag=aj.dynastic_sickleplay.bone.right_arm2] run data modify entity @s {} merge value {transformation:[0.3721335352506251f,-0.8904169881423546f,-0.26205766382491064f,0.3367905076847679f,0.4521709617825974f,0.4204797480497174f,-0.7865991372997093f,4.082637604372768f,0.8105911751693776f,0.17422505189422233f,0.5590953210589256f,11.621574729410007f,0f,0f,0f,1f],start_interpolation:0}
execute if entity @s[tag=aj.dynastic_sickleplay.bone.right_arm] run data modify entity @s {} merge value {transformation:[0.3721335352506251f,-0.8904169881423546f,-0.26205766382491064f,0.1141862606491793f,0.4521709617825974f,0.4204797480497174f,-0.7865991372997093f,4.1877575413851975f,0.8105911751693776f,0.17422505189422233f,0.5590953210589256f,11.665130992383563f,0f,0f,0f,1f],start_interpolation:0}
execute if entity @s[tag=aj.dynastic_sickleplay.bone.lamina_slash] run data modify entity @s {} merge value {transformation:[0.8633837635874235f,-1.8118124542082132f,-2.4762997309594033f,-1.8882641301743779f,2.375901606178725f,2.0225824555384646f,-0.6514660530720998f,4.186731599863887f,1.9416014741782006f,-1.6693268377774315f,1.8983381875063874f,12.351800972272155f,0f,0f,0f,1f],start_interpolation:0}
execute if entity @s[tag=aj.dynastic_sickleplay.locator_origin.sickle0] at @s on origin run tp @s ^-1.53221 ^3.96762 ^12.35899 ~-121.72832 ~-6.88111
execute if entity @s[tag=aj.dynastic_sickleplay.locator_origin.sickle1] at @s on origin run tp @s ^-1.37531 ^3.53904 ^12.81367 ~-121.72832 ~-6.88111
execute if entity @s[tag=aj.dynastic_sickleplay.locator_origin.sickle2] at @s on origin run tp @s ^-0.98092 ^3.14415 ^13.12151 ~-121.72832 ~-6.88111
execute if entity @s[tag=aj.dynastic_sickleplay.locator_origin.sickle3] at @s on origin run tp @s ^-0.65391 ^3.95698 ^11.98145 ~-121.72832 ~-6.88111
execute if entity @s[tag=aj.dynastic_sickleplay.locator_origin.sickle4] at @s on origin run tp @s ^0.17161 ^3.93886 ^11.63654 ~-121.72832 ~-6.88111
execute if entity @s[tag=aj.dynastic_sickleplay.locator_origin.sickle5] at @s on origin run tp @s ^0.99713 ^3.92073 ^11.29163 ~-121.72832 ~-6.88111
execute if entity @s[tag=aj.dynastic_sickleplay.bone.obsidian_lamina] run data modify entity @s {} merge value {transformation:[0.4740146153028992f,-0.8087553889992904f,-1.4777431661976472f,-0.43584475854628f,1.3044165680981235f,1.1476224751855633f,-0.20966657177545545f,3.9888229349504303f,1.0659772799409728f,-1.0446900857256982f,0.9136821457356369f,11.742911195321732f,0f,0f,0f,1f],start_interpolation:0}
execute if entity @s[tag=aj.dynastic_sickleplay.bone.left_arm2] run data modify entity @s {} merge value {transformation:[0.7226550089509007f,-0.17023202971870727f,0.6699184980995991f,-0.5022897003205498f,-0.49238834823927774f,0.5534158025976293f,0.6717772428070315f,4.088774182040089f,-0.48510148686266613f,-0.8153232521479262f,0.3161084338491458f,11.671314631732157f,0f,0f,0f,1f],start_interpolation:0}
execute if entity @s[tag=aj.dynastic_sickleplay.bone.left_arm] run data modify entity @s {} merge value {transformation:[0.7226550089509007f,-0.17023202971870727f,0.6699184980995991f,-0.45451583163136394f,-0.49238834823927774f,0.5534158025976293f,0.6717772428070315f,4.165579589159586f,-0.48510148686266613f,-0.8153232521479262f,0.3161084338491458f,11.406846132837343f,0f,0f,0f,1f],start_interpolation:0}
execute if entity @s[tag=aj.dynastic_sickleplay.bone.head] run data modify entity @s {} merge value {transformation:[0.8794316012921701f,-0.3477546222150582f,-0.32506427268580507f,-0.18733708601002774f,0.07530343985670405f,0.7759052381190696f,-0.6263389285404009f,4.317045739985235f,0.4700313293754332f,0.5263437889701483f,0.7085427052888986f,11.561745569706142f,0f,0f,0f,1f],start_interpolation:0}
execute if entity @s[tag=aj.dynastic_sickleplay.bone.body_top] run data modify entity @s {} merge value {transformation:[0.9099233476488692f,-0.11945948187085514f,-0.3972013766272996f,-0.14029991502337852f,0.03548472356097809f,0.9765368675676018f,-0.21240663990341024f,3.9325343483804915f,0.413255775273953f,0.17917917979609935f,0.8928126823305778f,11.491193767661429f,0f,0f,0f,1f],start_interpolation:0}
execute if entity @s[tag=aj.dynastic_sickleplay.locator_origin.player_camera] at @s on origin run tp @s ^-0.04567 ^2.94272 ^11.36782 ~-156.01631 ~-12.26342
execute if entity @s[tag=aj.dynastic_sickleplay.bone.body] run data modify entity @s {} merge value {transformation:[0.9099233476488692f,-0.11945948187085514f,-0.3972013766272996f,-0.0880363917048794f,0.03548472356097809f,0.9765368675676018f,-0.21240663990341024f,3.5052994688196657f,0.413255775273953f,0.17917917979609935f,0.8928126823305778f,11.412802876500635f,0f,0f,0f,1f],start_interpolation:0}
execute if entity @s[tag=aj.dynastic_sickleplay.bone.right_leg2] run data modify entity @s {} merge value {transformation:[0.4567660930687365f,-0.6826676069183177f,-0.5703767830891608f,0.15450852150785932f,-0.023425210535825483f,0.6317179298418901f,-0.7748443176713816f,3.268028236260203f,0.8892783567219403f,0.3672838079478785f,0.2725556983173007f,11.4296580698961f,0f,0f,0f,1f],start_interpolation:0}
execute if entity @s[tag=aj.dynastic_sickleplay.bone.right_leg] run data modify entity @s {} merge value {transformation:[0.4567660930687365f,-0.47955606186722577f,-0.7492601148794189f,-0.01783193822567495f,-0.023425210535825483f,0.8354802778185055f,-0.5490209147998507f,3.5682789611012287f,0.8892783567219403f,0.2683257142032987f,0.37038536062217037f,11.52608762343791f,0f,0f,0f,1f],start_interpolation:0}
execute if entity @s[tag=aj.dynastic_sickleplay.bone.left_leg2] run data modify entity @s {} merge value {transformation:[0.4071874485310857f,0.26640247342441953f,-0.8736292714373163f,-0.4403580340418454f,-0.18940290938863258f,0.9603529813164955f,0.20456952165862863f,3.4578814562536784f,0.8934903019472936f,0.08216978416589732f,0.4415010836863983f,11.4165050573285f,0f,0f,0f,1f],start_interpolation:0}
execute if entity @s[tag=aj.dynastic_sickleplay.bone.left_leg] run data modify entity @s {} merge value {transformation:[0.4071874485310857f,0.8684373849904629f,-0.2828690334937197f,-0.12826334881089785f,-0.18940290938863258f,0.38326229879673157f,0.9040113651034295f,3.5956163448837537f,0.8934903019472936f,-0.31452586327990834f,0.3205441649042494f,11.303472325212283f,0f,0f,0f,1f],start_interpolation:0}