execute if entity @s[tag=aj.dynastic_sickleplay.bone.right_arm2] run data modify entity @s {} merge value {transformation:[0.5279979664893426f,-0.5578716042092118f,-0.6403104095672346f,0.4305210106299037f,0.022096302319616234f,0.7627446781684657f,-0.6463221405378928f,1.1465069631478486f,0.8489581266510848f,0.3271082835128516f,0.41505453864565395f,12.922932436322663f,0f,0f,0f,1f],start_interpolation:0}
execute if entity @s[tag=aj.dynastic_sickleplay.bone.right_arm] run data modify entity @s {} merge value {transformation:[0.5279979664893426f,-0.5578716042092118f,-0.6403104095672346f,0.2910531095776008f,0.022096302319616234f,0.7627446781684657f,-0.6463221405378928f,1.337193132689965f,0.8489581266510848f,0.3271082835128516f,0.41505453864565395f,13.004709507200875f,0f,0f,0f,1f],start_interpolation:0}
execute if entity @s[tag=aj.dynastic_sickleplay.bone.lamina_slash] run data modify entity @s {} merge value {transformation:[0.0000057367543438071436f,-0.000007709121997414538f,-0.000018953141893305956f,-1.1321459128619464f,-0.000020366910721290402f,-2.6606056448363815e-7f,-0.000006056456013793251f,1.0483756173603886f,0.0000019598717483028567f,0.000019800534078781966f,-0.000007460579932230358f,11.192472593865977f,0f,0f,0f,1f],start_interpolation:0}
execute if entity @s[tag=aj.dynastic_sickleplay.locator_origin.sickle0] at @s on origin run tp @s ^-1.66768 ^1.03969 ^12.66973 ~-76.33765 ~-16.51137
execute if entity @s[tag=aj.dynastic_sickleplay.locator_origin.sickle1] at @s on origin run tp @s ^-1.66121 ^0.97979 ^12.02832 ~-76.33765 ~-16.51137
execute if entity @s[tag=aj.dynastic_sickleplay.locator_origin.sickle2] at @s on origin run tp @s ^-1.39271 ^0.99982 ^11.4506 ~-76.33765 ~-16.51137
execute if entity @s[tag=aj.dynastic_sickleplay.locator_origin.sickle3] at @s on origin run tp @s ^-0.74866 ^1.30148 ^12.70023 ~-76.33765 ~-16.51137
execute if entity @s[tag=aj.dynastic_sickleplay.locator_origin.sickle4] at @s on origin run tp @s ^0.11213 ^1.54551 ^12.71657 ~-76.33765 ~-16.51137
execute if entity @s[tag=aj.dynastic_sickleplay.locator_origin.sickle5] at @s on origin run tp @s ^0.97293 ^1.78955 ^12.73291 ~-76.33765 ~-16.51137
execute if entity @s[tag=aj.dynastic_sickleplay.bone.obsidian_lamina] run data modify entity @s {} merge value {transformation:[0.4724385930194118f,-0.42570606631419033f,-1.630360733374408f,-0.4895975568822599f,-1.6772750005768566f,0.043378733370588576f,-0.49735988773831274f,1.4517478194868476f,0.1614012028014117f,1.696877317484815f,-0.39630420277836564f,12.825833837355175f,0f,0f,0f,1f],start_interpolation:0}
execute if entity @s[tag=aj.dynastic_sickleplay.bone.left_arm2] run data modify entity @s {} merge value {transformation:[0.6186667576083202f,0.7788445718851918f,0.10321131660520794f,-0.6027072727504734f,0.07578393468954897f,0.07159818139018734f,-0.9945503987554314f,1.3134811414693384f,-0.7819899221047406f,0.6231170301529162f,-0.014728491437737412f,12.882796701803993f,0f,0f,0f,1f],start_interpolation:0}
execute if entity @s[tag=aj.dynastic_sickleplay.bone.left_arm] run data modify entity @s {} merge value {transformation:[0.6186667576083202f,0.7788445718851918f,0.10321131660520794f,-0.3306627850781354f,0.07578393468954897f,0.07159818139018734f,-0.9945503987554314f,1.340853678653079f,-0.7819899221047406f,0.6231170301529162f,-0.014728491437737412f,12.94082721907913f,0f,0f,0f,1f],start_interpolation:0}
execute if entity @s[tag=aj.dynastic_sickleplay.bone.head] run data modify entity @s {} merge value {transformation:[0.9955235969373591f,-0.034003224332930876f,-0.08818474174066178f,-0.03199331462767613f,-0.00038368836821012567f,0.9315786532294614f,-0.36353963419470336f,1.434046725773153f,0.0945125426815877f,0.3619461197224623f,0.9273954850513961f,13.096834160877622f,0f,0f,0f,1f],start_interpolation:0}
execute if entity @s[tag=aj.dynastic_sickleplay.bone.body_top] run data modify entity @s {} merge value {transformation:[0.9947454314491779f,-0.04475514848738314f,-0.09207878851755939f,-0.014370974910769017f,-0.005856873540982003f,0.8730386675967757f,-0.4876158138464866f,1.0902877504069226f,0.10221166099479104f,0.4855928969463195f,0.8681891008253716f,12.905631957705008f,0f,0f,0f,1f],start_interpolation:0}
execute if entity @s[tag=aj.dynastic_sickleplay.locator_origin.player_camera] at @s on origin run tp @s ^0.02463 ^0.18677 ^12.4743 ~-173.94593 ~-29.184
execute if entity @s[tag=aj.dynastic_sickleplay.bone.body] run data modify entity @s {} merge value {transformation:[0.9947454314491779f,-0.04475514848738314f,-0.09207878851755939f,0.0052094025524611065f,-0.005856873540982003f,0.8730386675967757f,-0.4876158138464866f,0.7083333333333333f,0.10221166099479104f,0.4855928969463195f,0.8681891008253716f,12.693185065290994f,0f,0f,0f,1f],start_interpolation:0}
execute if entity @s[tag=aj.dynastic_sickleplay.bone.right_leg2] run data modify entity @s {} merge value {transformation:[0.9596530827812342f,-0.14266763019641165f,0.24230540233889541f,0.2048169440396504f,0.28117164760388946f,0.4779632159714302f,-0.83216204477371f,0.5327117052141428f,0.002909517518115648f,0.8667162808395766f,0.4987929663050834f,12.460922070188444f,0f,0f,0f,1f],start_interpolation:0}
execute if entity @s[tag=aj.dynastic_sickleplay.bone.right_leg] run data modify entity @s {} merge value {transformation:[0.9596530827812342f,-0.20892717697591948f,0.1881897856668817f,0.12973373981392933f,0.28117164760388946f,0.7060775738968779f,-0.6499207368776697f,0.7864583333333333f,0.002909517518115648f,0.6766120708062869f,0.7363339190523822f,12.704079533134452f,0f,0f,0f,1f],start_interpolation:0}
execute if entity @s[tag=aj.dynastic_sickleplay.bone.left_leg2] run data modify entity @s {} merge value {transformation:[0.980743930894135f,0.10783658190605458f,-0.16282694376895748f,-0.18831183698426582f,-0.09876743499147111f,0.9931253462217651f,0.06282547633806385f,0.5544208755715845f,0.16848244952969432f,-0.04553370504052873f,0.9846523985172415f,12.94790015355741f,0f,0f,0f,1f],start_interpolation:0}
execute if entity @s[tag=aj.dynastic_sickleplay.bone.left_leg] run data modify entity @s {} merge value {transformation:[0.980743930894135f,0.19199138024419815f,-0.03578619742649644f,-0.11931493470900711f,-0.09876743499147111f,0.6456694476848661f,0.7572027192974979f,0.7864583333333333f,0.16848244952969432f,-0.7390874604796429f,0.6521988883478923f,12.682290597447537f,0f,0f,0f,1f],start_interpolation:0}