execute if entity @s[tag=aj.dynastic_sickleplay.bone.right_arm2] run data modify entity @s {} merge value {transformation:[0.817486099218499f,-0.5717131016536067f,-0.06971805348785573f,0.4160834420463536f,0.1906403857314487f,0.38282581992682374f,-0.9039361896315025f,14.242432942623212f,0.5434820336613595f,0.7256641929949197f,0.4219463924390692f,12.634300357449451f,0f,0f,0f,1f],start_interpolation:0}
execute if entity @s[tag=aj.dynastic_sickleplay.bone.right_arm] run data modify entity @s {} merge value {transformation:[0.817486099218499f,-0.5717131016536067f,-0.06971805348785573f,0.2731551666329519f,0.1906403857314487f,0.38282581992682374f,-0.9039361896315025f,14.338139397604918f,0.5434820336613595f,0.7256641929949197f,0.4219463924390692f,12.815716405698181f,0f,0f,0f,1f],start_interpolation:0}
execute if entity @s[tag=aj.dynastic_sickleplay.bone.lamina_slash] run data modify entity @s {} merge value {transformation:[0.10994182527016698f,0.1312128341693106f,0.2507022126955005f,0.23924821577890898f,0.2733868720380314f,0.02012546143397229f,-0.13042314305455766f,13.577496692680734f,-0.07299332502649819f,0.27300873648333235f,-0.1108774844152288f,11.85545661124222f,0f,0f,0f,1f],start_interpolation:0}
execute if entity @s[tag=aj.dynastic_sickleplay.locator_origin.sickle0] at @s on origin run tp @s ^0.74332 ^13.70632 ^13.09718 ~74.37724 ~-24.66426
execute if entity @s[tag=aj.dynastic_sickleplay.locator_origin.sickle1] at @s on origin run tp @s ^0.67961 ^13.56499 ^12.47187 ~74.37724 ~-24.66426
execute if entity @s[tag=aj.dynastic_sickleplay.locator_origin.sickle2] at @s on origin run tp @s ^0.36975 ^13.54102 ^11.9154 ~74.37724 ~-24.66426
execute if entity @s[tag=aj.dynastic_sickleplay.locator_origin.sickle3] at @s on origin run tp @s ^-0.13731 ^14.0747 ^13.1505 ~74.37724 ~-24.66426
execute if entity @s[tag=aj.dynastic_sickleplay.locator_origin.sickle4] at @s on origin run tp @s ^-0.96324 ^14.417 ^13.18852 ~74.37724 ~-24.66426
execute if entity @s[tag=aj.dynastic_sickleplay.locator_origin.sickle5] at @s on origin run tp @s ^-1.78918 ^14.7593 ^13.22654 ~74.37724 ~-24.66426
execute if entity @s[tag=aj.dynastic_sickleplay.locator_origin.lamina_rider] at @s on origin run tp @s ^0.63869 ^3.70524 ^13.43174 ~74.37724 ~-24.66426
execute if entity @s[tag=aj.dynastic_sickleplay.bone.obsidian_lamina] run data modify entity @s {} merge value {transformation:[0.6337822868515477f,0.5612926075269875f,1.5315908793175739f,-0.4133971061439864f,1.5759949093957029f,0.21316107723844413f,-0.7302755649132574f,14.156433515950738f,-0.4207850501527521f,1.6437800837965226f,-0.42828375836802934f,13.300711002963656f,0f,0f,0f,1f],start_interpolation:0}
execute if entity @s[tag=aj.dynastic_sickleplay.bone.left_arm2] run data modify entity @s {} merge value {transformation:[-0.00845011166943238f,-0.8411172502754437f,0.5407868035574197f,-0.10286455386334492f,-0.23160926731491277f,0.5277462200940068f,0.817215439446868f,14.14636110087463f,-0.9727721947643363f,-0.1183456736241974f,-0.19927006455514484f,13.161204716224612f,0f,0f,0f,1f],start_interpolation:0}
execute if entity @s[tag=aj.dynastic_sickleplay.bone.left_arm] run data modify entity @s {} merge value {transformation:[-0.00845011166943238f,-0.8411172502754437f,0.5407868035574197f,-0.3142001303908849f,-0.23160926731491277f,0.5277462200940068f,0.817215439446868f,14.249346497483767f,-0.9727721947643363f,-0.1183456736241974f,-0.19927006455514484f,13.01002177347302f,0f,0f,0f,1f],start_interpolation:0}
execute if entity @s[tag=aj.dynastic_sickleplay.bone.head] run data modify entity @s {} merge value {transformation:[0.9948551394758943f,0.014444737524069495f,0.10027263343634688f,-0.02590278498735591f,0.04701060781751926f,0.8109414872253815f,-0.5832357216849067f,14.429850216626846f,-0.08973992540127637f,0.5849489326894676f,0.806090250489625f,12.95880302193811f,0f,0f,0f,1f],start_interpolation:0}
execute if entity @s[tag=aj.dynastic_sickleplay.bone.body_top] run data modify entity @s {} merge value {transformation:[0.9397684752381389f,-0.03742819553662197f,0.33975629961408566f,-0.011165432994811007f,0.14206864019384047f,0.9468331762261104f,-0.2886579946425328f,14.057034653487815f,-0.3108885884397448f,0.31954039897397607f,0.8951213431716928f,12.832983989842107f,0f,0f,0f,1f],start_interpolation:0}
execute if entity @s[tag=aj.dynastic_sickleplay.locator_origin.player_camera] at @s on origin run tp @s ^0.0475 ^13.09216 ^12.56939 ~159.21502 ~-16.77763
execute if entity @s[tag=aj.dynastic_sickleplay.bone.body] run data modify entity @s {} merge value {transformation:[0.9397684752381389f,-0.03742819553662197f,0.33975629961408566f,0.0052094025524611065f,0.14206864019384047f,0.9468331762261104f,-0.2886579946425328f,13.642795138888891f,-0.3108885884397448f,0.31954039897397607f,0.8951213431716928f,12.693185065290994f,0f,0f,0f,1f],start_interpolation:0}
execute if entity @s[tag=aj.dynastic_sickleplay.bone.right_leg2] run data modify entity @s {} merge value {transformation:[0.9608155212534939f,-0.2688660403828166f,0.06741354795026408f,0.21879352632804797f,0.2738139687400099f,0.9584552339764288f,-0.07993419159554899f,13.446279067047215f,-0.043121278288354895f,0.09526078307496091f,0.9945179428078329f,12.777995508622357f,0f,0f,0f,1f],start_interpolation:0}
execute if entity @s[tag=aj.dynastic_sickleplay.bone.right_leg] run data modify entity @s {} merge value {transformation:[0.9608155212534939f,-0.27669374502745325f,-0.016556134242617787f,0.11935671170880695f,0.2738139687400099f,0.9381316781681454f,0.2119784539529056f,13.783420138888891f,-0.043121278288354895f,-0.20820548955323429f,0.9771340898150451f,12.703171660814164f,0f,0f,0f,1f],start_interpolation:0}
execute if entity @s[tag=aj.dynastic_sickleplay.bone.left_leg2] run data modify entity @s {} merge value {transformation:[0.937320676182454f,0.29162447953030096f,-0.19074882159412798f,-0.24750710607834597f,-0.3229947166409215f,0.932521418554573f,-0.1614875133222923f,13.381231156066931f,0.13078364967731337f,0.21297644676265912f,0.9682647727256395f,12.808556865229136f,0f,0f,0f,1f],start_interpolation:0}
execute if entity @s[tag=aj.dynastic_sickleplay.bone.left_leg] run data modify entity @s {} merge value {transformation:[0.937320676182454f,0.3263936098111492f,-0.12205392855338469f,-0.13020940255246424f,-0.3229947166409215f,0.9452215174176261f,0.04723024489425532f,13.720920138888891f,0.13078364967731337f,-0.004847111012534527f,0.9913990833624541f,12.806814934709006f,0f,0f,0f,1f],start_interpolation:0}