execute if entity @s[tag=aj.dynastic_sickleplay.bone.right_arm2] run data modify entity @s {} merge value {transformation:[0.20282414701906915f,-0.9790071730027853f,0.020182185091832006f,0.48723678823144123f,0.7474296618313968f,0.14146621919923946f,-0.6491041591609749f,13.702957535253445f,0.6326225304244153f,0.14673876118656137f,0.7604317654890824f,12.667554217892825f,0f,0f,0f,1f],start_interpolation:0}
execute if entity @s[tag=aj.dynastic_sickleplay.bone.right_arm] run data modify entity @s {} merge value {transformation:[0.20282414701906915f,-0.9790071730027853f,0.020182185091832006f,0.24248499498074494f,0.7474296618313968f,0.14146621919923946f,-0.6491041591609749f,13.738324090053254f,0.6326225304244153f,0.14673876118656137f,0.7604317654890824f,12.704238908189465f,0f,0f,0f,1f],start_interpolation:0}
execute if entity @s[tag=aj.dynastic_sickleplay.bone.lamina_slash] run data modify entity @s {} merge value {transformation:[-0.000004455704154390261f,-0.000018835594162223496f,-0.000008770951661282924f,-0.7119612097924207f,0.000017470389758551792f,-0.000008251991901750829f,0.000008846050606780829f,14.477749726353714f,-0.000011246985470464433f,-0.000005356073394703538f,0.000017215699103368153f,14.373553027339128f,0f,0f,0f,1f],start_interpolation:0}
execute if entity @s[tag=aj.dynastic_sickleplay.locator_origin.sickle0] at @s on origin run tp @s ^-0.64525 ^14.29989 ^14.12675 ~-145.72851 ~21.2253
execute if entity @s[tag=aj.dynastic_sickleplay.locator_origin.sickle1] at @s on origin run tp @s ^-0.21169 ^14.63105 ^14.46939 ~-145.72851 ~21.2253
execute if entity @s[tag=aj.dynastic_sickleplay.locator_origin.sickle2] at @s on origin run tp @s ^0.3695 ^14.86038 ^14.59537 ~-145.72851 ~21.2253
execute if entity @s[tag=aj.dynastic_sickleplay.locator_origin.sickle3] at @s on origin run tp @s ^0.00153 ^14.04286 ^13.47126 ~-145.72851 ~21.2253
execute if entity @s[tag=aj.dynastic_sickleplay.locator_origin.sickle4] at @s on origin run tp @s ^0.61551 ^13.80845 ^12.86391 ~-145.72851 ~21.2253
execute if entity @s[tag=aj.dynastic_sickleplay.locator_origin.sickle5] at @s on origin run tp @s ^1.22948 ^13.57405 ^12.25656 ~-145.72851 ~21.2253
execute if entity @s[tag=aj.dynastic_sickleplay.bone.obsidian_lamina] run data modify entity @s {} merge value {transformation:[-0.36694034212625676f,-1.4436152805171694f,-0.9186020396110604f,0.12711549842412773f,1.4387379801160298f,-0.7688500456805523f,0.6335634394665299f,13.850878156859965f,-0.9262223328617769f,-0.6223700901508262f,1.3480607037495536f,13.24138557373353f,0f,0f,0f,1f],start_interpolation:0}
execute if entity @s[tag=aj.dynastic_sickleplay.bone.left_arm2] run data modify entity @s {} merge value {transformation:[0.8634330971404227f,-0.48032739267098623f,-0.15417160118643647f,-0.2625197911402577f,-0.051544912097227995f,-0.38801809146070476f,0.920209260296853f,13.997503800400022f,-0.5018230851598864f,-0.7865923700043655f,-0.3597860956895488f,13.406984815895937f,0f,0f,0f,1f],start_interpolation:0}
execute if entity @s[tag=aj.dynastic_sickleplay.bone.left_arm] run data modify entity @s {} merge value {transformation:[0.8634330971404227f,-0.48032739267098623f,-0.15417160118643647f,-0.2746725021654514f,-0.051544912097227995f,-0.38801809146070476f,0.920209260296853f,13.894056163522691f,-0.5018230851598864f,-0.7865923700043655f,-0.3597860956895488f,13.14760883774986f,0f,0f,0f,1f],start_interpolation:0}
execute if entity @s[tag=aj.dynastic_sickleplay.bone.head] run data modify entity @s {} merge value {transformation:[0.9959053487067372f,0.03618461225578651f,-0.08284449440494163f,-0.019428160641106796f,-0.008862917303464835f,0.9510662684783624f,0.30885984144837464f,13.921930755328699f,0.08996657776187761f,-0.3068609241961928f,0.9474926849782399f,12.964186795041106f,0f,0f,0f,1f],start_interpolation:0}
execute if entity @s[tag=aj.dynastic_sickleplay.bone.body_top] run data modify entity @s {} merge value {transformation:[0.8126324085505651f,-0.029639173766698244f,0.582022411898146f,-0.007757735970469361f,0.22078703151879284f,0.9399166981397883f,-0.26040293253171626f,13.551838555436158f,-0.5393344558679959f,0.34011486285727865f,0.7703507154388496f,12.830266567791053f,0f,0f,0f,1f],start_interpolation:0}
execute if entity @s[tag=aj.dynastic_sickleplay.locator_origin.player_camera] at @s on origin run tp @s ^0.05826 ^12.59565 ^12.5383 ~142.92789 ~-15.09397
execute if entity @s[tag=aj.dynastic_sickleplay.bone.body] run data modify entity @s {} merge value {transformation:[0.8126324085505651f,-0.029639173766698244f,0.582022411898146f,0.00520940255246112f,0.22078703151879284f,0.9399166981397883f,-0.26040293253171626f,13.140625f,-0.5393344558679959f,0.34011486285727865f,0.7703507154388496f,12.681466315290994f,0f,0f,0f,1f],start_interpolation:0}
execute if entity @s[tag=aj.dynastic_sickleplay.bone.right_leg2] run data modify entity @s {} merge value {transformation:[0.9920070022437091f,-0.08888351145457522f,0.08956466318227438f,0.11799162239478031f,0.1245678141668532f,0.576628756023492f,-0.8074541085414655f,12.996356635935154f,0.020123796191131263f,0.8121570039827919f,0.5830917884077543f,12.472473564722943f,0f,0f,0f,1f],start_interpolation:0}
execute if entity @s[tag=aj.dynastic_sickleplay.bone.right_leg] run data modify entity @s {} merge value {transformation:[0.9920070022437091f,-0.11170232516580933f,0.05869155009029545f,0.07784859928831758f,0.1245678141668532f,0.7927467521804394f,-0.5966870591700958f,13.28125f,0.020123796191131263f,0.5992288189497538f,0.8003248436522143f,12.68782142153301f,0f,0f,0f,1f],start_interpolation:0}
execute if entity @s[tag=aj.dynastic_sickleplay.bone.left_leg2] run data modify entity @s {} merge value {transformation:[0.9948520493425292f,0.058931430825810614f,-0.0824408053077631f,-0.1665273194966233f,-0.06509359158081945f,0.9951188311351045f,-0.07417099335598243f,12.969288064103212f,0.07766739505145816f,0.07915553285226745f,0.9938320669835496f,13.05122143155606f,0f,0f,0f,1f],start_interpolation:0}
execute if entity @s[tag=aj.dynastic_sickleplay.bone.left_leg] run data modify entity @s {} merge value {transformation:[0.9948520493425292f,0.10105855149679047f,-0.007521242473179063f,-0.13020940255246422f,-0.06509359158081945f,0.6941549520606278f,0.7168763679078961f,13.21875f,0.07766739505145816f,-0.7126963390526702f,0.697159740695662f,12.795096184709006f,0f,0f,0f,1f],start_interpolation:0}