execute if entity @s[tag=aj.dynastic_sickleplay.bone.right_arm2] run data modify entity @s {} merge value {transformation:[0.21154282377516148f,-0.9750257323730838f,-0.06763471682178035f,0.4814633521956324f,0.7577258451785034f,0.2073191146400135f,-0.6187651640593572f,13.546348570823238f,0.6173339268643456f,0.07964675709162533f,0.7826590680666994f,12.680731126998946f,0f,0f,0f,1f],start_interpolation:0}
execute if entity @s[tag=aj.dynastic_sickleplay.bone.right_arm] run data modify entity @s {} merge value {transformation:[0.21154282377516148f,-0.9750257323730838f,-0.06763471682178035f,0.2377069191023615f,0.7577258451785034f,0.2073191146400135f,-0.6187651640593572f,13.598178349483241f,0.6173339268643456f,0.07964675709162533f,0.7826590680666994f,12.700642816271852f,0f,0f,0f,1f],start_interpolation:0}
execute if entity @s[tag=aj.dynastic_sickleplay.bone.lamina_slash] run data modify entity @s {} merge value {transformation:[-0.00000681131460446716f,-0.0000181847417278832f,-0.00000863039174366702f,-0.43009439365968666f,0.000015117286400186074f,-0.000010637231098585043f,0.000010482340695190398f,14.603289674531894f,-0.000013290453162090512f,-0.000002779745104407765f,0.00001634623418102162f,14.401976224132252f,0f,0f,0f,1f],start_interpolation:0}
execute if entity @s[tag=aj.dynastic_sickleplay.locator_origin.sickle0] at @s on origin run tp @s ^-0.64731 ^14.2636 ^14.15208 ~-145.39901 ~25.07019
execute if entity @s[tag=aj.dynastic_sickleplay.locator_origin.sickle1] at @s on origin run tp @s ^-0.23055 ^14.68023 ^14.41238 ~-145.39901 ~25.07019
execute if entity @s[tag=aj.dynastic_sickleplay.locator_origin.sickle2] at @s on origin run tp @s ^0.33089 ^14.97769 ^14.463 ~-145.39901 ~25.07019
execute if entity @s[tag=aj.dynastic_sickleplay.locator_origin.sickle3] at @s on origin run tp @s ^-0.01596 ^13.97148 ^13.49624 ~-145.39901 ~25.07019
execute if entity @s[tag=aj.dynastic_sickleplay.locator_origin.sickle4] at @s on origin run tp @s ^0.58324 ^13.70585 ^12.887 ~-145.39901 ~25.07019
execute if entity @s[tag=aj.dynastic_sickleplay.locator_origin.sickle5] at @s on origin run tp @s ^1.18245 ^13.44021 ^12.27776 ~-145.39901 ~25.07019
execute if entity @s[tag=aj.dynastic_sickleplay.locator_origin.lamina_rider] at @s on origin run tp @s ^0.50047 ^14.56984 ^13.51245 ~-145.39901 ~25.07019
execute if entity @s[tag=aj.dynastic_sickleplay.bone.obsidian_lamina] run data modify entity @s {} merge value {transformation:[-0.5609317909561191f,-1.3919851292818866f,-0.9001293938944838f,0.11509537779395446f,1.2449529976623825f,-0.9811898458710621f,0.7415244567584884f,13.759564143397078f,-1.0945079074662776f,-0.40267094036894857f,1.304763792521918f,13.287953524263736f,0f,0f,0f,1f],start_interpolation:0}
execute if entity @s[tag=aj.dynastic_sickleplay.bone.left_arm2] run data modify entity @s {} merge value {transformation:[0.8774728817861168f,-0.387218368256612f,-0.283025223283464f,-0.28147256283009503f,0.028052676141266338f,-0.547651041496246f,0.8362364403142157f,13.884831695266948f,-0.47880516819608476f,-0.7417144140656596f,-0.46968642611422673f,13.402492872580337f,0f,0f,0f,1f],start_interpolation:0}
execute if entity @s[tag=aj.dynastic_sickleplay.bone.left_arm] run data modify entity @s {} merge value {transformation:[0.8774728817861168f,-0.387218368256612f,-0.283025223283464f,-0.26859304467098344f,0.028052676141266338f,-0.547651041496246f,0.8362364403142157f,13.751425519410544f,-0.47880516819608476f,-0.7417144140656596f,-0.46968642611422673f,13.157213623039413f,0f,0f,0f,1f],start_interpolation:0}
execute if entity @s[tag=aj.dynastic_sickleplay.bone.head] run data modify entity @s {} merge value {transformation:[0.9963845630362467f,0.034947457990155195f,-0.07743692738671137f,-0.01867562257615358f,-0.005705397986939642f,0.936943891507017f,0.3494332448429856f,13.780684700998f,0.08476585973656542f,-0.34772808248358905f,0.9337558190851651f,12.966804865556185f,0f,0f,0f,1f],start_interpolation:0}
execute if entity @s[tag=aj.dynastic_sickleplay.bone.body_top] run data modify entity @s {} merge value {transformation:[0.7957130096291627f,-0.028733864816378584f,0.6049918770691177f,-0.007361663304704511f,0.2253946016767928f,0.9411801471209563f,-0.2517482953275651f,13.410095018069123f,-0.5621726423811998f,0.33668129689379706f,0.7553857454837567f,12.834236604904252f,0f,0f,0f,1f],start_interpolation:0}
execute if entity @s[tag=aj.dynastic_sickleplay.locator_origin.player_camera] at @s on origin run tp @s ^0.05918 ^12.45318 ^12.54477 ~141.3086 ~-14.58099
execute if entity @s[tag=aj.dynastic_sickleplay.bone.body] run data modify entity @s {} merge value {transformation:[0.7957130096291627f,-0.028733864816378584f,0.6049918770691177f,0.00520940255246112f,0.2253946016767928f,0.9411801471209563f,-0.2517482953275651f,12.998328703703704f,-0.5621726423811998f,0.33668129689379706f,0.7553857454837567f,12.686938537513216f,0f,0f,0f,1f],start_interpolation:0}
execute if entity @s[tag=aj.dynastic_sickleplay.bone.right_leg2] run data modify entity @s {} merge value {transformation:[0.9260139178392627f,-0.10040049439829812f,0.36389279285602366f,0.1792566353502757f,0.2679912419197251f,0.8537544584171882f,-0.446412386686455f,12.798094101741523f,-0.26585506995786823f,0.5109041646506232f,0.8174949640947925f,12.60894983721675f,0f,0f,0f,1f],start_interpolation:0}
execute if entity @s[tag=aj.dynastic_sickleplay.bone.right_leg] run data modify entity @s {} merge value {transformation:[0.9260139178392627f,-0.20517832658077276f,0.3168597138632386f,0.1055206742353105f,0.2679912419197251f,0.9484788924165058f,-0.16902214320816603f,13.138953703703704f,-0.26585506995786823f,0.24143248526632077f,0.9332906497098452f,12.695714636609335f,0f,0f,0f,1f],start_interpolation:0}
execute if entity @s[tag=aj.dynastic_sickleplay.bone.left_leg2] run data modify entity @s {} merge value {transformation:[0.9987021213233256f,0.005971701133319164f,0.050580743864280596f,-0.12312645060546669f,0.022583072398997803f,0.8382234140186466f,-0.5448591680718481f,12.717850181791933f,-0.04565169991699401f,0.5452942755764992f,0.8370006423642635f,12.778124332230078f,0f,0f,0f,1f],start_interpolation:0}
execute if entity @s[tag=aj.dynastic_sickleplay.bone.left_leg] run data modify entity @s {} merge value {transformation:[0.9987021213233256f,-0.019709083678601795f,0.04696408079415072f,-0.13020940255246422f,0.022583072398997803f,0.9978532783631877f,-0.061472267738065016f,13.076453703703704f,-0.04565169991699401f,0.06245307742928765f,0.9970032775343821f,12.800568406931228f,0f,0f,0f,1f],start_interpolation:0}