execute if entity @s[tag=aj.dynastic_sickleplay.bone.right_arm2] run data modify entity @s {} merge value {transformation:[0.9063919285514875f,-0.12446078682324346f,0.40368698814806214f,0.2693021184441037f,0.4142077071068963f,0.44955500676687743f,-0.7914115688212302f,1.000410864224269f,-0.0829798001320946f,0.8845393198915307f,0.4590256467081828f,10.287216333325341f,0f,0f,0f,1f],start_interpolation:0}
execute if entity @s[tag=aj.dynastic_sickleplay.bone.right_arm] run data modify entity @s {} merge value {transformation:[0.9063919285514875f,-0.12446078682324346f,0.40368698814806214f,0.2381869217382928f,0.4142077071068963f,0.44955500676687743f,-0.7914115688212302f,1.1127996159159885f,-0.0829798001320946f,0.8845393198915307f,0.4590256467081828f,10.508351163298224f,0f,0f,0f,1f],start_interpolation:0}
execute if entity @s[tag=aj.dynastic_sickleplay.bone.lamina_slash] run data modify entity @s {} merge value {transformation:[0.40769416101663386f,-0.4656926333280238f,0.032520030848663214f,0.8444457948161197f,0.43208162230477576f,0.3600883086993897f,-0.26035282152097133f,-0.24302158681137054f,0.1767276232196331f,0.19392908825513575f,0.561516309637677f,11.876567235496731f,0f,0f,0f,1f],start_interpolation:0}
execute if entity @s[tag=aj.dynastic_sickleplay.locator_origin.sickle0] at @s on origin run tp @s ^-0.07808 ^0.4383 ^12.15631 ~-177.19239 ~-19.91574
execute if entity @s[tag=aj.dynastic_sickleplay.locator_origin.sickle1] at @s on origin run tp @s ^0.38459 ^-0.0092 ^12.18306 ~-177.19239 ~-19.91574
execute if entity @s[tag=aj.dynastic_sickleplay.locator_origin.sickle2] at @s on origin run tp @s ^0.86022 ^-0.36089 ^11.9457 ~-177.19239 ~-19.91574
execute if entity @s[tag=aj.dynastic_sickleplay.locator_origin.sickle3] at @s on origin run tp @s ^0.10606 ^0.63937 ^11.23994 ~-177.19239 ~-19.91574
execute if entity @s[tag=aj.dynastic_sickleplay.locator_origin.sickle4] at @s on origin run tp @s ^0.28731 ^0.81914 ^10.38227 ~-177.19239 ~-19.91574
execute if entity @s[tag=aj.dynastic_sickleplay.locator_origin.sickle5] at @s on origin run tp @s ^0.46857 ^0.99892 ^9.52459 ~-177.19239 ~-19.91574
execute if entity @s[tag=aj.dynastic_sickleplay.locator_origin.lamina_rider] at @s on origin run tp @s ^0.83435 ^0.34052 ^11.16726 ~-177.19239 ~-19.91574
execute if entity @s[tag=aj.dynastic_sickleplay.bone.obsidian_lamina] run data modify entity @s {} merge value {transformation:[1.1511364546352012f,-1.31563280213721f,-0.0805927586727831f,0.03234930730594954f,1.219995168860543f,1.1039733620546124f,-0.596116267040894f,0.7416750429912708f,0.49899564203190505f,0.33593622283765007f,1.6433655112052026f,10.940663083849259f,0f,0f,0f,1f],start_interpolation:0}
execute if entity @s[tag=aj.dynastic_sickleplay.bone.left_arm2] run data modify entity @s {} merge value {transformation:[-0.1329471170389015f,-0.7563590529822595f,0.6405045253882466f,-0.05388637950190156f,-0.24051215546418603f,0.6515449036569785f,0.7194742119024072f,0.8381501656649047f,-0.9614982928456064f,-0.05839710172943169f,-0.26853456270019765f,10.99345708943593f,0f,0f,0f,1f],start_interpolation:0}
execute if entity @s[tag=aj.dynastic_sickleplay.bone.left_arm] run data modify entity @s {} merge value {transformation:[-0.1329471170389015f,-0.7563590529822595f,0.6405045253882466f,-0.2595945323773291f,-0.24051215546418603f,0.6515449036569785f,0.7194742119024072f,0.9709723721461261f,-0.9614982928456064f,-0.05839710172943169f,-0.26853456270019765f,10.858670527397871f,0f,0f,0f,1f],start_interpolation:0}
execute if entity @s[tag=aj.dynastic_sickleplay.bone.head] run data modify entity @s {} merge value {transformation:[0.9959940977840264f,0.034921889186948635f,0.08231779172813741f,-0.014902462494809914f,-0.020741727555929387f,0.9857038316324358f,-0.16720567287963112f,1.177050149296145f,-0.08698010069767764f,0.16482845009508862f,0.9824795387802601f,10.732266203098757f,0f,0f,0f,1f],start_interpolation:0}
execute if entity @s[tag=aj.dynastic_sickleplay.bone.body_top] run data modify entity @s {} merge value {transformation:[0.796450326584995f,-0.029208049915073184f,0.6039981515723476f,-0.0034017928407498454f,0.22692359003177978f,0.940272384452783f,-0.25375879752742897f,0.8068178979178615f,-0.5605109825594347f,0.3391677060918928f,0.755508243220827f,10.598718918825075f,0f,0f,0f,1f],start_interpolation:0}
execute if entity @s[tag=aj.dynastic_sickleplay.locator_origin.player_camera] at @s on origin run tp @s ^0.06356 ^-0.14931 ^10.30677 ~141.35908 ~-14.70005
execute if entity @s[tag=aj.dynastic_sickleplay.bone.body] run data modify entity @s {} merge value {transformation:[0.796450326584995f,-0.029208049915073184f,0.6039981515723476f,0.009376728997094672f,0.22692359003177978f,0.940272384452783f,-0.25375879752742897f,0.39544872971976885f,-0.5605109825594347f,0.3391677060918928f,0.755508243220827f,10.450333047409872f,0f,0f,0f,1f],start_interpolation:0}
execute if entity @s[tag=aj.dynastic_sickleplay.bone.right_leg2] run data modify entity @s {} merge value {transformation:[0.9936360599414537f,-0.0975238373565104f,0.05636028327895665f,0.1728597001943663f,0.09783028748182332f,0.4992095977423919f,-0.860940771698671f,0.21077050539658576f,0.05582665344839454f,0.8609755389493595f,0.5055734428306262f,10.216715749549872f,0f,0f,0f,1f],start_interpolation:0}
execute if entity @s[tag=aj.dynastic_sickleplay.bone.right_leg] run data modify entity @s {} merge value {transformation:[0.9936360599414537f,-0.1099580008326031f,0.024425774029098665f,0.13334354364514955f,0.09783028748182332f,0.7349945384225977f,-0.6709785863499494f,0.4749091676422068f,0.05582665344839454f,0.6690980993410831f,0.7410743000690975f,10.457172879000574f,0f,0f,0f,1f],start_interpolation:0}
execute if entity @s[tag=aj.dynastic_sickleplay.bone.left_leg2] run data modify entity @s {} merge value {transformation:[0.9944000600700188f,0.07754984602475495f,-0.07179513851424241f,-0.15336670217060422f,-0.07437002168295798f,0.9961712707518515f,0.045955404508260134f,0.28041770257160425f,0.07508408891115897f,-0.04035865099552083f,0.9963601552060393f,10.744739487765056f,0f,0f,0f,1f],start_interpolation:0}
execute if entity @s[tag=aj.dynastic_sickleplay.bone.left_leg] run data modify entity @s {} merge value {transformation:[0.9944000600700188f,0.1032918988064043f,0.022345115209145644f,-0.11624617603705267f,-0.07437002168295798f,0.5337359039240714f,0.8423746700472604f,0.47222904304431745f,0.07508408891115897f,-0.8393192291990705f,0.5384288356775285f,10.44310913977164f,0f,0f,0f,1f],start_interpolation:0}