execute if entity @s[tag=aj.dynastic_sickleplay.bone.right_arm2] run data modify entity @s {} merge value {transformation:[0.0805117720508193f,-0.9657020805761669f,0.246854909070287f,0.4812455387353403f,0.7352675395972708f,-0.10967151526474395f,-0.6688451270317454f,13.775203976570168f,0.6729780826860663f,0.2353543080344992f,0.7012195447317401f,12.616514494632181f,0f,0f,0f,1f],start_interpolation:0}
execute if entity @s[tag=aj.dynastic_sickleplay.bone.right_arm] run data modify entity @s {} merge value {transformation:[0.0805117720508193f,-0.9657020805761669f,0.246854909070287f,0.2398200185912986f,0.7352675395972708f,-0.10967151526474395f,-0.6688451270317454f,13.747786097753982f,0.6729780826860663f,0.2353543080344992f,0.7012195447317401f,12.675353071640806f,0f,0f,0f,1f],start_interpolation:0}
execute if entity @s[tag=aj.dynastic_sickleplay.bone.lamina_slash] run data modify entity @s {} merge value {transformation:[-0.000006995944854873643f,-0.000018198810441652974f,-0.000008451186549612406f,-0.8755343829774805f,0.000018111092340774746f,-0.000009579936650675641f,0.0000056369892667071796f,14.121194526983457f,-0.00000863756851269483f,-0.000005347019008552737f,0.000018664519761051415f,14.375658063465373f,0f,0f,0f,1f],start_interpolation:0}
execute if entity @s[tag=aj.dynastic_sickleplay.locator_origin.sickle0] at @s on origin run tp @s ^-0.59203 ^14.07566 ^14.14892 ~-148.87055 ~11.78014
execute if entity @s[tag=aj.dynastic_sickleplay.locator_origin.sickle1] at @s on origin run tp @s ^-0.17287 ^14.40855 ^14.50742 ~-148.87055 ~11.78014
execute if entity @s[tag=aj.dynastic_sickleplay.locator_origin.sickle2] at @s on origin run tp @s ^0.38862 ^14.68402 ^14.63025 ~-148.87055 ~11.78014
execute if entity @s[tag=aj.dynastic_sickleplay.locator_origin.sickle3] at @s on origin run tp @s ^0.03189 ^13.97456 ^13.43159 ~-148.87055 ~11.78014
execute if entity @s[tag=aj.dynastic_sickleplay.locator_origin.sickle4] at @s on origin run tp @s ^0.62419 ^13.88622 ^12.76664 ~-148.87055 ~11.78014
execute if entity @s[tag=aj.dynastic_sickleplay.locator_origin.sickle5] at @s on origin run tp @s ^1.21648 ^13.79788 ^12.10168 ~-148.87055 ~11.78014
execute if entity @s[tag=aj.dynastic_sickleplay.locator_origin.lamina_rider] at @s on origin run tp @s ^0.54747 ^14.54882 ^13.60306 ~-148.87055 ~11.78014
execute if entity @s[tag=aj.dynastic_sickleplay.bone.obsidian_lamina] run data modify entity @s {} merge value {transformation:[-0.5761366351072412f,-1.3950601325648782f,-0.8856488041065544f,0.16079796949914163f,1.4915017221814495f,-0.8427797172255658f,0.35727434971316535f,13.827391092156924f,-0.7113291716336919f,-0.637204499953712f,1.466451920392096f,13.172370404856558f,0f,0f,0f,1f],start_interpolation:0}
execute if entity @s[tag=aj.dynastic_sickleplay.bone.left_arm2] run data modify entity @s {} merge value {transformation:[0.8295126826702044f,-0.5129878202218346f,-0.22079901628705542f,-0.22511372669897442f,0.03417288382838979f,-0.34798941915603576f,0.9368754336443539f,13.910031646486624f,-0.55744140795256f,-0.7846953934231393f,-0.27113136343914956f,13.388008170477558f,0f,0f,0f,1f],start_interpolation:0}
execute if entity @s[tag=aj.dynastic_sickleplay.bone.left_arm] run data modify entity @s {} merge value {transformation:[0.8295126826702044f,-0.5129878202218346f,-0.22079901628705542f,-0.24967159642065753f,0.03417288382838979f,-0.34798941915603576f,0.9368754336443539f,13.827305902176164f,-0.55744140795256f,-0.7846953934231393f,-0.27113136343914956f,13.122154146127704f,0f,0f,0f,1f],start_interpolation:0}
execute if entity @s[tag=aj.dynastic_sickleplay.bone.head] run data modify entity @s {} merge value {transformation:[0.9994312080240813f,-0.01869327779449781f,-0.028068163331847695f,-0.006808206757133033f,0.02657240000644359f,0.949005571266059f,0.3141374432694688f,13.900671953021122f,0.02076458488443972f,-0.3147046028759014f,0.9489625097670077f,12.939669044901445f,0f,0f,0f,1f],start_interpolation:0}
execute if entity @s[tag=aj.dynastic_sickleplay.bone.body_top] run data modify entity @s {} merge value {transformation:[0.7773193076270667f,-0.015646070378834892f,0.6289116746188436f,-0.0006475665454667937f,0.2253686860862245f,0.9402676617645741f,-0.255158146198685f,13.530441561201322f,-0.5873530874371451f,0.34007635131170366f,0.7344143421506503f,12.805763981572461f,0f,0f,0f,1f],start_interpolation:0}
execute if entity @s[tag=aj.dynastic_sickleplay.locator_origin.player_camera] at @s on origin run tp @s ^0.05431 ^12.57423 ^12.51159 ~139.42509 ~-14.78296
execute if entity @s[tag=aj.dynastic_sickleplay.bone.body] run data modify entity @s {} merge value {transformation:[0.7773193076270667f,-0.015646070378834892f,0.6289116746188436f,0.0061975892452734715f,0.2253686860862245f,0.9402676617645741f,-0.255158146198685f,13.11907445917932f,-0.5873530874371451f,0.34007635131170366f,0.7344143421506503f,12.656980577873592f,0f,0f,0f,1f],start_interpolation:0}
execute if entity @s[tag=aj.dynastic_sickleplay.bone.right_leg2] run data modify entity @s {} merge value {transformation:[0.9954876622093015f,-0.08364567574183059f,0.04480753640574915f,0.111486490343296f,0.07839707040185369f,0.45894372231801794f,-0.8849997509023879f,12.996969182789963f,0.05346226464962736f,0.8845191126677676f,0.4634303891459415f,12.405256116653852f,0f,0f,0f,1f],start_interpolation:0}
execute if entity @s[tag=aj.dynastic_sickleplay.bone.right_leg] run data modify entity @s {} merge value {transformation:[0.9954876622093015f,-0.09324818487048123f,0.0175809671924089f,0.0779754239054668f,0.07839707040185369f,0.7038269650703661f,-0.7060322248964592f,13.249906998362125f,0.05346226464962736f,0.7042246653293239f,0.7079614445719027f,12.658336855756579f,0f,0f,0f,1f],start_interpolation:0}
execute if entity @s[tag=aj.dynastic_sickleplay.bone.left_leg2] run data modify entity @s {} merge value {transformation:[0.9949320771118775f,0.09003304477450363f,-0.044768435113123034f,-0.1428963682616403f,-0.08517742553639177f,0.991277968985898f,0.1005623904955793f,13.0448862999592f,0.05343190163973316f,-0.09623948800687365f,0.9939230316454776f,13.098545644591908f,0f,0f,0f,1f],start_interpolation:0}
execute if entity @s[tag=aj.dynastic_sickleplay.bone.left_leg] run data modify entity @s {} merge value {transformation:[0.9949320771118775f,0.08629926251529707f,0.05160038006799493f,-0.1118825707952054f,-0.08517742553639177f,0.45067423994335787f,0.8886155161994805f,13.206847354938844f,0.05343190163973316f,-0.8885072688170834f,0.4557410066544038f,12.779238344860769f,0f,0f,0f,1f],start_interpolation:0}