execute if entity @s[tag=aj.dynastic_sickleplay.bone.right_arm2] run data modify entity @s {} merge value {transformation:[0.21212744964609737f,-0.977203627347886f,-0.008661166478984128f,0.48552817710275453f,0.7492797303465121f,0.16832757036989549f,-0.6405042659851892f,13.669863854224724f,0.6273610051624985f,0.12937889994702445f,0.7679057686005474f,12.672311395697886f,0f,0f,0f,1f],start_interpolation:0}
execute if entity @s[tag=aj.dynastic_sickleplay.bone.right_arm] run data modify entity @s {} merge value {transformation:[0.21212744964609737f,-0.977203627347886f,-0.008661166478984128f,0.241227270265783f,0.7492797303465121f,0.16832757036989549f,-0.6405042659851892f,13.711945746817198f,0.6273610051624985f,0.12937889994702445f,0.7679057686005474f,12.704656120684641f,0f,0f,0f,1f],start_interpolation:0}
execute if entity @s[tag=aj.dynastic_sickleplay.bone.lamina_slash] run data modify entity @s {} merge value {transformation:[-0.000004907741802141979f,-0.000018763564928738483f,-0.000008683616848325558f,-0.6354435455868159f,0.000016950838163865077f,-0.000008761729324656496f,0.000009352202135535223f,14.516765177038586f,-0.000011838313053216805f,-0.000004766888965192038f,0.00001699098624705367f,14.386958838524192f,0f,0f,0f,1f],start_interpolation:0}
execute if entity @s[tag=aj.dynastic_sickleplay.locator_origin.sickle0] at @s on origin run tp @s ^-0.64282 ^14.30415 ^14.13248 ~-145.72026 ~22.48989
execute if entity @s[tag=aj.dynastic_sickleplay.locator_origin.sickle1] at @s on origin run tp @s ^-0.21032 ^14.65532 ^14.456 ~-145.72026 ~22.48989
execute if entity @s[tag=aj.dynastic_sickleplay.locator_origin.sickle2] at @s on origin run tp @s ^0.36854 ^14.8989 ^14.5648 ~-145.72026 ~22.48989
execute if entity @s[tag=aj.dynastic_sickleplay.locator_origin.sickle3] at @s on origin run tp @s ^-0.0008 ^14.03296 ^13.47801 ~-145.72026 ~22.48989
execute if entity @s[tag=aj.dynastic_sickleplay.locator_origin.sickle4] at @s on origin run tp @s ^0.60869 ^13.78567 ^12.87125 ~-145.72026 ~22.48989
execute if entity @s[tag=aj.dynastic_sickleplay.locator_origin.sickle5] at @s on origin run tp @s ^1.21818 ^13.53839 ^12.2645 ~-145.72026 ~22.48989
execute if entity @s[tag=aj.dynastic_sickleplay.bone.obsidian_lamina] run data modify entity @s {} merge value {transformation:[-0.4041669719411042f,-1.438672989578736f,-0.9106970340615703f,0.1248775266431939f,1.3959513782006532f,-0.8159100228837399f,0.6694106245478562f,13.834425622115885f,-0.9749198985002074f,-0.5718486369787344f,1.336046529090177f,13.253823942764193f,0f,0f,0f,1f],start_interpolation:0}
execute if entity @s[tag=aj.dynastic_sickleplay.bone.left_arm2] run data modify entity @s {} merge value {transformation:[0.8664703270790056f,-0.46405999675437243f,-0.18405839210406258f,-0.2653631110402306f,-0.037624093722635185f,-0.42833796925791934f,0.9028349858437874f,13.97876155878267f,-0.4978087984991342f,-0.775354695287475f,-0.38860197713407874f,13.407650968999949f,0f,0f,0f,1f],start_interpolation:0}
execute if entity @s[tag=aj.dynastic_sickleplay.bone.left_arm] run data modify entity @s {} merge value {transformation:[0.8664703270790056f,-0.46405999675437243f,-0.18405839210406258f,-0.27306931934394796f,-0.037624093722635185f,-0.42833796925791934f,0.9028349858437874f,13.86697405475286f,-0.4978087984991342f,-0.775354695287475f,-0.38860197713407874f,13.151586195365688f,0f,0f,0f,1f],start_interpolation:0}
execute if entity @s[tag=aj.dynastic_sickleplay.bone.head] run data modify entity @s {} merge value {transformation:[0.9959092745832308f,0.03885967586489958f,-0.08157599150962269f,-0.01922839573601973f,-0.010765895010374144f,0.9473999155327519f,0.31987106082476424f,13.895236957719497f,0.08971517320792888f,-0.31768431758619964f,0.9439427218089358f,12.966285611670513f,0f,0f,0f,1f],start_interpolation:0}
execute if entity @s[tag=aj.dynastic_sickleplay.bone.body_top] run data modify entity @s {} merge value {transformation:[0.8081751158336262f,-0.029398855083886736f,0.5882080324741084f,-0.007652596546739327f,0.22207496034502003f,0.9402405060841621f,-0.2581288490393052f,13.525017258448859f,-0.545468325510348f,0.33923958795865095f,0.7664077294929781f,12.832710023911794f,0f,0f,0f,1f],start_interpolation:0}
execute if entity @s[tag=aj.dynastic_sickleplay.locator_origin.player_camera] at @s on origin run tp @s ^0.05851 ^12.56864 ^12.54137 ~142.49423 ~-14.95906
execute if entity @s[tag=aj.dynastic_sickleplay.bone.body] run data modify entity @s {} merge value {transformation:[0.8081751158336262f,-0.029398855083886736f,0.5882080324741084f,0.00520940255246112f,0.22207496034502003f,0.9402405060841621f,-0.2581288490393052f,13.113662037037038f,-0.545468325510348f,0.33923958795865095f,0.7664077294929781f,12.684292704179883f,0f,0f,0f,1f],start_interpolation:0}
execute if entity @s[tag=aj.dynastic_sickleplay.bone.right_leg2] run data modify entity @s {} merge value {transformation:[0.9862727271499664f,-0.07129134178592662f,0.14894177475285586f,0.1252967208511241f,0.159427342288619f,0.646015071269889f,-0.7464900871565194f,12.952200213365872f,-0.04300035128874838f,0.7599882053548745f,0.6485128352704531f,12.500855442174046f,0f,0f,0f,1f],start_interpolation:0}
execute if entity @s[tag=aj.dynastic_sickleplay.bone.right_leg] run data modify entity @s {} merge value {transformation:[0.9862727271499664f,-0.11277941655946647f,0.1206105753268535f,0.08476661802506583f,0.159427342288619f,0.8405894223893327f,-0.5176797711886719f,13.254287037037038f,-0.04300035128874838f,0.5298020631968836f,0.8470305446802789f,12.691253058635427f,0f,0f,0f,1f],start_interpolation:0}
execute if entity @s[tag=aj.dynastic_sickleplay.bone.left_leg2] run data modify entity @s {} merge value {transformation:[0.9977028120633946f,0.035265292032205214f,-0.057839934117166134f,-0.15393464473934074f,-0.045460490606572236f,0.9815528839797059f,-0.1857075112776314f,12.897559774535775f,0.050223924524120896f,0.1879103380046056f,0.9809012500126556f,13.002905064335977f,0f,0f,0f,1f],start_interpolation:0}
execute if entity @s[tag=aj.dynastic_sickleplay.bone.left_leg] run data modify entity @s {} merge value {transformation:[0.9977028120633946f,0.0660180652156564f,-0.015189268118516258f,-0.13020940255246422f,-0.045460490606572236f,0.8187193391339467f,0.5723914635298846f,13.191787037037038f,0.050223924524120896f,-0.5703860611842254f,0.8198398005782231f,12.797922573597896f,0f,0f,0f,1f],start_interpolation:0}