execute if entity @s[tag=aj.dynastic_sickleplay.bone.right_arm2] run data modify entity @s {} merge value {transformation:[0.8168645131898539f,-0.5715970452801831f,-0.07751893264272733f,0.42057476960360535f,0.202139364221006f,0.40952469226646715f,-0.8896230684151478f,13.526327480873269f,0.5402518343545266f,0.711031886943912f,0.4500684517110142f,12.650724240407193f,0f,0f,0f,1f],start_interpolation:0}
execute if entity @s[tag=aj.dynastic_sickleplay.bone.right_arm] run data modify entity @s {} merge value {transformation:[0.8168645131898539f,-0.5715970452801831f,-0.07751893264272733f,0.2776755082835596f,0.202139364221006f,0.40952469226646715f,-0.8896230684151478f,13.628708653939885f,0.5402518343545266f,0.711031886943912f,0.4500684517110142f,12.828482212143172f,0f,0f,0f,1f],start_interpolation:0}
execute if entity @s[tag=aj.dynastic_sickleplay.bone.lamina_slash] run data modify entity @s {} merge value {transformation:[0.000010107302503738862f,0.000008454690866170994f,0.000016671026916641906f,0.07785078016080171f,0.000018175910064012984f,-2.103941823953278e-8f,-0.000011009012248507654f,12.865226678080939f,-0.000004363625722128964f,0.00001949564719880736f,-0.000007241616591397911f,11.740909120086094f,0f,0f,0f,1f],start_interpolation:0}
execute if entity @s[tag=aj.dynastic_sickleplay.locator_origin.sickle0] at @s on origin run tp @s ^0.67263 ^12.88363 ^13.19523 ~75.27169 ~-30.91516
execute if entity @s[tag=aj.dynastic_sickleplay.locator_origin.sickle1] at @s on origin run tp @s ^0.61974 ^12.7617 ^12.56485 ~75.27169 ~-30.91516
execute if entity @s[tag=aj.dynastic_sickleplay.locator_origin.sickle2] at @s on origin run tp @s ^0.33348 ^12.78427 ^11.99582 ~75.27169 ~-30.91516
execute if entity @s[tag=aj.dynastic_sickleplay.locator_origin.sickle3] at @s on origin run tp @s ^-0.16001 ^13.35279 ^13.22083 ~75.27169 ~-30.91516
execute if entity @s[tag=aj.dynastic_sickleplay.locator_origin.sickle4] at @s on origin run tp @s ^-0.94079 ^13.78984 ^13.23279 ~75.27169 ~-30.91516
execute if entity @s[tag=aj.dynastic_sickleplay.locator_origin.sickle5] at @s on origin run tp @s ^-1.72158 ^14.2269 ^13.24475 ~75.27169 ~-30.91516
execute if entity @s[tag=aj.dynastic_sickleplay.bone.obsidian_lamina] run data modify entity @s {} merge value {transformation:[0.8323660885432003f,0.5111115182305233f,1.4520439768048978f,-0.43077665759058026f,1.4968396523304808f,0.11662041388955446f,-0.8990943967545304f,13.464050240121708f,-0.3593574124106206f,1.669630107238223f,-0.3817034911409957f,13.361450679585385f,0f,0f,0f,1f],start_interpolation:0}
execute if entity @s[tag=aj.dynastic_sickleplay.bone.left_arm2] run data modify entity @s {} merge value {transformation:[0.007354254801670346f,-0.7672966830825781f,0.6412501189604457f,-0.11733916673953895f,-0.2126432961353456f,0.6254008142248814f,0.7507707041271328f,13.408598925563947f,-0.9771022175519858f,-0.14187889799871212f,-0.1585611388634152f,13.183983524757176f,0f,0f,0f,1f],start_interpolation:0}
execute if entity @s[tag=aj.dynastic_sickleplay.bone.left_arm] run data modify entity @s {} merge value {transformation:[0.007354254801670346f,-0.7672966830825781f,0.6412501189604457f,-0.3082440556599747f,-0.2126432961353456f,0.6254008142248814f,0.7507707041271328f,13.538368717103248f,-0.9771022175519858f,-0.14187889799871212f,-0.1585611388634152f,13.0263760230635f,0f,0f,0f,1f],start_interpolation:0}
execute if entity @s[tag=aj.dynastic_sickleplay.bone.head] run data modify entity @s {} merge value {transformation:[0.9950274460359704f,0.02564691627049963f,0.09624249228354553f,-0.019569315083983702f,0.037134496994128324f,0.8010838818319638f,-0.5973990654512485f,13.718619501585167f,-0.09241975312738834f,0.5980023829006422f,0.7961480636646846f,12.976407419450462f,0f,0f,0f,1f],start_interpolation:0}
execute if entity @s[tag=aj.dynastic_sickleplay.bone.body_top] run data modify entity @s {} merge value {transformation:[0.9374713023096548f,-0.029808983622790747f,0.34678376813400047f,-0.007832027782509845f,0.14454389893862057f,0.9396926334859167f,-0.3099755084711119f,13.348615527150088f,-0.3166300974725268f,0.34071862154522575f,0.8852435836010673f,12.84224946221703f,0f,0f,0f,1f],start_interpolation:0}
execute if entity @s[tag=aj.dynastic_sickleplay.locator_origin.player_camera] at @s on origin run tp @s ^0.04365 ^12.38955 ^12.55686 ~158.60782 ~-18.05775
execute if entity @s[tag=aj.dynastic_sickleplay.bone.body] run data modify entity @s {} merge value {transformation:[0.9374713023096548f,-0.029808983622790747f,0.34678376813400047f,0.0052094025524611065f,0.14454389893862057f,0.9396926334859167f,-0.3099755084711119f,12.9375f,-0.3166300974725268f,0.34071862154522575f,0.8852435836010673f,12.693185065290994f,0f,0f,0f,1f],start_interpolation:0}
execute if entity @s[tag=aj.dynastic_sickleplay.bone.right_leg2] run data modify entity @s {} merge value {transformation:[0.9596530827812342f,-0.27661663378269413f,0.050489589255656886f,0.22999810153937306f,0.2811716476038896f,0.9421475611120569f,-0.1824841847238195f,12.735491070445821f,0.002909517518115634f,0.1893177514268902f,0.9819115661313284f,12.745303782200404f,0f,0f,0f,1f],start_interpolation:0}
execute if entity @s[tag=aj.dynastic_sickleplay.bone.right_leg] run data modify entity @s {} merge value {transformation:[0.9596530827812342f,-0.2789964848012347f,-0.03502744890837023f,0.12973373981392933f,0.2811716476038896f,0.9534161518029314f,0.10927097540062478f,13.078125f,0.002909517518115634f,-0.11471095392264946f,0.9933946505583607f,12.704079533134452f,0f,0f,0f,1f],start_interpolation:0}
execute if entity @s[tag=aj.dynastic_sickleplay.bone.left_leg2] run data modify entity @s {} merge value {transformation:[0.9316883983313984f,0.31461548194200295f,-0.18158696797147922f,-0.25631171279100906f,-0.33783736900726974f,0.9341716124766491f,-0.11484472362726658f,12.680664324487873f,0.13350146260217377f,0.16834636011859197f,0.9766457200632694f,12.839217771590388f,0f,0f,0f,1f],start_interpolation:0}
execute if entity @s[tag=aj.dynastic_sickleplay.bone.left_leg] run data modify entity @s {} merge value {transformation:[0.9316883983313984f,0.3508933850116029f,-0.09397106347047911f,-0.13020940255246424f,-0.33783736900726974f,0.9320644883815706f,0.13084992013848123f,13.015625f,0.13350146260217377f,-0.09016441566993115f,0.9869385683161747f,12.806814934709006f,0f,0f,0f,1f],start_interpolation:0}