execute if entity @s[tag=aj.favor_incantations.bone.slash_left] run data modify entity @s {} merge value {transformation:[0.000009706976461432997f,-0.000006097796507501284f,0.000002168547172971351f,0.0693342982714073f,0.00000403237204238088f,0.000002640733344377443f,-0.000010624387710679109f,3.8219395374557177f,0.000005062182809828378f,0.00000958929175007776f,0.000004304753191865918f,-2.939427940755314f,0f,0f,0f,1f],start_interpolation:0}
execute if entity @s[tag=aj.favor_incantations.locator_origin.twinaxe_left0] at @s on origin run tp @s ^0.06934 ^3.82194 ^-2.93943 ~153.26302 ~-65.59697
execute if entity @s[tag=aj.favor_incantations.locator_origin.twinaxe_left1] at @s on origin run tp @s ^0.06934 ^3.82194 ^-2.93942 ~153.26302 ~-65.59697
execute if entity @s[tag=aj.favor_incantations.bone.twinaxe_left] run data modify entity @s {} merge value {transformation:[0.00000832026553837114f,-0.000005226682720715386f,0.000001858754719689729f,0.0693342982714073f,0.000003456318893469326f,0.000002263485723752094f,-0.00000910661803772495f,3.8219395374557177f,0.0000043390138369957525f,0.00000821939292863808f,0.000003689788450170787f,-2.939427940755314f,0f,0f,0f,1f],start_interpolation:0}
execute if entity @s[tag=aj.favor_incantations.bone.right_arm2] run data modify entity @s {} merge value {transformation:[0.8320265538371139f,-0.5226682720715385f,0.1858754719689729f,0.4431670680178849f,0.34563188934693256f,0.2263485723752094f,-0.910661803772495f,4.30104447845633f,0.43390138369957526f,0.821939292863808f,0.36897884501707867f,-2.4534482438826184f,0f,0f,0f,1f],start_interpolation:0}
execute if entity @s[tag=aj.favor_incantations.bone.right_arm] run data modify entity @s {} merge value {transformation:[0.8320265538371139f,-0.5226682720715385f,0.1858754719689729f,0.3125000000000003f,0.34563188934693256f,0.2263485723752094f,-0.910661803772495f,4.357631621550132f,0.43390138369957526f,0.821939292863808f,0.36897884501707867f,-2.2479634206666663f,0f,0f,0f,1f],start_interpolation:0}
execute if entity @s[tag=aj.favor_incantations.locator_origin.messermers_orb] at @s on origin run tp @s ^-0.59356 ^4.04131 ^-1.90433 ~64.21105 ~46.6161
execute if entity @s[tag=aj.favor_incantations.bone.messermers_orb] run data modify entity @s {} merge value {transformation:[-0.34251271200081285f,0.920607224315193f,0.7730895036517601f,-0.5935633274322025f,0.6948466425142483f,-0.5043701432594128f,0.9084596314504885f,4.041308775823035f,0.9810062107369791f,0.6786700944694382f,-0.373542122615803f,-1.9043312954243332f,0f,0f,0f,1f],start_interpolation:0}
execute if entity @s[tag=aj.favor_incantations.bone.slash_right] run data modify entity @s {} merge value {transformation:[0.000007624925066199475f,0.000004902992963769296f,0.000007343860622532463f,-0.5018030297331235f,-0.000006191839705207065f,0.000009886493019356394f,-1.7172057054933965e-7f,3.985585625478368f,-0.00000629545470247983f,-0.000003785370112229095f,0.000009063626995501221f,-1.7383870931096934f,0f,0f,0f,1f],start_interpolation:0}
execute if entity @s[tag=aj.favor_incantations.locator_origin.twinaxe_right0] at @s on origin run tp @s ^-0.5018 ^3.98559 ^-1.73838 ~140.98366 ~-0.84336
execute if entity @s[tag=aj.favor_incantations.locator_origin.twinaxe_right1] at @s on origin run tp @s ^-0.5018 ^3.98559 ^-1.73839 ~140.98366 ~-0.84336
execute if entity @s[tag=aj.favor_incantations.bone.twinaxe_right] run data modify entity @s {} merge value {transformation:[0.000006535650056742407f,0.000004202565397516539f,0.0000062947376764563965f,-0.5018030297331235f,-0.00000530729117589177f,0.00000847413687373405f,-1.4718906047086256e-7f,3.985585625478368f,-0.000005396104030696997f,-0.0000032446029533392242f,0.000007768823139001046f,-1.7383870931096934f,0f,0f,0f,1f],start_interpolation:0}
execute if entity @s[tag=aj.favor_incantations.bone.left_arm2] run data modify entity @s {} merge value {transformation:[0.6535650056742406f,0.4202565397516539f,0.6294737676456396f,-0.5293470053489291f,-0.530729117589177f,0.847413687373405f,-0.014718906047086255f,4.2863327675157095f,-0.5396104030696997f,-0.3244602953339224f,0.7768823139001046f,-1.9517207190659576f,0f,0f,0f,1f],start_interpolation:0}
execute if entity @s[tag=aj.favor_incantations.bone.left_arm] run data modify entity @s {} merge value {transformation:[0.38566636578595725f,0.6745548385027387f,0.6294737676456396f,-0.3124999999999997f,-0.8620545717657746f,0.5066016868334573f,-0.014718906047086255f,4.3052263677533515f,-0.3288211817982221f,-0.5369641522020259f,0.7768823139001046f,-2.1270644048412417f,0f,0f,0f,1f],start_interpolation:0}
execute if entity @s[tag=aj.favor_incantations.bone.head] run data modify entity @s {} merge value {transformation:[1f,9.570573103500577e-33f,-3.571786507981632e-32f,2.914335439641036e-16f,0f,0.9396926207859084f,-0.34202014332566866f,4.450032340442572f,2.465190328815662e-32f,0.3420201433256686f,0.9396926207859084f,-2.1378445319683133f,0f,0f,0f,1f],start_interpolation:0}
execute if entity @s[tag=aj.favor_incantations.bone.body_top] run data modify entity @s {} merge value {transformation:[1f,-9.570573103500582e-33f,-3.571786507981632e-32f,2.914335439641036e-16f,0f,0.6427876096865394f,-0.7660444431189779f,4.196934719128497f,2.465190328815662e-32f,0.7660444431189779f,0.6427876096865395f,-2.439474531446411f,0f,0f,0f,1f],start_interpolation:0}
execute if entity @s[tag=aj.favor_incantations.locator_origin.player_camera] at @s on origin run tp @s ^0 ^3.18047 ^-3.014 ~-180 ~-45
execute if entity @s[tag=aj.favor_incantations.bone.body] run data modify entity @s {} merge value {transformation:[1f,-6.421137123014707e-33f,-3.641607822702567e-32f,2.914335439641036e-16f,0f,0.7071067811865476f,-0.7071067811865475f,3.8875755023593825f,2.465190328815662e-32f,0.7071067811865475f,0.7071067811865477f,-2.7488337482155254f,0f,0f,0f,1f],start_interpolation:0}
execute if entity @s[tag=aj.favor_incantations.bone.right_leg2] run data modify entity @s {} merge value {transformation:[0.9667778293610297f,-0.01702156059171396f,0.25505076971261675f,0.1794074046448345f,0.25414438535368983f,-0.04298245915120147f,-0.9662107118007492f,3.778031868799972f,0.027409123465934535f,0.9989308157627024f,-0.037228554504455835f,-3.013981364637122f,0f,0f,0f,1f],start_interpolation:0}
execute if entity @s[tag=aj.favor_incantations.bone.right_leg] run data modify entity @s {} merge value {transformation:[0.9667778293610297f,-0.1513945172725822f,0.20596195958423352f,0.12500000000000028f,0.25414438535368983f,0.48289359866292336f,-0.8379883076532552f,3.95157175581946f,0.027409123465934535f,0.8624925927277134f,0.5053268916658364f,-2.7040230891256f,0f,0f,0f,1f],start_interpolation:0}
execute if entity @s[tag=aj.favor_incantations.bone.left_leg2] run data modify entity @s {} merge value {transformation:[0.9546297492887101f,0.2417810518359303f,-0.17385040910531574f,-0.2317214087939185f,-0.2765779837653445f,0.5034327352572301f,-0.8185719882623157f,3.6238865220155843f,-0.1103932093440139f,0.829516367556744f,0.547463181671785f,-2.8059216616226696f,0f,0f,0f,1f],start_interpolation:0}
execute if entity @s[tag=aj.favor_incantations.bone.left_leg] run data modify entity @s {} merge value {transformation:[0.9546297492887101f,0.29696392012220885f,0.0222367245480268f,-0.12499999999999971f,-0.2765779837653445f,0.9118197810194805f,-0.30346219836724897f,3.95157175581946f,-0.1103932093440139f,0.2835438539048891f,0.9525839712295666f,-2.7040230891256f,0f,0f,0f,1f],start_interpolation:0}
execute if entity @s[tag=aj.favor_incantations.locator_origin.lightning_spear_locator0] at @s on origin run tp @s ^0.00001 ^-0.00001 ^0.00001 ~0 ~0
execute if entity @s[tag=aj.favor_incantations.locator_origin.lightning_spear_locator1] at @s on origin run tp @s ^0.00001 ^-0.00001 ^0 ~0 ~0
execute if entity @s[tag=aj.favor_incantations.locator_origin.lightning_spear_locator2] at @s on origin run tp @s ^0.00001 ^-0.00001 ^-0.00001 ~0 ~0
execute if entity @s[tag=aj.favor_incantations.locator_origin.lightning_spear0_locator0] at @s on origin run tp @s ^0.00001 ^0.00002 ^0.00001 ~0 ~0
execute if entity @s[tag=aj.favor_incantations.locator_origin.lightning_spear0_locator1] at @s on origin run tp @s ^0.00001 ^0.00002 ^0 ~0 ~0
execute if entity @s[tag=aj.favor_incantations.locator_origin.lightning_spear1_locator0] at @s on origin run tp @s ^-0.00001 ^0.00002 ^0 ~0 ~0
execute if entity @s[tag=aj.favor_incantations.locator_origin.lightning_spear1_locator1] at @s on origin run tp @s ^-0.00001 ^0.00002 ^0.00001 ~0 ~0
execute if entity @s[tag=aj.favor_incantations.locator_origin.lightning_spear2_locator0] at @s on origin run tp @s ^0.00002 ^0.00001 ^0 ~0 ~0
execute if entity @s[tag=aj.favor_incantations.locator_origin.lightning_spear2_locator1] at @s on origin run tp @s ^0.00002 ^0.00001 ^0.00001 ~0 ~0
execute if entity @s[tag=aj.favor_incantations.locator_origin.lightning_spear3_locator0] at @s on origin run tp @s ^-0.00002 ^0.00001 ^0.00001 ~0 ~0
execute if entity @s[tag=aj.favor_incantations.locator_origin.lightning_spear3_locator1] at @s on origin run tp @s ^-0.00002 ^0.00001 ^0 ~0 ~0
execute if entity @s[tag=aj.favor_incantations.locator_origin.lightning_spear4_locator0] at @s on origin run tp @s ^-0.00001 ^0.00001 ^0.00001 ~0 ~0
execute if entity @s[tag=aj.favor_incantations.locator_origin.lightning_spear4_locator1] at @s on origin run tp @s ^-0.00001 ^0.00001 ^0 ~0 ~0
execute if entity @s[tag=aj.favor_incantations.locator_origin.lightning_spear5_locator1] at @s on origin run tp @s ^0.00001 ^0.00001 ^0.00001 ~0 ~0
execute if entity @s[tag=aj.favor_incantations.locator_origin.lightning_spear5_locator0] at @s on origin run tp @s ^0.00001 ^0.00001 ^0 ~0 ~0
execute if entity @s[tag=aj.favor_incantations.locator_origin.blackhole0] at @s on origin run tp @s ^0 ^1.1875 ^-0.625 ~0 ~0
execute if entity @s[tag=aj.favor_incantations.locator_origin.blackhole1] at @s on origin run tp @s ^0 ^1.1875 ^-0.625 ~0 ~0
execute if entity @s[tag=aj.favor_incantations.locator_origin.blackhole2] at @s on origin run tp @s ^0 ^1.1875 ^-0.625 ~0 ~0
execute if entity @s[tag=aj.favor_incantations.locator_origin.blackhole3] at @s on origin run tp @s ^0 ^1.1875 ^-0.625 ~0 ~0