execute if entity @s[tag=aj.favor_incantations.bone.slash_left] run data modify entity @s {} merge value {transformation:[0.00001139253229797268f,-0.000002458914869318475f,5.244584027403044e-7f,-0.19627516823438385f,0.0000024809438996273075f,0.00001059978627820616f,-0.000004195302055200029f,0.5757847283781579f,4.077208820534667e-7f,0.000004208251374728942f,0.000010873614631783705f,-0.019933657423536665f,0f,0f,0f,1f],start_interpolation:0}
execute if entity @s[tag=aj.favor_incantations.locator_origin.twinaxe_left0] at @s on origin run tp @s ^-0.19627 ^0.57579 ^-0.01994 ~177.23864 ~-21.07547
execute if entity @s[tag=aj.favor_incantations.locator_origin.twinaxe_left1] at @s on origin run tp @s ^-0.19627 ^0.57578 ^-0.01993 ~177.23864 ~-21.07547
execute if entity @s[tag=aj.favor_incantations.bone.twinaxe_left] run data modify entity @s {} merge value {transformation:[0.000009765027683976582f,-0.0000021076413165586927f,4.4953577377740367e-7f,-0.19627516823438385f,0.000002126523342537692f,0.000009085531095605279f,-0.0000035959731901714533f,0.5757847283781579f,3.494750417601143e-7f,0.000003607072606910522f,0.00000932024111295746f,-0.019933657423536665f,0f,0f,0f,1f],start_interpolation:0}
execute if entity @s[tag=aj.favor_incantations.bone.right_arm2] run data modify entity @s {} merge value {transformation:[0.9765027683976581f,-0.21076413165586927f,0.04495357737774036f,0.40077789813822073f,0.21265233425376917f,0.9085531095605278f,-0.3595973190171453f,1.073330552231004f,0.034947504176011425f,0.3607072606910522f,0.932024111295746f,-0.05794075020452737f,0f,0f,0f,1f],start_interpolation:0}
execute if entity @s[tag=aj.favor_incantations.bone.right_arm] run data modify entity @s {} merge value {transformation:[0.934500604112009f,-0.35311159255288305f,0.04495357737774036f,0.31249999999999994f,0.34491190051889786f,0.8670210776192948f,-0.3595973190171453f,1.2900858216358275f,0.0880022828950005f,0.3515489356670609f,0.932024111295746f,0.029946483712237855f,0f,0f,0f,1f],start_interpolation:0}
execute if entity @s[tag=aj.favor_incantations.locator_origin.messermers_orb] at @s on origin run tp @s ^-0.7327 ^0.90828 ^0.04907 ~170.21765 ~-15.80031
execute if entity @s[tag=aj.favor_incantations.bone.messermers_orb] run data modify entity @s {} merge value {transformation:[0.1142806772864189f,0.02600280438188661f,0.019422177098222453f,-0.7327005738106405f,-0.020106751055386795f,0.11252909642313688f,-0.03234750407974431f,0.9082822052320472f,-0.025477153705900552f,0.027829779418272593f,0.11264926993361392f,0.049074426069187514f,0f,0f,0f,1f],start_interpolation:0}
execute if entity @s[tag=aj.favor_incantations.bone.slash_right] run data modify entity @s {} merge value {transformation:[0.000009127100359318049f,0.000007266669240952041f,-5.165544161995487e-8f,-0.7238764614165534f,-0.000007263573009037507f,0.000009125241787077085f,2.856231448520877e-7f,0.924996112720001f,2.1830548419437059e-7f,-1.9128926027043655e-7f,0.000011663055442103797f,0.23626224708578208f,0f,0f,0f,1f],start_interpolation:0}
execute if entity @s[tag=aj.favor_incantations.locator_origin.twinaxe_right0] at @s on origin run tp @s ^-0.72388 ^0.925 ^0.23627 ~-179.74624 ~1.40285
execute if entity @s[tag=aj.favor_incantations.locator_origin.twinaxe_right1] at @s on origin run tp @s ^-0.72388 ^0.925 ^0.23626 ~-179.74624 ~1.40285
execute if entity @s[tag=aj.favor_incantations.bone.twinaxe_right] run data modify entity @s {} merge value {transformation:[0.000007823228879415469f,0.000006228573635101749f,-4.427609281710417e-8f,-0.7238764614165534f,-0.0000062259197220321484f,0.000007821635817494644f,2.4481983844464654e-7f,0.924996112720001f,1.8711898645231763e-7f,-1.6396222308894562e-7f,0.000009996904664660398f,0.23626224708578208f,0f,0f,0f,1f],start_interpolation:0}
execute if entity @s[tag=aj.favor_incantations.bone.left_arm2] run data modify entity @s {} merge value {transformation:[0.7823228879415468f,0.6228573635101748f,-0.004427609281710417f,-0.5772985390756498f,-0.6225919722032148f,0.7821635817494643f,0.02448198384446465f,1.2037438583085724f,0.01871189864523176f,-0.01639622230889456f,0.9996904664660397f,0.042526971486543115f,0f,0f,0f,1f],start_interpolation:0}
execute if entity @s[tag=aj.favor_incantations.bone.left_arm] run data modify entity @s {} merge value {transformation:[0.7099874076287994f,0.7042004524881996f,-0.004427609281710417f,-0.31249999999999994f,-0.703919318010668f,0.7098578915518482f,0.02448198384446465f,1.293218416445201f,0.020383197490411176f,-0.014265220537342332f,0.9996904664660397f,0.04150856603850893f,0f,0f,0f,1f],start_interpolation:0}
execute if entity @s[tag=aj.favor_incantations.bone.head] run data modify entity @s {} merge value {transformation:[0.9999999999999998f,1.0168134855088367e-32f,2.2457189701682718e-32f,-1.3877787807814454e-17f,0f,0.8956694270104857f,-0.44472044873010763f,1.430997097414775f,-2.465190328815662e-32f,0.44472044873010763f,0.8956694270104857f,0.05837314124261704f,0f,0f,0f,1f],start_interpolation:0}
execute if entity @s[tag=aj.favor_incantations.bone.body_top] run data modify entity @s {} merge value {transformation:[0.9999999999999998f,4.009315667444222e-33f,2.4323686472395863e-32f,-1.3877787807814455e-17f,0f,0.9802523532448507f,-0.19775066108089867f,1.045022733324615f,-2.465190328815662e-32f,0.19775066108089864f,0.9802523532448507f,-0.019491181557986806f,0f,0f,0f,1f],start_interpolation:0}
execute if entity @s[tag=aj.favor_incantations.locator_origin.player_camera] at @s on origin run tp @s ^0 ^-0.11327 ^0.12763 ~-180 ~-8.28545
execute if entity @s[tag=aj.favor_incantations.bone.body] run data modify entity @s {} merge value {transformation:[0.9999999999999998f,2.6794986335010165e-33f,2.4505848746813348e-32f,-1.3877787807814457e-17f,0f,0.9895624043239691f,-0.1441049893257182f,0.6120891814328784f,-2.465190328815662e-32f,0.14410498932571816f,0.9895624043239691f,-0.0825371143879885f,0f,0f,0f,1f],start_interpolation:0}
execute if entity @s[tag=aj.favor_incantations.bone.right_leg2] run data modify entity @s {} merge value {transformation:[0.9952125878911052f,-0.07978181124353965f,0.05645146143182633f,0.16008973067062907f,0.09340956350147601f,0.946374787285173f,-0.30927239682423574f,0.3532664655879374f,-0.028749927818213523f,0.3130648887780998f,0.9492964853325874f,0.040329997343191315f,0f,0f,0f,1f],start_interpolation:0}
execute if entity @s[tag=aj.favor_incantations.bone.right_leg] run data modify entity @s {} merge value {transformation:[0.9952125878911052f,-0.0976409896921854f,-0.004259346783170969f,0.12499999999999994f,0.09340956350147601f,0.9374551279287471f,0.33533943485155504f,0.6901644021873309f,-0.028749927818213523f,-0.33413189050437414f,0.9420877461247545f,-0.07974865080681814f,0f,0f,0f,1f],start_interpolation:0}
execute if entity @s[tag=aj.favor_incantations.bone.left_leg2] run data modify entity @s {} merge value {transformation:[0.9860856766977647f,0.11912839788875539f,-0.11594594873461268f,-0.1847319852260259f,-0.16294696559532612f,0.830747703638026f,-0.5322654782187382f,0.3441480216742227f,0.03291389698572128f,0.5437524047915603f,0.8386000224592224f,-0.0032297316915710778f,0f,0f,0f,1f],start_interpolation:0}
execute if entity @s[tag=aj.favor_incantations.bone.left_leg] run data modify entity @s {} merge value {transformation:[0.9860856766977647f,0.16621074149850695f,0.0030046001443704414f,-0.12499999999999999f,-0.16294696559532612f,0.9628281892538663f,0.2154301844714351f,0.6901644021873309f,0.03291389698572128f,-0.21292220971199183f,0.9765146225206132f,-0.07974865080681814f,0f,0f,0f,1f],start_interpolation:0}
execute if entity @s[tag=aj.favor_incantations.locator_origin.lightning_spear_locator0] at @s on origin run tp @s ^0.00001 ^-0.00001 ^0.00001 ~0 ~0
execute if entity @s[tag=aj.favor_incantations.locator_origin.lightning_spear_locator1] at @s on origin run tp @s ^0.00001 ^-0.00001 ^0 ~0 ~0
execute if entity @s[tag=aj.favor_incantations.locator_origin.lightning_spear_locator2] at @s on origin run tp @s ^0.00001 ^-0.00001 ^-0.00001 ~0 ~0
execute if entity @s[tag=aj.favor_incantations.locator_origin.lightning_spear0_locator0] at @s on origin run tp @s ^0.00001 ^0.00002 ^0.00001 ~0 ~0
execute if entity @s[tag=aj.favor_incantations.locator_origin.lightning_spear0_locator1] at @s on origin run tp @s ^0.00001 ^0.00002 ^0 ~0 ~0
execute if entity @s[tag=aj.favor_incantations.locator_origin.lightning_spear1_locator0] at @s on origin run tp @s ^-0.00001 ^0.00002 ^0 ~0 ~0
execute if entity @s[tag=aj.favor_incantations.locator_origin.lightning_spear1_locator1] at @s on origin run tp @s ^-0.00001 ^0.00002 ^0.00001 ~0 ~0
execute if entity @s[tag=aj.favor_incantations.locator_origin.lightning_spear2_locator0] at @s on origin run tp @s ^0.00002 ^0.00001 ^0 ~0 ~0
execute if entity @s[tag=aj.favor_incantations.locator_origin.lightning_spear2_locator1] at @s on origin run tp @s ^0.00002 ^0.00001 ^0.00001 ~0 ~0
execute if entity @s[tag=aj.favor_incantations.locator_origin.lightning_spear3_locator0] at @s on origin run tp @s ^-0.00002 ^0.00001 ^0.00001 ~0 ~0
execute if entity @s[tag=aj.favor_incantations.locator_origin.lightning_spear3_locator1] at @s on origin run tp @s ^-0.00002 ^0.00001 ^0 ~0 ~0
execute if entity @s[tag=aj.favor_incantations.locator_origin.lightning_spear4_locator0] at @s on origin run tp @s ^-0.00001 ^0.00001 ^0.00001 ~0 ~0
execute if entity @s[tag=aj.favor_incantations.locator_origin.lightning_spear4_locator1] at @s on origin run tp @s ^-0.00001 ^0.00001 ^0 ~0 ~0
execute if entity @s[tag=aj.favor_incantations.locator_origin.lightning_spear5_locator1] at @s on origin run tp @s ^0.00001 ^0.00001 ^0.00001 ~0 ~0
execute if entity @s[tag=aj.favor_incantations.locator_origin.lightning_spear5_locator0] at @s on origin run tp @s ^0.00001 ^0.00001 ^0 ~0 ~0
execute if entity @s[tag=aj.favor_incantations.locator_origin.blackhole0] at @s on origin run tp @s ^0 ^1.1875 ^-0.625 ~0 ~0
execute if entity @s[tag=aj.favor_incantations.locator_origin.blackhole1] at @s on origin run tp @s ^0 ^1.1875 ^-0.625 ~0 ~0
execute if entity @s[tag=aj.favor_incantations.locator_origin.blackhole2] at @s on origin run tp @s ^0 ^1.1875 ^-0.625 ~0 ~0
execute if entity @s[tag=aj.favor_incantations.locator_origin.blackhole3] at @s on origin run tp @s ^0 ^1.1875 ^-0.625 ~0 ~0