execute if entity @s[tag=aj.favor_incantations.bone.slash_left] run data modify entity @s {} merge value {transformation:[0.000007780673476009685f,-0.000008538382217813523f,0.0000016334810906026048f,0.29299433645149336f,0.000007720575457704828f,0.000005779450272089926f,-0.0000065651946098677595f,2.757287991494798f,0.000003995615843986552f,0.000005459404250106104f,0.000009504791968913265f,-2.229217387604106f,0f,0f,0f,1f],start_interpolation:0}
execute if entity @s[tag=aj.favor_incantations.locator_origin.twinaxe_left0] at @s on origin run tp @s ^0.293 ^2.75729 ^-2.22922 ~170.24848 ~-34.24487
execute if entity @s[tag=aj.favor_incantations.locator_origin.twinaxe_left1] at @s on origin run tp @s ^0.293 ^2.75729 ^-2.22921 ~170.24848 ~-34.24487
execute if entity @s[tag=aj.favor_incantations.bone.twinaxe_left] run data modify entity @s {} merge value {transformation:[0.000006669148693722587f,-0.000007318613329554448f,0.000001400126649087947f,0.29299433645149336f,0.000006617636106604137f,0.000004953814518934222f,-0.000005627309665600936f,2.757287991494798f,0.0000034248135805599014f,0.000004679489357233803f,0.000008146964544782798f,-2.229217387604106f,0f,0f,0f,1f],start_interpolation:0}
execute if entity @s[tag=aj.favor_incantations.bone.right_arm2] run data modify entity @s {} merge value {transformation:[0.6669148693722586f,-0.7318613329554448f,0.1400126649087947f,0.49653926792594566f,0.6617636106604137f,0.49538145189342214f,-0.5627309665600936f,3.4725692337705447f,0.3424813580559901f,0.46794893572338025f,0.8146964544782798f,-2.000282996741734f,0f,0f,0f,1f],start_interpolation:0}
execute if entity @s[tag=aj.favor_incantations.bone.right_arm] run data modify entity @s {} merge value {transformation:[0.6621700834722526f,-0.736157071703782f,0.1400126649087947f,0.31250000000000017f,0.6649519983645653f,0.4910933711070774f,-0.5627309665600936f,3.595342576547314f,0.34549908889217185f,0.4657253124269698f,0.8146964544782798f,-1.8838516686349913f,0f,0f,0f,1f],start_interpolation:0}
execute if entity @s[tag=aj.favor_incantations.locator_origin.messermers_orb] at @s on origin run tp @s ^-0.70852 ^3.28742 ^-1.63234 ~31.76142 ~38.59926
execute if entity @s[tag=aj.favor_incantations.bone.messermers_orb] run data modify entity @s {} merge value {transformation:[0.3945606547870387f,-0.08546077326401426f,0.18221229715221438f,-0.7085156441097964f,-0.19024900089859725f,-0.2891907640333567f,0.276327694886408f,3.287424417598144f,0.06565198136732615f,-0.32441968734536897f,-0.2943206739453144f,-1.6323413334584127f,0f,0f,0f,1f],start_interpolation:0}
execute if entity @s[tag=aj.favor_incantations.bone.slash_right] run data modify entity @s {} merge value {transformation:[0.00000976453668931934f,0.000006147171582468172f,0.000001725461065843953f,-0.6685882508244706f,-0.000006243748385487149f,0.000008534667592571273f,0.000004928099663577377f,3.383559883605184f,0.000001334368934281023f,-0.0000050480532615178f,0.000010433011498470434f,-1.4746839130693399f,0f,0f,0f,1f],start_interpolation:0}
execute if entity @s[tag=aj.favor_incantations.locator_origin.twinaxe_right0] at @s on origin run tp @s ^-0.66859 ^3.38356 ^-1.47468 ~170.60916 ~24.98674
execute if entity @s[tag=aj.favor_incantations.locator_origin.twinaxe_right1] at @s on origin run tp @s ^-0.66859 ^3.38356 ^-1.47469 ~170.60916 ~24.98674
execute if entity @s[tag=aj.favor_incantations.bone.twinaxe_right] run data modify entity @s {} merge value {transformation:[0.000008369602876559434f,0.000005269004213544147f,0.0000014789666278662455f,-0.6685882508244706f,-0.000005351784330417556f,0.0000073154293650610905f,0.000004224085425923466f,3.383559883605184f,0.0000011437448008123053f,-0.000004326902795586686f,0.00000894258128440323f,-1.4746839130693399f,0f,0f,0f,1f],start_interpolation:0}
execute if entity @s[tag=aj.favor_incantations.bone.left_arm2] run data modify entity @s {} merge value {transformation:[0.8369602876559433f,0.5269004213544147f,0.14789666278662453f,-0.5839725114022045f,-0.5351784330417555f,0.731542936506109f,0.4224085425923465f,3.566414101592388f,0.11437448008123052f,-0.43269027955866857f,0.8942581284403228f,-1.7847214295190612f,0f,0f,0f,1f],start_interpolation:0}
execute if entity @s[tag=aj.favor_incantations.bone.left_arm] run data modify entity @s {} merge value {transformation:[0.6012112230522973f,0.7852844340826703f,0.14789666278662453f,-0.3124999999999997f,-0.7563503153786217f,0.49950497852540887f,0.4224085425923465f,3.5967465568014125f,0.2578357339521038f,-0.3658184440617921f,0.8942581284403228f,-1.8439465737904963f,0f,0f,0f,1f],start_interpolation:0}
execute if entity @s[tag=aj.favor_incantations.bone.head] run data modify entity @s {} merge value {transformation:[0.9999999999999998f,1.4379410992277625e-32f,2.025942849612378e-32f,2.2898349882893854e-16f,0f,0.7902535595844749f,-0.6127799862626607f,3.7260973901556866f,0f,0.6127799862626606f,0.7902535595844747f,-1.8241252823535512f,0f,0f,0f,1f],start_interpolation:0}
execute if entity @s[tag=aj.favor_incantations.bone.body_top] run data modify entity @s {} merge value {transformation:[0.9999999999999998f,9.356870825651747e-33f,2.3014362294585834e-32f,2.2898349882893854e-16f,0f,0.9095987033625905f,-0.41548790456653967f,3.3679429007066664f,0f,0.4154879045665396f,0.9095987033625903f,-1.9877236447766262f,0f,0f,0f,1f],start_interpolation:0}
execute if entity @s[tag=aj.favor_incantations.locator_origin.player_camera] at @s on origin run tp @s ^0 ^2.20323 ^-2.0697 ~-180 ~-19.55005
execute if entity @s[tag=aj.favor_incantations.bone.body] run data modify entity @s {} merge value {transformation:[0.9999999999999998f,7.315431267595277e-33f,2.3742290724432558e-32f,2.2898349882893854e-16f,0f,0.9423495626061039f,-0.33463009705656255f,2.955664967066496f,0f,0.33463009705656255f,0.9423495626061037f,-2.1341243122388724f,0f,0f,0f,1f],start_interpolation:0}
execute if entity @s[tag=aj.favor_incantations.bone.right_leg2] run data modify entity @s {} merge value {transformation:[0.9758251841138985f,-0.15491671504423915f,0.15416232175527725f,0.2034531428255778f,0.20821445324682303f,0.8733546645522727f,-0.44033892783163453f,2.6937846137515593f,-0.06642252259740064f,0.4617926388593573f,0.8844973754551838f,-2.031013070839641f,0f,0f,0f,1f],start_interpolation:0}
execute if entity @s[tag=aj.favor_incantations.bone.right_leg] run data modify entity @s {} merge value {transformation:[0.9758251841138985f,-0.21830439742769422f,0.010411537485259558f,0.1250000000000002f,0.20821445324682303f,0.9430890400608095f,0.25928710723116793f,3.0327072375234128f,-0.06642252259740064f,-0.2508510565672624f,0.9657441669049238f,-2.121162669293501f,0f,0f,0f,1f],start_interpolation:0}
execute if entity @s[tag=aj.favor_incantations.bone.left_leg2] run data modify entity @s {} merge value {transformation:[0.9619713214320235f,0.21113643540097904f,-0.1732991124861706f,-0.22272198223359935f,-0.27240970789887337f,0.7882490844333407f,-0.5517756173776172f,2.691992407816308f,0.020102929756049902f,0.5780006803942086f,0.8157886280643133f,-2.061881899806299f,0f,0f,0f,1f],start_interpolation:0}
execute if entity @s[tag=aj.favor_incantations.bone.left_leg] run data modify entity @s {} merge value {transformation:[0.9619713214320235f,0.2719220375195815f,0.02587628747570872f,-0.12499999999999975f,-0.27240970789887337f,0.9480760478806386f,0.16414858658386178f,3.0327072375234128f,0.020102929756049902f,-0.16495518466004142f,0.9860961714097638f,-2.121162669293501f,0f,0f,0f,1f],start_interpolation:0}
execute if entity @s[tag=aj.favor_incantations.locator_origin.lightning_spear_locator0] at @s on origin run tp @s ^0.00001 ^-0.00001 ^0.00001 ~0 ~0
execute if entity @s[tag=aj.favor_incantations.locator_origin.lightning_spear_locator1] at @s on origin run tp @s ^0.00001 ^-0.00001 ^0 ~0 ~0
execute if entity @s[tag=aj.favor_incantations.locator_origin.lightning_spear_locator2] at @s on origin run tp @s ^0.00001 ^-0.00001 ^-0.00001 ~0 ~0
execute if entity @s[tag=aj.favor_incantations.locator_origin.lightning_spear0_locator0] at @s on origin run tp @s ^0.00001 ^0.00002 ^0.00001 ~0 ~0
execute if entity @s[tag=aj.favor_incantations.locator_origin.lightning_spear0_locator1] at @s on origin run tp @s ^0.00001 ^0.00002 ^0 ~0 ~0
execute if entity @s[tag=aj.favor_incantations.locator_origin.lightning_spear1_locator0] at @s on origin run tp @s ^-0.00001 ^0.00002 ^0 ~0 ~0
execute if entity @s[tag=aj.favor_incantations.locator_origin.lightning_spear1_locator1] at @s on origin run tp @s ^-0.00001 ^0.00002 ^0.00001 ~0 ~0
execute if entity @s[tag=aj.favor_incantations.locator_origin.lightning_spear2_locator0] at @s on origin run tp @s ^0.00002 ^0.00001 ^0 ~0 ~0
execute if entity @s[tag=aj.favor_incantations.locator_origin.lightning_spear2_locator1] at @s on origin run tp @s ^0.00002 ^0.00001 ^0.00001 ~0 ~0
execute if entity @s[tag=aj.favor_incantations.locator_origin.lightning_spear3_locator0] at @s on origin run tp @s ^-0.00002 ^0.00001 ^0.00001 ~0 ~0
execute if entity @s[tag=aj.favor_incantations.locator_origin.lightning_spear3_locator1] at @s on origin run tp @s ^-0.00002 ^0.00001 ^0 ~0 ~0
execute if entity @s[tag=aj.favor_incantations.locator_origin.lightning_spear4_locator0] at @s on origin run tp @s ^-0.00001 ^0.00001 ^0.00001 ~0 ~0
execute if entity @s[tag=aj.favor_incantations.locator_origin.lightning_spear4_locator1] at @s on origin run tp @s ^-0.00001 ^0.00001 ^0 ~0 ~0
execute if entity @s[tag=aj.favor_incantations.locator_origin.lightning_spear5_locator1] at @s on origin run tp @s ^0.00001 ^0.00001 ^0.00001 ~0 ~0
execute if entity @s[tag=aj.favor_incantations.locator_origin.lightning_spear5_locator0] at @s on origin run tp @s ^0.00001 ^0.00001 ^0 ~0 ~0
execute if entity @s[tag=aj.favor_incantations.locator_origin.blackhole0] at @s on origin run tp @s ^0 ^1.1875 ^-0.625 ~0 ~0
execute if entity @s[tag=aj.favor_incantations.locator_origin.blackhole1] at @s on origin run tp @s ^0 ^1.1875 ^-0.625 ~0 ~0
execute if entity @s[tag=aj.favor_incantations.locator_origin.blackhole2] at @s on origin run tp @s ^0 ^1.1875 ^-0.625 ~0 ~0
execute if entity @s[tag=aj.favor_incantations.locator_origin.blackhole3] at @s on origin run tp @s ^0 ^1.1875 ^-0.625 ~0 ~0