execute if entity @s[tag=aj.favor_incantations.bone.slash_left] run data modify entity @s {} merge value {transformation:[0.00000942778097504297f,-0.000006503585398906948f,0.0000022206832184833f,0.10618961171503455f,0.0000028651334806706834f,2.9302723283570773e-7f,-0.000011305585181222053f,2.275125557931282f,0.000006246524404472369f,0.000009681354404785115f,0.0000018339631578606242f,-0.6787944625599618f,0f,0f,0f,1f],start_interpolation:0}
execute if entity @s[tag=aj.favor_incantations.locator_origin.twinaxe_left0] at @s on origin run tp @s ^0.10619 ^2.27513 ^-0.67879 ~129.55178 ~-75.70799
execute if entity @s[tag=aj.favor_incantations.locator_origin.twinaxe_left1] at @s on origin run tp @s ^0.1062 ^2.27512 ^-0.67879 ~129.55178 ~-75.70799
execute if entity @s[tag=aj.favor_incantations.bone.twinaxe_left] run data modify entity @s {} merge value {transformation:[0.000008080955121465402f,-0.00000557450177049167f,0.0000019034427586999715f,0.10618961171503455f,0.0000024558286977177284f,2.5116619957346377e-7f,-0.000009690501583904616f,2.275125557931282f,0.00000535416377526203f,0.000008298303775530098f,0.0000015719684210233921f,-0.6787944625599618f,0f,0f,0f,1f],start_interpolation:0}
execute if entity @s[tag=aj.favor_incantations.bone.right_arm2] run data modify entity @s {} merge value {transformation:[0.8080955121465401f,-0.5574501770491669f,0.19034427586999714f,0.4518625442622917f,0.24558286977177282f,0.025116619957346376f,-0.9690501583904616f,2.633509629334258f,0.535416377526203f,0.8298303775530098f,0.1571968421023392f,-0.08084811791957039f,0f,0f,0f,1f],start_interpolation:0}
execute if entity @s[tag=aj.favor_incantations.bone.right_arm] run data modify entity @s {} merge value {transformation:[0.8080955121465401f,-0.5574501770491669f,0.19034427586999714f,0.3125f,0.24558286977177282f,0.025116619957346376f,-0.9690501583904616f,2.6397887843235948f,0.535416377526203f,0.8298303775530098f,0.1571968421023392f,0.12660947646868206f,0f,0f,0f,1f],start_interpolation:0}
execute if entity @s[tag=aj.favor_incantations.locator_origin.messermers_orb] at @s on origin run tp @s ^-0.5398 ^2.22845 ^0.48814 ~72.40027 ~55.03886
execute if entity @s[tag=aj.favor_incantations.bone.messermers_orb] run data modify entity @s {} merge value {transformation:[-0.024503295133128544f,1.0965314702984277f,0.715179148044591f,-0.5398028403351247f,0.28639715338177374f,-0.6934878534124062f,1.0730862772066692f,2.2284483685348753f,1.2774345970293095f,0.17651125301130566f,-0.22686453777076587f,0.48813887894288166f,0f,0f,0f,1f],start_interpolation:0}
execute if entity @s[tag=aj.favor_incantations.bone.slash_right] run data modify entity @s {} merge value {transformation:[0.000004414955082269361f,0.000004637016876129771f,0.000009752812785199087f,-0.40945494073846733f,-0.000005789646998886865f,0.000009910517505142077f,-0.000002091110116580171f,2.1384309299690503f,-0.000009115880119930023f,-0.000004048558803064527f,0.000006051529754393053f,0.6084398592541418f,0f,0f,0f,1f],start_interpolation:0}
execute if entity @s[tag=aj.favor_incantations.locator_origin.twinaxe_right0] at @s on origin run tp @s ^-0.40945 ^2.13843 ^0.60844 ~121.81922 ~-10.32538
execute if entity @s[tag=aj.favor_incantations.locator_origin.twinaxe_right1] at @s on origin run tp @s ^-0.40946 ^2.13843 ^0.60844 ~121.81922 ~-10.32538
execute if entity @s[tag=aj.favor_incantations.bone.twinaxe_right] run data modify entity @s {} merge value {transformation:[0.000003784247213373738f,0.000003974585893825518f,0.00000835955381588493f,-0.40945494073846733f,-0.000004962554570474455f,0.000008494729290121779f,-0.0000017923800999258607f,2.1384309299690503f,-0.00000781361153136859f,-0.0000034701932597695947f,0.000005187025503765473f,0.6084398592541418f,0f,0f,0f,1f],start_interpolation:0}
execute if entity @s[tag=aj.favor_incantations.bone.left_arm2] run data modify entity @s {} merge value {transformation:[0.37842472133737376f,0.3974585893825518f,0.835955381588493f,-0.4656423106878482f,-0.49625545704744545f,0.8494729290121779f,-0.17923800999258604f,2.468514313224431f,-0.7813611531368589f,-0.34701932597695945f,0.5187025503765473f,0.451574663761793f,0f,0f,0f,1f],start_interpolation:0}
execute if entity @s[tag=aj.favor_incantations.bone.left_arm] run data modify entity @s {} merge value {transformation:[0.27310955261225744f,0.47601446644526413f,0.835955381588493f,-0.3125f,-0.6839415339437791f,0.7071758719869676f,-0.17923800999258604f,2.559815589478201f,-0.6764873616103726f,-0.5227929932720046f,0.5187025503765473f,0.2363154952424953f,0f,0f,0f,1f],start_interpolation:0}
execute if entity @s[tag=aj.favor_incantations.bone.head] run data modify entity @s {} merge value {transformation:[0.9999404416061225f,-0.006673523959570564f,0.008635816030560921f,1.3877787807814448e-17f,0.010828634989641954f,0.7053726354619847f,-0.7087539670475751f,2.7058171774855344f,-0.0013615817323089346f,0.7088052688992761f,0.7054028897557844f,0.2542978228298608f,0f,0f,0f,1f],start_interpolation:0}
execute if entity @s[tag=aj.favor_incantations.bone.body_top] run data modify entity @s {} merge value {transformation:[1f,-1.2558097060349417e-32f,-2.1213451721760664e-32f,1.3877787807814452e-17f,0f,0.459327952430884f,-0.888266757295156f,2.5249567962158737f,0f,0.888266757295156f,0.4593279524308841f,-0.09545721285510694f,0f,0f,0f,1f],start_interpolation:0}
execute if entity @s[tag=aj.favor_incantations.locator_origin.player_camera] at @s on origin run tp @s ^0 ^1.60969 ^-0.82042 ~-180 ~-53.90625
execute if entity @s[tag=aj.favor_incantations.bone.body] run data modify entity @s {} merge value {transformation:[1f,-9.184877670477147e-33f,-2.287693943487628e-32f,1.3877787807814457e-17f,0f,0.5891082158243283f,-0.8080541504430732f,2.26722195179273f,0f,0.8080541504430732f,0.5891082158243284f,-0.44898090367395144f,0f,0f,0f,1f],start_interpolation:0}
execute if entity @s[tag=aj.favor_incantations.bone.right_leg2] run data modify entity @s {} merge value {transformation:[0.9667778293610297f,-0.07582543250003823f,0.24411295017298398f,0.17960905371688984f,0.2552228596698503f,0.23324907091482122f,-0.9383262560641241f,2.1532172286019797f,0.014209875366079247f,0.9694562262957287f,0.24485241419787074f,-0.6644941439156589f,0f,0f,0f,1f],start_interpolation:0}
execute if entity @s[tag=aj.favor_incantations.bone.right_leg] run data modify entity @s {} merge value {transformation:[0.9667778293610297f,-0.15195562773395438f,0.20554832973282827f,0.125f,0.2552228596698503f,0.5291239758186654f,-0.8092521919128746f,2.343371157411813f,0.014209875366079247f,0.8348277100179584f,0.5503278786580346f,-0.36447793562795505f,0f,0f,0f,1f],start_interpolation:0}
execute if entity @s[tag=aj.favor_incantations.bone.left_leg2] run data modify entity @s {} merge value {transformation:[0.9546297492887101f,0.28049855234269666f,-0.10001301868569841f,-0.21627914231654022f,-0.28192420272005086f,0.7430834809803062f,-0.606914890421099f,2.0059259985430717f,-0.09592072609002752f,0.6075751002368699f,0.7884489278821549f,-0.28111563264269085f,0f,0f,0f,1f],start_interpolation:0}
execute if entity @s[tag=aj.favor_incantations.bone.left_leg] run data modify entity @s {} merge value {transformation:[0.9546297492887101f,0.2539941351416771f,0.1554638899764375f,-0.12499999999999999f,-0.28192420272005086f,0.9389778333738878f,0.19707707211429498f,2.343371157411813f,-0.09592072609002752f,-0.23196466917638736f,0.967983267706757f,-0.36447793562795505f,0f,0f,0f,1f],start_interpolation:0}
execute if entity @s[tag=aj.favor_incantations.locator_origin.lightning_spear_locator0] at @s on origin run tp @s ^0.00001 ^-0.00001 ^0.00001 ~0 ~0
execute if entity @s[tag=aj.favor_incantations.locator_origin.lightning_spear_locator1] at @s on origin run tp @s ^0.00001 ^-0.00001 ^0 ~0 ~0
execute if entity @s[tag=aj.favor_incantations.locator_origin.lightning_spear_locator2] at @s on origin run tp @s ^0.00001 ^-0.00001 ^-0.00001 ~0 ~0
execute if entity @s[tag=aj.favor_incantations.locator_origin.lightning_spear0_locator0] at @s on origin run tp @s ^0.00001 ^0.00002 ^0.00001 ~0 ~0
execute if entity @s[tag=aj.favor_incantations.locator_origin.lightning_spear0_locator1] at @s on origin run tp @s ^0.00001 ^0.00002 ^0 ~0 ~0
execute if entity @s[tag=aj.favor_incantations.locator_origin.lightning_spear1_locator0] at @s on origin run tp @s ^-0.00001 ^0.00002 ^0 ~0 ~0
execute if entity @s[tag=aj.favor_incantations.locator_origin.lightning_spear1_locator1] at @s on origin run tp @s ^-0.00001 ^0.00002 ^0.00001 ~0 ~0
execute if entity @s[tag=aj.favor_incantations.locator_origin.lightning_spear2_locator0] at @s on origin run tp @s ^0.00002 ^0.00001 ^0 ~0 ~0
execute if entity @s[tag=aj.favor_incantations.locator_origin.lightning_spear2_locator1] at @s on origin run tp @s ^0.00002 ^0.00001 ^0.00001 ~0 ~0
execute if entity @s[tag=aj.favor_incantations.locator_origin.lightning_spear3_locator0] at @s on origin run tp @s ^-0.00002 ^0.00001 ^0.00001 ~0 ~0
execute if entity @s[tag=aj.favor_incantations.locator_origin.lightning_spear3_locator1] at @s on origin run tp @s ^-0.00002 ^0.00001 ^0 ~0 ~0
execute if entity @s[tag=aj.favor_incantations.locator_origin.lightning_spear4_locator0] at @s on origin run tp @s ^-0.00001 ^0.00001 ^0.00001 ~0 ~0
execute if entity @s[tag=aj.favor_incantations.locator_origin.lightning_spear4_locator1] at @s on origin run tp @s ^-0.00001 ^0.00001 ^0 ~0 ~0
execute if entity @s[tag=aj.favor_incantations.locator_origin.lightning_spear5_locator1] at @s on origin run tp @s ^0.00001 ^0.00001 ^0.00001 ~0 ~0
execute if entity @s[tag=aj.favor_incantations.locator_origin.lightning_spear5_locator0] at @s on origin run tp @s ^0.00001 ^0.00001 ^0 ~0 ~0
execute if entity @s[tag=aj.favor_incantations.locator_origin.blackhole0] at @s on origin run tp @s ^0 ^1.1875 ^-0.625 ~0 ~0
execute if entity @s[tag=aj.favor_incantations.locator_origin.blackhole1] at @s on origin run tp @s ^0 ^1.1875 ^-0.625 ~0 ~0
execute if entity @s[tag=aj.favor_incantations.locator_origin.blackhole2] at @s on origin run tp @s ^0 ^1.1875 ^-0.625 ~0 ~0
execute if entity @s[tag=aj.favor_incantations.locator_origin.blackhole3] at @s on origin run tp @s ^0 ^1.1875 ^-0.625 ~0 ~0