execute if entity @s[tag=aj.favor_incantations.bone.slash_left] run data modify entity @s {} merge value {transformation:[0.000011304706696852017f,-0.0000028354791479458195f,5.2419043374015e-7f,-0.18691231105754563f,0.0000028653717298703856f,0.00001080875310067846f,-0.0000033274032471800717f,0.5890471473692638f,3.230517898415546e-7f,0.0000033529129904083914f,0.000011169813030258917f,-0.006783437061788827f,0f,0f,0f,1f],start_interpolation:0}
execute if entity @s[tag=aj.favor_incantations.locator_origin.twinaxe_left0] at @s on origin run tp @s ^-0.18691 ^0.58905 ^-0.00679 ~177.31313 ~-16.57116
execute if entity @s[tag=aj.favor_incantations.locator_origin.twinaxe_left1] at @s on origin run tp @s ^-0.1869 ^0.58905 ^-0.00678 ~177.31313 ~-16.57116
execute if entity @s[tag=aj.favor_incantations.bone.twinaxe_left] run data modify entity @s {} merge value {transformation:[0.000009689748597301728f,-0.000002430410698239274f,4.4930608606298567e-7f,-0.18691231105754563f,0.0000024560329113174734f,0.000009264645514867252f,-0.000002852059926154347f,0.5890471473692638f,2.769015341499039e-7f,0.0000028739254203500495f,0.000009574125454507643f,-0.006783437061788827f,0f,0f,0f,1f],start_interpolation:0}
execute if entity @s[tag=aj.favor_incantations.bone.right_arm2] run data modify entity @s {} merge value {transformation:[0.9689748597301727f,-0.24304106982392737f,0.044930608606298564f,0.39488308157328983f,0.24560329113174734f,0.926464551486725f,-0.28520599261543467f,1.1008957059773357f,0.02769015341499039f,0.2873925420350049f,0.9574125454507642f,-0.07745113947506216f,0f,0f,0f,1f],start_interpolation:0}
execute if entity @s[tag=aj.favor_incantations.bone.right_arm] run data modify entity @s {} merge value {transformation:[0.9430745921389706f,-0.32953232629315954f,0.044930608606298564f,0.31249999999999994f,0.32824604256351964f,0.9005065670596925f,-0.28520599261543467f,1.3260223477422588f,0.053524286107353276f,0.2837188196263793f,0.9574125454507642f,-0.006521434568467339f,0f,0f,0f,1f],start_interpolation:0}
execute if entity @s[tag=aj.favor_incantations.locator_origin.messermers_orb] at @s on origin run tp @s ^-0.66213 ^0.91342 ^0.0357 ~173.75705 ~-6.03966
execute if entity @s[tag=aj.favor_incantations.bone.messermers_orb] run data modify entity @s {} merge value {transformation:[0.06446805408051044f,0.017518551681338913f,0.00726707300504319f,-0.6621343380990432f,-0.016780706116979384f,0.06468581700633275f,-0.007070571436510154f,0.9134226995773473f,-0.008838433418199208f,0.00496844293632121f,0.0664306907197311f,0.03569896258143409f,0f,0f,0f,1f],start_interpolation:0}
execute if entity @s[tag=aj.favor_incantations.bone.slash_right] run data modify entity @s {} merge value {transformation:[0.000009926173849681905f,0.000006128247342727525f,1.636102788800989e-7f,-0.6676467015152368f,-0.000006123107405636219f,0.00000989556955178715f,8.344879003899078e-7f,0.9136871412862393f,2.995655454906354e-7f,-7.958635958550171e-7f,0.000011635633748612865f,0.2237575808900625f,0f,0f,0f,1f],start_interpolation:0}
execute if entity @s[tag=aj.favor_incantations.locator_origin.twinaxe_right0] at @s on origin run tp @s ^-0.66765 ^0.91369 ^0.22376 ~179.19441 ~4.10173
execute if entity @s[tag=aj.favor_incantations.locator_origin.twinaxe_right1] at @s on origin run tp @s ^-0.66765 ^0.91369 ^0.22376 ~179.19441 ~4.10173
execute if entity @s[tag=aj.favor_incantations.bone.twinaxe_right] run data modify entity @s {} merge value {transformation:[0.00000850814901401306f,0.000005252783436623593f,1.4023738189722764e-7f,-0.6676467015152368f,-0.000005248377776259616f,0.000008481916758674698f,7.152753431913495e-7f,0.9136871412862393f,2.5677046756340173e-7f,-6.821687964471575e-7f,0.000009973400355953883f,0.2237575808900625f,0f,0f,0f,1f],start_interpolation:0}
execute if entity @s[tag=aj.favor_incantations.bone.left_arm2] run data modify entity @s {} merge value {transformation:[0.850814901401306f,0.5252783436623593f,0.014023738189722763f,-0.5593026013689041f,-0.5248377776259615f,0.8481916758674697f,0.07152753431913494f,1.1981379884116083f,0.025677046756340173f,-0.06821687964471575f,0.9973400355953883f,0.01383373390468225f,0f,0f,0f,1f],start_interpolation:0}
execute if entity @s[tag=aj.favor_incantations.bone.left_arm] run data modify entity @s {} merge value {transformation:[0.8145371874610964f,0.5799418117450684f,0.014023738189722763f,-0.31249999999999994f,-0.579330170015199f,0.8119484995640951f,0.07152753431913494f,1.3287088420507323f,0.03009525466127158f,-0.06638621126003597f,0.9973400355953883f,0.0009990879223322063f,0f,0f,0f,1f],start_interpolation:0}
execute if entity @s[tag=aj.favor_incantations.bone.head] run data modify entity @s {} merge value {transformation:[0.9999999999999998f,8.68967401640027e-33f,2.3069588232504822e-32f,-1.3877787807814455e-17f,0f,0.9277892607356386f,-0.37310466046890517f,1.4687290390273422f,-2.465190328815662e-32f,0.3731046604689051f,0.9277892607356385f,0.010766213116047856f,0f,0f,0f,1f],start_interpolation:0}
execute if entity @s[tag=aj.favor_incantations.bone.body_top] run data modify entity @s {} merge value {transformation:[0.9999999999999998f,2.422731757228831e-33f,2.453256420680769e-32f,-1.3877787807814457e-17f,0f,0.9927422002440578f,-0.12026189693575787f,1.0778367976812444f,-2.465190328815662e-32f,0.12026189693575785f,0.9927422002440576f,-0.0365869088024068f,0f,0f,0f,1f],start_interpolation:0}
execute if entity @s[tag=aj.favor_incantations.locator_origin.player_camera] at @s on origin run tp @s ^0 ^-0.07022 ^0.17613 ~-180 ~-5.02722
execute if entity @s[tag=aj.favor_incantations.bone.body] run data modify entity @s {} merge value {transformation:[0.9999999999999998f,1.6166049486081484e-33f,2.4598839894774769e-32f,-1.3877787807814457e-17f,0f,0.9961531834660917f,-0.087628962508813f,0.6420197799148293f,-2.465190328815662e-32f,0.087628962508813f,0.9961531834660915f,-0.07492457990001249f,0f,0f,0f,1f],start_interpolation:0}
execute if entity @s[tag=aj.favor_incantations.bone.right_leg2] run data modify entity @s {} merge value {transformation:[0.9970909767220364f,-0.06679562428941106f,0.03671414870704268f,0.15238822132052207f,0.07291523905616648f,0.9762140226944344f,-0.20418018955846834f,0.3790694080780791f,-0.022202523570015623f,0.2062632455638615f,0.9782446122911103f,0.03671632850314127f,0f,0f,0f,1f],start_interpolation:0}
execute if entity @s[tag=aj.favor_incantations.bone.right_leg] run data modify entity @s {} merge value {transformation:[0.9970909767220364f,-0.07621070280493111f,-0.0012300071030157016f,0.12499999999999994f,0.07291523905616648f,0.9490261273873752f,0.3066476438023016f,0.720125672607917f,-0.022202523570015623f,-0.30584528493030516f,0.9518223099050699f,-0.07319682076868715f,0f,0f,0f,1f],start_interpolation:0}
execute if entity @s[tag=aj.favor_incantations.bone.left_leg2] run data modify entity @s {} merge value {transformation:[0.9908945183231955f,0.11303634839570213f,-0.07314941898885705f,-0.17338312505872658f,-0.13258794575799185f,0.91371865637233f,-0.3841076068458158f,0.36874638210389266f,0.023419867564052035f,0.3903088532668832f,0.920386065118748f,-0.015386285055548662f,0f,0f,0f,1f],start_interpolation:0}
execute if entity @s[tag=aj.favor_incantations.bone.left_leg] run data modify entity @s {} merge value {transformation:[0.9908945183231955f,0.13463130451123922f,-0.0015701600695116886f,-0.12499999999999999f,-0.13258794575799185f,0.9777510692285896f,0.16255240158799755f,0.720125672607917f,0.023419867564052035f,-0.1608640993756897f,0.9866986628831165f,-0.07319682076868715f,0f,0f,0f,1f],start_interpolation:0}
execute if entity @s[tag=aj.favor_incantations.locator_origin.lightning_spear_locator0] at @s on origin run tp @s ^0.00001 ^-0.00001 ^0.00001 ~0 ~0
execute if entity @s[tag=aj.favor_incantations.locator_origin.lightning_spear_locator1] at @s on origin run tp @s ^0.00001 ^-0.00001 ^0 ~0 ~0
execute if entity @s[tag=aj.favor_incantations.locator_origin.lightning_spear_locator2] at @s on origin run tp @s ^0.00001 ^-0.00001 ^-0.00001 ~0 ~0
execute if entity @s[tag=aj.favor_incantations.locator_origin.lightning_spear0_locator0] at @s on origin run tp @s ^0.00001 ^0.00002 ^0.00001 ~0 ~0
execute if entity @s[tag=aj.favor_incantations.locator_origin.lightning_spear0_locator1] at @s on origin run tp @s ^0.00001 ^0.00002 ^0 ~0 ~0
execute if entity @s[tag=aj.favor_incantations.locator_origin.lightning_spear1_locator0] at @s on origin run tp @s ^-0.00001 ^0.00002 ^0 ~0 ~0
execute if entity @s[tag=aj.favor_incantations.locator_origin.lightning_spear1_locator1] at @s on origin run tp @s ^-0.00001 ^0.00002 ^0.00001 ~0 ~0
execute if entity @s[tag=aj.favor_incantations.locator_origin.lightning_spear2_locator0] at @s on origin run tp @s ^0.00002 ^0.00001 ^0 ~0 ~0
execute if entity @s[tag=aj.favor_incantations.locator_origin.lightning_spear2_locator1] at @s on origin run tp @s ^0.00002 ^0.00001 ^0.00001 ~0 ~0
execute if entity @s[tag=aj.favor_incantations.locator_origin.lightning_spear3_locator0] at @s on origin run tp @s ^-0.00002 ^0.00001 ^0.00001 ~0 ~0
execute if entity @s[tag=aj.favor_incantations.locator_origin.lightning_spear3_locator1] at @s on origin run tp @s ^-0.00002 ^0.00001 ^0 ~0 ~0
execute if entity @s[tag=aj.favor_incantations.locator_origin.lightning_spear4_locator0] at @s on origin run tp @s ^-0.00001 ^0.00001 ^0.00001 ~0 ~0
execute if entity @s[tag=aj.favor_incantations.locator_origin.lightning_spear4_locator1] at @s on origin run tp @s ^-0.00001 ^0.00001 ^0 ~0 ~0
execute if entity @s[tag=aj.favor_incantations.locator_origin.lightning_spear5_locator1] at @s on origin run tp @s ^0.00001 ^0.00001 ^0.00001 ~0 ~0
execute if entity @s[tag=aj.favor_incantations.locator_origin.lightning_spear5_locator0] at @s on origin run tp @s ^0.00001 ^0.00001 ^0 ~0 ~0
execute if entity @s[tag=aj.favor_incantations.locator_origin.blackhole0] at @s on origin run tp @s ^0 ^1.1875 ^-0.625 ~0 ~0
execute if entity @s[tag=aj.favor_incantations.locator_origin.blackhole1] at @s on origin run tp @s ^0 ^1.1875 ^-0.625 ~0 ~0
execute if entity @s[tag=aj.favor_incantations.locator_origin.blackhole2] at @s on origin run tp @s ^0 ^1.1875 ^-0.625 ~0 ~0
execute if entity @s[tag=aj.favor_incantations.locator_origin.blackhole3] at @s on origin run tp @s ^0 ^1.1875 ^-0.625 ~0 ~0