execute if entity @s[tag=aj.favor_incantations.bone.slash_left] run data modify entity @s {} merge value {transformation:[0.00000984435615983159f,-0.000006182387330097509f,9.888628874352529e-7f,0.046357983259120994f,0.000004267561691777047f,0.000005277539180257264f,-0.00000948928914718261f,4.011535051346353f,0.000004581231288242715f,0.000008368797895313904f,0.0000067146595432774335f,-3.3303193786719114f,0f,0f,0f,1f],start_interpolation:0}
execute if entity @s[tag=aj.favor_incantations.locator_origin.twinaxe_left0] at @s on origin run tp @s ^0.04636 ^4.01154 ^-3.33032 ~171.62231 ~-54.42628
execute if entity @s[tag=aj.favor_incantations.locator_origin.twinaxe_left1] at @s on origin run tp @s ^0.04637 ^4.01153 ^-3.33031 ~171.62231 ~-54.42628
execute if entity @s[tag=aj.favor_incantations.bone.twinaxe_left] run data modify entity @s {} merge value {transformation:[0.000008438019565569933f,-0.0000052991891400835784f,8.475967606587882e-7f,0.046357983259120994f,0.0000036579100215231834f,0.000004523605011649084f,-0.000008133676411870808f,4.011535051346353f,0.000003926769675636613f,0.000007173255338840489f,0.0000057554224656663715f,-3.3303193786719114f,0f,0f,0f,1f],start_interpolation:0}
execute if entity @s[tag=aj.favor_incantations.bone.right_arm2] run data modify entity @s {} merge value {transformation:[0.8438019565569933f,-0.5299189140083578f,0.08475967606587881f,0.4449797285020898f,0.3657910021523183f,0.45236050116490834f,-0.8133676411870808f,4.556885454662684f,0.3926769675636612f,0.7173255338840488f,0.5755422465666371f,-2.9441039053643734f,0f,0f,0f,1f],start_interpolation:0}
execute if entity @s[tag=aj.favor_incantations.bone.right_arm] run data modify entity @s {} merge value {transformation:[0.8438019565569933f,-0.5299189140083578f,0.08475967606587881f,0.31250000000000033f,0.3657910021523183f,0.45236050116490834f,-0.8133676411870808f,4.669975579953911f,0.3926769675636612f,0.7173255338840488f,0.5755422465666371f,-2.764772521893361f,0f,0f,0f,1f],start_interpolation:0}
execute if entity @s[tag=aj.favor_incantations.locator_origin.messermers_orb] at @s on origin run tp @s ^-0.71686 ^4.47017 ^-2.55353 ~-61.72838 ~-53.45939
execute if entity @s[tag=aj.favor_incantations.bone.messermers_orb] run data modify entity @s {} merge value {transformation:[0.9665110938762022f,-0.19715105295165608f,-0.6074580773145906f,-0.7168591881992755f,-0.6382933374492984f,-0.26137374654641665f,-0.9307432126771514f,4.470173101924586f,0.02134171367352064f,1.1112302978666493f,-0.32669451222990376f,-2.5535288263189333f,0f,0f,0f,1f],start_interpolation:0}
execute if entity @s[tag=aj.favor_incantations.bone.slash_right] run data modify entity @s {} merge value {transformation:[0.000007730370100933484f,0.000008236220124169686f,0.0000029184186265727987f,-0.7087414946124451f,-0.000008473155124013458f,0.000008017679192898939f,-1.8323131629468307e-7f,4.429471988496217f,-0.0000021349780931216385f,-0.0000019981515300619303f,0.000011294262707937736f,-2.3626043269509722f,0f,0f,0f,1f],start_interpolation:0}
execute if entity @s[tag=aj.favor_incantations.locator_origin.twinaxe_right0] at @s on origin run tp @s ^-0.70874 ^4.42947 ^-2.3626 ~165.51178 ~-0.8999
execute if entity @s[tag=aj.favor_incantations.locator_origin.twinaxe_right1] at @s on origin run tp @s ^-0.70874 ^4.42947 ^-2.36261 ~165.51178 ~-0.8999
execute if entity @s[tag=aj.favor_incantations.bone.twinaxe_right] run data modify entity @s {} merge value {transformation:[0.000006626031515085842f,0.0000070596172492883016f,0.0000025015016799195415f,-0.7087414946124451f,-0.000007262704392011535f,0.000006872296451056233f,-1.5705541396687118e-7f,4.429471988496217f,-0.00000182998122267569f,-0.0000017127013114816546f,0.000009680796606803773f,-2.3626043269509722f,0f,0f,0f,1f],start_interpolation:0}
execute if entity @s[tag=aj.favor_incantations.bone.left_arm2] run data modify entity @s {} merge value {transformation:[0.6626031515085842f,0.7059617249288301f,0.2501501679919541f,-0.5764443090399636f,-0.7262704392011534f,0.6872296451056232f,-0.015705541396687117f,4.692567944053675f,-0.18299812226756898f,-0.17127013114816544f,0.9680796606803772f,-2.5862037966706217f,0f,0f,0f,1f],start_interpolation:0}
execute if entity @s[tag=aj.favor_incantations.bone.left_arm] run data modify entity @s {} merge value {transformation:[0.2311200253536808f,0.9402172234830155f,0.2501501679919541f,-0.31249999999999967f,-0.9699946797383494f,0.24261833658801224f,-0.015705541396687117f,4.631973193233384f,-0.07545763818071038f,-0.23901446696205422f,0.9680796606803772f,-2.655389618183724f,0f,0f,0f,1f],start_interpolation:0}
execute if entity @s[tag=aj.favor_incantations.bone.head] run data modify entity @s {} merge value {transformation:[1f,-1.3257927610937487e-32f,-2.4163459502395875e-32f,3.5388358909926865e-16f,-6.162975822039155e-33f,0.8197290425306476f,-0.572751514037098f,4.7703304445487325f,2.465190328815662e-32f,0.572751514037098f,0.8197290425306476f,-2.661850397682116f,0f,0f,0f,1f],start_interpolation:0}
execute if entity @s[tag=aj.favor_incantations.bone.body_top] run data modify entity @s {} merge value {transformation:[1f,-1.7543918700932473e-32f,-2.1256912670372803e-32f,3.5388358909926865e-16f,-6.162975822039155e-33f,0.6981207971813699f,-0.7159799945130093f,4.495445380658568f,2.465190328815662e-32f,0.7159799945130093f,0.6981207971813699f,-2.9437675205216136f,0f,0f,0f,1f],start_interpolation:0}
execute if entity @s[tag=aj.favor_incantations.locator_origin.player_camera] at @s on origin run tp @s ^0 ^3.44307 ^-3.44952 ~-180 ~-41.19232
execute if entity @s[tag=aj.favor_incantations.bone.body] run data modify entity @s {} merge value {transformation:[1f,-1.580972729498295e-32f,-2.2576490925718618e-32f,3.5388358909926865e-16f,-6.162975822039155e-33f,0.7525031829525536f,-0.6585886118407118f,4.166225238116826f,2.465190328815662e-32f,0.6585886118407118f,0.7525031829525536f,-3.231900038201925f,0f,0f,0f,1f],start_interpolation:0}
execute if entity @s[tag=aj.favor_incantations.bone.right_leg2] run data modify entity @s {} merge value {transformation:[0.9667778293610297f,-0.14052430175738273f,0.21352646035462597f,0.206877158207174f,0.25502306055121116f,0.473276876072927f,-0.8431916965683097f,3.93409180099277f,0.017431788292337574f,0.8696332095718581f,0.49339052845254305f,-3.373315954036543f,0f,0f,0f,1f],start_interpolation:0}
execute if entity @s[tag=aj.favor_incantations.bone.right_leg] run data modify entity @s {} merge value {transformation:[0.9667778293610297f,-0.22783209240257016f,0.11590153720914297f,0.12500000000000036f,0.25502306055121116f,0.828761192809695f,-0.49811456902980145f,4.231927854658754f,0.017431788292337574f,0.5111236865614021f,0.8593303845395045f,-3.189630879178539f,0f,0f,0f,1f],start_interpolation:0}
execute if entity @s[tag=aj.favor_incantations.bone.left_leg2] run data modify entity @s {} merge value {transformation:[0.9546297492887101f,0.23695070492366987f,-0.18037850539670855f,-0.23096264587297904f,-0.28069040041073406f,0.5136256814907044f,-0.8108030330668918f,3.928592764973132f,-0.09947331747879049f,0.8246472110844645f,0.5568321437923447f,-3.3505971230621965f,0f,0f,0f,1f],start_interpolation:0}
execute if entity @s[tag=aj.favor_incantations.bone.left_leg] run data modify entity @s {} merge value {transformation:[0.9546297492887101f,0.2948525798204645f,-0.041761201445733157f,-0.12499999999999964f,-0.28069040041073406f,0.8440628582556446f,-0.4569144235308985f,4.231927854658754f,-0.09947331747879049f,0.44790606993713333f,0.8885298034524423f,-3.189630879178539f,0f,0f,0f,1f],start_interpolation:0}
execute if entity @s[tag=aj.favor_incantations.locator_origin.lightning_spear_locator0] at @s on origin run tp @s ^0.00001 ^-0.00001 ^0.00001 ~0 ~0
execute if entity @s[tag=aj.favor_incantations.locator_origin.lightning_spear_locator1] at @s on origin run tp @s ^0.00001 ^-0.00001 ^0 ~0 ~0
execute if entity @s[tag=aj.favor_incantations.locator_origin.lightning_spear_locator2] at @s on origin run tp @s ^0.00001 ^-0.00001 ^-0.00001 ~0 ~0
execute if entity @s[tag=aj.favor_incantations.locator_origin.lightning_spear0_locator0] at @s on origin run tp @s ^0.00001 ^0.00002 ^0.00001 ~0 ~0
execute if entity @s[tag=aj.favor_incantations.locator_origin.lightning_spear0_locator1] at @s on origin run tp @s ^0.00001 ^0.00002 ^0 ~0 ~0
execute if entity @s[tag=aj.favor_incantations.locator_origin.lightning_spear1_locator0] at @s on origin run tp @s ^-0.00001 ^0.00002 ^0 ~0 ~0
execute if entity @s[tag=aj.favor_incantations.locator_origin.lightning_spear1_locator1] at @s on origin run tp @s ^-0.00001 ^0.00002 ^0.00001 ~0 ~0
execute if entity @s[tag=aj.favor_incantations.locator_origin.lightning_spear2_locator0] at @s on origin run tp @s ^0.00002 ^0.00001 ^0 ~0 ~0
execute if entity @s[tag=aj.favor_incantations.locator_origin.lightning_spear2_locator1] at @s on origin run tp @s ^0.00002 ^0.00001 ^0.00001 ~0 ~0
execute if entity @s[tag=aj.favor_incantations.locator_origin.lightning_spear3_locator0] at @s on origin run tp @s ^-0.00002 ^0.00001 ^0.00001 ~0 ~0
execute if entity @s[tag=aj.favor_incantations.locator_origin.lightning_spear3_locator1] at @s on origin run tp @s ^-0.00002 ^0.00001 ^0 ~0 ~0
execute if entity @s[tag=aj.favor_incantations.locator_origin.lightning_spear4_locator0] at @s on origin run tp @s ^-0.00001 ^0.00001 ^0.00001 ~0 ~0
execute if entity @s[tag=aj.favor_incantations.locator_origin.lightning_spear4_locator1] at @s on origin run tp @s ^-0.00001 ^0.00001 ^0 ~0 ~0
execute if entity @s[tag=aj.favor_incantations.locator_origin.lightning_spear5_locator1] at @s on origin run tp @s ^0.00001 ^0.00001 ^0.00001 ~0 ~0
execute if entity @s[tag=aj.favor_incantations.locator_origin.lightning_spear5_locator0] at @s on origin run tp @s ^0.00001 ^0.00001 ^0 ~0 ~0
execute if entity @s[tag=aj.favor_incantations.locator_origin.blackhole0] at @s on origin run tp @s ^0 ^1.1875 ^-0.625 ~0 ~0
execute if entity @s[tag=aj.favor_incantations.locator_origin.blackhole1] at @s on origin run tp @s ^0 ^1.1875 ^-0.625 ~0 ~0
execute if entity @s[tag=aj.favor_incantations.locator_origin.blackhole2] at @s on origin run tp @s ^0 ^1.1875 ^-0.625 ~0 ~0
execute if entity @s[tag=aj.favor_incantations.locator_origin.blackhole3] at @s on origin run tp @s ^0 ^1.1875 ^-0.625 ~0 ~0