execute if entity @s[tag=aj.favor_incantations.bone.slash_left] run data modify entity @s {} merge value {transformation:[0.000008893891624634906f,-0.000007533696636078351f,5.03207587285761e-7f,0.15927792012425795f,0.00000596879591266051f,0.000006538961637659722f,-0.00000759780015302672f,3.974018313607356f,0.000004624205686749607f,0.0000060495046745884415f,0.000008839192614140522f,-3.299826593479991f,0f,0f,0f,1f],start_interpolation:0}
execute if entity @s[tag=aj.favor_incantations.locator_origin.twinaxe_left0] at @s on origin run tp @s ^0.15928 ^3.97402 ^-3.29983 ~176.74172 ~-40.63516
execute if entity @s[tag=aj.favor_incantations.locator_origin.twinaxe_left1] at @s on origin run tp @s ^0.15928 ^3.97402 ^-3.29982 ~176.74172 ~-40.63516
execute if entity @s[tag=aj.favor_incantations.bone.twinaxe_left] run data modify entity @s {} merge value {transformation:[0.00000762333567825849f,-0.000006457454259495729f,4.313207891020808e-7f,0.15927792012425795f,0.000005116110782280437f,0.00000560482426085119f,-0.0000065124001311657595f,3.974018313607356f,0.000003963604874356805f,0.0000051852897210758065f,0.000007576450812120447f,-3.299826593479991f,0f,0f,0f,1f],start_interpolation:0}
execute if entity @s[tag=aj.favor_incantations.bone.right_arm2] run data modify entity @s {} merge value {transformation:[0.7623335678258489f,-0.6457454259495728f,0.04313207891020807f,0.4734995375996236f,0.5116110782280436f,0.5604824260851189f,-0.6512400131165759f,4.623009190500094f,0.3963604874356805f,0.5185289721075806f,0.7576450812120447f,-3.0073469073116f,0f,0f,0f,1f],start_interpolation:0}
execute if entity @s[tag=aj.favor_incantations.bone.right_arm] run data modify entity @s {} merge value {transformation:[0.7638101898064753f,-0.6439981503984928f,0.04313207891020807f,0.3125000000000004f,0.510326350755212f,0.5616524379371912f,-0.6512400131165759f,4.763422299984391f,0.39517212663934737f,0.5194351944588756f,0.7576450812120447f,-2.8774881086968813f,0f,0f,0f,1f],start_interpolation:0}
execute if entity @s[tag=aj.favor_incantations.locator_origin.messermers_orb] at @s on origin run tp @s ^-0.74699 ^4.54481 ^-2.79277 ~-2.81095 ~21.32461
execute if entity @s[tag=aj.favor_incantations.bone.messermers_orb] run data modify entity @s {} merge value {transformation:[0.7396355614847082f,0.28576816178353515f,-0.03626094866464158f,-0.7469899873213821f,0.27875187491564674f,-0.6848493482335563f,0.28864827204590204f,4.5448088741053f,0.07263395155305949f,-0.28170372811685085f,-0.7385163377656958f,-2.7927716692794715f,0f,0f,0f,1f],start_interpolation:0}
execute if entity @s[tag=aj.favor_incantations.bone.slash_right] run data modify entity @s {} merge value {transformation:[0.000008238437617230314f,0.000008239236601951386f,-5.95178086945577e-7f,-0.7744628884680527f,-0.000008082701230674894f,0.000008213521927863737f,0.0000018218423277713465f,4.55623683337496f,0.0000017056369935488126f,-8.741560894241277e-7f,0.000011508160786531949f,-2.605919153814819f,0f,0f,0f,1f],start_interpolation:0}
execute if entity @s[tag=aj.favor_incantations.locator_origin.twinaxe_right0] at @s on origin run tp @s ^-0.77446 ^4.55624 ^-2.60591 ~-177.03942 ~8.98396
execute if entity @s[tag=aj.favor_incantations.locator_origin.twinaxe_right1] at @s on origin run tp @s ^-0.77446 ^4.55624 ^-2.60592 ~-177.03942 ~8.98396
execute if entity @s[tag=aj.favor_incantations.bone.twinaxe_right] run data modify entity @s {} merge value {transformation:[0.000007061517957625983f,0.000007062202801672617f,-5.101526459533517e-7f,-0.7744628884680527f,-0.000006928029626292766f,0.0000070401616524546316f,0.0000015615791380897255f,4.55623683337496f,0.0000014619745658989822f,-7.492766480778237e-7f,0.000009864137817027383f,-2.605919153814819f,0f,0f,0f,1f],start_interpolation:0}
execute if entity @s[tag=aj.favor_incantations.bone.left_arm2] run data modify entity @s {} merge value {transformation:[0.7061517957625982f,0.7062202801672617f,-0.051015264595335175f,-0.5883381760393204f,-0.6928029626292765f,0.7040161652454631f,0.15615791380897254f,4.7902624613393145f,0.14619745658989822f,-0.07492766480778236f,0.9864137817027383f,-2.8234239741733833f,0f,0f,0f,1f],start_interpolation:0}
execute if entity @s[tag=aj.favor_incantations.bone.left_arm] run data modify entity @s {} merge value {transformation:[0.3042639035147864f,0.9512207523998899f,-0.051015264595335175f,-0.3124999999999996f,-0.9383153797693264f,0.3085108653567562f,0.15615791380897254f,4.750100755207338f,0.16427941169327875f,0.0003551909525610353f,0.9864137817027383f,-2.802800249973583f,0f,0f,0f,1f],start_interpolation:0}
execute if entity @s[tag=aj.favor_incantations.bone.head] run data modify entity @s {} merge value {transformation:[1f,0f,0f,3.677613769070831e-16f,0f,0.6153765931456759f,-0.7882332450540394f,4.878710309457005f,0f,0.7882332450540394f,0.6153765931456759f,-2.7916234630512915f,0f,0f,0f,1f],start_interpolation:0}
execute if entity @s[tag=aj.favor_incantations.bone.body_top] run data modify entity @s {} merge value {transformation:[1f,0f,0f,3.677613769070831e-16f,0f,0.8020035441573085f,-0.5973192740562757f,4.562921413945064f,0f,0.5973192740562757f,0.8020035441573085f,-3.02681792721095f,0f,0f,0f,1f],start_interpolation:0}
execute if entity @s[tag=aj.favor_incantations.locator_origin.player_camera] at @s on origin run tp @s ^0 ^3.44143 ^-3.35167 ~-180 ~-31.67815
execute if entity @s[tag=aj.favor_incantations.bone.body] run data modify entity @s {} merge value {transformation:[1f,0f,0f,3.677613769070831e-16f,0f,0.8510114835281665f,-0.5251470793055878f,4.1906038899014915f,0f,0.5251470793055878f,0.8510114835281665f,-3.256569774407145f,0f,0f,0f,1f],start_interpolation:0}
execute if entity @s[tag=aj.favor_incantations.bone.right_leg2] run data modify entity @s {} merge value {transformation:[0.9650265350166849f,-0.24831748098981093f,0.0840369879789008f,0.21770431255349773f,0.2599647216779278f,0.9477967302137102f,-0.1846610453753506f,3.9330431414432754f,-0.03379541679885881f,0.20004946096171966f,0.9792027792915609f,-3.120237679401347f,0f,0f,0f,1f],start_interpolation:0}
execute if entity @s[tag=aj.favor_incantations.bone.right_leg] run data modify entity @s {} merge value {transformation:[0.9650265350166849f,-0.25795982623581876f,-0.04669598229052713f,0.12500000000000036f,0.2599647216779278f,0.9187067653205743f,0.2973150228917559f,4.263203385230357f,-0.03379541679885881f,-0.2990561943892719f,0.9536368608651816f,-3.2277109992599917f,0f,0f,0f,1f],start_interpolation:0}
execute if entity @s[tag=aj.favor_incantations.bone.left_leg2] run data modify entity @s {} merge value {transformation:[0.9532628489659714f,0.23824074305756443f,-0.18582596462458978f,-0.23075047119902195f,-0.2988071448360049f,0.6522266780709457f,-0.6966452832019274f,3.9453239410262104f,-0.04476863831114934f,0.7196121933096454f,0.6929314975261602f,-3.3577874668421326f,0f,0f,0f,1f],start_interpolation:0}
execute if entity @s[tag=aj.favor_incantations.bone.left_leg] run data modify entity @s {} merge value {transformation:[0.9532628489659714f,0.29426218072771426f,-0.06855442928542078f,-0.12499999999999964f,-0.2988071448360049f,0.8845341056115377f,-0.3582090258563455f,4.263203385230357f,-0.04476863831114934f,0.36195190979378367f,0.9311211435792865f,-3.2277109992599917f,0f,0f,0f,1f],start_interpolation:0}
execute if entity @s[tag=aj.favor_incantations.locator_origin.lightning_spear_locator0] at @s on origin run tp @s ^0.00001 ^-0.00001 ^0.00001 ~0 ~0
execute if entity @s[tag=aj.favor_incantations.locator_origin.lightning_spear_locator1] at @s on origin run tp @s ^0.00001 ^-0.00001 ^0 ~0 ~0
execute if entity @s[tag=aj.favor_incantations.locator_origin.lightning_spear_locator2] at @s on origin run tp @s ^0.00001 ^-0.00001 ^-0.00001 ~0 ~0
execute if entity @s[tag=aj.favor_incantations.locator_origin.lightning_spear0_locator0] at @s on origin run tp @s ^0.00001 ^0.00002 ^0.00001 ~0 ~0
execute if entity @s[tag=aj.favor_incantations.locator_origin.lightning_spear0_locator1] at @s on origin run tp @s ^0.00001 ^0.00002 ^0 ~0 ~0
execute if entity @s[tag=aj.favor_incantations.locator_origin.lightning_spear1_locator0] at @s on origin run tp @s ^-0.00001 ^0.00002 ^0 ~0 ~0
execute if entity @s[tag=aj.favor_incantations.locator_origin.lightning_spear1_locator1] at @s on origin run tp @s ^-0.00001 ^0.00002 ^0.00001 ~0 ~0
execute if entity @s[tag=aj.favor_incantations.locator_origin.lightning_spear2_locator0] at @s on origin run tp @s ^0.00002 ^0.00001 ^0 ~0 ~0
execute if entity @s[tag=aj.favor_incantations.locator_origin.lightning_spear2_locator1] at @s on origin run tp @s ^0.00002 ^0.00001 ^0.00001 ~0 ~0
execute if entity @s[tag=aj.favor_incantations.locator_origin.lightning_spear3_locator0] at @s on origin run tp @s ^-0.00002 ^0.00001 ^0.00001 ~0 ~0
execute if entity @s[tag=aj.favor_incantations.locator_origin.lightning_spear3_locator1] at @s on origin run tp @s ^-0.00002 ^0.00001 ^0 ~0 ~0
execute if entity @s[tag=aj.favor_incantations.locator_origin.lightning_spear4_locator0] at @s on origin run tp @s ^-0.00001 ^0.00001 ^0.00001 ~0 ~0
execute if entity @s[tag=aj.favor_incantations.locator_origin.lightning_spear4_locator1] at @s on origin run tp @s ^-0.00001 ^0.00001 ^0 ~0 ~0
execute if entity @s[tag=aj.favor_incantations.locator_origin.lightning_spear5_locator1] at @s on origin run tp @s ^0.00001 ^0.00001 ^0.00001 ~0 ~0
execute if entity @s[tag=aj.favor_incantations.locator_origin.lightning_spear5_locator0] at @s on origin run tp @s ^0.00001 ^0.00001 ^0 ~0 ~0
execute if entity @s[tag=aj.favor_incantations.locator_origin.blackhole0] at @s on origin run tp @s ^0 ^1.1875 ^-0.625 ~0 ~0
execute if entity @s[tag=aj.favor_incantations.locator_origin.blackhole1] at @s on origin run tp @s ^0 ^1.1875 ^-0.625 ~0 ~0
execute if entity @s[tag=aj.favor_incantations.locator_origin.blackhole2] at @s on origin run tp @s ^0 ^1.1875 ^-0.625 ~0 ~0
execute if entity @s[tag=aj.favor_incantations.locator_origin.blackhole3] at @s on origin run tp @s ^0 ^1.1875 ^-0.625 ~0 ~0