execute if entity @s[tag=aj.favor_incantations.bone.slash_left] run data modify entity @s {} merge value {transformation:[0.000009130842680646637f,-0.0000059363520328189336f,0.0000041831265334483365f,0.12787827718894135f,7.821979858963842e-7f,-0.000005877183590059463f,-0.000010047785351544216f,0.7317118966664505f,0.00000721990230981366f,0.000008144295469977343f,-0.000004201734528211551f,1.778454165751979f,0f,0f,0f,1f],start_interpolation:0}
execute if entity @s[tag=aj.favor_incantations.locator_origin.twinaxe_left0] at @s on origin run tp @s ^0.12788 ^0.73171 ^1.77846 ~44.87285 ~-59.45595
execute if entity @s[tag=aj.favor_incantations.locator_origin.twinaxe_left1] at @s on origin run tp @s ^0.12789 ^0.73171 ^1.77846 ~44.87285 ~-59.45595
execute if entity @s[tag=aj.favor_incantations.bone.twinaxe_left] run data modify entity @s {} merge value {transformation:[0.000007826436583411403f,-0.000005088301742416228f,0.0000035855370286700025f,0.12787827718894135f,6.704554164826149e-7f,-0.000005037585934336682f,-0.000008612387444180756f,0.7317118966664505f,0.000006188487694125993f,0.000006980824688552007f,-0.000003601486738467044f,1.778454165751979f,0f,0f,0f,1f],start_interpolation:0}
execute if entity @s[tag=aj.favor_incantations.bone.right_arm2] run data modify entity @s {} merge value {transformation:[0.7826436583411402f,-0.5088301742416228f,0.3585537028670002f,0.4397075435604056f,0.06704554164826149f,-0.5037585934336681f,-0.8612387444180756f,0.7818634106799982f,0.6188487694125993f,0.6980824688552006f,-0.36014867384670435f,2.4895913425866483f,0f,0f,0f,1f],start_interpolation:0}
execute if entity @s[tag=aj.favor_incantations.bone.right_arm] run data modify entity @s {} merge value {transformation:[0.7826436583411402f,-0.5088301742416228f,0.3585537028670002f,0.3124999999999999f,0.06704554164826149f,-0.5037585934336681f,-0.8612387444180756f,0.6559237623215812f,0.6188487694125993f,0.6980824688552006f,-0.36014867384670435f,2.6641119598004486f,0f,0f,0f,1f],start_interpolation:0}
execute if entity @s[tag=aj.favor_incantations.locator_origin.messermers_orb] at @s on origin run tp @s ^-0.40059 ^0.05105 ^2.80622 ~132.56379 ~-13.06053
execute if entity @s[tag=aj.favor_incantations.bone.messermers_orb] run data modify entity @s {} merge value {transformation:[0.7166247576430416f,0.494597279662759f,0.8968402799179191f,-0.40059340552792144f,-0.4321773578038646f,1.1383893847322308f,-0.2824753796893518f,0.05104826568112525f,-0.92853200705992f,-0.14813216962959738f,0.8236414099510209f,2.80622345869299f,0f,0f,0f,1f],start_interpolation:0}
execute if entity @s[tag=aj.favor_incantations.bone.slash_right] run data modify entity @s {} merge value {transformation:[0.0000025835176730218636f,0.0000017325730865237602f,0.0000112443202570964f,-0.229162757216678f,-3.4045731963242766e-7f,0.000011537199732710028f,-0.0000016994770525592535f,-0.0380711855173807f,-0.000011371923160037778f,4.8207245516768334e-8f,0.0000026054079939209672f,2.847837834065737f,0f,0f,0f,1f],start_interpolation:0}
execute if entity @s[tag=aj.favor_incantations.locator_origin.twinaxe_right0] at @s on origin run tp @s ^-0.22916 ^-0.03807 ^2.84784 ~103.04572 ~-8.37605
execute if entity @s[tag=aj.favor_incantations.locator_origin.twinaxe_right1] at @s on origin run tp @s ^-0.22917 ^-0.03807 ^2.84784 ~103.04572 ~-8.37605
execute if entity @s[tag=aj.favor_incantations.bone.twinaxe_right] run data modify entity @s {} merge value {transformation:[0.000002214443719733026f,0.0000014850626455917943f,0.000009637988791796914f,-0.229162757216678f,-2.91820559684938e-7f,0.00000988902834232288f,-0.00000145669461647936f,-0.0380711855173807f,-0.00000974736270860381f,4.1320496157229996e-8f,0.0000022332068519322576f,2.847837834065737f,0f,0f,0f,1f],start_interpolation:0}
execute if entity @s[tag=aj.favor_incantations.bone.left_arm2] run data modify entity @s {} merge value {transformation:[0.22144437197330258f,0.14850626455917942f,0.9637988791796914f,-0.377307112636458f,-0.029182055968493797f,0.988902834232288f,-0.14566946164793598f,0.3000978527372281f,-0.974736270860381f,0.004132049615722999f,0.22332068519322576f,2.8681774880256947f,0f,0f,0f,1f],start_interpolation:0}
execute if entity @s[tag=aj.favor_incantations.bone.left_arm] run data modify entity @s {} merge value {transformation:[0.22144437197330258f,0.14850626455917942f,0.9637988791796914f,-0.31250000000000033f,-0.029182055968493797f,0.988902834232288f,-0.14566946164793598f,0.5436758042992383f,-0.974736270860381f,0.004132049615722999f,0.22332068519322576f,2.7473684665720777f,0f,0f,0f,1f],start_interpolation:0}
execute if entity @s[tag=aj.favor_incantations.bone.head] run data modify entity @s {} merge value {transformation:[0.9848077394166836f,-3.7685518247676535e-10f,-0.17364825477096588f,-2.3592239273284576e-16f,-0.17101014751021854f,-0.1736481825565204f,-0.9698462961435439f,0.6808856878612024f,-0.030153703479598223f,0.9848077521500417f,-0.17101007418174854f,2.8056780742959533f,0f,0f,0f,1f],start_interpolation:0}
execute if entity @s[tag=aj.favor_incantations.bone.body_top] run data modify entity @s {} merge value {transformation:[1.0000000000000004f,-2.3811910053210882e-32f,-6.380382069000387e-33f,-2.3592239273284576e-16f,0f,0.17364817766693036f,-0.984807753012208f,0.6125117179048486f,2.465190328815662e-32f,0.9848077530122084f,0.17364817766693041f,2.4179100215473963f,0f,0f,0f,1f],start_interpolation:0}
execute if entity @s[tag=aj.favor_incantations.locator_origin.player_camera] at @s on origin run tp @s ^0 ^-0.10672 ^1.49813 ~-180 ~-67.5
execute if entity @s[tag=aj.favor_incantations.bone.body] run data modify entity @s {} merge value {transformation:[1.0000000000000004f,-2.1866505275056746e-32f,-1.1382982156910491e-32f,-2.3592239273284576e-16f,0f,0.3826834323650898f,-0.9238795325112867f,0.4450877162451218f,2.465190328815662e-32f,0.923879532511287f,0.3826834323650899f,2.013712726073708f,0f,0f,0f,1f],start_interpolation:0}
execute if entity @s[tag=aj.favor_incantations.bone.right_leg2] run data modify entity @s {} merge value {transformation:[0.9667778293610302f,-0.03918592768737783f,0.25259669777583255f,0.14694058629502024f,0.23380005567844442f,0.5350335816839676f,-0.8118353283980573f,0.3004941969644933f,-0.10333519545988143f,0.8439215185914535f,0.5264202768108039f,1.797142052408482f,0f,0f,0f,1f],start_interpolation:0}
execute if entity @s[tag=aj.favor_incantations.bone.right_leg] run data modify entity @s {} merge value {transformation:[0.9667778293610302f,-0.06105206621223075f,0.24822021244691794f,0.12499999999999982f,0.23380005567844442f,0.603753728409927f,-0.7621148006671097f,0.5174681931118108f,-0.10333519545988143f,0.794829592203467f,0.5979696955004817f,2.082783937106603f,0f,0f,0f,1f],start_interpolation:0}
execute if entity @s[tag=aj.favor_incantations.bone.left_leg2] run data modify entity @s {} merge value {transformation:[0.9546297492887106f,0.17831286124150364f,-0.23850904655556107f,-0.22255212692522186f,-0.29472016474027535f,0.6805097997252076f,-0.6708550044334638f,0.229162351987998f,0.042685668185462516f,0.710711570184295f,0.7021872953405912f,2.2738695596198006f,0f,0f,0f,1f],start_interpolation:0}
execute if entity @s[tag=aj.favor_incantations.bone.left_leg] run data modify entity @s {} merge value {transformation:[0.9546297492887106f,0.27144939666148615f,0.12246332849098003f,-0.12500000000000028f,-0.29472016474027535f,0.8022423405184357f,0.5191794021096824f,0.5174681931118108f,0.042685668185462516f,-0.5317165148193327f,0.8458460153006239f,2.082783937106603f,0f,0f,0f,1f],start_interpolation:0}
execute if entity @s[tag=aj.favor_incantations.locator_origin.lightning_spear_locator0] at @s on origin run tp @s ^0.00001 ^-0.00001 ^0.00001 ~0 ~0
execute if entity @s[tag=aj.favor_incantations.locator_origin.lightning_spear_locator1] at @s on origin run tp @s ^0.00001 ^-0.00001 ^0 ~0 ~0
execute if entity @s[tag=aj.favor_incantations.locator_origin.lightning_spear_locator2] at @s on origin run tp @s ^0.00001 ^-0.00001 ^-0.00001 ~0 ~0
execute if entity @s[tag=aj.favor_incantations.locator_origin.lightning_spear0_locator0] at @s on origin run tp @s ^0.00001 ^0.00002 ^0.00001 ~0 ~0
execute if entity @s[tag=aj.favor_incantations.locator_origin.lightning_spear0_locator1] at @s on origin run tp @s ^0.00001 ^0.00002 ^0 ~0 ~0
execute if entity @s[tag=aj.favor_incantations.locator_origin.lightning_spear1_locator0] at @s on origin run tp @s ^-0.00001 ^0.00002 ^0 ~0 ~0
execute if entity @s[tag=aj.favor_incantations.locator_origin.lightning_spear1_locator1] at @s on origin run tp @s ^-0.00001 ^0.00002 ^0.00001 ~0 ~0
execute if entity @s[tag=aj.favor_incantations.locator_origin.lightning_spear2_locator0] at @s on origin run tp @s ^0.00002 ^0.00001 ^0 ~0 ~0
execute if entity @s[tag=aj.favor_incantations.locator_origin.lightning_spear2_locator1] at @s on origin run tp @s ^0.00002 ^0.00001 ^0.00001 ~0 ~0
execute if entity @s[tag=aj.favor_incantations.locator_origin.lightning_spear3_locator0] at @s on origin run tp @s ^-0.00002 ^0.00001 ^0.00001 ~0 ~0
execute if entity @s[tag=aj.favor_incantations.locator_origin.lightning_spear3_locator1] at @s on origin run tp @s ^-0.00002 ^0.00001 ^0 ~0 ~0
execute if entity @s[tag=aj.favor_incantations.locator_origin.lightning_spear4_locator0] at @s on origin run tp @s ^-0.00001 ^0.00001 ^0.00001 ~0 ~0
execute if entity @s[tag=aj.favor_incantations.locator_origin.lightning_spear4_locator1] at @s on origin run tp @s ^-0.00001 ^0.00001 ^0 ~0 ~0
execute if entity @s[tag=aj.favor_incantations.locator_origin.lightning_spear5_locator1] at @s on origin run tp @s ^0.00001 ^0.00001 ^0.00001 ~0 ~0
execute if entity @s[tag=aj.favor_incantations.locator_origin.lightning_spear5_locator0] at @s on origin run tp @s ^0.00001 ^0.00001 ^0 ~0 ~0
execute if entity @s[tag=aj.favor_incantations.locator_origin.blackhole0] at @s on origin run tp @s ^0 ^1.1875 ^-0.625 ~0 ~0
execute if entity @s[tag=aj.favor_incantations.locator_origin.blackhole1] at @s on origin run tp @s ^0 ^1.1875 ^-0.625 ~0 ~0
execute if entity @s[tag=aj.favor_incantations.locator_origin.blackhole2] at @s on origin run tp @s ^0 ^1.1875 ^-0.625 ~0 ~0
execute if entity @s[tag=aj.favor_incantations.locator_origin.blackhole3] at @s on origin run tp @s ^0 ^1.1875 ^-0.625 ~0 ~0