execute if entity @s[tag=aj.favor_incantations.bone.slash_left] run data modify entity @s {} merge value {transformation:[0.000009112995429991792f,-0.000007185891232469095f,0.0000011947353678466592f,0.14114791499563617f,0.0000026543647848409014f,0.000001493764014916968f,-0.000011262065874778338f,0.503603281158477f,0.000006783713805361808f,0.000009068778714577511f,0.000002801712109421782f,1.7448307979587485f,0f,0f,0f,1f],start_interpolation:0}
execute if entity @s[tag=aj.favor_incantations.locator_origin.twinaxe_left0] at @s on origin run tp @s ^0.14115 ^0.50361 ^1.74484 ~156.90512 ~-74.86645
execute if entity @s[tag=aj.favor_incantations.locator_origin.twinaxe_left1] at @s on origin run tp @s ^0.14115 ^0.5036 ^1.74484 ~156.90512 ~-74.86645
execute if entity @s[tag=aj.favor_incantations.bone.twinaxe_left] run data modify entity @s {} merge value {transformation:[0.000007811138939992964f,-0.000006159335342116366f,0.0000010240588867257078f,0.14114791499563617f,0.0000022751698155779155f,0.0000012803691556431154f,-0.000009653199321238575f,0.503603281158477f,0.000005814611833167264f,0.000007773238898209295f,0.0000024014675223615276f,1.7448307979587485f,0f,0f,0f,1f],start_interpolation:0}
execute if entity @s[tag=aj.favor_incantations.bone.right_arm2] run data modify entity @s {} merge value {transformation:[0.7811138939992963f,-0.6159335342116365f,0.10240588867257076f,0.46648338355290886f,0.22751698155779151f,0.12803691556431152f,-0.9653199321238575f,0.8810302293665293f,0.5814611833167264f,0.7773238898209294f,0.24014675223615276f,2.3424715610137596f,0f,0f,0f,1f],start_interpolation:0}
execute if entity @s[tag=aj.favor_incantations.bone.right_arm] run data modify entity @s {} merge value {transformation:[0.7811138939992963f,-0.6159335342116365f,0.10240588867257076f,0.3124999999999997f,0.22751698155779151f,0.12803691556431152f,-0.9653199321238575f,0.9130394582576071f,0.5814611833167264f,0.7773238898209294f,0.24014675223615276f,2.536802533468992f,0f,0f,0f,1f],start_interpolation:0}
execute if entity @s[tag=aj.favor_incantations.locator_origin.messermers_orb] at @s on origin run tp @s ^-0.5054 ^0.48535 ^2.96527 ~30.0765 ~27.93805
execute if entity @s[tag=aj.favor_incantations.bone.messermers_orb] run data modify entity @s {} merge value {transformation:[0.5492642695657878f,0.9769942269874092f,0.5534356716111062f,-0.5053953337371014f,0.7873131031920952f,-0.7743753123100489f,0.5856457574564569f,0.4853500183837475f,0.800591556113599f,0.0912422934717744f,-0.9556296375487818f,2.9652718044092787f,0f,0f,0f,1f],start_interpolation:0}
execute if entity @s[tag=aj.favor_incantations.bone.slash_right] run data modify entity @s {} merge value {transformation:[8.956815404486268e-7f,0.000004380111363188903f,0.000010776060974923729f,-0.35567352180005357f,-0.000007095262900352638f,0.00000877025034358062f,-0.000002975073847304393f,0.3905528475686021f,-0.000009217706334229256f,-0.00000632522287892676f,0.000003337147970786197f,3.0527896622197357f,0f,0f,0f,1f],start_interpolation:0}
execute if entity @s[tag=aj.favor_incantations.locator_origin.twinaxe_right0] at @s on origin run tp @s ^-0.35567 ^0.39055 ^3.05279 ~107.20679 ~-14.77396
execute if entity @s[tag=aj.favor_incantations.locator_origin.twinaxe_right1] at @s on origin run tp @s ^-0.35568 ^0.39055 ^3.05279 ~107.20679 ~-14.77396
execute if entity @s[tag=aj.favor_incantations.bone.twinaxe_right] run data modify entity @s {} merge value {transformation:[7.677270346702514e-7f,0.000003754381168447631f,0.000009236623692791766f,-0.35567352180005357f,-0.000006081653914587975f,0.000007517357437354818f,-0.0000025500632976894794f,0.3905528475686021f,-0.000007900891143625076f,-0.0000054216196105086514f,0.0000028604125463881687f,3.0527896622197357f,0f,0f,0f,1f],start_interpolation:0}
execute if entity @s[tag=aj.favor_incantations.bone.left_arm2] run data modify entity @s {} merge value {transformation:[0.07677270346702514f,0.3754381168447631f,0.9236623692791766f,-0.4163340984925998f,-0.6081653914587974f,0.7517357437354817f,-0.25500632976894794f,0.7112942912837927f,-0.7900891143625075f,-0.5421619610508651f,0.28604125463881686f,2.879111883794219f,0f,0f,0f,1f],start_interpolation:0}
execute if entity @s[tag=aj.favor_incantations.bone.left_arm] run data modify entity @s {} merge value {transformation:[0.08201858311238752f,0.37432710241420425f,0.9236623692791766f,-0.3125000000000003f,-0.5975870317287176f,0.7601720274302592f,-0.25500632976894794f,0.8266389191752679f,-0.7975980764356799f,-0.5310533957247187f,0.28604125463881686f,2.6466487753085794f,0f,0f,0f,1f],start_interpolation:0}
execute if entity @s[tag=aj.favor_incantations.bone.head] run data modify entity @s {} merge value {transformation:[0.9912572632765068f,0.007619771212171934f,-0.13172310764723197f,-2.636779683484747e-16f,-0.1314060942351743f,0.14700960449022743f,-0.9803675915622077f,0.9743537527721517f,0.011894385205911184f,0.9891057149133763f,0.14672562259630179f,2.6668203006709543f,0f,0f,0f,1f],start_interpolation:0}
execute if entity @s[tag=aj.favor_incantations.bone.body_top] run data modify entity @s {} merge value {transformation:[1f,1.7783698881788705e-33f,-2.5165389499426527e-33f,-2.636779683484747e-16f,0f,0.4265342227098754f,-0.9044714240136514f,0.8064059025801382f,-2.465190328815662e-32f,0.9044714240136514f,0.4265342227098755f,2.310684677465579f,0f,0f,0f,1f],start_interpolation:0}
execute if entity @s[tag=aj.favor_incantations.locator_origin.player_camera] at @s on origin run tp @s ^0 ^-0.13206 ^1.61602 ~-180 ~-52.03353
execute if entity @s[tag=aj.favor_incantations.bone.body] run data modify entity @s {} merge value {transformation:[1f,2.288784834040626e-33f,-2.063257552809494e-33f,-2.636779683484747e-16f,0f,0.6152002507158385f,-0.7883708844948356f,0.5372557928919589f,-2.465190328815662e-32f,0.7883708844948356f,0.6152002507158386f,1.9657724154990885f,0f,0f,0f,1f],start_interpolation:0}
execute if entity @s[tag=aj.favor_incantations.bone.right_leg2] run data modify entity @s {} merge value {transformation:[0.9667778293610297f,-0.10693281507610645f,0.23217666057524997f,0.16943420822920305f,0.2419166315927017f,0.6761346594836747f,-0.6959297849666564f,0.40424823893508677f,-0.08256495633630939f,0.7289768825585584f,0.6795408248813231f,1.8083471280112544f,0f,0f,0f,1f],start_interpolation:0}
execute if entity @s[tag=aj.favor_incantations.bone.right_leg] run data modify entity @s {} merge value {transformation:[0.9667778293610297f,-0.12364301420300051f,0.22372535326773368f,0.12499999999999974f,0.2419166315927017f,0.7252678486818246f,-0.6445641093229433f,0.6648913720551175f,-0.08256495633630939f,0.6772731743596778f,0.7310841779699166f,2.0517421750467637f,0f,0f,0f,1f],start_interpolation:0}
execute if entity @s[tag=aj.favor_incantations.bone.left_leg2] run data modify entity @s {} merge value {transformation:[0.9546297492887101f,0.28637104910648126f,-0.08169249663602952f,-0.20277634320086838f,-0.2973189666503721f,0.9320488041881245f,-0.20709046014107413f,0.4299226270248745f,0.016836681470210363f,0.22198344272747056f,0.9749050606658736f,2.3123010358099574f,0f,0f,0f,1f],start_interpolation:0}
execute if entity @s[tag=aj.favor_incantations.bone.left_leg] run data modify entity @s {} merge value {transformation:[0.9546297492887101f,0.2164211289067634f,0.20455790558102732f,-0.12500000000000028f,-0.2973189666503721f,0.6538260731276326f,0.6957822203595421f,0.6648913720551175f,0.016836681470210363f,-0.7250333516888873f,0.6885079266761198f,2.0517421750467637f,0f,0f,0f,1f],start_interpolation:0}
execute if entity @s[tag=aj.favor_incantations.locator_origin.lightning_spear_locator0] at @s on origin run tp @s ^0.00001 ^-0.00001 ^0.00001 ~0 ~0
execute if entity @s[tag=aj.favor_incantations.locator_origin.lightning_spear_locator1] at @s on origin run tp @s ^0.00001 ^-0.00001 ^0 ~0 ~0
execute if entity @s[tag=aj.favor_incantations.locator_origin.lightning_spear_locator2] at @s on origin run tp @s ^0.00001 ^-0.00001 ^-0.00001 ~0 ~0
execute if entity @s[tag=aj.favor_incantations.locator_origin.lightning_spear0_locator0] at @s on origin run tp @s ^0.00001 ^0.00002 ^0.00001 ~0 ~0
execute if entity @s[tag=aj.favor_incantations.locator_origin.lightning_spear0_locator1] at @s on origin run tp @s ^0.00001 ^0.00002 ^0 ~0 ~0
execute if entity @s[tag=aj.favor_incantations.locator_origin.lightning_spear1_locator0] at @s on origin run tp @s ^-0.00001 ^0.00002 ^0 ~0 ~0
execute if entity @s[tag=aj.favor_incantations.locator_origin.lightning_spear1_locator1] at @s on origin run tp @s ^-0.00001 ^0.00002 ^0.00001 ~0 ~0
execute if entity @s[tag=aj.favor_incantations.locator_origin.lightning_spear2_locator0] at @s on origin run tp @s ^0.00002 ^0.00001 ^0 ~0 ~0
execute if entity @s[tag=aj.favor_incantations.locator_origin.lightning_spear2_locator1] at @s on origin run tp @s ^0.00002 ^0.00001 ^0.00001 ~0 ~0
execute if entity @s[tag=aj.favor_incantations.locator_origin.lightning_spear3_locator0] at @s on origin run tp @s ^-0.00002 ^0.00001 ^0.00001 ~0 ~0
execute if entity @s[tag=aj.favor_incantations.locator_origin.lightning_spear3_locator1] at @s on origin run tp @s ^-0.00002 ^0.00001 ^0 ~0 ~0
execute if entity @s[tag=aj.favor_incantations.locator_origin.lightning_spear4_locator0] at @s on origin run tp @s ^-0.00001 ^0.00001 ^0.00001 ~0 ~0
execute if entity @s[tag=aj.favor_incantations.locator_origin.lightning_spear4_locator1] at @s on origin run tp @s ^-0.00001 ^0.00001 ^0 ~0 ~0
execute if entity @s[tag=aj.favor_incantations.locator_origin.lightning_spear5_locator1] at @s on origin run tp @s ^0.00001 ^0.00001 ^0.00001 ~0 ~0
execute if entity @s[tag=aj.favor_incantations.locator_origin.lightning_spear5_locator0] at @s on origin run tp @s ^0.00001 ^0.00001 ^0 ~0 ~0
execute if entity @s[tag=aj.favor_incantations.locator_origin.blackhole0] at @s on origin run tp @s ^0 ^1.1875 ^-0.625 ~0 ~0
execute if entity @s[tag=aj.favor_incantations.locator_origin.blackhole1] at @s on origin run tp @s ^0 ^1.1875 ^-0.625 ~0 ~0
execute if entity @s[tag=aj.favor_incantations.locator_origin.blackhole2] at @s on origin run tp @s ^0 ^1.1875 ^-0.625 ~0 ~0
execute if entity @s[tag=aj.favor_incantations.locator_origin.blackhole3] at @s on origin run tp @s ^0 ^1.1875 ^-0.625 ~0 ~0