execute if entity @s[tag=aj.favor_incantations.bone.slash_left] run data modify entity @s {} merge value {transformation:[0.00000775762074897635f,-0.000008529057750526926f,0.0000017848264101417011f,0.2950381008200802f,0.000007669846770716852f,0.000005549285827002862f,-0.000006818356725418566f,3.865968916567936f,0.000004135683974856758f,0.0000057071632015838556f,0.000009297070364459508f,-3.170184421350857f,0f,0f,0f,1f],start_interpolation:0}
execute if entity @s[tag=aj.favor_incantations.locator_origin.twinaxe_left0] at @s on origin run tp @s ^0.29504 ^3.86598 ^-3.17018 ~169.13273 ~-35.76277
execute if entity @s[tag=aj.favor_incantations.locator_origin.twinaxe_left1] at @s on origin run tp @s ^0.29504 ^3.86597 ^-3.17018 ~169.13273 ~-35.76277
execute if entity @s[tag=aj.favor_incantations.bone.twinaxe_left] run data modify entity @s {} merge value {transformation:[0.0000066493892134082995f,-0.000007310620929023079f,0.0000015298512086928865f,0.2950381008200802f,0.000006574154374900159f,0.000004756530708859595f,-0.000005844305764644485f,3.865968916567936f,0.00000354487197844865f,0.000004891854172786162f,0.000007968917455251006f,-3.170184421350857f,0f,0f,0f,1f],start_interpolation:0}
execute if entity @s[tag=aj.favor_incantations.bone.right_arm2] run data modify entity @s {} merge value {transformation:[0.6649389213408299f,-0.7310620929023078f,0.15298512086928864f,0.4950419950469379f,0.6574154374900159f,0.4756530708859595f,-0.5844305764644484f,4.576164347581268f,0.354487197844865f,0.48918541727861614f,0.7968917455251004f,-2.9230212322189013f,0f,0f,0f,1f],start_interpolation:0}
execute if entity @s[tag=aj.favor_incantations.bone.right_arm] run data modify entity @s {} merge value {transformation:[0.6659206210211167f,-0.7301679801877504f,0.15298512086928864f,0.3125000000000003f,0.6567757273518158f,0.47653598526756175f,-0.5844305764644484f,4.695298343898158f,0.35382957827228534f,0.48966128645586726f,0.7968917455251004f,-2.8006059106049346f,0f,0f,0f,1f],start_interpolation:0}
execute if entity @s[tag=aj.favor_incantations.locator_origin.messermers_orb] at @s on origin run tp @s ^-0.67719 ^4.38502 ^-2.58667 ~66.63842 ~10.44128
execute if entity @s[tag=aj.favor_incantations.bone.messermers_orb] run data modify entity @s {} merge value {transformation:[0.18625586976490865f,-0.11905881780846503f,0.46410559443559607f,-0.677189415602382f,-0.4158799909677282f,-0.2874454013696789f,0.09316237572301639f,4.385020798952234f,0.23793452460088604f,-0.4092192481295629f,-0.20046701192334726f,-2.5866688175026176f,0f,0f,0f,1f],start_interpolation:0}
execute if entity @s[tag=aj.favor_incantations.bone.slash_right] run data modify entity @s {} merge value {transformation:[0.00001019192790150563f,0.000005492456513384103f,0.000001438276124465223f,-0.6554407273305829f,-0.000005623813930500388f,0.000009359966693670255f,0.000004107901103922109f,4.44871197972411f,7.800215617096368e-7f,-0.0000042819453584882705f,0.00001082439935614443f,-2.411639954765593f,0f,0f,0f,1f],start_interpolation:0}
execute if entity @s[tag=aj.favor_incantations.locator_origin.twinaxe_right0] at @s on origin run tp @s ^-0.65544 ^4.44871 ^-2.41164 ~172.43124 ~20.61617
execute if entity @s[tag=aj.favor_incantations.locator_origin.twinaxe_right1] at @s on origin run tp @s ^-0.65544 ^4.44871 ^-2.41164 ~172.43124 ~20.61617
execute if entity @s[tag=aj.favor_incantations.bone.twinaxe_right] run data modify entity @s {} merge value {transformation:[0.000008735938201290539f,0.000004707819868614945f,0.0000012328081066844768f,-0.6554407273305829f,-0.000004820411940428904f,0.000008022828594574503f,0.000003521058089076093f,4.44871197972411f,6.685899100368315e-7f,-0.0000036702388787042315f,0.00000927805659098094f,-2.411639954765593f,0f,0f,0f,1f],start_interpolation:0}
execute if entity @s[tag=aj.favor_incantations.bone.left_arm2] run data modify entity @s {} merge value {transformation:[0.8735938201290538f,0.4707819868614945f,0.12328081066844768f,-0.5860361221947656f,-0.48204119404289036f,0.8022828594574503f,0.3521058089076093f,4.663533108762067f,0.06685899100368314f,-0.3670238878704231f,0.9278056590980939f,-2.7044771677437227f,0f,0f,0f,1f],start_interpolation:0}
execute if entity @s[tag=aj.favor_incantations.bone.left_arm] run data modify entity @s {} merge value {transformation:[0.5848450554506589f,0.8017219610537345f,0.12328081066844768f,-0.3124999999999996f,-0.7811003488003667f,0.5156585541203247f,0.3521058089076093f,4.694810203692103f,0.2187201550357467f,-0.30222202554858646f,0.9278056590980939f,-2.752692654751401f,0f,0f,0f,1f],start_interpolation:0}
execute if entity @s[tag=aj.favor_incantations.bone.head] run data modify entity @s {} merge value {transformation:[0.9999999999999998f,1.1392021549467155e-32f,2.1861797289909698e-32f,3.400058012914542e-16f,1.5407439555097887e-33f,0.7697066281448777f,-0.638397765182369f,4.823210658995349f,-2.465190328815662e-32f,0.6383977651823688f,0.7697066281448774f,-2.735012449448529f,0f,0f,0f,1f],start_interpolation:0}
execute if entity @s[tag=aj.favor_incantations.bone.body_top] run data modify entity @s {} merge value {transformation:[0.9999999999999998f,6.380382069000387e-33f,2.381191005321088e-32f,3.400058012914542e-16f,1.5407439555097887e-33f,0.8898248006761127f,-0.45630233847934243f,4.47284214372913f,-2.465190328815662e-32f,0.4563023384793423f,0.8898248006761125f,-2.91468149522477f,0f,0f,0f,1f],start_interpolation:0}
execute if entity @s[tag=aj.favor_incantations.locator_origin.player_camera] at @s on origin run tp @s ^0 ^3.31304 ^-3.04938 ~-180 ~-22.14876
execute if entity @s[tag=aj.favor_incantations.bone.body] run data modify entity @s {} merge value {transformation:[0.9999999999999998f,4.2807580820098046e-33f,2.4277385484683782e-32f,3.400058012914542e-16f,1.5407439555097887e-33f,0.9262081178917481f,-0.3770126289017725f,4.06762609215149f,-2.465190328815662e-32f,0.37701262890177245f,0.9262081178917478f,-3.0796245203692956f,0f,0f,0f,1f],start_interpolation:0}
execute if entity @s[tag=aj.favor_incantations.bone.right_leg2] run data modify entity @s {} merge value {transformation:[0.9657555538799072f,-0.23167588602710926f,0.1168010872537883f,0.21687934016078383f,0.24832998886884644f,0.9557908947688901f,-0.15746740013502153f,3.8343916895458214f,-0.07515601624961105f,0.18108022893302922f,0.9805924351691939f,-2.905543039910048f,0f,0f,0f,1f],start_interpolation:0}
execute if entity @s[tag=aj.favor_incantations.bone.right_leg] run data modify entity @s {} merge value {transformation:[0.9657555538799072f,-0.25566425088218026f,-0.044181455057147705f,0.1250000000000003f,0.24832998886884644f,0.8615227923307409f,0.44284387194929264f,4.144001443039682f,-0.07515601624961105f,-0.43865050907926273f,0.8955095220632728f,-3.063183066610408f,0f,0f,0f,1f],start_interpolation:0}
execute if entity @s[tag=aj.favor_incantations.bone.left_leg2] run data modify entity @s {} merge value {transformation:[0.9538300668927377f,0.22801572068858672f,-0.19549177632386358f,-0.2321068261709277f,-0.30029706289414837f,0.7358493408438105f,-0.6069163217420317f,3.803102282287276f,0.0054660322486250815f,0.6376006420155127f,0.7703476772165039f,-3.1014751103126725f,0f,0f,0f,1f],start_interpolation:0}
execute if entity @s[tag=aj.favor_incantations.bone.left_leg] run data modify entity @s {} merge value {transformation:[0.9538300668927377f,0.2980363858669303f,-0.03718220260787842f,-0.12499999999999964f,-0.30029706289414837f,0.948588969050172f,-0.10000320901590957f,4.144001443039682f,0.0054660322486250815f,0.10655177378021452f,0.994292131114265f,-3.063183066610408f,0f,0f,0f,1f],start_interpolation:0}
execute if entity @s[tag=aj.favor_incantations.locator_origin.lightning_spear_locator0] at @s on origin run tp @s ^0.00001 ^-0.00001 ^0.00001 ~0 ~0
execute if entity @s[tag=aj.favor_incantations.locator_origin.lightning_spear_locator1] at @s on origin run tp @s ^0.00001 ^-0.00001 ^0 ~0 ~0
execute if entity @s[tag=aj.favor_incantations.locator_origin.lightning_spear_locator2] at @s on origin run tp @s ^0.00001 ^-0.00001 ^-0.00001 ~0 ~0
execute if entity @s[tag=aj.favor_incantations.locator_origin.lightning_spear0_locator0] at @s on origin run tp @s ^0.00001 ^0.00002 ^0.00001 ~0 ~0
execute if entity @s[tag=aj.favor_incantations.locator_origin.lightning_spear0_locator1] at @s on origin run tp @s ^0.00001 ^0.00002 ^0 ~0 ~0
execute if entity @s[tag=aj.favor_incantations.locator_origin.lightning_spear1_locator0] at @s on origin run tp @s ^-0.00001 ^0.00002 ^0 ~0 ~0
execute if entity @s[tag=aj.favor_incantations.locator_origin.lightning_spear1_locator1] at @s on origin run tp @s ^-0.00001 ^0.00002 ^0.00001 ~0 ~0
execute if entity @s[tag=aj.favor_incantations.locator_origin.lightning_spear2_locator0] at @s on origin run tp @s ^0.00002 ^0.00001 ^0 ~0 ~0
execute if entity @s[tag=aj.favor_incantations.locator_origin.lightning_spear2_locator1] at @s on origin run tp @s ^0.00002 ^0.00001 ^0.00001 ~0 ~0
execute if entity @s[tag=aj.favor_incantations.locator_origin.lightning_spear3_locator0] at @s on origin run tp @s ^-0.00002 ^0.00001 ^0.00001 ~0 ~0
execute if entity @s[tag=aj.favor_incantations.locator_origin.lightning_spear3_locator1] at @s on origin run tp @s ^-0.00002 ^0.00001 ^0 ~0 ~0
execute if entity @s[tag=aj.favor_incantations.locator_origin.lightning_spear4_locator0] at @s on origin run tp @s ^-0.00001 ^0.00001 ^0.00001 ~0 ~0
execute if entity @s[tag=aj.favor_incantations.locator_origin.lightning_spear4_locator1] at @s on origin run tp @s ^-0.00001 ^0.00001 ^0 ~0 ~0
execute if entity @s[tag=aj.favor_incantations.locator_origin.lightning_spear5_locator1] at @s on origin run tp @s ^0.00001 ^0.00001 ^0.00001 ~0 ~0
execute if entity @s[tag=aj.favor_incantations.locator_origin.lightning_spear5_locator0] at @s on origin run tp @s ^0.00001 ^0.00001 ^0 ~0 ~0
execute if entity @s[tag=aj.favor_incantations.locator_origin.blackhole0] at @s on origin run tp @s ^0 ^1.1875 ^-0.625 ~0 ~0
execute if entity @s[tag=aj.favor_incantations.locator_origin.blackhole1] at @s on origin run tp @s ^0 ^1.1875 ^-0.625 ~0 ~0
execute if entity @s[tag=aj.favor_incantations.locator_origin.blackhole2] at @s on origin run tp @s ^0 ^1.1875 ^-0.625 ~0 ~0
execute if entity @s[tag=aj.favor_incantations.locator_origin.blackhole3] at @s on origin run tp @s ^0 ^1.1875 ^-0.625 ~0 ~0