execute if entity @s[tag=aj.favor_incantations.bone.slash_left] run data modify entity @s {} merge value {transformation:[0.000008511057597037762f,-0.000007927856337457019f,9.066992796178497e-7f,0.20720581142948502f,0.000006539104837424784f,0.0000061697667750913034f,-0.000007435401601612275f,4.021718127098345f,0.000004573086224442387f,0.000005932468537188647f,0.000008944484923694222f,-3.3346851128101114f,0f,0f,0f,1f],start_interpolation:0}
execute if entity @s[tag=aj.favor_incantations.locator_origin.twinaxe_left0] at @s on origin run tp @s ^0.20721 ^4.02172 ^-3.33468 ~174.21172 ~-39.59228
execute if entity @s[tag=aj.favor_incantations.locator_origin.twinaxe_left1] at @s on origin run tp @s ^0.20721 ^4.02172 ^-3.33468 ~174.21172 ~-39.59228
execute if entity @s[tag=aj.favor_incantations.bone.twinaxe_left] run data modify entity @s {} merge value {transformation:[0.000007295192226032367f,-0.000006795305432106015f,7.77170811101014e-7f,0.20720581142948502f,0.0000056049470035069575f,0.000005288371521506831f,-0.000006373201372810521f,4.021718127098345f,0.000003919788192379188f,0.0000050849730318759825f,0.000007666701363166476f,-3.3346851128101114f,0f,0f,0f,1f],start_interpolation:0}
execute if entity @s[tag=aj.favor_incantations.bone.right_arm2] run data modify entity @s {} merge value {transformation:[0.7295192226032367f,-0.6795305432106015f,0.0777170811101014f,0.48182502950775324f,0.5604947003506957f,0.528837152150683f,-0.6373201372810521f,4.691817369376734f,0.3919788192379188f,0.5084973031875982f,0.7666701363166475f,-3.050044917897289f,0f,0f,0f,1f],start_interpolation:0}
execute if entity @s[tag=aj.favor_incantations.bone.right_arm] run data modify entity @s {} merge value {transformation:[0.7315904629086576f,-0.6773001180310114f,0.0777170811101014f,0.3125000000000004f,0.5588775222086811f,0.5305459054464053f,-0.6373201372810521f,4.8244538457383355f,0.3904245250377865f,0.5096916639785588f,0.7666701363166475f,-2.922622001902649f,0f,0f,0f,1f],start_interpolation:0}
execute if entity @s[tag=aj.favor_incantations.locator_origin.messermers_orb] at @s on origin run tp @s ^-0.73034 ^4.56999 ^-2.80456 ~-50.25288 ~-14.64777
execute if entity @s[tag=aj.favor_incantations.bone.messermers_orb] run data modify entity @s {} merge value {transformation:[-0.202522405731836f,0.43022817192623525f,-0.5292858049286577f,-0.7303423005224072f,0.6811902818523472f,0.09930630109128119f,-0.179925335944845f,4.569990412387976f,-0.034921957675468185f,-0.5579400027654903f,-0.4401573334928493f,-2.804564710269697f,0f,0f,0f,1f],start_interpolation:0}
execute if entity @s[tag=aj.favor_incantations.bone.slash_right] run data modify entity @s {} merge value {transformation:[0.000008998314065298063f,0.0000074254582611172315f,6.344056885075269e-8f,-0.74124752613727f,-0.000007294890924852294f,0.000008820816813799763f,0.000002255851999357714f,4.592079514800485f,0.0000013878117624079535f,-0.0000017795705832881214f,0.000011446318978707909f,-2.617748137024369f,0f,0f,0f,1f],start_interpolation:0}
execute if entity @s[tag=aj.favor_incantations.locator_origin.twinaxe_right0] at @s on origin run tp @s ^-0.74125 ^4.59208 ^-2.61774 ~179.68244 ~11.14886
execute if entity @s[tag=aj.favor_incantations.locator_origin.twinaxe_right1] at @s on origin run tp @s ^-0.74125 ^4.59208 ^-2.61775 ~179.68244 ~11.14886
execute if entity @s[tag=aj.favor_incantations.bone.twinaxe_right] run data modify entity @s {} merge value {transformation:[0.000007712840627398339f,0.000006364678509529055f,5.43776304435023e-8f,-0.74124752613727f,-0.0000062527636498733946f,0.000007560700126114082f,0.0000019335874280208977f,4.592079514800485f,0.0000011895529392068172f,-0.000001525346214246961f,0.000009811130553178207f,-2.617748137024369f,0f,0f,0f,1f],start_interpolation:0}
execute if entity @s[tag=aj.favor_incantations.bone.left_arm2] run data modify entity @s {} merge value {transformation:[0.7712840627398339f,0.6364678509529055f,0.00543776304435023f,-0.5915761572065423f,-0.6252763649873394f,0.7560700126114082f,0.19335874280208976f,4.831176402277867f,0.11895529392068172f,-0.1525346214246961f,0.9811130553178207f,-2.8568086099617203f,0f,0f,0f,1f],start_interpolation:0}
execute if entity @s[tag=aj.favor_incantations.bone.left_arm] run data modify entity @s {} merge value {transformation:[0.3970315594554691f,0.9177888490984362f,0.00543776304435023f,-0.3124999999999996f,-0.9008987152663082f,0.38857933734761413f,0.19335874280208976f,4.815708897206482f,0.1753494956590233f,-0.0816683969296404f,0.9811130553178207f,-2.8553070222367523f,0f,0f,0f,1f],start_interpolation:0}
execute if entity @s[tag=aj.favor_incantations.bone.head] run data modify entity @s {} merge value {transformation:[1f,0f,0f,3.7470027081099033e-16f,0f,0.6623280308834346f,-0.7492139744466011f,4.9436743559665155f,0f,0.7492139744466011f,0.6623280308834346f,-2.8423067951175556f,0f,0f,0f,1f],start_interpolation:0}
execute if entity @s[tag=aj.favor_incantations.bone.body_top] run data modify entity @s {} merge value {transformation:[1f,0f,0f,3.7470027081099033e-16f,0f,0.8293600711525589f,-0.5587144819832598f,4.617113827950195f,0f,0.5587144819832598f,0.829360071152559f,-3.0623006223984643f,0f,0f,0f,1f],start_interpolation:0}
execute if entity @s[tag=aj.favor_incantations.locator_origin.player_camera] at @s on origin run tp @s ^0 ^3.48151 ^-3.33374 ~-180 ~-28.96694
execute if entity @s[tag=aj.favor_incantations.bone.body] run data modify entity @s {} merge value {transformation:[1f,0f,0f,3.7470027081099033e-16f,0f,0.8748992813522961f,-0.48430491169224754f,4.234345392358565f,0f,0.48430491169224754f,0.8748992813522962f,-3.2741840212638227f,0f,0f,0f,1f],start_interpolation:0}
execute if entity @s[tag=aj.favor_incantations.bone.right_leg2] run data modify entity @s {} merge value {transformation:[0.9644328920160826f,-0.24871969160300944f,0.08948581902401688f,0.21814962604078245f,0.26015359185228676f,0.9530806965073335f,-0.1547814413663659f,3.986198685843454f,-0.04679001436042739f,0.17255637036632376f,0.983887693592186f,-3.119291781347809f,0f,0f,0f,1f],start_interpolation:0}
execute if entity @s[tag=aj.favor_incantations.bone.right_leg] run data modify entity @s {} merge value {transformation:[0.9644328920160826f,-0.25919895941782833f,-0.05181791422095451f,0.1250000000000004f,0.26015359185228676f,0.8960835008966247f,0.35965882175640085f,4.308228693978179f,-0.04679001436042739f,-0.3603474141124974f,0.931643942554551f,-3.2487916332944877f,0f,0f,0f,1f],start_interpolation:0}
execute if entity @s[tag=aj.favor_incantations.bone.left_leg2] run data modify entity @s {} merge value {transformation:[0.9528027771004115f,0.2362533997928502f,-0.19065990411217368f,-0.23169467403890348f,-0.3020158733353818f,0.6737559752378257f,-0.674417747456866f,3.9827450224020753f,-0.030875236083472507f,0.7001694201531842f,0.7133088411614872f,-3.357543721523042f,0f,0f,0f,1f],start_interpolation:0}
execute if entity @s[tag=aj.favor_incantations.bone.left_leg] run data modify entity @s {} merge value {transformation:[0.9528027771004115f,0.2968895277604281f,-0.06343087777993908f,-0.12499999999999963f,-0.3020158733353818f,0.9056936948204621f,-0.29749847632538584f,4.308228693978179f,-0.030875236083472507f,0.30261450637510684f,0.9526128176379637f,-3.2487916332944877f,0f,0f,0f,1f],start_interpolation:0}
execute if entity @s[tag=aj.favor_incantations.locator_origin.lightning_spear_locator0] at @s on origin run tp @s ^0.00001 ^-0.00001 ^0.00001 ~0 ~0
execute if entity @s[tag=aj.favor_incantations.locator_origin.lightning_spear_locator1] at @s on origin run tp @s ^0.00001 ^-0.00001 ^0 ~0 ~0
execute if entity @s[tag=aj.favor_incantations.locator_origin.lightning_spear_locator2] at @s on origin run tp @s ^0.00001 ^-0.00001 ^-0.00001 ~0 ~0
execute if entity @s[tag=aj.favor_incantations.locator_origin.lightning_spear0_locator0] at @s on origin run tp @s ^0.00001 ^0.00002 ^0.00001 ~0 ~0
execute if entity @s[tag=aj.favor_incantations.locator_origin.lightning_spear0_locator1] at @s on origin run tp @s ^0.00001 ^0.00002 ^0 ~0 ~0
execute if entity @s[tag=aj.favor_incantations.locator_origin.lightning_spear1_locator0] at @s on origin run tp @s ^-0.00001 ^0.00002 ^0 ~0 ~0
execute if entity @s[tag=aj.favor_incantations.locator_origin.lightning_spear1_locator1] at @s on origin run tp @s ^-0.00001 ^0.00002 ^0.00001 ~0 ~0
execute if entity @s[tag=aj.favor_incantations.locator_origin.lightning_spear2_locator0] at @s on origin run tp @s ^0.00002 ^0.00001 ^0 ~0 ~0
execute if entity @s[tag=aj.favor_incantations.locator_origin.lightning_spear2_locator1] at @s on origin run tp @s ^0.00002 ^0.00001 ^0.00001 ~0 ~0
execute if entity @s[tag=aj.favor_incantations.locator_origin.lightning_spear3_locator0] at @s on origin run tp @s ^-0.00002 ^0.00001 ^0.00001 ~0 ~0
execute if entity @s[tag=aj.favor_incantations.locator_origin.lightning_spear3_locator1] at @s on origin run tp @s ^-0.00002 ^0.00001 ^0 ~0 ~0
execute if entity @s[tag=aj.favor_incantations.locator_origin.lightning_spear4_locator0] at @s on origin run tp @s ^-0.00001 ^0.00001 ^0.00001 ~0 ~0
execute if entity @s[tag=aj.favor_incantations.locator_origin.lightning_spear4_locator1] at @s on origin run tp @s ^-0.00001 ^0.00001 ^0 ~0 ~0
execute if entity @s[tag=aj.favor_incantations.locator_origin.lightning_spear5_locator1] at @s on origin run tp @s ^0.00001 ^0.00001 ^0.00001 ~0 ~0
execute if entity @s[tag=aj.favor_incantations.locator_origin.lightning_spear5_locator0] at @s on origin run tp @s ^0.00001 ^0.00001 ^0 ~0 ~0
execute if entity @s[tag=aj.favor_incantations.locator_origin.blackhole0] at @s on origin run tp @s ^0 ^1.1875 ^-0.625 ~0 ~0
execute if entity @s[tag=aj.favor_incantations.locator_origin.blackhole1] at @s on origin run tp @s ^0 ^1.1875 ^-0.625 ~0 ~0
execute if entity @s[tag=aj.favor_incantations.locator_origin.blackhole2] at @s on origin run tp @s ^0 ^1.1875 ^-0.625 ~0 ~0
execute if entity @s[tag=aj.favor_incantations.locator_origin.blackhole3] at @s on origin run tp @s ^0 ^1.1875 ^-0.625 ~0 ~0