execute if entity @s[tag=aj.favor_incantations.bone.slash_left] run data modify entity @s {} merge value {transformation:[0.000010970584875254107f,-0.000003941162468605455f,4.739377617501637e-7f,-0.09470809159949167f,0.000003624501327174155f,0.000009377289787729066f,-0.00000591950483379954f,0.347140701846421f,0.0000016187553043217418f,0.000005713561563868817f,0.000010042208752646118f,0.0003483215937841455f,0f,0f,0f,1f],start_interpolation:0}
execute if entity @s[tag=aj.favor_incantations.locator_origin.twinaxe_left0] at @s on origin run tp @s ^-0.0947 ^0.34714 ^0.00035 ~177.29796 ~-30.48988
execute if entity @s[tag=aj.favor_incantations.locator_origin.twinaxe_left1] at @s on origin run tp @s ^-0.0947 ^0.34714 ^0.00035 ~177.29796 ~-30.48988
execute if entity @s[tag=aj.favor_incantations.bone.twinaxe_left] run data modify entity @s {} merge value {transformation:[0.00000940335846450352f,-0.0000033781392588046756f,4.0623236721442604e-7f,-0.09470809159949167f,0.0000031067154232921328f,0.000008037676960910627f,-0.0000050738612861138906f,0.347140701846421f,0.0000013875045465614929f,0.000004897338483316128f,0.000008607607502268101f,0.0003483215937841455f,0f,0f,0f,1f],start_interpolation:0}
execute if entity @s[tag=aj.favor_incantations.bone.right_arm2] run data modify entity @s {} merge value {transformation:[0.9403358464503518f,-0.33781392588046755f,0.0406232367214426f,0.4385890941122086f,0.31067154232921323f,0.8037676960910627f,-0.507386128611389f,0.9070396913408476f,0.13875045465614927f,0.4897338483316128f,0.8607607502268101f,0.08738844610598887f,0f,0f,0f,1f],start_interpolation:0}
execute if entity @s[tag=aj.favor_incantations.bone.right_arm] run data modify entity @s {} merge value {transformation:[0.8625395052829032f,-0.5043563764488342f,0.0406232367214426f,0.3125f,0.45265554348504955f,0.7332545775138409f,-0.507386128611389f,1.0903533357193078f,0.2261162550074161f,0.4560289136561414f,0.8607607502268101f,0.20139567452002421f,0f,0f,0f,1f],start_interpolation:0}
execute if entity @s[tag=aj.favor_incantations.locator_origin.messermers_orb] at @s on origin run tp @s ^-0.85415 ^0.79982 ^0.29275 ~-110.38514 ~-58.53256
execute if entity @s[tag=aj.favor_incantations.bone.messermers_orb] run data modify entity @s {} merge value {transformation:[0.2569489886383548f,0.11696268758937631f,-0.15840310249186101f,-0.8541543805757928f,-0.16896388827547604f,-0.0027530787546019425f,-0.2761126960964559f,0.7998152364045876f,-0.10110893939711524f,0.3018389408255525f,0.058862824471389116f,0.29274733317372503f,0f,0f,0f,1f],start_interpolation:0}
execute if entity @s[tag=aj.favor_incantations.bone.slash_right] run data modify entity @s {} merge value {transformation:[0.000007272734730019757f,0.000009102854222173206f,5.97064207383925e-7f,-0.7867628059909435f,-0.000009082825440652281f,0.0000071545856328604335f,0.0000015573366841559572f,0.8702698022117634f,8.48953869486005e-7f,-0.0000014356394195763822f,0.000011546831941946429f,0.4692062470370616f,0f,0f,0f,1f],start_interpolation:0}
execute if entity @s[tag=aj.favor_incantations.locator_origin.twinaxe_right0] at @s on origin run tp @s ^-0.78676 ^0.87027 ^0.46921 ~177.03998 ~7.67108
execute if entity @s[tag=aj.favor_incantations.locator_origin.twinaxe_right1] at @s on origin run tp @s ^-0.78676 ^0.87027 ^0.4692 ~177.03998 ~7.67108
execute if entity @s[tag=aj.favor_incantations.bone.twinaxe_right] run data modify entity @s {} merge value {transformation:[0.00000623377262573122f,0.000007802446476148463f,5.117693206147928e-7f,-0.7867628059909435f,-0.000007785278949130526f,0.000006132501971023228f,0.0000013348600149908203f,0.8702698022117634f,7.276747452737185e-7f,-0.0000012305480739226132f,0.000009897284521668367f,0.4692062470370616f,0f,0f,0f,1f],start_interpolation:0}
execute if entity @s[tag=aj.favor_incantations.bone.left_arm2] run data modify entity @s {} merge value {transformation:[0.623377262573122f,0.7802446476148462f,0.051176932061479274f,-0.5914931072836516f,-0.7785278949130525f,0.6132501971023228f,0.13348600149908202f,1.0855398569572272f,0.07276747452737184f,-0.12305480739226131f,0.9897284521668366f,0.24062956778773736f,0f,0f,0f,1f],start_interpolation:0}
execute if entity @s[tag=aj.favor_incantations.bone.left_arm] run data modify entity @s {} merge value {transformation:[0.4755828279102503f,0.8781810151794811f,0.051176932061479274f,-0.3125f,-0.8747005446041857f,0.46591892499975535f,0.13348600149908202f,1.092682020131643f,0.09338057113784376f,-0.10824814042471279f,0.9897284521668366f,0.22524010407378964f,0f,0f,0f,1f],start_interpolation:0}
execute if entity @s[tag=aj.favor_incantations.bone.head] run data modify entity @s {} merge value {transformation:[1f,-1.4089560486790866e-32f,-2.0287299301635216e-32f,-1.3877787807814463e-17f,-7.703719777548943e-34f,0.8081982086818632f,-0.5889105666257207f,1.224567077497615f,0f,0.5889105666257207f,0.8081982086818634f,0.2528809541430959f,0f,0f,0f,1f],start_interpolation:0}
execute if entity @s[tag=aj.favor_incantations.bone.body_top] run data modify entity @s {} merge value {transformation:[1f,-8.321158804391232e-33f,-2.3256150666375753e-32f,-1.387778780781446e-17f,-7.703719777548943e-34f,0.9336608123708324f,-0.35815846694310743f,0.8569381326265997f,0f,0.35815846694310743f,0.9336608123708326f,0.11185605778424734f,0f,0f,0f,1f],start_interpolation:0}
execute if entity @s[tag=aj.favor_incantations.locator_origin.player_camera] at @s on origin run tp @s ^0 ^-0.31066 ^0.10997 ~-180 ~-15.61677
execute if entity @s[tag=aj.favor_incantations.bone.body] run data modify entity @s {} merge value {transformation:[1f,-6.108009426713611e-33f,-2.393287380379224e-32f,-1.3877787807814457e-17f,-7.703719777548943e-34f,0.9630837970913002f,-0.26920178264677797f,0.43558897139915587f,0f,0.26920178264677797f,0.9630837970913004f,-0.005919722123718024f,0f,0f,0f,1f],start_interpolation:0}
execute if entity @s[tag=aj.favor_incantations.bone.right_leg2] run data modify entity @s {} merge value {transformation:[0.9912385967008324f,-0.06797767670090245f,0.11324786921135489f,0.17219386240709167f,0.1277969616496205f,0.7102485769692581f,-0.6922534907866257f,0.16101561925805474f,-0.03337635396040111f,0.7006611123670923f,0.7127131432861464f,0.05293552579044895f,0f,0f,0f,1f],start_interpolation:0}
execute if entity @s[tag=aj.favor_incantations.bone.right_leg] run data modify entity @s {} merge value {transformation:[0.9912385967008324f,-0.13132205191538554f,0.014162029914434694f,0.12499999999999999f,0.1277969616496205f,0.9806347492394858f,0.14840291498867497f,0.513431232265995f,-0.03337635396040111f,-0.14529283280583144f,0.9888255719446009f,0.0007209140008532788f,0f,0f,0f,1f],start_interpolation:0}
execute if entity @s[tag=aj.favor_incantations.bone.left_leg2] run data modify entity @s {} merge value {transformation:[0.9754290160377821f,0.12681197130637387f,-0.1801581488719167f,-0.20142667544426773f,-0.2161742060512495f,0.7086804964443286f,-0.6715956124019362f,0.19952563445157895f,0.04250820285164021f,0.6940393921765619f,0.7186809965468076f,0.15811414627692882f,0f,0f,0f,1f],start_interpolation:0}
execute if entity @s[tag=aj.favor_incantations.bone.left_leg] run data modify entity @s {} merge value {transformation:[0.9754290160377821f,0.21266553167100583f,0.05754655776545374f,-0.125f,-0.2161742060512495f,0.873476446092288f,0.43624260539302917f,0.513431232265995f,0.04250820285164021f,-0.4379637767682102f,0.897987072807426f,0.0007209140008532788f,0f,0f,0f,1f],start_interpolation:0}
execute if entity @s[tag=aj.favor_incantations.locator_origin.lightning_spear_locator0] at @s on origin run tp @s ^0.00001 ^-0.00001 ^0.00001 ~0 ~0
execute if entity @s[tag=aj.favor_incantations.locator_origin.lightning_spear_locator1] at @s on origin run tp @s ^0.00001 ^-0.00001 ^0 ~0 ~0
execute if entity @s[tag=aj.favor_incantations.locator_origin.lightning_spear_locator2] at @s on origin run tp @s ^0.00001 ^-0.00001 ^-0.00001 ~0 ~0
execute if entity @s[tag=aj.favor_incantations.locator_origin.lightning_spear0_locator0] at @s on origin run tp @s ^0.00001 ^0.00002 ^0.00001 ~0 ~0
execute if entity @s[tag=aj.favor_incantations.locator_origin.lightning_spear0_locator1] at @s on origin run tp @s ^0.00001 ^0.00002 ^0 ~0 ~0
execute if entity @s[tag=aj.favor_incantations.locator_origin.lightning_spear1_locator0] at @s on origin run tp @s ^-0.00001 ^0.00002 ^0 ~0 ~0
execute if entity @s[tag=aj.favor_incantations.locator_origin.lightning_spear1_locator1] at @s on origin run tp @s ^-0.00001 ^0.00002 ^0.00001 ~0 ~0
execute if entity @s[tag=aj.favor_incantations.locator_origin.lightning_spear2_locator0] at @s on origin run tp @s ^0.00002 ^0.00001 ^0 ~0 ~0
execute if entity @s[tag=aj.favor_incantations.locator_origin.lightning_spear2_locator1] at @s on origin run tp @s ^0.00002 ^0.00001 ^0.00001 ~0 ~0
execute if entity @s[tag=aj.favor_incantations.locator_origin.lightning_spear3_locator0] at @s on origin run tp @s ^-0.00002 ^0.00001 ^0.00001 ~0 ~0
execute if entity @s[tag=aj.favor_incantations.locator_origin.lightning_spear3_locator1] at @s on origin run tp @s ^-0.00002 ^0.00001 ^0 ~0 ~0
execute if entity @s[tag=aj.favor_incantations.locator_origin.lightning_spear4_locator0] at @s on origin run tp @s ^-0.00001 ^0.00001 ^0.00001 ~0 ~0
execute if entity @s[tag=aj.favor_incantations.locator_origin.lightning_spear4_locator1] at @s on origin run tp @s ^-0.00001 ^0.00001 ^0 ~0 ~0
execute if entity @s[tag=aj.favor_incantations.locator_origin.lightning_spear5_locator1] at @s on origin run tp @s ^0.00001 ^0.00001 ^0.00001 ~0 ~0
execute if entity @s[tag=aj.favor_incantations.locator_origin.lightning_spear5_locator0] at @s on origin run tp @s ^0.00001 ^0.00001 ^0 ~0 ~0
execute if entity @s[tag=aj.favor_incantations.locator_origin.blackhole0] at @s on origin run tp @s ^0 ^1.1875 ^-0.625 ~0 ~0
execute if entity @s[tag=aj.favor_incantations.locator_origin.blackhole1] at @s on origin run tp @s ^0 ^1.1875 ^-0.625 ~0 ~0
execute if entity @s[tag=aj.favor_incantations.locator_origin.blackhole2] at @s on origin run tp @s ^0 ^1.1875 ^-0.625 ~0 ~0
execute if entity @s[tag=aj.favor_incantations.locator_origin.blackhole3] at @s on origin run tp @s ^0 ^1.1875 ^-0.625 ~0 ~0