execute if entity @s[tag=aj.favor_incantations.bone.slash_left] run data modify entity @s {} merge value {transformation:[0.000009706976461432997f,-0.0000064717411960611754f,-4.780145919902999e-8f,0.05174388559566384f,0.000004536170368681767f,0.000006864900442092087f,-0.000008270877306402786f,3.82685641839348f,0.000004616153969983067f,0.000006863003637073181f,0.000008228086941327313f,-3.16151695941549f,0f,0f,0f,1f],start_interpolation:0}
execute if entity @s[tag=aj.favor_incantations.locator_origin.twinaxe_left0] at @s on origin run tp @s ^0.05175 ^3.82686 ^-3.16152 ~-179.66714 ~-45.14811
execute if entity @s[tag=aj.favor_incantations.locator_origin.twinaxe_left1] at @s on origin run tp @s ^0.05175 ^3.82686 ^-3.16151 ~-179.66714 ~-45.14811
execute if entity @s[tag=aj.favor_incantations.bone.twinaxe_left] run data modify entity @s {} merge value {transformation:[0.00000832026553837114f,-0.000005547206739481007f,-4.0972679313454276e-8f,0.05174388559566384f,0.000003888146030298657f,0.000005884200378936074f,-0.000007089323405488101f,3.82685641839348f,0.000003956703402842628f,0.000005882574546062726f,0.000007052645949709125f,-3.16151695941549f,0f,0f,0f,1f],start_interpolation:0}
execute if entity @s[tag=aj.favor_incantations.bone.right_arm2] run data modify entity @s {} merge value {transformation:[0.8320265538371139f,-0.5547206739481007f,-0.004097267931345427f,0.45118016848702547f,0.3888146030298656f,0.5884200378936073f,-0.70893234054881f,4.410972533671167f,0.39567034028426284f,0.5882574546062725f,0.7052645949709124f,-2.8379002574626453f,0f,0f,0f,1f],start_interpolation:0}
execute if entity @s[tag=aj.favor_incantations.bone.right_arm] run data modify entity @s {} merge value {transformation:[0.8320265538371139f,-0.5547206739481007f,-0.004097267931345427f,0.31250000000000033f,0.3888146030298656f,0.5884200378936073f,-0.70893234054881f,4.558077543144568f,0.39567034028426284f,0.5882574546062725f,0.7052645949709124f,-2.690835893811077f,0f,0f,0f,1f],start_interpolation:0}
execute if entity @s[tag=aj.favor_incantations.locator_origin.messermers_orb] at @s on origin run tp @s ^-0.75899 ^4.41209 ^-2.6237 ~-7.84955 ~11.28135
execute if entity @s[tag=aj.favor_incantations.bone.messermers_orb] run data modify entity @s {} merge value {transformation:[-0.8905280597873917f,-0.496518012786176f,-0.13779933412887985f,-0.7589853294450748f,-0.514931746286664f,0.8676942904170682f,0.20127328143590795f,4.412087998441735f,0.019081147074065878f,0.24317791867823602f,-0.9995296035985383f,-2.623702307086163f,0f,0f,0f,1f],start_interpolation:0}
execute if entity @s[tag=aj.favor_incantations.bone.slash_right] run data modify entity @s {} merge value {transformation:[0.000006655292570320517f,0.000009530665706724492f,-9.922716871973588e-7f,-0.8111827371668483f,-0.000009479108386334106f,0.000006725032982446496f,0.0000010156508732081002f,4.402832086271675f,0.0000014016761803919374f,2.2683404238282557e-7f,0.000011579937880388188f,-2.438458932932714f,0f,0f,0f,1f],start_interpolation:0}
execute if entity @s[tag=aj.favor_incantations.locator_origin.twinaxe_right0] at @s on origin run tp @s ^-0.81118 ^4.40283 ^-2.43845 ~-175.10235 ~4.99425
execute if entity @s[tag=aj.favor_incantations.locator_origin.twinaxe_right1] at @s on origin run tp @s ^-0.81118 ^4.40283 ^-2.43846 ~-175.10235 ~4.99425
execute if entity @s[tag=aj.favor_incantations.bone.twinaxe_right] run data modify entity @s {} merge value {transformation:[0.000005704536488846157f,0.000008169142034335278f,-8.505185890263074e-7f,-0.8111827371668483f,-0.000008124950045429234f,0.000005764313984954139f,8.705578913212287e-7f,4.402832086271675f,0.000001201436726050232f,1.9442917918527905e-7f,0.000009925661040332733f,-2.438458932932714f,0f,0f,0f,1f],start_interpolation:0}
execute if entity @s[tag=aj.favor_incantations.bone.left_arm2] run data modify entity @s {} merge value {transformation:[0.5704536488846156f,0.8169142034335277f,-0.08505185890263073f,-0.5756031781049161f,-0.8124950045429233f,0.5764313984954139f,0.08705578913212286f,4.6174248756231515f,0.1201436726050232f,0.019442917918527904f,0.9925661040332733f,-2.6259981451272267f,0f,0f,0f,1f],start_interpolation:0}
execute if entity @s[tag=aj.favor_incantations.bone.left_arm] run data modify entity @s {} merge value {transformation:[0.12878956581926582f,0.9880179295100329f,-0.08505185890263073f,-0.31249999999999967f,-0.9868582698131501f,0.13613245344141728f,0.08705578913212286f,4.528100705256862f,0.09759099875235028f,0.07272225303666262f,0.9925661040332733f,-2.595618707024017f,0f,0f,0f,1f],start_interpolation:0}
execute if entity @s[tag=aj.favor_incantations.bone.head] run data modify entity @s {} merge value {transformation:[1f,0f,0f,3.469446951953614e-16f,0f,0.5513488055733767f,-0.8342748315709944f,4.661412196126619f,0f,0.8342748315709944f,0.5513488055733767f,-2.5909058583208444f,0f,0f,0f,1f],start_interpolation:0}
execute if entity @s[tag=aj.favor_incantations.bone.body_top] run data modify entity @s {} merge value {transformation:[1f,0f,0f,3.469446951953614e-16f,0f,0.718849759875134f,-0.6951654642798809f,4.378365103175785f,0f,0.6951654642798809f,0.718849759875134f,-2.8646272598810474f,0f,0f,0f,1f],start_interpolation:0}
execute if entity @s[tag=aj.favor_incantations.locator_origin.player_camera] at @s on origin run tp @s ^0 ^3.30774 ^-3.33051 ~-180 ~-39.0404
execute if entity @s[tag=aj.favor_incantations.bone.body] run data modify entity @s {} merge value {transformation:[1f,0f,0f,3.469446951953614e-16f,0f,0.7767019818839664f,-0.6298682650662111f,4.03855798610155f,0f,0.6298682650662111f,0.7767019818839664f,-3.140194625847515f,0f,0f,0f,1f],start_interpolation:0}
execute if entity @s[tag=aj.favor_incantations.bone.right_leg2] run data modify entity @s {} merge value {transformation:[0.9667778293610297f,-0.23409247774385483f,0.10267103057687894f,0.21683845660325315f,0.25561663666593454f,0.8839869156237522f,-0.39144254759236496f,3.7594908483002807f,0.000873908216696348f,0.40468239999998534f,0.9144568832999622f,-3.0951912383360414f,0f,0f,0f,1f],start_interpolation:0}
execute if entity @s[tag=aj.favor_incantations.bone.right_leg] run data modify entity @s {} merge value {transformation:[0.9667778293610297f,-0.2555504879394861f,-0.005880201515777936f,0.12500000000000033f,0.25561663666593454f,0.966594994303153f,0.01882158462200767f,4.106860924377976f,0.000873908216696348f,-0.019699368060380584f,0.9998055666890691f,-3.102270698732741f,0f,0f,0f,1f],start_interpolation:0}
execute if entity @s[tag=aj.favor_incantations.bone.left_leg2] run data modify entity @s {} merge value {transformation:[0.9546297492887101f,0.24178105183593027f,-0.17385040910531566f,-0.22918505371155534f,-0.2865449879332414f,0.5868381553140127f,-0.7573063774708261f,3.8078694183952027f,-0.08108027912700452f,0.7727631606389878f,0.629494309661278f,-3.272270535668761f,0f,0f,0f,1f],start_interpolation:0}
execute if entity @s[tag=aj.favor_incantations.bone.left_leg] run data modify entity @s {} merge value {transformation:[0.9546297492887101f,0.2899062364147637f,-0.0680912318936995f,-0.12499999999999965f,-0.2865449879332414f,0.831976364473804f,-0.4750866224671989f,4.106860924377976f,-0.08108027912700452f,0.4730430245176219f,0.8773005672469998f,-3.102270698732741f,0f,0f,0f,1f],start_interpolation:0}
execute if entity @s[tag=aj.favor_incantations.locator_origin.lightning_spear_locator0] at @s on origin run tp @s ^0.00001 ^-0.00001 ^0.00001 ~0 ~0
execute if entity @s[tag=aj.favor_incantations.locator_origin.lightning_spear_locator1] at @s on origin run tp @s ^0.00001 ^-0.00001 ^0 ~0 ~0
execute if entity @s[tag=aj.favor_incantations.locator_origin.lightning_spear_locator2] at @s on origin run tp @s ^0.00001 ^-0.00001 ^-0.00001 ~0 ~0
execute if entity @s[tag=aj.favor_incantations.locator_origin.lightning_spear0_locator0] at @s on origin run tp @s ^0.00001 ^0.00002 ^0.00001 ~0 ~0
execute if entity @s[tag=aj.favor_incantations.locator_origin.lightning_spear0_locator1] at @s on origin run tp @s ^0.00001 ^0.00002 ^0 ~0 ~0
execute if entity @s[tag=aj.favor_incantations.locator_origin.lightning_spear1_locator0] at @s on origin run tp @s ^-0.00001 ^0.00002 ^0 ~0 ~0
execute if entity @s[tag=aj.favor_incantations.locator_origin.lightning_spear1_locator1] at @s on origin run tp @s ^-0.00001 ^0.00002 ^0.00001 ~0 ~0
execute if entity @s[tag=aj.favor_incantations.locator_origin.lightning_spear2_locator0] at @s on origin run tp @s ^0.00002 ^0.00001 ^0 ~0 ~0
execute if entity @s[tag=aj.favor_incantations.locator_origin.lightning_spear2_locator1] at @s on origin run tp @s ^0.00002 ^0.00001 ^0.00001 ~0 ~0
execute if entity @s[tag=aj.favor_incantations.locator_origin.lightning_spear3_locator0] at @s on origin run tp @s ^-0.00002 ^0.00001 ^0.00001 ~0 ~0
execute if entity @s[tag=aj.favor_incantations.locator_origin.lightning_spear3_locator1] at @s on origin run tp @s ^-0.00002 ^0.00001 ^0 ~0 ~0
execute if entity @s[tag=aj.favor_incantations.locator_origin.lightning_spear4_locator0] at @s on origin run tp @s ^-0.00001 ^0.00001 ^0.00001 ~0 ~0
execute if entity @s[tag=aj.favor_incantations.locator_origin.lightning_spear4_locator1] at @s on origin run tp @s ^-0.00001 ^0.00001 ^0 ~0 ~0
execute if entity @s[tag=aj.favor_incantations.locator_origin.lightning_spear5_locator1] at @s on origin run tp @s ^0.00001 ^0.00001 ^0.00001 ~0 ~0
execute if entity @s[tag=aj.favor_incantations.locator_origin.lightning_spear5_locator0] at @s on origin run tp @s ^0.00001 ^0.00001 ^0 ~0 ~0
execute if entity @s[tag=aj.favor_incantations.locator_origin.blackhole0] at @s on origin run tp @s ^0 ^1.1875 ^-0.625 ~0 ~0
execute if entity @s[tag=aj.favor_incantations.locator_origin.blackhole1] at @s on origin run tp @s ^0 ^1.1875 ^-0.625 ~0 ~0
execute if entity @s[tag=aj.favor_incantations.locator_origin.blackhole2] at @s on origin run tp @s ^0 ^1.1875 ^-0.625 ~0 ~0
execute if entity @s[tag=aj.favor_incantations.locator_origin.blackhole3] at @s on origin run tp @s ^0 ^1.1875 ^-0.625 ~0 ~0