execute if entity @s[tag=aj.favor_incantations.bone.slash_left] run data modify entity @s {} merge value {transformation:[0.0000097909098609307f,-0.0000063437757670412615f,7.552631158169149e-8f,0.04261010197077919f,0.000004381921487834843f,0.000006661611475379832f,-0.000008516619501694915f,3.8471418259094277f,0.00000458780549726036f,0.000007175691791019102f,0.000007973242699850532f,-3.1736859435726217f,0f,0f,0f,1f],start_interpolation:0}
execute if entity @s[tag=aj.favor_incantations.locator_origin.twinaxe_left0] at @s on origin run tp @s ^0.04262 ^3.84715 ^-3.17368 ~179.45728 ~-46.88606
execute if entity @s[tag=aj.favor_incantations.locator_origin.twinaxe_left1] at @s on origin run tp @s ^0.04262 ^3.84714 ^-3.17368 ~179.45728 ~-46.88606
execute if entity @s[tag=aj.favor_incantations.bone.twinaxe_left] run data modify entity @s {} merge value {transformation:[0.000008392208452226314f,-0.000005437522086035367f,6.47368384985927e-8f,0.04261010197077919f,0.0000037559327038584366f,0.000005709952693182712f,-0.000007299959572881356f,3.8471418259094277f,0.000003932404711937451f,0.000006150592963730658f,0.000006834208028443313f,-3.1736859435726217f,0f,0f,0f,1f],start_interpolation:0}
execute if entity @s[tag=aj.favor_incantations.bone.right_arm2] run data modify entity @s {} merge value {transformation:[0.8392208452226314f,-0.5437522086035367f,0.006473683849859269f,0.4484380521508845f,0.3755932703858436f,0.5709952693182712f,-0.7299959572881356f,4.42067246295318f,0.39324047119374506f,0.6150592963730658f,0.6834208028443313f,-2.839268490043651f,0f,0f,0f,1f],start_interpolation:0}
execute if entity @s[tag=aj.favor_incantations.bone.right_arm] run data modify entity @s {} merge value {transformation:[0.8392208452226314f,-0.5437522086035367f,0.006473683849859269f,0.31250000000000033f,0.3755932703858436f,0.5709952693182712f,-0.7299959572881356f,4.563421280282748f,0.39324047119374506f,0.6150592963730658f,0.6834208028443313f,-2.685503665950385f,0f,0f,0f,1f],start_interpolation:0}
execute if entity @s[tag=aj.favor_incantations.locator_origin.messermers_orb] at @s on origin run tp @s ^-0.75707 ^4.4183 ^-2.59536 ~-19.13437 ~21.12059
execute if entity @s[tag=aj.favor_incantations.bone.messermers_orb] run data modify entity @s {} merge value {transformation:[-0.9008753472540191f,-0.4634626981376749f,-0.3253535616082115f,-0.7570685394248364f,-0.5600614406569047f,0.81948302577579f,0.38341590611360704f,4.418296764697335f,0.08356910497016233f,0.495861776916262f,-0.9377453315235348f,-2.5953611154647547f,0f,0f,0f,1f],start_interpolation:0}
execute if entity @s[tag=aj.favor_incantations.bone.slash_right] run data modify entity @s {} merge value {transformation:[0.000006712741741396372f,0.000009533494537053346f,-4.0335014119247977e-7f,-0.8021501514297013f,-0.000009506511804594438f,0.000006724289328380291f,7.21995462900334e-7f,4.402674970210484f,8.224613872593351e-7f,-8.675281733817575e-8f,0.000011637316800975322f,-2.4079815650522605f,0f,0f,0f,1f],start_interpolation:0}
execute if entity @s[tag=aj.favor_incantations.locator_origin.twinaxe_right0] at @s on origin run tp @s ^-0.80215 ^4.40267 ^-2.40798 ~-178.01492 ~3.54804
execute if entity @s[tag=aj.favor_incantations.locator_origin.twinaxe_right1] at @s on origin run tp @s ^-0.80215 ^4.40268 ^-2.40798 ~-178.01492 ~3.54804
execute if entity @s[tag=aj.favor_incantations.bone.twinaxe_right] run data modify entity @s {} merge value {transformation:[0.000005753778635482604f,0.000008171566746045724f,-3.4572869245069695e-7f,-0.8021501514297013f,-0.000008148438689652374f,0.000005763676567183106f,6.188532539145719e-7f,4.402674970210484f,7.049669033651443e-7f,-7.435955771843636e-8f,0.00000997484297226456f,-2.4079815650522605f,0f,0f,0f,1f],start_interpolation:0}
execute if entity @s[tag=aj.favor_incantations.bone.left_arm2] run data modify entity @s {} merge value {transformation:[0.5753778635482604f,0.8171566746045723f,-0.03457286924506969f,-0.5762673941040881f,-0.8148438689652374f,0.5763676567183106f,0.06188532539145719f,4.622114106234385f,0.07049669033651443f,-0.007435955771843635f,0.9974842972264559f,-2.6017396501069543f,0f,0f,0f,1f],start_interpolation:0}
execute if entity @s[tag=aj.favor_incantations.bone.left_arm] run data modify entity @s {} merge value {transformation:[0.12772558069589401f,0.9912067860684066f,-0.03457286924506969f,-0.31249999999999967f,-0.989622808328656f,0.12968000515460099f,0.06188532539145719f,4.530831256481953f,0.06582456434797379f,0.026309760832107114f,0.9974842972264559f,-2.5869341393554306f,0f,0f,0f,1f],start_interpolation:0}
execute if entity @s[tag=aj.favor_incantations.bone.head] run data modify entity @s {} merge value {transformation:[1f,0f,0f,3.469446951953614e-16f,0f,0.5938546717911308f,-0.8045723266381017f,4.665315102327545f,2.465190328815662e-32f,0.8045723266381016f,0.5938546717911308f,-2.5841048911594475f,0f,0f,0f,1f],start_interpolation:0}
execute if entity @s[tag=aj.favor_incantations.bone.body_top] run data modify entity @s {} merge value {transformation:[1f,0f,0f,3.469446951953614e-16f,0f,0.7088265881377203f,-0.705382781154345f,4.386214633248318f,2.465190328815662e-32f,0.705382781154345f,0.7088265881377201f,-2.861849361238971f,0f,0f,0f,1f],start_interpolation:0}
execute if entity @s[tag=aj.favor_incantations.locator_origin.player_camera] at @s on origin run tp @s ^0 ^3.3228 ^-3.34396 ~-180 ~-39.91175
execute if entity @s[tag=aj.favor_incantations.bone.body] run data modify entity @s {} merge value {transformation:[1f,0f,0f,3.469446951953614e-16f,0f,0.7670336322977693f,-0.641606894386345f,4.050637419118043f,2.465190328815662e-32f,0.641606894386345f,0.7670336322977692f,-3.142552377532997f,0f,0f,0f,1f],start_interpolation:0}
execute if entity @s[tag=aj.favor_incantations.bone.right_leg2] run data modify entity @s {} merge value {transformation:[0.9667778293610297f,-0.22375485854339738f,0.12358961094768373f,0.2166719019404359f,0.2555584506736705f,0.835622452907703f,-0.48623553396043245f,3.772106580950876f,0.005523309266077692f,0.50166610357362f,0.8650437061675051f,-3.134032759793409f,0f,0f,0f,1f],start_interpolation:0}
execute if entity @s[tag=aj.favor_incantations.bone.right_leg] run data modify entity @s {} merge value {transformation:[0.9667778293610297f,-0.2550870314864294f,0.01646921441408078f,0.12500000000000033f,0.2555584506736705f,0.9631517437441356f,-0.08383672710634588f,4.118239238858925f,0.005523309266077692f,0.08526033597208116f,0.9963433987158639f,-3.1033923265534424f,0f,0f,0f,1f],start_interpolation:0}
execute if entity @s[tag=aj.favor_incantations.bone.left_leg2] run data modify entity @s {} merge value {transformation:[0.9546297492887101f,0.24188471893700042f,-0.1737061441565689f,-0.2295041073596147f,-0.2850227691345938f,0.5731432944460058f,-0.7682895190658449f,3.8200478892680176f,-0.08627898265407646f,0.7829422371901693f,0.6160822918862624f,-3.274597470165203f,0f,0f,0f,1f],start_interpolation:0}
execute if entity @s[tag=aj.favor_incantations.bone.left_leg] run data modify entity @s {} merge value {transformation:[0.9546297492887101f,0.2907940378702332f,-0.0641939974771765f,-0.12499999999999965f,-0.2850227691345938f,0.829749842339915f,-0.4798720873438402f,4.118239238858925f,-0.08627898265407646f,0.47639692135446415f,0.8749868058869035f,-3.1033923265534424f,0f,0f,0f,1f],start_interpolation:0}
execute if entity @s[tag=aj.favor_incantations.locator_origin.lightning_spear_locator0] at @s on origin run tp @s ^0.00001 ^-0.00001 ^0.00001 ~0 ~0
execute if entity @s[tag=aj.favor_incantations.locator_origin.lightning_spear_locator1] at @s on origin run tp @s ^0.00001 ^-0.00001 ^0 ~0 ~0
execute if entity @s[tag=aj.favor_incantations.locator_origin.lightning_spear_locator2] at @s on origin run tp @s ^0.00001 ^-0.00001 ^-0.00001 ~0 ~0
execute if entity @s[tag=aj.favor_incantations.locator_origin.lightning_spear0_locator0] at @s on origin run tp @s ^0.00001 ^0.00002 ^0.00001 ~0 ~0
execute if entity @s[tag=aj.favor_incantations.locator_origin.lightning_spear0_locator1] at @s on origin run tp @s ^0.00001 ^0.00002 ^0 ~0 ~0
execute if entity @s[tag=aj.favor_incantations.locator_origin.lightning_spear1_locator0] at @s on origin run tp @s ^-0.00001 ^0.00002 ^0 ~0 ~0
execute if entity @s[tag=aj.favor_incantations.locator_origin.lightning_spear1_locator1] at @s on origin run tp @s ^-0.00001 ^0.00002 ^0.00001 ~0 ~0
execute if entity @s[tag=aj.favor_incantations.locator_origin.lightning_spear2_locator0] at @s on origin run tp @s ^0.00002 ^0.00001 ^0 ~0 ~0
execute if entity @s[tag=aj.favor_incantations.locator_origin.lightning_spear2_locator1] at @s on origin run tp @s ^0.00002 ^0.00001 ^0.00001 ~0 ~0
execute if entity @s[tag=aj.favor_incantations.locator_origin.lightning_spear3_locator0] at @s on origin run tp @s ^-0.00002 ^0.00001 ^0.00001 ~0 ~0
execute if entity @s[tag=aj.favor_incantations.locator_origin.lightning_spear3_locator1] at @s on origin run tp @s ^-0.00002 ^0.00001 ^0 ~0 ~0
execute if entity @s[tag=aj.favor_incantations.locator_origin.lightning_spear4_locator0] at @s on origin run tp @s ^-0.00001 ^0.00001 ^0.00001 ~0 ~0
execute if entity @s[tag=aj.favor_incantations.locator_origin.lightning_spear4_locator1] at @s on origin run tp @s ^-0.00001 ^0.00001 ^0 ~0 ~0
execute if entity @s[tag=aj.favor_incantations.locator_origin.lightning_spear5_locator1] at @s on origin run tp @s ^0.00001 ^0.00001 ^0.00001 ~0 ~0
execute if entity @s[tag=aj.favor_incantations.locator_origin.lightning_spear5_locator0] at @s on origin run tp @s ^0.00001 ^0.00001 ^0 ~0 ~0
execute if entity @s[tag=aj.favor_incantations.locator_origin.blackhole0] at @s on origin run tp @s ^0 ^1.1875 ^-0.625 ~0 ~0
execute if entity @s[tag=aj.favor_incantations.locator_origin.blackhole1] at @s on origin run tp @s ^0 ^1.1875 ^-0.625 ~0 ~0
execute if entity @s[tag=aj.favor_incantations.locator_origin.blackhole2] at @s on origin run tp @s ^0 ^1.1875 ^-0.625 ~0 ~0
execute if entity @s[tag=aj.favor_incantations.locator_origin.blackhole3] at @s on origin run tp @s ^0 ^1.1875 ^-0.625 ~0 ~0