execute if entity @s[tag=aj.nep_fume_ugs_skills.bone.right_arm2] run data modify entity @s {} merge value {transformation:[0.614135252200082f,-0.15743762663375735f,0.7733377565624684f,2.475352296349754f,-0.211651771011089f,0.9111472776173887f,0.35357342422514054f,2.1460280553556332f,-0.7602903523214085f,-0.3808202098239417f,0.5262457106301557f,14.22309998677308f,0f,0f,0f,1f],start_interpolation:0}
execute if entity @s[tag=aj.nep_fume_ugs_skills.bone.right_arm] run data modify entity @s {} merge value {transformation:[0.614135252200082f,-0.15743762663375735f,0.7733377565624684f,2.4670922821352943f,-0.211651771011089f,0.9111472776173887f,0.35357342422514054f,2.3407243346686752f,-0.7602903523214085f,-0.3808202098239417f,0.5262457106301557f,14.071568301691347f,0f,0f,0f,1f],start_interpolation:0}
execute if entity @s[tag=aj.nep_fume_ugs_skills.locator_origin.fume_ugs_locator] at @s on origin run tp @s ^4.90194 ^2.29721 ^15.04001 ~-33.45863 ~76.98192
execute if entity @s[tag=aj.nep_fume_ugs_skills.locator_origin.fume_ugs_locator2] at @s on origin run tp @s ^4.42146 ^2.21456 ^14.92906 ~-33.45863 ~76.98192
execute if entity @s[tag=aj.nep_fume_ugs_skills.locator_origin.fume_ugs_locator3] at @s on origin run tp @s ^3.94098 ^2.13192 ^14.81811 ~-33.45863 ~76.98192
execute if entity @s[tag=aj.nep_fume_ugs_skills.locator_origin.fume_ugs_locator4] at @s on origin run tp @s ^3.46051 ^2.04927 ^14.70716 ~-33.45863 ~76.98192
execute if entity @s[tag=aj.nep_fume_ugs_skills.locator_origin.fume_ugs_locator5] at @s on origin run tp @s ^2.91997 ^1.95629 ^14.58234 ~-33.45863 ~76.98192
execute if entity @s[tag=aj.nep_fume_ugs_skills.locator_origin.fume_ugs_locator10] at @s on origin run tp @s ^2.8734 ^2.32165 ^14.51186 ~-33.45863 ~76.98192
execute if entity @s[tag=aj.nep_fume_ugs_skills.locator_origin.fume_ugs_locator9] at @s on origin run tp @s ^3.41393 ^2.41463 ^14.63668 ~-33.45863 ~76.98192
execute if entity @s[tag=aj.nep_fume_ugs_skills.locator_origin.fume_ugs_locator8] at @s on origin run tp @s ^3.89441 ^2.49728 ^14.74764 ~-33.45863 ~76.98192
execute if entity @s[tag=aj.nep_fume_ugs_skills.locator_origin.fume_ugs_locator7] at @s on origin run tp @s ^4.37489 ^2.57992 ^14.85859 ~-33.45863 ~76.98192
execute if entity @s[tag=aj.nep_fume_ugs_skills.locator_origin.fume_ugs_locator6] at @s on origin run tp @s ^4.85537 ^2.66257 ^14.96954 ~-33.45863 ~76.98192
execute if entity @s[tag=aj.nep_fume_ugs_skills.locator_origin.foe_ride_locator] at @s on origin run tp @s ^4.03782 ^2.33526 ^14.81061 ~-33.45863 ~76.98192
execute if entity @s[tag=aj.nep_fume_ugs_skills.bone.fume_ugs_slash] run data modify entity @s {} merge value {transformation:[-0.000006593720367101581f,0.000025625492791640887f,-0.0000033118094777842595f,4.03908916593479f,0.0000040808863862024965f,0.000004407851354547945f,0.000025981307200566862f,2.351382070514861f,0.000025514316160432124f,0.0000059174383590267995f,-0.000005011457397179111f,14.810219982653f,0f,0f,0f,1f],start_interpolation:0}
execute if entity @s[tag=aj.nep_fume_ugs_skills.bone.gravity_vortex] run data modify entity @s {} merge value {transformation:[-0.000012812746395820444f,-0.0000032968601835507876f,-0.0000016559047388921298f,4.186567023718075f,-0.000002203925677273972f,0.0000020404431931012487f,0.000012990653600283431f,2.3624081438819626f,-0.0000029587191795133968f,0.000012757158080216062f,-0.0000025057286985895554f,14.832280078835575f,0f,0f,0f,1f],start_interpolation:0}
execute if entity @s[tag=aj.nep_fume_ugs_skills.bone.fume_ultra_greatsword] run data modify entity @s {} merge value {transformation:[-0.5133211305788581f,1.994944613829243f,-0.2578243678455046f,2.674742616981732f,0.31769700516586435f,0.3431512279515575f,2.0226447655641304f,2.116695382700326f,1.986289513089641f,0.46067257625023633f,-0.3901419583703938f,14.49287827793922f,0f,0f,0f,1f],start_interpolation:0}
execute if entity @s[tag=aj.nep_fume_ugs_skills.bone.left_arm2] run data modify entity @s {} merge value {transformation:[-0.13964668134755695f,-0.7928475319397699f,0.5932045140469089f,2.584266709456043f,-0.019155184439296508f,0.6011255211830314f,0.7989250194427038f,2.200211718206277f,-0.990016102544656f,0.10020428573391457f,-0.09913232481307788f,14.67723848429473f,0f,0f,0f,1f],start_interpolation:0}
execute if entity @s[tag=aj.nep_fume_ugs_skills.bone.left_arm] run data modify entity @s {} merge value {transformation:[-0.13964668134755695f,-0.7928475319397699f,0.5932045140469089f,2.3175319874637914f,-0.019155184439296508f,0.6011255211830314f,0.7989250194427038f,2.40244612307718f,-0.990016102544656f,0.10020428573391457f,-0.09913232481307788f,14.710949836378118f,0f,0f,0f,1f],start_interpolation:0}
execute if entity @s[tag=aj.nep_fume_ugs_skills.bone.head] run data modify entity @s {} merge value {transformation:[0.2929634477681241f,0.6289840264106856f,0.7201052095298409f,2.453377358454934f,-0.18778329729953663f,0.776333550565672f,-0.6017006328078867f,2.438707343093384f,-0.9375019208125005f,0.04105256126357355f,0.34555004801992567f,14.384855011778706f,0f,0f,0f,1f],start_interpolation:0}
execute if entity @s[tag=aj.nep_fume_ugs_skills.bone.body_top] run data modify entity @s {} merge value {transformation:[0.20008874679026345f,0.9536587445011477f,0.22472092124321008f,2.077874227807607f,-0.09600504606713856f,0.24733868277865947f,-0.9641610898241872f,2.3413177367492866f,-0.975062831071695f,0.1713434417706521f,0.14104573876809828f,14.317388531581512f,0f,0f,0f,1f],start_interpolation:0}
execute if entity @s[tag=aj.nep_fume_ugs_skills.bone.body] run data modify entity @s {} merge value {transformation:[0.20008874679026345f,0.9536587445011477f,0.22472092124321008f,1.6606485270883549f,-0.09600504606713856f,0.24733868277865947f,-0.9641610898241872f,2.233107063033623f,-0.975062831071695f,0.1713434417706521f,0.14104573876809828f,14.242425775806852f,0f,0f,0f,1f],start_interpolation:0}
execute if entity @s[tag=aj.nep_fume_ugs_skills.bone.right_leg2] run data modify entity @s {} merge value {transformation:[0.49797061818659616f,0.8176191482031958f,-0.2890055222903887f,1.4779711819519343f,-0.08357191746212783f,-0.2864677341655537f,-0.9544380398400711f,2.3002865819279386f,-0.8631575742786267f,0.49943484637491453f,-0.07432251470384182f,13.941684339084402f,0f,0f,0f,1f],start_interpolation:0}
execute if entity @s[tag=aj.nep_fume_ugs_skills.bone.right_leg] run data modify entity @s {} merge value {transformation:[0.49797061818659616f,0.8483470934020221f,-0.1798123258822949f,1.7750651277341205f,-0.08357191746212783f,-0.1594377999375426f,-0.9836642326336663f,2.24429443378573f,-0.8631575742786267f,0.5048631468699387f,-0.008497346528179434f,14.13660636958889f,0f,0f,0f,1f],start_interpolation:0}
execute if entity @s[tag=aj.nep_fume_ugs_skills.bone.left_leg2] run data modify entity @s {} merge value {transformation:[0.038416773242177626f,0.8629614289522064f,-0.5038072286841719f,1.3686358841919377f,-0.4791327759173852f,-0.42653442426503835f,-0.7671376460313971f,2.3118977357267587f,-0.8769013254496544f,0.2708615089998181f,0.39708702870653095f,14.35875256875461f,0f,0f,0f,1f],start_interpolation:0}
execute if entity @s[tag=aj.nep_fume_ugs_skills.bone.left_leg] run data modify entity @s {} merge value {transformation:[0.038416773242177626f,0.9900710810788391f,-0.13521614528242681f,1.7250429410365546f,-0.4791327759173852f,-0.10049555701018414f,-0.8719704272869084f,2.268295695302515f,-0.8769013254496544f,0.09828477721698345f,0.4705147904073238f,14.380372077356814f,0f,0f,0f,1f],start_interpolation:0}
execute if entity @s[tag=aj.nep_fume_ugs_skills.locator_origin.nep_ride] at @s on origin run tp @s ^-0.0625 ^1 ^-1.6875 ~0 ~0
execute if entity @s[tag=aj.nep_fume_ugs_skills.locator_origin.wave_of_destruction0] at @s on origin run tp @s ^-0.375 ^2.56249 ^0.18752 ~0 ~90
execute if entity @s[tag=aj.nep_fume_ugs_skills.locator_origin.wave_of_destruction1] at @s on origin run tp @s ^-0.375 ^2.5625 ^0.18752 ~0 ~90
execute if entity @s[tag=aj.nep_fume_ugs_skills.locator_origin.wave_of_destruction2] at @s on origin run tp @s ^-0.375 ^2.56251 ^0.18752 ~0 ~90
execute if entity @s[tag=aj.nep_fume_ugs_skills.locator_origin.wave_of_destruction3] at @s on origin run tp @s ^-0.375 ^2.56252 ^0.18752 ~0 ~90
execute if entity @s[tag=aj.nep_fume_ugs_skills.locator_origin.wave_of_destruction4] at @s on origin run tp @s ^-0.375 ^2.56253 ^0.18752 ~0 ~90
execute if entity @s[tag=aj.nep_fume_ugs_skills.locator_origin.wave_of_destruction5] at @s on origin run tp @s ^-0.37501 ^2.56253 ^0.18752 ~0 ~90
execute if entity @s[tag=aj.nep_fume_ugs_skills.locator_origin.wave_of_destruction6] at @s on origin run tp @s ^-0.37499 ^2.56253 ^0.18752 ~0 ~90
execute if entity @s[tag=aj.nep_fume_ugs_skills.locator_origin.wave_of_destruction7] at @s on origin run tp @s ^-0.375 ^2.56253 ^0.18753 ~0 ~90
execute if entity @s[tag=aj.nep_fume_ugs_skills.locator_origin.wave_of_destruction8] at @s on origin run tp @s ^-0.375 ^2.56253 ^0.18751 ~0 ~90
execute if entity @s[tag=aj.nep_fume_ugs_skills.locator_origin.wave_of_destruction12] at @s on origin run tp @s ^-0.37501 ^2.56252 ^0.18752 ~0 ~90
execute if entity @s[tag=aj.nep_fume_ugs_skills.locator_origin.wave_of_destruction11] at @s on origin run tp @s ^-0.375 ^2.56252 ^0.18753 ~0 ~90
execute if entity @s[tag=aj.nep_fume_ugs_skills.locator_origin.wave_of_destruction10] at @s on origin run tp @s ^-0.37499 ^2.56252 ^0.18752 ~0 ~90
execute if entity @s[tag=aj.nep_fume_ugs_skills.locator_origin.wave_of_destruction9] at @s on origin run tp @s ^-0.375 ^2.56252 ^0.18751 ~0 ~90
execute if entity @s[tag=aj.nep_fume_ugs_skills.locator_origin.wave_of_destruction13] at @s on origin run tp @s ^-0.37501 ^2.56251 ^0.18752 ~0 ~90
execute if entity @s[tag=aj.nep_fume_ugs_skills.locator_origin.wave_of_destruction14] at @s on origin run tp @s ^-0.375 ^2.56251 ^0.18753 ~0 ~90
execute if entity @s[tag=aj.nep_fume_ugs_skills.locator_origin.wave_of_destruction15] at @s on origin run tp @s ^-0.37499 ^2.56251 ^0.18752 ~0 ~90
execute if entity @s[tag=aj.nep_fume_ugs_skills.locator_origin.wave_of_destruction16] at @s on origin run tp @s ^-0.375 ^2.56251 ^0.18751 ~0 ~90
execute if entity @s[tag=aj.nep_fume_ugs_skills.locator_origin.wave_of_destruction17] at @s on origin run tp @s ^-0.37501 ^2.5625 ^0.18752 ~0 ~90
execute if entity @s[tag=aj.nep_fume_ugs_skills.locator_origin.wave_of_destruction18] at @s on origin run tp @s ^-0.375 ^2.5625 ^0.18753 ~0 ~90
execute if entity @s[tag=aj.nep_fume_ugs_skills.locator_origin.wave_of_destruction19] at @s on origin run tp @s ^-0.37499 ^2.5625 ^0.18752 ~0 ~90
execute if entity @s[tag=aj.nep_fume_ugs_skills.locator_origin.wave_of_destruction20] at @s on origin run tp @s ^-0.375 ^2.5625 ^0.18751 ~0 ~90
execute if entity @s[tag=aj.nep_fume_ugs_skills.locator_origin.wave_of_destruction24] at @s on origin run tp @s ^-0.37499 ^2.56249 ^0.18752 ~0 ~90
execute if entity @s[tag=aj.nep_fume_ugs_skills.locator_origin.wave_of_destruction23] at @s on origin run tp @s ^-0.375 ^2.56249 ^0.18753 ~0 ~90
execute if entity @s[tag=aj.nep_fume_ugs_skills.locator_origin.wave_of_destruction22] at @s on origin run tp @s ^-0.37501 ^2.56249 ^0.18752 ~0 ~90
execute if entity @s[tag=aj.nep_fume_ugs_skills.locator_origin.wave_of_destruction21] at @s on origin run tp @s ^-0.375 ^2.56249 ^0.18751 ~0 ~90
execute if entity @s[tag=aj.nep_fume_ugs_skills.locator_origin.wave_of_destruction25] at @s on origin run tp @s ^0.00002 ^0.37402 ^-3.96638 ~0 ~90
execute if entity @s[tag=aj.nep_fume_ugs_skills.locator_origin.wave_of_destruction26] at @s on origin run tp @s ^0 ^0.37402 ^-3.96636 ~0 ~90
execute if entity @s[tag=aj.nep_fume_ugs_skills.locator_origin.wave_of_destruction27] at @s on origin run tp @s ^-0.00002 ^0.37402 ^-3.96638 ~0 ~90
execute if entity @s[tag=aj.nep_fume_ugs_skills.locator_origin.wave_of_destruction28] at @s on origin run tp @s ^0 ^0.37402 ^-3.9664 ~0 ~90
execute if entity @s[tag=aj.nep_fume_ugs_skills.locator_origin.wave_of_destruction29] at @s on origin run tp @s ^0.00002 ^0.37403 ^-3.9664 ~0 ~90
execute if entity @s[tag=aj.nep_fume_ugs_skills.locator_origin.wave_of_destruction30] at @s on origin run tp @s ^0.00001 ^0.37402 ^-3.96637 ~0 ~90
execute if entity @s[tag=aj.nep_fume_ugs_skills.locator_origin.wave_of_destruction31] at @s on origin run tp @s ^-0.00002 ^0.37403 ^-3.96637 ~0 ~90
execute if entity @s[tag=aj.nep_fume_ugs_skills.locator_origin.wave_of_destruction32] at @s on origin run tp @s ^-0.00001 ^0.37403 ^-3.9664 ~0 ~90