execute if entity @s[tag=aj.nep_fume_ugs_skills.bone.right_arm2] run data modify entity @s {} merge value {transformation:[0.852196902834937f,-0.2895722558876327f,0.43578474895146063f,0.3451708233802837f,0.2633103334327759f,0.9570860429260815f,0.12105360277007485f,2.235512553423783f,-0.45213726577894525f,0.011585122193659148f,0.8918731287788062f,-0.08464362901082972f,0f,0f,0f,1f],start_interpolation:0}
execute if entity @s[tag=aj.nep_fume_ugs_skills.bone.right_arm] run data modify entity @s {} merge value {transformation:[0.852196902834937f,-0.2895722558876327f,0.43578474895146063f,0.3279193951723359f,0.2633103334327759f,0.9570860429260815f,0.12105360277007485f,2.4778274379429592f,-0.45213726577894525f,0.011585122193659148f,0.8918731287788062f,-0.12849115530501526f,0f,0f,0f,1f],start_interpolation:0}
execute if entity @s[tag=aj.nep_fume_ugs_skills.locator_origin.fume_ugs_locator] at @s on origin run tp @s ^-0.41446 ^1.97883 ^2.97714 ~98.82801 ~79.49182
execute if entity @s[tag=aj.nep_fume_ugs_skills.locator_origin.fume_ugs_locator2] at @s on origin run tp @s ^-0.38301 ^1.98727 ^2.4782 ~98.82801 ~79.49182
execute if entity @s[tag=aj.nep_fume_ugs_skills.locator_origin.fume_ugs_locator3] at @s on origin run tp @s ^-0.35155 ^1.9957 ^1.97926 ~98.82801 ~79.49182
execute if entity @s[tag=aj.nep_fume_ugs_skills.locator_origin.fume_ugs_locator4] at @s on origin run tp @s ^-0.3201 ^2.00414 ^1.48032 ~98.82801 ~79.49182
execute if entity @s[tag=aj.nep_fume_ugs_skills.locator_origin.fume_ugs_locator5] at @s on origin run tp @s ^-0.28471 ^2.01364 ^0.91902 ~98.82801 ~79.49182
execute if entity @s[tag=aj.nep_fume_ugs_skills.locator_origin.fume_ugs_locator10] at @s on origin run tp @s ^-0.21713 ^2.38235 ^0.92951 ~98.82801 ~79.49182
execute if entity @s[tag=aj.nep_fume_ugs_skills.locator_origin.fume_ugs_locator9] at @s on origin run tp @s ^-0.25252 ^2.37285 ^1.49082 ~98.82801 ~79.49182
execute if entity @s[tag=aj.nep_fume_ugs_skills.locator_origin.fume_ugs_locator8] at @s on origin run tp @s ^-0.28397 ^2.36442 ^1.98976 ~98.82801 ~79.49182
execute if entity @s[tag=aj.nep_fume_ugs_skills.locator_origin.fume_ugs_locator7] at @s on origin run tp @s ^-0.31542 ^2.35598 ^2.48869 ~98.82801 ~79.49182
execute if entity @s[tag=aj.nep_fume_ugs_skills.locator_origin.fume_ugs_locator6] at @s on origin run tp @s ^-0.34688 ^2.34754 ^2.98763 ~98.82801 ~79.49182
execute if entity @s[tag=aj.nep_fume_ugs_skills.locator_origin.foe_ride_locator] at @s on origin run tp @s ^-0.32563 ^2.17795 ^2.10924 ~98.82801 ~79.49182
execute if entity @s[tag=aj.nep_fume_ugs_skills.bone.fume_ugs_slash] run data modify entity @s {} merge value {transformation:[-0.00002617636232022892f,-0.0000016774944540640198f,0.000004805744390601161f,-0.32479509857650246f,0.0000048424921272100825f,-4.5002711541308307e-7f,0.000026219436620652483f,2.1935723455217073f,-0.0000015682591587867356f,0.000026610046957175555f,7.463747442833979e-7f,2.1133670800573814f,0f,0f,0f,1f],start_interpolation:0}
execute if entity @s[tag=aj.nep_fume_ugs_skills.bone.gravity_vortex] run data modify entity @s {} merge value {transformation:[8.38747227032007e-7f,-0.00001308818116011446f,0.0000024028721953005806f,-0.3228241153204627f,2.2501355770654206e-7f,0.0000024212460636050413f,0.000013109718310326241f,2.1770623754006784f,-0.000013305023478587778f,-7.841295793933648e-7f,3.7318737214169894e-7f,2.2619654541582954f,0f,0f,0f,1f],start_interpolation:0}
execute if entity @s[tag=aj.nep_fume_ugs_skills.bone.fume_ultra_greatsword] run data modify entity @s {} merge value {transformation:[-2.037829806629821f,-0.13059294324888396f,0.3741272008083004f,-0.23322525648816775f,0.3769880121033049f,-0.03503461093490852f,2.041183140917796f,2.217561571964326f,-0.12208897551154738f,2.0715921556161168f,0.05810527384246253f,0.6962345577918294f,0f,0f,0f,1f],start_interpolation:0}
execute if entity @s[tag=aj.nep_fume_ugs_skills.bone.left_arm2] run data modify entity @s {} merge value {transformation:[0.7947156364546467f,-0.3765644161738523f,0.4760528307300891f,-0.2424077735160464f,-0.1998969248282075f,0.5781731777907263f,0.7910480364223142f,2.279477997385608f,-0.5731215199403273f,-0.7238197406502662f,0.3842091961760804f,0.5637757852430291f,0f,0f,0f,1f],start_interpolation:0}
execute if entity @s[tag=aj.nep_fume_ugs_skills.bone.left_arm] run data modify entity @s {} merge value {transformation:[0.7947156364546467f,-0.3765644161738523f,0.4760528307300891f,-0.36909392793285484f,-0.1998969248282075f,0.5781731777907263f,0.7910480364223142f,2.473990631440325f,-0.5731215199403273f,-0.7238197406502662f,0.3842091961760804f,0.3202638242200875f,0f,0f,0f,1f],start_interpolation:0}
execute if entity @s[tag=aj.nep_fume_ugs_skills.bone.head] run data modify entity @s {} merge value {transformation:[0.9978766640830792f,0.06391079409394941f,0.012552835405015728f,0.004136849247973126f,-0.06102098988200927f,0.9847529464419877f,-0.16290510510000358f,2.565760060946299f,-0.022772836280189945f,0.16179321639705505f,0.9865618850612723f,0.08807117110390753f,0f,0f,0f,1f],start_interpolation:0}
execute if entity @s[tag=aj.nep_fume_ugs_skills.bone.body_top] run data modify entity @s {} merge value {transformation:[0.8391531158257994f,0.07032824472787494f,0.5393292002046133f,-0.023554897113627633f,0.02084037790975129f,0.9867190720315749f,-0.16109361110151524f,2.1772394263338666f,-0.543495838851072f,0.1464220300454942f,0.8265427165421794f,0.030417496773494188f,0f,0f,0f,1f],start_interpolation:0}
execute if entity @s[tag=aj.nep_fume_ugs_skills.bone.body] run data modify entity @s {} merge value {transformation:[0.8391531158257994f,0.07032824472787494f,0.5393292002046133f,-0.05432350418207292f,0.02084037790975129f,0.9867190720315749f,-0.16109361110151524f,1.7455498323200525f,-0.543495838851072f,0.1464220300454942f,0.8265427165421794f,-0.03364214137140953f,0f,0f,0f,1f],start_interpolation:0}
execute if entity @s[tag=aj.nep_fume_ugs_skills.bone.right_leg2] run data modify entity @s {} merge value {transformation:[0.842478028741357f,0.059824550399949585f,0.5353987245572411f,0.07412651363271942f,0.16778538938940776f,0.9152494148659179f,-0.3662875532898155f,1.4999958560966824f,-0.5119363575636344f,0.3984212993265276f,0.7610398373590173f,-0.20211002570047926f,0f,0f,0f,1f],start_interpolation:0}
execute if entity @s[tag=aj.nep_fume_ugs_skills.bone.right_leg] run data modify entity @s {} merge value {transformation:[0.842478028741357f,-0.010570813757900352f,0.5386269850133508f,0.057163908239390285f,0.16778538938940776f,0.95522944883272f,-0.2436898914402948f,1.8406597925617316f,-0.5119363575636344f,0.29567711778092265f,0.8065334511508152f,-0.0878520559110284f,0f,0f,0f,1f],start_interpolation:0}
execute if entity @s[tag=aj.nep_fume_ugs_skills.bone.left_leg2] run data modify entity @s {} merge value {transformation:[0.9656462569376232f,0.18916103097186043f,0.1781724188083554f,-0.20601419594841405f,-0.14100824700606476f,0.9573538330338578f,-0.2521711971095365f,1.4851127789408243f,-0.21827501171374086f,0.2183843921553069f,0.9511384108132332f,0.10973171579973254f,0f,0f,0f,1f],start_interpolation:0}
execute if entity @s[tag=aj.nep_fume_ugs_skills.bone.left_leg] run data modify entity @s {} merge value {transformation:[0.9656462569376232f,0.10657837208126375f,0.2369986435970992f,-0.15262437071705953f,-0.14100824700606476f,0.9809813509647001f,0.13338764311490164f,1.8354496980842936f,-0.21827501171374086f,-0.16222404157207843f,0.9623093991006147f,0.04802190380173965f,0f,0f,0f,1f],start_interpolation:0}
execute if entity @s[tag=aj.nep_fume_ugs_skills.locator_origin.nep_ride] at @s on origin run tp @s ^-0.0625 ^1 ^-1.6875 ~0 ~0
execute if entity @s[tag=aj.nep_fume_ugs_skills.locator_origin.wave_of_destruction0] at @s on origin run tp @s ^-0.375 ^2.56249 ^0.18752 ~0 ~90
execute if entity @s[tag=aj.nep_fume_ugs_skills.locator_origin.wave_of_destruction1] at @s on origin run tp @s ^-0.375 ^2.5625 ^0.18752 ~0 ~90
execute if entity @s[tag=aj.nep_fume_ugs_skills.locator_origin.wave_of_destruction2] at @s on origin run tp @s ^-0.375 ^2.56251 ^0.18752 ~0 ~90
execute if entity @s[tag=aj.nep_fume_ugs_skills.locator_origin.wave_of_destruction3] at @s on origin run tp @s ^-0.375 ^2.56252 ^0.18752 ~0 ~90
execute if entity @s[tag=aj.nep_fume_ugs_skills.locator_origin.wave_of_destruction4] at @s on origin run tp @s ^-0.375 ^2.56253 ^0.18752 ~0 ~90
execute if entity @s[tag=aj.nep_fume_ugs_skills.locator_origin.wave_of_destruction5] at @s on origin run tp @s ^-0.37501 ^2.56253 ^0.18752 ~0 ~90
execute if entity @s[tag=aj.nep_fume_ugs_skills.locator_origin.wave_of_destruction6] at @s on origin run tp @s ^-0.37499 ^2.56253 ^0.18752 ~0 ~90
execute if entity @s[tag=aj.nep_fume_ugs_skills.locator_origin.wave_of_destruction7] at @s on origin run tp @s ^-0.375 ^2.56253 ^0.18753 ~0 ~90
execute if entity @s[tag=aj.nep_fume_ugs_skills.locator_origin.wave_of_destruction8] at @s on origin run tp @s ^-0.375 ^2.56253 ^0.18751 ~0 ~90
execute if entity @s[tag=aj.nep_fume_ugs_skills.locator_origin.wave_of_destruction12] at @s on origin run tp @s ^-0.37501 ^2.56252 ^0.18752 ~0 ~90
execute if entity @s[tag=aj.nep_fume_ugs_skills.locator_origin.wave_of_destruction11] at @s on origin run tp @s ^-0.375 ^2.56252 ^0.18753 ~0 ~90
execute if entity @s[tag=aj.nep_fume_ugs_skills.locator_origin.wave_of_destruction10] at @s on origin run tp @s ^-0.37499 ^2.56252 ^0.18752 ~0 ~90
execute if entity @s[tag=aj.nep_fume_ugs_skills.locator_origin.wave_of_destruction9] at @s on origin run tp @s ^-0.375 ^2.56252 ^0.18751 ~0 ~90
execute if entity @s[tag=aj.nep_fume_ugs_skills.locator_origin.wave_of_destruction13] at @s on origin run tp @s ^-0.37501 ^2.56251 ^0.18752 ~0 ~90
execute if entity @s[tag=aj.nep_fume_ugs_skills.locator_origin.wave_of_destruction14] at @s on origin run tp @s ^-0.375 ^2.56251 ^0.18753 ~0 ~90
execute if entity @s[tag=aj.nep_fume_ugs_skills.locator_origin.wave_of_destruction15] at @s on origin run tp @s ^-0.37499 ^2.56251 ^0.18752 ~0 ~90
execute if entity @s[tag=aj.nep_fume_ugs_skills.locator_origin.wave_of_destruction16] at @s on origin run tp @s ^-0.375 ^2.56251 ^0.18751 ~0 ~90
execute if entity @s[tag=aj.nep_fume_ugs_skills.locator_origin.wave_of_destruction17] at @s on origin run tp @s ^-0.37501 ^2.5625 ^0.18752 ~0 ~90
execute if entity @s[tag=aj.nep_fume_ugs_skills.locator_origin.wave_of_destruction18] at @s on origin run tp @s ^-0.375 ^2.5625 ^0.18753 ~0 ~90
execute if entity @s[tag=aj.nep_fume_ugs_skills.locator_origin.wave_of_destruction19] at @s on origin run tp @s ^-0.37499 ^2.5625 ^0.18752 ~0 ~90
execute if entity @s[tag=aj.nep_fume_ugs_skills.locator_origin.wave_of_destruction20] at @s on origin run tp @s ^-0.375 ^2.5625 ^0.18751 ~0 ~90
execute if entity @s[tag=aj.nep_fume_ugs_skills.locator_origin.wave_of_destruction24] at @s on origin run tp @s ^-0.37499 ^2.56249 ^0.18752 ~0 ~90
execute if entity @s[tag=aj.nep_fume_ugs_skills.locator_origin.wave_of_destruction23] at @s on origin run tp @s ^-0.375 ^2.56249 ^0.18753 ~0 ~90
execute if entity @s[tag=aj.nep_fume_ugs_skills.locator_origin.wave_of_destruction22] at @s on origin run tp @s ^-0.37501 ^2.56249 ^0.18752 ~0 ~90
execute if entity @s[tag=aj.nep_fume_ugs_skills.locator_origin.wave_of_destruction21] at @s on origin run tp @s ^-0.375 ^2.56249 ^0.18751 ~0 ~90
execute if entity @s[tag=aj.nep_fume_ugs_skills.locator_origin.wave_of_destruction25] at @s on origin run tp @s ^0.00002 ^0.37402 ^-3.96638 ~0 ~90
execute if entity @s[tag=aj.nep_fume_ugs_skills.locator_origin.wave_of_destruction26] at @s on origin run tp @s ^0 ^0.37402 ^-3.96636 ~0 ~90
execute if entity @s[tag=aj.nep_fume_ugs_skills.locator_origin.wave_of_destruction27] at @s on origin run tp @s ^-0.00002 ^0.37402 ^-3.96638 ~0 ~90
execute if entity @s[tag=aj.nep_fume_ugs_skills.locator_origin.wave_of_destruction28] at @s on origin run tp @s ^0 ^0.37402 ^-3.9664 ~0 ~90
execute if entity @s[tag=aj.nep_fume_ugs_skills.locator_origin.wave_of_destruction29] at @s on origin run tp @s ^0.00002 ^0.37403 ^-3.9664 ~0 ~90
execute if entity @s[tag=aj.nep_fume_ugs_skills.locator_origin.wave_of_destruction30] at @s on origin run tp @s ^0.00001 ^0.37402 ^-3.96637 ~0 ~90
execute if entity @s[tag=aj.nep_fume_ugs_skills.locator_origin.wave_of_destruction31] at @s on origin run tp @s ^-0.00002 ^0.37403 ^-3.96637 ~0 ~90
execute if entity @s[tag=aj.nep_fume_ugs_skills.locator_origin.wave_of_destruction32] at @s on origin run tp @s ^-0.00001 ^0.37403 ^-3.9664 ~0 ~90