execute if entity @s[tag=aj.nep_fume_ugs_skills.bone.right_arm2] run data modify entity @s {} merge value {transformation:[0.8809685346507923f,0.4327568806400504f,-0.19135287615797375f,0.3692333722165695f,-0.1568256574359f,0.6485859136843355f,0.7448100601764545f,1.7370425063882933f,0.4464304583303354f,-0.6261451867010945f,0.6392511642899197f,0.44291222643138084f,0f,0f,0f,1f],start_interpolation:0}
execute if entity @s[tag=aj.nep_fume_ugs_skills.bone.right_arm] run data modify entity @s {} merge value {transformation:[0.8809685346507923f,0.4327568806400504f,-0.19135287615797375f,0.5355704107301889f,-0.1568256574359f,0.6485859136843355f,0.7448100601764545f,1.8666823511245074f,0.4464304583303354f,-0.6261451867010945f,0.6392511642899197f,0.3146070399728281f,0f,0f,0f,1f],start_interpolation:0}
execute if entity @s[tag=aj.nep_fume_ugs_skills.locator_origin.fume_ugs_locator] at @s on origin run tp @s ^0.24277 ^1.30467 ^2.86887 ~122.25997 ~88.31019
execute if entity @s[tag=aj.nep_fume_ugs_skills.locator_origin.fume_ugs_locator2] at @s on origin run tp @s ^0.23532 ^1.31273 ^2.36899 ~122.25997 ~88.31019
execute if entity @s[tag=aj.nep_fume_ugs_skills.locator_origin.fume_ugs_locator3] at @s on origin run tp @s ^0.22787 ^1.32079 ^1.86911 ~122.25997 ~88.31019
execute if entity @s[tag=aj.nep_fume_ugs_skills.locator_origin.fume_ugs_locator4] at @s on origin run tp @s ^0.22042 ^1.32884 ^1.36923 ~122.25997 ~88.31019
execute if entity @s[tag=aj.nep_fume_ugs_skills.locator_origin.fume_ugs_locator5] at @s on origin run tp @s ^0.21204 ^1.33791 ^0.80687 ~122.25997 ~88.31019
execute if entity @s[tag=aj.nep_fume_ugs_skills.locator_origin.fume_ugs_locator10] at @s on origin run tp @s ^0.22139 ^1.71275 ^0.81277 ~122.25997 ~88.31019
execute if entity @s[tag=aj.nep_fume_ugs_skills.locator_origin.fume_ugs_locator9] at @s on origin run tp @s ^0.22977 ^1.70368 ^1.37513 ~122.25997 ~88.31019
execute if entity @s[tag=aj.nep_fume_ugs_skills.locator_origin.fume_ugs_locator8] at @s on origin run tp @s ^0.23722 ^1.69562 ^1.87501 ~122.25997 ~88.31019
execute if entity @s[tag=aj.nep_fume_ugs_skills.locator_origin.fume_ugs_locator7] at @s on origin run tp @s ^0.24467 ^1.68757 ^2.37489 ~122.25997 ~88.31019
execute if entity @s[tag=aj.nep_fume_ugs_skills.locator_origin.fume_ugs_locator6] at @s on origin run tp @s ^0.25212 ^1.67951 ^2.87477 ~122.25997 ~88.31019
execute if entity @s[tag=aj.nep_fume_ugs_skills.locator_origin.foe_ride_locator] at @s on origin run tp @s ^0.23441 ^1.50619 ^1.99703 ~122.25997 ~88.31019
execute if entity @s[tag=aj.nep_fume_ugs_skills.bone.fume_ugs_slash] run data modify entity @s {} merge value {transformation:[-0.000026655414126498296f,3.972686237540931e-7f,6.64971049419829e-7f,0.2330741323893727f,6.585579813089208e-7f,-4.2971959720620846e-7f,0.000026655069941085172f,1.5217923832551459f,4.078115266152956e-7f,0.000026660244369087613f,4.1972735245901244e-7f,2.001105912726129f,0f,0f,0f,1f],start_interpolation:0}
execute if entity @s[tag=aj.nep_fume_ugs_skills.bone.gravity_vortex] run data modify entity @s {} merge value {transformation:[-1.986343118770495e-7f,-0.000013327707063249148f,3.324855247099145e-7f,0.24865937320926626f,2.148597986031043e-7f,3.292789906544603e-7f,0.000013327534970542586f,1.5073490960307796f,-0.000013330122184543807f,2.0390576330765077e-7f,2.0986367622950622e-7f,2.14911413005398f,0f,0f,0f,1f],start_interpolation:0}
execute if entity @s[tag=aj.nep_fume_ugs_skills.bone.fume_ultra_greatsword] run data modify entity @s {} merge value {transformation:[-2.0751239897478926f,0.030927362359256146f,0.051767996197333695f,0.2141137008888523f,0.051268738844899485f,-0.033453670642503326f,2.0750971949134804f,1.5450503668367663f,0.03174812734700076f,2.0755000241334707f,0.03267577438893412f,0.5811324366128763f,0f,0f,0f,1f],start_interpolation:0}
execute if entity @s[tag=aj.nep_fume_ugs_skills.bone.left_arm2] run data modify entity @s {} merge value {transformation:[0.9162468177097526f,-0.3697465129034842f,0.15420533464334185f,0.02334739610434504f,0.14219207040280346f,0.6600108950332945f,0.7376767812205516f,1.607971114294838f,-0.3745306184430261f,-0.6539672274916095f,0.657307904421985f,0.5457358738151977f,0f,0f,0f,1f],start_interpolation:0}
execute if entity @s[tag=aj.nep_fume_ugs_skills.bone.left_arm] run data modify entity @s {} merge value {transformation:[0.9162468177097526f,-0.3697465129034842f,0.15420533464334185f,-0.10104503668235074f,0.14219207040280346f,0.6600108950332945f,0.7376767812205516f,1.830016104670033f,-0.3745306184430261f,-0.6539672274916095f,0.657307904421985f,0.3257241318472987f,0f,0f,0f,1f],start_interpolation:0}
execute if entity @s[tag=aj.nep_fume_ugs_skills.bone.head] run data modify entity @s {} merge value {transformation:[0.9983800355288437f,0.025014520386746092f,-0.0511036048361163f,0.24826879431557802f,-0.05403497582811978f,0.6981418343313068f,-0.7139175026176153f,1.922088557063294f,0.017819260497545234f,0.7155223636800876f,0.6983625283683117f,0.3724409854553935f,0f,0f,0f,1f],start_interpolation:0}
execute if entity @s[tag=aj.nep_fume_ugs_skills.bone.body_top] run data modify entity @s {} merge value {transformation:[0.9929324953566333f,0.05766970787206099f,0.1037268743325496f,0.225561346840954f,0.09179299509695396f,0.18081587049149278f,-0.9792240126904235f,1.8508923080572686f,-0.0752270278289657f,0.9818247429008676f,0.17424427827525663f,-0.014152507061823194f,0f,0f,0f,1f],start_interpolation:0}
execute if entity @s[tag=aj.nep_fume_ugs_skills.bone.body] run data modify entity @s {} merge value {transformation:[0.9929324953566333f,0.05766970787206099f,0.1037268743325496f,0.20033084964692732f,0.09179299509695396f,0.18081587049149278f,-0.9792240126904235f,1.7717853647172406f,-0.0752270278289657f,0.9818247429008676f,0.17424427827525663f,-0.4437008320809528f,0f,0f,0f,1f],start_interpolation:0}
execute if entity @s[tag=aj.nep_fume_ugs_skills.bone.right_leg2] run data modify entity @s {} merge value {transformation:[0.9713349888363487f,-0.1815736940750263f,0.1534253338997147f,0.4169227059306019f,0.0775640328945169f,-0.3680075849563947f,-0.9265820191519478f,1.8890802297453368f,0.22470460668047826f,0.9119218228743682f,-0.3433750554452971f,-0.698572315907348f,0f,0f,0f,1f],start_interpolation:0}
execute if entity @s[tag=aj.nep_fume_ugs_skills.bone.right_leg] run data modify entity @s {} merge value {transformation:[0.9713349888363487f,-0.20004633057536486f,0.1284126360044915f,0.3298539466795122f,0.0775640328945169f,-0.24391600631213284f,-0.9666896103020236f,1.8002109769629373f,0.22470460668047826f,0.9489396437540543f,-0.22140775110302746f,-0.36105814091261723f,0f,0f,0f,1f],start_interpolation:0}
execute if entity @s[tag=aj.nep_fume_ugs_skills.bone.left_leg2] run data modify entity @s {} merge value {transformation:[0.9284249841942754f,0.07188956188835445f,-0.36449820248577336f,-0.006882825586187191f,-0.29726825586374817f,-0.44472934190844376f,-0.8448949026366581f,1.8133704863874478f,-0.22284217011056198f,0.8927752815446801f,-0.3915273475547174f,-0.6890335421801782f,0f,0f,0f,1f],start_interpolation:0}
execute if entity @s[tag=aj.nep_fume_ugs_skills.bone.left_leg] run data modify entity @s {} merge value {transformation:[0.9284249841942754f,0.20590471804801536f,-0.3092414846191026f,0.08162082284035388f,-0.29726825586374817f,-0.08754905516766062f,-0.9507716587041157f,1.7772627281886988f,-0.22284217011056198f,0.9746478389781702f,-0.02007379375200888f,-0.3422513839553758f,0f,0f,0f,1f],start_interpolation:0}
execute if entity @s[tag=aj.nep_fume_ugs_skills.locator_origin.nep_ride] at @s on origin run tp @s ^-0.0625 ^1 ^-1.6875 ~0 ~0
execute if entity @s[tag=aj.nep_fume_ugs_skills.locator_origin.wave_of_destruction0] at @s on origin run tp @s ^-0.375 ^2.56249 ^0.18752 ~0 ~90
execute if entity @s[tag=aj.nep_fume_ugs_skills.locator_origin.wave_of_destruction1] at @s on origin run tp @s ^-0.375 ^2.5625 ^0.18752 ~0 ~90
execute if entity @s[tag=aj.nep_fume_ugs_skills.locator_origin.wave_of_destruction2] at @s on origin run tp @s ^-0.375 ^2.56251 ^0.18752 ~0 ~90
execute if entity @s[tag=aj.nep_fume_ugs_skills.locator_origin.wave_of_destruction3] at @s on origin run tp @s ^-0.375 ^2.56252 ^0.18752 ~0 ~90
execute if entity @s[tag=aj.nep_fume_ugs_skills.locator_origin.wave_of_destruction4] at @s on origin run tp @s ^-0.375 ^2.56253 ^0.18752 ~0 ~90
execute if entity @s[tag=aj.nep_fume_ugs_skills.locator_origin.wave_of_destruction5] at @s on origin run tp @s ^-0.37501 ^2.56253 ^0.18752 ~0 ~90
execute if entity @s[tag=aj.nep_fume_ugs_skills.locator_origin.wave_of_destruction6] at @s on origin run tp @s ^-0.37499 ^2.56253 ^0.18752 ~0 ~90
execute if entity @s[tag=aj.nep_fume_ugs_skills.locator_origin.wave_of_destruction7] at @s on origin run tp @s ^-0.375 ^2.56253 ^0.18753 ~0 ~90
execute if entity @s[tag=aj.nep_fume_ugs_skills.locator_origin.wave_of_destruction8] at @s on origin run tp @s ^-0.375 ^2.56253 ^0.18751 ~0 ~90
execute if entity @s[tag=aj.nep_fume_ugs_skills.locator_origin.wave_of_destruction12] at @s on origin run tp @s ^-0.37501 ^2.56252 ^0.18752 ~0 ~90
execute if entity @s[tag=aj.nep_fume_ugs_skills.locator_origin.wave_of_destruction11] at @s on origin run tp @s ^-0.375 ^2.56252 ^0.18753 ~0 ~90
execute if entity @s[tag=aj.nep_fume_ugs_skills.locator_origin.wave_of_destruction10] at @s on origin run tp @s ^-0.37499 ^2.56252 ^0.18752 ~0 ~90
execute if entity @s[tag=aj.nep_fume_ugs_skills.locator_origin.wave_of_destruction9] at @s on origin run tp @s ^-0.375 ^2.56252 ^0.18751 ~0 ~90
execute if entity @s[tag=aj.nep_fume_ugs_skills.locator_origin.wave_of_destruction13] at @s on origin run tp @s ^-0.37501 ^2.56251 ^0.18752 ~0 ~90
execute if entity @s[tag=aj.nep_fume_ugs_skills.locator_origin.wave_of_destruction14] at @s on origin run tp @s ^-0.375 ^2.56251 ^0.18753 ~0 ~90
execute if entity @s[tag=aj.nep_fume_ugs_skills.locator_origin.wave_of_destruction15] at @s on origin run tp @s ^-0.37499 ^2.56251 ^0.18752 ~0 ~90
execute if entity @s[tag=aj.nep_fume_ugs_skills.locator_origin.wave_of_destruction16] at @s on origin run tp @s ^-0.375 ^2.56251 ^0.18751 ~0 ~90
execute if entity @s[tag=aj.nep_fume_ugs_skills.locator_origin.wave_of_destruction17] at @s on origin run tp @s ^-0.37501 ^2.5625 ^0.18752 ~0 ~90
execute if entity @s[tag=aj.nep_fume_ugs_skills.locator_origin.wave_of_destruction18] at @s on origin run tp @s ^-0.375 ^2.5625 ^0.18753 ~0 ~90
execute if entity @s[tag=aj.nep_fume_ugs_skills.locator_origin.wave_of_destruction19] at @s on origin run tp @s ^-0.37499 ^2.5625 ^0.18752 ~0 ~90
execute if entity @s[tag=aj.nep_fume_ugs_skills.locator_origin.wave_of_destruction20] at @s on origin run tp @s ^-0.375 ^2.5625 ^0.18751 ~0 ~90
execute if entity @s[tag=aj.nep_fume_ugs_skills.locator_origin.wave_of_destruction24] at @s on origin run tp @s ^-0.37499 ^2.56249 ^0.18752 ~0 ~90
execute if entity @s[tag=aj.nep_fume_ugs_skills.locator_origin.wave_of_destruction23] at @s on origin run tp @s ^-0.375 ^2.56249 ^0.18753 ~0 ~90
execute if entity @s[tag=aj.nep_fume_ugs_skills.locator_origin.wave_of_destruction22] at @s on origin run tp @s ^-0.37501 ^2.56249 ^0.18752 ~0 ~90
execute if entity @s[tag=aj.nep_fume_ugs_skills.locator_origin.wave_of_destruction21] at @s on origin run tp @s ^-0.375 ^2.56249 ^0.18751 ~0 ~90
execute if entity @s[tag=aj.nep_fume_ugs_skills.locator_origin.wave_of_destruction25] at @s on origin run tp @s ^0.00002 ^0.37402 ^-3.96638 ~0 ~90
execute if entity @s[tag=aj.nep_fume_ugs_skills.locator_origin.wave_of_destruction26] at @s on origin run tp @s ^0 ^0.37402 ^-3.96636 ~0 ~90
execute if entity @s[tag=aj.nep_fume_ugs_skills.locator_origin.wave_of_destruction27] at @s on origin run tp @s ^-0.00002 ^0.37402 ^-3.96638 ~0 ~90
execute if entity @s[tag=aj.nep_fume_ugs_skills.locator_origin.wave_of_destruction28] at @s on origin run tp @s ^0 ^0.37402 ^-3.9664 ~0 ~90
execute if entity @s[tag=aj.nep_fume_ugs_skills.locator_origin.wave_of_destruction29] at @s on origin run tp @s ^0.00002 ^0.37403 ^-3.9664 ~0 ~90
execute if entity @s[tag=aj.nep_fume_ugs_skills.locator_origin.wave_of_destruction30] at @s on origin run tp @s ^0.00001 ^0.37402 ^-3.96637 ~0 ~90
execute if entity @s[tag=aj.nep_fume_ugs_skills.locator_origin.wave_of_destruction31] at @s on origin run tp @s ^-0.00002 ^0.37403 ^-3.96637 ~0 ~90
execute if entity @s[tag=aj.nep_fume_ugs_skills.locator_origin.wave_of_destruction32] at @s on origin run tp @s ^-0.00001 ^0.37403 ^-3.9664 ~0 ~90