execute if entity @s[tag=aj.nep_fume_ugs_skills.bone.right_arm2] run data modify entity @s {} merge value {transformation:[-0.4272496675338822f,-0.29951268939075804f,-0.8530825695594197f,1.7235240520055455f,-0.2929147890588101f,0.9385011111210723f,-0.18280205353098705f,11.309240070008242f,0.8553704740887537f,0.17177838431662018f,-0.4887059839399879f,-6.302538784122908f,0f,0f,0f,1f],start_interpolation:0}
execute if entity @s[tag=aj.nep_fume_ugs_skills.bone.right_arm] run data modify entity @s {} merge value {transformation:[-0.4272496675338822f,-0.29951268939075804f,-0.8530825695594197f,1.6380197415829376f,-0.2929147890588101f,0.9385011111210723f,-0.18280205353098705f,11.514076243941696f,0.8553704740887537f,0.17177838431662018f,-0.4887059839399879f,-6.194520844203963f,0f,0f,0f,1f],start_interpolation:0}
execute if entity @s[tag=aj.nep_fume_ugs_skills.locator_origin.fume_ugs_locator] at @s on origin run tp @s ^-0.89091 ^12.01861 ^-6.85481 ~146.88469 ~59.12335
execute if entity @s[tag=aj.nep_fume_ugs_skills.locator_origin.fume_ugs_locator2] at @s on origin run tp @s ^-0.41873 ^11.85516 ^-6.83644 ~146.88469 ~59.12335
execute if entity @s[tag=aj.nep_fume_ugs_skills.locator_origin.fume_ugs_locator3] at @s on origin run tp @s ^0.05344 ^11.69172 ^-6.81807 ~146.88469 ~59.12335
execute if entity @s[tag=aj.nep_fume_ugs_skills.locator_origin.fume_ugs_locator4] at @s on origin run tp @s ^0.52561 ^11.52827 ^-6.79969 ~146.88469 ~59.12335
execute if entity @s[tag=aj.nep_fume_ugs_skills.locator_origin.fume_ugs_locator5] at @s on origin run tp @s ^1.05681 ^11.3444 ^-6.77902 ~146.88469 ~59.12335
execute if entity @s[tag=aj.nep_fume_ugs_skills.locator_origin.fume_ugs_locator10] at @s on origin run tp @s ^1.16195 ^11.66625 ^-6.61783 ~146.88469 ~59.12335
execute if entity @s[tag=aj.nep_fume_ugs_skills.locator_origin.fume_ugs_locator9] at @s on origin run tp @s ^0.63075 ^11.85013 ^-6.6385 ~146.88469 ~59.12335
execute if entity @s[tag=aj.nep_fume_ugs_skills.locator_origin.fume_ugs_locator8] at @s on origin run tp @s ^0.15858 ^12.01357 ^-6.65688 ~146.88469 ~59.12335
execute if entity @s[tag=aj.nep_fume_ugs_skills.locator_origin.fume_ugs_locator7] at @s on origin run tp @s ^-0.31359 ^12.17702 ^-6.67525 ~146.88469 ~59.12335
execute if entity @s[tag=aj.nep_fume_ugs_skills.locator_origin.fume_ugs_locator6] at @s on origin run tp @s ^-0.78577 ^12.34046 ^-6.69362 ~146.88469 ~59.12335
execute if entity @s[tag=aj.nep_fume_ugs_skills.locator_origin.foe_ride_locator] at @s on origin run tp @s ^-0.01203 ^11.89351 ^-6.74207 ~146.88469 ~59.12335
execute if entity @s[tag=aj.nep_fume_ugs_skills.bone.fume_ugs_slash] run data modify entity @s {} merge value {transformation:[0.000004587938254998563f,-0.000025182602845925852f,0.00000747652643838026f,-0.010935339473387318f,0.000010549630852658276f,0.000008717075100997644f,0.00002288731093132871f,11.908862837440996f,-0.000024057581394480878f,-9.799115771564301e-7f,0.000011462271234794324f,-6.737094208680866f,0f,0f,0f,1f],start_interpolation:0}
execute if entity @s[tag=aj.nep_fume_ugs_skills.bone.gravity_vortex] run data modify entity @s {} merge value {transformation:[0.000012591301422962926f,0.0000022939691274992784f,0.00000373826321919013f,-0.1567497346910851f,-0.00000435853755049882f,0.000005274815426329139f,0.000011443655465664356f,11.941918972166526f,4.899557885782123e-7f,-0.000012028790697240439f,0.000005731135617397162f,-6.735251716311087f,0f,0f,0f,1f],start_interpolation:0}
execute if entity @s[tag=aj.nep_fume_ugs_skills.bone.fume_ultra_greatsword] run data modify entity @s {} merge value {transformation:[0.3571709931516381f,-1.9604656315553275f,0.5820475832279033f,1.3300535302141308f,0.8212887618794468f,0.6786242966126665f,1.7817771560039404f,11.444083071332184f,-1.8728827115603364f,-0.07628611628162808f,0.8923378156287382f,-6.682746025471541f,0f,0f,0f,1f],start_interpolation:0}
execute if entity @s[tag=aj.nep_fume_ugs_skills.bone.left_arm2] run data modify entity @s {} merge value {transformation:[0.25266189408213957f,0.8532154530254837f,-0.45627333693449956f,1.4123698212133409f,-0.3234072493479564f,0.5189232522933769f,0.7912814981398548f,11.567496238074721f,0.9119044458428818f,-0.05236457722336868f,0.40704819457185104f,-6.842125416402308f,0f,0f,0f,1f],start_interpolation:0}
execute if entity @s[tag=aj.nep_fume_ugs_skills.bone.left_arm] run data modify entity @s {} merge value {transformation:[0.25266189408213957f,0.8532154530254837f,-0.45627333693449956f,1.6994138965167556f,-0.3234072493479564f,0.5189232522933769f,0.7912814981398548f,11.742075641881586f,0.9119044458428818f,-0.05236457722336868f,0.40704819457185104f,-6.859742234750402f,0f,0f,0f,1f],start_interpolation:0}
execute if entity @s[tag=aj.nep_fume_ugs_skills.bone.head] run data modify entity @s {} merge value {transformation:[-0.21771737566598218f,-0.49072704966716085f,-0.8436741711455205f,1.610063151517332f,-0.41964832131936597f,0.8274957303600738f,-0.37302292509936474f,11.698222501271355f,0.8811892139302177f,0.2728328773458434f,-0.38609298140762965f,-6.516806190601024f,0f,0f,0f,1f],start_interpolation:0}
execute if entity @s[tag=aj.nep_fume_ugs_skills.bone.body_top] run data modify entity @s {} merge value {transformation:[-0.10304591313256314f,-0.9026872764442789f,-0.4177765200825506f,1.9654962666172668f,-0.3500773437320746f,0.4260524338684167f,-0.8342212997762006f,11.530464355435665f,0.9310356562410326f,0.06029099883405692f,-0.3599133260486762f,-6.540545771391933f,0f,0f,0f,1f],start_interpolation:0}
execute if entity @s[tag=aj.nep_fume_ugs_skills.bone.body] run data modify entity @s {} merge value {transformation:[-0.10304591313256314f,-0.9026872764442789f,-0.4177765200825506f,2.360421950061639f,-0.3500773437320746f,0.4260524338684167f,-0.8342212997762006f,11.344066415618233f,0.9310356562410326f,0.06029099883405692f,-0.3599133260486762f,-6.566923083381833f,0f,0f,0f,1f],start_interpolation:0}
execute if entity @s[tag=aj.nep_fume_ugs_skills.bone.right_leg2] run data modify entity @s {} merge value {transformation:[-0.4005589481960013f,-0.9104690729659035f,0.10294948369331995f,2.585885267412458f,-0.2613804975133548f,0.005853677889351136f,-0.9652180945127579f,11.288803118799335f,0.8781985906045302f,-0.4135357319842816f,-0.24032360232078775f,-6.2950995689445195f,0f,0f,0f,1f],start_interpolation:0}
execute if entity @s[tag=aj.nep_fume_ugs_skills.bone.right_leg] run data modify entity @s {} merge value {transformation:[-0.4005589481960013f,-0.9161174879293312f,-0.016771324639530738f,2.262914278753417f,-0.2613804975133548f,0.1317898414021788f,-0.9561964616243149f,11.340249163326888f,0.8781985906045302f,-0.37862935175873497f,-0.29224484503062825f,-6.444891345211011f,0f,0f,0f,1f],start_interpolation:0}
execute if entity @s[tag=aj.nep_fume_ugs_skills.bone.left_leg2] run data modify entity @s {} merge value {transformation:[-0.03165885712339954f,-0.9565834859680553f,0.28973393163183847f,2.6466207145359055f,-0.7057603041916248f,-0.18386795573925718f,-0.684174661822266f,11.405751304959509f,0.707742968734402f,-0.22614289558920295f,-0.669297602701179f,-6.705671355001609f,0f,0f,0f,1f],start_interpolation:0}
execute if entity @s[tag=aj.nep_fume_ugs_skills.bone.left_leg] run data modify entity @s {} merge value {transformation:[-0.03165885712339954f,-0.9946442792536883f,-0.09838940244533806f,2.2886757570365583f,-0.7057603041916248f,0.09195046693117837f,-0.7024581871246742f,11.427768499259907f,0.707742968734402f,0.04720031121771176f,-0.7048914957835465f,-6.677650259271269f,0f,0f,0f,1f],start_interpolation:0}
execute if entity @s[tag=aj.nep_fume_ugs_skills.locator_origin.nep_ride] at @s on origin run tp @s ^-0.0625 ^1 ^-1.6875 ~0 ~0
execute if entity @s[tag=aj.nep_fume_ugs_skills.locator_origin.wave_of_destruction0] at @s on origin run tp @s ^-0.375 ^2.56249 ^0.18752 ~0 ~90
execute if entity @s[tag=aj.nep_fume_ugs_skills.locator_origin.wave_of_destruction1] at @s on origin run tp @s ^-0.375 ^2.5625 ^0.18752 ~0 ~90
execute if entity @s[tag=aj.nep_fume_ugs_skills.locator_origin.wave_of_destruction2] at @s on origin run tp @s ^-0.375 ^2.56251 ^0.18752 ~0 ~90
execute if entity @s[tag=aj.nep_fume_ugs_skills.locator_origin.wave_of_destruction3] at @s on origin run tp @s ^-0.375 ^2.56252 ^0.18752 ~0 ~90
execute if entity @s[tag=aj.nep_fume_ugs_skills.locator_origin.wave_of_destruction4] at @s on origin run tp @s ^-0.375 ^2.56253 ^0.18752 ~0 ~90
execute if entity @s[tag=aj.nep_fume_ugs_skills.locator_origin.wave_of_destruction5] at @s on origin run tp @s ^-0.37501 ^2.56253 ^0.18752 ~0 ~90
execute if entity @s[tag=aj.nep_fume_ugs_skills.locator_origin.wave_of_destruction6] at @s on origin run tp @s ^-0.37499 ^2.56253 ^0.18752 ~0 ~90
execute if entity @s[tag=aj.nep_fume_ugs_skills.locator_origin.wave_of_destruction7] at @s on origin run tp @s ^-0.375 ^2.56253 ^0.18753 ~0 ~90
execute if entity @s[tag=aj.nep_fume_ugs_skills.locator_origin.wave_of_destruction8] at @s on origin run tp @s ^-0.375 ^2.56253 ^0.18751 ~0 ~90
execute if entity @s[tag=aj.nep_fume_ugs_skills.locator_origin.wave_of_destruction12] at @s on origin run tp @s ^-0.37501 ^2.56252 ^0.18752 ~0 ~90
execute if entity @s[tag=aj.nep_fume_ugs_skills.locator_origin.wave_of_destruction11] at @s on origin run tp @s ^-0.375 ^2.56252 ^0.18753 ~0 ~90
execute if entity @s[tag=aj.nep_fume_ugs_skills.locator_origin.wave_of_destruction10] at @s on origin run tp @s ^-0.37499 ^2.56252 ^0.18752 ~0 ~90
execute if entity @s[tag=aj.nep_fume_ugs_skills.locator_origin.wave_of_destruction9] at @s on origin run tp @s ^-0.375 ^2.56252 ^0.18751 ~0 ~90
execute if entity @s[tag=aj.nep_fume_ugs_skills.locator_origin.wave_of_destruction13] at @s on origin run tp @s ^-0.37501 ^2.56251 ^0.18752 ~0 ~90
execute if entity @s[tag=aj.nep_fume_ugs_skills.locator_origin.wave_of_destruction14] at @s on origin run tp @s ^-0.375 ^2.56251 ^0.18753 ~0 ~90
execute if entity @s[tag=aj.nep_fume_ugs_skills.locator_origin.wave_of_destruction15] at @s on origin run tp @s ^-0.37499 ^2.56251 ^0.18752 ~0 ~90
execute if entity @s[tag=aj.nep_fume_ugs_skills.locator_origin.wave_of_destruction16] at @s on origin run tp @s ^-0.375 ^2.56251 ^0.18751 ~0 ~90
execute if entity @s[tag=aj.nep_fume_ugs_skills.locator_origin.wave_of_destruction17] at @s on origin run tp @s ^-0.37501 ^2.5625 ^0.18752 ~0 ~90
execute if entity @s[tag=aj.nep_fume_ugs_skills.locator_origin.wave_of_destruction18] at @s on origin run tp @s ^-0.375 ^2.5625 ^0.18753 ~0 ~90
execute if entity @s[tag=aj.nep_fume_ugs_skills.locator_origin.wave_of_destruction19] at @s on origin run tp @s ^-0.37499 ^2.5625 ^0.18752 ~0 ~90
execute if entity @s[tag=aj.nep_fume_ugs_skills.locator_origin.wave_of_destruction20] at @s on origin run tp @s ^-0.375 ^2.5625 ^0.18751 ~0 ~90
execute if entity @s[tag=aj.nep_fume_ugs_skills.locator_origin.wave_of_destruction24] at @s on origin run tp @s ^-0.37499 ^2.56249 ^0.18752 ~0 ~90
execute if entity @s[tag=aj.nep_fume_ugs_skills.locator_origin.wave_of_destruction23] at @s on origin run tp @s ^-0.375 ^2.56249 ^0.18753 ~0 ~90
execute if entity @s[tag=aj.nep_fume_ugs_skills.locator_origin.wave_of_destruction22] at @s on origin run tp @s ^-0.37501 ^2.56249 ^0.18752 ~0 ~90
execute if entity @s[tag=aj.nep_fume_ugs_skills.locator_origin.wave_of_destruction21] at @s on origin run tp @s ^-0.375 ^2.56249 ^0.18751 ~0 ~90
execute if entity @s[tag=aj.nep_fume_ugs_skills.locator_origin.wave_of_destruction25] at @s on origin run tp @s ^0.00002 ^0.37402 ^-3.96638 ~0 ~90
execute if entity @s[tag=aj.nep_fume_ugs_skills.locator_origin.wave_of_destruction26] at @s on origin run tp @s ^0 ^0.37402 ^-3.96636 ~0 ~90
execute if entity @s[tag=aj.nep_fume_ugs_skills.locator_origin.wave_of_destruction27] at @s on origin run tp @s ^-0.00002 ^0.37402 ^-3.96638 ~0 ~90
execute if entity @s[tag=aj.nep_fume_ugs_skills.locator_origin.wave_of_destruction28] at @s on origin run tp @s ^0 ^0.37402 ^-3.9664 ~0 ~90
execute if entity @s[tag=aj.nep_fume_ugs_skills.locator_origin.wave_of_destruction29] at @s on origin run tp @s ^0.00002 ^0.37403 ^-3.9664 ~0 ~90
execute if entity @s[tag=aj.nep_fume_ugs_skills.locator_origin.wave_of_destruction30] at @s on origin run tp @s ^0.00001 ^0.37402 ^-3.96637 ~0 ~90
execute if entity @s[tag=aj.nep_fume_ugs_skills.locator_origin.wave_of_destruction31] at @s on origin run tp @s ^-0.00002 ^0.37403 ^-3.96637 ~0 ~90
execute if entity @s[tag=aj.nep_fume_ugs_skills.locator_origin.wave_of_destruction32] at @s on origin run tp @s ^-0.00001 ^0.37403 ^-3.9664 ~0 ~90