execute if entity @s[tag=aj.nep_fume_ugs_skills.bone.right_arm2] run data modify entity @s {} merge value {transformation:[0.7143794243687951f,-0.19850039747724002f,0.6710138823004238f,0.19320277882139686f,0.21607169143307717f,0.9746364159478252f,0.058282766489133275f,2.375613105732988f,-0.665563717610687f,0.1033510953486004f,0.7391505184267183f,-0.2512768125314963f,0f,0f,0f,1f],start_interpolation:0}
execute if entity @s[tag=aj.nep_fume_ugs_skills.bone.right_arm] run data modify entity @s {} merge value {transformation:[0.7143794243687951f,-0.19850039747724002f,0.6710138823004238f,0.18391425946213966f,0.21607169143307717f,0.9746364159478252f,0.058282766489133275f,2.619906308974812f,-0.665563717610687f,0.1033510953486004f,0.7391505184267183f,-0.2855007055718362f,0f,0f,0f,1f],start_interpolation:0}
execute if entity @s[tag=aj.nep_fume_ugs_skills.locator_origin.fume_ugs_locator] at @s on origin run tp @s ^-0.44438 ^2.09859 ^2.96864 ~121.53305 ~83.4739
execute if entity @s[tag=aj.nep_fume_ugs_skills.locator_origin.fume_ugs_locator2] at @s on origin run tp @s ^-0.41791 ^2.12584 ^2.47009 ~121.53305 ~83.4739
execute if entity @s[tag=aj.nep_fume_ugs_skills.locator_origin.fume_ugs_locator3] at @s on origin run tp @s ^-0.39145 ^2.15309 ^1.97153 ~121.53305 ~83.4739
execute if entity @s[tag=aj.nep_fume_ugs_skills.locator_origin.fume_ugs_locator4] at @s on origin run tp @s ^-0.36498 ^2.18034 ^1.47298 ~121.53305 ~83.4739
execute if entity @s[tag=aj.nep_fume_ugs_skills.locator_origin.fume_ugs_locator5] at @s on origin run tp @s ^-0.3352 ^2.21099 ^0.9121 ~121.53305 ~83.4739
execute if entity @s[tag=aj.nep_fume_ugs_skills.locator_origin.fume_ugs_locator10] at @s on origin run tp @s ^-0.29888 ^2.58356 ^0.93439 ~121.53305 ~83.4739
execute if entity @s[tag=aj.nep_fume_ugs_skills.locator_origin.fume_ugs_locator9] at @s on origin run tp @s ^-0.32865 ^2.55291 ^1.49527 ~121.53305 ~83.4739
execute if entity @s[tag=aj.nep_fume_ugs_skills.locator_origin.fume_ugs_locator8] at @s on origin run tp @s ^-0.35512 ^2.52566 ^1.99382 ~121.53305 ~83.4739
execute if entity @s[tag=aj.nep_fume_ugs_skills.locator_origin.fume_ugs_locator7] at @s on origin run tp @s ^-0.38159 ^2.49841 ^2.49238 ~121.53305 ~83.4739
execute if entity @s[tag=aj.nep_fume_ugs_skills.locator_origin.fume_ugs_locator6] at @s on origin run tp @s ^-0.40805 ^2.47116 ^2.99093 ~121.53305 ~83.4739
execute if entity @s[tag=aj.nep_fume_ugs_skills.locator_origin.foe_ride_locator] at @s on origin run tp @s ^-0.3799 ^2.33256 ^2.10732 ~121.53305 ~83.4739
execute if entity @s[tag=aj.nep_fume_ugs_skills.bone.fume_ugs_slash] run data modify entity @s {} merge value {transformation:[-0.0000265036817954978f,-0.0000014115930414013795f,0.000002583286178412532f,-0.38035497402958823f,0.000002659726732998896f,-0.000001453179909154352f,0.00002649387161153523f,2.348055805160601f,-0.0000012616719462209765f,0.000026589599176147966f,0.0000015850901119562925f,2.1119503895946816f,0f,0f,0f,1f],start_interpolation:0}
execute if entity @s[tag=aj.nep_fume_ugs_skills.bone.gravity_vortex] run data modify entity @s {} merge value {transformation:[7.057965207006868e-7f,-0.0000132518408977489f,0.000001291643089206266f,-0.37575939412103077f,7.265899545771762e-7f,0.0000013298633664994475f,0.000013246935805767615f,2.3269603713303324f,-0.000013294799588073983f,-6.308359731104853e-7f,7.925450559781462e-7f,2.2599091811234207f,0f,0f,0f,1f],start_interpolation:0}
execute if entity @s[tag=aj.nep_fume_ugs_skills.bone.fume_ultra_greatsword] run data modify entity @s {} merge value {transformation:[-2.063311627779503f,-0.1098925182730974f,0.20110882898941565f,-0.3029558160382238f,0.20705972616396404f,-0.1131300559276663f,2.0625479049580178f,2.425657311232326f,-0.09822116101330303f,2.070000295863119f,0.12339926521579737f,0.6958951360025938f,0f,0f,0f,1f],start_interpolation:0}
execute if entity @s[tag=aj.nep_fume_ugs_skills.bone.left_arm2] run data modify entity @s {} merge value {transformation:[0.7313375281408676f,-0.4796818612518311f,0.4848203088967963f,-0.29548659277268696f,-0.21607169143307717f,0.5112860348809182f,0.8318050340656744f,2.467263294814132f,-0.6468836403048503f,-0.7130861816931582f,0.2702769938123063f,0.5311986441053609f,0f,0f,0f,1f],start_interpolation:0}
execute if entity @s[tag=aj.nep_fume_ugs_skills.bone.left_arm] run data modify entity @s {} merge value {transformation:[0.7313375281408676f,-0.4796818612518311f,0.4848203088967963f,-0.45686416254666073f,-0.21607169143307717f,0.5112860348809182f,0.8318050340656744f,2.639273338206489f,-0.6468836403048503f,-0.7130861816931582f,0.2702769938123063f,0.2912977340715131f,0f,0f,0f,1f],start_interpolation:0}
execute if entity @s[tag=aj.nep_fume_ugs_skills.bone.head] run data modify entity @s {} merge value {transformation:[0.9975880708632752f,-0.0319279520842206f,0.06163316272103164f,-0.1187072243899839f,0.03370020810834409f,0.9990415737994136f,-0.027932593754342643f,2.722372456691378f,-0.06068226136807803f,0.02994227272767644f,0.9977079349484786f,-0.018855142491894985f,0f,0f,0f,1f],start_interpolation:0}
execute if entity @s[tag=aj.nep_fume_ugs_skills.bone.body_top] run data modify entity @s {} merge value {transformation:[0.7404091289764249f,-0.039175138653042944f,0.6710138823004238f,-0.10328201354534824f,-3.469446951953614e-18f,0.9983001147602725f,0.058282766489133275f,2.3292917865045206f,-0.6721564711645437f,-0.04315309237055553f,0.7391505184267183f,-0.0018636123709887438f,0f,0f,0f,1f],start_interpolation:0}
execute if entity @s[tag=aj.nep_fume_ugs_skills.bone.body] run data modify entity @s {} merge value {transformation:[0.7404091289764249f,-0.039175138653042944f,0.6710138823004238f,-0.08614289038464196f,-3.469446951953614e-18f,0.9983001147602725f,0.058282766489133275f,1.8925354862969013f,-0.6721564711645437f,-0.04315309237055553f,0.7391505184267183f,0.0170158655411293f,0f,0f,0f,1f],start_interpolation:0}
execute if entity @s[tag=aj.nep_fume_ugs_skills.bone.right_leg2] run data modify entity @s {} merge value {transformation:[0.726393998239532f,-0.01659703190926677f,0.6870780871585048f,0.05222837450693309f,0.13016358920956986f,0.9849378261264332f,-0.11381967628410512f,1.631887054779123f,-0.6748401287458159f,0.172110479626137f,0.7176132547808686f,-0.1092550270657818f,0f,0f,0f,1f],start_interpolation:0}
execute if entity @s[tag=aj.nep_fume_ugs_skills.bone.right_leg] run data modify entity @s {} merge value {transformation:[0.726393998239532f,-0.10613672847513606f,0.6790336914985754f,0.0027355814886883822f,0.13016358920956986f,0.9913679954308269f,0.015714250842671966f,1.986126122055677f,-0.6748401287458159f,0.0769707249807309f,0.7339388994529936f,-0.07104929576417826f,0f,0f,0f,1f],start_interpolation:0}
execute if entity @s[tag=aj.nep_fume_ugs_skills.bone.left_leg2] run data modify entity @s {} merge value {transformation:[0.9346204247896017f,0.05322107047122085f,0.35164211810305357f,-0.16628032668492074f,-0.06619328377403967f,0.9974945225130347f,0.024962506679066798f,1.6594060668907842f,-0.34943255536557255f,-0.04660681510670245f,0.9358016317768931f,0.24662192210014833f,0f,0f,0f,1f],start_interpolation:0}
execute if entity @s[tag=aj.nep_fume_ugs_skills.bone.left_leg] run data modify entity @s {} merge value {transformation:[0.9346204247896017f,-0.08539775501310504f,0.34524177760639896f,-0.18236670075541783f,-0.06619328377403967f,0.9120120354055299f,0.4047869766416305f,1.986126122055677f,-0.34943255536557255f,-0.4011748630138535f,0.8467323181126973f,0.09698982202695768f,0f,0f,0f,1f],start_interpolation:0}
execute if entity @s[tag=aj.nep_fume_ugs_skills.locator_origin.nep_ride] at @s on origin run tp @s ^-0.0625 ^1 ^-1.6875 ~0 ~0
execute if entity @s[tag=aj.nep_fume_ugs_skills.locator_origin.wave_of_destruction0] at @s on origin run tp @s ^-0.375 ^2.56249 ^0.18752 ~0 ~90
execute if entity @s[tag=aj.nep_fume_ugs_skills.locator_origin.wave_of_destruction1] at @s on origin run tp @s ^-0.375 ^2.5625 ^0.18752 ~0 ~90
execute if entity @s[tag=aj.nep_fume_ugs_skills.locator_origin.wave_of_destruction2] at @s on origin run tp @s ^-0.375 ^2.56251 ^0.18752 ~0 ~90
execute if entity @s[tag=aj.nep_fume_ugs_skills.locator_origin.wave_of_destruction3] at @s on origin run tp @s ^-0.375 ^2.56252 ^0.18752 ~0 ~90
execute if entity @s[tag=aj.nep_fume_ugs_skills.locator_origin.wave_of_destruction4] at @s on origin run tp @s ^-0.375 ^2.56253 ^0.18752 ~0 ~90
execute if entity @s[tag=aj.nep_fume_ugs_skills.locator_origin.wave_of_destruction5] at @s on origin run tp @s ^-0.37501 ^2.56253 ^0.18752 ~0 ~90
execute if entity @s[tag=aj.nep_fume_ugs_skills.locator_origin.wave_of_destruction6] at @s on origin run tp @s ^-0.37499 ^2.56253 ^0.18752 ~0 ~90
execute if entity @s[tag=aj.nep_fume_ugs_skills.locator_origin.wave_of_destruction7] at @s on origin run tp @s ^-0.375 ^2.56253 ^0.18753 ~0 ~90
execute if entity @s[tag=aj.nep_fume_ugs_skills.locator_origin.wave_of_destruction8] at @s on origin run tp @s ^-0.375 ^2.56253 ^0.18751 ~0 ~90
execute if entity @s[tag=aj.nep_fume_ugs_skills.locator_origin.wave_of_destruction12] at @s on origin run tp @s ^-0.37501 ^2.56252 ^0.18752 ~0 ~90
execute if entity @s[tag=aj.nep_fume_ugs_skills.locator_origin.wave_of_destruction11] at @s on origin run tp @s ^-0.375 ^2.56252 ^0.18753 ~0 ~90
execute if entity @s[tag=aj.nep_fume_ugs_skills.locator_origin.wave_of_destruction10] at @s on origin run tp @s ^-0.37499 ^2.56252 ^0.18752 ~0 ~90
execute if entity @s[tag=aj.nep_fume_ugs_skills.locator_origin.wave_of_destruction9] at @s on origin run tp @s ^-0.375 ^2.56252 ^0.18751 ~0 ~90
execute if entity @s[tag=aj.nep_fume_ugs_skills.locator_origin.wave_of_destruction13] at @s on origin run tp @s ^-0.37501 ^2.56251 ^0.18752 ~0 ~90
execute if entity @s[tag=aj.nep_fume_ugs_skills.locator_origin.wave_of_destruction14] at @s on origin run tp @s ^-0.375 ^2.56251 ^0.18753 ~0 ~90
execute if entity @s[tag=aj.nep_fume_ugs_skills.locator_origin.wave_of_destruction15] at @s on origin run tp @s ^-0.37499 ^2.56251 ^0.18752 ~0 ~90
execute if entity @s[tag=aj.nep_fume_ugs_skills.locator_origin.wave_of_destruction16] at @s on origin run tp @s ^-0.375 ^2.56251 ^0.18751 ~0 ~90
execute if entity @s[tag=aj.nep_fume_ugs_skills.locator_origin.wave_of_destruction17] at @s on origin run tp @s ^-0.37501 ^2.5625 ^0.18752 ~0 ~90
execute if entity @s[tag=aj.nep_fume_ugs_skills.locator_origin.wave_of_destruction18] at @s on origin run tp @s ^-0.375 ^2.5625 ^0.18753 ~0 ~90
execute if entity @s[tag=aj.nep_fume_ugs_skills.locator_origin.wave_of_destruction19] at @s on origin run tp @s ^-0.37499 ^2.5625 ^0.18752 ~0 ~90
execute if entity @s[tag=aj.nep_fume_ugs_skills.locator_origin.wave_of_destruction20] at @s on origin run tp @s ^-0.375 ^2.5625 ^0.18751 ~0 ~90
execute if entity @s[tag=aj.nep_fume_ugs_skills.locator_origin.wave_of_destruction24] at @s on origin run tp @s ^-0.37499 ^2.56249 ^0.18752 ~0 ~90
execute if entity @s[tag=aj.nep_fume_ugs_skills.locator_origin.wave_of_destruction23] at @s on origin run tp @s ^-0.375 ^2.56249 ^0.18753 ~0 ~90
execute if entity @s[tag=aj.nep_fume_ugs_skills.locator_origin.wave_of_destruction22] at @s on origin run tp @s ^-0.37501 ^2.56249 ^0.18752 ~0 ~90
execute if entity @s[tag=aj.nep_fume_ugs_skills.locator_origin.wave_of_destruction21] at @s on origin run tp @s ^-0.375 ^2.56249 ^0.18751 ~0 ~90
execute if entity @s[tag=aj.nep_fume_ugs_skills.locator_origin.wave_of_destruction25] at @s on origin run tp @s ^0.00002 ^0.37402 ^-3.96638 ~0 ~90
execute if entity @s[tag=aj.nep_fume_ugs_skills.locator_origin.wave_of_destruction26] at @s on origin run tp @s ^0 ^0.37402 ^-3.96636 ~0 ~90
execute if entity @s[tag=aj.nep_fume_ugs_skills.locator_origin.wave_of_destruction27] at @s on origin run tp @s ^-0.00002 ^0.37402 ^-3.96638 ~0 ~90
execute if entity @s[tag=aj.nep_fume_ugs_skills.locator_origin.wave_of_destruction28] at @s on origin run tp @s ^0 ^0.37402 ^-3.9664 ~0 ~90
execute if entity @s[tag=aj.nep_fume_ugs_skills.locator_origin.wave_of_destruction29] at @s on origin run tp @s ^0.00002 ^0.37403 ^-3.9664 ~0 ~90
execute if entity @s[tag=aj.nep_fume_ugs_skills.locator_origin.wave_of_destruction30] at @s on origin run tp @s ^0.00001 ^0.37402 ^-3.96637 ~0 ~90
execute if entity @s[tag=aj.nep_fume_ugs_skills.locator_origin.wave_of_destruction31] at @s on origin run tp @s ^-0.00002 ^0.37403 ^-3.96637 ~0 ~90
execute if entity @s[tag=aj.nep_fume_ugs_skills.locator_origin.wave_of_destruction32] at @s on origin run tp @s ^-0.00001 ^0.37403 ^-3.9664 ~0 ~90