execute if entity @s[tag=aj.nep_fume_ugs_skills.bone.right_arm2] run data modify entity @s {} merge value {transformation:[-0.8728043640155863f,0.20105678359256987f,-0.44473442853770223f,-1.019163237640752f,0.20895043525853207f,0.9774091119030299f,0.03179848383492373f,23.61832742669899f,0.4410807837127074f,-0.06517359695720598f,-0.8950978407409114f,1.7085050278176859f,0f,0f,0f,1f],start_interpolation:0}
execute if entity @s[tag=aj.nep_fume_ugs_skills.bone.right_arm] run data modify entity @s {} merge value {transformation:[-0.8728043640155863f,0.20105678359256987f,-0.44473442853770223f,-1.0241028686497617f,0.20895043525853207f,0.9774091119030299f,0.03179848383492373f,23.863243201629707f,0.4410807837127074f,-0.06517359695720598f,-0.8950978407409114f,1.7389777013540828f,0f,0f,0f,1f],start_interpolation:0}
execute if entity @s[tag=aj.nep_fume_ugs_skills.locator_origin.fume_ugs_locator] at @s on origin run tp @s ^0.23157 ^24.94729 ^-1.04268 ~-174.99582 ~60.82972
execute if entity @s[tag=aj.nep_fume_ugs_skills.locator_origin.fume_ugs_locator2] at @s on origin run tp @s ^0.13961 ^24.70503 ^-0.61507 ~-174.99582 ~60.82972
execute if entity @s[tag=aj.nep_fume_ugs_skills.locator_origin.fume_ugs_locator3] at @s on origin run tp @s ^0.04765 ^24.46277 ^-0.18746 ~-174.99582 ~60.82972
execute if entity @s[tag=aj.nep_fume_ugs_skills.locator_origin.fume_ugs_locator4] at @s on origin run tp @s ^-0.04431 ^24.22051 ^0.24015 ~-174.99582 ~60.82972
execute if entity @s[tag=aj.nep_fume_ugs_skills.locator_origin.fume_ugs_locator5] at @s on origin run tp @s ^-0.14777 ^23.94796 ^0.72122 ~-174.99582 ~60.82972
execute if entity @s[tag=aj.nep_fume_ugs_skills.locator_origin.fume_ugs_locator10] at @s on origin run tp @s ^-0.16371 ^24.2754 ^0.9033 ~-174.99582 ~60.82972
execute if entity @s[tag=aj.nep_fume_ugs_skills.locator_origin.fume_ugs_locator9] at @s on origin run tp @s ^-0.06025 ^24.54795 ^0.42223 ~-174.99582 ~60.82972
execute if entity @s[tag=aj.nep_fume_ugs_skills.locator_origin.fume_ugs_locator8] at @s on origin run tp @s ^0.03171 ^24.79021 ^-0.00538 ~-174.99582 ~60.82972
execute if entity @s[tag=aj.nep_fume_ugs_skills.locator_origin.fume_ugs_locator7] at @s on origin run tp @s ^0.12367 ^25.03247 ^-0.43299 ~-174.99582 ~60.82972
execute if entity @s[tag=aj.nep_fume_ugs_skills.locator_origin.fume_ugs_locator6] at @s on origin run tp @s ^0.21563 ^25.27473 ^-0.8606 ~-174.99582 ~60.82972
execute if entity @s[tag=aj.nep_fume_ugs_skills.locator_origin.foe_ride_locator] at @s on origin run tp @s ^0.06267 ^24.68705 ^-0.20332 ~-174.99582 ~60.82972
execute if entity @s[tag=aj.nep_fume_ugs_skills.bone.fume_ugs_slash] run data modify entity @s {} merge value {transformation:[0.00002618723261398836f,0.000004904545424345684f,-0.00000113375187431111f,0.06444961809351515f,-0.000001411783533032296f,0.000012920614042862162f,0.000023284666867326296f,24.702444618396598f,0.000004831855377371411f,-0.000022806014076270153f,0.000012947973072116134f,-0.19866329302366847f,0f,0f,0f,1f],start_interpolation:0}
execute if entity @s[tag=aj.nep_fume_ugs_skills.bone.gravity_vortex] run data modify entity @s {} merge value {transformation:[-0.000002452272712172839f,0.00001309361630699418f,-5.66875937155555e-7f,0.07882246979260357f,-0.000006460307021431081f,-7.058917665161466e-7f,0.000011642333433663148f,24.764857300338843f,0.000011403007038135077f,0.000002415927688685703f,0.000006473986536058067f,-0.3337781291470201f,0f,0f,0f,1f],start_interpolation:0}
execute if entity @s[tag=aj.nep_fume_ugs_skills.bone.fume_ultra_greatsword] run data modify entity @s {} merge value {transformation:[2.038676058998994f,0.3818188612853115f,-0.08826258341511992f,-0.1989380009062073f,-0.10990734804656424f,1.0058698032368192f,1.812711315621352f,24.01476899051375f,0.3761599411283644f,-1.7754481958376314f,1.007999703664241f,1.0158136716000776f,0f,0f,0f,1f],start_interpolation:0}
execute if entity @s[tag=aj.nep_fume_ugs_skills.bone.left_arm2] run data modify entity @s {} merge value {transformation:[-0.9820212230245634f,-0.1887644705990255f,0.001513991019891553f,-0.19326176651563903f,0.05294188248871113f,-0.2677067607216597f,0.9620448260567005f,23.979586279763634f,-0.18119457665142802f,0.9448285902233186f,0.27288726699632687f,1.0407910197819128f,0f,0f,0f,1f],start_interpolation:0}
execute if entity @s[tag=aj.nep_fume_ugs_skills.bone.left_arm] run data modify entity @s {} merge value {transformation:[-0.9820212230245634f,-0.1887644705990255f,0.001513991019891553f,-0.25676708949250443f,0.05294188248871113f,-0.2677067607216597f,0.9620448260567005f,23.889522698154398f,-0.18119457665142802f,0.9448285902233186f,0.27288726699632687f,1.3586561592835305f,0f,0f,0f,1f],start_interpolation:0}
execute if entity @s[tag=aj.nep_fume_ugs_skills.bone.head] run data modify entity @s {} merge value {transformation:[-0.9887480282447365f,-0.03153974517135455f,0.14622783974561654f,-0.6621446510181467f,0.012052153615665882f,0.9575469310900305f,0.28802538143935913f,23.968874879893793f,-0.14910426632181967f,0.28654688837010667f,-0.9463925182132622f,1.562889293265958f,0f,0f,0f,1f],start_interpolation:0}
execute if entity @s[tag=aj.nep_fume_ugs_skills.bone.body_top] run data modify entity @s {} merge value {transformation:[-0.8956320682056822f,0.007381495434777605f,-0.44473442853770223f,-0.6650511148455903f,-0.00755257521099878f,0.9994657648131235f,0.03179848383492373f,23.575335234998626f,0.44473155612042237f,0.03183863206333021f,-0.8950978407409114f,1.5503528318910216f,0f,0f,0f,1f],start_interpolation:0}
execute if entity @s[tag=aj.nep_fume_ugs_skills.bone.body] run data modify entity @s {} merge value {transformation:[-0.8956320682056822f,0.007381495434777605f,-0.44473442853770223f,-0.6682805190983055f,-0.00755257521099878f,0.9994657648131235f,0.03179848383492373f,23.138068962892884f,0.44473155612042237f,0.03183863206333021f,-0.8950978407409114f,1.5364234303633146f,0f,0f,0f,1f],start_interpolation:0}
execute if entity @s[tag=aj.nep_fume_ugs_skills.bone.right_leg2] run data modify entity @s {} merge value {transformation:[-0.8852989169293113f,0.04467120550496159f,-0.4628718084767312f,-0.8310040022431215f,0.12292868996310112f,0.9824480102869059f,-0.140301262529084f,22.876117622202607f,0.4484800607248243f,-0.1811087807977082f,-0.8752515322181527f,1.6254802283290102f,0f,0f,0f,1f],start_interpolation:0}
execute if entity @s[tag=aj.nep_fume_ugs_skills.bone.right_leg] run data modify entity @s {} merge value {transformation:[-0.8852989169293113f,0.10470593179574436f,-0.45308111363261566f,-0.7795425124270055f,0.12292868996310112f,0.9923560209274644f,-0.010865767941802391f,23.23082480644274f,0.4484800607248243f,-0.06531612033636236f,-0.8914030735623825f,1.5949997466343047f,0f,0f,0f,1f],start_interpolation:0}
execute if entity @s[tag=aj.nep_fume_ugs_skills.bone.left_leg2] run data modify entity @s {} merge value {transformation:[-0.9931181037231607f,-0.08241750063641518f,-0.08320930023836412f,-0.5241963454612772f,-0.08295977831303923f,0.9965481528525606f,0.003074772902330658f,22.90355893319583f,0.08266865935506096f,0.009956637735500762f,-0.9965273494116652f,1.3421700890563857f,0f,0f,0f,1f],start_interpolation:0}
execute if entity @s[tag=aj.nep_fume_ugs_skills.bone.left_leg] run data modify entity @s {} merge value {transformation:[-0.9931181037231607f,-0.04430102133880548f,-0.10841518143530648f,-0.5556344953755848f,-0.08295977831303923f,0.919513776934403f,0.3842031874022916f,23.23271295024549f,0.08266865935506096f,0.39055324033499983f,-0.9168609814057238f,1.483816857604199f,0f,0f,0f,1f],start_interpolation:0}
execute if entity @s[tag=aj.nep_fume_ugs_skills.locator_origin.nep_ride] at @s on origin run tp @s ^-0.0625 ^1 ^-1.6875 ~0 ~0
execute if entity @s[tag=aj.nep_fume_ugs_skills.locator_origin.wave_of_destruction0] at @s on origin run tp @s ^-0.375 ^2.56249 ^0.18752 ~0 ~90
execute if entity @s[tag=aj.nep_fume_ugs_skills.locator_origin.wave_of_destruction1] at @s on origin run tp @s ^-0.375 ^2.5625 ^0.18752 ~0 ~90
execute if entity @s[tag=aj.nep_fume_ugs_skills.locator_origin.wave_of_destruction2] at @s on origin run tp @s ^-0.375 ^2.56251 ^0.18752 ~0 ~90
execute if entity @s[tag=aj.nep_fume_ugs_skills.locator_origin.wave_of_destruction3] at @s on origin run tp @s ^-0.375 ^2.56252 ^0.18752 ~0 ~90
execute if entity @s[tag=aj.nep_fume_ugs_skills.locator_origin.wave_of_destruction4] at @s on origin run tp @s ^-0.375 ^2.56253 ^0.18752 ~0 ~90
execute if entity @s[tag=aj.nep_fume_ugs_skills.locator_origin.wave_of_destruction5] at @s on origin run tp @s ^-0.37501 ^2.56253 ^0.18752 ~0 ~90
execute if entity @s[tag=aj.nep_fume_ugs_skills.locator_origin.wave_of_destruction6] at @s on origin run tp @s ^-0.37499 ^2.56253 ^0.18752 ~0 ~90
execute if entity @s[tag=aj.nep_fume_ugs_skills.locator_origin.wave_of_destruction7] at @s on origin run tp @s ^-0.375 ^2.56253 ^0.18753 ~0 ~90
execute if entity @s[tag=aj.nep_fume_ugs_skills.locator_origin.wave_of_destruction8] at @s on origin run tp @s ^-0.375 ^2.56253 ^0.18751 ~0 ~90
execute if entity @s[tag=aj.nep_fume_ugs_skills.locator_origin.wave_of_destruction12] at @s on origin run tp @s ^-0.37501 ^2.56252 ^0.18752 ~0 ~90
execute if entity @s[tag=aj.nep_fume_ugs_skills.locator_origin.wave_of_destruction11] at @s on origin run tp @s ^-0.375 ^2.56252 ^0.18753 ~0 ~90
execute if entity @s[tag=aj.nep_fume_ugs_skills.locator_origin.wave_of_destruction10] at @s on origin run tp @s ^-0.37499 ^2.56252 ^0.18752 ~0 ~90
execute if entity @s[tag=aj.nep_fume_ugs_skills.locator_origin.wave_of_destruction9] at @s on origin run tp @s ^-0.375 ^2.56252 ^0.18751 ~0 ~90
execute if entity @s[tag=aj.nep_fume_ugs_skills.locator_origin.wave_of_destruction13] at @s on origin run tp @s ^-0.37501 ^2.56251 ^0.18752 ~0 ~90
execute if entity @s[tag=aj.nep_fume_ugs_skills.locator_origin.wave_of_destruction14] at @s on origin run tp @s ^-0.375 ^2.56251 ^0.18753 ~0 ~90
execute if entity @s[tag=aj.nep_fume_ugs_skills.locator_origin.wave_of_destruction15] at @s on origin run tp @s ^-0.37499 ^2.56251 ^0.18752 ~0 ~90
execute if entity @s[tag=aj.nep_fume_ugs_skills.locator_origin.wave_of_destruction16] at @s on origin run tp @s ^-0.375 ^2.56251 ^0.18751 ~0 ~90
execute if entity @s[tag=aj.nep_fume_ugs_skills.locator_origin.wave_of_destruction17] at @s on origin run tp @s ^-0.37501 ^2.5625 ^0.18752 ~0 ~90
execute if entity @s[tag=aj.nep_fume_ugs_skills.locator_origin.wave_of_destruction18] at @s on origin run tp @s ^-0.375 ^2.5625 ^0.18753 ~0 ~90
execute if entity @s[tag=aj.nep_fume_ugs_skills.locator_origin.wave_of_destruction19] at @s on origin run tp @s ^-0.37499 ^2.5625 ^0.18752 ~0 ~90
execute if entity @s[tag=aj.nep_fume_ugs_skills.locator_origin.wave_of_destruction20] at @s on origin run tp @s ^-0.375 ^2.5625 ^0.18751 ~0 ~90
execute if entity @s[tag=aj.nep_fume_ugs_skills.locator_origin.wave_of_destruction24] at @s on origin run tp @s ^-0.37499 ^2.56249 ^0.18752 ~0 ~90
execute if entity @s[tag=aj.nep_fume_ugs_skills.locator_origin.wave_of_destruction23] at @s on origin run tp @s ^-0.375 ^2.56249 ^0.18753 ~0 ~90
execute if entity @s[tag=aj.nep_fume_ugs_skills.locator_origin.wave_of_destruction22] at @s on origin run tp @s ^-0.37501 ^2.56249 ^0.18752 ~0 ~90
execute if entity @s[tag=aj.nep_fume_ugs_skills.locator_origin.wave_of_destruction21] at @s on origin run tp @s ^-0.375 ^2.56249 ^0.18751 ~0 ~90
execute if entity @s[tag=aj.nep_fume_ugs_skills.locator_origin.wave_of_destruction25] at @s on origin run tp @s ^0.00002 ^0.37402 ^-3.96638 ~0 ~90
execute if entity @s[tag=aj.nep_fume_ugs_skills.locator_origin.wave_of_destruction26] at @s on origin run tp @s ^0 ^0.37402 ^-3.96636 ~0 ~90
execute if entity @s[tag=aj.nep_fume_ugs_skills.locator_origin.wave_of_destruction27] at @s on origin run tp @s ^-0.00002 ^0.37402 ^-3.96638 ~0 ~90
execute if entity @s[tag=aj.nep_fume_ugs_skills.locator_origin.wave_of_destruction28] at @s on origin run tp @s ^0 ^0.37402 ^-3.9664 ~0 ~90
execute if entity @s[tag=aj.nep_fume_ugs_skills.locator_origin.wave_of_destruction29] at @s on origin run tp @s ^0.00002 ^0.37403 ^-3.9664 ~0 ~90
execute if entity @s[tag=aj.nep_fume_ugs_skills.locator_origin.wave_of_destruction30] at @s on origin run tp @s ^0.00001 ^0.37402 ^-3.96637 ~0 ~90
execute if entity @s[tag=aj.nep_fume_ugs_skills.locator_origin.wave_of_destruction31] at @s on origin run tp @s ^-0.00002 ^0.37403 ^-3.96637 ~0 ~90
execute if entity @s[tag=aj.nep_fume_ugs_skills.locator_origin.wave_of_destruction32] at @s on origin run tp @s ^-0.00001 ^0.37403 ^-3.9664 ~0 ~90