execute if entity @s[tag=aj.nep_fume_ugs_skills.bone.right_arm2] run data modify entity @s {} merge value {transformation:[0.8971289236891344f,0.3710834250502658f,-0.23970145167132118f,0.40026866176579967f,-0.16474333121625034f,0.7844788850358936f,0.5978733258413641f,1.8600522795627001f,0.4099016090480102f,-0.49688023766880146f,0.7649122173910201f,-0.08782357230349933f,0f,0f,0f,1f],start_interpolation:0}
execute if entity @s[tag=aj.nep_fume_ugs_skills.bone.right_arm] run data modify entity @s {} merge value {transformation:[0.8971289236891344f,0.3710834250502658f,-0.23970145167132118f,0.553975766624321f,-0.16474333121625034f,0.7844788850358936f,0.5978733258413641f,2.0238127066731417f,0.4099016090480102f,-0.49688023766880146f,0.7649122173910201f,-0.19026071901060104f,0f,0f,0f,1f],start_interpolation:0}
execute if entity @s[tag=aj.nep_fume_ugs_skills.locator_origin.fume_ugs_locator] at @s on origin run tp @s ^0.34168 ^1.5249 ^2.36982 ~-0.19283 ~89.5175
execute if entity @s[tag=aj.nep_fume_ugs_skills.locator_origin.fume_ugs_locator2] at @s on origin run tp @s ^0.32261 ^1.52069 ^1.8702 ~-0.19283 ~89.5175
execute if entity @s[tag=aj.nep_fume_ugs_skills.locator_origin.fume_ugs_locator3] at @s on origin run tp @s ^0.30354 ^1.51648 ^1.37059 ~-0.19283 ~89.5175
execute if entity @s[tag=aj.nep_fume_ugs_skills.locator_origin.fume_ugs_locator4] at @s on origin run tp @s ^0.28447 ^1.51227 ^0.87097 ~-0.19283 ~89.5175
execute if entity @s[tag=aj.nep_fume_ugs_skills.locator_origin.fume_ugs_locator5] at @s on origin run tp @s ^0.26301 ^1.50754 ^0.3089 ~-0.19283 ~89.5175
execute if entity @s[tag=aj.nep_fume_ugs_skills.locator_origin.fume_ugs_locator10] at @s on origin run tp @s ^0.263 ^1.88252 ^0.30574 ~-0.19283 ~89.5175
execute if entity @s[tag=aj.nep_fume_ugs_skills.locator_origin.fume_ugs_locator9] at @s on origin run tp @s ^0.28446 ^1.88726 ^0.86781 ~-0.19283 ~89.5175
execute if entity @s[tag=aj.nep_fume_ugs_skills.locator_origin.fume_ugs_locator8] at @s on origin run tp @s ^0.30353 ^1.89147 ^1.36743 ~-0.19283 ~89.5175
execute if entity @s[tag=aj.nep_fume_ugs_skills.locator_origin.fume_ugs_locator7] at @s on origin run tp @s ^0.3226 ^1.89567 ^1.86705 ~-0.19283 ~89.5175
execute if entity @s[tag=aj.nep_fume_ugs_skills.locator_origin.fume_ugs_locator6] at @s on origin run tp @s ^0.34167 ^1.89988 ^2.36667 ~-0.19283 ~89.5175
execute if entity @s[tag=aj.nep_fume_ugs_skills.locator_origin.foe_ride_locator] at @s on origin run tp @s ^0.3083 ^1.70502 ^1.49391 ~-0.19283 ~89.5175
execute if entity @s[tag=aj.nep_fume_ugs_skills.bone.fume_ugs_slash] run data modify entity @s {} merge value {transformation:[-0.000026647264570528277f,0.0000010170552827576203f,-7.557740869075977e-10f,0.30666498008414317f,7.809480969728962e-9f,2.2442690231040178e-7f,0.00002666572111698159f,1.7206814582791359f,0.000001017025580497671f,0.00002664631948747229f,-2.245614643681974e-7f,1.497645642481455f,0f,0f,0f,1f],start_interpolation:0}
execute if entity @s[tag=aj.nep_fume_ugs_skills.bone.gravity_vortex] run data modify entity @s {} merge value {transformation:[-5.085276413788131e-7f,-0.000013323632285264139f,-3.7788704345379884e-10f,0.3259885827302222f,-1.1221345115520089e-7f,3.904740484864506e-9f,0.000013332860558490796f,1.7102083712313023f,-0.000013323159743736145f,5.085127902488385e-7f,-1.122807321840987e-7f,1.645547141805475f,0f,0f,0f,1f],start_interpolation:0}
execute if entity @s[tag=aj.nep_fume_ugs_skills.bone.fume_ultra_greatsword] run data modify entity @s {} merge value {transformation:[-2.0744895468156264f,0.07917775376268074f,-0.00005883701266575647f,0.2546829189427447f,0.0006079680934933997f,0.017471634344864775f,2.0759263889570168f,1.7091526395513021f,0.07917544144174368f,2.0744159720997177f,-0.017482110001064168f,0.07835354559429308f,0f,0f,0f,1f],start_interpolation:0}
execute if entity @s[tag=aj.nep_fume_ugs_skills.bone.left_arm2] run data modify entity @s {} merge value {transformation:[0.9065785143861197f,-0.39753890240203144f,0.1416976299394043f,0.049680221786079753f,0.1685911261457303f,0.648923367021742f,0.7419403587338276f,1.765644012707823f,-0.386901058978094f,-0.648738225180353f,0.6553215132677055f,0.04963879420409481f,0f,0f,0f,1f],start_interpolation:0}
execute if entity @s[tag=aj.nep_fume_ugs_skills.bone.left_arm] run data modify entity @s {} merge value {transformation:[0.9065785143861197f,-0.39753890240203144f,0.1416976299394043f,-0.08406230037815166f,0.1685911261457303f,0.648923367021742f,0.7419403587338276f,1.9839588676123212f,-0.386901058978094f,-0.648738225180353f,0.6553215132677055f,-0.16861377412498685f,0f,0f,0f,1f],start_interpolation:0}
execute if entity @s[tag=aj.nep_fume_ugs_skills.bone.head] run data modify entity @s {} merge value {transformation:[0.9993638377356983f,0.021679155027598117f,-0.02831844034310793f,0.26027180775678077f,-0.035467358464111406f,0.6874012653540149f,-0.7254113087575059f,2.0730131439914365f,0.0037398275033777885f,0.7259542097315702f,0.687732868971126f,-0.12128931811503585f,0f,0f,0f,1f],start_interpolation:0}
execute if entity @s[tag=aj.nep_fume_ugs_skills.bone.body_top] run data modify entity @s {} merge value {transformation:[0.9927342453337762f,0.0704278518749038f,0.09756349635936812f,0.2325408410810374f,0.08781859490837182f,0.13023111602709153f,-0.987586832033851f,2.0217346420557694f,-0.0822594221344711f,0.9889791575653274f,0.12310001369406098f,-0.5106998614063836f,0f,0f,0f,1f],start_interpolation:0}
execute if entity @s[tag=aj.nep_fume_ugs_skills.bone.body] run data modify entity @s {} merge value {transformation:[0.9927342453337762f,0.0704278518749038f,0.09756349635936812f,0.201728655885767f,0.08781859490837182f,0.13023111602709153f,-0.987586832033851f,1.9647585287939167f,-0.0822594221344711f,0.9889791575653274f,0.12310001369406098f,-0.9433782428412143f,0f,0f,0f,1f],start_interpolation:0}
execute if entity @s[tag=aj.nep_fume_ugs_skills.bone.right_leg2] run data modify entity @s {} merge value {transformation:[0.9723732658788953f,-0.1812575617317303f,0.14709156372504598f,0.41909828834121665f,0.05548778206697813f,-0.4325898242249502f,-0.8998817422407871f,2.1007324681937054f,0.22674068414225718f,0.8831827332393306f,-0.41058120008423005f,-1.1913389797226748f,0f,0f,0f,1f],start_interpolation:0}
execute if entity @s[tag=aj.nep_fume_ugs_skills.bone.right_leg] run data modify entity @s {} merge value {transformation:[0.9723732658788953f,-0.19890617988479356f,0.12217431566270152f,0.33242304766576125f,0.05548778206697813f,-0.3114308210473909f,-0.9486474317379644f,1.9879450202850029f,0.22674068414225718f,0.9292185831683448f,-0.29179014179597473f,-0.8609438745862736f,0f,0f,0f,1f],start_interpolation:0}
execute if entity @s[tag=aj.nep_fume_ugs_skills.bone.left_leg2] run data modify entity @s {} merge value {transformation:[0.9211408813547959f,0.07146556783481822f,-0.3826122702043894f,-0.006500744646040682f,-0.2929037042334407f,-0.5200978933165072f,-0.8023126581414881f,2.03290994262196f,-0.256333565385493f,0.851111540270591f,-0.4581509022963757f,-1.1819672400741041f,0f,0f,0f,1f],start_interpolation:0}
execute if entity @s[tag=aj.nep_fume_ugs_skills.bone.left_leg] run data modify entity @s {} merge value {transformation:[0.9211408813547959f,0.2124449522287004f,-0.32613895653456504f,0.0842394863323172f,-0.2929037042334407f,-0.17347603668981632f,-0.9402730905118591f,1.96599037155791f,-0.256333565385493f,0.9616512917720947f,-0.09756995587691174f,-0.8403790190526559f,0f,0f,0f,1f],start_interpolation:0}
execute if entity @s[tag=aj.nep_fume_ugs_skills.locator_origin.nep_ride] at @s on origin run tp @s ^-0.0625 ^1 ^-1.6875 ~0 ~0
execute if entity @s[tag=aj.nep_fume_ugs_skills.locator_origin.wave_of_destruction0] at @s on origin run tp @s ^-0.375 ^2.56249 ^0.18752 ~0 ~90
execute if entity @s[tag=aj.nep_fume_ugs_skills.locator_origin.wave_of_destruction1] at @s on origin run tp @s ^-0.375 ^2.5625 ^0.18752 ~0 ~90
execute if entity @s[tag=aj.nep_fume_ugs_skills.locator_origin.wave_of_destruction2] at @s on origin run tp @s ^-0.375 ^2.56251 ^0.18752 ~0 ~90
execute if entity @s[tag=aj.nep_fume_ugs_skills.locator_origin.wave_of_destruction3] at @s on origin run tp @s ^-0.375 ^2.56252 ^0.18752 ~0 ~90
execute if entity @s[tag=aj.nep_fume_ugs_skills.locator_origin.wave_of_destruction4] at @s on origin run tp @s ^-0.375 ^2.56253 ^0.18752 ~0 ~90
execute if entity @s[tag=aj.nep_fume_ugs_skills.locator_origin.wave_of_destruction5] at @s on origin run tp @s ^-0.37501 ^2.56253 ^0.18752 ~0 ~90
execute if entity @s[tag=aj.nep_fume_ugs_skills.locator_origin.wave_of_destruction6] at @s on origin run tp @s ^-0.37499 ^2.56253 ^0.18752 ~0 ~90
execute if entity @s[tag=aj.nep_fume_ugs_skills.locator_origin.wave_of_destruction7] at @s on origin run tp @s ^-0.375 ^2.56253 ^0.18753 ~0 ~90
execute if entity @s[tag=aj.nep_fume_ugs_skills.locator_origin.wave_of_destruction8] at @s on origin run tp @s ^-0.375 ^2.56253 ^0.18751 ~0 ~90
execute if entity @s[tag=aj.nep_fume_ugs_skills.locator_origin.wave_of_destruction12] at @s on origin run tp @s ^-0.37501 ^2.56252 ^0.18752 ~0 ~90
execute if entity @s[tag=aj.nep_fume_ugs_skills.locator_origin.wave_of_destruction11] at @s on origin run tp @s ^-0.375 ^2.56252 ^0.18753 ~0 ~90
execute if entity @s[tag=aj.nep_fume_ugs_skills.locator_origin.wave_of_destruction10] at @s on origin run tp @s ^-0.37499 ^2.56252 ^0.18752 ~0 ~90
execute if entity @s[tag=aj.nep_fume_ugs_skills.locator_origin.wave_of_destruction9] at @s on origin run tp @s ^-0.375 ^2.56252 ^0.18751 ~0 ~90
execute if entity @s[tag=aj.nep_fume_ugs_skills.locator_origin.wave_of_destruction13] at @s on origin run tp @s ^-0.37501 ^2.56251 ^0.18752 ~0 ~90
execute if entity @s[tag=aj.nep_fume_ugs_skills.locator_origin.wave_of_destruction14] at @s on origin run tp @s ^-0.375 ^2.56251 ^0.18753 ~0 ~90
execute if entity @s[tag=aj.nep_fume_ugs_skills.locator_origin.wave_of_destruction15] at @s on origin run tp @s ^-0.37499 ^2.56251 ^0.18752 ~0 ~90
execute if entity @s[tag=aj.nep_fume_ugs_skills.locator_origin.wave_of_destruction16] at @s on origin run tp @s ^-0.375 ^2.56251 ^0.18751 ~0 ~90
execute if entity @s[tag=aj.nep_fume_ugs_skills.locator_origin.wave_of_destruction17] at @s on origin run tp @s ^-0.37501 ^2.5625 ^0.18752 ~0 ~90
execute if entity @s[tag=aj.nep_fume_ugs_skills.locator_origin.wave_of_destruction18] at @s on origin run tp @s ^-0.375 ^2.5625 ^0.18753 ~0 ~90
execute if entity @s[tag=aj.nep_fume_ugs_skills.locator_origin.wave_of_destruction19] at @s on origin run tp @s ^-0.37499 ^2.5625 ^0.18752 ~0 ~90
execute if entity @s[tag=aj.nep_fume_ugs_skills.locator_origin.wave_of_destruction20] at @s on origin run tp @s ^-0.375 ^2.5625 ^0.18751 ~0 ~90
execute if entity @s[tag=aj.nep_fume_ugs_skills.locator_origin.wave_of_destruction24] at @s on origin run tp @s ^-0.37499 ^2.56249 ^0.18752 ~0 ~90
execute if entity @s[tag=aj.nep_fume_ugs_skills.locator_origin.wave_of_destruction23] at @s on origin run tp @s ^-0.375 ^2.56249 ^0.18753 ~0 ~90
execute if entity @s[tag=aj.nep_fume_ugs_skills.locator_origin.wave_of_destruction22] at @s on origin run tp @s ^-0.37501 ^2.56249 ^0.18752 ~0 ~90
execute if entity @s[tag=aj.nep_fume_ugs_skills.locator_origin.wave_of_destruction21] at @s on origin run tp @s ^-0.375 ^2.56249 ^0.18751 ~0 ~90
execute if entity @s[tag=aj.nep_fume_ugs_skills.locator_origin.wave_of_destruction25] at @s on origin run tp @s ^0.00002 ^0.37402 ^-3.96638 ~0 ~90
execute if entity @s[tag=aj.nep_fume_ugs_skills.locator_origin.wave_of_destruction26] at @s on origin run tp @s ^0 ^0.37402 ^-3.96636 ~0 ~90
execute if entity @s[tag=aj.nep_fume_ugs_skills.locator_origin.wave_of_destruction27] at @s on origin run tp @s ^-0.00002 ^0.37402 ^-3.96638 ~0 ~90
execute if entity @s[tag=aj.nep_fume_ugs_skills.locator_origin.wave_of_destruction28] at @s on origin run tp @s ^0 ^0.37402 ^-3.9664 ~0 ~90
execute if entity @s[tag=aj.nep_fume_ugs_skills.locator_origin.wave_of_destruction29] at @s on origin run tp @s ^0.00002 ^0.37403 ^-3.9664 ~0 ~90
execute if entity @s[tag=aj.nep_fume_ugs_skills.locator_origin.wave_of_destruction30] at @s on origin run tp @s ^0.00001 ^0.37402 ^-3.96637 ~0 ~90
execute if entity @s[tag=aj.nep_fume_ugs_skills.locator_origin.wave_of_destruction31] at @s on origin run tp @s ^-0.00002 ^0.37403 ^-3.96637 ~0 ~90
execute if entity @s[tag=aj.nep_fume_ugs_skills.locator_origin.wave_of_destruction32] at @s on origin run tp @s ^-0.00001 ^0.37403 ^-3.9664 ~0 ~90