execute if entity @s[tag=aj.nep_fume_ugs_skills.bone.right_arm2] run data modify entity @s {} merge value {transformation:[-0.9341527490538936f,-0.3475383719787971f,0.0810908221525767f,11.876803656441918f,-0.3179618688205765f,0.9137032813416395f,0.25307422555773523f,5.387138472974905f,-0.1620459546276309f,0.21062619416361328f,-0.9640423823260945f,2.6434928815846592f,0f,0f,0f,1f],start_interpolation:0}
execute if entity @s[tag=aj.nep_fume_ugs_skills.bone.right_arm] run data modify entity @s {} merge value {transformation:[-0.9341527490538936f,-0.3475383719787971f,0.0810908221525767f,11.728853306748277f,-0.3179618688205765f,0.9137032813416395f,0.25307422555773523f,5.576849068655568f,-0.1620459546276309f,0.21062619416361328f,-0.9640423823260945f,2.6987857790389658f,0f,0f,0f,1f],start_interpolation:0}
execute if entity @s[tag=aj.nep_fume_ugs_skills.locator_origin.fume_ugs_locator] at @s on origin run tp @s ^11.28683 ^6.49258 ^0.25837 ~-152.14584 ~50.17191
execute if entity @s[tag=aj.nep_fume_ugs_skills.locator_origin.fume_ugs_locator2] at @s on origin run tp @s ^11.46413 ^6.26185 ^0.66498 ~-152.14584 ~50.17191
execute if entity @s[tag=aj.nep_fume_ugs_skills.locator_origin.fume_ugs_locator3] at @s on origin run tp @s ^11.64143 ^6.03112 ^1.07158 ~-152.14584 ~50.17191
execute if entity @s[tag=aj.nep_fume_ugs_skills.locator_origin.fume_ugs_locator4] at @s on origin run tp @s ^11.81873 ^5.80039 ^1.47819 ~-152.14584 ~50.17191
execute if entity @s[tag=aj.nep_fume_ugs_skills.locator_origin.fume_ugs_locator5] at @s on origin run tp @s ^12.01819 ^5.54081 ^1.93562 ~-152.14584 ~50.17191
execute if entity @s[tag=aj.nep_fume_ugs_skills.locator_origin.fume_ugs_locator10] at @s on origin run tp @s ^11.90597 ^5.8288 ^2.14797 ~-152.14584 ~50.17191
execute if entity @s[tag=aj.nep_fume_ugs_skills.locator_origin.fume_ugs_locator9] at @s on origin run tp @s ^11.70651 ^6.08837 ^1.69054 ~-152.14584 ~50.17191
execute if entity @s[tag=aj.nep_fume_ugs_skills.locator_origin.fume_ugs_locator8] at @s on origin run tp @s ^11.52921 ^6.31911 ^1.28394 ~-152.14584 ~50.17191
execute if entity @s[tag=aj.nep_fume_ugs_skills.locator_origin.fume_ugs_locator7] at @s on origin run tp @s ^11.35191 ^6.54984 ^0.87733 ~-152.14584 ~50.17191
execute if entity @s[tag=aj.nep_fume_ugs_skills.locator_origin.fume_ugs_locator6] at @s on origin run tp @s ^11.17461 ^6.78057 ^0.47073 ~-152.14584 ~50.17191
execute if entity @s[tag=aj.nep_fume_ugs_skills.locator_origin.foe_ride_locator] at @s on origin run tp @s ^11.541 ^6.2328 ^1.07611 ~-152.14584 ~50.17191
execute if entity @s[tag=aj.nep_fume_ugs_skills.bone.fume_ugs_slash] run data modify entity @s {} merge value {transformation:[0.000023622374595022615f,-0.0000094559125514366f,-0.000007979990440039738f,11.536549004886856f,0.00001184409855651002f,0.000012305738906356354f,0.000020479190180848857f,6.247339462413178f,-0.0000035793657241498894f,-0.000021685608566495957f,0.000015100782536829331f,1.0816258370674763f,0f,0f,0f,1f],start_interpolation:0}
execute if entity @s[tag=aj.nep_fume_ugs_skills.bone.gravity_vortex] run data modify entity @s {} merge value {transformation:[0.000004727956275718304f,0.000011811187297511308f,-0.000003989995220019869f,11.475309305172445f,-0.000006152869453178175f,0.000005922049278255012f,0.000010239595090424429f,6.300766146439234f,0.000010842804283247978f,-0.0000017896828620749472f,0.000007550391268414666f,0.9561139679606194f,0f,0f,0f,1f],start_interpolation:0}
execute if entity @s[tag=aj.nep_fume_ugs_skills.bone.fume_ultra_greatsword] run data modify entity @s {} merge value {transformation:[1.8390018622225106f,-0.7361427921293394f,-0.6212422557570936f,12.038112676741505f,0.9220630726243052f,0.958001773859842f,1.5943049555790834f,5.591279863262281f,-0.2786536216250689f,-1.6882246269017103f,1.1755959204921633f,2.237153764062653f,0f,0f,0f,1f],start_interpolation:0}
execute if entity @s[tag=aj.nep_fume_ugs_skills.bone.left_arm2] run data modify entity @s {} merge value {transformation:[-0.7296625601654748f,0.3761926813146639f,-0.5710268074425657f,12.21737320076616f,-0.43088487444888357f,0.3954806218961306f,0.8111308788819593f,5.716389284628426f,0.5309715371504719f,0.8378986479461188f,-0.12647166681170674f,2.267890112039865f,0f,0f,0f,1f],start_interpolation:0}
execute if entity @s[tag=aj.nep_fume_ugs_skills.bone.left_arm] run data modify entity @s {} merge value {transformation:[-0.7296625601654748f,0.3761926813146639f,-0.5710268074425657f,12.343934293818297f,-0.43088487444888357f,0.3954806218961306f,0.8111308788819593f,5.849439347200609f,0.5309715371504719f,0.8378986479461188f,-0.12647166681170674f,2.549781212048448f,0f,0f,0f,1f],start_interpolation:0}
execute if entity @s[tag=aj.nep_fume_ugs_skills.bone.head] run data modify entity @s {} merge value {transformation:[-0.8845971451879845f,-0.465405415951628f,0.02976053642258858f,11.99630105890505f,-0.4598519521308898f,0.8598616069642148f,-0.22175256253384829f,5.788120924176257f,0.07761490093196095f,-0.20984712452595183f,-0.9746487118349421f,2.592179920846132f,0f,0f,0f,1f],start_interpolation:0}
execute if entity @s[tag=aj.nep_fume_ugs_skills.bone.body_top] run data modify entity @s {} merge value {transformation:[-0.8855234881662505f,-0.4208837663705567f,0.19673588160681665f,12.162024041913456f,-0.4156685692219674f,0.528577755928298f,-0.740152144156029f,5.57999343277949f,0.20752781130932615f,-0.737199030888904f,-0.6430161711727176f,2.882452039258638f,0f,0f,0f,1f],start_interpolation:0}
execute if entity @s[tag=aj.nep_fume_ugs_skills.bone.body] run data modify entity @s {} merge value {transformation:[-0.8855234881662505f,-0.4208837663705567f,0.19673588160681665f,12.346160689700575f,-0.4156685692219674f,0.528577755928298f,-0.740152144156029f,5.348740664560859f,0.20752781130932615f,-0.737199030888904f,-0.6430161711727176f,3.2049766152725336f,0f,0f,0f,1f],start_interpolation:0}
execute if entity @s[tag=aj.nep_fume_ugs_skills.bone.right_leg2] run data modify entity @s {} merge value {transformation:[-0.9556290251616627f,0.030922573627106435f,0.2929453203395585f,12.1838044039519f,-0.28521842092542354f,0.15149468497108176f,-0.9464141867017425f,5.243507833623736f,-0.07364522138861679f,-0.987974268321695f,-0.13595303049521476f,3.5062929344316816f,0f,0f,0f,1f],start_interpolation:0}
execute if entity @s[tag=aj.nep_fume_ugs_skills.bone.right_leg] run data modify entity @s {} merge value {transformation:[-0.9556290251616627f,-0.0075790104695578064f,0.29447533830335043f,12.196012400582553f,-0.28521842092542354f,0.27373046699323866f,-0.918543457765865f,5.346336258026391f,-0.07364522138861679f,-0.9617765801057778f,-0.2637464527281f,3.161805182540365f,0f,0f,0f,1f],start_interpolation:0}
execute if entity @s[tag=aj.nep_fume_ugs_skills.bone.left_leg2] run data modify entity @s {} merge value {transformation:[-0.6390376193954528f,-0.151647160472406f,0.7540782848736921f,12.581434022976875f,-0.757014276091498f,-0.04964556492498903f,-0.6515095576251696f,5.388964966746132f,0.13623621688471138f,-0.9871871436581492f,-0.0830736817831424f,3.4241347689382957f,0f,0f,0f,1f],start_interpolation:0}
execute if entity @s[tag=aj.nep_fume_ugs_skills.bone.left_leg] run data modify entity @s {} merge value {transformation:[-0.6390376193954528f,-0.42867697405135496f,0.6386446374280197f,12.417393272624116f,-0.757014276091498f,0.2034553924165035f,-0.6209148807125756f,5.450253400331883f,0.13623621688471138f,-0.8802510751000653f,-0.45453023881159044f,3.1099232297130333f,0f,0f,0f,1f],start_interpolation:0}
execute if entity @s[tag=aj.nep_fume_ugs_skills.locator_origin.nep_ride] at @s on origin run tp @s ^-0.0625 ^1 ^-1.6875 ~0 ~0
execute if entity @s[tag=aj.nep_fume_ugs_skills.locator_origin.wave_of_destruction0] at @s on origin run tp @s ^-0.375 ^2.56249 ^0.18752 ~0 ~90
execute if entity @s[tag=aj.nep_fume_ugs_skills.locator_origin.wave_of_destruction1] at @s on origin run tp @s ^-0.375 ^2.5625 ^0.18752 ~0 ~90
execute if entity @s[tag=aj.nep_fume_ugs_skills.locator_origin.wave_of_destruction2] at @s on origin run tp @s ^-0.375 ^2.56251 ^0.18752 ~0 ~90
execute if entity @s[tag=aj.nep_fume_ugs_skills.locator_origin.wave_of_destruction3] at @s on origin run tp @s ^-0.375 ^2.56252 ^0.18752 ~0 ~90
execute if entity @s[tag=aj.nep_fume_ugs_skills.locator_origin.wave_of_destruction4] at @s on origin run tp @s ^-0.375 ^2.56253 ^0.18752 ~0 ~90
execute if entity @s[tag=aj.nep_fume_ugs_skills.locator_origin.wave_of_destruction5] at @s on origin run tp @s ^-0.37501 ^2.56253 ^0.18752 ~0 ~90
execute if entity @s[tag=aj.nep_fume_ugs_skills.locator_origin.wave_of_destruction6] at @s on origin run tp @s ^-0.37499 ^2.56253 ^0.18752 ~0 ~90
execute if entity @s[tag=aj.nep_fume_ugs_skills.locator_origin.wave_of_destruction7] at @s on origin run tp @s ^-0.375 ^2.56253 ^0.18753 ~0 ~90
execute if entity @s[tag=aj.nep_fume_ugs_skills.locator_origin.wave_of_destruction8] at @s on origin run tp @s ^-0.375 ^2.56253 ^0.18751 ~0 ~90
execute if entity @s[tag=aj.nep_fume_ugs_skills.locator_origin.wave_of_destruction12] at @s on origin run tp @s ^-0.37501 ^2.56252 ^0.18752 ~0 ~90
execute if entity @s[tag=aj.nep_fume_ugs_skills.locator_origin.wave_of_destruction11] at @s on origin run tp @s ^-0.375 ^2.56252 ^0.18753 ~0 ~90
execute if entity @s[tag=aj.nep_fume_ugs_skills.locator_origin.wave_of_destruction10] at @s on origin run tp @s ^-0.37499 ^2.56252 ^0.18752 ~0 ~90
execute if entity @s[tag=aj.nep_fume_ugs_skills.locator_origin.wave_of_destruction9] at @s on origin run tp @s ^-0.375 ^2.56252 ^0.18751 ~0 ~90
execute if entity @s[tag=aj.nep_fume_ugs_skills.locator_origin.wave_of_destruction13] at @s on origin run tp @s ^-0.37501 ^2.56251 ^0.18752 ~0 ~90
execute if entity @s[tag=aj.nep_fume_ugs_skills.locator_origin.wave_of_destruction14] at @s on origin run tp @s ^-0.375 ^2.56251 ^0.18753 ~0 ~90
execute if entity @s[tag=aj.nep_fume_ugs_skills.locator_origin.wave_of_destruction15] at @s on origin run tp @s ^-0.37499 ^2.56251 ^0.18752 ~0 ~90
execute if entity @s[tag=aj.nep_fume_ugs_skills.locator_origin.wave_of_destruction16] at @s on origin run tp @s ^-0.375 ^2.56251 ^0.18751 ~0 ~90
execute if entity @s[tag=aj.nep_fume_ugs_skills.locator_origin.wave_of_destruction17] at @s on origin run tp @s ^-0.37501 ^2.5625 ^0.18752 ~0 ~90
execute if entity @s[tag=aj.nep_fume_ugs_skills.locator_origin.wave_of_destruction18] at @s on origin run tp @s ^-0.375 ^2.5625 ^0.18753 ~0 ~90
execute if entity @s[tag=aj.nep_fume_ugs_skills.locator_origin.wave_of_destruction19] at @s on origin run tp @s ^-0.37499 ^2.5625 ^0.18752 ~0 ~90
execute if entity @s[tag=aj.nep_fume_ugs_skills.locator_origin.wave_of_destruction20] at @s on origin run tp @s ^-0.375 ^2.5625 ^0.18751 ~0 ~90
execute if entity @s[tag=aj.nep_fume_ugs_skills.locator_origin.wave_of_destruction24] at @s on origin run tp @s ^-0.37499 ^2.56249 ^0.18752 ~0 ~90
execute if entity @s[tag=aj.nep_fume_ugs_skills.locator_origin.wave_of_destruction23] at @s on origin run tp @s ^-0.375 ^2.56249 ^0.18753 ~0 ~90
execute if entity @s[tag=aj.nep_fume_ugs_skills.locator_origin.wave_of_destruction22] at @s on origin run tp @s ^-0.37501 ^2.56249 ^0.18752 ~0 ~90
execute if entity @s[tag=aj.nep_fume_ugs_skills.locator_origin.wave_of_destruction21] at @s on origin run tp @s ^-0.375 ^2.56249 ^0.18751 ~0 ~90
execute if entity @s[tag=aj.nep_fume_ugs_skills.locator_origin.wave_of_destruction25] at @s on origin run tp @s ^0.00002 ^0.37402 ^-3.96638 ~0 ~90
execute if entity @s[tag=aj.nep_fume_ugs_skills.locator_origin.wave_of_destruction26] at @s on origin run tp @s ^0 ^0.37402 ^-3.96636 ~0 ~90
execute if entity @s[tag=aj.nep_fume_ugs_skills.locator_origin.wave_of_destruction27] at @s on origin run tp @s ^-0.00002 ^0.37402 ^-3.96638 ~0 ~90
execute if entity @s[tag=aj.nep_fume_ugs_skills.locator_origin.wave_of_destruction28] at @s on origin run tp @s ^0 ^0.37402 ^-3.9664 ~0 ~90
execute if entity @s[tag=aj.nep_fume_ugs_skills.locator_origin.wave_of_destruction29] at @s on origin run tp @s ^0.00002 ^0.37403 ^-3.9664 ~0 ~90
execute if entity @s[tag=aj.nep_fume_ugs_skills.locator_origin.wave_of_destruction30] at @s on origin run tp @s ^0.00001 ^0.37402 ^-3.96637 ~0 ~90
execute if entity @s[tag=aj.nep_fume_ugs_skills.locator_origin.wave_of_destruction31] at @s on origin run tp @s ^-0.00002 ^0.37403 ^-3.96637 ~0 ~90
execute if entity @s[tag=aj.nep_fume_ugs_skills.locator_origin.wave_of_destruction32] at @s on origin run tp @s ^-0.00001 ^0.37403 ^-3.9664 ~0 ~90