execute if entity @s[tag=aj.nep_fume_ugs_skills.bone.right_arm2] run data modify entity @s {} merge value {transformation:[0.7798263768907449f,-0.18734146297427573f,0.5973056153729954f,0.23268075031674135f,0.2163792026319899f,0.9760235093277322f,0.02362519646315217f,2.254534982981644f,-0.5874103017259732f,0.1108209614208268f,0.8016656734175197f,-0.21968902927570183f,0f,0f,0f,1f],start_interpolation:0}
execute if entity @s[tag=aj.nep_fume_ugs_skills.bone.right_arm] run data modify entity @s {} merge value {transformation:[0.7798263768907449f,-0.18734146297427573f,0.5973056153729954f,0.2318158478104549f,0.2163792026319899f,0.9760235093277322f,0.02362519646315217f,2.4997765689859532f,-0.5874103017259732f,0.1108209614208268f,0.8016656734175197f,-0.24784106356491073f,0f,0f,0f,1f],start_interpolation:0}
execute if entity @s[tag=aj.nep_fume_ugs_skills.locator_origin.fume_ugs_locator] at @s on origin run tp @s ^-0.57296 ^2.06558 ^2.94525 ~99.00485 ~81.77235
execute if entity @s[tag=aj.nep_fume_ugs_skills.locator_origin.fume_ugs_locator2] at @s on origin run tp @s ^-0.52798 ^2.07042 ^2.4473 ~99.00485 ~81.77235
execute if entity @s[tag=aj.nep_fume_ugs_skills.locator_origin.fume_ugs_locator3] at @s on origin run tp @s ^-0.48301 ^2.07527 ^1.94935 ~99.00485 ~81.77235
execute if entity @s[tag=aj.nep_fume_ugs_skills.locator_origin.fume_ugs_locator4] at @s on origin run tp @s ^-0.43804 ^2.08012 ^1.4514 ~99.00485 ~81.77235
execute if entity @s[tag=aj.nep_fume_ugs_skills.locator_origin.fume_ugs_locator5] at @s on origin run tp @s ^-0.38744 ^2.08557 ^0.89121 ~99.00485 ~81.77235
execute if entity @s[tag=aj.nep_fume_ugs_skills.locator_origin.fume_ugs_locator10] at @s on origin run tp @s ^-0.33444 ^2.45671 ^0.89961 ~99.00485 ~81.77235
execute if entity @s[tag=aj.nep_fume_ugs_skills.locator_origin.fume_ugs_locator9] at @s on origin run tp @s ^-0.38503 ^2.45126 ^1.4598 ~99.00485 ~81.77235
execute if entity @s[tag=aj.nep_fume_ugs_skills.locator_origin.fume_ugs_locator8] at @s on origin run tp @s ^-0.43001 ^2.44641 ^1.95775 ~99.00485 ~81.77235
execute if entity @s[tag=aj.nep_fume_ugs_skills.locator_origin.fume_ugs_locator7] at @s on origin run tp @s ^-0.47498 ^2.44156 ^2.4557 ~99.00485 ~81.77235
execute if entity @s[tag=aj.nep_fume_ugs_skills.locator_origin.fume_ugs_locator6] at @s on origin run tp @s ^-0.51995 ^2.43672 ^2.95365 ~99.00485 ~81.77235
execute if entity @s[tag=aj.nep_fume_ugs_skills.locator_origin.foe_ride_locator] at @s on origin run tp @s ^-0.46775 ^2.25963 ^2.07804 ~99.00485 ~81.77235
execute if entity @s[tag=aj.nep_fume_ugs_skills.bone.fume_ugs_slash] run data modify entity @s {} merge value {transformation:[-0.000026289757957270317f,-0.0000023986064218222137f,0.0000037691411345884295f,-0.4676395233030664f,0.000003807410888589987f,-2.5848577451270894e-7f,0.000026392194272946164f,2.2753100469042327f,-0.0000023373831488867322f,0.000026557315064755305f,5.973003245709234e-7f,2.0820178236382394f,0f,0f,0f,1f],start_interpolation:0}
execute if entity @s[tag=aj.nep_fume_ugs_skills.bone.gravity_vortex] run data modify entity @s {} merge value {transformation:[0.0000011993032109111039f,-0.000013144878978635159f,0.0000018845705672942148f,-0.4691688662594966f,1.292428872563549e-7f,0.0000019037054442949936f,0.000013196097136473082f,2.260321036109254f,-0.000013278657532377652f,-0.0000011686915744433632f,2.986501622854617e-7f,2.230782508087667f,0f,0f,0f,1f],start_interpolation:0}
execute if entity @s[tag=aj.nep_fume_ugs_skills.bone.fume_ultra_greatsword] run data modify entity @s {} merge value {transformation:[-2.046657656973494f,-0.18673150993885934f,0.29342763732770927f,-0.3376698742042032f,0.2964069376767305f,-0.02012311754581439f,2.054632324148859f,2.2891853337626964f,-0.1819652781408321f,2.0674869777912f,0.04649983026784638f,0.6677545980130247f,0f,0f,0f,1f],start_interpolation:0}
execute if entity @s[tag=aj.nep_fume_ugs_skills.bone.left_arm2] run data modify entity @s {} merge value {transformation:[0.7859366413468075f,-0.3976381640204589f,0.47348440977812456f,-0.3239860112788753f,-0.2163792026319899f,0.5404714582955226f,0.8130625089353558f,2.3377307687304336f,-0.5792094927199006f,-0.7414677965241311f,0.33873569380979884f,0.5135519412884578f,0f,0f,0f,1f],start_interpolation:0}
execute if entity @s[tag=aj.nep_fume_ugs_skills.bone.left_arm] run data modify entity @s {} merge value {transformation:[0.7859366413468075f,-0.3976381640204589f,0.47348440977812456f,-0.4577619276571631f,-0.2163792026319899f,0.5404714582955226f,0.8130625089353558f,2.5195595546768277f,-0.5792094927199006f,-0.7414677965241311f,0.33873569380979884f,0.2641027110080814f,0f,0f,0f,1f],start_interpolation:0}
execute if entity @s[tag=aj.nep_fume_ugs_skills.bone.head] run data modify entity @s {} merge value {transformation:[0.9997426808001095f,-0.011016375856642696f,0.019829565038003316f,-0.0930279814661664f,0.012566129382957833f,0.9967311540383145f,-0.07980663482305715f,2.60238854556017f,-0.018885565359342216f,0.08003527992351386f,0.996613109179597f,-0.008830187094012459f,0f,0f,0f,1f],start_interpolation:0}
execute if entity @s[tag=aj.nep_fume_ugs_skills.bone.body_top] run data modify entity @s {} merge value {transformation:[0.8018894919259901f,-0.014115402316809923f,0.5973056153729954f,-0.0874700418039225f,8.673617379884035e-19f,0.9997208860937524f,0.02362519646315217f,2.208748446660755f,-0.5974723782223561f,-0.01894479678848878f,0.8016656734175197f,-0.0013706733585450003f,0f,0f,0f,1f],start_interpolation:0}
execute if entity @s[tag=aj.nep_fume_ugs_skills.bone.body] run data modify entity @s {} merge value {transformation:[0.8018894919259901f,-0.014115402316809923f,0.5973056153729954f,-0.08129455329031815f,8.673617379884035e-19f,0.9997208860937524f,0.02362519646315217f,1.7713705589947382f,-0.5974723782223561f,-0.01894479678848878f,0.8016656734175197f,0.006917675236418841f,0f,0f,0f,1f],start_interpolation:0}
execute if entity @s[tag=aj.nep_fume_ugs_skills.bone.right_leg2] run data modify entity @s {} merge value {transformation:[0.7909004810417464f,-0.012781584317246644f,0.6118112945919485f,0.06322897173126829f,0.1304809091396565f,0.9803126698896986f,-0.14819514703194486f,1.5108957489426609f,-0.5978721949029105f,0.19703730701588518f,0.7769975149290408f,-0.11264140707767266f,0f,0f,0f,1f],start_interpolation:0}
execute if entity @s[tag=aj.nep_fume_ugs_skills.bone.right_leg] run data modify entity @s {} merge value {transformation:[0.7909004810417464f,-0.09252963473185755f,0.6049088326221762f,0.017618314233229695f,0.1304809091396565f,0.9912693073493526f,-0.01897083701958329f,1.8650943920660275f,-0.5978721949029105f,0.09393309855170284f,0.7960687228866947f,-0.06954244674029647f,0f,0f,0f,1f],start_interpolation:0}
execute if entity @s[tag=aj.nep_fume_ugs_skills.bone.left_leg2] run data modify entity @s {} merge value {transformation:[0.9625153289106341f,0.07814995588635276f,0.259724519456704f,-0.18812154990476077f,-0.07896573103392672f,0.9968505427721099f,-0.007308125425004253f,1.5343496413771913f,-0.25947765787121674f,-0.013475153799165807f,0.9656550964478763f,0.2211575079130637f,0f,0f,0f,1f],start_interpolation:0}
execute if entity @s[tag=aj.nep_fume_ugs_skills.bone.left_leg] run data modify entity @s {} merge value {transformation:[0.9625153289106341f,-0.027191125865003746f,0.2698608609751481f,-0.18285405874826782f,-0.07896573103392672f,0.9237665119617146f,0.3747263597618469f,1.8650943920660275f,-0.25947765787121674f,-0.3819896255820061f,0.8869922609658932f,0.0798256478152925f,0f,0f,0f,1f],start_interpolation:0}
execute if entity @s[tag=aj.nep_fume_ugs_skills.locator_origin.nep_ride] at @s on origin run tp @s ^-0.0625 ^1 ^-1.6875 ~0 ~0
execute if entity @s[tag=aj.nep_fume_ugs_skills.locator_origin.wave_of_destruction0] at @s on origin run tp @s ^-0.375 ^2.56249 ^0.18752 ~0 ~90
execute if entity @s[tag=aj.nep_fume_ugs_skills.locator_origin.wave_of_destruction1] at @s on origin run tp @s ^-0.375 ^2.5625 ^0.18752 ~0 ~90
execute if entity @s[tag=aj.nep_fume_ugs_skills.locator_origin.wave_of_destruction2] at @s on origin run tp @s ^-0.375 ^2.56251 ^0.18752 ~0 ~90
execute if entity @s[tag=aj.nep_fume_ugs_skills.locator_origin.wave_of_destruction3] at @s on origin run tp @s ^-0.375 ^2.56252 ^0.18752 ~0 ~90
execute if entity @s[tag=aj.nep_fume_ugs_skills.locator_origin.wave_of_destruction4] at @s on origin run tp @s ^-0.375 ^2.56253 ^0.18752 ~0 ~90
execute if entity @s[tag=aj.nep_fume_ugs_skills.locator_origin.wave_of_destruction5] at @s on origin run tp @s ^-0.37501 ^2.56253 ^0.18752 ~0 ~90
execute if entity @s[tag=aj.nep_fume_ugs_skills.locator_origin.wave_of_destruction6] at @s on origin run tp @s ^-0.37499 ^2.56253 ^0.18752 ~0 ~90
execute if entity @s[tag=aj.nep_fume_ugs_skills.locator_origin.wave_of_destruction7] at @s on origin run tp @s ^-0.375 ^2.56253 ^0.18753 ~0 ~90
execute if entity @s[tag=aj.nep_fume_ugs_skills.locator_origin.wave_of_destruction8] at @s on origin run tp @s ^-0.375 ^2.56253 ^0.18751 ~0 ~90
execute if entity @s[tag=aj.nep_fume_ugs_skills.locator_origin.wave_of_destruction12] at @s on origin run tp @s ^-0.37501 ^2.56252 ^0.18752 ~0 ~90
execute if entity @s[tag=aj.nep_fume_ugs_skills.locator_origin.wave_of_destruction11] at @s on origin run tp @s ^-0.375 ^2.56252 ^0.18753 ~0 ~90
execute if entity @s[tag=aj.nep_fume_ugs_skills.locator_origin.wave_of_destruction10] at @s on origin run tp @s ^-0.37499 ^2.56252 ^0.18752 ~0 ~90
execute if entity @s[tag=aj.nep_fume_ugs_skills.locator_origin.wave_of_destruction9] at @s on origin run tp @s ^-0.375 ^2.56252 ^0.18751 ~0 ~90
execute if entity @s[tag=aj.nep_fume_ugs_skills.locator_origin.wave_of_destruction13] at @s on origin run tp @s ^-0.37501 ^2.56251 ^0.18752 ~0 ~90
execute if entity @s[tag=aj.nep_fume_ugs_skills.locator_origin.wave_of_destruction14] at @s on origin run tp @s ^-0.375 ^2.56251 ^0.18753 ~0 ~90
execute if entity @s[tag=aj.nep_fume_ugs_skills.locator_origin.wave_of_destruction15] at @s on origin run tp @s ^-0.37499 ^2.56251 ^0.18752 ~0 ~90
execute if entity @s[tag=aj.nep_fume_ugs_skills.locator_origin.wave_of_destruction16] at @s on origin run tp @s ^-0.375 ^2.56251 ^0.18751 ~0 ~90
execute if entity @s[tag=aj.nep_fume_ugs_skills.locator_origin.wave_of_destruction17] at @s on origin run tp @s ^-0.37501 ^2.5625 ^0.18752 ~0 ~90
execute if entity @s[tag=aj.nep_fume_ugs_skills.locator_origin.wave_of_destruction18] at @s on origin run tp @s ^-0.375 ^2.5625 ^0.18753 ~0 ~90
execute if entity @s[tag=aj.nep_fume_ugs_skills.locator_origin.wave_of_destruction19] at @s on origin run tp @s ^-0.37499 ^2.5625 ^0.18752 ~0 ~90
execute if entity @s[tag=aj.nep_fume_ugs_skills.locator_origin.wave_of_destruction20] at @s on origin run tp @s ^-0.375 ^2.5625 ^0.18751 ~0 ~90
execute if entity @s[tag=aj.nep_fume_ugs_skills.locator_origin.wave_of_destruction24] at @s on origin run tp @s ^-0.37499 ^2.56249 ^0.18752 ~0 ~90
execute if entity @s[tag=aj.nep_fume_ugs_skills.locator_origin.wave_of_destruction23] at @s on origin run tp @s ^-0.375 ^2.56249 ^0.18753 ~0 ~90
execute if entity @s[tag=aj.nep_fume_ugs_skills.locator_origin.wave_of_destruction22] at @s on origin run tp @s ^-0.37501 ^2.56249 ^0.18752 ~0 ~90
execute if entity @s[tag=aj.nep_fume_ugs_skills.locator_origin.wave_of_destruction21] at @s on origin run tp @s ^-0.375 ^2.56249 ^0.18751 ~0 ~90
execute if entity @s[tag=aj.nep_fume_ugs_skills.locator_origin.wave_of_destruction25] at @s on origin run tp @s ^0.00002 ^0.37402 ^-3.96638 ~0 ~90
execute if entity @s[tag=aj.nep_fume_ugs_skills.locator_origin.wave_of_destruction26] at @s on origin run tp @s ^0 ^0.37402 ^-3.96636 ~0 ~90
execute if entity @s[tag=aj.nep_fume_ugs_skills.locator_origin.wave_of_destruction27] at @s on origin run tp @s ^-0.00002 ^0.37402 ^-3.96638 ~0 ~90
execute if entity @s[tag=aj.nep_fume_ugs_skills.locator_origin.wave_of_destruction28] at @s on origin run tp @s ^0 ^0.37402 ^-3.9664 ~0 ~90
execute if entity @s[tag=aj.nep_fume_ugs_skills.locator_origin.wave_of_destruction29] at @s on origin run tp @s ^0.00002 ^0.37403 ^-3.9664 ~0 ~90
execute if entity @s[tag=aj.nep_fume_ugs_skills.locator_origin.wave_of_destruction30] at @s on origin run tp @s ^0.00001 ^0.37402 ^-3.96637 ~0 ~90
execute if entity @s[tag=aj.nep_fume_ugs_skills.locator_origin.wave_of_destruction31] at @s on origin run tp @s ^-0.00002 ^0.37403 ^-3.96637 ~0 ~90
execute if entity @s[tag=aj.nep_fume_ugs_skills.locator_origin.wave_of_destruction32] at @s on origin run tp @s ^-0.00001 ^0.37403 ^-3.9664 ~0 ~90