execute if entity @s[tag=aj.nep_fume_ugs_skills.bone.right_arm2] run data modify entity @s {} merge value {transformation:[-0.8101386141249286f,-0.3480131514518469f,-0.4717650605124269f,6.979017858660104f,-0.3856426735224981f,0.9224678218924629f,-0.018244065648735264f,7.68269039831531f,0.441537262597575f,0.16715251714984503f,-0.8815355249496818f,-4.297154409990933f,0f,0f,0f,1f],start_interpolation:0}
execute if entity @s[tag=aj.nep_fume_ugs_skills.bone.right_arm] run data modify entity @s {} merge value {transformation:[-0.8101386141249286f,-0.3480131514518469f,-0.4717650605124269f,6.849062822885059f,-0.3856426735224981f,0.9224678218924629f,-0.018244065648735264f,7.874499327985947f,0.441537262597575f,0.16715251714984503f,-0.8815355249496818f,-4.211962017301289f,0f,0f,0f,1f],start_interpolation:0}
execute if entity @s[tag=aj.nep_fume_ugs_skills.locator_origin.fume_ugs_locator] at @s on origin run tp @s ^5.03359 ^8.46467 ^-6.05594 ~-176.94258 ~53.79488
execute if entity @s[tag=aj.nep_fume_ugs_skills.locator_origin.fume_ugs_locator2] at @s on origin run tp @s ^5.43147 ^8.29625 ^-5.8043 ~-176.94258 ~53.79488
execute if entity @s[tag=aj.nep_fume_ugs_skills.locator_origin.fume_ugs_locator3] at @s on origin run tp @s ^5.82935 ^8.12784 ^-5.55265 ~-176.94258 ~53.79488
execute if entity @s[tag=aj.nep_fume_ugs_skills.locator_origin.fume_ugs_locator4] at @s on origin run tp @s ^6.22724 ^7.95942 ^-5.301 ~-176.94258 ~53.79488
execute if entity @s[tag=aj.nep_fume_ugs_skills.locator_origin.fume_ugs_locator5] at @s on origin run tp @s ^6.67485 ^7.76996 ^-5.0179 ~-176.94258 ~53.79488
execute if entity @s[tag=aj.nep_fume_ugs_skills.locator_origin.fume_ugs_locator10] at @s on origin run tp @s ^6.66304 ^8.07255 ^-4.79671 ~-176.94258 ~53.79488
execute if entity @s[tag=aj.nep_fume_ugs_skills.locator_origin.fume_ugs_locator9] at @s on origin run tp @s ^6.21542 ^8.26201 ^-5.07981 ~-176.94258 ~53.79488
execute if entity @s[tag=aj.nep_fume_ugs_skills.locator_origin.fume_ugs_locator8] at @s on origin run tp @s ^5.81754 ^8.43043 ^-5.33146 ~-176.94258 ~53.79488
execute if entity @s[tag=aj.nep_fume_ugs_skills.locator_origin.fume_ugs_locator7] at @s on origin run tp @s ^5.41966 ^8.59884 ^-5.58311 ~-176.94258 ~53.79488
execute if entity @s[tag=aj.nep_fume_ugs_skills.locator_origin.fume_ugs_locator6] at @s on origin run tp @s ^5.02177 ^8.76726 ^-5.83476 ~-176.94258 ~53.79488
execute if entity @s[tag=aj.nep_fume_ugs_skills.locator_origin.foe_ride_locator] at @s on origin run tp @s ^5.72398 ^8.32124 ^-5.50497 ~-176.94258 ~53.79488
execute if entity @s[tag=aj.nep_fume_ugs_skills.bone.fume_ugs_slash] run data modify entity @s {} merge value {transformation:[0.00001612764582664166f,-0.00002122037546911837f,-8.401286515523203e-7f,5.721535112202987f,0.00001293939385946522f,0.000008982143809086143f,0.000021517534483616854f,8.335989193915049f,-0.00001683990017046281f,-0.000013421172402351691f,0.000015728986130908494f,-5.498788156322203f,0f,0f,0f,1f],start_interpolation:0}
execute if entity @s[tag=aj.nep_fume_ugs_skills.bone.gravity_vortex] run data modify entity @s {} merge value {transformation:[0.000010610187734559186f,0.000008063822913320827f,-4.2006432577616015e-7f,5.5955145103086865f,-0.00000449107190454307f,0.000006469696929732612f,0.000010758767241808427f,8.369897541002885f,0.000006710586201175843f,-0.000008419950085231407f,0.000007864493065454247f,-5.571774268492927f,0f,0f,0f,1f],start_interpolation:0}
execute if entity @s[tag=aj.nep_fume_ugs_skills.bone.fume_ultra_greatsword] run data modify entity @s {} merge value {transformation:[1.255537227604053f,-1.652006230270865f,-0.06540401552334814f,6.850412766331167f,1.0073318119593673f,0.6992598955373562f,1.6751400595495722f,7.856873670824491f,-1.3109862282705298f,-1.044838271523079f,1.2245015702912263f,-4.782332531616917f,0f,0f,0f,1f],start_interpolation:0}
execute if entity @s[tag=aj.nep_fume_ugs_skills.bone.left_arm2] run data modify entity @s {} merge value {transformation:[-0.25582443568213153f,0.723733797349796f,-0.6409081437160582f,6.999296971849726f,-0.416256116579806f,0.5158969546354675f,0.7487196922799276f,7.996146630006347f,0.8725163055885075f,0.45832272774923055f,0.16927957263263393f,-4.862704747518095f,0f,0f,0f,1f],start_interpolation:0}
execute if entity @s[tag=aj.nep_fume_ugs_skills.bone.left_arm] run data modify entity @s {} merge value {transformation:[-0.25582443568213153f,0.723733797349796f,-0.6409081437160582f,7.242780019290378f,-0.416256116579806f,0.5158969546354675f,0.7487196922799276f,8.169707907840777f,0.8725163055885075f,0.45832272774923055f,0.16927957263263393f,-4.708512950931651f,0f,0f,0f,1f],start_interpolation:0}
execute if entity @s[tag=aj.nep_fume_ugs_skills.bone.head] run data modify entity @s {} merge value {transformation:[-0.6318360700860101f,-0.602354223305899f,-0.4878038234821591f,6.986859445785941f,-0.5070787420127667f,0.7972080635397154f,-0.32761326717031325f,8.090707156486465f,0.5862203765965632f,0.040357069923422306f,-0.8091458317078448f,-4.4734468137954275f,0f,0f,0f,1f],start_interpolation:0}
execute if entity @s[tag=aj.nep_fume_ugs_skills.bone.body_top] run data modify entity @s {} merge value {transformation:[-0.5655309751749812f,-0.81703764700772f,-0.11235746299077387f,7.308568019295231f,-0.44599400975894266f,0.417572123766533f,-0.7916583004758098f,7.926288132753392f,0.6937319794969631f,-0.39759653522785576f,-0.6005438666725603f,-4.316893178049459f,0f,0f,0f,1f],start_interpolation:0}
execute if entity @s[tag=aj.nep_fume_ugs_skills.bone.body] run data modify entity @s {} merge value {transformation:[-0.5655309751749812f,-0.81703764700772f,-0.11235746299077387f,7.666021989861109f,-0.44599400975894266f,0.417572123766533f,-0.7916583004758098f,7.743600328605534f,0.6937319794969631f,-0.39759653522785576f,-0.6005438666725603f,-4.142944693887272f,0f,0f,0f,1f],start_interpolation:0}
execute if entity @s[tag=aj.nep_fume_ugs_skills.bone.right_leg2] run data modify entity @s {} merge value {transformation:[-0.7937835160720675f,-0.5443780393325016f,0.2712199843388517f,7.7130149835509165f,-0.3518873143048417f,0.04734561980152484f,-0.9348442171383075f,7.660779424215517f,0.49606758374599624f,-0.8375028015344851f,-0.22914189878391544f,-3.7980977050513007f,0f,0f,0f,1f],start_interpolation:0}
execute if entity @s[tag=aj.nep_fume_ugs_skills.bone.right_leg] run data modify entity @s {} merge value {transformation:[-0.7937835160720675f,-0.5751221215506911f,0.19784406717235095f,7.518733338557263f,-0.3518873143048417f,0.16896222744277828f,-0.9206666517958063f,7.726998463988778f,0.49606758374599624f,-0.8004288294411985f,-0.3364976097326727f,-4.093502871627763f,0f,0f,0f,1f],start_interpolation:0}
execute if entity @s[tag=aj.nep_fume_ugs_skills.bone.left_leg2] run data modify entity @s {} merge value {transformation:[-0.3648053439005376f,-0.6721147984946809f,0.6443436650624146f,7.9775857483105055f,-0.7764781492404599f,-0.16228020004757526f,-0.6088898261792761f,7.82077087587056f,0.5138080816936614f,-0.7224450389593482f,-0.4626817706256709f,-4.09872965924705f,0f,0f,0f,1f],start_interpolation:0}
execute if entity @s[tag=aj.nep_fume_ugs_skills.bone.left_leg] run data modify entity @s {} merge value {transformation:[-0.3648053439005376f,-0.8675327511959701f,0.33808872602315765f,7.660116082351008f,-0.7764781492404599f,0.08308469325867635f,-0.6246427919204878f,7.838496966428514f,0.5138080816936614f,-0.49039153678307207f,-0.7039299651512336f,-4.266935866502004f,0f,0f,0f,1f],start_interpolation:0}
execute if entity @s[tag=aj.nep_fume_ugs_skills.locator_origin.nep_ride] at @s on origin run tp @s ^-0.0625 ^1 ^-1.6875 ~0 ~0
execute if entity @s[tag=aj.nep_fume_ugs_skills.locator_origin.wave_of_destruction0] at @s on origin run tp @s ^-0.375 ^2.56249 ^0.18752 ~0 ~90
execute if entity @s[tag=aj.nep_fume_ugs_skills.locator_origin.wave_of_destruction1] at @s on origin run tp @s ^-0.375 ^2.5625 ^0.18752 ~0 ~90
execute if entity @s[tag=aj.nep_fume_ugs_skills.locator_origin.wave_of_destruction2] at @s on origin run tp @s ^-0.375 ^2.56251 ^0.18752 ~0 ~90
execute if entity @s[tag=aj.nep_fume_ugs_skills.locator_origin.wave_of_destruction3] at @s on origin run tp @s ^-0.375 ^2.56252 ^0.18752 ~0 ~90
execute if entity @s[tag=aj.nep_fume_ugs_skills.locator_origin.wave_of_destruction4] at @s on origin run tp @s ^-0.375 ^2.56253 ^0.18752 ~0 ~90
execute if entity @s[tag=aj.nep_fume_ugs_skills.locator_origin.wave_of_destruction5] at @s on origin run tp @s ^-0.37501 ^2.56253 ^0.18752 ~0 ~90
execute if entity @s[tag=aj.nep_fume_ugs_skills.locator_origin.wave_of_destruction6] at @s on origin run tp @s ^-0.37499 ^2.56253 ^0.18752 ~0 ~90
execute if entity @s[tag=aj.nep_fume_ugs_skills.locator_origin.wave_of_destruction7] at @s on origin run tp @s ^-0.375 ^2.56253 ^0.18753 ~0 ~90
execute if entity @s[tag=aj.nep_fume_ugs_skills.locator_origin.wave_of_destruction8] at @s on origin run tp @s ^-0.375 ^2.56253 ^0.18751 ~0 ~90
execute if entity @s[tag=aj.nep_fume_ugs_skills.locator_origin.wave_of_destruction12] at @s on origin run tp @s ^-0.37501 ^2.56252 ^0.18752 ~0 ~90
execute if entity @s[tag=aj.nep_fume_ugs_skills.locator_origin.wave_of_destruction11] at @s on origin run tp @s ^-0.375 ^2.56252 ^0.18753 ~0 ~90
execute if entity @s[tag=aj.nep_fume_ugs_skills.locator_origin.wave_of_destruction10] at @s on origin run tp @s ^-0.37499 ^2.56252 ^0.18752 ~0 ~90
execute if entity @s[tag=aj.nep_fume_ugs_skills.locator_origin.wave_of_destruction9] at @s on origin run tp @s ^-0.375 ^2.56252 ^0.18751 ~0 ~90
execute if entity @s[tag=aj.nep_fume_ugs_skills.locator_origin.wave_of_destruction13] at @s on origin run tp @s ^-0.37501 ^2.56251 ^0.18752 ~0 ~90
execute if entity @s[tag=aj.nep_fume_ugs_skills.locator_origin.wave_of_destruction14] at @s on origin run tp @s ^-0.375 ^2.56251 ^0.18753 ~0 ~90
execute if entity @s[tag=aj.nep_fume_ugs_skills.locator_origin.wave_of_destruction15] at @s on origin run tp @s ^-0.37499 ^2.56251 ^0.18752 ~0 ~90
execute if entity @s[tag=aj.nep_fume_ugs_skills.locator_origin.wave_of_destruction16] at @s on origin run tp @s ^-0.375 ^2.56251 ^0.18751 ~0 ~90
execute if entity @s[tag=aj.nep_fume_ugs_skills.locator_origin.wave_of_destruction17] at @s on origin run tp @s ^-0.37501 ^2.5625 ^0.18752 ~0 ~90
execute if entity @s[tag=aj.nep_fume_ugs_skills.locator_origin.wave_of_destruction18] at @s on origin run tp @s ^-0.375 ^2.5625 ^0.18753 ~0 ~90
execute if entity @s[tag=aj.nep_fume_ugs_skills.locator_origin.wave_of_destruction19] at @s on origin run tp @s ^-0.37499 ^2.5625 ^0.18752 ~0 ~90
execute if entity @s[tag=aj.nep_fume_ugs_skills.locator_origin.wave_of_destruction20] at @s on origin run tp @s ^-0.375 ^2.5625 ^0.18751 ~0 ~90
execute if entity @s[tag=aj.nep_fume_ugs_skills.locator_origin.wave_of_destruction24] at @s on origin run tp @s ^-0.37499 ^2.56249 ^0.18752 ~0 ~90
execute if entity @s[tag=aj.nep_fume_ugs_skills.locator_origin.wave_of_destruction23] at @s on origin run tp @s ^-0.375 ^2.56249 ^0.18753 ~0 ~90
execute if entity @s[tag=aj.nep_fume_ugs_skills.locator_origin.wave_of_destruction22] at @s on origin run tp @s ^-0.37501 ^2.56249 ^0.18752 ~0 ~90
execute if entity @s[tag=aj.nep_fume_ugs_skills.locator_origin.wave_of_destruction21] at @s on origin run tp @s ^-0.375 ^2.56249 ^0.18751 ~0 ~90
execute if entity @s[tag=aj.nep_fume_ugs_skills.locator_origin.wave_of_destruction25] at @s on origin run tp @s ^0.00002 ^0.37402 ^-3.96638 ~0 ~90
execute if entity @s[tag=aj.nep_fume_ugs_skills.locator_origin.wave_of_destruction26] at @s on origin run tp @s ^0 ^0.37402 ^-3.96636 ~0 ~90
execute if entity @s[tag=aj.nep_fume_ugs_skills.locator_origin.wave_of_destruction27] at @s on origin run tp @s ^-0.00002 ^0.37402 ^-3.96638 ~0 ~90
execute if entity @s[tag=aj.nep_fume_ugs_skills.locator_origin.wave_of_destruction28] at @s on origin run tp @s ^0 ^0.37402 ^-3.9664 ~0 ~90
execute if entity @s[tag=aj.nep_fume_ugs_skills.locator_origin.wave_of_destruction29] at @s on origin run tp @s ^0.00002 ^0.37403 ^-3.9664 ~0 ~90
execute if entity @s[tag=aj.nep_fume_ugs_skills.locator_origin.wave_of_destruction30] at @s on origin run tp @s ^0.00001 ^0.37402 ^-3.96637 ~0 ~90
execute if entity @s[tag=aj.nep_fume_ugs_skills.locator_origin.wave_of_destruction31] at @s on origin run tp @s ^-0.00002 ^0.37403 ^-3.96637 ~0 ~90
execute if entity @s[tag=aj.nep_fume_ugs_skills.locator_origin.wave_of_destruction32] at @s on origin run tp @s ^-0.00001 ^0.37403 ^-3.9664 ~0 ~90