execute if entity @s[tag=aj.nep_fume_ugs_skills.bone.right_arm2] run data modify entity @s {} merge value {transformation:[0.9907031216794556f,0.13491161124819595f,-0.017498052605862485f,-4.753857659037775f,-0.12777808945272345f,0.8786506700014983f,-0.4600497364000227f,12.936186023358097f,-0.04669137554617235f,0.4580085777104336f,0.8877207095665123f,2.7771331265802734f,0f,0f,0f,1f],start_interpolation:0}
execute if entity @s[tag=aj.nep_fume_ugs_skills.bone.right_arm] run data modify entity @s {} merge value {transformation:[0.9907031216794556f,0.13491161124819595f,-0.017498052605862485f,-4.653374795598477f,-0.12777808945272345f,0.8786506700014983f,-0.4600497364000227f,13.143049747430238f,-0.04669137554617235f,0.4580085777104336f,0.8877207095665123f,2.8668399513759355f,0f,0f,0f,1f],start_interpolation:0}
execute if entity @s[tag=aj.nep_fume_ugs_skills.locator_origin.fume_ugs_locator] at @s on origin run tp @s ^-4.25623 ^13.62281 ^5.47817 ~20.15039 ~64.21788
execute if entity @s[tag=aj.nep_fume_ugs_skills.locator_origin.fume_ugs_locator2] at @s on origin run tp @s ^-4.41784 ^13.44997 ^5.03771 ~20.15039 ~64.21788
execute if entity @s[tag=aj.nep_fume_ugs_skills.locator_origin.fume_ugs_locator3] at @s on origin run tp @s ^-4.57945 ^13.27712 ^4.59725 ~20.15039 ~64.21788
execute if entity @s[tag=aj.nep_fume_ugs_skills.locator_origin.fume_ugs_locator4] at @s on origin run tp @s ^-4.74106 ^13.10428 ^4.15678 ~20.15039 ~64.21788
execute if entity @s[tag=aj.nep_fume_ugs_skills.locator_origin.fume_ugs_locator5] at @s on origin run tp @s ^-4.92287 ^12.90983 ^3.66126 ~20.15039 ~64.21788
execute if entity @s[tag=aj.nep_fume_ugs_skills.locator_origin.fume_ugs_locator10] at @s on origin run tp @s ^-4.86668 ^13.2475 ^3.50814 ~20.15039 ~64.21788
execute if entity @s[tag=aj.nep_fume_ugs_skills.locator_origin.fume_ugs_locator9] at @s on origin run tp @s ^-4.68487 ^13.44195 ^4.00366 ~20.15039 ~64.21788
execute if entity @s[tag=aj.nep_fume_ugs_skills.locator_origin.fume_ugs_locator8] at @s on origin run tp @s ^-4.52326 ^13.61479 ^4.44412 ~20.15039 ~64.21788
execute if entity @s[tag=aj.nep_fume_ugs_skills.locator_origin.fume_ugs_locator7] at @s on origin run tp @s ^-4.36165 ^13.78764 ^4.88459 ~20.15039 ~64.21788
execute if entity @s[tag=aj.nep_fume_ugs_skills.locator_origin.fume_ugs_locator6] at @s on origin run tp @s ^-4.20005 ^13.96048 ^5.32505 ~20.15039 ~64.21788
execute if entity @s[tag=aj.nep_fume_ugs_skills.locator_origin.foe_ride_locator] at @s on origin run tp @s ^-4.51095 ^13.48917 ^4.6308 ~20.15039 ~64.21788
execute if entity @s[tag=aj.nep_fume_ugs_skills.bone.fume_ugs_slash] run data modify entity @s {} merge value {transformation:[-0.000024917019338076583f,0.00000861908673058824f,0.000003995572843488841f,-4.509047053451025f,0.000007039213889233942f,0.00000921838359183114f,0.000024012121582371388f,13.505022531770509f,0.00000637986882613144f,0.00002349135711268224f,-0.000010888733896872491f,4.628195496206413f,0f,0f,0f,1f],start_interpolation:0}
execute if entity @s[tag=aj.nep_fume_ugs_skills.bone.gravity_vortex] run data modify entity @s {} merge value {transformation:[-0.000004309543365294123f,-0.000012458509669038291f,0.0000019977864217444203f,-4.450050743160719f,-0.00000460919179591557f,0.000003519606944616972f,0.000012006060791185694f,13.542174625979026f,-0.00001174567855634112f,0.000003189934413065723f,-0.0000054443669484362456f,4.7604720925561805f,0f,0f,0f,1f],start_interpolation:0}
execute if entity @s[tag=aj.nep_fume_ugs_skills.bone.fume_ultra_greatsword] run data modify entity @s {} merge value {transformation:[-1.939789955469262f,0.6709959019762946f,0.3110553458656063f,-4.965997928733302f,0.5480028012768624f,0.7176511626240543f,1.8693436651876125f,13.013848715405887f,0.49667278811433263f,1.8288021512223123f,-0.8476879338715234f,3.3763291757373715f,0f,0f,0f,1f],start_interpolation:0}
execute if entity @s[tag=aj.nep_fume_ugs_skills.bone.left_arm2] run data modify entity @s {} merge value {transformation:[0.7517624673299123f,-0.480878090240466f,0.45123104396830316f,-5.156020620888663f,-0.21027387824588037f,0.47374341776093615f,0.8551912477660328f,13.110024134750427f,-0.6250104709854702f,-0.7377827840596914f,0.25502641961893147f,3.3703156396986156f,0f,0f,0f,1f],start_interpolation:0}
execute if entity @s[tag=aj.nep_fume_ugs_skills.bone.left_arm] run data modify entity @s {} merge value {transformation:[0.7517624673299123f,-0.480878090240466f,0.45123104396830316f,-5.317800633495424f,-0.21027387824588037f,0.47374341776093615f,0.8551912477660328f,13.269403856249921f,-0.6250104709854702f,-0.7377827840596914f,0.25502641961893147f,3.1221061443428537f,0f,0f,0f,1f],start_interpolation:0}
execute if entity @s[tag=aj.nep_fume_ugs_skills.bone.head] run data modify entity @s {} merge value {transformation:[0.9383292791294239f,0.3382986017333346f,0.07135979255663652f,-4.965621459944408f,-0.2866528540411482f,0.8766092939174954f,-0.3865052225876573f,13.278714002446566f,-0.19330883373120783f,0.3422136786902899f,0.9195224265447467f,3.0503484196968795f,0f,0f,0f,1f],start_interpolation:0}
execute if entity @s[tag=aj.nep_fume_ugs_skills.bone.body_top] run data modify entity @s {} merge value {transformation:[0.9237873431605789f,0.3828187745870865f,-0.008168870176487944f,-5.116356352438074f,-0.20647881186089306f,0.4800648621628902f,-0.8525867864147553f,13.089688462969928f,-0.32246464126913643f,0.7892955808441897f,0.5225218092969903f,2.73956328473948f,0f,0f,0f,1f],start_interpolation:0}
execute if entity @s[tag=aj.nep_fume_ugs_skills.bone.body] run data modify entity @s {} merge value {transformation:[0.9237873431605789f,0.3828187745870865f,-0.008168870176487944f,-5.283839566319925f,-0.20647881186089306f,0.4800648621628902f,-0.8525867864147553f,12.879660085773663f,-0.32246464126913643f,0.7892955808441897f,0.5225218092969903f,2.394246468120147f,0f,0f,0f,1f],start_interpolation:0}
execute if entity @s[tag=aj.nep_fume_ugs_skills.bone.right_leg2] run data modify entity @s {} merge value {transformation:[0.9932345287514787f,0.03652613287147504f,-0.11023163118308431f,-5.135142606950285f,-0.11053237466426719f,0.006313061809321535f,-0.9938524736607894f,12.84826041662042f,-0.03560568840657704f,0.9993127572827472f,0.010307671174747152f,2.071806388346544f,0f,0f,0f,1f],start_interpolation:0}
execute if entity @s[tag=aj.nep_fume_ugs_skills.bone.right_leg] run data modify entity @s {} merge value {transformation:[0.9932345287514787f,0.05060176182181405f,-0.10452096725708473f,-5.132476888307313f,-0.11053237466426719f,0.13598283170580905f,-0.9845259080554194f,12.898856315118824f,-0.03560568840657704f,0.9894180770441774f,0.14065597666397162f,2.427934848665648f,0f,0f,0f,1f],start_interpolation:0}
execute if entity @s[tag=aj.nep_fume_ugs_skills.bone.left_leg2] run data modify entity @s {} merge value {transformation:[0.7512578494208499f,0.2533921308345444f,-0.60942930001329f,-5.543106079445895f,-0.5928235810420872f,-0.14682435547719772f,-0.7918350904065452f,12.899588800172515f,-0.2901238450110497f,0.9561563871406362f,0.03991388087081782f,2.201111139285357f,0f,0f,0f,1f],start_interpolation:0}
execute if entity @s[tag=aj.nep_fume_ugs_skills.bone.left_leg] run data modify entity @s {} merge value {transformation:[0.7512578494208499f,0.46732229969039757f,-0.4660702864328917f,-5.363423724097458f,-0.5928235810420872f,0.16737415336435346f,-0.7877474814596376f,12.950476018084046f,-0.2901238450110497f,0.8680989350285162f,0.4027808257084246f,2.5085510089829324f,0f,0f,0f,1f],start_interpolation:0}
execute if entity @s[tag=aj.nep_fume_ugs_skills.locator_origin.nep_ride] at @s on origin run tp @s ^-0.0625 ^1 ^-1.6875 ~0 ~0
execute if entity @s[tag=aj.nep_fume_ugs_skills.locator_origin.wave_of_destruction0] at @s on origin run tp @s ^-0.375 ^2.56249 ^0.18752 ~0 ~90
execute if entity @s[tag=aj.nep_fume_ugs_skills.locator_origin.wave_of_destruction1] at @s on origin run tp @s ^-0.375 ^2.5625 ^0.18752 ~0 ~90
execute if entity @s[tag=aj.nep_fume_ugs_skills.locator_origin.wave_of_destruction2] at @s on origin run tp @s ^-0.375 ^2.56251 ^0.18752 ~0 ~90
execute if entity @s[tag=aj.nep_fume_ugs_skills.locator_origin.wave_of_destruction3] at @s on origin run tp @s ^-0.375 ^2.56252 ^0.18752 ~0 ~90
execute if entity @s[tag=aj.nep_fume_ugs_skills.locator_origin.wave_of_destruction4] at @s on origin run tp @s ^-0.375 ^2.56253 ^0.18752 ~0 ~90
execute if entity @s[tag=aj.nep_fume_ugs_skills.locator_origin.wave_of_destruction5] at @s on origin run tp @s ^-0.37501 ^2.56253 ^0.18752 ~0 ~90
execute if entity @s[tag=aj.nep_fume_ugs_skills.locator_origin.wave_of_destruction6] at @s on origin run tp @s ^-0.37499 ^2.56253 ^0.18752 ~0 ~90
execute if entity @s[tag=aj.nep_fume_ugs_skills.locator_origin.wave_of_destruction7] at @s on origin run tp @s ^-0.375 ^2.56253 ^0.18753 ~0 ~90
execute if entity @s[tag=aj.nep_fume_ugs_skills.locator_origin.wave_of_destruction8] at @s on origin run tp @s ^-0.375 ^2.56253 ^0.18751 ~0 ~90
execute if entity @s[tag=aj.nep_fume_ugs_skills.locator_origin.wave_of_destruction12] at @s on origin run tp @s ^-0.37501 ^2.56252 ^0.18752 ~0 ~90
execute if entity @s[tag=aj.nep_fume_ugs_skills.locator_origin.wave_of_destruction11] at @s on origin run tp @s ^-0.375 ^2.56252 ^0.18753 ~0 ~90
execute if entity @s[tag=aj.nep_fume_ugs_skills.locator_origin.wave_of_destruction10] at @s on origin run tp @s ^-0.37499 ^2.56252 ^0.18752 ~0 ~90
execute if entity @s[tag=aj.nep_fume_ugs_skills.locator_origin.wave_of_destruction9] at @s on origin run tp @s ^-0.375 ^2.56252 ^0.18751 ~0 ~90
execute if entity @s[tag=aj.nep_fume_ugs_skills.locator_origin.wave_of_destruction13] at @s on origin run tp @s ^-0.37501 ^2.56251 ^0.18752 ~0 ~90
execute if entity @s[tag=aj.nep_fume_ugs_skills.locator_origin.wave_of_destruction14] at @s on origin run tp @s ^-0.375 ^2.56251 ^0.18753 ~0 ~90
execute if entity @s[tag=aj.nep_fume_ugs_skills.locator_origin.wave_of_destruction15] at @s on origin run tp @s ^-0.37499 ^2.56251 ^0.18752 ~0 ~90
execute if entity @s[tag=aj.nep_fume_ugs_skills.locator_origin.wave_of_destruction16] at @s on origin run tp @s ^-0.375 ^2.56251 ^0.18751 ~0 ~90
execute if entity @s[tag=aj.nep_fume_ugs_skills.locator_origin.wave_of_destruction17] at @s on origin run tp @s ^-0.37501 ^2.5625 ^0.18752 ~0 ~90
execute if entity @s[tag=aj.nep_fume_ugs_skills.locator_origin.wave_of_destruction18] at @s on origin run tp @s ^-0.375 ^2.5625 ^0.18753 ~0 ~90
execute if entity @s[tag=aj.nep_fume_ugs_skills.locator_origin.wave_of_destruction19] at @s on origin run tp @s ^-0.37499 ^2.5625 ^0.18752 ~0 ~90
execute if entity @s[tag=aj.nep_fume_ugs_skills.locator_origin.wave_of_destruction20] at @s on origin run tp @s ^-0.375 ^2.5625 ^0.18751 ~0 ~90
execute if entity @s[tag=aj.nep_fume_ugs_skills.locator_origin.wave_of_destruction24] at @s on origin run tp @s ^-0.37499 ^2.56249 ^0.18752 ~0 ~90
execute if entity @s[tag=aj.nep_fume_ugs_skills.locator_origin.wave_of_destruction23] at @s on origin run tp @s ^-0.375 ^2.56249 ^0.18753 ~0 ~90
execute if entity @s[tag=aj.nep_fume_ugs_skills.locator_origin.wave_of_destruction22] at @s on origin run tp @s ^-0.37501 ^2.56249 ^0.18752 ~0 ~90
execute if entity @s[tag=aj.nep_fume_ugs_skills.locator_origin.wave_of_destruction21] at @s on origin run tp @s ^-0.375 ^2.56249 ^0.18751 ~0 ~90
execute if entity @s[tag=aj.nep_fume_ugs_skills.locator_origin.wave_of_destruction25] at @s on origin run tp @s ^0.00002 ^0.37402 ^-3.96638 ~0 ~90
execute if entity @s[tag=aj.nep_fume_ugs_skills.locator_origin.wave_of_destruction26] at @s on origin run tp @s ^0 ^0.37402 ^-3.96636 ~0 ~90
execute if entity @s[tag=aj.nep_fume_ugs_skills.locator_origin.wave_of_destruction27] at @s on origin run tp @s ^-0.00002 ^0.37402 ^-3.96638 ~0 ~90
execute if entity @s[tag=aj.nep_fume_ugs_skills.locator_origin.wave_of_destruction28] at @s on origin run tp @s ^0 ^0.37402 ^-3.9664 ~0 ~90
execute if entity @s[tag=aj.nep_fume_ugs_skills.locator_origin.wave_of_destruction29] at @s on origin run tp @s ^0.00002 ^0.37403 ^-3.9664 ~0 ~90
execute if entity @s[tag=aj.nep_fume_ugs_skills.locator_origin.wave_of_destruction30] at @s on origin run tp @s ^0.00001 ^0.37402 ^-3.96637 ~0 ~90
execute if entity @s[tag=aj.nep_fume_ugs_skills.locator_origin.wave_of_destruction31] at @s on origin run tp @s ^-0.00002 ^0.37403 ^-3.96637 ~0 ~90
execute if entity @s[tag=aj.nep_fume_ugs_skills.locator_origin.wave_of_destruction32] at @s on origin run tp @s ^-0.00001 ^0.37403 ^-3.9664 ~0 ~90