execute if entity @s[tag=aj.nep_fume_ugs_skills.bone.right_arm2] run data modify entity @s {} merge value {transformation:[0.7528143322166123f,-0.20978900640701098f,0.6239063663724032f,0.21428991514016119f,0.215953697747007f,0.9741041808246902f,0.06697048102898487f,2.281506376071559f,-0.621799470600169f,0.08431854891195883f,0.7786243000772138f,-0.23724135353657588f,0f,0f,0f,1f],start_interpolation:0}
execute if entity @s[tag=aj.nep_fume_ugs_skills.bone.right_arm] run data modify entity @s {} merge value {transformation:[0.7528143322166123f,-0.20978900640701098f,0.6239063663724032f,0.20579649624309346f,0.215953697747007f,0.9741041808246902f,0.06697048102898487f,2.525515402480558f,-0.621799470600169f,0.08431854891195883f,0.7786243000772138f,-0.27363060281773366f,0f,0f,0f,1f],start_interpolation:0}
execute if entity @s[tag=aj.nep_fume_ugs_skills.locator_origin.fume_ugs_locator] at @s on origin run tp @s ^-0.53964 ^2.12718 ^2.95825 ~95.65213 ~84.06851
execute if entity @s[tag=aj.nep_fume_ugs_skills.locator_origin.fume_ugs_locator2] at @s on origin run tp @s ^-0.50039 ^2.12822 ^2.45979 ~95.65213 ~84.06851
execute if entity @s[tag=aj.nep_fume_ugs_skills.locator_origin.fume_ugs_locator3] at @s on origin run tp @s ^-0.46115 ^2.12927 ^1.96134 ~95.65213 ~84.06851
execute if entity @s[tag=aj.nep_fume_ugs_skills.locator_origin.fume_ugs_locator4] at @s on origin run tp @s ^-0.4219 ^2.13031 ^1.46288 ~95.65213 ~84.06851
execute if entity @s[tag=aj.nep_fume_ugs_skills.locator_origin.fume_ugs_locator5] at @s on origin run tp @s ^-0.37775 ^2.13148 ^0.90212 ~95.65213 ~84.06851
execute if entity @s[tag=aj.nep_fume_ugs_skills.locator_origin.fume_ugs_locator10] at @s on origin run tp @s ^-0.33918 ^2.50447 ^0.90593 ~95.65213 ~84.06851
execute if entity @s[tag=aj.nep_fume_ugs_skills.locator_origin.fume_ugs_locator9] at @s on origin run tp @s ^-0.38334 ^2.5033 ^1.4667 ~95.65213 ~84.06851
execute if entity @s[tag=aj.nep_fume_ugs_skills.locator_origin.fume_ugs_locator8] at @s on origin run tp @s ^-0.42258 ^2.50226 ^1.96515 ~95.65213 ~84.06851
execute if entity @s[tag=aj.nep_fume_ugs_skills.locator_origin.fume_ugs_locator7] at @s on origin run tp @s ^-0.46183 ^2.50122 ^2.46361 ~95.65213 ~84.06851
execute if entity @s[tag=aj.nep_fume_ugs_skills.locator_origin.fume_ugs_locator6] at @s on origin run tp @s ^-0.50108 ^2.50017 ^2.96206 ~95.65213 ~84.06851
execute if entity @s[tag=aj.nep_fume_ugs_skills.locator_origin.foe_ride_locator] at @s on origin run tp @s ^-0.45168 ^2.3155 ^2.08786 ~95.65213 ~84.06851
execute if entity @s[tag=aj.nep_fume_ugs_skills.bone.fume_ugs_slash] run data modify entity @s {} merge value {transformation:[-0.000026442568428859194f,-0.0000020931775346552577f,0.0000027423154093985013f,-0.45213331709710536f,0.0000027551519923941573f,-5.560987995770095e-8f,0.000026523897831034728f,2.331219483677141f,-0.000002076252271525889f,0.000026584330468544367f,2.7140588666784077e-7f,2.091667601043408f,0f,0f,0f,1f],start_interpolation:0}
execute if entity @s[tag=aj.nep_fume_ugs_skills.bone.gravity_vortex] run data modify entity @s {} merge value {transformation:[0.0000010465887673276259f,-0.000013221284214429597f,0.0000013711577046992507f,-0.4514329318008292f,2.780493997885078e-8f,0.0000013775759961970786f,0.000013261948915517364f,2.317841373193028f,-0.000013292165234272183f,-0.0000010381261357629415f,1.3570294333392039e-7f,2.2405919989577185f,0f,0f,0f,1f],start_interpolation:0}
execute if entity @s[tag=aj.nep_fume_ugs_skills.bone.fume_ultra_greatsword] run data modify entity @s {} merge value {transformation:[-2.0585539521866885f,-0.16295387107291182f,0.21348925462167334f,-0.33843488610005823f,0.21448858260788517f,-0.004329229154707019f,2.0648854461460537f,2.334377898847676f,-0.16163623933829047f,2.0695901269761787f,0.021128948277091403f,0.6759388855648591f,0f,0f,0f,1f],start_interpolation:0}
execute if entity @s[tag=aj.nep_fume_ugs_skills.bone.left_arm2] run data modify entity @s {} merge value {transformation:[0.7709421567007508f,-0.4376451068603605f,0.4627255681965055f,-0.3230263460117764f,-0.215953697747007f,0.5038641982301708f,0.8363521209223191f,2.375513509242452f,-0.59917626075387f,-0.7447064053592201f,0.29393907254048357f,0.5132583849657164f,0f,0f,0f,1f],start_interpolation:0}
execute if entity @s[tag=aj.nep_fume_ugs_skills.bone.left_arm] run data modify entity @s {} merge value {transformation:[0.7709421567007508f,-0.4376451068603605f,0.4627255681965055f,-0.4702616481436567f,-0.215953697747007f,0.5038641982301708f,0.8363521209223191f,2.545026651962285f,-0.59917626075387f,-0.7447064053592201f,0.29393907254048357f,0.2627196016597342f,0f,0f,0f,1f],start_interpolation:0}
execute if entity @s[tag=aj.nep_fume_ugs_skills.bone.head] run data modify entity @s {} merge value {transformation:[0.9989313095002288f,-0.035404392007548385f,0.029711410715986597f,-0.11322074336258706f,0.037168360017354324f,0.9974404031825402f,-0.06108318191345324f,2.62792559488717f,-0.0274727485661434f,0.0621222273073618f,0.9976903712879032f,-0.026812687032501985f,0f,0f,0f,1f],start_interpolation:0}
execute if entity @s[tag=aj.nep_fume_ugs_skills.bone.body_top] run data modify entity @s {} merge value {transformation:[0.7803762782009293f,-0.04187732586078866f,0.6239063663724032f,-0.09673154630490152f,3.469446951953614e-18f,0.9977549572268466f,0.06697048102898487f,2.235059580479099f,-0.6253102145505589f,-0.05226217473472514f,0.7786243000772138f,-0.006234455730703959f,0f,0f,0f,1f],start_interpolation:0}
execute if entity @s[tag=aj.nep_fume_ugs_skills.bone.body] run data modify entity @s {} merge value {transformation:[0.7803762782009293f,-0.04187732586078866f,0.6239063663724032f,-0.07841021624080648f,3.469446951953614e-18f,0.9977549572268466f,0.06697048102898487f,1.7985417866923539f,-0.6253102145505589f,-0.05226217473472514f,0.7786243000772138f,0.01663024571573829f,0f,0f,0f,1f],start_interpolation:0}
execute if entity @s[tag=aj.nep_fume_ugs_skills.bone.right_leg2] run data modify entity @s {} merge value {transformation:[0.765844668037613f,-0.03252281028337045f,0.6422026247607764f,0.06888938024579977f,0.13005935981058092f,0.9859126631852175f,-0.1051702595636894f,1.537899008687819f,-0.6297352676831912f,0.16406854476804458f,0.7592858521358578f,-0.09911396048517819f,0f,0f,0f,1f],start_interpolation:0}
execute if entity @s[tag=aj.nep_fume_ugs_skills.bone.right_leg] run data modify entity @s {} merge value {transformation:[0.765844668037613f,-0.11606883637662971f,0.6324634136932616f,0.01521081923486077f,0.13005935981058092f,0.9912055171939951f,0.02441691237332696f,1.8920813139323707f,-0.6297352676831912f,0.06355822453750613f,0.774205298825589f,-0.06643310998446206f,0f,0f,0f,1f],start_interpolation:0}
execute if entity @s[tag=aj.nep_fume_ugs_skills.bone.left_leg2] run data modify entity @s {} merge value {transformation:[0.9547149017771184f,0.05056408998449978f,0.2931940127777966f,-0.17126686820462111f,-0.06297197759991638f,0.9974685708858305f,0.03302998837623916f,1.56642903771106f,-0.29078168161330753f,-0.04999722891339353f,0.9554822294208922f,0.2424424170949797f,0f,0f,0f,1f],start_interpolation:0}
execute if entity @s[tag=aj.nep_fume_ugs_skills.bone.left_leg] run data modify entity @s {} merge value {transformation:[0.9547149017771184f,-0.0654853633419629f,0.2902259869699446f,-0.17988325031537156f,-0.06297197759991638f,0.9089007676419042f,0.41223042660278353f,1.8920813139323707f,-0.29078168161330753f,-0.411838635594001f,0.8636173642708955f,0.08989444365317768f,0f,0f,0f,1f],start_interpolation:0}
execute if entity @s[tag=aj.nep_fume_ugs_skills.locator_origin.nep_ride] at @s on origin run tp @s ^-0.0625 ^1 ^-1.6875 ~0 ~0
execute if entity @s[tag=aj.nep_fume_ugs_skills.locator_origin.wave_of_destruction0] at @s on origin run tp @s ^-0.375 ^2.56249 ^0.18752 ~0 ~90
execute if entity @s[tag=aj.nep_fume_ugs_skills.locator_origin.wave_of_destruction1] at @s on origin run tp @s ^-0.375 ^2.5625 ^0.18752 ~0 ~90
execute if entity @s[tag=aj.nep_fume_ugs_skills.locator_origin.wave_of_destruction2] at @s on origin run tp @s ^-0.375 ^2.56251 ^0.18752 ~0 ~90
execute if entity @s[tag=aj.nep_fume_ugs_skills.locator_origin.wave_of_destruction3] at @s on origin run tp @s ^-0.375 ^2.56252 ^0.18752 ~0 ~90
execute if entity @s[tag=aj.nep_fume_ugs_skills.locator_origin.wave_of_destruction4] at @s on origin run tp @s ^-0.375 ^2.56253 ^0.18752 ~0 ~90
execute if entity @s[tag=aj.nep_fume_ugs_skills.locator_origin.wave_of_destruction5] at @s on origin run tp @s ^-0.37501 ^2.56253 ^0.18752 ~0 ~90
execute if entity @s[tag=aj.nep_fume_ugs_skills.locator_origin.wave_of_destruction6] at @s on origin run tp @s ^-0.37499 ^2.56253 ^0.18752 ~0 ~90
execute if entity @s[tag=aj.nep_fume_ugs_skills.locator_origin.wave_of_destruction7] at @s on origin run tp @s ^-0.375 ^2.56253 ^0.18753 ~0 ~90
execute if entity @s[tag=aj.nep_fume_ugs_skills.locator_origin.wave_of_destruction8] at @s on origin run tp @s ^-0.375 ^2.56253 ^0.18751 ~0 ~90
execute if entity @s[tag=aj.nep_fume_ugs_skills.locator_origin.wave_of_destruction12] at @s on origin run tp @s ^-0.37501 ^2.56252 ^0.18752 ~0 ~90
execute if entity @s[tag=aj.nep_fume_ugs_skills.locator_origin.wave_of_destruction11] at @s on origin run tp @s ^-0.375 ^2.56252 ^0.18753 ~0 ~90
execute if entity @s[tag=aj.nep_fume_ugs_skills.locator_origin.wave_of_destruction10] at @s on origin run tp @s ^-0.37499 ^2.56252 ^0.18752 ~0 ~90
execute if entity @s[tag=aj.nep_fume_ugs_skills.locator_origin.wave_of_destruction9] at @s on origin run tp @s ^-0.375 ^2.56252 ^0.18751 ~0 ~90
execute if entity @s[tag=aj.nep_fume_ugs_skills.locator_origin.wave_of_destruction13] at @s on origin run tp @s ^-0.37501 ^2.56251 ^0.18752 ~0 ~90
execute if entity @s[tag=aj.nep_fume_ugs_skills.locator_origin.wave_of_destruction14] at @s on origin run tp @s ^-0.375 ^2.56251 ^0.18753 ~0 ~90
execute if entity @s[tag=aj.nep_fume_ugs_skills.locator_origin.wave_of_destruction15] at @s on origin run tp @s ^-0.37499 ^2.56251 ^0.18752 ~0 ~90
execute if entity @s[tag=aj.nep_fume_ugs_skills.locator_origin.wave_of_destruction16] at @s on origin run tp @s ^-0.375 ^2.56251 ^0.18751 ~0 ~90
execute if entity @s[tag=aj.nep_fume_ugs_skills.locator_origin.wave_of_destruction17] at @s on origin run tp @s ^-0.37501 ^2.5625 ^0.18752 ~0 ~90
execute if entity @s[tag=aj.nep_fume_ugs_skills.locator_origin.wave_of_destruction18] at @s on origin run tp @s ^-0.375 ^2.5625 ^0.18753 ~0 ~90
execute if entity @s[tag=aj.nep_fume_ugs_skills.locator_origin.wave_of_destruction19] at @s on origin run tp @s ^-0.37499 ^2.5625 ^0.18752 ~0 ~90
execute if entity @s[tag=aj.nep_fume_ugs_skills.locator_origin.wave_of_destruction20] at @s on origin run tp @s ^-0.375 ^2.5625 ^0.18751 ~0 ~90
execute if entity @s[tag=aj.nep_fume_ugs_skills.locator_origin.wave_of_destruction24] at @s on origin run tp @s ^-0.37499 ^2.56249 ^0.18752 ~0 ~90
execute if entity @s[tag=aj.nep_fume_ugs_skills.locator_origin.wave_of_destruction23] at @s on origin run tp @s ^-0.375 ^2.56249 ^0.18753 ~0 ~90
execute if entity @s[tag=aj.nep_fume_ugs_skills.locator_origin.wave_of_destruction22] at @s on origin run tp @s ^-0.37501 ^2.56249 ^0.18752 ~0 ~90
execute if entity @s[tag=aj.nep_fume_ugs_skills.locator_origin.wave_of_destruction21] at @s on origin run tp @s ^-0.375 ^2.56249 ^0.18751 ~0 ~90
execute if entity @s[tag=aj.nep_fume_ugs_skills.locator_origin.wave_of_destruction25] at @s on origin run tp @s ^0.00002 ^0.37402 ^-3.96638 ~0 ~90
execute if entity @s[tag=aj.nep_fume_ugs_skills.locator_origin.wave_of_destruction26] at @s on origin run tp @s ^0 ^0.37402 ^-3.96636 ~0 ~90
execute if entity @s[tag=aj.nep_fume_ugs_skills.locator_origin.wave_of_destruction27] at @s on origin run tp @s ^-0.00002 ^0.37402 ^-3.96638 ~0 ~90
execute if entity @s[tag=aj.nep_fume_ugs_skills.locator_origin.wave_of_destruction28] at @s on origin run tp @s ^0 ^0.37402 ^-3.9664 ~0 ~90
execute if entity @s[tag=aj.nep_fume_ugs_skills.locator_origin.wave_of_destruction29] at @s on origin run tp @s ^0.00002 ^0.37403 ^-3.9664 ~0 ~90
execute if entity @s[tag=aj.nep_fume_ugs_skills.locator_origin.wave_of_destruction30] at @s on origin run tp @s ^0.00001 ^0.37402 ^-3.96637 ~0 ~90
execute if entity @s[tag=aj.nep_fume_ugs_skills.locator_origin.wave_of_destruction31] at @s on origin run tp @s ^-0.00002 ^0.37403 ^-3.96637 ~0 ~90
execute if entity @s[tag=aj.nep_fume_ugs_skills.locator_origin.wave_of_destruction32] at @s on origin run tp @s ^-0.00001 ^0.37403 ^-3.9664 ~0 ~90