execute if entity @s[tag=aj.nep_fume_ugs_skills.bone.right_arm2] run data modify entity @s {} merge value {transformation:[-0.8728043640155863f,0.20105678359256987f,-0.44473442853770223f,-1.0398906335593183f,0.20895043525853207f,0.9774091119030299f,0.03179848383492373f,18.880274431052896f,0.4410807837127074f,-0.06517359695720598f,-0.8950978407409114f,1.6231890189863025f,0f,0f,0f,1f],start_interpolation:0}
execute if entity @s[tag=aj.nep_fume_ugs_skills.bone.right_arm] run data modify entity @s {} merge value {transformation:[-0.8728043640155863f,0.20105678359256987f,-0.44473442853770223f,-1.044830264568328f,0.20895043525853207f,0.9774091119030299f,0.03179848383492373f,19.125190205983614f,0.4410807837127074f,-0.06517359695720598f,-0.8950978407409114f,1.6536616925226995f,0f,0f,0f,1f],start_interpolation:0}
execute if entity @s[tag=aj.nep_fume_ugs_skills.locator_origin.fume_ugs_locator] at @s on origin run tp @s ^0.21084 ^20.20924 ^-1.128 ~-174.99582 ~60.82972
execute if entity @s[tag=aj.nep_fume_ugs_skills.locator_origin.fume_ugs_locator2] at @s on origin run tp @s ^0.11888 ^19.96698 ^-0.70039 ~-174.99582 ~60.82972
execute if entity @s[tag=aj.nep_fume_ugs_skills.locator_origin.fume_ugs_locator3] at @s on origin run tp @s ^0.02692 ^19.72472 ^-0.27278 ~-174.99582 ~60.82972
execute if entity @s[tag=aj.nep_fume_ugs_skills.locator_origin.fume_ugs_locator4] at @s on origin run tp @s ^-0.06504 ^19.48245 ^0.15484 ~-174.99582 ~60.82972
execute if entity @s[tag=aj.nep_fume_ugs_skills.locator_origin.fume_ugs_locator5] at @s on origin run tp @s ^-0.16849 ^19.20991 ^0.6359 ~-174.99582 ~60.82972
execute if entity @s[tag=aj.nep_fume_ugs_skills.locator_origin.fume_ugs_locator10] at @s on origin run tp @s ^-0.18444 ^19.53735 ^0.81798 ~-174.99582 ~60.82972
execute if entity @s[tag=aj.nep_fume_ugs_skills.locator_origin.fume_ugs_locator9] at @s on origin run tp @s ^-0.08098 ^19.80989 ^0.33692 ~-174.99582 ~60.82972
execute if entity @s[tag=aj.nep_fume_ugs_skills.locator_origin.fume_ugs_locator8] at @s on origin run tp @s ^0.01098 ^20.05216 ^-0.09069 ~-174.99582 ~60.82972
execute if entity @s[tag=aj.nep_fume_ugs_skills.locator_origin.fume_ugs_locator7] at @s on origin run tp @s ^0.10294 ^20.29442 ^-0.51831 ~-174.99582 ~60.82972
execute if entity @s[tag=aj.nep_fume_ugs_skills.locator_origin.fume_ugs_locator6] at @s on origin run tp @s ^0.1949 ^20.53668 ^-0.94592 ~-174.99582 ~60.82972
execute if entity @s[tag=aj.nep_fume_ugs_skills.locator_origin.foe_ride_locator] at @s on origin run tp @s ^0.04194 ^19.949 ^-0.28864 ~-174.99582 ~60.82972
execute if entity @s[tag=aj.nep_fume_ugs_skills.bone.fume_ugs_slash] run data modify entity @s {} merge value {transformation:[0.00002618723261398836f,0.000004904545424345684f,-0.00000113375187431111f,0.04372222217494884f,-0.000001411783533032296f,0.000012920614042862162f,0.000023284666867326296f,19.964391622750504f,0.000004831855377371411f,-0.000022806014076270153f,0.000012947973072116134f,-0.2839793018550517f,0f,0f,0f,1f],start_interpolation:0}
execute if entity @s[tag=aj.nep_fume_ugs_skills.bone.gravity_vortex] run data modify entity @s {} merge value {transformation:[-0.000002452272712172839f,0.00001309361630699418f,-5.66875937155555e-7f,0.058095073874037256f,-0.000006460307021431081f,-7.058917665161466e-7f,0.000011642333433663148f,20.02680430469275f,0.000011403007038135077f,0.000002415927688685703f,0.000006473986536058067f,-0.41909413797840334f,0f,0f,0f,1f],start_interpolation:0}
execute if entity @s[tag=aj.nep_fume_ugs_skills.bone.fume_ultra_greatsword] run data modify entity @s {} merge value {transformation:[2.038676058998994f,0.3818188612853115f,-0.08826258341511992f,-0.21966539682477362f,-0.10990734804656424f,1.0058698032368192f,1.812711315621352f,19.276715994867658f,0.3761599411283644f,-1.7754481958376314f,1.007999703664241f,0.9304976627686944f,0f,0f,0f,1f],start_interpolation:0}
execute if entity @s[tag=aj.nep_fume_ugs_skills.bone.left_arm2] run data modify entity @s {} merge value {transformation:[-0.9820212230245634f,-0.1887644705990255f,0.001513991019891553f,-0.21398916243420535f,0.05294188248871113f,-0.2677067607216597f,0.9620448260567005f,19.24153328411754f,-0.18119457665142802f,0.9448285902233186f,0.27288726699632687f,0.9554750109505294f,0f,0f,0f,1f],start_interpolation:0}
execute if entity @s[tag=aj.nep_fume_ugs_skills.bone.left_arm] run data modify entity @s {} merge value {transformation:[-0.9820212230245634f,-0.1887644705990255f,0.001513991019891553f,-0.27749448541107075f,0.05294188248871113f,-0.2677067607216597f,0.9620448260567005f,19.151469702508304f,-0.18119457665142802f,0.9448285902233186f,0.27288726699632687f,1.273340150452147f,0f,0f,0f,1f],start_interpolation:0}
execute if entity @s[tag=aj.nep_fume_ugs_skills.bone.head] run data modify entity @s {} merge value {transformation:[-0.9887480282447365f,-0.03153974517135455f,0.14622783974561654f,-0.682872046936713f,0.012052153615665882f,0.9575469310900305f,0.28802538143935913f,19.2308218842477f,-0.14910426632181967f,0.28654688837010667f,-0.9463925182132622f,1.4775732844345746f,0f,0f,0f,1f],start_interpolation:0}
execute if entity @s[tag=aj.nep_fume_ugs_skills.bone.body_top] run data modify entity @s {} merge value {transformation:[-0.8956320682056822f,0.007381495434777605f,-0.44473442853770223f,-0.6857785107641566f,-0.00755257521099878f,0.9994657648131235f,0.03179848383492373f,18.837282239352533f,0.44473155612042237f,0.03183863206333021f,-0.8950978407409114f,1.4650368230596382f,0f,0f,0f,1f],start_interpolation:0}
execute if entity @s[tag=aj.nep_fume_ugs_skills.bone.body] run data modify entity @s {} merge value {transformation:[-0.8956320682056822f,0.007381495434777605f,-0.44473442853770223f,-0.6890079150168719f,-0.00755257521099878f,0.9994657648131235f,0.03179848383492373f,18.40001596724679f,0.44473155612042237f,0.03183863206333021f,-0.8950978407409114f,1.4511074215319313f,0f,0f,0f,1f],start_interpolation:0}
execute if entity @s[tag=aj.nep_fume_ugs_skills.bone.right_leg2] run data modify entity @s {} merge value {transformation:[-0.8852989169293113f,0.04467120550496159f,-0.4628718084767312f,-0.8517313981616879f,0.12292868996310112f,0.9824480102869059f,-0.140301262529084f,18.138064626556513f,0.4484800607248243f,-0.1811087807977082f,-0.8752515322181527f,1.5401642194976268f,0f,0f,0f,1f],start_interpolation:0}
execute if entity @s[tag=aj.nep_fume_ugs_skills.bone.right_leg] run data modify entity @s {} merge value {transformation:[-0.8852989169293113f,0.10470593179574436f,-0.45308111363261566f,-0.8002699083455718f,0.12292868996310112f,0.9923560209274644f,-0.010865767941802391f,18.492771810796647f,0.4484800607248243f,-0.06531612033636236f,-0.8914030735623825f,1.5096837378029213f,0f,0f,0f,1f],start_interpolation:0}
execute if entity @s[tag=aj.nep_fume_ugs_skills.bone.left_leg2] run data modify entity @s {} merge value {transformation:[-0.9931181037231607f,-0.08241750063641518f,-0.08320930023836412f,-0.5449237413798436f,-0.08295977831303923f,0.9965481528525606f,0.003074772902330658f,18.165505937549735f,0.08266865935506096f,0.009956637735500762f,-0.9965273494116652f,1.2568540802250023f,0f,0f,0f,1f],start_interpolation:0}
execute if entity @s[tag=aj.nep_fume_ugs_skills.bone.left_leg] run data modify entity @s {} merge value {transformation:[-0.9931181037231607f,-0.04430102133880548f,-0.10841518143530648f,-0.5763618912941512f,-0.08295977831303923f,0.919513776934403f,0.3842031874022916f,18.494659954599395f,0.08266865935506096f,0.39055324033499983f,-0.9168609814057238f,1.3985008487728157f,0f,0f,0f,1f],start_interpolation:0}
execute if entity @s[tag=aj.nep_fume_ugs_skills.locator_origin.nep_ride] at @s on origin run tp @s ^-0.0625 ^1 ^-1.6875 ~0 ~0
execute if entity @s[tag=aj.nep_fume_ugs_skills.locator_origin.wave_of_destruction0] at @s on origin run tp @s ^-0.375 ^2.56249 ^0.18752 ~0 ~90
execute if entity @s[tag=aj.nep_fume_ugs_skills.locator_origin.wave_of_destruction1] at @s on origin run tp @s ^-0.375 ^2.5625 ^0.18752 ~0 ~90
execute if entity @s[tag=aj.nep_fume_ugs_skills.locator_origin.wave_of_destruction2] at @s on origin run tp @s ^-0.375 ^2.56251 ^0.18752 ~0 ~90
execute if entity @s[tag=aj.nep_fume_ugs_skills.locator_origin.wave_of_destruction3] at @s on origin run tp @s ^-0.375 ^2.56252 ^0.18752 ~0 ~90
execute if entity @s[tag=aj.nep_fume_ugs_skills.locator_origin.wave_of_destruction4] at @s on origin run tp @s ^-0.375 ^2.56253 ^0.18752 ~0 ~90
execute if entity @s[tag=aj.nep_fume_ugs_skills.locator_origin.wave_of_destruction5] at @s on origin run tp @s ^-0.37501 ^2.56253 ^0.18752 ~0 ~90
execute if entity @s[tag=aj.nep_fume_ugs_skills.locator_origin.wave_of_destruction6] at @s on origin run tp @s ^-0.37499 ^2.56253 ^0.18752 ~0 ~90
execute if entity @s[tag=aj.nep_fume_ugs_skills.locator_origin.wave_of_destruction7] at @s on origin run tp @s ^-0.375 ^2.56253 ^0.18753 ~0 ~90
execute if entity @s[tag=aj.nep_fume_ugs_skills.locator_origin.wave_of_destruction8] at @s on origin run tp @s ^-0.375 ^2.56253 ^0.18751 ~0 ~90
execute if entity @s[tag=aj.nep_fume_ugs_skills.locator_origin.wave_of_destruction12] at @s on origin run tp @s ^-0.37501 ^2.56252 ^0.18752 ~0 ~90
execute if entity @s[tag=aj.nep_fume_ugs_skills.locator_origin.wave_of_destruction11] at @s on origin run tp @s ^-0.375 ^2.56252 ^0.18753 ~0 ~90
execute if entity @s[tag=aj.nep_fume_ugs_skills.locator_origin.wave_of_destruction10] at @s on origin run tp @s ^-0.37499 ^2.56252 ^0.18752 ~0 ~90
execute if entity @s[tag=aj.nep_fume_ugs_skills.locator_origin.wave_of_destruction9] at @s on origin run tp @s ^-0.375 ^2.56252 ^0.18751 ~0 ~90
execute if entity @s[tag=aj.nep_fume_ugs_skills.locator_origin.wave_of_destruction13] at @s on origin run tp @s ^-0.37501 ^2.56251 ^0.18752 ~0 ~90
execute if entity @s[tag=aj.nep_fume_ugs_skills.locator_origin.wave_of_destruction14] at @s on origin run tp @s ^-0.375 ^2.56251 ^0.18753 ~0 ~90
execute if entity @s[tag=aj.nep_fume_ugs_skills.locator_origin.wave_of_destruction15] at @s on origin run tp @s ^-0.37499 ^2.56251 ^0.18752 ~0 ~90
execute if entity @s[tag=aj.nep_fume_ugs_skills.locator_origin.wave_of_destruction16] at @s on origin run tp @s ^-0.375 ^2.56251 ^0.18751 ~0 ~90
execute if entity @s[tag=aj.nep_fume_ugs_skills.locator_origin.wave_of_destruction17] at @s on origin run tp @s ^-0.37501 ^2.5625 ^0.18752 ~0 ~90
execute if entity @s[tag=aj.nep_fume_ugs_skills.locator_origin.wave_of_destruction18] at @s on origin run tp @s ^-0.375 ^2.5625 ^0.18753 ~0 ~90
execute if entity @s[tag=aj.nep_fume_ugs_skills.locator_origin.wave_of_destruction19] at @s on origin run tp @s ^-0.37499 ^2.5625 ^0.18752 ~0 ~90
execute if entity @s[tag=aj.nep_fume_ugs_skills.locator_origin.wave_of_destruction20] at @s on origin run tp @s ^-0.375 ^2.5625 ^0.18751 ~0 ~90
execute if entity @s[tag=aj.nep_fume_ugs_skills.locator_origin.wave_of_destruction24] at @s on origin run tp @s ^-0.37499 ^2.56249 ^0.18752 ~0 ~90
execute if entity @s[tag=aj.nep_fume_ugs_skills.locator_origin.wave_of_destruction23] at @s on origin run tp @s ^-0.375 ^2.56249 ^0.18753 ~0 ~90
execute if entity @s[tag=aj.nep_fume_ugs_skills.locator_origin.wave_of_destruction22] at @s on origin run tp @s ^-0.37501 ^2.56249 ^0.18752 ~0 ~90
execute if entity @s[tag=aj.nep_fume_ugs_skills.locator_origin.wave_of_destruction21] at @s on origin run tp @s ^-0.375 ^2.56249 ^0.18751 ~0 ~90
execute if entity @s[tag=aj.nep_fume_ugs_skills.locator_origin.wave_of_destruction25] at @s on origin run tp @s ^0.00002 ^0.37402 ^-3.96638 ~0 ~90
execute if entity @s[tag=aj.nep_fume_ugs_skills.locator_origin.wave_of_destruction26] at @s on origin run tp @s ^0 ^0.37402 ^-3.96636 ~0 ~90
execute if entity @s[tag=aj.nep_fume_ugs_skills.locator_origin.wave_of_destruction27] at @s on origin run tp @s ^-0.00002 ^0.37402 ^-3.96638 ~0 ~90
execute if entity @s[tag=aj.nep_fume_ugs_skills.locator_origin.wave_of_destruction28] at @s on origin run tp @s ^0 ^0.37402 ^-3.9664 ~0 ~90
execute if entity @s[tag=aj.nep_fume_ugs_skills.locator_origin.wave_of_destruction29] at @s on origin run tp @s ^0.00002 ^0.37403 ^-3.9664 ~0 ~90
execute if entity @s[tag=aj.nep_fume_ugs_skills.locator_origin.wave_of_destruction30] at @s on origin run tp @s ^0.00001 ^0.37402 ^-3.96637 ~0 ~90
execute if entity @s[tag=aj.nep_fume_ugs_skills.locator_origin.wave_of_destruction31] at @s on origin run tp @s ^-0.00002 ^0.37403 ^-3.96637 ~0 ~90
execute if entity @s[tag=aj.nep_fume_ugs_skills.locator_origin.wave_of_destruction32] at @s on origin run tp @s ^-0.00001 ^0.37403 ^-3.9664 ~0 ~90