execute if entity @s[tag=aj.nep_fume_ugs_skills.bone.right_arm2] run data modify entity @s {} merge value {transformation:[0.9000534226893387f,0.35777020804317083f,-0.24880577674554294f,0.3916019400624189f,-0.16259290566875542f,0.8054172602015521f,0.569970686961722f,1.843086379819182f,0.40431099828151823f,-0.47255001344426184f,0.783089459424931f,0.1517932633463659f,0f,0f,0f,1f],start_interpolation:0}
execute if entity @s[tag=aj.nep_fume_ugs_skills.bone.right_arm] run data modify entity @s {} merge value {transformation:[0.9000534226893387f,0.35777020804317083f,-0.24880577674554294f,0.5425207540616754f,-0.16259290566875542f,0.8054172602015521f,0.569970686961722f,2.012427412299145f,0.40431099828151823f,-0.47255001344426184f,0.783089459424931f,0.05440821882435998f,0f,0f,0f,1f],start_interpolation:0}
execute if entity @s[tag=aj.nep_fume_ugs_skills.locator_origin.fume_ugs_locator] at @s on origin run tp @s ^0.33727 ^1.51997 ^2.61561 ~-12.517 ~89.35116
execute if entity @s[tag=aj.nep_fume_ugs_skills.locator_origin.fume_ugs_locator2] at @s on origin run tp @s ^0.3171 ^1.5144 ^2.11605 ~-12.517 ~89.35116
execute if entity @s[tag=aj.nep_fume_ugs_skills.locator_origin.fume_ugs_locator3] at @s on origin run tp @s ^0.29692 ^1.50883 ^1.61649 ~-12.517 ~89.35116
execute if entity @s[tag=aj.nep_fume_ugs_skills.locator_origin.fume_ugs_locator4] at @s on origin run tp @s ^0.27675 ^1.50326 ^1.11693 ~-12.517 ~89.35116
execute if entity @s[tag=aj.nep_fume_ugs_skills.locator_origin.fume_ugs_locator5] at @s on origin run tp @s ^0.25406 ^1.49699 ^0.55492 ~-12.517 ~89.35116
execute if entity @s[tag=aj.nep_fume_ugs_skills.locator_origin.fume_ugs_locator10] at @s on origin run tp @s ^0.25314 ^1.87196 ^0.55077 ~-12.517 ~89.35116
execute if entity @s[tag=aj.nep_fume_ugs_skills.locator_origin.fume_ugs_locator9] at @s on origin run tp @s ^0.27583 ^1.87823 ^1.11278 ~-12.517 ~89.35116
execute if entity @s[tag=aj.nep_fume_ugs_skills.locator_origin.fume_ugs_locator8] at @s on origin run tp @s ^0.296 ^1.8838 ^1.61234 ~-12.517 ~89.35116
execute if entity @s[tag=aj.nep_fume_ugs_skills.locator_origin.fume_ugs_locator7] at @s on origin run tp @s ^0.31618 ^1.88938 ^2.1119 ~-12.517 ~89.35116
execute if entity @s[tag=aj.nep_fume_ugs_skills.locator_origin.fume_ugs_locator6] at @s on origin run tp @s ^0.33635 ^1.89495 ^2.61147 ~-12.517 ~89.35116
execute if entity @s[tag=aj.nep_fume_ugs_skills.locator_origin.foe_ride_locator] at @s on origin run tp @s ^0.30151 ^1.69771 ^1.73931 ~-12.517 ~89.35116
execute if entity @s[tag=aj.nep_fume_ugs_skills.bone.fume_ugs_slash] run data modify entity @s {} merge value {transformation:[-0.000026644873741055474f,0.00000107588617085986f,-6.544754905079664e-8f,0.29984424477561383f,-5.349623947338289e-8f,2.972019989278163e-7f,0.000026664956782925912f,1.7133726027712652f,0.0000010765466021898282f,0.000026643296549606942f,-2.9480077022919696e-7f,1.7430024373163715f,0f,0f,0f,1f],start_interpolation:0}
execute if entity @s[tag=aj.nep_fume_ugs_skills.bone.gravity_vortex] run data modify entity @s {} merge value {transformation:[-5.379430854299329e-7f,-0.000013322436870527737f,-3.272377452539832e-8f,0.3195225272805242f,-1.4860099946390816e-7f,-2.6748119736691415e-8f,0.000013332478391462956f,1.7033363785205773f,-0.000013321648274803471f,5.382733010949171e-7f,-1.4740038511459848e-7f,1.8908874604738062f,0f,0f,0f,1f],start_interpolation:0}
execute if entity @s[tag=aj.nep_fume_ugs_skills.bone.fume_ultra_greatsword] run data modify entity @s {} merge value {transformation:[-2.0743034207411686f,0.0837577384014401f,-0.005095091693604519f,0.24472757455459707f,-0.004164682243002858f,0.0231371756165305f,2.0758668855507825f,1.6979727418077228f,0.08380915298047811f,2.0741806363869f,-0.022950239962342984f,0.3238653397904927f,0f,0f,0f,1f],start_interpolation:0}
execute if entity @s[tag=aj.nep_fume_ugs_skills.bone.left_arm2] run data modify entity @s {} merge value {transformation:[0.9051713076317335f,-0.40094835639867277f,0.14108621244282016f,0.03841910221635439f,0.17118100566341213f,0.6476972714462063f,0.7424185530152126f,1.7539196670772277f,-0.38905265342922485f,-0.6478646927116356f,0.6549117290118854f,0.2958895516742386f,0f,0f,0f,1f],start_interpolation:0}
execute if entity @s[tag=aj.nep_fume_ugs_skills.bone.left_arm] run data modify entity @s {} merge value {transformation:[0.9051713076317335f,-0.40094835639867277f,0.14108621244282016f,-0.09647044977051455f,0.17118100566341213f,0.6476972714462063f,0.7424185530152126f,1.971822031245107f,-0.38905265342922485f,-0.6478646927116356f,0.6549117290118854f,0.0779308625978607f,0f,0f,0f,1f],start_interpolation:0}
execute if entity @s[tag=aj.nep_fume_ugs_skills.bone.head] run data modify entity @s {} merge value {transformation:[0.9994234846290201f,0.02176086379451201f,-0.02606075936927936f,0.24743269939901336f,-0.03388544883841535f,0.6871522667544752f,-0.7257227698310189f,2.0605885043109535f,0.0021153555270744077f,0.7261874600274392f,0.6874934895472758f,0.1250188258942358f,0f,0f,0f,1f],start_interpolation:0}
execute if entity @s[tag=aj.nep_fume_ugs_skills.bone.body_top] run data modify entity @s {} merge value {transformation:[0.9926913735376438f,0.07210885860818503f,0.09676853524865801f,0.2190398363220405f,0.08709761349499695f,0.12694491966685506f,-0.9880784346873743f,2.0106039421921293f,-0.08353348207408876f,0.9892852469742993f,0.1197366171710949f,-0.2645122401018946f,0f,0f,0f,1f],start_interpolation:0}
execute if entity @s[tag=aj.nep_fume_ugs_skills.bone.body] run data modify entity @s {} merge value {transformation:[0.9926913735376438f,0.07210885860818503f,0.09676853524865801f,0.18749221068095953f,0.08709761349499695f,0.12694491966685506f,-0.9880784346873743f,1.9550655398378805f,-0.08353348207408876f,0.9892852469742993f,0.1197366171710949f,-0.6973245356531506f,0f,0f,0f,1f],start_interpolation:0}
execute if entity @s[tag=aj.nep_fume_ugs_skills.bone.right_leg2] run data modify entity @s {} merge value {transformation:[0.9725789731712604f,-0.18097635989285904f,0.1460742896784614f,0.4048693822258972f,0.05348932923042263f,-0.4371840761227608f,-0.8977800260883328f,2.092345571048159f,0.22633831448434927f,0.8809753916793693f,-0.4155157357450684f,-0.944867112736112f,0f,0f,0f,1f],start_interpolation:0}
execute if entity @s[tag=aj.nep_fume_ugs_skills.bone.right_leg] run data modify entity @s {} merge value {transformation:[0.9725789731712604f,-0.1984946028588908f,0.12120244874187945f,0.31833883786768236f,0.05348932923042263f,-0.3162600974898393f,-0.9471633662648682f,1.9778538277435227f,0.22633831448434927f,0.9276742118716076f,-0.29697057770892965f,-0.615020729008571f,0f,0f,0f,1f],start_interpolation:0}
execute if entity @s[tag=aj.nep_fume_ugs_skills.bone.left_leg2] run data modify entity @s {} merge value {transformation:[0.9202334888301303f,0.07159007006632587f,-0.3847664069320823f,-0.020897647276015466f,-0.2929999751727632f,-0.5257555409474739f,-0.7985813206629547f,2.0253921064685976f,-0.25946356311491287f,0.8476178225066574f,-0.46284196696581675f,-0.9351618392825627f,0f,0f,0f,1f],start_interpolation:0}
execute if entity @s[tag=aj.nep_fume_ugs_skills.bone.left_leg] run data modify entity @s {} merge value {transformation:[0.9202334888301303f,0.21338432972887952f,-0.3280814744262209f,0.0701659944832714f,-0.2929999751727632f,-0.18013094257182496f,-0.9389908722010805f,1.9560794243697734f,-0.25946356311491287f,0.9602187101667737f,-0.10324092241631215f,-0.5941373584900489f,0f,0f,0f,1f],start_interpolation:0}
execute if entity @s[tag=aj.nep_fume_ugs_skills.locator_origin.nep_ride] at @s on origin run tp @s ^-0.0625 ^1 ^-1.6875 ~0 ~0
execute if entity @s[tag=aj.nep_fume_ugs_skills.locator_origin.wave_of_destruction0] at @s on origin run tp @s ^-0.375 ^2.56249 ^0.18752 ~0 ~90
execute if entity @s[tag=aj.nep_fume_ugs_skills.locator_origin.wave_of_destruction1] at @s on origin run tp @s ^-0.375 ^2.5625 ^0.18752 ~0 ~90
execute if entity @s[tag=aj.nep_fume_ugs_skills.locator_origin.wave_of_destruction2] at @s on origin run tp @s ^-0.375 ^2.56251 ^0.18752 ~0 ~90
execute if entity @s[tag=aj.nep_fume_ugs_skills.locator_origin.wave_of_destruction3] at @s on origin run tp @s ^-0.375 ^2.56252 ^0.18752 ~0 ~90
execute if entity @s[tag=aj.nep_fume_ugs_skills.locator_origin.wave_of_destruction4] at @s on origin run tp @s ^-0.375 ^2.56253 ^0.18752 ~0 ~90
execute if entity @s[tag=aj.nep_fume_ugs_skills.locator_origin.wave_of_destruction5] at @s on origin run tp @s ^-0.37501 ^2.56253 ^0.18752 ~0 ~90
execute if entity @s[tag=aj.nep_fume_ugs_skills.locator_origin.wave_of_destruction6] at @s on origin run tp @s ^-0.37499 ^2.56253 ^0.18752 ~0 ~90
execute if entity @s[tag=aj.nep_fume_ugs_skills.locator_origin.wave_of_destruction7] at @s on origin run tp @s ^-0.375 ^2.56253 ^0.18753 ~0 ~90
execute if entity @s[tag=aj.nep_fume_ugs_skills.locator_origin.wave_of_destruction8] at @s on origin run tp @s ^-0.375 ^2.56253 ^0.18751 ~0 ~90
execute if entity @s[tag=aj.nep_fume_ugs_skills.locator_origin.wave_of_destruction12] at @s on origin run tp @s ^-0.37501 ^2.56252 ^0.18752 ~0 ~90
execute if entity @s[tag=aj.nep_fume_ugs_skills.locator_origin.wave_of_destruction11] at @s on origin run tp @s ^-0.375 ^2.56252 ^0.18753 ~0 ~90
execute if entity @s[tag=aj.nep_fume_ugs_skills.locator_origin.wave_of_destruction10] at @s on origin run tp @s ^-0.37499 ^2.56252 ^0.18752 ~0 ~90
execute if entity @s[tag=aj.nep_fume_ugs_skills.locator_origin.wave_of_destruction9] at @s on origin run tp @s ^-0.375 ^2.56252 ^0.18751 ~0 ~90
execute if entity @s[tag=aj.nep_fume_ugs_skills.locator_origin.wave_of_destruction13] at @s on origin run tp @s ^-0.37501 ^2.56251 ^0.18752 ~0 ~90
execute if entity @s[tag=aj.nep_fume_ugs_skills.locator_origin.wave_of_destruction14] at @s on origin run tp @s ^-0.375 ^2.56251 ^0.18753 ~0 ~90
execute if entity @s[tag=aj.nep_fume_ugs_skills.locator_origin.wave_of_destruction15] at @s on origin run tp @s ^-0.37499 ^2.56251 ^0.18752 ~0 ~90
execute if entity @s[tag=aj.nep_fume_ugs_skills.locator_origin.wave_of_destruction16] at @s on origin run tp @s ^-0.375 ^2.56251 ^0.18751 ~0 ~90
execute if entity @s[tag=aj.nep_fume_ugs_skills.locator_origin.wave_of_destruction17] at @s on origin run tp @s ^-0.37501 ^2.5625 ^0.18752 ~0 ~90
execute if entity @s[tag=aj.nep_fume_ugs_skills.locator_origin.wave_of_destruction18] at @s on origin run tp @s ^-0.375 ^2.5625 ^0.18753 ~0 ~90
execute if entity @s[tag=aj.nep_fume_ugs_skills.locator_origin.wave_of_destruction19] at @s on origin run tp @s ^-0.37499 ^2.5625 ^0.18752 ~0 ~90
execute if entity @s[tag=aj.nep_fume_ugs_skills.locator_origin.wave_of_destruction20] at @s on origin run tp @s ^-0.375 ^2.5625 ^0.18751 ~0 ~90
execute if entity @s[tag=aj.nep_fume_ugs_skills.locator_origin.wave_of_destruction24] at @s on origin run tp @s ^-0.37499 ^2.56249 ^0.18752 ~0 ~90
execute if entity @s[tag=aj.nep_fume_ugs_skills.locator_origin.wave_of_destruction23] at @s on origin run tp @s ^-0.375 ^2.56249 ^0.18753 ~0 ~90
execute if entity @s[tag=aj.nep_fume_ugs_skills.locator_origin.wave_of_destruction22] at @s on origin run tp @s ^-0.37501 ^2.56249 ^0.18752 ~0 ~90
execute if entity @s[tag=aj.nep_fume_ugs_skills.locator_origin.wave_of_destruction21] at @s on origin run tp @s ^-0.375 ^2.56249 ^0.18751 ~0 ~90
execute if entity @s[tag=aj.nep_fume_ugs_skills.locator_origin.wave_of_destruction25] at @s on origin run tp @s ^0.00002 ^0.37402 ^-3.96638 ~0 ~90
execute if entity @s[tag=aj.nep_fume_ugs_skills.locator_origin.wave_of_destruction26] at @s on origin run tp @s ^0 ^0.37402 ^-3.96636 ~0 ~90
execute if entity @s[tag=aj.nep_fume_ugs_skills.locator_origin.wave_of_destruction27] at @s on origin run tp @s ^-0.00002 ^0.37402 ^-3.96638 ~0 ~90
execute if entity @s[tag=aj.nep_fume_ugs_skills.locator_origin.wave_of_destruction28] at @s on origin run tp @s ^0 ^0.37402 ^-3.9664 ~0 ~90
execute if entity @s[tag=aj.nep_fume_ugs_skills.locator_origin.wave_of_destruction29] at @s on origin run tp @s ^0.00002 ^0.37403 ^-3.9664 ~0 ~90
execute if entity @s[tag=aj.nep_fume_ugs_skills.locator_origin.wave_of_destruction30] at @s on origin run tp @s ^0.00001 ^0.37402 ^-3.96637 ~0 ~90
execute if entity @s[tag=aj.nep_fume_ugs_skills.locator_origin.wave_of_destruction31] at @s on origin run tp @s ^-0.00002 ^0.37403 ^-3.96637 ~0 ~90
execute if entity @s[tag=aj.nep_fume_ugs_skills.locator_origin.wave_of_destruction32] at @s on origin run tp @s ^-0.00001 ^0.37403 ^-3.9664 ~0 ~90