execute if entity @s[tag=aj.nep_fume_ugs_skills.bone.right_arm2] run data modify entity @s {} merge value {transformation:[-0.9367306135430996f,-0.16686103018875956f,-0.3077225280273014f,1.1140468817459017f,-0.05152048325493987f,0.9352238931762061f,-0.3502883232959922f,17.210724822851148f,0.3462389311679796f,-0.3122717826456396f,-0.884649612166856f,3.5248985670009407f,0f,0f,0f,1f],start_interpolation:0}
execute if entity @s[tag=aj.nep_fume_ugs_skills.bone.right_arm] run data modify entity @s {} merge value {transformation:[-0.9367306135430996f,-0.16686103018875956f,-0.3077225280273014f,1.0153547162781758f,-0.05152048325493987f,0.9352238931762061f,-0.3502883232959922f,17.434321003148238f,0.3462389311679796f,-0.3122717826456396f,-0.884649612166856f,3.4902384280987877f,0f,0f,0f,1f],start_interpolation:0}
execute if entity @s[tag=aj.nep_fume_ugs_skills.locator_origin.fume_ugs_locator] at @s on origin run tp @s ^0.7849 ^18.89442 ^0.94145 ~-163.24051 ~45.10325
execute if entity @s[tag=aj.nep_fume_ugs_skills.locator_origin.fume_ugs_locator2] at @s on origin run tp @s ^0.93782 ^18.58955 ^1.30705 ~-163.24051 ~45.10325
execute if entity @s[tag=aj.nep_fume_ugs_skills.locator_origin.fume_ugs_locator3] at @s on origin run tp @s ^1.09073 ^18.28467 ^1.67266 ~-163.24051 ~45.10325
execute if entity @s[tag=aj.nep_fume_ugs_skills.locator_origin.fume_ugs_locator4] at @s on origin run tp @s ^1.24365 ^17.97979 ^2.03826 ~-163.24051 ~45.10325
execute if entity @s[tag=aj.nep_fume_ugs_skills.locator_origin.fume_ugs_locator5] at @s on origin run tp @s ^1.41568 ^17.6368 ^2.44956 ~-163.24051 ~45.10325
execute if entity @s[tag=aj.nep_fume_ugs_skills.locator_origin.fume_ugs_locator10] at @s on origin run tp @s ^1.33935 ^17.90244 ^2.70301 ~-163.24051 ~45.10325
execute if entity @s[tag=aj.nep_fume_ugs_skills.locator_origin.fume_ugs_locator9] at @s on origin run tp @s ^1.16732 ^18.24543 ^2.2917 ~-163.24051 ~45.10325
execute if entity @s[tag=aj.nep_fume_ugs_skills.locator_origin.fume_ugs_locator8] at @s on origin run tp @s ^1.01441 ^18.55031 ^1.9261 ~-163.24051 ~45.10325
execute if entity @s[tag=aj.nep_fume_ugs_skills.locator_origin.fume_ugs_locator7] at @s on origin run tp @s ^0.86149 ^18.85519 ^1.5605 ~-163.24051 ~45.10325
execute if entity @s[tag=aj.nep_fume_ugs_skills.locator_origin.fume_ugs_locator6] at @s on origin run tp @s ^0.70858 ^19.16007 ^1.19489 ~-163.24051 ~45.10325
execute if entity @s[tag=aj.nep_fume_ugs_skills.locator_origin.foe_ride_locator] at @s on origin run tp @s ^1.01434 ^18.49371 ^1.70798 ~-163.24051 ~45.10325
execute if entity @s[tag=aj.nep_fume_ugs_skills.bone.fume_ugs_slash] run data modify entity @s {} merge value {transformation:[0.000024802037251788213f,-0.000008155530696882946f,-0.00000542746518406344f,1.011653130246832f,0.000009480513422287164f,0.00001626019538222779f,0.00001889013029316427f,18.507726101276663f,-0.0000024677772431590915f,-0.000019498832690576344f,0.000018022672118589078f,1.7155939118029362f,0f,0f,0f,1f],start_interpolation:0}
execute if entity @s[tag=aj.nep_fume_ugs_skills.bone.gravity_vortex] run data modify entity @s {} merge value {transformation:[0.000004077765348441476f,0.000012401018625894106f,-0.00000271373259203172f,0.955925361500159f,-0.000008130097691113893f,0.0000047402567111435835f,0.000009445065146582134f,18.585075012897832f,0.000009749416345288172f,-0.0000012338886215795479f,0.000009011336059294539f,1.6004005858879051f,0f,0f,0f,1f],start_interpolation:0}
execute if entity @s[tag=aj.nep_fume_ugs_skills.bone.fume_ultra_greatsword] run data modify entity @s {} merge value {transformation:[1.9308386000517124f,-0.6349080647523374f,-0.4225281645793388f,1.443901244021498f,0.7380579699250557f,1.2658562105064333f,1.4705966433228383f,17.64121754843072f,-0.19211645837993527f,-1.5179841249613684f,1.4030650244321599f,2.75460767523978f,0f,0f,0f,1f],start_interpolation:0}
execute if entity @s[tag=aj.nep_fume_ugs_skills.bone.left_arm2] run data modify entity @s {} merge value {transformation:[-0.8380608051353253f,0.37116295226716345f,-0.39986516447454246f,1.5629814220299534f,-0.45661964951347933f,-0.07606593078076118f,0.8864042361432192f,17.663878475410783f,0.2985842972664786f,0.9254469390725646f,0.23322817237011362f,2.8101307616913593f,0f,0f,0f,1f],start_interpolation:0}
execute if entity @s[tag=aj.nep_fume_ugs_skills.bone.left_arm] run data modify entity @s {} merge value {transformation:[-0.8380608051353253f,0.37116295226716345f,-0.39986516447454246f,1.687850382200124f,-0.45661964951347933f,-0.07606593078076118f,0.8864042361432192f,17.63828789956545f,0.2985842972664786f,0.9254469390725646f,0.23322817237011362f,3.1214754049775206f,0f,0f,0f,1f],start_interpolation:0}
execute if entity @s[tag=aj.nep_fume_ugs_skills.bone.head] run data modify entity @s {} merge value {transformation:[-0.9328195428526358f,-0.323365577891837f,-0.15900441348238456f,1.322210042050384f,-0.34128767838409235f,0.9344206418314374f,0.10188613596815121f,17.623259183677106f,0.11563053686373348f,0.14930762590706012f,-0.9820065232933034f,3.2906880913578704f,0f,0f,0f,1f],start_interpolation:0}
execute if entity @s[tag=aj.nep_fume_ugs_skills.bone.body_top] run data modify entity @s {} merge value {transformation:[-0.86649385142119f,-0.3957533438285345f,-0.30424939818807506f,1.4780379211828694f,-0.2502535262004195f,0.8717506536143752f,-0.42121724863443744f,17.280007363816445f,0.4319277463575685f,-0.2888426713133689f,-0.8544052511279576f,3.4044198931875096f,0f,0f,0f,1f],start_interpolation:0}
execute if entity @s[tag=aj.nep_fume_ugs_skills.bone.body] run data modify entity @s {} merge value {transformation:[-0.86649385142119f,-0.3957533438285345f,-0.30424939818807506f,1.6511800091078532f,-0.2502535262004195f,0.8717506536143752f,-0.42121724863443744f,16.898616452860157f,0.4319277463575685f,-0.2888426713133689f,-0.8544052511279576f,3.5307885618871087f,0f,0f,0f,1f],start_interpolation:0}
execute if entity @s[tag=aj.nep_fume_ugs_skills.bone.right_leg2] run data modify entity @s {} merge value {transformation:[-0.9438687101605455f,-0.27667936241508784f,-0.18044497331166579f,1.5811351616529743f,-0.06198424777254184f,0.6849214684606425f,-0.7259755747060567f,16.670001068732127f,0.3244530952355663f,-0.6740408833708061f,-0.6636257051506994f,3.7718019558887192f,0f,0f,0f,1f],start_interpolation:0}
execute if entity @s[tag=aj.nep_fume_ugs_skills.bone.right_leg] run data modify entity @s {} merge value {transformation:[-0.9438687101605455f,-0.25075953684300045f,-0.21501514519249848f,1.5057664016962795f,-0.06198424777254184f,0.7738206977610536f,-0.6303645617772848f,16.94906138586145f,0.3244530952355663f,-0.5816538338211821f,-0.7459282851542636f,3.5577005297461763f,0f,0f,0f,1f],start_interpolation:0}
execute if entity @s[tag=aj.nep_fume_ugs_skills.bone.left_leg2] run data modify entity @s {} merge value {transformation:[-0.8399598487003825f,-0.4948831375976847f,0.22261655978992387f,1.9304407002078834f,-0.523887397153181f,0.6326008880278967f,-0.5704017107007848f,16.731329307444692f,0.1414547548698698f,-0.5957405446902089f,-0.7906223850466906f,3.536573852955342f,0f,0f,0f,1f],start_interpolation:0}
execute if entity @s[tag=aj.nep_fume_ugs_skills.bone.left_leg] run data modify entity @s {} merge value {transformation:[-0.8399598487003825f,-0.5424040710131841f,0.016287305472498792f,1.722389864551577f,-0.523887397153181f,0.8027302971753333f,-0.28489658667816f,17.011624767411558f,0.1414547548698698f,-0.2478344079120684f,-0.9584198759309923f,3.4497185931567844f,0f,0f,0f,1f],start_interpolation:0}
execute if entity @s[tag=aj.nep_fume_ugs_skills.locator_origin.nep_ride] at @s on origin run tp @s ^-0.0625 ^1 ^-1.6875 ~0 ~0
execute if entity @s[tag=aj.nep_fume_ugs_skills.locator_origin.wave_of_destruction0] at @s on origin run tp @s ^-0.375 ^2.56249 ^0.18752 ~0 ~90
execute if entity @s[tag=aj.nep_fume_ugs_skills.locator_origin.wave_of_destruction1] at @s on origin run tp @s ^-0.375 ^2.5625 ^0.18752 ~0 ~90
execute if entity @s[tag=aj.nep_fume_ugs_skills.locator_origin.wave_of_destruction2] at @s on origin run tp @s ^-0.375 ^2.56251 ^0.18752 ~0 ~90
execute if entity @s[tag=aj.nep_fume_ugs_skills.locator_origin.wave_of_destruction3] at @s on origin run tp @s ^-0.375 ^2.56252 ^0.18752 ~0 ~90
execute if entity @s[tag=aj.nep_fume_ugs_skills.locator_origin.wave_of_destruction4] at @s on origin run tp @s ^-0.375 ^2.56253 ^0.18752 ~0 ~90
execute if entity @s[tag=aj.nep_fume_ugs_skills.locator_origin.wave_of_destruction5] at @s on origin run tp @s ^-0.37501 ^2.56253 ^0.18752 ~0 ~90
execute if entity @s[tag=aj.nep_fume_ugs_skills.locator_origin.wave_of_destruction6] at @s on origin run tp @s ^-0.37499 ^2.56253 ^0.18752 ~0 ~90
execute if entity @s[tag=aj.nep_fume_ugs_skills.locator_origin.wave_of_destruction7] at @s on origin run tp @s ^-0.375 ^2.56253 ^0.18753 ~0 ~90
execute if entity @s[tag=aj.nep_fume_ugs_skills.locator_origin.wave_of_destruction8] at @s on origin run tp @s ^-0.375 ^2.56253 ^0.18751 ~0 ~90
execute if entity @s[tag=aj.nep_fume_ugs_skills.locator_origin.wave_of_destruction12] at @s on origin run tp @s ^-0.37501 ^2.56252 ^0.18752 ~0 ~90
execute if entity @s[tag=aj.nep_fume_ugs_skills.locator_origin.wave_of_destruction11] at @s on origin run tp @s ^-0.375 ^2.56252 ^0.18753 ~0 ~90
execute if entity @s[tag=aj.nep_fume_ugs_skills.locator_origin.wave_of_destruction10] at @s on origin run tp @s ^-0.37499 ^2.56252 ^0.18752 ~0 ~90
execute if entity @s[tag=aj.nep_fume_ugs_skills.locator_origin.wave_of_destruction9] at @s on origin run tp @s ^-0.375 ^2.56252 ^0.18751 ~0 ~90
execute if entity @s[tag=aj.nep_fume_ugs_skills.locator_origin.wave_of_destruction13] at @s on origin run tp @s ^-0.37501 ^2.56251 ^0.18752 ~0 ~90
execute if entity @s[tag=aj.nep_fume_ugs_skills.locator_origin.wave_of_destruction14] at @s on origin run tp @s ^-0.375 ^2.56251 ^0.18753 ~0 ~90
execute if entity @s[tag=aj.nep_fume_ugs_skills.locator_origin.wave_of_destruction15] at @s on origin run tp @s ^-0.37499 ^2.56251 ^0.18752 ~0 ~90
execute if entity @s[tag=aj.nep_fume_ugs_skills.locator_origin.wave_of_destruction16] at @s on origin run tp @s ^-0.375 ^2.56251 ^0.18751 ~0 ~90
execute if entity @s[tag=aj.nep_fume_ugs_skills.locator_origin.wave_of_destruction17] at @s on origin run tp @s ^-0.37501 ^2.5625 ^0.18752 ~0 ~90
execute if entity @s[tag=aj.nep_fume_ugs_skills.locator_origin.wave_of_destruction18] at @s on origin run tp @s ^-0.375 ^2.5625 ^0.18753 ~0 ~90
execute if entity @s[tag=aj.nep_fume_ugs_skills.locator_origin.wave_of_destruction19] at @s on origin run tp @s ^-0.37499 ^2.5625 ^0.18752 ~0 ~90
execute if entity @s[tag=aj.nep_fume_ugs_skills.locator_origin.wave_of_destruction20] at @s on origin run tp @s ^-0.375 ^2.5625 ^0.18751 ~0 ~90
execute if entity @s[tag=aj.nep_fume_ugs_skills.locator_origin.wave_of_destruction24] at @s on origin run tp @s ^-0.37499 ^2.56249 ^0.18752 ~0 ~90
execute if entity @s[tag=aj.nep_fume_ugs_skills.locator_origin.wave_of_destruction23] at @s on origin run tp @s ^-0.375 ^2.56249 ^0.18753 ~0 ~90
execute if entity @s[tag=aj.nep_fume_ugs_skills.locator_origin.wave_of_destruction22] at @s on origin run tp @s ^-0.37501 ^2.56249 ^0.18752 ~0 ~90
execute if entity @s[tag=aj.nep_fume_ugs_skills.locator_origin.wave_of_destruction21] at @s on origin run tp @s ^-0.375 ^2.56249 ^0.18751 ~0 ~90
execute if entity @s[tag=aj.nep_fume_ugs_skills.locator_origin.wave_of_destruction25] at @s on origin run tp @s ^0.00002 ^0.37402 ^-3.96638 ~0 ~90
execute if entity @s[tag=aj.nep_fume_ugs_skills.locator_origin.wave_of_destruction26] at @s on origin run tp @s ^0 ^0.37402 ^-3.96636 ~0 ~90
execute if entity @s[tag=aj.nep_fume_ugs_skills.locator_origin.wave_of_destruction27] at @s on origin run tp @s ^-0.00002 ^0.37402 ^-3.96638 ~0 ~90
execute if entity @s[tag=aj.nep_fume_ugs_skills.locator_origin.wave_of_destruction28] at @s on origin run tp @s ^0 ^0.37402 ^-3.9664 ~0 ~90
execute if entity @s[tag=aj.nep_fume_ugs_skills.locator_origin.wave_of_destruction29] at @s on origin run tp @s ^0.00002 ^0.37403 ^-3.9664 ~0 ~90
execute if entity @s[tag=aj.nep_fume_ugs_skills.locator_origin.wave_of_destruction30] at @s on origin run tp @s ^0.00001 ^0.37402 ^-3.96637 ~0 ~90
execute if entity @s[tag=aj.nep_fume_ugs_skills.locator_origin.wave_of_destruction31] at @s on origin run tp @s ^-0.00002 ^0.37403 ^-3.96637 ~0 ~90
execute if entity @s[tag=aj.nep_fume_ugs_skills.locator_origin.wave_of_destruction32] at @s on origin run tp @s ^-0.00001 ^0.37403 ^-3.9664 ~0 ~90