execute if entity @s[tag=aj.nep_fume_ugs_skills.bone.right_arm2] run data modify entity @s {} merge value {transformation:[-0.1160494172185827f,-0.29024060790532913f,-0.9498910054769295f,-1.0837074897722219f,-0.28232050646375384f,0.9265448549551418f,-0.2486156941671318f,9.493387937872885f,0.952274994102689f,0.23932200333212222f,-0.18946586586460087f,-5.731860657719143f,0f,0f,0f,1f],start_interpolation:0}
execute if entity @s[tag=aj.nep_fume_ugs_skills.bone.right_arm] run data modify entity @s {} merge value {transformation:[-0.1160494172185827f,-0.29024060790532913f,-0.9498910054769295f,-1.1438956512402023f,-0.28232050646375384f,0.9265448549551418f,-0.2486156941671318f,9.697265845539974f,0.952274994102689f,0.23932200333212222f,-0.18946586586460087f,-5.6063700023647725f,0f,0f,0f,1f],start_interpolation:0}
execute if entity @s[tag=aj.nep_fume_ugs_skills.locator_origin.fume_ugs_locator] at @s on origin run tp @s ^-3.76249 ^10.16732 ^-5.43243 ~128.60617 ~59.973
execute if entity @s[tag=aj.nep_fume_ugs_skills.locator_origin.fume_ugs_locator2] at @s on origin run tp @s ^-3.30692 ^10.0092 ^-5.56454 ~128.60617 ~59.973
execute if entity @s[tag=aj.nep_fume_ugs_skills.locator_origin.fume_ugs_locator3] at @s on origin run tp @s ^-2.85134 ^9.85108 ^-5.69665 ~128.60617 ~59.973
execute if entity @s[tag=aj.nep_fume_ugs_skills.locator_origin.fume_ugs_locator4] at @s on origin run tp @s ^-2.39577 ^9.69295 ^-5.82876 ~128.60617 ~59.973
execute if entity @s[tag=aj.nep_fume_ugs_skills.locator_origin.fume_ugs_locator5] at @s on origin run tp @s ^-1.88326 ^9.51507 ^-5.97738 ~128.60617 ~59.973
execute if entity @s[tag=aj.nep_fume_ugs_skills.locator_origin.fume_ugs_locator10] at @s on origin run tp @s ^-1.73661 ^9.83974 ^-5.86029 ~128.60617 ~59.973
execute if entity @s[tag=aj.nep_fume_ugs_skills.locator_origin.fume_ugs_locator9] at @s on origin run tp @s ^-2.24913 ^10.01762 ^-5.71167 ~128.60617 ~59.973
execute if entity @s[tag=aj.nep_fume_ugs_skills.locator_origin.fume_ugs_locator8] at @s on origin run tp @s ^-2.7047 ^10.17575 ^-5.57956 ~128.60617 ~59.973
execute if entity @s[tag=aj.nep_fume_ugs_skills.locator_origin.fume_ugs_locator7] at @s on origin run tp @s ^-3.16027 ^10.33387 ^-5.44745 ~128.60617 ~59.973
execute if entity @s[tag=aj.nep_fume_ugs_skills.locator_origin.fume_ugs_locator6] at @s on origin run tp @s ^-3.61585 ^10.49199 ^-5.31534 ~128.60617 ~59.973
execute if entity @s[tag=aj.nep_fume_ugs_skills.locator_origin.foe_ride_locator] at @s on origin run tp @s ^-2.89192 ^10.05294 ^-5.60508 ~128.60617 ~59.973
execute if entity @s[tag=aj.nep_fume_ugs_skills.bone.fume_ugs_slash] run data modify entity @s {} merge value {transformation:[-0.0000034669826970526874f,-0.000024297128177237085f,0.000010427881109235963f,-2.8895006899056277f,0.000010341654927836908f,0.000008433165507464864f,0.000023087724097198554f,10.06836106770617f,-0.000024333953962375175f,0.0000070457358007328f,0.000008326307866899254f,-5.600817801634398f,0f,0f,0f,1f],start_interpolation:0}
execute if entity @s[tag=aj.nep_fume_ugs_skills.bone.gravity_vortex] run data modify entity @s {} merge value {transformation:[0.000012148564088618543f,-0.0000017334913485263464f,0.000005213940554617981f,-3.027553435211736f,-0.000004216582753732431f,0.000005170827463918455f,0.000011543862048599277f,10.099855402385561f,-0.0000035228679003664025f,-0.000012166976981187587f,0.000004163153933449627f,-5.55278149171807f,0f,0f,0f,1f],start_interpolation:0}
execute if entity @s[tag=aj.nep_fume_ugs_skills.bone.fume_ultra_greatsword] run data modify entity @s {} merge value {transformation:[-0.26990460296555174f,-1.891531428597907f,0.8118105443540198f,-1.5949647643323495f,0.8050978361321032f,0.6565219347561396f,1.7973793209669076f,9.618722826020331f,-1.8943983159709075f,0.5485105320870485f,0.6482030674381069f,-5.97394953928469f,0f,0f,0f,1f],start_interpolation:0}
execute if entity @s[tag=aj.nep_fume_ugs_skills.bone.left_arm2] run data modify entity @s {} merge value {transformation:[0.534973097864009f,0.7853127747176689f,-0.31158888046113203f,-1.5690517385908098f,-0.31201217764864697f,0.5263705464922835f,0.7909377022145072f,9.740934241482377f,0.7851446908441363f,-0.3259108676473539f,0.5266212308563095f,-6.1512979853431515f,0f,0f,0f,1f],start_interpolation:0}
execute if entity @s[tag=aj.nep_fume_ugs_skills.bone.left_arm] run data modify entity @s {} merge value {transformation:[0.534973097864009f,0.7853127747176689f,-0.31158888046113203f,-1.3048519067154496f,-0.31201217764864697f,0.5263705464922835f,0.7909377022145072f,9.918019110549226f,0.7851446908441363f,-0.3259108676473539f,0.5266212308563095f,-6.260942956379997f,0f,0f,0f,1f],start_interpolation:0}
execute if entity @s[tag=aj.nep_fume_ugs_skills.bone.head] run data modify entity @s {} merge value {transformation:[0.08102856985270485f,-0.386831738379849f,-0.9185834622121438f,-1.2785359647830035f,-0.41217727371975754f,0.826112919123543f,-0.3842490597075375f,9.87738673716024f,0.9074933971641738f,0.4097543789140059f,-0.09250450294025689f,-5.906730124365913f,0f,0f,0f,1f],start_interpolation:0}
execute if entity @s[tag=aj.nep_fume_ugs_skills.bone.body_top] run data modify entity @s {} merge value {transformation:[0.20577164835976008f,-0.8391780674920988f,-0.5034264591492322f,-0.9481096007079897f,-0.33956973829608633f,0.42124270934929586f,-0.8409797694674898f,9.711522420353955f,0.9177965033518238f,0.3439981843851666f,-0.1982796700997717f,-6.042179409467572f,0f,0f,0f,1f],start_interpolation:0}
execute if entity @s[tag=aj.nep_fume_ugs_skills.bone.body] run data modify entity @s {} merge value {transformation:[0.20577164835976008f,-0.8391780674920988f,-0.5034264591492322f,-0.5809691961801964f,-0.33956973829608633f,0.42124270934929586f,-0.8409797694674898f,9.527228735013638f,0.9177965033518238f,0.3439981843851666f,-0.1982796700997717f,-6.192678615136082f,0f,0f,0f,1f],start_interpolation:0}
execute if entity @s[tag=aj.nep_fume_ugs_skills.bone.right_leg2] run data modify entity @s {} merge value {transformation:[-0.09294738817659767f,-0.9952861581176503f,0.02768115768092047f,-0.27945357045095004f,-0.2534398232128321f,-0.0032359340727621255f,-0.967345742090451f,9.476090880122536f,0.9628754016179855f,-0.09692776790003906f,-0.2519443763391414f,-6.007942051495951f,0f,0f,0f,1f],start_interpolation:0}
execute if entity @s[tag=aj.nep_fume_ugs_skills.bone.right_leg] run data modify entity @s {} merge value {transformation:[-0.09294738817659767f,-0.9903844631705596f,-0.10246657084879429f,-0.6339206839626106f,-0.2534398232128321f,0.12305570606716221f,-0.9594923393202057f,9.524274021728123f,0.9628754016179855f,-0.06321319731412331f,-0.26244056973785224f,-6.045704222430995f,0f,0f,0f,1f],start_interpolation:0}
execute if entity @s[tag=aj.nep_fume_ugs_skills.bone.left_leg2] run data modify entity @s {} merge value {transformation:[0.2043177717841921f,-0.976892905843997f,0.06272558206038392f,-0.35558240106936084f,-0.6973056170120415f,-0.1902152597500846f,-0.6910738248853474f,9.588175764136416f,0.6870364798295637f,0.0974597633378976f,-0.7200572684957234f,-6.4172740206845535f,0f,0f,0f,1f],start_interpolation:0}
execute if entity @s[tag=aj.nep_fume_ugs_skills.bone.left_leg] run data modify entity @s {} merge value {transformation:[0.2043177717841921f,-0.9265354022047103f,-0.3158898488310414f,-0.6853635960525506f,-0.6973056170120415f,0.08872651807037457f,-0.7112611907552412f,9.609166456302145f,0.6870364798295637f,0.3655950675986519f,-0.627949935847547f,-6.275153348268951f,0f,0f,0f,1f],start_interpolation:0}
execute if entity @s[tag=aj.nep_fume_ugs_skills.locator_origin.nep_ride] at @s on origin run tp @s ^-0.0625 ^1 ^-1.6875 ~0 ~0
execute if entity @s[tag=aj.nep_fume_ugs_skills.locator_origin.wave_of_destruction0] at @s on origin run tp @s ^-0.375 ^2.56249 ^0.18752 ~0 ~90
execute if entity @s[tag=aj.nep_fume_ugs_skills.locator_origin.wave_of_destruction1] at @s on origin run tp @s ^-0.375 ^2.5625 ^0.18752 ~0 ~90
execute if entity @s[tag=aj.nep_fume_ugs_skills.locator_origin.wave_of_destruction2] at @s on origin run tp @s ^-0.375 ^2.56251 ^0.18752 ~0 ~90
execute if entity @s[tag=aj.nep_fume_ugs_skills.locator_origin.wave_of_destruction3] at @s on origin run tp @s ^-0.375 ^2.56252 ^0.18752 ~0 ~90
execute if entity @s[tag=aj.nep_fume_ugs_skills.locator_origin.wave_of_destruction4] at @s on origin run tp @s ^-0.375 ^2.56253 ^0.18752 ~0 ~90
execute if entity @s[tag=aj.nep_fume_ugs_skills.locator_origin.wave_of_destruction5] at @s on origin run tp @s ^-0.37501 ^2.56253 ^0.18752 ~0 ~90
execute if entity @s[tag=aj.nep_fume_ugs_skills.locator_origin.wave_of_destruction6] at @s on origin run tp @s ^-0.37499 ^2.56253 ^0.18752 ~0 ~90
execute if entity @s[tag=aj.nep_fume_ugs_skills.locator_origin.wave_of_destruction7] at @s on origin run tp @s ^-0.375 ^2.56253 ^0.18753 ~0 ~90
execute if entity @s[tag=aj.nep_fume_ugs_skills.locator_origin.wave_of_destruction8] at @s on origin run tp @s ^-0.375 ^2.56253 ^0.18751 ~0 ~90
execute if entity @s[tag=aj.nep_fume_ugs_skills.locator_origin.wave_of_destruction12] at @s on origin run tp @s ^-0.37501 ^2.56252 ^0.18752 ~0 ~90
execute if entity @s[tag=aj.nep_fume_ugs_skills.locator_origin.wave_of_destruction11] at @s on origin run tp @s ^-0.375 ^2.56252 ^0.18753 ~0 ~90
execute if entity @s[tag=aj.nep_fume_ugs_skills.locator_origin.wave_of_destruction10] at @s on origin run tp @s ^-0.37499 ^2.56252 ^0.18752 ~0 ~90
execute if entity @s[tag=aj.nep_fume_ugs_skills.locator_origin.wave_of_destruction9] at @s on origin run tp @s ^-0.375 ^2.56252 ^0.18751 ~0 ~90
execute if entity @s[tag=aj.nep_fume_ugs_skills.locator_origin.wave_of_destruction13] at @s on origin run tp @s ^-0.37501 ^2.56251 ^0.18752 ~0 ~90
execute if entity @s[tag=aj.nep_fume_ugs_skills.locator_origin.wave_of_destruction14] at @s on origin run tp @s ^-0.375 ^2.56251 ^0.18753 ~0 ~90
execute if entity @s[tag=aj.nep_fume_ugs_skills.locator_origin.wave_of_destruction15] at @s on origin run tp @s ^-0.37499 ^2.56251 ^0.18752 ~0 ~90
execute if entity @s[tag=aj.nep_fume_ugs_skills.locator_origin.wave_of_destruction16] at @s on origin run tp @s ^-0.375 ^2.56251 ^0.18751 ~0 ~90
execute if entity @s[tag=aj.nep_fume_ugs_skills.locator_origin.wave_of_destruction17] at @s on origin run tp @s ^-0.37501 ^2.5625 ^0.18752 ~0 ~90
execute if entity @s[tag=aj.nep_fume_ugs_skills.locator_origin.wave_of_destruction18] at @s on origin run tp @s ^-0.375 ^2.5625 ^0.18753 ~0 ~90
execute if entity @s[tag=aj.nep_fume_ugs_skills.locator_origin.wave_of_destruction19] at @s on origin run tp @s ^-0.37499 ^2.5625 ^0.18752 ~0 ~90
execute if entity @s[tag=aj.nep_fume_ugs_skills.locator_origin.wave_of_destruction20] at @s on origin run tp @s ^-0.375 ^2.5625 ^0.18751 ~0 ~90
execute if entity @s[tag=aj.nep_fume_ugs_skills.locator_origin.wave_of_destruction24] at @s on origin run tp @s ^-0.37499 ^2.56249 ^0.18752 ~0 ~90
execute if entity @s[tag=aj.nep_fume_ugs_skills.locator_origin.wave_of_destruction23] at @s on origin run tp @s ^-0.375 ^2.56249 ^0.18753 ~0 ~90
execute if entity @s[tag=aj.nep_fume_ugs_skills.locator_origin.wave_of_destruction22] at @s on origin run tp @s ^-0.37501 ^2.56249 ^0.18752 ~0 ~90
execute if entity @s[tag=aj.nep_fume_ugs_skills.locator_origin.wave_of_destruction21] at @s on origin run tp @s ^-0.375 ^2.56249 ^0.18751 ~0 ~90
execute if entity @s[tag=aj.nep_fume_ugs_skills.locator_origin.wave_of_destruction25] at @s on origin run tp @s ^0.00002 ^0.37402 ^-3.96638 ~0 ~90
execute if entity @s[tag=aj.nep_fume_ugs_skills.locator_origin.wave_of_destruction26] at @s on origin run tp @s ^0 ^0.37402 ^-3.96636 ~0 ~90
execute if entity @s[tag=aj.nep_fume_ugs_skills.locator_origin.wave_of_destruction27] at @s on origin run tp @s ^-0.00002 ^0.37402 ^-3.96638 ~0 ~90
execute if entity @s[tag=aj.nep_fume_ugs_skills.locator_origin.wave_of_destruction28] at @s on origin run tp @s ^0 ^0.37402 ^-3.9664 ~0 ~90
execute if entity @s[tag=aj.nep_fume_ugs_skills.locator_origin.wave_of_destruction29] at @s on origin run tp @s ^0.00002 ^0.37403 ^-3.9664 ~0 ~90
execute if entity @s[tag=aj.nep_fume_ugs_skills.locator_origin.wave_of_destruction30] at @s on origin run tp @s ^0.00001 ^0.37402 ^-3.96637 ~0 ~90
execute if entity @s[tag=aj.nep_fume_ugs_skills.locator_origin.wave_of_destruction31] at @s on origin run tp @s ^-0.00002 ^0.37403 ^-3.96637 ~0 ~90
execute if entity @s[tag=aj.nep_fume_ugs_skills.locator_origin.wave_of_destruction32] at @s on origin run tp @s ^-0.00001 ^0.37403 ^-3.9664 ~0 ~90