execute if entity @s[tag=aj.nep_fume_ugs_skills.bone.right_arm2] run data modify entity @s {} merge value {transformation:[-0.8653379367208479f,-0.08513310977116563f,-0.49390546554213915f,0.2549747095500874f,-0.0016336614816674039f,0.9859416841311881f,-0.16708179626374536f,18.068332229808476f,0.5011861794003f,-0.1437753425078412f,-0.853311821355408f,3.193251803917553f,0f,0f,0f,1f],start_interpolation:0}
execute if entity @s[tag=aj.nep_fume_ugs_skills.bone.right_arm] run data modify entity @s {} merge value {transformation:[-0.8653379367208479f,-0.08513310977116563f,-0.49390546554213915f,0.18374358539875146f,-0.0016336614816674039f,0.9859416841311881f,-0.16708179626374536f,18.30418899012627f,0.5011861794003f,-0.1437753425078412f,-0.853311821355408f,3.208563112202791f,0f,0f,0f,1f],start_interpolation:0}
execute if entity @s[tag=aj.nep_fume_ugs_skills.locator_origin.fume_ugs_locator] at @s on origin run tp @s ^0.07648 ^20.00235 ^0.67157 ~-170.92413 ~43.87189
execute if entity @s[tag=aj.nep_fume_ugs_skills.locator_origin.fume_ugs_locator2] at @s on origin run tp @s ^0.2033 ^19.66609 ^1.0192 ~-170.92413 ~43.87189
execute if entity @s[tag=aj.nep_fume_ugs_skills.locator_origin.fume_ugs_locator3] at @s on origin run tp @s ^0.33012 ^19.32984 ^1.36683 ~-170.92413 ~43.87189
execute if entity @s[tag=aj.nep_fume_ugs_skills.locator_origin.fume_ugs_locator4] at @s on origin run tp @s ^0.45695 ^18.99358 ^1.71446 ~-170.92413 ~43.87189
execute if entity @s[tag=aj.nep_fume_ugs_skills.locator_origin.fume_ugs_locator5] at @s on origin run tp @s ^0.59962 ^18.61529 ^2.10554 ~-170.92413 ~43.87189
execute if entity @s[tag=aj.nep_fume_ugs_skills.locator_origin.fume_ugs_locator10] at @s on origin run tp @s ^0.55698 ^18.87518 ^2.37249 ~-170.92413 ~43.87189
execute if entity @s[tag=aj.nep_fume_ugs_skills.locator_origin.fume_ugs_locator9] at @s on origin run tp @s ^0.4143 ^19.25347 ^1.98141 ~-170.92413 ~43.87189
execute if entity @s[tag=aj.nep_fume_ugs_skills.locator_origin.fume_ugs_locator8] at @s on origin run tp @s ^0.28748 ^19.58973 ^1.63378 ~-170.92413 ~43.87189
execute if entity @s[tag=aj.nep_fume_ugs_skills.locator_origin.fume_ugs_locator7] at @s on origin run tp @s ^0.16066 ^19.92599 ^1.28615 ~-170.92413 ~43.87189
execute if entity @s[tag=aj.nep_fume_ugs_skills.locator_origin.fume_ugs_locator6] at @s on origin run tp @s ^0.03383 ^20.26225 ^0.93852 ~-170.92413 ~43.87189
execute if entity @s[tag=aj.nep_fume_ugs_skills.locator_origin.foe_ride_locator] at @s on origin run tp @s ^0.2771 ^19.54385 ^1.41339 ~-170.92413 ~43.87189
execute if entity @s[tag=aj.nep_fume_ugs_skills.bone.fume_ugs_slash] run data modify entity @s {} merge value {transformation:[0.000025615711636495857f,-0.0000067639468025337975f,-0.000003032400389047397f,0.27606454442183875f,0.00000692332309070185f,0.000017933787741408127f,0.000018481286907003677f,19.557693178132222f,-0.0000026484006208949153f,-0.000018540210139308646f,0.00001898308966561111f,1.4216978278002483f,0f,0f,0f,1f],start_interpolation:0}
execute if entity @s[tag=aj.nep_fume_ugs_skills.bone.gravity_vortex] run data modify entity @s {} merge value {transformation:[0.0000033819734012669013f,0.000012807855818247928f,-0.0000015162001945236985f,0.22661321121038208f,-0.000008966893870704062f,0.0000034616615453509274f,0.000009240643453501838f,19.64584871172134f,0.000009270105069654323f,-0.0000013242003104474596f,0.000009491544832805554f,1.311511130712734f,0f,0f,0f,1f],start_interpolation:0}
execute if entity @s[tag=aj.nep_fume_ugs_skills.bone.fume_ultra_greatsword] run data modify entity @s {} merge value {transformation:[1.9941831509012025f,-0.5265732585772561f,-0.23607237028733985f,0.6341671340553698f,0.538980702611139f,1.3961453756686226f,1.4387681857102361f,18.602251083738878f,-0.20617798833666917f,-1.443355359345178f,1.477833530467825f,2.4096846921801056f,0f,0f,0f,1f],start_interpolation:0}
execute if entity @s[tag=aj.nep_fume_ugs_skills.bone.left_arm2] run data modify entity @s {} merge value {transformation:[-0.9078969708549172f,0.3306448536769242f,-0.2576762912055198f,0.7234550260755045f,-0.35438248601175315f,-0.2770611166017285f,0.8931126419861792f,18.5887571766805f,0.22391101786333778f,0.9021702269551845f,0.3687176937374112f,2.4539775255593237f,0f,0f,0f,1f],start_interpolation:0}
execute if entity @s[tag=aj.nep_fume_ugs_skills.bone.left_arm] run data modify entity @s {} merge value {transformation:[-0.9078969708549172f,0.3306448536769242f,-0.2576762912055198f,0.8346926342798308f,-0.35438248601175315f,-0.2770611166017285f,0.8931126419861792f,18.495546544201368f,0.22391101786333778f,0.9021702269551845f,0.3687176937374112f,2.757491271875505f,0f,0f,0f,1f],start_interpolation:0}
execute if entity @s[tag=aj.nep_fume_ugs_skills.bone.head] run data modify entity @s {} merge value {transformation:[-0.956165841159401f,-0.22271894698124456f,-0.19011353148974225f,0.48142575686328415f,-0.2673379825601181f,0.9288676198951655f,0.2563890555210501f,18.488334230513292f,0.1194876030415773f,0.29597502490219646f,-0.9476927230666714f,2.988458516922157f,0f,0f,0f,1f],start_interpolation:0}
execute if entity @s[tag=aj.nep_fume_ugs_skills.bone.body_top] run data modify entity @s {} merge value {transformation:[-0.8162085169637463f,-0.2977079695492739f,-0.49515010017437244f,0.5986482698733108f,-0.21733401049074932f,0.9522816370587339f,-0.21430261688729949f,18.113373335921416f,0.5353219449264612f,-0.06730266404523988f,-0.8419624496927192f,3.0149589408899704f,0f,0f,0f,1f],start_interpolation:0}
execute if entity @s[tag=aj.nep_fume_ugs_skills.bone.body] run data modify entity @s {} merge value {transformation:[-0.8162085169637463f,-0.2977079695492739f,-0.49515010017437244f,0.7288955065511181f,-0.21733401049074932f,0.9522816370587339f,-0.21430261688729949f,17.69675011970822f,0.5353219449264612f,-0.06730266404523988f,-0.8419624496927192f,3.044403856409763f,0f,0f,0f,1f],start_interpolation:0}
execute if entity @s[tag=aj.nep_fume_ugs_skills.bone.right_leg2] run data modify entity @s {} merge value {transformation:[-0.8695617127618231f,-0.27295279501798214f,-0.4115327440078088f,0.6633215181998574f,-0.032987045039795035f,0.8636033190635009f,-0.5030916041458529f,17.427043111781572f,0.4927213031301446f,-0.4238939478152247f,-0.759960287414649f,3.228093766020331f,0f,0f,0f,1f],start_interpolation:0}
execute if entity @s[tag=aj.nep_fume_ugs_skills.bone.right_leg] run data modify entity @s {} merge value {transformation:[-0.8695617127618231f,-0.21690184396898887f,-0.44363951332312335f,0.5989593197854055f,-0.032987045039795035f,0.921881704377911f,-0.38606473290475596f,17.75885977187113f,0.4927213031301446f,-0.3210727537741726f,-0.8087879847188644f,3.1050094747713293f,0f,0f,0f,1f],start_interpolation:0}
execute if entity @s[tag=aj.nep_fume_ugs_skills.bone.left_leg2] run data modify entity @s {} merge value {transformation:[-0.8894682977564163f,-0.4539738535307417f,-0.05247749609834701f,0.9604203648444145f,-0.4101388775061557f,0.8436367882847376f,-0.34650118414026104f,17.491844857692207f,0.20157442408275367f,-0.28667875708371093f,-0.9365805047045583f,2.9344072672028507f,0f,0f,0f,1f],start_interpolation:0}
execute if entity @s[tag=aj.nep_fume_ugs_skills.bone.left_leg] run data modify entity @s {} merge value {transformation:[-0.8894682977564163f,-0.399334883243488f,-0.22221115703585445f,0.803011449026342f,-0.4101388775061557f,0.91201902403519f,0.002720469792152236f,17.81319327449382f,0.20157442408275367f,0.09355720615115289f,-0.9749947695925847f,2.971178988539714f,0f,0f,0f,1f],start_interpolation:0}
execute if entity @s[tag=aj.nep_fume_ugs_skills.locator_origin.nep_ride] at @s on origin run tp @s ^-0.0625 ^1 ^-1.6875 ~0 ~0
execute if entity @s[tag=aj.nep_fume_ugs_skills.locator_origin.wave_of_destruction0] at @s on origin run tp @s ^-0.375 ^2.56249 ^0.18752 ~0 ~90
execute if entity @s[tag=aj.nep_fume_ugs_skills.locator_origin.wave_of_destruction1] at @s on origin run tp @s ^-0.375 ^2.5625 ^0.18752 ~0 ~90
execute if entity @s[tag=aj.nep_fume_ugs_skills.locator_origin.wave_of_destruction2] at @s on origin run tp @s ^-0.375 ^2.56251 ^0.18752 ~0 ~90
execute if entity @s[tag=aj.nep_fume_ugs_skills.locator_origin.wave_of_destruction3] at @s on origin run tp @s ^-0.375 ^2.56252 ^0.18752 ~0 ~90
execute if entity @s[tag=aj.nep_fume_ugs_skills.locator_origin.wave_of_destruction4] at @s on origin run tp @s ^-0.375 ^2.56253 ^0.18752 ~0 ~90
execute if entity @s[tag=aj.nep_fume_ugs_skills.locator_origin.wave_of_destruction5] at @s on origin run tp @s ^-0.37501 ^2.56253 ^0.18752 ~0 ~90
execute if entity @s[tag=aj.nep_fume_ugs_skills.locator_origin.wave_of_destruction6] at @s on origin run tp @s ^-0.37499 ^2.56253 ^0.18752 ~0 ~90
execute if entity @s[tag=aj.nep_fume_ugs_skills.locator_origin.wave_of_destruction7] at @s on origin run tp @s ^-0.375 ^2.56253 ^0.18753 ~0 ~90
execute if entity @s[tag=aj.nep_fume_ugs_skills.locator_origin.wave_of_destruction8] at @s on origin run tp @s ^-0.375 ^2.56253 ^0.18751 ~0 ~90
execute if entity @s[tag=aj.nep_fume_ugs_skills.locator_origin.wave_of_destruction12] at @s on origin run tp @s ^-0.37501 ^2.56252 ^0.18752 ~0 ~90
execute if entity @s[tag=aj.nep_fume_ugs_skills.locator_origin.wave_of_destruction11] at @s on origin run tp @s ^-0.375 ^2.56252 ^0.18753 ~0 ~90
execute if entity @s[tag=aj.nep_fume_ugs_skills.locator_origin.wave_of_destruction10] at @s on origin run tp @s ^-0.37499 ^2.56252 ^0.18752 ~0 ~90
execute if entity @s[tag=aj.nep_fume_ugs_skills.locator_origin.wave_of_destruction9] at @s on origin run tp @s ^-0.375 ^2.56252 ^0.18751 ~0 ~90
execute if entity @s[tag=aj.nep_fume_ugs_skills.locator_origin.wave_of_destruction13] at @s on origin run tp @s ^-0.37501 ^2.56251 ^0.18752 ~0 ~90
execute if entity @s[tag=aj.nep_fume_ugs_skills.locator_origin.wave_of_destruction14] at @s on origin run tp @s ^-0.375 ^2.56251 ^0.18753 ~0 ~90
execute if entity @s[tag=aj.nep_fume_ugs_skills.locator_origin.wave_of_destruction15] at @s on origin run tp @s ^-0.37499 ^2.56251 ^0.18752 ~0 ~90
execute if entity @s[tag=aj.nep_fume_ugs_skills.locator_origin.wave_of_destruction16] at @s on origin run tp @s ^-0.375 ^2.56251 ^0.18751 ~0 ~90
execute if entity @s[tag=aj.nep_fume_ugs_skills.locator_origin.wave_of_destruction17] at @s on origin run tp @s ^-0.37501 ^2.5625 ^0.18752 ~0 ~90
execute if entity @s[tag=aj.nep_fume_ugs_skills.locator_origin.wave_of_destruction18] at @s on origin run tp @s ^-0.375 ^2.5625 ^0.18753 ~0 ~90
execute if entity @s[tag=aj.nep_fume_ugs_skills.locator_origin.wave_of_destruction19] at @s on origin run tp @s ^-0.37499 ^2.5625 ^0.18752 ~0 ~90
execute if entity @s[tag=aj.nep_fume_ugs_skills.locator_origin.wave_of_destruction20] at @s on origin run tp @s ^-0.375 ^2.5625 ^0.18751 ~0 ~90
execute if entity @s[tag=aj.nep_fume_ugs_skills.locator_origin.wave_of_destruction24] at @s on origin run tp @s ^-0.37499 ^2.56249 ^0.18752 ~0 ~90
execute if entity @s[tag=aj.nep_fume_ugs_skills.locator_origin.wave_of_destruction23] at @s on origin run tp @s ^-0.375 ^2.56249 ^0.18753 ~0 ~90
execute if entity @s[tag=aj.nep_fume_ugs_skills.locator_origin.wave_of_destruction22] at @s on origin run tp @s ^-0.37501 ^2.56249 ^0.18752 ~0 ~90
execute if entity @s[tag=aj.nep_fume_ugs_skills.locator_origin.wave_of_destruction21] at @s on origin run tp @s ^-0.375 ^2.56249 ^0.18751 ~0 ~90
execute if entity @s[tag=aj.nep_fume_ugs_skills.locator_origin.wave_of_destruction25] at @s on origin run tp @s ^0.00002 ^0.37402 ^-3.96638 ~0 ~90
execute if entity @s[tag=aj.nep_fume_ugs_skills.locator_origin.wave_of_destruction26] at @s on origin run tp @s ^0 ^0.37402 ^-3.96636 ~0 ~90
execute if entity @s[tag=aj.nep_fume_ugs_skills.locator_origin.wave_of_destruction27] at @s on origin run tp @s ^-0.00002 ^0.37402 ^-3.96638 ~0 ~90
execute if entity @s[tag=aj.nep_fume_ugs_skills.locator_origin.wave_of_destruction28] at @s on origin run tp @s ^0 ^0.37402 ^-3.9664 ~0 ~90
execute if entity @s[tag=aj.nep_fume_ugs_skills.locator_origin.wave_of_destruction29] at @s on origin run tp @s ^0.00002 ^0.37403 ^-3.9664 ~0 ~90
execute if entity @s[tag=aj.nep_fume_ugs_skills.locator_origin.wave_of_destruction30] at @s on origin run tp @s ^0.00001 ^0.37402 ^-3.96637 ~0 ~90
execute if entity @s[tag=aj.nep_fume_ugs_skills.locator_origin.wave_of_destruction31] at @s on origin run tp @s ^-0.00002 ^0.37403 ^-3.96637 ~0 ~90
execute if entity @s[tag=aj.nep_fume_ugs_skills.locator_origin.wave_of_destruction32] at @s on origin run tp @s ^-0.00001 ^0.37403 ^-3.9664 ~0 ~90