execute if entity @s[tag=aj.nep_fume_ugs_skills.bone.right_arm2] run data modify entity @s {} merge value {transformation:[-0.857529852513714f,0.18045621479628404f,-0.48174485631836766f,-0.9875277584015896f,0.18557607612202637f,0.9819148629304326f,0.03747962016165374f,15.03741859614074f,0.4797958649456655f,-0.05726042697803874f,-0.8755096638434854f,2.542274395065099f,0f,0f,0f,1f],start_interpolation:0}
execute if entity @s[tag=aj.nep_fume_ugs_skills.bone.right_arm] run data modify entity @s {} merge value {transformation:[-0.857529852513714f,0.18045621479628404f,-0.48174485631836766f,-0.9956446506752665f,0.18557607612202637f,0.9819148629304326f,0.03747962016165374f,15.28169017742301f,0.4797958649456655f,-0.05726042697803874f,-0.8755096638434854f,2.5769476013568653f,0f,0f,0f,1f],start_interpolation:0}
execute if entity @s[tag=aj.nep_fume_ugs_skills.locator_origin.fume_ugs_locator] at @s on origin run tp @s ^0.12449 ^16.43264 ^-0.23555 ~-175.63148 ~59.82536
execute if entity @s[tag=aj.nep_fume_ugs_skills.locator_origin.fume_ugs_locator2] at @s on origin run tp @s ^0.05463 ^16.18201 ^0.19142 ~-175.63148 ~59.82536
execute if entity @s[tag=aj.nep_fume_ugs_skills.locator_origin.fume_ugs_locator3] at @s on origin run tp @s ^-0.01523 ^15.93139 ^0.6184 ~-175.63148 ~59.82536
execute if entity @s[tag=aj.nep_fume_ugs_skills.locator_origin.fume_ugs_locator4] at @s on origin run tp @s ^-0.08508 ^15.68076 ^1.04537 ~-175.63148 ~59.82536
execute if entity @s[tag=aj.nep_fume_ugs_skills.locator_origin.fume_ugs_locator5] at @s on origin run tp @s ^-0.16367 ^15.39881 ^1.52572 ~-175.63148 ~59.82536
execute if entity @s[tag=aj.nep_fume_ugs_skills.locator_origin.fume_ugs_locator10] at @s on origin run tp @s ^-0.17803 ^15.723 ^1.71366 ~-175.63148 ~59.82536
execute if entity @s[tag=aj.nep_fume_ugs_skills.locator_origin.fume_ugs_locator9] at @s on origin run tp @s ^-0.09944 ^16.00495 ^1.23331 ~-175.63148 ~59.82536
execute if entity @s[tag=aj.nep_fume_ugs_skills.locator_origin.fume_ugs_locator8] at @s on origin run tp @s ^-0.02958 ^16.25557 ^0.80634 ~-175.63148 ~59.82536
execute if entity @s[tag=aj.nep_fume_ugs_skills.locator_origin.fume_ugs_locator7] at @s on origin run tp @s ^0.04027 ^16.5062 ^0.37936 ~-175.63148 ~59.82536
execute if entity @s[tag=aj.nep_fume_ugs_skills.locator_origin.fume_ugs_locator6] at @s on origin run tp @s ^0.11013 ^16.75682 ^-0.04761 ~-175.63148 ~59.82536
execute if entity @s[tag=aj.nep_fume_ugs_skills.locator_origin.foe_ride_locator] at @s on origin run tp @s ^-0.00494 ^16.15614 ^0.60562 ~-175.63148 ~59.82536
execute if entity @s[tag=aj.nep_fume_ugs_skills.bone.fume_ugs_slash] run data modify entity @s {} merge value {transformation:[0.000026385378320025727f,0.000003725659220347914f,-0.0000010209727685222188f,-0.0032484072699633104f,-9.953559771425477e-7f,0.000013366654029067009f,0.00002305326305877553f,16.171483182558116f,0.0000037325846941488066f,-0.00002277198134884564f,0.000013364721772634957f,0.6104592943793199f,0f,0f,0f,1f],start_interpolation:0}
execute if entity @s[tag=aj.nep_fume_ugs_skills.bone.gravity_vortex] run data modify entity @s {} merge value {transformation:[-0.0000018628296101739543f,0.000013192689160012863f,-5.104863842611094e-7f,0.004411135390002124f,-0.0000066833270145335045f,-4.976779885712724e-7f,0.000011526631529387764f,16.23626689493823f,0.00001138599067442282f,0.0000018662923470744007f,0.0000066823608863174785f,0.47591434765028273f,0f,0f,0f,1f],start_interpolation:0}
execute if entity @s[tag=aj.nep_fume_ugs_skills.bone.fume_ultra_greatsword] run data modify entity @s {} merge value {transformation:[2.0541017022140027f,0.29004257030408515f,-0.07948273002945473f,-0.20386203679065676f,-0.07748846282054735f,1.0405940161628666f,1.7946965291256747f,15.460013228041952f,0.29058171843948455f,-1.772798748007633f,1.0404435899996314f,1.8232205157660448f,0f,0f,0f,1f],start_interpolation:0}
execute if entity @s[tag=aj.nep_fume_ugs_skills.bone.left_arm2] run data modify entity @s {} merge value {transformation:[-0.9894516870009646f,-0.1447877837560984f,-0.004675122024293599f,-0.1965247671865045f,0.03732584914284558f,-0.28599492864966697f,0.9575038808132514f,15.424555791407977f,-0.13997192603058034f,0.9472293272812389f,0.2883824916003409f,1.8473627061572138f,0f,0f,0f,1f],start_interpolation:0}
execute if entity @s[tag=aj.nep_fume_ugs_skills.bone.left_arm] run data modify entity @s {} merge value {transformation:[-0.9894516870009646f,-0.1447877837560984f,-0.004675122024293599f,-0.2452351783213796f,0.03732584914284558f,-0.28599492864966697f,0.9575038808132514f,15.328339590043353f,-0.13997192603058034f,0.9472293272812389f,0.2883824916003409f,2.1660355166244636f,0f,0f,0f,1f],start_interpolation:0}
execute if entity @s[tag=aj.nep_fume_ugs_skills.bone.head] run data modify entity @s {} merge value {transformation:[-0.9941083599861338f,-0.03705096292896515f,0.10186164514534068f,-0.643223681438676f,-0.0041814264471061804f,0.9521722620336467f,0.3055331390972118f,15.396850616914868f,-0.10831013008276863f,0.30330712085238837f,-0.9467173317108374f,2.387959602147028f,0f,0f,0f,1f],start_interpolation:0}
execute if entity @s[tag=aj.nep_fume_ugs_skills.bone.body_top] run data modify entity @s {} merge value {transformation:[-0.8762608444585235f,-0.00942474825287741f,-0.48174485631836766f,-0.6395126868141056f,-0.03134809171782889f,0.9988055742826973f,0.03747962016165374f,15.003570922041057f,0.48081621188816565f,0.047943705553296245f,-0.8755096638434854f,2.369081768085418f,0f,0f,0f,1f],start_interpolation:0}
execute if entity @s[tag=aj.nep_fume_ugs_skills.bone.body] run data modify entity @s {} merge value {transformation:[-0.8762608444585235f,-0.00942474825287741f,-0.48174485631836766f,-0.6353893594534716f,-0.03134809171782889f,0.9988055742826973f,0.03747962016165374f,14.566593483292376f,0.48081621188816565f,0.047943705553296245f,-0.8755096638434854f,2.348106396905851f,0f,0f,0f,1f],start_interpolation:0}
execute if entity @s[tag=aj.nep_fume_ugs_skills.bone.right_leg2] run data modify entity @s {} merge value {transformation:[-0.8681480787518677f,0.019360421947952136f,-0.495927502182968f,-0.7895313698997393f,0.09922935114501391f,0.9858341289859203f,-0.13522058274505208f,14.300267355998814f,0.48628432961671725f,-0.16660205337440795f,-0.8577711271549364f,2.439425533216451f,0f,0f,0f,1f],start_interpolation:0}
execute if entity @s[tag=aj.nep_fume_ugs_skills.bone.right_leg] run data modify entity @s {} merge value {transformation:[-0.8681480787518677f,0.08392631933147002f,-0.48915773149661307f,-0.7458055351594943f,0.09922935114501391f,0.9950500091255049f,-0.005386576897450694f,14.656312994416652f,0.48628432961671725f,-0.05321515068854652f,-0.8721787078955864f,2.4127031457874932f,0f,0f,0f,1f],start_interpolation:0}
execute if entity @s[tag=aj.nep_fume_ugs_skills.bone.left_leg2] run data modify entity @s {} merge value {transformation:[-0.9872014806215049f,-0.09998155387398724f,-0.12424542463870031f,-0.4952065876129887f,-0.10288321899251543f,0.9945456632829563f,0.01714546280514634f,14.337907266835332f,0.12185351824402163f,0.029708795499103324f,-0.9921033754410603f,2.1442903803326527f,0f,0f,0f,1f],start_interpolation:0}
execute if entity @s[tag=aj.nep_fume_ugs_skills.bone.left_leg] run data modify entity @s {} merge value {transformation:[-0.9872014806215049f,-0.044824245696455434f,-0.15304908904156134f,-0.5267403240448634f,-0.10288321899251543f,0.912279097899224f,0.39643649023004485f,14.664150017346108f,0.12185351824402163f,0.4071088730719612f,-0.9052149388723271f,2.2924990928154516f,0f,0f,0f,1f],start_interpolation:0}
execute if entity @s[tag=aj.nep_fume_ugs_skills.locator_origin.nep_ride] at @s on origin run tp @s ^-0.0625 ^1 ^-1.6875 ~0 ~0
execute if entity @s[tag=aj.nep_fume_ugs_skills.locator_origin.wave_of_destruction0] at @s on origin run tp @s ^-0.375 ^2.56249 ^0.18752 ~0 ~90
execute if entity @s[tag=aj.nep_fume_ugs_skills.locator_origin.wave_of_destruction1] at @s on origin run tp @s ^-0.375 ^2.5625 ^0.18752 ~0 ~90
execute if entity @s[tag=aj.nep_fume_ugs_skills.locator_origin.wave_of_destruction2] at @s on origin run tp @s ^-0.375 ^2.56251 ^0.18752 ~0 ~90
execute if entity @s[tag=aj.nep_fume_ugs_skills.locator_origin.wave_of_destruction3] at @s on origin run tp @s ^-0.375 ^2.56252 ^0.18752 ~0 ~90
execute if entity @s[tag=aj.nep_fume_ugs_skills.locator_origin.wave_of_destruction4] at @s on origin run tp @s ^-0.375 ^2.56253 ^0.18752 ~0 ~90
execute if entity @s[tag=aj.nep_fume_ugs_skills.locator_origin.wave_of_destruction5] at @s on origin run tp @s ^-0.37501 ^2.56253 ^0.18752 ~0 ~90
execute if entity @s[tag=aj.nep_fume_ugs_skills.locator_origin.wave_of_destruction6] at @s on origin run tp @s ^-0.37499 ^2.56253 ^0.18752 ~0 ~90
execute if entity @s[tag=aj.nep_fume_ugs_skills.locator_origin.wave_of_destruction7] at @s on origin run tp @s ^-0.375 ^2.56253 ^0.18753 ~0 ~90
execute if entity @s[tag=aj.nep_fume_ugs_skills.locator_origin.wave_of_destruction8] at @s on origin run tp @s ^-0.375 ^2.56253 ^0.18751 ~0 ~90
execute if entity @s[tag=aj.nep_fume_ugs_skills.locator_origin.wave_of_destruction12] at @s on origin run tp @s ^-0.37501 ^2.56252 ^0.18752 ~0 ~90
execute if entity @s[tag=aj.nep_fume_ugs_skills.locator_origin.wave_of_destruction11] at @s on origin run tp @s ^-0.375 ^2.56252 ^0.18753 ~0 ~90
execute if entity @s[tag=aj.nep_fume_ugs_skills.locator_origin.wave_of_destruction10] at @s on origin run tp @s ^-0.37499 ^2.56252 ^0.18752 ~0 ~90
execute if entity @s[tag=aj.nep_fume_ugs_skills.locator_origin.wave_of_destruction9] at @s on origin run tp @s ^-0.375 ^2.56252 ^0.18751 ~0 ~90
execute if entity @s[tag=aj.nep_fume_ugs_skills.locator_origin.wave_of_destruction13] at @s on origin run tp @s ^-0.37501 ^2.56251 ^0.18752 ~0 ~90
execute if entity @s[tag=aj.nep_fume_ugs_skills.locator_origin.wave_of_destruction14] at @s on origin run tp @s ^-0.375 ^2.56251 ^0.18753 ~0 ~90
execute if entity @s[tag=aj.nep_fume_ugs_skills.locator_origin.wave_of_destruction15] at @s on origin run tp @s ^-0.37499 ^2.56251 ^0.18752 ~0 ~90
execute if entity @s[tag=aj.nep_fume_ugs_skills.locator_origin.wave_of_destruction16] at @s on origin run tp @s ^-0.375 ^2.56251 ^0.18751 ~0 ~90
execute if entity @s[tag=aj.nep_fume_ugs_skills.locator_origin.wave_of_destruction17] at @s on origin run tp @s ^-0.37501 ^2.5625 ^0.18752 ~0 ~90
execute if entity @s[tag=aj.nep_fume_ugs_skills.locator_origin.wave_of_destruction18] at @s on origin run tp @s ^-0.375 ^2.5625 ^0.18753 ~0 ~90
execute if entity @s[tag=aj.nep_fume_ugs_skills.locator_origin.wave_of_destruction19] at @s on origin run tp @s ^-0.37499 ^2.5625 ^0.18752 ~0 ~90
execute if entity @s[tag=aj.nep_fume_ugs_skills.locator_origin.wave_of_destruction20] at @s on origin run tp @s ^-0.375 ^2.5625 ^0.18751 ~0 ~90
execute if entity @s[tag=aj.nep_fume_ugs_skills.locator_origin.wave_of_destruction24] at @s on origin run tp @s ^-0.37499 ^2.56249 ^0.18752 ~0 ~90
execute if entity @s[tag=aj.nep_fume_ugs_skills.locator_origin.wave_of_destruction23] at @s on origin run tp @s ^-0.375 ^2.56249 ^0.18753 ~0 ~90
execute if entity @s[tag=aj.nep_fume_ugs_skills.locator_origin.wave_of_destruction22] at @s on origin run tp @s ^-0.37501 ^2.56249 ^0.18752 ~0 ~90
execute if entity @s[tag=aj.nep_fume_ugs_skills.locator_origin.wave_of_destruction21] at @s on origin run tp @s ^-0.375 ^2.56249 ^0.18751 ~0 ~90
execute if entity @s[tag=aj.nep_fume_ugs_skills.locator_origin.wave_of_destruction25] at @s on origin run tp @s ^0.00002 ^0.37402 ^-3.96638 ~0 ~90
execute if entity @s[tag=aj.nep_fume_ugs_skills.locator_origin.wave_of_destruction26] at @s on origin run tp @s ^0 ^0.37402 ^-3.96636 ~0 ~90
execute if entity @s[tag=aj.nep_fume_ugs_skills.locator_origin.wave_of_destruction27] at @s on origin run tp @s ^-0.00002 ^0.37402 ^-3.96638 ~0 ~90
execute if entity @s[tag=aj.nep_fume_ugs_skills.locator_origin.wave_of_destruction28] at @s on origin run tp @s ^0 ^0.37402 ^-3.9664 ~0 ~90
execute if entity @s[tag=aj.nep_fume_ugs_skills.locator_origin.wave_of_destruction29] at @s on origin run tp @s ^0.00002 ^0.37403 ^-3.9664 ~0 ~90
execute if entity @s[tag=aj.nep_fume_ugs_skills.locator_origin.wave_of_destruction30] at @s on origin run tp @s ^0.00001 ^0.37402 ^-3.96637 ~0 ~90
execute if entity @s[tag=aj.nep_fume_ugs_skills.locator_origin.wave_of_destruction31] at @s on origin run tp @s ^-0.00002 ^0.37403 ^-3.96637 ~0 ~90
execute if entity @s[tag=aj.nep_fume_ugs_skills.locator_origin.wave_of_destruction32] at @s on origin run tp @s ^-0.00001 ^0.37403 ^-3.9664 ~0 ~90