execute if entity @s[tag=aj.nep_fume_ugs_skills.bone.right_arm2] run data modify entity @s {} merge value {transformation:[-0.8728043640155863f,0.20105678359256987f,-0.44473442853770223f,-1.0141321522429347f,0.20895043525853207f,0.9774091119030299f,0.03179848383492373f,17.80653000652486f,0.4410807837127074f,-0.06517359695720598f,-0.8950978407409114f,1.7576339021695795f,0f,0f,0f,1f],start_interpolation:0}
execute if entity @s[tag=aj.nep_fume_ugs_skills.bone.right_arm] run data modify entity @s {} merge value {transformation:[-0.8728043640155863f,0.20105678359256987f,-0.44473442853770223f,-1.0190717832519445f,0.20895043525853207f,0.9774091119030299f,0.03179848383492373f,18.051445781455577f,0.4410807837127074f,-0.06517359695720598f,-0.8950978407409114f,1.7881065757059764f,0f,0f,0f,1f],start_interpolation:0}
execute if entity @s[tag=aj.nep_fume_ugs_skills.locator_origin.fume_ugs_locator] at @s on origin run tp @s ^0.2366 ^19.13549 ^-0.99356 ~-174.99582 ~60.82972
execute if entity @s[tag=aj.nep_fume_ugs_skills.locator_origin.fume_ugs_locator2] at @s on origin run tp @s ^0.14464 ^18.89323 ^-0.56594 ~-174.99582 ~60.82972
execute if entity @s[tag=aj.nep_fume_ugs_skills.locator_origin.fume_ugs_locator3] at @s on origin run tp @s ^0.05268 ^18.65097 ^-0.13833 ~-174.99582 ~60.82972
execute if entity @s[tag=aj.nep_fume_ugs_skills.locator_origin.fume_ugs_locator4] at @s on origin run tp @s ^-0.03928 ^18.40871 ^0.28928 ~-174.99582 ~60.82972
execute if entity @s[tag=aj.nep_fume_ugs_skills.locator_origin.fume_ugs_locator5] at @s on origin run tp @s ^-0.14274 ^18.13617 ^0.77035 ~-174.99582 ~60.82972
execute if entity @s[tag=aj.nep_fume_ugs_skills.locator_origin.fume_ugs_locator10] at @s on origin run tp @s ^-0.15868 ^18.46361 ^0.95243 ~-174.99582 ~60.82972
execute if entity @s[tag=aj.nep_fume_ugs_skills.locator_origin.fume_ugs_locator9] at @s on origin run tp @s ^-0.05522 ^18.73615 ^0.47136 ~-174.99582 ~60.82972
execute if entity @s[tag=aj.nep_fume_ugs_skills.locator_origin.fume_ugs_locator8] at @s on origin run tp @s ^0.03674 ^18.97841 ^0.04375 ~-174.99582 ~60.82972
execute if entity @s[tag=aj.nep_fume_ugs_skills.locator_origin.fume_ugs_locator7] at @s on origin run tp @s ^0.1287 ^19.22067 ^-0.38386 ~-174.99582 ~60.82972
execute if entity @s[tag=aj.nep_fume_ugs_skills.locator_origin.fume_ugs_locator6] at @s on origin run tp @s ^0.22066 ^19.46293 ^-0.81148 ~-174.99582 ~60.82972
execute if entity @s[tag=aj.nep_fume_ugs_skills.locator_origin.foe_ride_locator] at @s on origin run tp @s ^0.0677 ^18.87526 ^-0.15419 ~-174.99582 ~60.82972
execute if entity @s[tag=aj.nep_fume_ugs_skills.bone.fume_ugs_slash] run data modify entity @s {} merge value {transformation:[0.00002618723261398836f,0.000004904545424345684f,-0.00000113375187431111f,0.06948070349133242f,-0.000001411783533032296f,0.000012920614042862162f,0.000023284666867326296f,18.890647198222467f,0.000004831855377371411f,-0.000022806014076270153f,0.000012947973072116134f,-0.14953441867177486f,0f,0f,0f,1f],start_interpolation:0}
execute if entity @s[tag=aj.nep_fume_ugs_skills.bone.gravity_vortex] run data modify entity @s {} merge value {transformation:[-0.000002452272712172839f,0.00001309361630699418f,-5.66875937155555e-7f,0.08385355519042084f,-0.000006460307021431081f,-7.058917665161466e-7f,0.000011642333433663148f,18.953059880164712f,0.000011403007038135077f,0.000002415927688685703f,0.000006473986536058067f,-0.2846492547951265f,0f,0f,0f,1f],start_interpolation:0}
execute if entity @s[tag=aj.nep_fume_ugs_skills.bone.fume_ultra_greatsword] run data modify entity @s {} merge value {transformation:[2.038676058998994f,0.3818188612853115f,-0.08826258341511992f,-0.19390691550839004f,-0.10990734804656424f,1.0058698032368192f,1.812711315621352f,18.20297157033962f,0.3761599411283644f,-1.7754481958376314f,1.007999703664241f,1.0649425459519712f,0f,0f,0f,1f],start_interpolation:0}
execute if entity @s[tag=aj.nep_fume_ugs_skills.bone.left_arm2] run data modify entity @s {} merge value {transformation:[-0.9820212230245634f,-0.1887644705990255f,0.001513991019891553f,-0.18823068111782176f,0.05294188248871113f,-0.2677067607216597f,0.9620448260567005f,18.167788859589503f,-0.18119457665142802f,0.9448285902233186f,0.27288726699632687f,1.0899198941338064f,0f,0f,0f,1f],start_interpolation:0}
execute if entity @s[tag=aj.nep_fume_ugs_skills.bone.left_arm] run data modify entity @s {} merge value {transformation:[-0.9820212230245634f,-0.1887644705990255f,0.001513991019891553f,-0.25173600409468716f,0.05294188248871113f,-0.2677067607216597f,0.9620448260567005f,18.077725277980267f,-0.18119457665142802f,0.9448285902233186f,0.27288726699632687f,1.407785033635424f,0f,0f,0f,1f],start_interpolation:0}
execute if entity @s[tag=aj.nep_fume_ugs_skills.bone.head] run data modify entity @s {} merge value {transformation:[-0.9887480282447365f,-0.03153974517135455f,0.14622783974561654f,-0.6571135656203294f,0.012052153615665882f,0.9575469310900305f,0.28802538143935913f,18.157077459719662f,-0.14910426632181967f,0.28654688837010667f,-0.9463925182132622f,1.6120181676178515f,0f,0f,0f,1f],start_interpolation:0}
execute if entity @s[tag=aj.nep_fume_ugs_skills.bone.body_top] run data modify entity @s {} merge value {transformation:[-0.8956320682056822f,0.007381495434777605f,-0.44473442853770223f,-0.660020029447773f,-0.00755257521099878f,0.9994657648131235f,0.03179848383492373f,17.763537814824495f,0.44473155612042237f,0.03183863206333021f,-0.8950978407409114f,1.5994817062429152f,0f,0f,0f,1f],start_interpolation:0}
execute if entity @s[tag=aj.nep_fume_ugs_skills.bone.body] run data modify entity @s {} merge value {transformation:[-0.8956320682056822f,0.007381495434777605f,-0.44473442853770223f,-0.6632494337004883f,-0.00755257521099878f,0.9994657648131235f,0.03179848383492373f,17.326271542718754f,0.44473155612042237f,0.03183863206333021f,-0.8950978407409114f,1.5855523047152082f,0f,0f,0f,1f],start_interpolation:0}
execute if entity @s[tag=aj.nep_fume_ugs_skills.bone.right_leg2] run data modify entity @s {} merge value {transformation:[-0.8852989169293113f,0.04467120550496159f,-0.4628718084767312f,-0.8259729168453043f,0.12292868996310112f,0.9824480102869059f,-0.140301262529084f,17.064320202028476f,0.4484800607248243f,-0.1811087807977082f,-0.8752515322181527f,1.6746091026809038f,0f,0f,0f,1f],start_interpolation:0}
execute if entity @s[tag=aj.nep_fume_ugs_skills.bone.right_leg] run data modify entity @s {} merge value {transformation:[-0.8852989169293113f,0.10470593179574436f,-0.45308111363261566f,-0.7745114270291882f,0.12292868996310112f,0.9923560209274644f,-0.010865767941802391f,17.41902738626861f,0.4484800607248243f,-0.06531612033636236f,-0.8914030735623825f,1.6441286209861983f,0f,0f,0f,1f],start_interpolation:0}
execute if entity @s[tag=aj.nep_fume_ugs_skills.bone.left_leg2] run data modify entity @s {} merge value {transformation:[-0.9931181037231607f,-0.08241750063641518f,-0.08320930023836412f,-0.51916526006346f,-0.08295977831303923f,0.9965481528525606f,0.003074772902330658f,17.091761513021698f,0.08266865935506096f,0.009956637735500762f,-0.9965273494116652f,1.3912989634082793f,0f,0f,0f,1f],start_interpolation:0}
execute if entity @s[tag=aj.nep_fume_ugs_skills.bone.left_leg] run data modify entity @s {} merge value {transformation:[-0.9931181037231607f,-0.04430102133880548f,-0.10841518143530648f,-0.5506034099777676f,-0.08295977831303923f,0.919513776934403f,0.3842031874022916f,17.42091553007136f,0.08266865935506096f,0.39055324033499983f,-0.9168609814057238f,1.5329457319560926f,0f,0f,0f,1f],start_interpolation:0}
execute if entity @s[tag=aj.nep_fume_ugs_skills.locator_origin.nep_ride] at @s on origin run tp @s ^-0.0625 ^1 ^-1.6875 ~0 ~0
execute if entity @s[tag=aj.nep_fume_ugs_skills.locator_origin.wave_of_destruction0] at @s on origin run tp @s ^-0.375 ^2.56249 ^0.18752 ~0 ~90
execute if entity @s[tag=aj.nep_fume_ugs_skills.locator_origin.wave_of_destruction1] at @s on origin run tp @s ^-0.375 ^2.5625 ^0.18752 ~0 ~90
execute if entity @s[tag=aj.nep_fume_ugs_skills.locator_origin.wave_of_destruction2] at @s on origin run tp @s ^-0.375 ^2.56251 ^0.18752 ~0 ~90
execute if entity @s[tag=aj.nep_fume_ugs_skills.locator_origin.wave_of_destruction3] at @s on origin run tp @s ^-0.375 ^2.56252 ^0.18752 ~0 ~90
execute if entity @s[tag=aj.nep_fume_ugs_skills.locator_origin.wave_of_destruction4] at @s on origin run tp @s ^-0.375 ^2.56253 ^0.18752 ~0 ~90
execute if entity @s[tag=aj.nep_fume_ugs_skills.locator_origin.wave_of_destruction5] at @s on origin run tp @s ^-0.37501 ^2.56253 ^0.18752 ~0 ~90
execute if entity @s[tag=aj.nep_fume_ugs_skills.locator_origin.wave_of_destruction6] at @s on origin run tp @s ^-0.37499 ^2.56253 ^0.18752 ~0 ~90
execute if entity @s[tag=aj.nep_fume_ugs_skills.locator_origin.wave_of_destruction7] at @s on origin run tp @s ^-0.375 ^2.56253 ^0.18753 ~0 ~90
execute if entity @s[tag=aj.nep_fume_ugs_skills.locator_origin.wave_of_destruction8] at @s on origin run tp @s ^-0.375 ^2.56253 ^0.18751 ~0 ~90
execute if entity @s[tag=aj.nep_fume_ugs_skills.locator_origin.wave_of_destruction12] at @s on origin run tp @s ^-0.37501 ^2.56252 ^0.18752 ~0 ~90
execute if entity @s[tag=aj.nep_fume_ugs_skills.locator_origin.wave_of_destruction11] at @s on origin run tp @s ^-0.375 ^2.56252 ^0.18753 ~0 ~90
execute if entity @s[tag=aj.nep_fume_ugs_skills.locator_origin.wave_of_destruction10] at @s on origin run tp @s ^-0.37499 ^2.56252 ^0.18752 ~0 ~90
execute if entity @s[tag=aj.nep_fume_ugs_skills.locator_origin.wave_of_destruction9] at @s on origin run tp @s ^-0.375 ^2.56252 ^0.18751 ~0 ~90
execute if entity @s[tag=aj.nep_fume_ugs_skills.locator_origin.wave_of_destruction13] at @s on origin run tp @s ^-0.37501 ^2.56251 ^0.18752 ~0 ~90
execute if entity @s[tag=aj.nep_fume_ugs_skills.locator_origin.wave_of_destruction14] at @s on origin run tp @s ^-0.375 ^2.56251 ^0.18753 ~0 ~90
execute if entity @s[tag=aj.nep_fume_ugs_skills.locator_origin.wave_of_destruction15] at @s on origin run tp @s ^-0.37499 ^2.56251 ^0.18752 ~0 ~90
execute if entity @s[tag=aj.nep_fume_ugs_skills.locator_origin.wave_of_destruction16] at @s on origin run tp @s ^-0.375 ^2.56251 ^0.18751 ~0 ~90
execute if entity @s[tag=aj.nep_fume_ugs_skills.locator_origin.wave_of_destruction17] at @s on origin run tp @s ^-0.37501 ^2.5625 ^0.18752 ~0 ~90
execute if entity @s[tag=aj.nep_fume_ugs_skills.locator_origin.wave_of_destruction18] at @s on origin run tp @s ^-0.375 ^2.5625 ^0.18753 ~0 ~90
execute if entity @s[tag=aj.nep_fume_ugs_skills.locator_origin.wave_of_destruction19] at @s on origin run tp @s ^-0.37499 ^2.5625 ^0.18752 ~0 ~90
execute if entity @s[tag=aj.nep_fume_ugs_skills.locator_origin.wave_of_destruction20] at @s on origin run tp @s ^-0.375 ^2.5625 ^0.18751 ~0 ~90
execute if entity @s[tag=aj.nep_fume_ugs_skills.locator_origin.wave_of_destruction24] at @s on origin run tp @s ^-0.37499 ^2.56249 ^0.18752 ~0 ~90
execute if entity @s[tag=aj.nep_fume_ugs_skills.locator_origin.wave_of_destruction23] at @s on origin run tp @s ^-0.375 ^2.56249 ^0.18753 ~0 ~90
execute if entity @s[tag=aj.nep_fume_ugs_skills.locator_origin.wave_of_destruction22] at @s on origin run tp @s ^-0.37501 ^2.56249 ^0.18752 ~0 ~90
execute if entity @s[tag=aj.nep_fume_ugs_skills.locator_origin.wave_of_destruction21] at @s on origin run tp @s ^-0.375 ^2.56249 ^0.18751 ~0 ~90
execute if entity @s[tag=aj.nep_fume_ugs_skills.locator_origin.wave_of_destruction25] at @s on origin run tp @s ^0.00002 ^0.37402 ^-3.96638 ~0 ~90
execute if entity @s[tag=aj.nep_fume_ugs_skills.locator_origin.wave_of_destruction26] at @s on origin run tp @s ^0 ^0.37402 ^-3.96636 ~0 ~90
execute if entity @s[tag=aj.nep_fume_ugs_skills.locator_origin.wave_of_destruction27] at @s on origin run tp @s ^-0.00002 ^0.37402 ^-3.96638 ~0 ~90
execute if entity @s[tag=aj.nep_fume_ugs_skills.locator_origin.wave_of_destruction28] at @s on origin run tp @s ^0 ^0.37402 ^-3.9664 ~0 ~90
execute if entity @s[tag=aj.nep_fume_ugs_skills.locator_origin.wave_of_destruction29] at @s on origin run tp @s ^0.00002 ^0.37403 ^-3.9664 ~0 ~90
execute if entity @s[tag=aj.nep_fume_ugs_skills.locator_origin.wave_of_destruction30] at @s on origin run tp @s ^0.00001 ^0.37402 ^-3.96637 ~0 ~90
execute if entity @s[tag=aj.nep_fume_ugs_skills.locator_origin.wave_of_destruction31] at @s on origin run tp @s ^-0.00002 ^0.37403 ^-3.96637 ~0 ~90
execute if entity @s[tag=aj.nep_fume_ugs_skills.locator_origin.wave_of_destruction32] at @s on origin run tp @s ^-0.00001 ^0.37403 ^-3.9664 ~0 ~90