execute if entity @s[tag=aj.nep_fume_ugs_skills.bone.right_arm2] run data modify entity @s {} merge value {transformation:[-0.8728043640155863f,0.20105678359256987f,-0.44473442853770223f,-1.0636480125184162f,0.20895043525853207f,0.9774091119030299f,0.03179848383492373f,16.357178049968333f,0.4410807837127074f,-0.06517359695720598f,-0.8950978407409114f,2.155237062434493f,0f,0f,0f,1f],start_interpolation:0}
execute if entity @s[tag=aj.nep_fume_ugs_skills.bone.right_arm] run data modify entity @s {} merge value {transformation:[-0.8728043640155863f,0.20105678359256987f,-0.44473442853770223f,-1.068587643527426f,0.20895043525853207f,0.9774091119030299f,0.03179848383492373f,16.60209382489905f,0.4410807837127074f,-0.06517359695720598f,-0.8950978407409114f,2.18570973597089f,0f,0f,0f,1f],start_interpolation:0}
execute if entity @s[tag=aj.nep_fume_ugs_skills.locator_origin.fume_ugs_locator] at @s on origin run tp @s ^0.18708 ^17.68614 ^-0.59595 ~-174.99582 ~60.82972
execute if entity @s[tag=aj.nep_fume_ugs_skills.locator_origin.fume_ugs_locator2] at @s on origin run tp @s ^0.09512 ^17.44388 ^-0.16834 ~-174.99582 ~60.82972
execute if entity @s[tag=aj.nep_fume_ugs_skills.locator_origin.fume_ugs_locator3] at @s on origin run tp @s ^0.00316 ^17.20162 ^0.25927 ~-174.99582 ~60.82972
execute if entity @s[tag=aj.nep_fume_ugs_skills.locator_origin.fume_ugs_locator4] at @s on origin run tp @s ^-0.0888 ^16.95936 ^0.68689 ~-174.99582 ~60.82972
execute if entity @s[tag=aj.nep_fume_ugs_skills.locator_origin.fume_ugs_locator5] at @s on origin run tp @s ^-0.19225 ^16.68681 ^1.16795 ~-174.99582 ~60.82972
execute if entity @s[tag=aj.nep_fume_ugs_skills.locator_origin.fume_ugs_locator10] at @s on origin run tp @s ^-0.20819 ^17.01425 ^1.35003 ~-174.99582 ~60.82972
execute if entity @s[tag=aj.nep_fume_ugs_skills.locator_origin.fume_ugs_locator9] at @s on origin run tp @s ^-0.10474 ^17.2868 ^0.86897 ~-174.99582 ~60.82972
execute if entity @s[tag=aj.nep_fume_ugs_skills.locator_origin.fume_ugs_locator8] at @s on origin run tp @s ^-0.01278 ^17.52906 ^0.44135 ~-174.99582 ~60.82972
execute if entity @s[tag=aj.nep_fume_ugs_skills.locator_origin.fume_ugs_locator7] at @s on origin run tp @s ^0.07918 ^17.77132 ^0.01374 ~-174.99582 ~60.82972
execute if entity @s[tag=aj.nep_fume_ugs_skills.locator_origin.fume_ugs_locator6] at @s on origin run tp @s ^0.17114 ^18.01358 ^-0.41387 ~-174.99582 ~60.82972
execute if entity @s[tag=aj.nep_fume_ugs_skills.locator_origin.foe_ride_locator] at @s on origin run tp @s ^0.01818 ^17.4259 ^0.24341 ~-174.99582 ~60.82972
execute if entity @s[tag=aj.nep_fume_ugs_skills.bone.fume_ugs_slash] run data modify entity @s {} merge value {transformation:[0.00002618723261398836f,0.000004904545424345684f,-0.00000113375187431111f,0.01996484321585093f,-0.000001411783533032296f,0.000012920614042862162f,0.000023284666867326296f,17.44129524166594f,0.000004831855377371411f,-0.000022806014076270153f,0.000012947973072116134f,0.24806874159313863f,0f,0f,0f,1f],start_interpolation:0}
execute if entity @s[tag=aj.nep_fume_ugs_skills.bone.gravity_vortex] run data modify entity @s {} merge value {transformation:[-0.000002452272712172839f,0.00001309361630699418f,-5.66875937155555e-7f,0.03433769491493935f,-0.000006460307021431081f,-7.058917665161466e-7f,0.000011642333433663148f,17.503707923608186f,0.000011403007038135077f,0.000002415927688685703f,0.000006473986536058067f,0.11295390546978701f,0f,0f,0f,1f],start_interpolation:0}
execute if entity @s[tag=aj.nep_fume_ugs_skills.bone.fume_ultra_greatsword] run data modify entity @s {} merge value {transformation:[2.038676058998994f,0.3818188612853115f,-0.08826258341511992f,-0.24342277578387153f,-0.10990734804656424f,1.0058698032368192f,1.812711315621352f,16.753619613783094f,0.3761599411283644f,-1.7754481958376314f,1.007999703664241f,1.4625457062168847f,0f,0f,0f,1f],start_interpolation:0}
execute if entity @s[tag=aj.nep_fume_ugs_skills.bone.left_arm2] run data modify entity @s {} merge value {transformation:[-0.9820212230245634f,-0.1887644705990255f,0.001513991019891553f,-0.23774654139330326f,0.05294188248871113f,-0.2677067607216597f,0.9620448260567005f,16.718436903032977f,-0.18119457665142802f,0.9448285902233186f,0.27288726699632687f,1.48752305439872f,0f,0f,0f,1f],start_interpolation:0}
execute if entity @s[tag=aj.nep_fume_ugs_skills.bone.left_arm] run data modify entity @s {} merge value {transformation:[-0.9820212230245634f,-0.1887644705990255f,0.001513991019891553f,-0.30125186437016865f,0.05294188248871113f,-0.2677067607216597f,0.9620448260567005f,16.62837332142374f,-0.18119457665142802f,0.9448285902233186f,0.27288726699632687f,1.8053881939003376f,0f,0f,0f,1f],start_interpolation:0}
execute if entity @s[tag=aj.nep_fume_ugs_skills.bone.head] run data modify entity @s {} merge value {transformation:[-0.9887480282447365f,-0.03153974517135455f,0.14622783974561654f,-0.7066294258958109f,0.012052153615665882f,0.9575469310900305f,0.28802538143935913f,16.707725503163136f,-0.14910426632181967f,0.28654688837010667f,-0.9463925182132622f,2.009621327882765f,0f,0f,0f,1f],start_interpolation:0}
execute if entity @s[tag=aj.nep_fume_ugs_skills.bone.body_top] run data modify entity @s {} merge value {transformation:[-0.8956320682056822f,0.007381495434777605f,-0.44473442853770223f,-0.7095358897232545f,-0.00755257521099878f,0.9994657648131235f,0.03179848383492373f,16.31418585826797f,0.44473155612042237f,0.03183863206333021f,-0.8950978407409114f,1.9970848665078287f,0f,0f,0f,1f],start_interpolation:0}
execute if entity @s[tag=aj.nep_fume_ugs_skills.bone.body] run data modify entity @s {} merge value {transformation:[-0.8956320682056822f,0.007381495434777605f,-0.44473442853770223f,-0.7127652939759698f,-0.00755257521099878f,0.9994657648131235f,0.03179848383492373f,15.876919586162227f,0.44473155612042237f,0.03183863206333021f,-0.8950978407409114f,1.9831554649801217f,0f,0f,0f,1f],start_interpolation:0}
execute if entity @s[tag=aj.nep_fume_ugs_skills.bone.right_leg2] run data modify entity @s {} merge value {transformation:[-0.8852989169293113f,0.04467120550496159f,-0.4628718084767312f,-0.8754887771207858f,0.12292868996310112f,0.9824480102869059f,-0.140301262529084f,15.61496824547195f,0.4484800607248243f,-0.1811087807977082f,-0.8752515322181527f,2.0722122629458175f,0f,0f,0f,1f],start_interpolation:0}
execute if entity @s[tag=aj.nep_fume_ugs_skills.bone.right_leg] run data modify entity @s {} merge value {transformation:[-0.8852989169293113f,0.10470593179574436f,-0.45308111363261566f,-0.8240272873046697f,0.12292868996310112f,0.9923560209274644f,-0.010865767941802391f,15.969675429712083f,0.4484800607248243f,-0.06531612033636236f,-0.8914030735623825f,2.0417317812511118f,0f,0f,0f,1f],start_interpolation:0}
execute if entity @s[tag=aj.nep_fume_ugs_skills.bone.left_leg2] run data modify entity @s {} merge value {transformation:[-0.9931181037231607f,-0.08241750063641518f,-0.08320930023836412f,-0.5686811203389415f,-0.08295977831303923f,0.9965481528525606f,0.003074772902330658f,15.642409556465172f,0.08266865935506096f,0.009956637735500762f,-0.9965273494116652f,1.7889021236731928f,0f,0f,0f,1f],start_interpolation:0}
execute if entity @s[tag=aj.nep_fume_ugs_skills.bone.left_leg] run data modify entity @s {} merge value {transformation:[-0.9931181037231607f,-0.04430102133880548f,-0.10841518143530648f,-0.6001192702532491f,-0.08295977831303923f,0.919513776934403f,0.3842031874022916f,15.971563573514832f,0.08266865935506096f,0.39055324033499983f,-0.9168609814057238f,1.9305488922210061f,0f,0f,0f,1f],start_interpolation:0}
execute if entity @s[tag=aj.nep_fume_ugs_skills.locator_origin.nep_ride] at @s on origin run tp @s ^-0.0625 ^1 ^-1.6875 ~0 ~0
execute if entity @s[tag=aj.nep_fume_ugs_skills.locator_origin.wave_of_destruction0] at @s on origin run tp @s ^-0.375 ^2.56249 ^0.18752 ~0 ~90
execute if entity @s[tag=aj.nep_fume_ugs_skills.locator_origin.wave_of_destruction1] at @s on origin run tp @s ^-0.375 ^2.5625 ^0.18752 ~0 ~90
execute if entity @s[tag=aj.nep_fume_ugs_skills.locator_origin.wave_of_destruction2] at @s on origin run tp @s ^-0.375 ^2.56251 ^0.18752 ~0 ~90
execute if entity @s[tag=aj.nep_fume_ugs_skills.locator_origin.wave_of_destruction3] at @s on origin run tp @s ^-0.375 ^2.56252 ^0.18752 ~0 ~90
execute if entity @s[tag=aj.nep_fume_ugs_skills.locator_origin.wave_of_destruction4] at @s on origin run tp @s ^-0.375 ^2.56253 ^0.18752 ~0 ~90
execute if entity @s[tag=aj.nep_fume_ugs_skills.locator_origin.wave_of_destruction5] at @s on origin run tp @s ^-0.37501 ^2.56253 ^0.18752 ~0 ~90
execute if entity @s[tag=aj.nep_fume_ugs_skills.locator_origin.wave_of_destruction6] at @s on origin run tp @s ^-0.37499 ^2.56253 ^0.18752 ~0 ~90
execute if entity @s[tag=aj.nep_fume_ugs_skills.locator_origin.wave_of_destruction7] at @s on origin run tp @s ^-0.375 ^2.56253 ^0.18753 ~0 ~90
execute if entity @s[tag=aj.nep_fume_ugs_skills.locator_origin.wave_of_destruction8] at @s on origin run tp @s ^-0.375 ^2.56253 ^0.18751 ~0 ~90
execute if entity @s[tag=aj.nep_fume_ugs_skills.locator_origin.wave_of_destruction12] at @s on origin run tp @s ^-0.37501 ^2.56252 ^0.18752 ~0 ~90
execute if entity @s[tag=aj.nep_fume_ugs_skills.locator_origin.wave_of_destruction11] at @s on origin run tp @s ^-0.375 ^2.56252 ^0.18753 ~0 ~90
execute if entity @s[tag=aj.nep_fume_ugs_skills.locator_origin.wave_of_destruction10] at @s on origin run tp @s ^-0.37499 ^2.56252 ^0.18752 ~0 ~90
execute if entity @s[tag=aj.nep_fume_ugs_skills.locator_origin.wave_of_destruction9] at @s on origin run tp @s ^-0.375 ^2.56252 ^0.18751 ~0 ~90
execute if entity @s[tag=aj.nep_fume_ugs_skills.locator_origin.wave_of_destruction13] at @s on origin run tp @s ^-0.37501 ^2.56251 ^0.18752 ~0 ~90
execute if entity @s[tag=aj.nep_fume_ugs_skills.locator_origin.wave_of_destruction14] at @s on origin run tp @s ^-0.375 ^2.56251 ^0.18753 ~0 ~90
execute if entity @s[tag=aj.nep_fume_ugs_skills.locator_origin.wave_of_destruction15] at @s on origin run tp @s ^-0.37499 ^2.56251 ^0.18752 ~0 ~90
execute if entity @s[tag=aj.nep_fume_ugs_skills.locator_origin.wave_of_destruction16] at @s on origin run tp @s ^-0.375 ^2.56251 ^0.18751 ~0 ~90
execute if entity @s[tag=aj.nep_fume_ugs_skills.locator_origin.wave_of_destruction17] at @s on origin run tp @s ^-0.37501 ^2.5625 ^0.18752 ~0 ~90
execute if entity @s[tag=aj.nep_fume_ugs_skills.locator_origin.wave_of_destruction18] at @s on origin run tp @s ^-0.375 ^2.5625 ^0.18753 ~0 ~90
execute if entity @s[tag=aj.nep_fume_ugs_skills.locator_origin.wave_of_destruction19] at @s on origin run tp @s ^-0.37499 ^2.5625 ^0.18752 ~0 ~90
execute if entity @s[tag=aj.nep_fume_ugs_skills.locator_origin.wave_of_destruction20] at @s on origin run tp @s ^-0.375 ^2.5625 ^0.18751 ~0 ~90
execute if entity @s[tag=aj.nep_fume_ugs_skills.locator_origin.wave_of_destruction24] at @s on origin run tp @s ^-0.37499 ^2.56249 ^0.18752 ~0 ~90
execute if entity @s[tag=aj.nep_fume_ugs_skills.locator_origin.wave_of_destruction23] at @s on origin run tp @s ^-0.375 ^2.56249 ^0.18753 ~0 ~90
execute if entity @s[tag=aj.nep_fume_ugs_skills.locator_origin.wave_of_destruction22] at @s on origin run tp @s ^-0.37501 ^2.56249 ^0.18752 ~0 ~90
execute if entity @s[tag=aj.nep_fume_ugs_skills.locator_origin.wave_of_destruction21] at @s on origin run tp @s ^-0.375 ^2.56249 ^0.18751 ~0 ~90
execute if entity @s[tag=aj.nep_fume_ugs_skills.locator_origin.wave_of_destruction25] at @s on origin run tp @s ^0.00002 ^0.37402 ^-3.96638 ~0 ~90
execute if entity @s[tag=aj.nep_fume_ugs_skills.locator_origin.wave_of_destruction26] at @s on origin run tp @s ^0 ^0.37402 ^-3.96636 ~0 ~90
execute if entity @s[tag=aj.nep_fume_ugs_skills.locator_origin.wave_of_destruction27] at @s on origin run tp @s ^-0.00002 ^0.37402 ^-3.96638 ~0 ~90
execute if entity @s[tag=aj.nep_fume_ugs_skills.locator_origin.wave_of_destruction28] at @s on origin run tp @s ^0 ^0.37402 ^-3.9664 ~0 ~90
execute if entity @s[tag=aj.nep_fume_ugs_skills.locator_origin.wave_of_destruction29] at @s on origin run tp @s ^0.00002 ^0.37403 ^-3.9664 ~0 ~90
execute if entity @s[tag=aj.nep_fume_ugs_skills.locator_origin.wave_of_destruction30] at @s on origin run tp @s ^0.00001 ^0.37402 ^-3.96637 ~0 ~90
execute if entity @s[tag=aj.nep_fume_ugs_skills.locator_origin.wave_of_destruction31] at @s on origin run tp @s ^-0.00002 ^0.37403 ^-3.96637 ~0 ~90
execute if entity @s[tag=aj.nep_fume_ugs_skills.locator_origin.wave_of_destruction32] at @s on origin run tp @s ^-0.00001 ^0.37403 ^-3.9664 ~0 ~90