execute if entity @s[tag=aj.nep_fume_ugs_skills.bone.right_arm2] run data modify entity @s {} merge value {transformation:[0.071917180267256f,0.5141192515795214f,0.8546983762343995f,-1.4531951531288214f,-0.29627789592891157f,0.8292499916508367f,-0.47388169381294376f,11.536042320584974f,-0.9523903231167061f,-0.21914800136528692f,0.21195949125070118f,6.159044351211447f,0f,0f,0f,1f],start_interpolation:0}
execute if entity @s[tag=aj.nep_fume_ugs_skills.bone.right_arm] run data modify entity @s {} merge value {transformation:[0.071917180267256f,0.5141192515795214f,0.8546983762343995f,-1.3414771659634208f,-0.29627789592891157f,0.8292499916508367f,-0.47388169381294376f,11.719852440465203f,-0.9523903231167061f,-0.21914800136528692f,0.21195949125070118f,6.037926013333973f,0f,0f,0f,1f],start_interpolation:0}
execute if entity @s[tag=aj.nep_fume_ugs_skills.locator_origin.fume_ugs_locator] at @s on origin run tp @s ^1.24042 ^12.51698 ^5.89768 ~-51.98945 ~51.54022
execute if entity @s[tag=aj.nep_fume_ugs_skills.locator_origin.fume_ugs_locator2] at @s on origin run tp @s ^0.80553 ^12.31191 ^6.03483 ~-51.98945 ~51.54022
execute if entity @s[tag=aj.nep_fume_ugs_skills.locator_origin.fume_ugs_locator3] at @s on origin run tp @s ^0.37064 ^12.10683 ^6.17198 ~-51.98945 ~51.54022
execute if entity @s[tag=aj.nep_fume_ugs_skills.locator_origin.fume_ugs_locator4] at @s on origin run tp @s ^-0.06426 ^11.90175 ^6.30913 ~-51.98945 ~51.54022
execute if entity @s[tag=aj.nep_fume_ugs_skills.locator_origin.fume_ugs_locator5] at @s on origin run tp @s ^-0.55351 ^11.67103 ^6.46343 ~-51.98945 ~51.54022
execute if entity @s[tag=aj.nep_fume_ugs_skills.locator_origin.fume_ugs_locator10] at @s on origin run tp @s ^-0.73728 ^11.96468 ^6.3198 ~-51.98945 ~51.54022
execute if entity @s[tag=aj.nep_fume_ugs_skills.locator_origin.fume_ugs_locator9] at @s on origin run tp @s ^-0.24802 ^12.19539 ^6.16551 ~-51.98945 ~51.54022
execute if entity @s[tag=aj.nep_fume_ugs_skills.locator_origin.fume_ugs_locator8] at @s on origin run tp @s ^0.18687 ^12.40047 ^6.02835 ~-51.98945 ~51.54022
execute if entity @s[tag=aj.nep_fume_ugs_skills.locator_origin.fume_ugs_locator7] at @s on origin run tp @s ^0.62176 ^12.60555 ^5.8912 ~-51.98945 ~51.54022
execute if entity @s[tag=aj.nep_fume_ugs_skills.locator_origin.fume_ugs_locator6] at @s on origin run tp @s ^1.05666 ^12.81063 ^5.75405 ~-51.98945 ~51.54022
execute if entity @s[tag=aj.nep_fume_ugs_skills.locator_origin.foe_ride_locator] at @s on origin run tp @s ^0.38748 ^12.30492 ^6.06588 ~-51.98945 ~51.54022
execute if entity @s[tag=aj.nep_fume_ugs_skills.bone.fume_ugs_slash] run data modify entity @s {} merge value {transformation:[0.0000015386425384769455f,0.000023194283536999555f,-0.00001306785756944007f,0.3832279465228188f,0.00001246823516154525f,0.000010937538805246881f,0.000020881198910772258f,12.319543569266475f,0.00002352204927735481f,-0.000007314818329945141f,-0.000010213605715157719f,6.060421387665525f,0f,0f,0f,1f],start_interpolation:0}
execute if entity @s[tag=aj.nep_fume_ugs_skills.bone.gravity_vortex] run data modify entity @s {} merge value {transformation:[-0.000011597141768499778f,7.693212692384753e-7f,-0.000006533928784720035f,0.5172906073963004f,-0.00000546876940262344f,0.000006234117580772626f,0.000010440599455386129f,12.36485763979406f,0.0000036574091649725735f,0.000011761024638677405f,-0.000005106802857578859f,6.0121328937402545f,0f,0f,0f,1f],start_interpolation:0}
execute if entity @s[tag=aj.nep_fume_ugs_skills.bone.fume_ultra_greatsword] run data modify entity @s {} merge value {transformation:[0.11978332162043019f,1.8056749733554154f,-1.0173327117809094f,-0.8524533602984476f,0.9706521073262978f,0.8514873959884697f,1.6256013352036203f,11.736310619593224f,1.8311915362420719f,-0.5694586069862293f,-0.7951292049250284f,6.447921244460405f,0f,0f,0f,1f],start_interpolation:0}
execute if entity @s[tag=aj.nep_fume_ugs_skills.bone.left_arm2] run data modify entity @s {} merge value {transformation:[-0.4649982635598766f,-0.8624455645742464f,0.1999106376171822f,-0.9018311324186781f,-0.4474519953584414f,0.4237924195077128f,0.7875193312024462f,11.860209874365054f,-0.7639131670131422f,0.27674470783378646f,-0.5829657279377092f,6.6077014556498135f,0f,0f,0f,1f],start_interpolation:0}
execute if entity @s[tag=aj.nep_fume_ugs_skills.bone.left_arm] run data modify entity @s {} merge value {transformation:[-0.4649982635598766f,-0.8624455645742464f,0.1999106376171822f,-1.1919804595375245f,-0.4474519953584414f,0.4237924195077128f,0.7875193312024462f,12.002784768838461f,-0.7639131670131422f,0.27674470783378646f,-0.5829657279377092f,6.70080563991368f,0f,0f,0f,1f],start_interpolation:0}
execute if entity @s[tag=aj.nep_fume_ugs_skills.bone.head] run data modify entity @s {} merge value {transformation:[-0.012736828526759614f,0.2658501611554517f,0.963930217916577f,-1.2151398633761732f,-0.48059608792568864f,0.8437313351009557f,-0.2390498576433019f,11.937532201302943f,-0.8768495728855685f,-0.4663058288102124f,0.1170200860878893f,6.345342396448152f,0f,0f,0f,1f],start_interpolation:0}
execute if entity @s[tag=aj.nep_fume_ugs_skills.bone.body_top] run data modify entity @s {} merge value {transformation:[-0.1597065979973819f,0.7560498016025994f,0.6347302577101332f,-1.5128344727571967f,-0.41225875201590206f,0.5331473047529569f,-0.738780530889214f,11.727605450056467f,-0.8969595999499608f,-0.37966122916532735f,0.2265410053969898f,6.494834005432f,0f,0f,0f,1f],start_interpolation:0}
execute if entity @s[tag=aj.nep_fume_ugs_skills.bone.body] run data modify entity @s {} merge value {transformation:[-0.1597065979973819f,0.7560498016025994f,0.6347302577101332f,-1.843606260958334f,-0.41225875201590206f,0.5331473047529569f,-0.738780530889214f,11.494353504227048f,-0.8969595999499608f,-0.37966122916532735f,0.2265410053969898f,6.660935793191831f,0f,0f,0f,1f],start_interpolation:0}
execute if entity @s[tag=aj.nep_fume_ugs_skills.bone.right_leg2] run data modify entity @s {} merge value {transformation:[0.11217528427433443f,0.9824030369440878f,0.1493351217932499f,-2.1339628788217353f,-0.28438682277576494f,0.17573676710104713f,-0.9424652374068648f,11.381536060173978f,-0.952124382961322f,0.06325236510917907f,0.2990958001688039f,6.489838751380058f,0f,0f,0f,1f],start_interpolation:0}
execute if entity @s[tag=aj.nep_fume_ugs_skills.bone.right_leg] run data modify entity @s {} merge value {transformation:[0.11217528427433443f,0.954506297963851f,0.2762868667622762f,-1.7926899168077628f,-0.28438682277576494f,0.29724971343526424f,-0.9114640656077228f,11.492803720045648f,-0.952124382961322f,0.023671396452192253f,0.3047930845024623f,6.513222602963836f,0f,0f,0f,1f],start_interpolation:0}
execute if entity @s[tag=aj.nep_fume_ugs_skills.bone.left_leg2] run data modify entity @s {} merge value {transformation:[-0.09252617798710103f,0.9919154599344557f,0.0868482972205889f,-2.068708556708761f,-0.7511836687348917f,-0.01228543120480019f,-0.6599789117889305f,11.520919825581158f,-0.6535763170534011f,-0.12630434878945596f,0.7462474182627257f,6.892239165732576f,0f,0f,0f,1f],start_interpolation:0}
execute if entity @s[tag=aj.nep_fume_ugs_skills.bone.left_leg] run data modify entity @s {} merge value {transformation:[-0.09252617798710103f,0.8831749869395246f,0.45982697705927317f,-1.7527632673084175f,-0.7511836687348917f,0.24121273681377434f,-0.614442439472403f,11.595868408049625f,-0.6535763170534011f,-0.4022665261281117f,0.6411081342049352f,6.737462502951327f,0f,0f,0f,1f],start_interpolation:0}
execute if entity @s[tag=aj.nep_fume_ugs_skills.locator_origin.nep_ride] at @s on origin run tp @s ^-0.0625 ^1 ^-1.6875 ~0 ~0
execute if entity @s[tag=aj.nep_fume_ugs_skills.locator_origin.wave_of_destruction0] at @s on origin run tp @s ^-0.375 ^2.56249 ^0.18752 ~0 ~90
execute if entity @s[tag=aj.nep_fume_ugs_skills.locator_origin.wave_of_destruction1] at @s on origin run tp @s ^-0.375 ^2.5625 ^0.18752 ~0 ~90
execute if entity @s[tag=aj.nep_fume_ugs_skills.locator_origin.wave_of_destruction2] at @s on origin run tp @s ^-0.375 ^2.56251 ^0.18752 ~0 ~90
execute if entity @s[tag=aj.nep_fume_ugs_skills.locator_origin.wave_of_destruction3] at @s on origin run tp @s ^-0.375 ^2.56252 ^0.18752 ~0 ~90
execute if entity @s[tag=aj.nep_fume_ugs_skills.locator_origin.wave_of_destruction4] at @s on origin run tp @s ^-0.375 ^2.56253 ^0.18752 ~0 ~90
execute if entity @s[tag=aj.nep_fume_ugs_skills.locator_origin.wave_of_destruction5] at @s on origin run tp @s ^-0.37501 ^2.56253 ^0.18752 ~0 ~90
execute if entity @s[tag=aj.nep_fume_ugs_skills.locator_origin.wave_of_destruction6] at @s on origin run tp @s ^-0.37499 ^2.56253 ^0.18752 ~0 ~90
execute if entity @s[tag=aj.nep_fume_ugs_skills.locator_origin.wave_of_destruction7] at @s on origin run tp @s ^-0.375 ^2.56253 ^0.18753 ~0 ~90
execute if entity @s[tag=aj.nep_fume_ugs_skills.locator_origin.wave_of_destruction8] at @s on origin run tp @s ^-0.375 ^2.56253 ^0.18751 ~0 ~90
execute if entity @s[tag=aj.nep_fume_ugs_skills.locator_origin.wave_of_destruction12] at @s on origin run tp @s ^-0.37501 ^2.56252 ^0.18752 ~0 ~90
execute if entity @s[tag=aj.nep_fume_ugs_skills.locator_origin.wave_of_destruction11] at @s on origin run tp @s ^-0.375 ^2.56252 ^0.18753 ~0 ~90
execute if entity @s[tag=aj.nep_fume_ugs_skills.locator_origin.wave_of_destruction10] at @s on origin run tp @s ^-0.37499 ^2.56252 ^0.18752 ~0 ~90
execute if entity @s[tag=aj.nep_fume_ugs_skills.locator_origin.wave_of_destruction9] at @s on origin run tp @s ^-0.375 ^2.56252 ^0.18751 ~0 ~90
execute if entity @s[tag=aj.nep_fume_ugs_skills.locator_origin.wave_of_destruction13] at @s on origin run tp @s ^-0.37501 ^2.56251 ^0.18752 ~0 ~90
execute if entity @s[tag=aj.nep_fume_ugs_skills.locator_origin.wave_of_destruction14] at @s on origin run tp @s ^-0.375 ^2.56251 ^0.18753 ~0 ~90
execute if entity @s[tag=aj.nep_fume_ugs_skills.locator_origin.wave_of_destruction15] at @s on origin run tp @s ^-0.37499 ^2.56251 ^0.18752 ~0 ~90
execute if entity @s[tag=aj.nep_fume_ugs_skills.locator_origin.wave_of_destruction16] at @s on origin run tp @s ^-0.375 ^2.56251 ^0.18751 ~0 ~90
execute if entity @s[tag=aj.nep_fume_ugs_skills.locator_origin.wave_of_destruction17] at @s on origin run tp @s ^-0.37501 ^2.5625 ^0.18752 ~0 ~90
execute if entity @s[tag=aj.nep_fume_ugs_skills.locator_origin.wave_of_destruction18] at @s on origin run tp @s ^-0.375 ^2.5625 ^0.18753 ~0 ~90
execute if entity @s[tag=aj.nep_fume_ugs_skills.locator_origin.wave_of_destruction19] at @s on origin run tp @s ^-0.37499 ^2.5625 ^0.18752 ~0 ~90
execute if entity @s[tag=aj.nep_fume_ugs_skills.locator_origin.wave_of_destruction20] at @s on origin run tp @s ^-0.375 ^2.5625 ^0.18751 ~0 ~90
execute if entity @s[tag=aj.nep_fume_ugs_skills.locator_origin.wave_of_destruction24] at @s on origin run tp @s ^-0.37499 ^2.56249 ^0.18752 ~0 ~90
execute if entity @s[tag=aj.nep_fume_ugs_skills.locator_origin.wave_of_destruction23] at @s on origin run tp @s ^-0.375 ^2.56249 ^0.18753 ~0 ~90
execute if entity @s[tag=aj.nep_fume_ugs_skills.locator_origin.wave_of_destruction22] at @s on origin run tp @s ^-0.37501 ^2.56249 ^0.18752 ~0 ~90
execute if entity @s[tag=aj.nep_fume_ugs_skills.locator_origin.wave_of_destruction21] at @s on origin run tp @s ^-0.375 ^2.56249 ^0.18751 ~0 ~90
execute if entity @s[tag=aj.nep_fume_ugs_skills.locator_origin.wave_of_destruction25] at @s on origin run tp @s ^0.00002 ^0.37402 ^-3.96638 ~0 ~90
execute if entity @s[tag=aj.nep_fume_ugs_skills.locator_origin.wave_of_destruction26] at @s on origin run tp @s ^0 ^0.37402 ^-3.96636 ~0 ~90
execute if entity @s[tag=aj.nep_fume_ugs_skills.locator_origin.wave_of_destruction27] at @s on origin run tp @s ^-0.00002 ^0.37402 ^-3.96638 ~0 ~90
execute if entity @s[tag=aj.nep_fume_ugs_skills.locator_origin.wave_of_destruction28] at @s on origin run tp @s ^0 ^0.37402 ^-3.9664 ~0 ~90
execute if entity @s[tag=aj.nep_fume_ugs_skills.locator_origin.wave_of_destruction29] at @s on origin run tp @s ^0.00002 ^0.37403 ^-3.9664 ~0 ~90
execute if entity @s[tag=aj.nep_fume_ugs_skills.locator_origin.wave_of_destruction30] at @s on origin run tp @s ^0.00001 ^0.37402 ^-3.96637 ~0 ~90
execute if entity @s[tag=aj.nep_fume_ugs_skills.locator_origin.wave_of_destruction31] at @s on origin run tp @s ^-0.00002 ^0.37403 ^-3.96637 ~0 ~90
execute if entity @s[tag=aj.nep_fume_ugs_skills.locator_origin.wave_of_destruction32] at @s on origin run tp @s ^-0.00001 ^0.37403 ^-3.9664 ~0 ~90