execute if entity @s[tag=aj.nep_fume_ugs_skills.bone.right_arm2] run data modify entity @s {} merge value {transformation:[0.5820410027285374f,-0.1793332013877535f,-0.7931379917913264f,-4.258147238018182f,-0.1748343268727245f,0.9249679633975161f,-0.33744217998823545f,12.18040225597546f,0.7941418193809716f,0.3350729317152774f,0.5070156813571046f,-2.3835787751411495f,0f,0f,0f,1f],start_interpolation:0}
execute if entity @s[tag=aj.nep_fume_ugs_skills.bone.right_arm] run data modify entity @s {} merge value {transformation:[0.5820410027285374f,-0.1793332013877535f,-0.7931379917913264f,-4.246709300809619f,-0.1748343268727245f,0.9249679633975161f,-0.33744217998823545f,12.392852055181697f,0.7941418193809716f,0.3350729317152774f,0.5070156813571046f,-2.258395002205048f,0f,0f,0f,1f],start_interpolation:0}
execute if entity @s[tag=aj.nep_fume_ugs_skills.locator_origin.fume_ugs_locator] at @s on origin run tp @s ^-6.11227 ^12.94917 ^-0.42378 ~76.94276 ~61.68978
execute if entity @s[tag=aj.nep_fume_ugs_skills.locator_origin.fume_ugs_locator2] at @s on origin run tp @s ^-5.85438 ^12.76667 ^-0.81132 ~76.94276 ~61.68978
execute if entity @s[tag=aj.nep_fume_ugs_skills.locator_origin.fume_ugs_locator3] at @s on origin run tp @s ^-5.59648 ^12.58418 ^-1.19886 ~76.94276 ~61.68978
execute if entity @s[tag=aj.nep_fume_ugs_skills.locator_origin.fume_ugs_locator4] at @s on origin run tp @s ^-5.33859 ^12.40169 ^-1.5864 ~76.94276 ~61.68978
execute if entity @s[tag=aj.nep_fume_ugs_skills.locator_origin.fume_ugs_locator5] at @s on origin run tp @s ^-5.04845 ^12.19638 ^-2.02238 ~76.94276 ~61.68978
execute if entity @s[tag=aj.nep_fume_ugs_skills.locator_origin.fume_ugs_locator10] at @s on origin run tp @s ^-4.87521 ^12.52653 ^-2.06256 ~76.94276 ~61.68978
execute if entity @s[tag=aj.nep_fume_ugs_skills.locator_origin.fume_ugs_locator9] at @s on origin run tp @s ^-5.16534 ^12.73183 ^-1.62658 ~76.94276 ~61.68978
execute if entity @s[tag=aj.nep_fume_ugs_skills.locator_origin.fume_ugs_locator8] at @s on origin run tp @s ^-5.42324 ^12.91433 ^-1.23904 ~76.94276 ~61.68978
execute if entity @s[tag=aj.nep_fume_ugs_skills.locator_origin.fume_ugs_locator7] at @s on origin run tp @s ^-5.68113 ^13.09682 ^-0.8515 ~76.94276 ~61.68978
execute if entity @s[tag=aj.nep_fume_ugs_skills.locator_origin.fume_ugs_locator6] at @s on origin run tp @s ^-5.93903 ^13.27931 ^-0.46396 ~76.94276 ~61.68978
execute if entity @s[tag=aj.nep_fume_ugs_skills.locator_origin.foe_ride_locator] at @s on origin run tp @s ^-5.57433 ^12.79488 ^-1.12206 ~76.94276 ~61.68978
execute if entity @s[tag=aj.nep_fume_ugs_skills.bone.fume_ugs_slash] run data modify entity @s {} merge value {transformation:[-0.000019239416821950887f,-0.000013754428718222673f,0.000012319563389084684f,-5.570358956200985f,0.000008074910856369375f,0.00000973297676406605f,0.000023477139712557603f,12.81055876213362f,-0.000016605775083507312f,0.0000206687194827496f,-0.000002857162916336035f,-1.1218995850417381f,0f,0f,0f,1f],start_interpolation:0}
execute if entity @s[tag=aj.nep_fume_ugs_skills.bone.gravity_vortex] run data modify entity @s {} merge value {transformation:[0.000006877214359111335f,-0.000009619708410975445f,0.000006159781694542342f,-5.6424716059934f,-0.000004866488382033024f,0.000004037455428184689f,0.000011738569856278801f,12.850279393466561f,-0.000010334359741374801f,-0.000008302887541753655f,-0.0000014285814581680175f,-0.9970798035155024f,0f,0f,0f,1f],start_interpolation:0}
execute if entity @s[tag=aj.nep_fume_ugs_skills.bone.fume_ultra_greatsword] run data modify entity @s {} merge value {transformation:[-1.4977885995888767f,-1.0707822757136352f,0.9590780098402427f,-4.83601121398181f,0.6286318101683559f,0.7577122410825421f,1.8276953266226095f,12.291883752929616f,-1.2927595902510443f,1.6090598117320563f,-0.22243013303676032f,-2.221415266127256f,0f,0f,0f,1f],start_interpolation:0}
execute if entity @s[tag=aj.nep_fume_ugs_skills.bone.left_arm2] run data modify entity @s {} merge value {transformation:[0.9342629193528721f,0.3453836794615813f,0.08867305951543758f,-4.9382684002476696f,-0.2533386995196192f,0.4679036021524526f,0.8466910430720684f,12.39511153279031f,0.2509428238622432f,-0.8134963632705056f,0.5246440375127734f,-2.3800581802325818f,0f,0f,0f,1f],start_interpolation:0}
execute if entity @s[tag=aj.nep_fume_ugs_skills.bone.left_arm] run data modify entity @s {} merge value {transformation:[0.9342629193528721f,0.3453836794615813f,0.08867305951543758f,-4.822072264155207f,-0.2533386995196192f,0.4679036021524526f,0.8466910430720684f,12.552526587023952f,0.2509428238622432f,-0.8134963632705056f,0.5246440375127734f,-2.6537397111163155f,0f,0f,0f,1f],start_interpolation:0}
execute if entity @s[tag=aj.nep_fume_ugs_skills.bone.head] run data modify entity @s {} merge value {transformation:[0.683901059027822f,-0.046498451880046254f,-0.7280915021021621f,-4.56248167218201f,-0.32522499707525276f,0.8738958322347721f,-0.3612959668749388f,12.546253526947243f,0.6530758323028232f,0.4838842510099437f,0.5825358262686684f,-2.4066388290754355f,0f,0f,0f,1f],start_interpolation:0}
execute if entity @s[tag=aj.nep_fume_ugs_skills.bone.body_top] run data modify entity @s {} merge value {transformation:[0.7824302587830474f,-0.4070625551344594f,-0.4712780138602889f,-4.402200791097816f,-0.25255073302798337f,0.4843386550243691f,-0.8376360752117912f,12.355545181531397f,0.5692284404241601f,0.774413418954366f,0.27615727250189837f,-2.711564112788717f,0f,0f,0f,1f],start_interpolation:0}
execute if entity @s[tag=aj.nep_fume_ugs_skills.bone.body] run data modify entity @s {} merge value {transformation:[0.7824302587830474f,-0.4070625551344594f,-0.4712780138602889f,-4.22411092322649f,-0.25255073302798337f,0.4843386550243691f,-0.8376360752117912f,12.143647019958236f,0.5692284404241601f,0.774413418954366f,0.27615727250189837f,-3.0503699835812523f,0f,0f,0f,1f],start_interpolation:0}
execute if entity @s[tag=aj.nep_fume_ugs_skills.bone.right_leg2] run data modify entity @s {} merge value {transformation:[0.5895778610634367f,-0.7998613252902924f,-0.11233791011372729f,-3.875535643440273f,-0.15172333934714477f,0.02693394426244214f,-0.9880559654917421f,12.099170090986538f,0.7933334570287667f,0.599580205603324f,-0.1054779740394238f,-3.112797805535973f,0f,0f,0f,1f],start_interpolation:0}
execute if entity @s[tag=aj.nep_fume_ugs_skills.bone.right_leg] run data modify entity @s {} merge value {transformation:[0.5895778610634367f,-0.778355361121603f,-0.21577969681395384f,-4.164469255422465f,-0.15172333934714477f,0.15567070351147066f,-0.976087424550483f,12.157484927238272f,0.7933334570287667f,0.6082183521413198f,-0.026314674181589393f,-2.9066151705012606f,0f,0f,0f,1f],start_interpolation:0}
execute if entity @s[tag=aj.nep_fume_ugs_skills.bone.left_leg2] run data modify entity @s {} merge value {transformation:[0.6405872175591364f,-0.6478387872586843f,-0.4122534686610179f,-4.211686999438788f,-0.6310163351563222f,-0.138185508264868f,-0.7633630525978213f,12.171379561081077f,0.4375687391321819f,0.7491392868010442f,-0.4973167275544783f,-3.372882331312808f,0f,0f,0f,1f],start_interpolation:0}
execute if entity @s[tag=aj.nep_fume_ugs_skills.bone.left_leg] run data modify entity @s {} merge value {transformation:[0.6405872175591364f,-0.4407624235236199f,-0.6287897126300881f,-4.360076820118227f,-0.6310163351563222f,0.16445963033324595f,-0.7581368047763781f,12.220622610495269f,0.4375687391321819f,0.8824293263487095f,-0.1727775521705154f,-3.0489222806073f,0f,0f,0f,1f],start_interpolation:0}
execute if entity @s[tag=aj.nep_fume_ugs_skills.locator_origin.nep_ride] at @s on origin run tp @s ^-0.0625 ^1 ^-1.6875 ~0 ~0
execute if entity @s[tag=aj.nep_fume_ugs_skills.locator_origin.wave_of_destruction0] at @s on origin run tp @s ^-0.375 ^2.56249 ^0.18752 ~0 ~90
execute if entity @s[tag=aj.nep_fume_ugs_skills.locator_origin.wave_of_destruction1] at @s on origin run tp @s ^-0.375 ^2.5625 ^0.18752 ~0 ~90
execute if entity @s[tag=aj.nep_fume_ugs_skills.locator_origin.wave_of_destruction2] at @s on origin run tp @s ^-0.375 ^2.56251 ^0.18752 ~0 ~90
execute if entity @s[tag=aj.nep_fume_ugs_skills.locator_origin.wave_of_destruction3] at @s on origin run tp @s ^-0.375 ^2.56252 ^0.18752 ~0 ~90
execute if entity @s[tag=aj.nep_fume_ugs_skills.locator_origin.wave_of_destruction4] at @s on origin run tp @s ^-0.375 ^2.56253 ^0.18752 ~0 ~90
execute if entity @s[tag=aj.nep_fume_ugs_skills.locator_origin.wave_of_destruction5] at @s on origin run tp @s ^-0.37501 ^2.56253 ^0.18752 ~0 ~90
execute if entity @s[tag=aj.nep_fume_ugs_skills.locator_origin.wave_of_destruction6] at @s on origin run tp @s ^-0.37499 ^2.56253 ^0.18752 ~0 ~90
execute if entity @s[tag=aj.nep_fume_ugs_skills.locator_origin.wave_of_destruction7] at @s on origin run tp @s ^-0.375 ^2.56253 ^0.18753 ~0 ~90
execute if entity @s[tag=aj.nep_fume_ugs_skills.locator_origin.wave_of_destruction8] at @s on origin run tp @s ^-0.375 ^2.56253 ^0.18751 ~0 ~90
execute if entity @s[tag=aj.nep_fume_ugs_skills.locator_origin.wave_of_destruction12] at @s on origin run tp @s ^-0.37501 ^2.56252 ^0.18752 ~0 ~90
execute if entity @s[tag=aj.nep_fume_ugs_skills.locator_origin.wave_of_destruction11] at @s on origin run tp @s ^-0.375 ^2.56252 ^0.18753 ~0 ~90
execute if entity @s[tag=aj.nep_fume_ugs_skills.locator_origin.wave_of_destruction10] at @s on origin run tp @s ^-0.37499 ^2.56252 ^0.18752 ~0 ~90
execute if entity @s[tag=aj.nep_fume_ugs_skills.locator_origin.wave_of_destruction9] at @s on origin run tp @s ^-0.375 ^2.56252 ^0.18751 ~0 ~90
execute if entity @s[tag=aj.nep_fume_ugs_skills.locator_origin.wave_of_destruction13] at @s on origin run tp @s ^-0.37501 ^2.56251 ^0.18752 ~0 ~90
execute if entity @s[tag=aj.nep_fume_ugs_skills.locator_origin.wave_of_destruction14] at @s on origin run tp @s ^-0.375 ^2.56251 ^0.18753 ~0 ~90
execute if entity @s[tag=aj.nep_fume_ugs_skills.locator_origin.wave_of_destruction15] at @s on origin run tp @s ^-0.37499 ^2.56251 ^0.18752 ~0 ~90
execute if entity @s[tag=aj.nep_fume_ugs_skills.locator_origin.wave_of_destruction16] at @s on origin run tp @s ^-0.375 ^2.56251 ^0.18751 ~0 ~90
execute if entity @s[tag=aj.nep_fume_ugs_skills.locator_origin.wave_of_destruction17] at @s on origin run tp @s ^-0.37501 ^2.5625 ^0.18752 ~0 ~90
execute if entity @s[tag=aj.nep_fume_ugs_skills.locator_origin.wave_of_destruction18] at @s on origin run tp @s ^-0.375 ^2.5625 ^0.18753 ~0 ~90
execute if entity @s[tag=aj.nep_fume_ugs_skills.locator_origin.wave_of_destruction19] at @s on origin run tp @s ^-0.37499 ^2.5625 ^0.18752 ~0 ~90
execute if entity @s[tag=aj.nep_fume_ugs_skills.locator_origin.wave_of_destruction20] at @s on origin run tp @s ^-0.375 ^2.5625 ^0.18751 ~0 ~90
execute if entity @s[tag=aj.nep_fume_ugs_skills.locator_origin.wave_of_destruction24] at @s on origin run tp @s ^-0.37499 ^2.56249 ^0.18752 ~0 ~90
execute if entity @s[tag=aj.nep_fume_ugs_skills.locator_origin.wave_of_destruction23] at @s on origin run tp @s ^-0.375 ^2.56249 ^0.18753 ~0 ~90
execute if entity @s[tag=aj.nep_fume_ugs_skills.locator_origin.wave_of_destruction22] at @s on origin run tp @s ^-0.37501 ^2.56249 ^0.18752 ~0 ~90
execute if entity @s[tag=aj.nep_fume_ugs_skills.locator_origin.wave_of_destruction21] at @s on origin run tp @s ^-0.375 ^2.56249 ^0.18751 ~0 ~90
execute if entity @s[tag=aj.nep_fume_ugs_skills.locator_origin.wave_of_destruction25] at @s on origin run tp @s ^0.00002 ^0.37402 ^-3.96638 ~0 ~90
execute if entity @s[tag=aj.nep_fume_ugs_skills.locator_origin.wave_of_destruction26] at @s on origin run tp @s ^0 ^0.37402 ^-3.96636 ~0 ~90
execute if entity @s[tag=aj.nep_fume_ugs_skills.locator_origin.wave_of_destruction27] at @s on origin run tp @s ^-0.00002 ^0.37402 ^-3.96638 ~0 ~90
execute if entity @s[tag=aj.nep_fume_ugs_skills.locator_origin.wave_of_destruction28] at @s on origin run tp @s ^0 ^0.37402 ^-3.9664 ~0 ~90
execute if entity @s[tag=aj.nep_fume_ugs_skills.locator_origin.wave_of_destruction29] at @s on origin run tp @s ^0.00002 ^0.37403 ^-3.9664 ~0 ~90
execute if entity @s[tag=aj.nep_fume_ugs_skills.locator_origin.wave_of_destruction30] at @s on origin run tp @s ^0.00001 ^0.37402 ^-3.96637 ~0 ~90
execute if entity @s[tag=aj.nep_fume_ugs_skills.locator_origin.wave_of_destruction31] at @s on origin run tp @s ^-0.00002 ^0.37403 ^-3.96637 ~0 ~90
execute if entity @s[tag=aj.nep_fume_ugs_skills.locator_origin.wave_of_destruction32] at @s on origin run tp @s ^-0.00001 ^0.37403 ^-3.9664 ~0 ~90