execute if entity @s[tag=aj.nep_fume_ugs_skills.bone.right_arm2] run data modify entity @s {} merge value {transformation:[-0.8728043640155863f,0.20105678359256987f,-0.44473442853770223f,-1.024688357281379f,0.20895043525853207f,0.9774091119030299f,0.03179848383492373f,23.134972740430946f,0.4410807837127074f,-0.06517359695720598f,-0.8950978407409114f,1.685735074338495f,0f,0f,0f,1f],start_interpolation:0}
execute if entity @s[tag=aj.nep_fume_ugs_skills.bone.right_arm] run data modify entity @s {} merge value {transformation:[-0.8728043640155863f,0.20105678359256987f,-0.44473442853770223f,-1.0296279882903887f,0.20895043525853207f,0.9774091119030299f,0.03179848383492373f,23.379888515361664f,0.4410807837127074f,-0.06517359695720598f,-0.8950978407409114f,1.7162077478748918f,0f,0f,0f,1f],start_interpolation:0}
execute if entity @s[tag=aj.nep_fume_ugs_skills.locator_origin.fume_ugs_locator] at @s on origin run tp @s ^0.22604 ^24.46394 ^-1.06545 ~-174.99582 ~60.82972
execute if entity @s[tag=aj.nep_fume_ugs_skills.locator_origin.fume_ugs_locator2] at @s on origin run tp @s ^0.13408 ^24.22168 ^-0.63784 ~-174.99582 ~60.82972
execute if entity @s[tag=aj.nep_fume_ugs_skills.locator_origin.fume_ugs_locator3] at @s on origin run tp @s ^0.04212 ^23.97941 ^-0.21023 ~-174.99582 ~60.82972
execute if entity @s[tag=aj.nep_fume_ugs_skills.locator_origin.fume_ugs_locator4] at @s on origin run tp @s ^-0.04984 ^23.73715 ^0.21738 ~-174.99582 ~60.82972
execute if entity @s[tag=aj.nep_fume_ugs_skills.locator_origin.fume_ugs_locator5] at @s on origin run tp @s ^-0.15329 ^23.46461 ^0.69845 ~-174.99582 ~60.82972
execute if entity @s[tag=aj.nep_fume_ugs_skills.locator_origin.fume_ugs_locator10] at @s on origin run tp @s ^-0.16923 ^23.79205 ^0.88053 ~-174.99582 ~60.82972
execute if entity @s[tag=aj.nep_fume_ugs_skills.locator_origin.fume_ugs_locator9] at @s on origin run tp @s ^-0.06578 ^24.06459 ^0.39946 ~-174.99582 ~60.82972
execute if entity @s[tag=aj.nep_fume_ugs_skills.locator_origin.fume_ugs_locator8] at @s on origin run tp @s ^0.02618 ^24.30685 ^-0.02815 ~-174.99582 ~60.82972
execute if entity @s[tag=aj.nep_fume_ugs_skills.locator_origin.fume_ugs_locator7] at @s on origin run tp @s ^0.11814 ^24.54912 ^-0.45576 ~-174.99582 ~60.82972
execute if entity @s[tag=aj.nep_fume_ugs_skills.locator_origin.fume_ugs_locator6] at @s on origin run tp @s ^0.2101 ^24.79138 ^-0.88337 ~-174.99582 ~60.82972
execute if entity @s[tag=aj.nep_fume_ugs_skills.locator_origin.foe_ride_locator] at @s on origin run tp @s ^0.05714 ^24.2037 ^-0.22609 ~-174.99582 ~60.82972
execute if entity @s[tag=aj.nep_fume_ugs_skills.bone.fume_ugs_slash] run data modify entity @s {} merge value {transformation:[0.00002618723261398836f,0.000004904545424345684f,-0.00000113375187431111f,0.05892449845288819f,-0.000001411783533032296f,0.000012920614042862162f,0.000023284666867326296f,24.219089932128554f,0.000004831855377371411f,-0.000022806014076270153f,0.000012947973072116134f,-0.22143324650285934f,0f,0f,0f,1f],start_interpolation:0}
execute if entity @s[tag=aj.nep_fume_ugs_skills.bone.gravity_vortex] run data modify entity @s {} merge value {transformation:[-0.000002452272712172839f,0.00001309361630699418f,-5.66875937155555e-7f,0.07329735015197661f,-0.000006460307021431081f,-7.058917665161466e-7f,0.000011642333433663148f,24.2815026140708f,0.000011403007038135077f,0.000002415927688685703f,0.000006473986536058067f,-0.35654808262621096f,0f,0f,0f,1f],start_interpolation:0}
execute if entity @s[tag=aj.nep_fume_ugs_skills.bone.fume_ultra_greatsword] run data modify entity @s {} merge value {transformation:[2.038676058998994f,0.3818188612853115f,-0.08826258341511992f,-0.20446312054683427f,-0.10990734804656424f,1.0058698032368192f,1.812711315621352f,23.531414304245708f,0.3761599411283644f,-1.7754481958376314f,1.007999703664241f,0.9930437181208868f,0f,0f,0f,1f],start_interpolation:0}
execute if entity @s[tag=aj.nep_fume_ugs_skills.bone.left_arm2] run data modify entity @s {} merge value {transformation:[-0.9820212230245634f,-0.1887644705990255f,0.001513991019891553f,-0.198786886156266f,0.05294188248871113f,-0.2677067607216597f,0.9620448260567005f,23.49623159349559f,-0.18119457665142802f,0.9448285902233186f,0.27288726699632687f,1.0180210663027218f,0f,0f,0f,1f],start_interpolation:0}
execute if entity @s[tag=aj.nep_fume_ugs_skills.bone.left_arm] run data modify entity @s {} merge value {transformation:[-0.9820212230245634f,-0.1887644705990255f,0.001513991019891553f,-0.2622922091331314f,0.05294188248871113f,-0.2677067607216597f,0.9620448260567005f,23.406168011886354f,-0.18119457665142802f,0.9448285902233186f,0.27288726699632687f,1.3358862058043395f,0f,0f,0f,1f],start_interpolation:0}
execute if entity @s[tag=aj.nep_fume_ugs_skills.bone.head] run data modify entity @s {} merge value {transformation:[-0.9887480282447365f,-0.03153974517135455f,0.14622783974561654f,-0.6676697706587736f,0.012052153615665882f,0.9575469310900305f,0.28802538143935913f,23.48552019362575f,-0.14910426632181967f,0.28654688837010667f,-0.9463925182132622f,1.540119339786767f,0f,0f,0f,1f],start_interpolation:0}
execute if entity @s[tag=aj.nep_fume_ugs_skills.bone.body_top] run data modify entity @s {} merge value {transformation:[-0.8956320682056822f,0.007381495434777605f,-0.44473442853770223f,-0.6705762344862173f,-0.00755257521099878f,0.9994657648131235f,0.03179848383492373f,23.091980548730582f,0.44473155612042237f,0.03183863206333021f,-0.8950978407409114f,1.5275828784118306f,0f,0f,0f,1f],start_interpolation:0}
execute if entity @s[tag=aj.nep_fume_ugs_skills.bone.body] run data modify entity @s {} merge value {transformation:[-0.8956320682056822f,0.007381495434777605f,-0.44473442853770223f,-0.6738056387389325f,-0.00755257521099878f,0.9994657648131235f,0.03179848383492373f,22.65471427662484f,0.44473155612042237f,0.03183863206333021f,-0.8950978407409114f,1.5136534768841237f,0f,0f,0f,1f],start_interpolation:0}
execute if entity @s[tag=aj.nep_fume_ugs_skills.bone.right_leg2] run data modify entity @s {} merge value {transformation:[-0.8852989169293113f,0.04467120550496159f,-0.4628718084767312f,-0.8365291218837485f,0.12292868996310112f,0.9824480102869059f,-0.140301262529084f,22.392762935934563f,0.4484800607248243f,-0.1811087807977082f,-0.8752515322181527f,1.6027102748498192f,0f,0f,0f,1f],start_interpolation:0}
execute if entity @s[tag=aj.nep_fume_ugs_skills.bone.right_leg] run data modify entity @s {} merge value {transformation:[-0.8852989169293113f,0.10470593179574436f,-0.45308111363261566f,-0.7850676320676324f,0.12292868996310112f,0.9923560209274644f,-0.010865767941802391f,22.747470120174697f,0.4484800607248243f,-0.06531612033636236f,-0.8914030735623825f,1.5722297931551137f,0f,0f,0f,1f],start_interpolation:0}
execute if entity @s[tag=aj.nep_fume_ugs_skills.bone.left_leg2] run data modify entity @s {} merge value {transformation:[-0.9931181037231607f,-0.08241750063641518f,-0.08320930023836412f,-0.5297214651019042f,-0.08295977831303923f,0.9965481528525606f,0.003074772902330658f,22.420204246927785f,0.08266865935506096f,0.009956637735500762f,-0.9965273494116652f,1.3194001355771947f,0f,0f,0f,1f],start_interpolation:0}
execute if entity @s[tag=aj.nep_fume_ugs_skills.bone.left_leg] run data modify entity @s {} merge value {transformation:[-0.9931181037231607f,-0.04430102133880548f,-0.10841518143530648f,-0.5611596150162118f,-0.08295977831303923f,0.919513776934403f,0.3842031874022916f,22.749358263977445f,0.08266865935506096f,0.39055324033499983f,-0.9168609814057238f,1.461046904125008f,0f,0f,0f,1f],start_interpolation:0}
execute if entity @s[tag=aj.nep_fume_ugs_skills.locator_origin.nep_ride] at @s on origin run tp @s ^-0.0625 ^1 ^-1.6875 ~0 ~0
execute if entity @s[tag=aj.nep_fume_ugs_skills.locator_origin.wave_of_destruction0] at @s on origin run tp @s ^-0.375 ^2.56249 ^0.18752 ~0 ~90
execute if entity @s[tag=aj.nep_fume_ugs_skills.locator_origin.wave_of_destruction1] at @s on origin run tp @s ^-0.375 ^2.5625 ^0.18752 ~0 ~90
execute if entity @s[tag=aj.nep_fume_ugs_skills.locator_origin.wave_of_destruction2] at @s on origin run tp @s ^-0.375 ^2.56251 ^0.18752 ~0 ~90
execute if entity @s[tag=aj.nep_fume_ugs_skills.locator_origin.wave_of_destruction3] at @s on origin run tp @s ^-0.375 ^2.56252 ^0.18752 ~0 ~90
execute if entity @s[tag=aj.nep_fume_ugs_skills.locator_origin.wave_of_destruction4] at @s on origin run tp @s ^-0.375 ^2.56253 ^0.18752 ~0 ~90
execute if entity @s[tag=aj.nep_fume_ugs_skills.locator_origin.wave_of_destruction5] at @s on origin run tp @s ^-0.37501 ^2.56253 ^0.18752 ~0 ~90
execute if entity @s[tag=aj.nep_fume_ugs_skills.locator_origin.wave_of_destruction6] at @s on origin run tp @s ^-0.37499 ^2.56253 ^0.18752 ~0 ~90
execute if entity @s[tag=aj.nep_fume_ugs_skills.locator_origin.wave_of_destruction7] at @s on origin run tp @s ^-0.375 ^2.56253 ^0.18753 ~0 ~90
execute if entity @s[tag=aj.nep_fume_ugs_skills.locator_origin.wave_of_destruction8] at @s on origin run tp @s ^-0.375 ^2.56253 ^0.18751 ~0 ~90
execute if entity @s[tag=aj.nep_fume_ugs_skills.locator_origin.wave_of_destruction12] at @s on origin run tp @s ^-0.37501 ^2.56252 ^0.18752 ~0 ~90
execute if entity @s[tag=aj.nep_fume_ugs_skills.locator_origin.wave_of_destruction11] at @s on origin run tp @s ^-0.375 ^2.56252 ^0.18753 ~0 ~90
execute if entity @s[tag=aj.nep_fume_ugs_skills.locator_origin.wave_of_destruction10] at @s on origin run tp @s ^-0.37499 ^2.56252 ^0.18752 ~0 ~90
execute if entity @s[tag=aj.nep_fume_ugs_skills.locator_origin.wave_of_destruction9] at @s on origin run tp @s ^-0.375 ^2.56252 ^0.18751 ~0 ~90
execute if entity @s[tag=aj.nep_fume_ugs_skills.locator_origin.wave_of_destruction13] at @s on origin run tp @s ^-0.37501 ^2.56251 ^0.18752 ~0 ~90
execute if entity @s[tag=aj.nep_fume_ugs_skills.locator_origin.wave_of_destruction14] at @s on origin run tp @s ^-0.375 ^2.56251 ^0.18753 ~0 ~90
execute if entity @s[tag=aj.nep_fume_ugs_skills.locator_origin.wave_of_destruction15] at @s on origin run tp @s ^-0.37499 ^2.56251 ^0.18752 ~0 ~90
execute if entity @s[tag=aj.nep_fume_ugs_skills.locator_origin.wave_of_destruction16] at @s on origin run tp @s ^-0.375 ^2.56251 ^0.18751 ~0 ~90
execute if entity @s[tag=aj.nep_fume_ugs_skills.locator_origin.wave_of_destruction17] at @s on origin run tp @s ^-0.37501 ^2.5625 ^0.18752 ~0 ~90
execute if entity @s[tag=aj.nep_fume_ugs_skills.locator_origin.wave_of_destruction18] at @s on origin run tp @s ^-0.375 ^2.5625 ^0.18753 ~0 ~90
execute if entity @s[tag=aj.nep_fume_ugs_skills.locator_origin.wave_of_destruction19] at @s on origin run tp @s ^-0.37499 ^2.5625 ^0.18752 ~0 ~90
execute if entity @s[tag=aj.nep_fume_ugs_skills.locator_origin.wave_of_destruction20] at @s on origin run tp @s ^-0.375 ^2.5625 ^0.18751 ~0 ~90
execute if entity @s[tag=aj.nep_fume_ugs_skills.locator_origin.wave_of_destruction24] at @s on origin run tp @s ^-0.37499 ^2.56249 ^0.18752 ~0 ~90
execute if entity @s[tag=aj.nep_fume_ugs_skills.locator_origin.wave_of_destruction23] at @s on origin run tp @s ^-0.375 ^2.56249 ^0.18753 ~0 ~90
execute if entity @s[tag=aj.nep_fume_ugs_skills.locator_origin.wave_of_destruction22] at @s on origin run tp @s ^-0.37501 ^2.56249 ^0.18752 ~0 ~90
execute if entity @s[tag=aj.nep_fume_ugs_skills.locator_origin.wave_of_destruction21] at @s on origin run tp @s ^-0.375 ^2.56249 ^0.18751 ~0 ~90
execute if entity @s[tag=aj.nep_fume_ugs_skills.locator_origin.wave_of_destruction25] at @s on origin run tp @s ^0.00002 ^0.37402 ^-3.96638 ~0 ~90
execute if entity @s[tag=aj.nep_fume_ugs_skills.locator_origin.wave_of_destruction26] at @s on origin run tp @s ^0 ^0.37402 ^-3.96636 ~0 ~90
execute if entity @s[tag=aj.nep_fume_ugs_skills.locator_origin.wave_of_destruction27] at @s on origin run tp @s ^-0.00002 ^0.37402 ^-3.96638 ~0 ~90
execute if entity @s[tag=aj.nep_fume_ugs_skills.locator_origin.wave_of_destruction28] at @s on origin run tp @s ^0 ^0.37402 ^-3.9664 ~0 ~90
execute if entity @s[tag=aj.nep_fume_ugs_skills.locator_origin.wave_of_destruction29] at @s on origin run tp @s ^0.00002 ^0.37403 ^-3.9664 ~0 ~90
execute if entity @s[tag=aj.nep_fume_ugs_skills.locator_origin.wave_of_destruction30] at @s on origin run tp @s ^0.00001 ^0.37402 ^-3.96637 ~0 ~90
execute if entity @s[tag=aj.nep_fume_ugs_skills.locator_origin.wave_of_destruction31] at @s on origin run tp @s ^-0.00002 ^0.37403 ^-3.96637 ~0 ~90
execute if entity @s[tag=aj.nep_fume_ugs_skills.locator_origin.wave_of_destruction32] at @s on origin run tp @s ^-0.00001 ^0.37403 ^-3.9664 ~0 ~90