execute if entity @s[tag=aj.nep_fume_ugs_skills.bone.right_arm2] run data modify entity @s {} merge value {transformation:[0.7244988236104474f,-0.16747576315145143f,0.6686204628516214f,0.20248324245016175f,0.21642876210119624f,0.9762470576469182f,0.010013659225204417f,2.400015242228235f,-0.6544158047620957f,0.1374538147618088f,0.7435364169191746f,-0.24175133088782447f,0f,0f,0f,1f],start_interpolation:0}
execute if entity @s[tag=aj.nep_fume_ugs_skills.bone.right_arm] run data modify entity @s {} merge value {transformation:[0.7244988236104474f,-0.16747576315145143f,0.6686204628516214f,0.2012679530931728f,0.21642876210119624f,0.9762470576469182f,0.010013659225204417f,2.645548452397085f,-0.6544158047620957f,0.1374538147618088f,0.7435364169191746f,-0.26722065307812054f,0f,0f,0f,1f],start_interpolation:0}
execute if entity @s[tag=aj.nep_fume_ugs_skills.locator_origin.fume_ugs_locator] at @s on origin run tp @s ^-0.39524 ^2.0815 ^2.9665 ~115.7979 ~80.90483
execute if entity @s[tag=aj.nep_fume_ugs_skills.locator_origin.fume_ugs_locator2] at @s on origin run tp @s ^-0.37723 ^2.11364 ^2.46786 ~115.7979 ~80.90483
execute if entity @s[tag=aj.nep_fume_ugs_skills.locator_origin.fume_ugs_locator3] at @s on origin run tp @s ^-0.35923 ^2.14579 ^1.96922 ~115.7979 ~80.90483
execute if entity @s[tag=aj.nep_fume_ugs_skills.locator_origin.fume_ugs_locator4] at @s on origin run tp @s ^-0.34122 ^2.17793 ^1.47058 ~115.7979 ~80.90483
execute if entity @s[tag=aj.nep_fume_ugs_skills.locator_origin.fume_ugs_locator5] at @s on origin run tp @s ^-0.32097 ^2.21409 ^0.90961 ~115.7979 ~80.90483
execute if entity @s[tag=aj.nep_fume_ugs_skills.locator_origin.fume_ugs_locator10] at @s on origin run tp @s ^-0.2676 ^2.58438 ^0.93541 ~115.7979 ~80.90483
execute if entity @s[tag=aj.nep_fume_ugs_skills.locator_origin.fume_ugs_locator9] at @s on origin run tp @s ^-0.28785 ^2.54822 ^1.49638 ~115.7979 ~80.90483
execute if entity @s[tag=aj.nep_fume_ugs_skills.locator_origin.fume_ugs_locator8] at @s on origin run tp @s ^-0.30586 ^2.51607 ^1.99502 ~115.7979 ~80.90483
execute if entity @s[tag=aj.nep_fume_ugs_skills.locator_origin.fume_ugs_locator7] at @s on origin run tp @s ^-0.32386 ^2.48393 ^2.49366 ~115.7979 ~80.90483
execute if entity @s[tag=aj.nep_fume_ugs_skills.locator_origin.fume_ugs_locator6] at @s on origin run tp @s ^-0.34187 ^2.45178 ^2.9923 ~115.7979 ~80.90483
execute if entity @s[tag=aj.nep_fume_ugs_skills.locator_origin.foe_ride_locator] at @s on origin run tp @s ^-0.33704 ^2.32289 ^2.10678 ~115.7979 ~80.90483
execute if entity @s[tag=aj.nep_fume_ugs_skills.bone.fume_ugs_slash] run data modify entity @s {} merge value {transformation:[-0.000026377742927332607f,-9.603169085912399e-7f,0.0000037952049491086546f,-0.3367180865530537f,0.000003850950740720017f,-0.0000017143972905749613f,0.000026331390609569567f,2.338332659948658f,-7.042496455185584e-7f,0.00002659416748981351f,0.000001834502404371275f,2.1115965786289905f,0f,0f,0f,1f],start_interpolation:0}
execute if entity @s[tag=aj.nep_fume_ugs_skills.bone.gravity_vortex] run data modify entity @s {} merge value {transformation:[4.801584542956171e-7f,-0.000013188871463666304f,0.0000018976024745543273f,-0.33020767011674446f,8.571986452874811e-7f,0.000001925475370360008f,0.000013165695304784784f,2.3152438518730114f,-0.000013297083744906754f,-3.5212482275927623e-7f,9.172512021856375e-7f,2.2591854064355013f,0f,0f,0f,1f],start_interpolation:0}
execute if entity @s[tag=aj.nep_fume_ugs_skills.bone.fume_ultra_greatsword] run data modify entity @s {} merge value {transformation:[-2.0535072868928435f,-0.07476067133382804f,0.2954567052881088f,-0.28334529097896044f,0.29979651516505323f,-0.13346582907126073f,2.049898758954991f,2.4297464571015106f,-0.05482583490361977f,2.0703559390819817f,0.14281601218030376f,0.6952562356990765f,0f,0f,0f,1f],start_interpolation:0}
execute if entity @s[tag=aj.nep_fume_ugs_skills.bone.left_arm2] run data modify entity @s {} merge value {transformation:[0.7273972414438042f,-0.4591405588720583f,0.509983529477764f,-0.2823296708081772f,-0.21642876210119624f,0.5517495988981742f,0.8054383719758127f,2.4795275802386922f,-0.6511926320800071f,-0.6962487539050662f,0.3019699134191264f,0.5399495337729452f,0f,0f,0f,1f],start_interpolation:0}
execute if entity @s[tag=aj.nep_fume_ugs_skills.bone.left_arm] run data modify entity @s {} merge value {transformation:[0.7273972414438042f,-0.4591405588720583f,0.509983529477764f,-0.436796607252408f,-0.21642876210119624f,0.5517495988981742f,0.8054383719758127f,2.665150628735009f,-0.6511926320800071f,-0.6962487539050662f,0.3019699134191264f,0.305713176429491f,0f,0f,0f,1f],start_interpolation:0}
execute if entity @s[tag=aj.nep_fume_ugs_skills.bone.head] run data modify entity @s {} merge value {transformation:[0.9964399913522726f,-0.00491868311993374f,0.0841614531139297f,-0.09929606119002732f,0.0055506311185173456f,0.9999581212597691f,-0.007276415382526692f,2.748183931207336f,-0.08412213815678177f,0.007717660461474256f,0.9964255634963066f,0.0016773982988127134f,0f,0f,0f,1f],start_interpolation:0}
execute if entity @s[tag=aj.nep_fume_ugs_skills.bone.body_top] run data modify entity @s {} merge value {transformation:[0.743573698174458f,-0.006695673173270786f,0.6686204628516214f,-0.09665963987805194f,0f,0.9999498620575541f,0.010013659225204417f,2.3544536730221743f,-0.6686539877867773f,-0.007445893622344027f,0.7435364169191746f,0.0046092189126106745f,0f,0f,0f,1f],start_interpolation:0}
execute if entity @s[tag=aj.nep_fume_ugs_skills.bone.body] run data modify entity @s {} merge value {transformation:[0.743573698174458f,-0.006695673173270786f,0.6686204628516214f,-0.09373028286474597f,0f,0.9999498620575541f,0.010013659225204417f,1.9169756083719944f,-0.6686539877867773f,-0.007445893622344027f,0.7435364169191746f,0.007866797372386186f,0f,0f,0f,1f],start_interpolation:0}
execute if entity @s[tag=aj.nep_fume_ugs_skills.bone.right_leg2] run data modify entity @s {} merge value {transformation:[0.7337825876639975f,0.01429853119825325f,0.6792338816981233f,0.03682089046734199f,0.13056256175461609f,0.9781748832032635f,-0.16163946095664214f,1.6566545912322523f,-0.6667207297731185f,0.20729073755441738f,0.715900844122247f,-0.12710693820999952f,0f,0f,0f,1f],start_interpolation:0}
execute if entity @s[tag=aj.nep_fume_ugs_skills.bone.right_leg] run data modify entity @s {} merge value {transformation:[0.7337825876639975f,-0.0744816069231997f,0.6752892745122385f,-0.0014112899529328607f,0.13056256175461609f,0.990904644827975f,-0.03257917013087984f,2.01072090793989f,-0.6667207297731185f,0.11207352536831668f,0.7368330838136391f,-0.07641300362805573f,0f,0f,0f,1f],start_interpolation:0}
execute if entity @s[tag=aj.nep_fume_ugs_skills.bone.left_leg2] run data modify entity @s {} merge value {transformation:[0.9338266027470774f,0.08563816694549184f,0.3473240279106353f,-0.1825628890000537f,-0.08395714886872996f,0.9962703175279493f,-0.01991611324011172f,1.6785128571238719f,-0.3477341990021771f,-0.010562138750040417f,0.9375336623659648f,0.22862673243902773f,0f,0f,0f,1f],start_interpolation:0}
execute if entity @s[tag=aj.nep_fume_ugs_skills.bone.left_leg] run data modify entity @s {} merge value {transformation:[0.9338266027470774f,-0.05379580150098562f,0.3536578682041703f,-0.18730471449654734f,-0.08395714886872996f,0.9280553217866908f,0.3628560552853372f,2.01072090793989f,-0.3477341990021771f,-0.36853674368272726f,0.8621262061902804f,0.0907504933186386f,0f,0f,0f,1f],start_interpolation:0}
execute if entity @s[tag=aj.nep_fume_ugs_skills.locator_origin.nep_ride] at @s on origin run tp @s ^-0.0625 ^1 ^-1.6875 ~0 ~0
execute if entity @s[tag=aj.nep_fume_ugs_skills.locator_origin.wave_of_destruction0] at @s on origin run tp @s ^-0.375 ^2.56249 ^0.18752 ~0 ~90
execute if entity @s[tag=aj.nep_fume_ugs_skills.locator_origin.wave_of_destruction1] at @s on origin run tp @s ^-0.375 ^2.5625 ^0.18752 ~0 ~90
execute if entity @s[tag=aj.nep_fume_ugs_skills.locator_origin.wave_of_destruction2] at @s on origin run tp @s ^-0.375 ^2.56251 ^0.18752 ~0 ~90
execute if entity @s[tag=aj.nep_fume_ugs_skills.locator_origin.wave_of_destruction3] at @s on origin run tp @s ^-0.375 ^2.56252 ^0.18752 ~0 ~90
execute if entity @s[tag=aj.nep_fume_ugs_skills.locator_origin.wave_of_destruction4] at @s on origin run tp @s ^-0.375 ^2.56253 ^0.18752 ~0 ~90
execute if entity @s[tag=aj.nep_fume_ugs_skills.locator_origin.wave_of_destruction5] at @s on origin run tp @s ^-0.37501 ^2.56253 ^0.18752 ~0 ~90
execute if entity @s[tag=aj.nep_fume_ugs_skills.locator_origin.wave_of_destruction6] at @s on origin run tp @s ^-0.37499 ^2.56253 ^0.18752 ~0 ~90
execute if entity @s[tag=aj.nep_fume_ugs_skills.locator_origin.wave_of_destruction7] at @s on origin run tp @s ^-0.375 ^2.56253 ^0.18753 ~0 ~90
execute if entity @s[tag=aj.nep_fume_ugs_skills.locator_origin.wave_of_destruction8] at @s on origin run tp @s ^-0.375 ^2.56253 ^0.18751 ~0 ~90
execute if entity @s[tag=aj.nep_fume_ugs_skills.locator_origin.wave_of_destruction12] at @s on origin run tp @s ^-0.37501 ^2.56252 ^0.18752 ~0 ~90
execute if entity @s[tag=aj.nep_fume_ugs_skills.locator_origin.wave_of_destruction11] at @s on origin run tp @s ^-0.375 ^2.56252 ^0.18753 ~0 ~90
execute if entity @s[tag=aj.nep_fume_ugs_skills.locator_origin.wave_of_destruction10] at @s on origin run tp @s ^-0.37499 ^2.56252 ^0.18752 ~0 ~90
execute if entity @s[tag=aj.nep_fume_ugs_skills.locator_origin.wave_of_destruction9] at @s on origin run tp @s ^-0.375 ^2.56252 ^0.18751 ~0 ~90
execute if entity @s[tag=aj.nep_fume_ugs_skills.locator_origin.wave_of_destruction13] at @s on origin run tp @s ^-0.37501 ^2.56251 ^0.18752 ~0 ~90
execute if entity @s[tag=aj.nep_fume_ugs_skills.locator_origin.wave_of_destruction14] at @s on origin run tp @s ^-0.375 ^2.56251 ^0.18753 ~0 ~90
execute if entity @s[tag=aj.nep_fume_ugs_skills.locator_origin.wave_of_destruction15] at @s on origin run tp @s ^-0.37499 ^2.56251 ^0.18752 ~0 ~90
execute if entity @s[tag=aj.nep_fume_ugs_skills.locator_origin.wave_of_destruction16] at @s on origin run tp @s ^-0.375 ^2.56251 ^0.18751 ~0 ~90
execute if entity @s[tag=aj.nep_fume_ugs_skills.locator_origin.wave_of_destruction17] at @s on origin run tp @s ^-0.37501 ^2.5625 ^0.18752 ~0 ~90
execute if entity @s[tag=aj.nep_fume_ugs_skills.locator_origin.wave_of_destruction18] at @s on origin run tp @s ^-0.375 ^2.5625 ^0.18753 ~0 ~90
execute if entity @s[tag=aj.nep_fume_ugs_skills.locator_origin.wave_of_destruction19] at @s on origin run tp @s ^-0.37499 ^2.5625 ^0.18752 ~0 ~90
execute if entity @s[tag=aj.nep_fume_ugs_skills.locator_origin.wave_of_destruction20] at @s on origin run tp @s ^-0.375 ^2.5625 ^0.18751 ~0 ~90
execute if entity @s[tag=aj.nep_fume_ugs_skills.locator_origin.wave_of_destruction24] at @s on origin run tp @s ^-0.37499 ^2.56249 ^0.18752 ~0 ~90
execute if entity @s[tag=aj.nep_fume_ugs_skills.locator_origin.wave_of_destruction23] at @s on origin run tp @s ^-0.375 ^2.56249 ^0.18753 ~0 ~90
execute if entity @s[tag=aj.nep_fume_ugs_skills.locator_origin.wave_of_destruction22] at @s on origin run tp @s ^-0.37501 ^2.56249 ^0.18752 ~0 ~90
execute if entity @s[tag=aj.nep_fume_ugs_skills.locator_origin.wave_of_destruction21] at @s on origin run tp @s ^-0.375 ^2.56249 ^0.18751 ~0 ~90
execute if entity @s[tag=aj.nep_fume_ugs_skills.locator_origin.wave_of_destruction25] at @s on origin run tp @s ^0.00002 ^0.37402 ^-3.96638 ~0 ~90
execute if entity @s[tag=aj.nep_fume_ugs_skills.locator_origin.wave_of_destruction26] at @s on origin run tp @s ^0 ^0.37402 ^-3.96636 ~0 ~90
execute if entity @s[tag=aj.nep_fume_ugs_skills.locator_origin.wave_of_destruction27] at @s on origin run tp @s ^-0.00002 ^0.37402 ^-3.96638 ~0 ~90
execute if entity @s[tag=aj.nep_fume_ugs_skills.locator_origin.wave_of_destruction28] at @s on origin run tp @s ^0 ^0.37402 ^-3.9664 ~0 ~90
execute if entity @s[tag=aj.nep_fume_ugs_skills.locator_origin.wave_of_destruction29] at @s on origin run tp @s ^0.00002 ^0.37403 ^-3.9664 ~0 ~90
execute if entity @s[tag=aj.nep_fume_ugs_skills.locator_origin.wave_of_destruction30] at @s on origin run tp @s ^0.00001 ^0.37402 ^-3.96637 ~0 ~90
execute if entity @s[tag=aj.nep_fume_ugs_skills.locator_origin.wave_of_destruction31] at @s on origin run tp @s ^-0.00002 ^0.37403 ^-3.96637 ~0 ~90
execute if entity @s[tag=aj.nep_fume_ugs_skills.locator_origin.wave_of_destruction32] at @s on origin run tp @s ^-0.00001 ^0.37403 ^-3.9664 ~0 ~90