execute if entity @s[tag=aj.nep_fume_ugs_skills.bone.right_arm2] run data modify entity @s {} merge value {transformation:[0.9028723809032269f,0.343217261179513f,-0.2588887317566604f,0.3780949188625474f,-0.15977739689601977f,0.826951427029613f,0.539094166889996f,1.809172137572965f,0.3991148296458926f,-0.445368666345221f,0.801469964374592f,0.5216436151234904f,0f,0f,0f,1f],start_interpolation:0}
execute if entity @s[tag=aj.nep_fume_ugs_skills.bone.right_arm] run data modify entity @s {} merge value {transformation:[0.9028723809032269f,0.343217261179513f,-0.2588887317566604f,0.5259420122878082f,-0.15977739689601977f,0.826951427029613f,0.539094166889996f,1.98433188745283f,0.3991148296458926f,-0.445368666345221f,0.801469964374592f,0.43000836216590654f,0f,0f,0f,1f],start_interpolation:0}
execute if entity @s[tag=aj.nep_fume_ugs_skills.locator_origin.fume_ugs_locator] at @s on origin run tp @s ^0.32531 ^1.49588 ^2.99187 ~-21.80192 ~89.20976
execute if entity @s[tag=aj.nep_fume_ugs_skills.locator_origin.fume_ugs_locator2] at @s on origin run tp @s ^0.3045 ^1.48938 ^2.49235 ~-21.80192 ~89.20976
execute if entity @s[tag=aj.nep_fume_ugs_skills.locator_origin.fume_ugs_locator3] at @s on origin run tp @s ^0.28369 ^1.48287 ^1.99282 ~-21.80192 ~89.20976
execute if entity @s[tag=aj.nep_fume_ugs_skills.locator_origin.fume_ugs_locator4] at @s on origin run tp @s ^0.26288 ^1.47637 ^1.4933 ~-21.80192 ~89.20976
execute if entity @s[tag=aj.nep_fume_ugs_skills.locator_origin.fume_ugs_locator5] at @s on origin run tp @s ^0.23946 ^1.46905 ^0.93133 ~-21.80192 ~89.20976
execute if entity @s[tag=aj.nep_fume_ugs_skills.locator_origin.fume_ugs_locator10] at @s on origin run tp @s ^0.23754 ^1.84402 ^0.92653 ~-21.80192 ~89.20976
execute if entity @s[tag=aj.nep_fume_ugs_skills.locator_origin.fume_ugs_locator9] at @s on origin run tp @s ^0.26096 ^1.85133 ^1.4885 ~-21.80192 ~89.20976
execute if entity @s[tag=aj.nep_fume_ugs_skills.locator_origin.fume_ugs_locator8] at @s on origin run tp @s ^0.28177 ^1.85784 ^1.98802 ~-21.80192 ~89.20976
execute if entity @s[tag=aj.nep_fume_ugs_skills.locator_origin.fume_ugs_locator7] at @s on origin run tp @s ^0.30258 ^1.86434 ^2.48754 ~-21.80192 ~89.20976
execute if entity @s[tag=aj.nep_fume_ugs_skills.locator_origin.fume_ugs_locator6] at @s on origin run tp @s ^0.32339 ^1.87084 ^2.98707 ~-21.80192 ~89.20976
execute if entity @s[tag=aj.nep_fume_ugs_skills.locator_origin.foe_ride_locator] at @s on origin run tp @s ^0.28793 ^1.67198 ^2.1153 ~-21.80192 ~89.20976
execute if entity @s[tag=aj.nep_fume_ugs_skills.bone.fume_ugs_slash] run data modify entity @s {} merge value {transformation:[-0.000026643204350402555f,0.0000011100068336467398f,-1.3659386172047057e-7f,0.28623253781834856f,-1.2224989314389608e-7f,3.4686962094891823e-7f,0.000026664130354106823f,1.6876446851636744f,0.0000011116780187754339f,0.00002664129646632146f,-3.4147574914074056e-7f,2.118973020362263f,0f,0f,0f,1f],start_interpolation:0}
execute if entity @s[tag=aj.nep_fume_ugs_skills.bone.gravity_vortex] run data modify entity @s {} merge value {transformation:[-5.550034168233729e-7f,-0.000013321602175201277f,-6.829693086023528e-8f,0.30613115937452234f,-1.7343481047445912e-7f,-6.1124946571948e-8f,0.000013332065177053411f,1.6779205439273086f,-0.00001332064823316073f,5.558390093877199e-7f,-1.7073787457037028e-7f,2.266849409996334f,0f,0f,0f,1f],start_interpolation:0}
execute if entity @s[tag=aj.nep_fume_ugs_skills.bone.fume_ultra_greatsword] run data modify entity @s {} merge value {transformation:[-2.074173458678839f,0.0864140319993987f,-0.010633832134938634f,0.2292973019263158f,-0.00951715418125231f,0.027003799990873285f,2.075802548067216f,1.6696051155200595f,0.08654413376166753f,2.0740249299031257f,-0.02658388707060665f,0.6999388215252093f,0f,0f,0f,1f],start_interpolation:0}
execute if entity @s[tag=aj.nep_fume_ugs_skills.bone.left_arm2] run data modify entity @s {} merge value {transformation:[0.9039759953737265f,-0.40406866142225917f,0.13984247081807397f,0.021782670220084982f,0.17428663818392423f,0.6468557478363881f,0.7424296661917367f,1.7250003326828807f,-0.39045046745858314f,-0.6467659223764429f,0.6551658371083793f,0.6725592693985175f,0f,0f,0f,1f],start_interpolation:0}
execute if entity @s[tag=aj.nep_fume_ugs_skills.bone.left_arm] run data modify entity @s {} merge value {transformation:[0.9039759953737265f,-0.40406866142225917f,0.13984247081807397f,-0.1141566342847253f,0.17428663818392423f,0.6468557478363881f,0.7424296661917367f,1.9426195862184223f,-0.39045046745858314f,-0.6467659223764429f,0.6551658371083793f,0.45497023550561977f,0f,0f,0f,1f],start_interpolation:0}
execute if entity @s[tag=aj.nep_fume_ugs_skills.bone.head] run data modify entity @s {} merge value {transformation:[0.999485572901912f,0.021084357870383832f,-0.024166907417589617f,0.22928162016980505f,-0.03204621867601601f,0.6865471192877751f,-0.7263787530388169f,2.031225321539046f,0.0012764910911269092f,0.7267795421246056f,0.6868696147884568f,0.5021068596803742f,0f,0f,0f,1f],start_interpolation:0}
execute if entity @s[tag=aj.nep_fume_ugs_skills.bone.body_top] run data modify entity @s {} merge value {transformation:[0.9926745548309515f,0.07295874949228351f,0.0963029026753313f,0.20055411255721842f,0.08682408883346521f,0.12350828919761325f,-0.9885379507624972f,1.982593932667486f,-0.08401669946749074f,0.9896578819834665f,0.11626895905007639f,0.11242906864938418f,0f,0f,0f,1f],start_interpolation:0}
execute if entity @s[tag=aj.nep_fume_ugs_skills.bone.body] run data modify entity @s {} merge value {transformation:[0.9926745548309515f,0.07295874949228351f,0.0963029026753313f,0.16863465965434438f,0.08682408883346521f,0.12350828919761325f,-0.9885379507624972f,1.9285590561435302f,-0.08401669946749074f,0.9896578819834665f,0.11626895905007639f,-0.3205462547183824f,0f,0f,0f,1f],start_interpolation:0}
execute if entity @s[tag=aj.nep_fume_ugs_skills.bone.right_leg2] run data modify entity @s {} merge value {transformation:[0.9725967987111628f,-0.1811565306372425f,0.1457318720948705f,0.38613781750840837f,0.05188794688099223f,-0.4418718043363616f,-0.8955763225437591f,2.067231301954025f,0.22663430478476382f,0.8785963919457022f,-0.4203632618994207f,-0.5674894228386784f,0f,0f,0f,1f],start_interpolation:0}
execute if entity @s[tag=aj.nep_fume_ugs_skills.bone.right_leg] run data modify entity @s {} merge value {transformation:[0.9725967987111628f,-0.19862853775424436f,0.1208394435869704f,0.29955886177311486f,0.05188794688099223f,-0.3211953625711859f,-0.9455903870234932f,1.9509909693599896f,0.22663430478476382f,0.9259482939410684f,-0.3020871543815654f,-0.23826791571586892f,0f,0f,0f,1f],start_interpolation:0}
execute if entity @s[tag=aj.nep_fume_ugs_skills.bone.left_leg2] run data modify entity @s {} merge value {transformation:[0.9196656012961594f,0.07131044244560952f,-0.3861735394751752f,-0.0397652222284605f,-0.29263787164149646f,-0.5313179786452423f,-0.7950247050560559f,2.0009279377074813f,-0.2618745078729665f,0.8441658760969581f,-0.4677667322071403f,-0.5577817256126432f,0f,0f,0f,1f],start_interpolation:0}
execute if entity @s[tag=aj.nep_fume_ugs_skills.bone.left_leg] run data modify entity @s {} merge value {transformation:[0.9196656012961594f,0.21366447380475828f,-0.32948850423999476f,0.051390223065376994f,-0.29263787164149646f,-0.18663102277971372f,-0.9378336405873554f,1.9292849471516234f,-0.2618745078729665f,0.9589141535976687f,-0.10911181492559807f,-0.21726374084899613f,0f,0f,0f,1f],start_interpolation:0}
execute if entity @s[tag=aj.nep_fume_ugs_skills.locator_origin.nep_ride] at @s on origin run tp @s ^-0.0625 ^1 ^-1.6875 ~0 ~0
execute if entity @s[tag=aj.nep_fume_ugs_skills.locator_origin.wave_of_destruction0] at @s on origin run tp @s ^-0.375 ^2.56249 ^0.18752 ~0 ~90
execute if entity @s[tag=aj.nep_fume_ugs_skills.locator_origin.wave_of_destruction1] at @s on origin run tp @s ^-0.375 ^2.5625 ^0.18752 ~0 ~90
execute if entity @s[tag=aj.nep_fume_ugs_skills.locator_origin.wave_of_destruction2] at @s on origin run tp @s ^-0.375 ^2.56251 ^0.18752 ~0 ~90
execute if entity @s[tag=aj.nep_fume_ugs_skills.locator_origin.wave_of_destruction3] at @s on origin run tp @s ^-0.375 ^2.56252 ^0.18752 ~0 ~90
execute if entity @s[tag=aj.nep_fume_ugs_skills.locator_origin.wave_of_destruction4] at @s on origin run tp @s ^-0.375 ^2.56253 ^0.18752 ~0 ~90
execute if entity @s[tag=aj.nep_fume_ugs_skills.locator_origin.wave_of_destruction5] at @s on origin run tp @s ^-0.37501 ^2.56253 ^0.18752 ~0 ~90
execute if entity @s[tag=aj.nep_fume_ugs_skills.locator_origin.wave_of_destruction6] at @s on origin run tp @s ^-0.37499 ^2.56253 ^0.18752 ~0 ~90
execute if entity @s[tag=aj.nep_fume_ugs_skills.locator_origin.wave_of_destruction7] at @s on origin run tp @s ^-0.375 ^2.56253 ^0.18753 ~0 ~90
execute if entity @s[tag=aj.nep_fume_ugs_skills.locator_origin.wave_of_destruction8] at @s on origin run tp @s ^-0.375 ^2.56253 ^0.18751 ~0 ~90
execute if entity @s[tag=aj.nep_fume_ugs_skills.locator_origin.wave_of_destruction12] at @s on origin run tp @s ^-0.37501 ^2.56252 ^0.18752 ~0 ~90
execute if entity @s[tag=aj.nep_fume_ugs_skills.locator_origin.wave_of_destruction11] at @s on origin run tp @s ^-0.375 ^2.56252 ^0.18753 ~0 ~90
execute if entity @s[tag=aj.nep_fume_ugs_skills.locator_origin.wave_of_destruction10] at @s on origin run tp @s ^-0.37499 ^2.56252 ^0.18752 ~0 ~90
execute if entity @s[tag=aj.nep_fume_ugs_skills.locator_origin.wave_of_destruction9] at @s on origin run tp @s ^-0.375 ^2.56252 ^0.18751 ~0 ~90
execute if entity @s[tag=aj.nep_fume_ugs_skills.locator_origin.wave_of_destruction13] at @s on origin run tp @s ^-0.37501 ^2.56251 ^0.18752 ~0 ~90
execute if entity @s[tag=aj.nep_fume_ugs_skills.locator_origin.wave_of_destruction14] at @s on origin run tp @s ^-0.375 ^2.56251 ^0.18753 ~0 ~90
execute if entity @s[tag=aj.nep_fume_ugs_skills.locator_origin.wave_of_destruction15] at @s on origin run tp @s ^-0.37499 ^2.56251 ^0.18752 ~0 ~90
execute if entity @s[tag=aj.nep_fume_ugs_skills.locator_origin.wave_of_destruction16] at @s on origin run tp @s ^-0.375 ^2.56251 ^0.18751 ~0 ~90
execute if entity @s[tag=aj.nep_fume_ugs_skills.locator_origin.wave_of_destruction17] at @s on origin run tp @s ^-0.37501 ^2.5625 ^0.18752 ~0 ~90
execute if entity @s[tag=aj.nep_fume_ugs_skills.locator_origin.wave_of_destruction18] at @s on origin run tp @s ^-0.375 ^2.5625 ^0.18753 ~0 ~90
execute if entity @s[tag=aj.nep_fume_ugs_skills.locator_origin.wave_of_destruction19] at @s on origin run tp @s ^-0.37499 ^2.5625 ^0.18752 ~0 ~90
execute if entity @s[tag=aj.nep_fume_ugs_skills.locator_origin.wave_of_destruction20] at @s on origin run tp @s ^-0.375 ^2.5625 ^0.18751 ~0 ~90
execute if entity @s[tag=aj.nep_fume_ugs_skills.locator_origin.wave_of_destruction24] at @s on origin run tp @s ^-0.37499 ^2.56249 ^0.18752 ~0 ~90
execute if entity @s[tag=aj.nep_fume_ugs_skills.locator_origin.wave_of_destruction23] at @s on origin run tp @s ^-0.375 ^2.56249 ^0.18753 ~0 ~90
execute if entity @s[tag=aj.nep_fume_ugs_skills.locator_origin.wave_of_destruction22] at @s on origin run tp @s ^-0.37501 ^2.56249 ^0.18752 ~0 ~90
execute if entity @s[tag=aj.nep_fume_ugs_skills.locator_origin.wave_of_destruction21] at @s on origin run tp @s ^-0.375 ^2.56249 ^0.18751 ~0 ~90
execute if entity @s[tag=aj.nep_fume_ugs_skills.locator_origin.wave_of_destruction25] at @s on origin run tp @s ^0.00002 ^0.37402 ^-3.96638 ~0 ~90
execute if entity @s[tag=aj.nep_fume_ugs_skills.locator_origin.wave_of_destruction26] at @s on origin run tp @s ^0 ^0.37402 ^-3.96636 ~0 ~90
execute if entity @s[tag=aj.nep_fume_ugs_skills.locator_origin.wave_of_destruction27] at @s on origin run tp @s ^-0.00002 ^0.37402 ^-3.96638 ~0 ~90
execute if entity @s[tag=aj.nep_fume_ugs_skills.locator_origin.wave_of_destruction28] at @s on origin run tp @s ^0 ^0.37402 ^-3.9664 ~0 ~90
execute if entity @s[tag=aj.nep_fume_ugs_skills.locator_origin.wave_of_destruction29] at @s on origin run tp @s ^0.00002 ^0.37403 ^-3.9664 ~0 ~90
execute if entity @s[tag=aj.nep_fume_ugs_skills.locator_origin.wave_of_destruction30] at @s on origin run tp @s ^0.00001 ^0.37402 ^-3.96637 ~0 ~90
execute if entity @s[tag=aj.nep_fume_ugs_skills.locator_origin.wave_of_destruction31] at @s on origin run tp @s ^-0.00002 ^0.37403 ^-3.96637 ~0 ~90
execute if entity @s[tag=aj.nep_fume_ugs_skills.locator_origin.wave_of_destruction32] at @s on origin run tp @s ^-0.00001 ^0.37403 ^-3.9664 ~0 ~90