execute if entity @s[tag=aj.carian_grandeur.bone.right_arm2] run data modify entity @s {} merge value {transformation:[0.6962528190455799f,0.6931245672173257f,0.1865753099712765f,0.18100048598663354f,0.4742719025562201f,-0.6393321018177274f,0.6052442697217629f,1.5649854742113323f,0.5387932575828935f,-0.3329156017748669f,-0.7738662853995462f,0.11251485846855984f,0f,0f,0f,1f],start_interpolation:0}
execute if entity @s[tag=aj.carian_grandeur.bone.right_arm] run data modify entity @s {} merge value {transformation:[0.8297684609197298f,0.5259980560534658f,0.1865753099712765f,0.3125f,0.32465297145914707f,-0.7268286057191997f,0.6052442697217629f,1.3832783227815324f,0.4539655817191973f,-0.44164037738442663f,-0.7738662853995462f,0.0021047641224531816f,0f,0f,0f,1f],start_interpolation:0}
execute if entity @s[tag=aj.carian_grandeur.bone.slash] run data modify entity @s {} merge value {transformation:[1.832535691144542e-7f,-0.00003655730511576357f,0.0000028238812380866524f,-0.061091499510745675f,-0.00003540814602875393f,-9.098174441501617e-7f,-0.000009480499536902073f,2.9286012655512677f,0.000009522292653572835f,-0.000002679574469151978f,-0.00003530708523410599f,-0.04651020360612501f,0f,0f,0f,1f],start_interpolation:0}
execute if entity @s[tag=aj.carian_grandeur.locator_origin.carian_grandeur0] at @s on origin run tp @s ^0.00743 ^1.65774 ^0.33987 ~4.57282 ~-14.98458
execute if entity @s[tag=aj.carian_grandeur.locator_origin.carian_grandeur1] at @s on origin run tp @s ^0.00368 ^2.38199 ^0.1451 ~4.57282 ~-14.98458
execute if entity @s[tag=aj.carian_grandeur.locator_origin.carian_grandeur2] at @s on origin run tp @s ^-0.00007 ^3.10625 ^-0.04967 ~4.57282 ~-14.98458
execute if entity @s[tag=aj.carian_grandeur.locator_origin.carian_grandeur3] at @s on origin run tp @s ^-0.00381 ^3.83051 ^-0.24445 ~4.57282 ~-14.98458
execute if entity @s[tag=aj.carian_grandeur.locator_origin.carian_grandeur4] at @s on origin run tp @s ^-0.00881 ^4.79619 ^-0.50415 ~4.57282 ~-14.98458
execute if entity @s[tag=aj.carian_grandeur.bone.carian_grandeur] run data modify entity @s {} merge value {transformation:[0.011981035051626144f,-2.390099991511751f,0.18462407176372436f,-0.061091499510745675f,-2.3149684927481005f,-0.059483450945153865f,-0.6198307504046862f,2.9286012655512677f,0.6225631653757493f,-0.17518936080476122f,-2.308361183930743f,-0.04651020360612501f,0f,0f,0f,1f],start_interpolation:0}
execute if entity @s[tag=aj.carian_grandeur.bone.carian_knights_sword] run data modify entity @s {} merge value {transformation:[-0.08489151777936116f,-0.00550896879471874f,-1.0989857063900843f,-0.05796785912811292f,0.2850027770783498f,1.0644396859164005f,-0.02735093200604222f,2.3250533218793255f,1.0614015963076942f,-0.28625916175170624f,-0.08055336769164696f,0.11580160298886633f,0f,0f,0f,1f],start_interpolation:0}
execute if entity @s[tag=aj.carian_grandeur.bone.left_arm2] run data modify entity @s {} merge value {transformation:[0.7634056918283513f,-0.64398255559467f,-0.04998217456087871f,-0.2932621455620534f,-0.5453742399628948f,-0.6841015757332367f,0.4843263078382148f,1.6237198251409044f,-0.3460905778390553f,-0.3424784696430715f,-0.8734585335103024f,0.13790340441216958f,0f,0f,0f,1f],start_interpolation:0}
execute if entity @s[tag=aj.carian_grandeur.bone.left_arm] run data modify entity @s {} merge value {transformation:[0.9517363484410432f,-0.30281959197230807f,-0.04998217456087871f,-0.25f,-0.24206575877265615f,-0.84073313005116f,0.4843263078382148f,1.3832783227815324f,-0.18868516498635368f,-0.4488519786656887f,-0.8734585335103024f,0.0021047641224531816f,0f,0f,0f,1f],start_interpolation:0}
execute if entity @s[tag=aj.carian_grandeur.bone.head] run data modify entity @s {} merge value {transformation:[1f,0f,0f,0f,0f,0.737277336810124f,0.6755902076156602f,1.5155868427887635f,0f,-0.6755902076156602f,0.737277336810124f,-0.13494821115899086f,0f,0f,0f,1f],start_interpolation:0}
execute if entity @s[tag=aj.carian_grandeur.bone.body_top] run data modify entity @s {} merge value {transformation:[1f,0f,0f,0f,0f,0.9961946980917455f,0.08715574274765818f,1.1233351804151388f,0f,-0.08715574274765818f,0.9961946980917455f,-0.10063063745210046f,0f,0f,0f,1f],start_interpolation:0}
execute if entity @s[tag=aj.carian_grandeur.locator_origin.player_camera] at @s on origin run tp @s ^0 ^0.13259 ^0.04879 ~-180 ~5
execute if entity @s[tag=aj.carian_grandeur.bone.body] run data modify entity @s {} merge value {transformation:[1f,0f,0f,0f,0f,0.9961946980917455f,0.08715574274765818f,0.6875f,0f,-0.08715574274765818f,0.9961946980917455f,-0.06250000000000001f,0f,0f,0f,1f],start_interpolation:0}
execute if entity @s[tag=aj.carian_grandeur.bone.right_leg2] run data modify entity @s {} merge value {transformation:[0.9832091926508402f,-0.18225318780265437f,0.0091355909854511f,0.19053414387802003f,0.18168857958899606f,0.9823700961029704f,0.04402560992847075f,0.415308119983223f,-0.016998339148755013f,-0.04162655184387992f,0.9989886318911606f,-0.01630746611749888f,0f,0f,0f,1f],start_interpolation:0}
execute if entity @s[tag=aj.carian_grandeur.bone.right_leg] run data modify entity @s {} merge value {transformation:[0.9832091926508402f,-0.18235587861709926f,-0.006783584647427646f,0.125f,0.18168857958899606f,0.974794796568423f,0.1294772745699406f,0.765625f,-0.016998339148755013f,-0.12853574645565533f,0.9915591854999234f,-0.06250000000000001f,0f,0f,0f,1f],start_interpolation:0}