execute if entity @s[tag=aj.carian_grandeur.bone.right_arm2] run data modify entity @s {} merge value {transformation:[0.984807753012208f,-0.17364817766693033f,0f,0.3559120444167326f,0.17364817766693033f,0.984807753012208f,0f,1.128798061746948f,0f,0f,1f,-0.06250000000000001f,0f,0f,0f,1f],start_interpolation:0}
execute if entity @s[tag=aj.carian_grandeur.bone.right_arm] run data modify entity @s {} merge value {transformation:[0.984807753012208f,-0.17364817766693033f,0f,0.3125f,0.17364817766693033f,0.984807753012208f,0f,1.375f,0f,0f,1f,-0.06250000000000001f,0f,0f,0f,1f],start_interpolation:0}
execute if entity @s[tag=aj.carian_grandeur.bone.slash] run data modify entity @s {} merge value {transformation:[-4.7158629732629933e-26f,-1.8054808805223818e-10f,3.183549923893715e-11f,-0.4990287022588775f,-3.302082803042804e-26f,3.183549923893715e-11f,1.8054808805223818e-10f,0.9014568091145121f,-1.8333333333333337e-10f,4.070817756958908e-26f,-4.0708177569589076e-26f,0.40971875f,0f,0f,0f,1f],start_interpolation:0}
execute if entity @s[tag=aj.carian_grandeur.locator_origin.carian_grandeur0] at @s on origin run tp @s ^-0.49903 ^0.90146 ^0.40971 ~90 ~80
execute if entity @s[tag=aj.carian_grandeur.locator_origin.carian_grandeur1] at @s on origin run tp @s ^-0.49903 ^0.90146 ^0.40972 ~90 ~80
execute if entity @s[tag=aj.carian_grandeur.locator_origin.carian_grandeur2] at @s on origin run tp @s ^-0.49903 ^0.90146 ^0.40972 ~90 ~80
execute if entity @s[tag=aj.carian_grandeur.locator_origin.carian_grandeur3] at @s on origin run tp @s ^-0.49903 ^0.90146 ^0.40972 ~90 ~80
execute if entity @s[tag=aj.carian_grandeur.locator_origin.carian_grandeur4] at @s on origin run tp @s ^-0.49903 ^0.90146 ^0.40973 ~90 ~80
execute if entity @s[tag=aj.carian_grandeur.bone.carian_grandeur] run data modify entity @s {} merge value {transformation:[-3.083209776178557e-21f,-0.00001180415192954258f,0.0000020813904695602387f,-0.4990287022588775f,-2.1588867271620984e-21f,0.0000020813904695602387f,0.00001180415192954258f,0.9014568091145121f,-0.000011986250000000002f,2.661482145782657e-21f,-2.6614821457826563e-21f,0.40971875f,0f,0f,0f,1f],start_interpolation:0}
execute if entity @s[tag=aj.carian_grandeur.bone.carian_knights_sword] run data modify entity @s {} merge value {transformation:[-0.1914077556241859f,2.4103548592730485e-16f,-1.0855273246052766f,-0.4990287022588775f,-1.0855273246052766f,-4.2501059477159355e-17f,0.1914077556241859f,0.9014568091145121f,0f,1.1022733333333332f,2.447538468193973e-16f,0.40971875f,0f,0f,0f,1f],start_interpolation:0}
execute if entity @s[tag=aj.carian_grandeur.bone.left_arm2] run data modify entity @s {} merge value {transformation:[0.984807753012208f,0.17364817766693033f,0f,-0.4790130135432586f,-0.17364817766693033f,0.984807753012208f,0f,1.1505040839553142f,0f,0f,1f,-0.06250000000000001f,0f,0f,0f,1f],start_interpolation:0}
execute if entity @s[tag=aj.carian_grandeur.bone.left_arm] run data modify entity @s {} merge value {transformation:[0.984807753012208f,0.17364817766693033f,0f,-0.3125f,-0.17364817766693033f,0.984807753012208f,0f,1.375f,0f,0f,1f,-0.06250000000000001f,0f,0f,0f,1f],start_interpolation:0}
execute if entity @s[tag=aj.carian_grandeur.bone.head] run data modify entity @s {} merge value {transformation:[1f,0f,0f,0f,0f,1f,0f,1.51875f,0f,0f,1f,-0.06250000000000001f,0f,0f,0f,1f],start_interpolation:0}
execute if entity @s[tag=aj.carian_grandeur.bone.body_top] run data modify entity @s {} merge value {transformation:[1f,0f,0f,0f,0f,1f,0f,1.125f,0f,0f,1f,-0.06250000000000001f,0f,0f,0f,1f],start_interpolation:0}
execute if entity @s[tag=aj.carian_grandeur.locator_origin.player_camera] at @s on origin run tp @s ^0 ^0.125 ^0 ~-180 ~0
execute if entity @s[tag=aj.carian_grandeur.bone.body] run data modify entity @s {} merge value {transformation:[1f,0f,0f,0f,0f,1f,0f,0.6875f,0f,0f,1f,-0.06250000000000001f,0f,0f,0f,1f],start_interpolation:0}
execute if entity @s[tag=aj.carian_grandeur.bone.right_leg2] run data modify entity @s {} merge value {transformation:[0.9953266135290051f,-0.09648359697520743f,0.0039809440599395205f,0.15966653793134025f,0.09648763056927352f,0.995333834683216f,-0.0008334758136753218f,0.40926194661928095f,-0.0038819515723437395f,0.0012136925188561964f,0.9999917286670225f,-0.03161317500898299f,0f,0f,0f,1f],start_interpolation:0}
execute if entity @s[tag=aj.carian_grandeur.bone.right_leg] run data modify entity @s {} merge value {transformation:[0.9953266135290051f,-0.09646340989590334f,-0.004443304191428333f,0.125f,0.09648763056927352f,0.9916189311463487f,0.08591875545711944f,0.765625f,-0.0038819515723437395f,-0.08594594780109086f,0.9962922385066353f,-0.06250000000000001f,0f,0f,0f,1f],start_interpolation:0}
execute if entity @s[tag=aj.carian_grandeur.bone.left_leg2] run data modify entity @s {} merge value {transformation:[0.9961946980917455f,0.08682408883346518f,-0.007596123493895972f,-0.15632159504993964f,-0.08715574274765818f,0.9924038765061041f,-0.08682408883346518f,0.40761753037327897f,0f,0.08715574274765818f,0.9961946980917455f,-0.06250000000000001f,0f,0f,0f,1f],start_interpolation:0}
execute if entity @s[tag=aj.carian_grandeur.bone.left_leg] run data modify entity @s {} merge value {transformation:[0.9961946980917455f,0.08715574274765818f,0f,-0.125f,-0.08715574274765818f,0.9961946980917455f,0f,0.765625f,0f,0f,1f,-0.06250000000000001f,0f,0f,0f,1f],start_interpolation:0}