execute if entity @s[tag=aj.carian_grandeur.bone.right_arm2] run data modify entity @s {} merge value {transformation:[0.6925108097814391f,0.7100036802258679f,0.12776365837584316f,0.17667825356802122f,0.4351719751567755f,-0.5523895023503249f,0.7109790360702006f,1.5383215525712959f,0.5753730358419714f,-0.4367615044379306f,-0.6915094054798602f,0.16900929784685534f,0f,0f,0f,1f],start_interpolation:0}
execute if entity @s[tag=aj.carian_grandeur.bone.right_arm] run data modify entity @s {} merge value {transformation:[0.8297684609197298f,0.5432869857279151f,0.12776365837584316f,0.3125f,0.30529769112388966f,-0.6334841198192034f,0.7109790360702006f,1.379950522616495f,0.4672019060934203f,-0.5509420305944772f,-0.6915094054798602f,0.031273790198236034f,0f,0f,0f,1f],start_interpolation:0}
execute if entity @s[tag=aj.carian_grandeur.bone.slash] run data modify entity @s {} merge value {transformation:[-2.6706374442614777e-7f,-0.000018331150141834696f,-9.339456642741049e-8f,-0.04237860090735712f,-0.000017643810227519998f,2.823849704182114e-7f,-0.000004972658292589011f,2.1887004745846808f,0.000004973504672038161f,1.744468707034509e-8f,-0.000017645822680487838f,0.2139483836590707f,0f,0f,0f,1f],start_interpolation:0}
execute if entity @s[tag=aj.carian_grandeur.locator_origin.carian_grandeur0] at @s on origin run tp @s ^-0.01945 ^1.55439 ^0.41242 ~-0.30325 ~-15.73782
execute if entity @s[tag=aj.carian_grandeur.locator_origin.carian_grandeur1] at @s on origin run tp @s ^-0.01398 ^1.91528 ^0.31069 ~-0.30325 ~-15.73782
execute if entity @s[tag=aj.carian_grandeur.locator_origin.carian_grandeur2] at @s on origin run tp @s ^-0.00852 ^2.27618 ^0.20896 ~-0.30325 ~-15.73782
execute if entity @s[tag=aj.carian_grandeur.locator_origin.carian_grandeur3] at @s on origin run tp @s ^-0.00306 ^2.63707 ^0.10722 ~-0.30325 ~-15.73782
execute if entity @s[tag=aj.carian_grandeur.locator_origin.carian_grandeur4] at @s on origin run tp @s ^0.00422 ^3.11827 ^-0.02842 ~-0.30325 ~-15.73782
execute if entity @s[tag=aj.carian_grandeur.bone.carian_grandeur] run data modify entity @s {} merge value {transformation:[-0.017460506217970437f,-1.1984822639321788f,-0.006106094300948448f,-0.04237860090735712f,-1.1535442927615174f,0.018462201009137924f,-0.3251101388702456f,2.1887004745846808f,0.3251654747739131f,0.001140525711255948f,-1.1536758660218038f,0.2139483836590707f,0f,0f,0f,1f],start_interpolation:0}
execute if entity @s[tag=aj.carian_grandeur.bone.carian_knights_sword] run data modify entity @s {} merge value {transformation:[0.005615254911881378f,0.016056940569877706f,-1.102142071127669f,-0.04237860090735712f,0.2989761071836214f,1.060816446119412f,0.01697811396142447f,2.1887004745846808f,1.0609374428416507f,-0.2990269949016221f,0.0010488443654171923f,0.2139483836590707f,0f,0f,0f,1f],start_interpolation:0}
execute if entity @s[tag=aj.carian_grandeur.bone.left_arm2] run data modify entity @s {} merge value {transformation:[0.7619039579034887f,-0.6476080620031488f,0.010303249949630472f,-0.2922810905973915f,-0.4852439736192296f,-0.5602033717603077f,0.6713497362288922f,1.5850051405562455f,-0.42899958624364587f,-0.5165036111170069f,-0.7410690755293143f,0.21644914773664636f,0f,0f,0f,1f],start_interpolation:0}
execute if entity @s[tag=aj.carian_grandeur.bone.left_arm] run data modify entity @s {} merge value {transformation:[0.9517363484410432f,-0.30674381183095567f,0.010303249949630472f,-0.25f,-0.23392642637352212f,-0.7032552585722415f,0.6713497362288922f,1.379950522616495f,-0.19868656245509522f,-0.6413581489260937f,-0.7410690755293143f,0.031273790198236034f,0f,0f,0f,1f],start_interpolation:0}
execute if entity @s[tag=aj.carian_grandeur.bone.head] run data modify entity @s {} merge value {transformation:[1f,0f,0f,0f,0f,0.8747763563445582f,0.4845269098621238f,1.5178991542245304f,0f,-0.4845269098621238f,0.8747763563445582f,-0.1001006271647747f,0f,0f,0f,1f],start_interpolation:0}
execute if entity @s[tag=aj.carian_grandeur.bone.body_top] run data modify entity @s {} merge value {transformation:[1f,0f,0f,0f,0f,0.9989764261347736f,0.04523383719070638f,1.1245521864339634f,0f,-0.04523383719070638f,0.9989764261347736f,-0.08228980377093406f,0f,0f,0f,1f],start_interpolation:0}
execute if entity @s[tag=aj.carian_grandeur.locator_origin.player_camera] at @s on origin run tp @s ^0 ^0.1284 ^0.02538 ~-180 ~2.59259
execute if entity @s[tag=aj.carian_grandeur.bone.body] run data modify entity @s {} merge value {transformation:[1f,0f,0f,0f,0f,0.9989764261347736f,0.04523383719070638f,0.6875f,0f,-0.04523383719070638f,0.9989764261347736f,-0.06250000000000001f,0f,0f,0f,1f],start_interpolation:0}
execute if entity @s[tag=aj.carian_grandeur.bone.right_leg2] run data modify entity @s {} merge value {transformation:[0.982618885249702f,-0.18538155454224317f,0.009685328395796267f,0.1916850680290067f,0.18478934924778706f,0.9817862205235355f,0.0441442362567432f,0.41522724359487434f,-0.017692449101593198f,-0.04158721468929018f,0.9989782183907587f,-0.018626264881811287f,0f,0f,0f,1f],start_interpolation:0}
execute if entity @s[tag=aj.carian_grandeur.bone.right_leg] run data modify entity @s {} merge value {transformation:[0.982618885249702f,-0.18555845016767086f,-0.005309229888138404f,0.125f,0.18478934924778706f,0.9750198439099148f,0.1232444740605629f,0.765625f,-0.017692449101593198f,-0.12208343685061211f,0.9923621373730107f,-0.06250000000000001f,0f,0f,0f,1f],start_interpolation:0}
execute if entity @s[tag=aj.carian_grandeur.bone.left_leg2] run data modify entity @s {} merge value {transformation:[0.9749811285114184f,0.22218840929505765f,-0.006641522531249829f,-0.20478108297589254f,-0.22195157135802546f,0.9714300789080287f,-0.08403036215823716f,0.4152189128454602f,-0.012218797743824847f,0.08340211368828188f,0.9964410611842641f,-0.06347134403730394f,0f,0f,0f,1f],start_interpolation:0}
execute if entity @s[tag=aj.carian_grandeur.bone.left_leg] run data modify entity @s {} merge value {transformation:[0.9749811285114184f,0.22199953523726618f,0.011313947190921823f,-0.125f,-0.22195157135802546f,0.975043025125676f,-0.0053478150186550355f,0.765625f,-0.012218797743824847f,0.002702870364671783f,0.9999216946708813f,-0.06250000000000001f,0f,0f,0f,1f],start_interpolation:0}