execute if entity @s[tag=aj.carian_grandeur.bone.right_arm2] run data modify entity @s {} merge value {transformation:[0.6893788086291361f,0.7241312244570399f,0.0197693697274601f,0.17306061503213083f,0.39929019622844913f,-0.4026149705766609f,0.823692008376554f,1.4992893950040593f,0.6044205468123329f,-0.559942099894179f,-0.5666927274609919f,0.20451212738861613f,0f,0f,0f,1f],start_interpolation:0}
execute if entity @s[tag=aj.carian_grandeur.bone.right_arm] run data modify entity @s {} merge value {transformation:[0.8297684609197298f,0.5577575398714767f,0.0197693697274601f,0.3125f,0.30268359546265644f,-0.47949360410165837f,0.823692008376554f,1.3794159939786448f,0.46889971454534063f,-0.6774897861533562f,-0.5666927274609919f,0.03513968085027708f,0f,0f,0f,1f],start_interpolation:0}
execute if entity @s[tag=aj.carian_grandeur.bone.slash] run data modify entity @s {} merge value {transformation:[-1.138212298778139e-7f,-0.000009159201940504608f,3.5191237327427034e-7f,-0.05006217484768849f,-0.000008815179515756794f,1.2953659356267244e-8f,-0.0000025140047902637167f,2.091591968617365f,0.0000025114602545906903f,-3.696346757863891e-7f,-0.000008808161861242408f,0.2959220946397074f,0f,0f,0f,1f],start_interpolation:0}
execute if entity @s[tag=aj.carian_grandeur.locator_origin.carian_grandeur0] at @s on origin run tp @s ^-0.03831 ^1.77493 ^0.39671 ~2.28792 ~-15.91763
execute if entity @s[tag=aj.carian_grandeur.locator_origin.carian_grandeur1] at @s on origin run tp @s ^-0.03598 ^1.95524 ^0.34534 ~2.28792 ~-15.91763
execute if entity @s[tag=aj.carian_grandeur.locator_origin.carian_grandeur2] at @s on origin run tp @s ^-0.03365 ^2.13556 ^0.29397 ~2.28792 ~-15.91763
execute if entity @s[tag=aj.carian_grandeur.locator_origin.carian_grandeur3] at @s on origin run tp @s ^-0.03132 ^2.31587 ^0.24259 ~2.28792 ~-15.91763
execute if entity @s[tag=aj.carian_grandeur.locator_origin.carian_grandeur4] at @s on origin run tp @s ^-0.02822 ^2.55628 ^0.1741 ~2.28792 ~-15.91763
execute if entity @s[tag=aj.carian_grandeur.bone.carian_grandeur] run data modify entity @s {} merge value {transformation:[-0.0074415802724888f,-0.5988244595965819f,0.02300787100450212f,-0.05006217484768849f,-0.5763324298403991f,0.0008469043606857723f,-0.16436449045799165f,2.091591968617365f,0.16419812987229632f,-0.0241665470871524f,-0.5758736187780916f,0.2959220946397074f,0f,0f,0f,1f],start_interpolation:0}
execute if entity @s[tag=aj.carian_grandeur.bone.carian_knights_sword] run data modify entity @s {} merge value {transformation:[-0.042316759061484695f,0.013686775250347352f,-1.101375714941798f,-0.05006217484768849f,0.30230404801963107f,1.0600077064107227f,0.0015576516302723562f,2.091591968617365f,1.0591638474906768f,-0.30199807269402096f,-0.04444783049396195f,0.2959220946397074f,0f,0f,0f,1f],start_interpolation:0}
execute if entity @s[tag=aj.carian_grandeur.bone.left_arm2] run data modify entity @s {} merge value {transformation:[0.7655162628952319f,-0.6388871863006544f,0.07621033016429621f,-0.29464094255741635f,-0.4207959791046849f,-0.4075213887811621f,0.8104671872785486f,1.5429007124994325f,-0.48673976128137253f,-0.6524948129040609f,-0.5808054096864512f,0.2574118857202613f,0f,0f,0f,1f],start_interpolation:0}
execute if entity @s[tag=aj.carian_grandeur.bone.left_arm] run data modify entity @s {} merge value {transformation:[0.9517363484410432f,-0.2973044039908562f,0.07621033016429621f,-0.25f,-0.2328131086369022f,-0.5375323197646998f,0.8104671872785486f,1.3794159939786448f,-0.19998994850474672f,-0.7890938452275634f,-0.5808054096864512f,0.03513968085027708f,0f,0f,0f,1f],start_interpolation:0}
execute if entity @s[tag=aj.carian_grandeur.bone.head] run data modify entity @s {} merge value {transformation:[1f,0f,0f,0f,0f,0.9063187142598262f,0.42259482744398963f,1.518096203437545f,0f,-0.42259482744398963f,0.9063187142598262f,-0.09546224105149131f,0f,0f,0f,1f],start_interpolation:0}
execute if entity @s[tag=aj.carian_grandeur.bone.body_top] run data modify entity @s {} merge value {transformation:[1f,0f,0f,0f,0f,0.9992134778196028f,0.03965382382134292f,1.1246558965460762f,0f,-0.03965382382134292f,0.9992134778196028f,-0.07984854792183754f,0f,0f,0f,1f],start_interpolation:0}
execute if entity @s[tag=aj.carian_grandeur.locator_origin.player_camera] at @s on origin run tp @s ^0 ^0.12792 ^0.02226 ~-180 ~2.27259
execute if entity @s[tag=aj.carian_grandeur.bone.body] run data modify entity @s {} merge value {transformation:[1f,0f,0f,0f,0f,0.9992134778196028f,0.03965382382134292f,0.6875f,0f,-0.03965382382134292f,0.9992134778196028f,-0.06250000000000001f,0f,0f,0f,1f],start_interpolation:0}
execute if entity @s[tag=aj.carian_grandeur.bone.right_leg2] run data modify entity @s {} merge value {transformation:[0.9869250941333083f,-0.16108880595394295f,0.005408804516114186f,0.1826497370242829f,0.16070859055058115f,0.9860504514258087f,0.04332731432023451f,0.4163271252097756f,-0.012312899463826094f,-0.04189157241369254f,0.9990462895519416f,-0.0007108981044087817f,0f,0f,0f,1f],start_interpolation:0}
execute if entity @s[tag=aj.carian_grandeur.bone.right_leg] run data modify entity @s {} merge value {transformation:[0.9869250941333083f,-0.16041665954583065f,-0.01566377700676608f,0.125f,0.16070859055058115f,0.9719593037641027f,0.17166205390139816f,0.765625f,-0.012312899463826094f,-0.1719348922312104f,0.9850313626175746f,-0.06250000000000001f,0f,0f,0f,1f],start_interpolation:0}
execute if entity @s[tag=aj.carian_grandeur.bone.left_leg2] run data modify entity @s {} merge value {transformation:[0.9848562460276297f,0.1728656247604513f,-0.013253317944722967f,-0.1872137926805964f,-0.17327959880177404f,0.9789377424461777f,-0.10795868215885701f,0.4117648860749072f,-0.0056881718909772856f,0.10862031205331589f,0.9940670362254141f,-0.05457192342266254f,0f,0f,0f,1f],start_interpolation:0}
execute if entity @s[tag=aj.carian_grandeur.bone.left_leg] run data modify entity @s {} merge value {transformation:[0.9848562460276297f,0.17311664050252915f,0.009423557793273078f,-0.125f,-0.17327959880177404f,0.9846542300524321f,0.0207419352749059f,0.765625f,-0.0056881718909772856f,-0.022060734823895582f,0.9997404506568535f,-0.06250000000000001f,0f,0f,0f,1f],start_interpolation:0}