execute if entity @s[tag=aj.carian_grandeur.bone.right_arm2] run data modify entity @s {} merge value {transformation:[0.7024977406338666f,0.6649555463043382f,0.25363565570205626f,0.18821372375150108f,0.5011671666511166f,-0.7152506930963323f,0.4870810169736739f,1.586214297841374f,0.5053003022710403f,-0.21505945099975432f,-0.8357158829772708f,0.06674323722976826f,0f,0f,0f,1f],start_interpolation:0}
execute if entity @s[tag=aj.carian_grandeur.bone.right_arm] run data modify entity @s {} merge value {transformation:[0.8297684609197298f,0.49714510499399567f,0.25363565570205626f,0.3125f,0.33447891981836464f,-0.8067688238281346f,0.4870810169736739f,1.3845220918843404f,0.4467752829555849f,-0.31932868565081574f,-0.8357158829772708f,-0.013088934182935677f,0f,0f,0f,1f],start_interpolation:0}
execute if entity @s[tag=aj.carian_grandeur.bone.slash] run data modify entity @s {} merge value {transformation:[-2.515281366662745e-7f,-0.000045807715754269503f,0.000001666540128308822f,-0.04770550670211611f,-0.00004632659496945904f,-3.877248021605347e-7f,-0.00001988730691626188f,3.284228857923626f,0.000019890289337009085f,-0.0000014823263130242493f,-0.00004629857390240998f,-0.44315316180686903f,0f,0f,0f,1f],start_interpolation:0}
execute if entity @s[tag=aj.carian_grandeur.locator_origin.carian_grandeur0] at @s on origin run tp @s ^0.02268 ^1.62785 ^0.32805 ~2.0615 ~-23.23224
execute if entity @s[tag=aj.carian_grandeur.locator_origin.carian_grandeur1] at @s on origin run tp @s ^0.02783 ^2.57544 ^-0.0788 ~2.0615 ~-23.23224
execute if entity @s[tag=aj.carian_grandeur.locator_origin.carian_grandeur2] at @s on origin run tp @s ^0.03297 ^3.52303 ^-0.48565 ~2.0615 ~-23.23224
execute if entity @s[tag=aj.carian_grandeur.locator_origin.carian_grandeur3] at @s on origin run tp @s ^0.03812 ^4.47062 ^-0.89249 ~2.0615 ~-23.23224
execute if entity @s[tag=aj.carian_grandeur.locator_origin.carian_grandeur4] at @s on origin run tp @s ^0.04498 ^5.73407 ^-1.43496 ~2.0615 ~-23.23224
execute if entity @s[tag=aj.carian_grandeur.bone.carian_grandeur] run data modify entity @s {} merge value {transformation:[-0.016444795244269818f,-2.9948876343251607f,0.10895763607059063f,-0.04770550670211611f,-3.028811721560064f,-0.02534927132670932f,-1.3002230865002395f,3.284228857923626f,1.3004180758130461f,-0.09691382056083767f,-3.026979716933245f,-0.44315316180686903f,0f,0f,0f,1f],start_interpolation:0}
execute if entity @s[tag=aj.carian_grandeur.bone.carian_knights_sword] run data modify entity @s {} merge value {transformation:[-0.036436021336160106f,0.00549922825051748f,-1.1016572408038796f,-0.053006306276488f,0.43480161492121044f,1.012850980343184f,-0.00932462640204009f,2.3079245837738696f,1.012238348112181f,-0.434866820399394f,-0.03564935489770821f,-0.023977642721140793f,0f,0f,0f,1f],start_interpolation:0}
execute if entity @s[tag=aj.carian_grandeur.bone.left_arm2] run data modify entity @s {} merge value {transformation:[0.7668937160404952f,-0.6355617202358264f,-0.08908045839844703f,-0.29554080719014303f,-0.573245168530705f,-0.7407824731407704f,0.3501875272531101f,1.641228927656198f,-0.2885550295070321f,-0.21749167169875958f,-0.932434109032845f,0.08767135238112093f,0f,0f,0f,1f],start_interpolation:0}
execute if entity @s[tag=aj.carian_grandeur.bone.left_arm] run data modify entity @s {} merge value {transformation:[0.9517363484410432f,-0.2937049454599494f,-0.08908045839844703f,-0.25f,-0.24612429885909157f,-0.9037651936578843f,0.3501875272531101f,1.3845220918843404f,-0.1833596263282348f,-0.31136133309210906f,-0.932434109032845f,-0.013088934182935677f,0f,0f,0f,1f],start_interpolation:0}
execute if entity @s[tag=aj.carian_grandeur.bone.head] run data modify entity @s {} merge value {transformation:[1f,0f,0f,0f,0f,0.6427876096865396f,0.766044443118978f,1.5138093311473033f,0f,-0.766044443118978f,0.6427876096865396f,-0.15299558972069555f,0f,0f,0f,1f],start_interpolation:0}
execute if entity @s[tag=aj.carian_grandeur.bone.body_top] run data modify entity @s {} merge value {transformation:[1f,0f,0f,0f,0f,0.9940563382223196f,0.10886687485196454f,1.1223996479722649f,0f,-0.10886687485196454f,0.9940563382223196f,-0.1101292577477345f,0f,0f,0f,1f],start_interpolation:0}
execute if entity @s[tag=aj.carian_grandeur.locator_origin.player_camera] at @s on origin run tp @s ^0 ^0.13515 ^0.06087 ~-180 ~6.25
execute if entity @s[tag=aj.carian_grandeur.bone.body] run data modify entity @s {} merge value {transformation:[1f,0f,0f,0f,0f,0.9940563382223196f,0.10886687485196454f,0.6875f,0f,-0.10886687485196454f,0.9940563382223196f,-0.06250000000000001f,0f,0f,0f,1f],start_interpolation:0}
execute if entity @s[tag=aj.carian_grandeur.bone.right_leg2] run data modify entity @s {} merge value {transformation:[0.9737018150991827f,-0.22343898477346888f,0.044494891346743164f,0.2063864765232668f,0.22666851924931788f,0.9697624117164628f,-0.09045577484711047f,0.4156095936925929f,-0.022938126642743775f,0.09816254329056003f,0.994906004324454f,-0.06648088075537281f,0f,0f,0f,1f],start_interpolation:0}
execute if entity @s[tag=aj.carian_grandeur.bone.right_leg] run data modify entity @s {} merge value {transformation:[0.9737018150991827f,-0.22646671728213372f,0.024851584175079457f,0.125f,0.22666851924931788f,0.9739559132032196f,-0.0055912000325635145f,0.765625f,-0.022938126642743775f,0.011077233406254744f,0.9996755159781522f,-0.06250000000000001f,0f,0f,0f,1f],start_interpolation:0}
execute if entity @s[tag=aj.carian_grandeur.bone.left_leg2] run data modify entity @s {} merge value {transformation:[0.9714553377058338f,0.23722094788313805f,0.0008652908585077661f,-0.2098997690042239f,-0.2369503679429325f,0.9705090362842647f,-0.04434787054974512f,0.4167864696273166f,-0.011360016485605196f,0.04287694457413619f,0.9990157744747744f,-0.046559498895710955f,0f,0f,0f,1f],start_interpolation:0}
execute if entity @s[tag=aj.carian_grandeur.bone.left_leg] run data modify entity @s {} merge value {transformation:[0.9714553377058338f,0.2362428354900144f,0.0215371660736111f,-0.125f,-0.2369503679429325f,0.9706811279935539f,0.040406322387353866f,0.765625f,-0.011360016485605196f,-0.04435617698584783f,0.9989511897928982f,-0.06250000000000001f,0f,0f,0f,1f],start_interpolation:0}