execute if entity @s[tag=aj.carian_grandeur.bone.right_arm2] run data modify entity @s {} merge value {transformation:[0.6904690584247913f,0.7192134254326623f,0.07735973135552193f,0.1743199152311773f,0.41849598444848213f,-0.4844047480609574f,0.7682533117771094f,1.5205080274456475f,0.5900115171405367f,-0.49808040388416924f,-0.6354544207951544f,0.1870858373196537f,0f,0f,0f,1f],start_interpolation:0}
execute if entity @s[tag=aj.carian_grandeur.bone.right_arm] run data modify entity @s {} merge value {transformation:[0.8297684609197298f,0.5527203390752908f,0.07735973135552193f,0.3125f,0.30373158195268124f,-0.5635015306705258f,0.7682533117771094f,1.379632644778016f,0.4682215580122562f,-0.6139757745257303f,-0.6354544207951544f,0.03359189368822113f,0f,0f,0f,1f],start_interpolation:0}
execute if entity @s[tag=aj.carian_grandeur.bone.slash] run data modify entity @s {} merge value {transformation:[-3.2126774629011603e-7f,-0.000013730590862983472f,6.558670509702616e-7f,-0.04044124525805637f,-0.00001323792890224988f,1.3228009494300627e-7f,-0.0000037151366536722516f,2.1377889109384327f,0.0000037035827807908977f,-7.182454523605553e-7f,-0.000013222333306039159f,0.24994350115272912f,0f,0f,0f,1f],start_interpolation:0}
execute if entity @s[tag=aj.carian_grandeur.locator_origin.carian_grandeur0] at @s on origin run tp @s ^-0.02841 ^1.662 ^0.39912 ~2.83971 ~-15.67568
execute if entity @s[tag=aj.carian_grandeur.locator_origin.carian_grandeur1] at @s on origin run tp @s ^-0.02184 ^1.93277 ^0.32336 ~2.83971 ~-15.67568
execute if entity @s[tag=aj.carian_grandeur.locator_origin.carian_grandeur2] at @s on origin run tp @s ^-0.01527 ^2.20355 ^0.24761 ~2.83971 ~-15.67568
execute if entity @s[tag=aj.carian_grandeur.locator_origin.carian_grandeur3] at @s on origin run tp @s ^-0.0087 ^2.47432 ^0.17185 ~2.83971 ~-15.67568
execute if entity @s[tag=aj.carian_grandeur.locator_origin.carian_grandeur4] at @s on origin run tp @s ^0.00007 ^2.83536 ^0.07085 ~2.83971 ~-15.67568
execute if entity @s[tag=aj.carian_grandeur.bone.carian_grandeur] run data modify entity @s {} merge value {transformation:[-0.021004339221654015f,-0.8976997894441943f,0.04288028967104889f,-0.04044124525805637f,-0.865489774388687f,0.008648412480057866f,-0.24289394571861284f,2.1377889109384327f,0.24213855876139034f,-0.04695856120012748f,-0.8644701413973374f,0.24994350115272912f,0f,0f,0f,1f],start_interpolation:0}
execute if entity @s[tag=aj.carian_grandeur.bone.carian_knights_sword] run data modify entity @s {} merge value {transformation:[-0.05257780076338161f,0.02575453597059591f,-1.1007173933946912f,-0.04044124525805637f,0.2978251682205204f,1.0612229830918294f,0.010604277904471014f,2.1377889109384327f,1.0599727569230646f,-0.29689894814969575f,-0.05757838610363495f,0.24994350115272912f,0f,0f,0f,1f],start_interpolation:0}
execute if entity @s[tag=aj.carian_grandeur.bone.left_arm2] run data modify entity @s {} merge value {transformation:[0.7628961963300918f,-0.6452125865365361f,0.041110969338011935f,-0.29292930158765484f,-0.4565012402917338f,-0.4925541887560006f,0.7409433100791357f,1.5662291716791241f,-0.4578165694218445f,-0.5840300414479982f,-0.6703080630941733f,0.23721854030805878f,0f,0f,0f,1f],start_interpolation:0}
execute if entity @s[tag=aj.carian_grandeur.bone.left_arm] run data modify entity @s {} merge value {transformation:[0.9517363484410432f,-0.30415096786990226f,0.041110969338011935f,-0.25f,-0.23325982489260097f,-0.6297561951581313f,0.7409433100791357f,1.379632644778016f,-0.1994687372677292f,-0.714772217845486f,-0.6703080630941733f,0.03359189368822113f,0f,0f,0f,1f],start_interpolation:0}
execute if entity @s[tag=aj.carian_grandeur.bone.head] run data modify entity @s {} merge value {transformation:[1f,0f,0f,0f,0f,0.8956485187181356f,0.4447625556608938f,1.5180204024250434f,0f,-0.4447625556608938f,0.8956485187181356f,-0.09731987443606782f,0f,0f,0f,1f],start_interpolation:0}
execute if entity @s[tag=aj.carian_grandeur.bone.body_top] run data modify entity @s {} merge value {transformation:[1f,0f,0f,0f,0f,0.9991222886316314f,0.041888570750156756f,1.1246160012763387f,0f,-0.041888570750156756f,0.9991222886316314f,-0.0808262497031936f,0f,0f,0f,1f],start_interpolation:0}
execute if entity @s[tag=aj.carian_grandeur.locator_origin.player_camera] at @s on origin run tp @s ^0 ^0.12811 ^0.02351 ~-180 ~2.40074
execute if entity @s[tag=aj.carian_grandeur.bone.body] run data modify entity @s {} merge value {transformation:[1f,0f,0f,0f,0f,0.9991222886316314f,0.041888570750156756f,0.6875f,0f,-0.041888570750156756f,0.9991222886316314f,-0.06250000000000001f,0f,0f,0f,1f],start_interpolation:0}
execute if entity @s[tag=aj.carian_grandeur.bone.right_leg2] run data modify entity @s {} merge value {transformation:[0.9847752678666957f,-0.17366500471393548f,0.0076248236560997155f,0.18735435549300677f,0.17317567737492118f,0.9839200742048474f,0.043720388178340924f,0.41562246730932517f,-0.015094918476595177f,-0.0417343229780522f,0.9990147094621522f,-0.009959043726204903f,0f,0f,0f,1f],start_interpolation:0}
execute if entity @s[tag=aj.carian_grandeur.bone.right_leg] run data modify entity @s {} merge value {transformation:[0.9847752678666957f,-0.17350777180662752f,-0.010617199290637947f,0.125f,0.17317567737492118f,0.973920090965356f,0.14659413760369114f,0.765625f,-0.015094918476595177f,-0.14620092180534291f,0.989139744373591f,-0.06250000000000001f,0f,0f,0f,1f],start_interpolation:0}
execute if entity @s[tag=aj.carian_grandeur.bone.left_leg2] run data modify entity @s {} merge value {transformation:[0.9800564448633186f,0.1984608251767774f,-0.010132410968063594f,-0.19631072546121675f,-0.1985124241008599f,0.9754365440827215f,-0.09547966247090128f,0.4134118418963017f,-0.009065448663661442f,0.09558686802123757f,0.9953798110783727f,-0.05917399371404525f,0f,0f,0f,1f],start_interpolation:0}
execute if entity @s[tag=aj.carian_grandeur.bone.left_leg] run data modify entity @s {} merge value {transformation:[0.9800564448633186f,0.19842984476164666f,0.010722014257682714f,-0.125f,-0.1985124241008599f,0.9800713964624648f,0.007271541357547854f,0.765625f,-0.009065448663661442f,-0.009254974013091515f,0.9999160780268229f,-0.06250000000000001f,0f,0f,0f,1f],start_interpolation:0}