execute if entity @s[tag=aj.carian_grandeur.bone.right_arm2] run data modify entity @s {} merge value {transformation:[0.695926255916384f,0.6945975983011718f,0.18226580249856925f,0.18062328709585052f,0.4731949180901769f,-0.6344741388284343f,0.6111703008585635f,1.5637414962185245f,0.5401603612075161f,-0.33908220771983916f,-0.7702272655444009f,0.11409394050413113f,0f,0f,0f,1f],start_interpolation:0}
execute if entity @s[tag=aj.carian_grandeur.bone.right_arm] run data modify entity @s {} merge value {transformation:[0.8297684609197298f,0.5275068516165979f,0.18226580249856925f,0.3125f,0.32465297145914707f,-0.7218526937479688f,0.6111703008585635f,1.3832783227815324f,0.4539655817191973f,-0.4479567055267118f,-0.7702272655444009f,0.0021047641224531816f,0f,0f,0f,1f],start_interpolation:0}
execute if entity @s[tag=aj.carian_grandeur.bone.slash] run data modify entity @s {} merge value {transformation:[3.187854843190818e-7f,-0.00003651839662400411f,0.000003278647323418078f,-0.06299310924321165f,-0.00003558876996385413f,-0.000001096858185752007f,-0.000008756757335033706f,2.931282733893301f,0.000008819425872430995f,-0.0000031061317706623366f,-0.00003545439489186666f,-0.031958794775126836f,0f,0f,0f,1f],start_interpolation:0}
execute if entity @s[tag=aj.carian_grandeur.locator_origin.carian_grandeur0] at @s on origin run tp @s ^0.0099 ^1.65346 ^0.32988 ~5.2834 ~-13.81694
execute if entity @s[tag=aj.carian_grandeur.locator_origin.carian_grandeur1] at @s on origin run tp @s ^0.00338 ^2.38141 ^0.14948 ~5.2834 ~-13.81694
execute if entity @s[tag=aj.carian_grandeur.locator_origin.carian_grandeur2] at @s on origin run tp @s ^-0.00315 ^3.10936 ^-0.03091 ~5.2834 ~-13.81694
execute if entity @s[tag=aj.carian_grandeur.locator_origin.carian_grandeur3] at @s on origin run tp @s ^-0.00967 ^3.83731 ^-0.21131 ~5.2834 ~-13.81694
execute if entity @s[tag=aj.carian_grandeur.locator_origin.carian_grandeur4] at @s on origin run tp @s ^-0.01836 ^4.80791 ^-0.45184 ~5.2834 ~-13.81694
execute if entity @s[tag=aj.carian_grandeur.bone.carian_grandeur] run data modify entity @s {} merge value {transformation:[0.020842050062288692f,-2.387556172006196f,0.214356471710836f,-0.06299310924321165f,-2.3267776035231624f,-0.07171208961256359f,-0.5725128142202603f,2.931282733893301f,0.5766100547095964f,-0.203077483287826f,-2.3179922223962004f,-0.031958794775126836f,0f,0f,0f,1f],start_interpolation:0}
execute if entity @s[tag=aj.carian_grandeur.bone.carian_knights_sword] run data modify entity @s {} merge value {transformation:[-0.09856269583659448f,-0.009583329229600255f,-1.0978160393108114f,-0.05755926576050002f,0.2632456390057829f,1.0698696026533825f,-0.03297375078007688f,2.324655973145788f,1.0658300192392953f,-0.26512958057702024f,-0.09337653328965137f,0.11837232805040132f,0f,0f,0f,1f],start_interpolation:0}
execute if entity @s[tag=aj.carian_grandeur.bone.left_arm2] run data modify entity @s {} merge value {transformation:[0.7633539610488322f,-0.6441074447441768f,-0.049156177395980105f,-0.29322835080172155f,-0.5448675978206727f,-0.6828784334022147f,0.48661724798784767f,1.623388845211168f,-0.3470014855821043f,-0.344677595470411f,-0.872231233208573f,0.13849848357291306f,0f,0f,0f,1f],start_interpolation:0}
execute if entity @s[tag=aj.carian_grandeur.bone.left_arm] run data modify entity @s {} merge value {transformation:[0.9517363484410432f,-0.3029547710136354f,-0.049156177395980105f,-0.25f,-0.24206575877265618f,-0.8394092103322143f,0.48661724798784767f,1.3832783227815324f,-0.18868516498635374f,-0.4512322953086626f,-0.872231233208573f,0.0021047641224531816f,0f,0f,0f,1f],start_interpolation:0}
execute if entity @s[tag=aj.carian_grandeur.bone.head] run data modify entity @s {} merge value {transformation:[1f,0f,0f,0f,0f,0.737277336810124f,0.6755902076156602f,1.5155868427887635f,0f,-0.6755902076156602f,0.737277336810124f,-0.13494821115899086f,0f,0f,0f,1f],start_interpolation:0}
execute if entity @s[tag=aj.carian_grandeur.bone.body_top] run data modify entity @s {} merge value {transformation:[1f,0f,0f,0f,0f,0.9961946980917455f,0.08715574274765818f,1.1233351804151388f,0f,-0.08715574274765818f,0.9961946980917455f,-0.10063063745210046f,0f,0f,0f,1f],start_interpolation:0}
execute if entity @s[tag=aj.carian_grandeur.locator_origin.player_camera] at @s on origin run tp @s ^0 ^0.13259 ^0.04879 ~-180 ~5
execute if entity @s[tag=aj.carian_grandeur.bone.body] run data modify entity @s {} merge value {transformation:[1f,0f,0f,0f,0f,0.9961946980917455f,0.08715574274765818f,0.6875f,0f,-0.08715574274765818f,0.9961946980917455f,-0.06250000000000001f,0f,0f,0f,1f],start_interpolation:0}
execute if entity @s[tag=aj.carian_grandeur.bone.right_leg2] run data modify entity @s {} merge value {transformation:[0.9789970015223569f,-0.20242204182008894f,0.02429378512336773f,0.19822952308854871f,0.20291151664166376f,0.9789986663385286f,-0.019711106553465807f,0.4145187813987549f,-0.019793620801005912f,0.024226602996879953f,0.9995105223472225f,-0.03986704100745078f,0f,0f,0f,1f],start_interpolation:0}
execute if entity @s[tag=aj.carian_grandeur.bone.right_leg] run data modify entity @s {} merge value {transformation:[0.9789970015223569f,-0.2037691077246573f,0.00655909653315168f,0.125f,0.20291151664166376f,0.9769912169773776f,0.06568925607161714f,0.765625f,-0.019793620801005912f,-0.06297866850100657f,0.9978185706276599f,-0.06250000000000001f,0f,0f,0f,1f],start_interpolation:0}
execute if entity @s[tag=aj.carian_grandeur.bone.left_leg2] run data modify entity @s {} merge value {transformation:[0.9769779395389149f,0.2131686214661293f,-0.00855829869345937f,-0.20158401834089823f,-0.21303671685367107f,0.9726626471773447f,-0.09242690116069534f,0.41450954891373454f,-0.01137817764429701f,0.09212227530945073f,0.995682692159156f,-0.06429409259774982f,0f,0f,0f,1f],start_interpolation:0}
execute if entity @s[tag=aj.carian_grandeur.bone.left_leg] run data modify entity @s {} merge value {transformation:[0.9769779395389149f,0.21310335538336903f,0.010053137751265153f,-0.125f,-0.21303671685367107f,0.9770169073704777f,-0.007302053439689633f,0.765625f,-0.01137817764429701f,0.004992257663303797f,0.9999228042388663f,-0.06250000000000001f,0f,0f,0f,1f],start_interpolation:0}