execute if entity @s[tag=aj.carian_grandeur.bone.right_arm2] run data modify entity @s {} merge value {transformation:[0.7110947464188346f,0.6238760883119856f,0.3242265998465717f,0.19922710506094815f,0.5302527607942586f,-0.7786828596843921f,0.3353878556295725f,1.604582571064856f,0.4617101593917984f,-0.06657049245928755f,-0.8845293088689188f,0.0057961381279675595f,0f,0f,0f,1f],start_interpolation:0}
execute if entity @s[tag=aj.carian_grandeur.bone.right_arm] run data modify entity @s {} merge value {transformation:[0.8291866391283698f,0.4548005641312074f,0.32497071307570813f,0.31292724609375f,0.3490593472689159f,-0.8753827931975035f,0.33445857360506426f,1.3857368727654802f,0.4365857184737002f,-0.16389451558753088f,-0.8846081042954166f,-0.03517749076891516f,0f,0f,0f,1f],start_interpolation:0}
execute if entity @s[tag=aj.carian_grandeur.bone.slash] run data modify entity @s {} merge value {transformation:[-8.468894111549721e-7f,-0.00005499309106305651f,-5.631471807373432e-7f,-0.03271828012129819f,-0.00005369863652575324f,8.717165869209946e-7f,-0.00003511101325688822f,3.528728901589472f,0.00003511552825619211f,6.7470335296780185e-9f,-0.00005370531374490386f,-1.0092642744118199f,0f,0f,0f,1f],start_interpolation:0}
execute if entity @s[tag=aj.carian_grandeur.locator_origin.carian_grandeur0] at @s on origin run tp @s ^0.03472 ^1.61899 ^0.31841 ~-0.60077 ~-33.17408
execute if entity @s[tag=aj.carian_grandeur.locator_origin.carian_grandeur1] at @s on origin run tp @s ^0.05204 ^2.71737 ^-0.39986 ~-0.60077 ~-33.17408
execute if entity @s[tag=aj.carian_grandeur.locator_origin.carian_grandeur2] at @s on origin run tp @s ^0.06936 ^3.81575 ^-1.11813 ~-0.60077 ~-33.17408
execute if entity @s[tag=aj.carian_grandeur.locator_origin.carian_grandeur3] at @s on origin run tp @s ^0.08668 ^4.91413 ^-1.83641 ~-0.60077 ~-33.17408
execute if entity @s[tag=aj.carian_grandeur.locator_origin.carian_grandeur4] at @s on origin run tp @s ^0.10978 ^6.37864 ^-2.7941 ~-0.60077 ~-33.17408
execute if entity @s[tag=aj.carian_grandeur.bone.carian_grandeur] run data modify entity @s {} merge value {transformation:[-0.05536924475157972f,-3.59542329684306f,-0.036818306700616255f,-0.03271828012129819f,-3.5107924475825985f,0.05699243421808238f,-2.2955420871838714f,3.528728901589472f,2.295837275786087f,0.0004411179853369262f,-3.511229001135566f,-1.0092642744118199f,0f,0f,0f,1f],start_interpolation:0}
execute if entity @s[tag=aj.carian_grandeur.bone.carian_knights_sword] run data modify entity @s {} merge value {transformation:[0.00967390316990033f,0.014548108273223295f,-1.1021348690250696f,-0.052515694927518314f,0.603147017444899f,0.9224505207069679f,0.017470362690679152f,2.273436099688747f,0.922565223885314f,-0.6032245773929409f,0.00013521954797924882f,-0.18838179569564106f,0f,0f,0f,1f],start_interpolation:0}
execute if entity @s[tag=aj.carian_grandeur.bone.left_arm2] run data modify entity @s {} merge value {transformation:[0.773075218057933f,-0.6205799884653341f,-0.13128284404690926f,-0.2996185042523535f,-0.596561206485919f,-0.7816574850032868f,0.1820063269625578f,1.6548923141050753f,-0.21556770198882771f,-0.06238632906897591f,-0.974493977305429f,0.0215530339338144f,0f,0f,0f,1f],start_interpolation:0}
execute if entity @s[tag=aj.carian_grandeur.bone.left_arm] run data modify entity @s {} merge value {transformation:[0.9516539412084559f,-0.2773529535948141f,-0.13202316203850567f,-0.25f,-0.25194043207837413f,-0.9506515493191932f,0.18107360509245993f,1.3857368727654802f,-0.175729322728379f,-0.13905743744672874f,-0.9745677165924258f,-0.03517749076891516f,0f,0f,0f,1f],start_interpolation:0}
execute if entity @s[tag=aj.carian_grandeur.bone.head] run data modify entity @s {} merge value {transformation:[1f,0f,0f,0f,0f,0.5175341523581247f,0.8556625509761178f,1.510530665849093f,0f,-0.8556625509761178f,0.5175341523581247f,-0.1791065417204325f,0f,0f,0f,1f],start_interpolation:0}
execute if entity @s[tag=aj.carian_grandeur.bone.body_top] run data modify entity @s {} merge value {transformation:[1f,0f,0f,0f,0f,0.9901120792169538f,0.14027854643059545f,1.1206740346574173f,0f,-0.14027854643059545f,0.9901120792169538f,-0.12387186406338552f,0f,0f,0f,1f],start_interpolation:0}
execute if entity @s[tag=aj.carian_grandeur.locator_origin.player_camera] at @s on origin run tp @s ^0 ^0.13933 ^0.07829 ~-180 ~8.06396
execute if entity @s[tag=aj.carian_grandeur.bone.body] run data modify entity @s {} merge value {transformation:[1f,0f,0f,0f,0f,0.9901120792169538f,0.14027854643059545f,0.6875f,0f,-0.14027854643059545f,0.9901120792169538f,-0.06250000000000001f,0f,0f,0f,1f],start_interpolation:0}
execute if entity @s[tag=aj.carian_grandeur.bone.right_leg2] run data modify entity @s {} merge value {transformation:[0.9742938298506713f,-0.22153275581960125f,0.0409239686966468f,0.20559218532576248f,0.2241456972308485f,0.9714695431276466f,-0.07749602046723716f,0.41540434807438786f,-0.02258848219354231f,0.08467682607617381f,0.9961523957697725f,-0.061613854291224915f,0f,0f,0f,1f],start_interpolation:0}
execute if entity @s[tag=aj.carian_grandeur.bone.right_leg] run data modify entity @s {} merge value {transformation:[0.9742938298506713f,-0.2242565156890782f,0.02146038876407917f,0.125f,0.2241456972308485f,0.9745270314451816f,0.007468024875347139f,0.765625f,-0.02258848219354231f,-0.002465796754852452f,0.9997418068274208f,-0.06250000000000001f,0f,0f,0f,1f],start_interpolation:0}
execute if entity @s[tag=aj.carian_grandeur.bone.left_leg2] run data modify entity @s {} merge value {transformation:[0.9652996947844891f,0.26089880156050876f,0.011327603156116701f,-0.21813981640740523f,-0.2609190010228677f,0.9653606445688745f,0.0003175260554859477f,0.4198063631111807f,-0.010852380116868711f,-0.003262094703924162f,0.9999357902305236f,-0.03275381360655168f,0f,0f,0f,1f],start_interpolation:0}
execute if entity @s[tag=aj.carian_grandeur.bone.left_leg] run data modify entity @s {} merge value {transformation:[0.9652996947844891f,0.2591716630466928f,0.0320397927987017f,-0.125f,-0.2609190010228677f,0.9622779461254103f,0.07708715396154343f,0.765625f,-0.010852380116868711f,-0.08277199692089972f,0.996509419108282f,-0.06250000000000001f,0f,0f,0f,1f],start_interpolation:0}