execute if entity @s[tag=aj.carian_grandeur.bone.right_arm2] run data modify entity @s {} merge value {transformation:[0.7077393505972142f,0.616767208652839f,0.34453333938360603f,0.2059237319069057f,0.5715451489485287f,-0.7865207510776363f,0.23392573786925433f,1.609426794805011f,0.4152603452409556f,0.03135790896817682f,-0.9091619917349746f,-0.07570811993513267f,0f,0f,0f,1f],start_interpolation:0}
execute if entity @s[tag=aj.carian_grandeur.bone.right_arm] run data modify entity @s {} merge value {transformation:[0.8234918280058098f,0.44461561924737725f,0.35238921710080895f,0.31707763671875f,0.3871297032341323f,-0.8944386931815715f,0.22385266809554694f,1.385817121509618f,0.41471894348040383f,-0.04792050981483542f,-0.9086868672197171f,-0.08768824738884153f,0f,0f,0f,1f],start_interpolation:0}
execute if entity @s[tag=aj.carian_grandeur.bone.slash] run data modify entity @s {} merge value {transformation:[-7.346072633887195e-7f,-0.000054995346770300643f,3.9625066328634853e-7f,-0.04288783857277008f,-0.000048387785304889696f,2.5178704681673965e-7f,-0.00004214139359849378f,3.3810886930000668f,0.000042136014246337906f,-6.696543118948795e-7f,-0.0000483870544887761f,-1.3351292901738012f,0f,0f,0f,1f],start_interpolation:0}
execute if entity @s[tag=aj.carian_grandeur.locator_origin.carian_grandeur0] at @s on origin run tp @s ^0.02762 ^1.67211 ^0.24246 ~0.4692 ~-41.0524
execute if entity @s[tag=aj.carian_grandeur.locator_origin.carian_grandeur1] at @s on origin run tp @s ^0.04264 ^2.66186 ^-0.61941 ~0.4692 ~-41.0524
execute if entity @s[tag=aj.carian_grandeur.locator_origin.carian_grandeur2] at @s on origin run tp @s ^0.05767 ^3.65161 ^-1.48128 ~0.4692 ~-41.0524
execute if entity @s[tag=aj.carian_grandeur.locator_origin.carian_grandeur3] at @s on origin run tp @s ^0.0727 ^4.64136 ^-2.34316 ~0.4692 ~-41.0524
execute if entity @s[tag=aj.carian_grandeur.locator_origin.carian_grandeur4] at @s on origin run tp @s ^0.09273 ^5.96102 ^-3.49232 ~0.4692 ~-41.0524
execute if entity @s[tag=aj.carian_grandeur.bone.carian_grandeur] run data modify entity @s {} merge value {transformation:[-0.048028288967962025f,-3.59557077395736f,0.025906688251723608f,-0.04288783857277008f,-3.163571408785822f,0.01646172267222079f,-2.7551851582906144f,3.3810886930000668f,2.7548334586918237f,-0.04378169452336362f,-3.163523628360504f,-1.3351292901738012f,0f,0f,0f,1f],start_interpolation:0}
execute if entity @s[tag=aj.carian_grandeur.bone.carian_knights_sword] run data modify entity @s {} merge value {transformation:[-0.0068069071084083665f,0.012619293458280958f,-1.1021800764058516f,-0.06006047589874014f,0.7239168996330968f,0.8312192010489108f,0.005046148134269723f,2.2499456598987493f,0.8312066468809068f,-0.7238244915848054f,-0.013420765282789423f,-0.35013155454512335f,0f,0f,0f,1f],start_interpolation:0}
execute if entity @s[tag=aj.carian_grandeur.bone.left_arm2] run data modify entity @s {} merge value {transformation:[0.7747649565466592f,-0.616105511214651f,-0.14196218214083234f,-0.301107516143322f,-0.6140171227642617f,-0.7867435814154501f,0.06338383117080391f,1.6596868625125938f,-0.15073896330926212f,0.03805963941664128f,-0.9878406899839289f,-0.06514081390688908f,0f,0f,0f,1f],start_interpolation:0}
execute if entity @s[tag=aj.carian_grandeur.bone.left_arm] run data modify entity @s {} merge value {transformation:[0.9508491469395383f,-0.2709945088964812f,-0.1498261522976126f,-0.25f,-0.26591865756322314f,-0.9625196352302916f,0.05332184689149519f,1.385817121509618f,-0.15866054116927025f,-0.010859463343174669f,-0.9872734700840355f,-0.08768824738884153f,0f,0f,0f,1f],start_interpolation:0}
execute if entity @s[tag=aj.carian_grandeur.bone.head] run data modify entity @s {} merge value {transformation:[1f,0f,0f,0f,0f,0.4265533240970917f,0.904462415859123f,1.4994502999705115f,0f,-0.904462415859123f,0.4265533240970917f,-0.24058220820114684f,0f,0f,0f,1f],start_interpolation:0}
execute if entity @s[tag=aj.carian_grandeur.bone.body_top] run data modify entity @s {} merge value {transformation:[1f,0f,0f,0f,0f,0.9767823157539987f,0.21423423542995101f,1.1148422631423744f,0f,-0.21423423542995101f,0.9767823157539987f,-0.1562274780006036f,0f,0f,0f,1f],start_interpolation:0}
execute if entity @s[tag=aj.carian_grandeur.locator_origin.player_camera] at @s on origin run tp @s ^0 ^0.15145 ^0.11906 ~-180 ~12.37061
execute if entity @s[tag=aj.carian_grandeur.bone.body] run data modify entity @s {} merge value {transformation:[1f,0f,0f,0f,0f,0.9767823157539987f,0.21423423542995101f,0.6875f,0f,-0.21423423542995101f,0.9767823157539987f,-0.06250000000000001f,0f,0f,0f,1f],start_interpolation:0}
execute if entity @s[tag=aj.carian_grandeur.bone.right_leg2] run data modify entity @s {} merge value {transformation:[0.9741076229932425f,-0.22376614683954596f,0.03229629011260676f,0.2061215233386696f,0.22495374473497085f,0.9735653375046773f,-0.03957709361634609f,0.41584171930416103f,-0.02258653484199122f,0.04581751998947783f,0.9986944494217664f,-0.04762231127259367f,0f,0f,0f,1f],start_interpolation:0}
execute if entity @s[tag=aj.carian_grandeur.bone.right_leg] run data modify entity @s {} merge value {transformation:[0.9741076229932425f,-0.22572945624673277f,0.01267088824862955f,0.125f,0.22495374473497085f,0.9733099984579867f,0.045425319277110035f,0.765625f,-0.02258653484199122f,-0.041398786024087225f,0.9988873755131573f,-0.06250000000000001f,0f,0f,0f,1f],start_interpolation:0}
execute if entity @s[tag=aj.carian_grandeur.bone.left_leg2] run data modify entity @s {} merge value {transformation:[0.9643642157218077f,0.26456343722691705f,0.0028012707726684334f,-0.2200277149706995f,-0.26447860850921245f,0.964237508712837f,-0.017236369463795805f,0.4190521890944963f,-0.0072612035017227865f,0.015881261723831884f,0.9998475185995941f,-0.059777730082180965f,0f,0f,0f,1f],start_interpolation:0}
execute if entity @s[tag=aj.carian_grandeur.bone.left_leg] run data modify entity @s {} merge value {transformation:[0.9643642157218077f,0.26442494600542477f,0.009005962763131058f,-0.125f,-0.26447860850921245f,0.9643765173022711f,0.005385027109773028f,0.765625f,-0.0072612035017227865f,-0.007575011945235624f,0.9999449455433714f,-0.06250000000000001f,0f,0f,0f,1f],start_interpolation:0}