execute if entity @s[tag=aj.carian_grandeur.bone.right_arm2] run data modify entity @s {} merge value {transformation:[0.6985601921611619f,0.6827166796837478f,0.21426990738169285f,0.1836656324836168f,0.4856887606669803f,-0.6722999104621848f,0.558676344724127f,1.5741950813438244f,0.5254712986353615f,-0.2862005689619387f,-0.8012297726846711f,0.0942229435136291f,0f,0f,0f,1f],start_interpolation:0}
execute if entity @s[tag=aj.carian_grandeur.bone.right_arm] run data modify entity @s {} merge value {transformation:[0.8297684609197297f,0.5153374700655328f,0.21426990738169285f,0.3125f,0.3286636646711454f,-0.7614860060241566f,0.558676344724127f,1.3838235798377851f,0.45107039005884214f,-0.39314927772518504f,-0.8012297726846711f,-0.0040643759176671596f,0f,0f,0f,1f],start_interpolation:0}
execute if entity @s[tag=aj.carian_grandeur.bone.slash] run data modify entity @s {} merge value {transformation:[2.8272406976790143e-8f,-0.00004117893296830847f,0.000002554632472151742f,-0.05388118466396011f,-0.000041325429562906074f,-7.876657218012818e-7f,-0.000013689205241377449f,3.117848773235553f,0.000013714401489799102f,-0.0000022885721099101635f,-0.000041254772437898416f,-0.20577443526242808f,0f,0f,0f,1f],start_interpolation:0}
execute if entity @s[tag=aj.carian_grandeur.locator_origin.carian_grandeur0] at @s on origin run tp @s ^0.01751 ^1.63685 ^0.33793 ~3.54342 ~-18.32419
execute if entity @s[tag=aj.carian_grandeur.locator_origin.carian_grandeur1] at @s on origin run tp @s ^0.01693 ^2.48214 ^0.05741 ~3.54342 ~-18.32419
execute if entity @s[tag=aj.carian_grandeur.locator_origin.carian_grandeur2] at @s on origin run tp @s ^0.01635 ^3.32744 ^-0.22311 ~3.54342 ~-18.32419
execute if entity @s[tag=aj.carian_grandeur.locator_origin.carian_grandeur3] at @s on origin run tp @s ^0.01577 ^4.17273 ^-0.50363 ~3.54342 ~-18.32419
execute if entity @s[tag=aj.carian_grandeur.locator_origin.carian_grandeur4] at @s on origin run tp @s ^0.015 ^5.29979 ^-0.87766 ~3.54342 ~-18.32419
execute if entity @s[tag=aj.carian_grandeur.bone.carian_grandeur] run data modify entity @s {} merge value {transformation:[0.0018484371170484591f,-2.6922599197712036f,0.1670207098327026f,-0.05388118466396011f,-2.7018378005366337f,-0.05149722686149425f,-0.8949940163152386f,3.117848773235553f,0.8966413355842061f,-0.14962580428587652f,-2.6972182698205085f,-0.20577443526242808f,0f,0f,0f,1f],start_interpolation:0}
execute if entity @s[tag=aj.carian_grandeur.bone.carian_knights_sword] run data modify entity @s {} merge value {transformation:[-0.06467146221290603f,-0.0007157263987673954f,-1.1003742959051452f,-0.053333322232113206f,0.3465472740768744f,1.0461684745432267f,-0.021047828381146855f,2.317044994624215f,1.0443797633920857f,-0.3471851263884969f,-0.061154715349439615f,0.05998310556860689f,0f,0f,0f,1f],start_interpolation:0}
execute if entity @s[tag=aj.carian_grandeur.bone.left_arm2] run data modify entity @s {} merge value {transformation:[0.7645861823466309f,-0.6411325993751865f,-0.06600727068301702f,-0.2940333381578393f,-0.5576569449882098f,-0.7094095760801666f,0.4309951102648081f,1.6314934134261532f,-0.32315120527551944f,-0.29272349305133366f,-0.8999368061951927f,0.11777863233880784f,0f,0f,0f,1f],start_interpolation:0}
execute if entity @s[tag=aj.carian_grandeur.bone.left_arm] run data modify entity @s {} merge value {transformation:[0.9517363484410432f,-0.29973482158916437f,-0.06600727068301702f,-0.25f,-0.24372854611035832f,-0.8688150612982927f,0.4309951102648081f,1.3838235798377851f,-0.18653235340562294f,-0.39410585632308853f,-0.8999368061951927f,-0.0040643759176671596f,0f,0f,0f,1f],start_interpolation:0}
execute if entity @s[tag=aj.carian_grandeur.bone.head] run data modify entity @s {} merge value {transformation:[1f,0f,0f,0f,0f,0.700325503137602f,0.7138236404428369f,1.5149122186468642f,0f,-0.7138236404428369f,0.700325503137602f,-0.14228460336351834f,0f,0f,0f,1f],start_interpolation:0}
execute if entity @s[tag=aj.carian_grandeur.bone.body_top] run data modify entity @s {} merge value {transformation:[1f,0f,0f,0f,0f,0.9953831201766786f,0.09598147773054834f,1.122980115077297f,0f,-0.09598147773054834f,0.9953831201766786f,-0.1044918965071149f,0f,0f,0f,1f],start_interpolation:0}
execute if entity @s[tag=aj.carian_grandeur.locator_origin.player_camera] at @s on origin run tp @s ^0 ^0.1336 ^0.0537 ~-180 ~5.50781
execute if entity @s[tag=aj.carian_grandeur.bone.body] run data modify entity @s {} merge value {transformation:[1f,0f,0f,0f,0f,0.9953831201766786f,0.09598147773054834f,0.6875f,0f,-0.09598147773054834f,0.9953831201766786f,-0.06250000000000001f,0f,0f,0f,1f],start_interpolation:0}
execute if entity @s[tag=aj.carian_grandeur.bone.right_leg2] run data modify entity @s {} merge value {transformation:[0.9736241370039529f,-0.22371671682631744f,0.04479810772522855f,0.20649540389336077f,0.22699752590457145f,0.9695941777047503f,-0.09142895490079958f,0.415639341173879f,-0.02298179880930347f,0.09918649693129768f,0.9948034357349126f,-0.06685067641913482f,0f,0f,0f,1f],start_interpolation:0}
execute if entity @s[tag=aj.carian_grandeur.bone.right_leg] run data modify entity @s {} merge value {transformation:[0.9736241370039529f,-0.2267698195293517f,0.025129440780350336f,0.125f,0.22699752590457145f,0.9738731376031193f,-0.006575339402583472f,0.765625f,-0.02298179880930347f,0.012106230035853389f,0.999662581133158f,-0.06250000000000001f,0f,0f,0f,1f],start_interpolation:0}
execute if entity @s[tag=aj.carian_grandeur.bone.left_leg2] run data modify entity @s {} merge value {transformation:[0.9744431935699552f,0.2245909009837501f,-0.004403373762701791f,-0.2055431408522267f,-0.2243461492113509f,0.9720150954281493f,-0.06968112796047551f,0.41545381117419145f,-0.011369601542048783f,0.0688881808085629f,0.9975595975708227f,-0.05591732554516758f,0f,0f,0f,1f],start_interpolation:0}
execute if entity @s[tag=aj.carian_grandeur.bone.left_leg] run data modify entity @s {} merge value {transformation:[0.9744431935699552f,0.22412004411054384f,0.015187769193484668f,-0.125f,-0.2243461492113509f,0.9743893949935543f,0.01530072737269801f,0.765625f,-0.011369601542048783f,-0.01831700717866415f,0.9997675826954942f,-0.06250000000000001f,0f,0f,0f,1f],start_interpolation:0}