execute if entity @s[tag=aj.carian_grandeur.bone.right_arm2] run data modify entity @s {} merge value {transformation:[0.6844587043932222f,0.725200667828959f,-0.07483497418175214f,0.17305473096287852f,0.3626396192900975f,-0.2496124505693087f,0.8978786839222311f,1.4592933015921212f,0.6324624799159907f,-0.6416990072465566f,-0.43383590860750443f,0.2339269115272053f,0f,0f,0f,1f],start_interpolation:0}
execute if entity @s[tag=aj.carian_grandeur.bone.right_arm] run data modify entity @s {} merge value {transformation:[0.8266075233929664f,0.5577810761484859f,-0.07483497418175214f,0.3125f,0.29920309367922576f,-0.32294175588000834f,0.8978786839222311f,1.378557862622119f,0.4766524006054382f,-0.7645841310148767f,-0.43383590860750443f,0.04278087877348612f,0f,0f,0f,1f],start_interpolation:0}
execute if entity @s[tag=aj.carian_grandeur.bone.slash] run data modify entity @s {} merge value {transformation:[6.098300143205899e-12f,-1.8322946727609643e-10f,-9.403021814310176e-13f,-0.06468165148101343f,-1.7532923981312067e-10f,-5.561886693812218e-12f,-5.329009470876906e-11f,2.016163152845631f,5.323137714757859e-11f,2.671862502866555e-12f,-1.7541491598164963e-10f,0.3577327382376517f,0f,0f,0f,1f],start_interpolation:0}
execute if entity @s[tag=aj.carian_grandeur.locator_origin.carian_grandeur0] at @s on origin run tp @s ^-0.06468 ^2.01616 ^0.35773 ~-0.30713 ~-16.89827
execute if entity @s[tag=aj.carian_grandeur.locator_origin.carian_grandeur1] at @s on origin run tp @s ^-0.06468 ^2.01616 ^0.35773 ~-0.30713 ~-16.89827
execute if entity @s[tag=aj.carian_grandeur.locator_origin.carian_grandeur2] at @s on origin run tp @s ^-0.06468 ^2.01616 ^0.35773 ~-0.30713 ~-16.89827
execute if entity @s[tag=aj.carian_grandeur.locator_origin.carian_grandeur3] at @s on origin run tp @s ^-0.06468 ^2.01617 ^0.35773 ~-0.30713 ~-16.89827
execute if entity @s[tag=aj.carian_grandeur.locator_origin.carian_grandeur4] at @s on origin run tp @s ^-0.06468 ^2.01617 ^0.35773 ~-0.30713 ~-16.89827
execute if entity @s[tag=aj.carian_grandeur.bone.carian_grandeur] run data modify entity @s {} merge value {transformation:[3.987040914081911e-7f,-0.000011979459284389693f,-6.147652921187746e-8f,-0.06468165148101343f,-0.000011462946003872822f,-3.636336239111274e-7f,-0.0000034840821692889986f,2.016163152845631f,0.0000034802432418281668f,1.7468515595445947e-7f,-0.000011468547472827532f,0.3577327382376517f,0f,0f,0f,1f],start_interpolation:0}
execute if entity @s[tag=aj.carian_grandeur.bone.carian_knights_sword] run data modify entity @s {} merge value {transformation:[0.0056534728356356125f,-0.036665419781011135f,-1.1016488490508016f,-0.06468165148101343f,0.32040136542700276f,1.0541495214524064f,-0.03344028755787664f,2.016163152845631f,1.05466464084807f,-0.3200483319621012f,0.016064306112234635f,0.3577327382376517f,0f,0f,0f,1f],start_interpolation:0}
execute if entity @s[tag=aj.carian_grandeur.bone.left_arm2] run data modify entity @s {} merge value {transformation:[0.7690531367502015f,-0.6253146254176856f,0.13243448226732868f,-0.29838976888884405f,-0.35302774177145835f,-0.24281404200027662f,0.9035556178494124f,1.497628918860286f,-0.5328495907800068f,-0.7416353283428643f,-0.40749031075517883f,0.29084333503990645f,0f,0f,0f,1f],start_interpolation:0}
execute if entity @s[tag=aj.carian_grandeur.bone.left_arm] run data modify entity @s {} merge value {transformation:[0.9510883260951132f,-0.2790915689736618f,0.13243448226732868f,-0.24927662037037038f,-0.2315981405847378f,-0.36048515466029885f,0.9035556178494124f,1.378557862622119f,-0.2044340902180643f,-0.8900327799566492f,-0.40749031075517883f,0.04278087877348612f,0f,0f,0f,1f],start_interpolation:0}
execute if entity @s[tag=aj.carian_grandeur.bone.head] run data modify entity @s {} merge value {transformation:[1f,0f,0f,0f,0f,0.9435014543926198f,0.3313683834631952f,1.5183581841793765f,0f,-0.3313683834631952f,0.9435014543926198f,-0.08801940990989754f,0f,0f,0f,1f],start_interpolation:0}
execute if entity @s[tag=aj.carian_grandeur.bone.body_top] run data modify entity @s {} merge value {transformation:[1f,0f,0f,0f,0f,0.9995286426218063f,0.03070004199686921f,1.1247937811470403f,0f,-0.03070004199686921f,0.9995286426218063f,-0.07593126837363029f,0f,0f,0f,1f],start_interpolation:0}
execute if entity @s[tag=aj.carian_grandeur.locator_origin.player_camera] at @s on origin run tp @s ^0 ^0.12718 ^0.01724 ~-180 ~1.75926
execute if entity @s[tag=aj.carian_grandeur.bone.body] run data modify entity @s {} merge value {transformation:[1f,0f,0f,0f,0f,0.9995286426218063f,0.03070004199686921f,0.6875f,0f,-0.03070004199686921f,0.9995286426218063f,-0.06250000000000001f,0f,0f,0f,1f],start_interpolation:0}
execute if entity @s[tag=aj.carian_grandeur.bone.right_leg2] run data modify entity @s {} merge value {transformation:[0.9904474937942334f,-0.13788539082483778f,0.0011751739461916474f,0.17382256140217836f,0.1377060305609931f,0.9895278501031568f,0.043262952018551876f,0.418589175803631f,-0.007128196395786497f,-0.04268785386156612f,0.9990630290171071f,0.0170794247747329f,0f,0f,0f,1f],start_interpolation:0}
execute if entity @s[tag=aj.carian_grandeur.bone.right_leg] run data modify entity @s {} merge value {transformation:[0.9904474937942334f,-0.1358540839017137f,-0.02360995391668944f,0.125f,0.1377060305609931f,0.9656649021116356f,0.22029150228018368f,0.765625f,-0.007128196395786497f,-0.22143839937316984f,0.9751483087711282f,-0.06250000000000001f,0f,0f,0f,1f],start_interpolation:0}
execute if entity @s[tag=aj.carian_grandeur.bone.left_leg2] run data modify entity @s {} merge value {transformation:[0.9920222438620295f,0.12484464911342842f,-0.017483743040002886f,-0.1702649528098343f,-0.12606123214279202f,0.9831460126909469f,-0.1324102846478837f,0.40950591693049526f,0.0006583567308177094f,0.1335579698768944f,0.991040783847354f,-0.04574669149515084f,0f,0f,0f,1f],start_interpolation:0}
execute if entity @s[tag=aj.carian_grandeur.bone.left_leg] run data modify entity @s {} merge value {transformation:[0.9920222438620295f,0.12595465129693023f,0.0052243181002522825f,-0.125f,-0.12606123214279202f,0.9909400572368827f,0.046328918765762235f,0.765625f,0.0006583567308177094f,-0.04661790192653683f,0.9989125776495072f,-0.06250000000000001f,0f,0f,0f,1f],start_interpolation:0}