execute if entity @s[tag=aj.carian_grandeur.bone.right_arm2] run data modify entity @s {} merge value {transformation:[0.6918675838761283f,0.7129050847867284f,0.11439224828036296f,0.17593529125441418f,0.4292459893672381f,-0.5335172281897781f,0.7287710531002433f,1.5330491186803463f,0.5805748246294784f,-0.45511065391827993f,-0.6751349240681648f,0.17628651218001268f,0f,0f,0f,1f],start_interpolation:0}
execute if entity @s[tag=aj.carian_grandeur.bone.right_arm] run data modify entity @s {} merge value {transformation:[0.8297684609197297f,0.5462588349823433f,0.11439224828036296f,0.3125f,0.30359688259275763f,-0.6137765758344987f,0.7287710531002433f,1.3796049747217216f,0.4683089088869253f,-0.5699821051231446f,-0.6751349240681648f,0.03379098589922652f,0f,0f,0f,1f],start_interpolation:0}
execute if entity @s[tag=aj.carian_grandeur.bone.slash] run data modify entity @s {} merge value {transformation:[2.823928384894128e-7f,-0.000018261868321135802f,-0.0000015923350204583043f,-0.056907939358089354f,-0.00001765788872870294f,1.5664459959184274e-7f,-0.000004928036041393707f,2.1921611290262977f,0.0000049224314155330275f,0.000001609577274326021f,-0.000017586643826166988f,0.25339177340854946f,0f,0f,0f,1f],start_interpolation:0}
execute if entity @s[tag=aj.carian_grandeur.locator_origin.carian_grandeur0] at @s on origin run tp @s ^-0.01264 ^1.55751 ^0.44713 ~-5.17358 ~-15.59299
execute if entity @s[tag=aj.carian_grandeur.locator_origin.carian_grandeur1] at @s on origin run tp @s ^-0.01841 ^1.9187 ^0.34644 ~-5.17358 ~-15.59299
execute if entity @s[tag=aj.carian_grandeur.locator_origin.carian_grandeur2] at @s on origin run tp @s ^-0.02419 ^2.27988 ^0.24575 ~-5.17358 ~-15.59299
execute if entity @s[tag=aj.carian_grandeur.locator_origin.carian_grandeur3] at @s on origin run tp @s ^-0.02997 ^2.64107 ^0.14507 ~-5.17358 ~-15.59299
execute if entity @s[tag=aj.carian_grandeur.locator_origin.carian_grandeur4] at @s on origin run tp @s ^-0.03767 ^3.12264 ^0.01082 ~-5.17358 ~-15.59299
execute if entity @s[tag=aj.carian_grandeur.bone.carian_grandeur] run data modify entity @s {} merge value {transformation:[0.018462715420056675f,-1.1939526499866218f,-0.10410613984891826f,-0.056907939358089354f,-1.1544647387695395f,0.010241352719223953f,-0.32219275636993805f,2.1921611290262977f,0.32182632847872406f,0.10523343056940146f,-1.1498067794257856f,0.25339177340854946f,0f,0f,0f,1f],start_interpolation:0}
execute if entity @s[tag=aj.carian_grandeur.bone.carian_knights_sword] run data modify entity @s {} merge value {transformation:[0.0957375507700348f,-0.016978587021337428f,-1.0979765709399687f,-0.056907939358089354f,0.2962932389527549f,1.0616629019245352f,0.009418099905859886f,2.1921611290262977f,1.0573793734044639f,-0.29595626642750744f,0.09677422404157744f,0.25339177340854946f,0f,0f,0f,1f],start_interpolation:0}
execute if entity @s[tag=aj.carian_grandeur.bone.left_arm2] run data modify entity @s {} merge value {transformation:[0.7620682955905539f,-0.647211315730227f,0.019220448653879355f,-0.2923884493652179f,-0.476065182329346f,-0.5399356851644411f,0.6941407624248344f,1.579009725926546f,-0.43887795003785973f,-0.538132854113882f,-0.71958264035051f,0.22501327685233252f,0f,0f,0f,1f],start_interpolation:0}
execute if entity @s[tag=aj.carian_grandeur.bone.left_arm] run data modify entity @s {} merge value {transformation:[0.9517363484410432f,-0.30631437675965f,0.019220448653879355f,-0.25f,-0.23320243684021194f,-0.6810177863991916f,0.6941407624248344f,1.3796049747217216f,-0.19953582762976727f,-0.6651212499975404f,-0.71958264035051f,0.03379098589922652f,0f,0f,0f,1f],start_interpolation:0}
execute if entity @s[tag=aj.carian_grandeur.bone.head] run data modify entity @s {} merge value {transformation:[1f,0f,0f,0f,0f,0.8914005352790656f,0.4532163784597765f,1.5180303842136587f,0f,-0.4532163784597765f,0.8914005352790656f,-0.09708096872432764f,0f,0f,0f,1f],start_interpolation:0}
execute if entity @s[tag=aj.carian_grandeur.bone.body_top] run data modify entity @s {} merge value {transformation:[1f,0f,0f,0f,0f,0.9991342967983861f,0.04160116538264978f,1.124621254849294f,0f,-0.04160116538264978f,0.9991342967983861f,-0.08070050985490929f,0f,0f,0f,1f],start_interpolation:0}
execute if entity @s[tag=aj.carian_grandeur.locator_origin.player_camera] at @s on origin run tp @s ^0 ^0.12809 ^0.02335 ~-180 ~2.38426
execute if entity @s[tag=aj.carian_grandeur.bone.body] run data modify entity @s {} merge value {transformation:[1f,0f,0f,0f,0f,0.9991342967983861f,0.04160116538264978f,0.6875f,0f,-0.04160116538264978f,0.9991342967983861f,-0.06250000000000001f,0f,0f,0f,1f],start_interpolation:0}
execute if entity @s[tag=aj.carian_grandeur.bone.right_leg2] run data modify entity @s {} merge value {transformation:[0.9831176331998761f,-0.18274212064939385f,0.00922153089438641f,0.1907142904364586f,0.18217320570710574f,0.982279521871706f,0.044043887588282815f,0.415294296125861f,-0.01710679437738937f,-0.04162040667815653f,0.9989870366196323f,-0.01666965437089657f,0f,0f,0f,1f],start_interpolation:0}
execute if entity @s[tag=aj.carian_grandeur.bone.right_leg] run data modify entity @s {} merge value {transformation:[0.9831176331998761f,-0.1828571559971022f,-0.006555897507220689f,0.125f,0.18217320570710574f,0.974833262954126f,0.12850304494683548f,0.765625f,-0.01710679437738937f,-0.12752791827228785f,0.9916874445344492f,-0.06250000000000001f,0f,0f,0f,1f],start_interpolation:0}
execute if entity @s[tag=aj.carian_grandeur.bone.left_leg2] run data modify entity @s {} merge value {transformation:[0.9761753552115615f,0.21685426890602025f,-0.007476759646871523f,-0.2028737491643431f,-0.21667774666422498f,0.9723951389334734f,-0.0865935787403715f,0.4147887564188245f,-0.01150782247410734f,0.08615056491855659f,0.9962156644954534f,-0.06250243702476711f,0f,0f,0f,1f],start_interpolation:0}
execute if entity @s[tag=aj.carian_grandeur.bone.left_leg] run data modify entity @s {} merge value {transformation:[0.9761753552115615f,0.21669217158773726f,0.011232927052743641f,-0.125f,-0.21667774666422498f,0.976239982138923f,-0.002500274766731446f,0.765625f,-0.01150782247410734f,0.000006781286308468228f,0.9999337827956002f,-0.06250000000000001f,0f,0f,0f,1f],start_interpolation:0}