execute if entity @s[tag=aj.blade_of_peril.bone.right_arm2] run data modify entity @s {} merge value {transformation:[-0.34420451889410086f,-0.23952716821658904f,-0.9078270677056403f,0.2665007077416651f,-0.36750610870979183f,0.9241327707849941f,-0.10448866934857683f,0.8968877709323814f,0.8639806185522139f,0.297666520870909f,-0.4061183732838757f,3.125434609808093f,0f,0f,0f,1f],start_interpolation:0}
execute if entity @s[tag=aj.blade_of_peril.bone.right_arm] run data modify entity @s {} merge value {transformation:[-0.27202774158403586f,-0.31914091393875943f,-0.9078270677056403f,0.1867154792569753f,-0.590304632764447f,0.8003890044938119f,-0.10448866934857683f,1.0969850220558344f,0.7599614124056034f,0.5074707070715884f,-0.4061183732838757f,3.2523022865759903f,0f,0f,0f,1f],start_interpolation:0}
execute if entity @s[tag=aj.blade_of_peril.bone.gael_slash] run data modify entity @s {} merge value {transformation:[0.000008944102728964173f,1.9532996001686049e-7f,-1.7575205591507124f,-0.6338672976036287f,-0.000010650841040168332f,0.00000362737002609082f,-1.3772665452440225f,0.6935029614359582f,0.0000026938923429205547f,0.000013693008338016227f,0.3899181007492948f,2.648043016612126f,0f,0f,0f,1f],start_interpolation:0}
execute if entity @s[tag=aj.blade_of_peril.bone.gaels_greatsword] run data modify entity @s {} merge value {transformation:[0.6313484279268828f,-0.020046583325248613f,-0.7752401544368277f,-0.5506135227129654f,-0.751824073423647f,0.22930203919029804f,-0.6182080049981931f,0.7707332548066717f,0.19015710655909798f,0.9731488628776965f,0.1296979780294084f,2.676974114466017f,0f,0f,0f,1f],start_interpolation:0}
execute if entity @s[tag=aj.blade_of_peril.bone.left_arm2] run data modify entity @s {} merge value {transformation:[0.6313484279268828f,0.6486725134704797f,-0.4249978033144912f,-0.40903219523255036f,-0.751824073423647f,0.6463546734836847f,-0.13033111173650877f,0.9932889187049918f,0.19015710655909798f,0.4018079221888101f,0.8957626183824494f,2.7581467697839535f,0f,0f,0f,1f],start_interpolation:0}
execute if entity @s[tag=aj.blade_of_peril.bone.left_arm] run data modify entity @s {} merge value {transformation:[0.6313484279268828f,0.3559456260026381f,-0.6889861202403447f,-0.24112723524103047f,-0.751824073423647f,0.49878653897887115f,-0.43124534913915774f,1.0240075442717538f,0.19015710655909798f,0.7902624246812373f,0.5825165877140346f,2.97948201427415f,0f,0f,0f,1f],start_interpolation:0}
execute if entity @s[tag=aj.blade_of_peril.bone.head] run data modify entity @s {} merge value {transformation:[0.7862389743771081f,-0.22940318526519982f,-0.5737616698252094f,-0.055268684876484765f,0.07176099653859375f,0.9561486104409899f,-0.28395456349133114f,1.1817198474903714f,0.6137415046631766f,0.18208243556681902f,0.7682235040089793f,3.1335842244136165f,0f,0f,0f,1f],start_interpolation:0}
execute if entity @s[tag=aj.blade_of_peril.bone.body_top] run data modify entity @s {} merge value {transformation:[0.8652946758948594f,-0.21193125988987221f,-0.45425792777837204f,0.028179248705152433f,0.08230232103257214f,0.9539945945076495f,-0.2883065063484296f,0.8060844759029844f,0.4944607687376832f,0.2120836031655371f,0.842928878048238f,3.0500763056671865f,0f,0f,0f,1f],start_interpolation:0}
execute if entity @s[tag=aj.blade_of_peril.bone.body] run data modify entity @s {} merge value {transformation:[0.9041056143522718f,-0.13376790332571473f,-0.4058314750441895f,0.08670270641015262f,0.09299861214308258f,0.9885695186448815f,-0.1186657698988545f,0.3735853114958488f,0.417066297171278f,0.06954462485389953f,0.9062114813429416f,3.0196505322936056f,0f,0f,0f,1f],start_interpolation:0}
execute if entity @s[tag=aj.blade_of_peril.locator_origin.player_camera] at @s on origin run tp @s ^0 ^0.18191 ^3.49015 ~-168.28919 ~-7.85021
execute if entity @s[tag=aj.blade_of_peril.bone.right_leg2] run data modify entity @s {} merge value {transformation:[0.8769229727448766f,-0.16690527961360205f,-0.4507202319725539f,0.11424570309447976f,0.28377286518598727f,0.9366661600383006f,0.20525463605784844f,0.2868299886903139f,0.3879163065100809f,-0.3078946772456606f,0.8687472629409352f,3.387327595626037f,0f,0f,0f,1f],start_interpolation:0}
execute if entity @s[tag=aj.blade_of_peril.bone.right_leg] run data modify entity @s {} merge value {transformation:[0.8769229727448766f,0.2228573779686186f,-0.4258411546072547f,0.19433507330195207f,0.28377286518598727f,0.47502360476174577f,0.8329619054334311f,0.4575415966515663f,0.3879163065100809f,-0.8512855948529309f,0.35331823493766606f,3.0813968349757648f,0f,0f,0f,1f],start_interpolation:0}
execute if entity @s[tag=aj.blade_of_peril.bone.left_leg2] run data modify entity @s {} merge value {transformation:[0.875867070850697f,-0.1765742599675589f,-0.44908618873923106f,-0.11637396309309936f,-0.0911971345761276f,0.8533063597397306f,-0.5133725149176116f,0.10201873251942989f,0.4738564728317247f,0.4906014544868762f,0.7312798752945673f,3.0547055772005405f,0f,0f,0f,1f],start_interpolation:0}
execute if entity @s[tag=aj.blade_of_peril.bone.left_leg] run data modify entity @s {} merge value {transformation:[0.875867070850697f,0.21747198061551762f,-0.43077002199153f,-0.038219970059397715f,-0.0911971345761276f,0.9512026614754199f,0.2947822576872315f,0.4438571889871589f,0.4738564728317247f,-0.2189050809123477f,0.8529599103745935f,2.9760365637476656f,0f,0f,0f,1f],start_interpolation:0}