execute if entity @s[tag=aj.blade_of_peril.bone.right_arm2] run data modify entity @s {} merge value {transformation:[0.5762892118529295f,0.666466721524482f,-0.47298293140697767f,0.08338331961887907f,-0.038981823447671204f,0.6005104789870589f,0.7986661267810397f,0.857939913150016f,0.8163156018003233f,-0.44182493561040825f,0.37204779871709287f,3.658767323334926f,0f,0f,0f,1f],start_interpolation:0}
execute if entity @s[tag=aj.blade_of_peril.bone.right_arm] run data modify entity @s {} merge value {transformation:[0.5762892118529295f,0.666466721524482f,-0.47298293140697767f,0.24999999999999958f,-0.038981823447671204f,0.6005104789870589f,0.7986661267810397f,1.0080675328967807f,0.8163156018003233f,-0.44182493561040825f,0.37204779871709287f,3.548311089432324f,0f,0f,0f,1f],start_interpolation:0}
execute if entity @s[tag=aj.blade_of_peril.locator_origin.slash] at @s on origin run tp @s ^-0.22272 ^1.48515 ^5.02279 ~174.13422 ~-8.15009
execute if entity @s[tag=aj.blade_of_peril.bone.gael_slash] run data modify entity @s {} merge value {transformation:[0.00001404119524432674f,-0.4387349017839929f,0.18631459306968245f,-0.2957372866633469f,0.0000014159531934711075f,5.022690389122599f,-0.26108687359691213f,1.6279086876839568f,-0.0000012386916924883118f,0.7681750718241777f,1.8135205066267603f,4.358300110311449f,0f,0f,0f,1f],start_interpolation:0}
execute if entity @s[tag=aj.blade_of_peril.locator_origin.gaels_greatsword] at @s on origin run tp @s ^-0.17424 ^0.45364 ^5.10798 ~173.87746 ~-10.63722
execute if entity @s[tag=aj.blade_of_peril.locator_origin.gaels_greatsword2] at @s on origin run tp @s ^-0.23321 ^0.55747 ^4.5583 ~173.87746 ~-10.63722
execute if entity @s[tag=aj.blade_of_peril.bone.gaels_greatsword] run data modify entity @s {} merge value {transformation:[0.9911431937171816f,-0.08153176140576601f,0.10482242808759289f,-0.24519967854618713f,0.09994963718619582f,0.9777201286486344f,-0.18458986987818704f,0.6373649712242274f,-0.08743706064623377f,0.19343195681523645f,0.9772097208420392f,3.7988750975808343f,0f,0f,0f,1f],start_interpolation:0}
execute if entity @s[tag=aj.blade_of_peril.bone.left_arm2] run data modify entity @s {} merge value {transformation:[0.9911431937171816f,-0.13263020341183057f,-0.006663234277870203f,-0.34262183929237133f,0.09994963718619582f,0.7120043964047261f,0.6950250423737909f,0.8107084473762206f,-0.08743706064623377f,-0.6895353280603383f,0.7189546521041984f,3.607495219676204f,0f,0f,0f,1f],start_interpolation:0}
execute if entity @s[tag=aj.blade_of_peril.bone.left_arm] run data modify entity @s {} merge value {transformation:[0.9911431937171816f,-0.12508423968910698f,0.04459935570726745f,-0.2500000000000004f,0.09994963718619582f,0.9237808576916735f,0.3696471249567407f,1.0541473664474135f,-0.08743706064623377f,-0.3619155425563185f,0.9281012339619601f,3.5060867014563453f,0f,0f,0f,1f],start_interpolation:0}
execute if entity @s[tag=aj.blade_of_peril.bone.head] run data modify entity @s {} merge value {transformation:[0.999048223774894f,-7.528691544668453e-8f,-0.043619337136453315f,-4.086753525349643e-16f,-0.025018964658707874f,0.8191520070352519f,-0.5730305757789239f,1.1512634587921649f,0.035730910702577535f,0.5735764895548919f,0.8183723557466073f,3.6120703186228007f,0f,0f,0f,1f],start_interpolation:0}
execute if entity @s[tag=aj.blade_of_peril.bone.body_top] run data modify entity @s {} merge value {transformation:[1f,-5.3356484305280675e-33f,-2.4067554748134063e-32f,-4.086753525349643e-16f,0f,0.6755902076156605f,-0.737277336810124f,0.8852498145434984f,2.465190328815662e-32f,0.737277336810124f,0.6755902076156605f,3.3217673672538144f,0f,0f,0f,1f],start_interpolation:0}
execute if entity @s[tag=aj.blade_of_peril.bone.body] run data modify entity @s {} merge value {transformation:[1f,-5.3356484305280675e-33f,-2.4067554748134063e-32f,-4.086753525349643e-16f,0f,0.6755902076156605f,-0.737277336810124f,0.5896790987116469f,2.465190328815662e-32f,0.737277336810124f,0.6755902076156605f,2.999208532399385f,0f,0f,0f,1f],start_interpolation:0}
execute if entity @s[tag=aj.blade_of_peril.locator_origin.player_camera] at @s on origin run tp @s ^0 ^0.01711 ^2.70461 ~-180 ~-35
execute if entity @s[tag=aj.blade_of_peril.bone.right_leg2] run data modify entity @s {} merge value {transformation:[0.9659258193009973f,-0.18301268157559553f,-0.1830127590912908f,0.17497588757930105f,0.17485557923641162f,0.9827705000126545f,-0.05989716783601623f,0.28857879286442617f,0.1908214820652962f,0.025855418917251738f,0.9812841888540836f,3.133591509677789f,0f,0f,0f,1f],start_interpolation:0}
execute if entity @s[tag=aj.blade_of_peril.bone.right_leg] run data modify entity @s {} merge value {transformation:[0.9659258193009973f,-0.1390633393510997f,-0.21828582009882835f,0.1249999999999996f,0.17485557923641162f,0.9724390349600281f,0.15423310181640015f,0.6380490710531863f,0.1908214820652962f,-0.18714622874781622f,0.9636199723168224f,3.0663358337215425f,0f,0f,0f,1f],start_interpolation:0}
execute if entity @s[tag=aj.blade_of_peril.bone.left_leg2] run data modify entity @s {} merge value {transformation:[0.96592583878111f,0.25268396106112634f,-0.05601865579847618f,-0.2172173364462443f,-0.2468400580488431f,0.8342986147992167f,-0.49296633463812933f,0.32696508062484064f,-0.0778283991705644f,0.48999656852529844f,0.8682431129101916f,2.9629485009462164f,0f,0f,0f,1f],start_interpolation:0}
execute if entity @s[tag=aj.blade_of_peril.bone.left_leg] run data modify entity @s {} merge value {transformation:[0.96592583878111f,0.25660476228520035f,0.033782687098050296f,-0.12500000000000042f,-0.2468400580488431f,0.9525886682863915f,-0.17788989514529197f,0.6693016332902626f,-0.0778283991705644f,0.1634895257345712f,0.9834703428460018f,3.021702549257078f,0f,0f,0f,1f],start_interpolation:0}