execute if entity @s[tag=aj.blade_of_peril.bone.right_arm2] run data modify entity @s {} merge value {transformation:[0.6897460875664037f,0.6258998093591734f,-0.3640051693739938f,0.12495706162985448f,0.041835475557868096f,0.4674431770948388f,0.8830326546466614f,0.8712014110805452f,0.7228417030523949f,-0.6242966481021933f,0.2962322863846543f,3.622604091588886f,0f,0f,0f,1f],start_interpolation:0}
execute if entity @s[tag=aj.blade_of_peril.bone.right_arm] run data modify entity @s {} merge value {transformation:[0.6897460875664037f,0.6258998093591734f,-0.3640051693739938f,0.28143201396964784f,0.041835475557868096f,0.4674431770948388f,0.8830326546466614f,0.9880622053542548f,0.7228417030523949f,-0.6242966481021933f,0.2962322863846543f,3.466529929563338f,0f,0f,0f,1f],start_interpolation:0}
execute if entity @s[tag=aj.blade_of_peril.bone.gael_slash] run data modify entity @s {} merge value {transformation:[0.000008291728827439192f,0.000011022261065411668f,0.42027290026054276f,-0.3734956130955642f,-0.000007789950845183732f,0.000008326118819691405f,-1.0929811804867196f,0.43561425802508913f,-0.000008441465709595681f,0.000003143238910858546f,1.421442555828255f,3.9998220942616554f,0f,0f,0f,1f],start_interpolation:0}
execute if entity @s[tag=aj.blade_of_peril.bone.gaels_greatsword] run data modify entity @s {} merge value {transformation:[0.5852985054662959f,0.7872554863780888f,0.19404756805103235f,-0.45747941906011097f,-0.5498788831894399f,0.5612796795145407f,-0.6185453380200913f,0.6471090622771367f,-0.5958681677361658f,0.2553310019007759f,0.7614113252028051f,3.722156442972554f,0f,0f,0f,1f],start_interpolation:0}
execute if entity @s[tag=aj.blade_of_peril.bone.left_arm2] run data modify entity @s {} merge value {transformation:[0.5852985054662959f,0.2826759651305868f,0.7599473391205553f,-0.43073050702770793f,-0.5498788831894399f,0.8271745753807651f,0.11582502176121265f,0.901504880143547f,-0.5958681677361658f,-0.4856712062508365f,0.639581586740584f,3.6185583766157627f,0f,0f,0f,1f],start_interpolation:0}
execute if entity @s[tag=aj.blade_of_peril.bone.left_arm] run data modify entity @s {} merge value {transformation:[0.5852985054662959f,0.5519777946683943f,0.5939243838166077f,-0.21957374517732237f,-0.5498788831894399f,0.8085339768893456f,-0.20953763871398812f,1.0349035139672034f,-0.5958681677361658f,-0.20394441009381853f,0.7767546615696812f,3.493088753125287f,0f,0f,0f,1f],start_interpolation:0}
execute if entity @s[tag=aj.blade_of_peril.bone.head] run data modify entity @s {} merge value {transformation:[0.9420599625984806f,0.06655038683086337f,-0.32877663068048607f,0.04278859971872691f,-0.2052271279268869f,0.8896304177829256f,-0.4079700304167678f,1.1399889650973598f,0.26533912796990844f,0.451806115239756f,0.8517431428547748f,3.550422080618274f,0f,0f,0f,1f],start_interpolation:0}
execute if entity @s[tag=aj.blade_of_peril.bone.body_top] run data modify entity @s {} merge value {transformation:[0.9892181831816571f,0.10474990678702598f,0.10234668089826626f,0.0015433239213354238f,-0.011049201000754634f,0.7502452269937046f,-0.6610673298011405f,0.8445799069685886f,-0.14603185001918959f,0.6528089738976283f,0.7433136231623225f,3.293378547146083f,0f,0f,0f,1f],start_interpolation:0}
execute if entity @s[tag=aj.blade_of_peril.bone.body] run data modify entity @s {} merge value {transformation:[0.9856809050038577f,0.10474990678702598f,0.13213860351496767f,-0.04428476029798844f,0.00889607182971328f,0.7502452269937046f,-0.6610998103759866f,0.5163476201588428f,-0.16838650010252315f,0.6528089738976283f,0.7385705316230463f,3.0077746210658707f,0f,0f,0f,1f],start_interpolation:0}
execute if entity @s[tag=aj.blade_of_peril.locator_origin.player_camera] at @s on origin run tp @s ^0 ^0.12237 ^3.33709 ~172.21146 ~-35.81996
execute if entity @s[tag=aj.blade_of_peril.bone.right_leg2] run data modify entity @s {} merge value {transformation:[0.9842379205957537f,-0.1683661325204237f,-0.05411618132742311f,0.1171216133774448f,0.16739527772152557f,0.9856436759527588f,-0.02203100203954228f,0.3102572000901277f,0.057048546501034594f,0.012624954433507363f,0.9982915775802537f,3.331219681356936f,0f,0f,0f,1f],start_interpolation:0}
execute if entity @s[tag=aj.blade_of_peril.bone.right_leg] run data modify entity @s {} merge value {transformation:[0.9842379205957537f,-0.07340938042577272f,-0.16089368703231208f,0.09074011728693272f,0.16739527772152557f,0.6801904826749354f,0.7136663984488633f,0.5547006548014326f,0.057048546501034594f,-0.7293503754327839f,0.6817576499007377f,3.0691093901857793f,0f,0f,0f,1f],start_interpolation:0}
execute if entity @s[tag=aj.blade_of_peril.bone.left_leg2] run data modify entity @s {} merge value {transformation:[0.9440429608140815f,0.3214287790677358f,-0.07393529687779542f,-0.27757792954302535f,-0.2504053561426929f,0.5525915146796958f,-0.7949463978904807f,0.28333938990852564f,-0.21466263240823777f,0.7689773454992184f,0.6021576175359256f,2.9210137970845955f,0f,0f,0f,1f],start_interpolation:0}
execute if entity @s[tag=aj.blade_of_peril.bone.left_leg] run data modify entity @s {} merge value {transformation:[0.9440429608140815f,0.31051360817509666f,0.11119436710312997f,-0.1659871016051f,-0.2504053561426929f,0.8941907048975993f,-0.3711066435538247f,0.6046891744811004f,-0.21466263240823777f,0.3224969494628078f,0.9219087112261981f,3.0369111382977922f,0f,0f,0f,1f],start_interpolation:0}