execute if entity @s[tag=aj.blade_of_peril.bone.right_arm2] run data modify entity @s {} merge value {transformation:[-0.4561045338639337f,0.8840230014990533f,0.10233272697123319f,-0.07130978943540112f,0.33657074432397505f,0.06490574488484818f,0.9394186384919921f,1.1473344364376739f,0.8238257025936796f,0.4629153022978915f,-0.3271400841298459f,3.350962483946859f,0f,0f,0f,1f],start_interpolation:0}
execute if entity @s[tag=aj.blade_of_peril.bone.right_arm] run data modify entity @s {} merge value {transformation:[-0.4561045338639337f,0.8840230014990533f,0.10233272697123319f,0.14969596093936222f,0.33657074432397505f,0.06490574488484818f,0.9394186384919921f,1.163560872658886f,0.8238257025936796f,0.4629153022978915f,-0.3271400841298459f,3.466691309521332f,0f,0f,0f,1f],start_interpolation:0}
execute if entity @s[tag=aj.blade_of_peril.locator_origin.slash] at @s on origin run tp @s ^-1.48157 ^0.94329 ^2.44451 ~-73.60334 ~-12.71511
execute if entity @s[tag=aj.blade_of_peril.bone.gael_slash] run data modify entity @s {} merge value {transformation:[0.0000036308032618343485f,-0.3828979760581115f,-1.4582951142067977f,-0.9450768812684714f,-0.000013615909497112314f,-0.2637487268474262f,-0.34299447989503423f,1.0678750238030699f,-0.0000014555825928968373f,1.5120760477983932f,-0.4291071246435994f,2.6172807617895475f,0f,0f,0f,1f],start_interpolation:0}
execute if entity @s[tag=aj.blade_of_peril.locator_origin.gaels_greatsword] at @s on origin run tp @s ^-1.48642 ^1.03287 ^2.2027 ~-71.08248 ~-12.27602
execute if entity @s[tag=aj.blade_of_peril.locator_origin.gaels_greatsword2] at @s on origin run tp @s ^-0.96647 ^1.15247 ^2.3809 ~-71.08248 ~-12.27602
execute if entity @s[tag=aj.blade_of_peril.bone.gaels_greatsword] run data modify entity @s {} merge value {transformation:[0.25629199495301286f,-0.2826314603143609f,-0.9243559222310297f,-0.23051030917670434f,-0.9611230233255752f,-0.1761664839425418f,-0.21262150401318444f,1.2655376975066084f,-0.10274700655742382f,0.9429129480370364f,-0.31679366323775293f,2.550705058130447f,0f,0f,0f,1f],start_interpolation:0}
execute if entity @s[tag=aj.blade_of_peril.bone.left_arm2] run data modify entity @s {} merge value {transformation:[0.25629199495301286f,0.6182218416957104f,-0.7430451990110492f,-0.06842099322823342f,-0.9611230233255752f,0.08127859693301041f,-0.2638869525272284f,1.3517606197457428f,-0.10274700655742382f,0.7817899616463275f,0.6150182993314292f,2.756758345247164f,0f,0f,0f,1f],start_interpolation:0}
execute if entity @s[tag=aj.blade_of_peril.bone.left_arm] run data modify entity @s {} merge value {transformation:[0.25629199495301286f,0.28681141893415024f,-0.9230675074402658f,0.03531836087443074f,-0.9611230233255752f,-0.025893532611840266f,-0.27490372678882696f,1.2251468586770857f,-0.10274700655742382f,0.9576370580433173f,0.2690247529608189f,2.983324233938315f,0f,0f,0f,1f],start_interpolation:0}
execute if entity @s[tag=aj.blade_of_peril.bone.head] run data modify entity @s {} merge value {transformation:[-0.5335612601081957f,-0.041579850003602675f,-0.8447387156899069f,0.08939768101164998f,-0.11415892682329472f,0.993191126857215f,0.023219064551558116f,1.3409032068490485f,0.8380215517146969f,0.10882325856991072f,-0.5346750202280993f,3.2418584821364744f,0f,0f,0f,1f],start_interpolation:0}
execute if entity @s[tag=aj.blade_of_peril.bone.body_top] run data modify entity @s {} merge value {transformation:[0.3518210038165005f,-0.23565864916108437f,-0.9059177569454767f,0.18218827411882696f,-0.08638039418532367f,0.9554883249968258f,-0.2821001387719413f,0.9646796788815484f,0.932073177799865f,0.17750228694395281f,0.3158045746276144f,3.1719669566522932f,0f,0f,0f,1f],start_interpolation:0}
execute if entity @s[tag=aj.blade_of_peril.bone.body] run data modify entity @s {} merge value {transformation:[0.423037185228728f,-0.23565864916108437f,-0.8749311635719285f,0.28528893312680137f,-0.06357820058331606f,0.9554883249968258f,-0.28809698576234366f,0.5466535366954371f,0.9038790584609996f,0.17750228694395281f,0.3892243386600124f,3.0943097061143137f,0f,0f,0f,1f],start_interpolation:0}
execute if entity @s[tag=aj.blade_of_peril.locator_origin.player_camera] at @s on origin run tp @s ^0.47599 ^-0.05201 ^2.95339 ~-129.9636 ~-29.34546
execute if entity @s[tag=aj.blade_of_peril.bone.right_leg2] run data modify entity @s {} merge value {transformation:[0.4760251245234966f,0.01531840506578791f,-0.8792982584360274f,0.04991055623061741f,0.2118549798326087f,0.9684052685130848f,0.13156254571961412f,0.4159802814577994f,0.853532394430648f,-0.24891079201662003f,0.45773995813687074f,3.4257613048922115f,0f,0f,0f,1f],start_interpolation:0}
execute if entity @s[tag=aj.blade_of_peril.bone.right_leg] run data modify entity @s {} merge value {transformation:[0.4760251245234966f,0.701171056998143f,-0.530809975085715f,0.30189390483932504f,0.2118549798326087f,0.49437750809069303f,0.8430351991549119f,0.5936471984278923f,0.853532394430648f,-0.5137606722221391f,0.0867895347109374f,3.24112856331238f,0f,0f,0f,1f],start_interpolation:0}
execute if entity @s[tag=aj.blade_of_peril.bone.left_leg2] run data modify entity @s {} merge value {transformation:[0.6563166577269466f,-0.6067921260796034f,-0.4483879575969072f,0.31056372033814594f,-0.23414672170825884f,0.4011436686643041f,-0.8855840275229778f,0.3474768630311409f,0.7172334051781234f,0.6862121194050262f,0.1211988848061582f,2.805712318278678f,0f,0f,0f,1f],start_interpolation:0}
execute if entity @s[tag=aj.blade_of_peril.bone.left_leg] run data modify entity @s {} merge value {transformation:[0.6563166577269466f,-0.28614210993383904f,-0.6981197158888596f,0.20773139958067255f,-0.23414672170825884f,0.802359795519421f,-0.5489936896243055f,0.6358249145459328f,0.7172334051781234f,0.523776146322686f,0.45960286230608993f,2.9939443708633933f,0f,0f,0f,1f],start_interpolation:0}