execute if entity @s[tag=aj.blade_of_peril.bone.right_arm2] run data modify entity @s {} merge value {transformation:[0.2226283285133525f,-0.622163718810315f,-0.7505657428496655f,0.4325799294632637f,-0.7050834767064832f,0.4289314757890937f,-0.5646902513350909f,1.2872191925786776f,0.6732710585038159f,0.6549275502477425f,-0.34318506043772f,6.285815751165295f,0f,0f,0f,1f],start_interpolation:0}
execute if entity @s[tag=aj.blade_of_peril.bone.right_arm] run data modify entity @s {} merge value {transformation:[0.35201202330496983f,-0.5592303649742842f,-0.7505657428496655f,0.2927723382196926f,-0.7812079460204723f,0.266156091648466f,-0.5646902513350909f,1.3537582154907941f,0.5155595799936377f,0.7851256802379742f,-0.34318506043772f,6.482097171224789f,0f,0f,0f,1f],start_interpolation:0}
execute if entity @s[tag=aj.blade_of_peril.bone.gael_slash] run data modify entity @s {} merge value {transformation:[-0.000011810316833741748f,0.00000776264155432007f,-0.15613383635117814f,-0.24727893114329236f,-0.000007300658430314869f,-0.000011569884692719491f,-0.5885868989474685f,1.1116713755691647f,-0.000002812693942638119f,-0.0000025639049788872833f,2.1833381472670332f,7.235966242408084f,0f,0f,0f,1f],start_interpolation:0}
execute if entity @s[tag=aj.blade_of_peril.bone.gaels_greatsword] run data modify entity @s {} merge value {transformation:[-0.8336694235582411f,0.5444250247282522f,-0.09271830819052054f,-0.21315534175949477f,-0.5153405950810496f,-0.827247104175142f,-0.2237996865398862f,1.0994015260585828f,-0.19854310183327897f,-0.13879344755241088f,0.9702149326983872f,7.124531287787656f,0f,0f,0f,1f],start_interpolation:0}
execute if entity @s[tag=aj.blade_of_peril.bone.left_arm2] run data modify entity @s {} merge value {transformation:[-0.0121921394788348f,-0.024605846607274856f,0.9996228809144316f,-0.23545526035754377f,-0.9411623511870688f,0.3379399929598482f,-0.003160674979525338f,1.2489474184957439f,-0.3377347782550044f,-0.9408459562920154f,-0.02727830797549416f,6.893654620535644f,0f,0f,0f,1f],start_interpolation:0}
execute if entity @s[tag=aj.blade_of_peril.bone.left_arm] run data modify entity @s {} merge value {transformation:[-0.0121921394788348f,-0.024605846607274856f,0.9996228809144316f,-0.24313073944421684f,-0.9411623511870688f,0.3379399929598482f,-0.003160674979525338f,1.2157871228373223f,-0.3377347782550044f,-0.9408459562920154f,-0.02727830797549416f,6.616226284180764f,0f,0f,0f,1f],start_interpolation:0}
execute if entity @s[tag=aj.blade_of_peril.bone.head] run data modify entity @s {} merge value {transformation:[0.998426437218907f,0.03950959140239252f,-0.039794995283023854f,0.0014969794161650619f,-0.05255058956952437f,0.906897594473297f,-0.41806122598782414f,1.3674388689589645f,0.01957255727428836f,0.4194946308664308f,0.9075467864942178f,6.63420097648475f,0f,0f,0f,1f],start_interpolation:0}
execute if entity @s[tag=aj.blade_of_peril.bone.body_top] run data modify entity @s {} merge value {transformation:[0.9763248387854421f,0.0038018028801488635f,0.21627610932657593f,1.953210644677802e-8f,0.09655747205500072f,0.88704263031577f,-0.4514776036447743f,1.01816583327213f,-0.19356255774536635f,0.461671872976187f,0.8656746605635001f,6.452417676500376f,0f,0f,0f,1f],start_interpolation:0}
execute if entity @s[tag=aj.blade_of_peril.bone.body] run data modify entity @s {} merge value {transformation:[0.9914448632133024f,4.46448168534388e-8f,0.13052617824771465f,-9.266014564257886e-16f,0.04995015526120759f,0.9238795634538443f,-0.37940945457607594f,0.6139685242610731f,-0.12059048551746286f,0.38268335766313666f,0.9159756451840465f,6.284993707522754f,0f,0f,0f,1f],start_interpolation:0}
execute if entity @s[tag=aj.blade_of_peril.locator_origin.player_camera] at @s on origin run tp @s ^0 ^0.3255 ^6.71209 ~-180 ~-20
execute if entity @s[tag=aj.blade_of_peril.bone.right_leg2] run data modify entity @s {} merge value {transformation:[0.9958767021259659f,-0.049541954283536596f,0.0759946638158114f,0.15107118808446637f,0.05165854743910589f,0.9983225745139267f,-0.026142526510784747f,0.34703317552132623f,-0.07457203657666772f,0.029960507032648853f,0.9967654585604151f,6.4241122272416735f,0f,0f,0f,1f],start_interpolation:0}
execute if entity @s[tag=aj.blade_of_peril.bone.right_leg] run data modify entity @s {} merge value {transformation:[0.9958767021259659f,-0.07254591466982198f,0.05446727850213494f,0.1249999999999991f,0.05165854743910589f,0.9470576270988408f,0.3168804907696193f,0.6873820102599721f,-0.07457203657666772f,-0.31276019762532453f,0.9469002429729205f,6.311714031220072f,0f,0f,0f,1f],start_interpolation:0}
execute if entity @s[tag=aj.blade_of_peril.bone.left_leg2] run data modify entity @s {} merge value {transformation:[0.9833697287169572f,0.06074688107949076f,-0.17115429612560756f,-0.17276575329912355f,-0.16698641957641125f,0.6729778426558795f,-0.7205666929377801f,0.3532856964000173f,0.07141086976216365f,0.7371639164618358f,0.6719299427369334f,6.188229309485123f,0f,0f,0f,1f],start_interpolation:0}
execute if entity @s[tag=aj.blade_of_peril.bone.left_leg] run data modify entity @s {} merge value {transformation:[0.9833697287169572f,0.13291340048451508f,-0.12376592671159888f,-0.12500000000000094f,-0.16698641957641125f,0.9296593081320483f,-0.32840387707895896f,0.6873820102599721f,0.07141086976216365f,0.34360966047985925f,0.9363935544976412f,6.311714031220072f,0f,0f,0f,1f],start_interpolation:0}