execute if entity @s[tag=aj.blade_of_peril.bone.right_arm2] run data modify entity @s {} merge value {transformation:[0.6457365150944198f,0.6508187106834301f,-0.3993236267716599f,0.11133850470378773f,-0.03922443717586399f,0.5505592564657095f,0.8338740604240915f,0.8278264967684594f,0.7625521599221596f,-0.5227996852947434f,0.38104421325322135f,3.656645678562942f,0f,0f,0f,1f],start_interpolation:0}
execute if entity @s[tag=aj.blade_of_peril.bone.right_arm] run data modify entity @s {} merge value {transformation:[0.6457365150944198f,0.6508187106834301f,-0.3993236267716599f,0.27404318237464526f,-0.03922443717586399f,0.5505592564657095f,0.8338740604240915f,0.9654663108848868f,0.7625521599221596f,-0.5227996852947434f,0.38104421325322135f,3.5259457572392563f,0f,0f,0f,1f],start_interpolation:0}
execute if entity @s[tag=aj.blade_of_peril.locator_origin.slash] at @s on origin run tp @s ^0.02377 ^0.10271 ^4.61247 ~157.75299 ~-26.76166
execute if entity @s[tag=aj.blade_of_peril.bone.gael_slash] run data modify entity @s {} merge value {transformation:[0.000011576986438408691f,0.00000661311252485255f,0.6225706946945305f,-0.20676924328192953f,-0.000004180773930003463f,0.000011938354859603851f,-0.829266087526961f,0.40978004762428566f,-0.000007013484069672441f,0.0000037995881914038874f,1.521991983321991f,4.048880935446006f,0f,0f,0f,1f],start_interpolation:0}
execute if entity @s[tag=aj.blade_of_peril.locator_origin.gaels_greatsword] at @s on origin run tp @s ^0.0713 ^0.00077 ^4.87795 ~158.69855 ~-29.11801
execute if entity @s[tag=aj.blade_of_peril.locator_origin.gaels_greatsword2] at @s on origin run tp @s ^-0.10721 ^0.27449 ^4.42011 ~158.69855 ~-29.11801
execute if entity @s[tag=aj.blade_of_peril.bone.gaels_greatsword] run data modify entity @s {} merge value {transformation:[0.8171990427112018f,0.48110906726546143f,0.3173638132913917f,-0.32936188354505336f,-0.29511345388259735f,0.8222643834256675f,-0.4866100421149264f,0.5691941073575617f,-0.4950694637415841f,0.3039989295122012f,0.8139354255259175f,3.751492724670301f,0f,0f,0f,1f],start_interpolation:0}
execute if entity @s[tag=aj.blade_of_peril.bone.left_arm2] run data modify entity @s {} merge value {transformation:[0.8171990427112018f,0.010545668834617439f,0.576259068007373f,-0.38709618732536477f,-0.29511345388259735f,0.8664777195172658f,0.4026467569938224f,0.8134894621465293f,-0.4950694637415841f,-0.49910434825694405f,0.7111969316733809f,3.636811315578686f,0f,0f,0f,1f],start_interpolation:0}
execute if entity @s[tag=aj.blade_of_peril.bone.left_arm] run data modify entity @s {} merge value {transformation:[0.8171990427112018f,0.2302677256695144f,0.5283583056098247f,-0.22737937556908597f,-0.29511345388259735f,0.9546072734361256f,0.040410429845895546f,1.015252098770236f,-0.4950694637415841f,-0.18894900904168627f,0.8480592538571732f,3.5276903803505664f,0f,0f,0f,1f],start_interpolation:0}
execute if entity @s[tag=aj.blade_of_peril.bone.head] run data modify entity @s {} merge value {transformation:[0.9744805567968735f,0.04500290877205566f,-0.21991448935190613f,0.031702282575198304f,-0.15738817252188195f,0.8355203631643604f,-0.5264358326405199f,1.1109553412752442f,0.16005189025774696f,0.5476134228995388f,0.8212812742813347f,3.6106460690478213f,0f,0f,0f,1f],start_interpolation:0}
execute if entity @s[tag=aj.blade_of_peril.bone.body_top] run data modify entity @s {} merge value {transformation:[0.9960758964998903f,0.07000128013434243f,0.05415375510057788f,0.004139278522300973f,-0.007859299843928016f,0.6794300345460179f,-0.7336982074141656f,0.8434297651727496f,-0.0881535014500461f,0.7303934891114174f,0.6773140418194108f,3.3230536327102005f,0f,0f,0f,1f],start_interpolation:0}
execute if entity @s[tag=aj.blade_of_peril.bone.body] run data modify entity @s {} merge value {transformation:[0.9949595323486857f,0.07000128013434243f,0.07180076439731f,-0.026486281536473838f,0.005146788376267794f,0.6794300345460179f,-0.7337222490331111f,0.5461791250588668f,-0.1001450925302614f,0.7303934891114174f,0.6756451076606381f,3.0035064812239556f,0f,0f,0f,1f],start_interpolation:0}
execute if entity @s[tag=aj.blade_of_peril.locator_origin.player_camera] at @s on origin run tp @s ^-0.05285 ^-0.02392 ^2.70531 ~175.38386 ~-35.47658
execute if entity @s[tag=aj.blade_of_peril.bone.right_leg2] run data modify entity @s {} merge value {transformation:[0.9789981220725553f,-0.17557112988353127f,-0.10362169333604945f,0.12903681425796648f,0.1704533516375896f,0.9837501293922647f,-0.05640334951237036f,0.3023317310337096f,0.11184065403028685f,0.03755610831972067f,0.9930162168031069f,3.28993000536302f,0f,0f,0f,1f],start_interpolation:0}
execute if entity @s[tag=aj.blade_of_peril.bone.right_leg] run data modify entity @s {} merge value {transformation:[0.9789981220725553f,-0.06788854784824865f,-0.1922337692744595f,0.10463936737500212f,0.1704533516375896f,0.789851694249891f,0.5891349217336288f,0.5861846836547642f,0.11184065403028685f,-0.609528872295343f,0.7848351559050124f,3.070880566881881f,0f,0f,0f,1f],start_interpolation:0}
execute if entity @s[tag=aj.blade_of_peril.bone.left_leg2] run data modify entity @s {} merge value {transformation:[0.9553186844568442f,0.289797969503165f,-0.058166553959189626f,-0.2517889140698092f,-0.24899051055643528f,0.6829658841984376f,-0.6867032304233699f,0.3017545129404827f,-0.15927942987244248f,0.670503346667926f,0.724607014406168f,2.932981542799659f,0f,0f,0f,1f],start_interpolation:0}
execute if entity @s[tag=aj.blade_of_peril.bone.left_leg] run data modify entity @s {} merge value {transformation:[0.9553186844568442f,0.28391226400967584f,0.08221944704596829f,-0.14975794419133195f,-0.24899051055643528f,0.922882402327166f,-0.29375465464854233f,0.633415376276808f,-0.15927942987244248f,0.26015744813427666f,0.9523382620685629f,3.0264756257229144f,0f,0f,0f,1f],start_interpolation:0}