execute if entity @s[tag=aj.blade_of_peril.bone.right_arm2] run data modify entity @s {} merge value {transformation:[-0.5358106980520143f,-0.4919464859379629f,-0.6862182967731933f,0.4775978068810724f,-0.02785814869009856f,0.8225870208974417f,-0.5679564390009434f,0.8947905958910025f,0.8438784387603306f,-0.2852003646988579f,-0.4544556442284162f,2.8931267251343664f,0f,0f,0f,1f],start_interpolation:0}
execute if entity @s[tag=aj.blade_of_peril.bone.right_arm] run data modify entity @s {} merge value {transformation:[-0.27770383926553643f,-0.6722983168437047f,-0.6862182967731933f,0.30952322767014623f,-0.37288835399239845f,0.7337436601799077f,-0.5679564390009434f,1.0782265109359794f,0.8853444827376633f,0.09815912751707889f,-0.4544556442284162f,2.917666507013636f,0f,0f,0f,1f],start_interpolation:0}
execute if entity @s[tag=aj.blade_of_peril.locator_origin.slash] at @s on origin run tp @s ^-1.12523 ^0.35432 ^3.5766 ~-150.02007 ~-25.67862
execute if entity @s[tag=aj.blade_of_peril.bone.gael_slash] run data modify entity @s {} merge value {transformation:[0.000008314976108788157f,0.000009531656192437553f,-1.0207842880783733f,-0.7472373392253644f,-0.00001136939179962952f,0.000005809239043626906f,-0.9821982370657328f,0.7180205190868597f,-0.0000015141158678395855f,0.00000872322855413132f,1.7694812341743196f,2.921369324651298f,0f,0f,0f,1f],start_interpolation:0}
execute if entity @s[tag=aj.blade_of_peril.locator_origin.gaels_greatsword] at @s on origin run tp @s ^-1.29175 ^0.26554 ^3.91353 ~-147.52605 ~-26.79483
execute if entity @s[tag=aj.blade_of_peril.locator_origin.gaels_greatsword2] at @s on origin run tp @s ^-1.02216 ^0.51912 ^3.48994 ~-147.52605 ~-26.79483
execute if entity @s[tag=aj.blade_of_peril.bone.gaels_greatsword] run data modify entity @s {} merge value {transformation:[0.5869394900321052f,0.6525385948091342f,-0.4792654977414633f,-0.6663823221488988f,-0.8025453035032601f,0.3907723695320188f,-0.45079706191943103f,0.7842171553446944f,-0.1068787671416178f,0.6492228719745259f,0.7530515199104482f,2.8683298183148365f,0f,0f,0f,1f],start_interpolation:0}
execute if entity @s[tag=aj.blade_of_peril.bone.left_arm2] run data modify entity @s {} merge value {transformation:[0.5869394900321052f,0.757238189767549f,0.2865176416879376f,-0.5046126456138985f,-0.8025453035032601f,0.5908697409336422f,0.08242563359702187f,0.9915526708592202f,-0.1068787671416178f,-0.27832224705649355f,0.9545227372502512f,2.784616906791044f,0f,0f,0f,1f],start_interpolation:0}
execute if entity @s[tag=aj.blade_of_peril.bone.left_arm] run data modify entity @s {} merge value {transformation:[0.5869394900321052f,0.7062285732346439f,-0.39590811735529136f,-0.25468806605122435f,-0.8025453035032601f,0.4429454469984002f,-0.3996503056526386f,1.0019708696709126f,-0.1068787671416178f,0.5523047467932414f,0.8267625994225558f,2.909333247596652f,0f,0f,0f,1f],start_interpolation:0}
execute if entity @s[tag=aj.blade_of_peril.bone.head] run data modify entity @s {} merge value {transformation:[0.9961946980917455f,-0.033353058785002505f,-0.08052140686538019f,-0.008882041657053247f,-0.0038016801040236564f,0.9063713067224365f,-0.42246491165379596f,1.138123436824042f,0.08707278979269356f,0.42116342174973737f,0.9027954925993873f,2.9741864613115077f,0f,0f,0f,1f],start_interpolation:0}
execute if entity @s[tag=aj.blade_of_peril.bone.body_top] run data modify entity @s {} merge value {transformation:[0.9961946980917455f,-0.022557566113149765f,-0.08418598282936895f,-5.264659274268985e-16f,-0.0038016801040236564f,0.953759910811376f,-0.30054547036590473f,0.7625804719420627f,0.08707278979269356f,0.29972185228996423f,0.9500448097524613f,2.856170981972334f,0f,0f,0f,1f],start_interpolation:0}
execute if entity @s[tag=aj.blade_of_peril.bone.body] run data modify entity @s {} merge value {transformation:[1f,1.0683668623545385e-17f,2.4469624135081553e-16f,-5.311400324496996e-16f,0f,0.9990482215818578f,-0.04361938736533576f,0.3254968749999999f,-2.449293598294706e-16f,0.04361938736533576f,0.9990482215818578f,2.8370875f,0f,0f,0f,1f],start_interpolation:0}
execute if entity @s[tag=aj.blade_of_peril.locator_origin.player_camera] at @s on origin run tp @s ^0 ^-0.3125 ^2.92418 ~-180 ~0
execute if entity @s[tag=aj.blade_of_peril.bone.right_leg2] run data modify entity @s {} merge value {transformation:[0.9542394719777957f,-0.28506859966609893f,-0.09034889929571373f,0.15266028808442175f,0.29649462925090164f,0.9412552188361641f,0.16164636661259923f,0.2708669899295729f,0.03896106960682702f,-0.1810373069234456f,0.9827041917876396f,3.16989591272123f,0f,0f,0f,1f],start_interpolation:0}
execute if entity @s[tag=aj.blade_of_peril.bone.right_leg] run data modify entity @s {} merge value {transformation:[0.9542394719777957f,-0.07696775814795767f,-0.28896884663439953f,0.12499999999999947f,0.29649462925090164f,0.3694048975872751f,0.8806991293647933f,0.4036218749999999f,0.03896106960682702f,-0.9260755832242918f,0.3753212613360449f,2.8370875f,0f,0f,0f,1f],start_interpolation:0}
execute if entity @s[tag=aj.blade_of_peril.bone.left_leg2] run data modify entity @s {} merge value {transformation:[0.965983432940517f,0.13567747570675232f,-0.2201536505949818f,-0.21731148713819776f,-0.21610149916745292f,0.8911113862229139f,-0.39902461001980355f,0.1383172141267044f,0.142042772931371f,0.433026696555444f,0.8901189418994782f,3.0612357029511728f,0f,0f,0f,1f],start_interpolation:0}
execute if entity @s[tag=aj.blade_of_peril.bone.left_leg] run data modify entity @s {} merge value {transformation:[0.965983432940517f,0.2568667468193314f,0.029924599628185063f,-0.12500000000000053f,-0.21610149916745292f,0.7382390563430832f,0.6389861013725209f,0.4036218749999999f,0.142042772931371f,-0.6237167386467415f,0.7686359870509833f,2.8370875f,0f,0f,0f,1f],start_interpolation:0}