execute if entity @s[tag=aj.blade_of_peril.bone.right_arm2] run data modify entity @s {} merge value {transformation:[-0.5357660807887795f,-0.4153459377962131f,-0.7351479161586563f,0.43312106152303115f,-0.096959742305124f,0.8951541510726264f,-0.43508373238903053f,0.8465928326411688f,0.8387809696508111f,-0.16182335361013278f,-0.519865066318189f,3.034140519577202f,0f,0f,0f,1f],start_interpolation:0}
execute if entity @s[tag=aj.blade_of_peril.bone.right_arm] run data modify entity @s {} merge value {transformation:[-0.33581259378456996f,-0.588886613214517f,-0.7351479161586563f,0.2858994082194019f,-0.43244120757925886f,0.7897447358468576f,-0.43508373238903053f,1.0440290166028832f,0.8367941824863934f,0.17180165592599309f,-0.519865066318189f,3.0770909335587002f,0f,0f,0f,1f],start_interpolation:0}
execute if entity @s[tag=aj.blade_of_peril.locator_origin.slash] at @s on origin run tp @s ^-1.23665 ^0.25491 ^3.464 ~-138.16594 ~-29.063
execute if entity @s[tag=aj.blade_of_peril.bone.gael_slash] run data modify entity @s {} merge value {transformation:[0.000008730765145034455f,0.000007500383489579073f,-1.3214530856448177f,-0.7473232427102299f,-0.000011145423681758384f,0.000005395868729669693f,-1.1010810809828437f,0.6626413758355147f,-4.977101373243536e-7f,0.000010738868311226609f,1.4761978096851462f,2.917366239751414f,0f,0f,0f,1f],start_interpolation:0}
execute if entity @s[tag=aj.blade_of_peril.locator_origin.gaels_greatsword] at @s on origin run tp @s ^-1.46341 ^0.14368 ^3.75613 ~-135.56426 ~-30.12729
execute if entity @s[tag=aj.blade_of_peril.locator_origin.gaels_greatsword2] at @s on origin run tp @s ^-1.12279 ^0.42602 ^3.40874 ~-135.56426 ~-30.12729
execute if entity @s[tag=aj.blade_of_peril.bone.gaels_greatsword] run data modify entity @s {} merge value {transformation:[0.6162893043553733f,0.5035050846191843f,-0.6055329248684985f,-0.6593503911017164f,-0.7867357893005918f,0.3593332972634439f,-0.501922682602965f,0.7329974372777215f,-0.035132480281719086f,0.7857240044954783f,0.6175787379669455f,2.885062684700769f,0f,0f,0f,1f],start_interpolation:0}
execute if entity @s[tag=aj.blade_of_peril.bone.left_arm2] run data modify entity @s {} merge value {transformation:[0.6162893043553733f,0.7812132000302598f,0.09946571990214398f,-0.48990240414189706f,-0.7867357893005918f,0.6163798120592936f,0.033507090582817645f,0.9469948586906505f,-0.035132480281719086f,-0.09890330320182183f,0.9944766691305653f,2.844346850685176f,0f,0f,0f,1f],start_interpolation:0}
execute if entity @s[tag=aj.blade_of_peril.bone.left_arm] run data modify entity @s {} merge value {transformation:[0.6162893043553733f,0.6223659098521241f,-0.48254343596313515f,-0.25727476363444435f,-0.7867357893005918f,0.45922472049199087f,-0.41250388352429856f,0.9634590651510743f,-0.035132480281719086f,0.6338559223853566f,0.7726528188560914f,2.9984192712463003f,0f,0f,0f,1f],start_interpolation:0}
execute if entity @s[tag=aj.blade_of_peril.bone.head] run data modify entity @s {} merge value {transformation:[0.9745673399125754f,-0.10595518344926041f,-0.19746391841539296f,-0.023238974963023226f,0.02281367808466541f,0.9234942006494343f,-0.382933411259858f,1.1071801926376228f,0.22293056333301778f,0.3686895177071027f,0.9024245139982224f,3.0863712447030753f,0f,0f,0f,1f],start_interpolation:0}
execute if entity @s[tag=aj.blade_of_peril.bone.body_top] run data modify entity @s {} merge value {transformation:[0.9816302810830185f,-0.07910804590840712f,-0.17362001132769225f,0.007909818113412076f,0.02526060589228392f,0.9558676592241911f,-0.29270961692301856f,0.7308073018180975f,0.18911343963565716f,0.28294687685468267f,0.9403069561730107f,2.974960911941544f,0f,0f,0f,1f],start_interpolation:0}
execute if entity @s[tag=aj.blade_of_peril.bone.body] run data modify entity @s {} merge value {transformation:[0.9942473620871756f,-0.034631612059217914f,-0.10135499212605845f,0.023061148389319913f,0.02970609775652483f,0.9983218584135688f,-0.04970930264807621f,0.29404148876216113f,0.10290641738382172f,0.04641248172483431f,0.9936076442949547f,2.954655451186929f,0f,0f,0f,1f],start_interpolation:0}
execute if entity @s[tag=aj.blade_of_peril.locator_origin.player_camera] at @s on origin run tp @s ^0.03236 ^-0.34523 ^3.03124 ~-177.04622 ~-0.99445
execute if entity @s[tag=aj.blade_of_peril.bone.right_leg2] run data modify entity @s {} merge value {transformation:[0.9463625558572156f,-0.25993059446020006f,-0.19192185632430162f,0.14059950950647232f,0.29890672253169315f,0.9298501448537564f,0.2145541408148759f,0.2521157281325027f,0.12268938053784553f,-0.2604127381274104f,0.9576703617238163f,3.3091544382077385f,0f,0f,0f,1f],start_interpolation:0}
execute if entity @s[tag=aj.blade_of_peril.bone.right_leg] run data modify entity @s {} merge value {transformation:[0.9463625558572156f,0.01424364096921802f,-0.32279255190189704f,0.14571831797978504f,0.29890672253169315f,0.3407545199983883f,0.8913703654071238f,0.3745743837569235f,0.12268938053784553f,-0.9400444009687035f,0.3182197984265464f,2.9713259816096107f,0f,0f,0f,1f],start_interpolation:0}
execute if entity @s[tag=aj.blade_of_peril.bone.left_leg2] run data modify entity @s {} merge value {transformation:[0.9575089013898622f,0.05774380425721225f,-0.28256389866556714f,-0.2022971559573946f,-0.1789161086677569f,0.8873616719293735f,-0.4249450426230364f,0.08460636575225833f,0.2261984301854624f,0.4574438941122852f,0.8599879963819387f,3.135475642498419f,0f,0f,0f,1f],start_interpolation:0}
execute if entity @s[tag=aj.blade_of_peril.bone.left_leg] run data modify entity @s {} merge value {transformation:[0.9575089013898622f,0.2763853130565395f,-0.08238848515307694f,-0.1029711840777007f,-0.1789161086677569f,0.7933081265744121f,0.5819374900882259f,0.36970147373993767f,0.2261984301854624f,-0.5424696996493311f,0.8090493774449107f,2.9405255941869406f,0f,0f,0f,1f],start_interpolation:0}