execute if entity @s[tag=aj.blade_of_peril.bone.right_arm2] run data modify entity @s {} merge value {transformation:[0.23473879986362994f,-0.615858332721489f,-0.7520746039164534f,0.42779655948452366f,-0.7184682903433519f,0.41121578914697243f,-0.5609856419974879f,1.2954573920469932f,0.6547526339081678f,0.672026851229726f,-0.34594638257477955f,6.158096040031367f,0f,0f,0f,1f],start_interpolation:0}
execute if entity @s[tag=aj.blade_of_peril.bone.right_arm] run data modify entity @s {} merge value {transformation:[0.37679936429599803f,-0.5407458083148138f,-0.7520746039164534f,0.2926101074058202f,-0.7966270078759763f,0.22512334351469526f,-0.5609856419974879f,1.351738227925667f,0.47266018384109826f,0.81050197470131f,-0.34594638257477955f,6.360721533706695f,0f,0f,0f,1f],start_interpolation:0}
execute if entity @s[tag=aj.blade_of_peril.bone.gael_slash] run data modify entity @s {} merge value {transformation:[-0.000011898415468618747f,0.000007650404936778476f,-0.12325796910418178f,-0.24230641778745649f,-0.000007266075557815923f,-0.00001165153457664494f,-0.5574876774513747f,1.1093283260438642f,-0.000002515213662631575f,-0.0000025313021860314083f,2.193579891483317f,7.115563129617807f,0f,0f,0f,1f],start_interpolation:0}
execute if entity @s[tag=aj.blade_of_peril.bone.gaels_greatsword] run data modify entity @s {} merge value {transformation:[-0.8398881507260293f,0.537142638677169f,-0.07788247546745623f,-0.2101148574635021f,-0.5128994511399475f,-0.8324066711265958f,-0.20984109913046084f,1.0953154748603444f,-0.17754449383281706f,-0.13629717377432166f,0.9746286642259097f,7.003759457422656f,0f,0f,0f,1f],start_interpolation:0}
execute if entity @s[tag=aj.blade_of_peril.bone.left_arm2] run data modify entity @s {} merge value {transformation:[-0.012177285641631851f,-0.04852050178387114f,0.9987479535003031f,-0.23881773415665955f,-0.9403327054605567f,0.34021870440547997f,0.005063221690445442f,1.2452854887996714f,-0.3400384048245612f,-0.9390937088913426f,-0.04976835505690282f,6.773867231402987f,0f,0f,0f,1f],start_interpolation:0}
execute if entity @s[tag=aj.blade_of_peril.bone.left_arm] run data modify entity @s {} merge value {transformation:[-0.012177285641631851f,-0.009353226375972468f,0.9998821084861764f,-0.24267820145585664f,-0.9403327054605567f,0.3401558586198769f,-0.008270120180764312f,1.2127828652720711f,-0.3400384048245612f,-0.9403225558301438f,-0.012937319715992074f,6.496281791842381f,0f,0f,0f,1f],start_interpolation:0}
execute if entity @s[tag=aj.blade_of_peril.bone.head] run data modify entity @s {} merge value {transformation:[0.9984154158337497f,0.040395428061001236f,-0.03917737634514715f,0.0018246970148301299f,-0.05310150807606244f,0.9067397699110934f,-0.4183338612897904f,1.364686383802482f,0.01862490981370643f,0.4197513538433751f,0.9074480225781997f,6.513823633179998f,0f,0f,0f,1f],start_interpolation:0}
execute if entity @s[tag=aj.blade_of_peril.bone.body_top] run data modify entity @s {} merge value {transformation:[0.9755600983510021f,0.004263470489991202f,0.21969141386218116f,0.00014595550939609377f,0.09822477015851425f,0.8858944416750082f,-0.45336842935589683f,1.0158654473929476f,-0.19655632534388262f,0.46386728816408984f,0.8638244902401198f,6.3311758884653875f,0f,0f,0f,1f],start_interpolation:0}
execute if entity @s[tag=aj.blade_of_peril.bone.body] run data modify entity @s {} merge value {transformation:[0.991245974949408f,0.00033361259290744087f,0.132027670771075f,-9.116300075646844e-16f,0.05052420042898827f,0.9229204803860839f,-0.3816609648037531f,0.6120877372240359f,-0.121978368236376f,0.38499048765723826f,0.91482435587157f,6.162742550115346f,0f,0f,0f,1f],start_interpolation:0}
execute if entity @s[tag=aj.blade_of_peril.locator_origin.player_camera] at @s on origin run tp @s ^0 ^0.32362 ^6.58984 ~-180 ~-20
execute if entity @s[tag=aj.blade_of_peril.bone.right_leg2] run data modify entity @s {} merge value {transformation:[0.9958158570718828f,-0.047073567709072964f,0.07832533451783576f,0.15105788585720675f,0.04914364084612392f,0.9984859172918572f,-0.024713873314908374f,0.34839353330217554f,-0.07704337329439002f,0.028459659045348473f,0.9966214760070363f,6.311240468656468f,0f,0f,0f,1f],start_interpolation:0}
execute if entity @s[tag=aj.blade_of_peril.bone.right_leg] run data modify entity @s {} merge value {transformation:[0.9958158570718828f,-0.0725088997765778f,0.055616888238931045f,0.12499999999999911f,0.04914364084612392f,0.9380387893447221f,0.3430278884421426f,0.685501223222935f,-0.07704337329439002f,-0.33885939434797746f,0.9376772523067536f,6.189462873812664f,0f,0f,0f,1f],start_interpolation:0}
execute if entity @s[tag=aj.blade_of_peril.bone.left_leg2] run data modify entity @s {} merge value {transformation:[0.9835269751084341f,0.05702895205299661f,-0.171529553901917f,-0.170738679926654f,-0.16599741245887956f,0.6605672101833289f,-0.7321856457808841f,0.3559483725321286f,0.07155101879784982f,0.7485977955206324f,0.6591523285634655f,6.053620014651314f,0f,0f,0f,1f],start_interpolation:0}
execute if entity @s[tag=aj.blade_of_peril.bone.left_leg] run data modify entity @s {} merge value {transformation:[0.9835269751084341f,0.12727284849155646f,-0.1283600844145054f,-0.12500000000000092f,-0.16599741245887956f,0.9170166280092007f,-0.3626642565949832f,0.685501223222935f,0.07155101879784982f,0.377997521144624f,0.9230375537958946f,6.189462873812664f,0f,0f,0f,1f],start_interpolation:0}