execute if entity @s[tag=aj.blade_of_peril.bone.right_arm2] run data modify entity @s {} merge value {transformation:[-0.49363696596500733f,0.6712934624848483f,-0.5528902540811921f,-0.1883363564304163f,0.08817403398734103f,0.6711051343265322f,0.7361000192983059f,1.0719597402006191f,0.8651866189229125f,0.3146156161185747f,-0.39047295492910705f,3.1978678755805707f,0f,0f,0f,1f],start_interpolation:0}
execute if entity @s[tag=aj.blade_of_peril.bone.right_arm] run data modify entity @s {} merge value {transformation:[-0.5222007787673775f,0.6493217335010271f,-0.5528902540811921f,-0.026005923055159516f,0.059074251800446564f,0.674289992779999f,0.7361000192983059f,1.240532238395619f,0.8507741059934544f,0.3517304252406519f,-0.39047295492910705f,3.2858004818907336f,0f,0f,0f,1f],start_interpolation:0}
execute if entity @s[tag=aj.blade_of_peril.locator_origin.slash] at @s on origin run tp @s ^-0.67061 ^0.47071 ^1.78022 ~-41.5256 ~-38.40593
execute if entity @s[tag=aj.blade_of_peril.bone.gael_slash] run data modify entity @s {} merge value {transformation:[0.0000065277523567113755f,-0.000010193980422107068f,-1.1775571379981258f,-0.23456582554801128f,-0.000011076775278819679f,-7.391942338601941e-7f,-1.4081189563531207f,0.9921335265273244f,0.000005948776599976067f,0.000009809729837399707f,-1.3297886934721772f,2.272638487314346f,0f,0f,0f,1f],start_interpolation:0}
execute if entity @s[tag=aj.blade_of_peril.locator_origin.gaels_greatsword] at @s on origin run tp @s ^-0.93747 ^0.28262 ^1.57398 ~-38.35095 ~-38.19659
execute if entity @s[tag=aj.blade_of_peril.locator_origin.gaels_greatsword2] at @s on origin run tp @s ^-0.66318 ^0.63045 ^1.92066 ~-38.35095 ~-38.19659
execute if entity @s[tag=aj.blade_of_peril.bone.gaels_greatsword] run data modify entity @s {} merge value {transformation:[0.4607825192972736f,-0.7415509424093697f,-0.4876286186452074f,-0.21441404338957004f,-0.781890019681389f,-0.07922638048777675f,-0.6183616884618932f,1.055745279063256f,0.41991364235125184f,0.6662022068760968f,-0.6163174121511767f,2.3689721174019187f,0f,0f,0f,1f],start_interpolation:0}
execute if entity @s[tag=aj.blade_of_peril.bone.left_arm2] run data modify entity @s {} merge value {transformation:[0.4607825192972736f,0.03317295933515217f,-0.8868929048532329f,-0.2197086589635926f,-0.781890019681389f,0.4879777118654701f,-0.3879764810464388f,1.2419290879925087f,0.41991364235125184f,0.8722254911956475f,0.2507892052617425f,2.5726209625600047f,0f,0f,0f,1f],start_interpolation:0}
execute if entity @s[tag=aj.blade_of_peril.bone.left_arm] run data modify entity @s {} merge value {transformation:[0.4607825192972736f,-0.0435745070011839f,-0.8864427405363874f,-0.17300447080172937f,-0.781890019681389f,0.4526337622717857f,-0.4286848193887043f,1.2573512761002814f,0.41991364235125184f,0.8906312029068443f,0.17449525316183417f,2.847767968580622f,0f,0f,0f,1f],start_interpolation:0}
execute if entity @s[tag=aj.blade_of_peril.bone.head] run data modify entity @s {} merge value {transformation:[0.2332391663869752f,-0.1377729827143199f,-0.9626100438376427f,-0.0839231098419325f,-0.008751687979112216f,0.9895749237172642f,-0.1437528375632545f,1.399816076319073f,0.9723800179048442f,0.04195325474824227f,0.22960188412860202f,3.0821444911424396f,0f,0f,0f,1f],start_interpolation:0}
execute if entity @s[tag=aj.blade_of_peril.bone.body_top] run data modify entity @s {} merge value {transformation:[0.5209038503848058f,-0.28622331573151016f,-0.8041986024521205f,0.028777320727349634f,0.025398237511443447f,0.9468886319369093f,-0.3205570904534182f,1.026978677493915f,0.8532374277922857f,0.14655419557388608f,0.5005075020157991f,3.024438776635222f,0f,0f,0f,1f],start_interpolation:0}
execute if entity @s[tag=aj.blade_of_peril.bone.body] run data modify entity @s {} merge value {transformation:[0.5896710898326503f,-0.2640206955387952f,-0.7632699903328999f,0.14428637502557254f,0.05096209138703678f,0.9553381930362347f,-0.29108727586021604f,0.6090182180405621f,0.8060340383985243f,0.1327479161925829f,0.5767903602605484f,2.966361563300967f,0f,0f,0f,1f],start_interpolation:0}
execute if entity @s[tag=aj.blade_of_peril.locator_origin.player_camera] at @s on origin run tp @s ^0.31345 ^-0.00413 ^2.86607 ~-156.5741 ~-22.46339
execute if entity @s[tag=aj.blade_of_peril.bone.right_leg2] run data modify entity @s {} merge value {transformation:[0.6670427289268146f,-0.058196859465939f,-0.7427429725915754f,0.08173646219319641f,0.17262823569259866f,0.9818859334039955f,0.07809933434431199f,0.3995814659217021f,0.7247437409371182f,-0.1803140020399574f,0.6650062936851089f,3.2742589437107856f,0f,0f,0f,1f],start_interpolation:0}
execute if entity @s[tag=aj.blade_of_peril.bone.right_leg] run data modify entity @s {} merge value {transformation:[0.6670427289268146f,0.3550857764250418f,-0.65495655517484f,0.20934541309594581f,0.17262823569259866f,0.7815228665000671f,0.599517723990858f,0.6804412460701637f,0.7247437409371182f,-0.5129679332259895f,0.4600113144851199f,3.0899110927076956f,0f,0f,0f,1f],start_interpolation:0}
execute if entity @s[tag=aj.blade_of_peril.bone.left_leg2] run data modify entity @s {} merge value {transformation:[0.6109526425203217f,-0.5046286745362355f,-0.6099891551767441f,0.10321749982596565f,-0.0652626558128677f,0.7357855557660364f,-0.6740626096159882f,0.3381945427281278f,0.7889725307979278f,0.4516298448529138f,0.4165967221239815f,2.8004915282180725f,0f,0f,0f,1f],start_interpolation:0}
execute if entity @s[tag=aj.blade_of_peril.bone.left_leg] run data modify entity @s {} merge value {transformation:[0.6109526425203217f,-0.20384127582147696f,-0.764974249807736f,0.029962041327622375f,-0.0652626558128677f,0.950025537731229f,-0.30527407917270083f,0.6796099703502883f,0.7889725307979278f,0.23643225653442837f,0.5671173897142912f,2.885459370410133f,0f,0f,0f,1f],start_interpolation:0}