execute if entity @s[tag=aj.blade_of_peril.bone.right_arm2] run data modify entity @s {} merge value {transformation:[0.5667914641403271f,0.7136997795318799f,-0.4115580893067349f,0.06965834838383386f,-0.15535512906985005f,0.583174155073718f,0.7973535531530198f,0.7147065561820423f,0.8090810960894802f,-0.38799552774510343f,0.4414150545693295f,3.7526150382982553f,0f,0f,0f,1f],start_interpolation:0}
execute if entity @s[tag=aj.blade_of_peril.bone.right_arm] run data modify entity @s {} merge value {transformation:[0.5667914641403271f,0.7136997795318799f,-0.4115580893067349f,0.24808329326680384f,-0.15535512906985005f,0.583174155073718f,0.7973535531530198f,0.8605000949504718f,0.8090810960894802f,-0.38799552774510343f,0.4414150545693295f,3.6556161563619796f,0f,0f,0f,1f],start_interpolation:0}
execute if entity @s[tag=aj.blade_of_peril.bone.gael_slash] run data modify entity @s {} merge value {transformation:[0.000013912899400714832f,-0.000002289418389293706f,0.17844782070586293f,-0.18174727765105217f,0.000002451344057788046f,0.000013841480920685225f,-0.22884293575062223f,0.45631413658671705f,-0.0000010566868128166312f,0.000001966319863479747f,1.8186597804849243f,4.27210903135096f,0f,0f,0f,1f],start_interpolation:0}
execute if entity @s[tag=aj.blade_of_peril.bone.gaels_greatsword] run data modify entity @s {} merge value {transformation:[0.982087016521047f,-0.1572257014591597f,0.10385167683511001f,-0.21610349405925897f,0.17303605113797974f,0.9706956966856537f,-0.16675847637384783f,0.4983334870526778f,-0.07458965737529162f,0.18174141860519283f,0.9805133552257246f,3.917235010920845f,0f,0f,0f,1f],start_interpolation:0}
execute if entity @s[tag=aj.blade_of_peril.bone.left_arm2] run data modify entity @s {} merge value {transformation:[0.982087016521047f,-0.17522125036465494f,-0.06930083261719047f,-0.32335565484911183f,0.17303605113797974f,0.6930654768719976f,0.6997990924363681f,0.6619490329887882f,-0.07458965737529162f,-0.6992551452716218f,0.710970199673516f,3.7225757626698583f,0f,0f,0f,1f],start_interpolation:0}
execute if entity @s[tag=aj.blade_of_peril.bone.left_arm] run data modify entity @s {} merge value {transformation:[0.982087016521047f,-0.18840360736464556f,0.0030286486718360175f,-0.24769567962514236f,0.17303605113797974f,0.9081105274317373f,0.38130538282881077f,0.9106061712389699f,-0.07458965737529162f,-0.3739510003993036f,0.9244441747953179f,3.619764305398121f,0f,0f,0f,1f],start_interpolation:0}
execute if entity @s[tag=aj.blade_of_peril.bone.head] run data modify entity @s {} merge value {transformation:[0.9997311259567581f,0.003135913780769291f,0.022974808769444188f,-0.000024679093474658666f,0.012934276944009613f,0.7469304837100812f,-0.664776321016746f,0.9955071532708599f,-0.01924526625351309f,0.6648947424588223f,0.7466890927135923f,3.735794095563763f,0f,0f,0f,1f],start_interpolation:0}
execute if entity @s[tag=aj.blade_of_peril.bone.body_top] run data modify entity @s {} merge value {transformation:[0.9999791072456058f,-0.000062677062791728f,0.006463833527183163f,-4.1576242891891887e-16f,0.005295111362940053f,0.5814919053452796f,-0.813534956725014f,0.766544715541156f,-0.003707676891990517f,0.81355218645733f,0.5814800882597464f,3.415457922146189f,0f,0f,0f,1f],start_interpolation:0}
execute if entity @s[tag=aj.blade_of_peril.bone.body] run data modify entity @s {} merge value {transformation:[1f,-8.43144749586585e-33f,-2.3165211608208647e-32f,-4.1576242891891887e-16f,0f,0.5735764363510463f,-0.8191520442889917f,0.5156050246375732f,2.465190328815662e-32f,0.8191520442889917f,0.5735764363510463f,3.057078902769755f,0f,0f,0f,1f],start_interpolation:0}
execute if entity @s[tag=aj.blade_of_peril.locator_origin.player_camera] at @s on origin run tp @s ^0 ^0.12642 ^3.39496 ~-180 ~-35
execute if entity @s[tag=aj.blade_of_peril.bone.right_leg2] run data modify entity @s {} merge value {transformation:[0.9659258193009973f,-0.18623692123729568f,-0.17973068957679575f,0.1667441870884323f,0.17485557923641162f,0.9815505183669405f,-0.07735700552302496f,0.21827097225276182f,0.19082148206529626f,0.04329421510598952f,0.9806695533770589f,3.231560909718875f,0f,0f,0f,1f],start_interpolation:0}
execute if entity @s[tag=aj.blade_of_peril.bone.right_leg] run data modify entity @s {} merge value {transformation:[0.9659258193009973f,-0.11615773798520407f,-0.23128919454626037f,0.12499999999999958f,0.17485557923641162f,0.9517280075087565f,0.25226836134028263f,0.5602982249512212f,0.19082148206529626f,-0.28411472969484186f,0.9396094839627955f,3.129457178734791f,0f,0f,0f,1f],start_interpolation:0}
execute if entity @s[tag=aj.blade_of_peril.bone.left_leg2] run data modify entity @s {} merge value {transformation:[0.96592583878111f,0.2566590290271594f,-0.033367900650845495f,-0.216520616947095f,-0.24684005804884315f,0.8747636776102745f,-0.41696342054932295f,0.2538718609155629f,-0.07782839917056444f,0.41099227626876816f,0.9083105686547768f,3.0327652160754734f,0f,0f,0f,1f],start_interpolation:0}
execute if entity @s[tag=aj.blade_of_peril.bone.left_leg] run data modify entity @s {} merge value {transformation:[0.96592583878111f,0.2546660645484371f,0.0461786697775091f,-0.12500000000000042f,-0.24684005804884315f,0.9600903522184825f,-0.13151616371927138f,0.59890433124408f,-0.07782839917056444f,0.11563611522531225f,0.9902378649284957f,3.07432194498457f,0f,0f,0f,1f],start_interpolation:0}