execute if entity @s[tag=aj.nep_rkss_cancel.bone.black_knight_shield] run data modify entity @s {} merge value {transformation:[0.8932308403930845f,-0.3517245355424443f,0.2800509183489955f,0.7456848252822641f,0.4464022831531843f,0.7679538936027962f,-0.4593166869338949f,1.216982754264041f,-0.05351324477443142f,0.5352911996266678f,0.8429707374731075f,-0.3181731886848205f,0f,0f,0f,1f],start_interpolation:0}
execute if entity @s[tag=aj.nep_rkss_cancel.bone.right_arm2] run data modify entity @s {} merge value {transformation:[0.8932308403930845f,-0.3517245355424443f,0.2800509183489955f,0.4831881560440776f,0.4464022831531843f,0.7679538936027962f,-0.4593166869338949f,1.1247067707023222f,-0.05351324477443142f,0.5352911996266678f,0.8429707374731075f,-0.25607090339375904f,0f,0f,0f,1f],start_interpolation:0}
execute if entity @s[tag=aj.nep_rkss_cancel.bone.right_arm] run data modify entity @s {} merge value {transformation:[0.8932308403930845f,-0.3517245355424443f,0.2800509183489955f,0.4249816370814068f,0.4464022831531843f,0.7679538936027962f,-0.4593166869338949f,1.2645685131195334f,-0.05351324477443142f,0.5352911996266678f,0.8429707374731075f,-0.18103820245461494f,0f,0f,0f,1f],start_interpolation:0}
execute if entity @s[tag=aj.nep_rkss_cancel.locator_origin.rkss1] at @s on origin run tp @s ^-0.62714 ^1.75282 ^-0.05785 ~-38.34142 ~-23.15408
execute if entity @s[tag=aj.nep_rkss_cancel.locator_origin.rkss2] at @s on origin run tp @s ^-0.70046 ^1.85402 ^-0.05504 ~-38.34142 ~-23.15408
execute if entity @s[tag=aj.nep_rkss_cancel.locator_origin.rkss3] at @s on origin run tp @s ^-0.77378 ^1.95522 ^-0.05223 ~-38.34142 ~-23.15408
execute if entity @s[tag=aj.nep_rkss_cancel.locator_origin.rkss4] at @s on origin run tp @s ^-0.8471 ^2.05642 ^-0.04942 ~-38.34142 ~-23.15408
execute if entity @s[tag=aj.nep_rkss_cancel.locator_origin.rkss5] at @s on origin run tp @s ^-0.92042 ^2.15762 ^-0.04661 ~-38.34142 ~-23.15408
execute if entity @s[tag=aj.nep_rkss_cancel.locator_origin.rkss6] at @s on origin run tp @s ^-0.99374 ^2.25882 ^-0.0438 ~-38.34142 ~-23.15408
execute if entity @s[tag=aj.nep_rkss_cancel.locator_origin.rkss7] at @s on origin run tp @s ^-1.06706 ^2.36002 ^-0.04099 ~-38.34142 ~-23.15408
execute if entity @s[tag=aj.nep_rkss_cancel.locator_origin.rkss8] at @s on origin run tp @s ^-1.14038 ^2.46122 ^-0.03818 ~-38.34142 ~-23.15408
execute if entity @s[tag=aj.nep_rkss_cancel.locator_origin.rkss9] at @s on origin run tp @s ^-1.21369 ^2.56242 ^-0.03537 ~-38.34142 ~-23.15408
execute if entity @s[tag=aj.nep_rkss_cancel.locator_origin.rkss10] at @s on origin run tp @s ^-1.28701 ^2.66363 ^-0.03256 ~-38.34142 ~-23.15408
execute if entity @s[tag=aj.nep_rkss_cancel.locator_origin.rkss11] at @s on origin run tp @s ^-1.36033 ^2.76483 ^-0.02975 ~-38.34142 ~-23.15408
execute if entity @s[tag=aj.nep_rkss_cancel.locator_origin.rkss12] at @s on origin run tp @s ^-1.43365 ^2.86603 ^-0.02693 ~-38.34142 ~-23.15408
execute if entity @s[tag=aj.nep_rkss_cancel.locator_origin.rkss13] at @s on origin run tp @s ^-1.50697 ^2.96723 ^-0.02412 ~-38.34142 ~-23.15408
execute if entity @s[tag=aj.nep_rkss_cancel.bone.sword_body] run data modify entity @s {} merge value {transformation:[-0.5818981564080462f,-0.5935840562731597f,-0.5772178795191287f,-1.2362907986965652f,-0.44104329273851295f,0.8193095318398999f,-0.39792044644123825f,2.6111552873905444f,0.7007162951071052f,0.022756008084156325f,-0.7297991604522347f,-0.049421116306074896f,0f,0f,0f,1f],start_interpolation:0}
execute if entity @s[tag=aj.nep_rkss_cancel.bone.ringed_knight_straight_sword] run data modify entity @s {} merge value {transformation:[-0.5750026763958178f,-0.5865500986114365f,-0.5703778606823378f,-0.7309319367298186f,-0.4358169396797945f,0.8096007323903471f,-0.39320509813728444f,1.8917971747296876f,0.692412822834604f,0.022486349902265862f,-0.7211510568821822f,-0.062016749626035365f,0f,0f,0f,1f],start_interpolation:0}
execute if entity @s[tag=aj.nep_rkss_cancel.bone.left_arm2] run data modify entity @s {} merge value {transformation:[0.7189572158378503f,0.6459127138539354f,0.2567046705389889f,-0.5655598772840653f,0.5390676101066161f,-0.7513235904060052f,0.3806822483822575f,1.619379933858083f,0.4387557789119456f,-0.13531307616514182f,-0.8883601397463186f,-0.03867175670672923f,0f,0f,0f,1f],start_interpolation:0}
execute if entity @s[tag=aj.nep_rkss_cancel.bone.left_arm] run data modify entity @s {} merge value {transformation:[0.7189572158378503f,0.6459127138539354f,0.2567046705389889f,-0.2738425022249792f,0.5390676101066161f,-0.7513235904060052f,0.3806822483822575f,1.4519747631195334f,0.4387557789119456f,-0.13531307616514182f,-0.8883601397463186f,-0.026112620644342846f,0f,0f,0f,1f],start_interpolation:0}
execute if entity @s[tag=aj.nep_rkss_cancel.bone.head] run data modify entity @s {} merge value {transformation:[0.999955413453763f,0.00944090360472515f,-0.00020110604195427983f,0.03125f,-0.009440903080690819f,0.9990482207974444f,-0.04258546548391724f,1.4707247631195335f,-0.0002011306411899838f,0.04258546536774246f,0.9990928073436812f,-0.09375f,0f,0f,0f,1f],start_interpolation:0}
execute if entity @s[tag=aj.nep_rkss_cancel.bone.body_top] run data modify entity @s {} merge value {transformation:[0.9762960071199334f,0f,0.21643961393810288f,0.03125f,0f,1f,0f,1.0769747631195334f,-0.21643961393810288f,0f,0.9762960071199334f,-0.09375f,0f,0f,0f,1f],start_interpolation:0}
execute if entity @s[tag=aj.nep_rkss_cancel.bone.body] run data modify entity @s {} merge value {transformation:[0.9762960071199334f,0f,0.21643961393810288f,0.03125f,0f,1f,0f,0.6394747631195334f,-0.21643961393810288f,0f,0.9762960071199334f,-0.09375f,0f,0f,0f,1f],start_interpolation:0}
execute if entity @s[tag=aj.nep_rkss_cancel.bone.right_leg2] run data modify entity @s {} merge value {transformation:[0.9848077419774539f,-0.15737876996489542f,0.07338687965573282f,0.23115417569999477f,0.1710101385080796f,0.952366159948417f,-0.2524959997951522f,0.38472421579750155f,-0.03015367089950933f,0.2612099158712061f,0.9648109327644673f,-0.1420331671387505f,0f,0f,0f,1f],start_interpolation:0}
execute if entity @s[tag=aj.nep_rkss_cancel.bone.right_leg] run data modify entity @s {} merge value {transformation:[0.9848077419774539f,-0.16561128273140052f,0.05221699314714131f,0.15625f,0.1710101385080796f,0.9771758768312226f,-0.12602713305704685f,0.7332247631195334f,-0.03015367089950933f,0.13304213156437053f,0.9906515771753925f,-0.09375f,0f,0f,0f,1f],start_interpolation:0}
execute if entity @s[tag=aj.nep_rkss_cancel.bone.left_leg2] run data modify entity @s {} merge value {transformation:[0.9549102756008386f,0.1035296075848727f,0.2782588469487585f,-0.1233506920749059f,-0.18599144881733312f,0.9391317377443305f,0.28885768144216545f,0.42909873301832113f,-0.23141639207013776f,-0.3275869342855976f,0.9160421682251336f,0.09605434160883447f,0f,0f,0f,1f],start_interpolation:0}
execute if entity @s[tag=aj.nep_rkss_cancel.bone.left_leg] run data modify entity @s {} merge value {transformation:[0.9549102756008386f,0.04084930509535384f,0.29407090951870274f,-0.09375f,-0.18599144881733312f,0.8543503206649965f,0.4852759117723104f,0.7332247631195334f,-0.23141639207013776f,-0.5180896291693595f,0.8234255216037428f,-0.09375f,0f,0f,0f,1f],start_interpolation:0}