execute if entity @s[tag=aj.nep_rkss_cancel.bone.black_knight_shield] run data modify entity @s {} merge value {transformation:[0.8918448380899783f,-0.28745063701179674f,-0.3492633906577854f,0.7428994091033845f,0.33293834459275007f,0.9398270566592377f,0.07666265238741204f,1.19085525942663f,0.3062104561769564f,-0.1846543659184538f,0.9338832484176778f,0.01717714671145494f,0f,0f,0f,1f],start_interpolation:0}
execute if entity @s[tag=aj.nep_rkss_cancel.bone.right_arm2] run data modify entity @s {} merge value {transformation:[0.8918448380899783f,-0.28745063701179674f,-0.3492633906577854f,0.4709503287728339f,0.33293834459275007f,0.9398270566592377f,0.07666265238741204f,1.1510109990265442f,0.3062104561769564f,-0.1846543659184538f,0.9338832484176778f,-0.05853404772064218f,0f,0f,0f,1f],start_interpolation:0}
execute if entity @s[tag=aj.nep_rkss_cancel.bone.right_arm] run data modify entity @s {} merge value {transformation:[0.8918448380899783f,-0.28745063701179674f,-0.3492633906577854f,0.43441739943336943f,0.33293834459275007f,0.9398270566592377f,0.07666265238741204f,1.3097580174927115f,0.3062104561769564f,-0.1846543659184538f,0.9338832484176778f,-0.10374401624455482f,0f,0f,0f,1f],start_interpolation:0}
execute if entity @s[tag=aj.nep_rkss_cancel.locator_origin.rkss1] at @s on origin run tp @s ^-0.45996 ^1.15098 ^0.3538 ~-86.36319 ~16.59662
execute if entity @s[tag=aj.nep_rkss_cancel.locator_origin.rkss2] at @s on origin run tp @s ^-0.44479 ^1.22325 ^0.45466 ~-86.36319 ~16.59662
execute if entity @s[tag=aj.nep_rkss_cancel.locator_origin.rkss3] at @s on origin run tp @s ^-0.42962 ^1.29551 ^0.55551 ~-86.36319 ~16.59662
execute if entity @s[tag=aj.nep_rkss_cancel.locator_origin.rkss4] at @s on origin run tp @s ^-0.41444 ^1.36778 ^0.65637 ~-86.36319 ~16.59662
execute if entity @s[tag=aj.nep_rkss_cancel.locator_origin.rkss5] at @s on origin run tp @s ^-0.39927 ^1.44005 ^0.75723 ~-86.36319 ~16.59662
execute if entity @s[tag=aj.nep_rkss_cancel.locator_origin.rkss6] at @s on origin run tp @s ^-0.3841 ^1.51231 ^0.85809 ~-86.36319 ~16.59662
execute if entity @s[tag=aj.nep_rkss_cancel.locator_origin.rkss7] at @s on origin run tp @s ^-0.36893 ^1.58458 ^0.95895 ~-86.36319 ~16.59662
execute if entity @s[tag=aj.nep_rkss_cancel.locator_origin.rkss8] at @s on origin run tp @s ^-0.35376 ^1.65684 ^1.05981 ~-86.36319 ~16.59662
execute if entity @s[tag=aj.nep_rkss_cancel.locator_origin.rkss9] at @s on origin run tp @s ^-0.33859 ^1.72911 ^1.16067 ~-86.36319 ~16.59662
execute if entity @s[tag=aj.nep_rkss_cancel.locator_origin.rkss10] at @s on origin run tp @s ^-0.32341 ^1.80138 ^1.26153 ~-86.36319 ~16.59662
execute if entity @s[tag=aj.nep_rkss_cancel.locator_origin.rkss11] at @s on origin run tp @s ^-0.30824 ^1.87364 ^1.36238 ~-86.36319 ~16.59662
execute if entity @s[tag=aj.nep_rkss_cancel.locator_origin.rkss12] at @s on origin run tp @s ^-0.29307 ^1.94591 ^1.46324 ~-86.36319 ~16.59662
execute if entity @s[tag=aj.nep_rkss_cancel.locator_origin.rkss13] at @s on origin run tp @s ^-0.2779 ^2.01817 ^1.5641 ~-86.36319 ~16.59662
execute if entity @s[tag=aj.nep_rkss_cancel.bone.sword_body] run data modify entity @s {} merge value {transformation:[-0.2687966364576334f,0.1228287885002235f,-0.9678788321241303f,-0.3311463549327223f,-0.7734850986127355f,0.5850595781353946f,0.2890572071155142f,1.774240122431249f,0.5946403511219618f,0.8165453787003767f,-0.0615180792121196f,1.1921416385499874f,0f,0f,0f,1f],start_interpolation:0}
execute if entity @s[tag=aj.nep_rkss_cancel.bone.ringed_knight_straight_sword] run data modify entity @s {} merge value {transformation:[-0.2656114023859377f,0.1213732701303808f,-0.9564094898214012f,-0.445149897740558f,-0.7643193176620556f,0.5781266353470926f,0.28563188573907405f,1.2562104453101477f,0.5875938763901349f,0.8068693344031035f,-0.06078909136274001f,0.4909492473711353f,0f,0f,0f,1f],start_interpolation:0}
execute if entity @s[tag=aj.nep_rkss_cancel.bone.left_arm2] run data modify entity @s {} merge value {transformation:[0.9933786512502778f,0.11413448634789645f,0.013121519206284954f,-0.44220782238586376f,-0.08789869779822983f,0.6815097121755718f,0.7265110674557855f,1.1590286703885575f,0.07397752473254654f,-0.7228539487589948f,0.6870294714187843f,0.09653389732341425f,0f,0f,0f,1f],start_interpolation:0}
execute if entity @s[tag=aj.nep_rkss_cancel.bone.left_arm] run data modify entity @s {} merge value {transformation:[0.9933786512502778f,0.1148216534162391f,-0.0038526804876779855f,-0.2821537242870043f,-0.08789869779822983f,0.7811933898525845f,0.6180701469703933f,1.3921642674927115f,0.07397752473254654f,-0.6136390433776108f,0.7861135097917198f,-0.08598111314052082f,0f,0f,0f,1f],start_interpolation:0}
execute if entity @s[tag=aj.nep_rkss_cancel.bone.head] run data modify entity @s {} merge value {transformation:[0.9999962298815233f,-0.00018200727609205266f,0.0027399080442338103f,0.03125f,0.00019613571650810578f,0.999986682563479f,-0.00515715294213876f,1.5159142674927115f,-0.0027389329163229684f,0.005157670892888589f,0.9999829481933382f,-0.09375f,0f,0f,0f,1f],start_interpolation:0}
execute if entity @s[tag=aj.nep_rkss_cancel.bone.body_top] run data modify entity @s {} merge value {transformation:[0.9996929004370153f,0f,0.02478113830774858f,0.03125f,0f,1f,0f,1.1221642674927115f,-0.02478113830774858f,0f,0.9996929004370153f,-0.09375f,0f,0f,0f,1f],start_interpolation:0}
execute if entity @s[tag=aj.nep_rkss_cancel.bone.body] run data modify entity @s {} merge value {transformation:[0.9996929004370153f,0f,0.02478113830774858f,0.03125f,0f,1f,0f,0.6846642674927115f,-0.02478113830774858f,0f,0.9996929004370153f,-0.09375f,0f,0f,0f,1f],start_interpolation:0}
execute if entity @s[tag=aj.nep_rkss_cancel.bone.right_leg2] run data modify entity @s {} merge value {transformation:[0.9852925395623555f,-0.16924871670288602f,0.023526227432170855f,0.2330469475105519f,0.16904773631935358f,0.9855540586524898f,0.010298559069446336f,0.43001246313652997f,-0.0249293868369502f,-0.006170037927824959f,0.9996701737592769f,-0.047783242180695504f,0f,0f,0f,1f],start_interpolation:0}
execute if entity @s[tag=aj.nep_rkss_cancel.bone.right_leg] run data modify entity @s {} merge value {transformation:[0.9852925395623555f,-0.17085704787447684f,0.002545716870103144f,0.15625f,0.16904773631935358f,0.9768157919615204f,0.13135361213111038f,0.7784142674927115f,-0.0249293868369502f,-0.12899138640314947f,0.9913323095237676f,-0.09375f,0f,0f,0f,1f],start_interpolation:0}
execute if entity @s[tag=aj.nep_rkss_cancel.bone.left_leg2] run data modify entity @s {} merge value {transformation:[0.9893670336667281f,0.14519491096354484f,0.008444555866807743f,-0.15958316079960205f,-0.1365673535956344f,0.9474108453280372f,-0.2894167377445523f,0.4258132962582147f,-0.05002230128037203f,0.28518612866880866f,0.9571659424517325f,-0.12082547365464372f,0f,0f,0f,1f],start_interpolation:0}
execute if entity @s[tag=aj.nep_rkss_cancel.bone.left_leg] run data modify entity @s {} merge value {transformation:[0.9893670336667281f,0.14017196771773058f,0.03879036168481608f,-0.09375f,-0.1365673535956344f,0.98708823967841f,-0.08370283758907374f,0.7784142674927115f,-0.05002230128037203f,0.07751533109467695f,0.9957354783374439f,-0.09375f,0f,0f,0f,1f],start_interpolation:0}