execute if entity @s[tag=aj.nep_ringed_knight_straight_sword.bone.black_knight_shield] run data modify entity @s {} merge value {transformation:[0.9006744350604622f,-0.3306671131567641f,-0.2818595790550482f,0.754191666436947f,0.3468651936530883f,0.9378799100566614f,0.008112443781890015f,1.1916796232037192f,0.261667918286753f,-0.10507394819212083f,0.9594213703846691f,-0.024781407992001327f,0f,0f,0f,1f],start_interpolation:0}
execute if entity @s[tag=aj.nep_ringed_knight_straight_sword.bone.right_arm2] run data modify entity @s {} merge value {transformation:[0.9006744350604622f,-0.3306671131567641f,-0.2818595790550482f,0.4788455064036367f,0.3468651936530883f,0.9378799100566614f,0.008112443781890015f,1.1463886882841436f,0.261667918286753f,-0.10507394819212083f,0.9594213703846691f,-0.08317041133011549f,0f,0f,0f,1f],start_interpolation:0}
execute if entity @s[tag=aj.nep_ringed_knight_straight_sword.bone.right_arm] run data modify entity @s {} merge value {transformation:[0.9006744350604622f,-0.3306671131567641f,-0.2818595790550482f,0.43394154741784075f,0.3468651936530883f,0.9378799100566614f,0.008112443781890015f,1.3060833333333333f,0.261667918286753f,-0.10507394819212083f,0.9594213703846691f,-0.11573522150871861f,0f,0f,0f,1f],start_interpolation:0}
execute if entity @s[tag=aj.nep_ringed_knight_straight_sword.bone.flame_slash] run data modify entity @s {} merge value {transformation:[-0.000004477340216375987f,-0.000007417432798101367f,-0.000007176183893440328f,-0.9499509402559732f,-0.000004282675294300399f,0.00000845239039206756f,-0.0000060645106136994285f,2.5988681184505493f,0.000009390134019832267f,3.1825672928336543e-7f,-0.000006187616321642336f,-0.5721696754512637f,0f,0f,0f,1f],start_interpolation:0}
execute if entity @s[tag=aj.nep_ringed_knight_straight_sword.locator_origin.rkss1] at @s on origin run tp @s ^-0.71914 ^1.87429 ^-0.12288 ~-49.23067 ~-32.62019
execute if entity @s[tag=aj.nep_ringed_knight_straight_sword.locator_origin.rkss2] at @s on origin run tp @s ^-0.80155 ^1.9682 ^-0.11934 ~-49.23067 ~-32.62019
execute if entity @s[tag=aj.nep_ringed_knight_straight_sword.locator_origin.rkss3] at @s on origin run tp @s ^-0.88397 ^2.06212 ^-0.1158 ~-49.23067 ~-32.62019
execute if entity @s[tag=aj.nep_ringed_knight_straight_sword.locator_origin.rkss4] at @s on origin run tp @s ^-0.96639 ^2.15603 ^-0.11227 ~-49.23067 ~-32.62019
execute if entity @s[tag=aj.nep_ringed_knight_straight_sword.locator_origin.rkss5] at @s on origin run tp @s ^-1.0488 ^2.24995 ^-0.10873 ~-49.23067 ~-32.62019
execute if entity @s[tag=aj.nep_ringed_knight_straight_sword.locator_origin.rkss6] at @s on origin run tp @s ^-1.13122 ^2.34386 ^-0.10519 ~-49.23067 ~-32.62019
execute if entity @s[tag=aj.nep_ringed_knight_straight_sword.locator_origin.rkss7] at @s on origin run tp @s ^-1.21363 ^2.43778 ^-0.10166 ~-49.23067 ~-32.62019
execute if entity @s[tag=aj.nep_ringed_knight_straight_sword.locator_origin.rkss8] at @s on origin run tp @s ^-1.29605 ^2.5317 ^-0.09812 ~-49.23067 ~-32.62019
execute if entity @s[tag=aj.nep_ringed_knight_straight_sword.locator_origin.rkss9] at @s on origin run tp @s ^-1.37847 ^2.62561 ^-0.09459 ~-49.23067 ~-32.62019
execute if entity @s[tag=aj.nep_ringed_knight_straight_sword.locator_origin.rkss10] at @s on origin run tp @s ^-1.46088 ^2.71953 ^-0.09105 ~-49.23067 ~-32.62019
execute if entity @s[tag=aj.nep_ringed_knight_straight_sword.locator_origin.rkss11] at @s on origin run tp @s ^-1.5433 ^2.81344 ^-0.08751 ~-49.23067 ~-32.62019
execute if entity @s[tag=aj.nep_ringed_knight_straight_sword.locator_origin.rkss12] at @s on origin run tp @s ^-1.62571 ^2.90736 ^-0.08398 ~-49.23067 ~-32.62019
execute if entity @s[tag=aj.nep_ringed_knight_straight_sword.locator_origin.rkss13] at @s on origin run tp @s ^-1.70813 ^3.00127 ^-0.08044 ~-49.23067 ~-32.62019
execute if entity @s[tag=aj.nep_ringed_knight_straight_sword.bone.sword_body] run data modify entity @s {} merge value {transformation:[-0.40275847585444025f,-0.6672340684742754f,-0.64553255899607f,-1.4083178520878494f,-0.38524742162837833f,0.7603335255124533f,-0.5455321538093152f,2.6697339549638532f,0.8446881146230456f,0.028628736933540056f,-0.5566061095294368f,-0.11023201501603858f,0f,0f,0f,1f],start_interpolation:0}
execute if entity @s[tag=aj.nep_ringed_knight_straight_sword.bone.ringed_knight_straight_sword] run data modify entity @s {} merge value {transformation:[-0.39798579701119885f,-0.6593273598312326f,-0.6378830127502513f,-0.8367157999834962f,-0.3806822483822576f,0.7513235904060053f,-0.5390676101066159f,2.0018514153536904f,0.8346785795406458f,0.02828948704741026f,-0.5500103397015409f,-0.1252763133385999f,0f,0f,0f,1f],start_interpolation:0}
execute if entity @s[tag=aj.nep_ringed_knight_straight_sword.bone.left_arm2] run data modify entity @s {} merge value {transformation:[0.6378830127502513f,0.6593273598312327f,0.3979857970111987f,-0.5665604824597176f,0.5390676101066161f,-0.7513235904060052f,0.3806822483822575f,1.6608947540718828f,0.5500103397015407f,-0.028289487047410192f,-0.834678579540646f,-0.13662504599849992f,0f,0f,0f,1f],start_interpolation:0}
execute if entity @s[tag=aj.nep_ringed_knight_straight_sword.bone.left_arm] run data modify entity @s {} merge value {transformation:[0.6378830127502513f,0.6593273598312327f,0.3979857970111987f,-0.28078530591867595f,0.5390676101066161f,-0.7513235904060052f,0.3806822483822575f,1.4934895833333333f,0.5500103397015407f,-0.028289487047410192f,-0.834678579540646f,-0.07671421823812302f,0f,0f,0f,1f],start_interpolation:0}
execute if entity @s[tag=aj.nep_ringed_knight_straight_sword.bone.head] run data modify entity @s {} merge value {transformation:[0.9999970852397799f,0.0024142988847306616f,0.00002593915135542385f,0.03125f,-0.0024138653371963336f,0.9999361338879535f,-0.011040896673123071f,1.5122395833333333f,-0.000052593519247016995f,0.011040801877938322f,0.9999390471062792f,-0.09375f,0f,0f,0f,1f],start_interpolation:0}
execute if entity @s[tag=aj.nep_ringed_knight_straight_sword.bone.body_top] run data modify entity @s {} merge value {transformation:[0.9985129789397631f,0f,0.05451450163800631f,0.03125f,0f,1f,0f,1.1184895833333333f,-0.05451450163800631f,0f,0.9985129789397631f,-0.09375f,0f,0f,0f,1f],start_interpolation:0}
execute if entity @s[tag=aj.nep_ringed_knight_straight_sword.bone.body] run data modify entity @s {} merge value {transformation:[0.9985129789397631f,0f,0.05451450163800631f,0.03125f,0f,1f,0f,0.6809895833333333f,-0.05451450163800631f,0f,0.9985129789397631f,-0.09375f,0f,0f,0f,1f],start_interpolation:0}
execute if entity @s[tag=aj.nep_ringed_knight_straight_sword.bone.right_leg2] run data modify entity @s {} merge value {transformation:[0.987208818305565f,-0.15908917470908523f,-0.010458659097239302f,0.22786809659555807f,0.15943190818452363f,0.9852693384031778f,0.061853031091498034f,0.4290801446162579f,0.00046444845971954467f,-0.0627293017093794f,0.9980304699730774f,-0.024576797704416314f,0f,0f,0f,1f],start_interpolation:0}
execute if entity @s[tag=aj.nep_ringed_knight_straight_sword.bone.right_leg] run data modify entity @s {} merge value {transformation:[0.987208818305565f,-0.15636301581783268f,-0.031134488017025792f,0.15625f,0.15943190818452363f,0.9687667820033629f,0.1899273248889965f,0.7747395833333333f,0.00046444845971954467f,-0.19246176080250593f,0.9813043640565486f,-0.09375f,0f,0f,0f,1f],start_interpolation:0}
execute if entity @s[tag=aj.nep_ringed_knight_straight_sword.bone.left_leg2] run data modify entity @s {} merge value {transformation:[0.9925938028646515f,0.10919294728274584f,-0.05323948514398821f,-0.1517114462497367f,-0.12147542498425051f,0.896210826751621f,-0.4266730307132989f,0.4290084501606666f,0.001124117247077696f,0.42998029521930814f,0.9028375723703193f,-0.17440349064846905f,0f,0f,0f,1f],start_interpolation:0}
execute if entity @s[tag=aj.nep_ringed_knight_straight_sword.bone.left_leg] run data modify entity @s {} merge value {transformation:[0.9925938028646515f,0.11812777204863031f,-0.028343817412555573f,-0.09375f,-0.12147542498425051f,0.9673159977406487f,-0.22258365088188548f,0.7747395833333333f,0.001124117247077696f,0.22437822975021482f,0.9745014860812551f,-0.09375f,0f,0f,0f,1f],start_interpolation:0}
execute if entity @s[tag=aj.nep_ringed_knight_straight_sword.locator_origin.nep_ride] at @s on origin run tp @s ^0.01563 ^0.97461 ^-3.29687 ~-180 ~0
execute if entity @s[tag=aj.nep_ringed_knight_straight_sword.locator_origin.flame1] at @s on origin run tp @s ^0.0625 ^0.01562 ^1.06249 ~0 ~0
execute if entity @s[tag=aj.nep_ringed_knight_straight_sword.locator_origin.flame2] at @s on origin run tp @s ^0.0625 ^0.01562 ^1.06251 ~0 ~0
execute if entity @s[tag=aj.nep_ringed_knight_straight_sword.locator_origin.flame3] at @s on origin run tp @s ^0.06251 ^0.01562 ^1.0625 ~0 ~0
execute if entity @s[tag=aj.nep_ringed_knight_straight_sword.locator_origin.flame4] at @s on origin run tp @s ^0.06249 ^0.01562 ^1.0625 ~0 ~0