execute if entity @s[tag=aj.nep_ringed_knight_straight_sword.bone.black_knight_shield] run data modify entity @s {} merge value {transformation:[0.8770730843017337f,-0.2064221159102228f,-0.4337426827700849f,0.7212800514967127f,0.312311504516849f,0.9311100549056022f,0.18840273299532787f,1.1934777328644388f,0.3649716823807926f,-0.3007057959481878f,0.8811195692658862f,0.06924486286831746f,0f,0f,0f,1f],start_interpolation:0}
execute if entity @s[tag=aj.nep_ringed_knight_straight_sword.bone.right_arm2] run data modify entity @s {} merge value {transformation:[0.8770730843017337f,-0.2064221159102228f,-0.4337426827700849f,0.45609198504151327f,0.312311504516849f,0.9311100549056022f,0.18840273299532787f,1.1612825293287958f,0.3649716823807926f,-0.3007057959481878f,0.8811195692658862f,-0.030328279197443048f,0f,0f,0f,1f],start_interpolation:0}
execute if entity @s[tag=aj.nep_ringed_knight_straight_sword.bone.right_arm] run data modify entity @s {} merge value {transformation:[0.8770730843017337f,-0.2064221159102228f,-0.4337426827700849f,0.43454125f,0.312311504516849f,0.9311100549056022f,0.18840273299532787f,1.3165f,0.3649716823807926f,-0.3007057959481878f,0.8811195692658862f,-0.09375f,0f,0f,0f,1f],start_interpolation:0}
execute if entity @s[tag=aj.nep_ringed_knight_straight_sword.bone.flame_slash] run data modify entity @s {} merge value {transformation:[-0.0000022881004657130913f,8.32800462530204e-7f,-0.000010983330080099251f,-0.3116671434938853f,-0.000010320954227925166f,0.0000037565201281886737f,0.000002434945656803656f,1.719810176579848f,0.000003847726612413773f,0.00001057154198384147f,3.1626895205539275e-21f,0.6802045789148325f,0f,0f,0f,1f],start_interpolation:0}
execute if entity @s[tag=aj.nep_ringed_knight_straight_sword.locator_origin.rkss1] at @s on origin run tp @s ^-0.47232 ^0.97782 ^0.22877 ~-90 ~12.5
execute if entity @s[tag=aj.nep_ringed_knight_straight_sword.locator_origin.rkss2] at @s on origin run tp @s ^-0.46307 ^1.01956 ^0.34623 ~-90 ~12.5
execute if entity @s[tag=aj.nep_ringed_knight_straight_sword.locator_origin.rkss3] at @s on origin run tp @s ^-0.45382 ^1.0613 ^0.46369 ~-90 ~12.5
execute if entity @s[tag=aj.nep_ringed_knight_straight_sword.locator_origin.rkss4] at @s on origin run tp @s ^-0.44456 ^1.10304 ^0.58115 ~-90 ~12.5
execute if entity @s[tag=aj.nep_ringed_knight_straight_sword.locator_origin.rkss5] at @s on origin run tp @s ^-0.43531 ^1.14477 ^0.69861 ~-90 ~12.5
execute if entity @s[tag=aj.nep_ringed_knight_straight_sword.locator_origin.rkss6] at @s on origin run tp @s ^-0.42606 ^1.18651 ^0.81608 ~-90 ~12.5
execute if entity @s[tag=aj.nep_ringed_knight_straight_sword.locator_origin.rkss7] at @s on origin run tp @s ^-0.4168 ^1.22825 ^0.93354 ~-90 ~12.5
execute if entity @s[tag=aj.nep_ringed_knight_straight_sword.locator_origin.rkss8] at @s on origin run tp @s ^-0.40755 ^1.26999 ^1.051 ~-90 ~12.5
execute if entity @s[tag=aj.nep_ringed_knight_straight_sword.locator_origin.rkss9] at @s on origin run tp @s ^-0.39829 ^1.31173 ^1.16846 ~-90 ~12.5
execute if entity @s[tag=aj.nep_ringed_knight_straight_sword.locator_origin.rkss10] at @s on origin run tp @s ^-0.38904 ^1.35347 ^1.28592 ~-90 ~12.5
execute if entity @s[tag=aj.nep_ringed_knight_straight_sword.locator_origin.rkss11] at @s on origin run tp @s ^-0.37979 ^1.39521 ^1.40338 ~-90 ~12.5
execute if entity @s[tag=aj.nep_ringed_knight_straight_sword.locator_origin.rkss12] at @s on origin run tp @s ^-0.37053 ^1.43695 ^1.52085 ~-90 ~12.5
execute if entity @s[tag=aj.nep_ringed_knight_straight_sword.locator_origin.rkss13] at @s on origin run tp @s ^-0.36128 ^1.47869 ^1.63831 ~-90 ~12.5
execute if entity @s[tag=aj.nep_ringed_knight_straight_sword.bone.sword_body] run data modify entity @s {} merge value {transformation:[-0.20582573841537438f,0.07491444222905819f,-0.9880038301953162f,-0.3945316712894966f,-0.9284199085427522f,0.3379172116097116f,0.219035175825083f,1.3465522218607187f,0.3461216773861087f,0.9509614930020913f,2.844992672748329e-16f,1.2115430435938856f,0f,0f,0f,1f],start_interpolation:0}
execute if entity @s[tag=aj.nep_ringed_knight_straight_sword.bone.ringed_knight_straight_sword] run data modify entity @s {} merge value {transformation:[-0.2033867080633859f,0.07402670778046257f,-0.9762960071199334f,-0.46610269796171266f,-0.917418153593348f,0.3339129002834376f,0.21643961393810277f,1.0407792565453904f,0.34202014332566866f,0.9396926207859083f,2.811279573825713e-16f,0.3903227288053372f,0f,0f,0f,1f],start_interpolation:0}
execute if entity @s[tag=aj.nep_ringed_knight_straight_sword.bone.left_arm2] run data modify entity @s {} merge value {transformation:[0.9762960071199334f,0.20338670806338613f,0.07402670778046234f,-0.4698968164728707f,-0.21643961393810288f,0.917418153593348f,0.3339129002834377f,1.105503740165209f,3.469446951953614e-18f,-0.34202014332566866f,0.9396926207859083f,-0.03948494447908427f,0f,0f,0f,1f],start_interpolation:0}
execute if entity @s[tag=aj.nep_ringed_knight_straight_sword.bone.left_arm] run data modify entity @s {} merge value {transformation:[0.9762960071199334f,0.2131514098652129f,0.0375843445352855f,-0.28125f,-0.21643961393810288f,0.9614638770465722f,0.1695320224998769f,1.37890625f,3.469446951953614e-18f,-0.17364817766693033f,0.984807753012208f,-0.09375f,0f,0f,0f,1f],start_interpolation:0}
execute if entity @s[tag=aj.nep_ringed_knight_straight_sword.bone.head] run data modify entity @s {} merge value {transformation:[1f,0f,0f,0.03125f,0f,1f,0f,1.52265625f,0f,0f,1f,-0.09375f,0f,0f,0f,1f],start_interpolation:0}
execute if entity @s[tag=aj.nep_ringed_knight_straight_sword.bone.body_top] run data modify entity @s {} merge value {transformation:[1f,0f,0f,0.03125f,0f,1f,0f,1.12890625f,0f,0f,1f,-0.09375f,0f,0f,0f,1f],start_interpolation:0}
execute if entity @s[tag=aj.nep_ringed_knight_straight_sword.bone.body] run data modify entity @s {} merge value {transformation:[1f,0f,0f,0.03125f,0f,1f,0f,0.69140625f,0f,0f,1f,-0.09375f,0f,0f,0f,1f],start_interpolation:0}
execute if entity @s[tag=aj.nep_ringed_knight_straight_sword.bone.right_leg2] run data modify entity @s {} merge value {transformation:[0.9848077419774539f,-0.17216266092342772f,0.022665602242899627f,0.23404245730756373f,0.1710101385080796f,0.9842147615518345f,0.04557231254734567f,0.4392897738793288f,-0.03015367089950933f,-0.041003918437515025f,0.9987038774351752f,-0.03276438258146372f,0f,0f,0f,1f],start_interpolation:0}
execute if entity @s[tag=aj.nep_ringed_knight_straight_sword.bone.right_leg] run data modify entity @s {} merge value {transformation:[0.9848077419774539f,-0.1736482402481141f,-4.169914134648234e-8f,0.15625f,0.1710101385080796f,0.9698462874013494f,0.1736482402481141f,0.78515625f,-0.03015367089950933f,-0.1710101385080796f,0.9848077419774539f,-0.09375f,0f,0f,0f,1f],start_interpolation:0}
execute if entity @s[tag=aj.nep_ringed_knight_straight_sword.bone.left_leg2] run data modify entity @s {} merge value {transformation:[0.9914448515778773f,0.12743228540600757f,-0.028250998494259834f,-0.15614920287516806f,-0.12854327075627894f,0.9156540900096962f,-0.38085983641202326f,0.4362772460656896f,-0.022665697055215504f,0.38123299973207586f,0.9242010961323753f,-0.1552667566143326f,0f,0f,0f,1f],start_interpolation:0}
execute if entity @s[tag=aj.nep_ringed_knight_straight_sword.bone.left_leg] run data modify entity @s {} merge value {transformation:[0.9914448515778773f,0.13052626662751646f,5.762942929116166e-8f,-0.09375f,-0.12854327075627894f,0.9763825879370498f,-0.17364811981886577f,0.78515625f,-0.022665697055215504f,0.17216252697271747f,0.9848077632123792f,-0.09375f,0f,0f,0f,1f],start_interpolation:0}
execute if entity @s[tag=aj.nep_ringed_knight_straight_sword.locator_origin.nep_ride] at @s on origin run tp @s ^0.01563 ^0.97461 ^-3.29687 ~-180 ~0
execute if entity @s[tag=aj.nep_ringed_knight_straight_sword.locator_origin.flame1] at @s on origin run tp @s ^0.0625 ^0.01562 ^1.06249 ~0 ~0
execute if entity @s[tag=aj.nep_ringed_knight_straight_sword.locator_origin.flame2] at @s on origin run tp @s ^0.0625 ^0.01562 ^1.06251 ~0 ~0
execute if entity @s[tag=aj.nep_ringed_knight_straight_sword.locator_origin.flame3] at @s on origin run tp @s ^0.06251 ^0.01562 ^1.0625 ~0 ~0
execute if entity @s[tag=aj.nep_ringed_knight_straight_sword.locator_origin.flame4] at @s on origin run tp @s ^0.06249 ^0.01562 ^1.0625 ~0 ~0
execute if entity @s[tag=aj.nep_ringed_knight_straight_sword.bone.flame_blast] run data modify entity @s {} merge value {transformation:[-0.00003416666666666667f,0f,4.184209897086791e-21f,0.06249999999999987f,0f,0.00003416666666666667f,0f,0.015625f,-4.184209897086791e-21f,0f,-0.00003416666666666667f,1.0625f,0f,0f,0f,1f],start_interpolation:0}