execute if entity @s[tag=aj.nep_ringed_knight_straight_sword.bone.black_knight_shield] run data modify entity @s {} merge value {transformation:[0.9087360051937268f,-0.40671279570753494f,0.09372072701546735f,0.7670648986074966f,0.4142562940450565f,0.8515364254625896f,-0.32136807395018446f,1.2097423573882478f,0.05089789493291913f,0.3308631407669288f,0.9423051450423271f,-0.22297529704184735f,0f,0f,0f,1f],start_interpolation:0}
execute if entity @s[tag=aj.nep_ringed_knight_straight_sword.bone.right_arm2] run data modify entity @s {} merge value {transformation:[0.9087360051937268f,-0.40671279570753494f,0.09372072701546735f,0.4932800681074748f,0.4142562940450565f,0.8515364254625896f,-0.32136807395018446f,1.1339346055547392f,0.05089789493291913f,0.3308631407669288f,0.9423051450423271f,-0.1990775211658292f,0f,0f,0f,1f],start_interpolation:0}
execute if entity @s[tag=aj.nep_ringed_knight_straight_sword.bone.right_arm] run data modify entity @s {} merge value {transformation:[0.9087360051937268f,-0.40671279570753494f,0.09372072701546735f,0.42915462270067595f,0.4142562940450565f,0.8515364254625896f,-0.32136807395018446f,1.28525f,0.05089789493291913f,0.3308631407669288f,0.9423051450423271f,-0.1594443190846454f,0f,0f,0f,1f],start_interpolation:0}
execute if entity @s[tag=aj.nep_ringed_knight_straight_sword.bone.flame_slash] run data modify entity @s {} merge value {transformation:[-0.000003428453875285988f,-0.0000073386984707730915f,-0.000007807157535243488f,-0.9481209719529317f,-0.000004282675294300399f,0.00000845239039206756f,-0.0000060645106136994285f,2.5347286852487274f,0.000009821756276177164f,0.0000011238778470797932f,-0.000005369590509174587f,-0.4835044899863781f,0f,0f,0f,1f],start_interpolation:0}
execute if entity @s[tag=aj.nep_ringed_knight_straight_sword.locator_origin.rkss1] at @s on origin run tp @s ^-0.66977 ^1.81015 ^-0.06201 ~-55.48067 ~-32.62019
execute if entity @s[tag=aj.nep_ringed_knight_straight_sword.locator_origin.rkss2] at @s on origin run tp @s ^-0.75131 ^1.90406 ^-0.04952 ~-55.48067 ~-32.62019
execute if entity @s[tag=aj.nep_ringed_knight_straight_sword.locator_origin.rkss3] at @s on origin run tp @s ^-0.83285 ^1.99798 ^-0.03703 ~-55.48067 ~-32.62019
execute if entity @s[tag=aj.nep_ringed_knight_straight_sword.locator_origin.rkss4] at @s on origin run tp @s ^-0.91439 ^2.09189 ^-0.02455 ~-55.48067 ~-32.62019
execute if entity @s[tag=aj.nep_ringed_knight_straight_sword.locator_origin.rkss5] at @s on origin run tp @s ^-0.99593 ^2.18581 ^-0.01206 ~-55.48067 ~-32.62019
execute if entity @s[tag=aj.nep_ringed_knight_straight_sword.locator_origin.rkss6] at @s on origin run tp @s ^-1.07747 ^2.27973 ^0.00043 ~-55.48067 ~-32.62019
execute if entity @s[tag=aj.nep_ringed_knight_straight_sword.locator_origin.rkss7] at @s on origin run tp @s ^-1.15901 ^2.37364 ^0.01292 ~-55.48067 ~-32.62019
execute if entity @s[tag=aj.nep_ringed_knight_straight_sword.locator_origin.rkss8] at @s on origin run tp @s ^-1.24055 ^2.46756 ^0.0254 ~-55.48067 ~-32.62019
execute if entity @s[tag=aj.nep_ringed_knight_straight_sword.locator_origin.rkss9] at @s on origin run tp @s ^-1.3221 ^2.56147 ^0.03789 ~-55.48067 ~-32.62019
execute if entity @s[tag=aj.nep_ringed_knight_straight_sword.locator_origin.rkss10] at @s on origin run tp @s ^-1.40364 ^2.65539 ^0.05038 ~-55.48067 ~-32.62019
execute if entity @s[tag=aj.nep_ringed_knight_straight_sword.locator_origin.rkss11] at @s on origin run tp @s ^-1.48518 ^2.7493 ^0.06287 ~-55.48067 ~-32.62019
execute if entity @s[tag=aj.nep_ringed_knight_straight_sword.locator_origin.rkss12] at @s on origin run tp @s ^-1.56672 ^2.84322 ^0.07535 ~-55.48067 ~-32.62019
execute if entity @s[tag=aj.nep_ringed_knight_straight_sword.locator_origin.rkss13] at @s on origin run tp @s ^-1.64826 ^2.93713 ^0.08784 ~-55.48067 ~-32.62019
execute if entity @s[tag=aj.nep_ringed_knight_straight_sword.bone.sword_body] run data modify entity @s {} merge value {transformation:[-0.3084060604322584f,-0.6601515337238051f,-0.7022916994668967f,-1.3534737964227883f,-0.38524742162837833f,0.7603335255124533f,-0.5455321538093152f,2.605594521762031f,0.8835146307485129f,0.101098265233641f,-0.48302071875790964f,0.02558854245952942f,0f,0f,0f,1f],start_interpolation:0}
execute if entity @s[tag=aj.nep_ringed_knight_straight_sword.bone.ringed_knight_straight_sword] run data modify entity @s {} merge value {transformation:[-0.30475145558097666f,-0.6523287529576081f,-0.69396955868831f,-0.7869069793302894f,-0.3806822483822576f,0.7513235904060053f,-0.5390676101066159f,1.937711982151868f,0.873045002326859f,0.09990025307375938f,-0.4772969341488521f,-0.05159486671369083f,0f,0f,0f,1f],start_interpolation:0}
execute if entity @s[tag=aj.nep_ringed_knight_straight_sword.bone.left_arm2] run data modify entity @s {} merge value {transformation:[0.69396955868831f,0.6523287529576082f,0.3047514555809765f,-0.567674971411816f,0.5390676101066161f,-0.7513235904060052f,0.3806822483822575f,1.6400614207385495f,0.47729693414885194f,-0.09990025307375933f,-0.8730450023268591f,-0.07128845224724774f,0f,0f,0f,1f],start_interpolation:0}
execute if entity @s[tag=aj.nep_ringed_knight_straight_sword.bone.left_arm] run data modify entity @s {} merge value {transformation:[0.69396955868831f,0.6523287529576082f,0.3047514555809765f,-0.2770760412765247f,0.5390676101066161f,-0.7513235904060052f,0.3806822483822575f,1.47265625f,0.47729693414885194f,-0.09990025307375933f,-0.8730450023268591f,-0.04284516456419104f,0f,0f,0f,1f],start_interpolation:0}
execute if entity @s[tag=aj.nep_ringed_knight_straight_sword.bone.head] run data modify entity @s {} merge value {transformation:[0.9999743863365594f,0.007156862390454421f,-0.00007740507332304469f,0.03125f,-0.007155623332977963f,0.9994515784662137f,-0.032331708215163894f,1.49140625f,-0.00015403096383020953f,0.03233143396321997f,0.9994771906613698f,-0.09375f,0f,0f,0f,1f],start_interpolation:0}
execute if entity @s[tag=aj.nep_ringed_knight_straight_sword.bone.body_top] run data modify entity @s {} merge value {transformation:[0.986643332084879f,0f,0.16289547339458868f,0.03125f,0f,1f,0f,1.09765625f,-0.16289547339458868f,0f,0.986643332084879f,-0.09375f,0f,0f,0f,1f],start_interpolation:0}
execute if entity @s[tag=aj.nep_ringed_knight_straight_sword.bone.body] run data modify entity @s {} merge value {transformation:[0.986643332084879f,0f,0.16289547339458868f,0.03125f,0f,1f,0f,0.66015625f,-0.16289547339458868f,0f,0.986643332084879f,-0.09375f,0f,0f,0f,1f],start_interpolation:0}
execute if entity @s[tag=aj.nep_ringed_knight_straight_sword.bone.right_leg2] run data modify entity @s {} merge value {transformation:[0.987208818305565f,-0.15940614762659416f,0.002903301324108303f,0.22860781504316754f,0.1594319081845236f,0.9869878826571766f,-0.020889857360566783f,0.40375320208370646f,0.00046444845971956895f,0.021085530269634195f,0.9997775676123548f,-0.054358111404648336f,0f,0f,0f,1f],start_interpolation:0}
execute if entity @s[tag=aj.nep_ringed_knight_straight_sword.bone.right_leg] run data modify entity @s {} merge value {transformation:[0.987208818305565f,-0.15842136280248512f,-0.017928214287359794f,0.15625f,0.1594319081845236f,0.98127073803597f,0.10811662835560655f,0.75390625f,0.00046444845971956895f,-0.10959201833229508f,0.9939765459031125f,-0.09375f,0f,0f,0f,1f],start_interpolation:0}
execute if entity @s[tag=aj.nep_ringed_knight_straight_sword.bone.left_leg2] run data modify entity @s {} merge value {transformation:[0.9925938028646515f,0.1132685500133619f,-0.04390646982575561f,-0.15241544765791593f,-0.12147542498425054f,0.9287994144819418f,-0.35010765313385805f,0.40269668669869546f,0.0011241172470776977f,0.35284824391779634f,0.9356798881693152f,-0.14478664513663955f,0f,0f,0f,1f],start_interpolation:0}
execute if entity @s[tag=aj.nep_ringed_knight_straight_sword.bone.left_leg] run data modify entity @s {} merge value {transformation:[0.9925938028646515f,0.12008673248878121f,-0.018349909941396292f,-0.09375f,-0.12147542498425054f,0.9825603250551193f,-0.14077971712030876f,0.75390625f,0.0011241172470776977f,0.14196613789121101f,0.9898708764544336f,-0.09375f,0f,0f,0f,1f],start_interpolation:0}
execute if entity @s[tag=aj.nep_ringed_knight_straight_sword.locator_origin.flame1] at @s on origin run tp @s ^0.0625 ^0.01562 ^1.06249 ~0 ~0
execute if entity @s[tag=aj.nep_ringed_knight_straight_sword.locator_origin.flame2] at @s on origin run tp @s ^0.0625 ^0.01562 ^1.06251 ~0 ~0
execute if entity @s[tag=aj.nep_ringed_knight_straight_sword.locator_origin.flame3] at @s on origin run tp @s ^0.06251 ^0.01562 ^1.0625 ~0 ~0
execute if entity @s[tag=aj.nep_ringed_knight_straight_sword.locator_origin.flame4] at @s on origin run tp @s ^0.06249 ^0.01562 ^1.0625 ~0 ~0