execute if entity @s[tag=aj.sword_dance.bone.right_arm2] run data modify entity @s {} merge value {transformation:[0.9735978811279662f,-0.21742318574791464f,0.0695293043425744f,0.360709255070765f,0.22729485906994146f,0.951497270084454f,-0.2073402808481924f,1.1434881336233096f,-0.021076358876949388f,0.21766971153805403f,0.9757948984163785f,-0.08152934086790983f,0f,0f,0f,1f],start_interpolation:0}
execute if entity @s[tag=aj.sword_dance.bone.right_arm] run data modify entity @s {} merge value {transformation:[0.9735978811279662f,-0.20788118838905068f,0.09430046329202499f,0.30873895797350237f,0.22729485906994146f,0.9209928485154146f,-0.3164004109097173f,1.3737363457521632f,-0.021076358876949388f,0.32948078016390964f,0.9439270112667989f,0.0008408541730675761f,0f,0f,0f,1f],start_interpolation:0}
execute if entity @s[tag=aj.sword_dance.locator_origin.irithyll_straight_sword0] at @s on origin run tp @s ^-0.8664 ^2.24339 ^0.7284 ~-119.26665 ~61.13781
execute if entity @s[tag=aj.sword_dance.locator_origin.irithyll_straight_sword1] at @s on origin run tp @s ^-0.62954 ^1.75077 ^0.59566 ~-119.26665 ~61.13781
execute if entity @s[tag=aj.sword_dance.locator_origin.irithyll_straight_sword2] at @s on origin run tp @s ^-0.39268 ^1.25814 ^0.46292 ~-119.26665 ~61.13781
execute if entity @s[tag=aj.sword_dance.locator_origin.slash0] at @s on origin run tp @s ^-1.02286 ^2.41058 ^0.6233 ~-119.26665 ~61.13781
execute if entity @s[tag=aj.sword_dance.bone.irithyll_slash] run data modify entity @s {} merge value {transformation:[-0.0000055445771512571245f,0.000007178164820134498f,-0.000004210892307901133f,-1.0228602565723754f,-0.0000045444714698861684f,0.0000016273125265432873f,0.000008757832665696802f,2.4105795270277666f,0.000006971760414210181f,0.000006769475884877558f,0.0000023598205378615393f,0.6232973613053411f,0f,0f,0f,1f],start_interpolation:0}
execute if entity @s[tag=aj.sword_dance.bone.irithyll_straight_sword] run data modify entity @s {} merge value {transformation:[0.5544577151257125f,-0.7178164820134496f,-0.42108923079011323f,-0.3354029058919785f,0.45444714698861677f,-0.16273125265432867f,0.8757832665696801f,1.1648916822371769f,-0.697176041421018f,-0.6769475884877558f,0.23598205378615392f,0.4476842479383001f,0f,0f,0f,1f],start_interpolation:0}
execute if entity @s[tag=aj.sword_dance.bone.left_arm2] run data modify entity @s {} merge value {transformation:[0.9940859744506009f,-0.04883198212254861f,-0.09699748925916746f,-0.41325478205437083f,0.10849124001931493f,0.48578656546287535f,0.8673183173753767f,1.3117421319922504f,0.004767204597099763f,-0.8727123525754443f,0.48821145359624946f,0.2294160380410781f,0f,0f,0f,1f],start_interpolation:0}
execute if entity @s[tag=aj.sword_dance.bone.left_arm] run data modify entity @s {} merge value {transformation:[0.9940859744506009f,-0.040192273466753095f,-0.10088437219992474f,-0.299042103614734f,0.10849124001931493f,0.408346228768815f,0.9063569982569549f,1.4273900941868685f,0.004767204597099763f,-0.9119418504509268f,0.41029176832647896f,0.0020264760029838555f,0f,0f,0f,1f],start_interpolation:0}
execute if entity @s[tag=aj.sword_dance.bone.head] run data modify entity @s {} merge value {transformation:[0.9999304738471068f,-0.004231264275509021f,0.01100653780856694f,-0.003915496083701237f,0.005399995372527449f,0.9940901856400934f,-0.1084229812540731f,1.5124588848722427f,-0.010482724926148455f,0.10847487827453511f,0.9940439191813648f,0.037221645784438706f,0f,0f,0f,1f],start_interpolation:0}
execute if entity @s[tag=aj.sword_dance.bone.body_top] run data modify entity @s {} merge value {transformation:[0.9987456551789989f,-0.003801299574027311f,0.049926609965234445f,-0.002418734376427983f,0.011091557792823266f,0.9891384412545158f,-0.1465678047127511f,1.122985623628277f,-0.04882718102451347f,0.14693772202581332f,0.9879398829073884f,-0.020635082263225295f,0f,0f,0f,1f],start_interpolation:0}
execute if entity @s[tag=aj.sword_dance.locator_origin.player_camera] at @s on origin run tp @s ^0.00592 ^0.12163 ^-0.05417 ~177.41505 ~-5.47142
execute if entity @s[tag=aj.sword_dance.bone.body] run data modify entity @s {} merge value {transformation:[0.9989764089913731f,-0.005528535717549675f,0.04489509518333566f,0f,0.009793814535605072f,0.9953957111503475f,-0.0953491448327465f,0.6875f,-0.04416124404433329f,0.09569124054119936f,0.9944309785038593f,-0.06250000000000001f,0f,0f,0f,1f],start_interpolation:0}
execute if entity @s[tag=aj.sword_dance.bone.right_leg2] run data modify entity @s {} merge value {transformation:[0.99144486137381f,-0.1270563212015235f,0.029896121791997812f,0.17139036472338323f,0.13002950065172225f,0.9813785411502292f,-0.1413806490652506f,0.40995643134165277f,-0.011376107230966036f,0.14405849580147323f,0.9895037816864f,-0.08482025883259427f,0f,0f,0f,1f],start_interpolation:0}
execute if entity @s[tag=aj.sword_dance.bone.right_leg] run data modify entity @s {} merge value {transformation:[0.99144486137381f,-0.12908623227376204f,0.019334722465839276f,0.125f,0.13002950065172225f,0.9896864519188793f,-0.06010870027278509f,0.765625f,-0.011376107230966036f,0.062108546316784016f,0.9980045654498207f,-0.06250000000000001f,0f,0f,0f,1f],start_interpolation:0}
execute if entity @s[tag=aj.sword_dance.bone.left_leg2] run data modify entity @s {} merge value {transformation:[0.99144486137381f,0.12949059951004374f,-0.016409494020113144f,-0.17157283200515946f,-0.13002950065172222f,0.968878892552129f,-0.2106324299039059f,0.40947862148236713f,-0.011376107230966036f,0.2109641585802895f,0.9774275973077392f,-0.04326770645085472f,0f,0f,0f,1f],start_interpolation:0}
execute if entity @s[tag=aj.sword_dance.bone.left_leg] run data modify entity @s {} merge value {transformation:[0.99144486137381f,0.12959396731870462f,0.015572106153799102f,-0.125f,-0.13002950065172222f,0.9910160097881958f,0.03129851919414719f,0.765625f,-0.011376107230966036f,-0.033055589210920895f,0.9993887693016109f,-0.05514705882352942f,0f,0f,0f,1f],start_interpolation:0}