execute if entity @s[tag=aj.sword_dance.bone.right_arm2] run data modify entity @s {} merge value {transformation:[-0.46345411094817585f,0.6129307720095707f,0.6399423065941082f,-0.5051406256561959f,0.1423109973247527f,0.764293503433282f,-0.6289698090132104f,1.157023085947467f,-0.8746186981111657f,-0.200427815767751f,-0.4414417555928508f,1.6595111488514633f,0f,0f,0f,1f],start_interpolation:0}
execute if entity @s[tag=aj.sword_dance.bone.right_arm] run data modify entity @s {} merge value {transformation:[-0.46345411094817585f,0.6129307720095707f,0.6399423065941082f,-0.35190793265380327f,0.1423109973247527f,0.764293503433282f,-0.6289698090132104f,1.3480964618057876f,-0.8746186981111657f,-0.200427815767751f,-0.4414417555928508f,1.6094041949095257f,0f,0f,0f,1f],start_interpolation:0}
execute if entity @s[tag=aj.sword_dance.locator_origin.irithyll_straight_sword0] at @s on origin run tp @s ^-0.01699 ^-0.07095 ^3.01968 ~-172.8652 ~-58.8262
execute if entity @s[tag=aj.sword_dance.locator_origin.irithyll_straight_sword1] at @s on origin run tp @s ^0.01918 ^0.41033 ^2.73077 ~-172.8652 ~-58.8262
execute if entity @s[tag=aj.sword_dance.locator_origin.irithyll_straight_sword2] at @s on origin run tp @s ^0.05534 ^0.89161 ^2.44185 ~-172.8652 ~-58.8262
execute if entity @s[tag=aj.sword_dance.locator_origin.slash0] at @s on origin run tp @s ^0.45517 ^0.06046 ^2.29378 ~-172.8652 ~-58.8262
execute if entity @s[tag=aj.sword_dance.bone.irithyll_slash] run data modify entity @s {} merge value {transformation:[-0.6601491545334349f,2.9186740213275386f,-0.1607313647119662f,-0.10471841964736919f,-0.3495183652808992f,-1.4890841933903702f,-2.139002546930176f,-0.14986728945863326f,-0.6648608922926353f,-2.1151761681294263f,1.2840691307807608f,3.2422825536713162f,0f,0f,0f,1f],start_interpolation:0}
execute if entity @s[tag=aj.sword_dance.bone.irithyll_straight_sword] run data modify entity @s {} merge value {transformation:[0.660149154533435f,-0.7483779541865484f,-0.06429254588478645f,0.07406568275003486f,0.34951836528089913f,0.3818164598436848f,-0.8556010187720698f,0.9792208072422139f,0.6648608922926352f,0.54235286362293f,0.513627652312304f,2.3771975313362783f,0f,0f,0f,1f],start_interpolation:0}
execute if entity @s[tag=aj.sword_dance.bone.left_arm2] run data modify entity @s {} merge value {transformation:[-0.6601491545334248f,0.09687514150650797f,0.7448612627374969f,0.1294190071407667f,-0.3495183652809191f,0.8381320761234669f,-0.41877384744551704f,1.2302378791589035f,-0.6648608922926349f,-0.5367958922449587f,-0.5194325403445383f,2.2842810616698843f,0f,0f,0f,1f],start_interpolation:0}
execute if entity @s[tag=aj.sword_dance.bone.left_arm] run data modify entity @s {} merge value {transformation:[-0.6601491545334248f,0.09687514150650797f,0.7448612627374969f,0.0711191482007156f,-0.3495183652809191f,0.8381320761234669f,-0.41877384744551704f,1.3960811025296553f,-0.6648608922926349f,-0.5367958922449587f,-0.5194325403445383f,2.066974477072065f,0f,0f,0f,1f],start_interpolation:0}
execute if entity @s[tag=aj.sword_dance.bone.head] run data modify entity @s {} merge value {transformation:[-0.3255157807282432f,0.20237163778690248f,0.9236261130545893f,-0.1425239809765789f,-0.20800455217226038f,0.9375718793625223f,-0.27873477950238923f,1.5152300729846087f,-0.9223738844809626f,-0.28285100538636027f,-0.26310022040930614f,1.8251471653497153f,0f,0f,0f,1f],start_interpolation:0}
execute if entity @s[tag=aj.sword_dance.bone.body_top] run data modify entity @s {} merge value {transformation:[-0.6768433293672301f,-0.014814530435026733f,0.7359780140595729f,-0.13669075961778712f,-0.07677542515818823f,0.9957655013348674f,-0.05056283658082958f,1.1231474068340046f,-0.7321124514600629f,-0.09072814359012261f,-0.6751146290651888f,1.860871371888326f,0f,0f,0f,1f],start_interpolation:0}
execute if entity @s[tag=aj.sword_dance.locator_origin.player_camera] at @s on origin run tp @s ^-0.07974 ^0.12382 ^1.90558 ~42.47643 ~-3.27118
execute if entity @s[tag=aj.sword_dance.bone.body] run data modify entity @s {} merge value {transformation:[-0.7384124466157082f,-0.014814530435026733f,0.6741866124234399f,-0.13020940255246294f,-0.07207642990869607f,0.9957655013348674f,-0.057061848926730926f,0.6875f,-0.6704864256154788f,-0.09072814359012261f,-0.7363534185607271f,1.9005649347090048f,0f,0f,0f,1f],start_interpolation:0}
execute if entity @s[tag=aj.sword_dance.bone.right_leg2] run data modify entity @s {} merge value {transformation:[-0.9031088658143263f,0.3039903493474482f,0.3032890436385355f,-0.3323527311632166f,0.12244181211289643f,0.8592670630819306f,-0.4966569409049506f,0.4255142108816989f,-0.4115852027637428f,-0.4114000265023933f,-0.8132328320104636f,1.9084949430633649f,0f,0f,0f,1f],start_interpolation:0}
execute if entity @s[tag=aj.sword_dance.bone.right_leg] run data modify entity @s {} merge value {transformation:[-0.9031088658143263f,0.23114080075412624f,0.3618954361611961f,-0.24928650589220253f,0.12244181211289643f,0.9463952392857075f,-0.2989047569107235f,0.765625f,-0.4115852027637428f,-0.22563240300118656f,-0.8829992296609545f,1.8274082982348134f,0f,0f,0f,1f],start_interpolation:0}
execute if entity @s[tag=aj.sword_dance.bone.left_leg2] run data modify entity @s {} merge value {transformation:[-0.7957311959473578f,-0.06985414592878553f,0.601608063520385f,0.09479788595191133f,-0.08336992125335867f,0.9965038457076705f,0.005435229528928387f,0.43551407342180576f,-0.5998844222234783f,-0.04583103518777751f,-0.7987729315564094f,1.8790856232053148f,0f,0f,0f,1f],start_interpolation:0}
execute if entity @s[tag=aj.sword_dance.bone.left_leg] run data modify entity @s {} merge value {transformation:[-0.7957311959473578f,-0.29476225437115744f,0.5290813521512743f,-0.011132299212723372f,-0.08336992125335867f,0.9185695348262796f,0.38636700935670104f,0.765625f,-0.5998844222234783f,0.26333481176453943f,-0.7555087404435095f,1.9737215711831961f,0f,0f,0f,1f],start_interpolation:0}