execute if entity @s[tag=aj.sword_dance.bone.right_arm2] run data modify entity @s {} merge value {transformation:[0.6929689467055753f,-0.5487683708412645f,-0.4675973845799285f,0.4761695918264633f,0.4897996720808144f,0.8342565048879593f,-0.253204196808925f,1.135333457541385f,0.5290466143274067f,-0.0535664000689835f,0.8469004195608577f,2.5172584284462847f,0f,0f,0f,1f],start_interpolation:0}
execute if entity @s[tag=aj.sword_dance.bone.right_arm] run data modify entity @s {} merge value {transformation:[0.6929689467055753f,-0.5487683708412645f,-0.4675973845799285f,0.33897749911614716f,0.4897996720808144f,0.8342565048879593f,-0.253204196808925f,1.3438975837633749f,0.5290466143274067f,-0.0535664000689835f,0.8469004195608577f,2.5038668284290386f,0f,0f,0f,1f],start_interpolation:0}
execute if entity @s[tag=aj.sword_dance.locator_origin.irithyll_straight_sword0] at @s on origin run tp @s ^-1.22947 ^2.40495 ^1.33226 ~-38.38627 ~34.16472
execute if entity @s[tag=aj.sword_dance.locator_origin.irithyll_straight_sword1] at @s on origin run tp @s ^-0.94045 ^2.08907 ^1.69709 ~-38.38627 ~34.16472
execute if entity @s[tag=aj.sword_dance.locator_origin.irithyll_straight_sword2] at @s on origin run tp @s ^-0.65144 ^1.77318 ^2.06191 ~-38.38627 ~34.16472
execute if entity @s[tag=aj.sword_dance.locator_origin.slash0] at @s on origin run tp @s ^-1.3973 ^2.59274 ^1.33873 ~-38.38627 ~34.16472
execute if entity @s[tag=aj.sword_dance.bone.irithyll_slash] run data modify entity @s {} merge value {transformation:[0.000008497984935058732f,0.0000011770043515450747f,-0.000005137987232366265f,-1.3973060571849372f,0.000004368612656973601f,-0.0000070269974414290495f,0.00000561573952489605f,2.592743020855309f,-0.000002949487327798654f,-0.000007016834593646451f,-0.0000064857194503433105f,1.338729636988933f,0f,0f,0f,1f],start_interpolation:0}
execute if entity @s[tag=aj.sword_dance.bone.irithyll_straight_sword] run data modify entity @s {} merge value {transformation:[-0.8497984935058732f,-0.11770043515450757f,-0.5137987232366265f,-0.5934063294465607f,-0.4368612656973601f,0.7026997441429048f,0.561573952489605f,1.7007823677406755f,0.2949487327798653f,0.701683459364645f,-0.648571945034331f,2.1218817309575826f,0f,0f,0f,1f],start_interpolation:0}
execute if entity @s[tag=aj.sword_dance.bone.left_arm2] run data modify entity @s {} merge value {transformation:[0.8497984935058666f,0.5184437215746689f,0.09517682488382623f,-0.5102942596362157f,0.4368612656973587f,-0.5916907908627301f,-0.677535417924066f,1.5268971632167414f,-0.29494873277988665f,0.6173476456325431f,-0.7293059230964015f,2.3156944001758513f,0f,0f,0f,1f],start_interpolation:0}
execute if entity @s[tag=aj.sword_dance.bone.left_arm] run data modify entity @s {} merge value {transformation:[0.8497984935058666f,0.5263376687938907f,-0.0284812015858186f,-0.27248503074950975f,0.4368612656973587f,-0.7335098293737777f,-0.5206875884302922f,1.3981273640854668f,-0.29494873277988665f,0.4300371944619026f,-0.8532720881470776f,2.3863351071938412f,0f,0f,0f,1f],start_interpolation:0}
execute if entity @s[tag=aj.sword_dance.bone.head] run data modify entity @s {} merge value {transformation:[0.7734519517665258f,0.22462952374407041f,-0.5927171799189419f,0.0488140512665408f,0.25815195132054436f,0.7423982566323178f,0.6182252005367384f,1.5102434031906837f,0.5789038334109962f,-0.631178584563677f,0.516220830701596f,2.4235265870111418f,0f,0f,0f,1f],start_interpolation:0}
execute if entity @s[tag=aj.sword_dance.bone.body_top] run data modify entity @s {} merge value {transformation:[0.9790429333535352f,0.1098258700756409f,-0.1715028073024849f,0.005570114924257193f,-0.08048138433683502f,0.9822287778925062f,0.16955640552636245f,1.1234908218955093f,0.18707667258568467f,-0.152200217286054f,0.9704830819918221f,2.4834554225675256f,0f,0f,0f,1f],start_interpolation:0}
execute if entity @s[tag=aj.sword_dance.locator_origin.player_camera] at @s on origin run tp @s ^-0.08338 ^0.12842 ^2.55986 ~-173.37756 ~1.36055
execute if entity @s[tag=aj.sword_dance.bone.body] run data modify entity @s {} merge value {transformation:[0.9899624922141628f,0.08174128991212873f,-0.1152936491426324f,-0.030191699412299128f,-0.07951997928108004f,0.9965504500468784f,0.023743913041047154f,0.6875f,0.11683679602017377f,-0.014337434737969171f,0.9930476328257745f,2.489728050265387f,0f,0f,0f,1f],start_interpolation:0}
execute if entity @s[tag=aj.sword_dance.bone.right_leg2] run data modify entity @s {} merge value {transformation:[0.9999862070501333f,-0.005251679859154717f,0.00007462000140507383f,0.11121876502149655f,0.0052335829817575785f,0.9975346641496049f,0.06998002164266617f,0.4210768563090457f,-0.0004419487082444329f,-0.06997866588176652f,0.9975483903063285f,2.5991992802331914f,0f,0f,0f,1f],start_interpolation:0}
execute if entity @s[tag=aj.sword_dance.bone.right_leg] run data modify entity @s {} merge value {transformation:[0.9999862070501333f,-0.0051433448014611f,-0.0010638203518189004f,0.10937037548347146f,0.0052335829817575785f,0.9587426607052643f,0.2842272333063171f,0.765625f,-0.0004419487082444329f,-0.28422888056642626f,0.9587563549376323f,2.4970545262796318f,0f,0f,0f,1f],start_interpolation:0}
execute if entity @s[tag=aj.sword_dance.bone.left_leg2] run data modify entity @s {} merge value {transformation:[0.9480911137127093f,-0.12458308237193597f,-0.2925786999863485f,-0.14516530815531248f,-0.09493308341498975f,0.7672210839943738f,-0.6343181519930048f,0.45255584786273856f,0.30349785793694956f,0.6291668013024887f,0.7155684358371864f,2.307663187119662f,0f,0f,0f,1f],start_interpolation:0}
execute if entity @s[tag=aj.sword_dance.bone.left_leg] run data modify entity @s {} merge value {transformation:[0.9480911137127093f,-0.06842007972941141f,-0.3105510147927636f,-0.1697537743080697f,-0.09493308341498975f,0.871148945077597f,-0.4817543203371533f,0.765625f,0.30349785793694956f,0.4862285554962921f,0.8194332444120582f,2.4824015742511416f,0f,0f,0f,1f],start_interpolation:0}