execute if entity @s[tag=aj.sword_dance.bone.right_arm2] run data modify entity @s {} merge value {transformation:[0.9194749935062789f,-0.3596716588665037f,0.15875148542563577f,0.3835114538060056f,0.39314761413603966f,0.842032306303844f,-0.36934610955006586f,1.1950600014468924f,-0.00083055148434756f,0.40201727941575716f,0.9156317039265214f,-0.10898314062217543f,0f,0f,0f,1f],start_interpolation:0}
execute if entity @s[tag=aj.sword_dance.bone.right_arm] run data modify entity @s {} merge value {transformation:[0.9194749935062789f,-0.2846724404812697f,0.2711592483155727f,0.31234334368568817f,0.39314761413603966f,0.6672324919291626f,-0.6326418854400488f,1.361868124429183f,-0.00083055148434756f,0.6883040050329783f,0.72542188196924f,0.06309286063606914f,0f,0f,0f,1f],start_interpolation:0}
execute if entity @s[tag=aj.sword_dance.locator_origin.irithyll_straight_sword0] at @s on origin run tp @s ^-1.43593 ^2.81206 ^0.10495 ~-83.66435 ~43.9032
execute if entity @s[tag=aj.sword_dance.locator_origin.irithyll_straight_sword1] at @s on origin run tp @s ^-1.03311 ^2.422 ^0.14967 ~-83.66435 ~43.9032
execute if entity @s[tag=aj.sword_dance.locator_origin.irithyll_straight_sword2] at @s on origin run tp @s ^-0.6303 ^2.03194 ^0.1944 ~-83.66435 ~43.9032
execute if entity @s[tag=aj.sword_dance.locator_origin.slash0] at @s on origin run tp @s ^-1.64324 ^2.88264 ^0.22951 ~-83.66435 ~43.9032
execute if entity @s[tag=aj.sword_dance.bone.irithyll_slash] run data modify entity @s {} merge value {transformation:[0.000006687141346541432f,0.000002000132214920679f,-0.000007161118050570913f,-1.6432451153797523f,0.000007142572144414822f,9.473469253724651e-7f,0.000006934421170135022f,2.8826354756296055f,0.000002065382234165262f,-0.000009752025683201607f,-7.951045849262074e-7f,0.22950726801027543f,0f,0f,0f,1f],start_interpolation:0}
execute if entity @s[tag=aj.sword_dance.bone.irithyll_straight_sword] run data modify entity @s {} merge value {transformation:[-0.6687141346541431f,-0.20001322149206796f,-0.7161118050570913f,-0.5488517367043675f,-0.7142572144414822f,-0.09473469253724659f,0.6934421170135021f,1.9575710666834643f,-0.2065382234165263f,0.9752025683201606f,-0.07951045849262073f,0.1878568987129758f,0f,0f,0f,1f],start_interpolation:0}
execute if entity @s[tag=aj.sword_dance.bone.left_arm2] run data modify entity @s {} merge value {transformation:[0.8953029767502484f,0.4423909824103952f,-0.05218044177764139f,-0.4868753098396501f,0.4343991608491949f,-0.8411274623688197f,0.32218311734556304f,1.7043863570527702f,0.09864050322083584f,-0.3111186441391048f,-0.9452381924115133f,0.10670915721185416f,0f,0f,0f,1f],start_interpolation:0}
execute if entity @s[tag=aj.sword_dance.bone.left_arm] run data modify entity @s {} merge value {transformation:[0.8953029767502484f,0.4418118922000842f,0.056875581163849054f,-0.264509464695848f,0.4343991608491949f,-0.8942040382323921f,0.10815039094888973f,1.5351352426008216f,0.09864050322083584f,-0.07212066222285773f,-0.992506252476465f,0.1010090545587442f,0f,0f,0f,1f],start_interpolation:0}
execute if entity @s[tag=aj.sword_dance.bone.head] run data modify entity @s {} merge value {transformation:[0.9992255352214109f,0.014654488926594034f,0.0365181559746004f,0.006090748161979148f,-0.005766894290219975f,0.972580772787584f,-0.23249383504547233f,1.4863977160471387f,-0.03892393468972963f,0.2321031804138112f,0.971912054123244f,0.15807728591967382f,0f,0f,0f,1f],start_interpolation:0}
execute if entity @s[tag=aj.sword_dance.bone.body_top] run data modify entity @s {} merge value {transformation:[0.9886346791911527f,0.018752985902790807f,0.14916365717002417f,-0.0012932400372447335f,0.0336429635159181f,0.9394296884638613f,-0.34108651606089513f,1.1164972762144934f,-0.14652515861268797f,0.34222826585836297f,0.9281218626565718f,0.023324906237943394f,0f,0f,0f,1f],start_interpolation:0}
execute if entity @s[tag=aj.sword_dance.locator_origin.player_camera] at @s on origin run tp @s ^0.01059 ^0.12382 ^-0.11218 ~171.62459 ~-11.1714
execute if entity @s[tag=aj.sword_dance.bone.body] run data modify entity @s {} merge value {transformation:[0.9897329302988318f,-0.002955977227987962f,0.14289852651694968f,0f,0.03090161649146566f,0.9805652027759848f,-0.19374460819105715f,0.6875f,-0.13954861798062396f,0.19617121425815637f,0.9705890159672004f,-0.06250000000000001f,0f,0f,0f,1f],start_interpolation:0}
execute if entity @s[tag=aj.sword_dance.bone.right_leg2] run data modify entity @s {} merge value {transformation:[0.99144486137381f,-0.11260810100744995f,0.06600380627632489f,0.16722838830307124f,0.13002950065172225f,0.8961610691749129f,-0.4242495339485253f,0.4324519761175515f,-0.011376107230966031f,0.4292024623447227f,0.9031366621400642f,-0.19041751249672756f,0f,0f,0f,1f],start_interpolation:0}
execute if entity @s[tag=aj.sword_dance.bone.right_leg] run data modify entity @s {} merge value {transformation:[0.99144486137381f,-0.11750508049550261f,0.05682994732719823f,0.125f,0.13002950065172225f,0.9270901534120306f,-0.3515624786673365f,0.765625f,-0.011376107230966031f,0.3559443825995897f,0.9344378955714855f,-0.06250000000000001f,0f,0f,0f,1f],start_interpolation:0}
execute if entity @s[tag=aj.sword_dance.bone.left_leg2] run data modify entity @s {} merge value {transformation:[0.99144486137381f,0.1283173946880072f,-0.023910940507408968f,-0.1687561553840007f,-0.13002950065172225f,0.9549925162118614f,-0.2666113706119849f,0.4232414936232445f,-0.011376107230966041f,0.2674396010313723f,0.9635074696049066f,0.055928962339843104f,0f,0f,0f,1f],start_interpolation:0}
execute if entity @s[tag=aj.sword_dance.bone.left_leg] run data modify entity @s {} merge value {transformation:[0.99144486137381f,0.12175625845982807f,0.047037223359061256f,-0.125f,-0.13002950065172225f,0.9527193220918415f,0.27462378315274455f,0.765625f,-0.011376107230966041f,-0.2783905652832463f,0.9604005817082496f,-0.04411764705882353f,0f,0f,0f,1f],start_interpolation:0}