execute if entity @s[tag=aj.sword_dance.bone.right_arm2] run data modify entity @s {} merge value {transformation:[0.9244131478655565f,-0.38029590311748185f,0.028902562608733806f,0.40577512998805726f,0.30144749612358795f,0.6821179529792134f,-0.6662165603647713f,1.2668145542553142f,0.23364447165321994f,0.6245719528569198f,0.7451980519099477f,-0.1578101981858102f,0f,0f,0f,1f],start_interpolation:0}
execute if entity @s[tag=aj.sword_dance.bone.right_arm] run data modify entity @s {} merge value {transformation:[0.9244131478655565f,-0.3333229624104377f,0.18535407948902247f,0.32244438938544784f,0.30144749612358795f,0.3408317324916582f,-0.8904847765164512f,1.3520224873782287f,0.23364447165321994f,0.8790503585441874f,0.4155487071442084f,0.061952391450236635f,0f,0f,0f,1f],start_interpolation:0}
execute if entity @s[tag=aj.sword_dance.locator_origin.irithyll_straight_sword0] at @s on origin run tp @s ^-0.51946 ^2.36646 ^-1.37614 ~-6.17728 ~27.37524
execute if entity @s[tag=aj.sword_dance.locator_origin.irithyll_straight_sword1] at @s on origin run tp @s ^-0.46571 ^2.10781 ^-0.87954 ~-6.17728 ~27.37524
execute if entity @s[tag=aj.sword_dance.locator_origin.irithyll_straight_sword2] at @s on origin run tp @s ^-0.41196 ^1.84917 ^-0.38293 ~-6.17728 ~27.37524
execute if entity @s[tag=aj.sword_dance.locator_origin.slash0] at @s on origin run tp @s ^-0.67081 ^2.537 ^-1.48332 ~-6.17728 ~27.37524
execute if entity @s[tag=aj.sword_dance.bone.irithyll_slash] run data modify entity @s {} merge value {transformation:[0.000008532733231989067f,0.000005126342653615402f,-9.555493652516999e-7f,-0.6708091150686755f,0.000004945901636624876f,-0.000007375295138499143f,0.000004598160351799661f,2.5370029197871795f,0.0000016524286951456982f,-0.000004396092880928968f,-0.000008828581244441527f,-1.4833177216585502f,0f,0f,0f,1f],start_interpolation:0}
execute if entity @s[tag=aj.sword_dance.bone.irithyll_straight_sword] run data modify entity @s {} merge value {transformation:[-0.8532733231989066f,-0.5126342653615402f,-0.09555493652516998f,-0.393503342638003f,-0.4945901636624876f,0.7375295138499142f,0.45981603517996605f,1.7873509948016166f,-0.16524286951456987f,0.4396092880928968f,-0.8828581244441527f,-0.29323399301082664f,0f,0f,0f,1f],start_interpolation:0}
execute if entity @s[tag=aj.sword_dance.bone.left_arm2] run data modify entity @s {} merge value {transformation:[0.8358331288228087f,0.24102674647610917f,0.4932434371032377f,-0.3902609198246224f,0.5405329002882033f,-0.5183551451963748f,-0.6626704513968223f,1.6273540456599649f,0.09595397057077695f,0.8204962223749639f,-0.5635412891706478f,-0.07152883140904465f,0f,0f,0f,1f],start_interpolation:0}
execute if entity @s[tag=aj.sword_dance.bone.left_arm] run data modify entity @s {} merge value {transformation:[0.8358331288228087f,0.20281910923791152f,0.5101444792313392f,-0.23507700141229343f,0.5405329002882033f,-0.46646001498195994f,-0.700170863524792f,1.5783056544505003f,0.09595397057077695f,0.8609758784954255f,-0.49951313514334383f,0.15570938453615885f,0f,0f,0f,1f],start_interpolation:0}
execute if entity @s[tag=aj.sword_dance.bone.head] run data modify entity @s {} merge value {transformation:[0.9968558700800725f,0.054476869794623475f,0.05753820421495007f,0.029059215885637448f,-0.03635838947720472f,0.959686083911938f,-0.27871255418511864f,1.4736051817665166f,-0.07040200140284042f,0.2757442492657797f,0.9586493974312642f,0.1941004179045518f,0f,0f,0f,1f],start_interpolation:0}
execute if entity @s[tag=aj.sword_dance.bone.body_top] run data modify entity @s {} merge value {transformation:[0.9703719561506428f,0.06856391511141201f,0.2316835260888656f,0.002062174310518969f,0.03163992923946213f,0.9145751114825712f,-0.4031764878243326f,1.113491231620254f,-0.2395353451875042f,0.3985616075354441f,0.8853086825535292f,0.037166784937470665f,0f,0f,0f,1f],start_interpolation:0}
execute if entity @s[tag=aj.sword_dance.locator_origin.player_camera] at @s on origin run tp @s ^0.01888 ^0.12633 ^-0.13354 ~159.34034 ~-12.44166
execute if entity @s[tag=aj.sword_dance.bone.body] run data modify entity @s {} merge value {transformation:[0.9387632503835799f,0.004713541281186215f,0.34453061149605657f,0f,0.07418059677566625f,0.973694243703438f,-0.21544548925608975f,0.6875f,-0.3364829844007897f,0.22780979414279012f,0.9137187197936558f,-0.06250000000000001f,0f,0f,0f,1f],start_interpolation:0}
execute if entity @s[tag=aj.sword_dance.bone.right_leg2] run data modify entity @s {} merge value {transformation:[0.99144486137381f,-0.07801575226017972f,0.10464525433456087f,0.15908011177413578f,0.13002950065172225f,0.6602078585787164f,-0.7397417876740298f,0.48622385761434744f,-0.011376107230966027f,0.7470201642995882f,0.6647040381358352f,-0.2859366537523661f,0f,0f,0f,1f],start_interpolation:0}
execute if entity @s[tag=aj.sword_dance.bone.right_leg] run data modify entity @s {} merge value {transformation:[0.99144486137381f,-0.09483161537150826f,0.08968863685828316f,0.125f,0.13002950065172225f,0.777464048377468f,-0.6153389167286447f,0.765625f,-0.011376107230966027f,0.6217367756587577f,0.7831436432594733f,-0.06250000000000001f,0f,0f,0f,1f],start_interpolation:0}
execute if entity @s[tag=aj.sword_dance.bone.left_leg2] run data modify entity @s {} merge value {transformation:[0.99144486137381f,0.1294167714912568f,0.01698193487935059f,-0.16047273291939962f,-0.13002950065172228f,0.9906165749549232f,0.042084799926350724f,0.4767139463777895f,-0.011376107230966041f,-0.04393291114138742f,0.9989697110037483f,0.19973699670479658f,0f,0f,0f,1f],start_interpolation:0}
execute if entity @s[tag=aj.sword_dance.bone.left_leg] run data modify entity @s {} merge value {transformation:[0.99144486137381f,0.0987067350800685f,0.08540531192671716f,-0.125f,-0.13002950065172228f,0.8039264100791944f,0.5803401210819762f,0.765625f,-0.011376107230966041f,-0.5864804409586156f,0.8098834956691348f,-0.011029411764705892f,0f,0f,0f,1f],start_interpolation:0}