execute if entity @s[tag=aj.sword_dance.bone.right_arm2] run data modify entity @s {} merge value {transformation:[0.7543326187729081f,-0.5494701993801018f,-0.35925589800085156f,0.46824857338116455f,0.5308995728893874f,0.8324777324205693f,-0.1585133071062904f,1.1322219135062654f,0.38617087378655696f,-0.07115704474680304f,0.9196786021332828f,2.502575057999122f,0f,0f,0f,1f],start_interpolation:0}
execute if entity @s[tag=aj.sword_dance.bone.right_arm] run data modify entity @s {} merge value {transformation:[0.7543326187729081f,-0.5494701993801018f,-0.35925589800085156f,0.3308810235361391f,0.5308995728893874f,0.8324777324205693f,-0.1585133071062904f,1.3403413466114078f,0.38617087378655696f,-0.07115704474680304f,0.9196786021332828f,2.4847857968124214f,0f,0f,0f,1f],start_interpolation:0}
execute if entity @s[tag=aj.sword_dance.locator_origin.irithyll_straight_sword0] at @s on origin run tp @s ^-1.44326 ^2.45829 ^1.7156 ~-52.21603 ~36.3111
execute if entity @s[tag=aj.sword_dance.locator_origin.irithyll_straight_sword1] at @s on origin run tp @s ^-1.08503 ^2.1252 ^1.99332 ~-52.21603 ~36.3111
execute if entity @s[tag=aj.sword_dance.locator_origin.irithyll_straight_sword2] at @s on origin run tp @s ^-0.72679 ^1.7921 ^2.27103 ~-52.21603 ~36.3111
execute if entity @s[tag=aj.sword_dance.locator_origin.slash0] at @s on origin run tp @s ^-1.60262 ^2.6465 ^1.76714 ~-52.21603 ~36.3111
execute if entity @s[tag=aj.sword_dance.bone.irithyll_slash] run data modify entity @s {} merge value {transformation:[0.000007692295921487367f,-5.196608369463695e-7f,-0.000006368558398163045f,-1.6026247043208746f,0.000004448756550306083f,-0.000006718788968557935f,0.000005921692321633481f,2.6465004298523898f,-0.000004586627149919381f,-0.000007388357558383893f,-0.00000493710684278698f,1.7671435211676134f,0f,0f,0f,1f],start_interpolation:0}
execute if entity @s[tag=aj.sword_dance.bone.irithyll_straight_sword] run data modify entity @s {} merge value {transformation:[-0.7692295921487367f,0.051966083694636844f,-0.6368558398163044f,-0.6579501282077864f,-0.44487565503060833f,0.6718788968557934f,0.592169232163348f,1.7168353459124528f,0.458662714991938f,0.7388357558383893f,-0.4937106842786979f,2.3134845851546677f,0f,0f,0f,1f],start_interpolation:0}
execute if entity @s[tag=aj.sword_dance.bone.left_arm2] run data modify entity @s {} merge value {transformation:[0.7692295921487253f,0.6339829654379746f,-0.07969588507054709f,-0.5363800043183925f,0.4448756550306079f,-0.6209125641328378f,-0.6454093578985912f,1.5341852388424202f,-0.4586627149919574f,0.4610132180713003f,-0.7596679054953882f,2.4764774519152195f,0f,0f,0f,1f],start_interpolation:0}
execute if entity @s[tag=aj.sword_dance.bone.left_arm] run data modify entity @s {} merge value {transformation:[0.7692295921487253f,0.5958707823084896f,-0.23070293746238824f,-0.2912586097226795f,0.4448756550306079f,-0.7586074626697547f,-0.4760255971508718f,1.4001428300538075f,-0.4586627149919574f,0.26353885552765316f,-0.8486317137035247f,2.4850293264231382f,0f,0f,0f,1f],start_interpolation:0}
execute if entity @s[tag=aj.sword_dance.bone.head] run data modify entity @s {} merge value {transformation:[0.865381120430961f,0.11236385060748624f,-0.4883542581756741f,0.03253134285685944f,0.2653965939407632f,0.7238729722137354f,0.6368457961100901f,1.5098102970978133f,0.42506489425297894f,-0.6807218853357893f,0.5966050205107167f,2.460535944037443f,0f,0f,0f,1f],start_interpolation:0}
execute if entity @s[tag=aj.sword_dance.bone.body_top] run data modify entity @s {} merge value {transformation:[0.9958526339702476f,0.08942099086207121f,0.016775512146154706f,-0.002678172295081098f,-0.09097286628764288f,0.981147337540989f,0.1705105264657849f,1.1234835329410489f,-0.001212028849102285f,-0.17132947332398435f,0.9852130442480933f,2.527996924158762f,0f,0f,0f,1f],start_interpolation:0}
execute if entity @s[tag=aj.sword_dance.locator_origin.player_camera] at @s on origin run tp @s ^-0.08147 ^0.12854 ^2.61628 ~179.73198 ~1.46206
execute if entity @s[tag=aj.sword_dance.bone.body] run data modify entity @s {} merge value {transformation:[0.9968568745569293f,0.07908542621906844f,0.004676217310939534f,-0.03727804626592354f,-0.07917948425199604f,0.9965337895795404f,0.025515005385619176f,0.6875f,-0.0026421434818644784f,-0.025805068997941993f,0.9996635021305085f,2.5392866418453615f,0f,0f,0f,1f],start_interpolation:0}
execute if entity @s[tag=aj.sword_dance.bone.right_leg2] run data modify entity @s {} merge value {transformation:[0.9924390871525115f,-0.05103014604970511f,0.11162697920321817f,0.12898989981186343f,0.040218973606795466f,0.9944669799456216f,0.09704565914996036f,0.42425841898667044f,-0.11596159904858955f,-0.09182238284851982f,0.9890002818776719f,2.643906757329643f,0f,0f,0f,1f],start_interpolation:0}
execute if entity @s[tag=aj.sword_dance.bone.right_leg] run data modify entity @s {} merge value {transformation:[0.9924390871525115f,-0.07398102811489532f,0.09793602897275855f,0.10240296783307291f,0.040218973606795466f,0.9498896167327432f,0.30998733875004975f,0.765625f,-0.11596159904858955f,-0.30370466493352594f,0.9456830251430492f,2.534762893369157f,0f,0f,0f,1f],start_interpolation:0}
execute if entity @s[tag=aj.sword_dance.bone.left_leg2] run data modify entity @s {} merge value {transformation:[0.9702100355679528f,-0.07057668294997572f,-0.2317572408944549f,-0.17034475794617981f,-0.0961179583162517f,0.7659766567833354f,-0.6356422731003185f,0.447207156785792f,0.2223821597438677f,0.6389825452129372f,0.7363745527520964f,2.3773270015065684f,0f,0f,0f,1f],start_interpolation:0}
execute if entity @s[tag=aj.sword_dance.bone.left_leg] run data modify entity @s {} merge value {transformation:[0.9702100355679528f,-0.0184050154260596f,-0.24156519263006065f,-0.17695906036491998f,-0.0961179583162517f,0.8860322593786658f,-0.4535506294003482f,0.765625f,0.2223821597438677f,0.4632581253982528f,0.8578683373805971f,2.5438103903215654f,0f,0f,0f,1f],start_interpolation:0}