execute if entity @s[tag=aj.sword_dance.bone.right_arm2] run data modify entity @s {} merge value {transformation:[0.7133013366066036f,-0.5461905153458801f,-0.4391777819305467f,0.47180479447006674f,0.4780332258262749f,0.837400454393234f,-0.2650371935939012f,1.1359924720537913f,0.5125284755029311f,-0.02089018736649459f,0.8584160773601774f,2.4943173281398074f,0f,0f,0f,1f],start_interpolation:0}
execute if entity @s[tag=aj.sword_dance.bone.right_arm] run data modify entity @s {} merge value {transformation:[0.7133013366066036f,-0.5461905153458801f,-0.4391777819305467f,0.3352571656335967f,0.4780332258262749f,0.837400454393234f,-0.2650371935939012f,1.3453425856520997f,0.5125284755029311f,-0.02089018736649459f,0.8584160773601774f,2.4890947812981836f,0f,0f,0f,1f],start_interpolation:0}
execute if entity @s[tag=aj.sword_dance.locator_origin.irithyll_straight_sword0] at @s on origin run tp @s ^-1.20162 ^2.54355 ^1.44732 ~-40.5064 ~40.16302
execute if entity @s[tag=aj.sword_dance.locator_origin.irithyll_straight_sword1] at @s on origin run tp @s ^-0.92241 ^2.18076 ^1.77416 ~-40.5064 ~40.16302
execute if entity @s[tag=aj.sword_dance.locator_origin.irithyll_straight_sword2] at @s on origin run tp @s ^-0.64319 ^1.81797 ^2.10101 ~-40.5064 ~40.16302
execute if entity @s[tag=aj.sword_dance.locator_origin.slash0] at @s on origin run tp @s ^-1.35842 ^2.73877 ^1.47527 ~-40.5064 ~40.16302
execute if entity @s[tag=aj.sword_dance.bone.irithyll_slash] run data modify entity @s {} merge value {transformation:[0.000008659251030245383f,6.147695785204393e-7f,-0.0000049638120392013355f,-1.358418292731265f,0.000004152649307866663f,-0.0000064154167489964045f,0.0000064496458555932365f,2.7387680289328f,-0.0000027879876830913086f,-0.000007646207314873321f,-0.000005810562655794096f,1.4752695767371593f,0f,0f,0f,1f],start_interpolation:0}
execute if entity @s[tag=aj.sword_dance.bone.irithyll_straight_sword] run data modify entity @s {} merge value {transformation:[-0.8659251030245382f,-0.06147695785204403f,-0.4963812039201335f,-0.5879395973374713f,-0.4152649307866664f,0.6415416748996403f,0.6449645855593236f,1.7373980916414278f,0.27879876830913075f,0.764620731487332f,-0.5810562655794096f,2.1526148431141765f,0f,0f,0f,1f],start_interpolation:0}
execute if entity @s[tag=aj.sword_dance.bone.left_arm2] run data modify entity @s {} merge value {transformation:[0.865925103024531f,0.4985903462416759f,0.0397666013956615f,-0.5102432087028664f,0.4152649307866673f,-0.672334377014779f,-0.6127981092846921f,1.5424301850302837f,-0.27879876830915196f,0.5471509408917753f,-0.7892383003064064f,2.327708583250164f,0f,0f,0f,1f],start_interpolation:0}
execute if entity @s[tag=aj.sword_dance.bone.left_arm] run data modify entity @s {} merge value {transformation:[0.865925103024531f,0.49467667351757955f,-0.07395069052779499f,-0.27833340244540516f,0.4152649307866673f,-0.7934379460980928f,-0.4449845648451016f,1.395978814854094f,-0.27879876830915196f,0.35461417677416973f,-0.8924797098086198f,2.3815122814050627f,0f,0f,0f,1f],start_interpolation:0}
execute if entity @s[tag=aj.sword_dance.bone.head] run data modify entity @s {} merge value {transformation:[0.7822872308405917f,0.19927721539762455f,-0.5901824123837712f,0.043163159118578424f,0.2502107119033438f,0.7671325067676591f,0.5906795380823591f,1.5107826658452168f,0.5704570870035544f,-0.6097510217160247f,0.5502566704763179f,2.414054900410089f,0f,0f,0f,1f],start_interpolation:0}
execute if entity @s[tag=aj.sword_dance.bone.body_top] run data modify entity @s {} merge value {transformation:[0.9821627805279324f,0.10317817321711695f,-0.15719585591617616f,0.0025367534143386217f,-0.07703511624819574f,0.9834198703690834f,0.16416744326413218f,1.1235610918873902f,0.17152802514536092f,-0.14912955151422444f,0.9738267368761749f,2.4727746613188146f,0f,0f,0f,1f],start_interpolation:0}
execute if entity @s[tag=aj.sword_dance.locator_origin.player_camera] at @s on origin run tp @s ^-0.08264 ^0.12823 ^2.55008 ~-174.90035 ~1.26968
execute if entity @s[tag=aj.sword_dance.bone.body] run data modify entity @s {} merge value {transformation:[0.9928559324492388f,0.07962320592763372f,-0.08886643054696453f,-0.03229839917900113f,-0.07794907489477446f,0.9967110671711776f,0.022158300962417478f,0.6875f,0.09033846978669535f,-0.015072944513195269f,0.9957970512209307f,2.4793690745433374f,0f,0f,0f,1f],start_interpolation:0}
execute if entity @s[tag=aj.sword_dance.bone.right_leg2] run data modify entity @s {} merge value {transformation:[0.9997520473203203f,-0.005122228229971715f,0.021670409705130705f,0.11088779503860968f,0.003928642120630814f,0.9984914086833171f,0.05476744066225006f,0.4195578964103346f,-0.02191824924386404f,-0.054668725644239746f,0.9982639534644727f,2.579966085466983f,0f,0f,0f,1f],start_interpolation:0}
execute if entity @s[tag=aj.sword_dance.bone.right_leg] run data modify entity @s {} merge value {transformation:[0.9997520473203203f,-0.009691146078937396f,0.02004808136717423f,0.10740503941649156f,0.003928642120630814f,0.9629693317277647f,0.26958232865466225f,0.765625f,-0.02191824924386404f,-0.26943672325698115f,0.9627686339461964f,2.4831372630465056f,0f,0f,0f,1f],start_interpolation:0}
execute if entity @s[tag=aj.sword_dance.bone.left_leg2] run data modify entity @s {} merge value {transformation:[0.9586958047833942f,-0.09514256102681384f,-0.26804896375845105f,-0.1555608033021057f,-0.09573199129838832f,0.779482768836933f,-0.6190654237868191f,0.4502738135315129f,0.2678390183165358f,0.6191562857369435f,0.7381786735605865f,2.3040383254291923f,0f,0f,0f,1f],start_interpolation:0}
execute if entity @s[tag=aj.sword_dance.bone.left_leg] run data modify entity @s {} merge value {transformation:[0.9586958047833942f,-0.045748965488384336f,-0.2807300946593774f,-0.17200183777449382f,-0.09573199129838832f,0.8774989536514423f,-0.4699265604141453f,0.765625f,0.2678390183165358f,0.4773914730044586f,0.8368749260014114f,2.4756008860401697f,0f,0f,0f,1f],start_interpolation:0}