execute if entity @s[tag=aj.sword_dance.bone.right_arm2] run data modify entity @s {} merge value {transformation:[-0.6602542773431286f,0.1707638309323562f,-0.7313713169761366f,-0.3032852391173578f,0.35833478867542584f,0.9274473693107255f,-0.1069465117876818f,1.1431381576723187f,0.6600458078611217f,-0.3326876781666561f,-0.6735417138685906f,3.0770193763989875f,0f,0f,0f,1f],start_interpolation:0}
execute if entity @s[tag=aj.sword_dance.bone.right_arm] run data modify entity @s {} merge value {transformation:[-0.6602542773431286f,0.1707638309323562f,-0.7313713169761366f,-0.2605942813842687f,0.35833478867542584f,0.9274473693107255f,-0.1069465117876818f,1.375f,0.6600458078611217f,-0.3326876781666561f,-0.6735417138685906f,2.9938474568573237f,0f,0f,0f,1f],start_interpolation:0}
execute if entity @s[tag=aj.sword_dance.locator_origin.irithyll_straight_sword0] at @s on origin run tp @s ^1.43916 ^0.10567 ^2.38149 ~81.47079 ~-45.64993
execute if entity @s[tag=aj.sword_dance.locator_origin.irithyll_straight_sword1] at @s on origin run tp @s ^1.0503 ^0.5079 ^2.43981 ~81.47079 ~-45.64993
execute if entity @s[tag=aj.sword_dance.locator_origin.irithyll_straight_sword2] at @s on origin run tp @s ^0.66144 ^0.91013 ^2.49813 ~81.47079 ~-45.64993
execute if entity @s[tag=aj.sword_dance.locator_origin.slash0] at @s on origin run tp @s ^1.64315 ^0.02291 ^2.50402 ~81.47079 ~-45.64993
execute if entity @s[tag=aj.sword_dance.bone.irithyll_slash] run data modify entity @s {} merge value {transformation:[-0.000006948843474859388f,-0.0000019805834120091138f,0.000006913093642500329f,1.6431559301885883f,-0.0000069728277184913786f,-4.954127361679415e-7f,-0.000007150820919942056f,0.022908166930492357f,0.0000017587631933101263f,-0.000009789374626038016f,-0.0000010367721354958529f,2.5040178573701186f,0f,0f,0f,1f],start_interpolation:0}
execute if entity @s[tag=aj.sword_dance.bone.irithyll_straight_sword] run data modify entity @s {} merge value {transformation:[0.6948843474859387f,0.19805834120091145f,0.6913093642500329f,0.582728878783795f,0.6972827718491378f,0.04954127361679424f,-0.7150820919942056f,0.9875704368412958f,-0.17587631933101275f,0.9789374626038015f,-0.10367721354958528f,2.494171288959095f,0f,0f,0f,1f],start_interpolation:0}
execute if entity @s[tag=aj.sword_dance.bone.left_arm2] run data modify entity @s {} merge value {transformation:[-0.6948843474859303f,-0.6992905744226722f,-0.16771534259769472f,0.44303064389873237f,-0.6972827718491504f,0.7122405322873699f,-0.08068556407046898f,1.2216002134093014f,0.17587631933099618f,0.060877883427508495f,-0.9825280675929661f,2.51470170784248f,0f,0f,0f,1f],start_interpolation:0}
execute if entity @s[tag=aj.sword_dance.bone.left_arm] run data modify entity @s {} merge value {transformation:[-0.6948843474859303f,-0.6992905744226722f,-0.16771534259769472f,0.18134745685732304f,-0.6972827718491504f,0.7122405322873699f,-0.08068556407046898f,1.3125f,0.17587631933099618f,0.060877883427508495f,-0.9825280675929661f,2.5519057186157315f,0f,0f,0f,1f],start_interpolation:0}
execute if entity @s[tag=aj.sword_dance.bone.head] run data modify entity @s {} merge value {transformation:[-0.9903592224414077f,-0.09229046886136325f,-0.10330091907916306f,-0.039623412263472844f,-0.023028908526886688f,0.845047130517372f,-0.5341956725549317f,1.51875f,0.13659531433145994f,-0.5266667034868497f,-0.8390255678708393f,2.7728765877365276f,0f,0f,0f,1f],start_interpolation:0}
execute if entity @s[tag=aj.sword_dance.bone.body_top] run data modify entity @s {} merge value {transformation:[-0.7071067811865468f,0f,-0.7071067811865481f,-0.039623412263472844f,0f,1f,0f,1.125f,0.7071067811865481f,0f,-0.7071067811865468f,2.7728765877365276f,0f,0f,0f,1f],start_interpolation:0}
execute if entity @s[tag=aj.sword_dance.locator_origin.player_camera] at @s on origin run tp @s ^-0.08382 ^0.125 ^2.72868 ~-45 ~0
execute if entity @s[tag=aj.sword_dance.bone.body] run data modify entity @s {} merge value {transformation:[-0.7071067811865468f,0f,-0.7071067811865481f,-0.039623412263472844f,0f,1f,0f,0.6875f,0.7071067811865481f,0f,-0.7071067811865468f,2.7728765877365276f,0f,0f,0f,1f],start_interpolation:0}
execute if entity @s[tag=aj.sword_dance.bone.right_leg2] run data modify entity @s {} merge value {transformation:[-0.7536683245191245f,-0.10952150284011594f,-0.6480656579638966f,-0.11410557668054122f,0.20291057335155907f,0.8990813683416854f,-0.38791750711070516f,0.42000318584787383f,0.6251490668941906f,-0.4238605118626703f,-0.6553860775488276f,2.978866040727582f,0f,0f,0f,1f],start_interpolation:0}
execute if entity @s[tag=aj.sword_dance.bone.right_leg] run data modify entity @s {} merge value {transformation:[-0.7536683245191245f,0.03334167489966877f,-0.6564087060143402f,-0.10212341226347275f,0.20291057335155907f,0.9617302654667859f,-0.18412548902128417f,0.765625f,0.6251490668941906f,-0.2719618157022604f,-0.7315910161840784f,2.8811297632095823f,0f,0f,0f,1f],start_interpolation:0}
execute if entity @s[tag=aj.sword_dance.bone.left_leg2] run data modify entity @s {} merge value {transformation:[-0.6874336066766864f,0.012633431616737162f,-0.7261373374349152f,-0.026909042201761227f,-0.08319061311967697f,0.9918975258553332f,0.09601364533669579f,0.42056901688159515f,0.7214668102555064f,0.12641081681428135f,-0.6808127107304117f,2.5773987013677697f,0f,0f,0f,1f],start_interpolation:0}
execute if entity @s[tag=aj.sword_dance.bone.left_leg] run data modify entity @s {} merge value {transformation:[-0.6874336066766864f,0.1385339267848022f,-0.7129119072796201f,0.022876587736527065f,-0.08319061311967697f,0.960155779112083f,0.266796180119658f,0.765625f,0.7214668102555064f,0.24271223901412925f,-0.6485186278993791f,2.6646234122634724f,0f,0f,0f,1f],start_interpolation:0}