execute if entity @s[tag=aj.sword_dance.bone.right_arm2] run data modify entity @s {} merge value {transformation:[-0.6308350677995069f,0.22173883165924707f,-0.7435583418729046f,-0.3061800600581782f,0.35833478867542584f,0.9332391547356084f,-0.02570718369065708f,1.1416902113160978f,0.688217477589264f,-0.28265981426930736f,-0.6681767228345442f,3.0114407090570183f,0f,0f,0f,1f],start_interpolation:0}
execute if entity @s[tag=aj.sword_dance.bone.right_arm] run data modify entity @s {} merge value {transformation:[-0.6308350677995069f,0.22173883165924707f,-0.7435583418729046f,-0.25074535214336646f,0.35833478867542584f,0.9332391547356084f,-0.02570718369065708f,1.375f,0.688217477589264f,-0.28265981426930736f,-0.6681767228345442f,2.9407757554896916f,0f,0f,0f,1f],start_interpolation:0}
execute if entity @s[tag=aj.sword_dance.locator_origin.irithyll_straight_sword0] at @s on origin run tp @s ^1.20921 ^0.14591 ^1.68637 ~50.89365 ~-43.54321
execute if entity @s[tag=aj.sword_dance.locator_origin.irithyll_straight_sword1] at @s on origin run tp @s ^0.89282 ^0.53342 ^1.94355 ~50.89365 ~-43.54321
execute if entity @s[tag=aj.sword_dance.locator_origin.irithyll_straight_sword2] at @s on origin run tp @s ^0.57643 ^0.92093 ^2.20073 ~50.89365 ~-43.54321
execute if entity @s[tag=aj.sword_dance.locator_origin.slash0] at @s on origin run tp @s ^0.68503 ^0.45257 ^1.58419 ~50.89365 ~-43.54321
execute if entity @s[tag=aj.sword_dance.bone.irithyll_slash] run data modify entity @s {} merge value {transformation:[-0.6865513542596025f,-1.151830669823368f,1.2936820516217649f,1.4295699844616303f,-0.6972827718491418f,0.4950472758785884f,-1.5844734007939254f,0.02938520293218061f,0.2060193535731127f,-2.16291800646706f,-1.0515848950456823f,1.7229457278499916f,0f,0f,0f,1f],start_interpolation:0}
execute if entity @s[tag=aj.sword_dance.bone.irithyll_straight_sword] run data modify entity @s {} merge value {transformation:[0.6865513542596023f,0.4607322679293472f,0.562470457226854f,0.5077094849006155f,0.6972827718491418f,-0.19801891035143523f,-0.6889014786060542f,0.9993713198012456f,-0.20601935357311282f,0.8651672025868239f,-0.45721082393290513f,2.2372179647833f,0f,0f,0f,1f],start_interpolation:0}
execute if entity @s[tag=aj.sword_dance.bone.left_arm2] run data modify entity @s {} merge value {transformation:[-0.6865513542596f,-0.5820319692513605f,-0.4357591361448342f,0.4028254392117109f,-0.6972827718491502f,0.6968832606027633f,0.1677809797743083f,1.225439531330453f,0.20601935357309212f,0.41903759719271516f,-0.8842870111520811f,2.349465601488548f,0f,0f,0f,1f],start_interpolation:0}
execute if entity @s[tag=aj.sword_dance.bone.left_arm] run data modify entity @s {} merge value {transformation:[-0.6865513542596f,-0.5820319692513605f,-0.4357591361448342f,0.1714985276164208f,-0.6972827718491502f,0.6968832606027633f,0.1677809797743083f,1.3125f,0.20601935357309212f,0.41903759719271516f,-0.8842870111520811f,2.4799774199833635f,0f,0f,0f,1f],start_interpolation:0}
execute if entity @s[tag=aj.sword_dance.bone.head] run data modify entity @s {} merge value {transformation:[-0.967531653771637f,-0.11517550773671742f,-0.22498244679865625f,-0.03962341226347283f,0.02361694403678688f,0.8450471305173753f,-0.5341699983701006f,1.51875f,0.2516440718639804f,-0.5221397797735193f,-0.814889754183826f,2.7103765877365276f,0f,0f,0f,1f],start_interpolation:0}
execute if entity @s[tag=aj.sword_dance.bone.body_top] run data modify entity @s {} merge value {transformation:[-0.6755902076156596f,0f,-0.7372773368101245f,-0.03962341226347283f,0f,1f,0f,1.125f,0.7372773368101245f,0f,-0.6755902076156596f,2.7103765877365276f,0f,0f,0f,1f],start_interpolation:0}
execute if entity @s[tag=aj.sword_dance.locator_origin.player_camera] at @s on origin run tp @s ^-0.0857 ^0.125 ^2.66815 ~-47.5 ~0
execute if entity @s[tag=aj.sword_dance.bone.body] run data modify entity @s {} merge value {transformation:[-0.6755902076156596f,0f,-0.7372773368101245f,-0.03962341226347283f,0f,1f,0f,0.6875f,0.7372773368101245f,0f,-0.6755902076156596f,2.7103765877365276f,0f,0f,0f,1f],start_interpolation:0}
execute if entity @s[tag=aj.sword_dance.bone.right_leg2] run data modify entity @s {} merge value {transformation:[-0.7536683245191245f,-0.05262209668727037f,-0.6551450004058423f,-0.13461974860445597f,0.2029105733515591f,0.9294693307521124f,-0.3080812594322511f,0.41555127719130447f,0.6251490668941906f,-0.3651269342728033f,-0.6898340133900812f,2.8930795271331458f,0f,0f,0f,1f],start_interpolation:0}
execute if entity @s[tag=aj.sword_dance.bone.right_leg] run data modify entity @s {} merge value {transformation:[-0.7536683245191245f,0.09042458807925764f,-0.6510049542724173f,-0.10212341226347274f,0.2029105733515591f,0.9741181852068049f,-0.09960452033689304f,0.765625f,0.6251490668941906f,-0.20716456048295895f,-0.7525101255406635f,2.8186297632095823f,0f,0f,0f,1f],start_interpolation:0}
execute if entity @s[tag=aj.sword_dance.bone.left_leg2] run data modify entity @s {} merge value {transformation:[-0.6914599133276916f,-0.048682724353937015f,-0.7207726275396005f,-0.004873533587968184f,-0.12546059913716273f,0.9906578969821529f,0.05344688214519244f,0.4183513695559541f,0.7114371555696295f,0.1273849421885354f,-0.6911079873497471f,2.513911468686154f,0f,0f,0f,1f],start_interpolation:0}
execute if entity @s[tag=aj.sword_dance.bone.left_leg] run data modify entity @s {} merge value {transformation:[-0.6914599133276916f,0.07721772890294334f,-0.7182761381279018f,0.02287658773652708f,-0.12546059913716273f,0.9663266238443017f,0.22466084241321976f,0.765625f,0.7114371555696295f,0.24545932125862513f,-0.6584883410374476f,2.6021234122634724f,0f,0f,0f,1f],start_interpolation:0}