execute if entity @s[tag=aj.sword_dance.bone.right_arm2] run data modify entity @s {} merge value {transformation:[0.9129218561037272f,-0.38550146936666435f,0.13402351198304047f,0.3930347102412163f,0.3960049271346805f,0.7572070107891857f,-0.5194397371175621f,1.235535142586704f,0.09876123902210744f,0.5272818600405748f,0.8439313110312769f,-0.13077345605934698f,0f,0f,0f,1f],start_interpolation:0}
execute if entity @s[tag=aj.sword_dance.bone.right_arm] run data modify entity @s {} merge value {transformation:[0.9129218561037272f,-0.29407214477710963f,0.28301105687643396f,0.3195166740469389f,0.3960049271346805f,0.4704398298957022f,-0.7885851026571317f,1.3531451000606296f,0.09876123902210744f,0.8319903485701581f,0.545928820958305f,0.07722413108319254f,0f,0f,0f,1f],start_interpolation:0}
execute if entity @s[tag=aj.sword_dance.locator_origin.irithyll_straight_sword0] at @s on origin run tp @s ^-0.66131 ^2.91661 ^-0.85785 ~-15.93189 ~55.12653
execute if entity @s[tag=aj.sword_dance.locator_origin.irithyll_straight_sword1] at @s on origin run tp @s ^-0.57303 ^2.45513 ^-0.54859 ~-15.93189 ~55.12653
execute if entity @s[tag=aj.sword_dance.locator_origin.irithyll_straight_sword2] at @s on origin run tp @s ^-0.48475 ^1.99364 ^-0.23932 ~-15.93189 ~55.12653
execute if entity @s[tag=aj.sword_dance.locator_origin.slash0] at @s on origin run tp @s ^-0.81018 ^3.11981 ^-0.85317 ~-15.93189 ~55.12653
execute if entity @s[tag=aj.sword_dance.bone.irithyll_slash] run data modify entity @s {} merge value {transformation:[0.000009012095521259923f,0.000004039667057557163f,-0.0000015694662722640126f,-0.8101834525616758f,0.0000034668322520701975f,-0.0000045467262236422195f,0.00000820416691585746f,3.1198156361653293f,0.0000026006169367464937f,-0.000007937781220928909f,-0.000005498037907924581f,-0.8531682790327122f,0f,0f,0f,1f],start_interpolation:0}
execute if entity @s[tag=aj.sword_dance.bone.irithyll_straight_sword] run data modify entity @s {} merge value {transformation:[-0.9012095521259923f,-0.40396670575571636f,-0.15694662722640124f,-0.4612675924144983f,-0.3466832252070198f,0.4546726223642218f,0.8204166915857458f,1.8968064974234349f,-0.26006169367464943f,0.7937781220928908f,-0.549803790792458f,-0.19159277287973603f,0f,0f,0f,1f],start_interpolation:0}
execute if entity @s[tag=aj.sword_dance.bone.left_arm2] run data modify entity @s {} merge value {transformation:[0.8360047032754904f,0.3853645588845837f,0.39062807484479345f,-0.41901989701062026f,0.5294771572578303f,-0.7534117886226797f,-0.38990334277425936f,1.6714390493868527f,0.1440488668592227f,0.5327896709960369f,-0.8338975299378868f,-0.042284804454770064f,0f,0f,0f,1f],start_interpolation:0}
execute if entity @s[tag=aj.sword_dance.bone.left_arm] run data modify entity @s {} merge value {transformation:[0.8360047032754904f,0.28867484830373047f,0.4666507988400722f,-0.24235059702525136f,0.5294771572578303f,-0.6476373732601395f,-0.5479231448833619f,1.5757143507290468f,0.1440488668592227f,0.7051472645579258f,-0.6942746281141554f,0.15200812004211423f,0f,0f,0f,1f],start_interpolation:0}
execute if entity @s[tag=aj.sword_dance.bone.head] run data modify entity @s {} merge value {transformation:[0.9979897083825741f,0.03950940354541556f,0.04955349628381833f,0.020771021223161452f,-0.024140032908187274f,0.959932340859152f,-0.2791901856868547f,1.4721288329762503f,-0.05859864139770243f,0.2774327089658936f,0.9589563552227961f,0.19934791550031278f,0f,0f,0f,1f],start_interpolation:0}
execute if entity @s[tag=aj.sword_dance.bone.body_top] run data modify entity @s {} merge value {transformation:[0.9783661185071364f,0.04865223798053995f,0.20107883502936075f,0.0016142025183238438f,0.0386792974464696f,0.9117983538618599f,-0.4088125167406814f,1.1131082311431428f,-0.20323299463012273f,0.40774590327100435f,0.8901907819447388f,0.03879796608735481f,0f,0f,0f,1f],start_interpolation:0}
execute if entity @s[tag=aj.sword_dance.locator_origin.player_camera] at @s on origin run tp @s ^0.01284 ^0.12618 ^-0.13371 ~165.81848 ~-13.04433
execute if entity @s[tag=aj.sword_dance.bone.body] run data modify entity @s {} merge value {transformation:[0.9710930433579624f,0.003689605756168786f,0.2386727633206911f,0f,0.05177700717640291f,0.9728188140414695f,-0.22570488823861026f,0.6875f,-0.23301811661247568f,0.23153820819966817f,0.9445065460196991f,-0.06250000000000001f,0f,0f,0f,1f],start_interpolation:0}
execute if entity @s[tag=aj.sword_dance.bone.right_leg2] run data modify entity @s {} merge value {transformation:[0.99144486137381f,-0.0960255968138107f,0.08840911498266535f,0.1628208524083986f,0.13002950065172225f,0.7856443566973726f,-0.6048597141071932f,0.46091248481503444f,-0.011376107230966027f,0.6111808484778651f,0.7914092207184261f,-0.24923579420602326f,0f,0f,0f,1f],start_interpolation:0}
execute if entity @s[tag=aj.sword_dance.bone.right_leg] run data modify entity @s {} merge value {transformation:[0.99144486137381f,-0.1052406327885874f,0.07721072506928278f,0.125f,0.13002950065172225f,0.8478956944277303f,-0.513970057815804f,0.765625f,-0.011376107230966027f,0.5196126447471952f,0.8543262161511227f,-0.06250000000000001f,0f,0f,0f,1f],start_interpolation:0}
execute if entity @s[tag=aj.sword_dance.bone.left_leg2] run data modify entity @s {} merge value {transformation:[0.99144486137381f,0.13003024624199166f,-0.011367581876269003f,-0.16496543736273217f,-0.13002950065172225f,0.97632893464691f,-0.17284137332101251f,0.44681431197795546f,-0.011376107230966031f,0.17284081240689897f,0.984884073254712f,0.1315630769443461f,0f,0f,0f,1f],start_interpolation:0}
execute if entity @s[tag=aj.sword_dance.bone.left_leg] run data modify entity @s {} merge value {transformation:[0.99144486137381f,0.11120817353108081f,0.06833614706250045f,-0.125f,-0.13002950065172225f,0.8871253927569935f,0.442832774855265f,0.765625f,-0.011376107230966031f,-0.44792999415715745f,0.8939962553157806f,-0.02941176470588236f,0f,0f,0f,1f],start_interpolation:0}