execute if entity @s[tag=aj.sword_dance.bone.right_arm2] run data modify entity @s {} merge value {transformation:[0.9100509381104925f,-0.3874045788608789f,0.14739396976076669f,0.39140821294823136f,0.4078317682492571f,0.773381844352313f,-0.48533882147722196f,1.2275933773345604f,0.07403066155922762f,0.5017949931035977f,0.8618127673951365f,-0.12477013109539806f,0f,0f,0f,1f],start_interpolation:0}
execute if entity @s[tag=aj.sword_dance.bone.right_arm] run data modify entity @s {} merge value {transformation:[0.9100509381104925f,-0.29307465043134423f,0.293111820503299f,0.3181395503403953f,0.4078317682492571f,0.5068161865104613f,-0.75948048157782f,1.3542974239621757f,0.07403066155922762f,0.810706236787123f,0.5807536988978758f,0.07790642810138268f,0f,0f,0f,1f],start_interpolation:0}
execute if entity @s[tag=aj.sword_dance.locator_origin.irithyll_straight_sword0] at @s on origin run tp @s ^-0.77711 ^3.00194 ^-0.67734 ~-27.07498 ~59.89562
execute if entity @s[tag=aj.sword_dance.locator_origin.irithyll_straight_sword1] at @s on origin run tp @s ^-0.6487 ^2.51531 ^-0.42612 ~-27.07498 ~59.89562
execute if entity @s[tag=aj.sword_dance.locator_origin.irithyll_straight_sword2] at @s on origin run tp @s ^-0.52028 ^2.02869 ^-0.1749 ~-27.07498 ~59.89562
execute if entity @s[tag=aj.sword_dance.locator_origin.slash0] at @s on origin run tp @s ^-0.93108 ^3.1977 ^-0.63927 ~-27.07498 ~59.89562
execute if entity @s[tag=aj.sword_dance.bone.irithyll_slash] run data modify entity @s {} merge value {transformation:[0.000009094007537762687f,0.000003476655276318082f,-0.000002282957510065645f,-0.9310807282020845f,0.0000035329221582167725f,-0.0000035603921263449286f,0.000008651131078110077f,3.197698962285199f,0.000002194877656521298f,-0.000008673896240808439f,-0.000004466098529655711f,-0.6392657743010737f,0f,0f,0f,1f],start_interpolation:0}
execute if entity @s[tag=aj.sword_dance.bone.irithyll_straight_sword] run data modify entity @s {} merge value {transformation:[-0.9094007537762687f,-0.3476655276318083f,-0.22829575100656446f,-0.4898801475668919f,-0.35329221582167725f,0.3560392126344928f,0.8651131078110077f,1.9285027859337236f,-0.21948776565212993f,0.8673896240808439f,-0.446609852965571f,-0.1396069959012893f,0f,0f,0f,1f],start_interpolation:0}
execute if entity @s[tag=aj.sword_dance.bone.left_arm2] run data modify entity @s {} merge value {transformation:[0.8436048052188649f,0.4271405920476905f,0.32539490966637685f,-0.4354681732785279f,0.5167324535555016f,-0.8105571936468591f,-0.2756530559776902f,1.6862582870168625f,0.1460085752760858f,0.4006843526424221f,-0.9045073496071612f,-0.024727501441413557f,0f,0f,0f,1f],start_interpolation:0}
execute if entity @s[tag=aj.sword_dance.bone.left_arm] run data modify entity @s {} merge value {transformation:[0.8436048052188649f,0.3357545177593283f,0.41904634160894666f,-0.2460789431863377f,0.5167324535555016f,-0.7198179843901078f,-0.463518759912772f,1.5708953476137733f,0.1460085752760858f,0.6075614974245519f,-0.7807371662685749f,0.14541394482423514f,0f,0f,0f,1f],start_interpolation:0}
execute if entity @s[tag=aj.sword_dance.bone.head] run data modify entity @s {} merge value {transformation:[0.9981984299268066f,0.034436698564398065f,0.04913255828514415f,0.017733928414352854f,-0.019724516353728634f,0.9617180163847876f,-0.2733302039942179f,1.4736569971987135f,-0.05666425633739308f,0.2718686645292062f,0.9606646612116199f,0.19550773375748193f,0f,0f,0f,1f],start_interpolation:0}
execute if entity @s[tag=aj.sword_dance.bone.body_top] run data modify entity @s {} merge value {transformation:[0.9807141155041293f,0.04220896813215973f,0.19083560113399117f,0.0011141472123149584f,0.03885815412109092f,0.9148017140826331f,-0.40202968518478566f,1.1134538222786765f,-0.19154599319551166f,0.40169170631305623f,0.8955187912992393f,0.037341624396716025f,0f,0f,0f,1f],start_interpolation:0}
execute if entity @s[tag=aj.sword_dance.locator_origin.player_camera] at @s on origin run tp @s ^0.01194 ^0.12588 ^-0.13143 ~167.31527 ~-12.91189
execute if entity @s[tag=aj.sword_dance.bone.body] run data modify entity @s {} merge value {transformation:[0.976822923195296f,0.0025466221995770477f,0.21403385581624593f,0f,0.046422896638859824f,0.973608736636975f,-0.22345232738060988f,0.6875f,-0.2089542806162503f,0.22820942719249382f,0.9509251105910598f,-0.06250000000000001f,0f,0f,0f,1f],start_interpolation:0}
execute if entity @s[tag=aj.sword_dance.bone.right_leg2] run data modify entity @s {} merge value {transformation:[0.99144486137381f,-0.10010154252106356f,0.08376615092249598f,0.16385014975718043f,0.13002950065172222f,0.8133861981765318f,-0.5670054863722145f,0.45409915464198125f,-0.011376107230966048f,0.5730467466104587f,0.819443720082983f,-0.23740770183961724f,0f,0f,0f,1f],start_interpolation:0}
execute if entity @s[tag=aj.sword_dance.bone.right_leg] run data modify entity @s {} merge value {transformation:[0.99144486137381f,-0.10810476454171941f,0.07314674797177297f,0.125f,0.13002950065172222f,0.8668545262136174f,-0.48130609734682217f,0.765625f,-0.011376107230966048f,0.4866996920754566f,0.8734952741245514f,-0.06250000000000001f,0f,0f,0f,1f],start_interpolation:0}
execute if entity @s[tag=aj.sword_dance.bone.left_leg2] run data modify entity @s {} merge value {transformation:[0.99144486137381f,0.1294944213485059f,-0.016379306917030725f,-0.16594095514852442f,-0.13002950065172222f,0.9689279685464273f,-0.2104065605649153f,0.44054329360179534f,-0.011376107230966038f,0.2107362963708655f,0.97747675040185f,0.11454683161668763f,0f,0f,0f,1f],start_interpolation:0}
execute if entity @s[tag=aj.sword_dance.bone.left_leg] run data modify entity @s {} merge value {transformation:[0.99144486137381f,0.11392265780458968f,0.06370804418756731f,-0.125f,-0.13002950065172222f,0.9045751830210913f,0.4060000827864729f,0.765625f,-0.011376107230966038f,-0.4108106209691973f,0.9116497232397826f,-0.03308823529411765f,0f,0f,0f,1f],start_interpolation:0}