execute if entity @s[tag=aj.sword_dance.bone.right_arm2] run data modify entity @s {} merge value {transformation:[0.612662909391801f,-0.5264028984500583f,-0.5895287507483848f,0.48138779004895527f,0.5132292054082713f,0.8322276839918151f,-0.2097447608728618f,1.1335814148667012f,0.6010323969401052f,-0.17406053688586925f,0.7800403754469603f,2.6255976337471996f,0f,0f,0f,1f],start_interpolation:0}
execute if entity @s[tag=aj.sword_dance.bone.right_arm] run data modify entity @s {} merge value {transformation:[0.612662909391801f,-0.5264028984500583f,-0.5895287507483848f,0.34978706543644067f,0.5132292054082713f,0.8322276839918151f,-0.2097447608728618f,1.3416383358646549f,0.6010323969401052f,-0.17406053688586925f,0.7800403754469603f,2.582082499525732f,0f,0f,0f,1f],start_interpolation:0}
execute if entity @s[tag=aj.sword_dance.locator_origin.irithyll_straight_sword0] at @s on origin run tp @s ^-1.12001 ^2.34597 ^1.2237 ~-32.92746 ~31.71354
execute if entity @s[tag=aj.sword_dance.locator_origin.irithyll_straight_sword1] at @s on origin run tp @s ^-0.8599 ^2.05028 ^1.62534 ~-32.92746 ~31.71354
execute if entity @s[tag=aj.sword_dance.locator_origin.irithyll_straight_sword2] at @s on origin run tp @s ^-0.5998 ^1.75459 ^2.02699 ~-32.92746 ~31.71354
execute if entity @s[tag=aj.sword_dance.locator_origin.slash0] at @s on origin run tp @s ^-1.29276 ^2.52864 ^1.20747 ~-32.92746 ~31.71354
execute if entity @s[tag=aj.sword_dance.bone.irithyll_slash] run data modify entity @s {} merge value {transformation:[0.000008624587078260737f,0.0000020576344265419725f,-0.000004624136491952546f,-1.2927674746289608f,0.0000045354695060498955f,-0.000007196967024813755f,0.000005256727309213884f,2.528638967689749f,-0.0000022463334768438603f,-0.0000066309732476049685f,-0.0000071403207001056896f,1.2074677707417873f,0f,0f,0f,1f],start_interpolation:0}
execute if entity @s[tag=aj.sword_dance.bone.irithyll_straight_sword] run data modify entity @s {} merge value {transformation:[-0.8624587078260736f,-0.2057634426541973f,-0.4624136491952546f,-0.5460038062341385f,-0.4535469506049896f,0.7196967024813754f,0.5256727309213883f,1.6858468670847255f,0.22463334768438592f,0.6630973247604968f,-0.7140320700105689f,2.0947226833645805f,0f,0f,0f,1f],start_interpolation:0}
execute if entity @s[tag=aj.sword_dance.bone.left_arm2] run data modify entity @s {} merge value {transformation:[0.8624587078260691f,0.4709488091744713f,0.1853974013629487f,-0.4777085324325949f,0.4535469506049874f,-0.5565651362121853f,-0.6960821882148897f,1.5205388525564099f,-0.2246333476844078f,0.6844285706268107f,-0.693611844490733f,2.30140129173777f,0f,0f,0f,1f],start_interpolation:0}
execute if entity @s[tag=aj.sword_dance.bone.left_arm] run data modify entity @s {} merge value {transformation:[0.8624587078260691f,0.5018113076137363f,0.06595747755925044f,-0.2444483670509022f,0.4535469506049874f,-0.708430295527012f,-0.5407602795846121f,1.4001246475002802f,-0.2246333476844078f,0.49629822479080343f,-0.8385868656123784f,2.39739667947492f,0f,0f,0f,1f],start_interpolation:0}
execute if entity @s[tag=aj.sword_dance.bone.head] run data modify entity @s {} merge value {transformation:[0.7029585188642853f,0.31142964807497947f,-0.6394223135424855f,0.07148995569672881f,0.2673391662640323f,0.7174081634979316f,0.6433158610882971f,1.5096839155737112f,0.6590744198778937f,-0.6231669930655984f,0.42105083756738704f,2.4696915997572457f,0f,0f,0f,1f],start_interpolation:0}
execute if entity @s[tag=aj.sword_dance.bone.body_top] run data modify entity @s {} merge value {transformation:[0.9517343482824236f,0.13300781981596868f,-0.2766055859291945f,0.01911812664419113f,-0.08651536044020218f,0.9809358578886469f,0.1740113074376668f,1.1234404215300564f,0.29447720235585656f,-0.1416819063115227f,0.9450975688872555f,2.5254788503674077f,0f,0f,0f,1f],start_interpolation:0}
execute if entity @s[tag=aj.sword_dance.locator_origin.player_camera] at @s on origin run tp @s ^-0.08115 ^0.12861 ^2.58999 ~-165.15123 ~1.47006
execute if entity @s[tag=aj.sword_dance.bone.body] run data modify entity @s {} merge value {transformation:[0.9629484787715614f,0.0842606392352422f,-0.2561842538236959f,-0.017745903021227333f,-0.08036562775450344f,0.9964352492115575f,0.025654629296209767f,0.6875f,0.25743269626673315f,-0.004115677874873148f,0.9662874665897669f,2.527279459437665f,0f,0f,0f,1f],start_interpolation:0}
execute if entity @s[tag=aj.sword_dance.bone.right_leg2] run data modify entity @s {} merge value {transformation:[0.9896788077275118f,-0.005238973870598091f,-0.14320757901673137f,0.10966097055518088f,0.018486390596233346f,0.9956489090201234f,0.09133183086833171f,0.42339929300634316f,0.1421059847359486f,-0.09303656872338556f,0.985469474911529f,2.6655955667331503f,0f,0f,0f,1f],start_interpolation:0}
execute if entity @s[tag=aj.sword_dance.bone.right_leg] run data modify entity @s {} merge value {transformation:[0.9896788077275118f,0.02588100384412112f,-0.14094690906533125f,0.11896195631166191f,0.018486390596233346f,0.9522802281562625f,0.30466476728591413f,0.765625f,0.1421059847359486f,-0.30412586325841695f,0.9419731144780878f,2.5563003346246567f,0f,0f,0f,1f],start_interpolation:0}
execute if entity @s[tag=aj.sword_dance.bone.left_leg2] run data modify entity @s {} merge value {transformation:[0.8855973799108816f,-0.23204090350734627f,-0.40233605331175065f,-0.10161991384208612f,-0.0949306858665526f,0.7575369090414025f,-0.6458529215857924f,0.45251606612863726f,0.454648705679327f,0.6101596926538921f,0.6488448997138069f,2.3299678518666633f,0f,0f,0f,1f],start_interpolation:0}
execute if entity @s[tag=aj.sword_dance.bone.left_leg] run data modify entity @s {} merge value {transformation:[0.8855973799108816f,-0.1470159262943456f,-0.4405718989118541f,-0.15445376235411656f,-0.0949306858665526f,0.8712596420768354f,-0.48155456696936294f,0.765625f,0.454648705679327f,0.46828725532941873f,0.757628933528909f,2.498258584250673f,0f,0f,0f,1f],start_interpolation:0}