execute if entity @s[tag=aj.sword_dance.bone.right_arm2] run data modify entity @s {} merge value {transformation:[0.920253139659134f,-0.378964001337099f,0.09757276586261909f,0.3969609601736812f,0.360902144251363f,0.7255194653424855f,-0.5859787945684742f,1.250382931367928f,0.15127392776772414f,0.5744630458956687f,0.8044304865418741f,-0.14339333626134537f,0f,0f,0f,1f],start_interpolation:0}
execute if entity @s[tag=aj.sword_dance.bone.right_arm] run data modify entity @s {} merge value {transformation:[0.920253139659134f,-0.3009631565323927f,0.2501106502281836f,0.32172017104058304f,0.360902144251363f,0.40566431570431477f,-0.8397535979315112f,1.3517990102940067f,0.15127392776772414f,0.8630513550039814f,0.4819321087077691f,0.07236950248964999f,0f,0f,0f,1f],start_interpolation:0}
execute if entity @s[tag=aj.sword_dance.locator_origin.irithyll_straight_sword0] at @s on origin run tp @s ^-0.5126 ^2.67083 ^-1.16037 ~-5.8658 ~42.25647
execute if entity @s[tag=aj.sword_dance.locator_origin.irithyll_straight_sword1] at @s on origin run tp @s ^-0.47005 ^2.29258 ^-0.74622 ~-5.8658 ~42.25647
execute if entity @s[tag=aj.sword_dance.locator_origin.irithyll_straight_sword2] at @s on origin run tp @s ^-0.4275 ^1.91432 ^-0.33207 ~-5.8658 ~42.25647
execute if entity @s[tag=aj.sword_dance.locator_origin.slash0] at @s on origin run tp @s ^-0.65686 ^2.86875 ^-1.21944 ~-5.8658 ~42.25647
execute if entity @s[tag=aj.sword_dance.bone.irithyll_slash] run data modify entity @s {} merge value {transformation:[0.000008719271022391936f,0.000004837576519087265f,-7.564167238049247e-7f,-0.6568619804220222f,0.000004028303478957246f,-0.000006209171476273388f,0.000006724504491756537f,2.8687562878280453f,0.000002783358388619258f,-0.000006167985327496202f,-0.000007362667524769428f,-1.2194421323761677f,0f,0f,0f,1f],start_interpolation:0}
execute if entity @s[tag=aj.sword_dance.bone.irithyll_straight_sword] run data modify entity @s {} merge value {transformation:[-0.8719271022391936f,-0.4837576519087265f,-0.07564167238049246f,-0.4116676871942475f,-0.40283034789572464f,0.6209171476273387f,0.6724504491756537f,1.8310725674014465f,-0.27833583886192587f,0.6167985327496202f,-0.7362667524769427f,-0.26117910158548535f,0f,0f,0f,1f],start_interpolation:0}
execute if entity @s[tag=aj.sword_dance.bone.left_arm2] run data modify entity @s {} merge value {transformation:[0.827528078564554f,0.2988140387361418f,0.4752972222109578f,-0.39345090750033473f,0.5464488276135757f,-0.6229283268095547f,-0.5597802948103808f,1.6425664590899078f,0.12880589267190323f,0.7229595216279014f,-0.6787772625099856f,-0.06371884057175392f,0f,0f,0f,1f],start_interpolation:0}
execute if entity @s[tag=aj.sword_dance.bone.left_arm] run data modify entity @s {} merge value {transformation:[0.827528078564554f,0.21366458584970682f,0.5191769678451947f,-0.23659375121733875f,0.5464488276135757f,-0.5186991223434593f,-0.6575293904304759f,1.58119778195574f,0.12880589267190323f,0.8278276784656322f,-0.5459948505061158f,0.15933881562864205f,0f,0f,0f,1f],start_interpolation:0}
execute if entity @s[tag=aj.sword_dance.bone.head] run data modify entity @s {} merge value {transformation:[0.9975876624915515f,0.04845975682933237f,0.049704201157286965f,0.026072332685803796f,-0.032318763895992f,0.9579031341934059f,-0.28526668750957357f,1.4710361290501044f,-0.06143576437936771f,0.28297214963754225f,0.9571585079727554f,0.20157932288612967f,0f,0f,0f,1f],start_interpolation:0}
execute if entity @s[tag=aj.sword_dance.bone.body_top] run data modify entity @s {} merge value {transformation:[0.9738126405692528f,0.060303386595563196f,0.2192086737167241f,0.002327874213800784f,0.03684565180532397f,0.9095748517931233f,-0.4139033545751453f,1.112891031156562f,-0.22434647091180188f,0.41114120512376734f,0.8835335706348664f,0.039692473368646244f,0f,0f,0f,1f],start_interpolation:0}
execute if entity @s[tag=aj.sword_dance.locator_origin.player_camera] at @s on origin run tp @s ^0.01507 ^0.1265 ^-0.13573 ~162.74742 ~-13.00967
execute if entity @s[tag=aj.sword_dance.bone.body] run data modify entity @s {} merge value {transformation:[0.9573227982714114f,0.005320855345830364f,0.2889718816912524f,0f,0.06254783858113264f,0.9723223569292849f,-0.225115530571102f,0.6875f,-0.28217162826659764f,0.23358279627119144f,0.9304935515561127f,-0.06250000000000001f,0f,0f,0f,1f],start_interpolation:0}
execute if entity @s[tag=aj.sword_dance.bone.right_leg2] run data modify entity @s {} merge value {transformation:[0.99144486137381f,-0.08753350276816882f,0.09682444292946722f,0.1607937440148196f,0.13002950065172225f,0.7270050890264593f,-0.6742076308451972f,0.4745352849388036f,-0.011376107230966041f,0.6810297250654811f,0.7321673973631335f,-0.27019202271631204f,0f,0f,0f,1f],start_interpolation:0}
execute if entity @s[tag=aj.sword_dance.bone.right_leg] run data modify entity @s {} merge value {transformation:[0.99144486137381f,-0.09959998334558502f,0.08436190000839158f,0.125f,0.13002950065172225f,0.8099887723441986f,-0.5718483344704274f,0.765625f,-0.011376107230966041f,0.5779256284279987f,0.8160101422104828f,-0.06250000000000001f,0f,0f,0f,1f],start_interpolation:0}
execute if entity @s[tag=aj.sword_dance.bone.left_leg2] run data modify entity @s {} merge value {transformation:[0.99144486137381f,0.13052524845961286f,0.0004963567497319951f,-0.16287354255597492f,-0.13002950065172225f,0.9879964034042983f,-0.08339925551487182f,0.46056183705017334f,-0.011376107230966041f,0.08262122230230823f,0.9965160900906429f,0.16409286733131676f,0f,0f,0f,1f],start_interpolation:0}
execute if entity @s[tag=aj.sword_dance.bone.left_leg] run data modify entity @s {} merge value {transformation:[0.99144486137381f,0.10538724885140847f,0.07701048392912471f,-0.125f,-0.13002950065172225f,0.8488714099473438f,0.5123569637804021f,0.765625f,-0.011376107230966041f,-0.5179873136994185f,0.8553126487026423f,-0.02205882352941177f,0f,0f,0f,1f],start_interpolation:0}