execute if entity @s[tag=aj.sword_dance.bone.right_arm2] run data modify entity @s {} merge value {transformation:[0.936656525695971f,-0.321646820687292f,0.13862855266109517f,0.3775533347204748f,0.3495934645749083f,0.8827651964878604f,-0.3138630551630144f,1.1760403498457397f,-0.021423407704315636f,0.3424455148071093f,0.9392934083612151f,-0.10124574077703188f,0f,0f,0f,1f],start_interpolation:0}
execute if entity @s[tag=aj.sword_dance.bone.right_arm] run data modify entity @s {} merge value {transformation:[0.936656525695971f,-0.27161994134811546f,0.2211270230731634f,0.30964834938344593f,0.3495934645749083f,0.7636381819537311f,-0.542808563481558f,1.3669498953341725f,-0.021423407704315636f,0.5857297452959398f,0.8102232427410905f,0.04518669554695306f,0f,0f,0f,1f],start_interpolation:0}
execute if entity @s[tag=aj.sword_dance.locator_origin.irithyll_straight_sword0] at @s on origin run tp @s ^-1.57939 ^2.38365 ^0.40855 ~-88.76734 ~27.71274
execute if entity @s[tag=aj.sword_dance.locator_origin.irithyll_straight_sword1] at @s on origin run tp @s ^-1.08153 ^2.12207 ^0.41926 ~-88.76734 ~27.71274
execute if entity @s[tag=aj.sword_dance.locator_origin.irithyll_straight_sword2] at @s on origin run tp @s ^-0.58367 ^1.86048 ^0.42997 ~-88.76734 ~27.71274
execute if entity @s[tag=aj.sword_dance.locator_origin.slash0] at @s on origin run tp @s ^-1.81566 ^2.34026 ^0.48449 ~-88.76734 ~27.71274
execute if entity @s[tag=aj.sword_dance.bone.irithyll_slash] run data modify entity @s {} merge value {transformation:[0.00000345492810701439f,0.0000031186303704409094f,-0.000008850853992012611f,-1.8156653934366536f,0.000006838759372250899f,0.000005621855227799173f,0.000004650388590872553f,2.340260784561764f,0.0000064261062879330295f,-0.000007659561894144514f,-1.9044570343499104e-7f,0.48449432172826656f,0f,0f,0f,1f],start_interpolation:0}
execute if entity @s[tag=aj.sword_dance.bone.irithyll_straight_sword] run data modify entity @s {} merge value {transformation:[-0.34549281070143895f,-0.31186303704409096f,-0.885085399201261f,-0.48198983128656764f,-0.6838759372250898f,-0.5621855227799173f,0.4650388590872553f,1.818401539601439f,-0.642610628793303f,0.7659561894144512f,-0.0190445703434991f,0.420087764429402f,0f,0f,0f,1f],start_interpolation:0}
execute if entity @s[tag=aj.sword_dance.bone.left_arm2] run data modify entity @s {} merge value {transformation:[0.935741521845001f,0.2659108733020921f,-0.23168774623384902f,-0.47051149346525345f,0.34828846246557466f,-0.5932910228393781f,0.7257416269799952f,1.641140529592957f,0.05552432987950109f,-0.7598007434044292f,-0.6477807338239607f,0.21292105579587253f,0f,0f,0f,1f],start_interpolation:0}
execute if entity @s[tag=aj.sword_dance.bone.left_arm] run data modify entity @s {} merge value {transformation:[0.935741521845001f,0.3072686535763819f,-0.1731293701962758f,-0.27672663984053286f,0.34828846246557466f,-0.7277917091436347f,0.5907743858827607f,1.5027286601152452f,0.05552432987950109f,-0.6131110850662745f,-0.7880430484182243f,0.06658382576424154f,0f,0f,0f,1f],start_interpolation:0}
execute if entity @s[tag=aj.sword_dance.bone.head] run data modify entity @s {} merge value {transformation:[0.9996038675124748f,0.004797874992221873f,0.027732443990063f,0.0004310521615173827f,0.0007235105477872185f,0.9806559911250029f,-0.19573784407499106f,1.49631260636251f,-0.028135113054512717f,0.1956803706716575f,0.980264050114668f,0.12245418285024498f,0f,0f,0f,1f],start_interpolation:0}
execute if entity @s[tag=aj.sword_dance.bone.body_top] run data modify entity @s {} merge value {transformation:[0.9928664546881353f,0.007328486039051768f,0.1190062874279702f,-0.002454539216359251f,0.026946392023645314f,0.9584936245963586f,-0.2838377416148931f,1.1189057416776937f,-0.11614686871337196f,0.2850197622981786f,0.9514586906364187f,0.010227651445337146f,0f,0f,0f,1f],start_interpolation:0}
execute if entity @s[tag=aj.sword_dance.locator_origin.player_camera] at @s on origin run tp @s ^0.01 ^0.12255 ^-0.09474 ~173.62483 ~-9.47581
execute if entity @s[tag=aj.sword_dance.bone.body] run data modify entity @s {} merge value {transformation:[0.9939684123150552f,-0.005610375351678288f,0.10952314371082386f,0f,0.023706141881672523f,0.9860702666918711f,-0.16463124850194213f,0.6875f,-0.1070738724291529f,0.16623463187505635f,0.9802556977688984f,-0.06250000000000001f,0f,0f,0f,1f],start_interpolation:0}
execute if entity @s[tag=aj.sword_dance.bone.right_leg2] run data modify entity @s {} merge value {transformation:[0.99144486137381f,-0.11847457726943028f,0.05478011862251189f,0.1689743329464207f,0.13002950065172228f,0.933057465964793f,-0.3354043741032946f,0.42197517039292876f,-0.011376107230966041f,0.33965797465713776f,0.9404802201195306f,-0.15800624732418428f,0f,0f,0f,1f],start_interpolation:0}
execute if entity @s[tag=aj.sword_dance.bone.right_leg] run data modify entity @s {} merge value {transformation:[0.99144486137381f,-0.12236336124221411f,0.04543450980228679f,0.125f,0.13002950065172228f,0.9562430041240243f,-0.26209091175415655f,0.765625f,-0.011376107230966041f,0.2657565142933823f,0.9639730594238103f,-0.06250000000000001f,0f,0f,0f,1f],start_interpolation:0}
execute if entity @s[tag=aj.sword_dance.bone.left_leg2] run data modify entity @s {} merge value {transformation:[0.99144486137381f,0.12854320606947228f,-0.02266563541681227f,-0.16998047623593257f,-0.13002950065172225f,0.9575327197453833f,-0.25733911396690734f,0.41637837790346655f,-0.011376107230966041f,0.25808474342818166f,0.9660553034862338f,0.023996859061367927f,0f,0f,0f,1f],start_interpolation:0}
execute if entity @s[tag=aj.sword_dance.bone.left_leg] run data modify entity @s {} merge value {transformation:[0.99144486137381f,0.12516306430868196f,0.037030989567218064f,-0.125f,-0.13002950065172225f,0.9718166875729626f,0.19663330011719432f,0.765625f,-0.011376107230966041f,-0.19976619605823098f,0.9797775518436285f,-0.04779411764705883f,0f,0f,0f,1f],start_interpolation:0}