execute if entity @s[tag=aj.sword_dance.bone.right_arm2] run data modify entity @s {} merge value {transformation:[0.8320753436081565f,-0.5483749944962103f,-0.08327957715220274f,0.4131890573663488f,0.5355265439300707f,0.833359798005435f,-0.13683116536321152f,1.1317396677022338f,0.14443664114649907f,0.06925541480362185f,0.9870875058548233f,2.356321923552122f,0f,0f,0f,1f],start_interpolation:0}
execute if entity @s[tag=aj.sword_dance.bone.right_arm] run data modify entity @s {} merge value {transformation:[0.8320753436081565f,-0.5483749944962103f,-0.08327957715220274f,0.2760953087422962f,0.5355265439300707f,0.833359798005435f,-0.13683116536321152f,1.3400796172035925f,0.14443664114649907f,0.06925541480362185f,0.9870875058548233f,2.373635777253028f,0f,0f,0f,1f],start_interpolation:0}
execute if entity @s[tag=aj.sword_dance.locator_origin.irithyll_straight_sword0] at @s on origin run tp @s ^-1.59815 ^2.52316 ^2.18116 ~-69.47479 ~39.10422
execute if entity @s[tag=aj.sword_dance.locator_origin.irithyll_straight_sword1] at @s on origin run tp @s ^-1.18936 ^2.16838 ^2.3342 ~-69.47479 ~39.10422
execute if entity @s[tag=aj.sword_dance.locator_origin.irithyll_straight_sword2] at @s on origin run tp @s ^-0.78057 ^1.81359 ^2.48725 ~-69.47479 ~39.10422
execute if entity @s[tag=aj.sword_dance.locator_origin.slash0] at @s on origin run tp @s ^-1.68142 ^2.60052 ^2.2144 ~-69.47479 ~39.10422
execute if entity @s[tag=aj.sword_dance.bone.irithyll_slash] run data modify entity @s {} merge value {transformation:[0.07468180202967169f,-0.14488112866519748f,-0.22542335120252943f,-1.7271268761635865f,0.05208673473958919f,-0.3165578489439135f,0.19564400821706598f,2.7150281003853447f,-0.07873135698607482f,-0.34685606246207934f,-0.08439540206521957f,2.2813020307456946f,0f,0f,0f,1f],start_interpolation:0}
execute if entity @s[tag=aj.sword_dance.bone.irithyll_straight_sword] run data modify entity @s {} merge value {transformation:[-0.6204334322465028f,0.2948122825405809f,-0.7267379680559128f,-0.7056900993803414f,-0.43272056552889454f,0.644149744436037f,0.6307329220132251f,1.7345365249184026f,0.6540758888073902f,0.7058022561640054f,-0.2720806991953336f,2.505977269085409f,0f,0f,0f,1f],start_interpolation:0}
execute if entity @s[tag=aj.sword_dance.bone.left_arm2] run data modify entity @s {} merge value {transformation:[0.6204334322464863f,0.7131867433900807f,-0.32623155151440486f,-0.5499295921903441f,0.4327205655288952f,-0.6582300212542818f,-0.6160244729618621f,1.5422745225672072f,-0.6540758888074054f,0.24103507664287882f,-0.7169984822219386f,2.6220850556538546f,0f,0f,0f,1f],start_interpolation:0}
execute if entity @s[tag=aj.sword_dance.bone.left_arm] run data modify entity @s {} merge value {transformation:[0.6204334322464863f,0.6146767074798879f,-0.4870676559088366f,-0.31870623628956135f,0.4327205655288952f,-0.7862684285045097f,-0.4410610734415371f,1.3997974861321916f,-0.6540758888074054f,0.06288484410994735f,-0.7538104722422406f,2.5560467805804157f,0f,0f,0f,1f],start_interpolation:0}
execute if entity @s[tag=aj.sword_dance.bone.head] run data modify entity @s {} merge value {transformation:[0.9530176903671727f,-0.09079303780479821f,-0.28898772661377237f,-0.015855658373695684f,0.2594104030396209f,0.7372292275715521f,0.6238584044549486f,1.5101029429858803f,0.15640819876861123f,-0.669514518364187f,0.7261451542615495f,2.4382656000128575f,0f,0f,0f,1f],start_interpolation:0}
execute if entity @s[tag=aj.sword_dance.bone.body_top] run data modify entity @s {} merge value {transformation:[0.9518027172921483f,0.03817309243690047f,0.30432614473470176f,-0.030886313520725246f,-0.09245598425645936f,0.9817796918410039f,0.1660136369812818f,1.123527189323485f,-0.2924439746865236f,-0.18614900403275686f,0.937989909309882f,2.5115617703507556f,0f,0f,0f,1f],start_interpolation:0}
execute if entity @s[tag=aj.sword_dance.locator_origin.player_camera] at @s on origin run tp @s ^-0.08159 ^0.12843 ^2.61697 ~163.70059 ~1.40598
execute if entity @s[tag=aj.sword_dance.bone.body] run data modify entity @s {} merge value {transformation:[0.9574040021020495f,0.06824036879848086f,0.2805723236978764f,-0.060741474870060624f,-0.07822707285878201f,0.9966335755965372f,0.02453652513311764f,0.6875f,-0.27795341665632634f,-0.045439718968195895f,0.9595192182073092f,2.5314416473993413f,0f,0f,0f,1f],start_interpolation:0}
execute if entity @s[tag=aj.sword_dance.bone.right_leg2] run data modify entity @s {} merge value {transformation:[0.9219532128455603f,-0.08349218795111872f,0.37819482793248715f,0.13140495631917898f,0.052065145208770765f,0.9943418817148921f,0.09259288807504051f,0.4239559606674082f,-0.38378573967532736f,-0.06567554201392192f,0.9210837254034181f,2.5845813343155797f,0f,0f,0f,1f],start_interpolation:0}
execute if entity @s[tag=aj.sword_dance.bone.right_leg] run data modify entity @s {} merge value {transformation:[0.9219532128455603f,-0.163369432273479f,0.35115908349690983f,0.07269406659589746f,0.052065145208770765f,0.9507312398819946f,0.30561303991622296f,0.765625f,-0.38378573967532736f,-0.26347777536461475f,0.8850355743758413f,2.489894008793921f,0f,0f,0f,1f],start_interpolation:0}
execute if entity @s[tag=aj.sword_dance.bone.left_leg2] run data modify entity @s {} merge value {transformation:[0.9939986035623767f,0.10743478352228589f,-0.020604451110491237f,-0.23345831198362976f,-0.09678580519466166f,0.7759214454111119f,-0.623360584624944f,0.4431017209022393f,-0.050983173977951546f,0.621613769024344f,0.7816629952418644f,2.4194116024785632f,0f,0f,0f,1f],start_interpolation:0}
execute if entity @s[tag=aj.sword_dance.bone.left_leg] run data modify entity @s {} merge value {transformation:[0.9939986035623767f,0.10930447484552641f,0.004394074963941785f,-0.1941770163360187f,-0.09678580519466166f,0.8974560809676819f,-0.4303546103470376f,0.765625f,-0.050983173977951546f,0.4273465976381152f,0.9026492128497428f,2.572989286004761f,0f,0f,0f,1f],start_interpolation:0}