execute if entity @s[tag=aj.purple_fire.bone.bone5] run data modify entity @s {} merge value {transformation:[-0.825f,0f,1.0103336092965664e-16f,0f,0f,0.9f,0f,0.125f,-1.0103336092965664e-16f,0f,-0.825f,0f,0f,0f,0f,1f],start_interpolation:0}
execute if entity @s[tag=aj.purple_fire.bone.bone0] run data modify entity @s {} merge value {transformation:[-0.3758788741876865f,0.6191884487887654f,0.6894350852879183f,0.34375f,-0.1550542412658001f,0.691479328731935f,-0.7055597212156598f,0.19542592592592595f,-0.9136045392864924f,-0.37210482773406045f,-0.16390467648032728f,-0.21874999999999994f,0f,0f,0f,1f],start_interpolation:0}
execute if entity @s[tag=aj.purple_fire.bone.bone2] run data modify entity @s {} merge value {transformation:[-0.7410500392011757f,0.025775991960497593f,0.112607449302381f,0.24999999999999997f,0.11118485304184113f,0.35754527407377623f,0.6498456012327638f,0.09737875000000001f,-0.03134912844083762f,0.6587844679604707f,-0.3570997856622702f,0.3039712500000001f,0f,0f,0f,1f],start_interpolation:0}
execute if entity @s[tag=aj.purple_fire.bone.bone3] run data modify entity @s {} merge value {transformation:[-0.2775931852616246f,-0.29468773540255516f,0.9815667127008408f,0.34375f,-0.35292122465511194f,0.9822238731505407f,0.19507670692269335f,0.05031432870370371f,-0.9621645815903626f,-0.2752588799642622f,-0.3547448608740915f,0.15104687500000005f,0f,0f,0f,1f],start_interpolation:0}
execute if entity @s[tag=aj.purple_fire.bone.bone4] run data modify entity @s {} merge value {transformation:[0.6313637300498433f,0.46422191727448975f,0.6211906727402992f,0.34375f,0.07976872399146959f,0.7579074533422943f,-0.647466788986872f,0.08644395833333335f,-0.7713733149716299f,0.45833863429804245f,0.44148488678490866f,-0.09895312499999996f,0f,0f,0f,1f],start_interpolation:0}
execute if entity @s[tag=aj.purple_fire.bone.bone6] run data modify entity @s {} merge value {transformation:[0.294968687400958f,1.0258957915439704f,0.0422880009661264f,0.34766f,0.41736762201881267f,-0.07959982434579158f,-0.980165859808872f,0.1968640046296296f,-0.9381123164225604f,0.2871561762123082f,-0.42278078116183093f,0.06328125000000004f,0f,0f,0f,1f],start_interpolation:0}
execute if entity @s[tag=aj.purple_fire.bone.bone7] run data modify entity @s {} merge value {transformation:[-1.0026080717843466f,-0.05864988014287409f,-0.34454215320453496f,0.34471062500000005f,0.20066575444534798f,-0.953601048930023f,-0.42160448747037294f,0.08879877314814816f,-0.28615093703930106f,-0.46322487025364156f,0.9115439705207553f,-0.33024499999999996f,0f,0f,0f,1f],start_interpolation:0}
execute if entity @s[tag=aj.purple_fire.bone.bone8] run data modify entity @s {} merge value {transformation:[0.12526838872690133f,0.48858201970112397f,0.7911108513237202f,0.28516f,-0.514568324099159f,0.701305706477309f,-0.35163999227583664f,0.20256770833333332f,-0.7744599466022459f,-0.3869352069258341f,0.36159905284957955f,0.18828125000000004f,0f,0f,0f,1f],start_interpolation:0}
execute if entity @s[tag=aj.purple_fire.bone.bone9] run data modify entity @s {} merge value {transformation:[0.9446770696325368f,0.11043981928040246f,0.016806509282694376f,0.259059375f,-0.1110075234630693f,0.9120024472657176f,0.2466232840637981f,0.17824974537037036f,0.012519671383601346f,-0.24687802823485283f,0.9185797054854806f,-0.05571749999999997f,0f,0f,0f,1f],start_interpolation:0}
execute if entity @s[tag=aj.purple_fire.bone.bone55] run data modify entity @s {} merge value {transformation:[-0.01381662351520903f,-0.028276019923730987f,-0.5654211375698776f,0.39843f,0.00015175293861026845f,-0.5655896674568713f,0.02828073966454886f,0.6677791666666666f,-0.5661277003332261f,0.0005384813842020432f,0.013806960277855277f,0.13907812500000005f,0f,0f,0f,1f],start_interpolation:0}
execute if entity @s[tag=aj.purple_fire.bone.bone10] run data modify entity @s {} merge value {transformation:[0.8526140181634702f,0.37570488399457097f,0.15630177026870617f,0.22081962962962964f,-0.21279241059122833f,0.7209694889801895f,-0.5722389825674077f,0.2170253703703704f,-0.34684837211853764f,0.4812316524477934f,0.7352872708380379f,0.3479055555555556f,0f,0f,0f,1f],start_interpolation:0}
execute if entity @s[tag=aj.purple_fire.bone.bone11] run data modify entity @s {} merge value {transformation:[0.003468173493915703f,-0.6271951817445399f,0.48663635135249006f,-0.2967125f,0.6136013950574137f,0.3108759921257223f,0.3962956070814538f,0.3348110648148148f,-0.5036686037910505f,0.37441031530247115f,0.48614361668018663f,0.05269250000000003f,0f,0f,0f,1f],start_interpolation:0}
execute if entity @s[tag=aj.purple_fire.bone.bone12] run data modify entity @s {} merge value {transformation:[0.10153741538638432f,0.6436593765934262f,0.758546478602343f,-0.15104687499999997f,-0.2996695404412307f,0.7468608010127485f,-0.5936304493894642f,0.08380506944444444f,-0.9486244355952436f,-0.1670375731204139f,0.26871942497268025f,0.34375f,0f,0f,0f,1f],start_interpolation:0}
execute if entity @s[tag=aj.purple_fire.bone.bone13] run data modify entity @s {} merge value {transformation:[0.9230621874548182f,-0.5173243048447166f,0.0877713568926252f,0.09895312500000003f,-0.48027132971743536f,-0.9045080040926138f,-0.2803154825666223f,0.07658581018518518f,0.21134733810788425f,0.20399236145513527f,-1.0203388988592883f,0.34375f,0f,0f,0f,1f],start_interpolation:0}
execute if entity @s[tag=aj.purple_fire.bone.bone14] run data modify entity @s {} merge value {transformation:[0.8350005946196093f,-0.40679192428065897f,0.20539843147261808f,-0.06328124999999997f,0.3474700584113553f,0.2909305695805039f,-0.8363720108406589f,0.18186400462962962f,0.29484359212806777f,0.8091810133400786f,0.4039647536078059f,0.34766f,0f,0f,0f,1f],start_interpolation:0}
execute if entity @s[tag=aj.purple_fire.bone.bone15] run data modify entity @s {} merge value {transformation:[0.9254572552269524f,0.01320317781487354f,-0.3786219022235563f,0.33024500000000007f,-0.04073452128196457f,-0.9901310476068694f,-0.13409402425481914f,0.058761736111111115f,-0.376655767941664f,0.1395212695631447f,-0.9157861365055511f,0.34471062499999994f,0f,0f,0f,1f],start_interpolation:0}
execute if entity @s[tag=aj.purple_fire.bone.bone50] run data modify entity @s {} merge value {transformation:[0.09393945082091887f,-0.25982858152760646f,-0.5640403623188873f,0.33024500000000007f,-0.534367126104335f,-0.32445754149259787f,0.06046586501141299f,0.5760487731481481f,-0.3163924724807205f,0.4708433439201797f,-0.26959115595212957f,0.34471062499999994f,0f,0f,0f,1f],start_interpolation:0}
execute if entity @s[tag=aj.purple_fire.bone.bone16] run data modify entity @s {} merge value {transformation:[1.0128055228560895f,-0.01122549435721705f,0.018520247228863126f,-0.18828124999999998f,0.016107149288019196f,0.9695525078859504f,-0.2931766235610482f,0.17008622685185185f,-0.014476568059992263f,0.29340409188912003f,0.9695094152450013f,0.28516f,0f,0f,0f,1f],start_interpolation:0}
execute if entity @s[tag=aj.purple_fire.bone.bone17] run data modify entity @s {} merge value {transformation:[-0.09531844632337237f,0.6001801926407455f,-0.8023575626071766f,0.05571750000000003f,-0.17429486484359014f,0.7837611311141792f,0.6069755493959293f,0.23755511574074073f,0.986719424152766f,0.19642238629304282f,0.029707781527634144f,0.259059375f,0f,0f,0f,1f],start_interpolation:0}
execute if entity @s[tag=aj.purple_fire.bone.bone18] run data modify entity @s {} merge value {transformation:[-0.19454781744054003f,-0.8838853819420529f,0.31342630700566926f,-0.2187499999999999f,-0.17419336386047723f,-0.28047074352985835f,-0.8990723583870869f,0.24321759259259257f,0.9214912318199409f,-0.2396269292418908f,-0.10378398752220018f,-0.34375000000000006f,0f,0f,0f,1f],start_interpolation:0}
execute if entity @s[tag=aj.purple_fire.bone.bone19] run data modify entity @s {} merge value {transformation:[-0.03059984556847406f,0.6430387058620576f,-0.34856465992100893f,0.2944031250000001f,0.10852739778889046f,0.34899950060949436f,0.6343134890847808f,0.22223645833333333f,0.723338028387676f,-0.02515991393042926f,-0.10991599224251183f,-0.2812499999999999f,0f,0f,0f,1f],start_interpolation:0}
execute if entity @s[tag=aj.purple_fire.bone.bone20] run data modify entity @s {} merge value {transformation:[-0.22597342023904357f,-0.4083374315251353f,-0.9537130620598838f,0.1510468750000001f,0.7143729564427932f,0.6465631349871762f,-0.4460935338709289f,0.12368006944444443f,0.7523159853621133f,-0.7366062067846877f,0.1371276911408573f,-0.34374999999999994f,0f,0f,0f,1f],start_interpolation:0}
execute if entity @s[tag=aj.purple_fire.bone.bone21] run data modify entity @s {} merge value {transformation:[-0.8960468669102729f,0.1426690527756004f,0.42041117216410623f,-0.09895312499999988f,-0.12221580592380527f,0.83110162944877f,-0.5425250024745352f,0.08380506944444444f,-0.42680593843417836f,-0.5375087189132028f,-0.727269597886237f,-0.34375000000000006f,0f,0f,0f,1f],start_interpolation:0}
execute if entity @s[tag=aj.purple_fire.bone.bone22] run data modify entity @s {} merge value {transformation:[-0.8371302981661771f,-0.5584140221572924f,0.021591013663920626f,0.06328125000000012f,-0.5137579748714107f,0.7537351363653265f,-0.4254592995635223f,0.19767881944444443f,0.21987527207248128f,-0.3648789555279546f,-0.9119198104354321f,-0.34766f,0f,0f,0f,1f],start_interpolation:0}
execute if entity @s[tag=aj.purple_fire.bone.bone23] run data modify entity @s {} merge value {transformation:[-0.5448650997523315f,0.10296416154092503f,0.8321781086462531f,-0.3302449999999999f,0.5058159487732603f,-0.7511789487368414f,0.42412311059551944f,0.058761736111111115f,0.668784157287303f,0.652018840535139f,0.3572102777758847f,-0.3447106250000001f,0f,0f,0f,1f],start_interpolation:0}
execute if entity @s[tag=aj.purple_fire.bone.bone24] run data modify entity @s {} merge value {transformation:[-0.9980006130077167f,0.04524233573055879f,-0.044135105005711266f,0.18828125000000012f,0.050354784778155984f,0.9911780997388632f,-0.12259841046278616f,0.21199826388888887f,0.03819911106514594f,-0.12457570250935618f,-0.9914745192177826f,-0.28515999999999997f,0f,0f,0f,1f],start_interpolation:0}
execute if entity @s[tag=aj.purple_fire.bone.bone25] run data modify entity @s {} merge value {transformation:[0.01243388014533984f,-0.24518629279764154f,0.9122851241054213f,-0.05571749999999991f,-0.11024684272293926f,0.9057529366474819f,0.24493329426488716f,0.17824974537037036f,-0.938203655668383f,-0.10968302874180454f,-0.016691342422635216f,-0.259059375f,0f,0f,0f,1f],start_interpolation:0}
execute if entity @s[tag=aj.purple_fire.bone.bone51] run data modify entity @s {} merge value {transformation:[-0.09393945082091908f,0.3361010215808565f,-0.522195868803818f,0.3334656250000001f,-0.23133441076173616f,0.4711856548118007f,0.34488478021087066f,0.5251460879629629f,0.5763131201881405f,0.24392052909889494f,0.05331984158951238f,-0.3658468749999999f,0f,0f,0f,1f],start_interpolation:0}
execute if entity @s[tag=aj.purple_fire.bone.bone53] run data modify entity @s {} merge value {transformation:[-0.08469950483853361f,-0.44262883923197943f,-0.342924481131284f,-0.11785249999999986f,-0.20858020642451627f,0.3468055883093012f,-0.3961207853726541f,0.6034563425925926f,0.5196265837761922f,0.06706034444060494f,-0.21490141655069192f,-0.4100412500000001f,0f,0f,0f,1f],start_interpolation:0}
execute if entity @s[tag=aj.purple_fire.bone.bone26] run data modify entity @s {} merge value {transformation:[0.7671653800752368f,-0.35862293060313943f,-0.44742054586772356f,-0.34375f,-0.5693708449768246f,-0.38791177535379096f,-0.6653416919427082f,0.2444398148148148f,0.0679145942293166f,0.7989069531506311f,-0.5239022425063491f,0.21875f,0f,0f,0f,1f],start_interpolation:0}
execute if entity @s[tag=aj.purple_fire.bone.bone27] run data modify entity @s {} merge value {transformation:[0.6907102634514981f,0.17181481411713606f,-0.24154937745692975f,-0.07802625f,-0.26524515188761766f,0.6316767068081689f,-0.309154730860253f,0.5741199305555555f,0.13233080329254787f,0.3693390148130235f,0.6411118083252471f,-0.430465625f,0f,0f,0f,1f],start_interpolation:0}
execute if entity @s[tag=aj.purple_fire.bone.bone28] run data modify entity @s {} merge value {transformation:[0.9974903585471246f,0.07839585449626785f,-0.3553014550857408f,-0.34375f,-0.35533060793140936f,-0.013132179225321101f,-1.0004697668188707f,0.09709673611111111f,-0.07826361258809691f,1.058798226882398f,0.013898599859921971f,-0.151046875f,0f,0f,0f,1f],start_interpolation:0}
execute if entity @s[tag=aj.purple_fire.bone.bone29] run data modify entity @s {} merge value {transformation:[-0.502242181706981f,-0.5799450322562625f,-0.7340222066519587f,-0.34375f,-0.13521334659688014f,0.8693758554749681f,-0.5943694324256216f,0.057221736111111116f,0.9256577073621761f,-0.18767373513937985f,-0.48508599992429174f,0.098953125f,0f,0f,0f,1f],start_interpolation:0}
execute if entity @s[tag=aj.purple_fire.bone.bone30] run data modify entity @s {} merge value {transformation:[-0.37348754954395735f,-0.9327324289361049f,-0.1732362468157333f,-0.34766f,0.22222915847793734f,0.09497939680681404f,-0.9904981808002472f,0.17130844907407405f,0.9222877979904296f,-0.40060287200339123f,0.1685113868104965f,-0.06328125f,0f,0f,0f,1f],start_interpolation:0}
execute if entity @s[tag=aj.purple_fire.bone.bone56] run data modify entity @s {} merge value {transformation:[0.04920381094184944f,-0.08924448439399062f,-0.05304586491115934f,-0.4312632175925926f,0.01090327152056661f,0.06281922095092336f,-0.0955736414467469f,0.8517431712962962f,0.1032451473390929f,0.03589741320058175f,0.03537332422262798f,-0.22522907407407405f,0f,0f,0f,1f],start_interpolation:0}
execute if entity @s[tag=aj.purple_fire.bone.bone31] run data modify entity @s {} merge value {transformation:[0.06056352466905146f,0.8142037484387242f,0.5774117382838624f,-0.344710625f,0.9967157212928289f,-0.08048431455328209f,0.008946845176040497f,0.08534506944444445f,0.053757142849828854f,0.5749735047280169f,-0.8164040901743475f,0.330245f,0f,0f,0f,1f],start_interpolation:0}
execute if entity @s[tag=aj.purple_fire.bone.bone32] run data modify entity @s {} merge value {transformation:[0.0616366894746971f,-1.0043469488848171f,-0.023825467405108894f,-0.28516f,-0.2874848364363003f,0.005239058002280485f,-0.9645748022891517f,0.17090104166666664f,0.9626177410844385f,0.06587326208501361f,-0.28654375933264686f,-0.18828125f,0f,0f,0f,1f],start_interpolation:0}
execute if entity @s[tag=aj.purple_fire.bone.bone33] run data modify entity @s {} merge value {transformation:[-0.7164575704905928f,-0.14160931995752365f,0.05067346563337948f,-0.259059375f,-0.07748070929938031f,0.5589097921491624f,0.4664215195053269f,0.29367307870370374f,-0.12890981073833951f,0.4511087392994739f,-0.5619747467230687f,0.055718125f,0f,0f,0f,1f],start_interpolation:0}
execute if entity @s[tag=aj.purple_fire.bone.bone52] run data modify entity @s {} merge value {transformation:[-0.08602229031005176f,-0.26993459554712534f,-0.49033353433711374f,-0.384059375f,-0.5212713115759572f,0.2193383472314131f,-0.02929853853993401f,0.5957404861111111f,0.20388202592822421f,0.4468976378987748f,-0.2817909081975517f,0.0557175f,0f,0f,0f,1f],start_interpolation:0}
execute if entity @s[tag=aj.purple_fire.bone.bone34] run data modify entity @s {} merge value {transformation:[-0.8021771440454947f,0.3962151507979406f,0.048387848156109935f,-0.29025f,0.3541008864497859f,0.6562457560010562f,0.4967595695566197f,0.6028953935185185f,0.18422918277647932f,0.4638653490063333f,-0.7441132616777792f,0.03531687499999996f,0f,0f,0f,1f],start_interpolation:0}
execute if entity @s[tag=aj.purple_fire.bone.bone35] run data modify entity @s {} merge value {transformation:[-0.19567413888598403f,-0.7856923977890279f,0.5978951543109128f,0.10775437500000001f,-0.14005206205772253f,0.6254491310444117f,0.7760659330945301f,0.34113048611111113f,-0.9773313559920822f,0.06767842088163546f,-0.23091682498761268f,-0.142130625f,0f,0f,0f,1f],start_interpolation:0}
execute if entity @s[tag=aj.purple_fire.bone.bone36] run data modify entity @s {} merge value {transformation:[-0.7145282614352373f,-0.6203984816888438f,-0.09720733436829217f,-0.017245624999999976f,-0.6080895788542481f,0.7203261982704992f,-0.12748102015793253f,0.28381104166666665f,0.1567501388378165f,-0.033616518704669675f,-0.9376531885356005f,-0.204630625f,0f,0f,0f,1f],start_interpolation:0}
execute if entity @s[tag=aj.purple_fire.bone.bone37] run data modify entity @s {} merge value {transformation:[0.006089085227696667f,-0.7353994491025517f,-0.603361211570008f,-0.142245625f,-0.12469980113003651f,-0.598783702199777f,0.7285617447440764f,0.2846258564814815f,-0.943030784739127f,0.07443054860785857f,-0.10023577602190753f,0.04536937499999998f,0f,0f,0f,1f],start_interpolation:0}
execute if entity @s[tag=aj.purple_fire.bone.bone38] run data modify entity @s {} merge value {transformation:[-0.10449401237087443f,-0.9394461840639852f,0.10684590283547135f,-0.04393562499999999f,-0.04961515623239125f,0.11279651524807377f,0.9432441151400844f,0.2881837037037037f,-0.9441999343238409f,0.09804076561299632f,-0.06138949932477486f,-0.083453125f,0f,0f,0f,1f],start_interpolation:0}
execute if entity @s[tag=aj.purple_fire.bone.bone39] run data modify entity @s {} merge value {transformation:[-0.01820602455056933f,-0.13824086991708553f,-0.9475738884960738f,0.143564375f,0.9288648987159253f,-0.23299700428419468f,0.016145201546677406f,0.367642037037037f,-0.23284503904626366f,-0.9186621410965493f,0.13849667834423185f,0.10404687500000001f,0f,0f,0f,1f],start_interpolation:0}
execute if entity @s[tag=aj.purple_fire.bone.bone57] run data modify entity @s {} merge value {transformation:[-0.3765882905408257f,0.17403258531975974f,0.021383002675091783f,0.2504775f,-0.1654401105424744f,-0.3694534610569976f,0.09325783648382108f,0.6045206481481482f,0.05808737711565472f,0.07602705761023379f,0.40423886163986955f,0.12100812500000002f,0f,0f,0f,1f],start_interpolation:0}
execute if entity @s[tag=aj.purple_fire.bone.bone40] run data modify entity @s {} merge value {transformation:[0.044909719482065444f,-0.9201400777265681f,-0.26203745164064957f,-0.05816687500000002f,0.5164782817652376f,0.2441344930348101f,-0.7687566620071675f,0.3425142361111111f,0.805339414884065f,-0.10525615552983046f,0.5076296289246819f,0.147569375f,0f,0f,0f,1f],start_interpolation:0}
execute if entity @s[tag=aj.purple_fire.bone.bone41] run data modify entity @s {} merge value {transformation:[-0.40104686029859604f,-0.3149013320017561f,-0.4549098937070973f,0.081064375f,0.3954998145259f,-0.5560665559266094f,0.03625364167007499f,0.5016651851851852f,-0.3868924359548291f,-0.24201566256728768f,0.5086129240566932f,-0.02095312499999999f,0f,0f,0f,1f],start_interpolation:0}
execute if entity @s[tag=aj.purple_fire.bone.bone42] run data modify entity @s {} merge value {transformation:[-0.358862747222565f,0.09345046892208726f,0.5739590429277686f,-0.106435625f,-0.5750672654131471f,-0.15720217627039088f,-0.3339604175206137f,0.6331651851851852f,0.08636905319941232f,-0.658406356347309f,0.1612014299419895f,-0.020953125000000013f,0f,0f,0f,1f],start_interpolation:0}
execute if entity @s[tag=aj.purple_fire.bone.bone43] run data modify entity @s {} merge value {transformation:[0.23267017597079226f,0.47961073011754507f,-0.33213728982732615f,-0.22878812500000004f,-0.5305139819444117f,0.32269523546754825f,0.09433844652120109f,0.5455908796296296f,0.2426861073469398f,0.24559799487508935f,0.5246542868767304f,0.21929562499999997f,0f,0f,0f,1f],start_interpolation:0}
execute if entity @s[tag=aj.purple_fire.bone.bone44] run data modify entity @s {} merge value {transformation:[0.4257548075360612f,-0.21041761460472763f,0.4110161965762341f,0.021211874999999967f,0.23231456841856601f,-0.3855433451679614f,-0.43802204604471595f,0.7043732870370369f,0.39904865327981326f,0.44895188938767167f,-0.1835195244512497f,0.281795625f,0f,0f,0f,1f],start_interpolation:0}
execute if entity @s[tag=aj.purple_fire.bone.bone45] run data modify entity @s {} merge value {transformation:[0.008003329421102578f,0.25979203320359057f,-0.19934063353323242f,0.18291750000000004f,-0.18290384636972942f,0.16894224773717811f,0.2128317219964567f,0.5335884259259259f,0.27161511680435674f,0.10610965266535893f,0.14919320329660168f,-0.250405625f,0f,0f,0f,1f],start_interpolation:0}
execute if entity @s[tag=aj.purple_fire.bone.bone46] run data modify entity @s {} merge value {transformation:[-0.009397708652762793f,0.09948016783732186f,-0.3119423364252514f,0.07026812499999999f,0.21477024988127708f,0.23742645508707233f,0.06924637294493396f,1.0007977546296296f,0.24713976776981936f,-0.20254633200123212f,-0.07203860461471377f,0.08783375000000002f,0f,0f,0f,1f],start_interpolation:0}
execute if entity @s[tag=aj.purple_fire.bone.bone47] run data modify entity @s {} merge value {transformation:[-0.06701577377254662f,0.4916877824277547f,0.27284337242426554f,-0.25700125f,-0.2873180416938894f,-0.2661391716888951f,0.4090351811382976f,0.795827013888889f,0.48337224184034183f,-0.09002533589456067f,0.28095944531945577f,0.13126249999999998f,0f,0f,0f,1f],start_interpolation:0}
execute if entity @s[tag=aj.purple_fire.bone.bone48] run data modify entity @s {} merge value {transformation:[-0.7534890999991156f,-0.36938057790147844f,0.05154762839338058f,-0.27679999999999993f,-0.33047861153752134f,0.6073972856065617f,-0.47822318837055827f,0.6555709722222222f,0.17286716472495375f,-0.4488557889213865f,-0.6895581318880991f,-0.27911250000000004f,0f,0f,0f,1f],start_interpolation:0}
execute if entity @s[tag=aj.purple_fire.bone.bone49] run data modify entity @s {} merge value {transformation:[0.07232500724854801f,0.2768018750968998f,-0.15950691911213902f,0.12423324074074078f,-0.26981709110273516f,-0.03464196752479156f,-0.18245907324706626f,0.8561710879629629f,-0.17105692809899425f,0.17167789026010388f,0.22036077536731424f,-0.3087342361111111f,0f,0f,0f,1f],start_interpolation:0}
execute if entity @s[tag=aj.purple_fire.bone.bone54] run data modify entity @s {} merge value {transformation:[-0.2335108762139178f,-0.1797776796086852f,-0.14298705738504436f,-0.11723187499999999f,0.19590073009712264f,-0.04938616761417038f,-0.25783047215390975f,1.2496496064814815f,0.11995089250410491f,-0.2693206905126501f,0.14272628007681923f,-0.09966625000000001f,0f,0f,0f,1f],start_interpolation:0}
execute if entity @s[tag=aj.purple_fire.bone.bone58] run data modify entity @s {} merge value {transformation:[-0.08144453362997718f,0.2726809566668139f,-0.09951365478835361f,0.20434687500000004f,-0.2583954676902906f,-0.02101747613341221f,0.15388674943076272f,1.090797037037037f,0.1322484551712436f,0.12686388471318993f,0.23938877278721107f,-0.17847312499999998f,0f,0f,0f,1f],start_interpolation:0}