execute if entity @s[tag=aj.purple_fire.bone.bone5] run data modify entity @s {} merge value {transformation:[-0.8590424562682214f,0f,1.0520235944005575e-16f,0f,0f,0.92653972303207f,0f,0.125f,-1.0520235944005575e-16f,0f,-0.8590424562682214f,0f,0f,0f,0f,1f],start_interpolation:0}
execute if entity @s[tag=aj.purple_fire.bone.bone0] run data modify entity @s {} merge value {transformation:[-0.6377133084085532f,0.5124048751183454f,0.5751199702962593f,0.34375f,-0.18785736366796746f,0.6206372259817257f,-0.7612614824365077f,0.18955092592592593f,-0.7470149578116482f,-0.59350709994124f,-0.2995295897319667f,-0.21874999999999994f,0f,0f,0f,1f],start_interpolation:0}
execute if entity @s[tag=aj.purple_fire.bone.bone2] run data modify entity @s {} merge value {transformation:[-0.7451958988317853f,0.03076658491127403f,0.07897144811376425f,0.24999999999999997f,0.081584472009369f,0.4497013908499853f,0.5946533721375347f,0.09737875000000001f,-0.022957488783403104f,0.5994347973887454f,-0.45016761032783525f,0.3039712500000001f,0f,0f,0f,1f],start_interpolation:0}
execute if entity @s[tag=aj.purple_fire.bone.bone3] run data modify entity @s {} merge value {transformation:[-0.5375462676246858f,-0.13137780373670752f,0.8454477264483776f,0.34375f,-0.4190458356791942f,0.9109354845781398f,-0.12488036613077988f,0.04748099537037037f,-0.7459507846174154f,-0.4170544220246933f,-0.5390927668842845f,0.15104687500000005f,0f,0f,0f,1f],start_interpolation:0}
execute if entity @s[tag=aj.purple_fire.bone.bone4] run data modify entity @s {} merge value {transformation:[0.3778832396469053f,0.6824226725846467f,0.6257024477628219f,0.34375f,-0.02265143858285762f,0.6824237148424068f,-0.7306057663000041f,0.08019395833333334f,-0.9255761284324948f,0.2619106133075123f,0.2733343394321251f,-0.09895312499999996f,0f,0f,0f,1f],start_interpolation:0}
execute if entity @s[tag=aj.purple_fire.bone.bone6] run data modify entity @s {} merge value {transformation:[0.18049345142247514f,0.9881631935203076f,-0.1140251263897688f,0.34766f,0.1708993320374811f,-0.14496941322781834f,-0.9858110366699988f,0.1958640046296296f,-0.9799294080624372f,0.15672742160509825f,-0.19292740348191212f,0.06328125000000004f,0f,0f,0f,1f],start_interpolation:0}
execute if entity @s[tag=aj.purple_fire.bone.bone7] run data modify entity @s {} merge value {transformation:[-0.9566788679272125f,-0.16110448563020766f,-0.28250462594438236f,0.34471062500000005f,0.2560136785932657f,-0.914364165909069f,-0.3455331297910496f,0.08179877314814815f,-0.20055053064824646f,-0.3987248325849301f,0.9065296287741885f,-0.33024499999999996f,0f,0f,0f,1f],start_interpolation:0}
execute if entity @s[tag=aj.purple_fire.bone.bone8] run data modify entity @s {} merge value {transformation:[0.10728572620547551f,0.6109370559187056f,0.7710161374373513f,0.28516f,-0.6073126148618609f,0.6512734948771388f,-0.4315488619276278f,0.19631770833333334f,-0.7738742522613588f,-0.4264023289180844f,0.44555571269036737f,0.18828125000000004f,0f,0f,0f,1f],start_interpolation:0}
execute if entity @s[tag=aj.purple_fire.bone.bone9] run data modify entity @s {} merge value {transformation:[0.9561105261047961f,0.2544230669535254f,0.04894128495336456f,0.259059375f,-0.25527999943386875f,0.8931371949922466f,0.34411009475128684f,0.16916641203703703f,0.04425458462090076f,-0.34474416372530164f,0.927613431239915f,-0.05571749999999997f,0f,0f,0f,1f],start_interpolation:0}
execute if entity @s[tag=aj.purple_fire.bone.bone55] run data modify entity @s {} merge value {transformation:[-0.0457339821713069f,-0.1171070176597822f,-0.7017909488205967f,0.39843f,0.005199303009339074f,-0.7032755000166132f,0.11701591721439882f,0.6360291666666666f,-0.711475619174613f,0.0023883149167189385f,0.04596657295129691f,0.13907812500000005f,0f,0f,0f,1f],start_interpolation:0}
execute if entity @s[tag=aj.purple_fire.bone.bone10] run data modify entity @s {} merge value {transformation:[0.7266609844199529f,0.6048603514318566f,0.29386126172258725f,0.21891462962962965f,-0.26368499892932373f,0.6542942807972572f,-0.694705612190716f,0.20670703703703702f,-0.6186119197163135f,0.43161281437807886f,0.6413083060456698f,0.34408055555555556f,0f,0f,0f,1f],start_interpolation:0}
execute if entity @s[tag=aj.purple_fire.bone.bone11] run data modify entity @s {} merge value {transformation:[0.0024093726272696975f,-0.5440677879562783f,0.5208381324503294f,-0.2967125f,0.45395246774249115f,0.4166579359714233f,0.4331411370500123f,0.3451443981481482f,-0.6010068844335206f,0.31252892615378386f,0.3292481106447192f,0.05269250000000003f,0f,0f,0f,1f],start_interpolation:0}
execute if entity @s[tag=aj.purple_fire.bone.bone12] run data modify entity @s {} merge value {transformation:[0.07440700922801262f,0.6351466666530882f,0.7687992643188555f,-0.15104687499999997f,-0.2215573720346497f,0.7621974323152048f,-0.6082494595716536f,0.07963840277777778f,-0.9723044419701281f,-0.1250751214733759f,0.19743425770007084f,0.34375f,0f,0f,0f,1f],start_interpolation:0}
execute if entity @s[tag=aj.purple_fire.bone.bone13] run data modify entity @s {} merge value {transformation:[0.9760557365511602f,-0.2594153556995009f,-0.03188804919583681f,0.09895312500000003f,-0.2197234862016645f,-0.7476467264354258f,-0.6432293038803668f,0.07906414351851854f,0.14154421240588286f,0.628272250689409f,-0.7786123491550241f,0.34375f,0f,0f,0f,1f],start_interpolation:0}
execute if entity @s[tag=aj.purple_fire.bone.bone14] run data modify entity @s {} merge value {transformation:[0.9600522467881395f,-0.21210091812569543f,0.1207748668663969f,-0.06328124999999997f,0.1559958565689863f,0.1562206085896432f,-0.965678051259582f,0.16690567129629627f,0.18771963314919143f,0.9549251313487526f,0.18480534989067365f,0.34766f,0f,0f,0f,1f],start_interpolation:0}
execute if entity @s[tag=aj.purple_fire.bone.bone15] run data modify entity @s {} merge value {transformation:[0.761521638731836f,0.06188622098489532f,-0.6451781842215277f,0.33024500000000007f,0.024598030548643478f,-0.9974734954595439f,-0.06664505044523146f,0.05026173611111111f,-0.6476725489290919f,0.034881535343619076f,-0.761119930008251f,0.34471062499999994f,0f,0f,0f,1f],start_interpolation:0}
execute if entity @s[tag=aj.purple_fire.bone.bone50] run data modify entity @s {} merge value {transformation:[0.07936297587807921f,-0.3092637077670431f,-0.6491346194818627f,0.33024500000000007f,-0.5781114209974428f,-0.41577960596379304f,0.12740793251919844f,0.5555904398148148f,-0.4275593292912685f,0.5047787192569435f,-0.2927622612517314f,0.34471062499999994f,0f,0f,0f,1f],start_interpolation:0}
execute if entity @s[tag=aj.purple_fire.bone.bone16] run data modify entity @s {} merge value {transformation:[0.9773380302065041f,0.11548915611483257f,-0.1831605280944674f,-0.18828124999999998f,-0.18615509169036557f,0.8806511373097144f,-0.438035393219256f,0.16458622685185184f,0.1105974957660068f,0.46172608621874556f,0.8812788235032643f,0.28516f,0f,0f,0f,1f],start_interpolation:0}
execute if entity @s[tag=aj.purple_fire.bone.bone17] run data modify entity @s {} merge value {transformation:[-0.10436253965451278f,0.5893127078815115f,-0.8017831992157924f,0.05571750000000003f,-0.29717890131054836f,0.7509289374397047f,0.5906164046401206f,0.2455434490740741f,0.9496475487417457f,0.2997558492232097f,0.09671230492422757f,0.259059375f,0f,0f,0f,1f],start_interpolation:0}
execute if entity @s[tag=aj.purple_fire.bone.bone18] run data modify entity @s {} merge value {transformation:[-0.14788766532547112f,-0.9763989793252175f,0.0841160281109141f,-0.2187499999999999f,-0.1336483254819904f,-0.06418006230264756f,-0.9799593253123261f,0.23759259259259258f,0.9708597211277965f,-0.1575664537374722f,-0.12208787456645992f,-0.34375000000000006f,0f,0f,0f,1f],start_interpolation:0}
execute if entity @s[tag=aj.purple_fire.bone.bone19] run data modify entity @s {} merge value {transformation:[-0.022735282966042922f,0.5936328605843901f,-0.4458104324698473f,0.2944031250000001f,0.08079481489757462f,0.44534872553607924f,0.5888977148072158f,0.2289864583333333f,0.7379831385270431f,-0.030468794756083294f,-0.07820708249251505f,-0.2812499999999999f,0f,0f,0f,1f],start_interpolation:0}
execute if entity @s[tag=aj.purple_fire.bone.bone20] run data modify entity @s {} merge value {transformation:[-0.15802446704033324f,-0.4532972241461402f,-0.8891275891044349f,0.1510468750000001f,0.5268655300172451f,0.7266497984015207f,-0.46410209983506767f,0.12601340277777778f,0.8476077845353406f,-0.5361899592244112f,0.1227165291664422f,-0.34374999999999994f,0f,0f,0f,1f],start_interpolation:0}
execute if entity @s[tag=aj.purple_fire.bone.bone21] run data modify entity @s {} merge value {transformation:[-0.9759002124337743f,0.07613562603276558f,0.2045046254252281f,-0.09895312499999988f,-0.07607540756649994f,0.7596638638597966f,-0.6458508700227905f,0.07963840277777778f,-0.2045270342407205f,-0.645843773984238f,-0.7355640773382639f,-0.34375000000000006f,0f,0f,0f,1f],start_interpolation:0}
execute if entity @s[tag=aj.purple_fire.bone.bone22] run data modify entity @s {} merge value {transformation:[-0.8540949170643789f,-0.510354015203989f,0.10534684479588738f,0.06328125000000012f,-0.41221491737862287f,0.5379230037891934f,-0.7360400870764021f,0.1959288194444444f,0.3188072151533239f,-0.6717253360251263f,-0.6694657111507687f,-0.34766f,0f,0f,0f,1f],start_interpolation:0}
execute if entity @s[tag=aj.purple_fire.bone.bone23] run data modify entity @s {} merge value {transformation:[-0.4095169318739928f,0.018274800309144607f,0.9121194626704184f,-0.3302449999999999f,0.5083110473587656f,-0.8256586607212473f,0.24476040347456401f,0.05026173611111111f,0.7575722814633243f,0.5638739288614588f,0.3288319186283415f,-0.3447106250000001f,0f,0f,0f,1f],start_interpolation:0}
execute if entity @s[tag=aj.purple_fire.bone.bone24] run data modify entity @s {} merge value {transformation:[-0.9824967869848134f,-0.126665865023687f,0.13658631777128993f,0.18828125000000012f,-0.16564031789161054f,0.9295183868229187f,-0.32948270614234854f,0.21112326388888886f,-0.08522528177298627f,-0.3463399012471998f,-0.9342298026453637f,-0.28515999999999997f,0f,0f,0f,1f],start_interpolation:0}
execute if entity @s[tag=aj.purple_fire.bone.bone25] run data modify entity @s {} merge value {transformation:[0.044231419879081905f,-0.34456370988950735f,0.9271278787072986f,-0.05571749999999991f,-0.2551463749669551f,0.8926696887958101f,0.343929972814305f,0.16916641203703703f,-0.9556100569742545f,-0.2542898910417125f,-0.048915666992198306f,-0.259059375f,0f,0f,0f,1f],start_interpolation:0}
execute if entity @s[tag=aj.purple_fire.bone.bone51] run data modify entity @s {} merge value {transformation:[-0.07936297587807949f,0.3813073161928867f,-0.6096101424430699f,0.3334656250000001f,-0.1983649986234713f,0.5779012381139372f,0.387298029170554f,0.4945627546296296f,0.6911375568385734f,0.20965010540436874f,0.04115808454060347f,-0.3658468749999999f,0f,0f,0f,1f],start_interpolation:0}
execute if entity @s[tag=aj.purple_fire.bone.bone53] run data modify entity @s {} merge value {transformation:[-0.07821714548704845f,-0.5657691192326197f,-0.4267359469643154f,-0.11785249999999986f,-0.19550103540353383f,0.42989398712426896f,-0.5341223563449413f,0.5754563425925926f,0.6811590195137488f,0.05841789207145304f,-0.20230157334515206f,-0.4100412500000001f,0f,0f,0f,1f],start_interpolation:0}
execute if entity @s[tag=aj.purple_fire.bone.bone26] run data modify entity @s {} merge value {transformation:[0.8835674232751344f,-0.15983100248555632f,-0.41959968272068915f,-0.34375f,-0.4460490514104462f,-0.20625548956697837f,-0.8606974795636552f,0.23768981481481483f,0.05147899407216534f,0.9561453645946569f,-0.2558069379461194f,0.21875f,0f,0f,0f,1f],start_interpolation:0}
execute if entity @s[tag=aj.purple_fire.bone.bone27] run data modify entity @s {} merge value {transformation:[0.7116167497289558f,0.16938576441165198f,-0.13743013134047805f,-0.07802625f,-0.19577407317701193f,0.702765039219945f,-0.14754927516682442f,0.5479949305555556f,0.0961825891586554f,0.17721946604493993f,0.7164629418733867f,-0.430465625f,0f,0f,0f,1f],start_interpolation:0}
execute if entity @s[tag=aj.purple_fire.bone.bone28] run data modify entity @s {} merge value {transformation:[0.9774611217620707f,0.11434024175037077f,-0.22911577830595445f,-0.34375f,-0.25018215479698724f,0.23381003075915374f,-0.950652267785746f,0.09509673611111111f,-0.054558410656954034f,0.9763488894557684f,0.2544881160166753f,-0.151046875f,0f,0f,0f,1f],start_interpolation:0}
execute if entity @s[tag=aj.purple_fire.bone.bone29] run data modify entity @s {} merge value {transformation:[-0.24267114837760329f,-0.7042192162520154f,-0.682776672503634f,-0.34375f,-0.08706040836512516f,0.7160502315483894f,-0.7075948886922784f,0.04872173611111111f,0.9770000892267284f,-0.11110957055779275f,-0.23264450195538677f,0.098953125f,0f,0f,0f,1f],start_interpolation:0}
execute if entity @s[tag=aj.purple_fire.bone.bone30] run data modify entity @s {} merge value {transformation:[-0.18398683255478415f,-0.9844873236194146f,0.006861919799697608f,-0.34766f,0.08920133586624704f,-0.023621669519237654f,-0.997295677957645f,0.16468344907407406f,0.9804618799271761f,-0.1825931467114898f,0.09202051753745792f,-0.06328125f,0f,0f,0f,1f],start_interpolation:0}
execute if entity @s[tag=aj.purple_fire.bone.bone56] run data modify entity @s {} merge value {transformation:[0.06782454201671943f,-0.1873044967569595f,-0.08407678857782605f,-0.42151321759259264f,0.058159609635819016f,0.10244706113789513f,-0.18131218617052075f,0.7862431712962963f,0.19689931612361547f,0.03425893374795216f,0.08251687191854777f,-0.22147907407407408f,0f,0f,0f,1f],start_interpolation:0}
execute if entity @s[tag=aj.purple_fire.bone.bone31] run data modify entity @s {} merge value {transformation:[0.34096679991569245f,0.8093502802446784f,0.4782193693516738f,-0.344710625f,0.9392505451598976f,-0.31459975954712904f,-0.1372421389724135f,0.08117840277777777f,0.039370734970114396f,0.4959628163085907f,-0.867450765212161f,0.330245f,0f,0f,0f,1f],start_interpolation:0}
execute if entity @s[tag=aj.purple_fire.bone.bone32] run data modify entity @s {} merge value {transformation:[0.06713537087703195f,-0.9803702435673748f,-0.18816039275931704f,-0.28516f,-0.4306562638623747f,0.14169046329436802f,-0.8919059933120861f,0.16465104166666666f,0.9005916556751984f,0.14083786436027942f,-0.41247626791020525f,-0.18828125f,0f,0f,0f,1f],start_interpolation:0}
execute if entity @s[tag=aj.purple_fire.bone.bone33] run data modify entity @s {} merge value {transformation:[-0.7091595745586303f,-0.21979392287093694f,-0.021145619804842888f,-0.259059375f,-0.18421008380582773f,0.5496796450326676f,0.46430888513694707f,0.29459307870370366f,-0.12175036259566643f,0.4485607286219664f,-0.5793392183359058f,0.055718125f,0f,0f,0f,1f],start_interpolation:0}
execute if entity @s[tag=aj.purple_fire.bone.bone52] run data modify entity @s {} merge value {transformation:[-0.04136977665979547f,-0.3754956382408047f,-0.6046550701004473f,-0.384059375f,-0.6736630686150562f,0.21615892350310903f,-0.08814520027233702f,0.5535738194444444f,0.22974507202591313f,0.5662106781128692f,-0.3673402461311586f,0.0557175f,0f,0f,0f,1f],start_interpolation:0}
execute if entity @s[tag=aj.purple_fire.bone.bone34] run data modify entity @s {} merge value {transformation:[-0.8360858204419979f,0.512467511756002f,0.00668291564771487f,-0.29025f,0.4348991891459996f,0.7026474849754706f,0.5280684787495926f,0.5827287268518518f,0.2711647234562313f,0.45317841118412633f,-0.8263208405338979f,0.03531687499999996f,0f,0f,0f,1f],start_interpolation:0}
execute if entity @s[tag=aj.purple_fire.bone.bone35] run data modify entity @s {} merge value {transformation:[-0.42628699833589934f,-0.6795667463585914f,0.5979178356529085f,0.10775437500000001f,-0.227330170883352f,0.7201029146047789f,0.6563612508994874f,0.3425054861111111f,-0.8761493561912868f,0.1437989413027502f,-0.461217384781074f,-0.142130625f,0f,0f,0f,1f],start_interpolation:0}
execute if entity @s[tag=aj.purple_fire.bone.bone36] run data modify entity @s {} merge value {transformation:[-0.6805324036368681f,-0.6669378928189f,-0.27081945872079893f,-0.017245624999999976f,-0.648955857806858f,0.7297097659850189f,-0.16629382593340142f,0.26697770833333334f,0.3114572630678345f,0.06317585810805137f,-0.9382307118901614f,-0.204630625f,0f,0f,0f,1f],start_interpolation:0}
execute if entity @s[tag=aj.purple_fire.bone.bone37] run data modify entity @s {} merge value {transformation:[-0.01528683425481571f,-0.6913674670896208f,-0.7092608988572975f,-0.142245625f,-0.3316283221859094f,-0.6648313991030246f,0.6552064950763135f,0.26704252314814814f,-0.933307373335247f,0.2475558941251663f,-0.22119473470511256f,0.04536937499999998f,0f,0f,0f,1f],start_interpolation:0}
execute if entity @s[tag=aj.purple_fire.bone.bone38] run data modify entity @s {} merge value {transformation:[-0.23709199845063486f,-0.9600754467834907f,-0.05758650235496937f,-0.04393562499999999f,-0.1294784947403548f,-0.026910197047962357f,0.9817254428779595f,0.2694753703703704f,-0.9530458478844394f,0.2424967263235413f,-0.11904887253522971f,-0.083453125f,0f,0f,0f,1f],start_interpolation:0}
execute if entity @s[tag=aj.purple_fire.bone.bone39] run data modify entity @s {} merge value {transformation:[0.03792278695542552f,-0.17551261976138513f,-0.9747094013612108f,0.143564375f,0.8599319959541404f,-0.4780470551740468f,0.11953748341692363f,0.3491837037037037f,-0.49130444648075694f,-0.8502749954643017f,0.1339910725545545f,0.10404687500000001f,0f,0f,0f,1f],start_interpolation:0}
execute if entity @s[tag=aj.purple_fire.bone.bone57] run data modify entity @s {} merge value {transformation:[-0.474031381846305f,0.02720099871773249f,-0.03465369675990506f,0.2504775f,-0.027391188794199776f,-0.4752826782018f,0.0016194391781269015f,0.5840623148148149f,-0.03450356223363094f,0.003606310520332839f,0.4748084063315515f,0.12100812500000002f,0f,0f,0f,1f],start_interpolation:0}
execute if entity @s[tag=aj.purple_fire.bone.bone40] run data modify entity @s {} merge value {transformation:[-0.07107685830735068f,-0.8804712270690642f,-0.4494660533172159f,-0.05816687500000002f,0.849882221299199f,0.17574110404838253f,-0.4786611628650231f,0.32735256944444446f,0.5049252664509842f,-0.4197460151320715f,0.7424048711101312f,0.147569375f,0f,0f,0f,1f],start_interpolation:0}
execute if entity @s[tag=aj.purple_fire.bone.bone41] run data modify entity @s {} merge value {transformation:[-0.4004089946747927f,-0.217329902518671f,-0.5746460895477536f,0.081064375f,0.3525185892582214f,-0.6430415936952827f,-0.0024353198973569544f,0.4889568518518519f,-0.5031710037240751f,-0.27756620836628154f,0.4555806391433363f,-0.02095312499999999f,0f,0f,0f,1f],start_interpolation:0}
execute if entity @s[tag=aj.purple_fire.bone.bone42] run data modify entity @s {} merge value {transformation:[-0.538886226479134f,0.22264172866393978f,0.4447584438168545f,-0.106435625f,-0.4936905477872858f,-0.15979514553951796f,-0.5181823349606506f,0.6151651851851851f,-0.06040741439878923f,-0.6802014039218935f,0.2673102545098412f,-0.020953125000000013f,0f,0f,0f,1f],start_interpolation:0}
execute if entity @s[tag=aj.purple_fire.bone.bone43] run data modify entity @s {} merge value {transformation:[0.04850373444736914f,0.6892419579326526f,-0.21426896243210103f,-0.22878812500000004f,-0.7023424092625057f,0.09457187762336355f,0.14522250929534689f,0.5053825462962963f,0.16637549395239862f,0.1982926132760916f,0.6755127768030299f,0.21929562499999997f,0f,0f,0f,1f],start_interpolation:0}
execute if entity @s[tag=aj.purple_fire.bone.bone44] run data modify entity @s {} merge value {transformation:[0.3140501809210742f,-0.5001691468022947f,0.41775780727882456f,0.021211874999999967f,0.06436890205962653f,-0.4376608408516012f,-0.5723879016232034f,0.6755816203703704f,0.6484962647563863f,0.28566079546210094f,-0.14549495394989148f,0.281795625f,0f,0f,0f,1f],start_interpolation:0}
execute if entity @s[tag=aj.purple_fire.bone.bone45] run data modify entity @s {} merge value {transformation:[-0.11663291105157308f,0.44342075121605073f,0.06825360457183832f,0.18291750000000004f,-0.2432886773075828f,-0.12176395625567818f,0.37532374230430976f,0.5017134259259259f,0.37694977999725965f,0.05861168342897491f,0.2633577168264849f,-0.250405625f,0f,0f,0f,1f],start_interpolation:0}
execute if entity @s[tag=aj.purple_fire.bone.bone46] run data modify entity @s {} merge value {transformation:[0.12721317940487878f,0.3963875722917339f,-0.2039054992019276f,0.07026812499999999f,0.26535842991880604f,0.10303869754214816f,0.3658574634557338f,0.9497144212962962f,0.3581696019250489f,-0.21712593679222866f,-0.1986318627898577f,0.08783375000000002f,0f,0f,0f,1f],start_interpolation:0}
execute if entity @s[tag=aj.purple_fire.bone.bone47] run data modify entity @s {} merge value {transformation:[-0.1287024128889506f,0.5881283600497303f,0.38191217259823496f,-0.25700125f,-0.374078644675859f,-0.38601058293983453f,0.4683771813537127f,0.7706603472222222f,0.5931416720067489f,-0.11583198401387676f,0.3782619396203831f,0.13126249999999998f,0f,0f,0f,1f],start_interpolation:0}
execute if entity @s[tag=aj.purple_fire.bone.bone48] run data modify entity @s {} merge value {transformation:[-0.8765300967648407f,-0.4171161667993066f,-0.006832173442917745f,-0.27679999999999993f,-0.31934812546371333f,0.6811291441769303f,-0.6135286867372194f,0.6121126388888889f,0.268420099772937f,-0.551737961428555f,-0.7522456099509195f,-0.27911250000000004f,0f,0f,0f,1f],start_interpolation:0}
execute if entity @s[tag=aj.purple_fire.bone.bone49] run data modify entity @s {} merge value {transformation:[-0.0881088179940687f,0.4210810230084163f,-0.1726596691190313f,0.11710824074074078f,-0.3782327162472662f,-0.1655576756351965f,-0.21074729294798983f,0.8118377546296297f,-0.25310195897764765f,0.10082252321220872f,0.37504395777191313f,-0.3031092361111111f,0f,0f,0f,1f],start_interpolation:0}
execute if entity @s[tag=aj.purple_fire.bone.bone54] run data modify entity @s {} merge value {transformation:[-0.15895519386303555f,-0.1053557230218975f,-0.42251292413004093f,-0.11723187499999999f,0.39567525643092244f,0.1528576204953007f,-0.18697430944185386f,1.1747746064814815f,0.1818188408243444f,-0.42475695705834826f,0.03751252641776974f,-0.09966625000000001f,0f,0f,0f,1f],start_interpolation:0}
execute if entity @s[tag=aj.purple_fire.bone.bone58] run data modify entity @s {} merge value {transformation:[-0.30031785457493615f,0.3335429914892505f,0.10734717882763505f,0.20434687500000004f,-0.2939582816699426f,-0.31677668132111353f,0.16188335479344224f,1.0290053703703703f,0.19069051526362066f,0.03696978157802152f,0.4186114193245466f,-0.17847312499999998f,0f,0f,0f,1f],start_interpolation:0}