execute if entity @s[tag=aj.purple_fire.bone.bone5] run data modify entity @s {} merge value {transformation:[-0.8348350947521863f,0f,1.0223781266041423e-16f,0f,0f,0.9089194606413995f,0f,0.125f,-1.0223781266041423e-16f,0f,-0.8348350947521863f,0f,0f,0f,0f,1f],start_interpolation:0}
execute if entity @s[tag=aj.purple_fire.bone.bone0] run data modify entity @s {} merge value {transformation:[-0.4695467103996064f,0.590684749846959f,0.6562144566002368f,0.34375f,-0.17422761862119499f,0.6666376940445755f,-0.7247336902535431f,0.1935f,-0.8655464306797734f,-0.4546270022525793f,-0.2101039389453178f,-0.21874999999999994f,0f,0f,0f,1f],start_interpolation:0}
execute if entity @s[tag=aj.purple_fire.bone.bone2] run data modify entity @s {} merge value {transformation:[-0.7426154353856855f,0.02853284121803853f,0.10103559817685485f,0.24999999999999997f,0.10105303562126251f,0.38999480274401493f,0.6326075701605101f,0.09737875000000001f,-0.028471022437849415f,0.6399921333928121f,-0.38999932061051135f,0.3039712500000001f,0f,0f,0f,1f],start_interpolation:0}
execute if entity @s[tag=aj.purple_fire.bone.bone3] run data modify entity @s {} merge value {transformation:[-0.36549105610743f,-0.22997223776582099f,0.9483106335808201f,0.34375f,-0.39267743924812715f,0.961698880731432f,0.0818760740720054f,0.049235625000000005f,-0.8932999029502965f,-0.32865184109767565f,-0.42398968234156276f,0.15104687500000005f,0f,0f,0f,1f],start_interpolation:0}
execute if entity @s[tag=aj.purple_fire.bone.bone4] run data modify entity @s {} merge value {transformation:[0.5522681790045755f,0.5471665386918536f,0.6289742740326885f,0.34375f,0.034301607690189584f,0.7389143928941742f,-0.6729256420167851f,0.084360625f,-0.8329605381822355f,0.3932102477171855f,0.38931021425253026f,-0.09895312499999996f,0f,0f,0f,1f],start_interpolation:0}
execute if entity @s[tag=aj.purple_fire.bone.bone6] run data modify entity @s {} merge value {transformation:[0.2649108992249804f,1.0117931163570653f,-0.014591270139052257f,0.34766f,0.3256120324551377f,-0.09951584511239142f,-0.9890345802306415f,0.196984375f,-0.9580788171086172f,0.2459416318235385f,-0.34016715588623236f,0.06328125000000004f,0f,0f,0f,1f],start_interpolation:0}
execute if entity @s[tag=aj.purple_fire.bone.bone7] run data modify entity @s {} merge value {transformation:[-0.9859380939840033f,-0.09543486040417304f,-0.32339180918945176f,0.34471062500000005f,0.21992476421440355f,-0.9395593801258524f,-0.3932241972498174f,0.08640062500000001f,-0.2555839840765258f,-0.44032301624734577f,0.9091515101711102f,-0.33024499999999996f,0f,0f,0f,1f],start_interpolation:0}
execute if entity @s[tag=aj.purple_fire.bone.bone8] run data modify entity @s {} merge value {transformation:[0.12058219670876688f,0.5318087879975754f,0.7876568712614893f,0.28516f,-0.5472832500091765f,0.687967579614019f,-0.38071728836424223f,0.200484375f,-0.7769845417357294f,-0.4020497760334885f,0.39040363663155125f,0.18828125000000004f,0f,0f,0f,1f],start_interpolation:0}
execute if entity @s[tag=aj.purple_fire.bone.bone9] run data modify entity @s {} merge value {transformation:[0.9523918461537144f,0.15969226683053583f,0.024579489303991287f,0.259059375f,-0.1599044601982495f,0.9105238431486012f,0.2802372114238363f,0.174879375f,0.023158907327992195f,-0.2803581833519871f,0.9241314592843096f,-0.05571749999999997f,0f,0f,0f,1f],start_interpolation:0}
execute if entity @s[tag=aj.purple_fire.bone.bone55] run data modify entity @s {} merge value {transformation:[-0.023648387237454646f,-0.05537256472153126f,-0.6170693906338469f,0.39843f,0.0010896669002199888f,-0.6175215165003959f,0.05537137604482875f,0.6566124999999999f,-0.6195478725708886f,0.0010274897620422584f,0.02365117032357876f,0.13907812500000005f,0f,0f,0f,1f],start_interpolation:0}
execute if entity @s[tag=aj.purple_fire.bone.bone10] run data modify entity @s {} merge value {transformation:[0.820793969680239f,0.45932263186323324f,0.20190091429903884f,0.22002000000000002f,-0.2404326490101418f,0.6998435852093055f,-0.6146991927205951f,0.213615f,-0.4403787013770319f,0.4740102067462453f,0.7119163737924987f,0.3463f,0f,0f,0f,1f],start_interpolation:0}
execute if entity @s[tag=aj.purple_fire.bone.bone11] run data modify entity @s {} merge value {transformation:[0.003078780503757682f,-0.5957834185233176f,0.4972008038240477f,-0.2967125f,0.5579195547763028f,0.34727508208966773f,0.4126763716980009f,0.33987125000000007f,-0.5393443162848958f,0.35583442156750944f,0.42972732391470564f,0.05269250000000003f,0f,0f,0f,1f],start_interpolation:0}
execute if entity @s[tag=aj.purple_fire.bone.bone12] run data modify entity @s {} merge value {transformation:[0.0922386308146873f,0.6408108650500459f,0.7621374352564265f,-0.15104687499999997f,-0.27314142988610235f,0.7523237062655213f,-0.5995021269942962f,0.082485625f,-0.9575415365743709f,-0.15287405347122046f,0.24442530456168235f,0.34375f,0f,0f,0f,1f],start_interpolation:0}
execute if entity @s[tag=aj.purple_fire.bone.bone13] run data modify entity @s {} merge value {transformation:[0.9474282501059476f,-0.4327392954371957f,0.02967175568957729f,0.09895312500000003f,-0.38698564953605835f,-0.8754880374149603f,-0.4117363275161136f,0.07805562500000002f,0.19592298985656995f,0.3633474900530081f,-0.9567427990415407f,0.34375f,0f,0f,0f,1f],start_interpolation:0}
execute if entity @s[tag=aj.purple_fire.bone.bone14] run data modify entity @s {} merge value {transformation:[0.8845424913883955f,-0.34352362539017606f,0.18092014737778742f,-0.06328124999999997f,0.28054645038811576f,0.2543484114997938f,-0.8886824937750041f,0.17635937499999998f,0.26839200826969256f,0.8662877145419536f,0.3326669889403511f,0.34766f,0f,0f,0f,1f],start_interpolation:0}
execute if entity @s[tag=aj.purple_fire.bone.bone15] run data modify entity @s {} merge value {transformation:[0.8789454779931772f,0.02655235304705694f,-0.4761825482554033f,0.33024500000000007f,-0.02752917105090051f,-0.9939595895506383f,-0.10623784204122604f,0.055525624999999995f,-0.4761270749039541f,0.10648618167626576f,-0.8729053222746518f,0.34471062499999994f,0f,0f,0f,1f],start_interpolation:0}
execute if entity @s[tag=aj.purple_fire.bone.bone50] run data modify entity @s {} merge value {transformation:[0.08997811501835792f,-0.2770479872535686f,-0.5944681249457279f,0.33024500000000007f,-0.5522922890182349f,-0.35562592857348907f,0.08214271980670057f,0.569400625f,-0.35372470412559764f,0.48478718184889136f,-0.27947132591067064f,0.34471062499999994f,0f,0f,0f,1f],start_interpolation:0}
execute if entity @s[tag=aj.purple_fire.bone.bone16] run data modify entity @s {} merge value {transformation:[1.0061409913064752f,0.03203398977732208f,-0.0521356798341565f,-0.18828124999999998f,-0.04815641269851281f,0.9444003652355141f,-0.34907436178991735f,0.16810937499999998f,0.03775268902785298f,0.35092132115614466f,0.9441890493059067f,0.28516f,0f,0f,0f,1f],start_interpolation:0}
execute if entity @s[tag=aj.purple_fire.bone.bone17] run data modify entity @s {} merge value {transformation:[-0.0983896631551008f,0.5961787276223892f,-0.801814441697563f,0.05571750000000003f,-0.21697157949417264f,0.7737185630823338f,0.6019127169562151f,0.24148437499999997f,0.9753249755215078f,0.23226387982714342f,0.053015867922845135f,0.259059375f,0f,0f,0f,1f],start_interpolation:0}
execute if entity @s[tag=aj.purple_fire.bone.bone18] run data modify entity @s {} merge value {transformation:[-0.17915169107717388f,-0.9228796493231435f,0.23895151066561712f,-0.2187499999999999f,-0.160972154424237f,-0.21035802570725415f,-0.9331331451194764f,0.241875f,0.9396236677969582f,-0.2119968251784397f,-0.11430095813270164f,-0.34375000000000006f,0f,0f,0f,1f],start_interpolation:0}
execute if entity @s[tag=aj.purple_fire.bone.bone19] run data modify entity @s {} merge value {transformation:[-0.02786364062584212f,0.6263389678804321f,-0.3816793351041537f,0.2944031250000001f,0.09889723752800891f,0.3816749136188093f,0.6191119419970859f,0.22590312499999998f,0.7267729727641242f,-0.027924140605386904f,-0.09888017208241537f,-0.2812499999999999f,0f,0f,0f,1f],start_interpolation:0}
execute if entity @s[tag=aj.purple_fire.bone.bone20] run data modify entity @s {} merge value {transformation:[-0.201665693800773f,-0.42384220858767435f,-0.930297119292205f,0.1510468750000001f,0.6505478366704402f,0.6782494256333815f,-0.45003247530750284f,0.12523562500000002f,0.7885952448165428f,-0.6679068040134868f,0.13334931947792847f,-0.34374999999999994f,0f,0f,0f,1f],start_interpolation:0}
execute if entity @s[tag=aj.purple_fire.bone.bone21] run data modify entity @s {} merge value {transformation:[-0.9295229227665491f,0.12200040343931778f,0.3479986172561263f,-0.09895312499999988f,-0.11086857954836643f,0.8075731911130382f,-0.5792527074295224f,0.082485625f,-0.35170341784017356f,-0.5770107820103088f,-0.7371317815176555f,-0.34375000000000006f,0f,0f,0f,1f],start_interpolation:0}
execute if entity @s[tag=aj.purple_fire.bone.bone22] run data modify entity @s {} merge value {transformation:[-0.8427511217207151f,-0.5432264910630497f,0.05187992141284516f,0.06328125000000012f,-0.4811048590087666f,0.6945837763016136f,-0.5423167822746635f,0.197484375f,0.2575357479586696f,-0.4800774490703727f,-0.8433368137449309f,-0.34766f,0f,0f,0f,1f],start_interpolation:0}
execute if entity @s[tag=aj.purple_fire.bone.bone23] run data modify entity @s {} merge value {transformation:[-0.49974040236239314f,0.07590751741085618f,0.8628427313521244f,-0.3302449999999999f,0.508996277552056f,-0.7802764779599716f,0.36344381598884384f,0.055525624999999995f,0.7008440052428384f,0.6208112972094684f,0.3512990372492834f,-0.3447106250000001f,0f,0f,0f,1f],start_interpolation:0}
execute if entity @s[tag=aj.purple_fire.bone.bone24] run data modify entity @s {} merge value {transformation:[-0.9997418827186912f,-0.015987987801820647f,0.016141628918296406f,0.18828125000000012f,-0.018886373330188652f,0.9797543506862568f,-0.19931060487034818f,0.212109375f,-0.012628255640423481f,-0.19956401618879127f,-0.979803414263331f,-0.28515999999999997f,0f,0f,0f,1f],start_interpolation:0}
execute if entity @s[tag=aj.purple_fire.bone.bone25] run data modify entity @s {} merge value {transformation:[0.023063011231396164f,-0.27919727990125415f,0.9203048279829253f,-0.05571749999999991f,-0.15924232992827744f,0.9067535580838036f,0.27907680889206055f,0.174879375f,-0.948448194616846f,-0.15903101520804921f,-0.024477710880372074f,-0.259059375f,0f,0f,0f,1f],start_interpolation:0}
execute if entity @s[tag=aj.purple_fire.bone.bone51] run data modify entity @s {} merge value {transformation:[-0.08997811501835813f,0.35251155634303427f,-0.5530673932373477f,0.3334656250000001f,-0.22282897595052317f,0.5086094690817214f,0.3604270459292014f,0.5150581249999999f,0.6168429186548099f,0.2351510378565683f,0.049525782178523096f,-0.3658468749999999f,0f,0f,0f,1f],start_interpolation:0}
execute if entity @s[tag=aj.purple_fire.bone.bone53] run data modify entity @s {} merge value {transformation:[-0.08426953370299405f,-0.4872332733419336f,-0.3740352697781116f,-0.11785249999999986f,-0.20869179016514258f,0.37779142585333386f,-0.44510827364740496f,0.59386375f,0.5777078694350184f,0.06540165059239461f,-0.215351437637742f,-0.4100412500000001f,0f,0f,0f,1f],start_interpolation:0}
execute if entity @s[tag=aj.purple_fire.bone.bone26] run data modify entity @s {} merge value {transformation:[0.8097757986072456f,-0.28772753468014f,-0.4498622253278068f,-0.34375f,-0.5303398280519134f,-0.33772065741745527f,-0.738636869060426f,0.24262499999999998f,0.06247257615837883f,0.8625877481974867f,-0.43924885189118584f,0.21875f,0f,0f,0f,1f],start_interpolation:0}
execute if entity @s[tag=aj.purple_fire.bone.bone27] run data modify entity @s {} merge value {transformation:[0.6959387685434082f,0.17530573588301365f,-0.20360041602314977f,-0.07802625f,-0.2406916579844806f,0.6579983567748914f,-0.2561673052093582f,0.565314375f,0.11938490781906394f,0.3046671322083459f,0.6704037457659198f,-0.430465625f,0f,0f,0f,1f],start_interpolation:0}
execute if entity @s[tag=aj.purple_fire.bone.bone28] run data modify entity @s {} merge value {transformation:[0.9898587528454116f,0.09668369819443502f,-0.31079882869594905f,-0.34375f,-0.31792597094991715f,0.07394467193182798f,-0.9895550830996963f,0.09673562499999999f,-0.06976192665687304f,1.0348663913744331f,0.09974379977111032f,-0.151046875f,0f,0f,0f,1f],start_interpolation:0}
execute if entity @s[tag=aj.purple_fire.bone.bone29] run data modify entity @s {} merge value {transformation:[-0.41142852766869586f,-0.6261134701414561f,-0.7242047287389064f,-0.34375f,-0.12319266265100591f,0.8163244558517185f,-0.6357687870974409f,0.053985624999999995f,0.9493756550961924f,-0.16540950784588998f,-0.3963452538190105f,0.098953125f,0f,0f,0f,1f],start_interpolation:0}
execute if entity @s[tag=aj.purple_fire.bone.bone30] run data modify entity @s {} merge value {transformation:[-0.31143374880212704f,-0.9565990669390242f,-0.10986921879417118f,-0.34766f,0.17317435706298268f,0.05794501653797974f,-0.9953878726979928f,0.16885937499999998f,0.9471872371199243f,-0.32512243876699937f,0.14586205005868647f,-0.06328125f,0f,0f,0f,1f],start_interpolation:0}
execute if entity @s[tag=aj.purple_fire.bone.bone56] run data modify entity @s {} merge value {transformation:[0.0589436642274341f,-0.11967977308827413f,-0.0640811700968602f,-0.427170625f,0.0239821742489098f,0.07794180582311298f,-0.1235068023362563f,0.8284468749999999f,0.13362073104776234f,0.03880498445523943f,0.0504348432702055f,-0.223655f,0f,0f,0f,1f],start_interpolation:0}
execute if entity @s[tag=aj.purple_fire.bone.bone31] run data modify entity @s {} merge value {transformation:[0.15845730097816169f,0.8209249424048803f,0.5486105382730633f,-0.344710625f,0.9861579773898383f,-0.15905979482880306f,-0.04682334139510036f,0.08402562499999999f,0.048823430820655905f,0.5484361590983612f,-0.8347658665735787f,0.330245f,0f,0f,0f,1f],start_interpolation:0}
execute if entity @s[tag=aj.purple_fire.bone.bone32] run data modify entity @s {} merge value {transformation:[0.06551353690876581f,-0.9985880389788233f,-0.08090676665231118f,-0.28516f,-0.33736882829876447f,0.05435512901716927f,-0.9440570923635104f,0.16860937499999998f,0.9433484245887213f,0.08878878509110627f,-0.33200346604820674f,-0.18828125f,0f,0f,0f,1f],start_interpolation:0}
execute if entity @s[tag=aj.purple_fire.bone.bone33] run data modify entity @s {} merge value {transformation:[-0.7140708971917044f,-0.16788973242443217f,0.025918941534856316f,-0.259059375f,-0.1137342425542904f,0.5556616587581574f,0.4658976744487299f,0.295224375f,-0.12618746314288343f,0.4492317427927211f,-0.5665894151967349f,0.055718125f,0f,0f,0f,1f],start_interpolation:0}
execute if entity @s[tag=aj.purple_fire.bone.bone52] run data modify entity @s {} merge value {transformation:[-0.07450336727131777f,-0.30700577061068296f,-0.5334760585789919f,-0.384059375f,-0.5766540702017897f,0.22271304295686492f,-0.047633851582705236f,0.5807543749999999f,0.215219263972686f,0.49045525515446825f,-0.31230483682841176f,0.0557175f,0f,0f,0f,1f],start_interpolation:0}
execute if entity @s[tag=aj.purple_fire.bone.bone34] run data modify entity @s {} merge value {transformation:[-0.8179928141705547f,0.4368127400533068f,0.03558631889446594f,-0.29025f,0.38273407570183465f,0.6752873402511617f,0.5086114778425418f,0.596001875f,0.21350967955106553f,0.46299636955772594f,-0.7753915001561257f,0.03531687499999996f,0f,0f,0f,1f],start_interpolation:0}
execute if entity @s[tag=aj.purple_fire.bone.bone35] run data modify entity @s {} merge value {transformation:[-0.27397409495610137f,-0.7523925087552492f,0.6056894485311489f,0.10775437500000001f,-0.17800520994144978f,0.6581304342599369f,0.7370172838777441f,0.34239437500000003f,-0.949351536853807f,0.09373283453416421f,-0.3129885224788688f,-0.142130625f,0f,0f,0f,1f],start_interpolation:0}
execute if entity @s[tag=aj.purple_fire.bone.bone36] run data modify entity @s {} merge value {transformation:[-0.7061798151526298f,-0.6402992712178323f,-0.15647016312674566f,-0.017245624999999976f,-0.625006450027968f,0.7233067379682595f,-0.13910535659403203f,0.277519375f,0.2093633351244547f,-0.0004539687527637749f,-0.9430391231640056f,-0.204630625f,0f,0f,0f,1f],start_interpolation:0}
execute if entity @s[tag=aj.purple_fire.bone.bone37] run data modify entity @s {} merge value {transformation:[0.003176193733650974f,-0.7235452695367356f,-0.6400219955004508f,-0.142245625f,-0.19539122203231293f,-0.627277274648674f,0.708167699815553f,0.278019375f,-0.9460275800134401f,0.1271277453601081f,-0.1484127831878704f,0.04536937499999998f,0f,0f,0f,1f],start_interpolation:0}
execute if entity @s[tag=aj.purple_fire.bone.bone38] run data modify entity @s {} merge value {transformation:[-0.15036139444198074f,-0.9527716337621028f,0.05266559559861017f,-0.04393562499999999f,-0.07500191994876251f,0.06495082768375955f,0.9608913060212346f,0.281105f,-0.9512739684578058f,0.14547715931199592f,-0.08408467787325855f,-0.083453125f,0f,0f,0f,1f],start_interpolation:0}
execute if entity @s[tag=aj.purple_fire.bone.bone39] run data modify entity @s {} merge value {transformation:[0.002050715659353676f,-0.1475106928281875f,-0.9587160111663059f,0.143564375f,0.9147143180077066f,-0.318742526193595f,0.050999200262564465f,0.361355f,-0.3227901965626904f,-0.9041812857480922f,0.13842937371073466f,0.10404687500000001f,0f,0f,0f,1f],start_interpolation:0}
execute if entity @s[tag=aj.purple_fire.bone.bone57] run data modify entity @s {} merge value {transformation:[-0.4147202284605766f,0.1273353925350575f,0.012199586613893887f,0.2504775f,-0.12454569703391838f,-0.4113869471920202f,0.060042893254451044f,0.5978725f,0.02918049787002424f,0.05387464605890987f,0.4296533731464059f,0.12100812500000002f,0f,0f,0f,1f],start_interpolation:0}
execute if entity @s[tag=aj.purple_fire.bone.bone40] run data modify entity @s {} merge value {transformation:[0.019381681527883703f,-0.9174196540863149f,-0.31442889294290055f,-0.05816687500000002f,0.6440552473088891f,0.24730198942976683f,-0.6818611034792682f,0.336973125f,0.7250635757194244f,-0.19514841613558087f,0.6140846088648831f,0.147569375f,0f,0f,0f,1f],start_interpolation:0}
execute if entity @s[tag=aj.purple_fire.bone.bone41] run data modify entity @s {} merge value {transformation:[-0.40281226716506774f,-0.28475105370796566f,-0.49664787811239197f,0.081064375f,0.3821139463873169f,-0.5859281681083398f,0.026021410290686598f,0.49773f,-0.4262994363093257f,-0.2561347677091276f,0.49260914665984723f,-0.02095312499999999f,0f,0f,0f,1f],start_interpolation:0}
execute if entity @s[tag=aj.purple_fire.bone.bone42] run data modify entity @s {} merge value {transformation:[-0.423515869895668f,0.13484391030651774f,0.5407877844402214f,-0.106435625f,-0.5560170861241033f,-0.1490919708595757f,-0.39826697598880656f,0.62723f,0.038461771729561924f,-0.6705137612893973f,0.19731190546180372f,-0.020953125000000013f,0f,0f,0f,1f],start_interpolation:0}
execute if entity @s[tag=aj.purple_fire.bone.bone43] run data modify entity @s {} merge value {transformation:[0.1815494236030251f,0.5626944601228965f,-0.2977561944551476f,-0.22878812500000004f,-0.5970581183234202f,0.2579427798456053f,0.12341444676219437f,0.53158625f,0.2209194652662059f,0.23470080288001535f,0.5782336231956511f,0.21929562499999997f,0f,0f,0f,1f],start_interpolation:0}
execute if entity @s[tag=aj.purple_fire.bone.bone44] run data modify entity @s {} merge value {transformation:[0.41029127432266516f,-0.30959103697764845f,0.4172031400142954f,0.021211874999999967f,0.17226436801058123f,-0.4204721020989687f,-0.48142725189834173f,0.6950862499999999f,0.490132694000919f,0.4069405376459547f,-0.18003705477435136f,0.281795625f,0f,0f,0f,1f],start_interpolation:0}
execute if entity @s[tag=aj.purple_fire.bone.bone45] run data modify entity @s {} merge value {transformation:[-0.026492861828530636f,0.34852531407450144f,-0.13857934088963098f,0.18291750000000004f,-0.21150135794875466f,0.10084712757000797f,0.2940629736072043f,0.5220374999999999f,0.3097439327218003f,0.09867098008101824f,0.18894108561105544f,-0.250405625f,0f,0f,0f,1f],start_interpolation:0}
execute if entity @s[tag=aj.purple_fire.bone.bone46] run data modify entity @s {} merge value {transformation:[0.030329329613817076f,0.20339639748543473f,-0.31477934693229714f,0.07026812499999999f,0.24212916069677268f,0.2304164195730487f,0.17221423614618278f,0.9820431250000001f,0.28605873750936683f,-0.2165968122597464f,-0.11239314753784284f,0.08783375000000002f,0f,0f,0f,1f],start_interpolation:0}
execute if entity @s[tag=aj.purple_fire.bone.bone47] run data modify entity @s {} merge value {transformation:[-0.0862509075818828f,0.5295134330725503f,0.3107672845346231f,-0.25700125f,-0.3188147821784068f,-0.30681966268366695f,0.4343026931245256f,0.7873131250000001f,0.5247074571662163f,-0.09938419787070098f,0.3149680390258045f,0.13126249999999998f,0f,0f,0f,1f],start_interpolation:0}
execute if entity @s[tag=aj.purple_fire.bone.bone48] run data modify entity @s {} merge value {transformation:[-0.8006251020713872f,-0.3872251448461118f,0.03400195776846757f,-0.27679999999999993f,-0.33040882673263f,0.6369147171474178f,-0.5265640039902003f,0.6390987499999999f,0.2047668262935865f,-0.48630888361198227f,-0.7167106923785355f,-0.27911250000000004f,0f,0f,0f,1f],start_interpolation:0}
execute if entity @s[tag=aj.purple_fire.bone.bone49] run data modify entity @s {} merge value {transformation:[0.02977662929277141f,0.3332931146132415f,-0.1714790135829034f,0.12124250000000004f,-0.3173528974000345f,-0.06911288211767452f,-0.18943745151683092f,0.8404581250000001f,-0.1994404443932176f,0.15973449620164434f,0.2758340078080345f,-0.30637312499999997f,0f,0f,0f,1f],start_interpolation:0}
execute if entity @s[tag=aj.purple_fire.bone.bone54] run data modify entity @s {} merge value {transformation:[-0.22570947740284303f,-0.18414322470562208f,-0.23774462056069803f,-0.11723187499999999f,0.26558070548249924f,0.017376719665695057f,-0.26559544139363134f,1.222418125f,0.14106069858735806f,-0.3273611498157267f,0.11963509896920685f,-0.09966625000000001f,0f,0f,0f,1f],start_interpolation:0}
execute if entity @s[tag=aj.purple_fire.bone.bone58] run data modify entity @s {} merge value {transformation:[-0.14826339023270377f,0.3251354562627507f,-0.04364518527304033f,0.20434687500000004f,-0.28923723405553836f,-0.10695969635868034f,0.1857456481071917f,1.0688849999999999f,0.15478950078285933f,0.11156414493766315f,0.3052763535089499f,-0.17847312499999998f,0f,0f,0f,1f],start_interpolation:0}